NODE_1_length_25698_cov_36.651041	315	395	1	6	80	0.0750000
NODE_1_length_25698_cov_36.651041	315	395	3	74	80	0.9250000
NODE_1_length_25698_cov_36.651041	368	403	1	14	35	0.4000000
NODE_1_length_25698_cov_36.651041	368	403	3	21	35	0.6000000
NODE_1_length_25698_cov_36.651041	24448	24494	0	46	46	1.0000000
NODE_2_length_24307_cov_15.119712	2613	2689	0	76	76	1.0000000
NODE_2_length_24307_cov_15.119712	2662	2716	0	54	54	1.0000000
NODE_2_length_24307_cov_15.119712	11257	11320	0	63	63	1.0000000
NODE_2_length_24307_cov_15.119712	20621	20701	1	20	80	0.2500000
NODE_2_length_24307_cov_15.119712	20621	20701	3	7	80	0.0875000
NODE_2_length_24307_cov_15.119712	20621	20701	7	6	80	0.0750000
NODE_2_length_24307_cov_15.119712	20621	20701	9	6	80	0.0750000
NODE_2_length_24307_cov_15.119712	20621	20701	10	2	80	0.0250000
NODE_2_length_24307_cov_15.119712	20621	20701	11	39	80	0.4875000
NODE_2_length_24307_cov_15.119712	20674	20754	3	13	80	0.1625000
NODE_2_length_24307_cov_15.119712	20674	20754	8	4	80	0.0500000
NODE_2_length_24307_cov_15.119712	20674	20754	9	4	80	0.0500000
NODE_2_length_24307_cov_15.119712	20674	20754	10	29	80	0.3625000
NODE_2_length_24307_cov_15.119712	20674	20754	11	30	80	0.3750000
NODE_7_length_12349_cov_28.144571	12251	12310	6	34	59	0.5762712
NODE_7_length_12349_cov_28.144571	12251	12310	7	4	59	0.0677966
NODE_7_length_12349_cov_28.144571	12251	12310	10	6	59	0.1016949
NODE_7_length_12349_cov_28.144571	12251	12310	11	9	59	0.1525424
NODE_7_length_12349_cov_28.144571	12251	12310	12	4	59	0.0677966
NODE_7_length_12349_cov_28.144571	12251	12310	14	2	59	0.0338983
NODE_7_length_12349_cov_28.144571	12284	12310	6	26	26	1.0000000
NODE_10_length_11096_cov_14.154679	6455	6535	4	5	80	0.0625000
NODE_10_length_11096_cov_14.154679	6455	6535	5	29	80	0.3625000
NODE_10_length_11096_cov_14.154679	6455	6535	6	46	80	0.5750000
NODE_10_length_11096_cov_14.154679	6508	6588	3	18	80	0.2250000
NODE_10_length_11096_cov_14.154679	6508	6588	4	22	80	0.2750000
NODE_10_length_11096_cov_14.154679	6508	6588	5	40	80	0.5000000
NODE_10_length_11096_cov_14.154679	6584	6664	4	16	80	0.2000000
NODE_10_length_11096_cov_14.154679	6584	6664	5	33	80	0.4125000
NODE_10_length_11096_cov_14.154679	6584	6664	6	31	80	0.3875000
NODE_10_length_11096_cov_14.154679	6637	6717	4	1	80	0.0125000
NODE_10_length_11096_cov_14.154679	6637	6717	5	23	80	0.2875000
NODE_10_length_11096_cov_14.154679	6637	6717	6	56	80	0.7000000
NODE_10_length_11096_cov_14.154679	7182	7229	63	4	47	0.0851064
NODE_10_length_11096_cov_14.154679	7182	7229	64	2	47	0.0425532
NODE_10_length_11096_cov_14.154679	7182	7229	65	9	47	0.1914894
NODE_10_length_11096_cov_14.154679	7182	7229	66	2	47	0.0425532
NODE_10_length_11096_cov_14.154679	7182	7229	67	1	47	0.0212766
NODE_10_length_11096_cov_14.154679	7182	7229	68	4	47	0.0851064
NODE_10_length_11096_cov_14.154679	7182	7229	69	1	47	0.0212766
NODE_10_length_11096_cov_14.154679	7182	7229	70	6	47	0.1276596
NODE_10_length_11096_cov_14.154679	7182	7229	71	4	47	0.0851064
NODE_10_length_11096_cov_14.154679	7182	7229	72	3	47	0.0638298
NODE_10_length_11096_cov_14.154679	7182	7229	73	6	47	0.1276596
NODE_10_length_11096_cov_14.154679	7182	7229	74	3	47	0.0638298
NODE_10_length_11096_cov_14.154679	7182	7229	75	2	47	0.0425532
NODE_10_length_11096_cov_14.154679	7218	7282	59	3	64	0.0468750
NODE_10_length_11096_cov_14.154679	7218	7282	60	2	64	0.0312500
NODE_10_length_11096_cov_14.154679	7218	7282	61	6	64	0.0937500
NODE_10_length_11096_cov_14.154679	7218	7282	62	3	64	0.0468750
NODE_10_length_11096_cov_14.154679	7218	7282	63	4	64	0.0625000
NODE_10_length_11096_cov_14.154679	7218	7282	64	7	64	0.1093750
NODE_10_length_11096_cov_14.154679	7218	7282	65	12	64	0.1875000
NODE_10_length_11096_cov_14.154679	7218	7282	66	2	64	0.0312500
NODE_10_length_11096_cov_14.154679	7218	7282	67	1	64	0.0156250
NODE_10_length_11096_cov_14.154679	7218	7282	68	5	64	0.0781250
NODE_10_length_11096_cov_14.154679	7218	7282	69	3	64	0.0468750
NODE_10_length_11096_cov_14.154679	7218	7282	70	8	64	0.1250000
NODE_10_length_11096_cov_14.154679	7218	7282	71	3	64	0.0468750
NODE_10_length_11096_cov_14.154679	7218	7282	72	2	64	0.0312500
NODE_10_length_11096_cov_14.154679	7218	7282	73	2	64	0.0312500
NODE_10_length_11096_cov_14.154679	7218	7282	76	1	64	0.0156250
NODE_13_length_10749_cov_34.330235	3589	3669	5	7	80	0.0875000
NODE_13_length_10749_cov_34.330235	3589	3669	7	10	80	0.1250000
NODE_13_length_10749_cov_34.330235	3589	3669	8	13	80	0.1625000
NODE_13_length_10749_cov_34.330235	3589	3669	9	6	80	0.0750000
NODE_13_length_10749_cov_34.330235	3589	3669	10	1	80	0.0125000
NODE_13_length_10749_cov_34.330235	3589	3669	11	21	80	0.2625000
NODE_13_length_10749_cov_34.330235	3589	3669	12	16	80	0.2000000
NODE_13_length_10749_cov_34.330235	3589	3669	13	6	80	0.0750000
NODE_13_length_10749_cov_34.330235	3642	3722	11	7	80	0.0875000
NODE_13_length_10749_cov_34.330235	3642	3722	12	23	80	0.2875000
NODE_13_length_10749_cov_34.330235	3642	3722	13	6	80	0.0750000
NODE_13_length_10749_cov_34.330235	3642	3722	14	1	80	0.0125000
NODE_13_length_10749_cov_34.330235	3642	3722	16	1	80	0.0125000
NODE_13_length_10749_cov_34.330235	3642	3722	18	24	80	0.3000000
NODE_13_length_10749_cov_34.330235	3642	3722	19	18	80	0.2250000
NODE_13_length_10749_cov_34.330235	3718	3798	6	7	80	0.0875000
NODE_13_length_10749_cov_34.330235	3718	3798	7	1	80	0.0125000
NODE_13_length_10749_cov_34.330235	3718	3798	8	14	80	0.1750000
NODE_13_length_10749_cov_34.330235	3718	3798	9	1	80	0.0125000
NODE_13_length_10749_cov_34.330235	3718	3798	10	4	80	0.0500000
NODE_13_length_10749_cov_34.330235	3718	3798	12	2	80	0.0250000
NODE_13_length_10749_cov_34.330235	3718	3798	13	13	80	0.1625000
NODE_13_length_10749_cov_34.330235	3718	3798	14	10	80	0.1250000
NODE_13_length_10749_cov_34.330235	3718	3798	16	9	80	0.1125000
NODE_13_length_10749_cov_34.330235	3718	3798	17	5	80	0.0625000
NODE_13_length_10749_cov_34.330235	3718	3798	18	8	80	0.1000000
NODE_13_length_10749_cov_34.330235	3718	3798	19	6	80	0.0750000
NODE_13_length_10749_cov_34.330235	3771	3851	1	21	80	0.2625000
NODE_13_length_10749_cov_34.330235	3771	3851	2	24	80	0.3000000
NODE_13_length_10749_cov_34.330235	3771	3851	3	5	80	0.0625000
NODE_13_length_10749_cov_34.330235	3771	3851	4	3	80	0.0375000
NODE_13_length_10749_cov_34.330235	3771	3851	6	7	80	0.0875000
NODE_13_length_10749_cov_34.330235	3771	3851	7	1	80	0.0125000
NODE_13_length_10749_cov_34.330235	3771	3851	8	14	80	0.1750000
NODE_13_length_10749_cov_34.330235	3771	3851	9	1	80	0.0125000
NODE_13_length_10749_cov_34.330235	3771	3851	10	4	80	0.0500000
NODE_14_length_10557_cov_50.055938	423	503	2	39	80	0.4875000
NODE_14_length_10557_cov_50.055938	423	503	4	3	80	0.0375000
NODE_14_length_10557_cov_50.055938	423	503	6	38	80	0.4750000
NODE_14_length_10557_cov_50.055938	476	556	6	44	80	0.5500000
NODE_14_length_10557_cov_50.055938	476	556	7	31	80	0.3875000
NODE_14_length_10557_cov_50.055938	476	556	8	5	80	0.0625000
NODE_14_length_10557_cov_50.055938	1625	1696	5	30	71	0.4225352
NODE_14_length_10557_cov_50.055938	1625	1696	6	14	71	0.1971831
NODE_14_length_10557_cov_50.055938	1625	1696	7	8	71	0.1126761
NODE_14_length_10557_cov_50.055938	1625	1696	8	19	71	0.2676056
NODE_14_length_10557_cov_50.055938	1678	1733	6	6	55	0.1090909
NODE_14_length_10557_cov_50.055938	1678	1733	7	22	55	0.4000000
NODE_14_length_10557_cov_50.055938	1678	1733	8	27	55	0.4909091
NODE_14_length_10557_cov_50.055938	2428	2488	1	7	60	0.1166667
NODE_14_length_10557_cov_50.055938	2428	2488	2	22	60	0.3666667
NODE_14_length_10557_cov_50.055938	2428	2488	3	31	60	0.5166667
NODE_17_length_10101_cov_12.236253	923	966	8	43	43	1.0000000
NODE_17_length_10101_cov_12.236253	943	1007	2	2	64	0.0312500
NODE_17_length_10101_cov_12.236253	943	1007	3	15	64	0.2343750
NODE_17_length_10101_cov_12.236253	943	1007	4	11	64	0.1718750
NODE_17_length_10101_cov_12.236253	943	1007	6	13	64	0.2031250
NODE_17_length_10101_cov_12.236253	943	1007	8	23	64	0.3593750
NODE_17_length_10101_cov_12.236253	1715	1795	0	80	80	1.0000000
NODE_17_length_10101_cov_12.236253	1768	1820	0	51	52	0.9807692
NODE_17_length_10101_cov_12.236253	1768	1820	2	1	52	0.0192308
NODE_20_length_9442_cov_109.961147	2108	2188	8	8	80	0.1000000
NODE_20_length_9442_cov_109.961147	2108	2188	10	6	80	0.0750000
NODE_20_length_9442_cov_109.961147	2108	2188	12	8	80	0.1000000
NODE_20_length_9442_cov_109.961147	2108	2188	13	5	80	0.0625000
NODE_20_length_9442_cov_109.961147	2108	2188	14	1	80	0.0125000
NODE_20_length_9442_cov_109.961147	2108	2188	15	30	80	0.3750000
NODE_20_length_9442_cov_109.961147	2108	2188	16	19	80	0.2375000
NODE_20_length_9442_cov_109.961147	2108	2188	17	3	80	0.0375000
NODE_20_length_9442_cov_109.961147	2161	2241	8	6	80	0.0750000
NODE_20_length_9442_cov_109.961147	2161	2241	9	4	80	0.0500000
NODE_20_length_9442_cov_109.961147	2161	2241	11	6	80	0.0750000
NODE_20_length_9442_cov_109.961147	2161	2241	12	1	80	0.0125000
NODE_20_length_9442_cov_109.961147	2161	2241	14	5	80	0.0625000
NODE_20_length_9442_cov_109.961147	2161	2241	15	36	80	0.4500000
NODE_20_length_9442_cov_109.961147	2161	2241	16	19	80	0.2375000
NODE_20_length_9442_cov_109.961147	2161	2241	17	3	80	0.0375000
NODE_21_length_9414_cov_34.165217	2363	2443	21	3	80	0.0375000
NODE_21_length_9414_cov_34.165217	2363	2443	22	8	80	0.1000000
NODE_21_length_9414_cov_34.165217	2363	2443	23	6	80	0.0750000
NODE_21_length_9414_cov_34.165217	2363	2443	24	25	80	0.3125000
NODE_21_length_9414_cov_34.165217	2363	2443	25	3	80	0.0375000
NODE_21_length_9414_cov_34.165217	2363	2443	26	35	80	0.4375000
NODE_21_length_9414_cov_34.165217	2416	2484	3	3	68	0.0441176
NODE_21_length_9414_cov_34.165217	2416	2484	4	8	68	0.1176471
NODE_21_length_9414_cov_34.165217	2416	2484	5	3	68	0.0441176
NODE_21_length_9414_cov_34.165217	2416	2484	7	4	68	0.0588235
NODE_21_length_9414_cov_34.165217	2416	2484	10	4	68	0.0588235
NODE_21_length_9414_cov_34.165217	2416	2484	11	1	68	0.0147059
NODE_21_length_9414_cov_34.165217	2416	2484	13	3	68	0.0441176
NODE_21_length_9414_cov_34.165217	2416	2484	14	2	68	0.0294118
NODE_21_length_9414_cov_34.165217	2416	2484	15	6	68	0.0882353
NODE_21_length_9414_cov_34.165217	2416	2484	16	1	68	0.0147059
NODE_21_length_9414_cov_34.165217	2416	2484	19	2	68	0.0294118
NODE_21_length_9414_cov_34.165217	2416	2484	21	7	68	0.1029412
NODE_21_length_9414_cov_34.165217	2416	2484	22	8	68	0.1176471
NODE_21_length_9414_cov_34.165217	2416	2484	23	6	68	0.0882353
NODE_21_length_9414_cov_34.165217	2416	2484	24	10	68	0.1470588
NODE_21_length_9414_cov_34.165217	5899	5975	14	18	76	0.2368421
NODE_21_length_9414_cov_34.165217	5899	5975	15	27	76	0.3552631
NODE_21_length_9414_cov_34.165217	5899	5975	16	21	76	0.2763158
NODE_21_length_9414_cov_34.165217	5899	5975	17	10	76	0.1315790
NODE_24_length_9168_cov_47.407542	470	550	30	4	80	0.0500000
NODE_24_length_9168_cov_47.407542	470	550	32	1	80	0.0125000
NODE_24_length_9168_cov_47.407542	470	550	33	3	80	0.0375000
NODE_24_length_9168_cov_47.407542	470	550	35	3	80	0.0375000
NODE_24_length_9168_cov_47.407542	470	550	36	2	80	0.0250000
NODE_24_length_9168_cov_47.407542	470	550	37	5	80	0.0625000
NODE_24_length_9168_cov_47.407542	470	550	39	9	80	0.1125000
NODE_24_length_9168_cov_47.407542	470	550	40	5	80	0.0625000
NODE_24_length_9168_cov_47.407542	470	550	41	7	80	0.0875000
NODE_24_length_9168_cov_47.407542	470	550	42	7	80	0.0875000
NODE_24_length_9168_cov_47.407542	470	550	43	2	80	0.0250000
NODE_24_length_9168_cov_47.407542	470	550	44	9	80	0.1125000
NODE_24_length_9168_cov_47.407542	470	550	45	8	80	0.1000000
NODE_24_length_9168_cov_47.407542	470	550	46	13	80	0.1625000
NODE_24_length_9168_cov_47.407542	470	550	47	1	80	0.0125000
NODE_24_length_9168_cov_47.407542	470	550	48	1	80	0.0125000
NODE_24_length_9168_cov_47.407542	523	603	41	3	80	0.0375000
NODE_24_length_9168_cov_47.407542	523	603	42	1	80	0.0125000
NODE_24_length_9168_cov_47.407542	523	603	43	8	80	0.1000000
NODE_24_length_9168_cov_47.407542	523	603	44	8	80	0.1000000
NODE_24_length_9168_cov_47.407542	523	603	45	11	80	0.1375000
NODE_24_length_9168_cov_47.407542	523	603	46	14	80	0.1750000
NODE_24_length_9168_cov_47.407542	523	603	47	18	80	0.2250000
NODE_24_length_9168_cov_47.407542	523	603	48	7	80	0.0875000
NODE_24_length_9168_cov_47.407542	523	603	49	6	80	0.0750000
NODE_24_length_9168_cov_47.407542	523	603	50	3	80	0.0375000
NODE_24_length_9168_cov_47.407542	523	603	51	1	80	0.0125000
NODE_27_length_9108_cov_47.430347	4786	4866	31	1	80	0.0125000
NODE_27_length_9108_cov_47.430347	4786	4866	32	8	80	0.1000000
NODE_27_length_9108_cov_47.430347	4786	4866	33	6	80	0.0750000
NODE_27_length_9108_cov_47.430347	4786	4866	34	15	80	0.1875000
NODE_27_length_9108_cov_47.430347	4786	4866	35	5	80	0.0625000
NODE_27_length_9108_cov_47.430347	4786	4866	36	5	80	0.0625000
NODE_27_length_9108_cov_47.430347	4786	4866	37	5	80	0.0625000
NODE_27_length_9108_cov_47.430347	4786	4866	39	2	80	0.0250000
NODE_27_length_9108_cov_47.430347	4786	4866	40	3	80	0.0375000
NODE_27_length_9108_cov_47.430347	4786	4866	41	3	80	0.0375000
NODE_27_length_9108_cov_47.430347	4786	4866	42	2	80	0.0250000
NODE_27_length_9108_cov_47.430347	4786	4866	43	17	80	0.2125000
NODE_27_length_9108_cov_47.430347	4786	4866	44	5	80	0.0625000
NODE_27_length_9108_cov_47.430347	4786	4866	45	2	80	0.0250000
NODE_27_length_9108_cov_47.430347	4786	4866	46	1	80	0.0125000
NODE_27_length_9108_cov_47.430347	4839	4902	39	3	63	0.0476190
NODE_27_length_9108_cov_47.430347	4839	4902	40	1	63	0.0158730
NODE_27_length_9108_cov_47.430347	4839	4902	41	4	63	0.0634921
NODE_27_length_9108_cov_47.430347	4839	4902	43	29	63	0.4603175
NODE_27_length_9108_cov_47.430347	4839	4902	44	8	63	0.1269841
NODE_27_length_9108_cov_47.430347	4839	4902	45	7	63	0.1111111
NODE_27_length_9108_cov_47.430347	4839	4902	46	2	63	0.0317460
NODE_27_length_9108_cov_47.430347	4839	4902	47	8	63	0.1269841
NODE_27_length_9108_cov_47.430347	4839	4902	49	1	63	0.0158730
NODE_27_length_9108_cov_47.430347	4895	4963	32	8	68	0.1176471
NODE_27_length_9108_cov_47.430347	4895	4963	34	3	68	0.0441176
NODE_27_length_9108_cov_47.430347	4895	4963	35	4	68	0.0588235
NODE_27_length_9108_cov_47.430347	4895	4963	36	1	68	0.0147059
NODE_27_length_9108_cov_47.430347	4895	4963	38	20	68	0.2941177
NODE_27_length_9108_cov_47.430347	4895	4963	39	11	68	0.1617647
NODE_27_length_9108_cov_47.430347	4895	4963	40	1	68	0.0147059
NODE_27_length_9108_cov_47.430347	4895	4963	41	9	68	0.1323529
NODE_27_length_9108_cov_47.430347	4895	4963	42	2	68	0.0294118
NODE_27_length_9108_cov_47.430347	4895	4963	43	9	68	0.1323529
NODE_27_length_9108_cov_47.430347	4936	5016	3	1	80	0.0125000
NODE_27_length_9108_cov_47.430347	4936	5016	4	1	80	0.0125000
NODE_27_length_9108_cov_47.430347	4936	5016	5	1	80	0.0125000
NODE_27_length_9108_cov_47.430347	4936	5016	6	1	80	0.0125000
NODE_27_length_9108_cov_47.430347	4936	5016	7	2	80	0.0250000
NODE_27_length_9108_cov_47.430347	4936	5016	8	1	80	0.0125000
NODE_27_length_9108_cov_47.430347	4936	5016	10	6	80	0.0750000
NODE_27_length_9108_cov_47.430347	4936	5016	11	2	80	0.0250000
NODE_27_length_9108_cov_47.430347	4936	5016	13	3	80	0.0375000
NODE_27_length_9108_cov_47.430347	4936	5016	14	6	80	0.0750000
NODE_27_length_9108_cov_47.430347	4936	5016	15	4	80	0.0500000
NODE_27_length_9108_cov_47.430347	4936	5016	16	5	80	0.0625000
NODE_27_length_9108_cov_47.430347	4936	5016	17	2	80	0.0250000
NODE_27_length_9108_cov_47.430347	4936	5016	19	2	80	0.0250000
NODE_27_length_9108_cov_47.430347	4936	5016	21	4	80	0.0500000
NODE_27_length_9108_cov_47.430347	4936	5016	23	1	80	0.0125000
NODE_27_length_9108_cov_47.430347	4936	5016	24	1	80	0.0125000
NODE_27_length_9108_cov_47.430347	4936	5016	27	5	80	0.0625000
NODE_27_length_9108_cov_47.430347	4936	5016	29	1	80	0.0125000
NODE_27_length_9108_cov_47.430347	4936	5016	32	12	80	0.1500000
NODE_27_length_9108_cov_47.430347	4936	5016	34	3	80	0.0375000
NODE_27_length_9108_cov_47.430347	4936	5016	35	4	80	0.0500000
NODE_27_length_9108_cov_47.430347	4936	5016	36	1	80	0.0125000
NODE_27_length_9108_cov_47.430347	4936	5016	38	11	80	0.1375000
NODE_28_length_9108_cov_26.469974	44	120	0	76	76	1.0000000
NODE_28_length_9108_cov_26.469974	7711	7791	6	1	80	0.0125000
NODE_28_length_9108_cov_26.469974	7711	7791	18	2	80	0.0250000
NODE_28_length_9108_cov_26.469974	7711	7791	19	2	80	0.0250000
NODE_28_length_9108_cov_26.469974	7711	7791	20	2	80	0.0250000
NODE_28_length_9108_cov_26.469974	7711	7791	21	2	80	0.0250000
NODE_28_length_9108_cov_26.469974	7711	7791	22	1	80	0.0125000
NODE_28_length_9108_cov_26.469974	7711	7791	23	1	80	0.0125000
NODE_28_length_9108_cov_26.469974	7711	7791	24	2	80	0.0250000
NODE_28_length_9108_cov_26.469974	7711	7791	25	2	80	0.0250000
NODE_28_length_9108_cov_26.469974	7711	7791	26	2	80	0.0250000
NODE_28_length_9108_cov_26.469974	7711	7791	27	1	80	0.0125000
NODE_28_length_9108_cov_26.469974	7711	7791	28	1	80	0.0125000
NODE_28_length_9108_cov_26.469974	7711	7791	29	7	80	0.0875000
NODE_28_length_9108_cov_26.469974	7711	7791	31	1	80	0.0125000
NODE_28_length_9108_cov_26.469974	7711	7791	33	1	80	0.0125000
NODE_28_length_9108_cov_26.469974	7711	7791	36	1	80	0.0125000
NODE_28_length_9108_cov_26.469974	7711	7791	37	1	80	0.0125000
NODE_28_length_9108_cov_26.469974	7711	7791	39	1	80	0.0125000
NODE_28_length_9108_cov_26.469974	7711	7791	50	3	80	0.0375000
NODE_28_length_9108_cov_26.469974	7711	7791	51	7	80	0.0875000
NODE_28_length_9108_cov_26.469974	7711	7791	52	1	80	0.0125000
NODE_28_length_9108_cov_26.469974	7711	7791	54	2	80	0.0250000
NODE_28_length_9108_cov_26.469974	7711	7791	55	2	80	0.0250000
NODE_28_length_9108_cov_26.469974	7711	7791	56	3	80	0.0375000
NODE_28_length_9108_cov_26.469974	7711	7791	57	1	80	0.0125000
NODE_28_length_9108_cov_26.469974	7711	7791	58	7	80	0.0875000
NODE_28_length_9108_cov_26.469974	7711	7791	59	1	80	0.0125000
NODE_28_length_9108_cov_26.469974	7711	7791	60	1	80	0.0125000
NODE_28_length_9108_cov_26.469974	7711	7791	62	1	80	0.0125000
NODE_28_length_9108_cov_26.469974	7711	7791	64	1	80	0.0125000
NODE_28_length_9108_cov_26.469974	7711	7791	65	1	80	0.0125000
NODE_28_length_9108_cov_26.469974	7711	7791	67	1	80	0.0125000
NODE_28_length_9108_cov_26.469974	7711	7791	71	1	80	0.0125000
NODE_28_length_9108_cov_26.469974	7711	7791	72	2	80	0.0250000
NODE_28_length_9108_cov_26.469974	7711	7791	74	1	80	0.0125000
NODE_28_length_9108_cov_26.469974	7711	7791	76	5	80	0.0625000
NODE_28_length_9108_cov_26.469974	7711	7791	78	1	80	0.0125000
NODE_28_length_9108_cov_26.469974	7711	7791	80	3	80	0.0375000
NODE_28_length_9108_cov_26.469974	7711	7791	81	1	80	0.0125000
NODE_28_length_9108_cov_26.469974	7711	7791	83	2	80	0.0250000
NODE_28_length_9108_cov_26.469974	7711	7791	84	1	80	0.0125000
NODE_28_length_9108_cov_26.469974	8144	8224	11	1	80	0.0125000
NODE_28_length_9108_cov_26.469974	8144	8224	18	3	80	0.0375000
NODE_28_length_9108_cov_26.469974	8144	8224	21	1	80	0.0125000
NODE_28_length_9108_cov_26.469974	8144	8224	22	2	80	0.0250000
NODE_28_length_9108_cov_26.469974	8144	8224	24	1	80	0.0125000
NODE_28_length_9108_cov_26.469974	8144	8224	26	8	80	0.1000000
NODE_28_length_9108_cov_26.469974	8144	8224	27	3	80	0.0375000
NODE_28_length_9108_cov_26.469974	8144	8224	29	1	80	0.0125000
NODE_28_length_9108_cov_26.469974	8144	8224	30	1	80	0.0125000
NODE_28_length_9108_cov_26.469974	8144	8224	31	2	80	0.0250000
NODE_28_length_9108_cov_26.469974	8144	8224	32	6	80	0.0750000
NODE_28_length_9108_cov_26.469974	8144	8224	34	6	80	0.0750000
NODE_28_length_9108_cov_26.469974	8144	8224	35	1	80	0.0125000
NODE_28_length_9108_cov_26.469974	8144	8224	36	3	80	0.0375000
NODE_28_length_9108_cov_26.469974	8144	8224	39	2	80	0.0250000
NODE_28_length_9108_cov_26.469974	8144	8224	42	1	80	0.0125000
NODE_28_length_9108_cov_26.469974	8144	8224	43	3	80	0.0375000
NODE_28_length_9108_cov_26.469974	8144	8224	48	1	80	0.0125000
NODE_28_length_9108_cov_26.469974	8144	8224	49	5	80	0.0625000
NODE_28_length_9108_cov_26.469974	8144	8224	50	3	80	0.0375000
NODE_28_length_9108_cov_26.469974	8144	8224	51	6	80	0.0750000
NODE_28_length_9108_cov_26.469974	8144	8224	52	2	80	0.0250000
NODE_28_length_9108_cov_26.469974	8144	8224	54	1	80	0.0125000
NODE_28_length_9108_cov_26.469974	8144	8224	56	3	80	0.0375000
NODE_28_length_9108_cov_26.469974	8144	8224	58	5	80	0.0625000
NODE_28_length_9108_cov_26.469974	8144	8224	59	2	80	0.0250000
NODE_28_length_9108_cov_26.469974	8144	8224	60	2	80	0.0250000
NODE_28_length_9108_cov_26.469974	8144	8224	61	5	80	0.0625000
NODE_28_length_9108_cov_26.469974	8568	8648	2	15	80	0.1875000
NODE_28_length_9108_cov_26.469974	8568	8648	3	33	80	0.4125000
NODE_28_length_9108_cov_26.469974	8568	8648	4	14	80	0.1750000
NODE_28_length_9108_cov_26.469974	8568	8648	5	18	80	0.2250000
NODE_28_length_9108_cov_26.469974	8621	8701	3	11	80	0.1375000
NODE_28_length_9108_cov_26.469974	8621	8701	5	69	80	0.8625000
NODE_30_length_8743_cov_14.172721	7849	7929	1	7	80	0.0875000
NODE_30_length_8743_cov_14.172721	7849	7929	3	73	80	0.9125000
NODE_30_length_8743_cov_14.172721	7902	7964	0	6	62	0.0967742
NODE_30_length_8743_cov_14.172721	7902	7964	1	36	62	0.5806451
NODE_30_length_8743_cov_14.172721	7902	7964	3	20	62	0.3225806
NODE_32_length_8707_cov_6.353044	8541	8621	2	21	80	0.2625000
NODE_32_length_8707_cov_6.353044	8541	8621	3	47	80	0.5875000
NODE_32_length_8707_cov_6.353044	8541	8621	5	12	80	0.1500000
NODE_32_length_8707_cov_6.353044	8541	8621	2	21	80	0.2625000
NODE_32_length_8707_cov_6.353044	8541	8621	3	47	80	0.5875000
NODE_32_length_8707_cov_6.353044	8541	8621	5	12	80	0.1500000
NODE_32_length_8707_cov_6.353044	8541	8621	2	21	80	0.2625000
NODE_32_length_8707_cov_6.353044	8541	8621	3	47	80	0.5875000
NODE_32_length_8707_cov_6.353044	8541	8621	5	12	80	0.1500000
NODE_32_length_8707_cov_6.353044	8594	8674	1	41	80	0.5125000
NODE_32_length_8707_cov_6.353044	8594	8674	2	33	80	0.4125000
NODE_32_length_8707_cov_6.353044	8594	8674	3	6	80	0.0750000
NODE_32_length_8707_cov_6.353044	8594	8674	1	41	80	0.5125000
NODE_32_length_8707_cov_6.353044	8594	8674	2	33	80	0.4125000
NODE_32_length_8707_cov_6.353044	8594	8674	3	6	80	0.0750000
NODE_32_length_8707_cov_6.353044	8594	8673	1	40	79	0.5063291
NODE_32_length_8707_cov_6.353044	8594	8673	2	33	79	0.4177215
NODE_32_length_8707_cov_6.353044	8594	8673	3	6	79	0.0759494
NODE_32_length_8707_cov_6.353044	8599	8674	1	41	75	0.5466667
NODE_32_length_8707_cov_6.353044	8599	8674	2	33	75	0.4400000
NODE_32_length_8707_cov_6.353044	8599	8674	3	1	75	0.0133333
NODE_38_length_8281_cov_13.025177	7108	7188	4	2	80	0.0250000
NODE_38_length_8281_cov_13.025177	7108	7188	5	12	80	0.1500000
NODE_38_length_8281_cov_13.025177	7108	7188	6	4	80	0.0500000
NODE_38_length_8281_cov_13.025177	7108	7188	7	20	80	0.2500000
NODE_38_length_8281_cov_13.025177	7108	7188	8	10	80	0.1250000
NODE_38_length_8281_cov_13.025177	7108	7188	9	29	80	0.3625000
NODE_38_length_8281_cov_13.025177	7108	7188	10	3	80	0.0375000
NODE_38_length_8281_cov_13.025177	7161	7199	7	14	38	0.3684210
NODE_38_length_8281_cov_13.025177	7161	7199	8	10	38	0.2631579
NODE_38_length_8281_cov_13.025177	7161	7199	9	14	38	0.3684210
NODE_38_length_8281_cov_13.025177	7175	7255	4	5	80	0.0625000
NODE_38_length_8281_cov_13.025177	7175	7255	6	27	80	0.3375000
NODE_38_length_8281_cov_13.025177	7175	7255	7	38	80	0.4750000
NODE_38_length_8281_cov_13.025177	7175	7255	8	10	80	0.1250000
NODE_38_length_8281_cov_13.025177	7228	7308	0	7	80	0.0875000
NODE_38_length_8281_cov_13.025177	7228	7308	1	25	80	0.3125000
NODE_38_length_8281_cov_13.025177	7228	7308	2	4	80	0.0500000
NODE_38_length_8281_cov_13.025177	7228	7308	4	22	80	0.2750000
NODE_38_length_8281_cov_13.025177	7228	7308	6	22	80	0.2750000
NODE_38_length_8281_cov_13.025177	7749	7829	6	16	80	0.2000000
NODE_38_length_8281_cov_13.025177	7749	7829	7	2	80	0.0250000
NODE_38_length_8281_cov_13.025177	7749	7829	8	9	80	0.1125000
NODE_38_length_8281_cov_13.025177	7749	7829	9	21	80	0.2625000
NODE_38_length_8281_cov_13.025177	7749	7829	11	2	80	0.0250000
NODE_38_length_8281_cov_13.025177	7749	7829	12	5	80	0.0625000
NODE_38_length_8281_cov_13.025177	7749	7829	14	2	80	0.0250000
NODE_38_length_8281_cov_13.025177	7749	7829	15	14	80	0.1750000
NODE_38_length_8281_cov_13.025177	7749	7829	16	4	80	0.0500000
NODE_38_length_8281_cov_13.025177	7749	7829	17	5	80	0.0625000
NODE_38_length_8281_cov_13.025177	7802	7882	12	2	80	0.0250000
NODE_38_length_8281_cov_13.025177	7802	7882	13	3	80	0.0375000
NODE_38_length_8281_cov_13.025177	7802	7882	14	19	80	0.2375000
NODE_38_length_8281_cov_13.025177	7802	7882	15	33	80	0.4125000
NODE_38_length_8281_cov_13.025177	7802	7882	16	5	80	0.0625000
NODE_38_length_8281_cov_13.025177	7802	7882	17	7	80	0.0875000
NODE_38_length_8281_cov_13.025177	7802	7882	18	11	80	0.1375000
NODE_38_length_8281_cov_13.025177	7878	7958	12	21	80	0.2625000
NODE_38_length_8281_cov_13.025177	7878	7958	13	8	80	0.1000000
NODE_38_length_8281_cov_13.025177	7878	7958	14	5	80	0.0625000
NODE_38_length_8281_cov_13.025177	7878	7958	15	3	80	0.0375000
NODE_38_length_8281_cov_13.025177	7878	7958	17	26	80	0.3250000
NODE_38_length_8281_cov_13.025177	7878	7958	18	17	80	0.2125000
NODE_38_length_8281_cov_13.025177	7931	8011	7	2	80	0.0250000
NODE_38_length_8281_cov_13.025177	7931	8011	8	7	80	0.0875000
NODE_38_length_8281_cov_13.025177	7931	8011	9	11	80	0.1375000
NODE_38_length_8281_cov_13.025177	7931	8011	10	28	80	0.3500000
NODE_38_length_8281_cov_13.025177	7931	8011	11	4	80	0.0500000
NODE_38_length_8281_cov_13.025177	7931	8011	12	17	80	0.2125000
NODE_38_length_8281_cov_13.025177	7931	8011	13	8	80	0.1000000
NODE_38_length_8281_cov_13.025177	7931	8011	14	3	80	0.0375000
NODE_39_length_8259_cov_60.011152	1424	1504	14	10	80	0.1250000
NODE_39_length_8259_cov_60.011152	1424	1504	15	9	80	0.1125000
NODE_39_length_8259_cov_60.011152	1424	1504	16	46	80	0.5750000
NODE_39_length_8259_cov_60.011152	1424	1504	17	15	80	0.1875000
NODE_39_length_8259_cov_60.011152	1477	1549	10	8	72	0.1111111
NODE_39_length_8259_cov_60.011152	1477	1549	11	12	72	0.1666667
NODE_39_length_8259_cov_60.011152	1477	1549	13	6	72	0.0833333
NODE_39_length_8259_cov_60.011152	1477	1549	14	13	72	0.1805556
NODE_39_length_8259_cov_60.011152	1477	1549	15	11	72	0.1527778
NODE_39_length_8259_cov_60.011152	1477	1549	16	22	72	0.3055556
NODE_40_length_8228_cov_17.079592	314	394	1	11	80	0.1375000
NODE_40_length_8228_cov_17.079592	314	394	2	1	80	0.0125000
NODE_40_length_8228_cov_17.079592	314	394	3	36	80	0.4500000
NODE_40_length_8228_cov_17.079592	314	394	4	32	80	0.4000000
NODE_40_length_8228_cov_17.079592	367	447	1	57	80	0.7125000
NODE_40_length_8228_cov_17.079592	367	447	2	7	80	0.0875000
NODE_40_length_8228_cov_17.079592	367	447	3	8	80	0.1000000
NODE_40_length_8228_cov_17.079592	367	447	4	8	80	0.1000000
NODE_40_length_8228_cov_17.079592	443	523	2	50	80	0.6250000
NODE_40_length_8228_cov_17.079592	443	523	3	4	80	0.0500000
NODE_40_length_8228_cov_17.079592	443	523	5	2	80	0.0250000
NODE_40_length_8228_cov_17.079592	443	523	6	1	80	0.0125000
NODE_40_length_8228_cov_17.079592	443	523	7	23	80	0.2875000
NODE_40_length_8228_cov_17.079592	496	576	3	1	80	0.0125000
NODE_40_length_8228_cov_17.079592	496	576	5	2	80	0.0250000
NODE_40_length_8228_cov_17.079592	496	576	6	1	80	0.0125000
NODE_40_length_8228_cov_17.079592	496	576	7	76	80	0.9500000
NODE_40_length_8228_cov_17.079592	3154	3217	3	1	63	0.0158730
NODE_40_length_8228_cov_17.079592	3154	3217	8	1	63	0.0158730
NODE_40_length_8228_cov_17.079592	3154	3217	9	5	63	0.0793651
NODE_40_length_8228_cov_17.079592	3154	3217	10	2	63	0.0317460
NODE_40_length_8228_cov_17.079592	3154	3217	12	2	63	0.0317460
NODE_40_length_8228_cov_17.079592	3154	3217	13	3	63	0.0476190
NODE_40_length_8228_cov_17.079592	3154	3217	15	3	63	0.0476190
NODE_40_length_8228_cov_17.079592	3154	3217	16	1	63	0.0158730
NODE_40_length_8228_cov_17.079592	3154	3217	17	9	63	0.1428571
NODE_40_length_8228_cov_17.079592	3154	3217	19	1	63	0.0158730
NODE_40_length_8228_cov_17.079592	3154	3217	21	2	63	0.0317460
NODE_40_length_8228_cov_17.079592	3154	3217	23	1	63	0.0158730
NODE_40_length_8228_cov_17.079592	3154	3217	25	14	63	0.2222222
NODE_40_length_8228_cov_17.079592	3154	3217	27	18	63	0.2857143
NODE_43_length_8100_cov_32.115236	501	581	6	68	80	0.8500000
NODE_43_length_8100_cov_32.115236	501	581	7	12	80	0.1500000
NODE_43_length_8100_cov_32.115236	554	634	2	4	80	0.0500000
NODE_43_length_8100_cov_32.115236	554	634	3	28	80	0.3500000
NODE_43_length_8100_cov_32.115236	554	634	4	7	80	0.0875000
NODE_43_length_8100_cov_32.115236	554	634	5	4	80	0.0500000
NODE_43_length_8100_cov_32.115236	554	634	6	25	80	0.3125000
NODE_43_length_8100_cov_32.115236	554	634	7	12	80	0.1500000
NODE_43_length_8100_cov_32.115236	1383	1463	0	80	80	1.0000000
NODE_43_length_8100_cov_32.115236	1436	1516	0	80	80	1.0000000
NODE_43_length_8100_cov_32.115236	3391	3462	66	1	71	0.0140845
NODE_43_length_8100_cov_32.115236	3391	3462	67	6	71	0.0845070
NODE_43_length_8100_cov_32.115236	3391	3462	68	12	71	0.1690141
NODE_43_length_8100_cov_32.115236	3391	3462	69	12	71	0.1690141
NODE_43_length_8100_cov_32.115236	3391	3462	70	15	71	0.2112676
NODE_43_length_8100_cov_32.115236	3391	3462	71	9	71	0.1267606
NODE_43_length_8100_cov_32.115236	3391	3462	72	6	71	0.0845070
NODE_43_length_8100_cov_32.115236	3391	3462	73	10	71	0.1408451
NODE_43_length_8100_cov_32.115236	3435	3483	51	2	48	0.0416667
NODE_43_length_8100_cov_32.115236	3435	3483	53	3	48	0.0625000
NODE_43_length_8100_cov_32.115236	3435	3483	55	1	48	0.0208333
NODE_43_length_8100_cov_32.115236	3435	3483	57	3	48	0.0625000
NODE_43_length_8100_cov_32.115236	3435	3483	58	3	48	0.0625000
NODE_43_length_8100_cov_32.115236	3435	3483	59	6	48	0.1250000
NODE_43_length_8100_cov_32.115236	3435	3483	60	1	48	0.0208333
NODE_43_length_8100_cov_32.115236	3435	3483	61	1	48	0.0208333
NODE_43_length_8100_cov_32.115236	3435	3483	64	1	48	0.0208333
NODE_43_length_8100_cov_32.115236	3435	3483	66	1	48	0.0208333
NODE_43_length_8100_cov_32.115236	3435	3483	67	4	48	0.0833333
NODE_43_length_8100_cov_32.115236	3435	3483	68	4	48	0.0833333
NODE_43_length_8100_cov_32.115236	3435	3483	70	5	48	0.1041667
NODE_43_length_8100_cov_32.115236	3435	3483	71	7	48	0.1458333
NODE_43_length_8100_cov_32.115236	3435	3483	73	6	48	0.1250000
NODE_46_length_7962_cov_31.622790	6281	6363	16	4	82	0.0487805
NODE_46_length_7962_cov_31.622790	6281	6363	19	1	82	0.0121951
NODE_46_length_7962_cov_31.622790	6281	6363	20	19	82	0.2317073
NODE_46_length_7962_cov_31.622790	6281	6363	21	16	82	0.1951219
NODE_46_length_7962_cov_31.622790	6281	6363	22	19	82	0.2317073
NODE_46_length_7962_cov_31.622790	6281	6363	23	22	82	0.2682927
NODE_46_length_7962_cov_31.622790	6281	6363	24	1	82	0.0121951
NODE_47_length_7944_cov_12.238496	348	419	0	2	71	0.0281690
NODE_47_length_7944_cov_12.238496	348	419	2	10	71	0.1408451
NODE_47_length_7944_cov_12.238496	348	419	4	28	71	0.3943662
NODE_47_length_7944_cov_12.238496	348	419	5	31	71	0.4366197
NODE_48_length_7919_cov_14.554859	2380	2460	0	14	80	0.1750000
NODE_48_length_7919_cov_14.554859	2380	2460	1	4	80	0.0500000
NODE_48_length_7919_cov_14.554859	2380	2460	2	43	80	0.5375000
NODE_48_length_7919_cov_14.554859	2380	2460	3	19	80	0.2375000
NODE_50_length_7830_cov_4.211098	0	52	0	52	52	1.0000000
NODE_50_length_7830_cov_4.211098	30	105	0	75	75	1.0000000
NODE_52_length_7779_cov_20.230859	7691	7771	0	80	80	1.0000000
NODE_52_length_7779_cov_20.230859	7691	7771	0	80	80	1.0000000
NODE_52_length_7779_cov_20.230859	7691	7761	0	70	70	1.0000000
NODE_52_length_7779_cov_20.230859	7744	7779	0	35	35	1.0000000
NODE_53_length_7765_cov_18.871119	254	322	4	24	68	0.3529412
NODE_53_length_7765_cov_18.871119	254	322	5	11	68	0.1617647
NODE_53_length_7765_cov_18.871119	254	322	8	5	68	0.0735294
NODE_53_length_7765_cov_18.871119	254	322	9	8	68	0.1176471
NODE_53_length_7765_cov_18.871119	254	322	10	6	68	0.0882353
NODE_53_length_7765_cov_18.871119	254	322	12	9	68	0.1323529
NODE_53_length_7765_cov_18.871119	254	322	15	1	68	0.0147059
NODE_53_length_7765_cov_18.871119	254	322	17	4	68	0.0588235
NODE_53_length_7765_cov_18.871119	353	433	0	3	80	0.0375000
NODE_53_length_7765_cov_18.871119	353	433	2	77	80	0.9625000
NODE_61_length_7411_cov_74.967314	2283	2347	1	26	64	0.4062500
NODE_61_length_7411_cov_74.967314	2283	2347	2	38	64	0.5937500
NODE_61_length_7411_cov_74.967314	4725	4789	0	64	64	1.0000000
NODE_64_length_7305_cov_3.696087	971	1019	1	47	48	0.9791667
NODE_64_length_7305_cov_3.696087	971	1019	2	1	48	0.0208333
NODE_64_length_7305_cov_3.696087	7142	7190	1	48	48	1.0000000
NODE_66_length_7261_cov_12.433398	2313	2395	106	4	82	0.0487805
NODE_66_length_7261_cov_12.433398	2313	2395	107	6	82	0.0731707
NODE_66_length_7261_cov_12.433398	2313	2395	108	1	82	0.0121951
NODE_66_length_7261_cov_12.433398	2313	2395	109	2	82	0.0243902
NODE_66_length_7261_cov_12.433398	2313	2395	110	4	82	0.0487805
NODE_66_length_7261_cov_12.433398	2313	2395	113	5	82	0.0609756
NODE_66_length_7261_cov_12.433398	2313	2395	114	1	82	0.0121951
NODE_66_length_7261_cov_12.433398	2313	2395	115	1	82	0.0121951
NODE_66_length_7261_cov_12.433398	2313	2395	116	1	82	0.0121951
NODE_66_length_7261_cov_12.433398	2313	2395	118	5	82	0.0609756
NODE_66_length_7261_cov_12.433398	2313	2395	120	2	82	0.0243902
NODE_66_length_7261_cov_12.433398	2313	2395	121	1	82	0.0121951
NODE_66_length_7261_cov_12.433398	2313	2395	122	3	82	0.0365854
NODE_66_length_7261_cov_12.433398	2313	2395	123	7	82	0.0853659
NODE_66_length_7261_cov_12.433398	2313	2395	124	1	82	0.0121951
NODE_66_length_7261_cov_12.433398	2313	2395	125	2	82	0.0243902
NODE_66_length_7261_cov_12.433398	2313	2395	126	2	82	0.0243902
NODE_66_length_7261_cov_12.433398	2313	2395	128	1	82	0.0121951
NODE_66_length_7261_cov_12.433398	2313	2395	129	5	82	0.0609756
NODE_66_length_7261_cov_12.433398	2313	2395	130	2	82	0.0243902
NODE_66_length_7261_cov_12.433398	2313	2395	131	2	82	0.0243902
NODE_66_length_7261_cov_12.433398	2313	2395	132	3	82	0.0365854
NODE_66_length_7261_cov_12.433398	2313	2395	133	4	82	0.0487805
NODE_66_length_7261_cov_12.433398	2313	2395	134	10	82	0.1219512
NODE_66_length_7261_cov_12.433398	2313	2395	135	4	82	0.0487805
NODE_66_length_7261_cov_12.433398	2313	2395	136	2	82	0.0243902
NODE_66_length_7261_cov_12.433398	2313	2395	137	1	82	0.0121951
NODE_73_length_7036_cov_65.961943	4375	4455	0	28	80	0.3500000
NODE_73_length_7036_cov_65.961943	4375	4455	2	52	80	0.6500000
NODE_73_length_7036_cov_65.961943	5538	5618	59	1	80	0.0125000
NODE_73_length_7036_cov_65.961943	5538	5618	61	2	80	0.0250000
NODE_73_length_7036_cov_65.961943	5538	5618	65	1	80	0.0125000
NODE_73_length_7036_cov_65.961943	5538	5618	69	2	80	0.0250000
NODE_73_length_7036_cov_65.961943	5538	5618	70	1	80	0.0125000
NODE_73_length_7036_cov_65.961943	5538	5618	74	1	80	0.0125000
NODE_73_length_7036_cov_65.961943	5538	5618	75	3	80	0.0375000
NODE_73_length_7036_cov_65.961943	5538	5618	78	1	80	0.0125000
NODE_73_length_7036_cov_65.961943	5538	5618	81	1	80	0.0125000
NODE_73_length_7036_cov_65.961943	5538	5618	87	3	80	0.0375000
NODE_73_length_7036_cov_65.961943	5538	5618	92	1	80	0.0125000
NODE_73_length_7036_cov_65.961943	5538	5618	94	1	80	0.0125000
NODE_73_length_7036_cov_65.961943	5538	5618	97	1	80	0.0125000
NODE_73_length_7036_cov_65.961943	5538	5618	100	2	80	0.0250000
NODE_73_length_7036_cov_65.961943	5538	5618	115	1	80	0.0125000
NODE_73_length_7036_cov_65.961943	5538	5618	116	1	80	0.0125000
NODE_73_length_7036_cov_65.961943	5538	5618	118	1	80	0.0125000
NODE_73_length_7036_cov_65.961943	5538	5618	121	1	80	0.0125000
NODE_73_length_7036_cov_65.961943	5538	5618	122	1	80	0.0125000
NODE_73_length_7036_cov_65.961943	5538	5618	124	1	80	0.0125000
NODE_73_length_7036_cov_65.961943	5538	5618	125	1	80	0.0125000
NODE_73_length_7036_cov_65.961943	5538	5618	127	2	80	0.0250000
NODE_73_length_7036_cov_65.961943	5538	5618	131	2	80	0.0250000
NODE_73_length_7036_cov_65.961943	5538	5618	133	1	80	0.0125000
NODE_73_length_7036_cov_65.961943	5538	5618	134	1	80	0.0125000
NODE_73_length_7036_cov_65.961943	5538	5618	135	1	80	0.0125000
NODE_73_length_7036_cov_65.961943	5538	5618	141	1	80	0.0125000
NODE_73_length_7036_cov_65.961943	5538	5618	142	1	80	0.0125000
NODE_73_length_7036_cov_65.961943	5538	5618	143	3	80	0.0375000
NODE_73_length_7036_cov_65.961943	5538	5618	146	1	80	0.0125000
NODE_73_length_7036_cov_65.961943	5538	5618	147	1	80	0.0125000
NODE_73_length_7036_cov_65.961943	5538	5618	148	2	80	0.0250000
NODE_73_length_7036_cov_65.961943	5538	5618	153	1	80	0.0125000
NODE_73_length_7036_cov_65.961943	5538	5618	154	2	80	0.0250000
NODE_73_length_7036_cov_65.961943	5538	5618	159	1	80	0.0125000
NODE_73_length_7036_cov_65.961943	5538	5618	163	4	80	0.0500000
NODE_73_length_7036_cov_65.961943	5538	5618	165	4	80	0.0500000
NODE_73_length_7036_cov_65.961943	5538	5618	166	1	80	0.0125000
NODE_73_length_7036_cov_65.961943	5538	5618	167	2	80	0.0250000
NODE_73_length_7036_cov_65.961943	5538	5618	168	1	80	0.0125000
NODE_73_length_7036_cov_65.961943	5538	5618	169	2	80	0.0250000
NODE_73_length_7036_cov_65.961943	5538	5618	170	1	80	0.0125000
NODE_73_length_7036_cov_65.961943	5538	5618	171	1	80	0.0125000
NODE_73_length_7036_cov_65.961943	5538	5618	173	1	80	0.0125000
NODE_73_length_7036_cov_65.961943	5538	5618	174	1	80	0.0125000
NODE_73_length_7036_cov_65.961943	5538	5618	175	1	80	0.0125000
NODE_73_length_7036_cov_65.961943	5538	5618	177	2	80	0.0250000
NODE_73_length_7036_cov_65.961943	5538	5618	178	1	80	0.0125000
NODE_73_length_7036_cov_65.961943	5538	5618	186	3	80	0.0375000
NODE_73_length_7036_cov_65.961943	5538	5618	187	1	80	0.0125000
NODE_73_length_7036_cov_65.961943	5538	5618	188	3	80	0.0375000
NODE_73_length_7036_cov_65.961943	5538	5618	189	1	80	0.0125000
NODE_73_length_7036_cov_65.961943	5538	5618	190	1	80	0.0125000
NODE_73_length_7036_cov_65.961943	5538	5618	193	1	80	0.0125000
NODE_73_length_7036_cov_65.961943	5591	5666	165	3	75	0.0400000
NODE_73_length_7036_cov_65.961943	5591	5666	166	1	75	0.0133333
NODE_73_length_7036_cov_65.961943	5591	5666	167	2	75	0.0266667
NODE_73_length_7036_cov_65.961943	5591	5666	168	1	75	0.0133333
NODE_73_length_7036_cov_65.961943	5591	5666	169	2	75	0.0266667
NODE_73_length_7036_cov_65.961943	5591	5666	170	1	75	0.0133333
NODE_73_length_7036_cov_65.961943	5591	5666	171	1	75	0.0133333
NODE_73_length_7036_cov_65.961943	5591	5666	173	1	75	0.0133333
NODE_73_length_7036_cov_65.961943	5591	5666	174	1	75	0.0133333
NODE_73_length_7036_cov_65.961943	5591	5666	175	1	75	0.0133333
NODE_73_length_7036_cov_65.961943	5591	5666	177	2	75	0.0266667
NODE_73_length_7036_cov_65.961943	5591	5666	178	1	75	0.0133333
NODE_73_length_7036_cov_65.961943	5591	5666	186	3	75	0.0400000
NODE_73_length_7036_cov_65.961943	5591	5666	187	1	75	0.0133333
NODE_73_length_7036_cov_65.961943	5591	5666	188	3	75	0.0400000
NODE_73_length_7036_cov_65.961943	5591	5666	189	1	75	0.0133333
NODE_73_length_7036_cov_65.961943	5591	5666	190	1	75	0.0133333
NODE_73_length_7036_cov_65.961943	5591	5666	193	1	75	0.0133333
NODE_73_length_7036_cov_65.961943	5591	5666	196	2	75	0.0266667
NODE_73_length_7036_cov_65.961943	5591	5666	202	1	75	0.0133333
NODE_73_length_7036_cov_65.961943	5591	5666	204	1	75	0.0133333
NODE_73_length_7036_cov_65.961943	5591	5666	207	1	75	0.0133333
NODE_73_length_7036_cov_65.961943	5591	5666	209	1	75	0.0133333
NODE_73_length_7036_cov_65.961943	5591	5666	211	1	75	0.0133333
NODE_73_length_7036_cov_65.961943	5591	5666	212	3	75	0.0400000
NODE_73_length_7036_cov_65.961943	5591	5666	214	1	75	0.0133333
NODE_73_length_7036_cov_65.961943	5591	5666	216	1	75	0.0133333
NODE_73_length_7036_cov_65.961943	5591	5666	219	1	75	0.0133333
NODE_73_length_7036_cov_65.961943	5591	5666	220	1	75	0.0133333
NODE_73_length_7036_cov_65.961943	5591	5666	224	6	75	0.0800000
NODE_73_length_7036_cov_65.961943	5591	5666	225	3	75	0.0400000
NODE_73_length_7036_cov_65.961943	5591	5666	226	4	75	0.0533333
NODE_73_length_7036_cov_65.961943	5591	5666	227	3	75	0.0400000
NODE_73_length_7036_cov_65.961943	5591	5666	228	1	75	0.0133333
NODE_73_length_7036_cov_65.961943	5591	5666	229	2	75	0.0266667
NODE_73_length_7036_cov_65.961943	5591	5666	230	1	75	0.0133333
NODE_73_length_7036_cov_65.961943	5591	5666	231	3	75	0.0400000
NODE_73_length_7036_cov_65.961943	5591	5666	232	1	75	0.0133333
NODE_73_length_7036_cov_65.961943	5591	5666	233	1	75	0.0133333
NODE_73_length_7036_cov_65.961943	5591	5666	236	1	75	0.0133333
NODE_73_length_7036_cov_65.961943	5591	5666	239	1	75	0.0133333
NODE_73_length_7036_cov_65.961943	5591	5666	240	1	75	0.0133333
NODE_73_length_7036_cov_65.961943	5591	5666	241	1	75	0.0133333
NODE_73_length_7036_cov_65.961943	5591	5666	242	4	75	0.0533333
NODE_73_length_7036_cov_65.961943	5591	5666	248	1	75	0.0133333
NODE_73_length_7036_cov_65.961943	5690	5746	266	1	56	0.0178571
NODE_73_length_7036_cov_65.961943	5690	5746	267	1	56	0.0178571
NODE_73_length_7036_cov_65.961943	5690	5746	269	3	56	0.0535714
NODE_73_length_7036_cov_65.961943	5690	5746	270	2	56	0.0357143
NODE_73_length_7036_cov_65.961943	5690	5746	271	1	56	0.0178571
NODE_73_length_7036_cov_65.961943	5690	5746	272	4	56	0.0714286
NODE_73_length_7036_cov_65.961943	5690	5746	273	3	56	0.0535714
NODE_73_length_7036_cov_65.961943	5690	5746	274	4	56	0.0714286
NODE_73_length_7036_cov_65.961943	5690	5746	275	5	56	0.0892857
NODE_73_length_7036_cov_65.961943	5690	5746	276	11	56	0.1964286
NODE_73_length_7036_cov_65.961943	5690	5746	277	5	56	0.0892857
NODE_73_length_7036_cov_65.961943	5690	5746	278	3	56	0.0535714
NODE_73_length_7036_cov_65.961943	5690	5746	279	2	56	0.0357143
NODE_73_length_7036_cov_65.961943	5690	5746	281	2	56	0.0357143
NODE_73_length_7036_cov_65.961943	5690	5746	284	2	56	0.0357143
NODE_73_length_7036_cov_65.961943	5690	5746	285	2	56	0.0357143
NODE_73_length_7036_cov_65.961943	5690	5746	286	2	56	0.0357143
NODE_73_length_7036_cov_65.961943	5690	5746	287	3	56	0.0535714
NODE_73_length_7036_cov_65.961943	6373	6453	5	6	80	0.0750000
NODE_73_length_7036_cov_65.961943	6373	6453	6	3	80	0.0375000
NODE_73_length_7036_cov_65.961943	6373	6453	7	18	80	0.2250000
NODE_73_length_7036_cov_65.961943	6373	6453	9	17	80	0.2125000
NODE_73_length_7036_cov_65.961943	6373	6453	10	18	80	0.2250000
NODE_73_length_7036_cov_65.961943	6373	6453	11	18	80	0.2250000
NODE_73_length_7036_cov_65.961943	6426	6506	3	5	80	0.0625000
NODE_73_length_7036_cov_65.961943	6426	6506	5	1	80	0.0125000
NODE_73_length_7036_cov_65.961943	6426	6506	7	5	80	0.0625000
NODE_73_length_7036_cov_65.961943	6426	6506	8	10	80	0.1250000
NODE_73_length_7036_cov_65.961943	6426	6506	9	5	80	0.0625000
NODE_73_length_7036_cov_65.961943	6426	6506	10	45	80	0.5625000
NODE_73_length_7036_cov_65.961943	6426	6506	11	9	80	0.1125000
NODE_74_length_6974_cov_16.058327	976	1056	3	26	80	0.3250000
NODE_74_length_6974_cov_16.058327	976	1056	5	6	80	0.0750000
NODE_74_length_6974_cov_16.058327	976	1056	6	35	80	0.4375000
NODE_74_length_6974_cov_16.058327	976	1056	7	13	80	0.1625000
NODE_74_length_6974_cov_16.058327	1029	1109	3	14	80	0.1750000
NODE_74_length_6974_cov_16.058327	1029	1109	4	8	80	0.1000000
NODE_74_length_6974_cov_16.058327	1029	1109	5	18	80	0.2250000
NODE_74_length_6974_cov_16.058327	1029	1109	6	27	80	0.3375000
NODE_74_length_6974_cov_16.058327	1029	1109	7	13	80	0.1625000
NODE_80_length_6826_cov_10.483574	4462	4542	0	10	80	0.1250000
NODE_80_length_6826_cov_10.483574	4462	4542	3	6	80	0.0750000
NODE_80_length_6826_cov_10.483574	4462	4542	4	4	80	0.0500000
NODE_80_length_6826_cov_10.483574	4462	4542	5	9	80	0.1125000
NODE_80_length_6826_cov_10.483574	4462	4542	6	4	80	0.0500000
NODE_80_length_6826_cov_10.483574	4462	4542	8	23	80	0.2875000
NODE_80_length_6826_cov_10.483574	4462	4542	9	5	80	0.0625000
NODE_80_length_6826_cov_10.483574	4462	4542	10	19	80	0.2375000
NODE_80_length_6826_cov_10.483574	4515	4595	8	3	80	0.0375000
NODE_80_length_6826_cov_10.483574	4515	4595	9	20	80	0.2500000
NODE_80_length_6826_cov_10.483574	4515	4595	10	51	80	0.6375000
NODE_80_length_6826_cov_10.483574	4515	4595	11	6	80	0.0750000
NODE_81_length_6816_cov_2.820753	6726	6801	0	75	75	1.0000000
NODE_81_length_6816_cov_2.820753	6774	6816	0	42	42	1.0000000
NODE_84_length_6744_cov_6.222272	5	85	1	29	80	0.3625000
NODE_84_length_6744_cov_6.222272	5	85	3	25	80	0.3125000
NODE_84_length_6744_cov_6.222272	5	85	4	26	80	0.3250000
NODE_84_length_6744_cov_6.222272	58	138	3	1	80	0.0125000
NODE_84_length_6744_cov_6.222272	58	138	4	67	80	0.8375000
NODE_84_length_6744_cov_6.222272	58	138	5	12	80	0.1500000
NODE_84_length_6744_cov_6.222272	6650	6730	3	32	80	0.4000000
NODE_84_length_6744_cov_6.222272	6650	6730	4	48	80	0.6000000
NODE_84_length_6744_cov_6.222272	6703	6744	1	13	41	0.3170732
NODE_84_length_6744_cov_6.222272	6703	6744	3	28	41	0.6829268
NODE_86_length_6733_cov_88.965029	3141	3221	4	6	80	0.0750000
NODE_86_length_6733_cov_88.965029	3141	3221	5	5	80	0.0625000
NODE_86_length_6733_cov_88.965029	3141	3221	6	30	80	0.3750000
NODE_86_length_6733_cov_88.965029	3141	3221	8	29	80	0.3625000
NODE_86_length_6733_cov_88.965029	3141	3221	9	10	80	0.1250000
NODE_86_length_6733_cov_88.965029	3194	3274	5	3	80	0.0375000
NODE_86_length_6733_cov_88.965029	3194	3274	7	21	80	0.2625000
NODE_86_length_6733_cov_88.965029	3194	3274	8	17	80	0.2125000
NODE_86_length_6733_cov_88.965029	3194	3274	9	24	80	0.3000000
NODE_86_length_6733_cov_88.965029	3194	3274	10	15	80	0.1875000
NODE_86_length_6733_cov_88.965029	3270	3350	4	64	80	0.8000000
NODE_86_length_6733_cov_88.965029	3270	3350	5	4	80	0.0500000
NODE_86_length_6733_cov_88.965029	3270	3350	6	11	80	0.1375000
NODE_86_length_6733_cov_88.965029	3270	3350	7	1	80	0.0125000
NODE_86_length_6733_cov_88.965029	3323	3403	3	2	80	0.0250000
NODE_86_length_6733_cov_88.965029	3323	3403	4	60	80	0.7500000
NODE_86_length_6733_cov_88.965029	3323	3403	5	9	80	0.1125000
NODE_86_length_6733_cov_88.965029	3323	3403	6	9	80	0.1125000
NODE_90_length_6627_cov_9.440564	350	430	9	29	80	0.3625000
NODE_90_length_6627_cov_9.440564	350	430	10	5	80	0.0625000
NODE_90_length_6627_cov_9.440564	350	430	11	15	80	0.1875000
NODE_90_length_6627_cov_9.440564	350	430	13	18	80	0.2250000
NODE_90_length_6627_cov_9.440564	350	430	14	1	80	0.0125000
NODE_90_length_6627_cov_9.440564	350	430	15	12	80	0.1500000
NODE_90_length_6627_cov_9.440564	403	483	9	2	80	0.0250000
NODE_90_length_6627_cov_9.440564	403	483	10	9	80	0.1125000
NODE_90_length_6627_cov_9.440564	403	483	11	30	80	0.3750000
NODE_90_length_6627_cov_9.440564	403	483	12	2	80	0.0250000
NODE_90_length_6627_cov_9.440564	403	483	13	15	80	0.1875000
NODE_90_length_6627_cov_9.440564	403	483	14	1	80	0.0125000
NODE_90_length_6627_cov_9.440564	403	483	15	21	80	0.2625000
NODE_95_length_6507_cov_95.786049	171	247	0	74	76	0.9736842
NODE_95_length_6507_cov_95.786049	171	247	2	1	76	0.0131579
NODE_95_length_6507_cov_95.786049	171	247	3	1	76	0.0131579
NODE_96_length_6497_cov_2.677399	366	436	0	70	70	1.0000000
NODE_96_length_6497_cov_2.677399	409	444	0	35	35	1.0000000
NODE_97_length_6450_cov_26.108172	5024	5104	15	3	80	0.0375000
NODE_97_length_6450_cov_26.108172	5024	5104	17	8	80	0.1000000
NODE_97_length_6450_cov_26.108172	5024	5104	18	21	80	0.2625000
NODE_97_length_6450_cov_26.108172	5024	5104	20	5	80	0.0625000
NODE_97_length_6450_cov_26.108172	5024	5104	21	14	80	0.1750000
NODE_97_length_6450_cov_26.108172	5024	5104	22	12	80	0.1500000
NODE_97_length_6450_cov_26.108172	5024	5104	23	3	80	0.0375000
NODE_97_length_6450_cov_26.108172	5024	5104	24	14	80	0.1750000
NODE_109_length_6171_cov_36.061100	3743	3813	5	4	70	0.0571429
NODE_109_length_6171_cov_36.061100	3743	3813	7	3	70	0.0428571
NODE_109_length_6171_cov_36.061100	3743	3813	9	1	70	0.0142857
NODE_109_length_6171_cov_36.061100	3743	3813	11	4	70	0.0571429
NODE_109_length_6171_cov_36.061100	3743	3813	12	18	70	0.2571429
NODE_109_length_6171_cov_36.061100	3743	3813	14	6	70	0.0857143
NODE_109_length_6171_cov_36.061100	3743	3813	15	30	70	0.4285714
NODE_109_length_6171_cov_36.061100	3743	3813	18	4	70	0.0571429
NODE_109_length_6171_cov_36.061100	3798	3851	14	2	53	0.0377358
NODE_109_length_6171_cov_36.061100	3798	3851	15	23	53	0.4339623
NODE_109_length_6171_cov_36.061100	3798	3851	17	9	53	0.1698113
NODE_109_length_6171_cov_36.061100	3798	3851	18	6	53	0.1132075
NODE_109_length_6171_cov_36.061100	3798	3851	19	13	53	0.2452830
NODE_109_length_6171_cov_36.061100	4552	4596	87	2	44	0.0454545
NODE_109_length_6171_cov_36.061100	4552	4596	88	2	44	0.0454545
NODE_109_length_6171_cov_36.061100	4552	4596	89	3	44	0.0681818
NODE_109_length_6171_cov_36.061100	4552	4596	90	20	44	0.4545455
NODE_109_length_6171_cov_36.061100	4552	4596	91	3	44	0.0681818
NODE_109_length_6171_cov_36.061100	4552	4596	92	1	44	0.0227273
NODE_109_length_6171_cov_36.061100	4552	4596	94	2	44	0.0454545
NODE_109_length_6171_cov_36.061100	4552	4596	95	1	44	0.0227273
NODE_109_length_6171_cov_36.061100	4552	4596	96	3	44	0.0681818
NODE_109_length_6171_cov_36.061100	4552	4596	97	2	44	0.0454545
NODE_109_length_6171_cov_36.061100	4552	4596	99	1	44	0.0227273
NODE_109_length_6171_cov_36.061100	4552	4596	101	2	44	0.0454545
NODE_109_length_6171_cov_36.061100	4552	4596	102	2	44	0.0454545
NODE_109_length_6171_cov_36.061100	4569	4649	71	13	80	0.1625000
NODE_109_length_6171_cov_36.061100	4569	4649	72	6	80	0.0750000
NODE_109_length_6171_cov_36.061100	4569	4649	73	7	80	0.0875000
NODE_109_length_6171_cov_36.061100	4569	4649	74	4	80	0.0500000
NODE_109_length_6171_cov_36.061100	4569	4649	78	6	80	0.0750000
NODE_109_length_6171_cov_36.061100	4569	4649	79	2	80	0.0250000
NODE_109_length_6171_cov_36.061100	4569	4649	80	1	80	0.0125000
NODE_109_length_6171_cov_36.061100	4569	4649	81	1	80	0.0125000
NODE_109_length_6171_cov_36.061100	4569	4649	82	3	80	0.0375000
NODE_109_length_6171_cov_36.061100	4569	4649	83	1	80	0.0125000
NODE_109_length_6171_cov_36.061100	4569	4649	84	2	80	0.0250000
NODE_109_length_6171_cov_36.061100	4569	4649	85	2	80	0.0250000
NODE_109_length_6171_cov_36.061100	4569	4649	87	2	80	0.0250000
NODE_109_length_6171_cov_36.061100	4569	4649	88	3	80	0.0375000
NODE_109_length_6171_cov_36.061100	4569	4649	89	3	80	0.0375000
NODE_109_length_6171_cov_36.061100	4569	4649	90	19	80	0.2375000
NODE_109_length_6171_cov_36.061100	4569	4649	91	3	80	0.0375000
NODE_109_length_6171_cov_36.061100	4569	4649	92	1	80	0.0125000
NODE_109_length_6171_cov_36.061100	4569	4649	94	1	80	0.0125000
NODE_109_length_6171_cov_36.061100	5742	5788	1	46	46	1.0000000
NODE_109_length_6171_cov_36.061100	5761	5841	1	80	80	1.0000000
NODE_110_length_6148_cov_58.915358	5602	5682	0	80	80	1.0000000
NODE_110_length_6148_cov_58.915358	5655	5735	0	80	80	1.0000000
NODE_112_length_6026_cov_17.775772	4124	4204	4	7	80	0.0875000
NODE_112_length_6026_cov_17.775772	4124	4204	5	37	80	0.4625000
NODE_112_length_6026_cov_17.775772	4124	4204	6	2	80	0.0250000
NODE_112_length_6026_cov_17.775772	4124	4204	7	8	80	0.1000000
NODE_112_length_6026_cov_17.775772	4124	4204	8	22	80	0.2750000
NODE_112_length_6026_cov_17.775772	4124	4204	9	3	80	0.0375000
NODE_112_length_6026_cov_17.775772	4124	4204	10	1	80	0.0125000
NODE_112_length_6026_cov_17.775772	4177	4257	7	12	80	0.1500000
NODE_112_length_6026_cov_17.775772	4177	4257	8	24	80	0.3000000
NODE_112_length_6026_cov_17.775772	4177	4257	9	13	80	0.1625000
NODE_112_length_6026_cov_17.775772	4177	4257	10	18	80	0.2250000
NODE_112_length_6026_cov_17.775772	4177	4257	11	3	80	0.0375000
NODE_112_length_6026_cov_17.775772	4177	4257	12	4	80	0.0500000
NODE_112_length_6026_cov_17.775772	4177	4257	13	6	80	0.0750000
NODE_112_length_6026_cov_17.775772	4253	4333	11	13	80	0.1625000
NODE_112_length_6026_cov_17.775772	4253	4333	12	13	80	0.1625000
NODE_112_length_6026_cov_17.775772	4253	4333	13	9	80	0.1125000
NODE_112_length_6026_cov_17.775772	4253	4333	15	12	80	0.1500000
NODE_112_length_6026_cov_17.775772	4253	4333	16	9	80	0.1125000
NODE_112_length_6026_cov_17.775772	4253	4333	17	24	80	0.3000000
NODE_112_length_6026_cov_17.775772	4306	4386	15	24	80	0.3000000
NODE_112_length_6026_cov_17.775772	4306	4386	16	20	80	0.2500000
NODE_112_length_6026_cov_17.775772	4306	4386	17	31	80	0.3875000
NODE_112_length_6026_cov_17.775772	4306	4386	18	5	80	0.0625000
NODE_124_length_5810_cov_24.750657	2064	2144	2	19	80	0.2375000
NODE_124_length_5810_cov_24.750657	2064	2144	3	9	80	0.1125000
NODE_124_length_5810_cov_24.750657	2064	2144	4	12	80	0.1500000
NODE_124_length_5810_cov_24.750657	2064	2144	5	28	80	0.3500000
NODE_124_length_5810_cov_24.750657	2064	2144	6	4	80	0.0500000
NODE_124_length_5810_cov_24.750657	2064	2144	7	4	80	0.0500000
NODE_124_length_5810_cov_24.750657	2064	2144	9	1	80	0.0125000
NODE_124_length_5810_cov_24.750657	2064	2144	11	1	80	0.0125000
NODE_124_length_5810_cov_24.750657	2064	2144	13	2	80	0.0250000
NODE_124_length_5810_cov_24.750657	2117	2194	0	29	77	0.3766234
NODE_124_length_5810_cov_24.750657	2117	2194	1	17	77	0.2207792
NODE_124_length_5810_cov_24.750657	2117	2194	2	23	77	0.2987013
NODE_124_length_5810_cov_24.750657	2117	2194	3	8	77	0.1038961
NODE_127_length_5771_cov_10.854549	2814	2883	6	7	69	0.1014493
NODE_127_length_5771_cov_10.854549	2814	2883	7	10	69	0.1449275
NODE_127_length_5771_cov_10.854549	2814	2883	8	49	69	0.7101449
NODE_127_length_5771_cov_10.854549	2814	2883	9	3	69	0.0434783
NODE_128_length_5769_cov_6.878483	5701	5731	0	29	30	0.9666666
NODE_128_length_5769_cov_6.878483	5701	5731	1	1	30	0.0333333
NODE_133_length_5728_cov_16.351039	63	134	0	71	71	1.0000000
NODE_133_length_5728_cov_16.351039	2960	3040	0	18	80	0.2250000
NODE_133_length_5728_cov_16.351039	2960	3040	2	53	80	0.6625000
NODE_133_length_5728_cov_16.351039	2960	3040	3	9	80	0.1125000
NODE_133_length_5728_cov_16.351039	5106	5172	11	11	66	0.1666667
NODE_133_length_5728_cov_16.351039	5106	5172	12	6	66	0.0909091
NODE_133_length_5728_cov_16.351039	5106	5172	13	25	66	0.3787879
NODE_133_length_5728_cov_16.351039	5106	5172	14	14	66	0.2121212
NODE_133_length_5728_cov_16.351039	5106	5172	15	6	66	0.0909091
NODE_133_length_5728_cov_16.351039	5106	5172	16	3	66	0.0454545
NODE_133_length_5728_cov_16.351039	5106	5172	17	1	66	0.0151515
NODE_133_length_5728_cov_16.351039	5145	5225	13	12	80	0.1500000
NODE_133_length_5728_cov_16.351039	5145	5225	14	5	80	0.0625000
NODE_133_length_5728_cov_16.351039	5145	5225	15	10	80	0.1250000
NODE_133_length_5728_cov_16.351039	5145	5225	16	5	80	0.0625000
NODE_133_length_5728_cov_16.351039	5145	5225	17	11	80	0.1375000
NODE_133_length_5728_cov_16.351039	5145	5225	18	3	80	0.0375000
NODE_133_length_5728_cov_16.351039	5145	5225	19	7	80	0.0875000
NODE_133_length_5728_cov_16.351039	5145	5225	21	2	80	0.0250000
NODE_133_length_5728_cov_16.351039	5145	5225	22	22	80	0.2750000
NODE_133_length_5728_cov_16.351039	5145	5225	24	3	80	0.0375000
NODE_137_length_5696_cov_20.656244	179	258	1	22	79	0.2784810
NODE_137_length_5696_cov_20.656244	179	258	2	57	79	0.7215190
NODE_137_length_5696_cov_20.656244	231	311	2	28	80	0.3500000
NODE_137_length_5696_cov_20.656244	231	311	3	12	80	0.1500000
NODE_137_length_5696_cov_20.656244	231	311	4	28	80	0.3500000
NODE_137_length_5696_cov_20.656244	231	311	5	12	80	0.1500000
NODE_137_length_5696_cov_20.656244	307	387	4	32	80	0.4000000
NODE_137_length_5696_cov_20.656244	307	387	5	30	80	0.3750000
NODE_137_length_5696_cov_20.656244	307	387	6	18	80	0.2250000
NODE_137_length_5696_cov_20.656244	360	440	2	19	80	0.2375000
NODE_137_length_5696_cov_20.656244	360	440	3	12	80	0.1500000
NODE_137_length_5696_cov_20.656244	360	440	4	49	80	0.6125000
NODE_137_length_5696_cov_20.656244	5100	5180	3	29	80	0.3625000
NODE_137_length_5696_cov_20.656244	5100	5180	4	23	80	0.2875000
NODE_137_length_5696_cov_20.656244	5100	5180	5	28	80	0.3500000
NODE_137_length_5696_cov_20.656244	5153	5233	5	62	80	0.7750000
NODE_137_length_5696_cov_20.656244	5153	5233	6	18	80	0.2250000
NODE_137_length_5696_cov_20.656244	5280	5360	2	13	80	0.1625000
NODE_137_length_5696_cov_20.656244	5280	5360	3	20	80	0.2500000
NODE_137_length_5696_cov_20.656244	5280	5360	4	32	80	0.4000000
NODE_137_length_5696_cov_20.656244	5280	5360	5	15	80	0.1875000
NODE_137_length_5696_cov_20.656244	5333	5413	3	11	80	0.1375000
NODE_137_length_5696_cov_20.656244	5333	5413	4	1	80	0.0125000
NODE_137_length_5696_cov_20.656244	5333	5413	5	68	80	0.8500000
NODE_139_length_5681_cov_68.065030	253	333	2	43	80	0.5375000
NODE_139_length_5681_cov_68.065030	253	333	4	37	80	0.4625000
NODE_139_length_5681_cov_68.065030	306	386	0	29	80	0.3625000
NODE_139_length_5681_cov_68.065030	306	386	1	24	80	0.3000000
NODE_139_length_5681_cov_68.065030	306	386	2	27	80	0.3375000
NODE_139_length_5681_cov_68.065030	4762	4842	29	7	80	0.0875000
NODE_139_length_5681_cov_68.065030	4762	4842	30	3	80	0.0375000
NODE_139_length_5681_cov_68.065030	4762	4842	31	9	80	0.1125000
NODE_139_length_5681_cov_68.065030	4762	4842	33	10	80	0.1250000
NODE_139_length_5681_cov_68.065030	4762	4842	34	7	80	0.0875000
NODE_139_length_5681_cov_68.065030	4762	4842	35	2	80	0.0250000
NODE_139_length_5681_cov_68.065030	4762	4842	36	26	80	0.3250000
NODE_139_length_5681_cov_68.065030	4762	4842	37	11	80	0.1375000
NODE_139_length_5681_cov_68.065030	4762	4842	38	5	80	0.0625000
NODE_139_length_5681_cov_68.065030	4762	4842	29	7	80	0.0875000
NODE_139_length_5681_cov_68.065030	4762	4842	30	3	80	0.0375000
NODE_139_length_5681_cov_68.065030	4762	4842	31	9	80	0.1125000
NODE_139_length_5681_cov_68.065030	4762	4842	33	10	80	0.1250000
NODE_139_length_5681_cov_68.065030	4762	4842	34	7	80	0.0875000
NODE_139_length_5681_cov_68.065030	4762	4842	35	2	80	0.0250000
NODE_139_length_5681_cov_68.065030	4762	4842	36	26	80	0.3250000
NODE_139_length_5681_cov_68.065030	4762	4842	37	11	80	0.1375000
NODE_139_length_5681_cov_68.065030	4762	4842	38	5	80	0.0625000
NODE_139_length_5681_cov_68.065030	4762	4842	29	7	80	0.0875000
NODE_139_length_5681_cov_68.065030	4762	4842	30	3	80	0.0375000
NODE_139_length_5681_cov_68.065030	4762	4842	31	9	80	0.1125000
NODE_139_length_5681_cov_68.065030	4762	4842	33	10	80	0.1250000
NODE_139_length_5681_cov_68.065030	4762	4842	34	7	80	0.0875000
NODE_139_length_5681_cov_68.065030	4762	4842	35	2	80	0.0250000
NODE_139_length_5681_cov_68.065030	4762	4842	36	26	80	0.3250000
NODE_139_length_5681_cov_68.065030	4762	4842	37	11	80	0.1375000
NODE_139_length_5681_cov_68.065030	4762	4842	38	5	80	0.0625000
NODE_139_length_5681_cov_68.065030	4762	4842	29	7	80	0.0875000
NODE_139_length_5681_cov_68.065030	4762	4842	30	3	80	0.0375000
NODE_139_length_5681_cov_68.065030	4762	4842	31	9	80	0.1125000
NODE_139_length_5681_cov_68.065030	4762	4842	33	10	80	0.1250000
NODE_139_length_5681_cov_68.065030	4762	4842	34	7	80	0.0875000
NODE_139_length_5681_cov_68.065030	4762	4842	35	2	80	0.0250000
NODE_139_length_5681_cov_68.065030	4762	4842	36	26	80	0.3250000
NODE_139_length_5681_cov_68.065030	4762	4842	37	11	80	0.1375000
NODE_139_length_5681_cov_68.065030	4762	4842	38	5	80	0.0625000
NODE_139_length_5681_cov_68.065030	4762	4842	29	7	80	0.0875000
NODE_139_length_5681_cov_68.065030	4762	4842	30	3	80	0.0375000
NODE_139_length_5681_cov_68.065030	4762	4842	31	9	80	0.1125000
NODE_139_length_5681_cov_68.065030	4762	4842	33	10	80	0.1250000
NODE_139_length_5681_cov_68.065030	4762	4842	34	7	80	0.0875000
NODE_139_length_5681_cov_68.065030	4762	4842	35	2	80	0.0250000
NODE_139_length_5681_cov_68.065030	4762	4842	36	26	80	0.3250000
NODE_139_length_5681_cov_68.065030	4762	4842	37	11	80	0.1375000
NODE_139_length_5681_cov_68.065030	4762	4842	38	5	80	0.0625000
NODE_139_length_5681_cov_68.065030	4762	4842	29	7	80	0.0875000
NODE_139_length_5681_cov_68.065030	4762	4842	30	3	80	0.0375000
NODE_139_length_5681_cov_68.065030	4762	4842	31	9	80	0.1125000
NODE_139_length_5681_cov_68.065030	4762	4842	33	10	80	0.1250000
NODE_139_length_5681_cov_68.065030	4762	4842	34	7	80	0.0875000
NODE_139_length_5681_cov_68.065030	4762	4842	35	2	80	0.0250000
NODE_139_length_5681_cov_68.065030	4762	4842	36	26	80	0.3250000
NODE_139_length_5681_cov_68.065030	4762	4842	37	11	80	0.1375000
NODE_139_length_5681_cov_68.065030	4762	4842	38	5	80	0.0625000
NODE_139_length_5681_cov_68.065030	4769	4839	29	7	70	0.1000000
NODE_139_length_5681_cov_68.065030	4769	4839	30	3	70	0.0428571
NODE_139_length_5681_cov_68.065030	4769	4839	31	9	70	0.1285714
NODE_139_length_5681_cov_68.065030	4769	4839	33	10	70	0.1428571
NODE_139_length_5681_cov_68.065030	4769	4839	35	2	70	0.0285714
NODE_139_length_5681_cov_68.065030	4769	4839	36	26	70	0.3714286
NODE_139_length_5681_cov_68.065030	4769	4839	37	11	70	0.1571429
NODE_139_length_5681_cov_68.065030	4769	4839	38	2	70	0.0285714
NODE_139_length_5681_cov_68.065030	4771	4842	29	7	71	0.0985916
NODE_139_length_5681_cov_68.065030	4771	4842	30	3	71	0.0422535
NODE_139_length_5681_cov_68.065030	4771	4842	31	9	71	0.1267606
NODE_139_length_5681_cov_68.065030	4771	4842	33	10	71	0.1408451
NODE_139_length_5681_cov_68.065030	4771	4842	35	2	71	0.0281690
NODE_139_length_5681_cov_68.065030	4771	4842	36	24	71	0.3380282
NODE_139_length_5681_cov_68.065030	4771	4842	37	11	71	0.1549296
NODE_139_length_5681_cov_68.065030	4771	4842	38	5	71	0.0704225
NODE_139_length_5681_cov_68.065030	4815	4895	21	1	80	0.0125000
NODE_139_length_5681_cov_68.065030	4815	4895	22	29	80	0.3625000
NODE_139_length_5681_cov_68.065030	4815	4895	23	17	80	0.2125000
NODE_139_length_5681_cov_68.065030	4815	4895	35	1	80	0.0125000
NODE_139_length_5681_cov_68.065030	4815	4895	36	11	80	0.1375000
NODE_139_length_5681_cov_68.065030	4815	4895	37	10	80	0.1250000
NODE_139_length_5681_cov_68.065030	4815	4895	38	11	80	0.1375000
NODE_139_length_5681_cov_68.065030	4815	4895	21	1	80	0.0125000
NODE_139_length_5681_cov_68.065030	4815	4895	22	29	80	0.3625000
NODE_139_length_5681_cov_68.065030	4815	4895	23	17	80	0.2125000
NODE_139_length_5681_cov_68.065030	4815	4895	35	1	80	0.0125000
NODE_139_length_5681_cov_68.065030	4815	4895	36	11	80	0.1375000
NODE_139_length_5681_cov_68.065030	4815	4895	37	10	80	0.1250000
NODE_139_length_5681_cov_68.065030	4815	4895	38	11	80	0.1375000
NODE_139_length_5681_cov_68.065030	4815	4895	21	1	80	0.0125000
NODE_139_length_5681_cov_68.065030	4815	4895	22	29	80	0.3625000
NODE_139_length_5681_cov_68.065030	4815	4895	23	17	80	0.2125000
NODE_139_length_5681_cov_68.065030	4815	4895	35	1	80	0.0125000
NODE_139_length_5681_cov_68.065030	4815	4895	36	11	80	0.1375000
NODE_139_length_5681_cov_68.065030	4815	4895	37	10	80	0.1250000
NODE_139_length_5681_cov_68.065030	4815	4895	38	11	80	0.1375000
NODE_139_length_5681_cov_68.065030	4815	4895	21	1	80	0.0125000
NODE_139_length_5681_cov_68.065030	4815	4895	22	29	80	0.3625000
NODE_139_length_5681_cov_68.065030	4815	4895	23	17	80	0.2125000
NODE_139_length_5681_cov_68.065030	4815	4895	35	1	80	0.0125000
NODE_139_length_5681_cov_68.065030	4815	4895	36	11	80	0.1375000
NODE_139_length_5681_cov_68.065030	4815	4895	37	10	80	0.1250000
NODE_139_length_5681_cov_68.065030	4815	4895	38	11	80	0.1375000
NODE_139_length_5681_cov_68.065030	4815	4895	21	1	80	0.0125000
NODE_139_length_5681_cov_68.065030	4815	4895	22	29	80	0.3625000
NODE_139_length_5681_cov_68.065030	4815	4895	23	17	80	0.2125000
NODE_139_length_5681_cov_68.065030	4815	4895	35	1	80	0.0125000
NODE_139_length_5681_cov_68.065030	4815	4895	36	11	80	0.1375000
NODE_139_length_5681_cov_68.065030	4815	4895	37	10	80	0.1250000
NODE_139_length_5681_cov_68.065030	4815	4895	38	11	80	0.1375000
NODE_139_length_5681_cov_68.065030	4815	4895	21	1	80	0.0125000
NODE_139_length_5681_cov_68.065030	4815	4895	22	29	80	0.3625000
NODE_139_length_5681_cov_68.065030	4815	4895	23	17	80	0.2125000
NODE_139_length_5681_cov_68.065030	4815	4895	35	1	80	0.0125000
NODE_139_length_5681_cov_68.065030	4815	4895	36	11	80	0.1375000
NODE_139_length_5681_cov_68.065030	4815	4895	37	10	80	0.1250000
NODE_139_length_5681_cov_68.065030	4815	4895	38	11	80	0.1375000
NODE_139_length_5681_cov_68.065030	4891	4971	10	1	80	0.0125000
NODE_139_length_5681_cov_68.065030	4891	4971	11	14	80	0.1750000
NODE_139_length_5681_cov_68.065030	4891	4971	12	11	80	0.1375000
NODE_139_length_5681_cov_68.065030	4891	4971	13	23	80	0.2875000
NODE_139_length_5681_cov_68.065030	4891	4971	14	8	80	0.1000000
NODE_139_length_5681_cov_68.065030	4891	4971	16	4	80	0.0500000
NODE_139_length_5681_cov_68.065030	4891	4971	17	3	80	0.0375000
NODE_139_length_5681_cov_68.065030	4891	4971	18	2	80	0.0250000
NODE_139_length_5681_cov_68.065030	4891	4971	19	2	80	0.0250000
NODE_139_length_5681_cov_68.065030	4891	4971	21	1	80	0.0125000
NODE_139_length_5681_cov_68.065030	4891	4971	22	9	80	0.1125000
NODE_139_length_5681_cov_68.065030	4891	4971	23	2	80	0.0250000
NODE_139_length_5681_cov_68.065030	4944	5007	9	1	63	0.0158730
NODE_139_length_5681_cov_68.065030	4944	5007	10	31	63	0.4920635
NODE_139_length_5681_cov_68.065030	4944	5007	11	17	63	0.2698413
NODE_139_length_5681_cov_68.065030	4944	5007	13	9	63	0.1428571
NODE_139_length_5681_cov_68.065030	4944	5007	14	5	63	0.0793651
NODE_139_length_5681_cov_68.065030	4944	5024	7	7	80	0.0875000
NODE_139_length_5681_cov_68.065030	4944	5024	8	4	80	0.0500000
NODE_139_length_5681_cov_68.065030	4944	5024	9	7	80	0.0875000
NODE_139_length_5681_cov_68.065030	4944	5024	10	31	80	0.3875000
NODE_139_length_5681_cov_68.065030	4944	5024	11	17	80	0.2125000
NODE_139_length_5681_cov_68.065030	4944	5024	13	9	80	0.1125000
NODE_139_length_5681_cov_68.065030	4944	5024	14	5	80	0.0625000
NODE_140_length_5677_cov_21.613482	1792	1863	9	1	71	0.0140845
NODE_140_length_5677_cov_21.613482	1792	1863	10	2	71	0.0281690
NODE_140_length_5677_cov_21.613482	1792	1863	11	2	71	0.0281690
NODE_140_length_5677_cov_21.613482	1792	1863	13	15	71	0.2112676
NODE_140_length_5677_cov_21.613482	1792	1863	14	19	71	0.2676056
NODE_140_length_5677_cov_21.613482	1792	1863	15	7	71	0.0985916
NODE_140_length_5677_cov_21.613482	1792	1863	16	4	71	0.0563380
NODE_140_length_5677_cov_21.613482	1792	1863	17	12	71	0.1690141
NODE_140_length_5677_cov_21.613482	1792	1863	18	5	71	0.0704225
NODE_140_length_5677_cov_21.613482	1792	1863	19	3	71	0.0422535
NODE_140_length_5677_cov_21.613482	1792	1863	20	1	71	0.0140845
NODE_140_length_5677_cov_21.613482	1845	1916	9	6	71	0.0845070
NODE_140_length_5677_cov_21.613482	1845	1916	10	19	71	0.2676056
NODE_140_length_5677_cov_21.613482	1845	1916	11	13	71	0.1830986
NODE_140_length_5677_cov_21.613482	1845	1916	12	13	71	0.1830986
NODE_140_length_5677_cov_21.613482	1845	1916	13	17	71	0.2394366
NODE_140_length_5677_cov_21.613482	1845	1916	14	3	71	0.0422535
NODE_142_length_5631_cov_25.927332	96	176	8	9	80	0.1125000
NODE_142_length_5631_cov_25.927332	96	176	9	19	80	0.2375000
NODE_142_length_5631_cov_25.927332	96	176	10	34	80	0.4250000
NODE_142_length_5631_cov_25.927332	96	176	11	18	80	0.2250000
NODE_142_length_5631_cov_25.927332	149	229	6	2	80	0.0250000
NODE_142_length_5631_cov_25.927332	149	229	7	12	80	0.1500000
NODE_142_length_5631_cov_25.927332	149	229	8	1	80	0.0125000
NODE_142_length_5631_cov_25.927332	149	229	9	44	80	0.5500000
NODE_142_length_5631_cov_25.927332	149	229	10	4	80	0.0500000
NODE_142_length_5631_cov_25.927332	149	229	11	17	80	0.2125000
NODE_146_length_5588_cov_40.961377	2793	2873	2	7	80	0.0875000
NODE_146_length_5588_cov_40.961377	2793	2873	3	11	80	0.1375000
NODE_146_length_5588_cov_40.961377	2793	2873	5	24	80	0.3000000
NODE_146_length_5588_cov_40.961377	2793	2873	6	18	80	0.2250000
NODE_146_length_5588_cov_40.961377	2793	2873	7	20	80	0.2500000
NODE_146_length_5588_cov_40.961377	2846	2926	6	16	80	0.2000000
NODE_146_length_5588_cov_40.961377	2846	2926	7	52	80	0.6500000
NODE_146_length_5588_cov_40.961377	2846	2926	8	12	80	0.1500000
NODE_146_length_5588_cov_40.961377	2922	3002	5	7	80	0.0875000
NODE_146_length_5588_cov_40.961377	2922	3002	7	14	80	0.1750000
NODE_146_length_5588_cov_40.961377	2922	3002	9	2	80	0.0250000
NODE_146_length_5588_cov_40.961377	2922	3002	10	1	80	0.0125000
NODE_146_length_5588_cov_40.961377	2922	3002	11	1	80	0.0125000
NODE_146_length_5588_cov_40.961377	2922	3002	12	4	80	0.0500000
NODE_146_length_5588_cov_40.961377	2922	3002	13	10	80	0.1250000
NODE_146_length_5588_cov_40.961377	2922	3002	14	26	80	0.3250000
NODE_146_length_5588_cov_40.961377	2922	3002	15	15	80	0.1875000
NODE_146_length_5588_cov_40.961377	2975	3055	7	31	80	0.3875000
NODE_146_length_5588_cov_40.961377	2975	3055	9	7	80	0.0875000
NODE_146_length_5588_cov_40.961377	2975	3055	13	14	80	0.1750000
NODE_146_length_5588_cov_40.961377	2975	3055	14	18	80	0.2250000
NODE_146_length_5588_cov_40.961377	2975	3055	15	10	80	0.1250000
NODE_149_length_5578_cov_5.173389	331	411	2	1	80	0.0125000
NODE_149_length_5578_cov_5.173389	331	411	3	3	80	0.0375000
NODE_149_length_5578_cov_5.173389	331	411	4	3	80	0.0375000
NODE_149_length_5578_cov_5.173389	331	411	5	12	80	0.1500000
NODE_149_length_5578_cov_5.173389	331	411	6	19	80	0.2375000
NODE_149_length_5578_cov_5.173389	331	411	7	28	80	0.3500000
NODE_149_length_5578_cov_5.173389	331	411	8	14	80	0.1750000
NODE_149_length_5578_cov_5.173389	388	464	7	31	76	0.4078947
NODE_149_length_5578_cov_5.173389	388	464	8	45	76	0.5921053
NODE_150_length_5572_cov_79.124246	1555	1627	9	1	72	0.0138889
NODE_150_length_5572_cov_79.124246	1555	1627	10	4	72	0.0555556
NODE_150_length_5572_cov_79.124246	1555	1627	11	6	72	0.0833333
NODE_150_length_5572_cov_79.124246	1555	1627	12	10	72	0.1388889
NODE_150_length_5572_cov_79.124246	1555	1627	14	4	72	0.0555556
NODE_150_length_5572_cov_79.124246	1555	1627	15	1	72	0.0138889
NODE_150_length_5572_cov_79.124246	1555	1627	16	2	72	0.0277778
NODE_150_length_5572_cov_79.124246	1555	1627	18	4	72	0.0555556
NODE_150_length_5572_cov_79.124246	1555	1627	19	1	72	0.0138889
NODE_150_length_5572_cov_79.124246	1555	1627	20	5	72	0.0694444
NODE_150_length_5572_cov_79.124246	1555	1627	21	4	72	0.0555556
NODE_150_length_5572_cov_79.124246	1555	1627	22	18	72	0.2500000
NODE_150_length_5572_cov_79.124246	1555	1627	24	4	72	0.0555556
NODE_150_length_5572_cov_79.124246	1555	1627	25	2	72	0.0277778
NODE_150_length_5572_cov_79.124246	1555	1627	26	3	72	0.0416667
NODE_150_length_5572_cov_79.124246	1555	1627	27	3	72	0.0416667
NODE_150_length_5572_cov_79.124246	1603	1680	22	12	77	0.1558442
NODE_150_length_5572_cov_79.124246	1603	1680	24	4	77	0.0519481
NODE_150_length_5572_cov_79.124246	1603	1680	25	2	77	0.0259740
NODE_150_length_5572_cov_79.124246	1603	1680	26	3	77	0.0389610
NODE_150_length_5572_cov_79.124246	1603	1680	27	5	77	0.0649351
NODE_150_length_5572_cov_79.124246	1603	1680	28	4	77	0.0519481
NODE_150_length_5572_cov_79.124246	1603	1680	30	1	77	0.0129870
NODE_150_length_5572_cov_79.124246	1603	1680	31	1	77	0.0129870
NODE_150_length_5572_cov_79.124246	1603	1680	34	3	77	0.0389610
NODE_150_length_5572_cov_79.124246	1603	1680	35	1	77	0.0129870
NODE_150_length_5572_cov_79.124246	1603	1680	36	7	77	0.0909091
NODE_150_length_5572_cov_79.124246	1603	1680	38	1	77	0.0129870
NODE_150_length_5572_cov_79.124246	1603	1680	40	6	77	0.0779221
NODE_150_length_5572_cov_79.124246	1603	1680	41	1	77	0.0129870
NODE_150_length_5572_cov_79.124246	1603	1680	42	7	77	0.0909091
NODE_150_length_5572_cov_79.124246	1603	1680	43	1	77	0.0129870
NODE_150_length_5572_cov_79.124246	1603	1680	45	1	77	0.0129870
NODE_150_length_5572_cov_79.124246	1603	1680	46	1	77	0.0129870
NODE_150_length_5572_cov_79.124246	1603	1680	48	1	77	0.0129870
NODE_150_length_5572_cov_79.124246	1603	1680	50	1	77	0.0129870
NODE_150_length_5572_cov_79.124246	1603	1680	52	4	77	0.0519481
NODE_150_length_5572_cov_79.124246	1603	1680	54	1	77	0.0129870
NODE_150_length_5572_cov_79.124246	1603	1680	56	1	77	0.0129870
NODE_150_length_5572_cov_79.124246	1603	1680	57	2	77	0.0259740
NODE_150_length_5572_cov_79.124246	1603	1680	59	2	77	0.0259740
NODE_150_length_5572_cov_79.124246	1603	1680	64	1	77	0.0129870
NODE_150_length_5572_cov_79.124246	1603	1680	66	1	77	0.0129870
NODE_150_length_5572_cov_79.124246	1603	1680	69	2	77	0.0259740
NODE_150_length_5572_cov_79.124246	1637	1717	34	1	80	0.0125000
NODE_150_length_5572_cov_79.124246	1637	1717	35	1	80	0.0125000
NODE_150_length_5572_cov_79.124246	1637	1717	36	7	80	0.0875000
NODE_150_length_5572_cov_79.124246	1637	1717	38	1	80	0.0125000
NODE_150_length_5572_cov_79.124246	1637	1717	40	6	80	0.0750000
NODE_150_length_5572_cov_79.124246	1637	1717	41	1	80	0.0125000
NODE_150_length_5572_cov_79.124246	1637	1717	42	7	80	0.0875000
NODE_150_length_5572_cov_79.124246	1637	1717	43	1	80	0.0125000
NODE_150_length_5572_cov_79.124246	1637	1717	45	1	80	0.0125000
NODE_150_length_5572_cov_79.124246	1637	1717	46	1	80	0.0125000
NODE_150_length_5572_cov_79.124246	1637	1717	48	1	80	0.0125000
NODE_150_length_5572_cov_79.124246	1637	1717	50	1	80	0.0125000
NODE_150_length_5572_cov_79.124246	1637	1717	52	4	80	0.0500000
NODE_150_length_5572_cov_79.124246	1637	1717	54	1	80	0.0125000
NODE_150_length_5572_cov_79.124246	1637	1717	56	1	80	0.0125000
NODE_150_length_5572_cov_79.124246	1637	1717	57	2	80	0.0250000
NODE_150_length_5572_cov_79.124246	1637	1717	59	2	80	0.0250000
NODE_150_length_5572_cov_79.124246	1637	1717	64	1	80	0.0125000
NODE_150_length_5572_cov_79.124246	1637	1717	66	1	80	0.0125000
NODE_150_length_5572_cov_79.124246	1637	1717	69	3	80	0.0375000
NODE_150_length_5572_cov_79.124246	1637	1717	70	1	80	0.0125000
NODE_150_length_5572_cov_79.124246	1637	1717	71	5	80	0.0625000
NODE_150_length_5572_cov_79.124246	1637	1717	72	3	80	0.0375000
NODE_150_length_5572_cov_79.124246	1637	1717	75	2	80	0.0250000
NODE_150_length_5572_cov_79.124246	1637	1717	76	2	80	0.0250000
NODE_150_length_5572_cov_79.124246	1637	1717	80	3	80	0.0375000
NODE_150_length_5572_cov_79.124246	1637	1717	81	3	80	0.0375000
NODE_150_length_5572_cov_79.124246	1637	1717	82	2	80	0.0250000
NODE_150_length_5572_cov_79.124246	1637	1717	83	2	80	0.0250000
NODE_150_length_5572_cov_79.124246	1637	1717	84	9	80	0.1125000
NODE_150_length_5572_cov_79.124246	1637	1717	85	4	80	0.0500000
NODE_150_length_5572_cov_79.124246	1690	1770	47	3	80	0.0375000
NODE_150_length_5572_cov_79.124246	1690	1770	49	1	80	0.0125000
NODE_150_length_5572_cov_79.124246	1690	1770	51	2	80	0.0250000
NODE_150_length_5572_cov_79.124246	1690	1770	53	4	80	0.0500000
NODE_150_length_5572_cov_79.124246	1690	1770	57	4	80	0.0500000
NODE_150_length_5572_cov_79.124246	1690	1770	61	1	80	0.0125000
NODE_150_length_5572_cov_79.124246	1690	1770	63	3	80	0.0375000
NODE_150_length_5572_cov_79.124246	1690	1770	65	1	80	0.0125000
NODE_150_length_5572_cov_79.124246	1690	1770	66	5	80	0.0625000
NODE_150_length_5572_cov_79.124246	1690	1770	68	3	80	0.0375000
NODE_150_length_5572_cov_79.124246	1690	1770	70	4	80	0.0500000
NODE_150_length_5572_cov_79.124246	1690	1770	72	1	80	0.0125000
NODE_150_length_5572_cov_79.124246	1690	1770	73	1	80	0.0125000
NODE_150_length_5572_cov_79.124246	1690	1770	75	2	80	0.0250000
NODE_150_length_5572_cov_79.124246	1690	1770	76	8	80	0.1000000
NODE_150_length_5572_cov_79.124246	1690	1770	79	1	80	0.0125000
NODE_150_length_5572_cov_79.124246	1690	1770	80	7	80	0.0875000
NODE_150_length_5572_cov_79.124246	1690	1770	81	3	80	0.0375000
NODE_150_length_5572_cov_79.124246	1690	1770	82	11	80	0.1375000
NODE_150_length_5572_cov_79.124246	1690	1770	83	2	80	0.0250000
NODE_150_length_5572_cov_79.124246	1690	1770	84	9	80	0.1125000
NODE_150_length_5572_cov_79.124246	1690	1770	85	4	80	0.0500000
NODE_150_length_5572_cov_79.124246	5130	5210	3	6	80	0.0750000
NODE_150_length_5572_cov_79.124246	5130	5210	4	26	80	0.3250000
NODE_150_length_5572_cov_79.124246	5130	5210	6	18	80	0.2250000
NODE_150_length_5572_cov_79.124246	5130	5210	7	30	80	0.3750000
NODE_150_length_5572_cov_79.124246	5183	5263	6	42	80	0.5250000
NODE_150_length_5572_cov_79.124246	5183	5263	7	38	80	0.4750000
NODE_151_length_5557_cov_26.198241	341	414	2	73	73	1.0000000
NODE_151_length_5557_cov_26.198241	394	460	2	66	66	1.0000000
NODE_156_length_5500_cov_35.832438	81	161	1	6	80	0.0750000
NODE_156_length_5500_cov_35.832438	81	161	3	32	80	0.4000000
NODE_156_length_5500_cov_35.832438	81	161	4	42	80	0.5250000
NODE_156_length_5500_cov_35.832438	134	214	2	13	80	0.1625000
NODE_156_length_5500_cov_35.832438	134	214	4	67	80	0.8375000
NODE_159_length_5470_cov_5.987526	5180	5249	2	69	69	1.0000000
NODE_160_length_5434_cov_14.997751	541	621	1	1	80	0.0125000
NODE_160_length_5434_cov_14.997751	541	621	2	79	80	0.9875000
NODE_160_length_5434_cov_14.997751	594	674	1	52	80	0.6500000
NODE_160_length_5434_cov_14.997751	594	674	2	28	80	0.3500000
NODE_160_length_5434_cov_14.997751	2664	2744	0	80	80	1.0000000
NODE_160_length_5434_cov_14.997751	2717	2797	0	80	80	1.0000000
NODE_160_length_5434_cov_14.997751	3041	3093	5	43	52	0.8269231
NODE_160_length_5434_cov_14.997751	3041	3093	6	9	52	0.1730769
NODE_160_length_5434_cov_14.997751	3419	3467	9	9	48	0.1875000
NODE_160_length_5434_cov_14.997751	3419	3467	10	1	48	0.0208333
NODE_160_length_5434_cov_14.997751	3419	3467	12	38	48	0.7916667
NODE_161_length_5425_cov_15.812242	141	218	4	1	77	0.0129870
NODE_161_length_5425_cov_15.812242	141	218	5	2	77	0.0259740
NODE_161_length_5425_cov_15.812242	141	218	7	8	77	0.1038961
NODE_161_length_5425_cov_15.812242	141	218	8	4	77	0.0519481
NODE_161_length_5425_cov_15.812242	141	218	9	1	77	0.0129870
NODE_161_length_5425_cov_15.812242	141	218	10	1	77	0.0129870
NODE_161_length_5425_cov_15.812242	141	218	12	2	77	0.0259740
NODE_161_length_5425_cov_15.812242	141	218	13	22	77	0.2857143
NODE_161_length_5425_cov_15.812242	141	218	16	5	77	0.0649351
NODE_161_length_5425_cov_15.812242	141	218	17	2	77	0.0259740
NODE_161_length_5425_cov_15.812242	141	218	18	3	77	0.0389610
NODE_161_length_5425_cov_15.812242	141	218	20	6	77	0.0779221
NODE_161_length_5425_cov_15.812242	141	218	22	3	77	0.0389610
NODE_161_length_5425_cov_15.812242	141	218	24	2	77	0.0259740
NODE_161_length_5425_cov_15.812242	141	218	27	1	77	0.0129870
NODE_161_length_5425_cov_15.812242	141	218	28	1	77	0.0129870
NODE_161_length_5425_cov_15.812242	141	218	30	1	77	0.0129870
NODE_161_length_5425_cov_15.812242	141	218	32	1	77	0.0129870
NODE_161_length_5425_cov_15.812242	141	218	33	4	77	0.0519481
NODE_161_length_5425_cov_15.812242	141	218	34	1	77	0.0129870
NODE_161_length_5425_cov_15.812242	141	218	35	1	77	0.0129870
NODE_161_length_5425_cov_15.812242	141	218	36	3	77	0.0389610
NODE_161_length_5425_cov_15.812242	141	218	38	1	77	0.0129870
NODE_161_length_5425_cov_15.812242	141	218	40	1	77	0.0129870
NODE_161_length_5425_cov_15.812242	841	921	0	80	80	1.0000000
NODE_161_length_5425_cov_15.812242	894	974	0	80	80	1.0000000
NODE_163_length_5402_cov_5.397322	191	263	3	20	72	0.2777778
NODE_163_length_5402_cov_5.397322	191	263	4	28	72	0.3888889
NODE_163_length_5402_cov_5.397322	191	263	5	24	72	0.3333333
NODE_163_length_5402_cov_5.397322	2305	2385	11	1	80	0.0125000
NODE_163_length_5402_cov_5.397322	2305	2385	15	7	80	0.0875000
NODE_163_length_5402_cov_5.397322	2305	2385	17	14	80	0.1750000
NODE_163_length_5402_cov_5.397322	2305	2385	18	2	80	0.0250000
NODE_163_length_5402_cov_5.397322	2305	2385	19	4	80	0.0500000
NODE_163_length_5402_cov_5.397322	2305	2385	20	37	80	0.4625000
NODE_163_length_5402_cov_5.397322	2305	2385	21	15	80	0.1875000
NODE_163_length_5402_cov_5.397322	2358	2438	17	6	80	0.0750000
NODE_163_length_5402_cov_5.397322	2358	2438	18	8	80	0.1000000
NODE_163_length_5402_cov_5.397322	2358	2438	19	3	80	0.0375000
NODE_163_length_5402_cov_5.397322	2358	2438	20	13	80	0.1625000
NODE_163_length_5402_cov_5.397322	2358	2438	21	19	80	0.2375000
NODE_163_length_5402_cov_5.397322	2358	2438	22	7	80	0.0875000
NODE_163_length_5402_cov_5.397322	2358	2438	23	15	80	0.1875000
NODE_163_length_5402_cov_5.397322	2358	2438	24	4	80	0.0500000
NODE_163_length_5402_cov_5.397322	2358	2438	25	5	80	0.0625000
NODE_164_length_5383_cov_15.680545	205	285	1	51	80	0.6375000
NODE_164_length_5383_cov_15.680545	205	285	2	29	80	0.3625000
NODE_164_length_5383_cov_15.680545	258	317	1	12	59	0.2033898
NODE_164_length_5383_cov_15.680545	258	317	2	47	59	0.7966102
NODE_164_length_5383_cov_15.680545	2042	2122	14	11	80	0.1375000
NODE_164_length_5383_cov_15.680545	2042	2122	15	16	80	0.2000000
NODE_164_length_5383_cov_15.680545	2042	2122	16	13	80	0.1625000
NODE_164_length_5383_cov_15.680545	2042	2122	17	10	80	0.1250000
NODE_164_length_5383_cov_15.680545	2042	2122	18	11	80	0.1375000
NODE_164_length_5383_cov_15.680545	2042	2122	19	19	80	0.2375000
NODE_164_length_5383_cov_15.680545	2095	2175	3	3	80	0.0375000
NODE_164_length_5383_cov_15.680545	2095	2175	4	10	80	0.1250000
NODE_164_length_5383_cov_15.680545	2095	2175	5	10	80	0.1250000
NODE_164_length_5383_cov_15.680545	2095	2175	6	3	80	0.0375000
NODE_164_length_5383_cov_15.680545	2095	2175	7	1	80	0.0125000
NODE_164_length_5383_cov_15.680545	2095	2175	8	2	80	0.0250000
NODE_164_length_5383_cov_15.680545	2095	2175	9	3	80	0.0375000
NODE_164_length_5383_cov_15.680545	2095	2175	11	1	80	0.0125000
NODE_164_length_5383_cov_15.680545	2095	2175	12	6	80	0.0750000
NODE_164_length_5383_cov_15.680545	2095	2175	13	6	80	0.0750000
NODE_164_length_5383_cov_15.680545	2095	2175	14	19	80	0.2375000
NODE_164_length_5383_cov_15.680545	2095	2175	15	16	80	0.2000000
NODE_165_length_5382_cov_16.894378	1301	1347	3	3	46	0.0652174
NODE_165_length_5382_cov_16.894378	1301	1347	5	8	46	0.1739130
NODE_165_length_5382_cov_16.894378	1301	1347	6	12	46	0.2608696
NODE_165_length_5382_cov_16.894378	1301	1347	7	10	46	0.2173913
NODE_165_length_5382_cov_16.894378	1301	1347	8	7	46	0.1521739
NODE_165_length_5382_cov_16.894378	1301	1347	9	6	46	0.1304348
NODE_165_length_5382_cov_16.894378	5056	5082	19	3	26	0.1153846
NODE_165_length_5382_cov_16.894378	5056	5082	20	4	26	0.1538462
NODE_165_length_5382_cov_16.894378	5056	5082	21	5	26	0.1923077
NODE_165_length_5382_cov_16.894378	5056	5082	23	5	26	0.1923077
NODE_165_length_5382_cov_16.894378	5056	5082	25	4	26	0.1538462
NODE_165_length_5382_cov_16.894378	5056	5082	26	1	26	0.0384615
NODE_165_length_5382_cov_16.894378	5056	5082	28	4	26	0.1538462
NODE_165_length_5382_cov_16.894378	5056	5115	19	3	59	0.0508475
NODE_165_length_5382_cov_16.894378	5056	5115	20	4	59	0.0677966
NODE_165_length_5382_cov_16.894378	5056	5115	21	5	59	0.0847458
NODE_165_length_5382_cov_16.894378	5056	5115	23	5	59	0.0847458
NODE_165_length_5382_cov_16.894378	5056	5115	25	4	59	0.0677966
NODE_165_length_5382_cov_16.894378	5056	5115	26	1	59	0.0169492
NODE_165_length_5382_cov_16.894378	5056	5115	28	4	59	0.0677966
NODE_165_length_5382_cov_16.894378	5056	5115	29	8	59	0.1355932
NODE_165_length_5382_cov_16.894378	5056	5115	30	5	59	0.0847458
NODE_165_length_5382_cov_16.894378	5056	5115	31	14	59	0.2372881
NODE_165_length_5382_cov_16.894378	5056	5115	34	1	59	0.0169492
NODE_165_length_5382_cov_16.894378	5056	5115	35	2	59	0.0338983
NODE_165_length_5382_cov_16.894378	5056	5115	36	3	59	0.0508475
NODE_167_length_5339_cov_28.708969	3375	3455	13	1	80	0.0125000
NODE_167_length_5339_cov_28.708969	3375	3455	14	5	80	0.0625000
NODE_167_length_5339_cov_28.708969	3375	3455	15	2	80	0.0250000
NODE_167_length_5339_cov_28.708969	3375	3455	16	1	80	0.0125000
NODE_167_length_5339_cov_28.708969	3375	3455	17	3	80	0.0375000
NODE_167_length_5339_cov_28.708969	3375	3455	18	4	80	0.0500000
NODE_167_length_5339_cov_28.708969	3375	3455	20	18	80	0.2250000
NODE_167_length_5339_cov_28.708969	3375	3455	21	5	80	0.0625000
NODE_167_length_5339_cov_28.708969	3375	3455	23	2	80	0.0250000
NODE_167_length_5339_cov_28.708969	3375	3455	24	1	80	0.0125000
NODE_167_length_5339_cov_28.708969	3375	3455	25	3	80	0.0375000
NODE_167_length_5339_cov_28.708969	3375	3455	27	1	80	0.0125000
NODE_167_length_5339_cov_28.708969	3375	3455	28	1	80	0.0125000
NODE_167_length_5339_cov_28.708969	3375	3455	29	1	80	0.0125000
NODE_167_length_5339_cov_28.708969	3375	3455	32	2	80	0.0250000
NODE_167_length_5339_cov_28.708969	3375	3455	33	18	80	0.2250000
NODE_167_length_5339_cov_28.708969	3375	3455	34	2	80	0.0250000
NODE_167_length_5339_cov_28.708969	3375	3455	35	7	80	0.0875000
NODE_167_length_5339_cov_28.708969	3375	3455	37	1	80	0.0125000
NODE_167_length_5339_cov_28.708969	3375	3455	38	2	80	0.0250000
NODE_167_length_5339_cov_28.708969	3428	3508	33	15	80	0.1875000
NODE_167_length_5339_cov_28.708969	3428	3508	34	2	80	0.0250000
NODE_167_length_5339_cov_28.708969	3428	3508	35	11	80	0.1375000
NODE_167_length_5339_cov_28.708969	3428	3508	36	8	80	0.1000000
NODE_167_length_5339_cov_28.708969	3428	3508	37	17	80	0.2125000
NODE_167_length_5339_cov_28.708969	3428	3508	38	11	80	0.1375000
NODE_167_length_5339_cov_28.708969	3428	3508	39	5	80	0.0625000
NODE_167_length_5339_cov_28.708969	3428	3508	40	1	80	0.0125000
NODE_167_length_5339_cov_28.708969	3428	3508	41	7	80	0.0875000
NODE_167_length_5339_cov_28.708969	3428	3508	42	3	80	0.0375000
NODE_168_length_5336_cov_33.036471	3109	3189	27	2	80	0.0250000
NODE_168_length_5336_cov_33.036471	3109	3189	28	1	80	0.0125000
NODE_168_length_5336_cov_33.036471	3109	3189	29	2	80	0.0250000
NODE_168_length_5336_cov_33.036471	3109	3189	31	2	80	0.0250000
NODE_168_length_5336_cov_33.036471	3109	3189	32	4	80	0.0500000
NODE_168_length_5336_cov_33.036471	3109	3189	33	5	80	0.0625000
NODE_168_length_5336_cov_33.036471	3109	3189	34	14	80	0.1750000
NODE_168_length_5336_cov_33.036471	3109	3189	35	6	80	0.0750000
NODE_168_length_5336_cov_33.036471	3109	3189	36	8	80	0.1000000
NODE_168_length_5336_cov_33.036471	3109	3189	37	2	80	0.0250000
NODE_168_length_5336_cov_33.036471	3109	3189	38	10	80	0.1250000
NODE_168_length_5336_cov_33.036471	3109	3189	39	14	80	0.1750000
NODE_168_length_5336_cov_33.036471	3109	3189	40	7	80	0.0875000
NODE_168_length_5336_cov_33.036471	3109	3189	41	2	80	0.0250000
NODE_168_length_5336_cov_33.036471	3109	3189	42	1	80	0.0125000
NODE_168_length_5336_cov_33.036471	3162	3242	30	4	80	0.0500000
NODE_168_length_5336_cov_33.036471	3162	3242	31	3	80	0.0375000
NODE_168_length_5336_cov_33.036471	3162	3242	35	4	80	0.0500000
NODE_168_length_5336_cov_33.036471	3162	3242	36	7	80	0.0875000
NODE_168_length_5336_cov_33.036471	3162	3242	37	11	80	0.1375000
NODE_168_length_5336_cov_33.036471	3162	3242	38	32	80	0.4000000
NODE_168_length_5336_cov_33.036471	3162	3242	39	9	80	0.1125000
NODE_168_length_5336_cov_33.036471	3162	3242	40	7	80	0.0875000
NODE_168_length_5336_cov_33.036471	3162	3242	41	2	80	0.0250000
NODE_168_length_5336_cov_33.036471	3162	3242	42	1	80	0.0125000
NODE_179_length_5269_cov_23.392650	1905	1985	4	6	80	0.0750000
NODE_179_length_5269_cov_23.392650	1905	1985	6	21	80	0.2625000
NODE_179_length_5269_cov_23.392650	1905	1985	7	30	80	0.3750000
NODE_179_length_5269_cov_23.392650	1905	1985	8	14	80	0.1750000
NODE_179_length_5269_cov_23.392650	1905	1985	9	9	80	0.1125000
NODE_179_length_5269_cov_23.392650	1958	2038	7	17	80	0.2125000
NODE_179_length_5269_cov_23.392650	1958	2038	8	28	80	0.3500000
NODE_179_length_5269_cov_23.392650	1958	2038	9	35	80	0.4375000
NODE_181_length_5207_cov_31.352780	4588	4668	2	8	80	0.1000000
NODE_181_length_5207_cov_31.352780	4588	4668	3	6	80	0.0750000
NODE_181_length_5207_cov_31.352780	4588	4668	4	7	80	0.0875000
NODE_181_length_5207_cov_31.352780	4588	4668	5	11	80	0.1375000
NODE_181_length_5207_cov_31.352780	4588	4668	6	48	80	0.6000000
NODE_181_length_5207_cov_31.352780	4641	4721	4	13	80	0.1625000
NODE_181_length_5207_cov_31.352780	4641	4721	6	36	80	0.4500000
NODE_181_length_5207_cov_31.352780	4641	4721	7	31	80	0.3875000
NODE_183_length_5193_cov_14.930506	4659	4739	10	10	80	0.1250000
NODE_183_length_5193_cov_14.930506	4659	4739	11	24	80	0.3000000
NODE_183_length_5193_cov_14.930506	4659	4739	12	32	80	0.4000000
NODE_183_length_5193_cov_14.930506	4659	4739	13	10	80	0.1250000
NODE_183_length_5193_cov_14.930506	4659	4739	14	4	80	0.0500000
NODE_183_length_5193_cov_14.930506	4712	4792	6	4	80	0.0500000
NODE_183_length_5193_cov_14.930506	4712	4792	7	20	80	0.2500000
NODE_183_length_5193_cov_14.930506	4712	4792	8	7	80	0.0875000
NODE_183_length_5193_cov_14.930506	4712	4792	12	13	80	0.1625000
NODE_183_length_5193_cov_14.930506	4712	4792	13	10	80	0.1250000
NODE_183_length_5193_cov_14.930506	4712	4792	14	26	80	0.3250000
NODE_183_length_5193_cov_14.930506	4788	4868	3	4	80	0.0500000
NODE_183_length_5193_cov_14.930506	4788	4868	4	37	80	0.4625000
NODE_183_length_5193_cov_14.930506	4788	4868	5	32	80	0.4000000
NODE_183_length_5193_cov_14.930506	4788	4868	6	7	80	0.0875000
NODE_183_length_5193_cov_14.930506	4841	4921	1	4	80	0.0500000
NODE_183_length_5193_cov_14.930506	4841	4921	3	32	80	0.4000000
NODE_183_length_5193_cov_14.930506	4841	4921	4	24	80	0.3000000
NODE_183_length_5193_cov_14.930506	4841	4921	5	20	80	0.2500000
NODE_186_length_5159_cov_261.593676	158	227	21	1	69	0.0144928
NODE_186_length_5159_cov_261.593676	158	227	22	21	69	0.3043478
NODE_186_length_5159_cov_261.593676	158	227	23	22	69	0.3188406
NODE_186_length_5159_cov_261.593676	158	227	24	8	69	0.1159420
NODE_186_length_5159_cov_261.593676	158	227	25	3	69	0.0434783
NODE_186_length_5159_cov_261.593676	158	227	28	7	69	0.1014493
NODE_186_length_5159_cov_261.593676	158	227	30	3	69	0.0434783
NODE_186_length_5159_cov_261.593676	158	227	33	3	69	0.0434783
NODE_186_length_5159_cov_261.593676	158	227	35	1	69	0.0144928
NODE_189_length_5138_cov_31.467355	3004	3075	3	1	71	0.0140845
NODE_189_length_5138_cov_31.467355	3004	3075	8	1	71	0.0140845
NODE_189_length_5138_cov_31.467355	3004	3075	9	6	71	0.0845070
NODE_189_length_5138_cov_31.467355	3004	3075	10	7	71	0.0985916
NODE_189_length_5138_cov_31.467355	3004	3075	11	7	71	0.0985916
NODE_189_length_5138_cov_31.467355	3004	3075	12	2	71	0.0281690
NODE_189_length_5138_cov_31.467355	3004	3075	13	1	71	0.0140845
NODE_189_length_5138_cov_31.467355	3004	3075	14	3	71	0.0422535
NODE_189_length_5138_cov_31.467355	3004	3075	18	1	71	0.0140845
NODE_189_length_5138_cov_31.467355	3004	3075	20	1	71	0.0140845
NODE_189_length_5138_cov_31.467355	3004	3075	21	3	71	0.0422535
NODE_189_length_5138_cov_31.467355	3004	3075	22	8	71	0.1126761
NODE_189_length_5138_cov_31.467355	3004	3075	23	4	71	0.0563380
NODE_189_length_5138_cov_31.467355	3004	3075	24	8	71	0.1126761
NODE_189_length_5138_cov_31.467355	3004	3075	26	2	71	0.0281690
NODE_189_length_5138_cov_31.467355	3004	3075	27	14	71	0.1971831
NODE_189_length_5138_cov_31.467355	3004	3075	28	2	71	0.0281690
NODE_191_length_5126_cov_5.900935	731	811	13	31	80	0.3875000
NODE_191_length_5126_cov_5.900935	731	811	14	3	80	0.0375000
NODE_191_length_5126_cov_5.900935	731	811	15	16	80	0.2000000
NODE_191_length_5126_cov_5.900935	731	811	16	20	80	0.2500000
NODE_191_length_5126_cov_5.900935	731	811	17	10	80	0.1250000
NODE_191_length_5126_cov_5.900935	784	864	10	4	80	0.0500000
NODE_191_length_5126_cov_5.900935	784	864	11	13	80	0.1625000
NODE_191_length_5126_cov_5.900935	784	864	12	5	80	0.0625000
NODE_191_length_5126_cov_5.900935	784	864	13	19	80	0.2375000
NODE_191_length_5126_cov_5.900935	784	864	14	15	80	0.1875000
NODE_191_length_5126_cov_5.900935	784	864	15	8	80	0.1000000
NODE_191_length_5126_cov_5.900935	784	864	16	16	80	0.2000000
NODE_194_length_5102_cov_12.729962	367	447	7	5	80	0.0625000
NODE_194_length_5102_cov_12.729962	367	447	8	2	80	0.0250000
NODE_194_length_5102_cov_12.729962	367	447	9	1	80	0.0125000
NODE_194_length_5102_cov_12.729962	367	447	10	14	80	0.1750000
NODE_194_length_5102_cov_12.729962	367	447	11	18	80	0.2250000
NODE_194_length_5102_cov_12.729962	367	447	12	38	80	0.4750000
NODE_194_length_5102_cov_12.729962	367	447	13	2	80	0.0250000
NODE_194_length_5102_cov_12.729962	420	500	10	42	80	0.5250000
NODE_194_length_5102_cov_12.729962	420	500	11	20	80	0.2500000
NODE_194_length_5102_cov_12.729962	420	500	12	16	80	0.2000000
NODE_194_length_5102_cov_12.729962	420	500	13	2	80	0.0250000
NODE_194_length_5102_cov_12.729962	496	576	4	7	80	0.0875000
NODE_194_length_5102_cov_12.729962	496	576	5	31	80	0.3875000
NODE_194_length_5102_cov_12.729962	496	576	6	7	80	0.0875000
NODE_194_length_5102_cov_12.729962	496	576	7	9	80	0.1125000
NODE_194_length_5102_cov_12.729962	496	576	8	13	80	0.1625000
NODE_194_length_5102_cov_12.729962	496	576	9	6	80	0.0750000
NODE_194_length_5102_cov_12.729962	496	576	10	7	80	0.0875000
NODE_194_length_5102_cov_12.729962	549	629	2	42	80	0.5250000
NODE_194_length_5102_cov_12.729962	549	629	3	7	80	0.0875000
NODE_194_length_5102_cov_12.729962	549	629	4	11	80	0.1375000
NODE_194_length_5102_cov_12.729962	549	629	5	20	80	0.2500000
NODE_196_length_5079_cov_5.580522	875	940	10	13	65	0.2000000
NODE_196_length_5079_cov_5.580522	875	940	11	22	65	0.3384615
NODE_196_length_5079_cov_5.580522	875	940	12	30	65	0.4615385
NODE_197_length_5057_cov_16.348729	2929	3000	30	11	71	0.1549296
NODE_197_length_5057_cov_16.348729	2929	3000	31	6	71	0.0845070
NODE_197_length_5057_cov_16.348729	2929	3000	34	2	71	0.0281690
NODE_197_length_5057_cov_16.348729	2929	3000	35	2	71	0.0281690
NODE_197_length_5057_cov_16.348729	2929	3000	36	8	71	0.1126761
NODE_197_length_5057_cov_16.348729	2929	3000	38	15	71	0.2112676
NODE_197_length_5057_cov_16.348729	2929	3000	39	2	71	0.0281690
NODE_197_length_5057_cov_16.348729	2929	3000	40	2	71	0.0281690
NODE_197_length_5057_cov_16.348729	2929	3000	42	2	71	0.0281690
NODE_197_length_5057_cov_16.348729	2929	3000	44	12	71	0.1690141
NODE_197_length_5057_cov_16.348729	2929	3000	46	1	71	0.0140845
NODE_197_length_5057_cov_16.348729	2929	3000	47	2	71	0.0281690
NODE_197_length_5057_cov_16.348729	2929	3000	48	4	71	0.0563380
NODE_197_length_5057_cov_16.348729	2929	3000	50	2	71	0.0281690
NODE_197_length_5057_cov_16.348729	2973	3012	39	2	39	0.0512821
NODE_197_length_5057_cov_16.348729	2973	3012	40	2	39	0.0512821
NODE_197_length_5057_cov_16.348729	2973	3012	42	2	39	0.0512821
NODE_197_length_5057_cov_16.348729	2973	3012	44	12	39	0.3076923
NODE_197_length_5057_cov_16.348729	2973	3012	46	1	39	0.0256410
NODE_197_length_5057_cov_16.348729	2973	3012	47	2	39	0.0512821
NODE_197_length_5057_cov_16.348729	2973	3012	48	4	39	0.1025641
NODE_197_length_5057_cov_16.348729	2973	3012	49	4	39	0.1025641
NODE_197_length_5057_cov_16.348729	2973	3012	50	3	39	0.0769231
NODE_197_length_5057_cov_16.348729	2973	3012	51	7	39	0.1794872
NODE_198_length_5053_cov_11.281994	791	834	0	43	43	1.0000000
NODE_198_length_5053_cov_11.281994	807	887	0	80	80	1.0000000
NODE_198_length_5053_cov_11.281994	883	963	0	80	80	1.0000000
NODE_198_length_5053_cov_11.281994	936	999	0	63	63	1.0000000
NODE_204_length_4906_cov_37.988350	3170	3251	5	5	81	0.0617284
NODE_204_length_4906_cov_37.988350	3170	3251	7	1	81	0.0123457
NODE_204_length_4906_cov_37.988350	3170	3251	9	6	81	0.0740741
NODE_204_length_4906_cov_37.988350	3170	3251	11	3	81	0.0370370
NODE_204_length_4906_cov_37.988350	3170	3251	12	19	81	0.2345679
NODE_204_length_4906_cov_37.988350	3170	3251	13	10	81	0.1234568
NODE_204_length_4906_cov_37.988350	3170	3251	15	7	81	0.0864198
NODE_204_length_4906_cov_37.988350	3170	3251	16	2	81	0.0246914
NODE_204_length_4906_cov_37.988350	3170	3251	18	8	81	0.0987654
NODE_204_length_4906_cov_37.988350	3170	3251	19	1	81	0.0123457
NODE_204_length_4906_cov_37.988350	3170	3251	21	5	81	0.0617284
NODE_204_length_4906_cov_37.988350	3170	3251	22	5	81	0.0617284
NODE_204_length_4906_cov_37.988350	3170	3251	24	1	81	0.0123457
NODE_204_length_4906_cov_37.988350	3170	3251	27	1	81	0.0123457
NODE_204_length_4906_cov_37.988350	3170	3251	28	4	81	0.0493827
NODE_204_length_4906_cov_37.988350	3170	3251	29	3	81	0.0370370
NODE_205_length_4888_cov_60.162247	4029	4068	6	3	39	0.0769231
NODE_205_length_4888_cov_60.162247	4029	4068	8	8	39	0.2051282
NODE_205_length_4888_cov_60.162247	4029	4068	9	12	39	0.3076923
NODE_205_length_4888_cov_60.162247	4029	4068	10	16	39	0.4102564
NODE_205_length_4888_cov_60.162247	4041	4121	9	11	80	0.1375000
NODE_205_length_4888_cov_60.162247	4041	4121	10	24	80	0.3000000
NODE_205_length_4888_cov_60.162247	4041	4121	12	17	80	0.2125000
NODE_205_length_4888_cov_60.162247	4041	4121	13	28	80	0.3500000
NODE_207_length_4875_cov_63.035176	2905	2985	0	80	80	1.0000000
NODE_207_length_4875_cov_63.035176	2958	3038	0	43	80	0.5375000
NODE_207_length_4875_cov_63.035176	2958	3038	1	17	80	0.2125000
NODE_207_length_4875_cov_63.035176	2958	3038	2	18	80	0.2250000
NODE_207_length_4875_cov_63.035176	2958	3038	3	2	80	0.0250000
NODE_208_length_4875_cov_8.996859	4683	4760	0	77	77	1.0000000
NODE_208_length_4875_cov_8.996859	4736	4813	0	77	77	1.0000000
NODE_211_length_4827_cov_15.364636	1803	1865	8	1	62	0.0161290
NODE_211_length_4827_cov_15.364636	1803	1865	9	27	62	0.4354839
NODE_211_length_4827_cov_15.364636	1803	1865	10	9	62	0.1451613
NODE_211_length_4827_cov_15.364636	1803	1865	11	16	62	0.2580645
NODE_211_length_4827_cov_15.364636	1803	1865	13	9	62	0.1451613
NODE_211_length_4827_cov_15.364636	1899	1979	7	3	80	0.0375000
NODE_211_length_4827_cov_15.364636	1899	1979	8	14	80	0.1750000
NODE_211_length_4827_cov_15.364636	1899	1979	10	40	80	0.5000000
NODE_211_length_4827_cov_15.364636	1899	1979	11	9	80	0.1125000
NODE_211_length_4827_cov_15.364636	1899	1979	12	14	80	0.1750000
NODE_211_length_4827_cov_15.364636	1952	1996	5	7	44	0.1590909
NODE_211_length_4827_cov_15.364636	1952	1996	6	4	44	0.0909091
NODE_211_length_4827_cov_15.364636	1952	1996	7	9	44	0.2045455
NODE_211_length_4827_cov_15.364636	1952	1996	8	14	44	0.3181818
NODE_211_length_4827_cov_15.364636	1952	1996	10	10	44	0.2272727
NODE_212_length_4821_cov_10.856840	999	1061	0	34	62	0.5483871
NODE_212_length_4821_cov_10.856840	999	1061	2	28	62	0.4516129
NODE_213_length_4819_cov_16.363347	2392	2461	5	62	69	0.8985507
NODE_213_length_4819_cov_16.363347	2392	2461	6	7	69	0.1014493
NODE_217_length_4794_cov_14.912886	657	737	24	12	80	0.1500000
NODE_217_length_4794_cov_14.912886	657	737	26	9	80	0.1125000
NODE_217_length_4794_cov_14.912886	657	737	27	1	80	0.0125000
NODE_217_length_4794_cov_14.912886	657	737	30	6	80	0.0750000
NODE_217_length_4794_cov_14.912886	657	737	31	7	80	0.0875000
NODE_217_length_4794_cov_14.912886	657	737	34	2	80	0.0250000
NODE_217_length_4794_cov_14.912886	657	737	35	2	80	0.0250000
NODE_217_length_4794_cov_14.912886	657	737	36	8	80	0.1000000
NODE_217_length_4794_cov_14.912886	657	737	39	4	80	0.0500000
NODE_217_length_4794_cov_14.912886	657	737	40	5	80	0.0625000
NODE_217_length_4794_cov_14.912886	657	737	42	1	80	0.0125000
NODE_217_length_4794_cov_14.912886	657	737	43	5	80	0.0625000
NODE_217_length_4794_cov_14.912886	657	737	44	1	80	0.0125000
NODE_217_length_4794_cov_14.912886	657	737	46	1	80	0.0125000
NODE_217_length_4794_cov_14.912886	657	737	47	6	80	0.0750000
NODE_217_length_4794_cov_14.912886	657	737	48	3	80	0.0375000
NODE_217_length_4794_cov_14.912886	657	737	50	2	80	0.0250000
NODE_217_length_4794_cov_14.912886	657	737	52	2	80	0.0250000
NODE_217_length_4794_cov_14.912886	657	737	53	3	80	0.0375000
NODE_217_length_4794_cov_14.912886	4240	4312	1	26	72	0.3611111
NODE_217_length_4794_cov_14.912886	4240	4312	2	34	72	0.4722222
NODE_217_length_4794_cov_14.912886	4240	4312	3	10	72	0.1388889
NODE_217_length_4794_cov_14.912886	4240	4312	4	2	72	0.0277778
NODE_217_length_4794_cov_14.912886	4293	4312	1	7	19	0.3684210
NODE_217_length_4794_cov_14.912886	4293	4312	3	10	19	0.5263158
NODE_217_length_4794_cov_14.912886	4293	4312	4	2	19	0.1052632
NODE_217_length_4794_cov_14.912886	4345	4408	8	3	63	0.0476190
NODE_217_length_4794_cov_14.912886	4345	4408	9	57	63	0.9047619
NODE_217_length_4794_cov_14.912886	4345	4408	11	3	63	0.0476190
NODE_218_length_4791_cov_16.126172	2438	2518	0	80	80	1.0000000
NODE_218_length_4791_cov_16.126172	2491	2571	0	80	80	1.0000000
NODE_218_length_4791_cov_16.126172	2567	2647	0	80	80	1.0000000
NODE_218_length_4791_cov_16.126172	2620	2700	0	80	80	1.0000000
NODE_218_length_4791_cov_16.126172	4607	4687	0	80	80	1.0000000
NODE_219_length_4790_cov_9.713494	2159	2239	16	14	80	0.1750000
NODE_219_length_4790_cov_9.713494	2159	2239	17	10	80	0.1250000
NODE_219_length_4790_cov_9.713494	2159	2239	18	2	80	0.0250000
NODE_219_length_4790_cov_9.713494	2159	2239	19	2	80	0.0250000
NODE_219_length_4790_cov_9.713494	2159	2239	20	17	80	0.2125000
NODE_219_length_4790_cov_9.713494	2159	2239	21	17	80	0.2125000
NODE_219_length_4790_cov_9.713494	2159	2239	22	5	80	0.0625000
NODE_219_length_4790_cov_9.713494	2159	2239	23	7	80	0.0875000
NODE_219_length_4790_cov_9.713494	2159	2239	24	2	80	0.0250000
NODE_219_length_4790_cov_9.713494	2159	2239	25	1	80	0.0125000
NODE_219_length_4790_cov_9.713494	2159	2239	26	3	80	0.0375000
NODE_219_length_4790_cov_9.713494	4273	4353	10	6	80	0.0750000
NODE_219_length_4790_cov_9.713494	4273	4353	11	35	80	0.4375000
NODE_219_length_4790_cov_9.713494	4273	4353	12	24	80	0.3000000
NODE_219_length_4790_cov_9.713494	4273	4353	13	15	80	0.1875000
NODE_219_length_4790_cov_9.713494	4273	4335	10	5	62	0.0806452
NODE_219_length_4790_cov_9.713494	4273	4335	11	28	62	0.4516129
NODE_219_length_4790_cov_9.713494	4273	4335	12	14	62	0.2258064
NODE_219_length_4790_cov_9.713494	4273	4335	13	15	62	0.2419355
NODE_219_length_4790_cov_9.713494	4326	4406	7	1	80	0.0125000
NODE_219_length_4790_cov_9.713494	4326	4406	8	10	80	0.1250000
NODE_219_length_4790_cov_9.713494	4326	4406	9	1	80	0.0125000
NODE_219_length_4790_cov_9.713494	4326	4406	10	32	80	0.4000000
NODE_219_length_4790_cov_9.713494	4326	4406	11	15	80	0.1875000
NODE_219_length_4790_cov_9.713494	4326	4406	12	21	80	0.2625000
NODE_221_length_4772_cov_10.560454	4281	4367	1	86	86	1.0000000
NODE_222_length_4770_cov_106.953543	2778	2858	36	1	80	0.0125000
NODE_222_length_4770_cov_106.953543	2778	2858	37	16	80	0.2000000
NODE_222_length_4770_cov_106.953543	2778	2858	38	17	80	0.2125000
NODE_222_length_4770_cov_106.953543	2778	2858	39	5	80	0.0625000
NODE_222_length_4770_cov_106.953543	2778	2858	40	13	80	0.1625000
NODE_222_length_4770_cov_106.953543	2778	2858	41	8	80	0.1000000
NODE_222_length_4770_cov_106.953543	2778	2858	42	1	80	0.0125000
NODE_222_length_4770_cov_106.953543	2778	2858	43	16	80	0.2000000
NODE_222_length_4770_cov_106.953543	2778	2858	44	3	80	0.0375000
NODE_222_length_4770_cov_106.953543	2831	2911	40	3	80	0.0375000
NODE_222_length_4770_cov_106.953543	2831	2911	41	4	80	0.0500000
NODE_222_length_4770_cov_106.953543	2831	2911	42	1	80	0.0125000
NODE_222_length_4770_cov_106.953543	2831	2911	43	17	80	0.2125000
NODE_222_length_4770_cov_106.953543	2831	2911	44	8	80	0.1000000
NODE_222_length_4770_cov_106.953543	2831	2911	45	1	80	0.0125000
NODE_222_length_4770_cov_106.953543	2831	2911	48	1	80	0.0125000
NODE_222_length_4770_cov_106.953543	2831	2911	49	10	80	0.1250000
NODE_222_length_4770_cov_106.953543	2831	2911	50	4	80	0.0500000
NODE_222_length_4770_cov_106.953543	2831	2911	52	3	80	0.0375000
NODE_222_length_4770_cov_106.953543	2831	2911	53	1	80	0.0125000
NODE_222_length_4770_cov_106.953543	2831	2911	55	1	80	0.0125000
NODE_222_length_4770_cov_106.953543	2831	2911	58	1	80	0.0125000
NODE_222_length_4770_cov_106.953543	2831	2911	60	1	80	0.0125000
NODE_222_length_4770_cov_106.953543	2831	2911	61	4	80	0.0500000
NODE_222_length_4770_cov_106.953543	2831	2911	62	2	80	0.0250000
NODE_222_length_4770_cov_106.953543	2831	2911	63	1	80	0.0125000
NODE_222_length_4770_cov_106.953543	2831	2911	65	7	80	0.0875000
NODE_222_length_4770_cov_106.953543	2831	2911	66	8	80	0.1000000
NODE_222_length_4770_cov_106.953543	2831	2911	67	2	80	0.0250000
NODE_222_length_4770_cov_106.953543	2907	2987	64	2	80	0.0250000
NODE_222_length_4770_cov_106.953543	2907	2987	65	3	80	0.0375000
NODE_222_length_4770_cov_106.953543	2907	2987	66	8	80	0.1000000
NODE_222_length_4770_cov_106.953543	2907	2987	68	5	80	0.0625000
NODE_222_length_4770_cov_106.953543	2907	2987	69	3	80	0.0375000
NODE_222_length_4770_cov_106.953543	2907	2987	70	3	80	0.0375000
NODE_222_length_4770_cov_106.953543	2907	2987	71	6	80	0.0750000
NODE_222_length_4770_cov_106.953543	2907	2987	72	6	80	0.0750000
NODE_222_length_4770_cov_106.953543	2907	2987	73	15	80	0.1875000
NODE_222_length_4770_cov_106.953543	2907	2987	74	8	80	0.1000000
NODE_222_length_4770_cov_106.953543	2907	2987	75	5	80	0.0625000
NODE_222_length_4770_cov_106.953543	2907	2987	76	7	80	0.0875000
NODE_222_length_4770_cov_106.953543	2907	2987	77	3	80	0.0375000
NODE_222_length_4770_cov_106.953543	2907	2987	78	1	80	0.0125000
NODE_222_length_4770_cov_106.953543	2907	2987	79	5	80	0.0625000
NODE_222_length_4770_cov_106.953543	2960	3040	51	3	80	0.0375000
NODE_222_length_4770_cov_106.953543	2960	3040	52	1	80	0.0125000
NODE_222_length_4770_cov_106.953543	2960	3040	54	1	80	0.0125000
NODE_222_length_4770_cov_106.953543	2960	3040	55	1	80	0.0125000
NODE_222_length_4770_cov_106.953543	2960	3040	56	3	80	0.0375000
NODE_222_length_4770_cov_106.953543	2960	3040	57	2	80	0.0250000
NODE_222_length_4770_cov_106.953543	2960	3040	58	1	80	0.0125000
NODE_222_length_4770_cov_106.953543	2960	3040	59	1	80	0.0125000
NODE_222_length_4770_cov_106.953543	2960	3040	61	1	80	0.0125000
NODE_222_length_4770_cov_106.953543	2960	3040	62	2	80	0.0250000
NODE_222_length_4770_cov_106.953543	2960	3040	65	2	80	0.0250000
NODE_222_length_4770_cov_106.953543	2960	3040	66	6	80	0.0750000
NODE_222_length_4770_cov_106.953543	2960	3040	67	2	80	0.0250000
NODE_222_length_4770_cov_106.953543	2960	3040	68	1	80	0.0125000
NODE_222_length_4770_cov_106.953543	2960	3040	69	10	80	0.1250000
NODE_222_length_4770_cov_106.953543	2960	3040	70	11	80	0.1375000
NODE_222_length_4770_cov_106.953543	2960	3040	71	3	80	0.0375000
NODE_222_length_4770_cov_106.953543	2960	3040	73	11	80	0.1375000
NODE_222_length_4770_cov_106.953543	2960	3040	74	7	80	0.0875000
NODE_222_length_4770_cov_106.953543	2960	3040	75	2	80	0.0250000
NODE_222_length_4770_cov_106.953543	2960	3040	76	7	80	0.0875000
NODE_222_length_4770_cov_106.953543	2960	3040	79	2	80	0.0250000
NODE_223_length_4768_cov_15.447205	1237	1317	2	22	80	0.2750000
NODE_223_length_4768_cov_15.447205	1237	1317	3	49	80	0.6125000
NODE_223_length_4768_cov_15.447205	1237	1317	4	9	80	0.1125000
NODE_228_length_4730_cov_30.142734	256	336	0	37	80	0.4625000
NODE_228_length_4730_cov_30.142734	256	336	2	43	80	0.5375000
NODE_228_length_4730_cov_30.142734	309	389	2	80	80	1.0000000
NODE_228_length_4730_cov_30.142734	4052	4132	6	1	80	0.0125000
NODE_228_length_4730_cov_30.142734	4052	4132	7	6	80	0.0750000
NODE_228_length_4730_cov_30.142734	4052	4132	9	16	80	0.2000000
NODE_228_length_4730_cov_30.142734	4052	4132	11	1	80	0.0125000
NODE_228_length_4730_cov_30.142734	4052	4132	13	48	80	0.6000000
NODE_228_length_4730_cov_30.142734	4052	4132	14	8	80	0.1000000
NODE_228_length_4730_cov_30.142734	4105	4185	7	3	80	0.0375000
NODE_228_length_4730_cov_30.142734	4105	4185	8	4	80	0.0500000
NODE_228_length_4730_cov_30.142734	4105	4185	9	10	80	0.1250000
NODE_228_length_4730_cov_30.142734	4105	4185	10	4	80	0.0500000
NODE_228_length_4730_cov_30.142734	4105	4185	11	4	80	0.0500000
NODE_228_length_4730_cov_30.142734	4105	4185	12	21	80	0.2625000
NODE_228_length_4730_cov_30.142734	4105	4185	13	20	80	0.2500000
NODE_228_length_4730_cov_30.142734	4105	4185	14	14	80	0.1750000
NODE_231_length_4706_cov_25.522683	2181	2261	4	3	80	0.0375000
NODE_231_length_4706_cov_25.522683	2181	2261	5	11	80	0.1375000
NODE_231_length_4706_cov_25.522683	2181	2261	6	15	80	0.1875000
NODE_231_length_4706_cov_25.522683	2181	2261	8	2	80	0.0250000
NODE_231_length_4706_cov_25.522683	2181	2261	9	5	80	0.0625000
NODE_231_length_4706_cov_25.522683	2181	2261	10	2	80	0.0250000
NODE_231_length_4706_cov_25.522683	2181	2261	12	2	80	0.0250000
NODE_231_length_4706_cov_25.522683	2181	2261	13	6	80	0.0750000
NODE_231_length_4706_cov_25.522683	2181	2261	15	1	80	0.0125000
NODE_231_length_4706_cov_25.522683	2181	2261	16	11	80	0.1375000
NODE_231_length_4706_cov_25.522683	2181	2261	17	4	80	0.0500000
NODE_231_length_4706_cov_25.522683	2181	2261	19	18	80	0.2250000
NODE_231_length_4706_cov_25.522683	2234	2288	0	3	54	0.0555556
NODE_231_length_4706_cov_25.522683	2234	2288	1	9	54	0.1666667
NODE_231_length_4706_cov_25.522683	2234	2288	2	7	54	0.1296296
NODE_231_length_4706_cov_25.522683	2234	2288	3	4	54	0.0740741
NODE_231_length_4706_cov_25.522683	2234	2288	4	7	54	0.1296296
NODE_231_length_4706_cov_25.522683	2234	2288	5	11	54	0.2037037
NODE_231_length_4706_cov_25.522683	2234	2288	6	13	54	0.2407407
NODE_231_length_4706_cov_25.522683	3943	4026	10	9	83	0.1084337
NODE_231_length_4706_cov_25.522683	3943	4026	11	1	83	0.0120482
NODE_231_length_4706_cov_25.522683	3943	4026	12	17	83	0.2048193
NODE_231_length_4706_cov_25.522683	3943	4026	13	20	83	0.2409639
NODE_231_length_4706_cov_25.522683	3943	4026	15	1	83	0.0120482
NODE_231_length_4706_cov_25.522683	3943	4026	17	2	83	0.0240964
NODE_231_length_4706_cov_25.522683	3943	4026	19	9	83	0.1084337
NODE_231_length_4706_cov_25.522683	3943	4026	20	11	83	0.1325301
NODE_231_length_4706_cov_25.522683	3943	4026	21	7	83	0.0843373
NODE_231_length_4706_cov_25.522683	3943	4026	22	6	83	0.0722892
NODE_235_length_4693_cov_16.973008	374	454	5	15	80	0.1875000
NODE_235_length_4693_cov_16.973008	374	454	6	5	80	0.0625000
NODE_235_length_4693_cov_16.973008	374	454	7	1	80	0.0125000
NODE_235_length_4693_cov_16.973008	374	454	8	15	80	0.1875000
NODE_235_length_4693_cov_16.973008	374	454	9	44	80	0.5500000
NODE_235_length_4693_cov_16.973008	427	507	6	4	80	0.0500000
NODE_235_length_4693_cov_16.973008	427	507	7	7	80	0.0875000
NODE_235_length_4693_cov_16.973008	427	507	8	39	80	0.4875000
NODE_235_length_4693_cov_16.973008	427	507	9	30	80	0.3750000
NODE_240_length_4672_cov_39.029084	1391	1470	12	9	79	0.1139240
NODE_240_length_4672_cov_39.029084	1391	1470	17	1	79	0.0126582
NODE_240_length_4672_cov_39.029084	1391	1470	20	1	79	0.0126582
NODE_240_length_4672_cov_39.029084	1391	1470	24	1	79	0.0126582
NODE_240_length_4672_cov_39.029084	1391	1470	27	10	79	0.1265823
NODE_240_length_4672_cov_39.029084	1391	1470	29	10	79	0.1265823
NODE_240_length_4672_cov_39.029084	1391	1470	31	47	79	0.5949367
NODE_240_length_4672_cov_39.029084	1444	1523	16	4	79	0.0506329
NODE_240_length_4672_cov_39.029084	1444	1523	18	9	79	0.1139240
NODE_240_length_4672_cov_39.029084	1444	1523	20	2	79	0.0253165
NODE_240_length_4672_cov_39.029084	1444	1523	22	7	79	0.0886076
NODE_240_length_4672_cov_39.029084	1444	1523	24	5	79	0.0632911
NODE_240_length_4672_cov_39.029084	1444	1523	25	1	79	0.0126582
NODE_240_length_4672_cov_39.029084	1444	1523	27	13	79	0.1645570
NODE_240_length_4672_cov_39.029084	1444	1523	29	14	79	0.1772152
NODE_240_length_4672_cov_39.029084	1444	1523	31	24	79	0.3037975
NODE_246_length_4602_cov_17.281368	3106	3186	8	1	80	0.0125000
NODE_246_length_4602_cov_17.281368	3106	3186	9	13	80	0.1625000
NODE_246_length_4602_cov_17.281368	3106	3186	10	21	80	0.2625000
NODE_246_length_4602_cov_17.281368	3106	3186	11	4	80	0.0500000
NODE_246_length_4602_cov_17.281368	3106	3186	12	2	80	0.0250000
NODE_246_length_4602_cov_17.281368	3106	3186	13	2	80	0.0250000
NODE_246_length_4602_cov_17.281368	3106	3186	15	5	80	0.0625000
NODE_246_length_4602_cov_17.281368	3106	3186	16	1	80	0.0125000
NODE_246_length_4602_cov_17.281368	3106	3186	17	31	80	0.3875000
NODE_246_length_4602_cov_17.281368	3159	3239	15	5	80	0.0625000
NODE_246_length_4602_cov_17.281368	3159	3239	16	22	80	0.2750000
NODE_246_length_4602_cov_17.281368	3159	3239	17	53	80	0.6625000
NODE_248_length_4587_cov_14.431150	1294	1370	26	5	76	0.0657895
NODE_248_length_4587_cov_14.431150	1294	1370	27	7	76	0.0921053
NODE_248_length_4587_cov_14.431150	1294	1370	28	1	76	0.0131579
NODE_248_length_4587_cov_14.431150	1294	1370	29	12	76	0.1578947
NODE_248_length_4587_cov_14.431150	1294	1370	30	11	76	0.1447368
NODE_248_length_4587_cov_14.431150	1294	1370	31	1	76	0.0131579
NODE_248_length_4587_cov_14.431150	1294	1370	32	2	76	0.0263158
NODE_248_length_4587_cov_14.431150	1294	1370	33	6	76	0.0789474
NODE_248_length_4587_cov_14.431150	1294	1370	34	2	76	0.0263158
NODE_248_length_4587_cov_14.431150	1294	1370	36	1	76	0.0131579
NODE_248_length_4587_cov_14.431150	1294	1370	38	1	76	0.0131579
NODE_248_length_4587_cov_14.431150	1294	1370	39	6	76	0.0789474
NODE_248_length_4587_cov_14.431150	1294	1370	40	1	76	0.0131579
NODE_248_length_4587_cov_14.431150	1294	1370	41	4	76	0.0526316
NODE_248_length_4587_cov_14.431150	1294	1370	43	7	76	0.0921053
NODE_248_length_4587_cov_14.431150	1294	1370	45	6	76	0.0789474
NODE_248_length_4587_cov_14.431150	1294	1370	46	3	76	0.0394737
NODE_248_length_4587_cov_14.431150	1347	1427	28	2	80	0.0250000
NODE_248_length_4587_cov_14.431150	1347	1427	30	3	80	0.0375000
NODE_248_length_4587_cov_14.431150	1347	1427	32	1	80	0.0125000
NODE_248_length_4587_cov_14.431150	1347	1427	33	6	80	0.0750000
NODE_248_length_4587_cov_14.431150	1347	1427	34	6	80	0.0750000
NODE_248_length_4587_cov_14.431150	1347	1427	35	4	80	0.0500000
NODE_248_length_4587_cov_14.431150	1347	1427	37	3	80	0.0375000
NODE_248_length_4587_cov_14.431150	1347	1427	38	1	80	0.0125000
NODE_248_length_4587_cov_14.431150	1347	1427	39	9	80	0.1125000
NODE_248_length_4587_cov_14.431150	1347	1427	40	16	80	0.2000000
NODE_248_length_4587_cov_14.431150	1347	1427	41	7	80	0.0875000
NODE_248_length_4587_cov_14.431150	1347	1427	42	4	80	0.0500000
NODE_248_length_4587_cov_14.431150	1347	1427	43	9	80	0.1125000
NODE_248_length_4587_cov_14.431150	1347	1427	45	6	80	0.0750000
NODE_248_length_4587_cov_14.431150	1347	1427	46	3	80	0.0375000
NODE_248_length_4587_cov_14.431150	1466	1533	10	15	67	0.2238806
NODE_248_length_4587_cov_14.431150	1466	1533	11	6	67	0.0895522
NODE_248_length_4587_cov_14.431150	1466	1533	12	11	67	0.1641791
NODE_248_length_4587_cov_14.431150	1466	1533	13	8	67	0.1194030
NODE_248_length_4587_cov_14.431150	1466	1533	14	1	67	0.0149254
NODE_248_length_4587_cov_14.431150	1466	1533	15	1	67	0.0149254
NODE_248_length_4587_cov_14.431150	1466	1533	16	20	67	0.2985075
NODE_248_length_4587_cov_14.431150	1466	1533	18	1	67	0.0149254
NODE_248_length_4587_cov_14.431150	1466	1533	19	1	67	0.0149254
NODE_248_length_4587_cov_14.431150	1466	1533	20	1	67	0.0149254
NODE_248_length_4587_cov_14.431150	1466	1533	22	2	67	0.0298507
NODE_248_length_4587_cov_14.431150	4316	4382	30	1	66	0.0151515
NODE_248_length_4587_cov_14.431150	4316	4382	31	4	66	0.0606061
NODE_248_length_4587_cov_14.431150	4316	4382	32	12	66	0.1818182
NODE_248_length_4587_cov_14.431150	4316	4382	33	8	66	0.1212121
NODE_248_length_4587_cov_14.431150	4316	4382	34	9	66	0.1363636
NODE_248_length_4587_cov_14.431150	4316	4382	35	2	66	0.0303030
NODE_248_length_4587_cov_14.431150	4316	4382	37	1	66	0.0151515
NODE_248_length_4587_cov_14.431150	4316	4382	38	4	66	0.0606061
NODE_248_length_4587_cov_14.431150	4316	4382	39	1	66	0.0151515
NODE_248_length_4587_cov_14.431150	4316	4382	40	5	66	0.0757576
NODE_248_length_4587_cov_14.431150	4316	4382	42	13	66	0.1969697
NODE_248_length_4587_cov_14.431150	4316	4382	43	6	66	0.0909091
NODE_248_length_4587_cov_14.431150	4355	4435	37	1	80	0.0125000
NODE_248_length_4587_cov_14.431150	4355	4435	38	4	80	0.0500000
NODE_248_length_4587_cov_14.431150	4355	4435	39	9	80	0.1125000
NODE_248_length_4587_cov_14.431150	4355	4435	40	16	80	0.2000000
NODE_248_length_4587_cov_14.431150	4355	4435	41	11	80	0.1375000
NODE_248_length_4587_cov_14.431150	4355	4435	42	20	80	0.2500000
NODE_248_length_4587_cov_14.431150	4355	4435	43	9	80	0.1125000
NODE_248_length_4587_cov_14.431150	4355	4435	45	10	80	0.1250000
NODE_249_length_4572_cov_50.244579	2406	2483	0	77	77	1.0000000
NODE_249_length_4572_cov_50.244579	2406	2483	0	77	77	1.0000000
NODE_251_length_4556_cov_14.556652	4229	4288	16	7	59	0.1186441
NODE_251_length_4556_cov_14.556652	4229	4288	17	9	59	0.1525424
NODE_251_length_4556_cov_14.556652	4229	4288	18	3	59	0.0508475
NODE_251_length_4556_cov_14.556652	4229	4288	20	4	59	0.0677966
NODE_251_length_4556_cov_14.556652	4229	4288	22	1	59	0.0169492
NODE_251_length_4556_cov_14.556652	4229	4288	23	4	59	0.0677966
NODE_251_length_4556_cov_14.556652	4229	4288	24	8	59	0.1355932
NODE_251_length_4556_cov_14.556652	4229	4288	25	21	59	0.3559322
NODE_251_length_4556_cov_14.556652	4229	4288	26	2	59	0.0338983
NODE_252_length_4550_cov_5.664120	3548	3628	0	80	80	1.0000000
NODE_252_length_4550_cov_5.664120	3601	3681	0	80	80	1.0000000
NODE_253_length_4544_cov_10.690439	353	433	0	61	80	0.7625000
NODE_253_length_4544_cov_10.690439	353	433	1	19	80	0.2375000
NODE_253_length_4544_cov_10.690439	406	486	0	8	80	0.1000000
NODE_253_length_4544_cov_10.690439	406	486	1	72	80	0.9000000
NODE_253_length_4544_cov_10.690439	4487	4544	0	55	57	0.9649123
NODE_253_length_4544_cov_10.690439	4487	4544	2	2	57	0.0350877
NODE_255_length_4535_cov_24.849188	675	755	3	53	80	0.6625000
NODE_255_length_4535_cov_24.849188	675	755	4	27	80	0.3375000
NODE_255_length_4535_cov_24.849188	728	809	2	16	81	0.1975309
NODE_255_length_4535_cov_24.849188	728	809	3	65	81	0.8024691
NODE_255_length_4535_cov_24.849188	1319	1399	0	48	80	0.6000000
NODE_255_length_4535_cov_24.849188	1319	1399	1	22	80	0.2750000
NODE_255_length_4535_cov_24.849188	1319	1399	4	10	80	0.1250000
NODE_255_length_4535_cov_24.849188	1372	1452	1	17	80	0.2125000
NODE_255_length_4535_cov_24.849188	1372	1452	4	20	80	0.2500000
NODE_255_length_4535_cov_24.849188	1372	1452	8	3	80	0.0375000
NODE_255_length_4535_cov_24.849188	1372	1452	9	7	80	0.0875000
NODE_255_length_4535_cov_24.849188	1372	1452	10	1	80	0.0125000
NODE_255_length_4535_cov_24.849188	1372	1452	12	6	80	0.0750000
NODE_255_length_4535_cov_24.849188	1372	1452	14	2	80	0.0250000
NODE_255_length_4535_cov_24.849188	1372	1452	15	1	80	0.0125000
NODE_255_length_4535_cov_24.849188	1372	1452	18	3	80	0.0375000
NODE_255_length_4535_cov_24.849188	1372	1452	19	19	80	0.2375000
NODE_255_length_4535_cov_24.849188	1372	1452	20	1	80	0.0125000
NODE_258_length_4528_cov_19.736509	4295	4366	0	57	71	0.8028169
NODE_258_length_4528_cov_19.736509	4295	4366	2	13	71	0.1830986
NODE_258_length_4528_cov_19.736509	4295	4366	10	1	71	0.0140845
NODE_259_length_4505_cov_10.409215	3166	3202	6	1	36	0.0277778
NODE_259_length_4505_cov_10.409215	3166	3202	8	7	36	0.1944444
NODE_259_length_4505_cov_10.409215	3166	3202	10	15	36	0.4166667
NODE_259_length_4505_cov_10.409215	3166	3202	12	5	36	0.1388889
NODE_259_length_4505_cov_10.409215	3166	3202	13	3	36	0.0833333
NODE_259_length_4505_cov_10.409215	3166	3202	15	3	36	0.0833333
NODE_259_length_4505_cov_10.409215	3166	3202	17	1	36	0.0277778
NODE_259_length_4505_cov_10.409215	3166	3202	18	1	36	0.0277778
NODE_259_length_4505_cov_10.409215	3175	3255	10	14	80	0.1750000
NODE_259_length_4505_cov_10.409215	3175	3255	12	5	80	0.0625000
NODE_259_length_4505_cov_10.409215	3175	3255	13	3	80	0.0375000
NODE_259_length_4505_cov_10.409215	3175	3255	15	3	80	0.0375000
NODE_259_length_4505_cov_10.409215	3175	3255	17	8	80	0.1000000
NODE_259_length_4505_cov_10.409215	3175	3255	18	47	80	0.5875000
NODE_260_length_4498_cov_8.216185	3161	3219	0	58	58	1.0000000
NODE_260_length_4498_cov_8.216185	4257	4314	0	57	57	1.0000000
NODE_263_length_4476_cov_29.825451	141	215	0	74	74	1.0000000
NODE_263_length_4476_cov_29.825451	1890	1970	28	2	80	0.0250000
NODE_263_length_4476_cov_29.825451	1890	1970	29	9	80	0.1125000
NODE_263_length_4476_cov_29.825451	1890	1970	30	12	80	0.1500000
NODE_263_length_4476_cov_29.825451	1890	1970	31	1	80	0.0125000
NODE_263_length_4476_cov_29.825451	1890	1970	32	7	80	0.0875000
NODE_263_length_4476_cov_29.825451	1890	1970	33	7	80	0.0875000
NODE_263_length_4476_cov_29.825451	1890	1970	34	10	80	0.1250000
NODE_263_length_4476_cov_29.825451	1890	1970	35	7	80	0.0875000
NODE_263_length_4476_cov_29.825451	1890	1970	36	2	80	0.0250000
NODE_263_length_4476_cov_29.825451	1890	1970	37	5	80	0.0625000
NODE_263_length_4476_cov_29.825451	1890	1970	38	10	80	0.1250000
NODE_263_length_4476_cov_29.825451	1890	1970	39	7	80	0.0875000
NODE_263_length_4476_cov_29.825451	1890	1970	41	1	80	0.0125000
NODE_263_length_4476_cov_29.825451	1943	2023	28	6	80	0.0750000
NODE_263_length_4476_cov_29.825451	1943	2023	29	7	80	0.0875000
NODE_263_length_4476_cov_29.825451	1943	2023	30	4	80	0.0500000
NODE_263_length_4476_cov_29.825451	1943	2023	31	2	80	0.0250000
NODE_263_length_4476_cov_29.825451	1943	2023	33	4	80	0.0500000
NODE_263_length_4476_cov_29.825451	1943	2023	34	5	80	0.0625000
NODE_263_length_4476_cov_29.825451	1943	2023	35	8	80	0.1000000
NODE_263_length_4476_cov_29.825451	1943	2023	36	3	80	0.0375000
NODE_263_length_4476_cov_29.825451	1943	2023	37	15	80	0.1875000
NODE_263_length_4476_cov_29.825451	1943	2023	38	18	80	0.2250000
NODE_263_length_4476_cov_29.825451	1943	2023	39	7	80	0.0875000
NODE_263_length_4476_cov_29.825451	1943	2023	41	1	80	0.0125000
NODE_264_length_4474_cov_17.051886	23	99	0	76	76	1.0000000
NODE_264_length_4474_cov_17.051886	23	98	0	75	75	1.0000000
NODE_264_length_4474_cov_17.051886	23	99	0	76	76	1.0000000
NODE_264_length_4474_cov_17.051886	32	99	0	67	67	1.0000000
NODE_264_length_4474_cov_17.051886	76	140	0	64	64	1.0000000
NODE_264_length_4474_cov_17.051886	1528	1569	21	3	41	0.0731707
NODE_264_length_4474_cov_17.051886	1528	1569	22	11	41	0.2682927
NODE_264_length_4474_cov_17.051886	1528	1569	23	3	41	0.0731707
NODE_264_length_4474_cov_17.051886	1528	1569	26	3	41	0.0731707
NODE_264_length_4474_cov_17.051886	1528	1569	28	2	41	0.0487805
NODE_264_length_4474_cov_17.051886	1528	1569	29	1	41	0.0243902
NODE_264_length_4474_cov_17.051886	1528	1569	30	1	41	0.0243902
NODE_264_length_4474_cov_17.051886	1528	1569	31	1	41	0.0243902
NODE_264_length_4474_cov_17.051886	1528	1569	33	5	41	0.1219512
NODE_264_length_4474_cov_17.051886	1528	1569	34	4	41	0.0975610
NODE_264_length_4474_cov_17.051886	1528	1569	35	3	41	0.0731707
NODE_264_length_4474_cov_17.051886	1528	1569	36	1	41	0.0243902
NODE_264_length_4474_cov_17.051886	1528	1569	38	1	41	0.0243902
NODE_264_length_4474_cov_17.051886	1528	1569	40	2	41	0.0487805
NODE_264_length_4474_cov_17.051886	1536	1609	10	4	73	0.0547945
NODE_264_length_4474_cov_17.051886	1536	1609	11	7	73	0.0958904
NODE_264_length_4474_cov_17.051886	1536	1609	12	1	73	0.0136986
NODE_264_length_4474_cov_17.051886	1536	1609	13	7	73	0.0958904
NODE_264_length_4474_cov_17.051886	1536	1609	14	7	73	0.0958904
NODE_264_length_4474_cov_17.051886	1536	1609	16	7	73	0.0958904
NODE_264_length_4474_cov_17.051886	1536	1609	18	2	73	0.0273973
NODE_264_length_4474_cov_17.051886	1536	1609	20	2	73	0.0273973
NODE_264_length_4474_cov_17.051886	1536	1609	21	6	73	0.0821918
NODE_264_length_4474_cov_17.051886	1536	1609	22	11	73	0.1506849
NODE_264_length_4474_cov_17.051886	1536	1609	23	3	73	0.0410959
NODE_264_length_4474_cov_17.051886	1536	1609	26	3	73	0.0410959
NODE_264_length_4474_cov_17.051886	1536	1609	28	2	73	0.0273973
NODE_264_length_4474_cov_17.051886	1536	1609	29	1	73	0.0136986
NODE_264_length_4474_cov_17.051886	1536	1609	30	1	73	0.0136986
NODE_264_length_4474_cov_17.051886	1536	1609	31	1	73	0.0136986
NODE_264_length_4474_cov_17.051886	1536	1609	33	4	73	0.0547945
NODE_264_length_4474_cov_17.051886	1536	1609	34	3	73	0.0410959
NODE_264_length_4474_cov_17.051886	1536	1609	35	1	73	0.0136986
NODE_264_length_4474_cov_17.051886	1618	1643	0	20	25	0.8000000
NODE_264_length_4474_cov_17.051886	1618	1643	3	1	25	0.0400000
NODE_264_length_4474_cov_17.051886	1618	1643	5	2	25	0.0800000
NODE_264_length_4474_cov_17.051886	1618	1643	7	2	25	0.0800000
NODE_264_length_4474_cov_17.051886	1618	1696	0	73	78	0.9358974
NODE_264_length_4474_cov_17.051886	1618	1696	3	1	78	0.0128205
NODE_264_length_4474_cov_17.051886	1618	1696	5	2	78	0.0256410
NODE_264_length_4474_cov_17.051886	1618	1696	7	2	78	0.0256410
NODE_265_length_4474_cov_14.441829	282	362	6	69	80	0.8625000
NODE_265_length_4474_cov_14.441829	282	362	7	11	80	0.1375000
NODE_265_length_4474_cov_14.441829	335	415	0	17	80	0.2125000
NODE_265_length_4474_cov_14.441829	335	415	1	5	80	0.0625000
NODE_265_length_4474_cov_14.441829	335	415	2	5	80	0.0625000
NODE_265_length_4474_cov_14.441829	335	415	3	1	80	0.0125000
NODE_265_length_4474_cov_14.441829	335	415	4	2	80	0.0250000
NODE_265_length_4474_cov_14.441829	335	415	5	1	80	0.0125000
NODE_265_length_4474_cov_14.441829	335	415	6	48	80	0.6000000
NODE_265_length_4474_cov_14.441829	335	415	10	1	80	0.0125000
NODE_265_length_4474_cov_14.441829	1522	1575	3	13	53	0.2452830
NODE_265_length_4474_cov_14.441829	1522	1575	4	24	53	0.4528302
NODE_265_length_4474_cov_14.441829	1522	1575	6	12	53	0.2264151
NODE_265_length_4474_cov_14.441829	1522	1575	8	4	53	0.0754717
NODE_265_length_4474_cov_14.441829	1548	1623	4	19	75	0.2533333
NODE_265_length_4474_cov_14.441829	1548	1623	6	43	75	0.5733333
NODE_265_length_4474_cov_14.441829	1548	1623	7	13	75	0.1733333
NODE_265_length_4474_cov_14.441829	3068	3121	3	23	53	0.4339623
NODE_265_length_4474_cov_14.441829	3068	3121	4	26	53	0.4905660
NODE_265_length_4474_cov_14.441829	3068	3121	5	2	53	0.0377358
NODE_265_length_4474_cov_14.441829	3068	3121	7	1	53	0.0188679
NODE_265_length_4474_cov_14.441829	3068	3121	9	1	53	0.0188679
NODE_268_length_4463_cov_7.023144	119	168	0	48	49	0.9795918
NODE_268_length_4463_cov_7.023144	119	168	1	1	49	0.0204082
NODE_270_length_4453_cov_16.820395	3383	3463	18	9	80	0.1125000
NODE_270_length_4453_cov_16.820395	3383	3463	21	1	80	0.0125000
NODE_270_length_4453_cov_16.820395	3383	3463	25	9	80	0.1125000
NODE_270_length_4453_cov_16.820395	3383	3463	26	3	80	0.0375000
NODE_270_length_4453_cov_16.820395	3383	3463	27	11	80	0.1375000
NODE_270_length_4453_cov_16.820395	3383	3463	28	8	80	0.1000000
NODE_270_length_4453_cov_16.820395	3383	3463	29	13	80	0.1625000
NODE_270_length_4453_cov_16.820395	3383	3463	31	1	80	0.0125000
NODE_270_length_4453_cov_16.820395	3383	3463	32	8	80	0.1000000
NODE_270_length_4453_cov_16.820395	3383	3463	33	15	80	0.1875000
NODE_270_length_4453_cov_16.820395	3383	3463	34	2	80	0.0250000
NODE_270_length_4453_cov_16.820395	3436	3496	8	3	60	0.0500000
NODE_270_length_4453_cov_16.820395	3436	3496	9	5	60	0.0833333
NODE_270_length_4453_cov_16.820395	3436	3496	10	2	60	0.0333333
NODE_270_length_4453_cov_16.820395	3436	3496	11	1	60	0.0166667
NODE_270_length_4453_cov_16.820395	3436	3496	12	14	60	0.2333333
NODE_270_length_4453_cov_16.820395	3436	3496	13	1	60	0.0166667
NODE_270_length_4453_cov_16.820395	3436	3496	16	2	60	0.0333333
NODE_270_length_4453_cov_16.820395	3436	3496	17	4	60	0.0666667
NODE_270_length_4453_cov_16.820395	3436	3496	18	10	60	0.1666667
NODE_270_length_4453_cov_16.820395	3436	3496	21	1	60	0.0166667
NODE_270_length_4453_cov_16.820395	3436	3496	25	9	60	0.1500000
NODE_270_length_4453_cov_16.820395	3436	3496	26	3	60	0.0500000
NODE_270_length_4453_cov_16.820395	3436	3496	27	5	60	0.0833333
NODE_272_length_4436_cov_31.114595	2807	2871	4	64	64	1.0000000
NODE_272_length_4436_cov_31.114595	2846	2906	0	4	60	0.0666667
NODE_272_length_4436_cov_31.114595	2846	2906	1	5	60	0.0833333
NODE_272_length_4436_cov_31.114595	2846	2906	2	25	60	0.4166667
NODE_272_length_4436_cov_31.114595	2846	2906	4	26	60	0.4333333
NODE_272_length_4436_cov_31.114595	2846	2898	1	1	52	0.0192308
NODE_272_length_4436_cov_31.114595	2846	2898	2	25	52	0.4807692
NODE_272_length_4436_cov_31.114595	2846	2898	4	26	52	0.5000000
NODE_278_length_4391_cov_7.711323	66	141	0	75	75	1.0000000
NODE_278_length_4391_cov_7.711323	119	155	0	36	36	1.0000000
NODE_279_length_4385_cov_6.067662	1556	1606	1	3	50	0.0600000
NODE_279_length_4385_cov_6.067662	1556	1606	2	20	50	0.4000000
NODE_279_length_4385_cov_6.067662	1556	1606	4	6	50	0.1200000
NODE_279_length_4385_cov_6.067662	1556	1606	6	21	50	0.4200000
NODE_286_length_4331_cov_37.938800	1898	1978	9	1	80	0.0125000
NODE_286_length_4331_cov_37.938800	1898	1978	11	2	80	0.0250000
NODE_286_length_4331_cov_37.938800	1898	1978	13	21	80	0.2625000
NODE_286_length_4331_cov_37.938800	1898	1978	14	8	80	0.1000000
NODE_286_length_4331_cov_37.938800	1898	1978	15	17	80	0.2125000
NODE_286_length_4331_cov_37.938800	1898	1978	16	5	80	0.0625000
NODE_286_length_4331_cov_37.938800	1898	1978	17	3	80	0.0375000
NODE_286_length_4331_cov_37.938800	1898	1978	18	1	80	0.0125000
NODE_286_length_4331_cov_37.938800	1898	1978	21	10	80	0.1250000
NODE_286_length_4331_cov_37.938800	1898	1978	24	5	80	0.0625000
NODE_286_length_4331_cov_37.938800	1898	1978	25	7	80	0.0875000
NODE_286_length_4331_cov_37.938800	1951	2031	16	4	80	0.0500000
NODE_286_length_4331_cov_37.938800	1951	2031	18	1	80	0.0125000
NODE_286_length_4331_cov_37.938800	1951	2031	21	10	80	0.1250000
NODE_286_length_4331_cov_37.938800	1951	2031	24	8	80	0.1000000
NODE_286_length_4331_cov_37.938800	1951	2031	25	8	80	0.1000000
NODE_286_length_4331_cov_37.938800	1951	2031	26	24	80	0.3000000
NODE_286_length_4331_cov_37.938800	1951	2031	27	7	80	0.0875000
NODE_286_length_4331_cov_37.938800	1951	2031	28	3	80	0.0375000
NODE_286_length_4331_cov_37.938800	1951	2031	29	3	80	0.0375000
NODE_286_length_4331_cov_37.938800	1951	2031	30	9	80	0.1125000
NODE_286_length_4331_cov_37.938800	1951	2031	31	3	80	0.0375000
NODE_286_length_4331_cov_37.938800	2027	2107	24	1	80	0.0125000
NODE_286_length_4331_cov_37.938800	2027	2107	25	2	80	0.0250000
NODE_286_length_4331_cov_37.938800	2027	2107	26	17	80	0.2125000
NODE_286_length_4331_cov_37.938800	2027	2107	27	2	80	0.0250000
NODE_286_length_4331_cov_37.938800	2027	2107	28	8	80	0.1000000
NODE_286_length_4331_cov_37.938800	2027	2107	29	11	80	0.1375000
NODE_286_length_4331_cov_37.938800	2027	2107	30	15	80	0.1875000
NODE_286_length_4331_cov_37.938800	2027	2107	31	2	80	0.0250000
NODE_286_length_4331_cov_37.938800	2027	2107	32	9	80	0.1125000
NODE_286_length_4331_cov_37.938800	2027	2107	33	5	80	0.0625000
NODE_286_length_4331_cov_37.938800	2027	2107	34	1	80	0.0125000
NODE_286_length_4331_cov_37.938800	2027	2107	35	6	80	0.0750000
NODE_286_length_4331_cov_37.938800	2027	2107	36	1	80	0.0125000
NODE_286_length_4331_cov_37.938800	2080	2160	21	1	80	0.0125000
NODE_286_length_4331_cov_37.938800	2080	2160	23	2	80	0.0250000
NODE_286_length_4331_cov_37.938800	2080	2160	24	4	80	0.0500000
NODE_286_length_4331_cov_37.938800	2080	2160	26	3	80	0.0375000
NODE_286_length_4331_cov_37.938800	2080	2160	28	2	80	0.0250000
NODE_286_length_4331_cov_37.938800	2080	2160	29	17	80	0.2125000
NODE_286_length_4331_cov_37.938800	2080	2160	30	8	80	0.1000000
NODE_286_length_4331_cov_37.938800	2080	2160	31	10	80	0.1250000
NODE_286_length_4331_cov_37.938800	2080	2160	32	18	80	0.2250000
NODE_286_length_4331_cov_37.938800	2080	2160	33	7	80	0.0875000
NODE_286_length_4331_cov_37.938800	2080	2160	34	1	80	0.0125000
NODE_286_length_4331_cov_37.938800	2080	2160	35	6	80	0.0750000
NODE_286_length_4331_cov_37.938800	2080	2160	36	1	80	0.0125000
NODE_289_length_4320_cov_7.680881	442	522	0	80	80	1.0000000
NODE_289_length_4320_cov_7.680881	495	575	0	80	80	1.0000000
NODE_289_length_4320_cov_7.680881	571	651	0	80	80	1.0000000
NODE_289_length_4320_cov_7.680881	624	704	0	80	80	1.0000000
NODE_290_length_4314_cov_5.311507	1436	1516	0	31	80	0.3875000
NODE_290_length_4314_cov_5.311507	1436	1516	1	49	80	0.6125000
NODE_290_length_4314_cov_5.311507	1489	1569	0	80	80	1.0000000
NODE_290_length_4314_cov_5.311507	3331	3400	2	13	69	0.1884058
NODE_290_length_4314_cov_5.311507	3331	3400	3	25	69	0.3623188
NODE_290_length_4314_cov_5.311507	3331	3400	4	31	69	0.4492754
NODE_290_length_4314_cov_5.311507	3420	3482	4	1	62	0.0161290
NODE_290_length_4314_cov_5.311507	3420	3482	5	3	62	0.0483871
NODE_290_length_4314_cov_5.311507	3420	3482	6	58	62	0.9354839
NODE_292_length_4311_cov_8.733381	92	171	0	79	79	1.0000000
NODE_292_length_4311_cov_8.733381	1925	2005	0	80	80	1.0000000
NODE_292_length_4311_cov_8.733381	1978	2058	0	80	80	1.0000000
NODE_294_length_4293_cov_3.809251	244	326	0	29	82	0.3536585
NODE_294_length_4293_cov_3.809251	244	326	1	25	82	0.3048781
NODE_294_length_4293_cov_3.809251	244	326	2	18	82	0.2195122
NODE_294_length_4293_cov_3.809251	244	326	3	10	82	0.1219512
NODE_294_length_4293_cov_3.809251	301	394	2	15	93	0.1612903
NODE_294_length_4293_cov_3.809251	301	394	3	33	93	0.3548387
NODE_294_length_4293_cov_3.809251	301	394	4	45	93	0.4838710
NODE_295_length_4284_cov_15.940263	3726	3806	12	17	80	0.2125000
NODE_295_length_4284_cov_15.940263	3726	3806	13	21	80	0.2625000
NODE_295_length_4284_cov_15.940263	3726	3806	14	12	80	0.1500000
NODE_295_length_4284_cov_15.940263	3726	3806	15	6	80	0.0750000
NODE_295_length_4284_cov_15.940263	3726	3806	16	9	80	0.1125000
NODE_295_length_4284_cov_15.940263	3726	3806	17	15	80	0.1875000
NODE_295_length_4284_cov_15.940263	3779	3858	3	9	79	0.1139240
NODE_295_length_4284_cov_15.940263	3779	3858	5	16	79	0.2025317
NODE_295_length_4284_cov_15.940263	3779	3858	6	1	79	0.0126582
NODE_295_length_4284_cov_15.940263	3779	3858	8	6	79	0.0759494
NODE_295_length_4284_cov_15.940263	3779	3858	10	9	79	0.1139240
NODE_295_length_4284_cov_15.940263	3779	3858	12	28	79	0.3544304
NODE_295_length_4284_cov_15.940263	3779	3858	13	2	79	0.0253165
NODE_295_length_4284_cov_15.940263	3779	3858	14	8	79	0.1012658
NODE_299_length_4277_cov_5.451173	3818	3898	0	18	80	0.2250000
NODE_299_length_4277_cov_5.451173	3818	3898	2	62	80	0.7750000
NODE_299_length_4277_cov_5.451173	3927	3995	0	34	68	0.5000000
NODE_299_length_4277_cov_5.451173	3927	3995	2	34	68	0.5000000
NODE_299_length_4277_cov_5.451173	3968	4048	0	80	80	1.0000000
NODE_300_length_4274_cov_18.943234	591	671	4	19	80	0.2375000
NODE_300_length_4274_cov_18.943234	591	671	5	7	80	0.0875000
NODE_300_length_4274_cov_18.943234	591	671	6	4	80	0.0500000
NODE_300_length_4274_cov_18.943234	591	671	8	35	80	0.4375000
NODE_300_length_4274_cov_18.943234	591	671	9	15	80	0.1875000
NODE_300_length_4274_cov_18.943234	644	724	5	7	80	0.0875000
NODE_300_length_4274_cov_18.943234	644	724	6	25	80	0.3125000
NODE_300_length_4274_cov_18.943234	644	724	8	48	80	0.6000000
NODE_301_length_4274_cov_16.160958	416	496	1	13	80	0.1625000
NODE_301_length_4274_cov_16.160958	416	496	2	67	80	0.8375000
NODE_301_length_4274_cov_16.160958	1034	1114	1	3	80	0.0375000
NODE_301_length_4274_cov_16.160958	1034	1114	2	77	80	0.9625000
NODE_301_length_4274_cov_16.160958	1087	1167	1	56	80	0.7000000
NODE_301_length_4274_cov_16.160958	1087	1167	2	24	80	0.3000000
NODE_301_length_4274_cov_16.160958	1163	1243	0	75	80	0.9375000
NODE_301_length_4274_cov_16.160958	1163	1243	1	5	80	0.0625000
NODE_301_length_4274_cov_16.160958	1216	1296	0	80	80	1.0000000
NODE_301_length_4274_cov_16.160958	3411	3491	3	5	80	0.0625000
NODE_301_length_4274_cov_16.160958	3411	3491	4	1	80	0.0125000
NODE_301_length_4274_cov_16.160958	3411	3491	5	9	80	0.1125000
NODE_301_length_4274_cov_16.160958	3411	3491	6	17	80	0.2125000
NODE_301_length_4274_cov_16.160958	3411	3491	8	7	80	0.0875000
NODE_301_length_4274_cov_16.160958	3411	3491	9	31	80	0.3875000
NODE_301_length_4274_cov_16.160958	3411	3491	11	5	80	0.0625000
NODE_301_length_4274_cov_16.160958	3411	3491	12	1	80	0.0125000
NODE_301_length_4274_cov_16.160958	3411	3491	14	4	80	0.0500000
NODE_302_length_4270_cov_14.045792	3835	3915	33	2	80	0.0250000
NODE_302_length_4270_cov_14.045792	3835	3915	34	13	80	0.1625000
NODE_302_length_4270_cov_14.045792	3835	3915	35	15	80	0.1875000
NODE_302_length_4270_cov_14.045792	3835	3915	36	8	80	0.1000000
NODE_302_length_4270_cov_14.045792	3835	3915	37	29	80	0.3625000
NODE_302_length_4270_cov_14.045792	3835	3915	38	9	80	0.1125000
NODE_302_length_4270_cov_14.045792	3835	3915	39	4	80	0.0500000
NODE_302_length_4270_cov_14.045792	3888	3968	35	6	80	0.0750000
NODE_302_length_4270_cov_14.045792	3888	3968	36	7	80	0.0875000
NODE_302_length_4270_cov_14.045792	3888	3968	37	13	80	0.1625000
NODE_302_length_4270_cov_14.045792	3888	3968	38	13	80	0.1625000
NODE_302_length_4270_cov_14.045792	3888	3968	39	7	80	0.0875000
NODE_302_length_4270_cov_14.045792	3888	3968	40	17	80	0.2125000
NODE_302_length_4270_cov_14.045792	3888	3968	41	7	80	0.0875000
NODE_302_length_4270_cov_14.045792	3888	3968	42	6	80	0.0750000
NODE_302_length_4270_cov_14.045792	3888	3968	43	4	80	0.0500000
NODE_303_length_4260_cov_24.780822	244	311	3	12	67	0.1791045
NODE_303_length_4260_cov_24.780822	244	311	5	11	67	0.1641791
NODE_303_length_4260_cov_24.780822	244	311	6	31	67	0.4626866
NODE_303_length_4260_cov_24.780822	244	311	8	13	67	0.1940299
NODE_303_length_4260_cov_24.780822	244	311	3	12	67	0.1791045
NODE_303_length_4260_cov_24.780822	244	311	5	11	67	0.1641791
NODE_303_length_4260_cov_24.780822	244	311	6	31	67	0.4626866
NODE_303_length_4260_cov_24.780822	244	311	8	13	67	0.1940299
NODE_303_length_4260_cov_24.780822	263	311	3	12	48	0.2500000
NODE_303_length_4260_cov_24.780822	263	311	5	11	48	0.2291667
NODE_303_length_4260_cov_24.780822	263	311	6	25	48	0.5208333
NODE_303_length_4260_cov_24.780822	1605	1633	0	8	28	0.2857143
NODE_303_length_4260_cov_24.780822	1605	1633	2	19	28	0.6785714
NODE_303_length_4260_cov_24.780822	1605	1633	10	1	28	0.0357143
NODE_303_length_4260_cov_24.780822	1660	1699	6	34	39	0.8717949
NODE_303_length_4260_cov_24.780822	1660	1699	8	1	39	0.0256410
NODE_303_length_4260_cov_24.780822	1660	1699	9	4	39	0.1025641
NODE_310_length_4207_cov_6.923564	3664	3722	7	11	58	0.1896552
NODE_310_length_4207_cov_6.923564	3664	3722	8	46	58	0.7931035
NODE_310_length_4207_cov_6.923564	3664	3722	9	1	58	0.0172414
NODE_310_length_4207_cov_6.923564	3695	3775	4	20	80	0.2500000
NODE_310_length_4207_cov_6.923564	3695	3775	5	3	80	0.0375000
NODE_310_length_4207_cov_6.923564	3695	3775	6	9	80	0.1125000
NODE_310_length_4207_cov_6.923564	3695	3775	7	7	80	0.0875000
NODE_310_length_4207_cov_6.923564	3695	3775	8	40	80	0.5000000
NODE_310_length_4207_cov_6.923564	3695	3775	9	1	80	0.0125000
NODE_311_length_4205_cov_6.121042	592	632	1	40	40	1.0000000
NODE_311_length_4205_cov_6.121042	605	685	0	17	80	0.2125000
NODE_311_length_4205_cov_6.121042	605	685	1	63	80	0.7875000
NODE_311_length_4205_cov_6.121042	681	745	0	11	64	0.1718750
NODE_311_length_4205_cov_6.121042	681	745	1	53	64	0.8281250
NODE_312_length_4196_cov_4.170857	340	420	0	80	80	1.0000000
NODE_312_length_4196_cov_4.170857	393	473	0	80	80	1.0000000
NODE_316_length_4179_cov_6.655882	1	65	0	64	64	1.0000000
NODE_316_length_4179_cov_6.655882	1087	1140	5	53	53	1.0000000
NODE_316_length_4179_cov_6.655882	1818	1898	1	1	80	0.0125000
NODE_316_length_4179_cov_6.655882	1818	1898	2	44	80	0.5500000
NODE_316_length_4179_cov_6.655882	1818	1898	3	11	80	0.1375000
NODE_316_length_4179_cov_6.655882	1818	1898	4	24	80	0.3000000
NODE_319_length_4150_cov_10.600099	2827	2849	4	8	22	0.3636364
NODE_319_length_4150_cov_10.600099	2827	2849	5	14	22	0.6363636
NODE_319_length_4150_cov_10.600099	2973	3053	5	21	80	0.2625000
NODE_319_length_4150_cov_10.600099	2973	3053	7	43	80	0.5375000
NODE_319_length_4150_cov_10.600099	2973	3053	8	11	80	0.1375000
NODE_319_length_4150_cov_10.600099	2973	3053	9	5	80	0.0625000
NODE_319_length_4150_cov_10.600099	3026	3106	7	22	80	0.2750000
NODE_319_length_4150_cov_10.600099	3026	3106	9	52	80	0.6500000
NODE_319_length_4150_cov_10.600099	3026	3106	10	6	80	0.0750000
NODE_324_length_4119_cov_27.984328	2818	2898	25	5	80	0.0625000
NODE_324_length_4119_cov_27.984328	2818	2898	26	5	80	0.0625000
NODE_324_length_4119_cov_27.984328	2818	2898	27	20	80	0.2500000
NODE_324_length_4119_cov_27.984328	2818	2898	28	3	80	0.0375000
NODE_324_length_4119_cov_27.984328	2818	2898	29	12	80	0.1500000
NODE_324_length_4119_cov_27.984328	2818	2898	30	2	80	0.0250000
NODE_324_length_4119_cov_27.984328	2818	2898	31	10	80	0.1250000
NODE_324_length_4119_cov_27.984328	2818	2898	32	14	80	0.1750000
NODE_324_length_4119_cov_27.984328	2818	2898	33	3	80	0.0375000
NODE_324_length_4119_cov_27.984328	2818	2898	34	1	80	0.0125000
NODE_324_length_4119_cov_27.984328	2818	2898	35	5	80	0.0625000
NODE_325_length_4108_cov_14.755550	378	422	0	44	44	1.0000000
NODE_325_length_4108_cov_14.755550	3537	3617	4	57	80	0.7125000
NODE_325_length_4108_cov_14.755550	3537	3617	5	19	80	0.2375000
NODE_325_length_4108_cov_14.755550	3537	3617	6	4	80	0.0500000
NODE_325_length_4108_cov_14.755550	3590	3670	4	37	80	0.4625000
NODE_325_length_4108_cov_14.755550	3590	3670	5	41	80	0.5125000
NODE_325_length_4108_cov_14.755550	3590	3670	6	2	80	0.0250000
NODE_326_length_4107_cov_1.855539	207	287	0	42	80	0.5250000
NODE_326_length_4107_cov_1.855539	207	287	2	38	80	0.4750000
NODE_328_length_4096_cov_31.197648	379	459	5	2	80	0.0250000
NODE_328_length_4096_cov_31.197648	379	459	7	78	80	0.9750000
NODE_328_length_4096_cov_31.197648	432	512	4	36	80	0.4500000
NODE_328_length_4096_cov_31.197648	432	512	5	7	80	0.0875000
NODE_328_length_4096_cov_31.197648	432	512	6	1	80	0.0125000
NODE_328_length_4096_cov_31.197648	432	512	7	36	80	0.4500000
NODE_328_length_4096_cov_31.197648	3305	3385	0	80	80	1.0000000
NODE_328_length_4096_cov_31.197648	3358	3438	0	80	80	1.0000000
NODE_329_length_4081_cov_20.248870	3673	3753	0	6	80	0.0750000
NODE_329_length_4081_cov_20.248870	3673	3753	2	12	80	0.1500000
NODE_329_length_4081_cov_20.248870	3673	3753	3	44	80	0.5500000
NODE_329_length_4081_cov_20.248870	3673	3753	4	18	80	0.2250000
NODE_329_length_4081_cov_20.248870	3726	3806	0	6	80	0.0750000
NODE_329_length_4081_cov_20.248870	3726	3806	2	33	80	0.4125000
NODE_329_length_4081_cov_20.248870	3726	3806	3	9	80	0.1125000
NODE_329_length_4081_cov_20.248870	3726	3806	4	16	80	0.2000000
NODE_329_length_4081_cov_20.248870	3726	3806	5	16	80	0.2000000
NODE_330_length_4076_cov_15.138044	1062	1142	4	5	80	0.0625000
NODE_330_length_4076_cov_15.138044	1062	1142	5	4	80	0.0500000
NODE_330_length_4076_cov_15.138044	1062	1142	7	3	80	0.0375000
NODE_330_length_4076_cov_15.138044	1062	1142	8	4	80	0.0500000
NODE_330_length_4076_cov_15.138044	1062	1142	9	44	80	0.5500000
NODE_330_length_4076_cov_15.138044	1062	1142	10	7	80	0.0875000
NODE_330_length_4076_cov_15.138044	1062	1142	11	13	80	0.1625000
NODE_330_length_4076_cov_15.138044	1115	1195	6	40	80	0.5000000
NODE_330_length_4076_cov_15.138044	1115	1195	7	7	80	0.0875000
NODE_330_length_4076_cov_15.138044	1115	1195	8	10	80	0.1250000
NODE_330_length_4076_cov_15.138044	1115	1195	9	23	80	0.2875000
NODE_331_length_4069_cov_14.261209	3871	3936	0	16	65	0.2461538
NODE_331_length_4069_cov_14.261209	3871	3936	2	2	65	0.0307692
NODE_331_length_4069_cov_14.261209	3871	3936	4	43	65	0.6615385
NODE_331_length_4069_cov_14.261209	3871	3936	5	4	65	0.0615385
NODE_333_length_4050_cov_31.044039	1703	1783	7	10	80	0.1250000
NODE_333_length_4050_cov_31.044039	1703	1783	8	23	80	0.2875000
NODE_333_length_4050_cov_31.044039	1703	1783	9	5	80	0.0625000
NODE_333_length_4050_cov_31.044039	1703	1783	10	4	80	0.0500000
NODE_333_length_4050_cov_31.044039	1703	1783	11	1	80	0.0125000
NODE_333_length_4050_cov_31.044039	1703	1783	12	23	80	0.2875000
NODE_333_length_4050_cov_31.044039	1703	1783	14	12	80	0.1500000
NODE_333_length_4050_cov_31.044039	1703	1783	15	1	80	0.0125000
NODE_333_length_4050_cov_31.044039	1703	1783	16	1	80	0.0125000
NODE_335_length_4021_cov_34.619072	379	459	2	3	80	0.0375000
NODE_335_length_4021_cov_34.619072	379	459	3	5	80	0.0625000
NODE_335_length_4021_cov_34.619072	379	459	4	15	80	0.1875000
NODE_335_length_4021_cov_34.619072	379	459	6	57	80	0.7125000
NODE_335_length_4021_cov_34.619072	432	512	2	5	80	0.0625000
NODE_335_length_4021_cov_34.619072	432	512	3	37	80	0.4625000
NODE_335_length_4021_cov_34.619072	432	512	4	34	80	0.4250000
NODE_335_length_4021_cov_34.619072	432	512	6	4	80	0.0500000
NODE_336_length_4020_cov_5.130834	3455	3535	4	13	80	0.1625000
NODE_336_length_4020_cov_5.130834	3455	3535	5	67	80	0.8375000
NODE_336_length_4020_cov_5.130834	3508	3588	2	18	80	0.2250000
NODE_336_length_4020_cov_5.130834	3508	3588	3	23	80	0.2875000
NODE_336_length_4020_cov_5.130834	3508	3588	4	8	80	0.1000000
NODE_336_length_4020_cov_5.130834	3508	3588	5	31	80	0.3875000
NODE_339_length_4004_cov_9.718054	387	467	2	50	80	0.6250000
NODE_339_length_4004_cov_9.718054	387	467	4	2	80	0.0250000
NODE_339_length_4004_cov_9.718054	387	467	5	7	80	0.0875000
NODE_339_length_4004_cov_9.718054	387	467	6	18	80	0.2250000
NODE_339_length_4004_cov_9.718054	387	467	7	1	80	0.0125000
NODE_339_length_4004_cov_9.718054	387	467	8	2	80	0.0250000
NODE_339_length_4004_cov_9.718054	440	520	5	6	80	0.0750000
NODE_339_length_4004_cov_9.718054	440	520	6	71	80	0.8875000
NODE_339_length_4004_cov_9.718054	440	520	7	1	80	0.0125000
NODE_339_length_4004_cov_9.718054	440	520	8	2	80	0.0250000
NODE_339_length_4004_cov_9.718054	516	596	3	7	80	0.0875000
NODE_339_length_4004_cov_9.718054	516	596	4	36	80	0.4500000
NODE_339_length_4004_cov_9.718054	516	596	6	37	80	0.4625000
NODE_339_length_4004_cov_9.718054	569	649	0	38	80	0.4750000
NODE_339_length_4004_cov_9.718054	569	649	1	1	80	0.0125000
NODE_339_length_4004_cov_9.718054	569	649	2	14	80	0.1750000
NODE_339_length_4004_cov_9.718054	569	649	3	7	80	0.0875000
NODE_339_length_4004_cov_9.718054	569	649	4	20	80	0.2500000
NODE_341_length_3991_cov_18.617934	867	947	3	1	80	0.0125000
NODE_341_length_3991_cov_18.617934	867	947	4	8	80	0.1000000
NODE_341_length_3991_cov_18.617934	867	947	5	57	80	0.7125000
NODE_341_length_3991_cov_18.617934	867	947	6	14	80	0.1750000
NODE_341_length_3991_cov_18.617934	920	1000	4	48	80	0.6000000
NODE_341_length_3991_cov_18.617934	920	1000	5	18	80	0.2250000
NODE_341_length_3991_cov_18.617934	920	1000	6	14	80	0.1750000
NODE_341_length_3991_cov_18.617934	996	1076	2	7	80	0.0875000
NODE_341_length_3991_cov_18.617934	996	1076	3	15	80	0.1875000
NODE_341_length_3991_cov_18.617934	996	1076	4	58	80	0.7250000
NODE_341_length_3991_cov_18.617934	1049	1124	1	44	75	0.5866666
NODE_341_length_3991_cov_18.617934	1049	1124	2	11	75	0.1466667
NODE_341_length_3991_cov_18.617934	1049	1124	3	8	75	0.1066667
NODE_341_length_3991_cov_18.617934	1049	1124	4	12	75	0.1600000
NODE_348_length_3973_cov_6.906298	17	65	0	48	48	1.0000000
NODE_348_length_3973_cov_6.906298	1945	1995	5	17	50	0.3400000
NODE_348_length_3973_cov_6.906298	1945	1995	6	10	50	0.2000000
NODE_348_length_3973_cov_6.906298	1945	1995	7	23	50	0.4600000
NODE_350_length_3960_cov_6.246827	2673	2761	0	88	88	1.0000000
NODE_350_length_3960_cov_6.246827	3520	3600	1	10	80	0.1250000
NODE_350_length_3960_cov_6.246827	3520	3600	3	34	80	0.4250000
NODE_350_length_3960_cov_6.246827	3520	3600	4	10	80	0.1250000
NODE_350_length_3960_cov_6.246827	3520	3600	5	26	80	0.3250000
NODE_350_length_3960_cov_6.246827	3573	3653	4	33	80	0.4125000
NODE_350_length_3960_cov_6.246827	3573	3653	5	47	80	0.5875000
NODE_353_length_3952_cov_8.805346	826	906	4	8	80	0.1000000
NODE_353_length_3952_cov_8.805346	826	906	6	8	80	0.1000000
NODE_353_length_3952_cov_8.805346	826	906	7	19	80	0.2375000
NODE_353_length_3952_cov_8.805346	826	906	9	3	80	0.0375000
NODE_353_length_3952_cov_8.805346	826	906	10	29	80	0.3625000
NODE_353_length_3952_cov_8.805346	826	906	11	13	80	0.1625000
NODE_353_length_3952_cov_8.805346	879	959	4	26	80	0.3250000
NODE_353_length_3952_cov_8.805346	879	959	5	10	80	0.1250000
NODE_353_length_3952_cov_8.805346	879	959	7	36	80	0.4500000
NODE_353_length_3952_cov_8.805346	879	959	11	8	80	0.1000000
NODE_354_length_3928_cov_5.936798	2440	2521	0	42	81	0.5185185
NODE_354_length_3928_cov_5.936798	2440	2521	4	22	81	0.2716049
NODE_354_length_3928_cov_5.936798	2440	2521	5	17	81	0.2098765
NODE_354_length_3928_cov_5.936798	2493	2574	4	11	81	0.1358025
NODE_354_length_3928_cov_5.936798	2493	2574	5	56	81	0.6913580
NODE_354_length_3928_cov_5.936798	2493	2574	6	14	81	0.1728395
NODE_356_length_3923_cov_14.807793	3759	3800	0	41	41	1.0000000
NODE_358_length_3922_cov_7.609731	1493	1573	8	1	80	0.0125000
NODE_358_length_3922_cov_7.609731	1493	1573	10	31	80	0.3875000
NODE_358_length_3922_cov_7.609731	1493	1573	11	42	80	0.5250000
NODE_358_length_3922_cov_7.609731	1493	1573	13	6	80	0.0750000
NODE_358_length_3922_cov_7.609731	1546	1600	10	14	54	0.2592593
NODE_358_length_3922_cov_7.609731	1546	1600	11	38	54	0.7037037
NODE_358_length_3922_cov_7.609731	1546	1600	12	2	54	0.0370370
NODE_359_length_3921_cov_9.943223	2936	3016	61	3	80	0.0375000
NODE_359_length_3921_cov_9.943223	2936	3016	62	2	80	0.0250000
NODE_359_length_3921_cov_9.943223	2936	3016	65	1	80	0.0125000
NODE_359_length_3921_cov_9.943223	2936	3016	66	3	80	0.0375000
NODE_359_length_3921_cov_9.943223	2936	3016	67	10	80	0.1250000
NODE_359_length_3921_cov_9.943223	2936	3016	68	3	80	0.0375000
NODE_359_length_3921_cov_9.943223	2936	3016	69	5	80	0.0625000
NODE_359_length_3921_cov_9.943223	2936	3016	70	8	80	0.1000000
NODE_359_length_3921_cov_9.943223	2936	3016	71	5	80	0.0625000
NODE_359_length_3921_cov_9.943223	2936	3016	72	6	80	0.0750000
NODE_359_length_3921_cov_9.943223	2936	3016	73	7	80	0.0875000
NODE_359_length_3921_cov_9.943223	2936	3016	74	6	80	0.0750000
NODE_359_length_3921_cov_9.943223	2936	3016	75	6	80	0.0750000
NODE_359_length_3921_cov_9.943223	2936	3016	76	3	80	0.0375000
NODE_359_length_3921_cov_9.943223	2936	3016	77	1	80	0.0125000
NODE_359_length_3921_cov_9.943223	2936	3016	78	4	80	0.0500000
NODE_359_length_3921_cov_9.943223	2936	3016	79	3	80	0.0375000
NODE_359_length_3921_cov_9.943223	2936	3016	80	2	80	0.0250000
NODE_359_length_3921_cov_9.943223	2936	3016	81	2	80	0.0250000
NODE_359_length_3921_cov_9.943223	2989	3057	57	2	68	0.0294118
NODE_359_length_3921_cov_9.943223	2989	3057	59	5	68	0.0735294
NODE_359_length_3921_cov_9.943223	2989	3057	60	8	68	0.1176471
NODE_359_length_3921_cov_9.943223	2989	3057	61	5	68	0.0735294
NODE_359_length_3921_cov_9.943223	2989	3057	62	5	68	0.0735294
NODE_359_length_3921_cov_9.943223	2989	3057	63	6	68	0.0882353
NODE_359_length_3921_cov_9.943223	2989	3057	64	3	68	0.0441176
NODE_359_length_3921_cov_9.943223	2989	3057	65	6	68	0.0882353
NODE_359_length_3921_cov_9.943223	2989	3057	66	10	68	0.1470588
NODE_359_length_3921_cov_9.943223	2989	3057	67	9	68	0.1323529
NODE_359_length_3921_cov_9.943223	2989	3057	68	3	68	0.0441176
NODE_359_length_3921_cov_9.943223	2989	3057	69	1	68	0.0147059
NODE_359_length_3921_cov_9.943223	2989	3057	70	5	68	0.0735294
NODE_359_length_3921_cov_9.943223	3047	3066	52	1	19	0.0526316
NODE_359_length_3921_cov_9.943223	3047	3066	53	1	19	0.0526316
NODE_359_length_3921_cov_9.943223	3047	3066	54	2	19	0.1052632
NODE_359_length_3921_cov_9.943223	3047	3066	55	2	19	0.1052632
NODE_359_length_3921_cov_9.943223	3047	3066	57	3	19	0.1578947
NODE_359_length_3921_cov_9.943223	3047	3066	59	4	19	0.2105263
NODE_359_length_3921_cov_9.943223	3047	3066	60	4	19	0.2105263
NODE_359_length_3921_cov_9.943223	3047	3066	63	2	19	0.1052632
NODE_363_length_3898_cov_40.033167	3296	3370	6	3	74	0.0405405
NODE_363_length_3898_cov_40.033167	3296	3370	8	5	74	0.0675676
NODE_363_length_3898_cov_40.033167	3296	3370	10	21	74	0.2837838
NODE_363_length_3898_cov_40.033167	3296	3370	12	4	74	0.0540541
NODE_363_length_3898_cov_40.033167	3296	3370	13	5	74	0.0675676
NODE_363_length_3898_cov_40.033167	3296	3370	14	31	74	0.4189189
NODE_363_length_3898_cov_40.033167	3296	3370	17	1	74	0.0135135
NODE_363_length_3898_cov_40.033167	3296	3370	18	4	74	0.0540541
NODE_363_length_3898_cov_40.033167	3539	3619	0	1	80	0.0125000
NODE_363_length_3898_cov_40.033167	3539	3619	1	15	80	0.1875000
NODE_363_length_3898_cov_40.033167	3539	3619	2	64	80	0.8000000
NODE_364_length_3898_cov_7.550145	668	748	3	30	80	0.3750000
NODE_364_length_3898_cov_7.550145	668	748	4	23	80	0.2875000
NODE_364_length_3898_cov_7.550145	668	748	5	27	80	0.3375000
NODE_364_length_3898_cov_7.550145	721	801	3	9	80	0.1125000
NODE_364_length_3898_cov_7.550145	721	801	4	56	80	0.7000000
NODE_364_length_3898_cov_7.550145	721	801	5	15	80	0.1875000
NODE_367_length_3882_cov_4.166006	3244	3324	0	78	80	0.9750000
NODE_367_length_3882_cov_4.166006	3244	3324	1	2	80	0.0250000
NODE_367_length_3882_cov_4.166006	3282	3324	0	42	42	1.0000000
NODE_367_length_3882_cov_4.166006	3297	3377	0	55	80	0.6875000
NODE_367_length_3882_cov_4.166006	3297	3377	1	25	80	0.3125000
NODE_367_length_3882_cov_4.166006	3297	3377	0	55	80	0.6875000
NODE_367_length_3882_cov_4.166006	3297	3377	1	25	80	0.3125000
NODE_367_length_3882_cov_4.166006	3373	3450	1	77	77	1.0000000
NODE_374_length_3853_cov_18.816196	524	579	14	10	55	0.1818182
NODE_374_length_3853_cov_18.816196	524	579	15	29	55	0.5272727
NODE_374_length_3853_cov_18.816196	524	579	16	16	55	0.2909091
NODE_374_length_3853_cov_18.816196	559	639	1	4	80	0.0500000
NODE_374_length_3853_cov_18.816196	559	639	2	1	80	0.0125000
NODE_374_length_3853_cov_18.816196	559	639	3	6	80	0.0750000
NODE_374_length_3853_cov_18.816196	559	639	4	4	80	0.0500000
NODE_374_length_3853_cov_18.816196	559	639	5	4	80	0.0500000
NODE_374_length_3853_cov_18.816196	559	639	6	32	80	0.4000000
NODE_374_length_3853_cov_18.816196	559	639	10	6	80	0.0750000
NODE_374_length_3853_cov_18.816196	559	639	13	2	80	0.0250000
NODE_374_length_3853_cov_18.816196	559	639	14	7	80	0.0875000
NODE_374_length_3853_cov_18.816196	559	639	15	14	80	0.1750000
NODE_379_length_3829_cov_12.697319	515	595	7	61	80	0.7625000
NODE_379_length_3829_cov_12.697319	515	595	8	19	80	0.2375000
NODE_379_length_3829_cov_12.697319	568	648	1	11	80	0.1375000
NODE_379_length_3829_cov_12.697319	568	648	2	10	80	0.1250000
NODE_379_length_3829_cov_12.697319	568	648	3	7	80	0.0875000
NODE_379_length_3829_cov_12.697319	568	648	4	5	80	0.0625000
NODE_379_length_3829_cov_12.697319	568	648	5	1	80	0.0125000
NODE_379_length_3829_cov_12.697319	568	648	6	2	80	0.0250000
NODE_379_length_3829_cov_12.697319	568	648	7	8	80	0.1000000
NODE_379_length_3829_cov_12.697319	568	648	8	36	80	0.4500000
NODE_379_length_3829_cov_12.697319	644	724	1	80	80	1.0000000
NODE_379_length_3829_cov_12.697319	697	777	0	51	80	0.6375000
NODE_379_length_3829_cov_12.697319	697	777	1	29	80	0.3625000
NODE_381_length_3815_cov_17.218784	399	479	3	4	80	0.0500000
NODE_381_length_3815_cov_17.218784	399	479	4	1	80	0.0125000
NODE_381_length_3815_cov_17.218784	399	479	5	16	80	0.2000000
NODE_381_length_3815_cov_17.218784	399	479	6	59	80	0.7375000
NODE_381_length_3815_cov_17.218784	452	532	5	12	80	0.1500000
NODE_381_length_3815_cov_17.218784	452	532	6	45	80	0.5625000
NODE_381_length_3815_cov_17.218784	452	532	7	11	80	0.1375000
NODE_381_length_3815_cov_17.218784	452	532	8	12	80	0.1500000
NODE_383_length_3812_cov_65.007272	840	903	4	1	63	0.0158730
NODE_383_length_3812_cov_65.007272	840	903	7	4	63	0.0634921
NODE_383_length_3812_cov_65.007272	840	903	10	2	63	0.0317460
NODE_383_length_3812_cov_65.007272	840	903	11	1	63	0.0158730
NODE_383_length_3812_cov_65.007272	840	903	12	1	63	0.0158730
NODE_383_length_3812_cov_65.007272	840	903	15	3	63	0.0476190
NODE_383_length_3812_cov_65.007272	840	903	17	2	63	0.0317460
NODE_383_length_3812_cov_65.007272	840	903	18	3	63	0.0476190
NODE_383_length_3812_cov_65.007272	840	903	19	11	63	0.1746032
NODE_383_length_3812_cov_65.007272	840	903	22	1	63	0.0158730
NODE_383_length_3812_cov_65.007272	840	903	26	1	63	0.0158730
NODE_383_length_3812_cov_65.007272	840	903	28	2	63	0.0317460
NODE_383_length_3812_cov_65.007272	840	903	29	1	63	0.0158730
NODE_383_length_3812_cov_65.007272	840	903	30	3	63	0.0476190
NODE_383_length_3812_cov_65.007272	840	903	31	1	63	0.0158730
NODE_383_length_3812_cov_65.007272	840	903	35	1	63	0.0158730
NODE_383_length_3812_cov_65.007272	840	903	37	1	63	0.0158730
NODE_383_length_3812_cov_65.007272	840	903	38	6	63	0.0952381
NODE_383_length_3812_cov_65.007272	840	903	41	4	63	0.0634921
NODE_383_length_3812_cov_65.007272	840	903	43	1	63	0.0158730
NODE_383_length_3812_cov_65.007272	840	903	44	1	63	0.0158730
NODE_383_length_3812_cov_65.007272	840	903	45	1	63	0.0158730
NODE_383_length_3812_cov_65.007272	840	903	46	1	63	0.0158730
NODE_383_length_3812_cov_65.007272	840	903	48	3	63	0.0476190
NODE_383_length_3812_cov_65.007272	840	903	49	2	63	0.0317460
NODE_383_length_3812_cov_65.007272	840	903	50	1	63	0.0158730
NODE_383_length_3812_cov_65.007272	840	903	51	4	63	0.0634921
NODE_384_length_3805_cov_9.533189	145	236	2	21	91	0.2307692
NODE_384_length_3805_cov_9.533189	145	236	3	2	91	0.0219780
NODE_384_length_3805_cov_9.533189	145	236	4	68	91	0.7472528
NODE_384_length_3805_cov_9.533189	209	279	2	62	70	0.8857143
NODE_384_length_3805_cov_9.533189	209	279	4	8	70	0.1142857
NODE_386_length_3799_cov_10.046486	2944	3024	6	15	80	0.1875000
NODE_386_length_3799_cov_10.046486	2944	3024	7	7	80	0.0875000
NODE_386_length_3799_cov_10.046486	2944	3024	8	51	80	0.6375000
NODE_386_length_3799_cov_10.046486	2944	3024	9	7	80	0.0875000
NODE_386_length_3799_cov_10.046486	2997	3077	6	2	80	0.0250000
NODE_386_length_3799_cov_10.046486	2997	3077	7	8	80	0.1000000
NODE_386_length_3799_cov_10.046486	2997	3077	8	70	80	0.8750000
NODE_388_length_3795_cov_13.724297	3350	3430	1	80	80	1.0000000
NODE_388_length_3795_cov_13.724297	3403	3483	0	35	80	0.4375000
NODE_388_length_3795_cov_13.724297	3403	3483	1	45	80	0.5625000
NODE_388_length_3795_cov_13.724297	3479	3562	0	24	83	0.2891566
NODE_388_length_3795_cov_13.724297	3479	3562	1	59	83	0.7108434
NODE_388_length_3795_cov_13.724297	3479	3562	0	24	83	0.2891566
NODE_388_length_3795_cov_13.724297	3479	3562	1	59	83	0.7108434
NODE_388_length_3795_cov_13.724297	3479	3552	0	24	73	0.3287671
NODE_388_length_3795_cov_13.724297	3479	3552	1	49	73	0.6712329
NODE_388_length_3795_cov_13.724297	3535	3586	1	51	51	1.0000000
NODE_388_length_3795_cov_13.724297	3535	3584	1	49	49	1.0000000
NODE_388_length_3795_cov_13.724297	3698	3721	12	23	23	1.0000000
NODE_394_length_3774_cov_7.720544	538	595	3	24	57	0.4210526
NODE_394_length_3774_cov_7.720544	538	595	4	31	57	0.5438597
NODE_394_length_3774_cov_7.720544	538	595	5	2	57	0.0350877
NODE_404_length_3747_cov_3.328947	2230	2292	2	12	62	0.1935484
NODE_404_length_3747_cov_3.328947	2230	2292	3	50	62	0.8064516
NODE_406_length_3743_cov_38.767014	1354	1434	19	2	80	0.0250000
NODE_406_length_3743_cov_38.767014	1354	1434	20	13	80	0.1625000
NODE_406_length_3743_cov_38.767014	1354	1434	21	9	80	0.1125000
NODE_406_length_3743_cov_38.767014	1354	1434	22	19	80	0.2375000
NODE_406_length_3743_cov_38.767014	1354	1434	23	1	80	0.0125000
NODE_406_length_3743_cov_38.767014	1354	1434	24	24	80	0.3000000
NODE_406_length_3743_cov_38.767014	1354	1434	25	5	80	0.0625000
NODE_406_length_3743_cov_38.767014	1354	1434	26	7	80	0.0875000
NODE_406_length_3743_cov_38.767014	1407	1487	14	1	80	0.0125000
NODE_406_length_3743_cov_38.767014	1407	1487	16	23	80	0.2875000
NODE_406_length_3743_cov_38.767014	1407	1487	17	9	80	0.1125000
NODE_406_length_3743_cov_38.767014	1407	1487	18	3	80	0.0375000
NODE_406_length_3743_cov_38.767014	1407	1487	19	2	80	0.0250000
NODE_406_length_3743_cov_38.767014	1407	1487	20	5	80	0.0625000
NODE_406_length_3743_cov_38.767014	1407	1487	21	8	80	0.1000000
NODE_406_length_3743_cov_38.767014	1407	1487	23	3	80	0.0375000
NODE_406_length_3743_cov_38.767014	1407	1487	24	14	80	0.1750000
NODE_406_length_3743_cov_38.767014	1407	1487	25	5	80	0.0625000
NODE_406_length_3743_cov_38.767014	1407	1487	26	7	80	0.0875000
NODE_408_length_3733_cov_16.204458	186	249	0	57	63	0.9047619
NODE_408_length_3733_cov_16.204458	186	249	2	1	63	0.0158730
NODE_408_length_3733_cov_16.204458	186	249	6	5	63	0.0793651
NODE_413_length_3707_cov_56.575665	2387	2467	8	12	80	0.1500000
NODE_413_length_3707_cov_56.575665	2387	2467	9	16	80	0.2000000
NODE_413_length_3707_cov_56.575665	2387	2467	10	17	80	0.2125000
NODE_413_length_3707_cov_56.575665	2387	2467	11	3	80	0.0375000
NODE_413_length_3707_cov_56.575665	2387	2467	12	14	80	0.1750000
NODE_413_length_3707_cov_56.575665	2387	2467	14	1	80	0.0125000
NODE_413_length_3707_cov_56.575665	2387	2467	15	15	80	0.1875000
NODE_413_length_3707_cov_56.575665	2387	2467	16	2	80	0.0250000
NODE_413_length_3707_cov_56.575665	2440	2520	12	9	80	0.1125000
NODE_413_length_3707_cov_56.575665	2440	2520	14	1	80	0.0125000
NODE_413_length_3707_cov_56.575665	2440	2520	15	24	80	0.3000000
NODE_413_length_3707_cov_56.575665	2440	2520	16	7	80	0.0875000
NODE_413_length_3707_cov_56.575665	2440	2520	17	2	80	0.0250000
NODE_413_length_3707_cov_56.575665	2440	2520	18	3	80	0.0375000
NODE_413_length_3707_cov_56.575665	2440	2520	19	4	80	0.0500000
NODE_413_length_3707_cov_56.575665	2440	2520	20	3	80	0.0375000
NODE_413_length_3707_cov_56.575665	2440	2520	21	1	80	0.0125000
NODE_413_length_3707_cov_56.575665	2440	2520	22	1	80	0.0125000
NODE_413_length_3707_cov_56.575665	2440	2520	23	2	80	0.0250000
NODE_413_length_3707_cov_56.575665	2440	2520	24	1	80	0.0125000
NODE_413_length_3707_cov_56.575665	2440	2520	25	20	80	0.2500000
NODE_413_length_3707_cov_56.575665	2440	2520	26	1	80	0.0125000
NODE_413_length_3707_cov_56.575665	2440	2520	27	1	80	0.0125000
NODE_413_length_3707_cov_56.575665	2516	2596	23	5	80	0.0625000
NODE_413_length_3707_cov_56.575665	2516	2596	25	15	80	0.1875000
NODE_413_length_3707_cov_56.575665	2516	2596	26	7	80	0.0875000
NODE_413_length_3707_cov_56.575665	2516	2596	27	6	80	0.0750000
NODE_413_length_3707_cov_56.575665	2516	2596	28	6	80	0.0750000
NODE_413_length_3707_cov_56.575665	2516	2596	29	1	80	0.0125000
NODE_413_length_3707_cov_56.575665	2516	2596	30	3	80	0.0375000
NODE_413_length_3707_cov_56.575665	2516	2596	31	5	80	0.0625000
NODE_413_length_3707_cov_56.575665	2516	2596	32	7	80	0.0875000
NODE_413_length_3707_cov_56.575665	2516	2596	33	5	80	0.0625000
NODE_413_length_3707_cov_56.575665	2516	2596	34	1	80	0.0125000
NODE_413_length_3707_cov_56.575665	2516	2596	35	3	80	0.0375000
NODE_413_length_3707_cov_56.575665	2516	2596	37	16	80	0.2000000
NODE_413_length_3707_cov_56.575665	2569	2649	24	1	80	0.0125000
NODE_413_length_3707_cov_56.575665	2569	2649	25	1	80	0.0125000
NODE_413_length_3707_cov_56.575665	2569	2649	27	4	80	0.0500000
NODE_413_length_3707_cov_56.575665	2569	2649	28	3	80	0.0375000
NODE_413_length_3707_cov_56.575665	2569	2649	29	5	80	0.0625000
NODE_413_length_3707_cov_56.575665	2569	2649	30	2	80	0.0250000
NODE_413_length_3707_cov_56.575665	2569	2649	31	2	80	0.0250000
NODE_413_length_3707_cov_56.575665	2569	2649	32	9	80	0.1125000
NODE_413_length_3707_cov_56.575665	2569	2649	33	18	80	0.2250000
NODE_413_length_3707_cov_56.575665	2569	2649	34	13	80	0.1625000
NODE_413_length_3707_cov_56.575665	2569	2649	35	3	80	0.0375000
NODE_413_length_3707_cov_56.575665	2569	2649	36	3	80	0.0375000
NODE_413_length_3707_cov_56.575665	2569	2649	37	16	80	0.2000000
NODE_416_length_3690_cov_7.476190	723	792	0	43	69	0.6231884
NODE_416_length_3690_cov_7.476190	723	792	2	26	69	0.3768116
NODE_416_length_3690_cov_7.476190	776	855	0	79	79	1.0000000
NODE_419_length_3685_cov_7.011154	1966	2046	31	4	80	0.0500000
NODE_419_length_3685_cov_7.011154	1966	2046	32	2	80	0.0250000
NODE_419_length_3685_cov_7.011154	1966	2046	33	7	80	0.0875000
NODE_419_length_3685_cov_7.011154	1966	2046	34	17	80	0.2125000
NODE_419_length_3685_cov_7.011154	1966	2046	35	18	80	0.2250000
NODE_419_length_3685_cov_7.011154	1966	2046	36	27	80	0.3375000
NODE_419_length_3685_cov_7.011154	1966	2046	37	5	80	0.0625000
NODE_419_length_3685_cov_7.011154	2019	2086	28	3	67	0.0447761
NODE_419_length_3685_cov_7.011154	2019	2086	29	9	67	0.1343284
NODE_419_length_3685_cov_7.011154	2019	2086	30	4	67	0.0597015
NODE_419_length_3685_cov_7.011154	2019	2086	31	2	67	0.0298507
NODE_419_length_3685_cov_7.011154	2019	2086	32	1	67	0.0149254
NODE_419_length_3685_cov_7.011154	2019	2086	33	3	67	0.0447761
NODE_419_length_3685_cov_7.011154	2019	2086	34	10	67	0.1492537
NODE_419_length_3685_cov_7.011154	2019	2086	35	11	67	0.1641791
NODE_419_length_3685_cov_7.011154	2019	2086	36	20	67	0.2985075
NODE_419_length_3685_cov_7.011154	2019	2086	37	4	67	0.0597015
NODE_426_length_3667_cov_1089.047365	1634	1705	9	3	71	0.0422535
NODE_426_length_3667_cov_1089.047365	1634	1705	10	10	71	0.1408451
NODE_426_length_3667_cov_1089.047365	1634	1705	11	30	71	0.4225352
NODE_426_length_3667_cov_1089.047365	1634	1705	12	4	71	0.0563380
NODE_426_length_3667_cov_1089.047365	1634	1705	13	17	71	0.2394366
NODE_426_length_3667_cov_1089.047365	1634	1705	14	7	71	0.0985916
NODE_426_length_3667_cov_1089.047365	1678	1758	11	5	80	0.0625000
NODE_426_length_3667_cov_1089.047365	1678	1758	12	12	80	0.1500000
NODE_426_length_3667_cov_1089.047365	1678	1758	13	28	80	0.3500000
NODE_426_length_3667_cov_1089.047365	1678	1758	14	28	80	0.3500000
NODE_426_length_3667_cov_1089.047365	1678	1758	15	2	80	0.0250000
NODE_426_length_3667_cov_1089.047365	1678	1758	16	5	80	0.0625000
NODE_428_length_3660_cov_79.447627	1806	1870	21	8	64	0.1250000
NODE_428_length_3660_cov_79.447627	1806	1870	22	3	64	0.0468750
NODE_428_length_3660_cov_79.447627	1806	1870	24	3	64	0.0468750
NODE_428_length_3660_cov_79.447627	1806	1870	26	4	64	0.0625000
NODE_428_length_3660_cov_79.447627	1806	1870	28	3	64	0.0468750
NODE_428_length_3660_cov_79.447627	1806	1870	30	3	64	0.0468750
NODE_428_length_3660_cov_79.447627	1806	1870	31	2	64	0.0312500
NODE_428_length_3660_cov_79.447627	1806	1870	32	7	64	0.1093750
NODE_428_length_3660_cov_79.447627	1806	1870	36	4	64	0.0625000
NODE_428_length_3660_cov_79.447627	1806	1870	37	4	64	0.0625000
NODE_428_length_3660_cov_79.447627	1806	1870	38	6	64	0.0937500
NODE_428_length_3660_cov_79.447627	1806	1870	39	2	64	0.0312500
NODE_428_length_3660_cov_79.447627	1806	1870	40	5	64	0.0781250
NODE_428_length_3660_cov_79.447627	1806	1870	42	10	64	0.1562500
NODE_428_length_3660_cov_79.447627	1859	1906	40	1	47	0.0212766
NODE_428_length_3660_cov_79.447627	1859	1906	42	10	47	0.2127660
NODE_428_length_3660_cov_79.447627	1859	1906	43	1	47	0.0212766
NODE_428_length_3660_cov_79.447627	1859	1906	45	1	47	0.0212766
NODE_428_length_3660_cov_79.447627	1859	1906	47	1	47	0.0212766
NODE_428_length_3660_cov_79.447627	1859	1906	48	5	47	0.1063830
NODE_428_length_3660_cov_79.447627	1859	1906	49	3	47	0.0638298
NODE_428_length_3660_cov_79.447627	1859	1906	50	4	47	0.0851064
NODE_428_length_3660_cov_79.447627	1859	1906	51	7	47	0.1489362
NODE_428_length_3660_cov_79.447627	1859	1906	52	5	47	0.1063830
NODE_428_length_3660_cov_79.447627	1859	1906	53	9	47	0.1914894
NODE_428_length_3660_cov_79.447627	2358	2438	3	42	80	0.5250000
NODE_428_length_3660_cov_79.447627	2358	2438	4	38	80	0.4750000
NODE_428_length_3660_cov_79.447627	2411	2491	2	22	80	0.2750000
NODE_428_length_3660_cov_79.447627	2411	2491	3	22	80	0.2750000
NODE_428_length_3660_cov_79.447627	2411	2491	4	36	80	0.4500000
NODE_428_length_3660_cov_79.447627	2487	2567	1	17	80	0.2125000
NODE_428_length_3660_cov_79.447627	2487	2567	2	16	80	0.2000000
NODE_428_length_3660_cov_79.447627	2487	2567	3	6	80	0.0750000
NODE_428_length_3660_cov_79.447627	2487	2567	4	17	80	0.2125000
NODE_428_length_3660_cov_79.447627	2487	2567	5	24	80	0.3000000
NODE_428_length_3660_cov_79.447627	2540	2620	2	14	80	0.1750000
NODE_428_length_3660_cov_79.447627	2540	2620	4	56	80	0.7000000
NODE_428_length_3660_cov_79.447627	2540	2620	5	10	80	0.1250000
NODE_430_length_3634_cov_34.913154	1499	1544	36	1	45	0.0222222
NODE_430_length_3634_cov_34.913154	1499	1544	38	1	45	0.0222222
NODE_430_length_3634_cov_34.913154	1499	1544	40	1	45	0.0222222
NODE_430_length_3634_cov_34.913154	1499	1544	42	1	45	0.0222222
NODE_430_length_3634_cov_34.913154	1499	1544	45	1	45	0.0222222
NODE_430_length_3634_cov_34.913154	1499	1544	47	2	45	0.0444444
NODE_430_length_3634_cov_34.913154	1499	1544	49	1	45	0.0222222
NODE_430_length_3634_cov_34.913154	1499	1544	51	1	45	0.0222222
NODE_430_length_3634_cov_34.913154	1499	1544	53	1	45	0.0222222
NODE_430_length_3634_cov_34.913154	1499	1544	58	1	45	0.0222222
NODE_430_length_3634_cov_34.913154	1499	1544	60	1	45	0.0222222
NODE_430_length_3634_cov_34.913154	1499	1544	61	1	45	0.0222222
NODE_430_length_3634_cov_34.913154	1499	1544	63	1	45	0.0222222
NODE_430_length_3634_cov_34.913154	1499	1544	66	5	45	0.1111111
NODE_430_length_3634_cov_34.913154	1499	1544	67	1	45	0.0222222
NODE_430_length_3634_cov_34.913154	1499	1544	69	1	45	0.0222222
NODE_430_length_3634_cov_34.913154	1499	1544	72	1	45	0.0222222
NODE_430_length_3634_cov_34.913154	1499	1544	77	2	45	0.0444444
NODE_430_length_3634_cov_34.913154	1499	1544	79	3	45	0.0666667
NODE_430_length_3634_cov_34.913154	1499	1544	80	2	45	0.0444444
NODE_430_length_3634_cov_34.913154	1499	1544	82	1	45	0.0222222
NODE_430_length_3634_cov_34.913154	1499	1544	84	1	45	0.0222222
NODE_430_length_3634_cov_34.913154	1499	1544	87	1	45	0.0222222
NODE_430_length_3634_cov_34.913154	1499	1544	88	1	45	0.0222222
NODE_430_length_3634_cov_34.913154	1499	1544	89	2	45	0.0444444
NODE_430_length_3634_cov_34.913154	1499	1544	108	1	45	0.0222222
NODE_430_length_3634_cov_34.913154	1499	1544	114	1	45	0.0222222
NODE_430_length_3634_cov_34.913154	1499	1544	119	1	45	0.0222222
NODE_430_length_3634_cov_34.913154	1499	1544	120	1	45	0.0222222
NODE_430_length_3634_cov_34.913154	1499	1544	121	1	45	0.0222222
NODE_430_length_3634_cov_34.913154	1499	1544	122	2	45	0.0444444
NODE_430_length_3634_cov_34.913154	1499	1544	124	3	45	0.0666667
NODE_430_length_3634_cov_34.913154	1517	1597	66	1	80	0.0125000
NODE_430_length_3634_cov_34.913154	1517	1597	67	1	80	0.0125000
NODE_430_length_3634_cov_34.913154	1517	1597	69	1	80	0.0125000
NODE_430_length_3634_cov_34.913154	1517	1597	72	1	80	0.0125000
NODE_430_length_3634_cov_34.913154	1517	1597	77	2	80	0.0250000
NODE_430_length_3634_cov_34.913154	1517	1597	79	3	80	0.0375000
NODE_430_length_3634_cov_34.913154	1517	1597	80	2	80	0.0250000
NODE_430_length_3634_cov_34.913154	1517	1597	82	1	80	0.0125000
NODE_430_length_3634_cov_34.913154	1517	1597	84	1	80	0.0125000
NODE_430_length_3634_cov_34.913154	1517	1597	87	1	80	0.0125000
NODE_430_length_3634_cov_34.913154	1517	1597	88	1	80	0.0125000
NODE_430_length_3634_cov_34.913154	1517	1597	89	2	80	0.0250000
NODE_430_length_3634_cov_34.913154	1517	1597	108	1	80	0.0125000
NODE_430_length_3634_cov_34.913154	1517	1597	114	1	80	0.0125000
NODE_430_length_3634_cov_34.913154	1517	1597	119	1	80	0.0125000
NODE_430_length_3634_cov_34.913154	1517	1597	120	1	80	0.0125000
NODE_430_length_3634_cov_34.913154	1517	1597	121	1	80	0.0125000
NODE_430_length_3634_cov_34.913154	1517	1597	122	2	80	0.0250000
NODE_430_length_3634_cov_34.913154	1517	1597	124	6	80	0.0750000
NODE_430_length_3634_cov_34.913154	1517	1597	126	1	80	0.0125000
NODE_430_length_3634_cov_34.913154	1517	1597	130	1	80	0.0125000
NODE_430_length_3634_cov_34.913154	1517	1597	132	2	80	0.0250000
NODE_430_length_3634_cov_34.913154	1517	1597	134	1	80	0.0125000
NODE_430_length_3634_cov_34.913154	1517	1597	135	1	80	0.0125000
NODE_430_length_3634_cov_34.913154	1517	1597	137	5	80	0.0625000
NODE_430_length_3634_cov_34.913154	1517	1597	140	1	80	0.0125000
NODE_430_length_3634_cov_34.913154	1517	1597	144	1	80	0.0125000
NODE_430_length_3634_cov_34.913154	1517	1597	145	2	80	0.0250000
NODE_430_length_3634_cov_34.913154	1517	1597	146	1	80	0.0125000
NODE_430_length_3634_cov_34.913154	1517	1597	148	3	80	0.0375000
NODE_430_length_3634_cov_34.913154	1517	1597	149	1	80	0.0125000
NODE_430_length_3634_cov_34.913154	1517	1597	150	1	80	0.0125000
NODE_430_length_3634_cov_34.913154	1517	1597	151	1	80	0.0125000
NODE_430_length_3634_cov_34.913154	1517	1597	153	1	80	0.0125000
NODE_430_length_3634_cov_34.913154	1517	1597	155	1	80	0.0125000
NODE_430_length_3634_cov_34.913154	1517	1597	156	2	80	0.0250000
NODE_430_length_3634_cov_34.913154	1517	1597	157	1	80	0.0125000
NODE_430_length_3634_cov_34.913154	1517	1597	159	1	80	0.0125000
NODE_430_length_3634_cov_34.913154	1517	1597	162	1	80	0.0125000
NODE_430_length_3634_cov_34.913154	1517	1597	164	1	80	0.0125000
NODE_430_length_3634_cov_34.913154	1517	1597	167	2	80	0.0250000
NODE_430_length_3634_cov_34.913154	1517	1597	169	1	80	0.0125000
NODE_430_length_3634_cov_34.913154	1517	1597	170	2	80	0.0250000
NODE_430_length_3634_cov_34.913154	1517	1597	172	1	80	0.0125000
NODE_430_length_3634_cov_34.913154	1517	1597	173	2	80	0.0250000
NODE_430_length_3634_cov_34.913154	1517	1597	174	1	80	0.0125000
NODE_430_length_3634_cov_34.913154	1517	1597	176	1	80	0.0125000
NODE_430_length_3634_cov_34.913154	1517	1597	177	1	80	0.0125000
NODE_430_length_3634_cov_34.913154	1517	1597	178	1	80	0.0125000
NODE_430_length_3634_cov_34.913154	1517	1597	179	1	80	0.0125000
NODE_430_length_3634_cov_34.913154	1517	1597	180	5	80	0.0625000
NODE_430_length_3634_cov_34.913154	1517	1597	181	2	80	0.0250000
NODE_430_length_3634_cov_34.913154	1978	2058	56	5	80	0.0625000
NODE_430_length_3634_cov_34.913154	1978	2058	58	2	80	0.0250000
NODE_430_length_3634_cov_34.913154	1978	2058	59	1	80	0.0125000
NODE_430_length_3634_cov_34.913154	1978	2058	63	1	80	0.0125000
NODE_430_length_3634_cov_34.913154	1978	2058	67	1	80	0.0125000
NODE_430_length_3634_cov_34.913154	1978	2058	70	1	80	0.0125000
NODE_430_length_3634_cov_34.913154	1978	2058	71	1	80	0.0125000
NODE_430_length_3634_cov_34.913154	1978	2058	72	3	80	0.0375000
NODE_430_length_3634_cov_34.913154	1978	2058	76	1	80	0.0125000
NODE_430_length_3634_cov_34.913154	1978	2058	77	1	80	0.0125000
NODE_430_length_3634_cov_34.913154	1978	2058	79	1	80	0.0125000
NODE_430_length_3634_cov_34.913154	1978	2058	80	1	80	0.0125000
NODE_430_length_3634_cov_34.913154	1978	2058	81	1	80	0.0125000
NODE_430_length_3634_cov_34.913154	1978	2058	84	1	80	0.0125000
NODE_430_length_3634_cov_34.913154	1978	2058	85	1	80	0.0125000
NODE_430_length_3634_cov_34.913154	1978	2058	88	1	80	0.0125000
NODE_430_length_3634_cov_34.913154	1978	2058	89	1	80	0.0125000
NODE_430_length_3634_cov_34.913154	1978	2058	93	1	80	0.0125000
NODE_430_length_3634_cov_34.913154	1978	2058	94	1	80	0.0125000
NODE_430_length_3634_cov_34.913154	1978	2058	95	1	80	0.0125000
NODE_430_length_3634_cov_34.913154	1978	2058	100	1	80	0.0125000
NODE_430_length_3634_cov_34.913154	1978	2058	102	2	80	0.0250000
NODE_430_length_3634_cov_34.913154	1978	2058	104	3	80	0.0375000
NODE_430_length_3634_cov_34.913154	1978	2058	107	1	80	0.0125000
NODE_430_length_3634_cov_34.913154	1978	2058	108	1	80	0.0125000
NODE_430_length_3634_cov_34.913154	1978	2058	109	3	80	0.0375000
NODE_430_length_3634_cov_34.913154	1978	2058	111	1	80	0.0125000
NODE_430_length_3634_cov_34.913154	1978	2058	116	1	80	0.0125000
NODE_430_length_3634_cov_34.913154	1978	2058	121	1	80	0.0125000
NODE_430_length_3634_cov_34.913154	1978	2058	122	1	80	0.0125000
NODE_430_length_3634_cov_34.913154	1978	2058	126	2	80	0.0250000
NODE_430_length_3634_cov_34.913154	1978	2058	128	1	80	0.0125000
NODE_430_length_3634_cov_34.913154	1978	2058	129	2	80	0.0250000
NODE_430_length_3634_cov_34.913154	1978	2058	131	2	80	0.0250000
NODE_430_length_3634_cov_34.913154	1978	2058	133	1	80	0.0125000
NODE_430_length_3634_cov_34.913154	1978	2058	136	3	80	0.0375000
NODE_430_length_3634_cov_34.913154	1978	2058	137	1	80	0.0125000
NODE_430_length_3634_cov_34.913154	1978	2058	138	1	80	0.0125000
NODE_430_length_3634_cov_34.913154	1978	2058	140	4	80	0.0500000
NODE_430_length_3634_cov_34.913154	1978	2058	143	1	80	0.0125000
NODE_430_length_3634_cov_34.913154	1978	2058	144	3	80	0.0375000
NODE_430_length_3634_cov_34.913154	1978	2058	145	2	80	0.0250000
NODE_430_length_3634_cov_34.913154	1978	2058	152	1	80	0.0125000
NODE_430_length_3634_cov_34.913154	1978	2058	153	2	80	0.0250000
NODE_430_length_3634_cov_34.913154	1978	2058	155	3	80	0.0375000
NODE_430_length_3634_cov_34.913154	1978	2058	157	2	80	0.0250000
NODE_430_length_3634_cov_34.913154	1978	2058	160	1	80	0.0125000
NODE_430_length_3634_cov_34.913154	1978	2058	162	2	80	0.0250000
NODE_430_length_3634_cov_34.913154	1978	2058	170	1	80	0.0125000
NODE_430_length_3634_cov_34.913154	1978	2058	171	1	80	0.0125000
NODE_430_length_3634_cov_34.913154	1978	2058	172	1	80	0.0125000
NODE_430_length_3634_cov_34.913154	1978	2058	179	1	80	0.0125000
NODE_430_length_3634_cov_34.913154	2031	2077	31	1	46	0.0217391
NODE_430_length_3634_cov_34.913154	2031	2077	36	4	46	0.0869565
NODE_430_length_3634_cov_34.913154	2031	2077	38	1	46	0.0217391
NODE_430_length_3634_cov_34.913154	2031	2077	39	1	46	0.0217391
NODE_430_length_3634_cov_34.913154	2031	2077	42	2	46	0.0434783
NODE_430_length_3634_cov_34.913154	2031	2077	43	1	46	0.0217391
NODE_430_length_3634_cov_34.913154	2031	2077	45	2	46	0.0434783
NODE_430_length_3634_cov_34.913154	2031	2077	46	2	46	0.0434783
NODE_430_length_3634_cov_34.913154	2031	2077	51	2	46	0.0434783
NODE_430_length_3634_cov_34.913154	2031	2077	54	2	46	0.0434783
NODE_430_length_3634_cov_34.913154	2031	2077	55	1	46	0.0217391
NODE_430_length_3634_cov_34.913154	2031	2077	56	5	46	0.1086956
NODE_430_length_3634_cov_34.913154	2031	2077	58	2	46	0.0434783
NODE_430_length_3634_cov_34.913154	2031	2077	59	1	46	0.0217391
NODE_430_length_3634_cov_34.913154	2031	2077	63	1	46	0.0217391
NODE_430_length_3634_cov_34.913154	2031	2077	67	1	46	0.0217391
NODE_430_length_3634_cov_34.913154	2031	2077	70	1	46	0.0217391
NODE_430_length_3634_cov_34.913154	2031	2077	71	1	46	0.0217391
NODE_430_length_3634_cov_34.913154	2031	2077	72	3	46	0.0652174
NODE_430_length_3634_cov_34.913154	2031	2077	76	1	46	0.0217391
NODE_430_length_3634_cov_34.913154	2031	2077	77	1	46	0.0217391
NODE_430_length_3634_cov_34.913154	2031	2077	79	1	46	0.0217391
NODE_430_length_3634_cov_34.913154	2031	2077	80	1	46	0.0217391
NODE_430_length_3634_cov_34.913154	2031	2077	81	1	46	0.0217391
NODE_430_length_3634_cov_34.913154	2031	2077	84	1	46	0.0217391
NODE_430_length_3634_cov_34.913154	2031	2077	85	1	46	0.0217391
NODE_430_length_3634_cov_34.913154	2031	2077	88	1	46	0.0217391
NODE_430_length_3634_cov_34.913154	2031	2077	89	1	46	0.0217391
NODE_430_length_3634_cov_34.913154	2031	2077	93	1	46	0.0217391
NODE_430_length_3634_cov_34.913154	2031	2077	94	1	46	0.0217391
NODE_430_length_3634_cov_34.913154	2031	2077	95	1	46	0.0217391
NODE_435_length_3622_cov_29.112120	201	281	0	32	80	0.4000000
NODE_435_length_3622_cov_29.112120	201	281	1	29	80	0.3625000
NODE_435_length_3622_cov_29.112120	201	281	2	19	80	0.2375000
NODE_435_length_3622_cov_29.112120	254	334	0	74	80	0.9250000
NODE_435_length_3622_cov_29.112120	254	334	1	6	80	0.0750000
NODE_435_length_3622_cov_29.112120	2310	2390	9	6	80	0.0750000
NODE_435_length_3622_cov_29.112120	2310	2390	11	7	80	0.0875000
NODE_435_length_3622_cov_29.112120	2310	2390	12	3	80	0.0375000
NODE_435_length_3622_cov_29.112120	2310	2390	13	4	80	0.0500000
NODE_435_length_3622_cov_29.112120	2310	2390	14	5	80	0.0625000
NODE_435_length_3622_cov_29.112120	2310	2390	15	3	80	0.0375000
NODE_435_length_3622_cov_29.112120	2310	2390	17	1	80	0.0125000
NODE_435_length_3622_cov_29.112120	2310	2390	18	1	80	0.0125000
NODE_435_length_3622_cov_29.112120	2310	2390	20	7	80	0.0875000
NODE_435_length_3622_cov_29.112120	2310	2390	22	6	80	0.0750000
NODE_435_length_3622_cov_29.112120	2310	2390	26	18	80	0.2250000
NODE_435_length_3622_cov_29.112120	2310	2390	27	4	80	0.0500000
NODE_435_length_3622_cov_29.112120	2310	2390	28	10	80	0.1250000
NODE_435_length_3622_cov_29.112120	2310	2390	29	5	80	0.0625000
NODE_435_length_3622_cov_29.112120	2363	2441	3	3	78	0.0384615
NODE_435_length_3622_cov_29.112120	2363	2441	4	2	78	0.0256410
NODE_435_length_3622_cov_29.112120	2363	2441	5	8	78	0.1025641
NODE_435_length_3622_cov_29.112120	2363	2441	6	20	78	0.2564103
NODE_435_length_3622_cov_29.112120	2363	2441	7	1	78	0.0128205
NODE_435_length_3622_cov_29.112120	2363	2441	8	16	78	0.2051282
NODE_435_length_3622_cov_29.112120	2363	2441	9	7	78	0.0897436
NODE_435_length_3622_cov_29.112120	2363	2441	11	7	78	0.0897436
NODE_435_length_3622_cov_29.112120	2363	2441	12	3	78	0.0384615
NODE_435_length_3622_cov_29.112120	2363	2441	13	4	78	0.0512821
NODE_435_length_3622_cov_29.112120	2363	2441	14	5	78	0.0641026
NODE_435_length_3622_cov_29.112120	2363	2441	15	2	78	0.0256410
NODE_437_length_3610_cov_8.785816	294	340	1	44	46	0.9565217
NODE_437_length_3610_cov_8.785816	294	340	2	2	46	0.0434783
NODE_437_length_3610_cov_8.785816	313	393	1	49	80	0.6125000
NODE_437_length_3610_cov_8.785816	313	393	2	31	80	0.3875000
NODE_444_length_3588_cov_16.296360	2421	2501	0	80	80	1.0000000
NODE_444_length_3588_cov_16.296360	2474	2539	0	65	65	1.0000000
NODE_447_length_3585_cov_2.283419	605	668	0	63	63	1.0000000
NODE_451_length_3567_cov_16.283160	410	429	2	19	19	1.0000000
NODE_451_length_3567_cov_16.283160	2259	2339	20	1	80	0.0125000
NODE_451_length_3567_cov_16.283160	2259	2339	21	9	80	0.1125000
NODE_451_length_3567_cov_16.283160	2259	2339	23	5	80	0.0625000
NODE_451_length_3567_cov_16.283160	2259	2339	24	11	80	0.1375000
NODE_451_length_3567_cov_16.283160	2259	2339	25	13	80	0.1625000
NODE_451_length_3567_cov_16.283160	2259	2339	26	11	80	0.1375000
NODE_451_length_3567_cov_16.283160	2259	2339	27	14	80	0.1750000
NODE_451_length_3567_cov_16.283160	2259	2339	28	16	80	0.2000000
NODE_451_length_3567_cov_16.283160	2312	2379	2	1	67	0.0149254
NODE_451_length_3567_cov_16.283160	2312	2379	3	2	67	0.0298507
NODE_451_length_3567_cov_16.283160	2312	2379	5	1	67	0.0149254
NODE_451_length_3567_cov_16.283160	2312	2379	8	1	67	0.0149254
NODE_451_length_3567_cov_16.283160	2312	2379	12	1	67	0.0149254
NODE_451_length_3567_cov_16.283160	2312	2379	13	2	67	0.0298507
NODE_451_length_3567_cov_16.283160	2312	2379	14	4	67	0.0597015
NODE_451_length_3567_cov_16.283160	2312	2379	15	1	67	0.0149254
NODE_451_length_3567_cov_16.283160	2312	2379	16	6	67	0.0895522
NODE_451_length_3567_cov_16.283160	2312	2379	17	7	67	0.1044776
NODE_451_length_3567_cov_16.283160	2312	2379	19	13	67	0.1940299
NODE_451_length_3567_cov_16.283160	2312	2379	20	2	67	0.0298507
NODE_451_length_3567_cov_16.283160	2312	2379	21	9	67	0.1343284
NODE_451_length_3567_cov_16.283160	2312	2379	23	5	67	0.0746269
NODE_451_length_3567_cov_16.283160	2312	2379	25	10	67	0.1492537
NODE_451_length_3567_cov_16.283160	2312	2379	27	2	67	0.0298507
NODE_454_length_3557_cov_12.423077	640	718	0	78	78	1.0000000
NODE_454_length_3557_cov_12.423077	640	688	0	48	48	1.0000000
NODE_454_length_3557_cov_12.423077	640	688	0	48	48	1.0000000
NODE_454_length_3557_cov_12.423077	640	688	0	48	48	1.0000000
NODE_454_length_3557_cov_12.423077	640	688	0	48	48	1.0000000
NODE_454_length_3557_cov_12.423077	693	771	0	35	78	0.4487180
NODE_454_length_3557_cov_12.423077	693	771	1	43	78	0.5512820
NODE_455_length_3548_cov_7.216295	554	634	2	80	80	1.0000000
NODE_455_length_3548_cov_7.216295	607	687	0	12	80	0.1500000
NODE_455_length_3548_cov_7.216295	607	687	1	1	80	0.0125000
NODE_455_length_3548_cov_7.216295	607	687	2	67	80	0.8375000
NODE_461_length_3518_cov_40.508336	1320	1400	20	3	80	0.0375000
NODE_461_length_3518_cov_40.508336	1320	1400	21	1	80	0.0125000
NODE_461_length_3518_cov_40.508336	1320	1400	23	5	80	0.0625000
NODE_461_length_3518_cov_40.508336	1320	1400	24	1	80	0.0125000
NODE_461_length_3518_cov_40.508336	1320	1400	25	6	80	0.0750000
NODE_461_length_3518_cov_40.508336	1320	1400	27	9	80	0.1125000
NODE_461_length_3518_cov_40.508336	1320	1400	29	3	80	0.0375000
NODE_461_length_3518_cov_40.508336	1320	1400	30	35	80	0.4375000
NODE_461_length_3518_cov_40.508336	1320	1400	31	17	80	0.2125000
NODE_461_length_3518_cov_40.508336	1373	1453	12	2	80	0.0250000
NODE_461_length_3518_cov_40.508336	1373	1453	14	7	80	0.0875000
NODE_461_length_3518_cov_40.508336	1373	1453	15	6	80	0.0750000
NODE_461_length_3518_cov_40.508336	1373	1453	16	3	80	0.0375000
NODE_461_length_3518_cov_40.508336	1373	1453	18	1	80	0.0125000
NODE_461_length_3518_cov_40.508336	1373	1453	19	2	80	0.0250000
NODE_461_length_3518_cov_40.508336	1373	1453	22	1	80	0.0125000
NODE_461_length_3518_cov_40.508336	1373	1453	23	3	80	0.0375000
NODE_461_length_3518_cov_40.508336	1373	1453	24	4	80	0.0500000
NODE_461_length_3518_cov_40.508336	1373	1453	25	1	80	0.0125000
NODE_461_length_3518_cov_40.508336	1373	1453	26	1	80	0.0125000
NODE_461_length_3518_cov_40.508336	1373	1453	27	1	80	0.0125000
NODE_461_length_3518_cov_40.508336	1373	1453	28	16	80	0.2000000
NODE_461_length_3518_cov_40.508336	1373	1453	29	1	80	0.0125000
NODE_461_length_3518_cov_40.508336	1373	1453	30	29	80	0.3625000
NODE_461_length_3518_cov_40.508336	1373	1453	31	2	80	0.0250000
NODE_465_length_3497_cov_65.791348	3062	3142	67	1	80	0.0125000
NODE_465_length_3497_cov_65.791348	3062	3142	68	1	80	0.0125000
NODE_465_length_3497_cov_65.791348	3062	3142	70	4	80	0.0500000
NODE_465_length_3497_cov_65.791348	3062	3142	71	1	80	0.0125000
NODE_465_length_3497_cov_65.791348	3062	3142	72	1	80	0.0125000
NODE_465_length_3497_cov_65.791348	3062	3142	73	4	80	0.0500000
NODE_465_length_3497_cov_65.791348	3062	3142	74	8	80	0.1000000
NODE_465_length_3497_cov_65.791348	3062	3142	75	11	80	0.1375000
NODE_465_length_3497_cov_65.791348	3062	3142	76	12	80	0.1500000
NODE_465_length_3497_cov_65.791348	3062	3142	77	9	80	0.1125000
NODE_465_length_3497_cov_65.791348	3062	3142	78	14	80	0.1750000
NODE_465_length_3497_cov_65.791348	3062	3142	79	7	80	0.0875000
NODE_465_length_3497_cov_65.791348	3062	3142	80	2	80	0.0250000
NODE_465_length_3497_cov_65.791348	3062	3142	81	5	80	0.0625000
NODE_466_length_3488_cov_2.243730	506	529	0	23	23	1.0000000
NODE_470_length_3483_cov_14.759456	360	440	5	13	80	0.1625000
NODE_470_length_3483_cov_14.759456	360	440	6	6	80	0.0750000
NODE_470_length_3483_cov_14.759456	360	440	7	58	80	0.7250000
NODE_470_length_3483_cov_14.759456	360	440	9	3	80	0.0375000
NODE_470_length_3483_cov_14.759456	413	493	6	15	80	0.1875000
NODE_470_length_3483_cov_14.759456	413	493	7	43	80	0.5375000
NODE_470_length_3483_cov_14.759456	413	493	8	3	80	0.0375000
NODE_470_length_3483_cov_14.759456	413	493	9	19	80	0.2375000
NODE_474_length_3471_cov_37.887604	2795	2875	1	50	80	0.6250000
NODE_474_length_3471_cov_37.887604	2795	2875	2	30	80	0.3750000
NODE_474_length_3471_cov_37.887604	2848	2928	2	38	80	0.4750000
NODE_474_length_3471_cov_37.887604	2848	2928	3	21	80	0.2625000
NODE_474_length_3471_cov_37.887604	2848	2928	4	4	80	0.0500000
NODE_474_length_3471_cov_37.887604	2848	2928	5	17	80	0.2125000
NODE_474_length_3471_cov_37.887604	2924	2943	4	18	19	0.9473684
NODE_474_length_3471_cov_37.887604	2924	2943	5	1	19	0.0526316
NODE_474_length_3471_cov_37.887604	2924	3004	4	39	80	0.4875000
NODE_474_length_3471_cov_37.887604	2924	3004	5	41	80	0.5125000
NODE_474_length_3471_cov_37.887604	2977	3057	3	21	80	0.2625000
NODE_474_length_3471_cov_37.887604	2977	3057	4	41	80	0.5125000
NODE_474_length_3471_cov_37.887604	2977	3057	5	18	80	0.2250000
NODE_479_length_3451_cov_29.833234	2973	3053	1	26	80	0.3250000
NODE_479_length_3451_cov_29.833234	2973	3053	2	7	80	0.0875000
NODE_479_length_3451_cov_29.833234	2973	3053	3	25	80	0.3125000
NODE_479_length_3451_cov_29.833234	2973	3053	4	22	80	0.2750000
NODE_479_length_3451_cov_29.833234	3026	3106	1	79	80	0.9875000
NODE_479_length_3451_cov_29.833234	3026	3106	2	1	80	0.0125000
NODE_481_length_3446_cov_32.421273	3181	3261	0	22	80	0.2750000
NODE_481_length_3446_cov_32.421273	3181	3261	2	13	80	0.1625000
NODE_481_length_3446_cov_32.421273	3181	3261	4	45	80	0.5625000
NODE_482_length_3444_cov_29.954858	792	872	20	2	80	0.0250000
NODE_482_length_3444_cov_29.954858	792	872	21	11	80	0.1375000
NODE_482_length_3444_cov_29.954858	792	872	22	7	80	0.0875000
NODE_482_length_3444_cov_29.954858	792	872	23	21	80	0.2625000
NODE_482_length_3444_cov_29.954858	792	872	24	39	80	0.4875000
NODE_482_length_3444_cov_29.954858	845	925	12	5	80	0.0625000
NODE_482_length_3444_cov_29.954858	845	925	13	14	80	0.1750000
NODE_482_length_3444_cov_29.954858	845	925	14	6	80	0.0750000
NODE_482_length_3444_cov_29.954858	845	925	15	2	80	0.0250000
NODE_482_length_3444_cov_29.954858	845	925	16	8	80	0.1000000
NODE_482_length_3444_cov_29.954858	845	925	17	6	80	0.0750000
NODE_482_length_3444_cov_29.954858	845	925	20	2	80	0.0250000
NODE_482_length_3444_cov_29.954858	845	925	21	13	80	0.1625000
NODE_482_length_3444_cov_29.954858	845	925	22	13	80	0.1625000
NODE_482_length_3444_cov_29.954858	845	925	23	11	80	0.1375000
NODE_483_length_3442_cov_17.799880	3155	3220	7	1	65	0.0153846
NODE_483_length_3442_cov_17.799880	3155	3220	19	3	65	0.0461538
NODE_483_length_3442_cov_17.799880	3155	3220	21	2	65	0.0307692
NODE_483_length_3442_cov_17.799880	3155	3220	22	4	65	0.0615385
NODE_483_length_3442_cov_17.799880	3155	3220	23	2	65	0.0307692
NODE_483_length_3442_cov_17.799880	3155	3220	26	3	65	0.0461538
NODE_483_length_3442_cov_17.799880	3155	3220	27	1	65	0.0153846
NODE_483_length_3442_cov_17.799880	3155	3220	29	2	65	0.0307692
NODE_483_length_3442_cov_17.799880	3155	3220	31	5	65	0.0769231
NODE_483_length_3442_cov_17.799880	3155	3220	32	5	65	0.0769231
NODE_483_length_3442_cov_17.799880	3155	3220	34	2	65	0.0307692
NODE_483_length_3442_cov_17.799880	3155	3220	36	1	65	0.0153846
NODE_483_length_3442_cov_17.799880	3155	3220	38	2	65	0.0307692
NODE_483_length_3442_cov_17.799880	3155	3220	40	4	65	0.0615385
NODE_483_length_3442_cov_17.799880	3155	3220	42	1	65	0.0153846
NODE_483_length_3442_cov_17.799880	3155	3220	43	1	65	0.0153846
NODE_483_length_3442_cov_17.799880	3155	3220	45	2	65	0.0307692
NODE_483_length_3442_cov_17.799880	3155	3220	46	3	65	0.0461538
NODE_483_length_3442_cov_17.799880	3155	3220	48	1	65	0.0153846
NODE_483_length_3442_cov_17.799880	3155	3220	50	4	65	0.0615385
NODE_483_length_3442_cov_17.799880	3155	3220	52	1	65	0.0153846
NODE_483_length_3442_cov_17.799880	3155	3220	53	1	65	0.0153846
NODE_483_length_3442_cov_17.799880	3155	3220	54	1	65	0.0153846
NODE_483_length_3442_cov_17.799880	3155	3220	55	2	65	0.0307692
NODE_483_length_3442_cov_17.799880	3155	3220	56	5	65	0.0769231
NODE_483_length_3442_cov_17.799880	3155	3220	57	1	65	0.0153846
NODE_483_length_3442_cov_17.799880	3155	3220	58	1	65	0.0153846
NODE_483_length_3442_cov_17.799880	3155	3220	60	1	65	0.0153846
NODE_483_length_3442_cov_17.799880	3155	3220	61	1	65	0.0153846
NODE_483_length_3442_cov_17.799880	3155	3220	63	1	65	0.0153846
NODE_483_length_3442_cov_17.799880	3155	3220	65	1	65	0.0153846
NODE_483_length_3442_cov_17.799880	3208	3273	55	1	65	0.0153846
NODE_483_length_3442_cov_17.799880	3208	3273	56	5	65	0.0769231
NODE_483_length_3442_cov_17.799880	3208	3273	57	1	65	0.0153846
NODE_483_length_3442_cov_17.799880	3208	3273	58	1	65	0.0153846
NODE_483_length_3442_cov_17.799880	3208	3273	60	1	65	0.0153846
NODE_483_length_3442_cov_17.799880	3208	3273	61	1	65	0.0153846
NODE_483_length_3442_cov_17.799880	3208	3273	63	1	65	0.0153846
NODE_483_length_3442_cov_17.799880	3208	3273	65	10	65	0.1538462
NODE_483_length_3442_cov_17.799880	3208	3273	66	1	65	0.0153846
NODE_483_length_3442_cov_17.799880	3208	3273	70	1	65	0.0153846
NODE_483_length_3442_cov_17.799880	3208	3273	77	1	65	0.0153846
NODE_483_length_3442_cov_17.799880	3208	3273	79	1	65	0.0153846
NODE_483_length_3442_cov_17.799880	3208	3273	80	2	65	0.0307692
NODE_483_length_3442_cov_17.799880	3208	3273	84	3	65	0.0461538
NODE_483_length_3442_cov_17.799880	3208	3273	87	2	65	0.0307692
NODE_483_length_3442_cov_17.799880	3208	3273	88	1	65	0.0153846
NODE_483_length_3442_cov_17.799880	3208	3273	91	1	65	0.0153846
NODE_483_length_3442_cov_17.799880	3208	3273	92	2	65	0.0307692
NODE_483_length_3442_cov_17.799880	3208	3273	93	4	65	0.0615385
NODE_483_length_3442_cov_17.799880	3208	3273	94	2	65	0.0307692
NODE_483_length_3442_cov_17.799880	3208	3273	98	2	65	0.0307692
NODE_483_length_3442_cov_17.799880	3208	3273	99	4	65	0.0615385
NODE_483_length_3442_cov_17.799880	3208	3273	100	9	65	0.1384615
NODE_483_length_3442_cov_17.799880	3208	3273	101	1	65	0.0153846
NODE_483_length_3442_cov_17.799880	3208	3273	102	2	65	0.0307692
NODE_483_length_3442_cov_17.799880	3208	3273	103	5	65	0.0769231
NODE_486_length_3429_cov_5.070270	125	148	15	3	23	0.1304348
NODE_486_length_3429_cov_5.070270	125	148	16	7	23	0.3043478
NODE_486_length_3429_cov_5.070270	125	148	17	13	23	0.5652174
NODE_493_length_3408_cov_2.406769	0	45	0	45	45	1.0000000
NODE_495_length_3405_cov_44.930127	2683	2759	7	16	76	0.2105263
NODE_495_length_3405_cov_44.930127	2683	2759	8	10	76	0.1315790
NODE_495_length_3405_cov_44.930127	2683	2759	9	49	76	0.6447368
NODE_495_length_3405_cov_44.930127	2683	2759	10	1	76	0.0131579
NODE_495_length_3405_cov_44.930127	3116	3164	3	48	48	1.0000000
NODE_496_length_3402_cov_28.961550	128	183	0	55	55	1.0000000
NODE_496_length_3402_cov_28.961550	3154	3234	19	5	80	0.0625000
NODE_496_length_3402_cov_28.961550	3154	3234	20	2	80	0.0250000
NODE_496_length_3402_cov_28.961550	3154	3234	21	12	80	0.1500000
NODE_496_length_3402_cov_28.961550	3154	3234	23	1	80	0.0125000
NODE_496_length_3402_cov_28.961550	3154	3234	24	18	80	0.2250000
NODE_496_length_3402_cov_28.961550	3154	3234	26	14	80	0.1750000
NODE_496_length_3402_cov_28.961550	3154	3234	28	27	80	0.3375000
NODE_496_length_3402_cov_28.961550	3154	3234	30	1	80	0.0125000
NODE_496_length_3402_cov_28.961550	3207	3287	5	2	80	0.0250000
NODE_496_length_3402_cov_28.961550	3207	3287	7	2	80	0.0250000
NODE_496_length_3402_cov_28.961550	3207	3287	8	1	80	0.0125000
NODE_496_length_3402_cov_28.961550	3207	3287	10	11	80	0.1375000
NODE_496_length_3402_cov_28.961550	3207	3287	11	20	80	0.2500000
NODE_496_length_3402_cov_28.961550	3207	3287	12	12	80	0.1500000
NODE_496_length_3402_cov_28.961550	3207	3287	13	1	80	0.0125000
NODE_496_length_3402_cov_28.961550	3207	3287	14	2	80	0.0250000
NODE_496_length_3402_cov_28.961550	3207	3287	19	7	80	0.0875000
NODE_496_length_3402_cov_28.961550	3207	3287	20	2	80	0.0250000
NODE_496_length_3402_cov_28.961550	3207	3287	21	12	80	0.1500000
NODE_496_length_3402_cov_28.961550	3207	3287	23	1	80	0.0125000
NODE_496_length_3402_cov_28.961550	3207	3287	24	5	80	0.0625000
NODE_496_length_3402_cov_28.961550	3207	3287	26	2	80	0.0250000
NODE_498_length_3393_cov_43.623558	1009	1075	9	25	66	0.3787879
NODE_498_length_3393_cov_43.623558	1009	1075	10	3	66	0.0454545
NODE_498_length_3393_cov_43.623558	1009	1075	11	15	66	0.2272727
NODE_498_length_3393_cov_43.623558	1009	1075	12	13	66	0.1969697
NODE_498_length_3393_cov_43.623558	1009	1075	13	5	66	0.0757576
NODE_498_length_3393_cov_43.623558	1009	1075	14	5	66	0.0757576
NODE_498_length_3393_cov_43.623558	1048	1128	8	11	80	0.1375000
NODE_498_length_3393_cov_43.623558	1048	1128	9	35	80	0.4375000
NODE_498_length_3393_cov_43.623558	1048	1128	10	3	80	0.0375000
NODE_498_length_3393_cov_43.623558	1048	1128	11	3	80	0.0375000
NODE_498_length_3393_cov_43.623558	1048	1128	12	28	80	0.3500000
NODE_498_length_3393_cov_43.623558	3086	3128	9	1	42	0.0238095
NODE_498_length_3393_cov_43.623558	3086	3128	19	1	42	0.0238095
NODE_498_length_3393_cov_43.623558	3086	3128	20	1	42	0.0238095
NODE_498_length_3393_cov_43.623558	3086	3128	29	1	42	0.0238095
NODE_498_length_3393_cov_43.623558	3086	3128	30	1	42	0.0238095
NODE_498_length_3393_cov_43.623558	3086	3128	32	2	42	0.0476190
NODE_498_length_3393_cov_43.623558	3086	3128	37	1	42	0.0238095
NODE_498_length_3393_cov_43.623558	3086	3128	38	1	42	0.0238095
NODE_498_length_3393_cov_43.623558	3086	3128	39	1	42	0.0238095
NODE_498_length_3393_cov_43.623558	3086	3128	40	5	42	0.1190476
NODE_498_length_3393_cov_43.623558	3086	3128	41	1	42	0.0238095
NODE_498_length_3393_cov_43.623558	3086	3128	46	4	42	0.0952381
NODE_498_length_3393_cov_43.623558	3086	3128	48	2	42	0.0476190
NODE_498_length_3393_cov_43.623558	3086	3128	49	2	42	0.0476190
NODE_498_length_3393_cov_43.623558	3086	3128	54	1	42	0.0238095
NODE_498_length_3393_cov_43.623558	3086	3128	56	3	42	0.0714286
NODE_498_length_3393_cov_43.623558	3086	3128	58	1	42	0.0238095
NODE_498_length_3393_cov_43.623558	3086	3128	59	5	42	0.1190476
NODE_498_length_3393_cov_43.623558	3086	3128	60	3	42	0.0714286
NODE_498_length_3393_cov_43.623558	3086	3128	62	2	42	0.0476190
NODE_498_length_3393_cov_43.623558	3086	3128	63	1	42	0.0238095
NODE_498_length_3393_cov_43.623558	3086	3128	68	1	42	0.0238095
NODE_498_length_3393_cov_43.623558	3086	3128	70	1	42	0.0238095
NODE_498_length_3393_cov_43.623558	3293	3373	34	3	80	0.0375000
NODE_498_length_3393_cov_43.623558	3293	3373	35	1	80	0.0125000
NODE_498_length_3393_cov_43.623558	3293	3373	39	1	80	0.0125000
NODE_498_length_3393_cov_43.623558	3293	3373	45	4	80	0.0500000
NODE_498_length_3393_cov_43.623558	3293	3373	47	1	80	0.0125000
NODE_498_length_3393_cov_43.623558	3293	3373	50	1	80	0.0125000
NODE_498_length_3393_cov_43.623558	3293	3373	55	4	80	0.0500000
NODE_498_length_3393_cov_43.623558	3293	3373	61	1	80	0.0125000
NODE_498_length_3393_cov_43.623558	3293	3373	62	2	80	0.0250000
NODE_498_length_3393_cov_43.623558	3293	3373	65	1	80	0.0125000
NODE_498_length_3393_cov_43.623558	3293	3373	66	1	80	0.0125000
NODE_498_length_3393_cov_43.623558	3293	3373	70	1	80	0.0125000
NODE_498_length_3393_cov_43.623558	3293	3373	75	1	80	0.0125000
NODE_498_length_3393_cov_43.623558	3293	3373	78	1	80	0.0125000
NODE_498_length_3393_cov_43.623558	3293	3373	79	1	80	0.0125000
NODE_498_length_3393_cov_43.623558	3293	3373	81	1	80	0.0125000
NODE_498_length_3393_cov_43.623558	3293	3373	84	1	80	0.0125000
NODE_498_length_3393_cov_43.623558	3293	3373	85	1	80	0.0125000
NODE_498_length_3393_cov_43.623558	3293	3373	89	1	80	0.0125000
NODE_498_length_3393_cov_43.623558	3293	3373	93	2	80	0.0250000
NODE_498_length_3393_cov_43.623558	3293	3373	95	4	80	0.0500000
NODE_498_length_3393_cov_43.623558	3293	3373	97	1	80	0.0125000
NODE_498_length_3393_cov_43.623558	3293	3373	98	1	80	0.0125000
NODE_498_length_3393_cov_43.623558	3293	3373	101	1	80	0.0125000
NODE_498_length_3393_cov_43.623558	3293	3373	108	1	80	0.0125000
NODE_498_length_3393_cov_43.623558	3293	3373	110	1	80	0.0125000
NODE_498_length_3393_cov_43.623558	3293	3373	112	2	80	0.0250000
NODE_498_length_3393_cov_43.623558	3293	3373	114	1	80	0.0125000
NODE_498_length_3393_cov_43.623558	3293	3373	119	1	80	0.0125000
NODE_498_length_3393_cov_43.623558	3293	3373	120	1	80	0.0125000
NODE_498_length_3393_cov_43.623558	3293	3373	122	1	80	0.0125000
NODE_498_length_3393_cov_43.623558	3293	3373	125	1	80	0.0125000
NODE_498_length_3393_cov_43.623558	3293	3373	126	1	80	0.0125000
NODE_498_length_3393_cov_43.623558	3293	3373	127	1	80	0.0125000
NODE_498_length_3393_cov_43.623558	3293	3373	131	1	80	0.0125000
NODE_498_length_3393_cov_43.623558	3293	3373	132	4	80	0.0500000
NODE_498_length_3393_cov_43.623558	3293	3373	134	4	80	0.0500000
NODE_498_length_3393_cov_43.623558	3293	3373	136	1	80	0.0125000
NODE_498_length_3393_cov_43.623558	3293	3373	144	1	80	0.0125000
NODE_498_length_3393_cov_43.623558	3293	3373	146	3	80	0.0375000
NODE_498_length_3393_cov_43.623558	3293	3373	148	1	80	0.0125000
NODE_498_length_3393_cov_43.623558	3293	3373	152	1	80	0.0125000
NODE_498_length_3393_cov_43.623558	3293	3373	156	3	80	0.0375000
NODE_498_length_3393_cov_43.623558	3293	3373	157	1	80	0.0125000
NODE_498_length_3393_cov_43.623558	3293	3373	159	1	80	0.0125000
NODE_498_length_3393_cov_43.623558	3293	3373	160	1	80	0.0125000
NODE_498_length_3393_cov_43.623558	3293	3373	161	2	80	0.0250000
NODE_498_length_3393_cov_43.623558	3293	3373	162	2	80	0.0250000
NODE_498_length_3393_cov_43.623558	3293	3373	166	5	80	0.0625000
NODE_498_length_3393_cov_43.623558	3293	3373	167	1	80	0.0125000
NODE_499_length_3392_cov_41.514728	255	335	0	80	80	1.0000000
NODE_499_length_3392_cov_41.514728	308	388	0	80	80	1.0000000
NODE_499_length_3392_cov_41.514728	917	997	61	5	80	0.0625000
NODE_499_length_3392_cov_41.514728	917	997	63	3	80	0.0375000
NODE_499_length_3392_cov_41.514728	917	997	64	1	80	0.0125000
NODE_499_length_3392_cov_41.514728	917	997	65	1	80	0.0125000
NODE_499_length_3392_cov_41.514728	917	997	66	4	80	0.0500000
NODE_499_length_3392_cov_41.514728	917	997	68	1	80	0.0125000
NODE_499_length_3392_cov_41.514728	917	997	71	1	80	0.0125000
NODE_499_length_3392_cov_41.514728	917	997	73	1	80	0.0125000
NODE_499_length_3392_cov_41.514728	917	997	74	4	80	0.0500000
NODE_499_length_3392_cov_41.514728	917	997	75	1	80	0.0125000
NODE_499_length_3392_cov_41.514728	917	997	76	5	80	0.0625000
NODE_499_length_3392_cov_41.514728	917	997	77	1	80	0.0125000
NODE_499_length_3392_cov_41.514728	917	997	78	2	80	0.0250000
NODE_499_length_3392_cov_41.514728	917	997	79	6	80	0.0750000
NODE_499_length_3392_cov_41.514728	917	997	80	3	80	0.0375000
NODE_499_length_3392_cov_41.514728	917	997	83	4	80	0.0500000
NODE_499_length_3392_cov_41.514728	917	997	85	1	80	0.0125000
NODE_499_length_3392_cov_41.514728	917	997	87	5	80	0.0625000
NODE_499_length_3392_cov_41.514728	917	997	88	1	80	0.0125000
NODE_499_length_3392_cov_41.514728	917	997	90	1	80	0.0125000
NODE_499_length_3392_cov_41.514728	917	997	94	3	80	0.0375000
NODE_499_length_3392_cov_41.514728	917	997	95	1	80	0.0125000
NODE_499_length_3392_cov_41.514728	917	997	98	3	80	0.0375000
NODE_499_length_3392_cov_41.514728	917	997	99	6	80	0.0750000
NODE_499_length_3392_cov_41.514728	917	997	100	8	80	0.1000000
NODE_499_length_3392_cov_41.514728	917	997	101	5	80	0.0625000
NODE_499_length_3392_cov_41.514728	917	997	102	1	80	0.0125000
NODE_499_length_3392_cov_41.514728	917	997	103	2	80	0.0250000
NODE_499_length_3392_cov_41.514728	970	1053	26	2	83	0.0240964
NODE_499_length_3392_cov_41.514728	970	1053	27	4	83	0.0481928
NODE_499_length_3392_cov_41.514728	970	1053	29	1	83	0.0120482
NODE_499_length_3392_cov_41.514728	970	1053	30	2	83	0.0240964
NODE_499_length_3392_cov_41.514728	970	1053	31	1	83	0.0120482
NODE_499_length_3392_cov_41.514728	970	1053	32	5	83	0.0602410
NODE_499_length_3392_cov_41.514728	970	1053	33	3	83	0.0361446
NODE_499_length_3392_cov_41.514728	970	1053	34	3	83	0.0361446
NODE_499_length_3392_cov_41.514728	970	1053	35	2	83	0.0240964
NODE_499_length_3392_cov_41.514728	970	1053	36	2	83	0.0240964
NODE_499_length_3392_cov_41.514728	970	1053	37	6	83	0.0722892
NODE_499_length_3392_cov_41.514728	970	1053	39	2	83	0.0240964
NODE_499_length_3392_cov_41.514728	970	1053	41	1	83	0.0120482
NODE_499_length_3392_cov_41.514728	970	1053	42	1	83	0.0120482
NODE_499_length_3392_cov_41.514728	970	1053	44	2	83	0.0240964
NODE_499_length_3392_cov_41.514728	970	1053	45	1	83	0.0120482
NODE_499_length_3392_cov_41.514728	970	1053	48	1	83	0.0120482
NODE_499_length_3392_cov_41.514728	970	1053	50	1	83	0.0120482
NODE_499_length_3392_cov_41.514728	970	1053	53	1	83	0.0120482
NODE_499_length_3392_cov_41.514728	970	1053	55	5	83	0.0602410
NODE_499_length_3392_cov_41.514728	970	1053	56	4	83	0.0481928
NODE_499_length_3392_cov_41.514728	970	1053	57	2	83	0.0240964
NODE_499_length_3392_cov_41.514728	970	1053	58	2	83	0.0240964
NODE_499_length_3392_cov_41.514728	970	1053	60	1	83	0.0120482
NODE_499_length_3392_cov_41.514728	970	1053	61	6	83	0.0722892
NODE_499_length_3392_cov_41.514728	970	1053	63	3	83	0.0361446
NODE_499_length_3392_cov_41.514728	970	1053	64	1	83	0.0120482
NODE_499_length_3392_cov_41.514728	970	1053	65	1	83	0.0120482
NODE_499_length_3392_cov_41.514728	970	1053	66	4	83	0.0481928
NODE_499_length_3392_cov_41.514728	970	1053	68	1	83	0.0120482
NODE_499_length_3392_cov_41.514728	970	1053	71	1	83	0.0120482
NODE_499_length_3392_cov_41.514728	970	1053	73	1	83	0.0120482
NODE_499_length_3392_cov_41.514728	970	1053	74	4	83	0.0481928
NODE_499_length_3392_cov_41.514728	970	1053	75	1	83	0.0120482
NODE_499_length_3392_cov_41.514728	970	1053	76	4	83	0.0481928
NODE_499_length_3392_cov_41.514728	970	1053	78	1	83	0.0120482
NODE_501_length_3389_cov_8.244073	2159	2239	0	4	80	0.0500000
NODE_501_length_3389_cov_8.244073	2159	2239	1	43	80	0.5375000
NODE_501_length_3389_cov_8.244073	2159	2239	3	29	80	0.3625000
NODE_501_length_3389_cov_8.244073	2159	2239	4	4	80	0.0500000
NODE_501_length_3389_cov_8.244073	2212	2292	3	23	80	0.2875000
NODE_501_length_3389_cov_8.244073	2212	2292	4	57	80	0.7125000
NODE_506_length_3363_cov_4.412684	56	124	0	68	68	1.0000000
NODE_510_length_3353_cov_2.687462	0	61	0	61	61	1.0000000
NODE_510_length_3353_cov_2.687462	0	61	0	61	61	1.0000000
NODE_510_length_3353_cov_2.687462	34	99	0	65	65	1.0000000
NODE_513_length_3348_cov_243.959372	2473	2553	84	1	80	0.0125000
NODE_513_length_3348_cov_243.959372	2473	2553	85	3	80	0.0375000
NODE_513_length_3348_cov_243.959372	2473	2553	86	4	80	0.0500000
NODE_513_length_3348_cov_243.959372	2473	2553	87	3	80	0.0375000
NODE_513_length_3348_cov_243.959372	2473	2553	88	6	80	0.0750000
NODE_513_length_3348_cov_243.959372	2473	2553	89	2	80	0.0250000
NODE_513_length_3348_cov_243.959372	2473	2553	90	4	80	0.0500000
NODE_513_length_3348_cov_243.959372	2473	2553	91	4	80	0.0500000
NODE_513_length_3348_cov_243.959372	2473	2553	92	5	80	0.0625000
NODE_513_length_3348_cov_243.959372	2473	2553	93	4	80	0.0500000
NODE_513_length_3348_cov_243.959372	2473	2553	94	8	80	0.1000000
NODE_513_length_3348_cov_243.959372	2473	2553	95	7	80	0.0875000
NODE_513_length_3348_cov_243.959372	2473	2553	96	12	80	0.1500000
NODE_513_length_3348_cov_243.959372	2473	2553	97	4	80	0.0500000
NODE_513_length_3348_cov_243.959372	2473	2553	98	7	80	0.0875000
NODE_513_length_3348_cov_243.959372	2473	2553	99	2	80	0.0250000
NODE_513_length_3348_cov_243.959372	2473	2553	101	2	80	0.0250000
NODE_513_length_3348_cov_243.959372	2473	2553	102	1	80	0.0125000
NODE_513_length_3348_cov_243.959372	2473	2553	103	1	80	0.0125000
NODE_513_length_3348_cov_243.959372	2526	2606	85	1	80	0.0125000
NODE_513_length_3348_cov_243.959372	2526	2606	86	1	80	0.0125000
NODE_513_length_3348_cov_243.959372	2526	2606	87	1	80	0.0125000
NODE_513_length_3348_cov_243.959372	2526	2606	88	1	80	0.0125000
NODE_513_length_3348_cov_243.959372	2526	2606	89	1	80	0.0125000
NODE_513_length_3348_cov_243.959372	2526	2606	90	1	80	0.0125000
NODE_513_length_3348_cov_243.959372	2526	2606	91	7	80	0.0875000
NODE_513_length_3348_cov_243.959372	2526	2606	92	4	80	0.0500000
NODE_513_length_3348_cov_243.959372	2526	2606	93	7	80	0.0875000
NODE_513_length_3348_cov_243.959372	2526	2606	94	12	80	0.1500000
NODE_513_length_3348_cov_243.959372	2526	2606	95	11	80	0.1375000
NODE_513_length_3348_cov_243.959372	2526	2606	96	10	80	0.1250000
NODE_513_length_3348_cov_243.959372	2526	2606	97	7	80	0.0875000
NODE_513_length_3348_cov_243.959372	2526	2606	98	11	80	0.1375000
NODE_513_length_3348_cov_243.959372	2526	2606	99	1	80	0.0125000
NODE_513_length_3348_cov_243.959372	2526	2606	101	2	80	0.0250000
NODE_513_length_3348_cov_243.959372	2526	2606	102	1	80	0.0125000
NODE_513_length_3348_cov_243.959372	2526	2606	103	1	80	0.0125000
NODE_514_length_3348_cov_31.953216	103	183	1	5	80	0.0625000
NODE_514_length_3348_cov_31.953216	103	183	2	10	80	0.1250000
NODE_514_length_3348_cov_31.953216	103	183	3	65	80	0.8125000
NODE_514_length_3348_cov_31.953216	105	179	1	3	74	0.0405405
NODE_514_length_3348_cov_31.953216	105	179	2	10	74	0.1351351
NODE_514_length_3348_cov_31.953216	105	179	3	61	74	0.8243243
NODE_514_length_3348_cov_31.953216	156	236	2	35	80	0.4375000
NODE_514_length_3348_cov_31.953216	156	236	3	45	80	0.5625000
NODE_514_length_3348_cov_31.953216	156	236	2	35	80	0.4375000
NODE_514_length_3348_cov_31.953216	156	236	3	45	80	0.5625000
NODE_514_length_3348_cov_31.953216	2405	2476	29	4	71	0.0563380
NODE_514_length_3348_cov_31.953216	2405	2476	30	5	71	0.0704225
NODE_514_length_3348_cov_31.953216	2405	2476	31	16	71	0.2253521
NODE_514_length_3348_cov_31.953216	2405	2476	32	3	71	0.0422535
NODE_514_length_3348_cov_31.953216	2405	2476	33	11	71	0.1549296
NODE_514_length_3348_cov_31.953216	2405	2476	34	8	71	0.1126761
NODE_514_length_3348_cov_31.953216	2405	2476	35	13	71	0.1830986
NODE_514_length_3348_cov_31.953216	2405	2476	36	4	71	0.0563380
NODE_514_length_3348_cov_31.953216	2405	2476	37	6	71	0.0845070
NODE_514_length_3348_cov_31.953216	2405	2476	38	1	71	0.0140845
NODE_514_length_3348_cov_31.953216	2458	2529	33	11	71	0.1549296
NODE_514_length_3348_cov_31.953216	2458	2529	34	6	71	0.0845070
NODE_514_length_3348_cov_31.953216	2458	2529	35	19	71	0.2676056
NODE_514_length_3348_cov_31.953216	2458	2529	36	10	71	0.1408451
NODE_514_length_3348_cov_31.953216	2458	2529	37	10	71	0.1408451
NODE_514_length_3348_cov_31.953216	2458	2529	38	10	71	0.1408451
NODE_514_length_3348_cov_31.953216	2458	2529	40	5	71	0.0704225
NODE_517_length_3335_cov_19.649567	2100	2180	12	20	80	0.2500000
NODE_517_length_3335_cov_19.649567	2100	2180	13	17	80	0.2125000
NODE_517_length_3335_cov_19.649567	2100	2180	14	2	80	0.0250000
NODE_517_length_3335_cov_19.649567	2100	2180	15	11	80	0.1375000
NODE_517_length_3335_cov_19.649567	2100	2180	16	7	80	0.0875000
NODE_517_length_3335_cov_19.649567	2100	2180	17	23	80	0.2875000
NODE_517_length_3335_cov_19.649567	2153	2233	8	8	80	0.1000000
NODE_517_length_3335_cov_19.649567	2153	2233	9	12	80	0.1500000
NODE_517_length_3335_cov_19.649567	2153	2233	10	7	80	0.0875000
NODE_517_length_3335_cov_19.649567	2153	2233	11	7	80	0.0875000
NODE_517_length_3335_cov_19.649567	2153	2233	13	30	80	0.3750000
NODE_517_length_3335_cov_19.649567	2153	2233	14	2	80	0.0250000
NODE_517_length_3335_cov_19.649567	2153	2233	15	4	80	0.0500000
NODE_517_length_3335_cov_19.649567	2153	2233	16	4	80	0.0500000
NODE_517_length_3335_cov_19.649567	2153	2233	17	6	80	0.0750000
NODE_517_length_3335_cov_19.649567	2229	2309	4	29	80	0.3625000
NODE_517_length_3335_cov_19.649567	2229	2309	5	26	80	0.3250000
NODE_517_length_3335_cov_19.649567	2229	2309	7	2	80	0.0250000
NODE_517_length_3335_cov_19.649567	2229	2309	9	7	80	0.0875000
NODE_517_length_3335_cov_19.649567	2229	2309	10	14	80	0.1750000
NODE_517_length_3335_cov_19.649567	2229	2309	11	2	80	0.0250000
NODE_517_length_3335_cov_19.649567	2282	2362	2	5	80	0.0625000
NODE_517_length_3335_cov_19.649567	2282	2362	3	38	80	0.4750000
NODE_517_length_3335_cov_19.649567	2282	2362	4	37	80	0.4625000
NODE_518_length_3333_cov_24.805504	734	814	4	25	80	0.3125000
NODE_518_length_3333_cov_24.805504	734	814	5	15	80	0.1875000
NODE_518_length_3333_cov_24.805504	734	814	7	40	80	0.5000000
NODE_518_length_3333_cov_24.805504	787	867	7	68	80	0.8500000
NODE_518_length_3333_cov_24.805504	787	867	8	12	80	0.1500000
NODE_523_length_3312_cov_6.996576	85	165	0	21	80	0.2625000
NODE_523_length_3312_cov_6.996576	85	165	2	2	80	0.0250000
NODE_523_length_3312_cov_6.996576	85	165	3	11	80	0.1375000
NODE_523_length_3312_cov_6.996576	85	165	4	46	80	0.5750000
NODE_523_length_3312_cov_6.996576	138	218	4	37	80	0.4625000
NODE_523_length_3312_cov_6.996576	138	218	6	43	80	0.5375000
NODE_525_length_3302_cov_3.859195	3184	3262	0	78	78	1.0000000
NODE_525_length_3302_cov_3.859195	3184	3253	0	69	69	1.0000000
NODE_526_length_3299_cov_6.014687	1632	1688	0	56	56	1.0000000
NODE_530_length_3290_cov_17.805390	773	853	5	9	80	0.1125000
NODE_530_length_3290_cov_17.805390	773	853	7	36	80	0.4500000
NODE_530_length_3290_cov_17.805390	773	853	8	14	80	0.1750000
NODE_530_length_3290_cov_17.805390	773	853	9	7	80	0.0875000
NODE_530_length_3290_cov_17.805390	773	853	10	14	80	0.1750000
NODE_530_length_3290_cov_17.805390	826	906	7	9	80	0.1125000
NODE_530_length_3290_cov_17.805390	826	906	8	2	80	0.0250000
NODE_530_length_3290_cov_17.805390	826	906	9	2	80	0.0250000
NODE_530_length_3290_cov_17.805390	826	906	10	15	80	0.1875000
NODE_530_length_3290_cov_17.805390	826	906	11	52	80	0.6500000
NODE_531_length_3290_cov_12.352554	2749	2829	2	16	80	0.2000000
NODE_531_length_3290_cov_12.352554	2749	2829	4	7	80	0.0875000
NODE_531_length_3290_cov_12.352554	2749	2829	5	55	80	0.6875000
NODE_531_length_3290_cov_12.352554	2749	2829	7	2	80	0.0250000
NODE_531_length_3290_cov_12.352554	2802	2882	5	25	80	0.3125000
NODE_531_length_3290_cov_12.352554	2802	2882	6	48	80	0.6000000
NODE_531_length_3290_cov_12.352554	2802	2882	7	7	80	0.0875000
NODE_532_length_3286_cov_5.973015	0	50	0	50	50	1.0000000
NODE_532_length_3286_cov_5.973015	0	50	0	50	50	1.0000000
NODE_532_length_3286_cov_5.973015	0	50	0	50	50	1.0000000
NODE_532_length_3286_cov_5.973015	23	89	0	66	66	1.0000000
NODE_532_length_3286_cov_5.973015	23	94	0	71	71	1.0000000
NODE_533_length_3284_cov_6.453689	313	392	0	79	79	1.0000000
NODE_533_length_3284_cov_6.453689	365	445	0	80	80	1.0000000
NODE_541_length_3267_cov_12.768624	11	91	2	9	80	0.1125000
NODE_541_length_3267_cov_12.768624	11	91	4	45	80	0.5625000
NODE_541_length_3267_cov_12.768624	11	91	6	26	80	0.3250000
NODE_542_length_3266_cov_14.108304	2620	2684	0	22	64	0.3437500
NODE_542_length_3266_cov_14.108304	2620	2684	1	12	64	0.1875000
NODE_542_length_3266_cov_14.108304	2620	2684	2	30	64	0.4687500
NODE_542_length_3266_cov_14.108304	2620	2684	0	22	64	0.3437500
NODE_542_length_3266_cov_14.108304	2620	2684	1	12	64	0.1875000
NODE_542_length_3266_cov_14.108304	2620	2684	2	30	64	0.4687500
NODE_542_length_3266_cov_14.108304	2620	2684	0	22	64	0.3437500
NODE_542_length_3266_cov_14.108304	2620	2684	1	12	64	0.1875000
NODE_542_length_3266_cov_14.108304	2620	2684	2	30	64	0.4687500
NODE_547_length_3242_cov_12.407891	391	471	4	30	80	0.3750000
NODE_547_length_3242_cov_12.407891	391	471	5	34	80	0.4250000
NODE_547_length_3242_cov_12.407891	391	471	6	16	80	0.2000000
NODE_547_length_3242_cov_12.407891	444	524	4	53	80	0.6625000
NODE_547_length_3242_cov_12.407891	444	524	5	27	80	0.3375000
NODE_550_length_3233_cov_19.903957	411	491	0	80	80	1.0000000
NODE_550_length_3233_cov_19.903957	411	491	0	80	80	1.0000000
NODE_550_length_3233_cov_19.903957	464	544	0	80	80	1.0000000
NODE_552_length_3232_cov_11.378870	2586	2621	0	15	35	0.4285714
NODE_552_length_3232_cov_11.378870	2586	2621	1	20	35	0.5714286
NODE_555_length_3214_cov_22.853291	2090	2170	5	14	80	0.1750000
NODE_555_length_3214_cov_22.853291	2090	2170	6	8	80	0.1000000
NODE_555_length_3214_cov_22.853291	2090	2170	7	3	80	0.0375000
NODE_555_length_3214_cov_22.853291	2090	2170	8	5	80	0.0625000
NODE_555_length_3214_cov_22.853291	2090	2170	9	28	80	0.3500000
NODE_555_length_3214_cov_22.853291	2090	2170	10	12	80	0.1500000
NODE_555_length_3214_cov_22.853291	2090	2170	11	9	80	0.1125000
NODE_555_length_3214_cov_22.853291	2090	2170	12	1	80	0.0125000
NODE_555_length_3214_cov_22.853291	2143	2223	4	22	80	0.2750000
NODE_555_length_3214_cov_22.853291	2143	2223	5	23	80	0.2875000
NODE_555_length_3214_cov_22.853291	2143	2223	6	30	80	0.3750000
NODE_555_length_3214_cov_22.853291	2143	2223	7	3	80	0.0375000
NODE_555_length_3214_cov_22.853291	2143	2223	8	2	80	0.0250000
NODE_555_length_3214_cov_22.853291	3028	3086	3	55	58	0.9482759
NODE_555_length_3214_cov_22.853291	3028	3086	4	3	58	0.0517241
NODE_556_length_3211_cov_1.921915	95	175	0	30	80	0.3750000
NODE_556_length_3211_cov_1.921915	95	175	2	50	80	0.6250000
NODE_556_length_3211_cov_1.921915	148	178	0	30	30	1.0000000
NODE_557_length_3210_cov_7.428480	2040	2111	2	71	71	1.0000000
NODE_557_length_3210_cov_7.428480	2084	2164	0	50	80	0.6250000
NODE_557_length_3210_cov_7.428480	2084	2164	2	30	80	0.3750000
NODE_557_length_3210_cov_7.428480	2715	2797	2	7	82	0.0853659
NODE_557_length_3210_cov_7.428480	2715	2797	4	75	82	0.9146342
NODE_557_length_3210_cov_7.428480	2770	2850	0	13	80	0.1625000
NODE_557_length_3210_cov_7.428480	2770	2850	2	2	80	0.0250000
NODE_557_length_3210_cov_7.428480	2770	2850	4	65	80	0.8125000
NODE_562_length_3201_cov_3.591231	3120	3200	0	40	80	0.5000000
NODE_562_length_3201_cov_3.591231	3120	3200	2	40	80	0.5000000
NODE_566_length_3189_cov_69.446602	137	188	0	51	51	1.0000000
NODE_567_length_3188_cov_7.233085	1663	1743	10	2	80	0.0250000
NODE_567_length_3188_cov_7.233085	1663	1743	12	25	80	0.3125000
NODE_567_length_3188_cov_7.233085	1663	1743	13	27	80	0.3375000
NODE_567_length_3188_cov_7.233085	1663	1743	14	9	80	0.1125000
NODE_567_length_3188_cov_7.233085	1663	1743	15	16	80	0.2000000
NODE_567_length_3188_cov_7.233085	1663	1743	16	1	80	0.0125000
NODE_567_length_3188_cov_7.233085	1716	1796	11	5	80	0.0625000
NODE_567_length_3188_cov_7.233085	1716	1796	12	10	80	0.1250000
NODE_567_length_3188_cov_7.233085	1716	1796	13	18	80	0.2250000
NODE_567_length_3188_cov_7.233085	1716	1796	14	8	80	0.1000000
NODE_567_length_3188_cov_7.233085	1716	1796	15	38	80	0.4750000
NODE_567_length_3188_cov_7.233085	1716	1796	16	1	80	0.0125000
NODE_570_length_3177_cov_2.789474	2021	2042	1	21	21	1.0000000
NODE_575_length_3158_cov_19.018960	840	920	5	5	80	0.0625000
NODE_575_length_3158_cov_19.018960	840	920	6	5	80	0.0625000
NODE_575_length_3158_cov_19.018960	840	920	7	9	80	0.1125000
NODE_575_length_3158_cov_19.018960	840	920	8	1	80	0.0125000
NODE_575_length_3158_cov_19.018960	840	920	9	59	80	0.7375000
NODE_575_length_3158_cov_19.018960	840	920	10	1	80	0.0125000
NODE_575_length_3158_cov_19.018960	893	973	7	20	80	0.2500000
NODE_575_length_3158_cov_19.018960	893	973	8	6	80	0.0750000
NODE_575_length_3158_cov_19.018960	893	973	9	48	80	0.6000000
NODE_575_length_3158_cov_19.018960	893	973	10	6	80	0.0750000
NODE_575_length_3158_cov_19.018960	2833	2915	0	82	82	1.0000000
NODE_575_length_3158_cov_19.018960	2888	2959	0	71	71	1.0000000
NODE_576_length_3150_cov_26.520813	770	850	11	10	80	0.1250000
NODE_576_length_3150_cov_26.520813	770	850	13	12	80	0.1500000
NODE_576_length_3150_cov_26.520813	770	850	14	10	80	0.1250000
NODE_576_length_3150_cov_26.520813	770	850	15	11	80	0.1375000
NODE_576_length_3150_cov_26.520813	770	850	16	12	80	0.1500000
NODE_576_length_3150_cov_26.520813	770	850	17	25	80	0.3125000
NODE_576_length_3150_cov_26.520813	823	901	12	8	78	0.1025641
NODE_576_length_3150_cov_26.520813	823	901	13	7	78	0.0897436
NODE_576_length_3150_cov_26.520813	823	901	14	11	78	0.1410256
NODE_576_length_3150_cov_26.520813	823	901	15	4	78	0.0512821
NODE_576_length_3150_cov_26.520813	823	901	16	13	78	0.1666667
NODE_576_length_3150_cov_26.520813	823	901	17	25	78	0.3205128
NODE_576_length_3150_cov_26.520813	823	901	18	2	78	0.0256410
NODE_576_length_3150_cov_26.520813	823	901	19	8	78	0.1025641
NODE_576_length_3150_cov_26.520813	2616	2696	5	9	80	0.1125000
NODE_576_length_3150_cov_26.520813	2616	2696	6	25	80	0.3125000
NODE_576_length_3150_cov_26.520813	2616	2696	7	46	80	0.5750000
NODE_576_length_3150_cov_26.520813	2669	2749	4	5	80	0.0625000
NODE_576_length_3150_cov_26.520813	2669	2749	5	17	80	0.2125000
NODE_576_length_3150_cov_26.520813	2669	2749	6	35	80	0.4375000
NODE_576_length_3150_cov_26.520813	2669	2749	7	23	80	0.2875000
NODE_577_length_3150_cov_5.923959	2313	2393	1	80	80	1.0000000
NODE_579_length_3148_cov_2.313873	3053	3105	0	52	52	1.0000000
NODE_581_length_3146_cov_18.277322	2418	2498	1	2	80	0.0250000
NODE_581_length_3146_cov_18.277322	2418	2498	2	10	80	0.1250000
NODE_581_length_3146_cov_18.277322	2418	2498	4	7	80	0.0875000
NODE_581_length_3146_cov_18.277322	2418	2498	5	34	80	0.4250000
NODE_581_length_3146_cov_18.277322	2418	2498	6	27	80	0.3375000
NODE_581_length_3146_cov_18.277322	2471	2551	6	32	80	0.4000000
NODE_581_length_3146_cov_18.277322	2471	2551	8	11	80	0.1375000
NODE_581_length_3146_cov_18.277322	2471	2551	9	5	80	0.0625000
NODE_581_length_3146_cov_18.277322	2471	2551	10	8	80	0.1000000
NODE_581_length_3146_cov_18.277322	2471	2551	11	11	80	0.1375000
NODE_581_length_3146_cov_18.277322	2471	2551	16	1	80	0.0125000
NODE_581_length_3146_cov_18.277322	2471	2551	17	10	80	0.1250000
NODE_581_length_3146_cov_18.277322	2471	2551	18	2	80	0.0250000
NODE_581_length_3146_cov_18.277322	2547	2627	17	2	80	0.0250000
NODE_581_length_3146_cov_18.277322	2547	2627	18	8	80	0.1000000
NODE_581_length_3146_cov_18.277322	2547	2627	20	4	80	0.0500000
NODE_581_length_3146_cov_18.277322	2547	2627	21	13	80	0.1625000
NODE_581_length_3146_cov_18.277322	2547	2627	22	7	80	0.0875000
NODE_581_length_3146_cov_18.277322	2547	2627	23	10	80	0.1250000
NODE_581_length_3146_cov_18.277322	2547	2627	24	33	80	0.4125000
NODE_581_length_3146_cov_18.277322	2547	2627	25	3	80	0.0375000
NODE_581_length_3146_cov_18.277322	2600	2680	24	30	80	0.3750000
NODE_581_length_3146_cov_18.277322	2600	2680	25	6	80	0.0750000
NODE_581_length_3146_cov_18.277322	2600	2680	26	8	80	0.1000000
NODE_581_length_3146_cov_18.277322	2600	2680	27	1	80	0.0125000
NODE_581_length_3146_cov_18.277322	2600	2680	28	5	80	0.0625000
NODE_581_length_3146_cov_18.277322	2600	2680	29	2	80	0.0250000
NODE_581_length_3146_cov_18.277322	2600	2680	30	9	80	0.1125000
NODE_581_length_3146_cov_18.277322	2600	2680	31	6	80	0.0750000
NODE_581_length_3146_cov_18.277322	2600	2680	32	12	80	0.1500000
NODE_581_length_3146_cov_18.277322	2600	2680	33	1	80	0.0125000
NODE_581_length_3146_cov_18.277322	2975	3055	4	13	80	0.1625000
NODE_581_length_3146_cov_18.277322	2975	3055	6	67	80	0.8375000
NODE_585_length_3134_cov_8.717957	1290	1362	7	11	72	0.1527778
NODE_585_length_3134_cov_8.717957	1290	1362	9	17	72	0.2361111
NODE_585_length_3134_cov_8.717957	1290	1362	10	16	72	0.2222222
NODE_585_length_3134_cov_8.717957	1290	1362	12	5	72	0.0694444
NODE_585_length_3134_cov_8.717957	1290	1362	14	7	72	0.0972222
NODE_585_length_3134_cov_8.717957	1290	1362	15	4	72	0.0555556
NODE_585_length_3134_cov_8.717957	1290	1362	16	12	72	0.1666667
NODE_585_length_3134_cov_8.717957	1335	1415	12	4	80	0.0500000
NODE_585_length_3134_cov_8.717957	1335	1415	14	21	80	0.2625000
NODE_585_length_3134_cov_8.717957	1335	1415	15	9	80	0.1125000
NODE_585_length_3134_cov_8.717957	1335	1415	16	13	80	0.1625000
NODE_585_length_3134_cov_8.717957	1335	1415	17	8	80	0.1000000
NODE_585_length_3134_cov_8.717957	1335	1415	18	3	80	0.0375000
NODE_585_length_3134_cov_8.717957	1335	1415	19	20	80	0.2500000
NODE_585_length_3134_cov_8.717957	1335	1415	20	2	80	0.0250000
NODE_586_length_3131_cov_26.910620	232	312	1	27	80	0.3375000
NODE_586_length_3131_cov_26.910620	232	312	3	7	80	0.0875000
NODE_586_length_3131_cov_26.910620	232	312	4	9	80	0.1125000
NODE_586_length_3131_cov_26.910620	232	312	5	37	80	0.4625000
NODE_586_length_3131_cov_26.910620	285	364	5	70	79	0.8860760
NODE_586_length_3131_cov_26.910620	285	364	6	9	79	0.1139240
NODE_586_length_3131_cov_26.910620	2151	2231	0	80	80	1.0000000
NODE_586_length_3131_cov_26.910620	2155	2227	0	72	72	1.0000000
NODE_586_length_3131_cov_26.910620	2204	2284	0	80	80	1.0000000
NODE_586_length_3131_cov_26.910620	2208	2284	0	76	76	1.0000000
NODE_586_length_3131_cov_26.910620	2280	2360	0	80	80	1.0000000
NODE_586_length_3131_cov_26.910620	2333	2413	0	80	80	1.0000000
NODE_590_length_3118_cov_5.059622	367	445	0	73	78	0.9358974
NODE_590_length_3118_cov_5.059622	367	445	1	5	78	0.0641026
NODE_590_length_3118_cov_5.059622	418	498	0	80	80	1.0000000
NODE_591_length_3117_cov_5.938038	2525	2605	0	80	80	1.0000000
NODE_591_length_3117_cov_5.938038	2578	2658	0	80	80	1.0000000
NODE_595_length_3110_cov_31.733643	2864	2923	0	34	59	0.5762712
NODE_595_length_3110_cov_31.733643	2864	2923	1	25	59	0.4237288
NODE_602_length_3093_cov_54.559786	571	651	0	80	80	1.0000000
NODE_602_length_3093_cov_54.559786	624	704	0	80	80	1.0000000
NODE_602_length_3093_cov_54.559786	2901	2981	29	10	80	0.1250000
NODE_602_length_3093_cov_54.559786	2901	2981	30	17	80	0.2125000
NODE_602_length_3093_cov_54.559786	2901	2981	31	23	80	0.2875000
NODE_602_length_3093_cov_54.559786	2901	2981	32	18	80	0.2250000
NODE_602_length_3093_cov_54.559786	2901	2981	33	12	80	0.1500000
NODE_602_length_3093_cov_54.559786	2954	3034	9	1	80	0.0125000
NODE_602_length_3093_cov_54.559786	2954	3034	11	3	80	0.0375000
NODE_602_length_3093_cov_54.559786	2954	3034	12	2	80	0.0250000
NODE_602_length_3093_cov_54.559786	2954	3034	13	1	80	0.0125000
NODE_602_length_3093_cov_54.559786	2954	3034	14	3	80	0.0375000
NODE_602_length_3093_cov_54.559786	2954	3034	16	1	80	0.0125000
NODE_602_length_3093_cov_54.559786	2954	3034	17	1	80	0.0125000
NODE_602_length_3093_cov_54.559786	2954	3034	18	4	80	0.0500000
NODE_602_length_3093_cov_54.559786	2954	3034	19	7	80	0.0875000
NODE_602_length_3093_cov_54.559786	2954	3034	20	1	80	0.0125000
NODE_602_length_3093_cov_54.559786	2954	3034	21	2	80	0.0250000
NODE_602_length_3093_cov_54.559786	2954	3034	22	1	80	0.0125000
NODE_602_length_3093_cov_54.559786	2954	3034	23	2	80	0.0250000
NODE_602_length_3093_cov_54.559786	2954	3034	24	4	80	0.0500000
NODE_602_length_3093_cov_54.559786	2954	3034	25	1	80	0.0125000
NODE_602_length_3093_cov_54.559786	2954	3034	26	2	80	0.0250000
NODE_602_length_3093_cov_54.559786	2954	3034	27	1	80	0.0125000
NODE_602_length_3093_cov_54.559786	2954	3034	29	9	80	0.1125000
NODE_602_length_3093_cov_54.559786	2954	3034	30	3	80	0.0375000
NODE_602_length_3093_cov_54.559786	2954	3034	31	2	80	0.0250000
NODE_602_length_3093_cov_54.559786	2954	3034	32	17	80	0.2125000
NODE_602_length_3093_cov_54.559786	2954	3034	33	12	80	0.1500000
NODE_603_length_3091_cov_35.895722	1743	1804	2	13	61	0.2131148
NODE_603_length_3091_cov_35.895722	1743	1804	3	8	61	0.1311475
NODE_603_length_3091_cov_35.895722	1743	1804	4	40	61	0.6557377
NODE_603_length_3091_cov_35.895722	1777	1857	3	31	80	0.3875000
NODE_603_length_3091_cov_35.895722	1777	1857	4	49	80	0.6125000
NODE_603_length_3091_cov_35.895722	2472	2535	0	63	63	1.0000000
NODE_603_length_3091_cov_35.895722	2508	2553	0	45	45	1.0000000
NODE_603_length_3091_cov_35.895722	2534	2604	0	70	70	1.0000000
NODE_603_length_3091_cov_35.895722	2578	2618	0	40	40	1.0000000
NODE_603_length_3091_cov_35.895722	2586	2623	0	37	37	1.0000000
NODE_603_length_3091_cov_35.895722	2626	2671	0	45	45	1.0000000
NODE_603_length_3091_cov_35.895722	2682	2730	0	48	48	1.0000000
NODE_603_length_3091_cov_35.895722	2918	2969	0	51	51	1.0000000
NODE_603_length_3091_cov_35.895722	2942	2987	0	45	45	1.0000000
NODE_603_length_3091_cov_35.895722	2994	3039	0	45	45	1.0000000
NODE_607_length_3079_cov_7.081879	2340	2420	1	80	80	1.0000000
NODE_607_length_3079_cov_7.081879	2886	2938	2	13	52	0.2500000
NODE_607_length_3079_cov_7.081879	2886	2938	3	25	52	0.4807692
NODE_607_length_3079_cov_7.081879	2886	2938	4	14	52	0.2692308
NODE_607_length_3079_cov_7.081879	2893	2959	2	13	66	0.1969697
NODE_607_length_3079_cov_7.081879	2893	2959	3	22	66	0.3333333
NODE_607_length_3079_cov_7.081879	2893	2959	4	31	66	0.4696970
NODE_607_length_3079_cov_7.081879	2932	2993	3	11	61	0.1803279
NODE_607_length_3079_cov_7.081879	2932	2993	4	50	61	0.8196721
NODE_607_length_3079_cov_7.081879	2932	2995	3	13	63	0.2063492
NODE_607_length_3079_cov_7.081879	2932	2995	4	50	63	0.7936508
NODE_607_length_3079_cov_7.081879	2932	2995	3	13	63	0.2063492
NODE_607_length_3079_cov_7.081879	2932	2995	4	50	63	0.7936508
NODE_608_length_3077_cov_23.535259	1244	1321	6	1	77	0.0129870
NODE_608_length_3077_cov_23.535259	1244	1321	7	9	77	0.1168831
NODE_608_length_3077_cov_23.535259	1244	1321	8	39	77	0.5064935
NODE_608_length_3077_cov_23.535259	1244	1321	9	12	77	0.1558442
NODE_608_length_3077_cov_23.535259	1244	1321	10	3	77	0.0389610
NODE_608_length_3077_cov_23.535259	1244	1321	11	5	77	0.0649351
NODE_608_length_3077_cov_23.535259	1244	1321	12	8	77	0.1038961
NODE_608_length_3077_cov_23.535259	1911	1991	4	1	80	0.0125000
NODE_608_length_3077_cov_23.535259	1911	1991	5	75	80	0.9375000
NODE_608_length_3077_cov_23.535259	1911	1991	6	4	80	0.0500000
NODE_608_length_3077_cov_23.535259	1964	2016	4	11	52	0.2115385
NODE_608_length_3077_cov_23.535259	1964	2016	5	25	52	0.4807692
NODE_608_length_3077_cov_23.535259	1964	2016	6	16	52	0.3076923
NODE_608_length_3077_cov_23.535259	2028	2114	6	2	86	0.0232558
NODE_608_length_3077_cov_23.535259	2028	2114	7	19	86	0.2209302
NODE_608_length_3077_cov_23.535259	2028	2114	8	41	86	0.4767442
NODE_608_length_3077_cov_23.535259	2028	2114	9	24	86	0.2790698
NODE_609_length_3077_cov_8.693083	1157	1237	1	10	80	0.1250000
NODE_609_length_3077_cov_8.693083	1157	1237	2	5	80	0.0625000
NODE_609_length_3077_cov_8.693083	1157	1237	3	25	80	0.3125000
NODE_609_length_3077_cov_8.693083	1157	1237	4	8	80	0.1000000
NODE_609_length_3077_cov_8.693083	1157	1237	5	24	80	0.3000000
NODE_609_length_3077_cov_8.693083	1157	1237	7	8	80	0.1000000
NODE_609_length_3077_cov_8.693083	1161	1184	1	6	23	0.2608696
NODE_609_length_3077_cov_8.693083	1161	1184	2	5	23	0.2173913
NODE_609_length_3077_cov_8.693083	1161	1184	3	12	23	0.5217391
NODE_609_length_3077_cov_8.693083	1233	1313	7	16	80	0.2000000
NODE_609_length_3077_cov_8.693083	1233	1313	9	22	80	0.2750000
NODE_609_length_3077_cov_8.693083	1233	1313	11	2	80	0.0250000
NODE_609_length_3077_cov_8.693083	1233	1313	13	12	80	0.1500000
NODE_609_length_3077_cov_8.693083	1233	1313	14	10	80	0.1250000
NODE_609_length_3077_cov_8.693083	1233	1313	15	18	80	0.2250000
NODE_609_length_3077_cov_8.693083	1286	1352	13	1	66	0.0151515
NODE_609_length_3077_cov_8.693083	1286	1352	14	15	66	0.2272727
NODE_609_length_3077_cov_8.693083	1286	1352	15	23	66	0.3484848
NODE_609_length_3077_cov_8.693083	1286	1352	16	14	66	0.2121212
NODE_609_length_3077_cov_8.693083	1286	1352	17	13	66	0.1969697
NODE_609_length_3077_cov_8.693083	2672	2757	3	12	85	0.1411765
NODE_609_length_3077_cov_8.693083	2672	2757	5	50	85	0.5882353
NODE_609_length_3077_cov_8.693083	2672	2757	7	23	85	0.2705882
NODE_611_length_3074_cov_2.996303	2561	2629	11	1	68	0.0147059
NODE_611_length_3074_cov_2.996303	2561	2629	12	1	68	0.0147059
NODE_611_length_3074_cov_2.996303	2561	2629	13	1	68	0.0147059
NODE_611_length_3074_cov_2.996303	2561	2629	14	2	68	0.0294118
NODE_611_length_3074_cov_2.996303	2561	2629	16	4	68	0.0588235
NODE_611_length_3074_cov_2.996303	2561	2629	17	1	68	0.0147059
NODE_611_length_3074_cov_2.996303	2561	2629	18	1	68	0.0147059
NODE_611_length_3074_cov_2.996303	2561	2629	19	2	68	0.0294118
NODE_611_length_3074_cov_2.996303	2561	2629	21	2	68	0.0294118
NODE_611_length_3074_cov_2.996303	2561	2629	22	1	68	0.0147059
NODE_611_length_3074_cov_2.996303	2561	2629	23	1	68	0.0147059
NODE_611_length_3074_cov_2.996303	2561	2629	24	5	68	0.0735294
NODE_611_length_3074_cov_2.996303	2561	2629	27	1	68	0.0147059
NODE_611_length_3074_cov_2.996303	2561	2629	28	1	68	0.0147059
NODE_611_length_3074_cov_2.996303	2561	2629	29	1	68	0.0147059
NODE_611_length_3074_cov_2.996303	2561	2629	30	1	68	0.0147059
NODE_611_length_3074_cov_2.996303	2561	2629	33	1	68	0.0147059
NODE_611_length_3074_cov_2.996303	2561	2629	34	2	68	0.0294118
NODE_611_length_3074_cov_2.996303	2561	2629	36	2	68	0.0294118
NODE_611_length_3074_cov_2.996303	2561	2629	37	1	68	0.0147059
NODE_611_length_3074_cov_2.996303	2561	2629	38	4	68	0.0588235
NODE_611_length_3074_cov_2.996303	2561	2629	40	5	68	0.0735294
NODE_611_length_3074_cov_2.996303	2561	2629	43	8	68	0.1176471
NODE_611_length_3074_cov_2.996303	2561	2629	45	1	68	0.0147059
NODE_611_length_3074_cov_2.996303	2561	2629	47	3	68	0.0441176
NODE_611_length_3074_cov_2.996303	2561	2629	48	2	68	0.0294118
NODE_611_length_3074_cov_2.996303	2561	2629	49	2	68	0.0294118
NODE_611_length_3074_cov_2.996303	2561	2629	51	2	68	0.0294118
NODE_611_length_3074_cov_2.996303	2561	2629	53	1	68	0.0147059
NODE_611_length_3074_cov_2.996303	2561	2629	54	1	68	0.0147059
NODE_611_length_3074_cov_2.996303	2561	2629	58	2	68	0.0294118
NODE_611_length_3074_cov_2.996303	2561	2629	62	2	68	0.0294118
NODE_611_length_3074_cov_2.996303	2561	2629	67	1	68	0.0147059
NODE_611_length_3074_cov_2.996303	2561	2629	68	2	68	0.0294118
NODE_615_length_3069_cov_2.448822	2948	2991	0	43	43	1.0000000
NODE_616_length_3059_cov_20.037500	346	426	9	15	80	0.1875000
NODE_616_length_3059_cov_20.037500	346	426	11	5	80	0.0625000
NODE_616_length_3059_cov_20.037500	346	426	12	1	80	0.0125000
NODE_616_length_3059_cov_20.037500	346	426	14	2	80	0.0250000
NODE_616_length_3059_cov_20.037500	346	426	16	15	80	0.1875000
NODE_616_length_3059_cov_20.037500	346	426	17	19	80	0.2375000
NODE_616_length_3059_cov_20.037500	346	426	18	11	80	0.1375000
NODE_616_length_3059_cov_20.037500	346	426	19	2	80	0.0250000
NODE_616_length_3059_cov_20.037500	346	426	20	8	80	0.1000000
NODE_616_length_3059_cov_20.037500	346	426	21	2	80	0.0250000
NODE_616_length_3059_cov_20.037500	399	479	15	15	80	0.1875000
NODE_616_length_3059_cov_20.037500	399	479	16	19	80	0.2375000
NODE_616_length_3059_cov_20.037500	399	479	17	32	80	0.4000000
NODE_616_length_3059_cov_20.037500	399	479	18	3	80	0.0375000
NODE_616_length_3059_cov_20.037500	399	479	19	1	80	0.0125000
NODE_616_length_3059_cov_20.037500	399	479	20	8	80	0.1000000
NODE_616_length_3059_cov_20.037500	399	479	21	2	80	0.0250000
NODE_616_length_3059_cov_20.037500	1317	1397	4	14	80	0.1750000
NODE_616_length_3059_cov_20.037500	1317	1397	5	2	80	0.0250000
NODE_616_length_3059_cov_20.037500	1317	1397	6	58	80	0.7250000
NODE_616_length_3059_cov_20.037500	1317	1397	8	6	80	0.0750000
NODE_616_length_3059_cov_20.037500	1370	1447	4	37	77	0.4805195
NODE_616_length_3059_cov_20.037500	1370	1447	5	23	77	0.2987013
NODE_616_length_3059_cov_20.037500	1370	1447	6	9	77	0.1168831
NODE_616_length_3059_cov_20.037500	1370	1447	7	2	77	0.0259740
NODE_616_length_3059_cov_20.037500	1370	1447	8	6	77	0.0779221
NODE_616_length_3059_cov_20.037500	2514	2594	0	80	80	1.0000000
NODE_616_length_3059_cov_20.037500	2567	2647	0	80	80	1.0000000
NODE_617_length_3058_cov_21.767489	2802	2882	0	37	80	0.4625000
NODE_617_length_3058_cov_21.767489	2802	2882	1	23	80	0.2875000
NODE_617_length_3058_cov_21.767489	2802	2882	2	18	80	0.2250000
NODE_617_length_3058_cov_21.767489	2802	2882	3	2	80	0.0250000
NODE_617_length_3058_cov_21.767489	2855	2930	1	9	75	0.1200000
NODE_617_length_3058_cov_21.767489	2855	2930	2	66	75	0.8800000
NODE_621_length_3047_cov_47.232361	418	489	1	71	71	1.0000000
NODE_621_length_3047_cov_47.232361	758	801	1	6	43	0.1395349
NODE_621_length_3047_cov_47.232361	758	801	3	2	43	0.0465116
NODE_621_length_3047_cov_47.232361	758	801	4	9	43	0.2093023
NODE_621_length_3047_cov_47.232361	758	801	6	15	43	0.3488372
NODE_621_length_3047_cov_47.232361	758	801	7	5	43	0.1162791
NODE_621_length_3047_cov_47.232361	758	801	11	1	43	0.0232558
NODE_621_length_3047_cov_47.232361	758	801	12	1	43	0.0232558
NODE_621_length_3047_cov_47.232361	758	801	13	4	43	0.0930233
NODE_623_length_3044_cov_38.951783	1702	1782	2	4	80	0.0500000
NODE_623_length_3044_cov_38.951783	1702	1782	3	7	80	0.0875000
NODE_623_length_3044_cov_38.951783	1702	1782	4	4	80	0.0500000
NODE_623_length_3044_cov_38.951783	1702	1782	6	44	80	0.5500000
NODE_623_length_3044_cov_38.951783	1702	1782	8	21	80	0.2625000
NODE_623_length_3044_cov_38.951783	1755	1835	2	4	80	0.0500000
NODE_623_length_3044_cov_38.951783	1755	1835	3	22	80	0.2750000
NODE_623_length_3044_cov_38.951783	1755	1835	4	17	80	0.2125000
NODE_623_length_3044_cov_38.951783	1755	1835	8	16	80	0.2000000
NODE_623_length_3044_cov_38.951783	1755	1835	9	12	80	0.1500000
NODE_623_length_3044_cov_38.951783	1755	1835	10	9	80	0.1125000
NODE_623_length_3044_cov_38.951783	1831	1911	10	4	80	0.0500000
NODE_623_length_3044_cov_38.951783	1831	1911	11	31	80	0.3875000
NODE_623_length_3044_cov_38.951783	1831	1911	13	45	80	0.5625000
NODE_623_length_3044_cov_38.951783	1884	1964	4	17	80	0.2125000
NODE_623_length_3044_cov_38.951783	1884	1964	9	8	80	0.1000000
NODE_623_length_3044_cov_38.951783	1884	1964	10	14	80	0.1750000
NODE_623_length_3044_cov_38.951783	1884	1964	11	29	80	0.3625000
NODE_623_length_3044_cov_38.951783	1884	1964	13	12	80	0.1500000
NODE_623_length_3044_cov_38.951783	2556	2636	7	11	80	0.1375000
NODE_623_length_3044_cov_38.951783	2556	2636	8	3	80	0.0375000
NODE_623_length_3044_cov_38.951783	2556	2636	9	3	80	0.0375000
NODE_623_length_3044_cov_38.951783	2556	2636	10	57	80	0.7125000
NODE_623_length_3044_cov_38.951783	2556	2636	12	6	80	0.0750000
NODE_623_length_3044_cov_38.951783	2609	2689	5	12	80	0.1500000
NODE_623_length_3044_cov_38.951783	2609	2689	6	5	80	0.0625000
NODE_623_length_3044_cov_38.951783	2609	2689	7	4	80	0.0500000
NODE_623_length_3044_cov_38.951783	2609	2689	9	7	80	0.0875000
NODE_623_length_3044_cov_38.951783	2609	2689	10	52	80	0.6500000
NODE_625_length_3039_cov_3.258163	261	337	0	12	76	0.1578947
NODE_625_length_3039_cov_3.258163	261	337	2	64	76	0.8421053
NODE_625_length_3039_cov_3.258163	261	336	0	11	75	0.1466667
NODE_625_length_3039_cov_3.258163	261	336	2	64	75	0.8533334
NODE_625_length_3039_cov_3.258163	261	337	0	12	76	0.1578947
NODE_625_length_3039_cov_3.258163	261	337	2	64	76	0.8421053
NODE_625_length_3039_cov_3.258163	270	337	0	12	67	0.1791045
NODE_625_length_3039_cov_3.258163	270	337	2	55	67	0.8208955
NODE_627_length_3036_cov_8.968676	2303	2367	8	14	64	0.2187500
NODE_627_length_3036_cov_8.968676	2303	2367	10	8	64	0.1250000
NODE_627_length_3036_cov_8.968676	2303	2367	11	12	64	0.1875000
NODE_627_length_3036_cov_8.968676	2303	2367	12	9	64	0.1406250
NODE_627_length_3036_cov_8.968676	2303	2367	13	11	64	0.1718750
NODE_627_length_3036_cov_8.968676	2303	2367	14	10	64	0.1562500
NODE_627_length_3036_cov_8.968676	2340	2420	8	16	80	0.2000000
NODE_627_length_3036_cov_8.968676	2340	2420	9	1	80	0.0125000
NODE_627_length_3036_cov_8.968676	2340	2420	10	30	80	0.3750000
NODE_627_length_3036_cov_8.968676	2340	2420	11	6	80	0.0750000
NODE_627_length_3036_cov_8.968676	2340	2420	12	6	80	0.0750000
NODE_627_length_3036_cov_8.968676	2340	2420	13	11	80	0.1375000
NODE_627_length_3036_cov_8.968676	2340	2420	14	10	80	0.1250000
NODE_627_length_3036_cov_8.968676	2416	2496	0	3	80	0.0375000
NODE_627_length_3036_cov_8.968676	2416	2496	3	6	80	0.0750000
NODE_627_length_3036_cov_8.968676	2416	2496	4	12	80	0.1500000
NODE_627_length_3036_cov_8.968676	2416	2496	7	27	80	0.3375000
NODE_627_length_3036_cov_8.968676	2416	2496	9	9	80	0.1125000
NODE_627_length_3036_cov_8.968676	2416	2496	10	23	80	0.2875000
NODE_627_length_3036_cov_8.968676	2469	2549	0	56	80	0.7000000
NODE_627_length_3036_cov_8.968676	2469	2549	3	6	80	0.0750000
NODE_627_length_3036_cov_8.968676	2469	2549	4	12	80	0.1500000
NODE_627_length_3036_cov_8.968676	2469	2549	7	6	80	0.0750000
NODE_629_length_3032_cov_7.470849	1026	1068	2	1	42	0.0238095
NODE_629_length_3032_cov_7.470849	1026	1068	3	12	42	0.2857143
NODE_629_length_3032_cov_7.470849	1026	1068	4	24	42	0.5714286
NODE_629_length_3032_cov_7.470849	1026	1068	5	5	42	0.1190476
NODE_630_length_3025_cov_11.862611	2371	2451	4	9	80	0.1125000
NODE_630_length_3025_cov_11.862611	2371	2451	5	1	80	0.0125000
NODE_630_length_3025_cov_11.862611	2371	2451	6	28	80	0.3500000
NODE_630_length_3025_cov_11.862611	2371	2451	8	42	80	0.5250000
NODE_630_length_3025_cov_11.862611	2424	2504	3	13	80	0.1625000
NODE_630_length_3025_cov_11.862611	2424	2504	5	9	80	0.1125000
NODE_630_length_3025_cov_11.862611	2424	2504	6	36	80	0.4500000
NODE_630_length_3025_cov_11.862611	2424	2504	7	13	80	0.1625000
NODE_630_length_3025_cov_11.862611	2424	2504	8	9	80	0.1125000
NODE_630_length_3025_cov_11.862611	2500	2580	3	7	80	0.0875000
NODE_630_length_3025_cov_11.862611	2500	2580	4	3	80	0.0375000
NODE_630_length_3025_cov_11.862611	2500	2580	5	70	80	0.8750000
NODE_630_length_3025_cov_11.862611	2553	2633	4	15	80	0.1875000
NODE_630_length_3025_cov_11.862611	2553	2633	5	65	80	0.8125000
NODE_635_length_3012_cov_33.100240	2379	2459	2	2	80	0.0250000
NODE_635_length_3012_cov_33.100240	2379	2459	4	10	80	0.1250000
NODE_635_length_3012_cov_33.100240	2379	2459	5	5	80	0.0625000
NODE_635_length_3012_cov_33.100240	2379	2459	6	1	80	0.0125000
NODE_635_length_3012_cov_33.100240	2379	2459	7	22	80	0.2750000
NODE_635_length_3012_cov_33.100240	2379	2459	8	10	80	0.1250000
NODE_635_length_3012_cov_33.100240	2379	2459	10	2	80	0.0250000
NODE_635_length_3012_cov_33.100240	2379	2459	11	28	80	0.3500000
NODE_635_length_3012_cov_33.100240	2432	2512	8	1	80	0.0125000
NODE_635_length_3012_cov_33.100240	2432	2512	9	13	80	0.1625000
NODE_635_length_3012_cov_33.100240	2432	2512	10	20	80	0.2500000
NODE_635_length_3012_cov_33.100240	2432	2512	11	46	80	0.5750000
NODE_637_length_3007_cov_11.843535	2641	2721	3	76	80	0.9500000
NODE_637_length_3007_cov_11.843535	2641	2721	9	4	80	0.0500000
NODE_643_length_2992_cov_2.636709	2032	2112	0	80	80	1.0000000
NODE_643_length_2992_cov_2.636709	2085	2165	0	80	80	1.0000000
NODE_646_length_2978_cov_4.883293	382	452	2	20	70	0.2857143
NODE_646_length_2978_cov_4.883293	382	452	3	28	70	0.4000000
NODE_646_length_2978_cov_4.883293	382	452	4	1	70	0.0142857
NODE_646_length_2978_cov_4.883293	382	452	5	21	70	0.3000000
NODE_646_length_2978_cov_4.883293	1858	1938	0	80	80	1.0000000
NODE_646_length_2978_cov_4.883293	1926	1991	0	65	65	1.0000000
NODE_646_length_2978_cov_4.883293	1987	2066	0	79	79	1.0000000
NODE_646_length_2978_cov_4.883293	2040	2079	0	39	39	1.0000000
NODE_647_length_2976_cov_24.683003	1764	1844	0	63	80	0.7875000
NODE_647_length_2976_cov_24.683003	1764	1844	2	17	80	0.2125000
NODE_647_length_2976_cov_24.683003	1817	1897	0	10	80	0.1250000
NODE_647_length_2976_cov_24.683003	1817	1897	2	70	80	0.8750000
NODE_647_length_2976_cov_24.683003	1893	1973	0	48	80	0.6000000
NODE_647_length_2976_cov_24.683003	1893	1973	2	32	80	0.4000000
NODE_647_length_2976_cov_24.683003	1946	2026	0	80	80	1.0000000
NODE_651_length_2967_cov_16.146095	238	318	12	1	80	0.0125000
NODE_651_length_2967_cov_16.146095	238	318	13	7	80	0.0875000
NODE_651_length_2967_cov_16.146095	238	318	14	36	80	0.4500000
NODE_651_length_2967_cov_16.146095	238	318	15	10	80	0.1250000
NODE_651_length_2967_cov_16.146095	238	318	16	14	80	0.1750000
NODE_651_length_2967_cov_16.146095	238	318	17	12	80	0.1500000
NODE_651_length_2967_cov_16.146095	291	371	9	8	80	0.1000000
NODE_651_length_2967_cov_16.146095	291	371	11	1	80	0.0125000
NODE_651_length_2967_cov_16.146095	291	371	13	20	80	0.2500000
NODE_651_length_2967_cov_16.146095	291	371	14	37	80	0.4625000
NODE_651_length_2967_cov_16.146095	291	371	15	2	80	0.0250000
NODE_651_length_2967_cov_16.146095	291	371	16	8	80	0.1000000
NODE_651_length_2967_cov_16.146095	291	371	17	4	80	0.0500000
NODE_651_length_2967_cov_16.146095	367	447	3	8	80	0.1000000
NODE_651_length_2967_cov_16.146095	367	447	4	14	80	0.1750000
NODE_651_length_2967_cov_16.146095	367	447	5	17	80	0.2125000
NODE_651_length_2967_cov_16.146095	367	447	6	16	80	0.2000000
NODE_651_length_2967_cov_16.146095	367	447	7	14	80	0.1750000
NODE_651_length_2967_cov_16.146095	367	447	8	2	80	0.0250000
NODE_651_length_2967_cov_16.146095	367	447	9	9	80	0.1125000
NODE_651_length_2967_cov_16.146095	420	500	2	51	80	0.6375000
NODE_651_length_2967_cov_16.146095	420	500	3	10	80	0.1250000
NODE_651_length_2967_cov_16.146095	420	500	4	14	80	0.1750000
NODE_651_length_2967_cov_16.146095	420	500	5	1	80	0.0125000
NODE_651_length_2967_cov_16.146095	420	500	6	2	80	0.0250000
NODE_651_length_2967_cov_16.146095	420	500	7	2	80	0.0250000
NODE_653_length_2965_cov_19.913468	92	134	0	20	42	0.4761905
NODE_653_length_2965_cov_19.913468	92	134	2	2	42	0.0476190
NODE_653_length_2965_cov_19.913468	92	134	4	20	42	0.4761905
NODE_653_length_2965_cov_19.913468	109	178	0	63	69	0.9130435
NODE_653_length_2965_cov_19.913468	109	178	1	1	69	0.0144928
NODE_653_length_2965_cov_19.913468	109	178	2	2	69	0.0289855
NODE_653_length_2965_cov_19.913468	109	178	4	3	69	0.0434783
NODE_653_length_2965_cov_19.913468	109	178	0	63	69	0.9130435
NODE_653_length_2965_cov_19.913468	109	178	1	1	69	0.0144928
NODE_653_length_2965_cov_19.913468	109	178	2	2	69	0.0289855
NODE_653_length_2965_cov_19.913468	109	178	4	3	69	0.0434783
NODE_653_length_2965_cov_19.913468	2298	2378	4	80	80	1.0000000
NODE_653_length_2965_cov_19.913468	2351	2431	2	6	80	0.0750000
NODE_653_length_2965_cov_19.913468	2351	2431	3	3	80	0.0375000
NODE_653_length_2965_cov_19.913468	2351	2431	4	69	80	0.8625000
NODE_653_length_2965_cov_19.913468	2351	2431	5	2	80	0.0250000
NODE_653_length_2965_cov_19.913468	2427	2507	1	61	80	0.7625000
NODE_653_length_2965_cov_19.913468	2427	2507	2	19	80	0.2375000
NODE_653_length_2965_cov_19.913468	2480	2560	1	14	80	0.1750000
NODE_653_length_2965_cov_19.913468	2480	2560	2	66	80	0.8250000
NODE_656_length_2960_cov_35.741699	459	539	0	80	80	1.0000000
NODE_656_length_2960_cov_35.741699	512	592	0	80	80	1.0000000
NODE_659_length_2951_cov_7.195652	1100	1141	85	1	41	0.0243902
NODE_659_length_2951_cov_7.195652	1100	1141	86	1	41	0.0243902
NODE_659_length_2951_cov_7.195652	1100	1141	89	1	41	0.0243902
NODE_659_length_2951_cov_7.195652	1100	1141	91	1	41	0.0243902
NODE_659_length_2951_cov_7.195652	1100	1141	92	1	41	0.0243902
NODE_659_length_2951_cov_7.195652	1100	1141	93	5	41	0.1219512
NODE_659_length_2951_cov_7.195652	1100	1141	94	3	41	0.0731707
NODE_659_length_2951_cov_7.195652	1100	1141	95	2	41	0.0487805
NODE_659_length_2951_cov_7.195652	1100	1141	96	2	41	0.0487805
NODE_659_length_2951_cov_7.195652	1100	1141	97	2	41	0.0487805
NODE_659_length_2951_cov_7.195652	1100	1141	98	3	41	0.0731707
NODE_659_length_2951_cov_7.195652	1100	1141	99	2	41	0.0487805
NODE_659_length_2951_cov_7.195652	1100	1141	100	2	41	0.0487805
NODE_659_length_2951_cov_7.195652	1100	1141	101	3	41	0.0731707
NODE_659_length_2951_cov_7.195652	1100	1141	102	1	41	0.0243902
NODE_659_length_2951_cov_7.195652	1100	1141	103	3	41	0.0731707
NODE_659_length_2951_cov_7.195652	1100	1141	104	3	41	0.0731707
NODE_659_length_2951_cov_7.195652	1100	1141	105	1	41	0.0243902
NODE_659_length_2951_cov_7.195652	1100	1141	106	2	41	0.0487805
NODE_659_length_2951_cov_7.195652	1100	1141	107	2	41	0.0487805
NODE_665_length_2935_cov_37.693230	1492	1572	1	19	80	0.2375000
NODE_665_length_2935_cov_37.693230	1492	1572	2	41	80	0.5125000
NODE_665_length_2935_cov_37.693230	1492	1572	3	20	80	0.2500000
NODE_665_length_2935_cov_37.693230	1534	1589	1	36	55	0.6545454
NODE_665_length_2935_cov_37.693230	1534	1589	2	19	55	0.3454545
NODE_665_length_2935_cov_37.693230	1545	1619	1	66	74	0.8918919
NODE_665_length_2935_cov_37.693230	1545	1619	2	8	74	0.1081081
NODE_665_length_2935_cov_37.693230	1625	1701	0	67	76	0.8815789
NODE_665_length_2935_cov_37.693230	1625	1701	1	9	76	0.1184211
NODE_665_length_2935_cov_37.693230	2863	2906	0	43	43	1.0000000
NODE_675_length_2913_cov_4.376688	2664	2739	0	11	75	0.1466667
NODE_675_length_2913_cov_4.376688	2664	2739	2	64	75	0.8533334
NODE_675_length_2913_cov_4.376688	2664	2723	2	59	59	1.0000000
NODE_675_length_2913_cov_4.376688	2664	2739	0	11	75	0.1466667
NODE_675_length_2913_cov_4.376688	2664	2739	2	64	75	0.8533334
NODE_675_length_2913_cov_4.376688	2664	2739	0	11	75	0.1466667
NODE_675_length_2913_cov_4.376688	2664	2739	2	64	75	0.8533334
NODE_675_length_2913_cov_4.376688	2673	2739	0	11	66	0.1666667
NODE_675_length_2913_cov_4.376688	2673	2739	2	55	66	0.8333333
NODE_675_length_2913_cov_4.376688	2717	2780	0	52	63	0.8253968
NODE_675_length_2913_cov_4.376688	2717	2780	2	11	63	0.1746032
NODE_675_length_2913_cov_4.376688	2745	2778	0	33	33	1.0000000
NODE_677_length_2909_cov_71.975089	2090	2174	11	7	84	0.0833333
NODE_677_length_2909_cov_71.975089	2090	2174	12	2	84	0.0238095
NODE_677_length_2909_cov_71.975089	2090	2174	13	1	84	0.0119048
NODE_677_length_2909_cov_71.975089	2090	2174	14	6	84	0.0714286
NODE_677_length_2909_cov_71.975089	2090	2174	15	6	84	0.0714286
NODE_677_length_2909_cov_71.975089	2090	2174	17	8	84	0.0952381
NODE_677_length_2909_cov_71.975089	2090	2174	18	3	84	0.0357143
NODE_677_length_2909_cov_71.975089	2090	2174	19	11	84	0.1309524
NODE_677_length_2909_cov_71.975089	2090	2174	20	3	84	0.0357143
NODE_677_length_2909_cov_71.975089	2090	2174	22	4	84	0.0476190
NODE_677_length_2909_cov_71.975089	2090	2174	23	1	84	0.0119048
NODE_677_length_2909_cov_71.975089	2090	2174	24	2	84	0.0238095
NODE_677_length_2909_cov_71.975089	2090	2174	26	1	84	0.0119048
NODE_677_length_2909_cov_71.975089	2090	2174	27	4	84	0.0476190
NODE_677_length_2909_cov_71.975089	2090	2174	28	1	84	0.0119048
NODE_677_length_2909_cov_71.975089	2090	2174	30	10	84	0.1190476
NODE_677_length_2909_cov_71.975089	2090	2174	31	1	84	0.0119048
NODE_677_length_2909_cov_71.975089	2090	2174	32	3	84	0.0357143
NODE_677_length_2909_cov_71.975089	2090	2174	34	1	84	0.0119048
NODE_677_length_2909_cov_71.975089	2090	2174	36	9	84	0.1071429
NODE_678_length_2908_cov_5.937344	2495	2575	3	25	80	0.3125000
NODE_678_length_2908_cov_5.937344	2495	2575	4	55	80	0.6875000
NODE_678_length_2908_cov_5.937344	2548	2628	3	16	80	0.2000000
NODE_678_length_2908_cov_5.937344	2548	2628	4	64	80	0.8000000
NODE_678_length_2908_cov_5.937344	2624	2704	1	5	80	0.0625000
NODE_678_length_2908_cov_5.937344	2624	2704	2	46	80	0.5750000
NODE_678_length_2908_cov_5.937344	2624	2704	3	27	80	0.3375000
NODE_678_length_2908_cov_5.937344	2624	2704	4	2	80	0.0250000
NODE_678_length_2908_cov_5.937344	2677	2757	1	58	80	0.7250000
NODE_678_length_2908_cov_5.937344	2677	2757	2	22	80	0.2750000
NODE_679_length_2905_cov_12.777619	2358	2419	0	58	61	0.9508197
NODE_679_length_2905_cov_12.777619	2358	2419	3	3	61	0.0491803
NODE_679_length_2905_cov_12.777619	2358	2419	0	58	61	0.9508197
NODE_679_length_2905_cov_12.777619	2358	2419	3	3	61	0.0491803
NODE_679_length_2905_cov_12.777619	2358	2419	0	58	61	0.9508197
NODE_679_length_2905_cov_12.777619	2358	2419	3	3	61	0.0491803
NODE_679_length_2905_cov_12.777619	2392	2472	0	80	80	1.0000000
NODE_680_length_2903_cov_5.474322	2423	2464	2	31	41	0.7560976
NODE_680_length_2903_cov_5.474322	2423	2464	3	10	41	0.2439024
NODE_684_length_2898_cov_5.786352	0	74	0	74	74	1.0000000
NODE_684_length_2898_cov_5.786352	47	124	0	77	77	1.0000000
NODE_686_length_2895_cov_8.519313	869	949	6	4	80	0.0500000
NODE_686_length_2895_cov_8.519313	869	949	7	4	80	0.0500000
NODE_686_length_2895_cov_8.519313	869	949	8	41	80	0.5125000
NODE_686_length_2895_cov_8.519313	869	949	9	13	80	0.1625000
NODE_686_length_2895_cov_8.519313	869	949	10	18	80	0.2250000
NODE_686_length_2895_cov_8.519313	922	1002	3	2	80	0.0250000
NODE_686_length_2895_cov_8.519313	922	1002	4	42	80	0.5250000
NODE_686_length_2895_cov_8.519313	922	1002	6	13	80	0.1625000
NODE_686_length_2895_cov_8.519313	922	1002	8	23	80	0.2875000
NODE_688_length_2894_cov_2.036136	2677	2757	1	13	80	0.1625000
NODE_688_length_2894_cov_2.036136	2677	2757	3	67	80	0.8375000
NODE_689_length_2891_cov_7.938037	193	275	0	41	82	0.5000000
NODE_689_length_2891_cov_7.938037	193	275	2	41	82	0.5000000
NODE_691_length_2889_cov_11.426882	407	487	2	15	80	0.1875000
NODE_691_length_2889_cov_11.426882	407	487	4	65	80	0.8125000
NODE_691_length_2889_cov_11.426882	460	540	0	16	80	0.2000000
NODE_691_length_2889_cov_11.426882	460	540	2	21	80	0.2625000
NODE_691_length_2889_cov_11.426882	460	540	3	11	80	0.1375000
NODE_691_length_2889_cov_11.426882	460	540	4	32	80	0.4000000
NODE_691_length_2889_cov_11.426882	1006	1086	2	1	80	0.0125000
NODE_691_length_2889_cov_11.426882	1006	1086	4	29	80	0.3625000
NODE_691_length_2889_cov_11.426882	1006	1086	5	18	80	0.2250000
NODE_691_length_2889_cov_11.426882	1006	1086	7	5	80	0.0625000
NODE_691_length_2889_cov_11.426882	1006	1086	9	2	80	0.0250000
NODE_691_length_2889_cov_11.426882	1006	1086	10	25	80	0.3125000
NODE_691_length_2889_cov_11.426882	1007	1086	2	1	79	0.0126582
NODE_691_length_2889_cov_11.426882	1007	1086	4	29	79	0.3670886
NODE_691_length_2889_cov_11.426882	1007	1086	5	18	79	0.2278481
NODE_691_length_2889_cov_11.426882	1007	1086	7	5	79	0.0632911
NODE_691_length_2889_cov_11.426882	1007	1086	9	2	79	0.0253165
NODE_691_length_2889_cov_11.426882	1007	1086	10	24	79	0.3037975
NODE_691_length_2889_cov_11.426882	1059	1138	0	12	79	0.1518987
NODE_691_length_2889_cov_11.426882	1059	1138	1	22	79	0.2784810
NODE_691_length_2889_cov_11.426882	1059	1138	2	19	79	0.2405063
NODE_691_length_2889_cov_11.426882	1059	1138	4	26	79	0.3291139
NODE_691_length_2889_cov_11.426882	1059	1138	0	12	79	0.1518987
NODE_691_length_2889_cov_11.426882	1059	1138	1	22	79	0.2784810
NODE_691_length_2889_cov_11.426882	1059	1138	2	19	79	0.2405063
NODE_691_length_2889_cov_11.426882	1059	1138	4	26	79	0.3291139
NODE_693_length_2888_cov_3.789172	992	1072	4	80	80	1.0000000
NODE_693_length_2888_cov_3.789172	1045	1087	2	11	42	0.2619048
NODE_693_length_2888_cov_3.789172	1045	1087	4	31	42	0.7380952
NODE_697_length_2878_cov_6.277798	2712	2781	1	34	69	0.4927536
NODE_697_length_2878_cov_6.277798	2712	2781	3	21	69	0.3043478
NODE_697_length_2878_cov_6.277798	2712	2781	5	14	69	0.2028985
NODE_703_length_2862_cov_9.060803	2409	2489	2	16	80	0.2000000
NODE_703_length_2862_cov_9.060803	2409	2489	3	29	80	0.3625000
NODE_703_length_2862_cov_9.060803	2409	2489	4	35	80	0.4375000
NODE_703_length_2862_cov_9.060803	2462	2542	1	12	80	0.1500000
NODE_703_length_2862_cov_9.060803	2462	2542	2	37	80	0.4625000
NODE_703_length_2862_cov_9.060803	2462	2542	3	31	80	0.3875000
NODE_712_length_2840_cov_2.079533	1660	1740	0	80	80	1.0000000
NODE_713_length_2839_cov_16.762044	327	402	1	74	75	0.9866667
NODE_713_length_2839_cov_16.762044	327	402	2	1	75	0.0133333
NODE_713_length_2839_cov_16.762044	380	468	1	21	88	0.2386364
NODE_713_length_2839_cov_16.762044	380	468	2	47	88	0.5340909
NODE_713_length_2839_cov_16.762044	380	468	3	20	88	0.2272727
NODE_713_length_2839_cov_16.762044	1021	1101	4	80	80	1.0000000
NODE_713_length_2839_cov_16.762044	1074	1154	0	35	80	0.4375000
NODE_713_length_2839_cov_16.762044	1074	1154	1	3	80	0.0375000
NODE_713_length_2839_cov_16.762044	1074	1154	2	8	80	0.1000000
NODE_713_length_2839_cov_16.762044	1074	1154	4	34	80	0.4250000
NODE_714_length_2835_cov_29.691520	1552	1581	17	2	29	0.0689655
NODE_714_length_2835_cov_29.691520	1552	1581	19	7	29	0.2413793
NODE_714_length_2835_cov_29.691520	1552	1581	21	4	29	0.1379310
NODE_714_length_2835_cov_29.691520	1552	1581	25	4	29	0.1379310
NODE_714_length_2835_cov_29.691520	1552	1581	26	5	29	0.1724138
NODE_714_length_2835_cov_29.691520	1552	1581	27	7	29	0.2413793
NODE_714_length_2835_cov_29.691520	1554	1629	9	10	75	0.1333333
NODE_714_length_2835_cov_29.691520	1554	1629	10	2	75	0.0266667
NODE_714_length_2835_cov_29.691520	1554	1629	11	4	75	0.0533333
NODE_714_length_2835_cov_29.691520	1554	1629	13	2	75	0.0266667
NODE_714_length_2835_cov_29.691520	1554	1629	14	1	75	0.0133333
NODE_714_length_2835_cov_29.691520	1554	1629	15	13	75	0.1733333
NODE_714_length_2835_cov_29.691520	1554	1629	16	15	75	0.2000000
NODE_714_length_2835_cov_29.691520	1554	1629	17	3	75	0.0400000
NODE_714_length_2835_cov_29.691520	1554	1629	19	7	75	0.0933333
NODE_714_length_2835_cov_29.691520	1554	1629	21	4	75	0.0533333
NODE_714_length_2835_cov_29.691520	1554	1629	25	4	75	0.0533333
NODE_714_length_2835_cov_29.691520	1554	1629	26	5	75	0.0666667
NODE_714_length_2835_cov_29.691520	1554	1629	27	5	75	0.0666667
NODE_720_length_2825_cov_9.731108	487	567	1	2	80	0.0250000
NODE_720_length_2825_cov_9.731108	487	567	3	12	80	0.1500000
NODE_720_length_2825_cov_9.731108	487	567	4	24	80	0.3000000
NODE_720_length_2825_cov_9.731108	487	567	5	42	80	0.5250000
NODE_720_length_2825_cov_9.731108	540	620	4	48	80	0.6000000
NODE_720_length_2825_cov_9.731108	540	620	5	32	80	0.4000000
NODE_726_length_2810_cov_2.844338	206	289	3	1	83	0.0120482
NODE_726_length_2810_cov_2.844338	206	289	5	58	83	0.6987952
NODE_726_length_2810_cov_2.844338	206	289	6	16	83	0.1927711
NODE_726_length_2810_cov_2.844338	206	289	8	4	83	0.0481928
NODE_726_length_2810_cov_2.844338	206	289	9	1	83	0.0120482
NODE_726_length_2810_cov_2.844338	206	289	10	3	83	0.0361446
NODE_728_length_2808_cov_2.867110	140	163	3	23	23	1.0000000
NODE_729_length_2807_cov_8.423191	125	205	0	23	80	0.2875000
NODE_729_length_2807_cov_8.423191	125	205	1	2	80	0.0250000
NODE_729_length_2807_cov_8.423191	125	205	3	55	80	0.6875000
NODE_729_length_2807_cov_8.423191	178	258	3	80	80	1.0000000
NODE_729_length_2807_cov_8.423191	2451	2515	4	12	64	0.1875000
NODE_729_length_2807_cov_8.423191	2451	2515	5	18	64	0.2812500
NODE_729_length_2807_cov_8.423191	2451	2515	6	34	64	0.5312500
NODE_735_length_2801_cov_26.131384	461	521	1	14	60	0.2333333
NODE_735_length_2801_cov_26.131384	461	521	2	46	60	0.7666667
NODE_735_length_2801_cov_26.131384	494	574	0	21	80	0.2625000
NODE_735_length_2801_cov_26.131384	494	574	1	46	80	0.5750000
NODE_735_length_2801_cov_26.131384	494	574	2	13	80	0.1625000
NODE_735_length_2801_cov_26.131384	1536	1596	11	1	60	0.0166667
NODE_735_length_2801_cov_26.131384	1536	1596	12	2	60	0.0333333
NODE_735_length_2801_cov_26.131384	1536	1596	13	2	60	0.0333333
NODE_735_length_2801_cov_26.131384	1536	1596	14	2	60	0.0333333
NODE_735_length_2801_cov_26.131384	1536	1596	15	3	60	0.0500000
NODE_735_length_2801_cov_26.131384	1536	1596	17	1	60	0.0166667
NODE_735_length_2801_cov_26.131384	1536	1596	18	4	60	0.0666667
NODE_735_length_2801_cov_26.131384	1536	1596	19	7	60	0.1166667
NODE_735_length_2801_cov_26.131384	1536	1596	20	1	60	0.0166667
NODE_735_length_2801_cov_26.131384	1536	1596	21	3	60	0.0500000
NODE_735_length_2801_cov_26.131384	1536	1596	23	13	60	0.2166667
NODE_735_length_2801_cov_26.131384	1536	1596	24	4	60	0.0666667
NODE_735_length_2801_cov_26.131384	1536	1596	27	1	60	0.0166667
NODE_735_length_2801_cov_26.131384	1536	1596	28	1	60	0.0166667
NODE_735_length_2801_cov_26.131384	1536	1596	31	4	60	0.0666667
NODE_735_length_2801_cov_26.131384	1536	1596	32	7	60	0.1166667
NODE_735_length_2801_cov_26.131384	1536	1596	34	4	60	0.0666667
NODE_735_length_2801_cov_26.131384	1815	1881	0	59	66	0.8939394
NODE_735_length_2801_cov_26.131384	1815	1881	1	7	66	0.1060606
NODE_735_length_2801_cov_26.131384	1854	1934	0	80	80	1.0000000
NODE_736_length_2801_cov_3.594375	2589	2645	0	56	56	1.0000000
NODE_738_length_2796_cov_94.511680	1090	1137	6	3	47	0.0638298
NODE_738_length_2796_cov_94.511680	1090	1137	7	1	47	0.0212766
NODE_738_length_2796_cov_94.511680	1090	1137	8	5	47	0.1063830
NODE_738_length_2796_cov_94.511680	1090	1137	9	4	47	0.0851064
NODE_738_length_2796_cov_94.511680	1090	1137	10	3	47	0.0638298
NODE_738_length_2796_cov_94.511680	1090	1137	11	1	47	0.0212766
NODE_738_length_2796_cov_94.511680	1090	1137	12	8	47	0.1702128
NODE_738_length_2796_cov_94.511680	1090	1137	13	2	47	0.0425532
NODE_738_length_2796_cov_94.511680	1090	1137	16	8	47	0.1702128
NODE_738_length_2796_cov_94.511680	1090	1137	17	3	47	0.0638298
NODE_738_length_2796_cov_94.511680	1090	1137	19	5	47	0.1063830
NODE_738_length_2796_cov_94.511680	1090	1137	21	4	47	0.0851064
NODE_738_length_2796_cov_94.511680	2717	2796	0	79	79	1.0000000
NODE_744_length_2791_cov_9.997028	310	390	4	59	80	0.7375000
NODE_744_length_2791_cov_9.997028	310	390	5	21	80	0.2625000
NODE_744_length_2791_cov_9.997028	363	443	0	4	80	0.0500000
NODE_744_length_2791_cov_9.997028	363	443	1	17	80	0.2125000
NODE_744_length_2791_cov_9.997028	363	443	2	9	80	0.1125000
NODE_744_length_2791_cov_9.997028	363	443	3	2	80	0.0250000
NODE_744_length_2791_cov_9.997028	363	443	4	48	80	0.6000000
NODE_752_length_2778_cov_31.340799	2241	2321	5	41	80	0.5125000
NODE_752_length_2778_cov_31.340799	2241	2321	6	1	80	0.0125000
NODE_752_length_2778_cov_31.340799	2241	2321	7	11	80	0.1375000
NODE_752_length_2778_cov_31.340799	2241	2321	9	27	80	0.3375000
NODE_752_length_2778_cov_31.340799	2294	2374	9	80	80	1.0000000
NODE_752_length_2778_cov_31.340799	2370	2450	0	17	80	0.2125000
NODE_752_length_2778_cov_31.340799	2370	2450	1	1	80	0.0125000
NODE_752_length_2778_cov_31.340799	2370	2450	2	42	80	0.5250000
NODE_752_length_2778_cov_31.340799	2370	2450	3	5	80	0.0625000
NODE_752_length_2778_cov_31.340799	2370	2450	4	1	80	0.0125000
NODE_752_length_2778_cov_31.340799	2370	2450	5	2	80	0.0250000
NODE_752_length_2778_cov_31.340799	2370	2450	7	7	80	0.0875000
NODE_752_length_2778_cov_31.340799	2370	2450	9	5	80	0.0625000
NODE_752_length_2778_cov_31.340799	2423	2503	0	49	80	0.6125000
NODE_752_length_2778_cov_31.340799	2423	2503	1	14	80	0.1750000
NODE_752_length_2778_cov_31.340799	2423	2503	2	17	80	0.2125000
NODE_752_length_2778_cov_31.340799	2564	2620	3	3	56	0.0535714
NODE_752_length_2778_cov_31.340799	2564	2620	4	53	56	0.9464286
NODE_758_length_2767_cov_12.450150	1941	2021	0	7	80	0.0875000
NODE_758_length_2767_cov_12.450150	1941	2021	1	32	80	0.4000000
NODE_758_length_2767_cov_12.450150	1941	2021	3	3	80	0.0375000
NODE_758_length_2767_cov_12.450150	1941	2021	5	34	80	0.4250000
NODE_758_length_2767_cov_12.450150	1941	2021	6	4	80	0.0500000
NODE_758_length_2767_cov_12.450150	1994	2074	4	6	80	0.0750000
NODE_758_length_2767_cov_12.450150	1994	2074	5	23	80	0.2875000
NODE_758_length_2767_cov_12.450150	1994	2074	6	51	80	0.6375000
NODE_767_length_2745_cov_5.322751	511	583	0	72	72	1.0000000
NODE_777_length_2720_cov_25.561618	2213	2293	5	30	80	0.3750000
NODE_777_length_2720_cov_25.561618	2213	2293	6	50	80	0.6250000
NODE_777_length_2720_cov_25.561618	2266	2346	2	15	80	0.1875000
NODE_777_length_2720_cov_25.561618	2266	2346	5	65	80	0.8125000
NODE_782_length_2716_cov_39.885747	715	795	3	24	80	0.3000000
NODE_782_length_2716_cov_39.885747	715	795	4	20	80	0.2500000
NODE_782_length_2716_cov_39.885747	715	795	5	10	80	0.1250000
NODE_782_length_2716_cov_39.885747	715	795	7	4	80	0.0500000
NODE_782_length_2716_cov_39.885747	715	795	8	9	80	0.1125000
NODE_782_length_2716_cov_39.885747	715	795	9	13	80	0.1625000
NODE_782_length_2716_cov_39.885747	768	848	5	1	80	0.0125000
NODE_782_length_2716_cov_39.885747	768	848	7	8	80	0.1000000
NODE_782_length_2716_cov_39.885747	768	848	8	9	80	0.1125000
NODE_782_length_2716_cov_39.885747	768	848	9	16	80	0.2000000
NODE_782_length_2716_cov_39.885747	768	848	10	15	80	0.1875000
NODE_782_length_2716_cov_39.885747	768	848	11	31	80	0.3875000
NODE_782_length_2716_cov_39.885747	844	924	4	3	80	0.0375000
NODE_782_length_2716_cov_39.885747	844	924	5	6	80	0.0750000
NODE_782_length_2716_cov_39.885747	844	924	7	6	80	0.0750000
NODE_782_length_2716_cov_39.885747	844	924	8	8	80	0.1000000
NODE_782_length_2716_cov_39.885747	844	924	9	27	80	0.3375000
NODE_782_length_2716_cov_39.885747	844	924	11	13	80	0.1625000
NODE_782_length_2716_cov_39.885747	844	924	12	17	80	0.2125000
NODE_782_length_2716_cov_39.885747	897	977	2	10	80	0.1250000
NODE_782_length_2716_cov_39.885747	897	977	3	16	80	0.2000000
NODE_782_length_2716_cov_39.885747	897	977	4	28	80	0.3500000
NODE_782_length_2716_cov_39.885747	897	977	5	8	80	0.1000000
NODE_782_length_2716_cov_39.885747	897	977	7	6	80	0.0750000
NODE_782_length_2716_cov_39.885747	897	977	8	8	80	0.1000000
NODE_782_length_2716_cov_39.885747	897	977	9	4	80	0.0500000
NODE_785_length_2710_cov_10.896974	2410	2446	2	36	36	1.0000000
NODE_785_length_2710_cov_10.896974	2419	2499	1	4	80	0.0500000
NODE_785_length_2710_cov_10.896974	2419	2499	2	76	80	0.9500000
NODE_788_length_2708_cov_25.097355	2289	2369	1	10	80	0.1250000
NODE_788_length_2708_cov_25.097355	2289	2369	2	70	80	0.8750000
NODE_788_length_2708_cov_25.097355	2342	2422	1	48	80	0.6000000
NODE_788_length_2708_cov_25.097355	2342	2422	2	32	80	0.4000000
NODE_789_length_2708_cov_14.569950	18	98	6	80	80	1.0000000
NODE_789_length_2708_cov_14.569950	71	134	0	6	63	0.0952381
NODE_789_length_2708_cov_14.569950	71	134	2	4	63	0.0634921
NODE_789_length_2708_cov_14.569950	71	134	4	17	63	0.2698413
NODE_789_length_2708_cov_14.569950	71	134	6	36	63	0.5714286
NODE_797_length_2691_cov_35.457948	401	481	3	12	80	0.1500000
NODE_797_length_2691_cov_35.457948	401	481	5	62	80	0.7750000
NODE_797_length_2691_cov_35.457948	401	481	6	6	80	0.0750000
NODE_797_length_2691_cov_35.457948	454	534	1	42	80	0.5250000
NODE_797_length_2691_cov_35.457948	454	534	3	23	80	0.2875000
NODE_797_length_2691_cov_35.457948	454	534	5	14	80	0.1750000
NODE_797_length_2691_cov_35.457948	454	534	6	1	80	0.0125000
NODE_803_length_2684_cov_17.345068	146	194	0	14	48	0.2916667
NODE_803_length_2684_cov_17.345068	146	194	1	13	48	0.2708333
NODE_803_length_2684_cov_17.345068	146	194	2	11	48	0.2291667
NODE_803_length_2684_cov_17.345068	146	194	4	5	48	0.1041667
NODE_803_length_2684_cov_17.345068	146	194	6	5	48	0.1041667
NODE_803_length_2684_cov_17.345068	146	194	0	14	48	0.2916667
NODE_803_length_2684_cov_17.345068	146	194	1	13	48	0.2708333
NODE_803_length_2684_cov_17.345068	146	194	2	11	48	0.2291667
NODE_803_length_2684_cov_17.345068	146	194	4	5	48	0.1041667
NODE_803_length_2684_cov_17.345068	146	194	6	5	48	0.1041667
NODE_803_length_2684_cov_17.345068	146	194	0	14	48	0.2916667
NODE_803_length_2684_cov_17.345068	146	194	1	13	48	0.2708333
NODE_803_length_2684_cov_17.345068	146	194	2	11	48	0.2291667
NODE_803_length_2684_cov_17.345068	146	194	4	5	48	0.1041667
NODE_803_length_2684_cov_17.345068	146	194	6	5	48	0.1041667
NODE_803_length_2684_cov_17.345068	146	194	0	14	48	0.2916667
NODE_803_length_2684_cov_17.345068	146	194	1	13	48	0.2708333
NODE_803_length_2684_cov_17.345068	146	194	2	11	48	0.2291667
NODE_803_length_2684_cov_17.345068	146	194	4	5	48	0.1041667
NODE_803_length_2684_cov_17.345068	146	194	6	5	48	0.1041667
NODE_803_length_2684_cov_17.345068	146	194	0	14	48	0.2916667
NODE_803_length_2684_cov_17.345068	146	194	1	13	48	0.2708333
NODE_803_length_2684_cov_17.345068	146	194	2	11	48	0.2291667
NODE_803_length_2684_cov_17.345068	146	194	4	5	48	0.1041667
NODE_803_length_2684_cov_17.345068	146	194	6	5	48	0.1041667
NODE_805_length_2682_cov_43.500581	913	992	49	3	79	0.0379747
NODE_805_length_2682_cov_43.500581	913	992	51	8	79	0.1012658
NODE_805_length_2682_cov_43.500581	913	992	52	2	79	0.0253165
NODE_805_length_2682_cov_43.500581	913	992	54	3	79	0.0379747
NODE_805_length_2682_cov_43.500581	913	992	55	4	79	0.0506329
NODE_805_length_2682_cov_43.500581	913	992	56	9	79	0.1139240
NODE_805_length_2682_cov_43.500581	913	992	58	1	79	0.0126582
NODE_805_length_2682_cov_43.500581	913	992	60	4	79	0.0506329
NODE_805_length_2682_cov_43.500581	913	992	62	2	79	0.0253165
NODE_805_length_2682_cov_43.500581	913	992	63	5	79	0.0632911
NODE_805_length_2682_cov_43.500581	913	992	64	18	79	0.2278481
NODE_805_length_2682_cov_43.500581	913	992	65	2	79	0.0253165
NODE_805_length_2682_cov_43.500581	913	992	66	4	79	0.0506329
NODE_805_length_2682_cov_43.500581	913	992	67	2	79	0.0253165
NODE_805_length_2682_cov_43.500581	913	992	69	7	79	0.0886076
NODE_805_length_2682_cov_43.500581	913	992	70	1	79	0.0126582
NODE_805_length_2682_cov_43.500581	913	992	71	3	79	0.0379747
NODE_805_length_2682_cov_43.500581	913	992	73	1	79	0.0126582
NODE_805_length_2682_cov_43.500581	965	1002	64	9	37	0.2432432
NODE_805_length_2682_cov_43.500581	965	1002	65	1	37	0.0270270
NODE_805_length_2682_cov_43.500581	965	1002	66	6	37	0.1621622
NODE_805_length_2682_cov_43.500581	965	1002	67	2	37	0.0540541
NODE_805_length_2682_cov_43.500581	965	1002	68	3	37	0.0810811
NODE_805_length_2682_cov_43.500581	965	1002	69	11	37	0.2972973
NODE_805_length_2682_cov_43.500581	965	1002	70	1	37	0.0270270
NODE_805_length_2682_cov_43.500581	965	1002	71	3	37	0.0810811
NODE_805_length_2682_cov_43.500581	965	1002	73	1	37	0.0270270
NODE_808_length_2675_cov_10.369565	209	289	6	1	80	0.0125000
NODE_808_length_2675_cov_10.369565	209	289	8	37	80	0.4625000
NODE_808_length_2675_cov_10.369565	209	289	9	42	80	0.5250000
NODE_813_length_2670_cov_17.489304	1995	2075	4	29	80	0.3625000
NODE_813_length_2670_cov_17.489304	1995	2075	5	45	80	0.5625000
NODE_813_length_2670_cov_17.489304	1995	2075	6	6	80	0.0750000
NODE_813_length_2670_cov_17.489304	2048	2128	4	30	80	0.3750000
NODE_813_length_2670_cov_17.489304	2048	2128	5	42	80	0.5250000
NODE_813_length_2670_cov_17.489304	2048	2128	6	8	80	0.1000000
NODE_813_length_2670_cov_17.489304	2124	2204	2	8	80	0.1000000
NODE_813_length_2670_cov_17.489304	2124	2204	3	6	80	0.0750000
NODE_813_length_2670_cov_17.489304	2124	2204	4	31	80	0.3875000
NODE_813_length_2670_cov_17.489304	2124	2204	5	30	80	0.3750000
NODE_813_length_2670_cov_17.489304	2124	2204	6	5	80	0.0625000
NODE_813_length_2670_cov_17.489304	2177	2257	2	61	80	0.7625000
NODE_813_length_2670_cov_17.489304	2177	2257	3	6	80	0.0750000
NODE_813_length_2670_cov_17.489304	2177	2257	4	13	80	0.1625000
NODE_815_length_2665_cov_19.145752	548	628	0	32	80	0.4000000
NODE_815_length_2665_cov_19.145752	548	628	2	20	80	0.2500000
NODE_815_length_2665_cov_19.145752	548	628	3	28	80	0.3500000
NODE_815_length_2665_cov_19.145752	601	681	3	31	80	0.3875000
NODE_815_length_2665_cov_19.145752	601	681	4	49	80	0.6125000
NODE_815_length_2665_cov_19.145752	2099	2176	3	14	77	0.1818182
NODE_815_length_2665_cov_19.145752	2099	2176	4	27	77	0.3506494
NODE_815_length_2665_cov_19.145752	2099	2176	5	20	77	0.2597403
NODE_815_length_2665_cov_19.145752	2099	2176	6	11	77	0.1428571
NODE_815_length_2665_cov_19.145752	2099	2176	7	5	77	0.0649351
NODE_815_length_2665_cov_19.145752	2172	2252	7	18	80	0.2250000
NODE_815_length_2665_cov_19.145752	2172	2252	8	57	80	0.7125000
NODE_815_length_2665_cov_19.145752	2172	2252	9	5	80	0.0625000
NODE_815_length_2665_cov_19.145752	2172	2252	7	18	80	0.2250000
NODE_815_length_2665_cov_19.145752	2172	2252	8	57	80	0.7125000
NODE_815_length_2665_cov_19.145752	2172	2252	9	5	80	0.0625000
NODE_815_length_2665_cov_19.145752	2225	2267	6	15	42	0.3571429
NODE_815_length_2665_cov_19.145752	2225	2267	8	27	42	0.6428571
NODE_816_length_2664_cov_4.175049	2005	2085	5	18	80	0.2250000
NODE_816_length_2664_cov_4.175049	2005	2085	6	62	80	0.7750000
NODE_816_length_2664_cov_4.175049	2058	2138	3	25	80	0.3125000
NODE_816_length_2664_cov_4.175049	2058	2138	4	14	80	0.1750000
NODE_816_length_2664_cov_4.175049	2058	2138	5	8	80	0.1000000
NODE_816_length_2664_cov_4.175049	2058	2138	6	33	80	0.4125000
NODE_822_length_2650_cov_19.800862	800	880	24	2	80	0.0250000
NODE_822_length_2650_cov_19.800862	800	880	25	1	80	0.0125000
NODE_822_length_2650_cov_19.800862	800	880	26	17	80	0.2125000
NODE_822_length_2650_cov_19.800862	800	880	27	1	80	0.0125000
NODE_822_length_2650_cov_19.800862	800	880	28	9	80	0.1125000
NODE_822_length_2650_cov_19.800862	800	880	29	11	80	0.1375000
NODE_822_length_2650_cov_19.800862	800	880	30	24	80	0.3000000
NODE_822_length_2650_cov_19.800862	800	880	31	15	80	0.1875000
NODE_824_length_2645_cov_8.618225	931	1011	0	80	80	1.0000000
NODE_824_length_2645_cov_8.618225	984	1064	0	80	80	1.0000000
NODE_827_length_2640_cov_16.462810	94	164	68	2	70	0.0285714
NODE_827_length_2640_cov_16.462810	94	164	69	3	70	0.0428571
NODE_827_length_2640_cov_16.462810	94	164	71	3	70	0.0428571
NODE_827_length_2640_cov_16.462810	94	164	72	5	70	0.0714286
NODE_827_length_2640_cov_16.462810	94	164	73	4	70	0.0571429
NODE_827_length_2640_cov_16.462810	94	164	83	1	70	0.0142857
NODE_827_length_2640_cov_16.462810	94	164	84	4	70	0.0571429
NODE_827_length_2640_cov_16.462810	94	164	86	1	70	0.0142857
NODE_827_length_2640_cov_16.462810	94	164	88	2	70	0.0285714
NODE_827_length_2640_cov_16.462810	94	164	89	2	70	0.0285714
NODE_827_length_2640_cov_16.462810	94	164	90	8	70	0.1142857
NODE_827_length_2640_cov_16.462810	94	164	91	3	70	0.0428571
NODE_827_length_2640_cov_16.462810	94	164	92	15	70	0.2142857
NODE_827_length_2640_cov_16.462810	94	164	93	11	70	0.1571429
NODE_827_length_2640_cov_16.462810	94	164	94	3	70	0.0428571
NODE_827_length_2640_cov_16.462810	94	164	95	1	70	0.0142857
NODE_827_length_2640_cov_16.462810	94	164	96	2	70	0.0285714
NODE_827_length_2640_cov_16.462810	147	209	44	1	62	0.0161290
NODE_827_length_2640_cov_16.462810	147	209	45	3	62	0.0483871
NODE_827_length_2640_cov_16.462810	147	209	46	2	62	0.0322581
NODE_827_length_2640_cov_16.462810	147	209	49	1	62	0.0161290
NODE_827_length_2640_cov_16.462810	147	209	50	3	62	0.0483871
NODE_827_length_2640_cov_16.462810	147	209	52	2	62	0.0322581
NODE_827_length_2640_cov_16.462810	147	209	53	4	62	0.0645161
NODE_827_length_2640_cov_16.462810	147	209	57	2	62	0.0322581
NODE_827_length_2640_cov_16.462810	147	209	58	1	62	0.0161290
NODE_827_length_2640_cov_16.462810	147	209	59	1	62	0.0161290
NODE_827_length_2640_cov_16.462810	147	209	60	1	62	0.0161290
NODE_827_length_2640_cov_16.462810	147	209	64	1	62	0.0161290
NODE_827_length_2640_cov_16.462810	147	209	66	4	62	0.0645161
NODE_827_length_2640_cov_16.462810	147	209	67	2	62	0.0322581
NODE_827_length_2640_cov_16.462810	147	209	68	12	62	0.1935484
NODE_827_length_2640_cov_16.462810	147	209	69	5	62	0.0806452
NODE_827_length_2640_cov_16.462810	147	209	70	3	62	0.0483871
NODE_827_length_2640_cov_16.462810	147	209	71	4	62	0.0645161
NODE_827_length_2640_cov_16.462810	147	209	72	6	62	0.0967742
NODE_827_length_2640_cov_16.462810	147	209	73	4	62	0.0645161
NODE_828_length_2636_cov_200.191171	561	641	26	9	80	0.1125000
NODE_828_length_2636_cov_200.191171	561	641	27	10	80	0.1250000
NODE_828_length_2636_cov_200.191171	561	641	29	17	80	0.2125000
NODE_828_length_2636_cov_200.191171	561	641	31	3	80	0.0375000
NODE_828_length_2636_cov_200.191171	561	641	32	20	80	0.2500000
NODE_828_length_2636_cov_200.191171	561	641	33	5	80	0.0625000
NODE_828_length_2636_cov_200.191171	561	641	34	15	80	0.1875000
NODE_828_length_2636_cov_200.191171	561	641	36	1	80	0.0125000
NODE_828_length_2636_cov_200.191171	614	695	7	1	81	0.0123457
NODE_828_length_2636_cov_200.191171	614	695	9	1	81	0.0123457
NODE_828_length_2636_cov_200.191171	614	695	12	6	81	0.0740741
NODE_828_length_2636_cov_200.191171	614	695	13	12	81	0.1481481
NODE_828_length_2636_cov_200.191171	614	695	14	6	81	0.0740741
NODE_828_length_2636_cov_200.191171	614	695	15	4	81	0.0493827
NODE_828_length_2636_cov_200.191171	614	695	18	8	81	0.0987654
NODE_828_length_2636_cov_200.191171	614	695	19	2	81	0.0246914
NODE_828_length_2636_cov_200.191171	614	695	21	4	81	0.0493827
NODE_828_length_2636_cov_200.191171	614	695	25	2	81	0.0246914
NODE_828_length_2636_cov_200.191171	614	695	26	17	81	0.2098765
NODE_828_length_2636_cov_200.191171	614	695	27	10	81	0.1234568
NODE_828_length_2636_cov_200.191171	614	695	29	8	81	0.0987654
NODE_830_length_2631_cov_10.831754	446	526	12	7	80	0.0875000
NODE_830_length_2631_cov_10.831754	446	526	13	9	80	0.1125000
NODE_830_length_2631_cov_10.831754	446	526	14	6	80	0.0750000
NODE_830_length_2631_cov_10.831754	446	526	16	11	80	0.1375000
NODE_830_length_2631_cov_10.831754	446	526	17	4	80	0.0500000
NODE_830_length_2631_cov_10.831754	446	526	18	8	80	0.1000000
NODE_830_length_2631_cov_10.831754	446	526	19	1	80	0.0125000
NODE_830_length_2631_cov_10.831754	446	526	20	8	80	0.1000000
NODE_830_length_2631_cov_10.831754	446	526	21	11	80	0.1375000
NODE_830_length_2631_cov_10.831754	446	526	22	3	80	0.0375000
NODE_830_length_2631_cov_10.831754	446	526	23	9	80	0.1125000
NODE_830_length_2631_cov_10.831754	446	526	24	3	80	0.0375000
NODE_830_length_2631_cov_10.831754	499	572	14	2	73	0.0273973
NODE_830_length_2631_cov_10.831754	499	572	15	12	73	0.1643836
NODE_830_length_2631_cov_10.831754	499	572	17	12	73	0.1643836
NODE_830_length_2631_cov_10.831754	499	572	18	5	73	0.0684932
NODE_830_length_2631_cov_10.831754	499	572	19	6	73	0.0821918
NODE_830_length_2631_cov_10.831754	499	572	20	17	73	0.2328767
NODE_830_length_2631_cov_10.831754	499	572	21	12	73	0.1643836
NODE_830_length_2631_cov_10.831754	499	572	23	7	73	0.0958904
NODE_833_length_2622_cov_63.057471	1877	1953	45	3	76	0.0394737
NODE_833_length_2622_cov_63.057471	1877	1953	46	1	76	0.0131579
NODE_833_length_2622_cov_63.057471	1877	1953	48	2	76	0.0263158
NODE_833_length_2622_cov_63.057471	1877	1953	49	2	76	0.0263158
NODE_833_length_2622_cov_63.057471	1877	1953	50	2	76	0.0263158
NODE_833_length_2622_cov_63.057471	1877	1953	54	6	76	0.0789474
NODE_833_length_2622_cov_63.057471	1877	1953	55	12	76	0.1578947
NODE_833_length_2622_cov_63.057471	1877	1953	56	12	76	0.1578947
NODE_833_length_2622_cov_63.057471	1877	1953	57	26	76	0.3421053
NODE_833_length_2622_cov_63.057471	1877	1953	58	10	76	0.1315790
NODE_833_length_2622_cov_63.057471	2426	2506	16	6	80	0.0750000
NODE_833_length_2622_cov_63.057471	2426	2506	17	10	80	0.1250000
NODE_833_length_2622_cov_63.057471	2426	2506	18	6	80	0.0750000
NODE_833_length_2622_cov_63.057471	2426	2506	19	2	80	0.0250000
NODE_833_length_2622_cov_63.057471	2426	2506	20	27	80	0.3375000
NODE_833_length_2622_cov_63.057471	2426	2506	21	2	80	0.0250000
NODE_833_length_2622_cov_63.057471	2426	2506	22	1	80	0.0125000
NODE_833_length_2622_cov_63.057471	2426	2506	23	4	80	0.0500000
NODE_833_length_2622_cov_63.057471	2426	2506	24	1	80	0.0125000
NODE_833_length_2622_cov_63.057471	2426	2506	25	3	80	0.0375000
NODE_833_length_2622_cov_63.057471	2426	2506	26	5	80	0.0625000
NODE_833_length_2622_cov_63.057471	2426	2506	27	8	80	0.1000000
NODE_833_length_2622_cov_63.057471	2426	2506	28	5	80	0.0625000
NODE_833_length_2622_cov_63.057471	2479	2559	9	11	80	0.1375000
NODE_833_length_2622_cov_63.057471	2479	2559	11	10	80	0.1250000
NODE_833_length_2622_cov_63.057471	2479	2559	12	7	80	0.0875000
NODE_833_length_2622_cov_63.057471	2479	2559	14	7	80	0.0875000
NODE_833_length_2622_cov_63.057471	2479	2559	15	1	80	0.0125000
NODE_833_length_2622_cov_63.057471	2479	2559	16	23	80	0.2875000
NODE_833_length_2622_cov_63.057471	2479	2559	17	10	80	0.1250000
NODE_833_length_2622_cov_63.057471	2479	2559	18	6	80	0.0750000
NODE_833_length_2622_cov_63.057471	2479	2559	19	2	80	0.0250000
NODE_833_length_2622_cov_63.057471	2479	2559	20	3	80	0.0375000
NODE_836_length_2617_cov_16.817315	1404	1448	0	44	44	1.0000000
NODE_836_length_2617_cov_16.817315	1467	1521	0	54	54	1.0000000
NODE_839_length_2610_cov_2.232577	2127	2163	0	36	36	1.0000000
NODE_840_length_2609_cov_13.245418	2066	2146	1	80	80	1.0000000
NODE_840_length_2609_cov_13.245418	2119	2199	0	48	80	0.6000000
NODE_840_length_2609_cov_13.245418	2119	2199	1	32	80	0.4000000
NODE_840_length_2609_cov_13.245418	2195	2275	0	80	80	1.0000000
NODE_840_length_2609_cov_13.245418	2248	2328	0	80	80	1.0000000
NODE_845_length_2595_cov_5.638622	2157	2237	0	80	80	1.0000000
NODE_847_length_2594_cov_109.880160	386	450	31	16	64	0.2500000
NODE_847_length_2594_cov_109.880160	386	450	32	11	64	0.1718750
NODE_847_length_2594_cov_109.880160	386	450	34	1	64	0.0156250
NODE_847_length_2594_cov_109.880160	386	450	37	1	64	0.0156250
NODE_847_length_2594_cov_109.880160	386	450	38	1	64	0.0156250
NODE_847_length_2594_cov_109.880160	386	450	39	1	64	0.0156250
NODE_847_length_2594_cov_109.880160	386	450	40	9	64	0.1406250
NODE_847_length_2594_cov_109.880160	386	450	41	13	64	0.2031250
NODE_847_length_2594_cov_109.880160	386	450	42	11	64	0.1718750
NODE_856_length_2575_cov_4.890549	1860	1912	0	48	52	0.9230769
NODE_856_length_2575_cov_4.890549	1860	1912	1	4	52	0.0769231
NODE_857_length_2572_cov_46.828548	302	382	0	80	80	1.0000000
NODE_857_length_2572_cov_46.828548	355	435	0	80	80	1.0000000
NODE_868_length_2551_cov_40.721860	1104	1150	3	17	46	0.3695652
NODE_868_length_2551_cov_40.721860	1104	1150	4	29	46	0.6304348
NODE_868_length_2551_cov_40.721860	1199	1259	1	25	60	0.4166667
NODE_868_length_2551_cov_40.721860	1199	1259	3	25	60	0.4166667
NODE_868_length_2551_cov_40.721860	1199	1259	4	10	60	0.1666667
NODE_870_length_2547_cov_218.062908	436	486	0	25	50	0.5000000
NODE_870_length_2547_cov_218.062908	436	486	2	1	50	0.0200000
NODE_870_length_2547_cov_218.062908	436	486	9	2	50	0.0400000
NODE_870_length_2547_cov_218.062908	436	486	10	2	50	0.0400000
NODE_870_length_2547_cov_218.062908	436	486	14	2	50	0.0400000
NODE_870_length_2547_cov_218.062908	436	486	17	2	50	0.0400000
NODE_870_length_2547_cov_218.062908	436	486	23	1	50	0.0200000
NODE_870_length_2547_cov_218.062908	436	486	28	1	50	0.0200000
NODE_870_length_2547_cov_218.062908	436	486	29	1	50	0.0200000
NODE_870_length_2547_cov_218.062908	436	486	30	1	50	0.0200000
NODE_870_length_2547_cov_218.062908	436	486	37	1	50	0.0200000
NODE_870_length_2547_cov_218.062908	436	486	39	1	50	0.0200000
NODE_870_length_2547_cov_218.062908	436	486	43	1	50	0.0200000
NODE_870_length_2547_cov_218.062908	436	486	50	1	50	0.0200000
NODE_870_length_2547_cov_218.062908	436	486	54	1	50	0.0200000
NODE_870_length_2547_cov_218.062908	436	486	55	1	50	0.0200000
NODE_870_length_2547_cov_218.062908	436	486	57	1	50	0.0200000
NODE_870_length_2547_cov_218.062908	436	486	60	1	50	0.0200000
NODE_870_length_2547_cov_218.062908	436	486	61	2	50	0.0400000
NODE_870_length_2547_cov_218.062908	436	486	63	1	50	0.0200000
NODE_870_length_2547_cov_218.062908	436	486	64	1	50	0.0200000
NODE_879_length_2527_cov_27.275947	503	548	23	11	45	0.2444444
NODE_879_length_2527_cov_27.275947	503	548	24	5	45	0.1111111
NODE_879_length_2527_cov_27.275947	503	548	25	6	45	0.1333333
NODE_879_length_2527_cov_27.275947	503	548	26	6	45	0.1333333
NODE_879_length_2527_cov_27.275947	503	548	27	11	45	0.2444444
NODE_879_length_2527_cov_27.275947	503	548	28	2	45	0.0444444
NODE_879_length_2527_cov_27.275947	503	548	29	4	45	0.0888889
NODE_884_length_2519_cov_15.991322	2122	2202	6	4	80	0.0500000
NODE_884_length_2519_cov_15.991322	2122	2202	8	3	80	0.0375000
NODE_884_length_2519_cov_15.991322	2122	2202	9	4	80	0.0500000
NODE_884_length_2519_cov_15.991322	2122	2202	10	36	80	0.4500000
NODE_884_length_2519_cov_15.991322	2122	2202	11	13	80	0.1625000
NODE_884_length_2519_cov_15.991322	2122	2202	12	14	80	0.1750000
NODE_884_length_2519_cov_15.991322	2122	2202	13	6	80	0.0750000
NODE_884_length_2519_cov_15.991322	2175	2255	5	3	80	0.0375000
NODE_884_length_2519_cov_15.991322	2175	2255	7	2	80	0.0250000
NODE_884_length_2519_cov_15.991322	2175	2255	8	9	80	0.1125000
NODE_884_length_2519_cov_15.991322	2175	2255	9	3	80	0.0375000
NODE_884_length_2519_cov_15.991322	2175	2255	10	19	80	0.2375000
NODE_884_length_2519_cov_15.991322	2175	2255	11	4	80	0.0500000
NODE_884_length_2519_cov_15.991322	2175	2255	12	34	80	0.4250000
NODE_884_length_2519_cov_15.991322	2175	2255	13	6	80	0.0750000
NODE_885_length_2518_cov_7.035965	62	142	4	28	80	0.3500000
NODE_885_length_2518_cov_7.035965	62	142	6	52	80	0.6500000
NODE_885_length_2518_cov_7.035965	2005	2085	0	80	80	1.0000000
NODE_885_length_2518_cov_7.035965	2058	2138	0	77	80	0.9625000
NODE_885_length_2518_cov_7.035965	2058	2138	1	3	80	0.0375000
NODE_887_length_2515_cov_37.984272	393	473	3	15	80	0.1875000
NODE_887_length_2515_cov_37.984272	393	473	4	65	80	0.8125000
NODE_887_length_2515_cov_37.984272	446	526	3	5	80	0.0625000
NODE_887_length_2515_cov_37.984272	446	526	4	75	80	0.9375000
NODE_887_length_2515_cov_37.984272	1896	1976	1	24	80	0.3000000
NODE_887_length_2515_cov_37.984272	1896	1976	2	16	80	0.2000000
NODE_887_length_2515_cov_37.984272	1896	1976	3	40	80	0.5000000
NODE_887_length_2515_cov_37.984272	1949	2029	3	80	80	1.0000000
NODE_887_length_2515_cov_37.984272	2025	2105	0	19	80	0.2375000
NODE_887_length_2515_cov_37.984272	2025	2105	1	16	80	0.2000000
NODE_887_length_2515_cov_37.984272	2025	2105	2	34	80	0.4250000
NODE_887_length_2515_cov_37.984272	2025	2105	3	11	80	0.1375000
NODE_887_length_2515_cov_37.984272	2025	2104	0	18	79	0.2278481
NODE_887_length_2515_cov_37.984272	2025	2104	1	16	79	0.2025317
NODE_887_length_2515_cov_37.984272	2025	2104	2	34	79	0.4303797
NODE_887_length_2515_cov_37.984272	2025	2104	3	11	79	0.1392405
NODE_887_length_2515_cov_37.984272	2078	2158	0	71	80	0.8875000
NODE_887_length_2515_cov_37.984272	2078	2158	1	8	80	0.1000000
NODE_887_length_2515_cov_37.984272	2078	2158	2	1	80	0.0125000
NODE_888_length_2512_cov_48.259428	1299	1379	9	10	80	0.1250000
NODE_888_length_2512_cov_48.259428	1299	1379	10	12	80	0.1500000
NODE_888_length_2512_cov_48.259428	1299	1379	13	4	80	0.0500000
NODE_888_length_2512_cov_48.259428	1299	1379	16	1	80	0.0125000
NODE_888_length_2512_cov_48.259428	1299	1379	17	4	80	0.0500000
NODE_888_length_2512_cov_48.259428	1299	1379	18	15	80	0.1875000
NODE_888_length_2512_cov_48.259428	1299	1379	19	20	80	0.2500000
NODE_888_length_2512_cov_48.259428	1299	1379	20	10	80	0.1250000
NODE_888_length_2512_cov_48.259428	1299	1379	21	4	80	0.0500000
NODE_888_length_2512_cov_48.259428	1352	1432	15	16	80	0.2000000
NODE_888_length_2512_cov_48.259428	1352	1432	17	3	80	0.0375000
NODE_888_length_2512_cov_48.259428	1352	1432	18	6	80	0.0750000
NODE_888_length_2512_cov_48.259428	1352	1432	19	30	80	0.3750000
NODE_888_length_2512_cov_48.259428	1352	1432	20	21	80	0.2625000
NODE_888_length_2512_cov_48.259428	1352	1432	21	4	80	0.0500000
NODE_888_length_2512_cov_48.259428	1428	1512	12	4	84	0.0476190
NODE_888_length_2512_cov_48.259428	1428	1512	14	18	84	0.2142857
NODE_888_length_2512_cov_48.259428	1428	1512	15	11	84	0.1309524
NODE_888_length_2512_cov_48.259428	1428	1512	16	3	84	0.0357143
NODE_888_length_2512_cov_48.259428	1428	1512	18	5	84	0.0595238
NODE_888_length_2512_cov_48.259428	1428	1512	19	3	84	0.0357143
NODE_888_length_2512_cov_48.259428	1428	1512	20	1	84	0.0119048
NODE_888_length_2512_cov_48.259428	1428	1512	21	1	84	0.0119048
NODE_888_length_2512_cov_48.259428	1428	1512	22	3	84	0.0357143
NODE_888_length_2512_cov_48.259428	1428	1512	23	10	84	0.1190476
NODE_888_length_2512_cov_48.259428	1428	1512	24	9	84	0.1071429
NODE_888_length_2512_cov_48.259428	1428	1512	25	11	84	0.1309524
NODE_888_length_2512_cov_48.259428	1428	1512	26	5	84	0.0595238
NODE_888_length_2512_cov_48.259428	1485	1565	21	10	80	0.1250000
NODE_888_length_2512_cov_48.259428	1485	1565	23	32	80	0.4000000
NODE_888_length_2512_cov_48.259428	1485	1565	24	16	80	0.2000000
NODE_888_length_2512_cov_48.259428	1485	1565	25	17	80	0.2125000
NODE_888_length_2512_cov_48.259428	1485	1565	26	5	80	0.0625000
NODE_891_length_2505_cov_102.009975	390	470	1	36	80	0.4500000
NODE_891_length_2505_cov_102.009975	390	470	3	26	80	0.3250000
NODE_891_length_2505_cov_102.009975	390	470	4	18	80	0.2250000
NODE_891_length_2505_cov_102.009975	443	510	0	14	67	0.2089552
NODE_891_length_2505_cov_102.009975	443	510	1	53	67	0.7910448
NODE_894_length_2499_cov_2.655417	2325	2375	0	4	50	0.0800000
NODE_894_length_2499_cov_2.655417	2325	2375	2	2	50	0.0400000
NODE_894_length_2499_cov_2.655417	2325	2375	4	3	50	0.0600000
NODE_894_length_2499_cov_2.655417	2325	2375	6	3	50	0.0600000
NODE_894_length_2499_cov_2.655417	2325	2375	8	38	50	0.7600000
NODE_895_length_2498_cov_9.614840	239	281	1	42	42	1.0000000
NODE_895_length_2498_cov_9.614840	254	335	1	47	81	0.5802469
NODE_895_length_2498_cov_9.614840	254	335	2	34	81	0.4197531
NODE_895_length_2498_cov_9.614840	254	335	1	47	81	0.5802469
NODE_895_length_2498_cov_9.614840	254	335	2	34	81	0.4197531
NODE_895_length_2498_cov_9.614840	331	411	2	80	80	1.0000000
NODE_895_length_2498_cov_9.614840	384	464	2	47	80	0.5875000
NODE_895_length_2498_cov_9.614840	384	464	3	22	80	0.2750000
NODE_895_length_2498_cov_9.614840	384	464	4	11	80	0.1375000
NODE_898_length_2495_cov_5.151085	2395	2444	0	49	49	1.0000000
NODE_898_length_2495_cov_5.151085	2395	2444	0	49	49	1.0000000
NODE_898_length_2495_cov_5.151085	2396	2444	0	48	48	1.0000000
NODE_898_length_2495_cov_5.151085	2396	2444	0	48	48	1.0000000
NODE_898_length_2495_cov_5.151085	2396	2444	0	48	48	1.0000000
NODE_900_length_2492_cov_43.645215	408	488	0	12	80	0.1500000
NODE_900_length_2492_cov_43.645215	408	488	1	16	80	0.2000000
NODE_900_length_2492_cov_43.645215	408	488	3	52	80	0.6500000
NODE_903_length_2489_cov_15.105021	204	234	2	2	30	0.0666667
NODE_903_length_2489_cov_15.105021	204	234	4	28	30	0.9333333
NODE_905_length_2488_cov_2.434910	2141	2200	13	9	59	0.1525424
NODE_905_length_2488_cov_2.434910	2141	2200	14	12	59	0.2033898
NODE_905_length_2488_cov_2.434910	2141	2200	15	23	59	0.3898305
NODE_905_length_2488_cov_2.434910	2141	2200	16	14	59	0.2372881
NODE_905_length_2488_cov_2.434910	2141	2200	17	1	59	0.0169492
NODE_906_length_2484_cov_335.301887	224	279	88	1	55	0.0181818
NODE_906_length_2484_cov_335.301887	224	279	89	3	55	0.0545455
NODE_906_length_2484_cov_335.301887	224	279	90	1	55	0.0181818
NODE_906_length_2484_cov_335.301887	224	279	91	1	55	0.0181818
NODE_906_length_2484_cov_335.301887	224	279	92	1	55	0.0181818
NODE_906_length_2484_cov_335.301887	224	279	93	1	55	0.0181818
NODE_906_length_2484_cov_335.301887	224	279	94	4	55	0.0727273
NODE_906_length_2484_cov_335.301887	224	279	95	3	55	0.0545455
NODE_906_length_2484_cov_335.301887	224	279	96	2	55	0.0363636
NODE_906_length_2484_cov_335.301887	224	279	97	2	55	0.0363636
NODE_906_length_2484_cov_335.301887	224	279	98	3	55	0.0545455
NODE_906_length_2484_cov_335.301887	224	279	99	3	55	0.0545455
NODE_906_length_2484_cov_335.301887	224	279	100	4	55	0.0727273
NODE_906_length_2484_cov_335.301887	224	279	101	5	55	0.0909091
NODE_906_length_2484_cov_335.301887	224	279	102	2	55	0.0363636
NODE_906_length_2484_cov_335.301887	224	279	103	4	55	0.0727273
NODE_906_length_2484_cov_335.301887	224	279	104	3	55	0.0545455
NODE_906_length_2484_cov_335.301887	224	279	105	2	55	0.0363636
NODE_906_length_2484_cov_335.301887	224	279	106	1	55	0.0181818
NODE_906_length_2484_cov_335.301887	224	279	107	5	55	0.0909091
NODE_906_length_2484_cov_335.301887	224	279	108	2	55	0.0363636
NODE_906_length_2484_cov_335.301887	224	279	109	1	55	0.0181818
NODE_906_length_2484_cov_335.301887	224	279	112	1	55	0.0181818
NODE_906_length_2484_cov_335.301887	252	332	91	1	80	0.0125000
NODE_906_length_2484_cov_335.301887	252	332	93	1	80	0.0125000
NODE_906_length_2484_cov_335.301887	252	332	94	4	80	0.0500000
NODE_906_length_2484_cov_335.301887	252	332	96	4	80	0.0500000
NODE_906_length_2484_cov_335.301887	252	332	97	3	80	0.0375000
NODE_906_length_2484_cov_335.301887	252	332	98	1	80	0.0125000
NODE_906_length_2484_cov_335.301887	252	332	99	3	80	0.0375000
NODE_906_length_2484_cov_335.301887	252	332	100	5	80	0.0625000
NODE_906_length_2484_cov_335.301887	252	332	101	7	80	0.0875000
NODE_906_length_2484_cov_335.301887	252	332	102	3	80	0.0375000
NODE_906_length_2484_cov_335.301887	252	332	103	14	80	0.1750000
NODE_906_length_2484_cov_335.301887	252	332	104	4	80	0.0500000
NODE_906_length_2484_cov_335.301887	252	332	105	11	80	0.1375000
NODE_906_length_2484_cov_335.301887	252	332	106	8	80	0.1000000
NODE_906_length_2484_cov_335.301887	252	332	107	6	80	0.0750000
NODE_906_length_2484_cov_335.301887	252	332	108	2	80	0.0250000
NODE_906_length_2484_cov_335.301887	252	332	109	1	80	0.0125000
NODE_906_length_2484_cov_335.301887	252	332	111	1	80	0.0125000
NODE_906_length_2484_cov_335.301887	252	332	112	1	80	0.0125000
NODE_912_length_2479_cov_90.381092	369	449	1	1	80	0.0125000
NODE_912_length_2479_cov_90.381092	369	449	2	21	80	0.2625000
NODE_912_length_2479_cov_90.381092	369	449	3	58	80	0.7250000
NODE_912_length_2479_cov_90.381092	422	499	1	31	77	0.4025974
NODE_912_length_2479_cov_90.381092	422	499	2	41	77	0.5324675
NODE_912_length_2479_cov_90.381092	422	499	3	5	77	0.0649351
NODE_912_length_2479_cov_90.381092	1610	1685	14	1	75	0.0133333
NODE_912_length_2479_cov_90.381092	1610	1685	24	1	75	0.0133333
NODE_912_length_2479_cov_90.381092	1610	1685	25	3	75	0.0400000
NODE_912_length_2479_cov_90.381092	1610	1685	26	2	75	0.0266667
NODE_912_length_2479_cov_90.381092	1610	1685	28	7	75	0.0933333
NODE_912_length_2479_cov_90.381092	1610	1685	30	5	75	0.0666667
NODE_912_length_2479_cov_90.381092	1610	1685	35	2	75	0.0266667
NODE_912_length_2479_cov_90.381092	1610	1685	37	3	75	0.0400000
NODE_912_length_2479_cov_90.381092	1610	1685	38	1	75	0.0133333
NODE_912_length_2479_cov_90.381092	1610	1685	40	2	75	0.0266667
NODE_912_length_2479_cov_90.381092	1610	1685	41	4	75	0.0533333
NODE_912_length_2479_cov_90.381092	1610	1685	42	1	75	0.0133333
NODE_912_length_2479_cov_90.381092	1610	1685	44	1	75	0.0133333
NODE_912_length_2479_cov_90.381092	1610	1685	47	1	75	0.0133333
NODE_912_length_2479_cov_90.381092	1610	1685	48	1	75	0.0133333
NODE_912_length_2479_cov_90.381092	1610	1685	49	3	75	0.0400000
NODE_912_length_2479_cov_90.381092	1610	1685	51	1	75	0.0133333
NODE_912_length_2479_cov_90.381092	1610	1685	52	5	75	0.0666667
NODE_912_length_2479_cov_90.381092	1610	1685	55	3	75	0.0400000
NODE_912_length_2479_cov_90.381092	1610	1685	57	2	75	0.0266667
NODE_912_length_2479_cov_90.381092	1610	1685	58	6	75	0.0800000
NODE_912_length_2479_cov_90.381092	1610	1685	59	1	75	0.0133333
NODE_912_length_2479_cov_90.381092	1610	1685	60	1	75	0.0133333
NODE_912_length_2479_cov_90.381092	1610	1685	62	2	75	0.0266667
NODE_912_length_2479_cov_90.381092	1610	1685	71	4	75	0.0533333
NODE_912_length_2479_cov_90.381092	1610	1685	72	4	75	0.0533333
NODE_912_length_2479_cov_90.381092	1610	1685	73	2	75	0.0266667
NODE_912_length_2479_cov_90.381092	1610	1685	74	1	75	0.0133333
NODE_912_length_2479_cov_90.381092	1610	1685	76	1	75	0.0133333
NODE_912_length_2479_cov_90.381092	1610	1685	77	1	75	0.0133333
NODE_912_length_2479_cov_90.381092	1610	1685	78	1	75	0.0133333
NODE_912_length_2479_cov_90.381092	1610	1685	79	2	75	0.0266667
NODE_912_length_2479_cov_90.381092	1658	1730	57	1	72	0.0138889
NODE_912_length_2479_cov_90.381092	1658	1730	58	6	72	0.0833333
NODE_912_length_2479_cov_90.381092	1658	1730	59	1	72	0.0138889
NODE_912_length_2479_cov_90.381092	1658	1730	60	1	72	0.0138889
NODE_912_length_2479_cov_90.381092	1658	1730	62	2	72	0.0277778
NODE_912_length_2479_cov_90.381092	1658	1730	71	4	72	0.0555556
NODE_912_length_2479_cov_90.381092	1658	1730	72	4	72	0.0555556
NODE_912_length_2479_cov_90.381092	1658	1730	73	2	72	0.0277778
NODE_912_length_2479_cov_90.381092	1658	1730	74	1	72	0.0138889
NODE_912_length_2479_cov_90.381092	1658	1730	76	1	72	0.0138889
NODE_912_length_2479_cov_90.381092	1658	1730	77	1	72	0.0138889
NODE_912_length_2479_cov_90.381092	1658	1730	78	1	72	0.0138889
NODE_912_length_2479_cov_90.381092	1658	1730	79	3	72	0.0416667
NODE_912_length_2479_cov_90.381092	1658	1730	81	2	72	0.0277778
NODE_912_length_2479_cov_90.381092	1658	1730	82	6	72	0.0833333
NODE_912_length_2479_cov_90.381092	1658	1730	83	9	72	0.1250000
NODE_912_length_2479_cov_90.381092	1658	1730	84	6	72	0.0833333
NODE_912_length_2479_cov_90.381092	1658	1730	85	21	72	0.2916667
NODE_913_length_2479_cov_3.433193	2379	2426	0	47	47	1.0000000
NODE_913_length_2479_cov_3.433193	2399	2479	0	80	80	1.0000000
NODE_915_length_2474_cov_7.237895	399	479	2	4	80	0.0500000
NODE_915_length_2474_cov_7.237895	399	479	3	26	80	0.3250000
NODE_915_length_2474_cov_7.237895	399	479	4	50	80	0.6250000
NODE_915_length_2474_cov_7.237895	452	532	0	11	80	0.1375000
NODE_915_length_2474_cov_7.237895	452	532	1	3	80	0.0375000
NODE_915_length_2474_cov_7.237895	452	532	3	65	80	0.8125000
NODE_915_length_2474_cov_7.237895	452	532	4	1	80	0.0125000
NODE_922_length_2465_cov_3.098056	2133	2213	0	80	80	1.0000000
NODE_922_length_2465_cov_3.098056	2191	2253	0	62	62	1.0000000
NODE_923_length_2464_cov_24.562791	331	409	0	33	78	0.4230769
NODE_923_length_2464_cov_24.562791	331	409	1	5	78	0.0641026
NODE_923_length_2464_cov_24.562791	331	409	3	23	78	0.2948718
NODE_923_length_2464_cov_24.562791	331	409	5	8	78	0.1025641
NODE_923_length_2464_cov_24.562791	331	409	7	9	78	0.1153846
NODE_923_length_2464_cov_24.562791	382	462	3	10	80	0.1250000
NODE_923_length_2464_cov_24.562791	382	462	5	8	80	0.1000000
NODE_923_length_2464_cov_24.562791	382	462	7	62	80	0.7750000
NODE_924_length_2461_cov_2.696444	292	372	0	12	80	0.1500000
NODE_924_length_2461_cov_2.696444	292	372	2	68	80	0.8500000
NODE_924_length_2461_cov_2.696444	345	425	0	22	80	0.2750000
NODE_924_length_2461_cov_2.696444	345	425	2	58	80	0.7250000
NODE_938_length_2447_cov_16.079216	2344	2424	5	2	80	0.0250000
NODE_938_length_2447_cov_16.079216	2344	2424	6	3	80	0.0375000
NODE_938_length_2447_cov_16.079216	2344	2424	8	9	80	0.1125000
NODE_938_length_2447_cov_16.079216	2344	2424	10	4	80	0.0500000
NODE_938_length_2447_cov_16.079216	2344	2424	12	14	80	0.1750000
NODE_938_length_2447_cov_16.079216	2344	2424	14	5	80	0.0625000
NODE_938_length_2447_cov_16.079216	2344	2424	15	30	80	0.3750000
NODE_938_length_2447_cov_16.079216	2344	2424	17	13	80	0.1625000
NODE_938_length_2447_cov_16.079216	2397	2447	3	11	50	0.2200000
NODE_938_length_2447_cov_16.079216	2397	2447	4	4	50	0.0800000
NODE_938_length_2447_cov_16.079216	2397	2447	5	10	50	0.2000000
NODE_938_length_2447_cov_16.079216	2397	2447	6	3	50	0.0600000
NODE_938_length_2447_cov_16.079216	2397	2447	8	9	50	0.1800000
NODE_938_length_2447_cov_16.079216	2397	2447	10	4	50	0.0800000
NODE_938_length_2447_cov_16.079216	2397	2447	12	9	50	0.1800000
NODE_940_length_2446_cov_2.341287	1521	1578	0	20	57	0.3508772
NODE_940_length_2446_cov_2.341287	1521	1578	2	23	57	0.4035088
NODE_940_length_2446_cov_2.341287	1521	1578	4	14	57	0.2456140
NODE_940_length_2446_cov_2.341287	1551	1593	2	13	42	0.3095238
NODE_940_length_2446_cov_2.341287	1551	1593	4	29	42	0.6904762
NODE_949_length_2437_cov_13.341745	418	498	0	80	80	1.0000000
NODE_949_length_2437_cov_13.341745	471	551	0	58	80	0.7250000
NODE_949_length_2437_cov_13.341745	471	551	1	7	80	0.0875000
NODE_949_length_2437_cov_13.341745	471	551	2	10	80	0.1250000
NODE_949_length_2437_cov_13.341745	471	551	4	1	80	0.0125000
NODE_949_length_2437_cov_13.341745	471	551	5	2	80	0.0250000
NODE_949_length_2437_cov_13.341745	471	551	6	1	80	0.0125000
NODE_949_length_2437_cov_13.341745	471	551	9	1	80	0.0125000
NODE_951_length_2432_cov_70.360909	1875	1955	0	38	80	0.4750000
NODE_951_length_2432_cov_70.360909	1875	1955	1	42	80	0.5250000
NODE_951_length_2432_cov_70.360909	1928	2008	1	80	80	1.0000000
NODE_955_length_2430_cov_19.835264	0	68	2	5	68	0.0735294
NODE_955_length_2430_cov_19.835264	0	68	4	6	68	0.0882353
NODE_955_length_2430_cov_19.835264	0	68	6	1	68	0.0147059
NODE_955_length_2430_cov_19.835264	0	68	7	9	68	0.1323529
NODE_955_length_2430_cov_19.835264	0	68	8	2	68	0.0294118
NODE_955_length_2430_cov_19.835264	0	68	9	2	68	0.0294118
NODE_955_length_2430_cov_19.835264	0	68	12	2	68	0.0294118
NODE_955_length_2430_cov_19.835264	0	68	13	1	68	0.0147059
NODE_955_length_2430_cov_19.835264	0	68	14	1	68	0.0147059
NODE_955_length_2430_cov_19.835264	0	68	16	7	68	0.1029412
NODE_955_length_2430_cov_19.835264	0	68	18	10	68	0.1470588
NODE_955_length_2430_cov_19.835264	0	68	19	3	68	0.0441176
NODE_955_length_2430_cov_19.835264	0	68	20	3	68	0.0441176
NODE_955_length_2430_cov_19.835264	0	68	22	4	68	0.0588235
NODE_955_length_2430_cov_19.835264	0	68	23	2	68	0.0294118
NODE_955_length_2430_cov_19.835264	0	68	24	1	68	0.0147059
NODE_955_length_2430_cov_19.835264	0	68	25	2	68	0.0294118
NODE_955_length_2430_cov_19.835264	0	68	26	4	68	0.0588235
NODE_955_length_2430_cov_19.835264	0	68	27	3	68	0.0441176
NODE_955_length_2430_cov_19.835264	0	24	2	5	24	0.2083333
NODE_955_length_2430_cov_19.835264	0	24	4	6	24	0.2500000
NODE_955_length_2430_cov_19.835264	0	24	6	1	24	0.0416667
NODE_955_length_2430_cov_19.835264	0	24	7	9	24	0.3750000
NODE_955_length_2430_cov_19.835264	0	24	8	2	24	0.0833333
NODE_955_length_2430_cov_19.835264	0	24	9	1	24	0.0416667
NODE_956_length_2428_cov_179.842422	538	618	2	16	80	0.2000000
NODE_956_length_2428_cov_179.842422	538	618	3	7	80	0.0875000
NODE_956_length_2428_cov_179.842422	538	618	4	29	80	0.3625000
NODE_956_length_2428_cov_179.842422	538	618	5	22	80	0.2750000
NODE_956_length_2428_cov_179.842422	538	618	7	6	80	0.0750000
NODE_956_length_2428_cov_179.842422	591	671	2	10	80	0.1250000
NODE_956_length_2428_cov_179.842422	591	671	4	28	80	0.3500000
NODE_956_length_2428_cov_179.842422	591	671	5	42	80	0.5250000
NODE_956_length_2428_cov_179.842422	667	747	2	7	80	0.0875000
NODE_956_length_2428_cov_179.842422	667	747	4	34	80	0.4250000
NODE_956_length_2428_cov_179.842422	667	747	5	39	80	0.4875000
NODE_956_length_2428_cov_179.842422	720	800	2	58	80	0.7250000
NODE_956_length_2428_cov_179.842422	720	800	3	2	80	0.0250000
NODE_956_length_2428_cov_179.842422	720	800	4	20	80	0.2500000
NODE_956_length_2428_cov_179.842422	1308	1388	4	16	80	0.2000000
NODE_956_length_2428_cov_179.842422	1308	1388	5	64	80	0.8000000
NODE_956_length_2428_cov_179.842422	1361	1441	3	29	80	0.3625000
NODE_956_length_2428_cov_179.842422	1361	1441	4	35	80	0.4375000
NODE_956_length_2428_cov_179.842422	1361	1441	5	16	80	0.2000000
NODE_956_length_2428_cov_179.842422	1437	1517	1	53	80	0.6625000
NODE_956_length_2428_cov_179.842422	1437	1517	2	11	80	0.1375000
NODE_956_length_2428_cov_179.842422	1437	1517	3	16	80	0.2000000
NODE_956_length_2428_cov_179.842422	1490	1570	0	36	80	0.4500000
NODE_956_length_2428_cov_179.842422	1490	1570	1	44	80	0.5500000
NODE_956_length_2428_cov_179.842422	1986	2026	203	1	40	0.0250000
NODE_956_length_2428_cov_179.842422	1986	2026	204	1	40	0.0250000
NODE_956_length_2428_cov_179.842422	1986	2026	205	5	40	0.1250000
NODE_956_length_2428_cov_179.842422	1986	2026	206	1	40	0.0250000
NODE_956_length_2428_cov_179.842422	1986	2026	207	2	40	0.0500000
NODE_956_length_2428_cov_179.842422	1986	2026	208	7	40	0.1750000
NODE_956_length_2428_cov_179.842422	1986	2026	209	1	40	0.0250000
NODE_956_length_2428_cov_179.842422	1986	2026	210	1	40	0.0250000
NODE_956_length_2428_cov_179.842422	1986	2026	211	1	40	0.0250000
NODE_956_length_2428_cov_179.842422	1986	2026	215	1	40	0.0250000
NODE_956_length_2428_cov_179.842422	1986	2026	217	2	40	0.0500000
NODE_956_length_2428_cov_179.842422	1986	2026	220	2	40	0.0500000
NODE_956_length_2428_cov_179.842422	1986	2026	221	2	40	0.0500000
NODE_956_length_2428_cov_179.842422	1986	2026	222	1	40	0.0250000
NODE_956_length_2428_cov_179.842422	1986	2026	223	2	40	0.0500000
NODE_956_length_2428_cov_179.842422	1986	2026	224	1	40	0.0250000
NODE_956_length_2428_cov_179.842422	1986	2026	226	1	40	0.0250000
NODE_956_length_2428_cov_179.842422	1986	2026	227	1	40	0.0250000
NODE_956_length_2428_cov_179.842422	1986	2026	228	2	40	0.0500000
NODE_956_length_2428_cov_179.842422	1986	2026	232	1	40	0.0250000
NODE_956_length_2428_cov_179.842422	1986	2026	233	2	40	0.0500000
NODE_956_length_2428_cov_179.842422	1986	2026	234	1	40	0.0250000
NODE_956_length_2428_cov_179.842422	1986	2026	236	1	40	0.0250000
NODE_959_length_2422_cov_6.665088	197	255	0	50	58	0.8620690
NODE_959_length_2422_cov_6.665088	197	255	1	8	58	0.1379310
NODE_963_length_2414_cov_32.871706	411	491	10	4	80	0.0500000
NODE_963_length_2414_cov_32.871706	411	491	12	6	80	0.0750000
NODE_963_length_2414_cov_32.871706	411	491	13	7	80	0.0875000
NODE_963_length_2414_cov_32.871706	411	491	14	19	80	0.2375000
NODE_963_length_2414_cov_32.871706	411	491	15	17	80	0.2125000
NODE_963_length_2414_cov_32.871706	411	491	16	27	80	0.3375000
NODE_963_length_2414_cov_32.871706	464	544	4	16	80	0.2000000
NODE_963_length_2414_cov_32.871706	464	544	5	21	80	0.2625000
NODE_963_length_2414_cov_32.871706	464	544	7	4	80	0.0500000
NODE_963_length_2414_cov_32.871706	464	544	9	1	80	0.0125000
NODE_963_length_2414_cov_32.871706	464	544	11	2	80	0.0250000
NODE_963_length_2414_cov_32.871706	464	544	12	10	80	0.1250000
NODE_963_length_2414_cov_32.871706	464	544	13	7	80	0.0875000
NODE_963_length_2414_cov_32.871706	464	544	14	17	80	0.2125000
NODE_963_length_2414_cov_32.871706	464	544	15	2	80	0.0250000
NODE_964_length_2414_cov_2.105832	2349	2390	0	41	41	1.0000000
NODE_968_length_2410_cov_9.107313	1874	1954	0	80	80	1.0000000
NODE_968_length_2410_cov_9.107313	1927	2007	0	80	80	1.0000000
NODE_977_length_2390_cov_20.371454	1753	1833	3	2	80	0.0250000
NODE_977_length_2390_cov_20.371454	1753	1833	4	27	80	0.3375000
NODE_977_length_2390_cov_20.371454	1753	1833	5	51	80	0.6375000
NODE_977_length_2390_cov_20.371454	1806	1886	1	20	80	0.2500000
NODE_977_length_2390_cov_20.371454	1806	1886	2	8	80	0.1000000
NODE_977_length_2390_cov_20.371454	1806	1886	3	25	80	0.3125000
NODE_977_length_2390_cov_20.371454	1806	1886	5	27	80	0.3375000
NODE_979_length_2389_cov_17.904803	1601	1681	3	39	80	0.4875000
NODE_979_length_2389_cov_17.904803	1601	1681	4	15	80	0.1875000
NODE_979_length_2389_cov_17.904803	1601	1681	6	26	80	0.3250000
NODE_979_length_2389_cov_17.904803	1654	1734	4	16	80	0.2000000
NODE_979_length_2389_cov_17.904803	1654	1734	5	19	80	0.2375000
NODE_979_length_2389_cov_17.904803	1654	1734	6	45	80	0.5625000
NODE_979_length_2389_cov_17.904803	1730	1810	5	30	80	0.3750000
NODE_979_length_2389_cov_17.904803	1730	1810	6	2	80	0.0250000
NODE_979_length_2389_cov_17.904803	1730	1810	7	7	80	0.0875000
NODE_979_length_2389_cov_17.904803	1730	1810	8	41	80	0.5125000
NODE_979_length_2389_cov_17.904803	1783	1863	1	9	80	0.1125000
NODE_979_length_2389_cov_17.904803	1783	1863	2	1	80	0.0125000
NODE_979_length_2389_cov_17.904803	1783	1863	3	18	80	0.2250000
NODE_979_length_2389_cov_17.904803	1783	1863	5	46	80	0.5750000
NODE_979_length_2389_cov_17.904803	1783	1863	6	2	80	0.0250000
NODE_979_length_2389_cov_17.904803	1783	1863	8	4	80	0.0500000
NODE_988_length_2381_cov_32.280894	398	478	4	32	80	0.4000000
NODE_988_length_2381_cov_32.280894	398	478	5	15	80	0.1875000
NODE_988_length_2381_cov_32.280894	398	478	7	13	80	0.1625000
NODE_988_length_2381_cov_32.280894	398	478	8	11	80	0.1375000
NODE_988_length_2381_cov_32.280894	398	478	9	9	80	0.1125000
NODE_988_length_2381_cov_32.280894	451	531	7	7	80	0.0875000
NODE_988_length_2381_cov_32.280894	451	531	8	48	80	0.6000000
NODE_988_length_2381_cov_32.280894	451	531	9	17	80	0.2125000
NODE_988_length_2381_cov_32.280894	451	531	10	8	80	0.1000000
NODE_988_length_2381_cov_32.280894	527	607	4	27	80	0.3375000
NODE_988_length_2381_cov_32.280894	527	607	5	3	80	0.0375000
NODE_988_length_2381_cov_32.280894	527	607	7	8	80	0.1000000
NODE_988_length_2381_cov_32.280894	527	607	8	15	80	0.1875000
NODE_988_length_2381_cov_32.280894	527	607	9	27	80	0.3375000
NODE_988_length_2381_cov_32.280894	580	660	1	14	80	0.1750000
NODE_988_length_2381_cov_32.280894	580	660	3	29	80	0.3625000
NODE_988_length_2381_cov_32.280894	580	660	4	37	80	0.4625000
NODE_988_length_2381_cov_32.280894	2288	2368	0	80	80	1.0000000
NODE_997_length_2369_cov_4.896916	241	321	0	14	80	0.1750000
NODE_997_length_2369_cov_4.896916	241	321	2	66	80	0.8250000
NODE_997_length_2369_cov_4.896916	294	374	2	80	80	1.0000000
NODE_1002_length_2364_cov_2.482561	0	79	0	79	79	1.0000000
NODE_1004_length_2360_cov_8.620080	587	651	2	13	64	0.2031250
NODE_1004_length_2360_cov_8.620080	587	651	3	18	64	0.2812500
NODE_1004_length_2360_cov_8.620080	587	651	4	33	64	0.5156250
NODE_1004_length_2360_cov_8.620080	587	651	2	13	64	0.2031250
NODE_1004_length_2360_cov_8.620080	587	651	3	18	64	0.2812500
NODE_1004_length_2360_cov_8.620080	587	651	4	33	64	0.5156250
NODE_1004_length_2360_cov_8.620080	624	684	2	26	60	0.4333333
NODE_1004_length_2360_cov_8.620080	624	684	3	29	60	0.4833333
NODE_1004_length_2360_cov_8.620080	624	684	4	5	60	0.0833333
NODE_1004_length_2360_cov_8.620080	1827	1907	0	48	80	0.6000000
NODE_1004_length_2360_cov_8.620080	1827	1907	1	5	80	0.0625000
NODE_1004_length_2360_cov_8.620080	1827	1907	2	1	80	0.0125000
NODE_1004_length_2360_cov_8.620080	1827	1907	3	25	80	0.3125000
NODE_1004_length_2360_cov_8.620080	1827	1907	4	1	80	0.0125000
NODE_1004_length_2360_cov_8.620080	1880	1960	2	1	80	0.0125000
NODE_1004_length_2360_cov_8.620080	1880	1960	3	25	80	0.3125000
NODE_1004_length_2360_cov_8.620080	1880	1960	4	54	80	0.6750000
NODE_1005_length_2359_cov_22.317257	958	1038	4	7	80	0.0875000
NODE_1005_length_2359_cov_22.317257	958	1038	5	1	80	0.0125000
NODE_1005_length_2359_cov_22.317257	958	1038	6	6	80	0.0750000
NODE_1005_length_2359_cov_22.317257	958	1038	7	11	80	0.1375000
NODE_1005_length_2359_cov_22.317257	958	1038	8	11	80	0.1375000
NODE_1005_length_2359_cov_22.317257	958	1038	9	37	80	0.4625000
NODE_1005_length_2359_cov_22.317257	958	1038	10	7	80	0.0875000
NODE_1005_length_2359_cov_22.317257	1011	1091	6	16	80	0.2000000
NODE_1005_length_2359_cov_22.317257	1011	1091	7	19	80	0.2375000
NODE_1005_length_2359_cov_22.317257	1011	1091	8	12	80	0.1500000
NODE_1005_length_2359_cov_22.317257	1011	1091	9	20	80	0.2500000
NODE_1005_length_2359_cov_22.317257	1011	1091	10	13	80	0.1625000
NODE_1008_length_2357_cov_25.711249	716	796	5	8	80	0.1000000
NODE_1008_length_2357_cov_25.711249	716	796	6	16	80	0.2000000
NODE_1008_length_2357_cov_25.711249	716	796	7	7	80	0.0875000
NODE_1008_length_2357_cov_25.711249	716	796	8	11	80	0.1375000
NODE_1008_length_2357_cov_25.711249	716	796	9	17	80	0.2125000
NODE_1008_length_2357_cov_25.711249	716	796	11	12	80	0.1500000
NODE_1008_length_2357_cov_25.711249	716	796	12	9	80	0.1125000
NODE_1008_length_2357_cov_25.711249	769	849	9	13	80	0.1625000
NODE_1008_length_2357_cov_25.711249	769	849	11	5	80	0.0625000
NODE_1008_length_2357_cov_25.711249	769	849	12	48	80	0.6000000
NODE_1008_length_2357_cov_25.711249	769	849	13	14	80	0.1750000
NODE_1015_length_2345_cov_5.386465	1845	1925	2	35	80	0.4375000
NODE_1015_length_2345_cov_5.386465	1845	1925	4	45	80	0.5625000
NODE_1015_length_2345_cov_5.386465	1898	1978	2	2	80	0.0250000
NODE_1015_length_2345_cov_5.386465	1898	1978	3	23	80	0.2875000
NODE_1015_length_2345_cov_5.386465	1898	1978	4	55	80	0.6875000
NODE_1016_length_2344_cov_6.236526	1208	1269	2	61	61	1.0000000
NODE_1016_length_2344_cov_6.236526	1208	1269	2	61	61	1.0000000
NODE_1016_length_2344_cov_6.236526	1208	1269	2	61	61	1.0000000
NODE_1016_length_2344_cov_6.236526	1208	1267	2	59	59	1.0000000
NODE_1023_length_2332_cov_4.725929	34	101	0	65	67	0.9701493
NODE_1023_length_2332_cov_4.725929	34	101	2	2	67	0.0298507
NODE_1027_length_2327_cov_18.210952	2213	2293	3	10	80	0.1250000
NODE_1027_length_2327_cov_18.210952	2213	2293	4	44	80	0.5500000
NODE_1027_length_2327_cov_18.210952	2213	2293	5	19	80	0.2375000
NODE_1027_length_2327_cov_18.210952	2213	2293	6	7	80	0.0875000
NODE_1027_length_2327_cov_18.210952	2266	2327	2	4	61	0.0655738
NODE_1027_length_2327_cov_18.210952	2266	2327	3	40	61	0.6557377
NODE_1027_length_2327_cov_18.210952	2266	2327	4	17	61	0.2786885
NODE_1028_length_2326_cov_15.583745	1709	1789	4	10	80	0.1250000
NODE_1028_length_2326_cov_15.583745	1709	1789	6	5	80	0.0625000
NODE_1028_length_2326_cov_15.583745	1709	1789	9	18	80	0.2250000
NODE_1028_length_2326_cov_15.583745	1709	1789	10	5	80	0.0625000
NODE_1028_length_2326_cov_15.583745	1709	1789	12	7	80	0.0875000
NODE_1028_length_2326_cov_15.583745	1709	1789	14	6	80	0.0750000
NODE_1028_length_2326_cov_15.583745	1709	1789	16	11	80	0.1375000
NODE_1028_length_2326_cov_15.583745	1709	1789	17	10	80	0.1250000
NODE_1028_length_2326_cov_15.583745	1709	1789	19	8	80	0.1000000
NODE_1028_length_2326_cov_15.583745	1762	1842	15	2	80	0.0250000
NODE_1028_length_2326_cov_15.583745	1762	1842	16	10	80	0.1250000
NODE_1028_length_2326_cov_15.583745	1762	1842	17	10	80	0.1250000
NODE_1028_length_2326_cov_15.583745	1762	1842	18	30	80	0.3750000
NODE_1028_length_2326_cov_15.583745	1762	1842	19	26	80	0.3250000
NODE_1028_length_2326_cov_15.583745	1762	1842	20	2	80	0.0250000
NODE_1030_length_2325_cov_14.998652	553	633	3	53	80	0.6625000
NODE_1030_length_2325_cov_14.998652	553	633	4	27	80	0.3375000
NODE_1030_length_2325_cov_14.998652	606	686	1	5	80	0.0625000
NODE_1030_length_2325_cov_14.998652	606	686	2	39	80	0.4875000
NODE_1030_length_2325_cov_14.998652	606	686	3	36	80	0.4500000
NODE_1034_length_2317_cov_11.956718	920	1000	8	2	80	0.0250000
NODE_1034_length_2317_cov_11.956718	920	1000	9	8	80	0.1000000
NODE_1034_length_2317_cov_11.956718	920	1000	10	70	80	0.8750000
NODE_1034_length_2317_cov_11.956718	973	1053	4	34	80	0.4250000
NODE_1034_length_2317_cov_11.956718	973	1053	6	12	80	0.1500000
NODE_1034_length_2317_cov_11.956718	973	1053	8	9	80	0.1125000
NODE_1034_length_2317_cov_11.956718	973	1053	9	7	80	0.0875000
NODE_1034_length_2317_cov_11.956718	973	1053	10	18	80	0.2250000
NODE_1034_length_2317_cov_11.956718	1049	1129	4	14	80	0.1750000
NODE_1034_length_2317_cov_11.956718	1049	1129	5	1	80	0.0125000
NODE_1034_length_2317_cov_11.956718	1049	1129	6	7	80	0.0875000
NODE_1034_length_2317_cov_11.956718	1049	1129	7	12	80	0.1500000
NODE_1034_length_2317_cov_11.956718	1049	1129	8	21	80	0.2625000
NODE_1034_length_2317_cov_11.956718	1049	1129	9	2	80	0.0250000
NODE_1034_length_2317_cov_11.956718	1049	1129	10	1	80	0.0125000
NODE_1034_length_2317_cov_11.956718	1049	1129	11	15	80	0.1875000
NODE_1034_length_2317_cov_11.956718	1049	1129	12	7	80	0.0875000
NODE_1034_length_2317_cov_11.956718	1102	1184	8	2	82	0.0243902
NODE_1034_length_2317_cov_11.956718	1102	1184	9	2	82	0.0243902
NODE_1034_length_2317_cov_11.956718	1102	1184	10	8	82	0.0975610
NODE_1034_length_2317_cov_11.956718	1102	1184	11	59	82	0.7195122
NODE_1034_length_2317_cov_11.956718	1102	1184	12	7	82	0.0853659
NODE_1034_length_2317_cov_11.956718	1102	1184	13	4	82	0.0487805
NODE_1037_length_2316_cov_8.556608	168	247	23	8	79	0.1012658
NODE_1037_length_2316_cov_8.556608	168	247	26	1	79	0.0126582
NODE_1037_length_2316_cov_8.556608	168	247	28	1	79	0.0126582
NODE_1037_length_2316_cov_8.556608	168	247	32	3	79	0.0379747
NODE_1037_length_2316_cov_8.556608	168	247	33	7	79	0.0886076
NODE_1037_length_2316_cov_8.556608	168	247	34	5	79	0.0632911
NODE_1037_length_2316_cov_8.556608	168	247	36	5	79	0.0632911
NODE_1037_length_2316_cov_8.556608	168	247	40	16	79	0.2025317
NODE_1037_length_2316_cov_8.556608	168	247	41	4	79	0.0506329
NODE_1037_length_2316_cov_8.556608	168	247	43	12	79	0.1518987
NODE_1037_length_2316_cov_8.556608	168	247	46	1	79	0.0126582
NODE_1037_length_2316_cov_8.556608	168	247	47	7	79	0.0886076
NODE_1037_length_2316_cov_8.556608	168	247	48	7	79	0.0886076
NODE_1037_length_2316_cov_8.556608	168	247	50	2	79	0.0253165
NODE_1037_length_2316_cov_8.556608	1117	1198	8	10	81	0.1234568
NODE_1037_length_2316_cov_8.556608	1117	1198	9	15	81	0.1851852
NODE_1037_length_2316_cov_8.556608	1117	1198	10	4	81	0.0493827
NODE_1037_length_2316_cov_8.556608	1117	1198	12	11	81	0.1358025
NODE_1037_length_2316_cov_8.556608	1117	1198	13	6	81	0.0740741
NODE_1037_length_2316_cov_8.556608	1117	1198	14	10	81	0.1234568
NODE_1037_length_2316_cov_8.556608	1117	1198	15	8	81	0.0987654
NODE_1037_length_2316_cov_8.556608	1117	1198	16	4	81	0.0493827
NODE_1037_length_2316_cov_8.556608	1117	1198	17	5	81	0.0617284
NODE_1037_length_2316_cov_8.556608	1117	1198	18	8	81	0.0987654
NODE_1037_length_2316_cov_8.556608	1369	1412	33	1	43	0.0232558
NODE_1037_length_2316_cov_8.556608	1369	1412	35	1	43	0.0232558
NODE_1037_length_2316_cov_8.556608	1369	1412	37	2	43	0.0465116
NODE_1037_length_2316_cov_8.556608	1369	1412	38	6	43	0.1395349
NODE_1037_length_2316_cov_8.556608	1369	1412	39	4	43	0.0930233
NODE_1037_length_2316_cov_8.556608	1369	1412	42	1	43	0.0232558
NODE_1037_length_2316_cov_8.556608	1369	1412	43	5	43	0.1162791
NODE_1037_length_2316_cov_8.556608	1369	1412	45	4	43	0.0930233
NODE_1037_length_2316_cov_8.556608	1369	1412	46	2	43	0.0465116
NODE_1037_length_2316_cov_8.556608	1369	1412	47	1	43	0.0232558
NODE_1037_length_2316_cov_8.556608	1369	1412	49	4	43	0.0930233
NODE_1037_length_2316_cov_8.556608	1369	1412	51	1	43	0.0232558
NODE_1037_length_2316_cov_8.556608	1369	1412	52	4	43	0.0930233
NODE_1037_length_2316_cov_8.556608	1369	1412	53	2	43	0.0465116
NODE_1037_length_2316_cov_8.556608	1369	1412	56	5	43	0.1162791
NODE_1040_length_2311_cov_2.821881	2121	2201	0	80	80	1.0000000
NODE_1040_length_2311_cov_2.821881	2174	2225	0	51	51	1.0000000
NODE_1044_length_2306_cov_17.347984	995	1075	8	5	80	0.0625000
NODE_1044_length_2306_cov_17.347984	995	1075	10	32	80	0.4000000
NODE_1044_length_2306_cov_17.347984	995	1075	11	3	80	0.0375000
NODE_1044_length_2306_cov_17.347984	995	1075	12	29	80	0.3625000
NODE_1044_length_2306_cov_17.347984	995	1075	14	11	80	0.1375000
NODE_1044_length_2306_cov_17.347984	1048	1128	7	5	80	0.0625000
NODE_1044_length_2306_cov_17.347984	1048	1128	8	4	80	0.0500000
NODE_1044_length_2306_cov_17.347984	1048	1128	9	28	80	0.3500000
NODE_1044_length_2306_cov_17.347984	1048	1128	10	14	80	0.1750000
NODE_1044_length_2306_cov_17.347984	1048	1128	11	4	80	0.0500000
NODE_1044_length_2306_cov_17.347984	1048	1128	12	17	80	0.2125000
NODE_1044_length_2306_cov_17.347984	1048	1128	14	8	80	0.1000000
NODE_1052_length_2300_cov_9.803271	934	1014	0	80	80	1.0000000
NODE_1052_length_2300_cov_9.803271	1892	1965	0	73	73	1.0000000
NODE_1059_length_2289_cov_17.807306	968	1026	30	5	58	0.0862069
NODE_1059_length_2289_cov_17.807306	968	1026	31	12	58	0.2068966
NODE_1059_length_2289_cov_17.807306	968	1026	32	8	58	0.1379310
NODE_1059_length_2289_cov_17.807306	968	1026	33	4	58	0.0689655
NODE_1059_length_2289_cov_17.807306	968	1026	34	9	58	0.1551724
NODE_1059_length_2289_cov_17.807306	968	1026	35	10	58	0.1724138
NODE_1059_length_2289_cov_17.807306	968	1026	36	10	58	0.1724138
NODE_1059_length_2289_cov_17.807306	1021	1079	26	3	58	0.0517241
NODE_1059_length_2289_cov_17.807306	1021	1079	28	2	58	0.0344828
NODE_1059_length_2289_cov_17.807306	1021	1079	29	1	58	0.0172414
NODE_1059_length_2289_cov_17.807306	1021	1079	30	8	58	0.1379310
NODE_1059_length_2289_cov_17.807306	1021	1079	31	2	58	0.0344828
NODE_1059_length_2289_cov_17.807306	1021	1079	32	10	58	0.1724138
NODE_1059_length_2289_cov_17.807306	1021	1079	33	12	58	0.2068966
NODE_1059_length_2289_cov_17.807306	1021	1079	34	13	58	0.2241379
NODE_1059_length_2289_cov_17.807306	1021	1079	35	7	58	0.1206897
NODE_1060_length_2289_cov_7.736986	2161	2218	8	3	57	0.0526316
NODE_1060_length_2289_cov_7.736986	2161	2218	10	4	57	0.0701754
NODE_1060_length_2289_cov_7.736986	2161	2218	12	8	57	0.1403509
NODE_1060_length_2289_cov_7.736986	2161	2218	14	8	57	0.1403509
NODE_1060_length_2289_cov_7.736986	2161	2218	16	34	57	0.5964912
NODE_1060_length_2289_cov_7.736986	2191	2271	7	4	80	0.0500000
NODE_1060_length_2289_cov_7.736986	2191	2271	9	3	80	0.0375000
NODE_1060_length_2289_cov_7.736986	2191	2271	11	7	80	0.0875000
NODE_1060_length_2289_cov_7.736986	2191	2271	13	1	80	0.0125000
NODE_1060_length_2289_cov_7.736986	2191	2271	14	21	80	0.2625000
NODE_1060_length_2289_cov_7.736986	2191	2271	16	44	80	0.5500000
NODE_1061_length_2288_cov_8.539973	340	420	0	53	80	0.6625000
NODE_1061_length_2288_cov_8.539973	340	420	1	27	80	0.3375000
NODE_1061_length_2288_cov_8.539973	393	473	0	80	80	1.0000000
NODE_1065_length_2278_cov_19.655805	450	530	2	40	80	0.5000000
NODE_1065_length_2278_cov_19.655805	450	530	3	20	80	0.2500000
NODE_1065_length_2278_cov_19.655805	450	530	4	20	80	0.2500000
NODE_1065_length_2278_cov_19.655805	503	583	1	9	80	0.1125000
NODE_1065_length_2278_cov_19.655805	503	583	3	50	80	0.6250000
NODE_1065_length_2278_cov_19.655805	503	583	4	21	80	0.2625000
NODE_1065_length_2278_cov_19.655805	579	659	1	35	80	0.4375000
NODE_1065_length_2278_cov_19.655805	579	659	2	26	80	0.3250000
NODE_1065_length_2278_cov_19.655805	579	659	3	1	80	0.0125000
NODE_1065_length_2278_cov_19.655805	579	659	4	18	80	0.2250000
NODE_1065_length_2278_cov_19.655805	632	712	2	8	80	0.1000000
NODE_1065_length_2278_cov_19.655805	632	712	3	1	80	0.0125000
NODE_1065_length_2278_cov_19.655805	632	712	4	54	80	0.6750000
NODE_1065_length_2278_cov_19.655805	632	712	5	17	80	0.2125000
NODE_1071_length_2272_cov_26.123792	226	306	0	80	80	1.0000000
NODE_1071_length_2272_cov_26.123792	279	359	0	80	80	1.0000000
NODE_1071_length_2272_cov_26.123792	1684	1731	14	2	47	0.0425532
NODE_1071_length_2272_cov_26.123792	1684	1731	15	1	47	0.0212766
NODE_1071_length_2272_cov_26.123792	1684	1731	20	1	47	0.0212766
NODE_1071_length_2272_cov_26.123792	1684	1731	31	1	47	0.0212766
NODE_1071_length_2272_cov_26.123792	1684	1731	33	3	47	0.0638298
NODE_1071_length_2272_cov_26.123792	1684	1731	34	1	47	0.0212766
NODE_1071_length_2272_cov_26.123792	1684	1731	35	1	47	0.0212766
NODE_1071_length_2272_cov_26.123792	1684	1731	36	1	47	0.0212766
NODE_1071_length_2272_cov_26.123792	1684	1731	37	1	47	0.0212766
NODE_1071_length_2272_cov_26.123792	1684	1731	38	3	47	0.0638298
NODE_1071_length_2272_cov_26.123792	1684	1731	43	2	47	0.0425532
NODE_1071_length_2272_cov_26.123792	1684	1731	44	2	47	0.0425532
NODE_1071_length_2272_cov_26.123792	1684	1731	50	2	47	0.0425532
NODE_1071_length_2272_cov_26.123792	1684	1731	51	1	47	0.0212766
NODE_1071_length_2272_cov_26.123792	1684	1731	53	2	47	0.0425532
NODE_1071_length_2272_cov_26.123792	1684	1731	56	2	47	0.0425532
NODE_1071_length_2272_cov_26.123792	1684	1731	58	1	47	0.0212766
NODE_1071_length_2272_cov_26.123792	1684	1731	60	1	47	0.0212766
NODE_1071_length_2272_cov_26.123792	1684	1731	66	1	47	0.0212766
NODE_1071_length_2272_cov_26.123792	1684	1731	67	1	47	0.0212766
NODE_1071_length_2272_cov_26.123792	1684	1731	70	1	47	0.0212766
NODE_1071_length_2272_cov_26.123792	1684	1731	73	3	47	0.0638298
NODE_1071_length_2272_cov_26.123792	1684	1731	77	1	47	0.0212766
NODE_1071_length_2272_cov_26.123792	1684	1731	78	2	47	0.0425532
NODE_1071_length_2272_cov_26.123792	1684	1731	79	2	47	0.0425532
NODE_1071_length_2272_cov_26.123792	1684	1731	80	2	47	0.0425532
NODE_1071_length_2272_cov_26.123792	1684	1731	82	2	47	0.0425532
NODE_1071_length_2272_cov_26.123792	1684	1731	84	1	47	0.0212766
NODE_1071_length_2272_cov_26.123792	1684	1731	88	2	47	0.0425532
NODE_1071_length_2272_cov_26.123792	1684	1731	90	1	47	0.0212766
NODE_1071_length_2272_cov_26.123792	1694	1725	33	2	31	0.0645161
NODE_1071_length_2272_cov_26.123792	1694	1725	34	1	31	0.0322581
NODE_1071_length_2272_cov_26.123792	1694	1725	35	1	31	0.0322581
NODE_1071_length_2272_cov_26.123792	1694	1725	36	1	31	0.0322581
NODE_1071_length_2272_cov_26.123792	1694	1725	37	1	31	0.0322581
NODE_1071_length_2272_cov_26.123792	1694	1725	38	3	31	0.0967742
NODE_1071_length_2272_cov_26.123792	1694	1725	43	2	31	0.0645161
NODE_1071_length_2272_cov_26.123792	1694	1725	44	2	31	0.0645161
NODE_1071_length_2272_cov_26.123792	1694	1725	50	2	31	0.0645161
NODE_1071_length_2272_cov_26.123792	1694	1725	51	1	31	0.0322581
NODE_1071_length_2272_cov_26.123792	1694	1725	53	2	31	0.0645161
NODE_1071_length_2272_cov_26.123792	1694	1725	56	2	31	0.0645161
NODE_1071_length_2272_cov_26.123792	1694	1725	58	1	31	0.0322581
NODE_1071_length_2272_cov_26.123792	1694	1725	60	1	31	0.0322581
NODE_1071_length_2272_cov_26.123792	1694	1725	66	1	31	0.0322581
NODE_1071_length_2272_cov_26.123792	1694	1725	67	1	31	0.0322581
NODE_1071_length_2272_cov_26.123792	1694	1725	70	1	31	0.0322581
NODE_1071_length_2272_cov_26.123792	1694	1725	73	3	31	0.0967742
NODE_1071_length_2272_cov_26.123792	1694	1725	77	1	31	0.0322581
NODE_1071_length_2272_cov_26.123792	1694	1725	78	2	31	0.0645161
NODE_1071_length_2272_cov_26.123792	1759	1833	3	32	74	0.4324324
NODE_1071_length_2272_cov_26.123792	1759	1833	4	3	74	0.0405405
NODE_1071_length_2272_cov_26.123792	1759	1833	5	26	74	0.3513514
NODE_1071_length_2272_cov_26.123792	1759	1833	6	13	74	0.1756757
NODE_1071_length_2272_cov_26.123792	1812	1892	5	71	80	0.8875000
NODE_1071_length_2272_cov_26.123792	1812	1892	6	9	80	0.1125000
NODE_1072_length_2272_cov_8.175334	213	293	19	4	80	0.0500000
NODE_1072_length_2272_cov_8.175334	213	293	20	18	80	0.2250000
NODE_1072_length_2272_cov_8.175334	213	293	21	42	80	0.5250000
NODE_1072_length_2272_cov_8.175334	213	293	23	9	80	0.1125000
NODE_1072_length_2272_cov_8.175334	213	293	25	7	80	0.0875000
NODE_1072_length_2272_cov_8.175334	266	346	0	1	80	0.0125000
NODE_1072_length_2272_cov_8.175334	266	346	4	1	80	0.0125000
NODE_1072_length_2272_cov_8.175334	266	346	6	3	80	0.0375000
NODE_1072_length_2272_cov_8.175334	266	346	8	9	80	0.1125000
NODE_1072_length_2272_cov_8.175334	266	346	10	5	80	0.0625000
NODE_1072_length_2272_cov_8.175334	266	346	11	2	80	0.0250000
NODE_1072_length_2272_cov_8.175334	266	346	15	8	80	0.1000000
NODE_1072_length_2272_cov_8.175334	266	346	16	4	80	0.0500000
NODE_1072_length_2272_cov_8.175334	266	346	18	13	80	0.1625000
NODE_1072_length_2272_cov_8.175334	266	346	19	7	80	0.0875000
NODE_1072_length_2272_cov_8.175334	266	346	20	18	80	0.2250000
NODE_1072_length_2272_cov_8.175334	266	346	21	9	80	0.1125000
NODE_1077_length_2266_cov_13.206276	359	439	1	39	80	0.4875000
NODE_1077_length_2266_cov_13.206276	359	439	2	35	80	0.4375000
NODE_1077_length_2266_cov_13.206276	359	439	3	6	80	0.0750000
NODE_1077_length_2266_cov_13.206276	412	492	1	21	80	0.2625000
NODE_1077_length_2266_cov_13.206276	412	492	3	14	80	0.1750000
NODE_1077_length_2266_cov_13.206276	412	492	4	45	80	0.5625000
NODE_1077_length_2266_cov_13.206276	488	568	4	10	80	0.1250000
NODE_1077_length_2266_cov_13.206276	488	568	6	3	80	0.0375000
NODE_1077_length_2266_cov_13.206276	488	568	7	10	80	0.1250000
NODE_1077_length_2266_cov_13.206276	488	568	8	51	80	0.6375000
NODE_1077_length_2266_cov_13.206276	488	568	9	6	80	0.0750000
NODE_1077_length_2266_cov_13.206276	541	627	4	1	86	0.0116279
NODE_1077_length_2266_cov_13.206276	541	627	6	14	86	0.1627907
NODE_1077_length_2266_cov_13.206276	541	627	7	52	86	0.6046512
NODE_1077_length_2266_cov_13.206276	541	627	8	13	86	0.1511628
NODE_1077_length_2266_cov_13.206276	541	627	9	6	86	0.0697674
NODE_1078_length_2262_cov_11.759131	413	493	0	9	80	0.1125000
NODE_1078_length_2262_cov_11.759131	413	493	1	71	80	0.8875000
NODE_1078_length_2262_cov_11.759131	466	546	1	80	80	1.0000000
NODE_1079_length_2260_cov_37.814901	219	299	0	80	80	1.0000000
NODE_1079_length_2260_cov_37.814901	742	822	3	34	80	0.4250000
NODE_1079_length_2260_cov_37.814901	742	822	7	46	80	0.5750000
NODE_1079_length_2260_cov_37.814901	795	875	7	36	80	0.4500000
NODE_1079_length_2260_cov_37.814901	795	875	8	26	80	0.3250000
NODE_1079_length_2260_cov_37.814901	795	875	9	18	80	0.2250000
NODE_1079_length_2260_cov_37.814901	1533	1613	11	7	80	0.0875000
NODE_1079_length_2260_cov_37.814901	1533	1613	12	26	80	0.3250000
NODE_1079_length_2260_cov_37.814901	1533	1613	13	4	80	0.0500000
NODE_1079_length_2260_cov_37.814901	1533	1613	15	5	80	0.0625000
NODE_1079_length_2260_cov_37.814901	1533	1613	16	38	80	0.4750000
NODE_1079_length_2260_cov_37.814901	1586	1666	3	4	80	0.0500000
NODE_1079_length_2260_cov_37.814901	1586	1666	4	1	80	0.0125000
NODE_1079_length_2260_cov_37.814901	1586	1666	5	1	80	0.0125000
NODE_1079_length_2260_cov_37.814901	1586	1666	6	4	80	0.0500000
NODE_1079_length_2260_cov_37.814901	1586	1666	8	8	80	0.1000000
NODE_1079_length_2260_cov_37.814901	1586	1666	9	2	80	0.0250000
NODE_1079_length_2260_cov_37.814901	1586	1666	10	9	80	0.1125000
NODE_1079_length_2260_cov_37.814901	1586	1666	11	1	80	0.0125000
NODE_1079_length_2260_cov_37.814901	1586	1666	12	50	80	0.6250000
NODE_1079_length_2260_cov_37.814901	1662	1742	3	22	80	0.2750000
NODE_1079_length_2260_cov_37.814901	1662	1742	4	43	80	0.5375000
NODE_1079_length_2260_cov_37.814901	1662	1742	5	15	80	0.1875000
NODE_1079_length_2260_cov_37.814901	1715	1795	4	65	80	0.8125000
NODE_1079_length_2260_cov_37.814901	1715	1795	5	15	80	0.1875000
NODE_1082_length_2253_cov_8.904828	472	552	1	15	80	0.1875000
NODE_1082_length_2253_cov_8.904828	472	552	3	65	80	0.8125000
NODE_1085_length_2252_cov_2.801208	1128	1170	0	10	42	0.2380952
NODE_1085_length_2252_cov_2.801208	1128	1170	2	32	42	0.7619048
NODE_1085_length_2252_cov_2.801208	1137	1172	0	1	35	0.0285714
NODE_1085_length_2252_cov_2.801208	1137	1172	2	34	35	0.9714286
NODE_1086_length_2252_cov_2.078031	13	62	0	49	49	1.0000000
NODE_1086_length_2252_cov_2.078031	13	61	0	48	48	1.0000000
NODE_1086_length_2252_cov_2.078031	13	62	0	49	49	1.0000000
NODE_1086_length_2252_cov_2.078031	13	62	0	49	49	1.0000000
NODE_1086_length_2252_cov_2.078031	13	61	0	48	48	1.0000000
NODE_1087_length_2251_cov_15.458178	1443	1506	4	10	63	0.1587302
NODE_1087_length_2251_cov_15.458178	1443	1506	5	9	63	0.1428571
NODE_1087_length_2251_cov_15.458178	1443	1506	6	12	63	0.1904762
NODE_1087_length_2251_cov_15.458178	1443	1506	7	14	63	0.2222222
NODE_1087_length_2251_cov_15.458178	1443	1506	8	2	63	0.0317460
NODE_1087_length_2251_cov_15.458178	1443	1506	9	10	63	0.1587302
NODE_1087_length_2251_cov_15.458178	1443	1506	11	2	63	0.0317460
NODE_1087_length_2251_cov_15.458178	1443	1506	12	4	63	0.0634921
NODE_1087_length_2251_cov_15.458178	1496	1550	9	5	54	0.0925926
NODE_1087_length_2251_cov_15.458178	1496	1550	11	2	54	0.0370370
NODE_1087_length_2251_cov_15.458178	1496	1550	12	7	54	0.1296296
NODE_1087_length_2251_cov_15.458178	1496	1550	15	4	54	0.0740741
NODE_1087_length_2251_cov_15.458178	1496	1550	16	5	54	0.0925926
NODE_1087_length_2251_cov_15.458178	1496	1550	18	2	54	0.0370370
NODE_1087_length_2251_cov_15.458178	1496	1550	19	1	54	0.0185185
NODE_1087_length_2251_cov_15.458178	1496	1550	20	16	54	0.2962963
NODE_1087_length_2251_cov_15.458178	1496	1550	21	8	54	0.1481481
NODE_1087_length_2251_cov_15.458178	1496	1550	23	4	54	0.0740741
NODE_1089_length_2250_cov_18.370990	1658	1738	4	17	80	0.2125000
NODE_1089_length_2250_cov_18.370990	1658	1738	5	3	80	0.0375000
NODE_1089_length_2250_cov_18.370990	1658	1738	6	14	80	0.1750000
NODE_1089_length_2250_cov_18.370990	1658	1738	7	45	80	0.5625000
NODE_1089_length_2250_cov_18.370990	1658	1738	8	1	80	0.0125000
NODE_1089_length_2250_cov_18.370990	1711	1791	7	33	80	0.4125000
NODE_1089_length_2250_cov_18.370990	1711	1791	8	3	80	0.0375000
NODE_1089_length_2250_cov_18.370990	1711	1791	9	2	80	0.0250000
NODE_1089_length_2250_cov_18.370990	1711	1791	10	4	80	0.0500000
NODE_1089_length_2250_cov_18.370990	1711	1791	11	10	80	0.1250000
NODE_1089_length_2250_cov_18.370990	1711	1791	12	28	80	0.3500000
NODE_1090_length_2250_cov_5.331474	1844	1924	0	80	80	1.0000000
NODE_1093_length_2247_cov_7.906890	364	436	0	72	72	1.0000000
NODE_1095_length_2246_cov_7.612948	1992	2055	1	59	63	0.9365079
NODE_1095_length_2246_cov_7.612948	1992	2055	2	4	63	0.0634921
NODE_1095_length_2246_cov_7.612948	2045	2108	0	34	63	0.5396826
NODE_1095_length_2246_cov_7.612948	2045	2108	1	29	63	0.4603175
NODE_1104_length_2233_cov_35.127460	1517	1597	1	16	80	0.2000000
NODE_1104_length_2233_cov_35.127460	1517	1597	2	56	80	0.7000000
NODE_1104_length_2233_cov_35.127460	1517	1597	3	8	80	0.1000000
NODE_1104_length_2233_cov_35.127460	1570	1650	2	19	80	0.2375000
NODE_1104_length_2233_cov_35.127460	1570	1650	3	46	80	0.5750000
NODE_1104_length_2233_cov_35.127460	1570	1650	4	15	80	0.1875000
NODE_1105_length_2231_cov_45.701689	315	396	2	81	81	1.0000000
NODE_1105_length_2231_cov_45.701689	369	449	0	2	80	0.0250000
NODE_1105_length_2231_cov_45.701689	369	449	2	78	80	0.9750000
NODE_1105_length_2231_cov_45.701689	496	576	0	80	80	1.0000000
NODE_1105_length_2231_cov_45.701689	582	662	0	80	80	1.0000000
NODE_1105_length_2231_cov_45.701689	625	705	0	80	80	1.0000000
NODE_1105_length_2231_cov_45.701689	711	791	0	80	80	1.0000000
NODE_1105_length_2231_cov_45.701689	1141	1186	1	9	45	0.2000000
NODE_1105_length_2231_cov_45.701689	1141	1186	3	3	45	0.0666667
NODE_1105_length_2231_cov_45.701689	1141	1186	4	31	45	0.6888889
NODE_1105_length_2231_cov_45.701689	1141	1186	5	2	45	0.0444444
NODE_1105_length_2231_cov_45.701689	1787	1867	0	80	80	1.0000000
NODE_1105_length_2231_cov_45.701689	1840	1920	0	66	80	0.8250000
NODE_1105_length_2231_cov_45.701689	1840	1920	2	14	80	0.1750000
NODE_1106_length_2230_cov_12.608634	1520	1600	0	80	80	1.0000000
NODE_1106_length_2230_cov_12.608634	1573	1653	0	80	80	1.0000000
NODE_1112_length_2218_cov_5.292591	1427	1497	5	4	70	0.0571429
NODE_1112_length_2218_cov_5.292591	1427	1497	6	6	70	0.0857143
NODE_1112_length_2218_cov_5.292591	1427	1497	8	3	70	0.0428571
NODE_1112_length_2218_cov_5.292591	1427	1497	9	23	70	0.3285714
NODE_1112_length_2218_cov_5.292591	1427	1497	10	21	70	0.3000000
NODE_1112_length_2218_cov_5.292591	1427	1497	11	13	70	0.1857143
NODE_1112_length_2218_cov_5.292591	1470	1536	3	6	66	0.0909091
NODE_1112_length_2218_cov_5.292591	1470	1536	5	21	66	0.3181818
NODE_1112_length_2218_cov_5.292591	1470	1536	6	22	66	0.3333333
NODE_1112_length_2218_cov_5.292591	1470	1536	8	3	66	0.0454545
NODE_1112_length_2218_cov_5.292591	1470	1536	9	14	66	0.2121212
NODE_1115_length_2215_cov_51.865784	108	188	0	80	80	1.0000000
NODE_1115_length_2215_cov_51.865784	161	241	0	80	80	1.0000000
NODE_1115_length_2215_cov_51.865784	237	317	0	80	80	1.0000000
NODE_1115_length_2215_cov_51.865784	290	370	0	80	80	1.0000000
NODE_1115_length_2215_cov_51.865784	1030	1102	4	3	72	0.0416667
NODE_1115_length_2215_cov_51.865784	1030	1102	5	1	72	0.0138889
NODE_1115_length_2215_cov_51.865784	1030	1102	6	4	72	0.0555556
NODE_1115_length_2215_cov_51.865784	1030	1102	8	1	72	0.0138889
NODE_1115_length_2215_cov_51.865784	1030	1102	9	5	72	0.0694444
NODE_1115_length_2215_cov_51.865784	1030	1102	11	3	72	0.0416667
NODE_1115_length_2215_cov_51.865784	1030	1102	13	1	72	0.0138889
NODE_1115_length_2215_cov_51.865784	1030	1102	14	2	72	0.0277778
NODE_1115_length_2215_cov_51.865784	1030	1102	15	2	72	0.0277778
NODE_1115_length_2215_cov_51.865784	1030	1102	18	2	72	0.0277778
NODE_1115_length_2215_cov_51.865784	1030	1102	20	5	72	0.0694444
NODE_1115_length_2215_cov_51.865784	1030	1102	22	1	72	0.0138889
NODE_1115_length_2215_cov_51.865784	1030	1102	23	2	72	0.0277778
NODE_1115_length_2215_cov_51.865784	1030	1102	25	2	72	0.0277778
NODE_1115_length_2215_cov_51.865784	1030	1102	26	2	72	0.0277778
NODE_1115_length_2215_cov_51.865784	1030	1102	27	2	72	0.0277778
NODE_1115_length_2215_cov_51.865784	1030	1102	29	1	72	0.0138889
NODE_1115_length_2215_cov_51.865784	1030	1102	30	1	72	0.0138889
NODE_1115_length_2215_cov_51.865784	1030	1102	31	1	72	0.0138889
NODE_1115_length_2215_cov_51.865784	1030	1102	33	1	72	0.0138889
NODE_1115_length_2215_cov_51.865784	1030	1102	34	3	72	0.0416667
NODE_1115_length_2215_cov_51.865784	1030	1102	38	2	72	0.0277778
NODE_1115_length_2215_cov_51.865784	1030	1102	39	2	72	0.0277778
NODE_1115_length_2215_cov_51.865784	1030	1102	40	1	72	0.0138889
NODE_1115_length_2215_cov_51.865784	1030	1102	41	5	72	0.0694444
NODE_1115_length_2215_cov_51.865784	1030	1102	42	1	72	0.0138889
NODE_1115_length_2215_cov_51.865784	1030	1102	43	6	72	0.0833333
NODE_1115_length_2215_cov_51.865784	1030	1102	44	2	72	0.0277778
NODE_1115_length_2215_cov_51.865784	1030	1102	45	1	72	0.0138889
NODE_1115_length_2215_cov_51.865784	1030	1102	46	3	72	0.0416667
NODE_1115_length_2215_cov_51.865784	1030	1102	49	1	72	0.0138889
NODE_1115_length_2215_cov_51.865784	1030	1102	50	1	72	0.0138889
NODE_1115_length_2215_cov_51.865784	1030	1102	53	2	72	0.0277778
NODE_1115_length_2215_cov_51.865784	1571	1651	6	7	80	0.0875000
NODE_1115_length_2215_cov_51.865784	1571	1651	8	1	80	0.0125000
NODE_1115_length_2215_cov_51.865784	1571	1651	9	10	80	0.1250000
NODE_1115_length_2215_cov_51.865784	1571	1651	10	8	80	0.1000000
NODE_1115_length_2215_cov_51.865784	1571	1651	11	15	80	0.1875000
NODE_1115_length_2215_cov_51.865784	1571	1651	12	34	80	0.4250000
NODE_1115_length_2215_cov_51.865784	1571	1651	13	5	80	0.0625000
NODE_1115_length_2215_cov_51.865784	1624	1704	11	6	80	0.0750000
NODE_1115_length_2215_cov_51.865784	1624	1704	12	22	80	0.2750000
NODE_1115_length_2215_cov_51.865784	1624	1704	13	52	80	0.6500000
NODE_1117_length_2212_cov_63.988168	459	539	2	3	80	0.0375000
NODE_1117_length_2212_cov_63.988168	459	539	3	12	80	0.1500000
NODE_1117_length_2212_cov_63.988168	459	539	4	37	80	0.4625000
NODE_1117_length_2212_cov_63.988168	459	539	5	10	80	0.1250000
NODE_1117_length_2212_cov_63.988168	459	539	6	1	80	0.0125000
NODE_1117_length_2212_cov_63.988168	459	539	7	17	80	0.2125000
NODE_1117_length_2212_cov_63.988168	512	592	4	7	80	0.0875000
NODE_1117_length_2212_cov_63.988168	512	592	5	2	80	0.0250000
NODE_1117_length_2212_cov_63.988168	512	592	6	1	80	0.0125000
NODE_1117_length_2212_cov_63.988168	512	592	7	57	80	0.7125000
NODE_1117_length_2212_cov_63.988168	512	592	8	13	80	0.1625000
NODE_1117_length_2212_cov_63.988168	588	668	4	2	80	0.0250000
NODE_1117_length_2212_cov_63.988168	588	668	6	28	80	0.3500000
NODE_1117_length_2212_cov_63.988168	588	668	7	22	80	0.2750000
NODE_1117_length_2212_cov_63.988168	588	668	8	27	80	0.3375000
NODE_1117_length_2212_cov_63.988168	588	668	9	1	80	0.0125000
NODE_1117_length_2212_cov_63.988168	641	721	3	1	80	0.0125000
NODE_1117_length_2212_cov_63.988168	641	721	4	9	80	0.1125000
NODE_1117_length_2212_cov_63.988168	641	721	5	45	80	0.5625000
NODE_1117_length_2212_cov_63.988168	641	721	6	25	80	0.3125000
NODE_1119_length_2212_cov_4.632750	1479	1559	0	17	80	0.2125000
NODE_1119_length_2212_cov_4.632750	1479	1559	2	5	80	0.0625000
NODE_1119_length_2212_cov_4.632750	1479	1559	4	44	80	0.5500000
NODE_1119_length_2212_cov_4.632750	1479	1559	5	1	80	0.0125000
NODE_1119_length_2212_cov_4.632750	1479	1559	6	13	80	0.1625000
NODE_1119_length_2212_cov_4.632750	1532	1612	4	23	80	0.2875000
NODE_1119_length_2212_cov_4.632750	1532	1612	5	1	80	0.0125000
NODE_1119_length_2212_cov_4.632750	1532	1612	6	56	80	0.7000000
NODE_1122_length_2211_cov_16.247159	1808	1888	2	80	80	1.0000000
NODE_1124_length_2207_cov_46.766129	1273	1348	34	2	75	0.0266667
NODE_1124_length_2207_cov_46.766129	1273	1348	38	4	75	0.0533333
NODE_1124_length_2207_cov_46.766129	1273	1348	39	11	75	0.1466667
NODE_1124_length_2207_cov_46.766129	1273	1348	40	9	75	0.1200000
NODE_1124_length_2207_cov_46.766129	1273	1348	41	5	75	0.0666667
NODE_1124_length_2207_cov_46.766129	1273	1348	42	8	75	0.1066667
NODE_1124_length_2207_cov_46.766129	1273	1348	43	16	75	0.2133333
NODE_1124_length_2207_cov_46.766129	1273	1348	44	20	75	0.2666667
NODE_1124_length_2207_cov_46.766129	1324	1401	29	4	77	0.0519481
NODE_1124_length_2207_cov_46.766129	1324	1401	30	22	77	0.2857143
NODE_1124_length_2207_cov_46.766129	1324	1401	31	18	77	0.2337662
NODE_1124_length_2207_cov_46.766129	1324	1401	33	4	77	0.0519481
NODE_1124_length_2207_cov_46.766129	1324	1401	34	7	77	0.0909091
NODE_1124_length_2207_cov_46.766129	1324	1401	38	4	77	0.0519481
NODE_1124_length_2207_cov_46.766129	1324	1401	39	10	77	0.1298701
NODE_1124_length_2207_cov_46.766129	1324	1401	40	2	77	0.0259740
NODE_1124_length_2207_cov_46.766129	1324	1401	41	4	77	0.0519481
NODE_1124_length_2207_cov_46.766129	1324	1401	42	2	77	0.0259740
NODE_1127_length_2205_cov_12.762108	1818	1898	2	80	80	1.0000000
NODE_1127_length_2205_cov_12.762108	1871	1951	0	19	80	0.2375000
NODE_1127_length_2205_cov_12.762108	1871	1951	2	61	80	0.7625000
NODE_1127_length_2205_cov_12.762108	1872	1951	0	19	79	0.2405063
NODE_1127_length_2205_cov_12.762108	1872	1951	2	60	79	0.7594936
NODE_1127_length_2205_cov_12.762108	1947	2020	0	73	73	1.0000000
NODE_1128_length_2202_cov_8.687114	1848	1912	0	64	64	1.0000000
NODE_1130_length_2200_cov_10.639695	1461	1541	0	3	80	0.0375000
NODE_1130_length_2200_cov_10.639695	1461	1541	2	37	80	0.4625000
NODE_1130_length_2200_cov_10.639695	1461	1541	4	40	80	0.5000000
NODE_1130_length_2200_cov_10.639695	1514	1594	4	80	80	1.0000000
NODE_1131_length_2199_cov_10.839524	1709	1789	2	5	80	0.0625000
NODE_1131_length_2199_cov_10.839524	1709	1789	3	49	80	0.6125000
NODE_1131_length_2199_cov_10.839524	1709	1789	4	21	80	0.2625000
NODE_1131_length_2199_cov_10.839524	1709	1789	5	5	80	0.0625000
NODE_1131_length_2199_cov_10.839524	1762	1842	1	51	80	0.6375000
NODE_1131_length_2199_cov_10.839524	1762	1842	3	29	80	0.3625000
NODE_1135_length_2196_cov_64.718646	885	965	26	1	80	0.0125000
NODE_1135_length_2196_cov_64.718646	885	965	27	1	80	0.0125000
NODE_1135_length_2196_cov_64.718646	885	965	28	7	80	0.0875000
NODE_1135_length_2196_cov_64.718646	885	965	29	2	80	0.0250000
NODE_1135_length_2196_cov_64.718646	885	965	30	50	80	0.6250000
NODE_1135_length_2196_cov_64.718646	885	965	31	5	80	0.0625000
NODE_1135_length_2196_cov_64.718646	885	965	32	4	80	0.0500000
NODE_1135_length_2196_cov_64.718646	885	965	33	2	80	0.0250000
NODE_1135_length_2196_cov_64.718646	885	965	34	8	80	0.1000000
NODE_1135_length_2196_cov_64.718646	938	1018	12	5	80	0.0625000
NODE_1135_length_2196_cov_64.718646	938	1018	13	6	80	0.0750000
NODE_1135_length_2196_cov_64.718646	938	1018	16	7	80	0.0875000
NODE_1135_length_2196_cov_64.718646	938	1018	20	2	80	0.0250000
NODE_1135_length_2196_cov_64.718646	938	1018	21	5	80	0.0625000
NODE_1135_length_2196_cov_64.718646	938	1018	22	9	80	0.1125000
NODE_1135_length_2196_cov_64.718646	938	1018	23	1	80	0.0125000
NODE_1135_length_2196_cov_64.718646	938	1018	24	2	80	0.0250000
NODE_1135_length_2196_cov_64.718646	938	1018	26	1	80	0.0125000
NODE_1135_length_2196_cov_64.718646	938	1018	27	9	80	0.1125000
NODE_1135_length_2196_cov_64.718646	938	1018	29	5	80	0.0625000
NODE_1135_length_2196_cov_64.718646	938	1018	30	28	80	0.3500000
NODE_1138_length_2195_cov_8.443225	114	136	0	22	22	1.0000000
NODE_1139_length_2195_cov_6.113550	1245	1330	0	2	85	0.0235294
NODE_1139_length_2195_cov_6.113550	1245	1330	2	20	85	0.2352941
NODE_1139_length_2195_cov_6.113550	1245	1330	3	63	85	0.7411765
NODE_1139_length_2195_cov_6.113550	1306	1352	3	46	46	1.0000000
NODE_1141_length_2194_cov_1.366587	15	77	2	62	62	1.0000000
NODE_1142_length_2193_cov_8.320917	374	454	6	80	80	1.0000000
NODE_1142_length_2193_cov_8.320917	427	502	0	20	75	0.2666667
NODE_1142_length_2193_cov_8.320917	427	502	2	9	75	0.1200000
NODE_1142_length_2193_cov_8.320917	427	502	4	9	75	0.1200000
NODE_1142_length_2193_cov_8.320917	427	502	6	37	75	0.4933333
NODE_1146_length_2189_cov_36.884689	383	463	9	3	80	0.0375000
NODE_1146_length_2189_cov_36.884689	383	463	10	4	80	0.0500000
NODE_1146_length_2189_cov_36.884689	383	463	11	4	80	0.0500000
NODE_1146_length_2189_cov_36.884689	383	463	12	16	80	0.2000000
NODE_1146_length_2189_cov_36.884689	383	463	13	3	80	0.0375000
NODE_1146_length_2189_cov_36.884689	383	463	14	5	80	0.0625000
NODE_1146_length_2189_cov_36.884689	383	463	15	45	80	0.5625000
NODE_1146_length_2189_cov_36.884689	436	516	5	4	80	0.0500000
NODE_1146_length_2189_cov_36.884689	436	516	6	5	80	0.0625000
NODE_1146_length_2189_cov_36.884689	436	516	8	1	80	0.0125000
NODE_1146_length_2189_cov_36.884689	436	516	9	1	80	0.0125000
NODE_1146_length_2189_cov_36.884689	436	516	11	5	80	0.0625000
NODE_1146_length_2189_cov_36.884689	436	516	13	18	80	0.2250000
NODE_1146_length_2189_cov_36.884689	436	516	15	46	80	0.5750000
NODE_1146_length_2189_cov_36.884689	1257	1337	1	14	80	0.1750000
NODE_1146_length_2189_cov_36.884689	1257	1337	2	34	80	0.4250000
NODE_1146_length_2189_cov_36.884689	1257	1337	5	32	80	0.4000000
NODE_1146_length_2189_cov_36.884689	1310	1390	5	78	80	0.9750000
NODE_1146_length_2189_cov_36.884689	1310	1390	6	2	80	0.0250000
NODE_1146_length_2189_cov_36.884689	1427	1507	6	43	80	0.5375000
NODE_1146_length_2189_cov_36.884689	1427	1507	7	8	80	0.1000000
NODE_1146_length_2189_cov_36.884689	1427	1507	8	12	80	0.1500000
NODE_1146_length_2189_cov_36.884689	1427	1507	10	14	80	0.1750000
NODE_1146_length_2189_cov_36.884689	1427	1507	11	3	80	0.0375000
NODE_1146_length_2189_cov_36.884689	1480	1560	8	10	80	0.1250000
NODE_1146_length_2189_cov_36.884689	1480	1560	9	18	80	0.2250000
NODE_1146_length_2189_cov_36.884689	1480	1560	10	14	80	0.1750000
NODE_1146_length_2189_cov_36.884689	1480	1560	11	38	80	0.4750000
NODE_1152_length_2184_cov_9.464748	1536	1616	8	4	80	0.0500000
NODE_1152_length_2184_cov_9.464748	1536	1616	9	23	80	0.2875000
NODE_1152_length_2184_cov_9.464748	1536	1616	10	27	80	0.3375000
NODE_1152_length_2184_cov_9.464748	1536	1616	11	26	80	0.3250000
NODE_1152_length_2184_cov_9.464748	1589	1669	9	3	80	0.0375000
NODE_1152_length_2184_cov_9.464748	1589	1669	10	40	80	0.5000000
NODE_1152_length_2184_cov_9.464748	1589	1669	11	37	80	0.4625000
NODE_1154_length_2183_cov_45.471209	1632	1712	4	8	80	0.1000000
NODE_1154_length_2183_cov_45.471209	1632	1712	5	1	80	0.0125000
NODE_1154_length_2183_cov_45.471209	1632	1712	6	1	80	0.0125000
NODE_1154_length_2183_cov_45.471209	1632	1712	8	2	80	0.0250000
NODE_1154_length_2183_cov_45.471209	1632	1712	11	37	80	0.4625000
NODE_1154_length_2183_cov_45.471209	1632	1712	12	2	80	0.0250000
NODE_1154_length_2183_cov_45.471209	1632	1712	14	29	80	0.3625000
NODE_1154_length_2183_cov_45.471209	1685	1765	10	8	80	0.1000000
NODE_1154_length_2183_cov_45.471209	1685	1765	12	4	80	0.0500000
NODE_1154_length_2183_cov_45.471209	1685	1765	13	20	80	0.2500000
NODE_1154_length_2183_cov_45.471209	1685	1765	14	39	80	0.4875000
NODE_1154_length_2183_cov_45.471209	1685	1765	15	9	80	0.1125000
NODE_1159_length_2176_cov_47.338950	0	52	0	3	52	0.0576923
NODE_1159_length_2176_cov_47.338950	0	52	1	49	52	0.9423077
NODE_1162_length_2174_cov_40.560964	1638	1718	0	6	80	0.0750000
NODE_1162_length_2174_cov_40.560964	1638	1718	1	21	80	0.2625000
NODE_1162_length_2174_cov_40.560964	1638	1718	3	43	80	0.5375000
NODE_1162_length_2174_cov_40.560964	1638	1718	4	10	80	0.1250000
NODE_1162_length_2174_cov_40.560964	1691	1771	3	17	80	0.2125000
NODE_1162_length_2174_cov_40.560964	1691	1771	4	17	80	0.2125000
NODE_1162_length_2174_cov_40.560964	1691	1771	5	3	80	0.0375000
NODE_1162_length_2174_cov_40.560964	1691	1771	6	3	80	0.0375000
NODE_1162_length_2174_cov_40.560964	1691	1771	8	40	80	0.5000000
NODE_1163_length_2174_cov_35.399518	284	364	0	52	80	0.6500000
NODE_1163_length_2174_cov_35.399518	284	364	1	16	80	0.2000000
NODE_1163_length_2174_cov_35.399518	284	364	2	12	80	0.1500000
NODE_1163_length_2174_cov_35.399518	337	414	0	77	77	1.0000000
NODE_1163_length_2174_cov_35.399518	1542	1620	25	2	78	0.0256410
NODE_1163_length_2174_cov_35.399518	1542	1620	27	1	78	0.0128205
NODE_1163_length_2174_cov_35.399518	1542	1620	28	25	78	0.3205128
NODE_1163_length_2174_cov_35.399518	1542	1620	29	15	78	0.1923077
NODE_1163_length_2174_cov_35.399518	1542	1620	30	7	78	0.0897436
NODE_1163_length_2174_cov_35.399518	1542	1620	31	20	78	0.2564103
NODE_1163_length_2174_cov_35.399518	1542	1620	32	2	78	0.0256410
NODE_1163_length_2174_cov_35.399518	1542	1620	33	3	78	0.0384615
NODE_1163_length_2174_cov_35.399518	1542	1620	34	3	78	0.0384615
NODE_1163_length_2174_cov_35.399518	1593	1673	25	2	80	0.0250000
NODE_1163_length_2174_cov_35.399518	1593	1673	27	1	80	0.0125000
NODE_1163_length_2174_cov_35.399518	1593	1673	28	8	80	0.1000000
NODE_1163_length_2174_cov_35.399518	1593	1673	29	4	80	0.0500000
NODE_1163_length_2174_cov_35.399518	1593	1673	30	2	80	0.0250000
NODE_1163_length_2174_cov_35.399518	1593	1673	31	6	80	0.0750000
NODE_1163_length_2174_cov_35.399518	1593	1673	32	13	80	0.1625000
NODE_1163_length_2174_cov_35.399518	1593	1673	33	6	80	0.0750000
NODE_1163_length_2174_cov_35.399518	1593	1673	34	8	80	0.1000000
NODE_1163_length_2174_cov_35.399518	1593	1673	38	5	80	0.0625000
NODE_1163_length_2174_cov_35.399518	1593	1673	39	7	80	0.0875000
NODE_1163_length_2174_cov_35.399518	1593	1673	40	1	80	0.0125000
NODE_1163_length_2174_cov_35.399518	1593	1673	41	11	80	0.1375000
NODE_1163_length_2174_cov_35.399518	1593	1673	42	2	80	0.0250000
NODE_1163_length_2174_cov_35.399518	1593	1673	43	2	80	0.0250000
NODE_1163_length_2174_cov_35.399518	1593	1673	44	1	80	0.0125000
NODE_1163_length_2174_cov_35.399518	1593	1673	45	1	80	0.0125000
NODE_1163_length_2174_cov_35.399518	2075	2152	8	77	77	1.0000000
NODE_1163_length_2174_cov_35.399518	2075	2152	8	77	77	1.0000000
NODE_1163_length_2174_cov_35.399518	2075	2152	8	77	77	1.0000000
NODE_1163_length_2174_cov_35.399518	2125	2174	0	7	49	0.1428571
NODE_1163_length_2174_cov_35.399518	2125	2174	2	5	49	0.1020408
NODE_1163_length_2174_cov_35.399518	2125	2174	4	1	49	0.0204082
NODE_1163_length_2174_cov_35.399518	2125	2174	8	36	49	0.7346939
NODE_1163_length_2174_cov_35.399518	2128	2174	0	7	46	0.1521739
NODE_1163_length_2174_cov_35.399518	2128	2174	2	5	46	0.1086956
NODE_1163_length_2174_cov_35.399518	2128	2174	4	1	46	0.0217391
NODE_1163_length_2174_cov_35.399518	2128	2174	8	33	46	0.7173913
NODE_1163_length_2174_cov_35.399518	2130	2174	0	7	44	0.1590909
NODE_1163_length_2174_cov_35.399518	2130	2174	2	5	44	0.1136364
NODE_1163_length_2174_cov_35.399518	2130	2174	4	1	44	0.0227273
NODE_1163_length_2174_cov_35.399518	2130	2174	8	31	44	0.7045454
NODE_1164_length_2172_cov_44.861553	1110	1190	8	26	80	0.3250000
NODE_1164_length_2172_cov_44.861553	1110	1190	9	28	80	0.3500000
NODE_1164_length_2172_cov_44.861553	1110	1190	10	8	80	0.1000000
NODE_1164_length_2172_cov_44.861553	1110	1190	11	11	80	0.1375000
NODE_1164_length_2172_cov_44.861553	1110	1190	12	7	80	0.0875000
NODE_1164_length_2172_cov_44.861553	1163	1243	8	2	80	0.0250000
NODE_1164_length_2172_cov_44.861553	1163	1243	9	32	80	0.4000000
NODE_1164_length_2172_cov_44.861553	1163	1243	10	26	80	0.3250000
NODE_1164_length_2172_cov_44.861553	1163	1243	11	13	80	0.1625000
NODE_1164_length_2172_cov_44.861553	1163	1243	12	7	80	0.0875000
NODE_1164_length_2172_cov_44.861553	1239	1319	6	12	80	0.1500000
NODE_1164_length_2172_cov_44.861553	1239	1319	7	22	80	0.2750000
NODE_1164_length_2172_cov_44.861553	1239	1319	8	14	80	0.1750000
NODE_1164_length_2172_cov_44.861553	1239	1319	9	7	80	0.0875000
NODE_1164_length_2172_cov_44.861553	1239	1319	10	17	80	0.2125000
NODE_1164_length_2172_cov_44.861553	1239	1319	11	8	80	0.1000000
NODE_1164_length_2172_cov_44.861553	1292	1372	2	14	80	0.1750000
NODE_1164_length_2172_cov_44.861553	1292	1372	3	19	80	0.2375000
NODE_1164_length_2172_cov_44.861553	1292	1372	5	14	80	0.1750000
NODE_1164_length_2172_cov_44.861553	1292	1372	6	18	80	0.2250000
NODE_1164_length_2172_cov_44.861553	1292	1372	7	15	80	0.1875000
NODE_1166_length_2167_cov_33.133946	414	494	7	31	80	0.3875000
NODE_1166_length_2167_cov_33.133946	414	494	9	2	80	0.0250000
NODE_1166_length_2167_cov_33.133946	414	494	10	4	80	0.0500000
NODE_1166_length_2167_cov_33.133946	414	494	11	11	80	0.1375000
NODE_1166_length_2167_cov_33.133946	414	494	12	32	80	0.4000000
NODE_1166_length_2167_cov_33.133946	467	547	7	13	80	0.1625000
NODE_1166_length_2167_cov_33.133946	467	547	8	14	80	0.1750000
NODE_1166_length_2167_cov_33.133946	467	547	9	23	80	0.2875000
NODE_1166_length_2167_cov_33.133946	467	547	10	2	80	0.0250000
NODE_1166_length_2167_cov_33.133946	467	547	11	5	80	0.0625000
NODE_1166_length_2167_cov_33.133946	467	547	12	23	80	0.2875000
NODE_1166_length_2167_cov_33.133946	543	623	6	48	80	0.6000000
NODE_1166_length_2167_cov_33.133946	543	623	7	21	80	0.2625000
NODE_1166_length_2167_cov_33.133946	543	623	8	11	80	0.1375000
NODE_1166_length_2167_cov_33.133946	596	676	4	13	80	0.1625000
NODE_1166_length_2167_cov_33.133946	596	676	5	18	80	0.2250000
NODE_1166_length_2167_cov_33.133946	596	676	6	3	80	0.0375000
NODE_1166_length_2167_cov_33.133946	596	676	7	43	80	0.5375000
NODE_1166_length_2167_cov_33.133946	596	676	8	3	80	0.0375000
NODE_1169_length_2165_cov_21.460794	980	1060	1	12	80	0.1500000
NODE_1169_length_2165_cov_21.460794	980	1060	3	6	80	0.0750000
NODE_1169_length_2165_cov_21.460794	980	1060	4	4	80	0.0500000
NODE_1169_length_2165_cov_21.460794	980	1060	6	58	80	0.7250000
NODE_1169_length_2165_cov_21.460794	1033	1113	3	9	80	0.1125000
NODE_1169_length_2165_cov_21.460794	1033	1113	4	24	80	0.3000000
NODE_1169_length_2165_cov_21.460794	1033	1113	6	47	80	0.5875000
NODE_1176_length_2157_cov_22.284257	989	1069	4	1	80	0.0125000
NODE_1176_length_2157_cov_22.284257	989	1069	5	1	80	0.0125000
NODE_1176_length_2157_cov_22.284257	989	1069	6	6	80	0.0750000
NODE_1176_length_2157_cov_22.284257	989	1069	7	1	80	0.0125000
NODE_1176_length_2157_cov_22.284257	989	1069	8	6	80	0.0750000
NODE_1176_length_2157_cov_22.284257	989	1069	10	32	80	0.4000000
NODE_1176_length_2157_cov_22.284257	989	1069	12	33	80	0.4125000
NODE_1176_length_2157_cov_22.284257	1042	1122	7	7	80	0.0875000
NODE_1176_length_2157_cov_22.284257	1042	1122	8	23	80	0.2875000
NODE_1176_length_2157_cov_22.284257	1042	1122	10	20	80	0.2500000
NODE_1176_length_2157_cov_22.284257	1042	1122	12	30	80	0.3750000
NODE_1176_length_2157_cov_22.284257	1118	1198	0	11	80	0.1375000
NODE_1176_length_2157_cov_22.284257	1118	1198	2	35	80	0.4375000
NODE_1176_length_2157_cov_22.284257	1118	1198	3	2	80	0.0250000
NODE_1176_length_2157_cov_22.284257	1118	1198	4	9	80	0.1125000
NODE_1176_length_2157_cov_22.284257	1118	1198	5	1	80	0.0125000
NODE_1176_length_2157_cov_22.284257	1118	1198	6	7	80	0.0875000
NODE_1176_length_2157_cov_22.284257	1118	1198	7	15	80	0.1875000
NODE_1176_length_2157_cov_22.284257	1171	1251	0	64	80	0.8000000
NODE_1176_length_2157_cov_22.284257	1171	1251	2	16	80	0.2000000
NODE_1177_length_2157_cov_8.830418	867	947	0	80	80	1.0000000
NODE_1177_length_2157_cov_8.830418	920	1000	0	80	80	1.0000000
NODE_1177_length_2157_cov_8.830418	996	1076	0	9	80	0.1125000
NODE_1177_length_2157_cov_8.830418	996	1076	1	40	80	0.5000000
NODE_1177_length_2157_cov_8.830418	996	1076	2	31	80	0.3875000
NODE_1177_length_2157_cov_8.830418	1049	1129	2	80	80	1.0000000
NODE_1178_length_2156_cov_25.065630	0	41	7	5	41	0.1219512
NODE_1178_length_2156_cov_25.065630	0	41	9	2	41	0.0487805
NODE_1178_length_2156_cov_25.065630	0	41	10	7	41	0.1707317
NODE_1178_length_2156_cov_25.065630	0	41	11	4	41	0.0975610
NODE_1178_length_2156_cov_25.065630	0	41	13	3	41	0.0731707
NODE_1178_length_2156_cov_25.065630	0	41	15	1	41	0.0243902
NODE_1178_length_2156_cov_25.065630	0	41	16	2	41	0.0487805
NODE_1178_length_2156_cov_25.065630	0	41	17	4	41	0.0975610
NODE_1178_length_2156_cov_25.065630	0	41	19	4	41	0.0975610
NODE_1178_length_2156_cov_25.065630	0	41	20	9	41	0.2195122
NODE_1178_length_2156_cov_25.065630	14	94	11	4	80	0.0500000
NODE_1178_length_2156_cov_25.065630	14	94	13	3	80	0.0375000
NODE_1178_length_2156_cov_25.065630	14	94	15	1	80	0.0125000
NODE_1178_length_2156_cov_25.065630	14	94	16	2	80	0.0250000
NODE_1178_length_2156_cov_25.065630	14	94	17	4	80	0.0500000
NODE_1178_length_2156_cov_25.065630	14	94	19	4	80	0.0500000
NODE_1178_length_2156_cov_25.065630	14	94	20	11	80	0.1375000
NODE_1178_length_2156_cov_25.065630	14	94	22	4	80	0.0500000
NODE_1178_length_2156_cov_25.065630	14	94	23	1	80	0.0125000
NODE_1178_length_2156_cov_25.065630	14	94	24	7	80	0.0875000
NODE_1178_length_2156_cov_25.065630	14	94	25	5	80	0.0625000
NODE_1178_length_2156_cov_25.065630	14	94	27	2	80	0.0250000
NODE_1178_length_2156_cov_25.065630	14	94	28	8	80	0.1000000
NODE_1178_length_2156_cov_25.065630	14	94	30	18	80	0.2250000
NODE_1178_length_2156_cov_25.065630	14	94	31	1	80	0.0125000
NODE_1178_length_2156_cov_25.065630	14	94	32	5	80	0.0625000
NODE_1181_length_2156_cov_3.216334	1890	1970	4	4	80	0.0500000
NODE_1181_length_2156_cov_3.216334	1890	1970	5	6	80	0.0750000
NODE_1181_length_2156_cov_3.216334	1890	1970	6	70	80	0.8750000
NODE_1181_length_2156_cov_3.216334	1943	2023	1	4	80	0.0500000
NODE_1181_length_2156_cov_3.216334	1943	2023	2	48	80	0.6000000
NODE_1181_length_2156_cov_3.216334	1943	2023	4	5	80	0.0625000
NODE_1181_length_2156_cov_3.216334	1943	2023	5	5	80	0.0625000
NODE_1181_length_2156_cov_3.216334	1943	2023	6	18	80	0.2250000
NODE_1184_length_2153_cov_11.610029	1968	2048	0	80	80	1.0000000
NODE_1184_length_2153_cov_11.610029	1977	2048	0	71	71	1.0000000
NODE_1190_length_2147_cov_25.116211	814	894	16	6	80	0.0750000
NODE_1190_length_2147_cov_25.116211	814	894	17	2	80	0.0250000
NODE_1190_length_2147_cov_25.116211	814	894	18	5	80	0.0625000
NODE_1190_length_2147_cov_25.116211	814	894	19	13	80	0.1625000
NODE_1190_length_2147_cov_25.116211	814	894	21	21	80	0.2625000
NODE_1190_length_2147_cov_25.116211	814	894	22	7	80	0.0875000
NODE_1190_length_2147_cov_25.116211	814	894	23	24	80	0.3000000
NODE_1190_length_2147_cov_25.116211	814	894	24	2	80	0.0250000
NODE_1190_length_2147_cov_25.116211	867	947	17	10	80	0.1250000
NODE_1190_length_2147_cov_25.116211	867	947	18	2	80	0.0250000
NODE_1190_length_2147_cov_25.116211	867	947	19	3	80	0.0375000
NODE_1190_length_2147_cov_25.116211	867	947	20	18	80	0.2250000
NODE_1190_length_2147_cov_25.116211	867	947	21	3	80	0.0375000
NODE_1190_length_2147_cov_25.116211	867	947	22	12	80	0.1500000
NODE_1190_length_2147_cov_25.116211	867	947	23	27	80	0.3375000
NODE_1190_length_2147_cov_25.116211	867	947	24	2	80	0.0250000
NODE_1190_length_2147_cov_25.116211	867	947	26	3	80	0.0375000
NODE_1197_length_2136_cov_16.947472	279	359	0	44	80	0.5500000
NODE_1197_length_2136_cov_16.947472	279	359	1	12	80	0.1500000
NODE_1197_length_2136_cov_16.947472	279	359	3	24	80	0.3000000
NODE_1197_length_2136_cov_16.947472	332	412	1	3	80	0.0375000
NODE_1197_length_2136_cov_16.947472	332	412	3	42	80	0.5250000
NODE_1197_length_2136_cov_16.947472	332	412	4	1	80	0.0125000
NODE_1197_length_2136_cov_16.947472	332	412	6	8	80	0.1000000
NODE_1197_length_2136_cov_16.947472	332	412	8	18	80	0.2250000
NODE_1197_length_2136_cov_16.947472	332	412	9	6	80	0.0750000
NODE_1197_length_2136_cov_16.947472	332	412	10	2	80	0.0250000
NODE_1197_length_2136_cov_16.947472	408	488	5	8	80	0.1000000
NODE_1197_length_2136_cov_16.947472	408	488	7	5	80	0.0625000
NODE_1197_length_2136_cov_16.947472	408	488	9	4	80	0.0500000
NODE_1197_length_2136_cov_16.947472	408	488	10	39	80	0.4875000
NODE_1197_length_2136_cov_16.947472	408	488	11	4	80	0.0500000
NODE_1197_length_2136_cov_16.947472	408	488	12	20	80	0.2500000
NODE_1197_length_2136_cov_16.947472	461	541	4	14	80	0.1750000
NODE_1197_length_2136_cov_16.947472	461	541	5	47	80	0.5875000
NODE_1197_length_2136_cov_16.947472	461	541	7	5	80	0.0625000
NODE_1197_length_2136_cov_16.947472	461	541	9	2	80	0.0250000
NODE_1197_length_2136_cov_16.947472	461	541	10	5	80	0.0625000
NODE_1197_length_2136_cov_16.947472	461	541	12	7	80	0.0875000
NODE_1199_length_2133_cov_15.038840	498	578	3	16	80	0.2000000
NODE_1199_length_2133_cov_15.038840	498	578	4	60	80	0.7500000
NODE_1199_length_2133_cov_15.038840	498	578	5	4	80	0.0500000
NODE_1199_length_2133_cov_15.038840	551	631	4	80	80	1.0000000
NODE_1199_length_2133_cov_15.038840	627	707	0	22	80	0.2750000
NODE_1199_length_2133_cov_15.038840	627	707	1	21	80	0.2625000
NODE_1199_length_2133_cov_15.038840	627	707	2	19	80	0.2375000
NODE_1199_length_2133_cov_15.038840	627	707	3	8	80	0.1000000
NODE_1199_length_2133_cov_15.038840	627	707	4	10	80	0.1250000
NODE_1199_length_2133_cov_15.038840	680	722	0	37	42	0.8809524
NODE_1199_length_2133_cov_15.038840	680	722	1	5	42	0.1190476
NODE_1204_length_2128_cov_11.799409	1698	1778	1	80	80	1.0000000
NODE_1204_length_2128_cov_11.799409	1751	1831	0	3	80	0.0375000
NODE_1204_length_2128_cov_11.799409	1751	1831	1	45	80	0.5625000
NODE_1204_length_2128_cov_11.799409	1751	1831	2	32	80	0.4000000
NODE_1206_length_2126_cov_6.854465	1614	1694	2	10	80	0.1250000
NODE_1206_length_2126_cov_6.854465	1614	1694	3	8	80	0.1000000
NODE_1206_length_2126_cov_6.854465	1614	1694	4	16	80	0.2000000
NODE_1206_length_2126_cov_6.854465	1614	1694	5	10	80	0.1250000
NODE_1206_length_2126_cov_6.854465	1614	1694	7	36	80	0.4500000
NODE_1206_length_2126_cov_6.854465	1667	1747	6	11	80	0.1375000
NODE_1206_length_2126_cov_6.854465	1667	1747	7	30	80	0.3750000
NODE_1206_length_2126_cov_6.854465	1667	1747	8	39	80	0.4875000
NODE_1209_length_2123_cov_12.668478	102	143	0	41	41	1.0000000
NODE_1209_length_2123_cov_12.668478	1474	1500	4	26	26	1.0000000
NODE_1209_length_2123_cov_12.668478	1552	1601	2	28	49	0.5714286
NODE_1209_length_2123_cov_12.668478	1552	1601	4	21	49	0.4285714
NODE_1209_length_2123_cov_12.668478	1574	1654	2	6	80	0.0750000
NODE_1209_length_2123_cov_12.668478	1574	1654	4	28	80	0.3500000
NODE_1209_length_2123_cov_12.668478	1574	1654	6	9	80	0.1125000
NODE_1209_length_2123_cov_12.668478	1574	1654	7	19	80	0.2375000
NODE_1209_length_2123_cov_12.668478	1574	1654	8	18	80	0.2250000
NODE_1211_length_2121_cov_10.101879	497	577	0	80	80	1.0000000
NODE_1211_length_2121_cov_10.101879	550	630	0	80	80	1.0000000
NODE_1211_length_2121_cov_10.101879	1935	2008	1	5	73	0.0684932
NODE_1211_length_2121_cov_10.101879	1935	2008	2	68	73	0.9315069
NODE_1212_length_2121_cov_9.964886	1523	1603	2	80	80	1.0000000
NODE_1212_length_2121_cov_9.964886	1576	1656	2	46	80	0.5750000
NODE_1212_length_2121_cov_9.964886	1576	1656	3	33	80	0.4125000
NODE_1212_length_2121_cov_9.964886	1576	1656	4	1	80	0.0125000
NODE_1213_length_2120_cov_24.609599	25	92	0	67	67	1.0000000
NODE_1215_length_2119_cov_18.446040	366	446	4	78	80	0.9750000
NODE_1215_length_2119_cov_18.446040	366	446	6	2	80	0.0250000
NODE_1215_length_2119_cov_18.446040	419	499	2	39	80	0.4875000
NODE_1215_length_2119_cov_18.446040	419	499	3	7	80	0.0875000
NODE_1215_length_2119_cov_18.446040	419	499	4	34	80	0.4250000
NODE_1215_length_2119_cov_18.446040	1239	1319	1	20	80	0.2500000
NODE_1215_length_2119_cov_18.446040	1239	1319	2	14	80	0.1750000
NODE_1215_length_2119_cov_18.446040	1239	1319	4	25	80	0.3125000
NODE_1215_length_2119_cov_18.446040	1239	1319	6	21	80	0.2625000
NODE_1215_length_2119_cov_18.446040	1292	1372	3	19	80	0.2375000
NODE_1215_length_2119_cov_18.446040	1292	1372	4	6	80	0.0750000
NODE_1215_length_2119_cov_18.446040	1292	1372	5	13	80	0.1625000
NODE_1215_length_2119_cov_18.446040	1292	1372	6	42	80	0.5250000
NODE_1225_length_2110_cov_8.668324	1755	1835	1	48	80	0.6000000
NODE_1225_length_2110_cov_8.668324	1755	1835	2	13	80	0.1625000
NODE_1225_length_2110_cov_8.668324	1755	1835	3	19	80	0.2375000
NODE_1225_length_2110_cov_8.668324	1808	1888	2	8	80	0.1000000
NODE_1225_length_2110_cov_8.668324	1808	1888	3	52	80	0.6500000
NODE_1225_length_2110_cov_8.668324	1808	1888	4	19	80	0.2375000
NODE_1225_length_2110_cov_8.668324	1808	1888	6	1	80	0.0125000
NODE_1227_length_2106_cov_14.643747	1579	1659	3	21	80	0.2625000
NODE_1227_length_2106_cov_14.643747	1579	1659	4	59	80	0.7375000
NODE_1227_length_2106_cov_14.643747	1632	1712	1	14	80	0.1750000
NODE_1227_length_2106_cov_14.643747	1632	1712	2	25	80	0.3125000
NODE_1227_length_2106_cov_14.643747	1632	1712	3	30	80	0.3750000
NODE_1227_length_2106_cov_14.643747	1632	1712	4	11	80	0.1375000
NODE_1227_length_2106_cov_14.643747	1708	1786	0	52	78	0.6666667
NODE_1227_length_2106_cov_14.643747	1708	1786	1	26	78	0.3333333
NODE_1227_length_2106_cov_14.643747	1759	1839	0	80	80	1.0000000
NODE_1228_length_2106_cov_3.173393	48	96	0	48	48	1.0000000
NODE_1228_length_2106_cov_3.173393	48	96	0	48	48	1.0000000
NODE_1228_length_2106_cov_3.173393	48	96	0	48	48	1.0000000
NODE_1228_length_2106_cov_3.173393	48	96	0	48	48	1.0000000
NODE_1228_length_2106_cov_3.173393	48	96	0	48	48	1.0000000
NODE_1229_length_2102_cov_23.872192	390	470	0	39	80	0.4875000
NODE_1229_length_2102_cov_23.872192	390	470	1	41	80	0.5125000
NODE_1229_length_2102_cov_23.872192	443	523	1	77	80	0.9625000
NODE_1229_length_2102_cov_23.872192	443	523	2	3	80	0.0375000
NODE_1229_length_2102_cov_23.872192	519	599	1	1	80	0.0125000
NODE_1229_length_2102_cov_23.872192	519	599	2	9	80	0.1125000
NODE_1229_length_2102_cov_23.872192	519	599	3	9	80	0.1125000
NODE_1229_length_2102_cov_23.872192	519	599	4	2	80	0.0250000
NODE_1229_length_2102_cov_23.872192	519	599	5	30	80	0.3750000
NODE_1229_length_2102_cov_23.872192	519	599	7	8	80	0.1000000
NODE_1229_length_2102_cov_23.872192	519	599	8	3	80	0.0375000
NODE_1229_length_2102_cov_23.872192	519	599	9	1	80	0.0125000
NODE_1229_length_2102_cov_23.872192	519	599	10	4	80	0.0500000
NODE_1229_length_2102_cov_23.872192	519	599	12	7	80	0.0875000
NODE_1229_length_2102_cov_23.872192	519	599	13	6	80	0.0750000
NODE_1229_length_2102_cov_23.872192	572	652	7	6	80	0.0750000
NODE_1229_length_2102_cov_23.872192	572	652	8	3	80	0.0375000
NODE_1229_length_2102_cov_23.872192	572	652	9	1	80	0.0125000
NODE_1229_length_2102_cov_23.872192	572	652	10	4	80	0.0500000
NODE_1229_length_2102_cov_23.872192	572	652	12	7	80	0.0875000
NODE_1229_length_2102_cov_23.872192	572	652	13	28	80	0.3500000
NODE_1229_length_2102_cov_23.872192	572	652	14	15	80	0.1875000
NODE_1229_length_2102_cov_23.872192	572	652	15	16	80	0.2000000
NODE_1229_length_2102_cov_23.872192	1049	1101	53	2	52	0.0384615
NODE_1229_length_2102_cov_23.872192	1049	1101	56	4	52	0.0769231
NODE_1229_length_2102_cov_23.872192	1049	1101	57	4	52	0.0769231
NODE_1229_length_2102_cov_23.872192	1049	1101	58	7	52	0.1346154
NODE_1229_length_2102_cov_23.872192	1049	1101	59	6	52	0.1153846
NODE_1229_length_2102_cov_23.872192	1049	1101	60	13	52	0.2500000
NODE_1229_length_2102_cov_23.872192	1049	1101	61	4	52	0.0769231
NODE_1229_length_2102_cov_23.872192	1049	1101	62	12	52	0.2307692
NODE_1231_length_2100_cov_21.504248	450	530	2	80	80	1.0000000
NODE_1231_length_2100_cov_21.504248	503	578	0	27	75	0.3600000
NODE_1231_length_2100_cov_21.504248	503	578	1	9	75	0.1200000
NODE_1231_length_2100_cov_21.504248	503	578	2	39	75	0.5200000
NODE_1231_length_2100_cov_21.504248	579	659	1	27	80	0.3375000
NODE_1231_length_2100_cov_21.504248	579	659	2	38	80	0.4750000
NODE_1231_length_2100_cov_21.504248	579	659	3	15	80	0.1875000
NODE_1231_length_2100_cov_21.504248	632	712	2	12	80	0.1500000
NODE_1231_length_2100_cov_21.504248	632	712	3	68	80	0.8500000
NODE_1231_length_2100_cov_21.504248	1420	1500	2	80	80	1.0000000
NODE_1231_length_2100_cov_21.504248	1473	1553	0	4	80	0.0500000
NODE_1231_length_2100_cov_21.504248	1473	1553	1	1	80	0.0125000
NODE_1231_length_2100_cov_21.504248	1473	1553	2	75	80	0.9375000
NODE_1232_length_2100_cov_6.399300	1510	1590	1	6	80	0.0750000
NODE_1232_length_2100_cov_6.399300	1510	1590	2	41	80	0.5125000
NODE_1232_length_2100_cov_6.399300	1510	1590	3	2	80	0.0250000
NODE_1232_length_2100_cov_6.399300	1510	1590	4	31	80	0.3875000
NODE_1232_length_2100_cov_6.399300	1559	1590	4	31	31	1.0000000
NODE_1232_length_2100_cov_6.399300	1563	1644	3	26	81	0.3209876
NODE_1232_length_2100_cov_6.399300	1563	1644	4	55	81	0.6790124
NODE_1232_length_2100_cov_6.399300	1563	1644	3	26	81	0.3209876
NODE_1232_length_2100_cov_6.399300	1563	1644	4	55	81	0.6790124
NODE_1234_length_2099_cov_40.603500	960	1040	2	26	80	0.3250000
NODE_1234_length_2099_cov_40.603500	960	1040	3	22	80	0.2750000
NODE_1234_length_2099_cov_40.603500	960	1040	5	9	80	0.1125000
NODE_1234_length_2099_cov_40.603500	960	1040	7	20	80	0.2500000
NODE_1234_length_2099_cov_40.603500	960	1040	8	3	80	0.0375000
NODE_1234_length_2099_cov_40.603500	1013	1093	5	4	80	0.0500000
NODE_1234_length_2099_cov_40.603500	1013	1093	7	26	80	0.3250000
NODE_1234_length_2099_cov_40.603500	1013	1093	8	11	80	0.1375000
NODE_1234_length_2099_cov_40.603500	1013	1093	9	23	80	0.2875000
NODE_1234_length_2099_cov_40.603500	1013	1093	10	16	80	0.2000000
NODE_1234_length_2099_cov_40.603500	1089	1169	7	20	80	0.2500000
NODE_1234_length_2099_cov_40.603500	1089	1169	8	35	80	0.4375000
NODE_1234_length_2099_cov_40.603500	1089	1169	9	15	80	0.1875000
NODE_1234_length_2099_cov_40.603500	1089	1169	10	2	80	0.0250000
NODE_1234_length_2099_cov_40.603500	1089	1169	11	8	80	0.1000000
NODE_1234_length_2099_cov_40.603500	1142	1222	3	15	80	0.1875000
NODE_1234_length_2099_cov_40.603500	1142	1222	4	7	80	0.0875000
NODE_1234_length_2099_cov_40.603500	1142	1222	6	4	80	0.0500000
NODE_1234_length_2099_cov_40.603500	1142	1222	7	29	80	0.3625000
NODE_1234_length_2099_cov_40.603500	1142	1222	8	25	80	0.3125000
NODE_1235_length_2098_cov_62.733867	1042	1122	3	16	80	0.2000000
NODE_1235_length_2098_cov_62.733867	1042	1122	4	8	80	0.1000000
NODE_1235_length_2098_cov_62.733867	1042	1122	5	10	80	0.1250000
NODE_1235_length_2098_cov_62.733867	1042	1122	6	11	80	0.1375000
NODE_1235_length_2098_cov_62.733867	1042	1122	7	4	80	0.0500000
NODE_1235_length_2098_cov_62.733867	1042	1122	9	2	80	0.0250000
NODE_1235_length_2098_cov_62.733867	1042	1122	10	18	80	0.2250000
NODE_1235_length_2098_cov_62.733867	1042	1122	11	11	80	0.1375000
NODE_1235_length_2098_cov_62.733867	1095	1175	10	16	80	0.2000000
NODE_1235_length_2098_cov_62.733867	1095	1175	11	30	80	0.3750000
NODE_1235_length_2098_cov_62.733867	1095	1175	12	34	80	0.4250000
NODE_1235_length_2098_cov_62.733867	1171	1251	5	8	80	0.1000000
NODE_1235_length_2098_cov_62.733867	1171	1251	6	6	80	0.0750000
NODE_1235_length_2098_cov_62.733867	1171	1251	7	11	80	0.1375000
NODE_1235_length_2098_cov_62.733867	1171	1251	8	3	80	0.0375000
NODE_1235_length_2098_cov_62.733867	1171	1251	10	7	80	0.0875000
NODE_1235_length_2098_cov_62.733867	1171	1251	11	44	80	0.5500000
NODE_1235_length_2098_cov_62.733867	1171	1251	12	1	80	0.0125000
NODE_1235_length_2098_cov_62.733867	1224	1304	4	19	80	0.2375000
NODE_1235_length_2098_cov_62.733867	1224	1304	5	42	80	0.5250000
NODE_1235_length_2098_cov_62.733867	1224	1304	6	6	80	0.0750000
NODE_1235_length_2098_cov_62.733867	1224	1304	7	11	80	0.1375000
NODE_1235_length_2098_cov_62.733867	1224	1304	8	2	80	0.0250000
NODE_1236_length_2098_cov_20.220110	550	630	2	80	80	1.0000000
NODE_1236_length_2098_cov_20.220110	603	683	1	33	80	0.4125000
NODE_1236_length_2098_cov_20.220110	603	683	2	38	80	0.4750000
NODE_1236_length_2098_cov_20.220110	603	683	3	9	80	0.1125000
NODE_1236_length_2098_cov_20.220110	1571	1651	4	62	80	0.7750000
NODE_1236_length_2098_cov_20.220110	1571	1651	5	18	80	0.2250000
NODE_1236_length_2098_cov_20.220110	1624	1704	3	36	80	0.4500000
NODE_1236_length_2098_cov_20.220110	1624	1704	4	26	80	0.3250000
NODE_1236_length_2098_cov_20.220110	1624	1704	5	18	80	0.2250000
NODE_1237_length_2098_cov_8.261631	324	404	0	80	80	1.0000000
NODE_1239_length_2095_cov_29.930862	1128	1209	30	1	81	0.0123457
NODE_1239_length_2095_cov_29.930862	1128	1209	32	2	81	0.0246914
NODE_1239_length_2095_cov_29.930862	1128	1209	33	1	81	0.0123457
NODE_1239_length_2095_cov_29.930862	1128	1209	36	2	81	0.0246914
NODE_1239_length_2095_cov_29.930862	1128	1209	39	1	81	0.0123457
NODE_1239_length_2095_cov_29.930862	1128	1209	40	1	81	0.0123457
NODE_1239_length_2095_cov_29.930862	1128	1209	44	1	81	0.0123457
NODE_1239_length_2095_cov_29.930862	1128	1209	45	2	81	0.0246914
NODE_1239_length_2095_cov_29.930862	1128	1209	46	1	81	0.0123457
NODE_1239_length_2095_cov_29.930862	1128	1209	48	1	81	0.0123457
NODE_1239_length_2095_cov_29.930862	1128	1209	49	1	81	0.0123457
NODE_1239_length_2095_cov_29.930862	1128	1209	51	3	81	0.0370370
NODE_1239_length_2095_cov_29.930862	1128	1209	53	1	81	0.0123457
NODE_1239_length_2095_cov_29.930862	1128	1209	54	1	81	0.0123457
NODE_1239_length_2095_cov_29.930862	1128	1209	55	1	81	0.0123457
NODE_1239_length_2095_cov_29.930862	1128	1209	56	1	81	0.0123457
NODE_1239_length_2095_cov_29.930862	1128	1209	58	3	81	0.0370370
NODE_1239_length_2095_cov_29.930862	1128	1209	60	1	81	0.0123457
NODE_1239_length_2095_cov_29.930862	1128	1209	61	2	81	0.0246914
NODE_1239_length_2095_cov_29.930862	1128	1209	63	2	81	0.0246914
NODE_1239_length_2095_cov_29.930862	1128	1209	67	3	81	0.0370370
NODE_1239_length_2095_cov_29.930862	1128	1209	71	1	81	0.0123457
NODE_1239_length_2095_cov_29.930862	1128	1209	73	2	81	0.0246914
NODE_1239_length_2095_cov_29.930862	1128	1209	76	1	81	0.0123457
NODE_1239_length_2095_cov_29.930862	1128	1209	77	2	81	0.0246914
NODE_1239_length_2095_cov_29.930862	1128	1209	78	1	81	0.0123457
NODE_1239_length_2095_cov_29.930862	1128	1209	80	2	81	0.0246914
NODE_1239_length_2095_cov_29.930862	1128	1209	82	1	81	0.0123457
NODE_1239_length_2095_cov_29.930862	1128	1209	83	2	81	0.0246914
NODE_1239_length_2095_cov_29.930862	1128	1209	85	7	81	0.0864198
NODE_1239_length_2095_cov_29.930862	1128	1209	86	1	81	0.0123457
NODE_1239_length_2095_cov_29.930862	1128	1209	87	6	81	0.0740741
NODE_1239_length_2095_cov_29.930862	1128	1209	88	2	81	0.0246914
NODE_1239_length_2095_cov_29.930862	1128	1209	90	5	81	0.0617284
NODE_1239_length_2095_cov_29.930862	1128	1209	93	6	81	0.0740741
NODE_1239_length_2095_cov_29.930862	1128	1209	95	1	81	0.0123457
NODE_1239_length_2095_cov_29.930862	1128	1209	96	1	81	0.0123457
NODE_1239_length_2095_cov_29.930862	1128	1209	98	3	81	0.0370370
NODE_1239_length_2095_cov_29.930862	1128	1209	99	2	81	0.0246914
NODE_1239_length_2095_cov_29.930862	1128	1209	101	1	81	0.0123457
NODE_1239_length_2095_cov_29.930862	1128	1209	103	2	81	0.0246914
NODE_1239_length_2095_cov_29.930862	1204	1258	99	2	54	0.0370370
NODE_1239_length_2095_cov_29.930862	1204	1258	100	1	54	0.0185185
NODE_1239_length_2095_cov_29.930862	1204	1258	101	1	54	0.0185185
NODE_1239_length_2095_cov_29.930862	1204	1258	102	4	54	0.0740741
NODE_1239_length_2095_cov_29.930862	1204	1258	103	2	54	0.0370370
NODE_1239_length_2095_cov_29.930862	1204	1258	104	3	54	0.0555556
NODE_1239_length_2095_cov_29.930862	1204	1258	106	2	54	0.0370370
NODE_1239_length_2095_cov_29.930862	1204	1258	107	1	54	0.0185185
NODE_1239_length_2095_cov_29.930862	1204	1258	110	1	54	0.0185185
NODE_1239_length_2095_cov_29.930862	1204	1258	113	2	54	0.0370370
NODE_1239_length_2095_cov_29.930862	1204	1258	114	9	54	0.1666667
NODE_1239_length_2095_cov_29.930862	1204	1258	115	1	54	0.0185185
NODE_1239_length_2095_cov_29.930862	1204	1258	116	1	54	0.0185185
NODE_1239_length_2095_cov_29.930862	1204	1258	117	3	54	0.0555556
NODE_1239_length_2095_cov_29.930862	1204	1258	118	3	54	0.0555556
NODE_1239_length_2095_cov_29.930862	1204	1258	119	4	54	0.0740741
NODE_1239_length_2095_cov_29.930862	1204	1258	120	7	54	0.1296296
NODE_1239_length_2095_cov_29.930862	1204	1258	121	6	54	0.1111111
NODE_1239_length_2095_cov_29.930862	1204	1258	123	1	54	0.0185185
NODE_1251_length_2084_cov_1.720403	959	1039	0	80	80	1.0000000
NODE_1251_length_2084_cov_1.720403	1012	1092	0	80	80	1.0000000
NODE_1252_length_2083_cov_5.864415	419	499	2	9	80	0.1125000
NODE_1252_length_2083_cov_5.864415	419	499	4	22	80	0.2750000
NODE_1252_length_2083_cov_5.864415	419	499	5	1	80	0.0125000
NODE_1252_length_2083_cov_5.864415	419	499	6	48	80	0.6000000
NODE_1252_length_2083_cov_5.864415	472	552	4	24	80	0.3000000
NODE_1252_length_2083_cov_5.864415	472	552	5	50	80	0.6250000
NODE_1252_length_2083_cov_5.864415	472	552	6	6	80	0.0750000
NODE_1252_length_2083_cov_5.864415	548	628	1	40	80	0.5000000
NODE_1252_length_2083_cov_5.864415	548	628	2	9	80	0.1125000
NODE_1252_length_2083_cov_5.864415	548	628	3	1	80	0.0125000
NODE_1252_length_2083_cov_5.864415	548	628	5	30	80	0.3750000
NODE_1252_length_2083_cov_5.864415	601	681	1	48	80	0.6000000
NODE_1252_length_2083_cov_5.864415	601	681	2	32	80	0.4000000
NODE_1256_length_2078_cov_47.394644	311	391	5	5	80	0.0625000
NODE_1256_length_2078_cov_47.394644	311	391	6	30	80	0.3750000
NODE_1256_length_2078_cov_47.394644	311	391	7	44	80	0.5500000
NODE_1256_length_2078_cov_47.394644	311	391	8	1	80	0.0125000
NODE_1256_length_2078_cov_47.394644	364	444	5	19	80	0.2375000
NODE_1256_length_2078_cov_47.394644	364	444	6	34	80	0.4250000
NODE_1256_length_2078_cov_47.394644	364	444	7	26	80	0.3250000
NODE_1256_length_2078_cov_47.394644	364	444	8	1	80	0.0125000
NODE_1256_length_2078_cov_47.394644	440	520	6	3	80	0.0375000
NODE_1256_length_2078_cov_47.394644	440	520	7	5	80	0.0625000
NODE_1256_length_2078_cov_47.394644	440	520	8	5	80	0.0625000
NODE_1256_length_2078_cov_47.394644	440	520	9	17	80	0.2125000
NODE_1256_length_2078_cov_47.394644	440	520	10	9	80	0.1125000
NODE_1256_length_2078_cov_47.394644	440	520	11	4	80	0.0500000
NODE_1256_length_2078_cov_47.394644	440	520	12	22	80	0.2750000
NODE_1256_length_2078_cov_47.394644	440	520	13	1	80	0.0125000
NODE_1256_length_2078_cov_47.394644	440	520	14	14	80	0.1750000
NODE_1256_length_2078_cov_47.394644	493	573	9	20	80	0.2500000
NODE_1256_length_2078_cov_47.394644	493	573	10	4	80	0.0500000
NODE_1256_length_2078_cov_47.394644	493	573	12	41	80	0.5125000
NODE_1256_length_2078_cov_47.394644	493	573	13	1	80	0.0125000
NODE_1256_length_2078_cov_47.394644	493	573	14	14	80	0.1750000
NODE_1267_length_2067_cov_13.647866	1349	1429	6	9	80	0.1125000
NODE_1267_length_2067_cov_13.647866	1349	1429	7	19	80	0.2375000
NODE_1267_length_2067_cov_13.647866	1349	1429	8	9	80	0.1125000
NODE_1267_length_2067_cov_13.647866	1349	1429	9	43	80	0.5375000
NODE_1267_length_2067_cov_13.647866	1402	1482	6	40	80	0.5000000
NODE_1267_length_2067_cov_13.647866	1402	1482	7	30	80	0.3750000
NODE_1267_length_2067_cov_13.647866	1402	1482	9	10	80	0.1250000
NODE_1269_length_2066_cov_19.127605	1497	1577	2	80	80	1.0000000
NODE_1269_length_2066_cov_19.127605	1550	1630	0	40	80	0.5000000
NODE_1269_length_2066_cov_19.127605	1550	1630	1	4	80	0.0500000
NODE_1269_length_2066_cov_19.127605	1550	1630	2	36	80	0.4500000
NODE_1274_length_2061_cov_43.187054	364	444	1	16	80	0.2000000
NODE_1274_length_2061_cov_43.187054	364	444	2	2	80	0.0250000
NODE_1274_length_2061_cov_43.187054	364	444	3	30	80	0.3750000
NODE_1274_length_2061_cov_43.187054	364	444	4	32	80	0.4000000
NODE_1274_length_2061_cov_43.187054	417	497	3	72	80	0.9000000
NODE_1274_length_2061_cov_43.187054	417	497	4	8	80	0.1000000
NODE_1275_length_2061_cov_3.251784	981	1033	0	52	52	1.0000000
NODE_1275_length_2061_cov_3.251784	1006	1086	0	47	80	0.5875000
NODE_1275_length_2061_cov_3.251784	1006	1086	1	29	80	0.3625000
NODE_1275_length_2061_cov_3.251784	1006	1086	2	4	80	0.0500000
NODE_1277_length_2058_cov_4.531394	1844	1875	1	3	31	0.0967742
NODE_1277_length_2058_cov_4.531394	1844	1875	3	4	31	0.1290323
NODE_1277_length_2058_cov_4.531394	1844	1875	4	2	31	0.0645161
NODE_1277_length_2058_cov_4.531394	1844	1875	6	3	31	0.0967742
NODE_1277_length_2058_cov_4.531394	1844	1875	7	19	31	0.6129032
NODE_1277_length_2058_cov_4.531394	1848	1928	3	3	80	0.0375000
NODE_1277_length_2058_cov_4.531394	1848	1928	4	2	80	0.0250000
NODE_1277_length_2058_cov_4.531394	1848	1928	6	3	80	0.0375000
NODE_1277_length_2058_cov_4.531394	1848	1928	7	25	80	0.3125000
NODE_1277_length_2058_cov_4.531394	1848	1928	9	47	80	0.5875000
NODE_1279_length_2056_cov_20.525805	749	829	3	30	80	0.3750000
NODE_1279_length_2056_cov_20.525805	749	829	4	35	80	0.4375000
NODE_1279_length_2056_cov_20.525805	749	829	6	15	80	0.1875000
NODE_1279_length_2056_cov_20.525805	802	882	4	12	80	0.1500000
NODE_1279_length_2056_cov_20.525805	802	882	6	18	80	0.2250000
NODE_1279_length_2056_cov_20.525805	802	882	7	38	80	0.4750000
NODE_1279_length_2056_cov_20.525805	802	882	12	11	80	0.1375000
NODE_1279_length_2056_cov_20.525805	802	882	13	1	80	0.0125000
NODE_1279_length_2056_cov_20.525805	878	958	10	4	80	0.0500000
NODE_1279_length_2056_cov_20.525805	878	958	11	48	80	0.6000000
NODE_1279_length_2056_cov_20.525805	878	958	12	28	80	0.3500000
NODE_1279_length_2056_cov_20.525805	931	1011	8	29	80	0.3625000
NODE_1279_length_2056_cov_20.525805	931	1011	9	18	80	0.2250000
NODE_1279_length_2056_cov_20.525805	931	1011	11	33	80	0.4125000
NODE_1281_length_2055_cov_10.047546	1468	1548	0	80	80	1.0000000
NODE_1281_length_2055_cov_10.047546	1521	1601	0	80	80	1.0000000
NODE_1286_length_2049_cov_6.846154	270	350	0	80	80	1.0000000
NODE_1286_length_2049_cov_6.846154	323	403	0	80	80	1.0000000
NODE_1286_length_2049_cov_6.846154	1595	1674	0	79	79	1.0000000
NODE_1286_length_2049_cov_6.846154	1648	1712	0	64	64	1.0000000
NODE_1293_length_2045_cov_46.790339	876	956	20	1	80	0.0125000
NODE_1293_length_2045_cov_46.790339	876	956	22	11	80	0.1375000
NODE_1293_length_2045_cov_46.790339	876	956	23	5	80	0.0625000
NODE_1293_length_2045_cov_46.790339	876	956	24	1	80	0.0125000
NODE_1293_length_2045_cov_46.790339	876	956	25	23	80	0.2875000
NODE_1293_length_2045_cov_46.790339	876	956	26	22	80	0.2750000
NODE_1293_length_2045_cov_46.790339	876	956	27	10	80	0.1250000
NODE_1293_length_2045_cov_46.790339	876	956	28	7	80	0.0875000
NODE_1293_length_2045_cov_46.790339	929	1009	21	2	80	0.0250000
NODE_1293_length_2045_cov_46.790339	929	1009	22	5	80	0.0625000
NODE_1293_length_2045_cov_46.790339	929	1009	23	8	80	0.1000000
NODE_1293_length_2045_cov_46.790339	929	1009	24	8	80	0.1000000
NODE_1293_length_2045_cov_46.790339	929	1009	25	38	80	0.4750000
NODE_1293_length_2045_cov_46.790339	929	1009	26	13	80	0.1625000
NODE_1293_length_2045_cov_46.790339	929	1009	27	4	80	0.0500000
NODE_1293_length_2045_cov_46.790339	929	1009	28	2	80	0.0250000
NODE_1293_length_2045_cov_46.790339	1005	1085	19	1	80	0.0125000
NODE_1293_length_2045_cov_46.790339	1005	1085	20	7	80	0.0875000
NODE_1293_length_2045_cov_46.790339	1005	1085	21	3	80	0.0375000
NODE_1293_length_2045_cov_46.790339	1005	1085	22	13	80	0.1625000
NODE_1293_length_2045_cov_46.790339	1005	1085	23	23	80	0.2875000
NODE_1293_length_2045_cov_46.790339	1005	1085	24	1	80	0.0125000
NODE_1293_length_2045_cov_46.790339	1005	1085	25	5	80	0.0625000
NODE_1293_length_2045_cov_46.790339	1005	1085	26	4	80	0.0500000
NODE_1293_length_2045_cov_46.790339	1005	1085	27	16	80	0.2000000
NODE_1293_length_2045_cov_46.790339	1005	1085	28	7	80	0.0875000
NODE_1293_length_2045_cov_46.790339	1058	1138	19	6	80	0.0750000
NODE_1293_length_2045_cov_46.790339	1058	1138	20	16	80	0.2000000
NODE_1293_length_2045_cov_46.790339	1058	1138	22	8	80	0.1000000
NODE_1293_length_2045_cov_46.790339	1058	1138	23	2	80	0.0250000
NODE_1293_length_2045_cov_46.790339	1058	1138	25	15	80	0.1875000
NODE_1293_length_2045_cov_46.790339	1058	1138	26	4	80	0.0500000
NODE_1293_length_2045_cov_46.790339	1058	1138	27	22	80	0.2750000
NODE_1293_length_2045_cov_46.790339	1058	1138	28	7	80	0.0875000
NODE_1298_length_2042_cov_4.447761	241	315	0	74	74	1.0000000
NODE_1301_length_2040_cov_30.109737	1760	1844	36	4	84	0.0476190
NODE_1301_length_2040_cov_30.109737	1760	1844	38	5	84	0.0595238
NODE_1301_length_2040_cov_30.109737	1760	1844	39	3	84	0.0357143
NODE_1301_length_2040_cov_30.109737	1760	1844	40	5	84	0.0595238
NODE_1301_length_2040_cov_30.109737	1760	1844	41	19	84	0.2261905
NODE_1301_length_2040_cov_30.109737	1760	1844	42	9	84	0.1071429
NODE_1301_length_2040_cov_30.109737	1760	1844	43	4	84	0.0476190
NODE_1301_length_2040_cov_30.109737	1760	1844	44	12	84	0.1428571
NODE_1301_length_2040_cov_30.109737	1760	1844	45	8	84	0.0952381
NODE_1301_length_2040_cov_30.109737	1760	1844	46	8	84	0.0952381
NODE_1301_length_2040_cov_30.109737	1760	1844	47	7	84	0.0833333
NODE_1306_length_2036_cov_11.672173	369	449	3	8	80	0.1000000
NODE_1306_length_2036_cov_11.672173	369	449	5	48	80	0.6000000
NODE_1306_length_2036_cov_11.672173	369	449	6	3	80	0.0375000
NODE_1306_length_2036_cov_11.672173	369	449	7	21	80	0.2625000
NODE_1306_length_2036_cov_11.672173	422	502	2	15	80	0.1875000
NODE_1306_length_2036_cov_11.672173	422	502	3	46	80	0.5750000
NODE_1306_length_2036_cov_11.672173	422	502	5	19	80	0.2375000
NODE_1312_length_2032_cov_11.188308	416	496	0	80	80	1.0000000
NODE_1312_length_2032_cov_11.188308	469	549	0	80	80	1.0000000
NODE_1318_length_2027_cov_43.702282	1129	1209	2	16	80	0.2000000
NODE_1318_length_2027_cov_43.702282	1129	1209	3	9	80	0.1125000
NODE_1318_length_2027_cov_43.702282	1129	1209	4	27	80	0.3375000
NODE_1318_length_2027_cov_43.702282	1129	1209	5	8	80	0.1000000
NODE_1318_length_2027_cov_43.702282	1129	1209	6	7	80	0.0875000
NODE_1318_length_2027_cov_43.702282	1129	1209	7	1	80	0.0125000
NODE_1318_length_2027_cov_43.702282	1129	1209	8	4	80	0.0500000
NODE_1318_length_2027_cov_43.702282	1129	1209	9	1	80	0.0125000
NODE_1318_length_2027_cov_43.702282	1129	1209	10	2	80	0.0250000
NODE_1318_length_2027_cov_43.702282	1129	1209	12	5	80	0.0625000
NODE_1318_length_2027_cov_43.702282	1182	1262	5	7	80	0.0875000
NODE_1318_length_2027_cov_43.702282	1182	1262	6	7	80	0.0875000
NODE_1318_length_2027_cov_43.702282	1182	1262	7	1	80	0.0125000
NODE_1318_length_2027_cov_43.702282	1182	1262	8	4	80	0.0500000
NODE_1318_length_2027_cov_43.702282	1182	1262	9	1	80	0.0125000
NODE_1318_length_2027_cov_43.702282	1182	1262	10	2	80	0.0250000
NODE_1318_length_2027_cov_43.702282	1182	1262	11	3	80	0.0375000
NODE_1318_length_2027_cov_43.702282	1182	1262	12	22	80	0.2750000
NODE_1318_length_2027_cov_43.702282	1182	1262	13	14	80	0.1750000
NODE_1318_length_2027_cov_43.702282	1182	1262	14	7	80	0.0875000
NODE_1318_length_2027_cov_43.702282	1182	1262	15	2	80	0.0250000
NODE_1318_length_2027_cov_43.702282	1182	1262	16	4	80	0.0500000
NODE_1318_length_2027_cov_43.702282	1182	1262	18	1	80	0.0125000
NODE_1318_length_2027_cov_43.702282	1182	1262	20	3	80	0.0375000
NODE_1318_length_2027_cov_43.702282	1182	1262	22	2	80	0.0250000
NODE_1318_length_2027_cov_43.702282	1258	1338	20	2	80	0.0250000
NODE_1318_length_2027_cov_43.702282	1258	1338	22	20	80	0.2500000
NODE_1318_length_2027_cov_43.702282	1258	1338	23	4	80	0.0500000
NODE_1318_length_2027_cov_43.702282	1258	1338	26	2	80	0.0250000
NODE_1318_length_2027_cov_43.702282	1258	1338	28	3	80	0.0375000
NODE_1318_length_2027_cov_43.702282	1258	1338	29	22	80	0.2750000
NODE_1318_length_2027_cov_43.702282	1258	1338	30	27	80	0.3375000
NODE_1318_length_2027_cov_43.702282	1311	1391	19	13	80	0.1625000
NODE_1318_length_2027_cov_43.702282	1311	1391	20	16	80	0.2000000
NODE_1318_length_2027_cov_43.702282	1311	1391	21	4	80	0.0500000
NODE_1318_length_2027_cov_43.702282	1311	1391	22	3	80	0.0375000
NODE_1318_length_2027_cov_43.702282	1311	1391	23	4	80	0.0500000
NODE_1318_length_2027_cov_43.702282	1311	1391	24	4	80	0.0500000
NODE_1318_length_2027_cov_43.702282	1311	1391	25	1	80	0.0125000
NODE_1318_length_2027_cov_43.702282	1311	1391	26	3	80	0.0375000
NODE_1318_length_2027_cov_43.702282	1311	1391	27	5	80	0.0625000
NODE_1318_length_2027_cov_43.702282	1311	1391	29	7	80	0.0875000
NODE_1318_length_2027_cov_43.702282	1311	1391	30	20	80	0.2500000
NODE_1319_length_2027_cov_6.558610	229	303	0	74	74	1.0000000
NODE_1319_length_2027_cov_6.558610	229	303	0	74	74	1.0000000
NODE_1319_length_2027_cov_6.558610	276	356	0	80	80	1.0000000
NODE_1320_length_2026_cov_18.457706	688	768	8	1	80	0.0125000
NODE_1320_length_2026_cov_18.457706	688	768	9	66	80	0.8250000
NODE_1320_length_2026_cov_18.457706	688	768	10	12	80	0.1500000
NODE_1320_length_2026_cov_18.457706	688	768	11	1	80	0.0125000
NODE_1320_length_2026_cov_18.457706	741	821	4	33	80	0.4125000
NODE_1320_length_2026_cov_18.457706	741	821	5	13	80	0.1625000
NODE_1320_length_2026_cov_18.457706	741	821	6	3	80	0.0375000
NODE_1320_length_2026_cov_18.457706	741	821	8	3	80	0.0375000
NODE_1320_length_2026_cov_18.457706	741	821	9	19	80	0.2375000
NODE_1320_length_2026_cov_18.457706	741	821	10	8	80	0.1000000
NODE_1320_length_2026_cov_18.457706	741	821	11	1	80	0.0125000
NODE_1324_length_2025_cov_10.711319	617	697	1	19	80	0.2375000
NODE_1324_length_2025_cov_10.711319	617	697	2	61	80	0.7625000
NODE_1324_length_2025_cov_10.711319	712	783	0	66	71	0.9295775
NODE_1324_length_2025_cov_10.711319	712	783	1	5	71	0.0704225
NODE_1324_length_2025_cov_10.711319	756	829	0	73	73	1.0000000
NODE_1325_length_2024_cov_33.891948	1045	1125	4	26	80	0.3250000
NODE_1325_length_2024_cov_33.891948	1045	1125	8	22	80	0.2750000
NODE_1325_length_2024_cov_33.891948	1045	1125	9	1	80	0.0125000
NODE_1325_length_2024_cov_33.891948	1045	1125	13	1	80	0.0125000
NODE_1325_length_2024_cov_33.891948	1045	1125	14	12	80	0.1500000
NODE_1325_length_2024_cov_33.891948	1045	1125	15	6	80	0.0750000
NODE_1325_length_2024_cov_33.891948	1045	1125	16	12	80	0.1500000
NODE_1325_length_2024_cov_33.891948	1098	1178	10	8	80	0.1000000
NODE_1325_length_2024_cov_33.891948	1098	1178	12	21	80	0.2625000
NODE_1325_length_2024_cov_33.891948	1098	1178	14	9	80	0.1125000
NODE_1325_length_2024_cov_33.891948	1098	1178	15	6	80	0.0750000
NODE_1325_length_2024_cov_33.891948	1098	1178	16	30	80	0.3750000
NODE_1325_length_2024_cov_33.891948	1098	1178	18	6	80	0.0750000
NODE_1331_length_2018_cov_33.742053	1215	1295	26	1	80	0.0125000
NODE_1331_length_2018_cov_33.742053	1215	1295	27	7	80	0.0875000
NODE_1331_length_2018_cov_33.742053	1215	1295	28	14	80	0.1750000
NODE_1331_length_2018_cov_33.742053	1215	1295	29	11	80	0.1375000
NODE_1331_length_2018_cov_33.742053	1215	1295	30	21	80	0.2625000
NODE_1331_length_2018_cov_33.742053	1215	1295	31	12	80	0.1500000
NODE_1331_length_2018_cov_33.742053	1215	1295	32	9	80	0.1125000
NODE_1331_length_2018_cov_33.742053	1215	1295	33	3	80	0.0375000
NODE_1331_length_2018_cov_33.742053	1215	1295	34	1	80	0.0125000
NODE_1331_length_2018_cov_33.742053	1215	1295	35	1	80	0.0125000
NODE_1331_length_2018_cov_33.742053	1268	1298	27	7	30	0.2333333
NODE_1331_length_2018_cov_33.742053	1268	1298	28	5	30	0.1666667
NODE_1331_length_2018_cov_33.742053	1268	1298	29	8	30	0.2666667
NODE_1331_length_2018_cov_33.742053	1268	1298	30	3	30	0.1000000
NODE_1331_length_2018_cov_33.742053	1268	1298	31	2	30	0.0666667
NODE_1331_length_2018_cov_33.742053	1268	1298	32	5	30	0.1666667
NODE_1331_length_2018_cov_33.742053	1876	1942	53	1	66	0.0151515
NODE_1331_length_2018_cov_33.742053	1876	1942	54	2	66	0.0303030
NODE_1331_length_2018_cov_33.742053	1876	1942	56	1	66	0.0151515
NODE_1331_length_2018_cov_33.742053	1876	1942	57	2	66	0.0303030
NODE_1331_length_2018_cov_33.742053	1876	1942	59	5	66	0.0757576
NODE_1331_length_2018_cov_33.742053	1876	1942	60	4	66	0.0606061
NODE_1331_length_2018_cov_33.742053	1876	1942	61	7	66	0.1060606
NODE_1331_length_2018_cov_33.742053	1876	1942	62	6	66	0.0909091
NODE_1331_length_2018_cov_33.742053	1876	1942	63	5	66	0.0757576
NODE_1331_length_2018_cov_33.742053	1876	1942	64	4	66	0.0606061
NODE_1331_length_2018_cov_33.742053	1876	1942	67	3	66	0.0454545
NODE_1331_length_2018_cov_33.742053	1876	1942	68	2	66	0.0303030
NODE_1331_length_2018_cov_33.742053	1876	1942	72	2	66	0.0303030
NODE_1331_length_2018_cov_33.742053	1876	1942	74	2	66	0.0303030
NODE_1331_length_2018_cov_33.742053	1876	1942	75	5	66	0.0757576
NODE_1331_length_2018_cov_33.742053	1876	1942	76	4	66	0.0606061
NODE_1331_length_2018_cov_33.742053	1876	1942	80	3	66	0.0454545
NODE_1331_length_2018_cov_33.742053	1876	1942	82	3	66	0.0454545
NODE_1331_length_2018_cov_33.742053	1876	1942	84	2	66	0.0303030
NODE_1331_length_2018_cov_33.742053	1876	1942	87	3	66	0.0454545
NODE_1331_length_2018_cov_33.742053	1915	1995	2	4	80	0.0500000
NODE_1331_length_2018_cov_33.742053	1915	1995	6	2	80	0.0250000
NODE_1331_length_2018_cov_33.742053	1915	1995	11	2	80	0.0250000
NODE_1331_length_2018_cov_33.742053	1915	1995	12	5	80	0.0625000
NODE_1331_length_2018_cov_33.742053	1915	1995	13	2	80	0.0250000
NODE_1331_length_2018_cov_33.742053	1915	1995	17	5	80	0.0625000
NODE_1331_length_2018_cov_33.742053	1915	1995	18	1	80	0.0125000
NODE_1331_length_2018_cov_33.742053	1915	1995	21	3	80	0.0375000
NODE_1331_length_2018_cov_33.742053	1915	1995	23	1	80	0.0125000
NODE_1331_length_2018_cov_33.742053	1915	1995	24	1	80	0.0125000
NODE_1331_length_2018_cov_33.742053	1915	1995	26	1	80	0.0125000
NODE_1331_length_2018_cov_33.742053	1915	1995	27	2	80	0.0250000
NODE_1331_length_2018_cov_33.742053	1915	1995	30	2	80	0.0250000
NODE_1331_length_2018_cov_33.742053	1915	1995	32	2	80	0.0250000
NODE_1331_length_2018_cov_33.742053	1915	1995	33	1	80	0.0125000
NODE_1331_length_2018_cov_33.742053	1915	1995	34	1	80	0.0125000
NODE_1331_length_2018_cov_33.742053	1915	1995	36	1	80	0.0125000
NODE_1331_length_2018_cov_33.742053	1915	1995	40	2	80	0.0250000
NODE_1331_length_2018_cov_33.742053	1915	1995	44	1	80	0.0125000
NODE_1331_length_2018_cov_33.742053	1915	1995	46	5	80	0.0625000
NODE_1331_length_2018_cov_33.742053	1915	1995	48	5	80	0.0625000
NODE_1331_length_2018_cov_33.742053	1915	1995	50	1	80	0.0125000
NODE_1331_length_2018_cov_33.742053	1915	1995	52	2	80	0.0250000
NODE_1331_length_2018_cov_33.742053	1915	1995	53	2	80	0.0250000
NODE_1331_length_2018_cov_33.742053	1915	1995	54	2	80	0.0250000
NODE_1331_length_2018_cov_33.742053	1915	1995	56	1	80	0.0125000
NODE_1331_length_2018_cov_33.742053	1915	1995	57	2	80	0.0250000
NODE_1331_length_2018_cov_33.742053	1915	1995	59	5	80	0.0625000
NODE_1331_length_2018_cov_33.742053	1915	1995	60	4	80	0.0500000
NODE_1331_length_2018_cov_33.742053	1915	1995	61	7	80	0.0875000
NODE_1331_length_2018_cov_33.742053	1915	1995	62	5	80	0.0625000
NODE_1337_length_2011_cov_22.430439	434	514	0	14	80	0.1750000
NODE_1337_length_2011_cov_22.430439	434	514	2	66	80	0.8250000
NODE_1337_length_2011_cov_22.430439	487	567	0	63	80	0.7875000
NODE_1337_length_2011_cov_22.430439	487	567	2	17	80	0.2125000
NODE_1337_length_2011_cov_22.430439	1124	1204	2	27	80	0.3375000
NODE_1337_length_2011_cov_22.430439	1124	1204	3	51	80	0.6375000
NODE_1337_length_2011_cov_22.430439	1124	1204	4	2	80	0.0250000
NODE_1337_length_2011_cov_22.430439	1177	1257	3	74	80	0.9250000
NODE_1337_length_2011_cov_22.430439	1177	1257	4	6	80	0.0750000
NODE_1343_length_2001_cov_10.416404	692	772	6	13	80	0.1625000
NODE_1343_length_2001_cov_10.416404	692	772	7	15	80	0.1875000
NODE_1343_length_2001_cov_10.416404	692	772	8	18	80	0.2250000
NODE_1343_length_2001_cov_10.416404	692	772	9	29	80	0.3625000
NODE_1343_length_2001_cov_10.416404	692	772	10	5	80	0.0625000
NODE_1343_length_2001_cov_10.416404	745	825	9	32	80	0.4000000
NODE_1343_length_2001_cov_10.416404	745	825	10	10	80	0.1250000
NODE_1343_length_2001_cov_10.416404	745	825	11	29	80	0.3625000
NODE_1343_length_2001_cov_10.416404	745	825	12	9	80	0.1125000
NODE_1350_length_1991_cov_112.926533	212	292	43	1	80	0.0125000
NODE_1350_length_1991_cov_112.926533	212	292	45	3	80	0.0375000
NODE_1350_length_1991_cov_112.926533	212	292	46	3	80	0.0375000
NODE_1350_length_1991_cov_112.926533	212	292	47	4	80	0.0500000
NODE_1350_length_1991_cov_112.926533	212	292	48	3	80	0.0375000
NODE_1350_length_1991_cov_112.926533	212	292	49	1	80	0.0125000
NODE_1350_length_1991_cov_112.926533	212	292	50	1	80	0.0125000
NODE_1350_length_1991_cov_112.926533	212	292	51	2	80	0.0250000
NODE_1350_length_1991_cov_112.926533	212	292	52	6	80	0.0750000
NODE_1350_length_1991_cov_112.926533	212	292	53	19	80	0.2375000
NODE_1350_length_1991_cov_112.926533	212	292	54	11	80	0.1375000
NODE_1350_length_1991_cov_112.926533	212	292	55	3	80	0.0375000
NODE_1350_length_1991_cov_112.926533	212	292	56	8	80	0.1000000
NODE_1350_length_1991_cov_112.926533	212	292	57	5	80	0.0625000
NODE_1350_length_1991_cov_112.926533	212	292	58	2	80	0.0250000
NODE_1350_length_1991_cov_112.926533	212	292	59	8	80	0.1000000
NODE_1352_length_1988_cov_13.736368	865	945	7	19	80	0.2375000
NODE_1352_length_1988_cov_13.736368	865	945	8	23	80	0.2875000
NODE_1352_length_1988_cov_13.736368	865	945	9	38	80	0.4750000
NODE_1352_length_1988_cov_13.736368	918	998	5	11	80	0.1375000
NODE_1352_length_1988_cov_13.736368	918	998	6	30	80	0.3750000
NODE_1352_length_1988_cov_13.736368	918	998	7	4	80	0.0500000
NODE_1352_length_1988_cov_13.736368	918	998	8	16	80	0.2000000
NODE_1352_length_1988_cov_13.736368	918	998	9	19	80	0.2375000
NODE_1353_length_1988_cov_9.980413	1616	1696	3	26	80	0.3250000
NODE_1353_length_1988_cov_9.980413	1616	1696	4	54	80	0.6750000
NODE_1353_length_1988_cov_9.980413	1669	1749	0	4	80	0.0500000
NODE_1353_length_1988_cov_9.980413	1669	1749	1	17	80	0.2125000
NODE_1353_length_1988_cov_9.980413	1669	1749	2	14	80	0.1750000
NODE_1353_length_1988_cov_9.980413	1669	1749	3	44	80	0.5500000
NODE_1353_length_1988_cov_9.980413	1669	1749	4	1	80	0.0125000
NODE_1356_length_1983_cov_17.332803	494	574	3	20	80	0.2500000
NODE_1356_length_1983_cov_17.332803	494	574	4	60	80	0.7500000
NODE_1356_length_1983_cov_17.332803	547	627	1	34	80	0.4250000
NODE_1356_length_1983_cov_17.332803	547	627	3	39	80	0.4875000
NODE_1356_length_1983_cov_17.332803	547	627	4	7	80	0.0875000
NODE_1356_length_1983_cov_17.332803	1600	1680	0	13	80	0.1625000
NODE_1356_length_1983_cov_17.332803	1600	1680	1	63	80	0.7875000
NODE_1356_length_1983_cov_17.332803	1600	1680	3	4	80	0.0500000
NODE_1356_length_1983_cov_17.332803	1653	1733	0	10	80	0.1250000
NODE_1356_length_1983_cov_17.332803	1653	1733	1	13	80	0.1625000
NODE_1356_length_1983_cov_17.332803	1653	1733	3	57	80	0.7125000
NODE_1359_length_1982_cov_17.164100	457	537	3	52	80	0.6500000
NODE_1359_length_1982_cov_17.164100	457	537	4	28	80	0.3500000
NODE_1359_length_1982_cov_17.164100	510	590	1	50	80	0.6250000
NODE_1359_length_1982_cov_17.164100	510	590	3	11	80	0.1375000
NODE_1359_length_1982_cov_17.164100	510	590	4	19	80	0.2375000
NODE_1359_length_1982_cov_17.164100	586	666	1	40	80	0.5000000
NODE_1359_length_1982_cov_17.164100	586	666	2	17	80	0.2125000
NODE_1359_length_1982_cov_17.164100	586	666	3	23	80	0.2875000
NODE_1359_length_1982_cov_17.164100	639	723	2	68	84	0.8095238
NODE_1359_length_1982_cov_17.164100	639	723	3	16	84	0.1904762
NODE_1360_length_1981_cov_46.444208	0	70	1	2	70	0.0285714
NODE_1360_length_1981_cov_46.444208	0	70	3	12	70	0.1714286
NODE_1360_length_1981_cov_46.444208	0	70	4	32	70	0.4571429
NODE_1360_length_1981_cov_46.444208	0	70	6	24	70	0.3428572
NODE_1362_length_1979_cov_1.630851	1554	1634	0	80	80	1.0000000
NODE_1364_length_1976_cov_1.959510	154	215	3	61	61	1.0000000
NODE_1364_length_1976_cov_1.959510	154	215	3	61	61	1.0000000
NODE_1364_length_1976_cov_1.959510	154	213	3	59	59	1.0000000
NODE_1365_length_1974_cov_8.058133	617	697	1	8	80	0.1000000
NODE_1365_length_1974_cov_8.058133	617	697	2	9	80	0.1125000
NODE_1365_length_1974_cov_8.058133	617	697	3	1	80	0.0125000
NODE_1365_length_1974_cov_8.058133	617	697	4	8	80	0.1000000
NODE_1365_length_1974_cov_8.058133	617	697	5	54	80	0.6750000
NODE_1365_length_1974_cov_8.058133	670	750	5	57	80	0.7125000
NODE_1365_length_1974_cov_8.058133	670	750	6	23	80	0.2875000
NODE_1366_length_1973_cov_14.885272	640	726	2	28	86	0.3255814
NODE_1366_length_1973_cov_14.885272	640	726	3	38	86	0.4418605
NODE_1366_length_1973_cov_14.885272	640	726	5	18	86	0.2093023
NODE_1366_length_1973_cov_14.885272	640	726	6	2	86	0.0232558
NODE_1366_length_1973_cov_14.885272	699	779	3	7	80	0.0875000
NODE_1366_length_1973_cov_14.885272	699	779	5	18	80	0.2250000
NODE_1366_length_1973_cov_14.885272	699	779	6	34	80	0.4250000
NODE_1366_length_1973_cov_14.885272	699	779	7	19	80	0.2375000
NODE_1366_length_1973_cov_14.885272	699	779	8	2	80	0.0250000
NODE_1366_length_1973_cov_14.885272	1389	1469	1	19	80	0.2375000
NODE_1366_length_1973_cov_14.885272	1389	1469	2	6	80	0.0750000
NODE_1366_length_1973_cov_14.885272	1389	1469	3	46	80	0.5750000
NODE_1366_length_1973_cov_14.885272	1389	1469	4	9	80	0.1125000
NODE_1366_length_1973_cov_14.885272	1442	1522	3	54	80	0.6750000
NODE_1366_length_1973_cov_14.885272	1442	1522	4	26	80	0.3250000
NODE_1372_length_1971_cov_3.126068	1662	1742	2	41	80	0.5125000
NODE_1372_length_1971_cov_3.126068	1662	1742	4	39	80	0.4875000
NODE_1372_length_1971_cov_3.126068	1715	1799	2	78	84	0.9285714
NODE_1372_length_1971_cov_3.126068	1715	1799	4	6	84	0.0714286
NODE_1386_length_1962_cov_23.774557	281	311	4	30	30	1.0000000
NODE_1386_length_1962_cov_23.774557	329	355	4	26	26	1.0000000
NODE_1386_length_1962_cov_23.774557	408	487	1	7	79	0.0886076
NODE_1386_length_1962_cov_23.774557	408	487	3	72	79	0.9113924
NODE_1386_length_1962_cov_23.774557	460	540	3	80	80	1.0000000
NODE_1386_length_1962_cov_23.774557	1417	1497	1	80	80	1.0000000
NODE_1386_length_1962_cov_23.774557	1470	1550	0	41	80	0.5125000
NODE_1386_length_1962_cov_23.774557	1470	1550	1	39	80	0.4875000
NODE_1386_length_1962_cov_23.774557	1607	1640	1	33	33	1.0000000
NODE_1395_length_1953_cov_26.183927	1	81	0	80	80	1.0000000
NODE_1395_length_1953_cov_26.183927	6	28	0	22	22	1.0000000
NODE_1395_length_1953_cov_26.183927	152	232	0	80	80	1.0000000
NODE_1395_length_1953_cov_26.183927	205	257	0	50	52	0.9615384
NODE_1395_length_1953_cov_26.183927	205	257	2	1	52	0.0192308
NODE_1395_length_1953_cov_26.183927	205	257	9	1	52	0.0192308
NODE_1405_length_1943_cov_11.218547	516	596	4	76	80	0.9500000
NODE_1405_length_1943_cov_11.218547	516	596	5	4	80	0.0500000
NODE_1405_length_1943_cov_11.218547	569	649	2	51	80	0.6375000
NODE_1405_length_1943_cov_11.218547	569	649	4	25	80	0.3125000
NODE_1405_length_1943_cov_11.218547	569	649	5	4	80	0.0500000
NODE_1408_length_1941_cov_14.407709	891	921	0	30	30	1.0000000
NODE_1408_length_1941_cov_14.407709	894	964	0	70	70	1.0000000
NODE_1408_length_1941_cov_14.407709	1878	1941	0	63	63	1.0000000
NODE_1409_length_1941_cov_9.632465	139	213	0	49	74	0.6621622
NODE_1409_length_1941_cov_9.632465	139	213	2	6	74	0.0810811
NODE_1409_length_1941_cov_9.632465	139	213	4	8	74	0.1081081
NODE_1409_length_1941_cov_9.632465	139	213	6	11	74	0.1486486
NODE_1409_length_1941_cov_9.632465	139	219	0	49	80	0.6125000
NODE_1409_length_1941_cov_9.632465	139	219	2	6	80	0.0750000
NODE_1409_length_1941_cov_9.632465	139	219	4	8	80	0.1000000
NODE_1409_length_1941_cov_9.632465	139	219	6	12	80	0.1500000
NODE_1409_length_1941_cov_9.632465	139	219	8	5	80	0.0625000
NODE_1409_length_1941_cov_9.632465	139	194	0	49	55	0.8909091
NODE_1409_length_1941_cov_9.632465	139	194	2	6	55	0.1090909
NODE_1409_length_1941_cov_9.632465	192	272	2	2	80	0.0250000
NODE_1409_length_1941_cov_9.632465	192	272	4	8	80	0.1000000
NODE_1409_length_1941_cov_9.632465	192	272	6	21	80	0.2625000
NODE_1409_length_1941_cov_9.632465	192	272	8	49	80	0.6125000
NODE_1414_length_1936_cov_13.338596	679	759	4	34	80	0.4250000
NODE_1414_length_1936_cov_13.338596	679	759	5	15	80	0.1875000
NODE_1414_length_1936_cov_13.338596	679	759	6	19	80	0.2375000
NODE_1414_length_1936_cov_13.338596	679	759	7	12	80	0.1500000
NODE_1414_length_1936_cov_13.338596	732	812	5	52	80	0.6500000
NODE_1414_length_1936_cov_13.338596	732	812	6	28	80	0.3500000
NODE_1414_length_1936_cov_13.338596	738	812	5	46	74	0.6216216
NODE_1414_length_1936_cov_13.338596	738	812	6	28	74	0.3783784
NODE_1414_length_1936_cov_13.338596	738	759	5	2	21	0.0952381
NODE_1414_length_1936_cov_13.338596	738	759	6	19	21	0.9047619
NODE_1415_length_1936_cov_12.592814	102	153	2	34	51	0.6666667
NODE_1415_length_1936_cov_12.592814	102	153	4	17	51	0.3333333
NODE_1415_length_1936_cov_12.592814	154	230	4	5	76	0.0657895
NODE_1415_length_1936_cov_12.592814	154	230	7	71	76	0.9342105
NODE_1415_length_1936_cov_12.592814	211	251	4	15	40	0.3750000
NODE_1415_length_1936_cov_12.592814	211	251	5	5	40	0.1250000
NODE_1415_length_1936_cov_12.592814	211	251	6	1	40	0.0250000
NODE_1415_length_1936_cov_12.592814	211	251	7	19	40	0.4750000
NODE_1416_length_1933_cov_86.724646	1044	1124	17	1	80	0.0125000
NODE_1416_length_1933_cov_86.724646	1044	1124	18	16	80	0.2000000
NODE_1416_length_1933_cov_86.724646	1044	1124	19	2	80	0.0250000
NODE_1416_length_1933_cov_86.724646	1044	1124	21	2	80	0.0250000
NODE_1416_length_1933_cov_86.724646	1044	1124	23	8	80	0.1000000
NODE_1416_length_1933_cov_86.724646	1044	1124	24	7	80	0.0875000
NODE_1416_length_1933_cov_86.724646	1044	1124	25	16	80	0.2000000
NODE_1416_length_1933_cov_86.724646	1044	1124	26	2	80	0.0250000
NODE_1416_length_1933_cov_86.724646	1044	1124	27	23	80	0.2875000
NODE_1416_length_1933_cov_86.724646	1044	1124	28	3	80	0.0375000
NODE_1416_length_1933_cov_86.724646	1097	1177	26	16	80	0.2000000
NODE_1416_length_1933_cov_86.724646	1097	1177	27	48	80	0.6000000
NODE_1416_length_1933_cov_86.724646	1097	1177	28	16	80	0.2000000
NODE_1416_length_1933_cov_86.724646	1173	1253	17	4	80	0.0500000
NODE_1416_length_1933_cov_86.724646	1173	1253	18	1	80	0.0125000
NODE_1416_length_1933_cov_86.724646	1173	1253	19	18	80	0.2250000
NODE_1416_length_1933_cov_86.724646	1173	1253	20	10	80	0.1250000
NODE_1416_length_1933_cov_86.724646	1173	1253	21	12	80	0.1500000
NODE_1416_length_1933_cov_86.724646	1173	1253	22	16	80	0.2000000
NODE_1416_length_1933_cov_86.724646	1173	1253	23	14	80	0.1750000
NODE_1416_length_1933_cov_86.724646	1173	1253	27	5	80	0.0625000
NODE_1416_length_1933_cov_86.724646	1226	1306	16	6	80	0.0750000
NODE_1416_length_1933_cov_86.724646	1226	1306	17	10	80	0.1250000
NODE_1416_length_1933_cov_86.724646	1226	1306	18	15	80	0.1875000
NODE_1416_length_1933_cov_86.724646	1226	1306	19	9	80	0.1125000
NODE_1416_length_1933_cov_86.724646	1226	1306	20	15	80	0.1875000
NODE_1416_length_1933_cov_86.724646	1226	1306	21	19	80	0.2375000
NODE_1416_length_1933_cov_86.724646	1226	1306	22	6	80	0.0750000
NODE_1419_length_1932_cov_5.905074	1534	1614	2	44	80	0.5500000
NODE_1419_length_1932_cov_5.905074	1534	1614	3	33	80	0.4125000
NODE_1419_length_1932_cov_5.905074	1534	1614	5	3	80	0.0375000
NODE_1422_length_1930_cov_3.005461	1700	1780	4	28	80	0.3500000
NODE_1422_length_1930_cov_3.005461	1700	1780	6	52	80	0.6500000
NODE_1427_length_1928_cov_2.580098	74	131	0	57	57	1.0000000
NODE_1427_length_1928_cov_2.580098	127	184	0	57	57	1.0000000
NODE_1434_length_1919_cov_17.901099	454	529	2	1	75	0.0133333
NODE_1434_length_1919_cov_17.901099	454	529	4	9	75	0.1200000
NODE_1434_length_1919_cov_17.901099	454	529	6	1	75	0.0133333
NODE_1434_length_1919_cov_17.901099	454	529	9	18	75	0.2400000
NODE_1434_length_1919_cov_17.901099	454	529	10	32	75	0.4266667
NODE_1434_length_1919_cov_17.901099	454	529	11	14	75	0.1866667
NODE_1434_length_1919_cov_17.901099	507	558	1	23	51	0.4509804
NODE_1434_length_1919_cov_17.901099	507	558	2	7	51	0.1372549
NODE_1434_length_1919_cov_17.901099	507	558	4	9	51	0.1764706
NODE_1434_length_1919_cov_17.901099	507	558	6	1	51	0.0196078
NODE_1434_length_1919_cov_17.901099	507	558	9	11	51	0.2156863
NODE_1436_length_1918_cov_14.876855	314	396	2	19	82	0.2317073
NODE_1436_length_1918_cov_14.876855	314	396	3	21	82	0.2560976
NODE_1436_length_1918_cov_14.876855	314	396	4	2	82	0.0243902
NODE_1436_length_1918_cov_14.876855	314	396	5	40	82	0.4878049
NODE_1438_length_1918_cov_3.493128	9	55	0	46	46	1.0000000
NODE_1438_length_1918_cov_3.493128	1480	1561	0	81	81	1.0000000
NODE_1440_length_1916_cov_4.426527	162	192	0	30	30	1.0000000
NODE_1442_length_1915_cov_35.787996	106	186	6	9	80	0.1125000
NODE_1442_length_1915_cov_35.787996	106	186	7	12	80	0.1500000
NODE_1442_length_1915_cov_35.787996	106	186	8	37	80	0.4625000
NODE_1442_length_1915_cov_35.787996	106	186	10	22	80	0.2750000
NODE_1451_length_1905_cov_18.464563	740	820	3	28	80	0.3500000
NODE_1451_length_1905_cov_18.464563	740	820	4	52	80	0.6500000
NODE_1451_length_1905_cov_18.464563	793	873	1	10	80	0.1250000
NODE_1451_length_1905_cov_18.464563	793	873	2	28	80	0.3500000
NODE_1451_length_1905_cov_18.464563	793	873	4	42	80	0.5250000
NODE_1451_length_1905_cov_18.464563	869	949	0	31	80	0.3875000
NODE_1451_length_1905_cov_18.464563	869	949	1	49	80	0.6125000
NODE_1451_length_1905_cov_18.464563	922	1010	0	88	88	1.0000000
NODE_1452_length_1905_cov_7.197121	596	676	0	80	80	1.0000000
NODE_1452_length_1905_cov_7.197121	649	682	0	33	33	1.0000000
NODE_1455_length_1902_cov_1.633943	1728	1792	2	5	64	0.0781250
NODE_1455_length_1902_cov_1.633943	1728	1792	4	12	64	0.1875000
NODE_1455_length_1902_cov_1.633943	1728	1792	6	47	64	0.7343750
NODE_1458_length_1900_cov_1.081066	1805	1851	0	46	46	1.0000000
NODE_1458_length_1900_cov_1.081066	1824	1900	0	76	76	1.0000000
NODE_1461_length_1895_cov_17.940980	1070	1150	2	27	80	0.3375000
NODE_1461_length_1895_cov_17.940980	1070	1150	4	31	80	0.3875000
NODE_1461_length_1895_cov_17.940980	1070	1150	5	13	80	0.1625000
NODE_1461_length_1895_cov_17.940980	1070	1150	6	9	80	0.1125000
NODE_1461_length_1895_cov_17.940980	1123	1203	3	15	80	0.1875000
NODE_1461_length_1895_cov_17.940980	1123	1203	4	5	80	0.0625000
NODE_1461_length_1895_cov_17.940980	1123	1203	5	51	80	0.6375000
NODE_1461_length_1895_cov_17.940980	1123	1203	6	9	80	0.1125000
NODE_1466_length_1893_cov_3.299331	918	998	0	80	80	1.0000000
NODE_1467_length_1892_cov_5.158394	317	397	0	28	80	0.3500000
NODE_1467_length_1892_cov_5.158394	317	397	1	52	80	0.6500000
NODE_1467_length_1892_cov_5.158394	370	445	0	31	75	0.4133333
NODE_1467_length_1892_cov_5.158394	370	445	1	44	75	0.5866666
NODE_1469_length_1889_cov_4.049162	1652	1686	4	34	34	1.0000000
NODE_1470_length_1889_cov_3.888268	960	1040	0	80	80	1.0000000
NODE_1470_length_1889_cov_3.888268	1013	1093	0	80	80	1.0000000
NODE_1472_length_1888_cov_17.106764	15	96	0	9	81	0.1111111
NODE_1472_length_1888_cov_17.106764	15	96	2	3	81	0.0370370
NODE_1472_length_1888_cov_17.106764	15	96	4	6	81	0.0740741
NODE_1472_length_1888_cov_17.106764	15	96	5	63	81	0.7777778
NODE_1472_length_1888_cov_17.106764	68	143	2	10	75	0.1333333
NODE_1472_length_1888_cov_17.106764	68	143	4	3	75	0.0400000
NODE_1472_length_1888_cov_17.106764	68	143	5	45	75	0.6000000
NODE_1472_length_1888_cov_17.106764	68	143	6	17	75	0.2266667
NODE_1477_length_1885_cov_4.439530	441	521	4	13	80	0.1625000
NODE_1477_length_1885_cov_4.439530	441	521	5	1	80	0.0125000
NODE_1477_length_1885_cov_4.439530	441	521	6	3	80	0.0375000
NODE_1477_length_1885_cov_4.439530	441	521	7	18	80	0.2250000
NODE_1477_length_1885_cov_4.439530	441	521	8	2	80	0.0250000
NODE_1477_length_1885_cov_4.439530	441	521	9	11	80	0.1375000
NODE_1477_length_1885_cov_4.439530	441	521	10	25	80	0.3125000
NODE_1477_length_1885_cov_4.439530	441	521	11	7	80	0.0875000
NODE_1477_length_1885_cov_4.439530	494	574	8	8	80	0.1000000
NODE_1477_length_1885_cov_4.439530	494	574	9	43	80	0.5375000
NODE_1477_length_1885_cov_4.439530	494	574	10	20	80	0.2500000
NODE_1477_length_1885_cov_4.439530	494	574	11	9	80	0.1125000
NODE_1483_length_1882_cov_5.884464	1499	1579	0	80	80	1.0000000
NODE_1483_length_1882_cov_5.884464	1552	1632	0	80	80	1.0000000
NODE_1493_length_1875_cov_3.974662	1650	1730	1	26	80	0.3250000
NODE_1493_length_1875_cov_3.974662	1650	1730	3	46	80	0.5750000
NODE_1493_length_1875_cov_3.974662	1650	1730	5	8	80	0.1000000
NODE_1497_length_1872_cov_21.355330	153	201	0	48	48	1.0000000
NODE_1503_length_1868_cov_96.046919	1018	1098	16	6	80	0.0750000
NODE_1503_length_1868_cov_96.046919	1018	1098	18	2	80	0.0250000
NODE_1503_length_1868_cov_96.046919	1018	1098	20	6	80	0.0750000
NODE_1503_length_1868_cov_96.046919	1018	1098	22	11	80	0.1375000
NODE_1503_length_1868_cov_96.046919	1018	1098	23	7	80	0.0875000
NODE_1503_length_1868_cov_96.046919	1018	1098	24	3	80	0.0375000
NODE_1503_length_1868_cov_96.046919	1018	1098	25	2	80	0.0250000
NODE_1503_length_1868_cov_96.046919	1018	1098	26	3	80	0.0375000
NODE_1503_length_1868_cov_96.046919	1018	1098	28	7	80	0.0875000
NODE_1503_length_1868_cov_96.046919	1018	1098	30	16	80	0.2000000
NODE_1503_length_1868_cov_96.046919	1018	1098	31	9	80	0.1125000
NODE_1503_length_1868_cov_96.046919	1018	1098	32	1	80	0.0125000
NODE_1503_length_1868_cov_96.046919	1018	1098	33	4	80	0.0500000
NODE_1503_length_1868_cov_96.046919	1018	1098	34	1	80	0.0125000
NODE_1503_length_1868_cov_96.046919	1018	1098	35	2	80	0.0250000
NODE_1503_length_1868_cov_96.046919	1071	1151	26	3	80	0.0375000
NODE_1503_length_1868_cov_96.046919	1071	1151	28	3	80	0.0375000
NODE_1503_length_1868_cov_96.046919	1071	1151	29	4	80	0.0500000
NODE_1503_length_1868_cov_96.046919	1071	1151	30	28	80	0.3500000
NODE_1503_length_1868_cov_96.046919	1071	1151	31	14	80	0.1750000
NODE_1503_length_1868_cov_96.046919	1071	1151	32	5	80	0.0625000
NODE_1503_length_1868_cov_96.046919	1071	1151	33	8	80	0.1000000
NODE_1503_length_1868_cov_96.046919	1071	1151	34	5	80	0.0625000
NODE_1503_length_1868_cov_96.046919	1071	1151	35	10	80	0.1250000
NODE_1508_length_1866_cov_53.869270	1149	1229	5	4	80	0.0500000
NODE_1508_length_1866_cov_53.869270	1149	1229	7	6	80	0.0750000
NODE_1508_length_1866_cov_53.869270	1149	1229	8	2	80	0.0250000
NODE_1508_length_1866_cov_53.869270	1149	1229	9	2	80	0.0250000
NODE_1508_length_1866_cov_53.869270	1149	1229	10	2	80	0.0250000
NODE_1508_length_1866_cov_53.869270	1149	1229	11	23	80	0.2875000
NODE_1508_length_1866_cov_53.869270	1149	1229	12	17	80	0.2125000
NODE_1508_length_1866_cov_53.869270	1149	1229	13	24	80	0.3000000
NODE_1508_length_1866_cov_53.869270	1202	1282	12	3	80	0.0375000
NODE_1508_length_1866_cov_53.869270	1202	1282	13	24	80	0.3000000
NODE_1508_length_1866_cov_53.869270	1202	1282	14	19	80	0.2375000
NODE_1508_length_1866_cov_53.869270	1202	1282	15	32	80	0.4000000
NODE_1508_length_1866_cov_53.869270	1202	1282	16	2	80	0.0250000
NODE_1508_length_1866_cov_53.869270	1278	1358	6	18	80	0.2250000
NODE_1508_length_1866_cov_53.869270	1278	1358	7	21	80	0.2625000
NODE_1508_length_1866_cov_53.869270	1278	1358	8	8	80	0.1000000
NODE_1508_length_1866_cov_53.869270	1278	1358	9	2	80	0.0250000
NODE_1508_length_1866_cov_53.869270	1278	1358	10	12	80	0.1500000
NODE_1508_length_1866_cov_53.869270	1278	1358	12	1	80	0.0125000
NODE_1508_length_1866_cov_53.869270	1278	1358	13	1	80	0.0125000
NODE_1508_length_1866_cov_53.869270	1278	1358	14	2	80	0.0250000
NODE_1508_length_1866_cov_53.869270	1278	1358	15	13	80	0.1625000
NODE_1508_length_1866_cov_53.869270	1278	1358	16	2	80	0.0250000
NODE_1508_length_1866_cov_53.869270	1331	1411	6	26	80	0.3250000
NODE_1508_length_1866_cov_53.869270	1331	1411	7	39	80	0.4875000
NODE_1508_length_1866_cov_53.869270	1331	1411	8	15	80	0.1875000
NODE_1510_length_1866_cov_3.347482	888	966	0	78	78	1.0000000
NODE_1510_length_1866_cov_3.347482	939	1019	0	80	80	1.0000000
NODE_1513_length_1863_cov_11.265306	698	778	2	58	80	0.7250000
NODE_1513_length_1863_cov_11.265306	698	778	3	20	80	0.2500000
NODE_1513_length_1863_cov_11.265306	698	778	4	2	80	0.0250000
NODE_1513_length_1863_cov_11.265306	751	831	2	20	80	0.2500000
NODE_1513_length_1863_cov_11.265306	751	831	3	5	80	0.0625000
NODE_1513_length_1863_cov_11.265306	751	831	4	5	80	0.0625000
NODE_1513_length_1863_cov_11.265306	751	831	5	31	80	0.3875000
NODE_1513_length_1863_cov_11.265306	751	831	6	19	80	0.2375000
NODE_1518_length_1858_cov_19.019329	23	85	0	62	62	1.0000000
NODE_1518_length_1858_cov_19.019329	1125	1205	0	17	80	0.2125000
NODE_1518_length_1858_cov_19.019329	1125	1205	2	30	80	0.3750000
NODE_1518_length_1858_cov_19.019329	1125	1205	3	6	80	0.0750000
NODE_1518_length_1858_cov_19.019329	1125	1205	4	27	80	0.3375000
NODE_1518_length_1858_cov_19.019329	1178	1256	2	45	78	0.5769231
NODE_1518_length_1858_cov_19.019329	1178	1256	4	33	78	0.4230769
NODE_1518_length_1858_cov_19.019329	1387	1464	3	5	77	0.0649351
NODE_1518_length_1858_cov_19.019329	1387	1464	4	1	77	0.0129870
NODE_1518_length_1858_cov_19.019329	1387	1464	5	6	77	0.0779221
NODE_1518_length_1858_cov_19.019329	1387	1464	8	5	77	0.0649351
NODE_1518_length_1858_cov_19.019329	1387	1464	9	1	77	0.0129870
NODE_1518_length_1858_cov_19.019329	1387	1464	10	20	77	0.2597403
NODE_1518_length_1858_cov_19.019329	1387	1464	12	4	77	0.0519481
NODE_1518_length_1858_cov_19.019329	1387	1464	13	27	77	0.3506494
NODE_1518_length_1858_cov_19.019329	1387	1464	14	8	77	0.1038961
NODE_1518_length_1858_cov_19.019329	1440	1503	12	4	63	0.0634921
NODE_1518_length_1858_cov_19.019329	1440	1503	13	30	63	0.4761905
NODE_1518_length_1858_cov_19.019329	1440	1503	14	29	63	0.4603175
NODE_1519_length_1857_cov_18.402730	1282	1348	1	66	66	1.0000000
NODE_1519_length_1857_cov_18.402730	1321	1401	1	34	80	0.4250000
NODE_1519_length_1857_cov_18.402730	1321	1401	2	46	80	0.5750000
NODE_1519_length_1857_cov_18.402730	1397	1477	1	71	80	0.8875000
NODE_1519_length_1857_cov_18.402730	1397	1477	2	9	80	0.1125000
NODE_1519_length_1857_cov_18.402730	1450	1530	0	25	80	0.3125000
NODE_1519_length_1857_cov_18.402730	1450	1530	1	55	80	0.6875000
NODE_1531_length_1845_cov_12.653494	473	553	5	14	80	0.1750000
NODE_1531_length_1845_cov_12.653494	473	553	6	14	80	0.1750000
NODE_1531_length_1845_cov_12.653494	473	553	7	3	80	0.0375000
NODE_1531_length_1845_cov_12.653494	473	553	8	3	80	0.0375000
NODE_1531_length_1845_cov_12.653494	473	553	9	3	80	0.0375000
NODE_1531_length_1845_cov_12.653494	473	553	10	13	80	0.1625000
NODE_1531_length_1845_cov_12.653494	473	553	11	29	80	0.3625000
NODE_1531_length_1845_cov_12.653494	473	553	12	1	80	0.0125000
NODE_1531_length_1845_cov_12.653494	526	606	7	9	80	0.1125000
NODE_1531_length_1845_cov_12.653494	526	606	8	1	80	0.0125000
NODE_1531_length_1845_cov_12.653494	526	606	10	56	80	0.7000000
NODE_1531_length_1845_cov_12.653494	526	606	11	13	80	0.1625000
NODE_1531_length_1845_cov_12.653494	526	606	12	1	80	0.0125000
NODE_1546_length_1833_cov_31.337947	810	888	2	7	78	0.0897436
NODE_1546_length_1833_cov_31.337947	810	888	4	59	78	0.7564102
NODE_1546_length_1833_cov_31.337947	810	888	5	12	78	0.1538462
NODE_1546_length_1833_cov_31.337947	861	941	4	15	80	0.1875000
NODE_1546_length_1833_cov_31.337947	861	941	5	23	80	0.2875000
NODE_1546_length_1833_cov_31.337947	861	941	6	32	80	0.4000000
NODE_1546_length_1833_cov_31.337947	861	941	7	10	80	0.1250000
NODE_1546_length_1833_cov_31.337947	937	1017	3	7	80	0.0875000
NODE_1546_length_1833_cov_31.337947	937	1017	4	56	80	0.7000000
NODE_1546_length_1833_cov_31.337947	937	1017	5	2	80	0.0250000
NODE_1546_length_1833_cov_31.337947	937	1017	7	15	80	0.1875000
NODE_1546_length_1833_cov_31.337947	990	1070	2	21	80	0.2625000
NODE_1546_length_1833_cov_31.337947	990	1070	3	27	80	0.3375000
NODE_1546_length_1833_cov_31.337947	990	1070	4	32	80	0.4000000
NODE_1550_length_1831_cov_3.065820	112	154	1	41	42	0.9761904
NODE_1550_length_1831_cov_3.065820	112	154	3	1	42	0.0238095
NODE_1553_length_1830_cov_2.512998	123	203	0	80	80	1.0000000
NODE_1553_length_1830_cov_2.512998	176	256	0	80	80	1.0000000
NODE_1553_length_1830_cov_2.512998	308	357	0	8	49	0.1632653
NODE_1553_length_1830_cov_2.512998	308	357	2	35	49	0.7142857
NODE_1553_length_1830_cov_2.512998	308	357	4	6	49	0.1224490
NODE_1554_length_1828_cov_40.437825	789	869	3	15	80	0.1875000
NODE_1554_length_1828_cov_40.437825	789	869	5	36	80	0.4500000
NODE_1554_length_1828_cov_40.437825	789	869	6	11	80	0.1375000
NODE_1554_length_1828_cov_40.437825	789	869	7	18	80	0.2250000
NODE_1554_length_1828_cov_40.437825	842	922	5	57	80	0.7125000
NODE_1554_length_1828_cov_40.437825	842	922	6	11	80	0.1375000
NODE_1554_length_1828_cov_40.437825	842	922	7	12	80	0.1500000
NODE_1554_length_1828_cov_40.437825	918	998	7	9	80	0.1125000
NODE_1554_length_1828_cov_40.437825	918	998	8	15	80	0.1875000
NODE_1554_length_1828_cov_40.437825	918	998	10	14	80	0.1750000
NODE_1554_length_1828_cov_40.437825	918	998	11	6	80	0.0750000
NODE_1554_length_1828_cov_40.437825	918	998	12	13	80	0.1625000
NODE_1554_length_1828_cov_40.437825	918	998	14	23	80	0.2875000
NODE_1554_length_1828_cov_40.437825	971	1051	11	2	80	0.0250000
NODE_1554_length_1828_cov_40.437825	971	1051	12	7	80	0.0875000
NODE_1554_length_1828_cov_40.437825	971	1051	14	71	80	0.8875000
NODE_1559_length_1825_cov_6.652955	641	689	0	48	48	1.0000000
NODE_1559_length_1825_cov_6.652955	694	744	0	50	50	1.0000000
NODE_1562_length_1824_cov_10.152464	685	765	6	5	80	0.0625000
NODE_1562_length_1824_cov_10.152464	685	765	8	21	80	0.2625000
NODE_1562_length_1824_cov_10.152464	685	765	10	32	80	0.4000000
NODE_1562_length_1824_cov_10.152464	685	765	11	22	80	0.2750000
NODE_1562_length_1824_cov_10.152464	738	818	5	10	80	0.1250000
NODE_1562_length_1824_cov_10.152464	738	818	6	3	80	0.0375000
NODE_1562_length_1824_cov_10.152464	738	818	8	5	80	0.0625000
NODE_1562_length_1824_cov_10.152464	738	818	9	10	80	0.1250000
NODE_1562_length_1824_cov_10.152464	738	818	10	16	80	0.2000000
NODE_1562_length_1824_cov_10.152464	738	818	11	36	80	0.4500000
NODE_1562_length_1824_cov_10.152464	1412	1433	6	21	21	1.0000000
NODE_1564_length_1821_cov_7.682346	953	1033	6	17	80	0.2125000
NODE_1564_length_1821_cov_7.682346	953	1033	8	47	80	0.5875000
NODE_1564_length_1821_cov_7.682346	953	1033	9	9	80	0.1125000
NODE_1564_length_1821_cov_7.682346	953	1033	10	7	80	0.0875000
NODE_1564_length_1821_cov_7.682346	1006	1086	4	4	80	0.0500000
NODE_1564_length_1821_cov_7.682346	1006	1086	6	40	80	0.5000000
NODE_1564_length_1821_cov_7.682346	1006	1086	8	20	80	0.2500000
NODE_1564_length_1821_cov_7.682346	1006	1086	9	9	80	0.1125000
NODE_1564_length_1821_cov_7.682346	1006	1086	10	7	80	0.0875000
NODE_1566_length_1820_cov_12.061592	477	557	0	80	80	1.0000000
NODE_1566_length_1820_cov_12.061592	530	610	0	80	80	1.0000000
NODE_1566_length_1820_cov_12.061592	1232	1312	1	49	80	0.6125000
NODE_1566_length_1820_cov_12.061592	1232	1312	2	31	80	0.3875000
NODE_1566_length_1820_cov_12.061592	1285	1365	1	80	80	1.0000000
NODE_1572_length_1817_cov_8.302095	63	122	0	59	59	1.0000000
NODE_1572_length_1817_cov_8.302095	1195	1275	1	25	80	0.3125000
NODE_1572_length_1817_cov_8.302095	1195	1275	2	22	80	0.2750000
NODE_1572_length_1817_cov_8.302095	1195	1275	3	9	80	0.1125000
NODE_1572_length_1817_cov_8.302095	1195	1275	5	24	80	0.3000000
NODE_1572_length_1817_cov_8.302095	1248	1328	3	3	80	0.0375000
NODE_1572_length_1817_cov_8.302095	1248	1328	5	77	80	0.9625000
NODE_1573_length_1816_cov_25.489225	1059	1139	1	9	80	0.1125000
NODE_1573_length_1816_cov_25.489225	1059	1139	2	50	80	0.6250000
NODE_1573_length_1816_cov_25.489225	1059	1139	5	2	80	0.0250000
NODE_1573_length_1816_cov_25.489225	1059	1139	7	19	80	0.2375000
NODE_1573_length_1816_cov_25.489225	1112	1192	2	6	80	0.0750000
NODE_1573_length_1816_cov_25.489225	1112	1192	5	2	80	0.0250000
NODE_1573_length_1816_cov_25.489225	1112	1192	7	20	80	0.2500000
NODE_1573_length_1816_cov_25.489225	1112	1192	8	5	80	0.0625000
NODE_1573_length_1816_cov_25.489225	1112	1192	9	47	80	0.5875000
NODE_1578_length_1812_cov_11.453006	398	427	2	6	29	0.2068966
NODE_1578_length_1812_cov_11.453006	398	427	4	23	29	0.7931035
NODE_1578_length_1812_cov_11.453006	400	480	2	4	80	0.0500000
NODE_1578_length_1812_cov_11.453006	400	480	4	76	80	0.9500000
NODE_1586_length_1807_cov_3.977752	1743	1807	0	64	64	1.0000000
NODE_1590_length_1806_cov_2.681312	1461	1541	1	1	80	0.0125000
NODE_1590_length_1806_cov_2.681312	1461	1541	2	11	80	0.1375000
NODE_1590_length_1806_cov_2.681312	1461	1541	3	4	80	0.0500000
NODE_1590_length_1806_cov_2.681312	1461	1541	4	1	80	0.0125000
NODE_1590_length_1806_cov_2.681312	1461	1541	5	11	80	0.1375000
NODE_1590_length_1806_cov_2.681312	1461	1541	6	2	80	0.0250000
NODE_1590_length_1806_cov_2.681312	1461	1541	7	26	80	0.3250000
NODE_1590_length_1806_cov_2.681312	1461	1541	8	4	80	0.0500000
NODE_1590_length_1806_cov_2.681312	1461	1541	9	1	80	0.0125000
NODE_1590_length_1806_cov_2.681312	1461	1541	11	10	80	0.1250000
NODE_1590_length_1806_cov_2.681312	1461	1541	13	4	80	0.0500000
NODE_1590_length_1806_cov_2.681312	1461	1541	15	3	80	0.0375000
NODE_1590_length_1806_cov_2.681312	1461	1541	17	2	80	0.0250000
NODE_1590_length_1806_cov_2.681312	1517	1594	0	17	77	0.2207792
NODE_1590_length_1806_cov_2.681312	1517	1594	1	37	77	0.4805195
NODE_1590_length_1806_cov_2.681312	1517	1594	2	11	77	0.1428571
NODE_1590_length_1806_cov_2.681312	1517	1594	3	4	77	0.0519481
NODE_1590_length_1806_cov_2.681312	1517	1594	4	1	77	0.0129870
NODE_1590_length_1806_cov_2.681312	1517	1594	5	7	77	0.0909091
NODE_1593_length_1805_cov_10.271395	258	329	3	23	71	0.3239437
NODE_1593_length_1805_cov_10.271395	258	329	4	48	71	0.6760563
NODE_1593_length_1805_cov_10.271395	311	391	0	33	80	0.4125000
NODE_1593_length_1805_cov_10.271395	311	391	2	2	80	0.0250000
NODE_1593_length_1805_cov_10.271395	311	391	3	45	80	0.5625000
NODE_1598_length_1802_cov_11.546682	1284	1364	0	80	80	1.0000000
NODE_1598_length_1802_cov_11.546682	1337	1417	0	80	80	1.0000000
NODE_1600_length_1801_cov_12.145711	85	165	10	12	80	0.1500000
NODE_1600_length_1801_cov_12.145711	85	165	11	5	80	0.0625000
NODE_1600_length_1801_cov_12.145711	85	165	12	2	80	0.0250000
NODE_1600_length_1801_cov_12.145711	85	165	14	2	80	0.0250000
NODE_1600_length_1801_cov_12.145711	85	165	15	2	80	0.0250000
NODE_1600_length_1801_cov_12.145711	85	165	17	9	80	0.1125000
NODE_1600_length_1801_cov_12.145711	85	165	18	5	80	0.0625000
NODE_1600_length_1801_cov_12.145711	85	165	19	2	80	0.0250000
NODE_1600_length_1801_cov_12.145711	85	165	20	41	80	0.5125000
NODE_1600_length_1801_cov_12.145711	138	218	11	4	80	0.0500000
NODE_1600_length_1801_cov_12.145711	138	218	12	5	80	0.0625000
NODE_1600_length_1801_cov_12.145711	138	218	14	2	80	0.0250000
NODE_1600_length_1801_cov_12.145711	138	218	15	16	80	0.2000000
NODE_1600_length_1801_cov_12.145711	138	218	17	33	80	0.4125000
NODE_1600_length_1801_cov_12.145711	138	218	19	2	80	0.0250000
NODE_1600_length_1801_cov_12.145711	138	218	20	18	80	0.2250000
NODE_1601_length_1801_cov_9.793184	1010	1090	0	67	80	0.8375000
NODE_1601_length_1801_cov_9.793184	1010	1090	2	13	80	0.1625000
NODE_1601_length_1801_cov_9.793184	1063	1143	0	80	80	1.0000000
NODE_1604_length_1800_cov_15.074662	695	775	0	80	80	1.0000000
NODE_1604_length_1800_cov_15.074662	755	826	0	71	71	1.0000000
NODE_1605_length_1800_cov_7.281599	10	74	1	64	64	1.0000000
NODE_1605_length_1800_cov_7.281599	10	74	1	64	64	1.0000000
NODE_1605_length_1800_cov_7.281599	10	74	1	64	64	1.0000000
NODE_1605_length_1800_cov_7.281599	47	127	1	36	80	0.4500000
NODE_1605_length_1800_cov_7.281599	47	127	3	44	80	0.5500000
NODE_1605_length_1800_cov_7.281599	63	126	1	20	63	0.3174603
NODE_1605_length_1800_cov_7.281599	63	126	3	43	63	0.6825397
NODE_1616_length_1793_cov_16.161157	539	619	0	44	80	0.5500000
NODE_1616_length_1793_cov_16.161157	539	619	2	36	80	0.4500000
NODE_1616_length_1793_cov_16.161157	592	672	2	80	80	1.0000000
NODE_1616_length_1793_cov_16.161157	1202	1281	3	20	79	0.2531646
NODE_1616_length_1793_cov_16.161157	1202	1281	4	1	79	0.0126582
NODE_1616_length_1793_cov_16.161157	1202	1281	7	43	79	0.5443038
NODE_1616_length_1793_cov_16.161157	1202	1281	8	15	79	0.1898734
NODE_1616_length_1793_cov_16.161157	1254	1335	6	42	81	0.5185185
NODE_1616_length_1793_cov_16.161157	1254	1335	7	12	81	0.1481481
NODE_1616_length_1793_cov_16.161157	1254	1335	8	27	81	0.3333333
NODE_1617_length_1793_cov_14.322904	521	601	1	54	80	0.6750000
NODE_1617_length_1793_cov_14.322904	521	601	3	11	80	0.1375000
NODE_1617_length_1793_cov_14.322904	521	601	4	15	80	0.1875000
NODE_1617_length_1793_cov_14.322904	574	654	1	1	80	0.0125000
NODE_1617_length_1793_cov_14.322904	574	654	3	11	80	0.1375000
NODE_1617_length_1793_cov_14.322904	574	654	4	68	80	0.8500000
NODE_1617_length_1793_cov_14.322904	1230	1310	0	80	80	1.0000000
NODE_1618_length_1791_cov_5.516548	1190	1261	1	71	71	1.0000000
NODE_1621_length_1790_cov_4.282082	684	764	2	80	80	1.0000000
NODE_1621_length_1790_cov_4.282082	737	817	0	9	80	0.1125000
NODE_1621_length_1790_cov_4.282082	737	817	1	29	80	0.3625000
NODE_1621_length_1790_cov_4.282082	737	817	2	42	80	0.5250000
NODE_1623_length_1788_cov_39.558911	385	465	0	80	80	1.0000000
NODE_1623_length_1788_cov_39.558911	438	518	0	80	80	1.0000000
NODE_1623_length_1788_cov_39.558911	514	594	0	66	80	0.8250000
NODE_1623_length_1788_cov_39.558911	514	594	2	14	80	0.1750000
NODE_1623_length_1788_cov_39.558911	567	647	0	13	80	0.1625000
NODE_1623_length_1788_cov_39.558911	567	647	2	67	80	0.8375000
NODE_1624_length_1787_cov_44.927133	530	610	13	1	80	0.0125000
NODE_1624_length_1787_cov_44.927133	530	610	14	10	80	0.1250000
NODE_1624_length_1787_cov_44.927133	530	610	15	18	80	0.2250000
NODE_1624_length_1787_cov_44.927133	530	610	16	12	80	0.1500000
NODE_1624_length_1787_cov_44.927133	530	610	17	9	80	0.1125000
NODE_1624_length_1787_cov_44.927133	530	610	18	6	80	0.0750000
NODE_1624_length_1787_cov_44.927133	530	610	19	24	80	0.3000000
NODE_1625_length_1787_cov_2.752370	675	755	0	80	80	1.0000000
NODE_1625_length_1787_cov_2.752370	728	806	0	78	78	1.0000000
NODE_1626_length_1786_cov_13.459395	523	603	0	3	80	0.0375000
NODE_1626_length_1786_cov_13.459395	523	603	1	4	80	0.0500000
NODE_1626_length_1786_cov_13.459395	523	603	3	66	80	0.8250000
NODE_1626_length_1786_cov_13.459395	523	603	4	7	80	0.0875000
NODE_1626_length_1786_cov_13.459395	576	656	3	20	80	0.2500000
NODE_1626_length_1786_cov_13.459395	576	656	4	60	80	0.7500000
NODE_1633_length_1784_cov_40.769733	358	438	3	49	80	0.6125000
NODE_1633_length_1784_cov_40.769733	358	438	4	31	80	0.3875000
NODE_1633_length_1784_cov_40.769733	411	491	0	22	80	0.2750000
NODE_1633_length_1784_cov_40.769733	411	491	1	6	80	0.0750000
NODE_1633_length_1784_cov_40.769733	411	491	2	2	80	0.0250000
NODE_1633_length_1784_cov_40.769733	411	491	3	50	80	0.6250000
NODE_1633_length_1784_cov_40.769733	1057	1137	4	20	80	0.2500000
NODE_1633_length_1784_cov_40.769733	1057	1137	5	21	80	0.2625000
NODE_1633_length_1784_cov_40.769733	1057	1137	6	39	80	0.4875000
NODE_1633_length_1784_cov_40.769733	1110	1190	5	22	80	0.2750000
NODE_1633_length_1784_cov_40.769733	1110	1190	6	35	80	0.4375000
NODE_1633_length_1784_cov_40.769733	1110	1190	7	23	80	0.2875000
NODE_1633_length_1784_cov_40.769733	1186	1266	7	34	80	0.4250000
NODE_1633_length_1784_cov_40.769733	1186	1266	8	36	80	0.4500000
NODE_1633_length_1784_cov_40.769733	1186	1266	9	10	80	0.1250000
NODE_1633_length_1784_cov_40.769733	1239	1319	7	45	80	0.5625000
NODE_1633_length_1784_cov_40.769733	1239	1319	8	35	80	0.4375000
NODE_1634_length_1784_cov_6.049258	1646	1725	0	79	79	1.0000000
NODE_1637_length_1783_cov_45.569477	600	680	13	1	80	0.0125000
NODE_1637_length_1783_cov_45.569477	600	680	14	3	80	0.0375000
NODE_1637_length_1783_cov_45.569477	600	680	15	17	80	0.2125000
NODE_1637_length_1783_cov_45.569477	600	680	16	26	80	0.3250000
NODE_1637_length_1783_cov_45.569477	600	680	17	1	80	0.0125000
NODE_1637_length_1783_cov_45.569477	600	680	18	9	80	0.1125000
NODE_1637_length_1783_cov_45.569477	600	680	19	22	80	0.2750000
NODE_1637_length_1783_cov_45.569477	600	680	20	1	80	0.0125000
NODE_1637_length_1783_cov_45.569477	653	733	13	5	80	0.0625000
NODE_1637_length_1783_cov_45.569477	653	733	14	12	80	0.1500000
NODE_1637_length_1783_cov_45.569477	653	733	15	13	80	0.1625000
NODE_1637_length_1783_cov_45.569477	653	733	16	16	80	0.2000000
NODE_1637_length_1783_cov_45.569477	653	733	17	2	80	0.0250000
NODE_1637_length_1783_cov_45.569477	653	733	18	11	80	0.1375000
NODE_1637_length_1783_cov_45.569477	653	733	19	20	80	0.2500000
NODE_1637_length_1783_cov_45.569477	653	733	20	1	80	0.0125000
NODE_1640_length_1780_cov_21.089233	361	441	7	1	80	0.0125000
NODE_1640_length_1780_cov_21.089233	361	441	9	3	80	0.0375000
NODE_1640_length_1780_cov_21.089233	361	441	10	28	80	0.3500000
NODE_1640_length_1780_cov_21.089233	361	441	12	28	80	0.3500000
NODE_1640_length_1780_cov_21.089233	361	441	13	13	80	0.1625000
NODE_1640_length_1780_cov_21.089233	361	441	14	4	80	0.0500000
NODE_1640_length_1780_cov_21.089233	361	441	16	1	80	0.0125000
NODE_1640_length_1780_cov_21.089233	361	441	17	2	80	0.0250000
NODE_1640_length_1780_cov_21.089233	414	494	11	3	80	0.0375000
NODE_1640_length_1780_cov_21.089233	414	494	12	7	80	0.0875000
NODE_1640_length_1780_cov_21.089233	414	494	13	21	80	0.2625000
NODE_1640_length_1780_cov_21.089233	414	494	14	7	80	0.0875000
NODE_1640_length_1780_cov_21.089233	414	494	16	13	80	0.1625000
NODE_1640_length_1780_cov_21.089233	414	494	17	29	80	0.3625000
NODE_1640_length_1780_cov_21.089233	1031	1104	0	13	73	0.1780822
NODE_1640_length_1780_cov_21.089233	1031	1104	3	12	73	0.1643836
NODE_1640_length_1780_cov_21.089233	1031	1104	5	18	73	0.2465753
NODE_1640_length_1780_cov_21.089233	1031	1104	7	25	73	0.3424658
NODE_1640_length_1780_cov_21.089233	1031	1104	8	5	73	0.0684932
NODE_1640_length_1780_cov_21.089233	1071	1112	5	3	41	0.0731707
NODE_1640_length_1780_cov_21.089233	1071	1112	7	25	41	0.6097561
NODE_1640_length_1780_cov_21.089233	1071	1112	8	13	41	0.3170732
NODE_1641_length_1780_cov_7.837597	1682	1747	0	65	65	1.0000000
NODE_1649_length_1778_cov_52.804050	1528	1568	5	1	40	0.0250000
NODE_1649_length_1778_cov_52.804050	1528	1568	7	2	40	0.0500000
NODE_1649_length_1778_cov_52.804050	1528	1568	8	2	40	0.0500000
NODE_1649_length_1778_cov_52.804050	1528	1568	10	9	40	0.2250000
NODE_1649_length_1778_cov_52.804050	1528	1568	14	1	40	0.0250000
NODE_1649_length_1778_cov_52.804050	1528	1568	16	2	40	0.0500000
NODE_1649_length_1778_cov_52.804050	1528	1568	18	1	40	0.0250000
NODE_1649_length_1778_cov_52.804050	1528	1568	19	11	40	0.2750000
NODE_1649_length_1778_cov_52.804050	1528	1568	20	11	40	0.2750000
NODE_1649_length_1778_cov_52.804050	1541	1621	10	1	80	0.0125000
NODE_1649_length_1778_cov_52.804050	1541	1621	14	1	80	0.0125000
NODE_1649_length_1778_cov_52.804050	1541	1621	16	2	80	0.0250000
NODE_1649_length_1778_cov_52.804050	1541	1621	18	4	80	0.0500000
NODE_1649_length_1778_cov_52.804050	1541	1621	19	28	80	0.3500000
NODE_1649_length_1778_cov_52.804050	1541	1621	20	43	80	0.5375000
NODE_1649_length_1778_cov_52.804050	1541	1621	22	1	80	0.0125000
NODE_1649_length_1778_cov_52.804050	1541	1621	10	1	80	0.0125000
NODE_1649_length_1778_cov_52.804050	1541	1621	14	1	80	0.0125000
NODE_1649_length_1778_cov_52.804050	1541	1621	16	2	80	0.0250000
NODE_1649_length_1778_cov_52.804050	1541	1621	18	4	80	0.0500000
NODE_1649_length_1778_cov_52.804050	1541	1621	19	28	80	0.3500000
NODE_1649_length_1778_cov_52.804050	1541	1621	20	43	80	0.5375000
NODE_1649_length_1778_cov_52.804050	1541	1621	22	1	80	0.0125000
NODE_1649_length_1778_cov_52.804050	1541	1621	10	1	80	0.0125000
NODE_1649_length_1778_cov_52.804050	1541	1621	14	1	80	0.0125000
NODE_1649_length_1778_cov_52.804050	1541	1621	16	2	80	0.0250000
NODE_1649_length_1778_cov_52.804050	1541	1621	18	4	80	0.0500000
NODE_1649_length_1778_cov_52.804050	1541	1621	19	28	80	0.3500000
NODE_1649_length_1778_cov_52.804050	1541	1621	20	43	80	0.5375000
NODE_1649_length_1778_cov_52.804050	1541	1621	22	1	80	0.0125000
NODE_1649_length_1778_cov_52.804050	1541	1621	10	1	80	0.0125000
NODE_1649_length_1778_cov_52.804050	1541	1621	14	1	80	0.0125000
NODE_1649_length_1778_cov_52.804050	1541	1621	16	2	80	0.0250000
NODE_1649_length_1778_cov_52.804050	1541	1621	18	4	80	0.0500000
NODE_1649_length_1778_cov_52.804050	1541	1621	19	28	80	0.3500000
NODE_1649_length_1778_cov_52.804050	1541	1621	20	43	80	0.5375000
NODE_1649_length_1778_cov_52.804050	1541	1621	22	1	80	0.0125000
NODE_1649_length_1778_cov_52.804050	1541	1621	10	1	80	0.0125000
NODE_1649_length_1778_cov_52.804050	1541	1621	14	1	80	0.0125000
NODE_1649_length_1778_cov_52.804050	1541	1621	16	2	80	0.0250000
NODE_1649_length_1778_cov_52.804050	1541	1621	18	4	80	0.0500000
NODE_1649_length_1778_cov_52.804050	1541	1621	19	28	80	0.3500000
NODE_1649_length_1778_cov_52.804050	1541	1621	20	43	80	0.5375000
NODE_1649_length_1778_cov_52.804050	1541	1621	22	1	80	0.0125000
NODE_1649_length_1778_cov_52.804050	1541	1621	10	1	80	0.0125000
NODE_1649_length_1778_cov_52.804050	1541	1621	14	1	80	0.0125000
NODE_1649_length_1778_cov_52.804050	1541	1621	16	2	80	0.0250000
NODE_1649_length_1778_cov_52.804050	1541	1621	18	4	80	0.0500000
NODE_1649_length_1778_cov_52.804050	1541	1621	19	28	80	0.3500000
NODE_1649_length_1778_cov_52.804050	1541	1621	20	43	80	0.5375000
NODE_1649_length_1778_cov_52.804050	1541	1621	22	1	80	0.0125000
NODE_1649_length_1778_cov_52.804050	1617	1697	7	1	80	0.0125000
NODE_1649_length_1778_cov_52.804050	1617	1697	8	7	80	0.0875000
NODE_1649_length_1778_cov_52.804050	1617	1697	9	2	80	0.0250000
NODE_1649_length_1778_cov_52.804050	1617	1697	10	6	80	0.0750000
NODE_1649_length_1778_cov_52.804050	1617	1697	11	1	80	0.0125000
NODE_1649_length_1778_cov_52.804050	1617	1697	13	3	80	0.0375000
NODE_1649_length_1778_cov_52.804050	1617	1697	14	1	80	0.0125000
NODE_1649_length_1778_cov_52.804050	1617	1697	17	3	80	0.0375000
NODE_1649_length_1778_cov_52.804050	1617	1697	18	2	80	0.0250000
NODE_1649_length_1778_cov_52.804050	1617	1697	20	4	80	0.0500000
NODE_1649_length_1778_cov_52.804050	1617	1697	22	3	80	0.0375000
NODE_1649_length_1778_cov_52.804050	1617	1697	23	10	80	0.1250000
NODE_1649_length_1778_cov_52.804050	1617	1697	24	37	80	0.4625000
NODE_1649_length_1778_cov_52.804050	1617	1697	7	1	80	0.0125000
NODE_1649_length_1778_cov_52.804050	1617	1697	8	7	80	0.0875000
NODE_1649_length_1778_cov_52.804050	1617	1697	9	2	80	0.0250000
NODE_1649_length_1778_cov_52.804050	1617	1697	10	6	80	0.0750000
NODE_1649_length_1778_cov_52.804050	1617	1697	11	1	80	0.0125000
NODE_1649_length_1778_cov_52.804050	1617	1697	13	3	80	0.0375000
NODE_1649_length_1778_cov_52.804050	1617	1697	14	1	80	0.0125000
NODE_1649_length_1778_cov_52.804050	1617	1697	17	3	80	0.0375000
NODE_1649_length_1778_cov_52.804050	1617	1697	18	2	80	0.0250000
NODE_1649_length_1778_cov_52.804050	1617	1697	20	4	80	0.0500000
NODE_1649_length_1778_cov_52.804050	1617	1697	22	3	80	0.0375000
NODE_1649_length_1778_cov_52.804050	1617	1697	23	10	80	0.1250000
NODE_1649_length_1778_cov_52.804050	1617	1697	24	37	80	0.4625000
NODE_1649_length_1778_cov_52.804050	1617	1697	7	1	80	0.0125000
NODE_1649_length_1778_cov_52.804050	1617	1697	8	7	80	0.0875000
NODE_1649_length_1778_cov_52.804050	1617	1697	9	2	80	0.0250000
NODE_1649_length_1778_cov_52.804050	1617	1697	10	6	80	0.0750000
NODE_1649_length_1778_cov_52.804050	1617	1697	11	1	80	0.0125000
NODE_1649_length_1778_cov_52.804050	1617	1697	13	3	80	0.0375000
NODE_1649_length_1778_cov_52.804050	1617	1697	14	1	80	0.0125000
NODE_1649_length_1778_cov_52.804050	1617	1697	17	3	80	0.0375000
NODE_1649_length_1778_cov_52.804050	1617	1697	18	2	80	0.0250000
NODE_1649_length_1778_cov_52.804050	1617	1697	20	4	80	0.0500000
NODE_1649_length_1778_cov_52.804050	1617	1697	22	3	80	0.0375000
NODE_1649_length_1778_cov_52.804050	1617	1697	23	10	80	0.1250000
NODE_1649_length_1778_cov_52.804050	1617	1697	24	37	80	0.4625000
NODE_1649_length_1778_cov_52.804050	1617	1697	7	1	80	0.0125000
NODE_1649_length_1778_cov_52.804050	1617	1697	8	7	80	0.0875000
NODE_1649_length_1778_cov_52.804050	1617	1697	9	2	80	0.0250000
NODE_1649_length_1778_cov_52.804050	1617	1697	10	6	80	0.0750000
NODE_1649_length_1778_cov_52.804050	1617	1697	11	1	80	0.0125000
NODE_1649_length_1778_cov_52.804050	1617	1697	13	3	80	0.0375000
NODE_1649_length_1778_cov_52.804050	1617	1697	14	1	80	0.0125000
NODE_1649_length_1778_cov_52.804050	1617	1697	17	3	80	0.0375000
NODE_1649_length_1778_cov_52.804050	1617	1697	18	2	80	0.0250000
NODE_1649_length_1778_cov_52.804050	1617	1697	20	4	80	0.0500000
NODE_1649_length_1778_cov_52.804050	1617	1697	22	3	80	0.0375000
NODE_1649_length_1778_cov_52.804050	1617	1697	23	10	80	0.1250000
NODE_1649_length_1778_cov_52.804050	1617	1697	24	37	80	0.4625000
NODE_1649_length_1778_cov_52.804050	1670	1750	3	5	80	0.0625000
NODE_1649_length_1778_cov_52.804050	1670	1750	4	23	80	0.2875000
NODE_1649_length_1778_cov_52.804050	1670	1750	6	15	80	0.1875000
NODE_1649_length_1778_cov_52.804050	1670	1750	7	11	80	0.1375000
NODE_1649_length_1778_cov_52.804050	1670	1750	8	7	80	0.0875000
NODE_1649_length_1778_cov_52.804050	1670	1750	9	2	80	0.0250000
NODE_1649_length_1778_cov_52.804050	1670	1750	10	6	80	0.0750000
NODE_1649_length_1778_cov_52.804050	1670	1750	11	1	80	0.0125000
NODE_1649_length_1778_cov_52.804050	1670	1750	13	3	80	0.0375000
NODE_1649_length_1778_cov_52.804050	1670	1750	14	1	80	0.0125000
NODE_1649_length_1778_cov_52.804050	1670	1750	17	3	80	0.0375000
NODE_1649_length_1778_cov_52.804050	1670	1750	18	2	80	0.0250000
NODE_1649_length_1778_cov_52.804050	1670	1750	20	1	80	0.0125000
NODE_1649_length_1778_cov_52.804050	1670	1750	3	5	80	0.0625000
NODE_1649_length_1778_cov_52.804050	1670	1750	4	23	80	0.2875000
NODE_1649_length_1778_cov_52.804050	1670	1750	6	15	80	0.1875000
NODE_1649_length_1778_cov_52.804050	1670	1750	7	11	80	0.1375000
NODE_1649_length_1778_cov_52.804050	1670	1750	8	7	80	0.0875000
NODE_1649_length_1778_cov_52.804050	1670	1750	9	2	80	0.0250000
NODE_1649_length_1778_cov_52.804050	1670	1750	10	6	80	0.0750000
NODE_1649_length_1778_cov_52.804050	1670	1750	11	1	80	0.0125000
NODE_1649_length_1778_cov_52.804050	1670	1750	13	3	80	0.0375000
NODE_1649_length_1778_cov_52.804050	1670	1750	14	1	80	0.0125000
NODE_1649_length_1778_cov_52.804050	1670	1750	17	3	80	0.0375000
NODE_1649_length_1778_cov_52.804050	1670	1750	18	2	80	0.0250000
NODE_1649_length_1778_cov_52.804050	1670	1750	20	1	80	0.0125000
NODE_1649_length_1778_cov_52.804050	1670	1750	3	5	80	0.0625000
NODE_1649_length_1778_cov_52.804050	1670	1750	4	23	80	0.2875000
NODE_1649_length_1778_cov_52.804050	1670	1750	6	15	80	0.1875000
NODE_1649_length_1778_cov_52.804050	1670	1750	7	11	80	0.1375000
NODE_1649_length_1778_cov_52.804050	1670	1750	8	7	80	0.0875000
NODE_1649_length_1778_cov_52.804050	1670	1750	9	2	80	0.0250000
NODE_1649_length_1778_cov_52.804050	1670	1750	10	6	80	0.0750000
NODE_1649_length_1778_cov_52.804050	1670	1750	11	1	80	0.0125000
NODE_1649_length_1778_cov_52.804050	1670	1750	13	3	80	0.0375000
NODE_1649_length_1778_cov_52.804050	1670	1750	14	1	80	0.0125000
NODE_1649_length_1778_cov_52.804050	1670	1750	17	3	80	0.0375000
NODE_1649_length_1778_cov_52.804050	1670	1750	18	2	80	0.0250000
NODE_1649_length_1778_cov_52.804050	1670	1750	20	1	80	0.0125000
NODE_1649_length_1778_cov_52.804050	1670	1741	4	19	71	0.2676056
NODE_1649_length_1778_cov_52.804050	1670	1741	6	15	71	0.2112676
NODE_1649_length_1778_cov_52.804050	1670	1741	7	11	71	0.1549296
NODE_1649_length_1778_cov_52.804050	1670	1741	8	7	71	0.0985916
NODE_1649_length_1778_cov_52.804050	1670	1741	9	2	71	0.0281690
NODE_1649_length_1778_cov_52.804050	1670	1741	10	6	71	0.0845070
NODE_1649_length_1778_cov_52.804050	1670	1741	11	1	71	0.0140845
NODE_1649_length_1778_cov_52.804050	1670	1741	13	3	71	0.0422535
NODE_1649_length_1778_cov_52.804050	1670	1741	14	1	71	0.0140845
NODE_1649_length_1778_cov_52.804050	1670	1741	17	3	71	0.0422535
NODE_1649_length_1778_cov_52.804050	1670	1741	18	2	71	0.0281690
NODE_1649_length_1778_cov_52.804050	1670	1741	20	1	71	0.0140845
NODE_1649_length_1778_cov_52.804050	1673	1743	4	21	70	0.3000000
NODE_1649_length_1778_cov_52.804050	1673	1743	6	15	70	0.2142857
NODE_1649_length_1778_cov_52.804050	1673	1743	7	11	70	0.1571429
NODE_1649_length_1778_cov_52.804050	1673	1743	8	7	70	0.1000000
NODE_1649_length_1778_cov_52.804050	1673	1743	9	2	70	0.0285714
NODE_1649_length_1778_cov_52.804050	1673	1743	10	6	70	0.0857143
NODE_1649_length_1778_cov_52.804050	1673	1743	11	1	70	0.0142857
NODE_1649_length_1778_cov_52.804050	1673	1743	13	3	70	0.0428571
NODE_1649_length_1778_cov_52.804050	1673	1743	14	1	70	0.0142857
NODE_1649_length_1778_cov_52.804050	1673	1743	17	3	70	0.0428571
NODE_1649_length_1778_cov_52.804050	1679	1750	3	5	71	0.0704225
NODE_1649_length_1778_cov_52.804050	1679	1750	4	23	71	0.3239437
NODE_1649_length_1778_cov_52.804050	1679	1750	6	15	71	0.2112676
NODE_1649_length_1778_cov_52.804050	1679	1750	7	11	71	0.1549296
NODE_1649_length_1778_cov_52.804050	1679	1750	8	7	71	0.0985916
NODE_1649_length_1778_cov_52.804050	1679	1750	9	2	71	0.0281690
NODE_1649_length_1778_cov_52.804050	1679	1750	10	6	71	0.0845070
NODE_1649_length_1778_cov_52.804050	1679	1750	11	1	71	0.0140845
NODE_1649_length_1778_cov_52.804050	1679	1750	13	1	71	0.0140845
NODE_1651_length_1776_cov_43.081694	1246	1308	6	13	62	0.2096774
NODE_1651_length_1776_cov_43.081694	1246	1308	8	2	62	0.0322581
NODE_1651_length_1776_cov_43.081694	1246	1308	9	8	62	0.1290323
NODE_1651_length_1776_cov_43.081694	1246	1308	10	29	62	0.4677419
NODE_1651_length_1776_cov_43.081694	1246	1308	11	10	62	0.1612903
NODE_1651_length_1776_cov_43.081694	1281	1361	7	12	80	0.1500000
NODE_1651_length_1776_cov_43.081694	1281	1361	8	2	80	0.0250000
NODE_1651_length_1776_cov_43.081694	1281	1361	9	15	80	0.1875000
NODE_1651_length_1776_cov_43.081694	1281	1361	10	17	80	0.2125000
NODE_1651_length_1776_cov_43.081694	1281	1361	11	34	80	0.4250000
NODE_1652_length_1776_cov_9.256410	1120	1200	1	11	80	0.1375000
NODE_1652_length_1776_cov_9.256410	1120	1200	2	37	80	0.4625000
NODE_1652_length_1776_cov_9.256410	1120	1200	3	32	80	0.4000000
NODE_1652_length_1776_cov_9.256410	1173	1253	3	80	80	1.0000000
NODE_1652_length_1776_cov_9.256410	1249	1329	0	11	80	0.1375000
NODE_1652_length_1776_cov_9.256410	1249	1329	1	14	80	0.1750000
NODE_1652_length_1776_cov_9.256410	1249	1329	2	50	80	0.6250000
NODE_1652_length_1776_cov_9.256410	1249	1329	3	5	80	0.0625000
NODE_1652_length_1776_cov_9.256410	1302	1382	0	64	80	0.8000000
NODE_1652_length_1776_cov_9.256410	1302	1382	1	14	80	0.1750000
NODE_1652_length_1776_cov_9.256410	1302	1382	2	2	80	0.0250000
NODE_1657_length_1775_cov_54.208234	1103	1167	21	2	64	0.0312500
NODE_1657_length_1775_cov_54.208234	1103	1167	23	16	64	0.2500000
NODE_1657_length_1775_cov_54.208234	1103	1167	24	10	64	0.1562500
NODE_1657_length_1775_cov_54.208234	1103	1167	25	8	64	0.1250000
NODE_1657_length_1775_cov_54.208234	1103	1167	26	9	64	0.1406250
NODE_1657_length_1775_cov_54.208234	1103	1167	27	19	64	0.2968750
NODE_1657_length_1775_cov_54.208234	1103	1167	21	2	64	0.0312500
NODE_1657_length_1775_cov_54.208234	1103	1167	23	16	64	0.2500000
NODE_1657_length_1775_cov_54.208234	1103	1167	24	10	64	0.1562500
NODE_1657_length_1775_cov_54.208234	1103	1167	25	8	64	0.1250000
NODE_1657_length_1775_cov_54.208234	1103	1167	26	9	64	0.1406250
NODE_1657_length_1775_cov_54.208234	1103	1167	27	19	64	0.2968750
NODE_1657_length_1775_cov_54.208234	1140	1200	14	1	60	0.0166667
NODE_1657_length_1775_cov_54.208234	1140	1200	16	16	60	0.2666667
NODE_1657_length_1775_cov_54.208234	1140	1200	18	4	60	0.0666667
NODE_1657_length_1775_cov_54.208234	1140	1200	20	1	60	0.0166667
NODE_1657_length_1775_cov_54.208234	1140	1200	22	2	60	0.0333333
NODE_1657_length_1775_cov_54.208234	1140	1200	23	9	60	0.1500000
NODE_1657_length_1775_cov_54.208234	1140	1200	24	6	60	0.1000000
NODE_1657_length_1775_cov_54.208234	1140	1200	25	3	60	0.0500000
NODE_1657_length_1775_cov_54.208234	1140	1200	26	5	60	0.0833333
NODE_1657_length_1775_cov_54.208234	1140	1200	27	13	60	0.2166667
NODE_1658_length_1775_cov_13.181981	1170	1250	2	20	80	0.2500000
NODE_1658_length_1775_cov_13.181981	1170	1250	3	60	80	0.7500000
NODE_1658_length_1775_cov_13.181981	1223	1303	3	80	80	1.0000000
NODE_1659_length_1775_cov_4.218974	1304	1384	1	10	80	0.1250000
NODE_1659_length_1775_cov_4.218974	1304	1384	2	4	80	0.0500000
NODE_1659_length_1775_cov_4.218974	1304	1384	3	19	80	0.2375000
NODE_1659_length_1775_cov_4.218974	1304	1384	4	43	80	0.5375000
NODE_1659_length_1775_cov_4.218974	1304	1384	5	4	80	0.0500000
NODE_1659_length_1775_cov_4.218974	1357	1437	4	23	80	0.2875000
NODE_1659_length_1775_cov_4.218974	1357	1437	5	57	80	0.7125000
NODE_1660_length_1774_cov_48.617313	345	425	6	9	80	0.1125000
NODE_1660_length_1774_cov_48.617313	345	425	7	28	80	0.3500000
NODE_1660_length_1774_cov_48.617313	345	425	9	23	80	0.2875000
NODE_1660_length_1774_cov_48.617313	345	425	11	20	80	0.2500000
NODE_1660_length_1774_cov_48.617313	398	478	7	43	80	0.5375000
NODE_1660_length_1774_cov_48.617313	398	478	9	37	80	0.4625000
NODE_1660_length_1774_cov_48.617313	474	554	5	20	80	0.2500000
NODE_1660_length_1774_cov_48.617313	474	554	6	16	80	0.2000000
NODE_1660_length_1774_cov_48.617313	474	554	7	19	80	0.2375000
NODE_1660_length_1774_cov_48.617313	474	554	8	21	80	0.2625000
NODE_1660_length_1774_cov_48.617313	474	554	9	4	80	0.0500000
NODE_1660_length_1774_cov_48.617313	527	607	2	7	80	0.0875000
NODE_1660_length_1774_cov_48.617313	527	607	4	20	80	0.2500000
NODE_1660_length_1774_cov_48.617313	527	607	5	21	80	0.2625000
NODE_1660_length_1774_cov_48.617313	527	607	6	32	80	0.4000000
NODE_1660_length_1774_cov_48.617313	1027	1107	3	67	80	0.8375000
NODE_1660_length_1774_cov_48.617313	1027	1107	4	5	80	0.0625000
NODE_1660_length_1774_cov_48.617313	1027	1107	5	8	80	0.1000000
NODE_1660_length_1774_cov_48.617313	1080	1160	3	58	80	0.7250000
NODE_1660_length_1774_cov_48.617313	1080	1160	4	14	80	0.1750000
NODE_1660_length_1774_cov_48.617313	1080	1160	5	8	80	0.1000000
NODE_1660_length_1774_cov_48.617313	1156	1236	3	37	80	0.4625000
NODE_1660_length_1774_cov_48.617313	1156	1236	4	3	80	0.0375000
NODE_1660_length_1774_cov_48.617313	1156	1236	5	11	80	0.1375000
NODE_1660_length_1774_cov_48.617313	1156	1236	6	27	80	0.3375000
NODE_1660_length_1774_cov_48.617313	1156	1236	7	2	80	0.0250000
NODE_1660_length_1774_cov_48.617313	1209	1289	3	1	80	0.0125000
NODE_1660_length_1774_cov_48.617313	1209	1289	5	55	80	0.6875000
NODE_1660_length_1774_cov_48.617313	1209	1289	6	14	80	0.1750000
NODE_1660_length_1774_cov_48.617313	1209	1289	7	10	80	0.1250000
NODE_1662_length_1774_cov_8.011343	1655	1735	0	80	80	1.0000000
NODE_1663_length_1773_cov_5.547192	433	513	2	50	80	0.6250000
NODE_1663_length_1773_cov_5.547192	433	513	4	30	80	0.3750000
NODE_1663_length_1773_cov_5.547192	486	566	2	53	80	0.6625000
NODE_1663_length_1773_cov_5.547192	486	566	4	27	80	0.3375000
NODE_1664_length_1773_cov_3.925329	267	347	0	7	80	0.0875000
NODE_1664_length_1773_cov_3.925329	267	347	4	73	80	0.9125000
NODE_1664_length_1773_cov_3.925329	320	400	0	27	80	0.3375000
NODE_1664_length_1773_cov_3.925329	320	400	4	53	80	0.6625000
NODE_1666_length_1770_cov_9.912029	369	437	1	13	68	0.1911765
NODE_1666_length_1770_cov_9.912029	369	437	2	45	68	0.6617647
NODE_1666_length_1770_cov_9.912029	369	437	3	10	68	0.1470588
NODE_1666_length_1770_cov_9.912029	388	431	2	39	43	0.9069768
NODE_1666_length_1770_cov_9.912029	388	431	3	4	43	0.0930233
NODE_1666_length_1770_cov_9.912029	509	577	3	14	68	0.2058824
NODE_1666_length_1770_cov_9.912029	509	577	4	5	68	0.0735294
NODE_1666_length_1770_cov_9.912029	509	577	5	49	68	0.7205882
NODE_1666_length_1770_cov_9.912029	515	571	3	13	56	0.2321429
NODE_1666_length_1770_cov_9.912029	515	571	5	43	56	0.7678571
NODE_1666_length_1770_cov_9.912029	579	618	3	18	39	0.4615385
NODE_1666_length_1770_cov_9.912029	579	618	4	21	39	0.5384616
NODE_1666_length_1770_cov_9.912029	697	776	5	33	79	0.4177215
NODE_1666_length_1770_cov_9.912029	697	776	6	46	79	0.5822785
NODE_1666_length_1770_cov_9.912029	714	794	5	27	80	0.3375000
NODE_1666_length_1770_cov_9.912029	714	794	6	53	80	0.6625000
NODE_1666_length_1770_cov_9.912029	767	819	4	9	52	0.1730769
NODE_1666_length_1770_cov_9.912029	767	819	5	25	52	0.4807692
NODE_1666_length_1770_cov_9.912029	767	819	6	18	52	0.3461539
NODE_1666_length_1770_cov_9.912029	785	819	4	9	34	0.2647059
NODE_1666_length_1770_cov_9.912029	785	819	5	25	34	0.7352941
NODE_1667_length_1768_cov_9.134811	687	736	8	1	49	0.0204082
NODE_1667_length_1768_cov_9.134811	687	736	9	10	49	0.2040816
NODE_1667_length_1768_cov_9.134811	687	736	10	10	49	0.2040816
NODE_1667_length_1768_cov_9.134811	687	736	11	2	49	0.0408163
NODE_1667_length_1768_cov_9.134811	687	736	12	19	49	0.3877551
NODE_1667_length_1768_cov_9.134811	687	736	13	7	49	0.1428571
NODE_1668_length_1768_cov_6.605153	1207	1287	1	43	80	0.5375000
NODE_1668_length_1768_cov_6.605153	1207	1287	2	36	80	0.4500000
NODE_1668_length_1768_cov_6.605153	1207	1287	3	1	80	0.0125000
NODE_1668_length_1768_cov_6.605153	1260	1340	2	35	80	0.4375000
NODE_1668_length_1768_cov_6.605153	1260	1340	3	45	80	0.5625000
NODE_1668_length_1768_cov_6.605153	1336	1416	2	24	80	0.3000000
NODE_1668_length_1768_cov_6.605153	1336	1416	3	29	80	0.3625000
NODE_1668_length_1768_cov_6.605153	1336	1416	4	27	80	0.3375000
NODE_1668_length_1768_cov_6.605153	1389	1469	3	6	80	0.0750000
NODE_1668_length_1768_cov_6.605153	1389	1469	4	56	80	0.7000000
NODE_1668_length_1768_cov_6.605153	1389	1469	5	18	80	0.2250000
NODE_1669_length_1767_cov_5.475420	508	588	7	8	80	0.1000000
NODE_1669_length_1767_cov_5.475420	508	588	9	16	80	0.2000000
NODE_1669_length_1767_cov_5.475420	508	588	10	21	80	0.2625000
NODE_1669_length_1767_cov_5.475420	508	588	11	25	80	0.3125000
NODE_1669_length_1767_cov_5.475420	508	588	12	10	80	0.1250000
NODE_1680_length_1762_cov_18.673482	606	686	1	80	80	1.0000000
NODE_1680_length_1762_cov_18.673482	659	739	1	47	80	0.5875000
NODE_1680_length_1762_cov_18.673482	659	739	2	9	80	0.1125000
NODE_1680_length_1762_cov_18.673482	659	739	3	9	80	0.1125000
NODE_1680_length_1762_cov_18.673482	659	739	4	15	80	0.1875000
NODE_1680_length_1762_cov_18.673482	735	815	3	21	80	0.2625000
NODE_1680_length_1762_cov_18.673482	735	815	4	45	80	0.5625000
NODE_1680_length_1762_cov_18.673482	735	815	5	4	80	0.0500000
NODE_1680_length_1762_cov_18.673482	735	815	6	10	80	0.1250000
NODE_1680_length_1762_cov_18.673482	788	868	4	16	80	0.2000000
NODE_1680_length_1762_cov_18.673482	788	868	5	13	80	0.1625000
NODE_1680_length_1762_cov_18.673482	788	868	6	51	80	0.6375000
NODE_1681_length_1762_cov_6.760072	1033	1113	1	80	80	1.0000000
NODE_1681_length_1762_cov_6.760072	1086	1166	0	45	80	0.5625000
NODE_1681_length_1762_cov_6.760072	1086	1166	1	35	80	0.4375000
NODE_1685_length_1760_cov_8.064419	941	1021	4	6	80	0.0750000
NODE_1685_length_1760_cov_8.064419	941	1021	5	44	80	0.5500000
NODE_1685_length_1760_cov_8.064419	941	1021	6	30	80	0.3750000
NODE_1685_length_1760_cov_8.064419	994	1074	1	13	80	0.1625000
NODE_1685_length_1760_cov_8.064419	994	1074	3	23	80	0.2875000
NODE_1685_length_1760_cov_8.064419	994	1074	4	23	80	0.2875000
NODE_1685_length_1760_cov_8.064419	994	1074	5	15	80	0.1875000
NODE_1685_length_1760_cov_8.064419	994	1074	6	6	80	0.0750000
NODE_1692_length_1758_cov_99.869198	599	679	10	13	80	0.1625000
NODE_1692_length_1758_cov_99.869198	599	679	11	39	80	0.4875000
NODE_1692_length_1758_cov_99.869198	599	679	13	1	80	0.0125000
NODE_1692_length_1758_cov_99.869198	599	679	14	1	80	0.0125000
NODE_1692_length_1758_cov_99.869198	599	679	16	19	80	0.2375000
NODE_1692_length_1758_cov_99.869198	599	679	17	4	80	0.0500000
NODE_1692_length_1758_cov_99.869198	599	679	18	3	80	0.0375000
NODE_1692_length_1758_cov_99.869198	652	732	14	1	80	0.0125000
NODE_1692_length_1758_cov_99.869198	652	732	16	24	80	0.3000000
NODE_1692_length_1758_cov_99.869198	652	732	17	20	80	0.2500000
NODE_1692_length_1758_cov_99.869198	652	732	18	3	80	0.0375000
NODE_1692_length_1758_cov_99.869198	652	732	19	20	80	0.2500000
NODE_1692_length_1758_cov_99.869198	652	732	20	11	80	0.1375000
NODE_1692_length_1758_cov_99.869198	652	732	21	1	80	0.0125000
NODE_1692_length_1758_cov_99.869198	728	808	20	4	80	0.0500000
NODE_1692_length_1758_cov_99.869198	728	808	21	1	80	0.0125000
NODE_1692_length_1758_cov_99.869198	728	808	22	3	80	0.0375000
NODE_1692_length_1758_cov_99.869198	728	808	23	13	80	0.1625000
NODE_1692_length_1758_cov_99.869198	728	808	24	2	80	0.0250000
NODE_1692_length_1758_cov_99.869198	728	808	25	10	80	0.1250000
NODE_1692_length_1758_cov_99.869198	728	808	26	9	80	0.1125000
NODE_1692_length_1758_cov_99.869198	728	808	27	3	80	0.0375000
NODE_1692_length_1758_cov_99.869198	728	808	28	19	80	0.2375000
NODE_1692_length_1758_cov_99.869198	728	808	29	8	80	0.1000000
NODE_1692_length_1758_cov_99.869198	728	808	30	7	80	0.0875000
NODE_1692_length_1758_cov_99.869198	728	808	31	1	80	0.0125000
NODE_1692_length_1758_cov_99.869198	781	861	22	1	80	0.0125000
NODE_1692_length_1758_cov_99.869198	781	861	23	8	80	0.1000000
NODE_1692_length_1758_cov_99.869198	781	861	24	5	80	0.0625000
NODE_1692_length_1758_cov_99.869198	781	861	25	16	80	0.2000000
NODE_1692_length_1758_cov_99.869198	781	861	26	12	80	0.1500000
NODE_1692_length_1758_cov_99.869198	781	861	27	6	80	0.0750000
NODE_1692_length_1758_cov_99.869198	781	861	28	21	80	0.2625000
NODE_1692_length_1758_cov_99.869198	781	861	29	8	80	0.1000000
NODE_1692_length_1758_cov_99.869198	781	861	30	3	80	0.0375000
NODE_1693_length_1757_cov_3.126659	49	121	0	72	72	1.0000000
NODE_1696_length_1755_cov_9.938406	231	311	0	63	80	0.7875000
NODE_1696_length_1755_cov_9.938406	231	311	1	17	80	0.2125000
NODE_1696_length_1755_cov_9.938406	284	364	0	10	80	0.1250000
NODE_1696_length_1755_cov_9.938406	284	364	1	26	80	0.3250000
NODE_1696_length_1755_cov_9.938406	284	364	5	16	80	0.2000000
NODE_1696_length_1755_cov_9.938406	284	364	6	6	80	0.0750000
NODE_1696_length_1755_cov_9.938406	284	364	7	22	80	0.2750000
NODE_1698_length_1755_cov_3.614130	171	222	0	51	51	1.0000000
NODE_1699_length_1754_cov_8.523263	0	77	0	77	77	1.0000000
NODE_1699_length_1754_cov_8.523263	0	77	0	77	77	1.0000000
NODE_1699_length_1754_cov_8.523263	0	77	0	77	77	1.0000000
NODE_1699_length_1754_cov_8.523263	50	99	0	49	49	1.0000000
NODE_1699_length_1754_cov_8.523263	53	99	0	46	46	1.0000000
NODE_1699_length_1754_cov_8.523263	55	99	0	44	44	1.0000000
NODE_1700_length_1753_cov_26.851874	356	436	3	15	80	0.1875000
NODE_1700_length_1753_cov_26.851874	356	436	5	2	80	0.0250000
NODE_1700_length_1753_cov_26.851874	356	436	7	39	80	0.4875000
NODE_1700_length_1753_cov_26.851874	356	436	8	13	80	0.1625000
NODE_1700_length_1753_cov_26.851874	356	436	9	11	80	0.1375000
NODE_1700_length_1753_cov_26.851874	409	489	3	7	80	0.0875000
NODE_1700_length_1753_cov_26.851874	409	489	5	6	80	0.0750000
NODE_1700_length_1753_cov_26.851874	409	489	6	6	80	0.0750000
NODE_1700_length_1753_cov_26.851874	409	489	7	3	80	0.0375000
NODE_1700_length_1753_cov_26.851874	409	489	8	16	80	0.2000000
NODE_1700_length_1753_cov_26.851874	409	489	9	42	80	0.5250000
NODE_1701_length_1753_cov_12.297461	355	435	3	11	80	0.1375000
NODE_1701_length_1753_cov_12.297461	355	435	4	9	80	0.1125000
NODE_1701_length_1753_cov_12.297461	355	435	5	60	80	0.7500000
NODE_1701_length_1753_cov_12.297461	408	488	2	12	80	0.1500000
NODE_1701_length_1753_cov_12.297461	408	488	3	52	80	0.6500000
NODE_1701_length_1753_cov_12.297461	408	488	5	16	80	0.2000000
NODE_1705_length_1750_cov_90.732283	1191	1254	49	5	63	0.0793651
NODE_1705_length_1750_cov_90.732283	1191	1254	50	4	63	0.0634921
NODE_1705_length_1750_cov_90.732283	1191	1254	51	9	63	0.1428571
NODE_1705_length_1750_cov_90.732283	1191	1254	52	2	63	0.0317460
NODE_1705_length_1750_cov_90.732283	1191	1254	53	15	63	0.2380952
NODE_1705_length_1750_cov_90.732283	1191	1254	54	12	63	0.1904762
NODE_1705_length_1750_cov_90.732283	1191	1254	55	11	63	0.1746032
NODE_1705_length_1750_cov_90.732283	1191	1254	56	5	63	0.0793651
NODE_1705_length_1750_cov_90.732283	1239	1310	48	2	71	0.0281690
NODE_1705_length_1750_cov_90.732283	1239	1310	49	9	71	0.1267606
NODE_1705_length_1750_cov_90.732283	1239	1310	50	9	71	0.1267606
NODE_1705_length_1750_cov_90.732283	1239	1310	51	15	71	0.2112676
NODE_1705_length_1750_cov_90.732283	1239	1310	52	4	71	0.0563380
NODE_1705_length_1750_cov_90.732283	1239	1310	53	6	71	0.0845070
NODE_1705_length_1750_cov_90.732283	1239	1310	54	18	71	0.2535211
NODE_1705_length_1750_cov_90.732283	1239	1310	55	8	71	0.1126761
NODE_1711_length_1746_cov_3.095932	458	524	0	66	66	1.0000000
NODE_1712_length_1745_cov_7.646416	430	510	3	24	80	0.3000000
NODE_1712_length_1745_cov_7.646416	430	510	4	56	80	0.7000000
NODE_1712_length_1745_cov_7.646416	483	563	0	25	80	0.3125000
NODE_1712_length_1745_cov_7.646416	483	563	2	19	80	0.2375000
NODE_1712_length_1745_cov_7.646416	483	563	3	33	80	0.4125000
NODE_1712_length_1745_cov_7.646416	483	563	4	3	80	0.0375000
NODE_1715_length_1744_cov_10.144681	1213	1289	3	76	76	1.0000000
NODE_1715_length_1744_cov_10.144681	1262	1342	0	2	80	0.0250000
NODE_1715_length_1744_cov_10.144681	1262	1342	1	17	80	0.2125000
NODE_1715_length_1744_cov_10.144681	1262	1342	3	61	80	0.7625000
NODE_1719_length_1742_cov_18.923311	699	776	0	38	77	0.4935065
NODE_1719_length_1742_cov_18.923311	699	776	1	39	77	0.5064935
NODE_1719_length_1742_cov_18.923311	749	829	1	63	80	0.7875000
NODE_1719_length_1742_cov_18.923311	749	829	2	17	80	0.2125000
NODE_1722_length_1741_cov_7.657734	1234	1314	0	17	80	0.2125000
NODE_1722_length_1741_cov_7.657734	1234	1314	2	61	80	0.7625000
NODE_1722_length_1741_cov_7.657734	1234	1314	4	2	80	0.0250000
NODE_1722_length_1741_cov_7.657734	1287	1367	2	25	80	0.3125000
NODE_1722_length_1741_cov_7.657734	1287	1367	4	55	80	0.6875000
NODE_1722_length_1741_cov_7.657734	1363	1443	2	61	80	0.7625000
NODE_1722_length_1741_cov_7.657734	1363	1443	4	19	80	0.2375000
NODE_1722_length_1741_cov_7.657734	1416	1496	0	45	80	0.5625000
NODE_1722_length_1741_cov_7.657734	1416	1496	1	1	80	0.0125000
NODE_1722_length_1741_cov_7.657734	1416	1496	2	34	80	0.4250000
NODE_1726_length_1740_cov_38.411335	517	597	5	1	80	0.0125000
NODE_1726_length_1740_cov_38.411335	517	597	7	7	80	0.0875000
NODE_1726_length_1740_cov_38.411335	517	597	8	5	80	0.0625000
NODE_1726_length_1740_cov_38.411335	517	597	10	37	80	0.4625000
NODE_1726_length_1740_cov_38.411335	517	597	11	17	80	0.2125000
NODE_1726_length_1740_cov_38.411335	517	597	12	9	80	0.1125000
NODE_1726_length_1740_cov_38.411335	517	597	13	3	80	0.0375000
NODE_1726_length_1740_cov_38.411335	517	597	14	1	80	0.0125000
NODE_1726_length_1740_cov_38.411335	570	650	5	47	80	0.5875000
NODE_1726_length_1740_cov_38.411335	570	650	6	7	80	0.0875000
NODE_1726_length_1740_cov_38.411335	570	650	7	7	80	0.0875000
NODE_1726_length_1740_cov_38.411335	570	650	8	5	80	0.0625000
NODE_1726_length_1740_cov_38.411335	570	650	11	1	80	0.0125000
NODE_1726_length_1740_cov_38.411335	570	650	12	9	80	0.1125000
NODE_1726_length_1740_cov_38.411335	570	650	13	3	80	0.0375000
NODE_1726_length_1740_cov_38.411335	570	650	14	1	80	0.0125000
NODE_1726_length_1740_cov_38.411335	646	726	4	5	80	0.0625000
NODE_1726_length_1740_cov_38.411335	646	726	5	9	80	0.1125000
NODE_1726_length_1740_cov_38.411335	646	726	6	28	80	0.3500000
NODE_1726_length_1740_cov_38.411335	646	726	8	38	80	0.4750000
NODE_1726_length_1740_cov_38.411335	699	779	2	11	80	0.1375000
NODE_1726_length_1740_cov_38.411335	699	779	3	17	80	0.2125000
NODE_1726_length_1740_cov_38.411335	699	779	4	30	80	0.3750000
NODE_1726_length_1740_cov_38.411335	699	779	5	9	80	0.1125000
NODE_1726_length_1740_cov_38.411335	699	779	6	2	80	0.0250000
NODE_1726_length_1740_cov_38.411335	699	779	8	11	80	0.1375000
NODE_1727_length_1740_cov_10.843388	552	632	3	7	80	0.0875000
NODE_1727_length_1740_cov_10.843388	552	632	5	2	80	0.0250000
NODE_1727_length_1740_cov_10.843388	552	632	6	17	80	0.2125000
NODE_1727_length_1740_cov_10.843388	552	632	7	54	80	0.6750000
NODE_1727_length_1740_cov_10.843388	708	788	6	24	80	0.3000000
NODE_1727_length_1740_cov_10.843388	708	788	7	56	80	0.7000000
NODE_1727_length_1740_cov_10.843388	708	788	6	24	80	0.3000000
NODE_1727_length_1740_cov_10.843388	708	788	7	56	80	0.7000000
NODE_1727_length_1740_cov_10.843388	708	788	6	24	80	0.3000000
NODE_1727_length_1740_cov_10.843388	708	788	7	56	80	0.7000000
NODE_1727_length_1740_cov_10.843388	761	841	0	4	80	0.0500000
NODE_1727_length_1740_cov_10.843388	761	841	2	10	80	0.1250000
NODE_1727_length_1740_cov_10.843388	761	841	4	19	80	0.2375000
NODE_1727_length_1740_cov_10.843388	761	841	6	25	80	0.3125000
NODE_1727_length_1740_cov_10.843388	761	841	7	22	80	0.2750000
NODE_1727_length_1740_cov_10.843388	761	808	6	25	47	0.5319149
NODE_1727_length_1740_cov_10.843388	761	808	7	22	47	0.4680851
NODE_1727_length_1740_cov_10.843388	761	808	6	25	47	0.5319149
NODE_1727_length_1740_cov_10.843388	761	808	7	22	47	0.4680851
NODE_1737_length_1736_cov_71.959682	841	901	14	8	60	0.1333333
NODE_1737_length_1736_cov_71.959682	841	901	15	10	60	0.1666667
NODE_1737_length_1736_cov_71.959682	841	901	16	24	60	0.4000000
NODE_1737_length_1736_cov_71.959682	841	901	17	5	60	0.0833333
NODE_1737_length_1736_cov_71.959682	841	901	18	13	60	0.2166667
NODE_1738_length_1736_cov_29.174710	1361	1390	24	4	29	0.1379310
NODE_1738_length_1736_cov_29.174710	1361	1390	26	4	29	0.1379310
NODE_1738_length_1736_cov_29.174710	1361	1390	28	5	29	0.1724138
NODE_1738_length_1736_cov_29.174710	1361	1390	29	11	29	0.3793103
NODE_1738_length_1736_cov_29.174710	1361	1390	32	2	29	0.0689655
NODE_1738_length_1736_cov_29.174710	1361	1390	34	3	29	0.1034483
NODE_1738_length_1736_cov_29.174710	1566	1628	33	2	62	0.0322581
NODE_1738_length_1736_cov_29.174710	1566	1628	34	17	62	0.2741936
NODE_1738_length_1736_cov_29.174710	1566	1628	35	22	62	0.3548387
NODE_1738_length_1736_cov_29.174710	1566	1628	36	17	62	0.2741936
NODE_1738_length_1736_cov_29.174710	1566	1628	37	1	62	0.0161290
NODE_1738_length_1736_cov_29.174710	1566	1628	38	3	62	0.0483871
NODE_1743_length_1732_cov_6.162890	807	887	1	80	80	1.0000000
NODE_1743_length_1732_cov_6.162890	860	940	1	45	80	0.5625000
NODE_1743_length_1732_cov_6.162890	860	940	2	17	80	0.2125000
NODE_1743_length_1732_cov_6.162890	860	940	3	18	80	0.2250000
NODE_1749_length_1729_cov_23.708589	364	443	0	22	79	0.2784810
NODE_1749_length_1729_cov_23.708589	364	443	1	1	79	0.0126582
NODE_1749_length_1729_cov_23.708589	364	443	2	53	79	0.6708861
NODE_1749_length_1729_cov_23.708589	364	443	3	3	79	0.0379747
NODE_1749_length_1729_cov_23.708589	416	496	2	24	80	0.3000000
NODE_1749_length_1729_cov_23.708589	416	496	3	16	80	0.2000000
NODE_1749_length_1729_cov_23.708589	416	496	5	21	80	0.2625000
NODE_1749_length_1729_cov_23.708589	416	496	7	9	80	0.1125000
NODE_1749_length_1729_cov_23.708589	416	496	8	5	80	0.0625000
NODE_1749_length_1729_cov_23.708589	416	496	9	5	80	0.0625000
NODE_1749_length_1729_cov_23.708589	492	572	7	6	80	0.0750000
NODE_1749_length_1729_cov_23.708589	492	572	8	1	80	0.0125000
NODE_1749_length_1729_cov_23.708589	492	572	9	50	80	0.6250000
NODE_1749_length_1729_cov_23.708589	492	572	10	23	80	0.2875000
NODE_1749_length_1729_cov_23.708589	545	625	6	1	80	0.0125000
NODE_1749_length_1729_cov_23.708589	545	625	7	16	80	0.2000000
NODE_1749_length_1729_cov_23.708589	545	625	8	2	80	0.0250000
NODE_1749_length_1729_cov_23.708589	545	625	9	5	80	0.0625000
NODE_1749_length_1729_cov_23.708589	545	625	10	40	80	0.5000000
NODE_1749_length_1729_cov_23.708589	545	625	11	16	80	0.2000000
NODE_1753_length_1728_cov_26.505832	259	339	3	1	80	0.0125000
NODE_1753_length_1728_cov_26.505832	259	339	5	79	80	0.9875000
NODE_1753_length_1728_cov_26.505832	312	392	2	17	80	0.2125000
NODE_1753_length_1728_cov_26.505832	312	392	3	16	80	0.2000000
NODE_1753_length_1728_cov_26.505832	312	392	4	16	80	0.2000000
NODE_1753_length_1728_cov_26.505832	312	392	5	31	80	0.3875000
NODE_1757_length_1725_cov_142.158057	767	814	100	1	47	0.0212766
NODE_1757_length_1725_cov_142.158057	767	814	101	2	47	0.0425532
NODE_1757_length_1725_cov_142.158057	767	814	102	1	47	0.0212766
NODE_1757_length_1725_cov_142.158057	767	814	103	1	47	0.0212766
NODE_1757_length_1725_cov_142.158057	767	814	104	1	47	0.0212766
NODE_1757_length_1725_cov_142.158057	767	814	107	5	47	0.1063830
NODE_1757_length_1725_cov_142.158057	767	814	108	5	47	0.1063830
NODE_1757_length_1725_cov_142.158057	767	814	109	1	47	0.0212766
NODE_1757_length_1725_cov_142.158057	767	814	110	3	47	0.0638298
NODE_1757_length_1725_cov_142.158057	767	814	113	1	47	0.0212766
NODE_1757_length_1725_cov_142.158057	767	814	114	3	47	0.0638298
NODE_1757_length_1725_cov_142.158057	767	814	115	1	47	0.0212766
NODE_1757_length_1725_cov_142.158057	767	814	116	2	47	0.0425532
NODE_1757_length_1725_cov_142.158057	767	814	117	2	47	0.0425532
NODE_1757_length_1725_cov_142.158057	767	814	118	5	47	0.1063830
NODE_1757_length_1725_cov_142.158057	767	814	119	5	47	0.1063830
NODE_1757_length_1725_cov_142.158057	767	814	120	6	47	0.1276596
NODE_1757_length_1725_cov_142.158057	767	814	121	2	47	0.0425532
NODE_1757_length_1725_cov_142.158057	803	867	115	1	64	0.0156250
NODE_1757_length_1725_cov_142.158057	803	867	116	1	64	0.0156250
NODE_1757_length_1725_cov_142.158057	803	867	117	1	64	0.0156250
NODE_1757_length_1725_cov_142.158057	803	867	118	12	64	0.1875000
NODE_1757_length_1725_cov_142.158057	803	867	119	18	64	0.2812500
NODE_1757_length_1725_cov_142.158057	803	867	120	6	64	0.0937500
NODE_1757_length_1725_cov_142.158057	803	867	121	4	64	0.0625000
NODE_1757_length_1725_cov_142.158057	803	867	123	2	64	0.0312500
NODE_1757_length_1725_cov_142.158057	803	867	124	4	64	0.0625000
NODE_1757_length_1725_cov_142.158057	803	867	125	4	64	0.0625000
NODE_1757_length_1725_cov_142.158057	803	867	126	11	64	0.1718750
NODE_1759_length_1724_cov_17.931077	677	746	6	38	69	0.5507246
NODE_1759_length_1724_cov_17.931077	677	746	7	28	69	0.4057971
NODE_1759_length_1724_cov_17.931077	677	746	8	1	69	0.0144928
NODE_1759_length_1724_cov_17.931077	677	746	9	2	69	0.0289855
NODE_1759_length_1724_cov_17.931077	788	850	9	13	62	0.2096774
NODE_1759_length_1724_cov_17.931077	788	850	10	9	62	0.1451613
NODE_1759_length_1724_cov_17.931077	788	850	12	2	62	0.0322581
NODE_1759_length_1724_cov_17.931077	788	850	13	34	62	0.5483871
NODE_1759_length_1724_cov_17.931077	788	850	15	4	62	0.0645161
NODE_1761_length_1723_cov_35.355296	1174	1254	0	80	80	1.0000000
NODE_1761_length_1723_cov_35.355296	1227	1307	0	80	80	1.0000000
NODE_1763_length_1722_cov_13.235367	708	788	2	53	80	0.6625000
NODE_1763_length_1722_cov_13.235367	708	788	4	19	80	0.2375000
NODE_1763_length_1722_cov_13.235367	708	788	5	3	80	0.0375000
NODE_1763_length_1722_cov_13.235367	708	788	6	5	80	0.0625000
NODE_1763_length_1722_cov_13.235367	761	841	4	19	80	0.2375000
NODE_1763_length_1722_cov_13.235367	761	841	5	14	80	0.1750000
NODE_1763_length_1722_cov_13.235367	761	841	6	33	80	0.4125000
NODE_1763_length_1722_cov_13.235367	761	841	7	14	80	0.1750000
NODE_1763_length_1722_cov_13.235367	1319	1399	0	80	80	1.0000000
NODE_1763_length_1722_cov_13.235367	1372	1452	0	80	80	1.0000000
NODE_1765_length_1720_cov_27.328192	1248	1307	17	3	59	0.0508475
NODE_1765_length_1720_cov_27.328192	1248	1307	18	4	59	0.0677966
NODE_1765_length_1720_cov_27.328192	1248	1307	19	7	59	0.1186441
NODE_1765_length_1720_cov_27.328192	1248	1307	20	2	59	0.0338983
NODE_1765_length_1720_cov_27.328192	1248	1307	21	6	59	0.1016949
NODE_1765_length_1720_cov_27.328192	1248	1307	23	5	59	0.0847458
NODE_1765_length_1720_cov_27.328192	1248	1307	24	2	59	0.0338983
NODE_1765_length_1720_cov_27.328192	1248	1307	25	2	59	0.0338983
NODE_1765_length_1720_cov_27.328192	1248	1307	27	3	59	0.0508475
NODE_1765_length_1720_cov_27.328192	1248	1307	29	13	59	0.2203390
NODE_1765_length_1720_cov_27.328192	1248	1307	31	9	59	0.1525424
NODE_1765_length_1720_cov_27.328192	1248	1307	32	3	59	0.0508475
NODE_1765_length_1720_cov_27.328192	1280	1360	22	1	80	0.0125000
NODE_1765_length_1720_cov_27.328192	1280	1360	23	6	80	0.0750000
NODE_1765_length_1720_cov_27.328192	1280	1360	24	3	80	0.0375000
NODE_1765_length_1720_cov_27.328192	1280	1360	25	5	80	0.0625000
NODE_1765_length_1720_cov_27.328192	1280	1360	26	5	80	0.0625000
NODE_1765_length_1720_cov_27.328192	1280	1360	27	12	80	0.1500000
NODE_1765_length_1720_cov_27.328192	1280	1360	28	3	80	0.0375000
NODE_1765_length_1720_cov_27.328192	1280	1360	29	13	80	0.1625000
NODE_1765_length_1720_cov_27.328192	1280	1360	30	9	80	0.1125000
NODE_1765_length_1720_cov_27.328192	1280	1360	31	9	80	0.1125000
NODE_1765_length_1720_cov_27.328192	1280	1360	32	14	80	0.1750000
NODE_1766_length_1720_cov_4.129550	241	321	1	32	80	0.4000000
NODE_1766_length_1720_cov_4.129550	241	321	2	48	80	0.6000000
NODE_1766_length_1720_cov_4.129550	294	374	1	80	80	1.0000000
NODE_1768_length_1719_cov_9.878395	410	490	0	10	80	0.1250000
NODE_1768_length_1719_cov_9.878395	410	490	1	64	80	0.8000000
NODE_1768_length_1719_cov_9.878395	410	490	2	6	80	0.0750000
NODE_1768_length_1719_cov_9.878395	463	543	1	21	80	0.2625000
NODE_1768_length_1719_cov_9.878395	463	543	2	22	80	0.2750000
NODE_1768_length_1719_cov_9.878395	463	543	3	18	80	0.2250000
NODE_1768_length_1719_cov_9.878395	463	543	4	18	80	0.2250000
NODE_1768_length_1719_cov_9.878395	463	543	5	1	80	0.0125000
NODE_1768_length_1719_cov_9.878395	539	619	4	3	80	0.0375000
NODE_1768_length_1719_cov_9.878395	539	619	5	36	80	0.4500000
NODE_1768_length_1719_cov_9.878395	539	619	6	41	80	0.5125000
NODE_1768_length_1719_cov_9.878395	592	672	5	29	80	0.3625000
NODE_1768_length_1719_cov_9.878395	592	672	6	43	80	0.5375000
NODE_1768_length_1719_cov_9.878395	592	672	7	8	80	0.1000000
NODE_1772_length_1717_cov_5.159456	145	219	0	6	74	0.0810811
NODE_1772_length_1717_cov_5.159456	145	219	2	1	74	0.0135135
NODE_1772_length_1717_cov_5.159456	145	219	3	3	74	0.0405405
NODE_1772_length_1717_cov_5.159456	145	219	6	12	74	0.1621622
NODE_1772_length_1717_cov_5.159456	145	219	8	3	74	0.0405405
NODE_1772_length_1717_cov_5.159456	145	219	10	2	74	0.0270270
NODE_1772_length_1717_cov_5.159456	145	219	11	1	74	0.0135135
NODE_1772_length_1717_cov_5.159456	145	219	12	4	74	0.0540541
NODE_1772_length_1717_cov_5.159456	145	219	13	42	74	0.5675676
NODE_1772_length_1717_cov_5.159456	1450	1508	0	58	58	1.0000000
NODE_1772_length_1717_cov_5.159456	1503	1561	0	58	58	1.0000000
NODE_1778_length_1715_cov_12.607054	555	635	3	20	80	0.2500000
NODE_1778_length_1715_cov_12.607054	555	635	4	14	80	0.1750000
NODE_1778_length_1715_cov_12.607054	555	635	6	5	80	0.0625000
NODE_1778_length_1715_cov_12.607054	555	635	7	41	80	0.5125000
NODE_1778_length_1715_cov_12.607054	608	688	7	39	80	0.4875000
NODE_1778_length_1715_cov_12.607054	608	688	8	41	80	0.5125000
NODE_1778_length_1715_cov_12.607054	684	764	1	20	80	0.2500000
NODE_1778_length_1715_cov_12.607054	684	764	2	19	80	0.2375000
NODE_1778_length_1715_cov_12.607054	684	764	3	20	80	0.2500000
NODE_1778_length_1715_cov_12.607054	684	764	4	3	80	0.0375000
NODE_1778_length_1715_cov_12.607054	684	764	6	4	80	0.0500000
NODE_1778_length_1715_cov_12.607054	684	764	7	6	80	0.0750000
NODE_1778_length_1715_cov_12.607054	684	764	8	8	80	0.1000000
NODE_1778_length_1715_cov_12.607054	737	817	0	9	80	0.1125000
NODE_1778_length_1715_cov_12.607054	737	817	1	53	80	0.6625000
NODE_1778_length_1715_cov_12.607054	737	817	2	18	80	0.2250000
NODE_1788_length_1707_cov_16.909204	397	477	4	50	80	0.6250000
NODE_1788_length_1707_cov_16.909204	397	477	5	30	80	0.3750000
NODE_1788_length_1707_cov_16.909204	450	530	3	13	80	0.1625000
NODE_1788_length_1707_cov_16.909204	450	530	4	67	80	0.8375000
NODE_1788_length_1707_cov_16.909204	1151	1231	2	17	80	0.2125000
NODE_1788_length_1707_cov_16.909204	1151	1231	4	63	80	0.7875000
NODE_1788_length_1707_cov_16.909204	1204	1284	2	67	80	0.8375000
NODE_1788_length_1707_cov_16.909204	1204	1284	3	3	80	0.0375000
NODE_1788_length_1707_cov_16.909204	1204	1284	4	10	80	0.1250000
NODE_1792_length_1705_cov_19.645081	451	531	2	3	80	0.0375000
NODE_1792_length_1705_cov_19.645081	451	531	3	53	80	0.6625000
NODE_1792_length_1705_cov_19.645081	451	531	4	24	80	0.3000000
NODE_1792_length_1705_cov_19.645081	504	584	3	3	80	0.0375000
NODE_1792_length_1705_cov_19.645081	504	584	4	25	80	0.3125000
NODE_1792_length_1705_cov_19.645081	504	584	5	33	80	0.4125000
NODE_1792_length_1705_cov_19.645081	504	584	6	11	80	0.1375000
NODE_1792_length_1705_cov_19.645081	504	584	7	8	80	0.1000000
NODE_1792_length_1705_cov_19.645081	580	660	4	33	80	0.4125000
NODE_1792_length_1705_cov_19.645081	580	660	5	27	80	0.3375000
NODE_1792_length_1705_cov_19.645081	580	660	6	20	80	0.2500000
NODE_1792_length_1705_cov_19.645081	633	714	0	1	81	0.0123457
NODE_1792_length_1705_cov_19.645081	633	714	2	3	81	0.0370370
NODE_1792_length_1705_cov_19.645081	633	714	3	1	81	0.0123457
NODE_1792_length_1705_cov_19.645081	633	714	4	31	81	0.3827161
NODE_1792_length_1705_cov_19.645081	633	714	5	25	81	0.3086420
NODE_1792_length_1705_cov_19.645081	633	714	6	20	81	0.2469136
NODE_1792_length_1705_cov_19.645081	1315	1395	0	80	80	1.0000000
NODE_1792_length_1705_cov_19.645081	1368	1448	0	74	80	0.9250000
NODE_1792_length_1705_cov_19.645081	1368	1448	1	6	80	0.0750000
NODE_1796_length_1703_cov_26.016833	1201	1264	0	16	63	0.2539683
NODE_1796_length_1703_cov_26.016833	1201	1264	1	29	63	0.4603175
NODE_1796_length_1703_cov_26.016833	1201	1264	2	4	63	0.0634921
NODE_1796_length_1703_cov_26.016833	1201	1264	5	3	63	0.0476190
NODE_1796_length_1703_cov_26.016833	1201	1264	9	1	63	0.0158730
NODE_1796_length_1703_cov_26.016833	1201	1264	14	1	63	0.0158730
NODE_1796_length_1703_cov_26.016833	1201	1264	15	1	63	0.0158730
NODE_1796_length_1703_cov_26.016833	1201	1264	46	1	63	0.0158730
NODE_1796_length_1703_cov_26.016833	1201	1264	54	1	63	0.0158730
NODE_1796_length_1703_cov_26.016833	1201	1264	55	1	63	0.0158730
NODE_1796_length_1703_cov_26.016833	1201	1264	57	2	63	0.0317460
NODE_1796_length_1703_cov_26.016833	1201	1264	61	1	63	0.0158730
NODE_1796_length_1703_cov_26.016833	1201	1264	63	1	63	0.0158730
NODE_1796_length_1703_cov_26.016833	1201	1264	65	1	63	0.0158730
NODE_1796_length_1703_cov_26.016833	1207	1264	0	16	57	0.2807018
NODE_1796_length_1703_cov_26.016833	1207	1264	1	29	57	0.5087720
NODE_1796_length_1703_cov_26.016833	1207	1264	2	4	57	0.0701754
NODE_1796_length_1703_cov_26.016833	1207	1264	5	3	57	0.0526316
NODE_1796_length_1703_cov_26.016833	1207	1264	9	1	57	0.0175439
NODE_1796_length_1703_cov_26.016833	1207	1264	14	1	57	0.0175439
NODE_1796_length_1703_cov_26.016833	1207	1264	15	1	57	0.0175439
NODE_1796_length_1703_cov_26.016833	1207	1264	46	1	57	0.0175439
NODE_1796_length_1703_cov_26.016833	1207	1264	54	1	57	0.0175439
NODE_1796_length_1703_cov_26.016833	1207	1264	0	16	57	0.2807018
NODE_1796_length_1703_cov_26.016833	1207	1264	1	29	57	0.5087720
NODE_1796_length_1703_cov_26.016833	1207	1264	2	4	57	0.0701754
NODE_1796_length_1703_cov_26.016833	1207	1264	5	3	57	0.0526316
NODE_1796_length_1703_cov_26.016833	1207	1264	9	1	57	0.0175439
NODE_1796_length_1703_cov_26.016833	1207	1264	14	1	57	0.0175439
NODE_1796_length_1703_cov_26.016833	1207	1264	15	1	57	0.0175439
NODE_1796_length_1703_cov_26.016833	1207	1264	46	1	57	0.0175439
NODE_1796_length_1703_cov_26.016833	1207	1264	54	1	57	0.0175439
NODE_1799_length_1701_cov_15.969413	1490	1565	6	10	75	0.1333333
NODE_1799_length_1701_cov_15.969413	1490	1565	7	7	75	0.0933333
NODE_1799_length_1701_cov_15.969413	1490	1565	8	10	75	0.1333333
NODE_1799_length_1701_cov_15.969413	1490	1565	10	1	75	0.0133333
NODE_1799_length_1701_cov_15.969413	1490	1565	11	9	75	0.1200000
NODE_1799_length_1701_cov_15.969413	1490	1565	12	7	75	0.0933333
NODE_1799_length_1701_cov_15.969413	1490	1565	14	1	75	0.0133333
NODE_1799_length_1701_cov_15.969413	1490	1565	18	2	75	0.0266667
NODE_1799_length_1701_cov_15.969413	1490	1565	19	5	75	0.0666667
NODE_1799_length_1701_cov_15.969413	1490	1565	20	2	75	0.0266667
NODE_1799_length_1701_cov_15.969413	1490	1565	21	9	75	0.1200000
NODE_1799_length_1701_cov_15.969413	1490	1565	22	4	75	0.0533333
NODE_1799_length_1701_cov_15.969413	1490	1565	24	1	75	0.0133333
NODE_1799_length_1701_cov_15.969413	1490	1565	25	3	75	0.0400000
NODE_1799_length_1701_cov_15.969413	1490	1565	26	4	75	0.0533333
NODE_1799_length_1701_cov_15.969413	1538	1603	19	4	65	0.0615385
NODE_1799_length_1701_cov_15.969413	1538	1603	20	2	65	0.0307692
NODE_1799_length_1701_cov_15.969413	1538	1603	21	9	65	0.1384615
NODE_1799_length_1701_cov_15.969413	1538	1603	22	4	65	0.0615385
NODE_1799_length_1701_cov_15.969413	1538	1603	24	1	65	0.0153846
NODE_1799_length_1701_cov_15.969413	1538	1603	25	3	65	0.0461538
NODE_1799_length_1701_cov_15.969413	1538	1603	26	42	65	0.6461539
NODE_1800_length_1701_cov_13.549313	607	687	6	32	80	0.4000000
NODE_1800_length_1701_cov_13.549313	607	687	7	1	80	0.0125000
NODE_1800_length_1701_cov_13.549313	607	687	9	6	80	0.0750000
NODE_1800_length_1701_cov_13.549313	607	687	10	19	80	0.2375000
NODE_1800_length_1701_cov_13.549313	607	687	11	6	80	0.0750000
NODE_1800_length_1701_cov_13.549313	607	687	12	16	80	0.2000000
NODE_1800_length_1701_cov_13.549313	660	740	10	10	80	0.1250000
NODE_1800_length_1701_cov_13.549313	660	740	11	13	80	0.1625000
NODE_1800_length_1701_cov_13.549313	660	740	12	57	80	0.7125000
NODE_1805_length_1700_cov_20.003123	1168	1197	65	4	29	0.1379310
NODE_1805_length_1700_cov_20.003123	1168	1197	66	7	29	0.2413793
NODE_1805_length_1700_cov_20.003123	1168	1197	67	7	29	0.2413793
NODE_1805_length_1700_cov_20.003123	1168	1197	68	5	29	0.1724138
NODE_1805_length_1700_cov_20.003123	1168	1197	69	3	29	0.1034483
NODE_1805_length_1700_cov_20.003123	1168	1197	70	1	29	0.0344828
NODE_1805_length_1700_cov_20.003123	1168	1197	71	2	29	0.0689655
NODE_1805_length_1700_cov_20.003123	1184	1263	51	2	79	0.0253165
NODE_1805_length_1700_cov_20.003123	1184	1263	52	7	79	0.0886076
NODE_1805_length_1700_cov_20.003123	1184	1263	53	10	79	0.1265823
NODE_1805_length_1700_cov_20.003123	1184	1263	54	4	79	0.0506329
NODE_1805_length_1700_cov_20.003123	1184	1263	56	1	79	0.0126582
NODE_1805_length_1700_cov_20.003123	1184	1263	57	2	79	0.0253165
NODE_1805_length_1700_cov_20.003123	1184	1263	58	1	79	0.0126582
NODE_1805_length_1700_cov_20.003123	1184	1263	59	2	79	0.0253165
NODE_1805_length_1700_cov_20.003123	1184	1263	60	6	79	0.0759494
NODE_1805_length_1700_cov_20.003123	1184	1263	61	9	79	0.1139240
NODE_1805_length_1700_cov_20.003123	1184	1263	62	2	79	0.0253165
NODE_1805_length_1700_cov_20.003123	1184	1263	63	6	79	0.0759494
NODE_1805_length_1700_cov_20.003123	1184	1263	64	4	79	0.0506329
NODE_1805_length_1700_cov_20.003123	1184	1263	65	7	79	0.0886076
NODE_1805_length_1700_cov_20.003123	1184	1263	66	3	79	0.0379747
NODE_1805_length_1700_cov_20.003123	1184	1263	67	5	79	0.0632911
NODE_1805_length_1700_cov_20.003123	1184	1263	68	2	79	0.0253165
NODE_1805_length_1700_cov_20.003123	1184	1263	69	3	79	0.0379747
NODE_1805_length_1700_cov_20.003123	1184	1263	70	3	79	0.0379747
NODE_1810_length_1698_cov_19.175735	1001	1081	0	17	80	0.2125000
NODE_1810_length_1698_cov_19.175735	1001	1081	1	4	80	0.0500000
NODE_1810_length_1698_cov_19.175735	1001	1081	3	2	80	0.0250000
NODE_1810_length_1698_cov_19.175735	1001	1081	5	27	80	0.3375000
NODE_1810_length_1698_cov_19.175735	1001	1081	6	30	80	0.3750000
NODE_1810_length_1698_cov_19.175735	1054	1134	2	2	80	0.0250000
NODE_1810_length_1698_cov_19.175735	1054	1134	4	11	80	0.1375000
NODE_1810_length_1698_cov_19.175735	1054	1134	6	67	80	0.8375000
NODE_1814_length_1696_cov_11.494678	590	670	2	12	80	0.1500000
NODE_1814_length_1696_cov_11.494678	590	670	5	14	80	0.1750000
NODE_1814_length_1696_cov_11.494678	590	670	6	24	80	0.3000000
NODE_1814_length_1696_cov_11.494678	590	670	8	30	80	0.3750000
NODE_1814_length_1696_cov_11.494678	643	723	0	31	80	0.3875000
NODE_1814_length_1696_cov_11.494678	643	723	2	34	80	0.4250000
NODE_1814_length_1696_cov_11.494678	643	723	5	14	80	0.1750000
NODE_1814_length_1696_cov_11.494678	643	723	6	1	80	0.0125000
NODE_1815_length_1696_cov_6.620539	369	449	4	17	80	0.2125000
NODE_1815_length_1696_cov_6.620539	369	449	6	55	80	0.6875000
NODE_1815_length_1696_cov_6.620539	369	449	7	8	80	0.1000000
NODE_1815_length_1696_cov_6.620539	422	502	4	43	80	0.5375000
NODE_1815_length_1696_cov_6.620539	422	502	5	27	80	0.3375000
NODE_1815_length_1696_cov_6.620539	422	502	6	10	80	0.1250000
NODE_1816_length_1695_cov_27.783208	399	479	1	22	80	0.2750000
NODE_1816_length_1695_cov_27.783208	399	479	3	58	80	0.7250000
NODE_1816_length_1695_cov_27.783208	452	532	0	52	80	0.6500000
NODE_1816_length_1695_cov_27.783208	452	532	1	23	80	0.2875000
NODE_1816_length_1695_cov_27.783208	452	532	3	5	80	0.0625000
NODE_1817_length_1695_cov_12.084586	1047	1127	1	20	80	0.2500000
NODE_1817_length_1695_cov_12.084586	1047	1127	2	19	80	0.2375000
NODE_1817_length_1695_cov_12.084586	1047	1127	3	41	80	0.5125000
NODE_1817_length_1695_cov_12.084586	1100	1180	1	73	80	0.9125000
NODE_1817_length_1695_cov_12.084586	1100	1180	2	5	80	0.0625000
NODE_1817_length_1695_cov_12.084586	1100	1180	3	2	80	0.0250000
NODE_1825_length_1692_cov_4.557439	727	807	1	80	80	1.0000000
NODE_1825_length_1692_cov_4.557439	780	860	0	2	80	0.0250000
NODE_1825_length_1692_cov_4.557439	780	860	1	78	80	0.9750000
NODE_1830_length_1689_cov_5.844025	1210	1285	0	75	75	1.0000000
NODE_1830_length_1689_cov_5.844025	1260	1338	0	78	78	1.0000000
NODE_1837_length_1682_cov_14.416930	1183	1263	2	5	80	0.0625000
NODE_1837_length_1682_cov_14.416930	1183	1263	3	75	80	0.9375000
NODE_1837_length_1682_cov_14.416930	1236	1315	0	39	79	0.4936709
NODE_1837_length_1682_cov_14.416930	1236	1315	1	7	79	0.0886076
NODE_1837_length_1682_cov_14.416930	1236	1315	2	11	79	0.1392405
NODE_1837_length_1682_cov_14.416930	1236	1315	3	22	79	0.2784810
NODE_1843_length_1678_cov_23.965168	636	716	1	2	80	0.0250000
NODE_1843_length_1678_cov_23.965168	636	716	2	78	80	0.9750000
NODE_1843_length_1678_cov_23.965168	689	769	1	55	80	0.6875000
NODE_1843_length_1678_cov_23.965168	689	769	2	25	80	0.3125000
NODE_1843_length_1678_cov_23.965168	1145	1225	2	18	80	0.2250000
NODE_1843_length_1678_cov_23.965168	1145	1225	4	26	80	0.3250000
NODE_1843_length_1678_cov_23.965168	1145	1225	7	3	80	0.0375000
NODE_1843_length_1678_cov_23.965168	1145	1225	8	10	80	0.1250000
NODE_1843_length_1678_cov_23.965168	1145	1225	9	23	80	0.2875000
NODE_1843_length_1678_cov_23.965168	1198	1278	6	10	80	0.1250000
NODE_1843_length_1678_cov_23.965168	1198	1278	8	33	80	0.4125000
NODE_1843_length_1678_cov_23.965168	1198	1278	9	37	80	0.4625000
NODE_1846_length_1677_cov_3.578580	407	487	0	80	80	1.0000000
NODE_1846_length_1677_cov_3.578580	460	530	0	42	70	0.6000000
NODE_1846_length_1677_cov_3.578580	460	530	1	28	70	0.4000000
NODE_1846_length_1677_cov_3.578580	666	724	0	7	58	0.1206897
NODE_1846_length_1677_cov_3.578580	666	724	1	51	58	0.8793104
NODE_1856_length_1670_cov_29.264163	741	821	7	23	80	0.2875000
NODE_1856_length_1670_cov_29.264163	741	821	10	8	80	0.1000000
NODE_1856_length_1670_cov_29.264163	741	821	11	49	80	0.6125000
NODE_1856_length_1670_cov_29.264163	794	874	2	9	80	0.1125000
NODE_1856_length_1670_cov_29.264163	794	874	4	10	80	0.1250000
NODE_1856_length_1670_cov_29.264163	794	874	7	7	80	0.0875000
NODE_1856_length_1670_cov_29.264163	794	874	9	4	80	0.0500000
NODE_1856_length_1670_cov_29.264163	794	874	10	30	80	0.3750000
NODE_1856_length_1670_cov_29.264163	794	874	11	20	80	0.2500000
NODE_1857_length_1669_cov_5.913376	246	326	0	80	80	1.0000000
NODE_1857_length_1669_cov_5.913376	299	379	0	80	80	1.0000000
NODE_1860_length_1668_cov_18.372212	1100	1180	5	29	80	0.3625000
NODE_1860_length_1668_cov_18.372212	1100	1180	6	51	80	0.6375000
NODE_1860_length_1668_cov_18.372212	1153	1233	2	14	80	0.1750000
NODE_1860_length_1668_cov_18.372212	1153	1233	3	18	80	0.2250000
NODE_1860_length_1668_cov_18.372212	1153	1233	5	48	80	0.6000000
NODE_1861_length_1667_cov_15.651786	902	982	3	68	80	0.8500000
NODE_1861_length_1667_cov_15.651786	902	982	5	12	80	0.1500000
NODE_1861_length_1667_cov_15.651786	955	1035	2	5	80	0.0625000
NODE_1861_length_1667_cov_15.651786	955	1035	3	31	80	0.3875000
NODE_1861_length_1667_cov_15.651786	955	1035	4	19	80	0.2375000
NODE_1861_length_1667_cov_15.651786	955	1035	5	25	80	0.3125000
NODE_1862_length_1667_cov_3.661352	649	679	0	30	30	1.0000000
NODE_1865_length_1666_cov_4.601149	1541	1623	0	12	82	0.1463415
NODE_1865_length_1666_cov_4.601149	1541	1623	4	70	82	0.8536586
NODE_1865_length_1666_cov_4.601149	1553	1613	4	60	60	1.0000000
NODE_1865_length_1666_cov_4.601149	1553	1613	4	60	60	1.0000000
NODE_1865_length_1666_cov_4.601149	1557	1623	4	66	66	1.0000000
NODE_1865_length_1666_cov_4.601149	1596	1666	0	11	70	0.1571429
NODE_1865_length_1666_cov_4.601149	1596	1666	4	59	70	0.8428571
NODE_1865_length_1666_cov_4.601149	1596	1666	0	11	70	0.1571429
NODE_1865_length_1666_cov_4.601149	1596	1666	4	59	70	0.8428571
NODE_1865_length_1666_cov_4.601149	1596	1666	0	11	70	0.1571429
NODE_1865_length_1666_cov_4.601149	1596	1666	4	59	70	0.8428571
NODE_1872_length_1662_cov_16.638516	538	618	11	6	80	0.0750000
NODE_1872_length_1662_cov_16.638516	538	618	12	17	80	0.2125000
NODE_1872_length_1662_cov_16.638516	538	618	13	50	80	0.6250000
NODE_1872_length_1662_cov_16.638516	538	618	14	1	80	0.0125000
NODE_1872_length_1662_cov_16.638516	538	618	15	3	80	0.0375000
NODE_1872_length_1662_cov_16.638516	538	618	16	1	80	0.0125000
NODE_1872_length_1662_cov_16.638516	538	618	17	2	80	0.0250000
NODE_1872_length_1662_cov_16.638516	591	671	12	10	80	0.1250000
NODE_1872_length_1662_cov_16.638516	591	671	13	10	80	0.1250000
NODE_1872_length_1662_cov_16.638516	591	671	14	1	80	0.0125000
NODE_1872_length_1662_cov_16.638516	591	671	15	3	80	0.0375000
NODE_1872_length_1662_cov_16.638516	591	671	16	1	80	0.0125000
NODE_1872_length_1662_cov_16.638516	591	671	17	7	80	0.0875000
NODE_1872_length_1662_cov_16.638516	591	671	19	5	80	0.0625000
NODE_1872_length_1662_cov_16.638516	591	671	20	7	80	0.0875000
NODE_1872_length_1662_cov_16.638516	591	671	21	21	80	0.2625000
NODE_1872_length_1662_cov_16.638516	591	671	22	13	80	0.1625000
NODE_1872_length_1662_cov_16.638516	591	671	23	2	80	0.0250000
NODE_1872_length_1662_cov_16.638516	667	747	16	38	80	0.4750000
NODE_1872_length_1662_cov_16.638516	667	747	17	19	80	0.2375000
NODE_1872_length_1662_cov_16.638516	667	747	18	16	80	0.2000000
NODE_1872_length_1662_cov_16.638516	667	747	20	3	80	0.0375000
NODE_1872_length_1662_cov_16.638516	667	747	21	4	80	0.0500000
NODE_1872_length_1662_cov_16.638516	720	800	6	3	80	0.0375000
NODE_1872_length_1662_cov_16.638516	720	800	7	15	80	0.1875000
NODE_1872_length_1662_cov_16.638516	720	800	8	9	80	0.1125000
NODE_1872_length_1662_cov_16.638516	720	800	9	8	80	0.1000000
NODE_1872_length_1662_cov_16.638516	720	800	11	3	80	0.0375000
NODE_1872_length_1662_cov_16.638516	720	800	13	1	80	0.0125000
NODE_1872_length_1662_cov_16.638516	720	800	14	5	80	0.0625000
NODE_1872_length_1662_cov_16.638516	720	800	16	3	80	0.0375000
NODE_1872_length_1662_cov_16.638516	720	800	17	13	80	0.1625000
NODE_1872_length_1662_cov_16.638516	720	800	18	20	80	0.2500000
NODE_1876_length_1660_cov_28.297886	415	495	8	2	80	0.0250000
NODE_1876_length_1660_cov_28.297886	415	495	9	4	80	0.0500000
NODE_1876_length_1660_cov_28.297886	415	495	10	62	80	0.7750000
NODE_1876_length_1660_cov_28.297886	415	495	12	12	80	0.1500000
NODE_1876_length_1660_cov_28.297886	468	548	2	3	80	0.0375000
NODE_1876_length_1660_cov_28.297886	468	548	3	3	80	0.0375000
NODE_1876_length_1660_cov_28.297886	468	548	4	1	80	0.0125000
NODE_1876_length_1660_cov_28.297886	468	548	5	15	80	0.1875000
NODE_1876_length_1660_cov_28.297886	468	548	6	18	80	0.2250000
NODE_1876_length_1660_cov_28.297886	468	548	7	11	80	0.1375000
NODE_1876_length_1660_cov_28.297886	468	548	8	4	80	0.0500000
NODE_1876_length_1660_cov_28.297886	468	548	10	21	80	0.2625000
NODE_1876_length_1660_cov_28.297886	468	548	12	4	80	0.0500000
NODE_1886_length_1654_cov_17.245016	631	711	1	12	80	0.1500000
NODE_1886_length_1654_cov_17.245016	631	711	2	68	80	0.8500000
NODE_1886_length_1654_cov_17.245016	684	764	0	38	80	0.4750000
NODE_1886_length_1654_cov_17.245016	684	764	1	27	80	0.3375000
NODE_1886_length_1654_cov_17.245016	684	764	2	15	80	0.1875000
NODE_1888_length_1653_cov_34.827542	0	41	0	41	41	1.0000000
NODE_1888_length_1653_cov_34.827542	14	44	0	30	30	1.0000000
NODE_1888_length_1653_cov_34.827542	1081	1161	2	9	80	0.1125000
NODE_1888_length_1653_cov_34.827542	1081	1161	3	1	80	0.0125000
NODE_1888_length_1653_cov_34.827542	1081	1161	5	4	80	0.0500000
NODE_1888_length_1653_cov_34.827542	1081	1161	6	11	80	0.1375000
NODE_1888_length_1653_cov_34.827542	1081	1161	7	35	80	0.4375000
NODE_1888_length_1653_cov_34.827542	1081	1161	8	3	80	0.0375000
NODE_1888_length_1653_cov_34.827542	1081	1161	9	1	80	0.0125000
NODE_1888_length_1653_cov_34.827542	1081	1161	11	5	80	0.0625000
NODE_1888_length_1653_cov_34.827542	1081	1161	12	11	80	0.1375000
NODE_1888_length_1653_cov_34.827542	1134	1214	7	7	80	0.0875000
NODE_1888_length_1653_cov_34.827542	1134	1214	8	3	80	0.0375000
NODE_1888_length_1653_cov_34.827542	1134	1214	9	1	80	0.0125000
NODE_1888_length_1653_cov_34.827542	1134	1214	11	5	80	0.0625000
NODE_1888_length_1653_cov_34.827542	1134	1214	12	14	80	0.1750000
NODE_1888_length_1653_cov_34.827542	1134	1214	14	10	80	0.1250000
NODE_1888_length_1653_cov_34.827542	1134	1214	15	1	80	0.0125000
NODE_1888_length_1653_cov_34.827542	1134	1214	16	2	80	0.0250000
NODE_1888_length_1653_cov_34.827542	1134	1214	17	2	80	0.0250000
NODE_1888_length_1653_cov_34.827542	1134	1214	18	10	80	0.1250000
NODE_1888_length_1653_cov_34.827542	1134	1214	20	8	80	0.1000000
NODE_1888_length_1653_cov_34.827542	1134	1214	21	17	80	0.2125000
NODE_1888_length_1653_cov_34.827542	1210	1290	12	11	80	0.1375000
NODE_1888_length_1653_cov_34.827542	1210	1290	14	8	80	0.1000000
NODE_1888_length_1653_cov_34.827542	1210	1290	15	38	80	0.4750000
NODE_1888_length_1653_cov_34.827542	1210	1290	16	2	80	0.0250000
NODE_1888_length_1653_cov_34.827542	1210	1290	18	5	80	0.0625000
NODE_1888_length_1653_cov_34.827542	1210	1290	19	4	80	0.0500000
NODE_1888_length_1653_cov_34.827542	1210	1290	20	3	80	0.0375000
NODE_1888_length_1653_cov_34.827542	1210	1290	21	9	80	0.1125000
NODE_1888_length_1653_cov_34.827542	1263	1339	4	12	76	0.1578947
NODE_1888_length_1653_cov_34.827542	1263	1339	5	3	76	0.0394737
NODE_1888_length_1653_cov_34.827542	1263	1339	6	4	76	0.0526316
NODE_1888_length_1653_cov_34.827542	1263	1339	7	3	76	0.0394737
NODE_1888_length_1653_cov_34.827542	1263	1339	8	16	76	0.2105263
NODE_1888_length_1653_cov_34.827542	1263	1339	9	6	76	0.0789474
NODE_1888_length_1653_cov_34.827542	1263	1339	10	4	76	0.0526316
NODE_1888_length_1653_cov_34.827542	1263	1339	12	12	76	0.1578947
NODE_1888_length_1653_cov_34.827542	1263	1339	14	6	76	0.0789474
NODE_1888_length_1653_cov_34.827542	1263	1339	15	10	76	0.1315790
NODE_1892_length_1652_cov_23.939472	1352	1432	1	31	80	0.3875000
NODE_1892_length_1652_cov_23.939472	1352	1432	3	49	80	0.6125000
NODE_1892_length_1652_cov_23.939472	1405	1485	0	44	80	0.5500000
NODE_1892_length_1652_cov_23.939472	1405	1485	1	36	80	0.4500000
NODE_1894_length_1651_cov_3.916881	1552	1617	0	65	65	1.0000000
NODE_1899_length_1649_cov_7.480000	774	854	0	69	80	0.8625000
NODE_1899_length_1649_cov_7.480000	774	854	1	11	80	0.1375000
NODE_1899_length_1649_cov_7.480000	827	907	0	16	80	0.2000000
NODE_1899_length_1649_cov_7.480000	827	907	1	30	80	0.3750000
NODE_1899_length_1649_cov_7.480000	827	907	2	34	80	0.4250000
NODE_1903_length_1647_cov_3.534238	1012	1075	3	6	63	0.0952381
NODE_1903_length_1647_cov_3.534238	1012	1075	4	4	63	0.0634921
NODE_1903_length_1647_cov_3.534238	1012	1075	5	29	63	0.4603175
NODE_1903_length_1647_cov_3.534238	1012	1075	7	9	63	0.1428571
NODE_1903_length_1647_cov_3.534238	1012	1075	8	15	63	0.2380952
NODE_1906_length_1645_cov_16.040103	155	235	3	11	80	0.1375000
NODE_1906_length_1645_cov_16.040103	155	235	4	23	80	0.2875000
NODE_1906_length_1645_cov_16.040103	155	235	5	5	80	0.0625000
NODE_1906_length_1645_cov_16.040103	155	235	6	41	80	0.5125000
NODE_1906_length_1645_cov_16.040103	208	288	3	64	80	0.8000000
NODE_1906_length_1645_cov_16.040103	208	288	4	16	80	0.2000000
NODE_1906_length_1645_cov_16.040103	1090	1170	3	1	80	0.0125000
NODE_1906_length_1645_cov_16.040103	1090	1170	5	56	80	0.7000000
NODE_1906_length_1645_cov_16.040103	1090	1170	6	23	80	0.2875000
NODE_1906_length_1645_cov_16.040103	1143	1222	3	4	79	0.0506329
NODE_1906_length_1645_cov_16.040103	1143	1222	4	23	79	0.2911392
NODE_1906_length_1645_cov_16.040103	1143	1222	5	4	79	0.0506329
NODE_1906_length_1645_cov_16.040103	1143	1222	6	48	79	0.6075949
NODE_1908_length_1644_cov_2.902913	1160	1240	1	37	80	0.4625000
NODE_1908_length_1644_cov_2.902913	1160	1240	2	43	80	0.5375000
NODE_1917_length_1641_cov_34.032425	487	567	2	28	80	0.3500000
NODE_1917_length_1641_cov_34.032425	487	567	4	37	80	0.4625000
NODE_1917_length_1641_cov_34.032425	487	567	5	15	80	0.1875000
NODE_1917_length_1641_cov_34.032425	540	620	4	12	80	0.1500000
NODE_1917_length_1641_cov_34.032425	540	620	5	64	80	0.8000000
NODE_1917_length_1641_cov_34.032425	540	620	6	2	80	0.0250000
NODE_1917_length_1641_cov_34.032425	540	620	7	2	80	0.0250000
NODE_1917_length_1641_cov_34.032425	616	696	3	5	80	0.0625000
NODE_1917_length_1641_cov_34.032425	616	696	4	16	80	0.2000000
NODE_1917_length_1641_cov_34.032425	616	696	5	53	80	0.6625000
NODE_1917_length_1641_cov_34.032425	616	696	6	6	80	0.0750000
NODE_1917_length_1641_cov_34.032425	669	749	5	68	80	0.8500000
NODE_1917_length_1641_cov_34.032425	669	749	6	12	80	0.1500000
NODE_1917_length_1641_cov_34.032425	1168	1248	6	24	80	0.3000000
NODE_1917_length_1641_cov_34.032425	1168	1248	8	54	80	0.6750000
NODE_1917_length_1641_cov_34.032425	1168	1248	9	2	80	0.0250000
NODE_1917_length_1641_cov_34.032425	1219	1301	6	44	82	0.5365854
NODE_1917_length_1641_cov_34.032425	1219	1301	7	1	82	0.0121951
NODE_1917_length_1641_cov_34.032425	1219	1301	8	33	82	0.4024390
NODE_1917_length_1641_cov_34.032425	1219	1301	9	4	82	0.0487805
NODE_1918_length_1641_cov_7.042802	339	390	0	51	51	1.0000000
NODE_1922_length_1640_cov_33.097339	943	1023	1	9	80	0.1125000
NODE_1922_length_1640_cov_33.097339	943	1023	4	5	80	0.0625000
NODE_1922_length_1640_cov_33.097339	943	1023	5	2	80	0.0250000
NODE_1922_length_1640_cov_33.097339	943	1023	6	38	80	0.4750000
NODE_1922_length_1640_cov_33.097339	943	1023	7	26	80	0.3250000
NODE_1922_length_1640_cov_33.097339	996	1076	6	1	80	0.0125000
NODE_1922_length_1640_cov_33.097339	996	1076	7	29	80	0.3625000
NODE_1922_length_1640_cov_33.097339	996	1076	8	50	80	0.6250000
NODE_1922_length_1640_cov_33.097339	1072	1152	1	5	80	0.0625000
NODE_1922_length_1640_cov_33.097339	1072	1152	2	38	80	0.4750000
NODE_1922_length_1640_cov_33.097339	1072	1152	3	3	80	0.0375000
NODE_1922_length_1640_cov_33.097339	1072	1152	4	4	80	0.0500000
NODE_1922_length_1640_cov_33.097339	1072	1152	5	15	80	0.1875000
NODE_1922_length_1640_cov_33.097339	1072	1152	7	7	80	0.0875000
NODE_1922_length_1640_cov_33.097339	1072	1152	8	8	80	0.1000000
NODE_1922_length_1640_cov_33.097339	1125	1206	0	5	81	0.0617284
NODE_1922_length_1640_cov_33.097339	1125	1206	1	54	81	0.6666667
NODE_1922_length_1640_cov_33.097339	1125	1206	2	22	81	0.2716049
NODE_1923_length_1640_cov_18.519143	471	551	0	61	80	0.7625000
NODE_1923_length_1640_cov_18.519143	471	551	2	19	80	0.2375000
NODE_1923_length_1640_cov_18.519143	524	604	0	8	80	0.1000000
NODE_1923_length_1640_cov_18.519143	524	604	2	72	80	0.9000000
NODE_1925_length_1639_cov_6.585714	975	1056	0	81	81	1.0000000
NODE_1925_length_1639_cov_6.585714	1028	1109	0	81	81	1.0000000
NODE_1926_length_1639_cov_2.163636	1260	1334	0	74	74	1.0000000
NODE_1926_length_1639_cov_2.163636	1312	1387	0	75	75	1.0000000
NODE_1928_length_1638_cov_18.598441	443	523	3	3	80	0.0375000
NODE_1928_length_1638_cov_18.598441	443	523	4	15	80	0.1875000
NODE_1928_length_1638_cov_18.598441	443	523	5	26	80	0.3250000
NODE_1928_length_1638_cov_18.598441	443	523	6	33	80	0.4125000
NODE_1928_length_1638_cov_18.598441	443	523	7	3	80	0.0375000
NODE_1928_length_1638_cov_18.598441	496	576	6	48	80	0.6000000
NODE_1928_length_1638_cov_18.598441	496	576	7	32	80	0.4000000
NODE_1928_length_1638_cov_18.598441	1157	1237	1	59	80	0.7375000
NODE_1928_length_1638_cov_18.598441	1157	1237	3	14	80	0.1750000
NODE_1928_length_1638_cov_18.598441	1157	1237	4	7	80	0.0875000
NODE_1928_length_1638_cov_18.598441	1210	1290	1	6	80	0.0750000
NODE_1928_length_1638_cov_18.598441	1210	1290	3	37	80	0.4625000
NODE_1928_length_1638_cov_18.598441	1210	1290	4	37	80	0.4625000
NODE_1932_length_1637_cov_12.048765	410	490	0	30	80	0.3750000
NODE_1932_length_1637_cov_12.048765	410	490	2	23	80	0.2875000
NODE_1932_length_1637_cov_12.048765	410	490	3	27	80	0.3375000
NODE_1932_length_1637_cov_12.048765	463	543	3	27	80	0.3375000
NODE_1932_length_1637_cov_12.048765	463	543	4	53	80	0.6625000
NODE_1932_length_1637_cov_12.048765	1081	1161	9	8	80	0.1000000
NODE_1932_length_1637_cov_12.048765	1081	1161	10	2	80	0.0250000
NODE_1932_length_1637_cov_12.048765	1081	1161	11	10	80	0.1250000
NODE_1932_length_1637_cov_12.048765	1081	1161	13	24	80	0.3000000
NODE_1932_length_1637_cov_12.048765	1081	1161	14	21	80	0.2625000
NODE_1932_length_1637_cov_12.048765	1081	1161	15	15	80	0.1875000
NODE_1932_length_1637_cov_12.048765	1134	1214	5	4	80	0.0500000
NODE_1932_length_1637_cov_12.048765	1134	1214	6	1	80	0.0125000
NODE_1932_length_1637_cov_12.048765	1134	1214	8	9	80	0.1125000
NODE_1932_length_1637_cov_12.048765	1134	1214	9	17	80	0.2125000
NODE_1932_length_1637_cov_12.048765	1134	1214	10	3	80	0.0375000
NODE_1932_length_1637_cov_12.048765	1134	1214	13	23	80	0.2875000
NODE_1932_length_1637_cov_12.048765	1134	1214	14	21	80	0.2625000
NODE_1932_length_1637_cov_12.048765	1134	1214	15	2	80	0.0250000
NODE_1934_length_1635_cov_21.022786	958	1038	1	8	80	0.1000000
NODE_1934_length_1635_cov_21.022786	958	1038	2	2	80	0.0250000
NODE_1934_length_1635_cov_21.022786	958	1038	3	16	80	0.2000000
NODE_1934_length_1635_cov_21.022786	958	1038	4	54	80	0.6750000
NODE_1934_length_1635_cov_21.022786	1011	1091	4	46	80	0.5750000
NODE_1934_length_1635_cov_21.022786	1011	1091	6	16	80	0.2000000
NODE_1934_length_1635_cov_21.022786	1011	1091	7	18	80	0.2250000
NODE_1934_length_1635_cov_21.022786	1087	1167	7	12	80	0.1500000
NODE_1934_length_1635_cov_21.022786	1087	1167	8	17	80	0.2125000
NODE_1934_length_1635_cov_21.022786	1087	1167	9	51	80	0.6375000
NODE_1934_length_1635_cov_21.022786	1140	1220	6	1	80	0.0125000
NODE_1934_length_1635_cov_21.022786	1140	1220	7	15	80	0.1875000
NODE_1934_length_1635_cov_21.022786	1140	1220	8	7	80	0.0875000
NODE_1934_length_1635_cov_21.022786	1140	1220	9	57	80	0.7125000
NODE_1936_length_1633_cov_16.743807	1067	1147	11	13	80	0.1625000
NODE_1936_length_1633_cov_16.743807	1067	1147	13	35	80	0.4375000
NODE_1936_length_1633_cov_16.743807	1067	1147	14	3	80	0.0375000
NODE_1936_length_1633_cov_16.743807	1067	1147	15	18	80	0.2250000
NODE_1936_length_1633_cov_16.743807	1067	1147	16	11	80	0.1375000
NODE_1936_length_1633_cov_16.743807	1120	1200	8	9	80	0.1125000
NODE_1936_length_1633_cov_16.743807	1120	1200	9	2	80	0.0250000
NODE_1936_length_1633_cov_16.743807	1120	1200	10	7	80	0.0875000
NODE_1936_length_1633_cov_16.743807	1120	1200	11	10	80	0.1250000
NODE_1936_length_1633_cov_16.743807	1120	1200	13	8	80	0.1000000
NODE_1936_length_1633_cov_16.743807	1120	1200	14	1	80	0.0125000
NODE_1936_length_1633_cov_16.743807	1120	1200	15	34	80	0.4250000
NODE_1936_length_1633_cov_16.743807	1120	1200	16	9	80	0.1125000
NODE_1937_length_1633_cov_14.271838	977	1057	2	18	80	0.2250000
NODE_1937_length_1633_cov_14.271838	977	1057	3	17	80	0.2125000
NODE_1937_length_1633_cov_14.271838	977	1057	4	45	80	0.5625000
NODE_1937_length_1633_cov_14.271838	1030	1110	4	32	80	0.4000000
NODE_1937_length_1633_cov_14.271838	1030	1110	5	36	80	0.4500000
NODE_1937_length_1633_cov_14.271838	1030	1110	6	6	80	0.0750000
NODE_1937_length_1633_cov_14.271838	1030	1110	7	6	80	0.0750000
NODE_1937_length_1633_cov_14.271838	1106	1186	3	24	80	0.3000000
NODE_1937_length_1633_cov_14.271838	1106	1186	4	17	80	0.2125000
NODE_1937_length_1633_cov_14.271838	1106	1186	5	39	80	0.4875000
NODE_1937_length_1633_cov_14.271838	1159	1239	3	59	80	0.7375000
NODE_1937_length_1633_cov_14.271838	1159	1239	4	21	80	0.2625000
NODE_1939_length_1631_cov_25.881201	424	504	11	11	80	0.1375000
NODE_1939_length_1631_cov_25.881201	424	504	12	25	80	0.3125000
NODE_1939_length_1631_cov_25.881201	424	504	13	32	80	0.4000000
NODE_1939_length_1631_cov_25.881201	424	504	14	12	80	0.1500000
NODE_1939_length_1631_cov_25.881201	477	557	9	1	80	0.0125000
NODE_1939_length_1631_cov_25.881201	477	557	10	7	80	0.0875000
NODE_1939_length_1631_cov_25.881201	477	557	11	6	80	0.0750000
NODE_1939_length_1631_cov_25.881201	477	557	12	24	80	0.3000000
NODE_1939_length_1631_cov_25.881201	477	557	13	23	80	0.2875000
NODE_1939_length_1631_cov_25.881201	477	557	14	19	80	0.2375000
NODE_1939_length_1631_cov_25.881201	553	633	7	17	80	0.2125000
NODE_1939_length_1631_cov_25.881201	553	633	8	2	80	0.0250000
NODE_1939_length_1631_cov_25.881201	553	633	9	21	80	0.2625000
NODE_1939_length_1631_cov_25.881201	553	633	10	5	80	0.0625000
NODE_1939_length_1631_cov_25.881201	553	633	11	1	80	0.0125000
NODE_1939_length_1631_cov_25.881201	553	633	12	2	80	0.0250000
NODE_1939_length_1631_cov_25.881201	553	633	13	32	80	0.4000000
NODE_1939_length_1631_cov_25.881201	606	686	9	17	80	0.2125000
NODE_1939_length_1631_cov_25.881201	606	686	10	10	80	0.1250000
NODE_1939_length_1631_cov_25.881201	606	686	11	11	80	0.1375000
NODE_1939_length_1631_cov_25.881201	606	686	12	1	80	0.0125000
NODE_1939_length_1631_cov_25.881201	606	686	13	41	80	0.5125000
NODE_1943_length_1629_cov_32.733987	518	598	3	18	80	0.2250000
NODE_1943_length_1629_cov_32.733987	518	598	4	7	80	0.0875000
NODE_1943_length_1629_cov_32.733987	518	598	5	7	80	0.0875000
NODE_1943_length_1629_cov_32.733987	518	598	6	20	80	0.2500000
NODE_1943_length_1629_cov_32.733987	518	598	7	4	80	0.0500000
NODE_1943_length_1629_cov_32.733987	518	598	8	24	80	0.3000000
NODE_1943_length_1629_cov_32.733987	635	715	9	1	80	0.0125000
NODE_1943_length_1629_cov_32.733987	635	715	10	5	80	0.0625000
NODE_1943_length_1629_cov_32.733987	635	715	11	7	80	0.0875000
NODE_1943_length_1629_cov_32.733987	635	715	12	12	80	0.1500000
NODE_1943_length_1629_cov_32.733987	635	715	13	24	80	0.3000000
NODE_1943_length_1629_cov_32.733987	635	715	15	2	80	0.0250000
NODE_1943_length_1629_cov_32.733987	635	715	16	7	80	0.0875000
NODE_1943_length_1629_cov_32.733987	635	715	17	22	80	0.2750000
NODE_1943_length_1629_cov_32.733987	688	768	10	14	80	0.1750000
NODE_1943_length_1629_cov_32.733987	688	768	11	13	80	0.1625000
NODE_1943_length_1629_cov_32.733987	688	768	12	4	80	0.0500000
NODE_1943_length_1629_cov_32.733987	688	768	13	42	80	0.5250000
NODE_1943_length_1629_cov_32.733987	688	768	15	2	80	0.0250000
NODE_1943_length_1629_cov_32.733987	688	768	16	5	80	0.0625000
NODE_1946_length_1628_cov_15.551995	1454	1518	15	1	64	0.0156250
NODE_1946_length_1628_cov_15.551995	1454	1518	18	8	64	0.1250000
NODE_1946_length_1628_cov_15.551995	1454	1518	20	3	64	0.0468750
NODE_1946_length_1628_cov_15.551995	1454	1518	22	1	64	0.0156250
NODE_1946_length_1628_cov_15.551995	1454	1518	23	2	64	0.0312500
NODE_1946_length_1628_cov_15.551995	1454	1518	24	1	64	0.0156250
NODE_1946_length_1628_cov_15.551995	1454	1518	26	5	64	0.0781250
NODE_1946_length_1628_cov_15.551995	1454	1518	27	5	64	0.0781250
NODE_1946_length_1628_cov_15.551995	1454	1518	29	1	64	0.0156250
NODE_1946_length_1628_cov_15.551995	1454	1518	33	12	64	0.1875000
NODE_1946_length_1628_cov_15.551995	1454	1518	35	7	64	0.1093750
NODE_1946_length_1628_cov_15.551995	1454	1518	37	8	64	0.1250000
NODE_1946_length_1628_cov_15.551995	1454	1518	39	10	64	0.1562500
NODE_1947_length_1628_cov_4.852845	81	163	2	10	82	0.1219512
NODE_1947_length_1628_cov_4.852845	81	163	3	48	82	0.5853658
NODE_1947_length_1628_cov_4.852845	81	163	4	24	82	0.2926829
NODE_1952_length_1626_cov_20.549443	495	575	7	27	80	0.3375000
NODE_1952_length_1626_cov_20.549443	495	575	8	13	80	0.1625000
NODE_1952_length_1626_cov_20.549443	495	575	9	40	80	0.5000000
NODE_1952_length_1626_cov_20.549443	548	628	6	14	80	0.1750000
NODE_1952_length_1626_cov_20.549443	548	628	7	40	80	0.5000000
NODE_1952_length_1626_cov_20.549443	548	628	8	20	80	0.2500000
NODE_1952_length_1626_cov_20.549443	548	628	9	6	80	0.0750000
NODE_1953_length_1626_cov_6.552718	1189	1269	8	1	80	0.0125000
NODE_1953_length_1626_cov_6.552718	1189	1269	9	5	80	0.0625000
NODE_1953_length_1626_cov_6.552718	1189	1269	10	2	80	0.0250000
NODE_1953_length_1626_cov_6.552718	1189	1269	11	15	80	0.1875000
NODE_1953_length_1626_cov_6.552718	1189	1269	14	3	80	0.0375000
NODE_1953_length_1626_cov_6.552718	1189	1269	15	24	80	0.3000000
NODE_1953_length_1626_cov_6.552718	1189	1269	16	9	80	0.1125000
NODE_1953_length_1626_cov_6.552718	1189	1269	17	21	80	0.2625000
NODE_1953_length_1626_cov_6.552718	1242	1321	12	21	79	0.2658228
NODE_1953_length_1626_cov_6.552718	1242	1321	14	3	79	0.0379747
NODE_1953_length_1626_cov_6.552718	1242	1321	16	38	79	0.4810127
NODE_1953_length_1626_cov_6.552718	1242	1321	17	17	79	0.2151899
NODE_1954_length_1626_cov_4.728880	247	329	1	14	82	0.1707317
NODE_1954_length_1626_cov_4.728880	247	329	2	68	82	0.8292683
NODE_1954_length_1626_cov_4.728880	302	382	1	14	80	0.1750000
NODE_1954_length_1626_cov_4.728880	302	382	2	66	80	0.8250000
NODE_1956_length_1625_cov_20.598952	938	1018	6	12	80	0.1500000
NODE_1956_length_1625_cov_20.598952	938	1018	7	68	80	0.8500000
NODE_1956_length_1625_cov_20.598952	991	1071	3	37	80	0.4625000
NODE_1956_length_1625_cov_20.598952	991	1071	4	5	80	0.0625000
NODE_1956_length_1625_cov_20.598952	991	1071	5	5	80	0.0625000
NODE_1956_length_1625_cov_20.598952	991	1071	6	18	80	0.2250000
NODE_1956_length_1625_cov_20.598952	991	1071	7	15	80	0.1875000
NODE_1962_length_1623_cov_28.551181	416	486	5	41	70	0.5857143
NODE_1962_length_1623_cov_28.551181	416	486	6	29	70	0.4142857
NODE_1962_length_1623_cov_28.551181	459	507	0	10	48	0.2083333
NODE_1962_length_1623_cov_28.551181	459	507	1	4	48	0.0833333
NODE_1962_length_1623_cov_28.551181	459	507	4	1	48	0.0208333
NODE_1962_length_1623_cov_28.551181	459	507	5	33	48	0.6875000
NODE_1965_length_1622_cov_7.969140	645	725	2	1	80	0.0125000
NODE_1965_length_1622_cov_7.969140	645	725	3	6	80	0.0750000
NODE_1965_length_1622_cov_7.969140	645	725	5	39	80	0.4875000
NODE_1965_length_1622_cov_7.969140	645	725	6	3	80	0.0375000
NODE_1965_length_1622_cov_7.969140	645	725	7	31	80	0.3875000
NODE_1965_length_1622_cov_7.969140	698	778	4	20	80	0.2500000
NODE_1965_length_1622_cov_7.969140	698	778	6	4	80	0.0500000
NODE_1965_length_1622_cov_7.969140	698	778	7	56	80	0.7000000
NODE_1970_length_1621_cov_2.192510	330	401	0	2	71	0.0281690
NODE_1970_length_1621_cov_2.192510	330	401	2	56	71	0.7887324
NODE_1970_length_1621_cov_2.192510	330	401	3	8	71	0.1126761
NODE_1970_length_1621_cov_2.192510	330	401	4	5	71	0.0704225
NODE_1975_length_1618_cov_44.138907	361	441	0	28	80	0.3500000
NODE_1975_length_1618_cov_44.138907	361	441	1	33	80	0.4125000
NODE_1975_length_1618_cov_44.138907	361	441	3	19	80	0.2375000
NODE_1975_length_1618_cov_44.138907	414	494	1	8	80	0.1000000
NODE_1975_length_1618_cov_44.138907	414	494	3	28	80	0.3500000
NODE_1975_length_1618_cov_44.138907	414	494	4	44	80	0.5500000
NODE_1975_length_1618_cov_44.138907	1063	1143	2	23	80	0.2875000
NODE_1975_length_1618_cov_44.138907	1063	1143	3	7	80	0.0875000
NODE_1975_length_1618_cov_44.138907	1063	1143	4	2	80	0.0250000
NODE_1975_length_1618_cov_44.138907	1063	1143	5	9	80	0.1125000
NODE_1975_length_1618_cov_44.138907	1063	1143	7	13	80	0.1625000
NODE_1975_length_1618_cov_44.138907	1063	1143	9	20	80	0.2500000
NODE_1975_length_1618_cov_44.138907	1063	1143	10	6	80	0.0750000
NODE_1975_length_1618_cov_44.138907	1116	1196	7	1	80	0.0125000
NODE_1975_length_1618_cov_44.138907	1116	1196	8	28	80	0.3500000
NODE_1975_length_1618_cov_44.138907	1116	1196	9	20	80	0.2500000
NODE_1975_length_1618_cov_44.138907	1116	1196	10	31	80	0.3875000
NODE_1976_length_1618_cov_5.779460	332	414	0	82	82	1.0000000
NODE_1976_length_1618_cov_5.779460	387	467	0	80	80	1.0000000
NODE_1976_length_1618_cov_5.779460	972	1028	1	56	56	1.0000000
NODE_1980_length_1616_cov_5.313777	589	669	0	24	80	0.3000000
NODE_1980_length_1616_cov_5.313777	589	669	1	18	80	0.2250000
NODE_1980_length_1616_cov_5.313777	589	669	2	38	80	0.4750000
NODE_1980_length_1616_cov_5.313777	642	722	2	80	80	1.0000000
NODE_1981_length_1615_cov_12.575858	1032	1112	0	80	80	1.0000000
NODE_1981_length_1615_cov_12.575858	1085	1162	0	77	77	1.0000000
NODE_1981_length_1615_cov_12.575858	1158	1238	0	38	80	0.4750000
NODE_1981_length_1615_cov_12.575858	1158	1238	1	42	80	0.5250000
NODE_1981_length_1615_cov_12.575858	1211	1291	1	61	80	0.7625000
NODE_1981_length_1615_cov_12.575858	1211	1291	2	1	80	0.0125000
NODE_1981_length_1615_cov_12.575858	1211	1291	4	18	80	0.2250000
NODE_1983_length_1614_cov_94.900990	0	46	2	46	46	1.0000000
NODE_1983_length_1614_cov_94.900990	23	99	2	76	76	1.0000000
NODE_1984_length_1614_cov_18.799340	655	735	9	11	80	0.1375000
NODE_1984_length_1614_cov_18.799340	655	735	11	1	80	0.0125000
NODE_1984_length_1614_cov_18.799340	655	735	12	1	80	0.0125000
NODE_1984_length_1614_cov_18.799340	655	735	13	4	80	0.0500000
NODE_1984_length_1614_cov_18.799340	655	735	14	19	80	0.2375000
NODE_1984_length_1614_cov_18.799340	655	735	15	4	80	0.0500000
NODE_1984_length_1614_cov_18.799340	655	735	16	5	80	0.0625000
NODE_1984_length_1614_cov_18.799340	655	735	17	8	80	0.1000000
NODE_1984_length_1614_cov_18.799340	655	735	18	13	80	0.1625000
NODE_1984_length_1614_cov_18.799340	655	735	20	14	80	0.1750000
NODE_1984_length_1614_cov_18.799340	708	788	8	10	80	0.1250000
NODE_1984_length_1614_cov_18.799340	708	788	9	18	80	0.2250000
NODE_1984_length_1614_cov_18.799340	708	788	12	5	80	0.0625000
NODE_1984_length_1614_cov_18.799340	708	788	14	27	80	0.3375000
NODE_1984_length_1614_cov_18.799340	708	788	15	2	80	0.0250000
NODE_1984_length_1614_cov_18.799340	708	788	16	1	80	0.0125000
NODE_1984_length_1614_cov_18.799340	708	788	17	1	80	0.0125000
NODE_1984_length_1614_cov_18.799340	708	788	18	2	80	0.0250000
NODE_1984_length_1614_cov_18.799340	708	788	20	14	80	0.1750000
NODE_1986_length_1613_cov_6.865258	1128	1203	4	28	75	0.3733333
NODE_1986_length_1613_cov_6.865258	1128	1203	5	32	75	0.4266667
NODE_1986_length_1613_cov_6.865258	1128	1203	6	14	75	0.1866667
NODE_1986_length_1613_cov_6.865258	1128	1203	7	1	75	0.0133333
NODE_1986_length_1613_cov_6.865258	1176	1256	5	36	80	0.4500000
NODE_1986_length_1613_cov_6.865258	1176	1256	6	34	80	0.4250000
NODE_1986_length_1613_cov_6.865258	1176	1256	7	10	80	0.1250000
NODE_1993_length_1610_cov_18.014560	1035	1115	5	18	80	0.2250000
NODE_1993_length_1610_cov_18.014560	1035	1115	7	12	80	0.1500000
NODE_1993_length_1610_cov_18.014560	1035	1115	8	18	80	0.2250000
NODE_1993_length_1610_cov_18.014560	1035	1115	9	32	80	0.4000000
NODE_1993_length_1610_cov_18.014560	1088	1168	5	18	80	0.2250000
NODE_1993_length_1610_cov_18.014560	1088	1168	6	4	80	0.0500000
NODE_1993_length_1610_cov_18.014560	1088	1168	7	43	80	0.5375000
NODE_1993_length_1610_cov_18.014560	1088	1168	9	15	80	0.1875000
NODE_2001_length_1603_cov_9.128324	1109	1189	4	80	80	1.0000000
NODE_2001_length_1603_cov_9.128324	1162	1242	1	8	80	0.1000000
NODE_2001_length_1603_cov_9.128324	1162	1242	3	16	80	0.2000000
NODE_2001_length_1603_cov_9.128324	1162	1242	4	56	80	0.7000000
NODE_2003_length_1602_cov_79.840319	1378	1445	26	1	67	0.0149254
NODE_2003_length_1602_cov_79.840319	1378	1445	27	8	67	0.1194030
NODE_2003_length_1602_cov_79.840319	1378	1445	28	10	67	0.1492537
NODE_2003_length_1602_cov_79.840319	1378	1445	29	4	67	0.0597015
NODE_2003_length_1602_cov_79.840319	1378	1445	30	3	67	0.0447761
NODE_2003_length_1602_cov_79.840319	1378	1445	32	1	67	0.0149254
NODE_2003_length_1602_cov_79.840319	1378	1445	35	1	67	0.0149254
NODE_2003_length_1602_cov_79.840319	1378	1445	37	3	67	0.0447761
NODE_2003_length_1602_cov_79.840319	1378	1445	38	5	67	0.0746269
NODE_2003_length_1602_cov_79.840319	1378	1445	40	2	67	0.0298507
NODE_2003_length_1602_cov_79.840319	1378	1445	44	1	67	0.0149254
NODE_2003_length_1602_cov_79.840319	1378	1445	45	1	67	0.0149254
NODE_2003_length_1602_cov_79.840319	1378	1445	47	9	67	0.1343284
NODE_2003_length_1602_cov_79.840319	1378	1445	48	2	67	0.0298507
NODE_2003_length_1602_cov_79.840319	1378	1445	49	1	67	0.0149254
NODE_2003_length_1602_cov_79.840319	1378	1445	50	2	67	0.0298507
NODE_2003_length_1602_cov_79.840319	1378	1445	51	2	67	0.0298507
NODE_2003_length_1602_cov_79.840319	1378	1445	52	3	67	0.0447761
NODE_2003_length_1602_cov_79.840319	1378	1445	53	8	67	0.1194030
NODE_2003_length_1602_cov_79.840319	1462	1508	15	10	46	0.2173913
NODE_2003_length_1602_cov_79.840319	1462	1508	16	23	46	0.5000000
NODE_2003_length_1602_cov_79.840319	1462	1508	17	3	46	0.0652174
NODE_2003_length_1602_cov_79.840319	1462	1508	18	1	46	0.0217391
NODE_2003_length_1602_cov_79.840319	1462	1508	19	4	46	0.0869565
NODE_2003_length_1602_cov_79.840319	1462	1508	20	5	46	0.1086956
NODE_2004_length_1602_cov_2.701264	1490	1570	0	80	80	1.0000000
NODE_2009_length_1600_cov_34.988008	785	865	8	12	80	0.1500000
NODE_2009_length_1600_cov_34.988008	785	865	9	7	80	0.0875000
NODE_2009_length_1600_cov_34.988008	785	865	10	15	80	0.1875000
NODE_2009_length_1600_cov_34.988008	785	865	11	3	80	0.0375000
NODE_2009_length_1600_cov_34.988008	785	865	12	26	80	0.3250000
NODE_2009_length_1600_cov_34.988008	785	865	13	7	80	0.0875000
NODE_2009_length_1600_cov_34.988008	785	865	14	10	80	0.1250000
NODE_2009_length_1600_cov_34.988008	838	918	12	17	80	0.2125000
NODE_2009_length_1600_cov_34.988008	838	918	13	18	80	0.2250000
NODE_2009_length_1600_cov_34.988008	838	918	14	14	80	0.1750000
NODE_2009_length_1600_cov_34.988008	838	918	15	31	80	0.3875000
NODE_2009_length_1600_cov_34.988008	914	994	6	14	80	0.1750000
NODE_2009_length_1600_cov_34.988008	914	994	7	10	80	0.1250000
NODE_2009_length_1600_cov_34.988008	914	994	8	2	80	0.0250000
NODE_2009_length_1600_cov_34.988008	914	994	9	17	80	0.2125000
NODE_2009_length_1600_cov_34.988008	914	994	11	9	80	0.1125000
NODE_2009_length_1600_cov_34.988008	914	994	13	13	80	0.1625000
NODE_2009_length_1600_cov_34.988008	914	994	14	5	80	0.0625000
NODE_2009_length_1600_cov_34.988008	914	994	15	10	80	0.1250000
NODE_2009_length_1600_cov_34.988008	967	1047	2	6	80	0.0750000
NODE_2009_length_1600_cov_34.988008	967	1047	3	6	80	0.0750000
NODE_2009_length_1600_cov_34.988008	967	1047	4	2	80	0.0250000
NODE_2009_length_1600_cov_34.988008	967	1047	5	15	80	0.1875000
NODE_2009_length_1600_cov_34.988008	967	1047	6	38	80	0.4750000
NODE_2009_length_1600_cov_34.988008	967	1047	7	10	80	0.1250000
NODE_2009_length_1600_cov_34.988008	967	1047	8	2	80	0.0250000
NODE_2009_length_1600_cov_34.988008	967	1047	9	1	80	0.0125000
NODE_2011_length_1600_cov_11.383744	0	72	0	5	72	0.0694444
NODE_2011_length_1600_cov_11.383744	0	72	1	19	72	0.2638889
NODE_2011_length_1600_cov_11.383744	0	72	2	48	72	0.6666667
NODE_2011_length_1600_cov_11.383744	45	99	2	54	54	1.0000000
NODE_2011_length_1600_cov_11.383744	891	971	3	54	80	0.6750000
NODE_2011_length_1600_cov_11.383744	891	971	4	8	80	0.1000000
NODE_2011_length_1600_cov_11.383744	891	971	5	18	80	0.2250000
NODE_2011_length_1600_cov_11.383744	944	1024	2	25	80	0.3125000
NODE_2011_length_1600_cov_11.383744	944	1024	3	37	80	0.4625000
NODE_2011_length_1600_cov_11.383744	944	1024	5	18	80	0.2250000
NODE_2013_length_1600_cov_7.236509	1037	1109	2	29	72	0.4027778
NODE_2013_length_1600_cov_7.236509	1037	1109	4	43	72	0.5972222
NODE_2013_length_1600_cov_7.236509	1090	1160	2	15	70	0.2142857
NODE_2013_length_1600_cov_7.236509	1090	1160	3	31	70	0.4428571
NODE_2013_length_1600_cov_7.236509	1090	1160	4	24	70	0.3428572
NODE_2018_length_1598_cov_29.337558	335	415	7	18	80	0.2250000
NODE_2018_length_1598_cov_29.337558	335	415	8	16	80	0.2000000
NODE_2018_length_1598_cov_29.337558	335	415	9	8	80	0.1000000
NODE_2018_length_1598_cov_29.337558	335	415	10	22	80	0.2750000
NODE_2018_length_1598_cov_29.337558	335	415	12	16	80	0.2000000
NODE_2018_length_1598_cov_29.337558	388	468	6	7	80	0.0875000
NODE_2018_length_1598_cov_29.337558	388	468	7	6	80	0.0750000
NODE_2018_length_1598_cov_29.337558	388	468	8	10	80	0.1250000
NODE_2018_length_1598_cov_29.337558	388	468	9	17	80	0.2125000
NODE_2018_length_1598_cov_29.337558	388	468	10	18	80	0.2250000
NODE_2018_length_1598_cov_29.337558	388	468	12	19	80	0.2375000
NODE_2018_length_1598_cov_29.337558	388	468	13	2	80	0.0250000
NODE_2018_length_1598_cov_29.337558	388	468	14	1	80	0.0125000
NODE_2018_length_1598_cov_29.337558	464	516	11	2	52	0.0384615
NODE_2018_length_1598_cov_29.337558	464	516	12	17	52	0.3269231
NODE_2018_length_1598_cov_29.337558	464	516	13	32	52	0.6153846
NODE_2018_length_1598_cov_29.337558	464	516	14	1	52	0.0192308
NODE_2018_length_1598_cov_29.337558	1026	1106	4	16	80	0.2000000
NODE_2018_length_1598_cov_29.337558	1026	1106	5	64	80	0.8000000
NODE_2018_length_1598_cov_29.337558	1079	1159	1	3	80	0.0375000
NODE_2018_length_1598_cov_29.337558	1079	1159	2	27	80	0.3375000
NODE_2018_length_1598_cov_29.337558	1079	1159	3	6	80	0.0750000
NODE_2018_length_1598_cov_29.337558	1079	1159	4	28	80	0.3500000
NODE_2018_length_1598_cov_29.337558	1079	1159	5	16	80	0.2000000
NODE_2019_length_1598_cov_3.730487	1117	1197	0	80	80	1.0000000
NODE_2021_length_1597_cov_7.434579	1373	1453	0	68	80	0.8500000
NODE_2021_length_1597_cov_7.434579	1373	1453	2	1	80	0.0125000
NODE_2021_length_1597_cov_7.434579	1373	1453	4	11	80	0.1375000
NODE_2021_length_1597_cov_7.434579	1382	1453	0	59	71	0.8309859
NODE_2021_length_1597_cov_7.434579	1382	1453	2	1	71	0.0140845
NODE_2021_length_1597_cov_7.434579	1382	1453	4	11	71	0.1549296
NODE_2022_length_1595_cov_16.788770	215	267	0	52	52	1.0000000
NODE_2022_length_1595_cov_16.788770	614	673	6	6	59	0.1016949
NODE_2022_length_1595_cov_16.788770	614	673	9	13	59	0.2203390
NODE_2022_length_1595_cov_16.788770	614	673	11	40	59	0.6779661
NODE_2025_length_1593_cov_22.412316	144	224	2	12	80	0.1500000
NODE_2025_length_1593_cov_22.412316	144	224	4	59	80	0.7375000
NODE_2025_length_1593_cov_22.412316	144	224	5	9	80	0.1125000
NODE_2025_length_1593_cov_22.412316	197	277	1	21	80	0.2625000
NODE_2025_length_1593_cov_22.412316	197	277	3	4	80	0.0500000
NODE_2025_length_1593_cov_22.412316	197	277	4	18	80	0.2250000
NODE_2025_length_1593_cov_22.412316	197	277	5	37	80	0.4625000
NODE_2025_length_1593_cov_22.412316	1192	1272	2	7	80	0.0875000
NODE_2025_length_1593_cov_22.412316	1192	1272	3	48	80	0.6000000
NODE_2025_length_1593_cov_22.412316	1192	1272	4	25	80	0.3125000
NODE_2025_length_1593_cov_22.412316	1245	1325	1	7	80	0.0875000
NODE_2025_length_1593_cov_22.412316	1245	1325	2	35	80	0.4375000
NODE_2025_length_1593_cov_22.412316	1245	1325	3	38	80	0.4750000
NODE_2026_length_1593_cov_14.092369	357	437	1	13	80	0.1625000
NODE_2026_length_1593_cov_14.092369	357	437	2	36	80	0.4500000
NODE_2026_length_1593_cov_14.092369	357	437	5	31	80	0.3875000
NODE_2026_length_1593_cov_14.092369	410	490	5	33	80	0.4125000
NODE_2026_length_1593_cov_14.092369	410	490	6	6	80	0.0750000
NODE_2026_length_1593_cov_14.092369	410	490	8	15	80	0.1875000
NODE_2026_length_1593_cov_14.092369	410	490	9	26	80	0.3250000
NODE_2026_length_1593_cov_14.092369	1061	1141	1	77	80	0.9625000
NODE_2026_length_1593_cov_14.092369	1061	1141	2	3	80	0.0375000
NODE_2026_length_1593_cov_14.092369	1114	1194	0	52	80	0.6500000
NODE_2026_length_1593_cov_14.092369	1114	1194	1	28	80	0.3500000
NODE_2031_length_1592_cov_4.576691	277	357	0	80	80	1.0000000
NODE_2031_length_1592_cov_4.576691	330	410	0	80	80	1.0000000
NODE_2034_length_1591_cov_15.481233	841	921	5	30	80	0.3750000
NODE_2034_length_1591_cov_15.481233	841	921	6	46	80	0.5750000
NODE_2034_length_1591_cov_15.481233	841	921	7	4	80	0.0500000
NODE_2034_length_1591_cov_15.481233	894	974	3	9	80	0.1125000
NODE_2034_length_1591_cov_15.481233	894	974	4	33	80	0.4125000
NODE_2034_length_1591_cov_15.481233	894	974	5	38	80	0.4750000
NODE_2035_length_1591_cov_4.040885	35	65	0	30	30	1.0000000
NODE_2035_length_1591_cov_4.040885	38	99	0	59	61	0.9672131
NODE_2035_length_1591_cov_4.040885	38	99	1	2	61	0.0327869
NODE_2042_length_1589_cov_10.184564	379	459	0	80	80	1.0000000
NODE_2042_length_1589_cov_10.184564	432	512	0	29	80	0.3625000
NODE_2042_length_1589_cov_10.184564	432	512	1	51	80	0.6375000
NODE_2042_length_1589_cov_10.184564	473	512	1	39	39	1.0000000
NODE_2042_length_1589_cov_10.184564	508	588	1	29	80	0.3625000
NODE_2042_length_1589_cov_10.184564	508	588	2	51	80	0.6375000
NODE_2042_length_1589_cov_10.184564	561	641	2	33	80	0.4125000
NODE_2042_length_1589_cov_10.184564	561	641	3	31	80	0.3875000
NODE_2042_length_1589_cov_10.184564	561	641	4	16	80	0.2000000
NODE_2043_length_1588_cov_9.955675	415	495	1	32	80	0.4000000
NODE_2043_length_1588_cov_9.955675	415	495	2	29	80	0.3625000
NODE_2043_length_1588_cov_9.955675	415	495	4	11	80	0.1375000
NODE_2043_length_1588_cov_9.955675	415	495	5	8	80	0.1000000
NODE_2043_length_1588_cov_9.955675	468	548	0	9	80	0.1125000
NODE_2043_length_1588_cov_9.955675	468	548	1	71	80	0.8875000
NODE_2046_length_1587_cov_7.942204	710	790	1	43	80	0.5375000
NODE_2046_length_1587_cov_7.942204	710	790	2	37	80	0.4625000
NODE_2046_length_1587_cov_7.942204	763	843	1	76	80	0.9500000
NODE_2046_length_1587_cov_7.942204	763	843	2	4	80	0.0500000
NODE_2049_length_1586_cov_6.488231	447	474	2	27	27	1.0000000
NODE_2049_length_1586_cov_6.488231	447	527	0	3	80	0.0375000
NODE_2049_length_1586_cov_6.488231	447	527	1	18	80	0.2250000
NODE_2049_length_1586_cov_6.488231	447	527	2	59	80	0.7375000
NODE_2049_length_1586_cov_6.488231	500	580	0	56	80	0.7000000
NODE_2049_length_1586_cov_6.488231	500	580	1	18	80	0.2250000
NODE_2049_length_1586_cov_6.488231	500	580	2	6	80	0.0750000
NODE_2056_length_1583_cov_27.825472	800	880	4	5	80	0.0625000
NODE_2056_length_1583_cov_27.825472	800	880	6	3	80	0.0375000
NODE_2056_length_1583_cov_27.825472	800	880	7	3	80	0.0375000
NODE_2056_length_1583_cov_27.825472	800	880	8	13	80	0.1625000
NODE_2056_length_1583_cov_27.825472	800	880	9	27	80	0.3375000
NODE_2056_length_1583_cov_27.825472	800	880	10	10	80	0.1250000
NODE_2056_length_1583_cov_27.825472	800	880	12	19	80	0.2375000
NODE_2056_length_1583_cov_27.825472	853	933	7	3	80	0.0375000
NODE_2056_length_1583_cov_27.825472	853	933	8	31	80	0.3875000
NODE_2056_length_1583_cov_27.825472	853	933	9	15	80	0.1875000
NODE_2056_length_1583_cov_27.825472	853	933	10	22	80	0.2750000
NODE_2056_length_1583_cov_27.825472	853	933	12	9	80	0.1125000
NODE_2056_length_1583_cov_27.825472	929	1009	5	16	80	0.2000000
NODE_2056_length_1583_cov_27.825472	929	1009	6	15	80	0.1875000
NODE_2056_length_1583_cov_27.825472	929	1009	7	18	80	0.2250000
NODE_2056_length_1583_cov_27.825472	929	1009	8	12	80	0.1500000
NODE_2056_length_1583_cov_27.825472	929	1009	10	19	80	0.2375000
NODE_2056_length_1583_cov_27.825472	982	1062	3	14	80	0.1750000
NODE_2056_length_1583_cov_27.825472	982	1062	4	28	80	0.3500000
NODE_2056_length_1583_cov_27.825472	982	1062	5	27	80	0.3375000
NODE_2056_length_1583_cov_27.825472	982	1062	6	9	80	0.1125000
NODE_2056_length_1583_cov_27.825472	982	1062	8	2	80	0.0250000
NODE_2060_length_1581_cov_10.610661	457	537	4	16	80	0.2000000
NODE_2060_length_1581_cov_10.610661	457	537	5	48	80	0.6000000
NODE_2060_length_1581_cov_10.610661	457	537	6	16	80	0.2000000
NODE_2060_length_1581_cov_10.610661	510	590	3	14	80	0.1750000
NODE_2060_length_1581_cov_10.610661	510	590	5	23	80	0.2875000
NODE_2060_length_1581_cov_10.610661	510	590	6	43	80	0.5375000
NODE_2065_length_1579_cov_7.395946	5	80	0	75	75	1.0000000
NODE_2065_length_1579_cov_7.395946	58	126	0	68	68	1.0000000
NODE_2066_length_1579_cov_7.152027	1331	1409	4	18	78	0.2307692
NODE_2066_length_1579_cov_7.152027	1331	1409	5	20	78	0.2564103
NODE_2066_length_1579_cov_7.152027	1331	1409	6	21	78	0.2692308
NODE_2066_length_1579_cov_7.152027	1331	1409	7	19	78	0.2435897
NODE_2066_length_1579_cov_7.152027	1382	1462	6	8	80	0.1000000
NODE_2066_length_1579_cov_7.152027	1382	1462	7	35	80	0.4375000
NODE_2066_length_1579_cov_7.152027	1382	1462	8	21	80	0.2625000
NODE_2066_length_1579_cov_7.152027	1382	1462	9	16	80	0.2000000
NODE_2067_length_1579_cov_6.741892	4	52	0	14	48	0.2916667
NODE_2067_length_1579_cov_6.741892	4	52	2	34	48	0.7083333
NODE_2067_length_1579_cov_6.741892	4	52	0	14	48	0.2916667
NODE_2067_length_1579_cov_6.741892	4	52	2	34	48	0.7083333
NODE_2067_length_1579_cov_6.741892	4	52	0	14	48	0.2916667
NODE_2067_length_1579_cov_6.741892	4	52	2	34	48	0.7083333
NODE_2067_length_1579_cov_6.741892	25	105	2	80	80	1.0000000
NODE_2067_length_1579_cov_6.741892	25	91	2	66	66	1.0000000
NODE_2067_length_1579_cov_6.741892	25	96	2	71	71	1.0000000
NODE_2076_length_1575_cov_4.250000	993	1073	1	17	80	0.2125000
NODE_2076_length_1575_cov_4.250000	993	1073	2	16	80	0.2000000
NODE_2076_length_1575_cov_4.250000	993	1073	3	7	80	0.0875000
NODE_2076_length_1575_cov_4.250000	993	1073	5	2	80	0.0250000
NODE_2076_length_1575_cov_4.250000	993	1073	7	7	80	0.0875000
NODE_2076_length_1575_cov_4.250000	993	1073	11	27	80	0.3375000
NODE_2076_length_1575_cov_4.250000	993	1073	12	4	80	0.0500000
NODE_2076_length_1575_cov_4.250000	1046	1126	11	25	80	0.3125000
NODE_2076_length_1575_cov_4.250000	1046	1126	12	55	80	0.6875000
NODE_2078_length_1574_cov_40.682034	551	631	14	9	80	0.1125000
NODE_2078_length_1574_cov_40.682034	551	631	15	20	80	0.2500000
NODE_2078_length_1574_cov_40.682034	551	631	16	41	80	0.5125000
NODE_2078_length_1574_cov_40.682034	551	631	18	1	80	0.0125000
NODE_2078_length_1574_cov_40.682034	551	631	19	8	80	0.1000000
NODE_2078_length_1574_cov_40.682034	551	631	20	1	80	0.0125000
NODE_2078_length_1574_cov_40.682034	604	684	9	15	80	0.1875000
NODE_2078_length_1574_cov_40.682034	604	684	10	13	80	0.1625000
NODE_2078_length_1574_cov_40.682034	604	684	11	10	80	0.1250000
NODE_2078_length_1574_cov_40.682034	604	684	13	2	80	0.0250000
NODE_2078_length_1574_cov_40.682034	604	684	14	20	80	0.2500000
NODE_2078_length_1574_cov_40.682034	604	684	15	4	80	0.0500000
NODE_2078_length_1574_cov_40.682034	604	684	16	6	80	0.0750000
NODE_2078_length_1574_cov_40.682034	604	684	18	1	80	0.0125000
NODE_2078_length_1574_cov_40.682034	604	684	19	8	80	0.1000000
NODE_2078_length_1574_cov_40.682034	604	684	20	1	80	0.0125000
NODE_2078_length_1574_cov_40.682034	680	760	9	7	80	0.0875000
NODE_2078_length_1574_cov_40.682034	680	760	10	25	80	0.3125000
NODE_2078_length_1574_cov_40.682034	680	760	11	5	80	0.0625000
NODE_2078_length_1574_cov_40.682034	680	760	12	5	80	0.0625000
NODE_2078_length_1574_cov_40.682034	680	760	13	3	80	0.0375000
NODE_2078_length_1574_cov_40.682034	680	760	14	24	80	0.3000000
NODE_2078_length_1574_cov_40.682034	680	760	15	11	80	0.1375000
NODE_2078_length_1574_cov_40.682034	733	813	9	23	80	0.2875000
NODE_2078_length_1574_cov_40.682034	733	813	10	27	80	0.3375000
NODE_2078_length_1574_cov_40.682034	733	813	11	4	80	0.0500000
NODE_2078_length_1574_cov_40.682034	733	813	13	3	80	0.0375000
NODE_2078_length_1574_cov_40.682034	733	813	14	20	80	0.2500000
NODE_2078_length_1574_cov_40.682034	733	813	15	3	80	0.0375000
NODE_2079_length_1574_cov_7.572203	1306	1386	4	4	80	0.0500000
NODE_2079_length_1574_cov_7.572203	1306	1386	5	5	80	0.0625000
NODE_2079_length_1574_cov_7.572203	1306	1386	6	35	80	0.4375000
NODE_2079_length_1574_cov_7.572203	1306	1386	7	30	80	0.3750000
NODE_2079_length_1574_cov_7.572203	1306	1386	8	6	80	0.0750000
NODE_2079_length_1574_cov_7.572203	1359	1439	4	14	80	0.1750000
NODE_2079_length_1574_cov_7.572203	1359	1439	5	13	80	0.1625000
NODE_2079_length_1574_cov_7.572203	1359	1439	6	37	80	0.4625000
NODE_2079_length_1574_cov_7.572203	1359	1439	7	16	80	0.2000000
NODE_2081_length_1573_cov_16.107191	437	512	2	34	75	0.4533333
NODE_2081_length_1573_cov_16.107191	437	512	3	8	75	0.1066667
NODE_2081_length_1573_cov_16.107191	437	512	4	18	75	0.2400000
NODE_2081_length_1573_cov_16.107191	437	512	5	15	75	0.2000000
NODE_2081_length_1573_cov_16.107191	485	565	4	45	80	0.5625000
NODE_2081_length_1573_cov_16.107191	485	565	5	35	80	0.4375000
NODE_2081_length_1573_cov_16.107191	561	639	4	19	78	0.2435897
NODE_2081_length_1573_cov_16.107191	561	639	5	18	78	0.2307692
NODE_2081_length_1573_cov_16.107191	561	639	6	32	78	0.4102564
NODE_2081_length_1573_cov_16.107191	561	639	7	9	78	0.1153846
NODE_2081_length_1573_cov_16.107191	612	692	5	45	80	0.5625000
NODE_2081_length_1573_cov_16.107191	612	692	6	26	80	0.3250000
NODE_2081_length_1573_cov_16.107191	612	692	7	9	80	0.1125000
NODE_2085_length_1572_cov_25.966735	359	404	48	7	45	0.1555556
NODE_2085_length_1572_cov_25.966735	359	404	49	7	45	0.1555556
NODE_2085_length_1572_cov_25.966735	359	404	50	5	45	0.1111111
NODE_2085_length_1572_cov_25.966735	359	404	51	18	45	0.4000000
NODE_2085_length_1572_cov_25.966735	359	404	53	2	45	0.0444444
NODE_2085_length_1572_cov_25.966735	359	404	55	6	45	0.1333333
NODE_2085_length_1572_cov_25.966735	405	477	41	4	72	0.0555556
NODE_2085_length_1572_cov_25.966735	405	477	43	3	72	0.0416667
NODE_2085_length_1572_cov_25.966735	405	477	44	15	72	0.2083333
NODE_2085_length_1572_cov_25.966735	405	477	45	9	72	0.1250000
NODE_2085_length_1572_cov_25.966735	405	477	46	7	72	0.0972222
NODE_2085_length_1572_cov_25.966735	405	477	47	7	72	0.0972222
NODE_2085_length_1572_cov_25.966735	405	477	48	5	72	0.0694444
NODE_2085_length_1572_cov_25.966735	405	477	49	1	72	0.0138889
NODE_2085_length_1572_cov_25.966735	405	477	50	9	72	0.1250000
NODE_2085_length_1572_cov_25.966735	405	477	51	7	72	0.0972222
NODE_2085_length_1572_cov_25.966735	405	477	52	5	72	0.0694444
NODE_2085_length_1572_cov_25.966735	1016	1096	9	7	80	0.0875000
NODE_2085_length_1572_cov_25.966735	1016	1096	10	4	80	0.0500000
NODE_2085_length_1572_cov_25.966735	1016	1096	11	1	80	0.0125000
NODE_2085_length_1572_cov_25.966735	1016	1096	12	19	80	0.2375000
NODE_2085_length_1572_cov_25.966735	1016	1096	13	11	80	0.1375000
NODE_2085_length_1572_cov_25.966735	1016	1096	14	38	80	0.4750000
NODE_2085_length_1572_cov_25.966735	1069	1149	9	6	80	0.0750000
NODE_2085_length_1572_cov_25.966735	1069	1149	11	11	80	0.1375000
NODE_2085_length_1572_cov_25.966735	1069	1149	12	19	80	0.2375000
NODE_2085_length_1572_cov_25.966735	1069	1149	13	5	80	0.0625000
NODE_2085_length_1572_cov_25.966735	1069	1149	14	39	80	0.4875000
NODE_2086_length_1572_cov_3.513238	1386	1462	4	11	76	0.1447368
NODE_2086_length_1572_cov_3.513238	1386	1462	6	1	76	0.0131579
NODE_2086_length_1572_cov_3.513238	1386	1462	8	6	76	0.0789474
NODE_2086_length_1572_cov_3.513238	1386	1462	9	24	76	0.3157895
NODE_2086_length_1572_cov_3.513238	1386	1462	10	34	76	0.4473684
NODE_2090_length_1570_cov_21.745071	700	780	7	8	80	0.1000000
NODE_2090_length_1570_cov_21.745071	700	780	8	22	80	0.2750000
NODE_2090_length_1570_cov_21.745071	700	780	9	6	80	0.0750000
NODE_2090_length_1570_cov_21.745071	700	780	10	35	80	0.4375000
NODE_2090_length_1570_cov_21.745071	700	780	11	9	80	0.1125000
NODE_2090_length_1570_cov_21.745071	753	833	8	12	80	0.1500000
NODE_2090_length_1570_cov_21.745071	753	833	9	15	80	0.1875000
NODE_2090_length_1570_cov_21.745071	753	833	10	39	80	0.4875000
NODE_2090_length_1570_cov_21.745071	753	833	11	14	80	0.1750000
NODE_2091_length_1570_cov_3.276003	387	467	1	2	80	0.0250000
NODE_2091_length_1570_cov_3.276003	387	467	2	78	80	0.9750000
NODE_2091_length_1570_cov_3.276003	440	520	0	4	80	0.0500000
NODE_2091_length_1570_cov_3.276003	440	520	1	51	80	0.6375000
NODE_2091_length_1570_cov_3.276003	440	520	2	25	80	0.3125000
NODE_2093_length_1569_cov_53.941497	741	821	8	4	80	0.0500000
NODE_2093_length_1569_cov_53.941497	741	821	9	2	80	0.0250000
NODE_2093_length_1569_cov_53.941497	741	821	11	35	80	0.4375000
NODE_2093_length_1569_cov_53.941497	741	821	12	20	80	0.2500000
NODE_2093_length_1569_cov_53.941497	741	821	13	12	80	0.1500000
NODE_2093_length_1569_cov_53.941497	741	821	14	7	80	0.0875000
NODE_2093_length_1569_cov_53.941497	794	874	9	7	80	0.0875000
NODE_2093_length_1569_cov_53.941497	794	874	10	30	80	0.3750000
NODE_2093_length_1569_cov_53.941497	794	874	11	26	80	0.3250000
NODE_2093_length_1569_cov_53.941497	794	874	12	14	80	0.1750000
NODE_2093_length_1569_cov_53.941497	794	874	13	3	80	0.0375000
NODE_2093_length_1569_cov_53.941497	870	950	9	14	80	0.1750000
NODE_2093_length_1569_cov_53.941497	870	950	10	1	80	0.0125000
NODE_2093_length_1569_cov_53.941497	870	950	11	23	80	0.2875000
NODE_2093_length_1569_cov_53.941497	870	950	12	24	80	0.3000000
NODE_2093_length_1569_cov_53.941497	870	950	13	13	80	0.1625000
NODE_2093_length_1569_cov_53.941497	870	950	14	2	80	0.0250000
NODE_2093_length_1569_cov_53.941497	870	950	16	3	80	0.0375000
NODE_2093_length_1569_cov_53.941497	923	1003	11	51	80	0.6375000
NODE_2093_length_1569_cov_53.941497	923	1003	12	29	80	0.3625000
NODE_2094_length_1569_cov_12.426531	640	720	0	80	80	1.0000000
NODE_2094_length_1569_cov_12.426531	693	773	0	29	80	0.3625000
NODE_2094_length_1569_cov_12.426531	693	773	2	51	80	0.6375000
NODE_2094_length_1569_cov_12.426531	769	849	0	8	80	0.1000000
NODE_2094_length_1569_cov_12.426531	769	849	2	72	80	0.9000000
NODE_2094_length_1569_cov_12.426531	822	902	0	61	80	0.7625000
NODE_2094_length_1569_cov_12.426531	822	902	2	19	80	0.2375000
NODE_2095_length_1569_cov_12.365986	450	530	1	2	80	0.0250000
NODE_2095_length_1569_cov_12.365986	450	530	2	17	80	0.2125000
NODE_2095_length_1569_cov_12.365986	450	530	3	22	80	0.2750000
NODE_2095_length_1569_cov_12.365986	450	530	4	2	80	0.0250000
NODE_2095_length_1569_cov_12.365986	450	530	5	37	80	0.4625000
NODE_2095_length_1569_cov_12.365986	450	530	1	2	80	0.0250000
NODE_2095_length_1569_cov_12.365986	450	530	2	17	80	0.2125000
NODE_2095_length_1569_cov_12.365986	450	530	3	22	80	0.2750000
NODE_2095_length_1569_cov_12.365986	450	530	4	2	80	0.0250000
NODE_2095_length_1569_cov_12.365986	450	530	5	37	80	0.4625000
NODE_2095_length_1569_cov_12.365986	503	564	0	25	61	0.4098361
NODE_2095_length_1569_cov_12.365986	503	564	1	11	61	0.1803279
NODE_2095_length_1569_cov_12.365986	503	564	2	17	61	0.2786885
NODE_2095_length_1569_cov_12.365986	503	564	3	8	61	0.1311475
NODE_2095_length_1569_cov_12.365986	503	556	0	17	53	0.3207547
NODE_2095_length_1569_cov_12.365986	503	556	1	11	53	0.2075472
NODE_2095_length_1569_cov_12.365986	503	556	2	17	53	0.3207547
NODE_2095_length_1569_cov_12.365986	503	556	3	8	53	0.1509434
NODE_2096_length_1569_cov_11.599320	798	878	3	80	80	1.0000000
NODE_2096_length_1569_cov_11.599320	851	931	1	7	80	0.0875000
NODE_2096_length_1569_cov_11.599320	851	931	2	23	80	0.2875000
NODE_2096_length_1569_cov_11.599320	851	931	3	50	80	0.6250000
NODE_2097_length_1569_cov_10.917687	521	601	5	36	80	0.4500000
NODE_2097_length_1569_cov_10.917687	521	601	6	15	80	0.1875000
NODE_2097_length_1569_cov_10.917687	521	601	7	29	80	0.3625000
NODE_2097_length_1569_cov_10.917687	574	654	3	10	80	0.1250000
NODE_2097_length_1569_cov_10.917687	574	654	4	24	80	0.3000000
NODE_2097_length_1569_cov_10.917687	574	654	5	7	80	0.0875000
NODE_2097_length_1569_cov_10.917687	574	654	6	18	80	0.2250000
NODE_2097_length_1569_cov_10.917687	574	654	7	21	80	0.2625000
NODE_2108_length_1563_cov_15.357240	590	670	0	80	80	1.0000000
NODE_2108_length_1563_cov_15.357240	643	723	0	80	80	1.0000000
NODE_2110_length_1561_cov_18.420657	354	434	2	76	80	0.9500000
NODE_2110_length_1561_cov_18.420657	354	434	4	3	80	0.0375000
NODE_2110_length_1561_cov_18.420657	354	434	5	1	80	0.0125000
NODE_2110_length_1561_cov_18.420657	407	487	2	23	80	0.2875000
NODE_2110_length_1561_cov_18.420657	407	487	4	3	80	0.0375000
NODE_2110_length_1561_cov_18.420657	407	487	5	6	80	0.0750000
NODE_2110_length_1561_cov_18.420657	407	487	7	23	80	0.2875000
NODE_2110_length_1561_cov_18.420657	407	487	8	5	80	0.0625000
NODE_2110_length_1561_cov_18.420657	407	487	9	20	80	0.2500000
NODE_2110_length_1561_cov_18.420657	483	563	7	18	80	0.2250000
NODE_2110_length_1561_cov_18.420657	483	563	8	59	80	0.7375000
NODE_2110_length_1561_cov_18.420657	483	563	9	3	80	0.0375000
NODE_2110_length_1561_cov_18.420657	536	616	2	5	80	0.0625000
NODE_2110_length_1561_cov_18.420657	536	616	3	28	80	0.3500000
NODE_2110_length_1561_cov_18.420657	536	616	4	3	80	0.0375000
NODE_2110_length_1561_cov_18.420657	536	616	6	15	80	0.1875000
NODE_2110_length_1561_cov_18.420657	536	616	8	29	80	0.3625000
NODE_2116_length_1559_cov_7.071233	347	427	0	70	80	0.8750000
NODE_2116_length_1559_cov_7.071233	347	427	2	10	80	0.1250000
NODE_2116_length_1559_cov_7.071233	400	478	0	17	78	0.2179487
NODE_2116_length_1559_cov_7.071233	400	478	2	61	78	0.7820513
NODE_2116_length_1559_cov_7.071233	1187	1238	0	51	51	1.0000000
NODE_2118_length_1558_cov_3.486635	338	418	0	38	80	0.4750000
NODE_2118_length_1558_cov_3.486635	338	418	1	42	80	0.5250000
NODE_2118_length_1558_cov_3.486635	391	471	0	80	80	1.0000000
NODE_2119_length_1557_cov_17.089163	542	622	12	12	80	0.1500000
NODE_2119_length_1557_cov_17.089163	542	622	13	11	80	0.1375000
NODE_2119_length_1557_cov_17.089163	542	622	14	19	80	0.2375000
NODE_2119_length_1557_cov_17.089163	542	622	15	7	80	0.0875000
NODE_2119_length_1557_cov_17.089163	542	622	16	13	80	0.1625000
NODE_2119_length_1557_cov_17.089163	542	622	17	17	80	0.2125000
NODE_2119_length_1557_cov_17.089163	542	622	18	1	80	0.0125000
NODE_2119_length_1557_cov_17.089163	595	675	10	14	80	0.1750000
NODE_2119_length_1557_cov_17.089163	595	675	11	8	80	0.1000000
NODE_2119_length_1557_cov_17.089163	595	675	12	20	80	0.2500000
NODE_2119_length_1557_cov_17.089163	595	675	13	12	80	0.1500000
NODE_2119_length_1557_cov_17.089163	595	675	14	16	80	0.2000000
NODE_2119_length_1557_cov_17.089163	595	675	17	10	80	0.1250000
NODE_2120_length_1557_cov_4.639918	0	56	0	56	56	1.0000000
NODE_2120_length_1557_cov_4.639918	49	112	0	63	63	1.0000000
NODE_2120_length_1557_cov_4.639918	85	161	0	76	76	1.0000000
NODE_2123_length_1556_cov_23.289636	456	536	4	80	80	1.0000000
NODE_2123_length_1556_cov_23.289636	509	589	0	8	80	0.1000000
NODE_2123_length_1556_cov_23.289636	509	589	2	1	80	0.0125000
NODE_2123_length_1556_cov_23.289636	509	589	3	19	80	0.2375000
NODE_2123_length_1556_cov_23.289636	509	589	4	52	80	0.6500000
NODE_2123_length_1556_cov_23.289636	681	761	4	4	80	0.0500000
NODE_2123_length_1556_cov_23.289636	681	761	6	11	80	0.1375000
NODE_2123_length_1556_cov_23.289636	681	761	8	58	80	0.7250000
NODE_2123_length_1556_cov_23.289636	681	761	9	7	80	0.0875000
NODE_2123_length_1556_cov_23.289636	734	814	6	8	80	0.1000000
NODE_2123_length_1556_cov_23.289636	734	814	7	15	80	0.1875000
NODE_2123_length_1556_cov_23.289636	734	814	8	20	80	0.2500000
NODE_2123_length_1556_cov_23.289636	734	814	9	37	80	0.4625000
NODE_2123_length_1556_cov_23.289636	1445	1525	10	80	80	1.0000000
NODE_2124_length_1556_cov_7.494166	300	380	2	4	80	0.0500000
NODE_2124_length_1556_cov_7.494166	300	380	4	76	80	0.9500000
NODE_2124_length_1556_cov_7.494166	353	433	2	23	80	0.2875000
NODE_2124_length_1556_cov_7.494166	353	433	3	4	80	0.0500000
NODE_2124_length_1556_cov_7.494166	353	433	4	53	80	0.6625000
NODE_2126_length_1555_cov_13.461538	666	746	0	45	80	0.5625000
NODE_2126_length_1555_cov_13.461538	666	746	1	1	80	0.0125000
NODE_2126_length_1555_cov_13.461538	666	746	2	34	80	0.4250000
NODE_2126_length_1555_cov_13.461538	719	799	2	46	80	0.5750000
NODE_2126_length_1555_cov_13.461538	719	799	3	34	80	0.4250000
NODE_2127_length_1554_cov_30.239175	144	226	2	54	82	0.6585366
NODE_2127_length_1554_cov_30.239175	144	226	3	11	82	0.1341463
NODE_2127_length_1554_cov_30.239175	144	226	4	5	82	0.0609756
NODE_2127_length_1554_cov_30.239175	144	226	5	7	82	0.0853659
NODE_2127_length_1554_cov_30.239175	144	226	7	4	82	0.0487805
NODE_2127_length_1554_cov_30.239175	144	226	8	1	82	0.0121951
NODE_2127_length_1554_cov_30.239175	199	279	2	7	80	0.0875000
NODE_2127_length_1554_cov_30.239175	199	279	3	3	80	0.0375000
NODE_2127_length_1554_cov_30.239175	199	279	4	5	80	0.0625000
NODE_2127_length_1554_cov_30.239175	199	279	5	7	80	0.0875000
NODE_2127_length_1554_cov_30.239175	199	279	7	7	80	0.0875000
NODE_2127_length_1554_cov_30.239175	199	279	8	6	80	0.0750000
NODE_2127_length_1554_cov_30.239175	199	279	9	3	80	0.0375000
NODE_2127_length_1554_cov_30.239175	199	279	11	1	80	0.0125000
NODE_2127_length_1554_cov_30.239175	199	279	13	4	80	0.0500000
NODE_2127_length_1554_cov_30.239175	199	279	14	2	80	0.0250000
NODE_2127_length_1554_cov_30.239175	199	279	16	1	80	0.0125000
NODE_2127_length_1554_cov_30.239175	199	279	17	9	80	0.1125000
NODE_2127_length_1554_cov_30.239175	199	279	18	3	80	0.0375000
NODE_2127_length_1554_cov_30.239175	199	279	20	5	80	0.0625000
NODE_2127_length_1554_cov_30.239175	199	279	21	3	80	0.0375000
NODE_2127_length_1554_cov_30.239175	199	279	23	2	80	0.0250000
NODE_2127_length_1554_cov_30.239175	199	279	24	12	80	0.1500000
NODE_2127_length_1554_cov_30.239175	877	903	3	13	26	0.5000000
NODE_2127_length_1554_cov_30.239175	877	903	5	13	26	0.5000000
NODE_2127_length_1554_cov_30.239175	930	1010	11	1	80	0.0125000
NODE_2127_length_1554_cov_30.239175	930	1010	13	2	80	0.0250000
NODE_2127_length_1554_cov_30.239175	930	1010	14	2	80	0.0250000
NODE_2127_length_1554_cov_30.239175	930	1010	15	5	80	0.0625000
NODE_2127_length_1554_cov_30.239175	930	1010	16	8	80	0.1000000
NODE_2127_length_1554_cov_30.239175	930	1010	17	7	80	0.0875000
NODE_2127_length_1554_cov_30.239175	930	1010	18	24	80	0.3000000
NODE_2127_length_1554_cov_30.239175	930	1010	19	20	80	0.2500000
NODE_2127_length_1554_cov_30.239175	930	1010	20	11	80	0.1375000
NODE_2127_length_1554_cov_30.239175	983	1063	15	18	80	0.2250000
NODE_2127_length_1554_cov_30.239175	983	1063	16	8	80	0.1000000
NODE_2127_length_1554_cov_30.239175	983	1063	17	13	80	0.1625000
NODE_2127_length_1554_cov_30.239175	983	1063	18	13	80	0.1625000
NODE_2127_length_1554_cov_30.239175	983	1063	19	8	80	0.1000000
NODE_2127_length_1554_cov_30.239175	983	1063	20	20	80	0.2500000
NODE_2128_length_1554_cov_5.381443	1494	1554	0	14	60	0.2333333
NODE_2128_length_1554_cov_5.381443	1494	1554	1	46	60	0.7666667
NODE_2132_length_1552_cov_11.367515	379	445	4	66	66	1.0000000
NODE_2132_length_1552_cov_11.367515	418	484	2	13	66	0.1969697
NODE_2132_length_1552_cov_11.367515	418	484	4	53	66	0.8030303
NODE_2138_length_1549_cov_15.480000	1288	1368	0	27	80	0.3375000
NODE_2138_length_1549_cov_15.480000	1288	1368	2	3	80	0.0375000
NODE_2138_length_1549_cov_15.480000	1288	1368	3	39	80	0.4875000
NODE_2138_length_1549_cov_15.480000	1288	1368	4	11	80	0.1375000
NODE_2138_length_1549_cov_15.480000	1341	1421	2	23	80	0.2875000
NODE_2138_length_1549_cov_15.480000	1341	1421	3	16	80	0.2000000
NODE_2138_length_1549_cov_15.480000	1341	1421	4	41	80	0.5125000
NODE_2142_length_1548_cov_12.789510	770	850	0	80	80	1.0000000
NODE_2142_length_1548_cov_12.789510	823	903	0	47	80	0.5875000
NODE_2142_length_1548_cov_12.789510	823	903	1	33	80	0.4125000
NODE_2149_length_1546_cov_24.069800	775	855	4	22	80	0.2750000
NODE_2149_length_1546_cov_24.069800	775	855	5	10	80	0.1250000
NODE_2149_length_1546_cov_24.069800	775	855	6	18	80	0.2250000
NODE_2149_length_1546_cov_24.069800	775	855	7	30	80	0.3750000
NODE_2149_length_1546_cov_24.069800	828	908	7	40	80	0.5000000
NODE_2149_length_1546_cov_24.069800	828	908	8	36	80	0.4500000
NODE_2149_length_1546_cov_24.069800	828	908	9	4	80	0.0500000
NODE_2150_length_1546_cov_10.911541	417	497	6	12	80	0.1500000
NODE_2150_length_1546_cov_10.911541	417	497	7	12	80	0.1500000
NODE_2150_length_1546_cov_10.911541	417	497	8	56	80	0.7000000
NODE_2150_length_1546_cov_10.911541	470	550	4	16	80	0.2000000
NODE_2150_length_1546_cov_10.911541	470	550	6	15	80	0.1875000
NODE_2150_length_1546_cov_10.911541	470	550	7	34	80	0.4250000
NODE_2150_length_1546_cov_10.911541	470	550	8	15	80	0.1875000
NODE_2150_length_1546_cov_10.911541	1065	1145	2	80	80	1.0000000
NODE_2150_length_1546_cov_10.911541	1118	1198	2	80	80	1.0000000
NODE_2155_length_1543_cov_10.400970	480	560	3	32	80	0.4000000
NODE_2155_length_1543_cov_10.400970	480	560	4	25	80	0.3125000
NODE_2155_length_1543_cov_10.400970	480	560	5	23	80	0.2875000
NODE_2155_length_1543_cov_10.400970	533	613	2	4	80	0.0500000
NODE_2155_length_1543_cov_10.400970	533	613	3	71	80	0.8875000
NODE_2155_length_1543_cov_10.400970	533	613	4	5	80	0.0625000
NODE_2156_length_1543_cov_4.532548	43	98	0	55	55	1.0000000
NODE_2162_length_1541_cov_7.316921	523	603	1	12	80	0.1500000
NODE_2162_length_1541_cov_7.316921	523	603	2	68	80	0.8500000
NODE_2162_length_1541_cov_7.316921	576	658	2	82	82	1.0000000
NODE_2165_length_1539_cov_19.067361	334	414	1	1	80	0.0125000
NODE_2165_length_1539_cov_19.067361	334	414	3	62	80	0.7750000
NODE_2165_length_1539_cov_19.067361	334	414	4	17	80	0.2125000
NODE_2165_length_1539_cov_19.067361	387	467	1	27	80	0.3375000
NODE_2165_length_1539_cov_19.067361	387	467	3	12	80	0.1500000
NODE_2165_length_1539_cov_19.067361	387	467	4	41	80	0.5125000
NODE_2165_length_1539_cov_19.067361	463	543	1	55	80	0.6875000
NODE_2165_length_1539_cov_19.067361	463	543	2	19	80	0.2375000
NODE_2165_length_1539_cov_19.067361	463	543	4	6	80	0.0750000
NODE_2165_length_1539_cov_19.067361	516	596	1	2	80	0.0250000
NODE_2165_length_1539_cov_19.067361	516	596	2	19	80	0.2375000
NODE_2165_length_1539_cov_19.067361	516	596	4	59	80	0.7375000
NODE_2171_length_1538_cov_68.273801	604	684	16	4	80	0.0500000
NODE_2171_length_1538_cov_68.273801	604	684	17	23	80	0.2875000
NODE_2171_length_1538_cov_68.273801	604	684	18	34	80	0.4250000
NODE_2171_length_1538_cov_68.273801	604	684	19	19	80	0.2375000
NODE_2171_length_1538_cov_68.273801	657	737	14	6	80	0.0750000
NODE_2171_length_1538_cov_68.273801	657	737	15	25	80	0.3125000
NODE_2171_length_1538_cov_68.273801	657	737	16	23	80	0.2875000
NODE_2171_length_1538_cov_68.273801	657	737	17	14	80	0.1750000
NODE_2171_length_1538_cov_68.273801	657	737	18	8	80	0.1000000
NODE_2171_length_1538_cov_68.273801	657	737	19	4	80	0.0500000
NODE_2172_length_1538_cov_2.402363	1456	1499	0	43	43	1.0000000
NODE_2173_length_1537_cov_39.413074	782	862	5	23	80	0.2875000
NODE_2173_length_1537_cov_39.413074	782	862	6	57	80	0.7125000
NODE_2173_length_1537_cov_39.413074	835	915	4	22	80	0.2750000
NODE_2173_length_1537_cov_39.413074	835	915	5	6	80	0.0750000
NODE_2173_length_1537_cov_39.413074	835	915	6	30	80	0.3750000
NODE_2173_length_1537_cov_39.413074	835	915	8	21	80	0.2625000
NODE_2173_length_1537_cov_39.413074	835	915	10	1	80	0.0125000
NODE_2173_length_1537_cov_39.413074	911	991	8	8	80	0.1000000
NODE_2173_length_1537_cov_39.413074	911	991	9	45	80	0.5625000
NODE_2173_length_1537_cov_39.413074	911	991	10	27	80	0.3375000
NODE_2173_length_1537_cov_39.413074	964	1044	5	31	80	0.3875000
NODE_2173_length_1537_cov_39.413074	964	1044	7	11	80	0.1375000
NODE_2173_length_1537_cov_39.413074	964	1044	8	8	80	0.1000000
NODE_2173_length_1537_cov_39.413074	964	1044	9	26	80	0.3250000
NODE_2173_length_1537_cov_39.413074	964	1044	10	4	80	0.0500000
NODE_2174_length_1537_cov_30.412378	739	819	7	21	80	0.2625000
NODE_2174_length_1537_cov_30.412378	739	819	8	14	80	0.1750000
NODE_2174_length_1537_cov_30.412378	739	819	9	45	80	0.5625000
NODE_2174_length_1537_cov_30.412378	792	872	6	18	80	0.2250000
NODE_2174_length_1537_cov_30.412378	792	872	7	20	80	0.2500000
NODE_2174_length_1537_cov_30.412378	792	872	8	27	80	0.3375000
NODE_2174_length_1537_cov_30.412378	792	872	9	15	80	0.1875000
NODE_2174_length_1537_cov_30.412378	868	948	4	27	80	0.3375000
NODE_2174_length_1537_cov_30.412378	868	948	5	1	80	0.0125000
NODE_2174_length_1537_cov_30.412378	868	948	6	47	80	0.5875000
NODE_2174_length_1537_cov_30.412378	868	948	7	5	80	0.0625000
NODE_2174_length_1537_cov_30.412378	921	1001	4	16	80	0.2000000
NODE_2174_length_1537_cov_30.412378	921	1001	5	26	80	0.3250000
NODE_2174_length_1537_cov_30.412378	921	1001	6	38	80	0.4750000
NODE_2175_length_1537_cov_18.707232	669	749	8	12	80	0.1500000
NODE_2175_length_1537_cov_18.707232	669	749	10	18	80	0.2250000
NODE_2175_length_1537_cov_18.707232	669	749	11	28	80	0.3500000
NODE_2175_length_1537_cov_18.707232	669	749	12	22	80	0.2750000
NODE_2175_length_1537_cov_18.707232	722	802	6	13	80	0.1625000
NODE_2175_length_1537_cov_18.707232	722	802	7	6	80	0.0750000
NODE_2175_length_1537_cov_18.707232	722	802	8	4	80	0.0500000
NODE_2175_length_1537_cov_18.707232	722	802	9	7	80	0.0875000
NODE_2175_length_1537_cov_18.707232	722	802	10	2	80	0.0250000
NODE_2175_length_1537_cov_18.707232	722	802	11	24	80	0.3000000
NODE_2175_length_1537_cov_18.707232	722	802	12	24	80	0.3000000
NODE_2176_length_1536_cov_24.991649	832	912	0	2	80	0.0250000
NODE_2176_length_1536_cov_24.991649	832	912	1	78	80	0.9750000
NODE_2176_length_1536_cov_24.991649	885	965	0	47	80	0.5875000
NODE_2176_length_1536_cov_24.991649	885	965	1	33	80	0.4125000
NODE_2176_length_1536_cov_24.991649	961	1041	1	77	80	0.9625000
NODE_2176_length_1536_cov_24.991649	961	1041	2	3	80	0.0375000
NODE_2176_length_1536_cov_24.991649	1014	1094	1	24	80	0.3000000
NODE_2176_length_1536_cov_24.991649	1014	1094	2	56	80	0.7000000
NODE_2183_length_1535_cov_46.662256	992	1072	3	18	80	0.2250000
NODE_2183_length_1535_cov_46.662256	992	1072	4	11	80	0.1375000
NODE_2183_length_1535_cov_46.662256	992	1072	5	51	80	0.6375000
NODE_2183_length_1535_cov_46.662256	1045	1125	3	31	80	0.3875000
NODE_2183_length_1535_cov_46.662256	1045	1125	4	33	80	0.4125000
NODE_2183_length_1535_cov_46.662256	1045	1125	5	16	80	0.2000000
NODE_2183_length_1535_cov_46.662256	1127	1203	2	22	76	0.2894737
NODE_2183_length_1535_cov_46.662256	1127	1203	3	35	76	0.4605263
NODE_2183_length_1535_cov_46.662256	1127	1203	4	19	76	0.2500000
NODE_2183_length_1535_cov_46.662256	1176	1256	3	80	80	1.0000000
NODE_2184_length_1535_cov_32.610724	992	1072	2	24	80	0.3000000
NODE_2184_length_1535_cov_32.610724	992	1072	3	56	80	0.7000000
NODE_2184_length_1535_cov_32.610724	1045	1125	2	12	80	0.1500000
NODE_2184_length_1535_cov_32.610724	1045	1125	3	44	80	0.5500000
NODE_2184_length_1535_cov_32.610724	1045	1125	4	5	80	0.0625000
NODE_2184_length_1535_cov_32.610724	1045	1125	6	10	80	0.1250000
NODE_2184_length_1535_cov_32.610724	1045	1125	7	9	80	0.1125000
NODE_2184_length_1535_cov_32.610724	1121	1201	7	45	80	0.5625000
NODE_2184_length_1535_cov_32.610724	1121	1201	8	10	80	0.1250000
NODE_2184_length_1535_cov_32.610724	1121	1201	9	4	80	0.0500000
NODE_2184_length_1535_cov_32.610724	1121	1201	10	14	80	0.1750000
NODE_2184_length_1535_cov_32.610724	1121	1201	11	7	80	0.0875000
NODE_2184_length_1535_cov_32.610724	1174	1254	8	6	80	0.0750000
NODE_2184_length_1535_cov_32.610724	1174	1254	9	41	80	0.5125000
NODE_2184_length_1535_cov_32.610724	1174	1254	10	14	80	0.1750000
NODE_2184_length_1535_cov_32.610724	1174	1254	11	11	80	0.1375000
NODE_2184_length_1535_cov_32.610724	1174	1254	13	8	80	0.1000000
NODE_2185_length_1535_cov_25.406685	619	699	6	5	80	0.0625000
NODE_2185_length_1535_cov_25.406685	619	699	7	5	80	0.0625000
NODE_2185_length_1535_cov_25.406685	619	699	8	20	80	0.2500000
NODE_2185_length_1535_cov_25.406685	619	699	9	2	80	0.0250000
NODE_2185_length_1535_cov_25.406685	619	699	10	6	80	0.0750000
NODE_2185_length_1535_cov_25.406685	619	699	12	18	80	0.2250000
NODE_2185_length_1535_cov_25.406685	619	699	13	24	80	0.3000000
NODE_2185_length_1535_cov_25.406685	672	752	11	4	80	0.0500000
NODE_2185_length_1535_cov_25.406685	672	752	12	18	80	0.2250000
NODE_2185_length_1535_cov_25.406685	672	752	13	55	80	0.6875000
NODE_2185_length_1535_cov_25.406685	672	752	14	3	80	0.0375000
NODE_2190_length_1534_cov_13.542857	439	519	3	5	80	0.0625000
NODE_2190_length_1534_cov_13.542857	439	519	4	18	80	0.2250000
NODE_2190_length_1534_cov_13.542857	439	519	5	3	80	0.0375000
NODE_2190_length_1534_cov_13.542857	439	519	6	7	80	0.0875000
NODE_2190_length_1534_cov_13.542857	439	519	8	11	80	0.1375000
NODE_2190_length_1534_cov_13.542857	439	519	9	20	80	0.2500000
NODE_2190_length_1534_cov_13.542857	439	519	10	2	80	0.0250000
NODE_2190_length_1534_cov_13.542857	439	519	11	14	80	0.1750000
NODE_2190_length_1534_cov_13.542857	492	567	9	25	75	0.3333333
NODE_2190_length_1534_cov_13.542857	492	567	10	4	75	0.0533333
NODE_2190_length_1534_cov_13.542857	492	567	11	22	75	0.2933333
NODE_2190_length_1534_cov_13.542857	492	567	12	24	75	0.3200000
NODE_2197_length_1531_cov_17.336592	324	404	1	16	80	0.2000000
NODE_2197_length_1531_cov_17.336592	324	404	2	64	80	0.8000000
NODE_2198_length_1531_cov_6.267458	606	686	4	46	80	0.5750000
NODE_2198_length_1531_cov_6.267458	606	686	6	34	80	0.4250000
NODE_2198_length_1531_cov_6.267458	659	739	2	5	80	0.0625000
NODE_2198_length_1531_cov_6.267458	659	739	4	61	80	0.7625000
NODE_2198_length_1531_cov_6.267458	659	739	6	14	80	0.1750000
NODE_2199_length_1530_cov_13.514326	323	403	0	72	80	0.9000000
NODE_2199_length_1530_cov_13.514326	323	403	1	8	80	0.1000000
NODE_2199_length_1530_cov_13.514326	376	456	0	80	80	1.0000000
NODE_2199_length_1530_cov_13.514326	1465	1513	0	48	48	1.0000000
NODE_2200_length_1530_cov_9.012579	637	717	6	35	80	0.4375000
NODE_2200_length_1530_cov_9.012579	637	717	7	1	80	0.0125000
NODE_2200_length_1530_cov_9.012579	637	717	8	44	80	0.5500000
NODE_2200_length_1530_cov_9.012579	690	770	0	6	80	0.0750000
NODE_2200_length_1530_cov_9.012579	690	770	2	28	80	0.3500000
NODE_2200_length_1530_cov_9.012579	690	770	5	14	80	0.1750000
NODE_2200_length_1530_cov_9.012579	690	770	8	32	80	0.4000000
NODE_2203_length_1529_cov_21.061538	983	1063	2	1	80	0.0125000
NODE_2203_length_1529_cov_21.061538	983	1063	3	3	80	0.0375000
NODE_2203_length_1529_cov_21.061538	983	1063	5	10	80	0.1250000
NODE_2203_length_1529_cov_21.061538	983	1063	7	25	80	0.3125000
NODE_2203_length_1529_cov_21.061538	983	1063	8	2	80	0.0250000
NODE_2203_length_1529_cov_21.061538	983	1063	10	36	80	0.4500000
NODE_2203_length_1529_cov_21.061538	983	1063	11	3	80	0.0375000
NODE_2203_length_1529_cov_21.061538	1036	1116	4	3	80	0.0375000
NODE_2203_length_1529_cov_21.061538	1036	1116	5	1	80	0.0125000
NODE_2203_length_1529_cov_21.061538	1036	1116	6	3	80	0.0375000
NODE_2203_length_1529_cov_21.061538	1036	1116	8	6	80	0.0750000
NODE_2203_length_1529_cov_21.061538	1036	1116	9	10	80	0.1250000
NODE_2203_length_1529_cov_21.061538	1036	1116	10	32	80	0.4000000
NODE_2203_length_1529_cov_21.061538	1036	1116	11	25	80	0.3125000
NODE_2205_length_1529_cov_1.380420	219	282	0	63	63	1.0000000
NODE_2205_length_1529_cov_1.380420	272	323	0	51	51	1.0000000
NODE_2206_length_1528_cov_8.578027	449	529	1	23	80	0.2875000
NODE_2206_length_1528_cov_8.578027	449	529	2	57	80	0.7125000
NODE_2206_length_1528_cov_8.578027	502	582	1	55	80	0.6875000
NODE_2206_length_1528_cov_8.578027	502	582	2	25	80	0.3125000
NODE_2210_length_1526_cov_92.265592	986	1066	5	26	80	0.3250000
NODE_2210_length_1526_cov_92.265592	986	1066	7	41	80	0.5125000
NODE_2210_length_1526_cov_92.265592	986	1066	8	13	80	0.1625000
NODE_2210_length_1526_cov_92.265592	1039	1119	5	18	80	0.2250000
NODE_2210_length_1526_cov_92.265592	1039	1119	6	23	80	0.2875000
NODE_2210_length_1526_cov_92.265592	1039	1119	7	14	80	0.1750000
NODE_2210_length_1526_cov_92.265592	1039	1119	8	25	80	0.3125000
NODE_2211_length_1526_cov_4.051857	291	370	0	52	79	0.6582279
NODE_2211_length_1526_cov_4.051857	291	370	2	27	79	0.3417721
NODE_2213_length_1525_cov_20.232118	1014	1090	55	1	76	0.0131579
NODE_2213_length_1525_cov_20.232118	1014	1090	56	1	76	0.0131579
NODE_2213_length_1525_cov_20.232118	1014	1090	57	1	76	0.0131579
NODE_2213_length_1525_cov_20.232118	1014	1090	58	3	76	0.0394737
NODE_2213_length_1525_cov_20.232118	1014	1090	61	2	76	0.0263158
NODE_2213_length_1525_cov_20.232118	1014	1090	65	6	76	0.0789474
NODE_2213_length_1525_cov_20.232118	1014	1090	69	2	76	0.0263158
NODE_2213_length_1525_cov_20.232118	1014	1090	70	1	76	0.0131579
NODE_2213_length_1525_cov_20.232118	1014	1090	72	2	76	0.0263158
NODE_2213_length_1525_cov_20.232118	1014	1090	73	1	76	0.0131579
NODE_2213_length_1525_cov_20.232118	1014	1090	74	2	76	0.0263158
NODE_2213_length_1525_cov_20.232118	1014	1090	76	4	76	0.0526316
NODE_2213_length_1525_cov_20.232118	1014	1090	79	3	76	0.0394737
NODE_2213_length_1525_cov_20.232118	1014	1090	81	1	76	0.0131579
NODE_2213_length_1525_cov_20.232118	1014	1090	82	1	76	0.0131579
NODE_2213_length_1525_cov_20.232118	1014	1090	83	8	76	0.1052632
NODE_2213_length_1525_cov_20.232118	1014	1090	84	4	76	0.0526316
NODE_2213_length_1525_cov_20.232118	1014	1090	86	1	76	0.0131579
NODE_2213_length_1525_cov_20.232118	1014	1090	87	4	76	0.0526316
NODE_2213_length_1525_cov_20.232118	1014	1090	88	1	76	0.0131579
NODE_2213_length_1525_cov_20.232118	1014	1090	89	6	76	0.0789474
NODE_2213_length_1525_cov_20.232118	1014	1090	90	3	76	0.0394737
NODE_2213_length_1525_cov_20.232118	1014	1090	91	1	76	0.0131579
NODE_2213_length_1525_cov_20.232118	1014	1090	92	4	76	0.0526316
NODE_2213_length_1525_cov_20.232118	1014	1090	93	3	76	0.0394737
NODE_2213_length_1525_cov_20.232118	1014	1090	94	10	76	0.1315790
NODE_2213_length_1525_cov_20.232118	1281	1338	0	57	57	1.0000000
NODE_2214_length_1525_cov_11.421459	804	884	1	15	80	0.1875000
NODE_2214_length_1525_cov_11.421459	804	884	2	24	80	0.3000000
NODE_2214_length_1525_cov_11.421459	804	884	3	25	80	0.3125000
NODE_2214_length_1525_cov_11.421459	804	884	4	11	80	0.1375000
NODE_2214_length_1525_cov_11.421459	804	884	5	5	80	0.0625000
NODE_2214_length_1525_cov_11.421459	857	937	3	11	80	0.1375000
NODE_2214_length_1525_cov_11.421459	857	937	4	20	80	0.2500000
NODE_2214_length_1525_cov_11.421459	857	937	5	49	80	0.6125000
NODE_2217_length_1524_cov_130.874386	171	243	63	2	72	0.0277778
NODE_2217_length_1524_cov_130.874386	171	243	64	2	72	0.0277778
NODE_2217_length_1524_cov_130.874386	171	243	66	4	72	0.0555556
NODE_2217_length_1524_cov_130.874386	171	243	70	1	72	0.0138889
NODE_2217_length_1524_cov_130.874386	171	243	71	3	72	0.0416667
NODE_2217_length_1524_cov_130.874386	171	243	72	1	72	0.0138889
NODE_2217_length_1524_cov_130.874386	171	243	73	1	72	0.0138889
NODE_2217_length_1524_cov_130.874386	171	243	75	1	72	0.0138889
NODE_2217_length_1524_cov_130.874386	171	243	77	6	72	0.0833333
NODE_2217_length_1524_cov_130.874386	171	243	82	3	72	0.0416667
NODE_2217_length_1524_cov_130.874386	171	243	83	5	72	0.0694444
NODE_2217_length_1524_cov_130.874386	171	243	84	4	72	0.0555556
NODE_2217_length_1524_cov_130.874386	171	243	85	16	72	0.2222222
NODE_2217_length_1524_cov_130.874386	171	243	86	10	72	0.1388889
NODE_2217_length_1524_cov_130.874386	171	243	87	9	72	0.1250000
NODE_2217_length_1524_cov_130.874386	171	243	88	3	72	0.0416667
NODE_2217_length_1524_cov_130.874386	171	243	89	1	72	0.0138889
NODE_2217_length_1524_cov_130.874386	191	247	77	1	56	0.0178571
NODE_2217_length_1524_cov_130.874386	191	247	82	3	56	0.0535714
NODE_2217_length_1524_cov_130.874386	191	247	83	8	56	0.1428571
NODE_2217_length_1524_cov_130.874386	191	247	84	4	56	0.0714286
NODE_2217_length_1524_cov_130.874386	191	247	85	16	56	0.2857143
NODE_2217_length_1524_cov_130.874386	191	247	86	11	56	0.1964286
NODE_2217_length_1524_cov_130.874386	191	247	87	9	56	0.1607143
NODE_2217_length_1524_cov_130.874386	191	247	88	3	56	0.0535714
NODE_2217_length_1524_cov_130.874386	191	247	89	1	56	0.0178571
NODE_2217_length_1524_cov_130.874386	219	296	49	1	77	0.0129870
NODE_2217_length_1524_cov_130.874386	219	296	52	2	77	0.0259740
NODE_2217_length_1524_cov_130.874386	219	296	53	1	77	0.0129870
NODE_2217_length_1524_cov_130.874386	219	296	54	1	77	0.0129870
NODE_2217_length_1524_cov_130.874386	219	296	55	4	77	0.0519481
NODE_2217_length_1524_cov_130.874386	219	296	56	2	77	0.0259740
NODE_2217_length_1524_cov_130.874386	219	296	58	1	77	0.0129870
NODE_2217_length_1524_cov_130.874386	219	296	60	1	77	0.0129870
NODE_2217_length_1524_cov_130.874386	219	296	61	4	77	0.0519481
NODE_2217_length_1524_cov_130.874386	219	296	63	1	77	0.0129870
NODE_2217_length_1524_cov_130.874386	219	296	66	1	77	0.0129870
NODE_2217_length_1524_cov_130.874386	219	296	69	2	77	0.0259740
NODE_2217_length_1524_cov_130.874386	219	296	71	2	77	0.0259740
NODE_2217_length_1524_cov_130.874386	219	296	72	7	77	0.0909091
NODE_2217_length_1524_cov_130.874386	219	296	73	1	77	0.0129870
NODE_2217_length_1524_cov_130.874386	219	296	78	2	77	0.0259740
NODE_2217_length_1524_cov_130.874386	219	296	79	2	77	0.0259740
NODE_2217_length_1524_cov_130.874386	219	296	80	1	77	0.0129870
NODE_2217_length_1524_cov_130.874386	219	296	81	8	77	0.1038961
NODE_2217_length_1524_cov_130.874386	219	296	82	2	77	0.0259740
NODE_2217_length_1524_cov_130.874386	219	296	83	6	77	0.0779221
NODE_2217_length_1524_cov_130.874386	219	296	84	1	77	0.0129870
NODE_2217_length_1524_cov_130.874386	219	296	85	8	77	0.1038961
NODE_2217_length_1524_cov_130.874386	219	296	86	11	77	0.1428571
NODE_2217_length_1524_cov_130.874386	219	296	87	5	77	0.0649351
NODE_2217_length_1524_cov_130.874386	253	333	29	2	80	0.0250000
NODE_2217_length_1524_cov_130.874386	253	333	30	1	80	0.0125000
NODE_2217_length_1524_cov_130.874386	253	333	31	1	80	0.0125000
NODE_2217_length_1524_cov_130.874386	253	333	33	3	80	0.0375000
NODE_2217_length_1524_cov_130.874386	253	333	34	1	80	0.0125000
NODE_2217_length_1524_cov_130.874386	253	333	38	2	80	0.0250000
NODE_2217_length_1524_cov_130.874386	253	333	39	6	80	0.0750000
NODE_2217_length_1524_cov_130.874386	253	333	40	3	80	0.0375000
NODE_2217_length_1524_cov_130.874386	253	333	41	6	80	0.0750000
NODE_2217_length_1524_cov_130.874386	253	333	43	3	80	0.0375000
NODE_2217_length_1524_cov_130.874386	253	333	45	3	80	0.0375000
NODE_2217_length_1524_cov_130.874386	253	333	47	5	80	0.0625000
NODE_2217_length_1524_cov_130.874386	253	333	48	1	80	0.0125000
NODE_2217_length_1524_cov_130.874386	253	333	49	1	80	0.0125000
NODE_2217_length_1524_cov_130.874386	253	333	52	2	80	0.0250000
NODE_2217_length_1524_cov_130.874386	253	333	53	1	80	0.0125000
NODE_2217_length_1524_cov_130.874386	253	333	54	1	80	0.0125000
NODE_2217_length_1524_cov_130.874386	253	333	55	4	80	0.0500000
NODE_2217_length_1524_cov_130.874386	253	333	56	2	80	0.0250000
NODE_2217_length_1524_cov_130.874386	253	333	58	1	80	0.0125000
NODE_2217_length_1524_cov_130.874386	253	333	60	1	80	0.0125000
NODE_2217_length_1524_cov_130.874386	253	333	61	4	80	0.0500000
NODE_2217_length_1524_cov_130.874386	253	333	63	1	80	0.0125000
NODE_2217_length_1524_cov_130.874386	253	333	66	1	80	0.0125000
NODE_2217_length_1524_cov_130.874386	253	333	69	2	80	0.0250000
NODE_2217_length_1524_cov_130.874386	253	333	71	2	80	0.0250000
NODE_2217_length_1524_cov_130.874386	253	333	72	7	80	0.0875000
NODE_2217_length_1524_cov_130.874386	253	333	73	1	80	0.0125000
NODE_2217_length_1524_cov_130.874386	253	333	78	2	80	0.0250000
NODE_2217_length_1524_cov_130.874386	253	333	79	2	80	0.0250000
NODE_2217_length_1524_cov_130.874386	253	333	80	1	80	0.0125000
NODE_2217_length_1524_cov_130.874386	253	333	81	7	80	0.0875000
NODE_2217_length_1524_cov_130.874386	306	386	4	4	80	0.0500000
NODE_2217_length_1524_cov_130.874386	306	386	5	4	80	0.0500000
NODE_2217_length_1524_cov_130.874386	306	386	6	4	80	0.0500000
NODE_2217_length_1524_cov_130.874386	306	386	7	2	80	0.0250000
NODE_2217_length_1524_cov_130.874386	306	386	8	6	80	0.0750000
NODE_2217_length_1524_cov_130.874386	306	386	10	5	80	0.0625000
NODE_2217_length_1524_cov_130.874386	306	386	13	5	80	0.0625000
NODE_2217_length_1524_cov_130.874386	306	386	14	2	80	0.0250000
NODE_2217_length_1524_cov_130.874386	306	386	15	1	80	0.0125000
NODE_2217_length_1524_cov_130.874386	306	386	16	1	80	0.0125000
NODE_2217_length_1524_cov_130.874386	306	386	17	4	80	0.0500000
NODE_2217_length_1524_cov_130.874386	306	386	18	2	80	0.0250000
NODE_2217_length_1524_cov_130.874386	306	386	20	1	80	0.0125000
NODE_2217_length_1524_cov_130.874386	306	386	21	1	80	0.0125000
NODE_2217_length_1524_cov_130.874386	306	386	22	1	80	0.0125000
NODE_2217_length_1524_cov_130.874386	306	386	23	1	80	0.0125000
NODE_2217_length_1524_cov_130.874386	306	386	24	6	80	0.0750000
NODE_2217_length_1524_cov_130.874386	306	386	26	1	80	0.0125000
NODE_2217_length_1524_cov_130.874386	306	386	27	1	80	0.0125000
NODE_2217_length_1524_cov_130.874386	306	386	28	1	80	0.0125000
NODE_2217_length_1524_cov_130.874386	306	386	29	2	80	0.0250000
NODE_2217_length_1524_cov_130.874386	306	386	30	1	80	0.0125000
NODE_2217_length_1524_cov_130.874386	306	386	31	1	80	0.0125000
NODE_2217_length_1524_cov_130.874386	306	386	33	3	80	0.0375000
NODE_2217_length_1524_cov_130.874386	306	386	34	1	80	0.0125000
NODE_2217_length_1524_cov_130.874386	306	386	38	2	80	0.0250000
NODE_2217_length_1524_cov_130.874386	306	386	39	6	80	0.0750000
NODE_2217_length_1524_cov_130.874386	306	386	40	3	80	0.0375000
NODE_2217_length_1524_cov_130.874386	306	386	41	6	80	0.0750000
NODE_2217_length_1524_cov_130.874386	306	386	43	2	80	0.0250000
NODE_2219_length_1523_cov_24.115169	366	446	6	7	80	0.0875000
NODE_2219_length_1523_cov_24.115169	366	446	7	6	80	0.0750000
NODE_2219_length_1523_cov_24.115169	366	446	8	7	80	0.0875000
NODE_2219_length_1523_cov_24.115169	366	446	9	60	80	0.7500000
NODE_2219_length_1523_cov_24.115169	419	499	5	10	80	0.1250000
NODE_2219_length_1523_cov_24.115169	419	499	6	7	80	0.0875000
NODE_2219_length_1523_cov_24.115169	419	499	7	24	80	0.3000000
NODE_2219_length_1523_cov_24.115169	419	499	8	12	80	0.1500000
NODE_2219_length_1523_cov_24.115169	419	499	9	27	80	0.3375000
NODE_2219_length_1523_cov_24.115169	495	575	2	44	80	0.5500000
NODE_2219_length_1523_cov_24.115169	495	575	3	2	80	0.0250000
NODE_2219_length_1523_cov_24.115169	495	575	4	6	80	0.0750000
NODE_2219_length_1523_cov_24.115169	495	575	5	28	80	0.3500000
NODE_2219_length_1523_cov_24.115169	548	628	0	20	80	0.2500000
NODE_2219_length_1523_cov_24.115169	548	628	2	60	80	0.7500000
NODE_2223_length_1522_cov_13.278988	361	441	3	14	80	0.1750000
NODE_2223_length_1522_cov_13.278988	361	441	5	66	80	0.8250000
NODE_2223_length_1522_cov_13.278988	414	494	2	18	80	0.2250000
NODE_2223_length_1522_cov_13.278988	414	494	3	31	80	0.3875000
NODE_2223_length_1522_cov_13.278988	414	494	5	31	80	0.3875000
NODE_2225_length_1521_cov_20.965541	772	852	3	10	80	0.1250000
NODE_2225_length_1521_cov_20.965541	772	852	4	4	80	0.0500000
NODE_2225_length_1521_cov_20.965541	772	852	5	22	80	0.2750000
NODE_2225_length_1521_cov_20.965541	772	852	6	44	80	0.5500000
NODE_2225_length_1521_cov_20.965541	825	905	4	26	80	0.3250000
NODE_2225_length_1521_cov_20.965541	825	905	5	45	80	0.5625000
NODE_2225_length_1521_cov_20.965541	825	905	6	9	80	0.1125000
NODE_2226_length_1521_cov_15.381153	907	987	1	61	80	0.7625000
NODE_2226_length_1521_cov_15.381153	907	987	2	19	80	0.2375000
NODE_2226_length_1521_cov_15.381153	960	1040	1	28	80	0.3500000
NODE_2226_length_1521_cov_15.381153	960	1040	3	9	80	0.1125000
NODE_2226_length_1521_cov_15.381153	960	1040	4	1	80	0.0125000
NODE_2226_length_1521_cov_15.381153	960	1040	5	42	80	0.5250000
NODE_2226_length_1521_cov_15.381153	988	1040	3	9	52	0.1730769
NODE_2226_length_1521_cov_15.381153	988	1040	4	1	52	0.0192308
NODE_2226_length_1521_cov_15.381153	988	1040	5	42	52	0.8076923
NODE_2227_length_1521_cov_7.682138	525	605	2	34	80	0.4250000
NODE_2227_length_1521_cov_7.682138	525	605	3	46	80	0.5750000
NODE_2227_length_1521_cov_7.682138	578	658	1	22	80	0.2750000
NODE_2227_length_1521_cov_7.682138	578	658	2	57	80	0.7125000
NODE_2227_length_1521_cov_7.682138	578	658	3	1	80	0.0125000
NODE_2236_length_1519_cov_20.792958	714	794	6	6	80	0.0750000
NODE_2236_length_1519_cov_20.792958	714	794	7	9	80	0.1125000
NODE_2236_length_1519_cov_20.792958	714	794	8	65	80	0.8125000
NODE_2236_length_1519_cov_20.792958	767	847	4	17	80	0.2125000
NODE_2236_length_1519_cov_20.792958	767	847	6	32	80	0.4000000
NODE_2236_length_1519_cov_20.792958	767	847	8	31	80	0.3875000
NODE_2239_length_1517_cov_24.074048	413	450	0	37	37	1.0000000
NODE_2239_length_1517_cov_24.074048	842	922	4	5	80	0.0625000
NODE_2239_length_1517_cov_24.074048	842	922	5	10	80	0.1250000
NODE_2239_length_1517_cov_24.074048	842	922	6	38	80	0.4750000
NODE_2239_length_1517_cov_24.074048	842	922	7	6	80	0.0750000
NODE_2239_length_1517_cov_24.074048	842	922	8	21	80	0.2625000
NODE_2239_length_1517_cov_24.074048	895	975	4	30	80	0.3750000
NODE_2239_length_1517_cov_24.074048	895	975	5	38	80	0.4750000
NODE_2239_length_1517_cov_24.074048	895	975	6	12	80	0.1500000
NODE_2240_length_1517_cov_22.897743	383	463	10	5	80	0.0625000
NODE_2240_length_1517_cov_22.897743	383	463	12	5	80	0.0625000
NODE_2240_length_1517_cov_22.897743	383	463	13	25	80	0.3125000
NODE_2240_length_1517_cov_22.897743	383	463	14	7	80	0.0875000
NODE_2240_length_1517_cov_22.897743	383	463	15	24	80	0.3000000
NODE_2240_length_1517_cov_22.897743	383	463	16	14	80	0.1750000
NODE_2240_length_1517_cov_22.897743	436	516	13	37	80	0.4625000
NODE_2240_length_1517_cov_22.897743	436	516	14	22	80	0.2750000
NODE_2240_length_1517_cov_22.897743	436	516	15	14	80	0.1750000
NODE_2240_length_1517_cov_22.897743	436	516	16	7	80	0.0875000
NODE_2241_length_1517_cov_11.781382	381	461	0	9	80	0.1125000
NODE_2241_length_1517_cov_11.781382	381	461	2	71	80	0.8875000
NODE_2241_length_1517_cov_11.781382	434	514	2	80	80	1.0000000
NODE_2243_length_1517_cov_4.944993	393	473	5	21	80	0.2625000
NODE_2243_length_1517_cov_4.944993	393	473	7	33	80	0.4125000
NODE_2243_length_1517_cov_4.944993	393	473	9	26	80	0.3250000
NODE_2243_length_1517_cov_4.944993	446	526	4	17	80	0.2125000
NODE_2243_length_1517_cov_4.944993	446	526	5	4	80	0.0500000
NODE_2243_length_1517_cov_4.944993	446	526	6	1	80	0.0125000
NODE_2243_length_1517_cov_4.944993	446	526	7	45	80	0.5625000
NODE_2243_length_1517_cov_4.944993	446	526	9	13	80	0.1625000
NODE_2247_length_1516_cov_11.177135	230	310	1	31	80	0.3875000
NODE_2247_length_1516_cov_11.177135	230	310	2	49	80	0.6125000
NODE_2247_length_1516_cov_11.177135	283	363	1	80	80	1.0000000
NODE_2248_length_1516_cov_8.608327	580	660	2	1	80	0.0125000
NODE_2248_length_1516_cov_8.608327	580	660	4	61	80	0.7625000
NODE_2248_length_1516_cov_8.608327	580	660	5	18	80	0.2250000
NODE_2248_length_1516_cov_8.608327	633	713	1	29	80	0.3625000
NODE_2248_length_1516_cov_8.608327	633	713	2	25	80	0.3125000
NODE_2248_length_1516_cov_8.608327	633	713	4	26	80	0.3250000
NODE_2250_length_1515_cov_16.990819	333	413	4	38	80	0.4750000
NODE_2250_length_1515_cov_16.990819	333	413	7	1	80	0.0125000
NODE_2250_length_1515_cov_16.990819	333	413	8	20	80	0.2500000
NODE_2250_length_1515_cov_16.990819	333	413	9	3	80	0.0375000
NODE_2250_length_1515_cov_16.990819	333	413	10	15	80	0.1875000
NODE_2250_length_1515_cov_16.990819	333	413	11	3	80	0.0375000
NODE_2250_length_1515_cov_16.990819	386	448	2	16	62	0.2580645
NODE_2250_length_1515_cov_16.990819	386	448	4	46	62	0.7419355
NODE_2258_length_1512_cov_5.111819	506	560	0	54	54	1.0000000
NODE_2258_length_1512_cov_5.111819	677	698	0	21	21	1.0000000
NODE_2258_length_1512_cov_5.111819	677	698	0	21	21	1.0000000
NODE_2258_length_1512_cov_5.111819	1057	1137	2	39	80	0.4875000
NODE_2258_length_1512_cov_5.111819	1057	1137	4	41	80	0.5125000
NODE_2258_length_1512_cov_5.111819	1110	1190	2	53	80	0.6625000
NODE_2258_length_1512_cov_5.111819	1110	1190	4	27	80	0.3375000
NODE_2258_length_1512_cov_5.111819	1144	1190	2	46	46	1.0000000
NODE_2259_length_1512_cov_4.251946	132	204	0	72	72	1.0000000
NODE_2262_length_1511_cov_30.963173	787	867	5	5	80	0.0625000
NODE_2262_length_1511_cov_30.963173	787	867	6	16	80	0.2000000
NODE_2262_length_1511_cov_30.963173	787	867	7	1	80	0.0125000
NODE_2262_length_1511_cov_30.963173	787	867	9	58	80	0.7250000
NODE_2262_length_1511_cov_30.963173	840	920	1	6	80	0.0750000
NODE_2262_length_1511_cov_30.963173	840	920	2	25	80	0.3125000
NODE_2262_length_1511_cov_30.963173	840	920	3	9	80	0.1125000
NODE_2262_length_1511_cov_30.963173	840	920	4	5	80	0.0625000
NODE_2262_length_1511_cov_30.963173	840	920	5	13	80	0.1625000
NODE_2262_length_1511_cov_30.963173	840	920	6	16	80	0.2000000
NODE_2262_length_1511_cov_30.963173	840	920	7	1	80	0.0125000
NODE_2262_length_1511_cov_30.963173	840	920	9	5	80	0.0625000
NODE_2262_length_1511_cov_30.963173	916	996	0	16	80	0.2000000
NODE_2262_length_1511_cov_30.963173	916	996	1	13	80	0.1625000
NODE_2262_length_1511_cov_30.963173	916	996	2	33	80	0.4125000
NODE_2262_length_1511_cov_30.963173	916	996	3	18	80	0.2250000
NODE_2262_length_1511_cov_30.963173	969	1059	2	9	90	0.1000000
NODE_2262_length_1511_cov_30.963173	969	1059	3	21	90	0.2333333
NODE_2262_length_1511_cov_30.963173	969	1059	4	41	90	0.4555556
NODE_2262_length_1511_cov_30.963173	969	1059	5	19	90	0.2111111
NODE_2265_length_1510_cov_24.184975	434	514	3	3	80	0.0375000
NODE_2265_length_1510_cov_24.184975	434	514	4	18	80	0.2250000
NODE_2265_length_1510_cov_24.184975	434	514	5	1	80	0.0125000
NODE_2265_length_1510_cov_24.184975	434	514	6	18	80	0.2250000
NODE_2265_length_1510_cov_24.184975	434	514	7	2	80	0.0250000
NODE_2265_length_1510_cov_24.184975	434	514	8	3	80	0.0375000
NODE_2265_length_1510_cov_24.184975	434	514	10	7	80	0.0875000
NODE_2265_length_1510_cov_24.184975	434	514	11	15	80	0.1875000
NODE_2265_length_1510_cov_24.184975	434	514	12	13	80	0.1625000
NODE_2265_length_1510_cov_24.184975	487	567	11	14	80	0.1750000
NODE_2265_length_1510_cov_24.184975	487	567	12	37	80	0.4625000
NODE_2265_length_1510_cov_24.184975	487	567	13	6	80	0.0750000
NODE_2265_length_1510_cov_24.184975	487	567	14	23	80	0.2875000
NODE_2265_length_1510_cov_24.184975	563	643	8	7	80	0.0875000
NODE_2265_length_1510_cov_24.184975	563	643	9	10	80	0.1250000
NODE_2265_length_1510_cov_24.184975	563	643	10	1	80	0.0125000
NODE_2265_length_1510_cov_24.184975	563	643	11	19	80	0.2375000
NODE_2265_length_1510_cov_24.184975	563	643	13	13	80	0.1625000
NODE_2265_length_1510_cov_24.184975	563	643	14	27	80	0.3375000
NODE_2265_length_1510_cov_24.184975	563	643	15	3	80	0.0375000
NODE_2265_length_1510_cov_24.184975	616	696	4	2	80	0.0250000
NODE_2265_length_1510_cov_24.184975	616	696	5	8	80	0.1000000
NODE_2265_length_1510_cov_24.184975	616	696	6	17	80	0.2125000
NODE_2265_length_1510_cov_24.184975	616	696	7	18	80	0.2250000
NODE_2265_length_1510_cov_24.184975	616	696	8	15	80	0.1875000
NODE_2265_length_1510_cov_24.184975	616	696	9	10	80	0.1250000
NODE_2265_length_1510_cov_24.184975	616	696	10	1	80	0.0125000
NODE_2265_length_1510_cov_24.184975	616	696	11	9	80	0.1125000
NODE_2269_length_1509_cov_51.836170	655	735	2	33	80	0.4125000
NODE_2269_length_1509_cov_51.836170	655	735	4	1	80	0.0125000
NODE_2269_length_1509_cov_51.836170	655	735	5	36	80	0.4500000
NODE_2269_length_1509_cov_51.836170	655	735	6	10	80	0.1250000
NODE_2269_length_1509_cov_51.836170	708	788	5	44	80	0.5500000
NODE_2269_length_1509_cov_51.836170	708	788	6	7	80	0.0875000
NODE_2269_length_1509_cov_51.836170	708	788	8	3	80	0.0375000
NODE_2269_length_1509_cov_51.836170	708	788	9	3	80	0.0375000
NODE_2269_length_1509_cov_51.836170	708	788	10	23	80	0.2875000
NODE_2269_length_1509_cov_51.836170	784	864	9	7	80	0.0875000
NODE_2269_length_1509_cov_51.836170	784	864	10	61	80	0.7625000
NODE_2269_length_1509_cov_51.836170	784	864	11	12	80	0.1500000
NODE_2269_length_1509_cov_51.836170	837	917	5	1	80	0.0125000
NODE_2269_length_1509_cov_51.836170	837	917	6	3	80	0.0375000
NODE_2269_length_1509_cov_51.836170	837	917	7	11	80	0.1375000
NODE_2269_length_1509_cov_51.836170	837	917	8	4	80	0.0500000
NODE_2269_length_1509_cov_51.836170	837	917	9	6	80	0.0750000
NODE_2269_length_1509_cov_51.836170	837	917	10	17	80	0.2125000
NODE_2269_length_1509_cov_51.836170	837	917	11	10	80	0.1250000
NODE_2269_length_1509_cov_51.836170	837	917	12	28	80	0.3500000
NODE_2270_length_1509_cov_16.010638	497	577	3	8	80	0.1000000
NODE_2270_length_1509_cov_16.010638	497	577	4	63	80	0.7875000
NODE_2270_length_1509_cov_16.010638	497	577	5	6	80	0.0750000
NODE_2270_length_1509_cov_16.010638	497	577	6	3	80	0.0375000
NODE_2270_length_1509_cov_16.010638	550	630	4	28	80	0.3500000
NODE_2270_length_1509_cov_16.010638	550	630	5	19	80	0.2375000
NODE_2270_length_1509_cov_16.010638	550	630	6	25	80	0.3125000
NODE_2270_length_1509_cov_16.010638	550	630	7	8	80	0.1000000
NODE_2270_length_1509_cov_16.010638	626	706	6	2	80	0.0250000
NODE_2270_length_1509_cov_16.010638	626	706	7	73	80	0.9125000
NODE_2270_length_1509_cov_16.010638	626	706	8	5	80	0.0625000
NODE_2270_length_1509_cov_16.010638	679	759	3	9	80	0.1125000
NODE_2270_length_1509_cov_16.010638	679	759	4	8	80	0.1000000
NODE_2270_length_1509_cov_16.010638	679	759	5	7	80	0.0875000
NODE_2270_length_1509_cov_16.010638	679	759	6	28	80	0.3500000
NODE_2270_length_1509_cov_16.010638	679	759	7	23	80	0.2875000
NODE_2270_length_1509_cov_16.010638	679	759	8	5	80	0.0625000
NODE_2271_length_1509_cov_8.883688	252	332	0	4	80	0.0500000
NODE_2271_length_1509_cov_8.883688	252	332	1	76	80	0.9500000
NODE_2271_length_1509_cov_8.883688	305	385	1	80	80	1.0000000
NODE_2271_length_1509_cov_8.883688	327	385	1	58	58	1.0000000
NODE_2271_length_1509_cov_8.883688	381	461	0	18	80	0.2250000
NODE_2271_length_1509_cov_8.883688	381	461	1	62	80	0.7750000
NODE_2271_length_1509_cov_8.883688	434	514	1	80	80	1.0000000
NODE_2272_length_1509_cov_5.826950	1029	1109	0	31	80	0.3875000
NODE_2272_length_1509_cov_5.826950	1029	1109	1	16	80	0.2000000
NODE_2272_length_1509_cov_5.826950	1029	1109	3	2	80	0.0250000
NODE_2272_length_1509_cov_5.826950	1029	1109	5	1	80	0.0125000
NODE_2272_length_1509_cov_5.826950	1029	1109	7	2	80	0.0250000
NODE_2272_length_1509_cov_5.826950	1029	1109	8	28	80	0.3500000
NODE_2272_length_1509_cov_5.826950	1082	1162	4	3	80	0.0375000
NODE_2272_length_1509_cov_5.826950	1082	1162	6	4	80	0.0500000
NODE_2272_length_1509_cov_5.826950	1082	1162	8	73	80	0.9125000
NODE_2277_length_1508_cov_24.176011	765	845	2	7	80	0.0875000
NODE_2277_length_1508_cov_24.176011	765	845	4	73	80	0.9125000
NODE_2277_length_1508_cov_24.176011	818	898	3	48	80	0.6000000
NODE_2277_length_1508_cov_24.176011	818	898	4	32	80	0.4000000
NODE_2290_length_1504_cov_17.449822	596	676	3	10	80	0.1250000
NODE_2290_length_1504_cov_17.449822	596	676	4	23	80	0.2875000
NODE_2290_length_1504_cov_17.449822	596	676	5	47	80	0.5875000
NODE_2290_length_1504_cov_17.449822	649	729	2	1	80	0.0125000
NODE_2290_length_1504_cov_17.449822	649	729	3	17	80	0.2125000
NODE_2290_length_1504_cov_17.449822	649	729	4	11	80	0.1375000
NODE_2290_length_1504_cov_17.449822	649	729	5	27	80	0.3375000
NODE_2290_length_1504_cov_17.449822	649	729	6	24	80	0.3000000
NODE_2293_length_1502_cov_42.989309	559	639	5	8	80	0.1000000
NODE_2293_length_1502_cov_42.989309	559	639	6	14	80	0.1750000
NODE_2293_length_1502_cov_42.989309	559	639	7	18	80	0.2250000
NODE_2293_length_1502_cov_42.989309	559	639	11	5	80	0.0625000
NODE_2293_length_1502_cov_42.989309	559	639	12	35	80	0.4375000
NODE_2293_length_1502_cov_42.989309	612	692	11	4	80	0.0500000
NODE_2293_length_1502_cov_42.989309	612	692	12	32	80	0.4000000
NODE_2293_length_1502_cov_42.989309	612	692	13	36	80	0.4500000
NODE_2293_length_1502_cov_42.989309	612	692	14	8	80	0.1000000
NODE_2294_length_1501_cov_22.828816	421	500	2	3	79	0.0379747
NODE_2294_length_1501_cov_22.828816	421	500	3	27	79	0.3417721
NODE_2294_length_1501_cov_22.828816	421	500	4	20	79	0.2531646
NODE_2294_length_1501_cov_22.828816	421	500	5	8	79	0.1012658
NODE_2294_length_1501_cov_22.828816	421	500	6	2	79	0.0253165
NODE_2294_length_1501_cov_22.828816	421	500	7	3	79	0.0379747
NODE_2294_length_1501_cov_22.828816	421	500	8	16	79	0.2025317
NODE_2294_length_1501_cov_22.828816	473	553	5	6	80	0.0750000
NODE_2294_length_1501_cov_22.828816	473	553	6	2	80	0.0250000
NODE_2294_length_1501_cov_22.828816	473	553	7	3	80	0.0375000
NODE_2294_length_1501_cov_22.828816	473	553	8	43	80	0.5375000
NODE_2294_length_1501_cov_22.828816	473	553	9	6	80	0.0750000
NODE_2294_length_1501_cov_22.828816	473	553	10	20	80	0.2500000
NODE_2294_length_1501_cov_22.828816	549	629	5	25	80	0.3125000
NODE_2294_length_1501_cov_22.828816	549	629	6	29	80	0.3625000
NODE_2294_length_1501_cov_22.828816	549	629	7	11	80	0.1375000
NODE_2294_length_1501_cov_22.828816	549	629	9	7	80	0.0875000
NODE_2294_length_1501_cov_22.828816	549	629	10	8	80	0.1000000
NODE_2294_length_1501_cov_22.828816	602	682	3	5	80	0.0625000
NODE_2294_length_1501_cov_22.828816	602	682	4	48	80	0.6000000
NODE_2294_length_1501_cov_22.828816	602	682	5	21	80	0.2625000
NODE_2294_length_1501_cov_22.828816	602	682	6	6	80	0.0750000
NODE_2295_length_1501_cov_14.422254	973	1053	1	55	80	0.6875000
NODE_2295_length_1501_cov_14.422254	973	1053	2	25	80	0.3125000
NODE_2295_length_1501_cov_14.422254	1026	1106	1	45	80	0.5625000
NODE_2295_length_1501_cov_14.422254	1026	1106	2	35	80	0.4375000
NODE_2296_length_1501_cov_14.060628	225	305	1	80	80	1.0000000
NODE_2296_length_1501_cov_14.060628	278	358	0	37	80	0.4625000
NODE_2296_length_1501_cov_14.060628	278	358	1	43	80	0.5375000
NODE_2296_length_1501_cov_14.060628	986	1066	2	68	80	0.8500000
NODE_2296_length_1501_cov_14.060628	986	1066	3	12	80	0.1500000
NODE_2296_length_1501_cov_14.060628	1039	1119	0	42	80	0.5250000
NODE_2296_length_1501_cov_14.060628	1039	1119	1	5	80	0.0625000
NODE_2296_length_1501_cov_14.060628	1039	1119	2	33	80	0.4125000
NODE_2300_length_1500_cov_40.056388	619	699	7	4	80	0.0500000
NODE_2300_length_1500_cov_40.056388	619	699	8	9	80	0.1125000
NODE_2300_length_1500_cov_40.056388	619	699	9	12	80	0.1500000
NODE_2300_length_1500_cov_40.056388	619	699	10	1	80	0.0125000
NODE_2300_length_1500_cov_40.056388	619	699	11	40	80	0.5000000
NODE_2300_length_1500_cov_40.056388	619	699	12	14	80	0.1750000
NODE_2300_length_1500_cov_40.056388	672	752	9	20	80	0.2500000
NODE_2300_length_1500_cov_40.056388	672	752	10	4	80	0.0500000
NODE_2300_length_1500_cov_40.056388	672	752	11	21	80	0.2625000
NODE_2300_length_1500_cov_40.056388	672	752	12	35	80	0.4375000
NODE_2305_length_1497_cov_38.344063	1401	1481	8	4	80	0.0500000
NODE_2305_length_1497_cov_38.344063	1401	1481	10	3	80	0.0375000
NODE_2305_length_1497_cov_38.344063	1401	1481	12	2	80	0.0250000
NODE_2305_length_1497_cov_38.344063	1401	1481	14	14	80	0.1750000
NODE_2305_length_1497_cov_38.344063	1401	1481	16	4	80	0.0500000
NODE_2305_length_1497_cov_38.344063	1401	1481	17	9	80	0.1125000
NODE_2305_length_1497_cov_38.344063	1401	1481	18	2	80	0.0250000
NODE_2305_length_1497_cov_38.344063	1401	1481	19	10	80	0.1250000
NODE_2305_length_1497_cov_38.344063	1401	1481	25	11	80	0.1375000
NODE_2305_length_1497_cov_38.344063	1401	1481	26	12	80	0.1500000
NODE_2305_length_1497_cov_38.344063	1401	1481	27	8	80	0.1000000
NODE_2305_length_1497_cov_38.344063	1401	1481	29	1	80	0.0125000
NODE_2308_length_1496_cov_3.936292	0	44	2	44	44	1.0000000
NODE_2308_length_1496_cov_3.936292	17	97	2	80	80	1.0000000
NODE_2311_length_1496_cov_1.103794	405	428	0	23	23	1.0000000
NODE_2313_length_1494_cov_65.437276	460	540	4	12	80	0.1500000
NODE_2313_length_1494_cov_65.437276	460	540	5	4	80	0.0500000
NODE_2313_length_1494_cov_65.437276	460	540	6	64	80	0.8000000
NODE_2313_length_1494_cov_65.437276	513	594	0	27	81	0.3333333
NODE_2313_length_1494_cov_65.437276	513	594	2	2	81	0.0246914
NODE_2313_length_1494_cov_65.437276	513	594	4	8	81	0.0987654
NODE_2313_length_1494_cov_65.437276	513	594	5	21	81	0.2592593
NODE_2313_length_1494_cov_65.437276	513	594	6	23	81	0.2839506
NODE_2313_length_1494_cov_65.437276	787	854	6	16	67	0.2388060
NODE_2313_length_1494_cov_65.437276	787	854	8	10	67	0.1492537
NODE_2313_length_1494_cov_65.437276	787	854	9	38	67	0.5671642
NODE_2313_length_1494_cov_65.437276	787	854	11	3	67	0.0447761
NODE_2313_length_1494_cov_65.437276	827	907	4	13	80	0.1625000
NODE_2313_length_1494_cov_65.437276	827	907	5	7	80	0.0875000
NODE_2313_length_1494_cov_65.437276	827	907	6	5	80	0.0625000
NODE_2313_length_1494_cov_65.437276	827	907	9	24	80	0.3000000
NODE_2313_length_1494_cov_65.437276	827	907	10	11	80	0.1375000
NODE_2313_length_1494_cov_65.437276	827	907	11	20	80	0.2500000
NODE_2316_length_1493_cov_100.467719	947	1028	47	6	81	0.0740741
NODE_2316_length_1493_cov_100.467719	947	1028	49	1	81	0.0123457
NODE_2316_length_1493_cov_100.467719	947	1028	50	4	81	0.0493827
NODE_2316_length_1493_cov_100.467719	947	1028	51	14	81	0.1728395
NODE_2316_length_1493_cov_100.467719	947	1028	52	6	81	0.0740741
NODE_2316_length_1493_cov_100.467719	947	1028	53	6	81	0.0740741
NODE_2316_length_1493_cov_100.467719	947	1028	54	12	81	0.1481481
NODE_2316_length_1493_cov_100.467719	947	1028	55	8	81	0.0987654
NODE_2316_length_1493_cov_100.467719	947	1028	56	11	81	0.1358025
NODE_2316_length_1493_cov_100.467719	947	1028	57	6	81	0.0740741
NODE_2316_length_1493_cov_100.467719	947	1028	58	3	81	0.0370370
NODE_2316_length_1493_cov_100.467719	947	1028	59	2	81	0.0246914
NODE_2316_length_1493_cov_100.467719	947	1028	60	2	81	0.0246914
NODE_2316_length_1493_cov_100.467719	1001	1071	53	1	70	0.0142857
NODE_2316_length_1493_cov_100.467719	1001	1071	54	3	70	0.0428571
NODE_2316_length_1493_cov_100.467719	1001	1071	55	2	70	0.0285714
NODE_2316_length_1493_cov_100.467719	1001	1071	56	10	70	0.1428571
NODE_2316_length_1493_cov_100.467719	1001	1071	57	6	70	0.0857143
NODE_2316_length_1493_cov_100.467719	1001	1071	58	1	70	0.0142857
NODE_2316_length_1493_cov_100.467719	1001	1071	59	6	70	0.0857143
NODE_2316_length_1493_cov_100.467719	1001	1071	60	5	70	0.0714286
NODE_2316_length_1493_cov_100.467719	1001	1071	61	3	70	0.0428571
NODE_2316_length_1493_cov_100.467719	1001	1071	62	6	70	0.0857143
NODE_2316_length_1493_cov_100.467719	1001	1071	63	3	70	0.0428571
NODE_2316_length_1493_cov_100.467719	1001	1071	64	3	70	0.0428571
NODE_2316_length_1493_cov_100.467719	1001	1071	65	2	70	0.0285714
NODE_2316_length_1493_cov_100.467719	1001	1071	66	2	70	0.0285714
NODE_2316_length_1493_cov_100.467719	1001	1071	69	5	70	0.0714286
NODE_2316_length_1493_cov_100.467719	1001	1071	70	5	70	0.0714286
NODE_2316_length_1493_cov_100.467719	1001	1071	71	5	70	0.0714286
NODE_2316_length_1493_cov_100.467719	1001	1071	72	2	70	0.0285714
NODE_2316_length_1493_cov_100.467719	1077	1157	70	4	80	0.0500000
NODE_2316_length_1493_cov_100.467719	1077	1157	71	2	80	0.0250000
NODE_2316_length_1493_cov_100.467719	1077	1157	72	3	80	0.0375000
NODE_2316_length_1493_cov_100.467719	1077	1157	74	1	80	0.0125000
NODE_2316_length_1493_cov_100.467719	1077	1157	75	2	80	0.0250000
NODE_2316_length_1493_cov_100.467719	1077	1157	77	1	80	0.0125000
NODE_2316_length_1493_cov_100.467719	1077	1157	78	2	80	0.0250000
NODE_2316_length_1493_cov_100.467719	1077	1157	79	6	80	0.0750000
NODE_2316_length_1493_cov_100.467719	1077	1157	80	2	80	0.0250000
NODE_2316_length_1493_cov_100.467719	1077	1157	83	4	80	0.0500000
NODE_2316_length_1493_cov_100.467719	1077	1157	84	4	80	0.0500000
NODE_2316_length_1493_cov_100.467719	1077	1157	85	3	80	0.0375000
NODE_2316_length_1493_cov_100.467719	1077	1157	88	5	80	0.0625000
NODE_2316_length_1493_cov_100.467719	1077	1157	91	3	80	0.0375000
NODE_2316_length_1493_cov_100.467719	1077	1157	93	8	80	0.1000000
NODE_2316_length_1493_cov_100.467719	1077	1157	94	5	80	0.0625000
NODE_2316_length_1493_cov_100.467719	1077	1157	95	2	80	0.0250000
NODE_2316_length_1493_cov_100.467719	1077	1157	96	3	80	0.0375000
NODE_2316_length_1493_cov_100.467719	1077	1157	97	1	80	0.0125000
NODE_2316_length_1493_cov_100.467719	1077	1157	98	7	80	0.0875000
NODE_2316_length_1493_cov_100.467719	1077	1157	99	5	80	0.0625000
NODE_2316_length_1493_cov_100.467719	1077	1157	100	3	80	0.0375000
NODE_2316_length_1493_cov_100.467719	1077	1157	101	2	80	0.0250000
NODE_2316_length_1493_cov_100.467719	1077	1157	102	1	80	0.0125000
NODE_2316_length_1493_cov_100.467719	1077	1157	103	1	80	0.0125000
NODE_2316_length_1493_cov_100.467719	1130	1210	87	1	80	0.0125000
NODE_2316_length_1493_cov_100.467719	1130	1210	88	3	80	0.0375000
NODE_2316_length_1493_cov_100.467719	1130	1210	89	4	80	0.0500000
NODE_2316_length_1493_cov_100.467719	1130	1210	90	2	80	0.0250000
NODE_2316_length_1493_cov_100.467719	1130	1210	91	5	80	0.0625000
NODE_2316_length_1493_cov_100.467719	1130	1210	92	4	80	0.0500000
NODE_2316_length_1493_cov_100.467719	1130	1210	93	10	80	0.1250000
NODE_2316_length_1493_cov_100.467719	1130	1210	94	1	80	0.0125000
NODE_2316_length_1493_cov_100.467719	1130	1210	95	8	80	0.1000000
NODE_2316_length_1493_cov_100.467719	1130	1210	96	4	80	0.0500000
NODE_2316_length_1493_cov_100.467719	1130	1210	97	2	80	0.0250000
NODE_2316_length_1493_cov_100.467719	1130	1210	98	7	80	0.0875000
NODE_2316_length_1493_cov_100.467719	1130	1210	99	6	80	0.0750000
NODE_2316_length_1493_cov_100.467719	1130	1210	100	4	80	0.0500000
NODE_2316_length_1493_cov_100.467719	1130	1210	101	2	80	0.0250000
NODE_2316_length_1493_cov_100.467719	1130	1210	102	5	80	0.0625000
NODE_2316_length_1493_cov_100.467719	1130	1210	103	1	80	0.0125000
NODE_2316_length_1493_cov_100.467719	1130	1210	104	3	80	0.0375000
NODE_2316_length_1493_cov_100.467719	1130	1210	106	4	80	0.0500000
NODE_2316_length_1493_cov_100.467719	1130	1210	107	2	80	0.0250000
NODE_2316_length_1493_cov_100.467719	1130	1210	109	2	80	0.0250000
NODE_2321_length_1493_cov_1.138451	1341	1420	2	79	79	1.0000000
NODE_2321_length_1493_cov_1.138451	1341	1420	2	79	79	1.0000000
NODE_2321_length_1493_cov_1.138451	1393	1459	0	17	66	0.2575758
NODE_2321_length_1493_cov_1.138451	1393	1459	2	49	66	0.7424242
NODE_2332_length_1490_cov_5.726096	233	295	0	62	62	1.0000000
NODE_2332_length_1490_cov_5.726096	1065	1149	0	84	84	1.0000000
NODE_2333_length_1490_cov_4.687275	318	399	1	36	81	0.4444444
NODE_2333_length_1490_cov_4.687275	318	399	2	14	81	0.1728395
NODE_2333_length_1490_cov_4.687275	318	399	3	13	81	0.1604938
NODE_2333_length_1490_cov_4.687275	318	399	4	18	81	0.2222222
NODE_2333_length_1490_cov_4.687275	372	452	3	24	80	0.3000000
NODE_2333_length_1490_cov_4.687275	372	452	4	56	80	0.7000000
NODE_2338_length_1488_cov_3.734341	1141	1221	1	61	80	0.7625000
NODE_2338_length_1488_cov_3.734341	1141	1221	2	19	80	0.2375000
NODE_2340_length_1487_cov_19.332133	673	753	0	55	80	0.6875000
NODE_2340_length_1487_cov_19.332133	673	753	1	25	80	0.3125000
NODE_2340_length_1487_cov_19.332133	726	806	0	2	80	0.0250000
NODE_2340_length_1487_cov_19.332133	726	806	1	78	80	0.9750000
NODE_2348_length_1484_cov_38.342960	706	786	0	19	80	0.2375000
NODE_2348_length_1484_cov_38.342960	706	786	1	18	80	0.2250000
NODE_2348_length_1484_cov_38.342960	706	786	3	43	80	0.5375000
NODE_2348_length_1484_cov_38.342960	759	839	3	80	80	1.0000000
NODE_2349_length_1484_cov_21.260650	348	428	2	2	80	0.0250000
NODE_2349_length_1484_cov_21.260650	348	428	3	51	80	0.6375000
NODE_2349_length_1484_cov_21.260650	348	428	4	27	80	0.3375000
NODE_2349_length_1484_cov_21.260650	401	481	2	10	80	0.1250000
NODE_2349_length_1484_cov_21.260650	401	481	3	59	80	0.7375000
NODE_2349_length_1484_cov_21.260650	401	481	4	11	80	0.1375000
NODE_2349_length_1484_cov_21.260650	978	1058	6	22	80	0.2750000
NODE_2349_length_1484_cov_21.260650	978	1058	7	58	80	0.7250000
NODE_2349_length_1484_cov_21.260650	1031	1111	2	8	80	0.1000000
NODE_2349_length_1484_cov_21.260650	1031	1111	3	1	80	0.0125000
NODE_2349_length_1484_cov_21.260650	1031	1111	4	19	80	0.2375000
NODE_2349_length_1484_cov_21.260650	1031	1111	5	11	80	0.1375000
NODE_2349_length_1484_cov_21.260650	1031	1111	6	21	80	0.2625000
NODE_2349_length_1484_cov_21.260650	1031	1111	7	20	80	0.2500000
NODE_2350_length_1484_cov_19.243321	952	1032	1	22	80	0.2750000
NODE_2350_length_1484_cov_19.243321	952	1032	3	9	80	0.1125000
NODE_2350_length_1484_cov_19.243321	952	1032	5	49	80	0.6125000
NODE_2350_length_1484_cov_19.243321	1005	1085	5	80	80	1.0000000
NODE_2351_length_1484_cov_9.085199	314	394	3	26	80	0.3250000
NODE_2351_length_1484_cov_9.085199	314	394	5	54	80	0.6750000
NODE_2351_length_1484_cov_9.085199	367	447	0	2	80	0.0250000
NODE_2351_length_1484_cov_9.085199	367	447	1	40	80	0.5000000
NODE_2351_length_1484_cov_9.085199	367	447	3	37	80	0.4625000
NODE_2351_length_1484_cov_9.085199	367	447	5	1	80	0.0125000
NODE_2353_length_1483_cov_21.207370	555	635	10	32	80	0.4000000
NODE_2353_length_1483_cov_21.207370	555	635	11	5	80	0.0625000
NODE_2353_length_1483_cov_21.207370	555	635	12	32	80	0.4000000
NODE_2353_length_1483_cov_21.207370	555	635	13	5	80	0.0625000
NODE_2353_length_1483_cov_21.207370	555	635	14	6	80	0.0750000
NODE_2353_length_1483_cov_21.207370	608	688	8	22	80	0.2750000
NODE_2353_length_1483_cov_21.207370	608	688	9	14	80	0.1750000
NODE_2353_length_1483_cov_21.207370	608	688	10	25	80	0.3125000
NODE_2353_length_1483_cov_21.207370	608	688	11	16	80	0.2000000
NODE_2353_length_1483_cov_21.207370	608	688	12	3	80	0.0375000
NODE_2359_length_1482_cov_20.177874	430	510	2	60	80	0.7500000
NODE_2359_length_1482_cov_20.177874	430	510	3	20	80	0.2500000
NODE_2359_length_1482_cov_20.177874	483	563	1	44	80	0.5500000
NODE_2359_length_1482_cov_20.177874	483	563	2	36	80	0.4500000
NODE_2359_length_1482_cov_20.177874	559	639	0	4	80	0.0500000
NODE_2359_length_1482_cov_20.177874	559	639	1	5	80	0.0625000
NODE_2359_length_1482_cov_20.177874	559	639	2	71	80	0.8875000
NODE_2359_length_1482_cov_20.177874	612	692	0	11	80	0.1375000
NODE_2359_length_1482_cov_20.177874	612	692	2	69	80	0.8625000
NODE_2360_length_1482_cov_13.644252	1000	1080	11	1	80	0.0125000
NODE_2360_length_1482_cov_13.644252	1000	1080	12	4	80	0.0500000
NODE_2360_length_1482_cov_13.644252	1000	1080	13	16	80	0.2000000
NODE_2360_length_1482_cov_13.644252	1000	1080	14	29	80	0.3625000
NODE_2360_length_1482_cov_13.644252	1000	1080	15	21	80	0.2625000
NODE_2360_length_1482_cov_13.644252	1000	1080	16	9	80	0.1125000
NODE_2360_length_1482_cov_13.644252	1053	1133	10	13	80	0.1625000
NODE_2360_length_1482_cov_13.644252	1053	1133	11	14	80	0.1750000
NODE_2360_length_1482_cov_13.644252	1053	1133	12	5	80	0.0625000
NODE_2360_length_1482_cov_13.644252	1053	1133	14	26	80	0.3250000
NODE_2360_length_1482_cov_13.644252	1053	1133	15	15	80	0.1875000
NODE_2360_length_1482_cov_13.644252	1053	1133	16	7	80	0.0875000
NODE_2361_length_1482_cov_6.157628	525	605	1	3	80	0.0375000
NODE_2361_length_1482_cov_6.157628	525	605	2	17	80	0.2125000
NODE_2361_length_1482_cov_6.157628	525	605	3	32	80	0.4000000
NODE_2361_length_1482_cov_6.157628	525	605	4	11	80	0.1375000
NODE_2361_length_1482_cov_6.157628	525	605	5	17	80	0.2125000
NODE_2361_length_1482_cov_6.157628	578	658	4	52	80	0.6500000
NODE_2361_length_1482_cov_6.157628	578	658	5	28	80	0.3500000
NODE_2361_length_1482_cov_6.157628	1306	1388	1	27	82	0.3292683
NODE_2361_length_1482_cov_6.157628	1306	1388	2	6	82	0.0731707
NODE_2361_length_1482_cov_6.157628	1306	1388	6	5	82	0.0609756
NODE_2361_length_1482_cov_6.157628	1306	1388	7	44	82	0.5365854
NODE_2364_length_1481_cov_19.238784	480	560	2	80	80	1.0000000
NODE_2364_length_1481_cov_19.238784	533	613	0	46	80	0.5750000
NODE_2364_length_1481_cov_19.238784	533	613	2	34	80	0.4250000
NODE_2365_length_1481_cov_18.139653	706	786	2	31	80	0.3875000
NODE_2365_length_1481_cov_18.139653	706	786	3	28	80	0.3500000
NODE_2365_length_1481_cov_18.139653	706	786	5	6	80	0.0750000
NODE_2365_length_1481_cov_18.139653	706	786	6	9	80	0.1125000
NODE_2365_length_1481_cov_18.139653	706	786	7	6	80	0.0750000
NODE_2365_length_1481_cov_18.139653	759	839	3	6	80	0.0750000
NODE_2365_length_1481_cov_18.139653	759	839	5	27	80	0.3375000
NODE_2365_length_1481_cov_18.139653	759	839	6	36	80	0.4500000
NODE_2365_length_1481_cov_18.139653	759	839	7	11	80	0.1375000
NODE_2367_length_1480_cov_27.552498	762	842	3	5	80	0.0625000
NODE_2367_length_1480_cov_27.552498	762	842	4	54	80	0.6750000
NODE_2367_length_1480_cov_27.552498	762	842	5	21	80	0.2625000
NODE_2367_length_1480_cov_27.552498	815	895	2	10	80	0.1250000
NODE_2367_length_1480_cov_27.552498	815	895	4	32	80	0.4000000
NODE_2367_length_1480_cov_27.552498	815	895	5	38	80	0.4750000
NODE_2367_length_1480_cov_27.552498	891	971	1	54	80	0.6750000
NODE_2367_length_1480_cov_27.552498	891	971	2	26	80	0.3250000
NODE_2367_length_1480_cov_27.552498	944	1024	0	53	80	0.6625000
NODE_2367_length_1480_cov_27.552498	944	1024	1	27	80	0.3375000
NODE_2367_length_1480_cov_27.552498	1171	1222	3	2	51	0.0392157
NODE_2367_length_1480_cov_27.552498	1171	1222	5	2	51	0.0392157
NODE_2367_length_1480_cov_27.552498	1171	1222	9	6	51	0.1176471
NODE_2367_length_1480_cov_27.552498	1171	1222	10	5	51	0.0980392
NODE_2367_length_1480_cov_27.552498	1171	1222	12	1	51	0.0196078
NODE_2367_length_1480_cov_27.552498	1171	1222	16	6	51	0.1176471
NODE_2367_length_1480_cov_27.552498	1171	1222	18	2	51	0.0392157
NODE_2367_length_1480_cov_27.552498	1171	1222	20	2	51	0.0392157
NODE_2367_length_1480_cov_27.552498	1171	1222	21	1	51	0.0196078
NODE_2367_length_1480_cov_27.552498	1171	1222	22	1	51	0.0196078
NODE_2367_length_1480_cov_27.552498	1171	1222	24	4	51	0.0784314
NODE_2367_length_1480_cov_27.552498	1171	1222	27	7	51	0.1372549
NODE_2367_length_1480_cov_27.552498	1171	1222	29	1	51	0.0196078
NODE_2367_length_1480_cov_27.552498	1171	1222	31	9	51	0.1764706
NODE_2367_length_1480_cov_27.552498	1171	1222	32	2	51	0.0392157
NODE_2369_length_1480_cov_12.535844	466	546	3	46	80	0.5750000
NODE_2369_length_1480_cov_12.535844	466	546	4	34	80	0.4250000
NODE_2369_length_1480_cov_12.535844	519	599	1	2	80	0.0250000
NODE_2369_length_1480_cov_12.535844	519	599	2	2	80	0.0250000
NODE_2369_length_1480_cov_12.535844	519	599	3	60	80	0.7500000
NODE_2369_length_1480_cov_12.535844	519	599	4	16	80	0.2000000
NODE_2373_length_1479_cov_17.035507	708	788	3	31	80	0.3875000
NODE_2373_length_1479_cov_17.035507	708	788	5	31	80	0.3875000
NODE_2373_length_1479_cov_17.035507	708	788	6	18	80	0.2250000
NODE_2373_length_1479_cov_17.035507	761	841	5	9	80	0.1125000
NODE_2373_length_1479_cov_17.035507	761	841	6	25	80	0.3125000
NODE_2373_length_1479_cov_17.035507	761	841	7	5	80	0.0625000
NODE_2373_length_1479_cov_17.035507	761	841	8	20	80	0.2500000
NODE_2373_length_1479_cov_17.035507	761	841	9	21	80	0.2625000
NODE_2373_length_1479_cov_17.035507	837	917	5	31	80	0.3875000
NODE_2373_length_1479_cov_17.035507	837	917	7	34	80	0.4250000
NODE_2373_length_1479_cov_17.035507	837	917	8	6	80	0.0750000
NODE_2373_length_1479_cov_17.035507	837	917	9	9	80	0.1125000
NODE_2373_length_1479_cov_17.035507	890	970	0	7	80	0.0875000
NODE_2373_length_1479_cov_17.035507	890	970	2	42	80	0.5250000
NODE_2373_length_1479_cov_17.035507	890	970	4	1	80	0.0125000
NODE_2373_length_1479_cov_17.035507	890	970	5	30	80	0.3750000
NODE_2374_length_1479_cov_16.448551	908	988	0	3	80	0.0375000
NODE_2374_length_1479_cov_16.448551	908	988	1	1	80	0.0125000
NODE_2374_length_1479_cov_16.448551	908	988	5	76	80	0.9500000
NODE_2374_length_1479_cov_16.448551	961	1041	1	19	80	0.2375000
NODE_2374_length_1479_cov_16.448551	961	1041	4	1	80	0.0125000
NODE_2374_length_1479_cov_16.448551	961	1041	5	60	80	0.7500000
NODE_2375_length_1479_cov_5.285507	123	185	1	5	62	0.0806452
NODE_2375_length_1479_cov_5.285507	123	185	2	18	62	0.2903226
NODE_2375_length_1479_cov_5.285507	123	185	3	1	62	0.0161290
NODE_2375_length_1479_cov_5.285507	123	185	5	5	62	0.0806452
NODE_2375_length_1479_cov_5.285507	123	185	6	5	62	0.0806452
NODE_2375_length_1479_cov_5.285507	123	185	8	10	62	0.1612903
NODE_2375_length_1479_cov_5.285507	123	185	12	18	62	0.2903226
NODE_2376_length_1479_cov_2.018841	881	967	0	13	86	0.1511628
NODE_2376_length_1479_cov_2.018841	881	967	1	66	86	0.7674419
NODE_2376_length_1479_cov_2.018841	881	967	2	7	86	0.0813954
NODE_2377_length_1478_cov_32.050761	411	491	2	33	80	0.4125000
NODE_2377_length_1478_cov_32.050761	411	491	3	47	80	0.5875000
NODE_2377_length_1478_cov_32.050761	464	544	2	8	80	0.1000000
NODE_2377_length_1478_cov_32.050761	464	544	3	21	80	0.2625000
NODE_2377_length_1478_cov_32.050761	464	544	4	18	80	0.2250000
NODE_2377_length_1478_cov_32.050761	464	544	5	20	80	0.2500000
NODE_2377_length_1478_cov_32.050761	464	544	7	13	80	0.1625000
NODE_2377_length_1478_cov_32.050761	540	620	7	28	80	0.3500000
NODE_2377_length_1478_cov_32.050761	540	620	8	12	80	0.1500000
NODE_2377_length_1478_cov_32.050761	540	620	10	40	80	0.5000000
NODE_2377_length_1478_cov_32.050761	593	673	7	26	80	0.3250000
NODE_2377_length_1478_cov_32.050761	593	673	8	4	80	0.0500000
NODE_2377_length_1478_cov_32.050761	593	673	9	21	80	0.2625000
NODE_2377_length_1478_cov_32.050761	593	673	10	29	80	0.3625000
NODE_2378_length_1478_cov_27.414793	817	897	0	31	80	0.3875000
NODE_2378_length_1478_cov_27.414793	817	897	1	34	80	0.4250000
NODE_2378_length_1478_cov_27.414793	817	897	3	15	80	0.1875000
NODE_2378_length_1478_cov_27.414793	870	950	1	12	80	0.1500000
NODE_2378_length_1478_cov_27.414793	870	950	3	68	80	0.8500000
NODE_2379_length_1478_cov_23.472081	1212	1241	26	8	29	0.2758621
NODE_2379_length_1478_cov_23.472081	1212	1241	27	3	29	0.1034483
NODE_2379_length_1478_cov_23.472081	1212	1241	28	1	29	0.0344828
NODE_2379_length_1478_cov_23.472081	1212	1241	30	1	29	0.0344828
NODE_2379_length_1478_cov_23.472081	1212	1241	31	1	29	0.0344828
NODE_2379_length_1478_cov_23.472081	1212	1241	33	7	29	0.2413793
NODE_2379_length_1478_cov_23.472081	1212	1241	34	1	29	0.0344828
NODE_2379_length_1478_cov_23.472081	1212	1241	35	7	29	0.2413793
NODE_2380_length_1478_cov_10.746193	678	758	2	38	80	0.4750000
NODE_2380_length_1478_cov_10.746193	678	758	3	42	80	0.5250000
NODE_2380_length_1478_cov_10.746193	731	811	2	70	80	0.8750000
NODE_2380_length_1478_cov_10.746193	731	811	3	10	80	0.1250000
NODE_2380_length_1478_cov_10.746193	807	892	1	7	85	0.0823529
NODE_2380_length_1478_cov_10.746193	807	892	2	42	85	0.4941176
NODE_2380_length_1478_cov_10.746193	807	892	3	19	85	0.2235294
NODE_2380_length_1478_cov_10.746193	807	892	4	1	85	0.0117647
NODE_2380_length_1478_cov_10.746193	807	892	5	7	85	0.0823529
NODE_2380_length_1478_cov_10.746193	807	892	8	9	85	0.1058824
NODE_2380_length_1478_cov_10.746193	860	945	3	15	85	0.1764706
NODE_2380_length_1478_cov_10.746193	860	945	4	1	85	0.0117647
NODE_2380_length_1478_cov_10.746193	860	945	5	7	85	0.0823529
NODE_2380_length_1478_cov_10.746193	860	945	7	11	85	0.1294118
NODE_2380_length_1478_cov_10.746193	860	945	8	51	85	0.6000000
NODE_2384_length_1476_cov_6.522150	791	871	4	46	80	0.5750000
NODE_2384_length_1476_cov_6.522150	791	871	6	34	80	0.4250000
NODE_2384_length_1476_cov_6.522150	844	924	0	14	80	0.1750000
NODE_2384_length_1476_cov_6.522150	844	924	2	1	80	0.0125000
NODE_2384_length_1476_cov_6.522150	844	924	3	9	80	0.1125000
NODE_2384_length_1476_cov_6.522150	844	924	4	56	80	0.7000000
NODE_2392_length_1474_cov_11.209455	515	595	0	80	80	1.0000000
NODE_2392_length_1474_cov_11.209455	568	648	0	80	80	1.0000000
NODE_2397_length_1472_cov_22.159505	428	508	8	24	80	0.3000000
NODE_2397_length_1472_cov_22.159505	428	508	10	56	80	0.7000000
NODE_2397_length_1472_cov_22.159505	428	508	8	24	80	0.3000000
NODE_2397_length_1472_cov_22.159505	428	508	10	56	80	0.7000000
NODE_2397_length_1472_cov_22.159505	481	561	0	9	80	0.1125000
NODE_2397_length_1472_cov_22.159505	481	561	1	16	80	0.2000000
NODE_2397_length_1472_cov_22.159505	481	561	3	1	80	0.0125000
NODE_2397_length_1472_cov_22.159505	481	561	4	4	80	0.0500000
NODE_2397_length_1472_cov_22.159505	481	561	6	20	80	0.2500000
NODE_2397_length_1472_cov_22.159505	481	561	7	2	80	0.0250000
NODE_2397_length_1472_cov_22.159505	481	561	8	25	80	0.3125000
NODE_2397_length_1472_cov_22.159505	481	561	10	3	80	0.0375000
NODE_2397_length_1472_cov_22.159505	913	993	2	5	80	0.0625000
NODE_2397_length_1472_cov_22.159505	913	993	4	19	80	0.2375000
NODE_2397_length_1472_cov_22.159505	913	993	5	39	80	0.4875000
NODE_2397_length_1472_cov_22.159505	913	993	6	17	80	0.2125000
NODE_2397_length_1472_cov_22.159505	966	1046	2	17	80	0.2125000
NODE_2397_length_1472_cov_22.159505	966	1046	4	46	80	0.5750000
NODE_2397_length_1472_cov_22.159505	966	1046	5	17	80	0.2125000
NODE_2397_length_1472_cov_22.159505	1042	1122	0	74	80	0.9250000
NODE_2397_length_1472_cov_22.159505	1042	1122	2	6	80	0.0750000
NODE_2397_length_1472_cov_22.159505	1095	1175	0	80	80	1.0000000
NODE_2398_length_1472_cov_22.018208	523	590	2	31	67	0.4626866
NODE_2398_length_1472_cov_22.018208	523	590	3	23	67	0.3432836
NODE_2398_length_1472_cov_22.018208	523	590	4	13	67	0.1940299
NODE_2398_length_1472_cov_22.018208	563	643	2	45	80	0.5625000
NODE_2398_length_1472_cov_22.018208	563	643	3	17	80	0.2125000
NODE_2398_length_1472_cov_22.018208	563	643	4	18	80	0.2250000
NODE_2398_length_1472_cov_22.018208	639	719	2	40	80	0.5000000
NODE_2398_length_1472_cov_22.018208	639	719	4	9	80	0.1125000
NODE_2398_length_1472_cov_22.018208	639	719	6	31	80	0.3875000
NODE_2398_length_1472_cov_22.018208	692	772	4	19	80	0.2375000
NODE_2398_length_1472_cov_22.018208	692	772	5	1	80	0.0125000
NODE_2398_length_1472_cov_22.018208	692	772	6	60	80	0.7500000
NODE_2404_length_1470_cov_7.042305	5	57	4	2	52	0.0384615
NODE_2404_length_1470_cov_7.042305	5	57	6	15	52	0.2884615
NODE_2404_length_1470_cov_7.042305	5	57	8	1	52	0.0192308
NODE_2404_length_1470_cov_7.042305	5	57	10	34	52	0.6538461
NODE_2405_length_1470_cov_2.185266	199	245	0	46	46	1.0000000
NODE_2407_length_1469_cov_5.683942	834	914	1	75	80	0.9375000
NODE_2407_length_1469_cov_5.683942	834	914	2	5	80	0.0625000
NODE_2407_length_1469_cov_5.683942	887	967	1	28	80	0.3500000
NODE_2407_length_1469_cov_5.683942	887	967	2	52	80	0.6500000
NODE_2410_length_1467_cov_31.231725	1048	1131	0	83	83	1.0000000
NODE_2411_length_1467_cov_19.731725	485	565	4	17	80	0.2125000
NODE_2411_length_1467_cov_19.731725	485	565	6	18	80	0.2250000
NODE_2411_length_1467_cov_19.731725	485	565	7	1	80	0.0125000
NODE_2411_length_1467_cov_19.731725	485	565	8	6	80	0.0750000
NODE_2411_length_1467_cov_19.731725	485	565	9	16	80	0.2000000
NODE_2411_length_1467_cov_19.731725	485	565	10	7	80	0.0875000
NODE_2411_length_1467_cov_19.731725	485	565	11	4	80	0.0500000
NODE_2411_length_1467_cov_19.731725	485	565	13	11	80	0.1375000
NODE_2411_length_1467_cov_19.731725	538	618	9	5	80	0.0625000
NODE_2411_length_1467_cov_19.731725	538	618	10	29	80	0.3625000
NODE_2411_length_1467_cov_19.731725	538	618	11	30	80	0.3750000
NODE_2411_length_1467_cov_19.731725	538	618	12	5	80	0.0625000
NODE_2411_length_1467_cov_19.731725	538	618	13	11	80	0.1375000
NODE_2412_length_1467_cov_11.807749	180	242	0	1	62	0.0161290
NODE_2412_length_1467_cov_11.807749	180	242	2	61	62	0.9838710
NODE_2412_length_1467_cov_11.807749	264	293	0	29	29	1.0000000
NODE_2412_length_1467_cov_11.807749	930	1010	4	10	80	0.1250000
NODE_2412_length_1467_cov_11.807749	930	1010	5	13	80	0.1625000
NODE_2412_length_1467_cov_11.807749	930	1010	6	36	80	0.4500000
NODE_2412_length_1467_cov_11.807749	930	1010	7	7	80	0.0875000
NODE_2412_length_1467_cov_11.807749	930	1010	8	14	80	0.1750000
NODE_2412_length_1467_cov_11.807749	983	1063	3	4	80	0.0500000
NODE_2412_length_1467_cov_11.807749	983	1063	4	1	80	0.0125000
NODE_2412_length_1467_cov_11.807749	983	1063	5	61	80	0.7625000
NODE_2412_length_1467_cov_11.807749	983	1063	6	14	80	0.1750000
NODE_2414_length_1466_cov_41.326993	664	744	11	13	80	0.1625000
NODE_2414_length_1466_cov_41.326993	664	744	12	5	80	0.0625000
NODE_2414_length_1466_cov_41.326993	664	744	13	6	80	0.0750000
NODE_2414_length_1466_cov_41.326993	664	744	14	21	80	0.2625000
NODE_2414_length_1466_cov_41.326993	664	744	15	6	80	0.0750000
NODE_2414_length_1466_cov_41.326993	664	744	16	17	80	0.2125000
NODE_2414_length_1466_cov_41.326993	664	744	17	12	80	0.1500000
NODE_2414_length_1466_cov_41.326993	717	797	12	8	80	0.1000000
NODE_2414_length_1466_cov_41.326993	717	797	13	12	80	0.1500000
NODE_2414_length_1466_cov_41.326993	717	797	14	21	80	0.2625000
NODE_2414_length_1466_cov_41.326993	717	797	15	13	80	0.1625000
NODE_2414_length_1466_cov_41.326993	717	797	16	17	80	0.2125000
NODE_2414_length_1466_cov_41.326993	717	797	17	9	80	0.1125000
NODE_2414_length_1466_cov_41.326993	793	873	12	15	80	0.1875000
NODE_2414_length_1466_cov_41.326993	793	873	13	4	80	0.0500000
NODE_2414_length_1466_cov_41.326993	793	873	14	7	80	0.0875000
NODE_2414_length_1466_cov_41.326993	793	873	15	22	80	0.2750000
NODE_2414_length_1466_cov_41.326993	793	873	16	32	80	0.4000000
NODE_2414_length_1466_cov_41.326993	846	926	6	15	80	0.1875000
NODE_2414_length_1466_cov_41.326993	846	926	7	2	80	0.0250000
NODE_2414_length_1466_cov_41.326993	846	926	9	5	80	0.0625000
NODE_2414_length_1466_cov_41.326993	846	926	10	3	80	0.0375000
NODE_2414_length_1466_cov_41.326993	846	926	12	42	80	0.5250000
NODE_2414_length_1466_cov_41.326993	846	926	13	5	80	0.0625000
NODE_2414_length_1466_cov_41.326993	846	926	14	6	80	0.0750000
NODE_2414_length_1466_cov_41.326993	846	926	15	2	80	0.0250000
NODE_2420_length_1464_cov_6.726740	137	204	4	67	67	1.0000000
NODE_2422_length_1464_cov_2.198535	1301	1363	0	7	62	0.1129032
NODE_2422_length_1464_cov_2.198535	1301	1363	1	16	62	0.2580645
NODE_2422_length_1464_cov_2.198535	1301	1363	2	39	62	0.6290323
NODE_2425_length_1463_cov_15.345308	314	394	2	7	80	0.0875000
NODE_2425_length_1463_cov_15.345308	314	394	3	17	80	0.2125000
NODE_2425_length_1463_cov_15.345308	314	394	4	52	80	0.6500000
NODE_2425_length_1463_cov_15.345308	314	394	5	4	80	0.0500000
NODE_2425_length_1463_cov_15.345308	367	447	4	62	80	0.7750000
NODE_2425_length_1463_cov_15.345308	367	447	5	7	80	0.0875000
NODE_2425_length_1463_cov_15.345308	367	447	6	11	80	0.1375000
NODE_2427_length_1462_cov_18.082172	418	498	6	15	80	0.1875000
NODE_2427_length_1462_cov_18.082172	418	498	7	54	80	0.6750000
NODE_2427_length_1462_cov_18.082172	418	498	9	11	80	0.1375000
NODE_2427_length_1462_cov_18.082172	471	551	3	4	80	0.0500000
NODE_2427_length_1462_cov_18.082172	471	551	5	14	80	0.1750000
NODE_2427_length_1462_cov_18.082172	471	551	6	50	80	0.6250000
NODE_2427_length_1462_cov_18.082172	471	551	7	1	80	0.0125000
NODE_2427_length_1462_cov_18.082172	471	551	9	11	80	0.1375000
NODE_2427_length_1462_cov_18.082172	1036	1116	1	80	80	1.0000000
NODE_2427_length_1462_cov_18.082172	1089	1169	1	47	80	0.5875000
NODE_2427_length_1462_cov_18.082172	1089	1169	2	22	80	0.2750000
NODE_2427_length_1462_cov_18.082172	1089	1169	3	4	80	0.0500000
NODE_2427_length_1462_cov_18.082172	1089	1169	4	7	80	0.0875000
NODE_2428_length_1462_cov_1.792370	1247	1319	0	72	72	1.0000000
NODE_2428_length_1462_cov_1.792370	1305	1374	0	69	69	1.0000000
NODE_2433_length_1460_cov_23.927994	852	932	3	1	80	0.0125000
NODE_2433_length_1460_cov_23.927994	852	932	5	6	80	0.0750000
NODE_2433_length_1460_cov_23.927994	852	932	7	25	80	0.3125000
NODE_2433_length_1460_cov_23.927994	852	932	8	48	80	0.6000000
NODE_2433_length_1460_cov_23.927994	905	985	5	39	80	0.4875000
NODE_2433_length_1460_cov_23.927994	905	985	7	21	80	0.2625000
NODE_2433_length_1460_cov_23.927994	905	985	8	20	80	0.2500000
NODE_2436_length_1459_cov_43.600000	535	615	10	1	80	0.0125000
NODE_2436_length_1459_cov_43.600000	535	615	12	6	80	0.0750000
NODE_2436_length_1459_cov_43.600000	535	615	13	1	80	0.0125000
NODE_2436_length_1459_cov_43.600000	535	615	14	57	80	0.7125000
NODE_2436_length_1459_cov_43.600000	535	615	15	8	80	0.1000000
NODE_2436_length_1459_cov_43.600000	535	615	16	7	80	0.0875000
NODE_2436_length_1459_cov_43.600000	588	668	5	2	80	0.0250000
NODE_2436_length_1459_cov_43.600000	588	668	6	14	80	0.1750000
NODE_2436_length_1459_cov_43.600000	588	668	7	23	80	0.2875000
NODE_2436_length_1459_cov_43.600000	588	668	8	14	80	0.1750000
NODE_2436_length_1459_cov_43.600000	588	668	10	1	80	0.0125000
NODE_2436_length_1459_cov_43.600000	588	668	12	6	80	0.0750000
NODE_2436_length_1459_cov_43.600000	588	668	13	1	80	0.0125000
NODE_2436_length_1459_cov_43.600000	588	668	14	19	80	0.2375000
NODE_2436_length_1459_cov_43.600000	664	744	4	20	80	0.2500000
NODE_2436_length_1459_cov_43.600000	664	744	5	37	80	0.4625000
NODE_2436_length_1459_cov_43.600000	664	744	6	23	80	0.2875000
NODE_2436_length_1459_cov_43.600000	717	797	2	18	80	0.2250000
NODE_2436_length_1459_cov_43.600000	717	797	3	12	80	0.1500000
NODE_2436_length_1459_cov_43.600000	717	797	4	42	80	0.5250000
NODE_2436_length_1459_cov_43.600000	717	797	5	8	80	0.1000000
NODE_2437_length_1459_cov_32.276471	865	945	9	5	80	0.0625000
NODE_2437_length_1459_cov_32.276471	865	945	11	2	80	0.0250000
NODE_2437_length_1459_cov_32.276471	865	945	12	10	80	0.1250000
NODE_2437_length_1459_cov_32.276471	865	945	13	63	80	0.7875000
NODE_2437_length_1459_cov_32.276471	918	998	5	4	80	0.0500000
NODE_2437_length_1459_cov_32.276471	918	998	6	19	80	0.2375000
NODE_2437_length_1459_cov_32.276471	918	998	8	4	80	0.0500000
NODE_2437_length_1459_cov_32.276471	918	998	10	6	80	0.0750000
NODE_2437_length_1459_cov_32.276471	918	998	12	9	80	0.1125000
NODE_2437_length_1459_cov_32.276471	918	998	13	25	80	0.3125000
NODE_2437_length_1459_cov_32.276471	918	998	14	13	80	0.1625000
NODE_2437_length_1459_cov_32.276471	994	1074	3	37	80	0.4625000
NODE_2437_length_1459_cov_32.276471	994	1074	4	25	80	0.3125000
NODE_2437_length_1459_cov_32.276471	994	1074	5	18	80	0.2250000
NODE_2437_length_1459_cov_32.276471	1047	1127	2	32	80	0.4000000
NODE_2437_length_1459_cov_32.276471	1047	1127	3	21	80	0.2625000
NODE_2437_length_1459_cov_32.276471	1047	1127	4	27	80	0.3375000
NODE_2441_length_1458_cov_2.184695	1361	1441	0	46	80	0.5750000
NODE_2441_length_1458_cov_2.184695	1361	1441	1	34	80	0.4250000
NODE_2442_length_1457_cov_19.687040	834	914	1	15	80	0.1875000
NODE_2442_length_1457_cov_19.687040	834	914	2	19	80	0.2375000
NODE_2442_length_1457_cov_19.687040	834	914	3	25	80	0.3125000
NODE_2442_length_1457_cov_19.687040	834	914	4	21	80	0.2625000
NODE_2442_length_1457_cov_19.687040	887	967	3	6	80	0.0750000
NODE_2442_length_1457_cov_19.687040	887	967	4	54	80	0.6750000
NODE_2442_length_1457_cov_19.687040	887	967	5	20	80	0.2500000
NODE_2442_length_1457_cov_19.687040	963	1043	2	4	80	0.0500000
NODE_2442_length_1457_cov_19.687040	963	1043	3	7	80	0.0875000
NODE_2442_length_1457_cov_19.687040	963	1043	4	10	80	0.1250000
NODE_2442_length_1457_cov_19.687040	963	1043	5	59	80	0.7375000
NODE_2442_length_1457_cov_19.687040	1016	1096	1	44	80	0.5500000
NODE_2442_length_1457_cov_19.687040	1016	1096	2	13	80	0.1625000
NODE_2442_length_1457_cov_19.687040	1016	1096	3	7	80	0.0875000
NODE_2442_length_1457_cov_19.687040	1016	1096	4	10	80	0.1250000
NODE_2442_length_1457_cov_19.687040	1016	1096	5	6	80	0.0750000
NODE_2444_length_1457_cov_14.944772	754	834	3	27	80	0.3375000
NODE_2444_length_1457_cov_14.944772	754	834	4	1	80	0.0125000
NODE_2444_length_1457_cov_14.944772	754	834	5	47	80	0.5875000
NODE_2444_length_1457_cov_14.944772	754	834	6	5	80	0.0625000
NODE_2444_length_1457_cov_14.944772	807	887	5	22	80	0.2750000
NODE_2444_length_1457_cov_14.944772	807	887	6	46	80	0.5750000
NODE_2444_length_1457_cov_14.944772	807	887	8	12	80	0.1500000
NODE_2445_length_1457_cov_10.168630	827	907	5	1	80	0.0125000
NODE_2445_length_1457_cov_10.168630	827	907	6	7	80	0.0875000
NODE_2445_length_1457_cov_10.168630	827	907	8	2	80	0.0250000
NODE_2445_length_1457_cov_10.168630	827	907	9	1	80	0.0125000
NODE_2445_length_1457_cov_10.168630	827	907	10	12	80	0.1500000
NODE_2445_length_1457_cov_10.168630	827	907	11	43	80	0.5375000
NODE_2445_length_1457_cov_10.168630	827	907	12	14	80	0.1750000
NODE_2445_length_1457_cov_10.168630	880	960	9	1	80	0.0125000
NODE_2445_length_1457_cov_10.168630	880	960	10	37	80	0.4625000
NODE_2445_length_1457_cov_10.168630	880	960	11	9	80	0.1125000
NODE_2445_length_1457_cov_10.168630	880	960	12	33	80	0.4125000
NODE_2445_length_1457_cov_10.168630	956	1036	7	30	80	0.3750000
NODE_2445_length_1457_cov_10.168630	956	1036	8	1	80	0.0125000
NODE_2445_length_1457_cov_10.168630	956	1036	9	18	80	0.2250000
NODE_2445_length_1457_cov_10.168630	956	1036	10	16	80	0.2000000
NODE_2445_length_1457_cov_10.168630	956	1036	11	7	80	0.0875000
NODE_2445_length_1457_cov_10.168630	956	1036	12	8	80	0.1000000
NODE_2445_length_1457_cov_10.168630	1009	1089	4	12	80	0.1500000
NODE_2445_length_1457_cov_10.168630	1009	1089	5	35	80	0.4375000
NODE_2445_length_1457_cov_10.168630	1009	1089	6	4	80	0.0500000
NODE_2445_length_1457_cov_10.168630	1009	1089	7	29	80	0.3625000
NODE_2448_length_1456_cov_13.675755	557	637	2	3	80	0.0375000
NODE_2448_length_1456_cov_13.675755	557	637	3	41	80	0.5125000
NODE_2448_length_1456_cov_13.675755	557	637	4	15	80	0.1875000
NODE_2448_length_1456_cov_13.675755	557	637	5	21	80	0.2625000
NODE_2448_length_1456_cov_13.675755	610	690	1	8	80	0.1000000
NODE_2448_length_1456_cov_13.675755	610	690	2	48	80	0.6000000
NODE_2448_length_1456_cov_13.675755	610	690	3	24	80	0.3000000
NODE_2449_length_1456_cov_11.109064	951	1031	1	23	80	0.2875000
NODE_2449_length_1456_cov_11.109064	951	1031	3	11	80	0.1375000
NODE_2449_length_1456_cov_11.109064	951	1031	5	5	80	0.0625000
NODE_2449_length_1456_cov_11.109064	951	1031	6	17	80	0.2125000
NODE_2449_length_1456_cov_11.109064	951	1031	7	24	80	0.3000000
NODE_2449_length_1456_cov_11.109064	1004	1084	4	3	80	0.0375000
NODE_2449_length_1456_cov_11.109064	1004	1084	6	3	80	0.0375000
NODE_2449_length_1456_cov_11.109064	1004	1084	7	74	80	0.9250000
NODE_2452_length_1456_cov_3.137067	374	410	0	36	36	1.0000000
NODE_2454_length_1456_cov_1.889462	35	99	0	64	64	1.0000000
NODE_2456_length_1455_cov_60.874631	369	449	2	16	80	0.2000000
NODE_2456_length_1455_cov_60.874631	369	449	3	34	80	0.4250000
NODE_2456_length_1455_cov_60.874631	369	449	4	30	80	0.3750000
NODE_2456_length_1455_cov_60.874631	422	502	4	37	80	0.4625000
NODE_2456_length_1455_cov_60.874631	422	502	6	7	80	0.0875000
NODE_2456_length_1455_cov_60.874631	422	502	8	30	80	0.3750000
NODE_2456_length_1455_cov_60.874631	422	502	9	2	80	0.0250000
NODE_2456_length_1455_cov_60.874631	422	502	10	4	80	0.0500000
NODE_2456_length_1455_cov_60.874631	498	578	7	9	80	0.1125000
NODE_2456_length_1455_cov_60.874631	498	578	8	61	80	0.7625000
NODE_2456_length_1455_cov_60.874631	498	578	9	4	80	0.0500000
NODE_2456_length_1455_cov_60.874631	498	578	10	6	80	0.0750000
NODE_2456_length_1455_cov_60.874631	551	631	2	1	80	0.0125000
NODE_2456_length_1455_cov_60.874631	551	631	3	5	80	0.0625000
NODE_2456_length_1455_cov_60.874631	551	631	4	44	80	0.5500000
NODE_2456_length_1455_cov_60.874631	551	631	7	12	80	0.1500000
NODE_2456_length_1455_cov_60.874631	551	631	8	18	80	0.2250000
NODE_2458_length_1455_cov_35.253687	615	695	6	1	80	0.0125000
NODE_2458_length_1455_cov_35.253687	615	695	8	7	80	0.0875000
NODE_2458_length_1455_cov_35.253687	615	695	9	6	80	0.0750000
NODE_2458_length_1455_cov_35.253687	615	695	11	2	80	0.0250000
NODE_2458_length_1455_cov_35.253687	615	695	12	15	80	0.1875000
NODE_2458_length_1455_cov_35.253687	615	695	13	1	80	0.0125000
NODE_2458_length_1455_cov_35.253687	615	695	14	4	80	0.0500000
NODE_2458_length_1455_cov_35.253687	615	695	16	1	80	0.0125000
NODE_2458_length_1455_cov_35.253687	615	695	18	2	80	0.0250000
NODE_2458_length_1455_cov_35.253687	615	695	19	17	80	0.2125000
NODE_2458_length_1455_cov_35.253687	615	695	20	24	80	0.3000000
NODE_2458_length_1455_cov_35.253687	668	748	16	15	80	0.1875000
NODE_2458_length_1455_cov_35.253687	668	748	17	8	80	0.1000000
NODE_2458_length_1455_cov_35.253687	668	748	18	12	80	0.1500000
NODE_2458_length_1455_cov_35.253687	668	748	19	32	80	0.4000000
NODE_2458_length_1455_cov_35.253687	668	748	20	13	80	0.1625000
NODE_2458_length_1455_cov_35.253687	744	824	6	10	80	0.1250000
NODE_2458_length_1455_cov_35.253687	744	824	7	7	80	0.0875000
NODE_2458_length_1455_cov_35.253687	744	824	8	3	80	0.0375000
NODE_2458_length_1455_cov_35.253687	744	824	9	2	80	0.0250000
NODE_2458_length_1455_cov_35.253687	744	824	11	5	80	0.0625000
NODE_2458_length_1455_cov_35.253687	744	824	13	16	80	0.2000000
NODE_2458_length_1455_cov_35.253687	744	824	15	2	80	0.0250000
NODE_2458_length_1455_cov_35.253687	744	824	17	20	80	0.2500000
NODE_2458_length_1455_cov_35.253687	744	824	18	9	80	0.1125000
NODE_2458_length_1455_cov_35.253687	744	824	19	6	80	0.0750000
NODE_2458_length_1455_cov_35.253687	797	877	6	12	80	0.1500000
NODE_2458_length_1455_cov_35.253687	797	877	7	58	80	0.7250000
NODE_2458_length_1455_cov_35.253687	797	877	8	3	80	0.0375000
NODE_2458_length_1455_cov_35.253687	797	877	9	2	80	0.0250000
NODE_2458_length_1455_cov_35.253687	797	877	11	5	80	0.0625000
NODE_2465_length_1452_cov_7.101256	976	1056	0	80	80	1.0000000
NODE_2465_length_1452_cov_7.101256	1029	1109	0	80	80	1.0000000
NODE_2465_length_1452_cov_7.101256	1105	1185	0	80	80	1.0000000
NODE_2465_length_1452_cov_7.101256	1158	1238	0	77	80	0.9625000
NODE_2465_length_1452_cov_7.101256	1158	1238	1	3	80	0.0375000
NODE_2470_length_1451_cov_23.880178	439	520	4	16	81	0.1975309
NODE_2470_length_1451_cov_23.880178	439	520	6	11	81	0.1358025
NODE_2470_length_1451_cov_23.880178	439	520	8	23	81	0.2839506
NODE_2470_length_1451_cov_23.880178	439	520	9	22	81	0.2716049
NODE_2470_length_1451_cov_23.880178	439	520	10	9	81	0.1111111
NODE_2470_length_1451_cov_23.880178	493	573	7	28	80	0.3500000
NODE_2470_length_1451_cov_23.880178	493	573	8	8	80	0.1000000
NODE_2470_length_1451_cov_23.880178	493	573	9	19	80	0.2375000
NODE_2470_length_1451_cov_23.880178	493	573	10	25	80	0.3125000
NODE_2471_length_1451_cov_16.249260	422	502	4	63	80	0.7875000
NODE_2471_length_1451_cov_16.249260	422	502	5	15	80	0.1875000
NODE_2471_length_1451_cov_16.249260	422	502	6	2	80	0.0250000
NODE_2471_length_1451_cov_16.249260	475	555	3	7	80	0.0875000
NODE_2471_length_1451_cov_16.249260	475	555	4	47	80	0.5875000
NODE_2471_length_1451_cov_16.249260	475	555	5	26	80	0.3250000
NODE_2472_length_1451_cov_8.663462	908	988	5	12	80	0.1500000
NODE_2472_length_1451_cov_8.663462	908	988	6	5	80	0.0625000
NODE_2472_length_1451_cov_8.663462	908	988	7	9	80	0.1125000
NODE_2472_length_1451_cov_8.663462	908	988	9	31	80	0.3875000
NODE_2472_length_1451_cov_8.663462	908	988	10	23	80	0.2875000
NODE_2472_length_1451_cov_8.663462	961	1040	5	2	79	0.0253165
NODE_2472_length_1451_cov_8.663462	961	1040	7	18	79	0.2278481
NODE_2472_length_1451_cov_8.663462	961	1040	8	2	79	0.0253165
NODE_2472_length_1451_cov_8.663462	961	1040	9	8	79	0.1012658
NODE_2472_length_1451_cov_8.663462	961	1040	10	49	79	0.6202531
NODE_2474_length_1451_cov_5.219675	897	977	1	80	80	1.0000000
NODE_2474_length_1451_cov_5.219675	950	1030	0	24	80	0.3000000
NODE_2474_length_1451_cov_5.219675	950	1030	1	56	80	0.7000000
NODE_2477_length_1450_cov_20.371577	611	691	2	11	80	0.1375000
NODE_2477_length_1450_cov_20.371577	611	691	3	69	80	0.8625000
NODE_2477_length_1450_cov_20.371577	664	744	2	43	80	0.5375000
NODE_2477_length_1450_cov_20.371577	664	744	3	37	80	0.4625000
NODE_2482_length_1449_cov_24.665926	432	512	6	15	80	0.1875000
NODE_2482_length_1449_cov_24.665926	432	512	7	43	80	0.5375000
NODE_2482_length_1449_cov_24.665926	432	512	8	22	80	0.2750000
NODE_2482_length_1449_cov_24.665926	485	565	2	17	80	0.2125000
NODE_2482_length_1449_cov_24.665926	485	565	3	6	80	0.0750000
NODE_2482_length_1449_cov_24.665926	485	565	4	1	80	0.0125000
NODE_2482_length_1449_cov_24.665926	485	565	5	2	80	0.0250000
NODE_2482_length_1449_cov_24.665926	485	565	6	17	80	0.2125000
NODE_2482_length_1449_cov_24.665926	485	565	7	37	80	0.4625000
NODE_2482_length_1449_cov_24.665926	561	643	0	8	82	0.0975610
NODE_2482_length_1449_cov_24.665926	561	643	1	1	82	0.0121951
NODE_2482_length_1449_cov_24.665926	561	643	2	53	82	0.6463414
NODE_2482_length_1449_cov_24.665926	561	643	3	2	82	0.0243902
NODE_2482_length_1449_cov_24.665926	561	643	4	18	82	0.2195122
NODE_2482_length_1449_cov_24.665926	616	696	2	7	80	0.0875000
NODE_2482_length_1449_cov_24.665926	616	696	3	2	80	0.0250000
NODE_2482_length_1449_cov_24.665926	616	696	4	71	80	0.8875000
NODE_2485_length_1448_cov_20.587102	904	984	1	4	80	0.0500000
NODE_2485_length_1448_cov_20.587102	904	984	2	22	80	0.2750000
NODE_2485_length_1448_cov_20.587102	904	984	3	15	80	0.1875000
NODE_2485_length_1448_cov_20.587102	904	984	4	11	80	0.1375000
NODE_2485_length_1448_cov_20.587102	904	984	5	27	80	0.3375000
NODE_2485_length_1448_cov_20.587102	904	984	6	1	80	0.0125000
NODE_2485_length_1448_cov_20.587102	957	1037	4	3	80	0.0375000
NODE_2485_length_1448_cov_20.587102	957	1037	5	23	80	0.2875000
NODE_2485_length_1448_cov_20.587102	957	1037	6	1	80	0.0125000
NODE_2485_length_1448_cov_20.587102	957	1037	8	29	80	0.3625000
NODE_2485_length_1448_cov_20.587102	957	1037	9	24	80	0.3000000
NODE_2487_length_1448_cov_8.693847	537	617	0	18	80	0.2250000
NODE_2487_length_1448_cov_8.693847	537	617	1	4	80	0.0500000
NODE_2487_length_1448_cov_8.693847	537	617	2	28	80	0.3500000
NODE_2487_length_1448_cov_8.693847	537	617	3	15	80	0.1875000
NODE_2487_length_1448_cov_8.693847	537	617	5	15	80	0.1875000
NODE_2487_length_1448_cov_8.693847	590	670	3	12	80	0.1500000
NODE_2487_length_1448_cov_8.693847	590	670	5	68	80	0.8500000
NODE_2488_length_1447_cov_21.391691	519	599	0	5	80	0.0625000
NODE_2488_length_1447_cov_21.391691	519	599	2	45	80	0.5625000
NODE_2488_length_1447_cov_21.391691	519	599	3	30	80	0.3750000
NODE_2488_length_1447_cov_21.391691	572	652	1	6	80	0.0750000
NODE_2488_length_1447_cov_21.391691	572	652	2	18	80	0.2250000
NODE_2488_length_1447_cov_21.391691	572	652	3	48	80	0.6000000
NODE_2488_length_1447_cov_21.391691	572	652	4	8	80	0.1000000
NODE_2488_length_1447_cov_21.391691	648	728	4	9	80	0.1125000
NODE_2488_length_1447_cov_21.391691	648	728	5	4	80	0.0500000
NODE_2488_length_1447_cov_21.391691	648	728	6	19	80	0.2375000
NODE_2488_length_1447_cov_21.391691	648	728	7	48	80	0.6000000
NODE_2488_length_1447_cov_21.391691	701	781	5	6	80	0.0750000
NODE_2488_length_1447_cov_21.391691	701	781	6	56	80	0.7000000
NODE_2488_length_1447_cov_21.391691	701	781	7	18	80	0.2250000
NODE_2491_length_1447_cov_2.262611	1268	1325	0	18	57	0.3157895
NODE_2491_length_1447_cov_2.262611	1268	1325	2	1	57	0.0175439
NODE_2491_length_1447_cov_2.262611	1268	1325	3	3	57	0.0526316
NODE_2491_length_1447_cov_2.262611	1268	1325	4	1	57	0.0175439
NODE_2491_length_1447_cov_2.262611	1268	1325	5	6	57	0.1052632
NODE_2491_length_1447_cov_2.262611	1268	1325	6	3	57	0.0526316
NODE_2491_length_1447_cov_2.262611	1268	1325	8	3	57	0.0526316
NODE_2491_length_1447_cov_2.262611	1268	1325	10	6	57	0.1052632
NODE_2491_length_1447_cov_2.262611	1268	1325	11	16	57	0.2807018
NODE_2491_length_1447_cov_2.262611	1321	1378	11	57	57	1.0000000
NODE_2494_length_1445_cov_22.052006	759	839	4	50	80	0.6250000
NODE_2494_length_1445_cov_22.052006	759	839	5	3	80	0.0375000
NODE_2494_length_1445_cov_22.052006	759	839	6	4	80	0.0500000
NODE_2494_length_1445_cov_22.052006	759	839	7	21	80	0.2625000
NODE_2494_length_1445_cov_22.052006	759	839	8	2	80	0.0250000
NODE_2494_length_1445_cov_22.052006	812	892	4	4	80	0.0500000
NODE_2494_length_1445_cov_22.052006	812	892	5	46	80	0.5750000
NODE_2494_length_1445_cov_22.052006	812	892	6	7	80	0.0875000
NODE_2494_length_1445_cov_22.052006	812	892	7	21	80	0.2625000
NODE_2494_length_1445_cov_22.052006	812	892	8	2	80	0.0250000
NODE_2494_length_1445_cov_22.052006	888	968	0	4	80	0.0500000
NODE_2494_length_1445_cov_22.052006	888	968	2	2	80	0.0250000
NODE_2494_length_1445_cov_22.052006	888	968	3	3	80	0.0375000
NODE_2494_length_1445_cov_22.052006	888	968	4	71	80	0.8875000
NODE_2494_length_1445_cov_22.052006	941	1021	0	57	80	0.7125000
NODE_2494_length_1445_cov_22.052006	941	1021	2	2	80	0.0250000
NODE_2494_length_1445_cov_22.052006	941	1021	3	3	80	0.0375000
NODE_2494_length_1445_cov_22.052006	941	1021	4	18	80	0.2250000
NODE_2495_length_1445_cov_13.378900	584	664	1	50	80	0.6250000
NODE_2495_length_1445_cov_13.378900	584	664	2	30	80	0.3750000
NODE_2495_length_1445_cov_13.378900	637	717	0	36	80	0.4500000
NODE_2495_length_1445_cov_13.378900	637	717	1	44	80	0.5500000
NODE_2501_length_1443_cov_7.628720	480	560	0	80	80	1.0000000
NODE_2501_length_1443_cov_7.628720	533	613	0	62	80	0.7750000
NODE_2501_length_1443_cov_7.628720	533	613	1	18	80	0.2250000
NODE_2501_length_1443_cov_7.628720	609	689	1	55	80	0.6875000
NODE_2501_length_1443_cov_7.628720	609	689	2	25	80	0.3125000
NODE_2501_length_1443_cov_7.628720	662	742	1	2	80	0.0250000
NODE_2501_length_1443_cov_7.628720	662	742	2	78	80	0.9750000
NODE_2502_length_1443_cov_4.843006	924	1004	0	80	80	1.0000000
NODE_2502_length_1443_cov_4.843006	977	1057	0	80	80	1.0000000
NODE_2508_length_1442_cov_24.551750	427	507	1	16	80	0.2000000
NODE_2508_length_1442_cov_24.551750	427	507	2	21	80	0.2625000
NODE_2508_length_1442_cov_24.551750	427	507	3	37	80	0.4625000
NODE_2508_length_1442_cov_24.551750	427	507	4	6	80	0.0750000
NODE_2508_length_1442_cov_24.551750	480	560	3	21	80	0.2625000
NODE_2508_length_1442_cov_24.551750	480	560	4	34	80	0.4250000
NODE_2508_length_1442_cov_24.551750	480	560	5	16	80	0.2000000
NODE_2508_length_1442_cov_24.551750	480	560	6	9	80	0.1125000
NODE_2508_length_1442_cov_24.551750	556	636	6	25	80	0.3125000
NODE_2508_length_1442_cov_24.551750	556	636	7	6	80	0.0750000
NODE_2508_length_1442_cov_24.551750	556	636	9	2	80	0.0250000
NODE_2508_length_1442_cov_24.551750	556	636	10	37	80	0.4625000
NODE_2508_length_1442_cov_24.551750	556	636	11	10	80	0.1250000
NODE_2508_length_1442_cov_24.551750	609	689	10	31	80	0.3875000
NODE_2508_length_1442_cov_24.551750	609	689	11	46	80	0.5750000
NODE_2508_length_1442_cov_24.551750	609	689	12	3	80	0.0375000
NODE_2509_length_1442_cov_24.032762	424	504	1	64	80	0.8000000
NODE_2509_length_1442_cov_24.032762	424	504	2	16	80	0.2000000
NODE_2509_length_1442_cov_24.032762	477	557	1	62	80	0.7750000
NODE_2509_length_1442_cov_24.032762	477	557	2	18	80	0.2250000
NODE_2511_length_1441_cov_16.528316	963	1043	2	33	80	0.4125000
NODE_2511_length_1441_cov_16.528316	963	1043	3	34	80	0.4250000
NODE_2511_length_1441_cov_16.528316	963	1043	4	13	80	0.1625000
NODE_2511_length_1441_cov_16.528316	1016	1096	2	2	80	0.0250000
NODE_2511_length_1441_cov_16.528316	1016	1096	3	68	80	0.8500000
NODE_2511_length_1441_cov_16.528316	1016	1096	4	10	80	0.1250000
NODE_2512_length_1441_cov_3.781669	80	156	2	70	76	0.9210526
NODE_2512_length_1441_cov_3.781669	80	156	3	4	76	0.0526316
NODE_2512_length_1441_cov_3.781669	80	156	4	2	76	0.0263158
NODE_2512_length_1441_cov_3.781669	129	209	2	80	80	1.0000000
NODE_2515_length_1440_cov_34.523490	446	526	7	5	80	0.0625000
NODE_2515_length_1440_cov_34.523490	446	526	8	8	80	0.1000000
NODE_2515_length_1440_cov_34.523490	446	526	9	7	80	0.0875000
NODE_2515_length_1440_cov_34.523490	446	526	10	37	80	0.4625000
NODE_2515_length_1440_cov_34.523490	446	526	11	23	80	0.2875000
NODE_2515_length_1440_cov_34.523490	499	576	9	22	77	0.2857143
NODE_2515_length_1440_cov_34.523490	499	576	10	35	77	0.4545455
NODE_2515_length_1440_cov_34.523490	499	576	11	20	77	0.2597403
NODE_2515_length_1440_cov_34.523490	576	654	9	11	78	0.1410256
NODE_2515_length_1440_cov_34.523490	576	654	10	10	78	0.1282051
NODE_2515_length_1440_cov_34.523490	576	654	12	19	78	0.2435897
NODE_2515_length_1440_cov_34.523490	576	654	13	9	78	0.1153846
NODE_2515_length_1440_cov_34.523490	576	654	14	18	78	0.2307692
NODE_2515_length_1440_cov_34.523490	576	654	15	11	78	0.1410256
NODE_2515_length_1440_cov_34.523490	627	707	6	13	80	0.1625000
NODE_2515_length_1440_cov_34.523490	627	707	7	13	80	0.1625000
NODE_2515_length_1440_cov_34.523490	627	707	8	2	80	0.0250000
NODE_2515_length_1440_cov_34.523490	627	707	9	13	80	0.1625000
NODE_2515_length_1440_cov_34.523490	627	707	11	9	80	0.1125000
NODE_2515_length_1440_cov_34.523490	627	707	12	18	80	0.2250000
NODE_2515_length_1440_cov_34.523490	627	707	13	5	80	0.0625000
NODE_2515_length_1440_cov_34.523490	627	707	14	6	80	0.0750000
NODE_2515_length_1440_cov_34.523490	627	707	15	1	80	0.0125000
NODE_2516_length_1440_cov_20.372110	776	856	3	11	80	0.1375000
NODE_2516_length_1440_cov_20.372110	776	856	4	65	80	0.8125000
NODE_2516_length_1440_cov_20.372110	776	856	5	4	80	0.0500000
NODE_2516_length_1440_cov_20.372110	829	909	3	11	80	0.1375000
NODE_2516_length_1440_cov_20.372110	829	909	4	27	80	0.3375000
NODE_2516_length_1440_cov_20.372110	829	909	5	27	80	0.3375000
NODE_2516_length_1440_cov_20.372110	829	909	6	11	80	0.1375000
NODE_2516_length_1440_cov_20.372110	829	909	7	4	80	0.0500000
NODE_2516_length_1440_cov_20.372110	905	985	4	20	80	0.2500000
NODE_2516_length_1440_cov_20.372110	905	985	5	55	80	0.6875000
NODE_2516_length_1440_cov_20.372110	905	985	6	2	80	0.0250000
NODE_2516_length_1440_cov_20.372110	905	985	7	3	80	0.0375000
NODE_2516_length_1440_cov_20.372110	958	1038	2	10	80	0.1250000
NODE_2516_length_1440_cov_20.372110	958	1038	3	22	80	0.2750000
NODE_2516_length_1440_cov_20.372110	958	1038	4	41	80	0.5125000
NODE_2516_length_1440_cov_20.372110	958	1038	5	7	80	0.0875000
NODE_2517_length_1440_cov_14.476510	586	615	3	23	29	0.7931035
NODE_2517_length_1440_cov_14.476510	586	615	4	6	29	0.2068966
NODE_2517_length_1440_cov_14.476510	666	695	4	16	29	0.5517241
NODE_2517_length_1440_cov_14.476510	666	695	5	13	29	0.4482759
NODE_2517_length_1440_cov_14.476510	1295	1359	30	10	64	0.1562500
NODE_2517_length_1440_cov_14.476510	1295	1359	32	54	64	0.8437500
NODE_2518_length_1440_cov_9.049217	384	464	1	5	80	0.0625000
NODE_2518_length_1440_cov_9.049217	384	464	2	6	80	0.0750000
NODE_2518_length_1440_cov_9.049217	384	464	3	14	80	0.1750000
NODE_2518_length_1440_cov_9.049217	384	464	4	55	80	0.6875000
NODE_2518_length_1440_cov_9.049217	437	517	4	46	80	0.5750000
NODE_2518_length_1440_cov_9.049217	437	517	5	34	80	0.4250000
NODE_2520_length_1439_cov_11.784328	898	978	2	80	80	1.0000000
NODE_2520_length_1439_cov_11.784328	951	1031	0	17	80	0.2125000
NODE_2520_length_1439_cov_11.784328	951	1031	2	63	80	0.7875000
NODE_2525_length_1438_cov_41.481703	671	751	4	4	80	0.0500000
NODE_2525_length_1438_cov_41.481703	671	751	5	62	80	0.7750000
NODE_2525_length_1438_cov_41.481703	671	751	6	14	80	0.1750000
NODE_2525_length_1438_cov_41.481703	724	804	3	6	80	0.0750000
NODE_2525_length_1438_cov_41.481703	724	804	4	3	80	0.0375000
NODE_2525_length_1438_cov_41.481703	724	804	5	66	80	0.8250000
NODE_2525_length_1438_cov_41.481703	724	804	6	5	80	0.0625000
NODE_2529_length_1437_cov_14.449178	815	895	2	18	80	0.2250000
NODE_2529_length_1437_cov_14.449178	815	895	3	62	80	0.7750000
NODE_2529_length_1437_cov_14.449178	868	948	1	7	80	0.0875000
NODE_2529_length_1437_cov_14.449178	868	948	2	5	80	0.0625000
NODE_2529_length_1437_cov_14.449178	868	948	3	68	80	0.8500000
NODE_2529_length_1437_cov_14.449178	944	1024	0	33	80	0.4125000
NODE_2529_length_1437_cov_14.449178	944	1024	1	47	80	0.5875000
NODE_2529_length_1437_cov_14.449178	997	1077	0	19	80	0.2375000
NODE_2529_length_1437_cov_14.449178	997	1077	1	34	80	0.4250000
NODE_2529_length_1437_cov_14.449178	997	1077	2	27	80	0.3375000
NODE_2532_length_1436_cov_96.256545	1145	1225	5	13	80	0.1625000
NODE_2532_length_1436_cov_96.256545	1145	1225	8	47	80	0.5875000
NODE_2532_length_1436_cov_96.256545	1145	1225	10	20	80	0.2500000
NODE_2532_length_1436_cov_96.256545	1198	1278	6	17	80	0.2125000
NODE_2532_length_1436_cov_96.256545	1198	1278	7	35	80	0.4375000
NODE_2532_length_1436_cov_96.256545	1198	1278	8	24	80	0.3000000
NODE_2532_length_1436_cov_96.256545	1198	1278	10	4	80	0.0500000
NODE_2532_length_1436_cov_96.256545	1274	1354	3	22	80	0.2750000
NODE_2532_length_1436_cov_96.256545	1274	1354	5	24	80	0.3000000
NODE_2532_length_1436_cov_96.256545	1274	1354	7	12	80	0.1500000
NODE_2532_length_1436_cov_96.256545	1274	1354	8	22	80	0.2750000
NODE_2532_length_1436_cov_96.256545	1327	1407	2	20	80	0.2500000
NODE_2532_length_1436_cov_96.256545	1327	1407	3	55	80	0.6875000
NODE_2532_length_1436_cov_96.256545	1327	1407	5	5	80	0.0625000
NODE_2536_length_1435_cov_21.468563	783	863	3	29	80	0.3625000
NODE_2536_length_1435_cov_21.468563	783	863	4	6	80	0.0750000
NODE_2536_length_1435_cov_21.468563	783	863	5	39	80	0.4875000
NODE_2536_length_1435_cov_21.468563	783	863	6	6	80	0.0750000
NODE_2536_length_1435_cov_21.468563	836	916	5	21	80	0.2625000
NODE_2536_length_1435_cov_21.468563	836	916	6	7	80	0.0875000
NODE_2536_length_1435_cov_21.468563	836	916	7	33	80	0.4125000
NODE_2536_length_1435_cov_21.468563	836	916	8	16	80	0.2000000
NODE_2536_length_1435_cov_21.468563	836	916	9	3	80	0.0375000
NODE_2536_length_1435_cov_21.468563	912	992	6	3	80	0.0375000
NODE_2536_length_1435_cov_21.468563	912	992	7	39	80	0.4875000
NODE_2536_length_1435_cov_21.468563	912	992	8	10	80	0.1250000
NODE_2536_length_1435_cov_21.468563	912	992	9	28	80	0.3500000
NODE_2536_length_1435_cov_21.468563	965	1045	4	1	80	0.0125000
NODE_2536_length_1435_cov_21.468563	965	1045	5	37	80	0.4625000
NODE_2536_length_1435_cov_21.468563	965	1045	6	18	80	0.2250000
NODE_2536_length_1435_cov_21.468563	965	1045	7	16	80	0.2000000
NODE_2536_length_1435_cov_21.468563	965	1045	8	8	80	0.1000000
NODE_2537_length_1435_cov_18.593563	1123	1203	1	18	80	0.2250000
NODE_2537_length_1435_cov_18.593563	1123	1203	2	29	80	0.3625000
NODE_2537_length_1435_cov_18.593563	1123	1203	3	18	80	0.2250000
NODE_2537_length_1435_cov_18.593563	1123	1203	4	15	80	0.1875000
NODE_2537_length_1435_cov_18.593563	1176	1256	1	20	80	0.2500000
NODE_2537_length_1435_cov_18.593563	1176	1256	2	60	80	0.7500000
NODE_2538_length_1435_cov_5.828593	299	379	2	80	80	1.0000000
NODE_2538_length_1435_cov_5.828593	352	432	0	37	80	0.4625000
NODE_2538_length_1435_cov_5.828593	352	432	1	1	80	0.0125000
NODE_2538_length_1435_cov_5.828593	352	432	2	42	80	0.5250000
NODE_2540_length_1434_cov_17.610487	1023	1103	2	12	80	0.1500000
NODE_2540_length_1434_cov_17.610487	1023	1103	4	68	80	0.8500000
NODE_2540_length_1434_cov_17.610487	1076	1156	2	30	80	0.3750000
NODE_2540_length_1434_cov_17.610487	1076	1156	3	35	80	0.4375000
NODE_2540_length_1434_cov_17.610487	1076	1156	4	15	80	0.1875000
NODE_2540_length_1434_cov_17.610487	1152	1232	1	23	80	0.2875000
NODE_2540_length_1434_cov_17.610487	1152	1232	2	43	80	0.5375000
NODE_2540_length_1434_cov_17.610487	1152	1232	3	8	80	0.1000000
NODE_2540_length_1434_cov_17.610487	1152	1232	4	6	80	0.0750000
NODE_2540_length_1434_cov_17.610487	1205	1285	2	17	80	0.2125000
NODE_2540_length_1434_cov_17.610487	1205	1285	3	19	80	0.2375000
NODE_2540_length_1434_cov_17.610487	1205	1285	4	44	80	0.5500000
NODE_2541_length_1434_cov_9.845693	846	926	8	16	80	0.2000000
NODE_2541_length_1434_cov_9.845693	846	926	9	21	80	0.2625000
NODE_2541_length_1434_cov_9.845693	846	926	10	30	80	0.3750000
NODE_2541_length_1434_cov_9.845693	846	926	11	9	80	0.1125000
NODE_2541_length_1434_cov_9.845693	846	926	12	4	80	0.0500000
NODE_2541_length_1434_cov_9.845693	899	978	7	5	79	0.0632911
NODE_2541_length_1434_cov_9.845693	899	978	8	25	79	0.3164557
NODE_2541_length_1434_cov_9.845693	899	978	9	9	79	0.1139240
NODE_2541_length_1434_cov_9.845693	899	978	11	26	79	0.3291139
NODE_2541_length_1434_cov_9.845693	899	978	12	14	79	0.1772152
NODE_2544_length_1433_cov_36.452774	538	618	6	2	80	0.0250000
NODE_2544_length_1433_cov_36.452774	538	618	7	41	80	0.5125000
NODE_2544_length_1433_cov_36.452774	538	618	8	25	80	0.3125000
NODE_2544_length_1433_cov_36.452774	538	618	9	12	80	0.1500000
NODE_2544_length_1433_cov_36.452774	591	671	6	3	80	0.0375000
NODE_2544_length_1433_cov_36.452774	591	671	7	15	80	0.1875000
NODE_2544_length_1433_cov_36.452774	591	671	8	37	80	0.4625000
NODE_2544_length_1433_cov_36.452774	591	671	9	25	80	0.3125000
NODE_2544_length_1433_cov_36.452774	667	747	6	23	80	0.2875000
NODE_2544_length_1433_cov_36.452774	667	747	7	7	80	0.0875000
NODE_2544_length_1433_cov_36.452774	667	747	8	18	80	0.2250000
NODE_2544_length_1433_cov_36.452774	667	747	9	12	80	0.1500000
NODE_2544_length_1433_cov_36.452774	667	747	10	16	80	0.2000000
NODE_2544_length_1433_cov_36.452774	667	747	11	4	80	0.0500000
NODE_2544_length_1433_cov_36.452774	720	800	7	2	80	0.0250000
NODE_2544_length_1433_cov_36.452774	720	800	8	15	80	0.1875000
NODE_2544_length_1433_cov_36.452774	720	800	9	24	80	0.3000000
NODE_2544_length_1433_cov_36.452774	720	800	10	13	80	0.1625000
NODE_2544_length_1433_cov_36.452774	720	800	11	26	80	0.3250000
NODE_2550_length_1431_cov_7.409159	513	593	4	3	80	0.0375000
NODE_2550_length_1431_cov_7.409159	513	593	5	48	80	0.6000000
NODE_2550_length_1431_cov_7.409159	513	593	6	26	80	0.3250000
NODE_2550_length_1431_cov_7.409159	513	593	7	3	80	0.0375000
NODE_2550_length_1431_cov_7.409159	566	646	2	12	80	0.1500000
NODE_2550_length_1431_cov_7.409159	566	646	4	15	80	0.1875000
NODE_2550_length_1431_cov_7.409159	566	646	5	39	80	0.4875000
NODE_2550_length_1431_cov_7.409159	566	646	6	14	80	0.1750000
NODE_2551_length_1431_cov_6.721471	1074	1154	5	5	80	0.0625000
NODE_2551_length_1431_cov_6.721471	1074	1154	6	2	80	0.0250000
NODE_2551_length_1431_cov_6.721471	1074	1154	7	73	80	0.9125000
NODE_2551_length_1431_cov_6.721471	1127	1207	2	43	80	0.5375000
NODE_2551_length_1431_cov_6.721471	1127	1207	4	8	80	0.1000000
NODE_2551_length_1431_cov_6.721471	1127	1207	5	7	80	0.0875000
NODE_2551_length_1431_cov_6.721471	1127	1207	7	22	80	0.2750000
NODE_2552_length_1430_cov_32.643877	753	833	2	3	80	0.0375000
NODE_2552_length_1430_cov_32.643877	753	833	4	47	80	0.5875000
NODE_2552_length_1430_cov_32.643877	753	833	5	28	80	0.3500000
NODE_2552_length_1430_cov_32.643877	753	833	6	2	80	0.0250000
NODE_2552_length_1430_cov_32.643877	806	886	4	25	80	0.3125000
NODE_2552_length_1430_cov_32.643877	806	886	6	21	80	0.2625000
NODE_2552_length_1430_cov_32.643877	806	886	7	10	80	0.1250000
NODE_2552_length_1430_cov_32.643877	806	886	8	10	80	0.1250000
NODE_2552_length_1430_cov_32.643877	806	886	9	14	80	0.1750000
NODE_2552_length_1430_cov_32.643877	882	962	6	67	80	0.8375000
NODE_2552_length_1430_cov_32.643877	882	962	7	13	80	0.1625000
NODE_2552_length_1430_cov_32.643877	935	1016	2	18	81	0.2222222
NODE_2552_length_1430_cov_32.643877	935	1016	3	11	81	0.1358025
NODE_2552_length_1430_cov_32.643877	935	1016	4	8	81	0.0987654
NODE_2552_length_1430_cov_32.643877	935	1016	5	7	81	0.0864198
NODE_2552_length_1430_cov_32.643877	935	1016	6	37	81	0.4567901
NODE_2557_length_1428_cov_5.895410	340	416	3	14	76	0.1842105
NODE_2557_length_1428_cov_5.895410	340	416	5	4	76	0.0526316
NODE_2557_length_1428_cov_5.895410	340	416	6	28	76	0.3684210
NODE_2557_length_1428_cov_5.895410	340	416	7	12	76	0.1578947
NODE_2557_length_1428_cov_5.895410	340	416	8	18	76	0.2368421
NODE_2557_length_1428_cov_5.895410	393	476	6	14	83	0.1686747
NODE_2557_length_1428_cov_5.895410	393	476	7	55	83	0.6626506
NODE_2557_length_1428_cov_5.895410	393	476	8	14	83	0.1686747
NODE_2560_length_1427_cov_38.919428	707	787	13	4	80	0.0500000
NODE_2560_length_1427_cov_38.919428	707	787	14	34	80	0.4250000
NODE_2560_length_1427_cov_38.919428	707	787	15	17	80	0.2125000
NODE_2560_length_1427_cov_38.919428	707	787	16	13	80	0.1625000
NODE_2560_length_1427_cov_38.919428	707	787	17	12	80	0.1500000
NODE_2560_length_1427_cov_38.919428	760	840	7	10	80	0.1250000
NODE_2560_length_1427_cov_38.919428	760	840	8	15	80	0.1875000
NODE_2560_length_1427_cov_38.919428	760	840	9	12	80	0.1500000
NODE_2560_length_1427_cov_38.919428	760	840	12	3	80	0.0375000
NODE_2560_length_1427_cov_38.919428	760	840	13	10	80	0.1250000
NODE_2560_length_1427_cov_38.919428	760	840	14	12	80	0.1500000
NODE_2560_length_1427_cov_38.919428	760	840	15	6	80	0.0750000
NODE_2560_length_1427_cov_38.919428	760	840	17	12	80	0.1500000
NODE_2560_length_1427_cov_38.919428	836	916	6	3	80	0.0375000
NODE_2560_length_1427_cov_38.919428	836	916	7	1	80	0.0125000
NODE_2560_length_1427_cov_38.919428	836	916	8	13	80	0.1625000
NODE_2560_length_1427_cov_38.919428	836	916	9	23	80	0.2875000
NODE_2560_length_1427_cov_38.919428	836	916	10	39	80	0.4875000
NODE_2560_length_1427_cov_38.919428	836	916	11	1	80	0.0125000
NODE_2560_length_1427_cov_38.919428	889	969	4	6	80	0.0750000
NODE_2560_length_1427_cov_38.919428	889	969	6	50	80	0.6250000
NODE_2560_length_1427_cov_38.919428	889	969	8	4	80	0.0500000
NODE_2560_length_1427_cov_38.919428	889	969	9	12	80	0.1500000
NODE_2560_length_1427_cov_38.919428	889	969	10	8	80	0.1000000
NODE_2561_length_1427_cov_19.442771	808	888	2	39	80	0.4875000
NODE_2561_length_1427_cov_19.442771	808	888	3	41	80	0.5125000
NODE_2561_length_1427_cov_19.442771	861	941	3	27	80	0.3375000
NODE_2561_length_1427_cov_19.442771	861	941	4	29	80	0.3625000
NODE_2561_length_1427_cov_19.442771	861	941	5	8	80	0.1000000
NODE_2561_length_1427_cov_19.442771	861	941	6	16	80	0.2000000
NODE_2561_length_1427_cov_19.442771	937	1017	1	4	80	0.0500000
NODE_2561_length_1427_cov_19.442771	937	1017	3	17	80	0.2125000
NODE_2561_length_1427_cov_19.442771	937	1017	4	39	80	0.4875000
NODE_2561_length_1427_cov_19.442771	937	1017	5	20	80	0.2500000
NODE_2561_length_1427_cov_19.442771	990	1070	0	32	80	0.4000000
NODE_2561_length_1427_cov_19.442771	990	1070	1	25	80	0.3125000
NODE_2561_length_1427_cov_19.442771	990	1070	3	17	80	0.2125000
NODE_2561_length_1427_cov_19.442771	990	1070	4	6	80	0.0750000
NODE_2562_length_1427_cov_10.490964	728	808	5	32	80	0.4000000
NODE_2562_length_1427_cov_10.490964	728	808	6	9	80	0.1125000
NODE_2562_length_1427_cov_10.490964	728	808	7	39	80	0.4875000
NODE_2562_length_1427_cov_10.490964	781	861	6	26	80	0.3250000
NODE_2562_length_1427_cov_10.490964	781	861	7	19	80	0.2375000
NODE_2562_length_1427_cov_10.490964	781	861	8	26	80	0.3250000
NODE_2562_length_1427_cov_10.490964	781	861	9	9	80	0.1125000
NODE_2562_length_1427_cov_10.490964	857	937	3	5	80	0.0625000
NODE_2562_length_1427_cov_10.490964	857	937	4	16	80	0.2000000
NODE_2562_length_1427_cov_10.490964	857	937	5	6	80	0.0750000
NODE_2562_length_1427_cov_10.490964	857	937	6	48	80	0.6000000
NODE_2562_length_1427_cov_10.490964	857	937	7	5	80	0.0625000
NODE_2562_length_1427_cov_10.490964	910	990	3	58	80	0.7250000
NODE_2562_length_1427_cov_10.490964	910	990	4	16	80	0.2000000
NODE_2562_length_1427_cov_10.490964	910	990	5	6	80	0.0750000
NODE_2563_length_1427_cov_9.929217	646	726	2	80	80	1.0000000
NODE_2563_length_1427_cov_9.929217	699	779	0	34	80	0.4250000
NODE_2563_length_1427_cov_9.929217	699	779	2	46	80	0.5750000
NODE_2563_length_1427_cov_9.929217	775	855	0	80	80	1.0000000
NODE_2563_length_1427_cov_9.929217	828	908	0	80	80	1.0000000
NODE_2563_length_1427_cov_9.929217	1248	1324	0	76	76	1.0000000
NODE_2563_length_1427_cov_9.929217	1301	1376	0	75	75	1.0000000
NODE_2564_length_1427_cov_3.122741	1336	1399	0	63	63	1.0000000
NODE_2570_length_1426_cov_36.580256	422	502	2	33	80	0.4125000
NODE_2570_length_1426_cov_36.580256	422	502	3	4	80	0.0500000
NODE_2570_length_1426_cov_36.580256	422	502	4	31	80	0.3875000
NODE_2570_length_1426_cov_36.580256	422	502	5	12	80	0.1500000
NODE_2570_length_1426_cov_36.580256	475	555	3	27	80	0.3375000
NODE_2570_length_1426_cov_36.580256	475	555	4	34	80	0.4250000
NODE_2570_length_1426_cov_36.580256	475	555	5	9	80	0.1125000
NODE_2570_length_1426_cov_36.580256	475	555	7	10	80	0.1250000
NODE_2570_length_1426_cov_36.580256	551	631	6	10	80	0.1250000
NODE_2570_length_1426_cov_36.580256	551	631	7	16	80	0.2000000
NODE_2570_length_1426_cov_36.580256	551	631	8	32	80	0.4000000
NODE_2570_length_1426_cov_36.580256	551	631	9	22	80	0.2750000
NODE_2570_length_1426_cov_36.580256	604	684	4	2	80	0.0250000
NODE_2570_length_1426_cov_36.580256	604	684	6	61	80	0.7625000
NODE_2570_length_1426_cov_36.580256	604	684	7	12	80	0.1500000
NODE_2570_length_1426_cov_36.580256	604	684	8	4	80	0.0500000
NODE_2570_length_1426_cov_36.580256	604	684	9	1	80	0.0125000
NODE_2574_length_1425_cov_25.524133	561	641	12	4	80	0.0500000
NODE_2574_length_1425_cov_25.524133	561	641	14	5	80	0.0625000
NODE_2574_length_1425_cov_25.524133	561	641	15	13	80	0.1625000
NODE_2574_length_1425_cov_25.524133	561	641	16	30	80	0.3750000
NODE_2574_length_1425_cov_25.524133	561	641	18	5	80	0.0625000
NODE_2574_length_1425_cov_25.524133	561	641	19	4	80	0.0500000
NODE_2574_length_1425_cov_25.524133	561	641	20	12	80	0.1500000
NODE_2574_length_1425_cov_25.524133	561	641	21	7	80	0.0875000
NODE_2574_length_1425_cov_25.524133	614	694	15	23	80	0.2875000
NODE_2574_length_1425_cov_25.524133	614	694	16	4	80	0.0500000
NODE_2574_length_1425_cov_25.524133	614	694	17	14	80	0.1750000
NODE_2574_length_1425_cov_25.524133	614	694	18	16	80	0.2000000
NODE_2574_length_1425_cov_25.524133	614	694	19	4	80	0.0500000
NODE_2574_length_1425_cov_25.524133	614	694	20	12	80	0.1500000
NODE_2574_length_1425_cov_25.524133	614	694	21	7	80	0.0875000
NODE_2575_length_1425_cov_10.175716	361	441	2	4	80	0.0500000
NODE_2575_length_1425_cov_10.175716	361	441	3	1	80	0.0125000
NODE_2575_length_1425_cov_10.175716	361	441	4	6	80	0.0750000
NODE_2575_length_1425_cov_10.175716	361	441	5	30	80	0.3750000
NODE_2575_length_1425_cov_10.175716	361	441	6	39	80	0.4875000
NODE_2575_length_1425_cov_10.175716	414	494	6	40	80	0.5000000
NODE_2575_length_1425_cov_10.175716	414	494	7	40	80	0.5000000
NODE_2587_length_1423_cov_31.158610	862	942	4	17	80	0.2125000
NODE_2587_length_1423_cov_31.158610	862	942	5	1	80	0.0125000
NODE_2587_length_1423_cov_31.158610	862	942	6	3	80	0.0375000
NODE_2587_length_1423_cov_31.158610	862	942	7	3	80	0.0375000
NODE_2587_length_1423_cov_31.158610	862	942	9	55	80	0.6875000
NODE_2587_length_1423_cov_31.158610	862	942	11	1	80	0.0125000
NODE_2587_length_1423_cov_31.158610	915	995	0	11	80	0.1375000
NODE_2587_length_1423_cov_31.158610	915	995	3	5	80	0.0625000
NODE_2587_length_1423_cov_31.158610	915	995	4	54	80	0.6750000
NODE_2587_length_1423_cov_31.158610	915	995	5	1	80	0.0125000
NODE_2587_length_1423_cov_31.158610	915	995	6	3	80	0.0375000
NODE_2587_length_1423_cov_31.158610	915	995	7	3	80	0.0375000
NODE_2587_length_1423_cov_31.158610	915	995	9	3	80	0.0375000
NODE_2588_length_1423_cov_30.731873	764	844	8	3	80	0.0375000
NODE_2588_length_1423_cov_30.731873	764	844	9	4	80	0.0500000
NODE_2588_length_1423_cov_30.731873	764	844	11	4	80	0.0500000
NODE_2588_length_1423_cov_30.731873	764	844	13	4	80	0.0500000
NODE_2588_length_1423_cov_30.731873	764	844	15	13	80	0.1625000
NODE_2588_length_1423_cov_30.731873	764	844	16	26	80	0.3250000
NODE_2588_length_1423_cov_30.731873	764	844	17	13	80	0.1625000
NODE_2588_length_1423_cov_30.731873	764	844	18	13	80	0.1625000
NODE_2588_length_1423_cov_30.731873	817	897	15	15	80	0.1875000
NODE_2588_length_1423_cov_30.731873	817	897	16	37	80	0.4625000
NODE_2588_length_1423_cov_30.731873	817	897	17	21	80	0.2625000
NODE_2588_length_1423_cov_30.731873	817	897	18	7	80	0.0875000
NODE_2596_length_1421_cov_8.285930	136	212	41	5	76	0.0657895
NODE_2596_length_1421_cov_8.285930	136	212	42	2	76	0.0263158
NODE_2596_length_1421_cov_8.285930	136	212	43	5	76	0.0657895
NODE_2596_length_1421_cov_8.285930	136	212	44	6	76	0.0789474
NODE_2596_length_1421_cov_8.285930	136	212	45	6	76	0.0789474
NODE_2596_length_1421_cov_8.285930	136	212	46	4	76	0.0526316
NODE_2596_length_1421_cov_8.285930	136	212	52	4	76	0.0526316
NODE_2596_length_1421_cov_8.285930	136	212	53	2	76	0.0263158
NODE_2596_length_1421_cov_8.285930	136	212	55	4	76	0.0526316
NODE_2596_length_1421_cov_8.285930	136	212	56	5	76	0.0657895
NODE_2596_length_1421_cov_8.285930	136	212	57	16	76	0.2105263
NODE_2596_length_1421_cov_8.285930	136	212	58	10	76	0.1315790
NODE_2596_length_1421_cov_8.285930	136	212	59	7	76	0.0921053
NODE_2598_length_1421_cov_2.574130	22	102	0	80	80	1.0000000
NODE_2598_length_1421_cov_2.574130	75	132	0	57	57	1.0000000
NODE_2599_length_1420_cov_256.442846	60	140	7	19	80	0.2375000
NODE_2599_length_1420_cov_256.442846	60	140	8	18	80	0.2250000
NODE_2599_length_1420_cov_256.442846	60	140	9	3	80	0.0375000
NODE_2599_length_1420_cov_256.442846	60	140	10	7	80	0.0875000
NODE_2599_length_1420_cov_256.442846	60	140	11	28	80	0.3500000
NODE_2599_length_1420_cov_256.442846	60	140	12	5	80	0.0625000
NODE_2599_length_1420_cov_256.442846	1294	1360	0	2	66	0.0303030
NODE_2599_length_1420_cov_256.442846	1294	1360	2	64	66	0.9696970
NODE_2600_length_1420_cov_7.547313	628	708	3	27	80	0.3375000
NODE_2600_length_1420_cov_7.547313	628	708	4	53	80	0.6625000
NODE_2600_length_1420_cov_7.547313	681	761	2	7	80	0.0875000
NODE_2600_length_1420_cov_7.547313	681	761	3	36	80	0.4500000
NODE_2600_length_1420_cov_7.547313	681	761	4	37	80	0.4625000
NODE_2602_length_1420_cov_2.051476	972	1039	0	67	67	1.0000000
NODE_2604_length_1419_cov_46.997727	1230	1305	0	2	75	0.0266667
NODE_2604_length_1419_cov_46.997727	1230	1305	1	73	75	0.9733334
NODE_2604_length_1419_cov_46.997727	1278	1332	1	54	54	1.0000000
NODE_2609_length_1418_cov_11.373010	432	512	4	1	80	0.0125000
NODE_2609_length_1418_cov_11.373010	432	512	5	15	80	0.1875000
NODE_2609_length_1418_cov_11.373010	432	512	6	33	80	0.4125000
NODE_2609_length_1418_cov_11.373010	432	512	7	11	80	0.1375000
NODE_2609_length_1418_cov_11.373010	432	512	8	20	80	0.2500000
NODE_2609_length_1418_cov_11.373010	485	556	5	15	71	0.2112676
NODE_2609_length_1418_cov_11.373010	485	556	6	29	71	0.4084507
NODE_2609_length_1418_cov_11.373010	485	556	7	16	71	0.2253521
NODE_2609_length_1418_cov_11.373010	485	556	8	11	71	0.1549296
NODE_2615_length_1417_cov_12.477997	354	399	0	45	45	1.0000000
NODE_2616_length_1417_cov_11.120637	794	874	1	41	80	0.5125000
NODE_2616_length_1417_cov_11.120637	794	874	2	39	80	0.4875000
NODE_2616_length_1417_cov_11.120637	847	927	0	11	80	0.1375000
NODE_2616_length_1417_cov_11.120637	847	927	1	69	80	0.8625000
NODE_2625_length_1415_cov_51.375380	423	503	5	1	80	0.0125000
NODE_2625_length_1415_cov_51.375380	423	503	6	44	80	0.5500000
NODE_2625_length_1415_cov_51.375380	423	503	7	1	80	0.0125000
NODE_2625_length_1415_cov_51.375380	423	503	8	1	80	0.0125000
NODE_2625_length_1415_cov_51.375380	423	503	9	1	80	0.0125000
NODE_2625_length_1415_cov_51.375380	423	503	10	24	80	0.3000000
NODE_2625_length_1415_cov_51.375380	423	503	11	5	80	0.0625000
NODE_2625_length_1415_cov_51.375380	423	503	12	3	80	0.0375000
NODE_2625_length_1415_cov_51.375380	476	556	9	3	80	0.0375000
NODE_2625_length_1415_cov_51.375380	476	556	10	35	80	0.4375000
NODE_2625_length_1415_cov_51.375380	476	556	11	10	80	0.1250000
NODE_2625_length_1415_cov_51.375380	476	556	12	29	80	0.3625000
NODE_2625_length_1415_cov_51.375380	476	556	13	3	80	0.0375000
NODE_2625_length_1415_cov_51.375380	552	632	8	11	80	0.1375000
NODE_2625_length_1415_cov_51.375380	552	632	9	1	80	0.0125000
NODE_2625_length_1415_cov_51.375380	552	632	10	8	80	0.1000000
NODE_2625_length_1415_cov_51.375380	552	632	11	12	80	0.1500000
NODE_2625_length_1415_cov_51.375380	552	632	12	48	80	0.6000000
NODE_2625_length_1415_cov_51.375380	605	683	6	11	78	0.1410256
NODE_2625_length_1415_cov_51.375380	605	683	7	8	78	0.1025641
NODE_2625_length_1415_cov_51.375380	605	683	8	29	78	0.3717949
NODE_2625_length_1415_cov_51.375380	605	683	9	15	78	0.1923077
NODE_2625_length_1415_cov_51.375380	605	683	10	1	78	0.0128205
NODE_2625_length_1415_cov_51.375380	605	683	12	14	78	0.1794872
NODE_2626_length_1415_cov_38.272036	513	593	1	16	80	0.2000000
NODE_2626_length_1415_cov_38.272036	513	593	2	1	80	0.0125000
NODE_2626_length_1415_cov_38.272036	513	593	5	3	80	0.0375000
NODE_2626_length_1415_cov_38.272036	513	593	6	17	80	0.2125000
NODE_2626_length_1415_cov_38.272036	513	593	8	5	80	0.0625000
NODE_2626_length_1415_cov_38.272036	513	593	9	1	80	0.0125000
NODE_2626_length_1415_cov_38.272036	513	593	10	37	80	0.4625000
NODE_2626_length_1415_cov_38.272036	566	646	10	72	80	0.9000000
NODE_2626_length_1415_cov_38.272036	566	646	11	8	80	0.1000000
NODE_2627_length_1415_cov_17.232523	642	722	0	3	80	0.0375000
NODE_2627_length_1415_cov_17.232523	642	722	1	5	80	0.0625000
NODE_2627_length_1415_cov_17.232523	642	722	3	5	80	0.0625000
NODE_2627_length_1415_cov_17.232523	642	722	5	4	80	0.0500000
NODE_2627_length_1415_cov_17.232523	642	722	6	8	80	0.1000000
NODE_2627_length_1415_cov_17.232523	642	722	7	1	80	0.0125000
NODE_2627_length_1415_cov_17.232523	642	722	8	1	80	0.0125000
NODE_2627_length_1415_cov_17.232523	642	722	9	26	80	0.3250000
NODE_2627_length_1415_cov_17.232523	642	722	10	4	80	0.0500000
NODE_2627_length_1415_cov_17.232523	642	722	11	1	80	0.0125000
NODE_2627_length_1415_cov_17.232523	642	722	12	3	80	0.0375000
NODE_2627_length_1415_cov_17.232523	642	722	13	10	80	0.1250000
NODE_2627_length_1415_cov_17.232523	642	722	14	9	80	0.1125000
NODE_2627_length_1415_cov_17.232523	695	775	10	4	80	0.0500000
NODE_2627_length_1415_cov_17.232523	695	775	11	1	80	0.0125000
NODE_2627_length_1415_cov_17.232523	695	775	12	8	80	0.1000000
NODE_2627_length_1415_cov_17.232523	695	775	13	10	80	0.1250000
NODE_2627_length_1415_cov_17.232523	695	775	14	57	80	0.7125000
NODE_2629_length_1414_cov_5.307985	1026	1106	1	15	80	0.1875000
NODE_2629_length_1414_cov_5.307985	1026	1106	3	4	80	0.0500000
NODE_2629_length_1414_cov_5.307985	1026	1106	5	61	80	0.7625000
NODE_2629_length_1414_cov_5.307985	1079	1159	2	44	80	0.5500000
NODE_2629_length_1414_cov_5.307985	1079	1159	4	4	80	0.0500000
NODE_2629_length_1414_cov_5.307985	1079	1159	5	32	80	0.4000000
NODE_2637_length_1412_cov_17.723534	875	955	3	25	80	0.3125000
NODE_2637_length_1412_cov_17.723534	875	955	5	55	80	0.6875000
NODE_2637_length_1412_cov_17.723534	928	1008	4	19	80	0.2375000
NODE_2637_length_1412_cov_17.723534	928	1008	5	61	80	0.7625000
NODE_2641_length_1411_cov_34.004573	516	596	19	10	80	0.1250000
NODE_2641_length_1411_cov_34.004573	516	596	20	12	80	0.1500000
NODE_2641_length_1411_cov_34.004573	516	596	21	19	80	0.2375000
NODE_2641_length_1411_cov_34.004573	516	596	22	14	80	0.1750000
NODE_2641_length_1411_cov_34.004573	516	596	23	7	80	0.0875000
NODE_2641_length_1411_cov_34.004573	516	596	24	18	80	0.2250000
NODE_2641_length_1411_cov_34.004573	569	649	13	5	80	0.0625000
NODE_2641_length_1411_cov_34.004573	569	649	14	7	80	0.0875000
NODE_2641_length_1411_cov_34.004573	569	649	15	8	80	0.1000000
NODE_2641_length_1411_cov_34.004573	569	649	16	12	80	0.1500000
NODE_2641_length_1411_cov_34.004573	569	649	17	16	80	0.2000000
NODE_2641_length_1411_cov_34.004573	569	649	18	4	80	0.0500000
NODE_2641_length_1411_cov_34.004573	569	649	19	7	80	0.0875000
NODE_2641_length_1411_cov_34.004573	569	649	20	12	80	0.1500000
NODE_2641_length_1411_cov_34.004573	569	649	22	5	80	0.0625000
NODE_2641_length_1411_cov_34.004573	569	649	23	1	80	0.0125000
NODE_2641_length_1411_cov_34.004573	569	649	24	3	80	0.0375000
NODE_2641_length_1411_cov_34.004573	645	725	7	7	80	0.0875000
NODE_2641_length_1411_cov_34.004573	645	725	8	16	80	0.2000000
NODE_2641_length_1411_cov_34.004573	645	725	9	32	80	0.4000000
NODE_2641_length_1411_cov_34.004573	645	725	11	5	80	0.0625000
NODE_2641_length_1411_cov_34.004573	645	725	12	3	80	0.0375000
NODE_2641_length_1411_cov_34.004573	645	725	13	8	80	0.1000000
NODE_2641_length_1411_cov_34.004573	645	725	14	9	80	0.1125000
NODE_2641_length_1411_cov_34.004573	698	778	3	6	80	0.0750000
NODE_2641_length_1411_cov_34.004573	698	778	4	3	80	0.0375000
NODE_2641_length_1411_cov_34.004573	698	778	5	3	80	0.0375000
NODE_2641_length_1411_cov_34.004573	698	778	6	2	80	0.0250000
NODE_2641_length_1411_cov_34.004573	698	778	7	46	80	0.5750000
NODE_2641_length_1411_cov_34.004573	698	778	8	16	80	0.2000000
NODE_2641_length_1411_cov_34.004573	698	778	9	4	80	0.0500000
NODE_2643_length_1409_cov_25.380153	828	908	3	34	80	0.4250000
NODE_2643_length_1409_cov_25.380153	828	908	4	5	80	0.0625000
NODE_2643_length_1409_cov_25.380153	828	908	6	7	80	0.0875000
NODE_2643_length_1409_cov_25.380153	828	908	7	34	80	0.4250000
NODE_2643_length_1409_cov_25.380153	881	961	5	31	80	0.3875000
NODE_2643_length_1409_cov_25.380153	881	961	6	18	80	0.2250000
NODE_2643_length_1409_cov_25.380153	881	961	7	31	80	0.3875000
NODE_2644_length_1409_cov_13.028244	349	405	2	39	56	0.6964286
NODE_2644_length_1409_cov_13.028244	349	405	3	17	56	0.3035714
NODE_2644_length_1409_cov_13.028244	416	482	1	66	66	1.0000000
NODE_2648_length_1408_cov_6.261268	492	572	3	75	80	0.9375000
NODE_2648_length_1408_cov_6.261268	492	572	4	5	80	0.0625000
NODE_2648_length_1408_cov_6.261268	545	625	2	1	80	0.0125000
NODE_2648_length_1408_cov_6.261268	545	625	3	62	80	0.7750000
NODE_2648_length_1408_cov_6.261268	545	625	4	17	80	0.2125000
NODE_2652_length_1407_cov_27.711009	772	852	0	20	80	0.2500000
NODE_2652_length_1407_cov_27.711009	772	852	2	16	80	0.2000000
NODE_2652_length_1407_cov_27.711009	772	852	3	44	80	0.5500000
NODE_2652_length_1407_cov_27.711009	825	905	2	4	80	0.0500000
NODE_2652_length_1407_cov_27.711009	825	905	3	42	80	0.5250000
NODE_2652_length_1407_cov_27.711009	825	905	4	34	80	0.4250000
NODE_2653_length_1407_cov_24.387615	586	666	4	68	80	0.8500000
NODE_2653_length_1407_cov_24.387615	586	666	5	12	80	0.1500000
NODE_2653_length_1407_cov_24.387615	639	719	3	48	80	0.6000000
NODE_2653_length_1407_cov_24.387615	639	719	4	23	80	0.2875000
NODE_2653_length_1407_cov_24.387615	639	719	5	9	80	0.1125000
NODE_2653_length_1407_cov_24.387615	715	795	2	3	80	0.0375000
NODE_2653_length_1407_cov_24.387615	715	795	3	69	80	0.8625000
NODE_2653_length_1407_cov_24.387615	715	795	4	8	80	0.1000000
NODE_2653_length_1407_cov_24.387615	768	848	2	45	80	0.5625000
NODE_2653_length_1407_cov_24.387615	768	848	3	35	80	0.4375000
NODE_2654_length_1407_cov_19.022936	551	629	6	6	78	0.0769231
NODE_2654_length_1407_cov_19.022936	551	629	10	1	78	0.0128205
NODE_2654_length_1407_cov_19.022936	551	629	11	28	78	0.3589744
NODE_2654_length_1407_cov_19.022936	551	629	12	11	78	0.1410256
NODE_2654_length_1407_cov_19.022936	551	629	13	6	78	0.0769231
NODE_2654_length_1407_cov_19.022936	551	629	14	26	78	0.3333333
NODE_2654_length_1407_cov_19.022936	602	665	6	12	63	0.1904762
NODE_2654_length_1407_cov_19.022936	602	665	7	1	63	0.0158730
NODE_2654_length_1407_cov_19.022936	602	665	8	1	63	0.0158730
NODE_2654_length_1407_cov_19.022936	602	665	11	2	63	0.0317460
NODE_2654_length_1407_cov_19.022936	602	665	12	25	63	0.3968254
NODE_2654_length_1407_cov_19.022936	602	665	13	1	63	0.0158730
NODE_2654_length_1407_cov_19.022936	602	665	14	21	63	0.3333333
NODE_2655_length_1407_cov_11.266820	813	893	2	31	80	0.3875000
NODE_2655_length_1407_cov_11.266820	813	893	6	40	80	0.5000000
NODE_2655_length_1407_cov_11.266820	813	893	7	9	80	0.1125000
NODE_2655_length_1407_cov_11.266820	866	946	5	14	80	0.1750000
NODE_2655_length_1407_cov_11.266820	866	946	6	18	80	0.2250000
NODE_2655_length_1407_cov_11.266820	866	946	7	48	80	0.6000000
NODE_2655_length_1407_cov_11.266820	942	1022	4	28	80	0.3500000
NODE_2655_length_1407_cov_11.266820	942	1022	5	6	80	0.0750000
NODE_2655_length_1407_cov_11.266820	942	1022	6	39	80	0.4875000
NODE_2655_length_1407_cov_11.266820	942	1022	8	7	80	0.0875000
NODE_2655_length_1407_cov_11.266820	995	1075	3	41	80	0.5125000
NODE_2655_length_1407_cov_11.266820	995	1075	4	39	80	0.4875000
NODE_2657_length_1406_cov_7.247896	761	841	1	7	80	0.0875000
NODE_2657_length_1406_cov_7.247896	761	841	2	3	80	0.0375000
NODE_2657_length_1406_cov_7.247896	761	841	5	70	80	0.8750000
NODE_2657_length_1406_cov_7.247896	814	894	1	60	80	0.7500000
NODE_2657_length_1406_cov_7.247896	814	894	2	3	80	0.0375000
NODE_2657_length_1406_cov_7.247896	814	894	5	17	80	0.2125000
NODE_2659_length_1404_cov_23.406130	826	906	8	8	80	0.1000000
NODE_2659_length_1404_cov_23.406130	826	906	10	9	80	0.1125000
NODE_2659_length_1404_cov_23.406130	826	906	11	3	80	0.0375000
NODE_2659_length_1404_cov_23.406130	826	906	12	13	80	0.1625000
NODE_2659_length_1404_cov_23.406130	826	906	13	13	80	0.1625000
NODE_2659_length_1404_cov_23.406130	826	906	14	21	80	0.2625000
NODE_2659_length_1404_cov_23.406130	826	906	15	13	80	0.1625000
NODE_2659_length_1404_cov_23.406130	879	959	9	27	80	0.3375000
NODE_2659_length_1404_cov_23.406130	879	959	11	12	80	0.1500000
NODE_2659_length_1404_cov_23.406130	879	959	12	5	80	0.0625000
NODE_2659_length_1404_cov_23.406130	879	959	13	7	80	0.0875000
NODE_2659_length_1404_cov_23.406130	879	959	14	14	80	0.1750000
NODE_2659_length_1404_cov_23.406130	879	959	15	15	80	0.1875000
NODE_2659_length_1404_cov_23.406130	955	1035	3	13	80	0.1625000
NODE_2659_length_1404_cov_23.406130	955	1035	4	37	80	0.4625000
NODE_2659_length_1404_cov_23.406130	955	1035	5	2	80	0.0250000
NODE_2659_length_1404_cov_23.406130	955	1035	6	8	80	0.1000000
NODE_2659_length_1404_cov_23.406130	955	1035	8	1	80	0.0125000
NODE_2659_length_1404_cov_23.406130	955	1035	9	19	80	0.2375000
NODE_2659_length_1404_cov_23.406130	1008	1088	2	3	80	0.0375000
NODE_2659_length_1404_cov_23.406130	1008	1088	3	13	80	0.1625000
NODE_2659_length_1404_cov_23.406130	1008	1088	4	64	80	0.8000000
NODE_2666_length_1403_cov_14.331288	325	405	0	80	80	1.0000000
NODE_2666_length_1403_cov_14.331288	378	458	0	65	80	0.8125000
NODE_2666_length_1403_cov_14.331288	378	458	1	15	80	0.1875000
NODE_2666_length_1403_cov_14.331288	454	534	1	28	80	0.3500000
NODE_2666_length_1403_cov_14.331288	454	534	2	52	80	0.6500000
NODE_2666_length_1403_cov_14.331288	454	534	1	28	80	0.3500000
NODE_2666_length_1403_cov_14.331288	454	534	2	52	80	0.6500000
NODE_2666_length_1403_cov_14.331288	454	524	1	28	70	0.4000000
NODE_2666_length_1403_cov_14.331288	454	524	2	42	70	0.6000000
NODE_2666_length_1403_cov_14.331288	507	587	1	34	80	0.4250000
NODE_2666_length_1403_cov_14.331288	507	587	2	46	80	0.5750000
NODE_2666_length_1403_cov_14.331288	507	579	1	26	72	0.3611111
NODE_2666_length_1403_cov_14.331288	507	579	2	46	72	0.6388889
NODE_2668_length_1402_cov_29.095165	610	690	1	51	80	0.6375000
NODE_2668_length_1402_cov_29.095165	610	690	2	29	80	0.3625000
NODE_2668_length_1402_cov_29.095165	663	743	0	46	80	0.5750000
NODE_2668_length_1402_cov_29.095165	663	743	1	34	80	0.4250000
NODE_2669_length_1402_cov_23.411358	528	608	0	8	80	0.1000000
NODE_2669_length_1402_cov_23.411358	528	608	1	1	80	0.0125000
NODE_2669_length_1402_cov_23.411358	528	608	2	3	80	0.0375000
NODE_2669_length_1402_cov_23.411358	528	608	3	4	80	0.0500000
NODE_2669_length_1402_cov_23.411358	528	608	4	64	80	0.8000000
NODE_2669_length_1402_cov_23.411358	581	661	4	63	80	0.7875000
NODE_2669_length_1402_cov_23.411358	581	661	6	17	80	0.2125000
NODE_2669_length_1402_cov_23.411358	657	737	6	23	80	0.2875000
NODE_2669_length_1402_cov_23.411358	657	737	7	4	80	0.0500000
NODE_2669_length_1402_cov_23.411358	657	737	8	8	80	0.1000000
NODE_2669_length_1402_cov_23.411358	657	737	9	39	80	0.4875000
NODE_2669_length_1402_cov_23.411358	657	737	10	6	80	0.0750000
NODE_2669_length_1402_cov_23.411358	710	790	3	5	80	0.0625000
NODE_2669_length_1402_cov_23.411358	710	790	7	19	80	0.2375000
NODE_2669_length_1402_cov_23.411358	710	790	9	56	80	0.7000000
NODE_2670_length_1402_cov_11.732924	661	741	3	11	80	0.1375000
NODE_2670_length_1402_cov_11.732924	661	741	4	10	80	0.1250000
NODE_2670_length_1402_cov_11.732924	661	741	5	39	80	0.4875000
NODE_2670_length_1402_cov_11.732924	661	741	6	13	80	0.1625000
NODE_2670_length_1402_cov_11.732924	661	741	7	7	80	0.0875000
NODE_2670_length_1402_cov_11.732924	714	794	5	44	80	0.5500000
NODE_2670_length_1402_cov_11.732924	714	794	6	29	80	0.3625000
NODE_2670_length_1402_cov_11.732924	714	794	7	7	80	0.0875000
NODE_2671_length_1402_cov_9.929394	766	846	0	80	80	1.0000000
NODE_2671_length_1402_cov_9.929394	819	899	0	80	80	1.0000000
NODE_2677_length_1401_cov_35.754992	825	905	7	18	80	0.2250000
NODE_2677_length_1401_cov_35.754992	825	905	8	10	80	0.1250000
NODE_2677_length_1401_cov_35.754992	825	905	9	10	80	0.1250000
NODE_2677_length_1401_cov_35.754992	825	905	10	4	80	0.0500000
NODE_2677_length_1401_cov_35.754992	825	905	11	19	80	0.2375000
NODE_2677_length_1401_cov_35.754992	825	905	12	5	80	0.0625000
NODE_2677_length_1401_cov_35.754992	825	905	14	2	80	0.0250000
NODE_2677_length_1401_cov_35.754992	825	905	16	12	80	0.1500000
NODE_2677_length_1401_cov_35.754992	878	958	11	8	80	0.1000000
NODE_2677_length_1401_cov_35.754992	878	958	12	5	80	0.0625000
NODE_2677_length_1401_cov_35.754992	878	958	13	6	80	0.0750000
NODE_2677_length_1401_cov_35.754992	878	958	14	3	80	0.0375000
NODE_2677_length_1401_cov_35.754992	878	958	15	9	80	0.1125000
NODE_2677_length_1401_cov_35.754992	878	958	16	18	80	0.2250000
NODE_2677_length_1401_cov_35.754992	878	958	17	2	80	0.0250000
NODE_2677_length_1401_cov_35.754992	878	958	18	29	80	0.3625000
NODE_2678_length_1401_cov_10.811828	539	619	1	4	80	0.0500000
NODE_2678_length_1401_cov_10.811828	539	619	2	12	80	0.1500000
NODE_2678_length_1401_cov_10.811828	539	619	4	34	80	0.4250000
NODE_2678_length_1401_cov_10.811828	539	619	5	7	80	0.0875000
NODE_2678_length_1401_cov_10.811828	539	619	6	23	80	0.2875000
NODE_2678_length_1401_cov_10.811828	592	672	3	10	80	0.1250000
NODE_2678_length_1401_cov_10.811828	592	672	4	14	80	0.1750000
NODE_2678_length_1401_cov_10.811828	592	672	5	4	80	0.0500000
NODE_2678_length_1401_cov_10.811828	592	672	6	52	80	0.6500000
NODE_2679_length_1401_cov_5.438556	241	321	4	80	80	1.0000000
NODE_2679_length_1401_cov_5.438556	294	374	1	22	80	0.2750000
NODE_2679_length_1401_cov_5.438556	294	374	2	5	80	0.0625000
NODE_2679_length_1401_cov_5.438556	294	374	3	16	80	0.2000000
NODE_2679_length_1401_cov_5.438556	294	374	4	37	80	0.4625000
NODE_2683_length_1400_cov_16.680246	813	893	6	68	80	0.8500000
NODE_2683_length_1400_cov_16.680246	813	893	7	12	80	0.1500000
NODE_2683_length_1400_cov_16.680246	866	946	4	6	80	0.0750000
NODE_2683_length_1400_cov_16.680246	866	946	5	19	80	0.2375000
NODE_2683_length_1400_cov_16.680246	866	946	6	27	80	0.3375000
NODE_2683_length_1400_cov_16.680246	866	946	7	26	80	0.3250000
NODE_2683_length_1400_cov_16.680246	866	946	9	2	80	0.0250000
NODE_2684_length_1400_cov_8.166795	53	133	0	24	80	0.3000000
NODE_2684_length_1400_cov_8.166795	53	133	1	56	80	0.7000000
NODE_2684_length_1400_cov_8.166795	106	186	1	30	80	0.3750000
NODE_2684_length_1400_cov_8.166795	106	186	2	50	80	0.6250000
NODE_2694_length_1397_cov_25.549307	869	918	7	6	49	0.1224490
NODE_2694_length_1397_cov_25.549307	869	918	8	17	49	0.3469388
NODE_2694_length_1397_cov_25.549307	869	918	9	5	49	0.1020408
NODE_2694_length_1397_cov_25.549307	869	918	10	5	49	0.1020408
NODE_2694_length_1397_cov_25.549307	869	918	11	16	49	0.3265306
NODE_2694_length_1397_cov_25.549307	891	971	7	16	80	0.2000000
NODE_2694_length_1397_cov_25.549307	891	971	8	16	80	0.2000000
NODE_2694_length_1397_cov_25.549307	891	971	9	27	80	0.3375000
NODE_2694_length_1397_cov_25.549307	891	971	10	5	80	0.0625000
NODE_2694_length_1397_cov_25.549307	891	971	11	16	80	0.2000000
NODE_2695_length_1397_cov_14.395223	672	752	3	3	80	0.0375000
NODE_2695_length_1397_cov_14.395223	672	752	4	14	80	0.1750000
NODE_2695_length_1397_cov_14.395223	672	752	5	13	80	0.1625000
NODE_2695_length_1397_cov_14.395223	672	752	6	42	80	0.5250000
NODE_2695_length_1397_cov_14.395223	672	752	7	8	80	0.1000000
NODE_2695_length_1397_cov_14.395223	725	805	6	19	80	0.2375000
NODE_2695_length_1397_cov_14.395223	725	805	7	54	80	0.6750000
NODE_2695_length_1397_cov_14.395223	725	805	8	7	80	0.0875000
NODE_2695_length_1397_cov_14.395223	801	881	4	20	80	0.2500000
NODE_2695_length_1397_cov_14.395223	801	881	5	17	80	0.2125000
NODE_2695_length_1397_cov_14.395223	801	881	6	9	80	0.1125000
NODE_2695_length_1397_cov_14.395223	801	881	7	34	80	0.4250000
NODE_2695_length_1397_cov_14.395223	854	934	5	4	80	0.0500000
NODE_2695_length_1397_cov_14.395223	854	934	6	42	80	0.5250000
NODE_2695_length_1397_cov_14.395223	854	934	7	34	80	0.4250000
NODE_2699_length_1396_cov_21.656130	825	905	2	8	80	0.1000000
NODE_2699_length_1396_cov_21.656130	825	905	4	72	80	0.9000000
NODE_2699_length_1396_cov_21.656130	878	958	0	24	80	0.3000000
NODE_2699_length_1396_cov_21.656130	878	958	1	2	80	0.0250000
NODE_2699_length_1396_cov_21.656130	878	958	2	35	80	0.4375000
NODE_2699_length_1396_cov_21.656130	878	958	4	19	80	0.2375000
NODE_2700_length_1396_cov_18.108712	560	640	0	80	80	1.0000000
NODE_2700_length_1396_cov_18.108712	613	693	0	80	80	1.0000000
NODE_2701_length_1396_cov_16.208944	136	198	1	1	62	0.0161290
NODE_2701_length_1396_cov_16.208944	136	198	2	60	62	0.9677419
NODE_2701_length_1396_cov_16.208944	136	198	4	1	62	0.0161290
NODE_2701_length_1396_cov_16.208944	848	928	1	28	80	0.3500000
NODE_2701_length_1396_cov_16.208944	848	928	2	12	80	0.1500000
NODE_2701_length_1396_cov_16.208944	848	928	3	40	80	0.5000000
NODE_2701_length_1396_cov_16.208944	901	981	3	72	80	0.9000000
NODE_2701_length_1396_cov_16.208944	901	981	4	8	80	0.1000000
NODE_2701_length_1396_cov_16.208944	977	1057	1	20	80	0.2500000
NODE_2701_length_1396_cov_16.208944	977	1057	2	12	80	0.1500000
NODE_2701_length_1396_cov_16.208944	977	1057	3	48	80	0.6000000
NODE_2701_length_1396_cov_16.208944	1030	1110	1	73	80	0.9125000
NODE_2701_length_1396_cov_16.208944	1030	1110	2	7	80	0.0875000
NODE_2702_length_1396_cov_9.196608	428	508	6	27	80	0.3375000
NODE_2702_length_1396_cov_9.196608	428	508	7	3	80	0.0375000
NODE_2702_length_1396_cov_9.196608	428	508	8	34	80	0.4250000
NODE_2702_length_1396_cov_9.196608	428	508	10	6	80	0.0750000
NODE_2702_length_1396_cov_9.196608	428	508	12	10	80	0.1250000
NODE_2702_length_1396_cov_9.196608	481	561	7	6	80	0.0750000
NODE_2702_length_1396_cov_9.196608	481	561	8	21	80	0.2625000
NODE_2702_length_1396_cov_9.196608	481	561	9	3	80	0.0375000
NODE_2702_length_1396_cov_9.196608	481	561	10	24	80	0.3000000
NODE_2702_length_1396_cov_9.196608	481	561	11	8	80	0.1000000
NODE_2702_length_1396_cov_9.196608	481	561	12	18	80	0.2250000
NODE_2712_length_1394_cov_29.602317	349	415	0	66	66	1.0000000
NODE_2712_length_1394_cov_29.602317	349	416	0	67	67	1.0000000
NODE_2712_length_1394_cov_29.602317	1117	1197	3	3	80	0.0375000
NODE_2712_length_1394_cov_29.602317	1117	1197	5	17	80	0.2125000
NODE_2712_length_1394_cov_29.602317	1117	1197	6	39	80	0.4875000
NODE_2712_length_1394_cov_29.602317	1117	1197	7	21	80	0.2625000
NODE_2712_length_1394_cov_29.602317	1170	1250	3	10	80	0.1250000
NODE_2712_length_1394_cov_29.602317	1170	1250	5	37	80	0.4625000
NODE_2712_length_1394_cov_29.602317	1170	1250	6	6	80	0.0750000
NODE_2712_length_1394_cov_29.602317	1170	1250	7	27	80	0.3375000
NODE_2713_length_1394_cov_6.291892	313	393	2	65	80	0.8125000
NODE_2713_length_1394_cov_6.291892	313	393	3	11	80	0.1375000
NODE_2713_length_1394_cov_6.291892	313	393	4	4	80	0.0500000
NODE_2713_length_1394_cov_6.291892	366	446	2	12	80	0.1500000
NODE_2713_length_1394_cov_6.291892	366	446	3	64	80	0.8000000
NODE_2713_length_1394_cov_6.291892	366	446	4	4	80	0.0500000
NODE_2716_length_1393_cov_14.635240	1286	1339	0	3	53	0.0566038
NODE_2716_length_1393_cov_14.635240	1286	1339	1	17	53	0.3207547
NODE_2716_length_1393_cov_14.635240	1286	1339	2	33	53	0.6226415
NODE_2717_length_1393_cov_12.032457	737	817	4	25	80	0.3125000
NODE_2717_length_1393_cov_12.032457	737	817	5	28	80	0.3500000
NODE_2717_length_1393_cov_12.032457	737	817	6	27	80	0.3375000
NODE_2717_length_1393_cov_12.032457	790	870	4	63	80	0.7875000
NODE_2717_length_1393_cov_12.032457	790	870	5	1	80	0.0125000
NODE_2717_length_1393_cov_12.032457	790	870	6	16	80	0.2000000
NODE_2720_length_1392_cov_5.898685	270	350	1	33	80	0.4125000
NODE_2720_length_1392_cov_5.898685	270	350	2	47	80	0.5875000
NODE_2720_length_1392_cov_5.898685	323	399	2	76	76	1.0000000
NODE_2723_length_1391_cov_35.921827	415	495	6	18	80	0.2250000
NODE_2723_length_1391_cov_35.921827	415	495	8	49	80	0.6125000
NODE_2723_length_1391_cov_35.921827	415	495	9	10	80	0.1250000
NODE_2723_length_1391_cov_35.921827	415	495	10	3	80	0.0375000
NODE_2723_length_1391_cov_35.921827	468	548	8	17	80	0.2125000
NODE_2723_length_1391_cov_35.921827	468	548	9	26	80	0.3250000
NODE_2723_length_1391_cov_35.921827	468	548	10	30	80	0.3750000
NODE_2723_length_1391_cov_35.921827	468	548	11	7	80	0.0875000
NODE_2723_length_1391_cov_35.921827	544	624	6	9	80	0.1125000
NODE_2723_length_1391_cov_35.921827	544	624	7	10	80	0.1250000
NODE_2723_length_1391_cov_35.921827	544	624	8	49	80	0.6125000
NODE_2723_length_1391_cov_35.921827	544	624	9	7	80	0.0875000
NODE_2723_length_1391_cov_35.921827	544	624	10	1	80	0.0125000
NODE_2723_length_1391_cov_35.921827	544	624	11	4	80	0.0500000
NODE_2723_length_1391_cov_35.921827	597	677	8	45	80	0.5625000
NODE_2723_length_1391_cov_35.921827	597	677	9	8	80	0.1000000
NODE_2723_length_1391_cov_35.921827	597	677	10	15	80	0.1875000
NODE_2723_length_1391_cov_35.921827	597	677	11	12	80	0.1500000
NODE_2729_length_1390_cov_16.326878	550	630	3	11	80	0.1375000
NODE_2729_length_1390_cov_16.326878	550	630	4	49	80	0.6125000
NODE_2729_length_1390_cov_16.326878	550	630	5	12	80	0.1500000
NODE_2729_length_1390_cov_16.326878	550	630	6	8	80	0.1000000
NODE_2729_length_1390_cov_16.326878	603	683	2	25	80	0.3125000
NODE_2729_length_1390_cov_16.326878	603	683	3	6	80	0.0750000
NODE_2729_length_1390_cov_16.326878	603	683	4	25	80	0.3125000
NODE_2729_length_1390_cov_16.326878	603	683	5	24	80	0.3000000
NODE_2731_length_1389_cov_29.772093	780	860	3	3	80	0.0375000
NODE_2731_length_1389_cov_29.772093	780	860	5	37	80	0.4625000
NODE_2731_length_1389_cov_29.772093	780	860	6	17	80	0.2125000
NODE_2731_length_1389_cov_29.772093	780	860	7	23	80	0.2875000
NODE_2731_length_1389_cov_29.772093	833	913	1	8	80	0.1000000
NODE_2731_length_1389_cov_29.772093	833	913	2	43	80	0.5375000
NODE_2731_length_1389_cov_29.772093	833	913	3	5	80	0.0625000
NODE_2731_length_1389_cov_29.772093	833	913	5	24	80	0.3000000
NODE_2732_length_1389_cov_12.858140	821	901	1	80	80	1.0000000
NODE_2732_length_1389_cov_12.858140	874	954	1	69	80	0.8625000
NODE_2732_length_1389_cov_12.858140	874	954	2	11	80	0.1375000
NODE_2735_length_1388_cov_14.641583	529	610	1	81	81	1.0000000
NODE_2735_length_1388_cov_14.641583	583	660	0	46	77	0.5974026
NODE_2735_length_1388_cov_14.641583	583	660	1	31	77	0.4025974
NODE_2736_length_1388_cov_5.168348	427	499	18	11	72	0.1527778
NODE_2736_length_1388_cov_5.168348	427	499	19	12	72	0.1666667
NODE_2736_length_1388_cov_5.168348	427	499	20	17	72	0.2361111
NODE_2736_length_1388_cov_5.168348	427	499	22	23	72	0.3194444
NODE_2736_length_1388_cov_5.168348	427	499	23	6	72	0.0833333
NODE_2736_length_1388_cov_5.168348	427	499	24	3	72	0.0416667
NODE_2742_length_1386_cov_55.384615	559	639	3	1	80	0.0125000
NODE_2742_length_1386_cov_55.384615	559	639	5	21	80	0.2625000
NODE_2742_length_1386_cov_55.384615	559	639	7	8	80	0.1000000
NODE_2742_length_1386_cov_55.384615	559	639	8	50	80	0.6250000
NODE_2742_length_1386_cov_55.384615	612	692	3	6	80	0.0750000
NODE_2742_length_1386_cov_55.384615	612	692	4	3	80	0.0375000
NODE_2742_length_1386_cov_55.384615	612	692	5	5	80	0.0625000
NODE_2742_length_1386_cov_55.384615	612	692	6	24	80	0.3000000
NODE_2742_length_1386_cov_55.384615	612	692	7	3	80	0.0375000
NODE_2742_length_1386_cov_55.384615	612	692	8	39	80	0.4875000
NODE_2742_length_1386_cov_55.384615	688	768	3	42	80	0.5250000
NODE_2742_length_1386_cov_55.384615	688	768	4	11	80	0.1375000
NODE_2742_length_1386_cov_55.384615	688	768	5	9	80	0.1125000
NODE_2742_length_1386_cov_55.384615	688	768	6	9	80	0.1125000
NODE_2742_length_1386_cov_55.384615	688	768	8	9	80	0.1125000
NODE_2742_length_1386_cov_55.384615	741	821	4	9	80	0.1125000
NODE_2742_length_1386_cov_55.384615	741	821	6	9	80	0.1125000
NODE_2742_length_1386_cov_55.384615	741	821	8	62	80	0.7750000
NODE_2744_length_1386_cov_13.181041	549	629	7	16	80	0.2000000
NODE_2744_length_1386_cov_13.181041	549	629	8	32	80	0.4000000
NODE_2744_length_1386_cov_13.181041	549	629	9	26	80	0.3250000
NODE_2744_length_1386_cov_13.181041	549	629	10	6	80	0.0750000
NODE_2744_length_1386_cov_13.181041	602	682	2	6	80	0.0750000
NODE_2744_length_1386_cov_13.181041	602	682	3	1	80	0.0125000
NODE_2744_length_1386_cov_13.181041	602	682	4	4	80	0.0500000
NODE_2744_length_1386_cov_13.181041	602	682	6	7	80	0.0875000
NODE_2744_length_1386_cov_13.181041	602	682	8	28	80	0.3500000
NODE_2744_length_1386_cov_13.181041	602	682	9	26	80	0.3250000
NODE_2744_length_1386_cov_13.181041	602	682	10	8	80	0.1000000
NODE_2748_length_1385_cov_41.636081	968	1048	21	1	80	0.0125000
NODE_2748_length_1385_cov_41.636081	968	1048	22	7	80	0.0875000
NODE_2748_length_1385_cov_41.636081	968	1048	23	11	80	0.1375000
NODE_2748_length_1385_cov_41.636081	968	1048	25	7	80	0.0875000
NODE_2748_length_1385_cov_41.636081	968	1048	26	12	80	0.1500000
NODE_2748_length_1385_cov_41.636081	968	1048	27	42	80	0.5250000
NODE_2748_length_1385_cov_41.636081	1021	1101	10	3	80	0.0375000
NODE_2748_length_1385_cov_41.636081	1021	1101	11	7	80	0.0875000
NODE_2748_length_1385_cov_41.636081	1021	1101	13	1	80	0.0125000
NODE_2748_length_1385_cov_41.636081	1021	1101	14	11	80	0.1375000
NODE_2748_length_1385_cov_41.636081	1021	1101	15	7	80	0.0875000
NODE_2748_length_1385_cov_41.636081	1021	1101	21	3	80	0.0375000
NODE_2748_length_1385_cov_41.636081	1021	1101	24	2	80	0.0250000
NODE_2748_length_1385_cov_41.636081	1021	1101	25	5	80	0.0625000
NODE_2748_length_1385_cov_41.636081	1021	1101	26	21	80	0.2625000
NODE_2748_length_1385_cov_41.636081	1021	1101	27	20	80	0.2500000
NODE_2749_length_1385_cov_38.877138	707	787	12	11	80	0.1375000
NODE_2749_length_1385_cov_38.877138	707	787	13	2	80	0.0250000
NODE_2749_length_1385_cov_38.877138	707	787	14	4	80	0.0500000
NODE_2749_length_1385_cov_38.877138	707	787	15	7	80	0.0875000
NODE_2749_length_1385_cov_38.877138	707	787	16	1	80	0.0125000
NODE_2749_length_1385_cov_38.877138	707	787	17	12	80	0.1500000
NODE_2749_length_1385_cov_38.877138	707	787	18	2	80	0.0250000
NODE_2749_length_1385_cov_38.877138	707	787	19	10	80	0.1250000
NODE_2749_length_1385_cov_38.877138	707	787	20	31	80	0.3875000
NODE_2749_length_1385_cov_38.877138	760	840	15	20	80	0.2500000
NODE_2749_length_1385_cov_38.877138	760	840	16	5	80	0.0625000
NODE_2749_length_1385_cov_38.877138	760	840	17	26	80	0.3250000
NODE_2749_length_1385_cov_38.877138	760	840	18	1	80	0.0125000
NODE_2749_length_1385_cov_38.877138	760	840	19	15	80	0.1875000
NODE_2749_length_1385_cov_38.877138	760	840	20	13	80	0.1625000
NODE_2749_length_1385_cov_38.877138	836	916	11	10	80	0.1250000
NODE_2749_length_1385_cov_38.877138	836	916	12	24	80	0.3000000
NODE_2749_length_1385_cov_38.877138	836	916	13	1	80	0.0125000
NODE_2749_length_1385_cov_38.877138	836	916	15	17	80	0.2125000
NODE_2749_length_1385_cov_38.877138	836	916	16	11	80	0.1375000
NODE_2749_length_1385_cov_38.877138	836	916	17	5	80	0.0625000
NODE_2749_length_1385_cov_38.877138	836	916	18	12	80	0.1500000
NODE_2749_length_1385_cov_38.877138	889	969	9	12	80	0.1500000
NODE_2749_length_1385_cov_38.877138	889	969	10	2	80	0.0250000
NODE_2749_length_1385_cov_38.877138	889	969	11	20	80	0.2500000
NODE_2749_length_1385_cov_38.877138	889	969	12	30	80	0.3750000
NODE_2749_length_1385_cov_38.877138	889	969	13	16	80	0.2000000
NODE_2751_length_1385_cov_4.608865	844	904	0	60	60	1.0000000
NODE_2758_length_1384_cov_10.574319	865	922	5	39	57	0.6842105
NODE_2758_length_1384_cov_10.574319	865	922	6	18	57	0.3157895
NODE_2758_length_1384_cov_10.574319	933	1013	1	3	80	0.0375000
NODE_2758_length_1384_cov_10.574319	933	1013	2	76	80	0.9500000
NODE_2758_length_1384_cov_10.574319	933	1013	4	1	80	0.0125000
NODE_2758_length_1384_cov_10.574319	986	1066	2	26	80	0.3250000
NODE_2758_length_1384_cov_10.574319	986	1066	4	54	80	0.6750000
NODE_2759_length_1383_cov_10.710280	414	493	0	7	79	0.0886076
NODE_2759_length_1383_cov_10.710280	414	493	1	72	79	0.9113924
NODE_2759_length_1383_cov_10.710280	466	546	1	80	80	1.0000000
NODE_2763_length_1382_cov_12.521434	837	917	4	24	80	0.3000000
NODE_2763_length_1382_cov_12.521434	837	917	5	31	80	0.3875000
NODE_2763_length_1382_cov_12.521434	837	917	6	4	80	0.0500000
NODE_2763_length_1382_cov_12.521434	837	917	7	2	80	0.0250000
NODE_2763_length_1382_cov_12.521434	837	917	8	19	80	0.2375000
NODE_2763_length_1382_cov_12.521434	890	970	5	12	80	0.1500000
NODE_2763_length_1382_cov_12.521434	890	970	6	4	80	0.0500000
NODE_2763_length_1382_cov_12.521434	890	970	7	5	80	0.0625000
NODE_2763_length_1382_cov_12.521434	890	970	8	50	80	0.6250000
NODE_2763_length_1382_cov_12.521434	890	970	9	9	80	0.1125000
NODE_2764_length_1382_cov_5.074045	1028	1108	3	2	80	0.0250000
NODE_2764_length_1382_cov_5.074045	1028	1108	4	17	80	0.2125000
NODE_2764_length_1382_cov_5.074045	1028	1108	5	44	80	0.5500000
NODE_2764_length_1382_cov_5.074045	1028	1108	6	17	80	0.2125000
NODE_2764_length_1382_cov_5.074045	1081	1161	5	11	80	0.1375000
NODE_2764_length_1382_cov_5.074045	1081	1161	6	31	80	0.3875000
NODE_2764_length_1382_cov_5.074045	1081	1161	7	38	80	0.4750000
NODE_2771_length_1381_cov_7.796412	307	387	3	13	80	0.1625000
NODE_2771_length_1381_cov_7.796412	307	387	4	38	80	0.4750000
NODE_2771_length_1381_cov_7.796412	307	387	5	29	80	0.3625000
NODE_2771_length_1381_cov_7.796412	360	440	4	44	80	0.5500000
NODE_2771_length_1381_cov_7.796412	360	440	5	36	80	0.4500000
NODE_2775_length_1380_cov_12.804059	835	915	2	20	80	0.2500000
NODE_2775_length_1380_cov_12.804059	835	915	3	16	80	0.2000000
NODE_2775_length_1380_cov_12.804059	835	915	4	44	80	0.5500000
NODE_2775_length_1380_cov_12.804059	888	968	1	38	80	0.4750000
NODE_2775_length_1380_cov_12.804059	888	968	2	35	80	0.4375000
NODE_2775_length_1380_cov_12.804059	888	968	3	7	80	0.0875000
NODE_2782_length_1378_cov_25.362002	368	448	2	2	80	0.0250000
NODE_2782_length_1378_cov_25.362002	368	448	3	36	80	0.4500000
NODE_2782_length_1378_cov_25.362002	368	448	4	42	80	0.5250000
NODE_2782_length_1378_cov_25.362002	421	501	4	30	80	0.3750000
NODE_2782_length_1378_cov_25.362002	421	501	5	7	80	0.0875000
NODE_2782_length_1378_cov_25.362002	421	501	6	28	80	0.3500000
NODE_2782_length_1378_cov_25.362002	421	501	7	11	80	0.1375000
NODE_2782_length_1378_cov_25.362002	421	501	9	4	80	0.0500000
NODE_2782_length_1378_cov_25.362002	497	577	7	27	80	0.3375000
NODE_2782_length_1378_cov_25.362002	497	577	8	23	80	0.2875000
NODE_2782_length_1378_cov_25.362002	497	577	9	19	80	0.2375000
NODE_2782_length_1378_cov_25.362002	497	577	10	11	80	0.1375000
NODE_2782_length_1378_cov_25.362002	550	630	7	12	80	0.1500000
NODE_2782_length_1378_cov_25.362002	550	630	8	22	80	0.2750000
NODE_2782_length_1378_cov_25.362002	550	630	9	11	80	0.1375000
NODE_2782_length_1378_cov_25.362002	550	630	10	35	80	0.4375000
NODE_2783_length_1378_cov_20.508210	318	338	4	16	20	0.8000000
NODE_2783_length_1378_cov_20.508210	318	338	5	4	20	0.2000000
NODE_2783_length_1378_cov_20.508210	318	391	4	16	73	0.2191781
NODE_2783_length_1378_cov_20.508210	318	391	5	25	73	0.3424658
NODE_2783_length_1378_cov_20.508210	318	391	7	19	73	0.2602740
NODE_2783_length_1378_cov_20.508210	318	391	9	7	73	0.0958904
NODE_2783_length_1378_cov_20.508210	318	391	10	5	73	0.0684932
NODE_2783_length_1378_cov_20.508210	318	391	12	1	73	0.0136986
NODE_2785_length_1377_cov_103.832551	1259	1299	41	6	40	0.1500000
NODE_2785_length_1377_cov_103.832551	1259	1299	42	2	40	0.0500000
NODE_2785_length_1377_cov_103.832551	1259	1299	43	13	40	0.3250000
NODE_2785_length_1377_cov_103.832551	1259	1299	45	1	40	0.0250000
NODE_2785_length_1377_cov_103.832551	1259	1299	46	4	40	0.1000000
NODE_2785_length_1377_cov_103.832551	1259	1299	47	1	40	0.0250000
NODE_2785_length_1377_cov_103.832551	1259	1299	48	7	40	0.1750000
NODE_2785_length_1377_cov_103.832551	1259	1299	49	2	40	0.0500000
NODE_2785_length_1377_cov_103.832551	1259	1299	50	4	40	0.1000000
NODE_2788_length_1376_cov_7.967110	904	984	4	39	80	0.4875000
NODE_2788_length_1376_cov_7.967110	904	984	5	8	80	0.1000000
NODE_2788_length_1376_cov_7.967110	904	984	6	33	80	0.4125000
NODE_2788_length_1376_cov_7.967110	957	1037	3	22	80	0.2750000
NODE_2788_length_1376_cov_7.967110	957	1037	4	16	80	0.2000000
NODE_2788_length_1376_cov_7.967110	957	1037	5	23	80	0.2875000
NODE_2788_length_1376_cov_7.967110	957	1037	6	19	80	0.2375000
NODE_2798_length_1373_cov_52.691523	524	606	10	15	82	0.1829268
NODE_2798_length_1373_cov_52.691523	524	606	12	1	82	0.0121951
NODE_2798_length_1373_cov_52.691523	524	606	13	4	82	0.0487805
NODE_2798_length_1373_cov_52.691523	524	606	15	2	82	0.0243902
NODE_2798_length_1373_cov_52.691523	524	606	16	2	82	0.0243902
NODE_2798_length_1373_cov_52.691523	524	606	17	4	82	0.0487805
NODE_2798_length_1373_cov_52.691523	524	606	19	3	82	0.0365854
NODE_2798_length_1373_cov_52.691523	524	606	20	2	82	0.0243902
NODE_2798_length_1373_cov_52.691523	524	606	21	2	82	0.0243902
NODE_2798_length_1373_cov_52.691523	524	606	23	4	82	0.0487805
NODE_2798_length_1373_cov_52.691523	524	606	24	26	82	0.3170732
NODE_2798_length_1373_cov_52.691523	524	606	25	5	82	0.0609756
NODE_2798_length_1373_cov_52.691523	524	606	26	10	82	0.1219512
NODE_2798_length_1373_cov_52.691523	524	606	27	2	82	0.0243902
NODE_2798_length_1373_cov_52.691523	579	659	17	4	80	0.0500000
NODE_2798_length_1373_cov_52.691523	579	659	19	7	80	0.0875000
NODE_2798_length_1373_cov_52.691523	579	659	21	9	80	0.1125000
NODE_2798_length_1373_cov_52.691523	579	659	22	8	80	0.1000000
NODE_2798_length_1373_cov_52.691523	579	659	23	5	80	0.0625000
NODE_2798_length_1373_cov_52.691523	579	659	24	10	80	0.1250000
NODE_2798_length_1373_cov_52.691523	579	659	25	16	80	0.2000000
NODE_2798_length_1373_cov_52.691523	579	659	26	10	80	0.1250000
NODE_2798_length_1373_cov_52.691523	579	659	27	11	80	0.1375000
NODE_2799_length_1373_cov_20.880691	987	1067	7	53	80	0.6625000
NODE_2799_length_1373_cov_20.880691	987	1067	8	12	80	0.1500000
NODE_2799_length_1373_cov_20.880691	987	1067	9	15	80	0.1875000
NODE_2799_length_1373_cov_20.880691	1116	1195	5	28	79	0.3544304
NODE_2799_length_1373_cov_20.880691	1116	1195	6	11	79	0.1392405
NODE_2799_length_1373_cov_20.880691	1116	1195	7	7	79	0.0886076
NODE_2799_length_1373_cov_20.880691	1116	1195	8	33	79	0.4177215
NODE_2799_length_1373_cov_20.880691	1168	1248	4	11	80	0.1375000
NODE_2799_length_1373_cov_20.880691	1168	1248	5	5	80	0.0625000
NODE_2799_length_1373_cov_20.880691	1168	1248	6	31	80	0.3875000
NODE_2799_length_1373_cov_20.880691	1168	1248	7	12	80	0.1500000
NODE_2799_length_1373_cov_20.880691	1168	1248	8	21	80	0.2625000
NODE_2800_length_1373_cov_12.694662	94	167	10	23	73	0.3150685
NODE_2800_length_1373_cov_12.694662	94	167	11	23	73	0.3150685
NODE_2800_length_1373_cov_12.694662	94	167	12	9	73	0.1232877
NODE_2800_length_1373_cov_12.694662	94	167	13	3	73	0.0410959
NODE_2800_length_1373_cov_12.694662	94	167	14	5	73	0.0684932
NODE_2800_length_1373_cov_12.694662	94	167	15	5	73	0.0684932
NODE_2800_length_1373_cov_12.694662	94	167	16	1	73	0.0136986
NODE_2800_length_1373_cov_12.694662	94	167	17	4	73	0.0547945
NODE_2800_length_1373_cov_12.694662	140	224	8	4	84	0.0476190
NODE_2800_length_1373_cov_12.694662	140	224	9	17	84	0.2023810
NODE_2800_length_1373_cov_12.694662	140	224	10	31	84	0.3690476
NODE_2800_length_1373_cov_12.694662	140	224	12	1	84	0.0119048
NODE_2800_length_1373_cov_12.694662	140	224	14	7	84	0.0833333
NODE_2800_length_1373_cov_12.694662	140	224	15	2	84	0.0238095
NODE_2800_length_1373_cov_12.694662	140	224	16	18	84	0.2142857
NODE_2800_length_1373_cov_12.694662	140	224	17	4	84	0.0476190
NODE_2800_length_1373_cov_12.694662	1214	1286	0	6	72	0.0833333
NODE_2800_length_1373_cov_12.694662	1214	1286	2	4	72	0.0555556
NODE_2800_length_1373_cov_12.694662	1214	1286	4	62	72	0.8611111
NODE_2800_length_1373_cov_12.694662	1267	1339	4	72	72	1.0000000
NODE_2801_length_1372_cov_25.408484	665	745	17	1	80	0.0125000
NODE_2801_length_1372_cov_25.408484	665	745	18	20	80	0.2500000
NODE_2801_length_1372_cov_25.408484	665	745	19	17	80	0.2125000
NODE_2801_length_1372_cov_25.408484	665	745	20	10	80	0.1250000
NODE_2801_length_1372_cov_25.408484	665	745	21	23	80	0.2875000
NODE_2801_length_1372_cov_25.408484	665	745	22	9	80	0.1125000
NODE_2801_length_1372_cov_25.408484	718	798	9	2	80	0.0250000
NODE_2801_length_1372_cov_25.408484	718	798	10	5	80	0.0625000
NODE_2801_length_1372_cov_25.408484	718	798	12	5	80	0.0625000
NODE_2801_length_1372_cov_25.408484	718	798	13	21	80	0.2625000
NODE_2801_length_1372_cov_25.408484	718	798	15	11	80	0.1375000
NODE_2801_length_1372_cov_25.408484	718	798	17	8	80	0.1000000
NODE_2801_length_1372_cov_25.408484	718	798	19	9	80	0.1125000
NODE_2801_length_1372_cov_25.408484	718	798	20	9	80	0.1125000
NODE_2801_length_1372_cov_25.408484	718	798	21	1	80	0.0125000
NODE_2801_length_1372_cov_25.408484	718	798	22	9	80	0.1125000
NODE_2802_length_1372_cov_17.123331	647	727	7	27	80	0.3375000
NODE_2802_length_1372_cov_17.123331	647	727	8	30	80	0.3750000
NODE_2802_length_1372_cov_17.123331	647	727	9	20	80	0.2500000
NODE_2802_length_1372_cov_17.123331	647	727	10	3	80	0.0375000
NODE_2802_length_1372_cov_17.123331	700	780	7	11	80	0.1375000
NODE_2802_length_1372_cov_17.123331	700	780	8	37	80	0.4625000
NODE_2802_length_1372_cov_17.123331	700	780	9	20	80	0.2500000
NODE_2802_length_1372_cov_17.123331	700	780	14	3	80	0.0375000
NODE_2802_length_1372_cov_17.123331	700	780	15	9	80	0.1125000
NODE_2802_length_1372_cov_17.123331	776	856	11	28	80	0.3500000
NODE_2802_length_1372_cov_17.123331	776	856	12	3	80	0.0375000
NODE_2802_length_1372_cov_17.123331	776	856	13	6	80	0.0750000
NODE_2802_length_1372_cov_17.123331	776	856	14	38	80	0.4750000
NODE_2802_length_1372_cov_17.123331	776	856	15	5	80	0.0625000
NODE_2802_length_1372_cov_17.123331	829	909	2	1	80	0.0125000
NODE_2802_length_1372_cov_17.123331	829	909	8	20	80	0.2500000
NODE_2802_length_1372_cov_17.123331	829	909	9	1	80	0.0125000
NODE_2802_length_1372_cov_17.123331	829	909	10	20	80	0.2500000
NODE_2802_length_1372_cov_17.123331	829	909	11	25	80	0.3125000
NODE_2802_length_1372_cov_17.123331	829	909	12	13	80	0.1625000
NODE_2803_length_1372_cov_14.418696	211	291	10	4	80	0.0500000
NODE_2803_length_1372_cov_14.418696	211	291	11	7	80	0.0875000
NODE_2803_length_1372_cov_14.418696	211	291	12	2	80	0.0250000
NODE_2803_length_1372_cov_14.418696	211	291	13	18	80	0.2250000
NODE_2803_length_1372_cov_14.418696	211	291	14	13	80	0.1625000
NODE_2803_length_1372_cov_14.418696	211	291	15	8	80	0.1000000
NODE_2803_length_1372_cov_14.418696	211	291	16	7	80	0.0875000
NODE_2803_length_1372_cov_14.418696	211	291	18	5	80	0.0625000
NODE_2803_length_1372_cov_14.418696	211	291	19	16	80	0.2000000
NODE_2803_length_1372_cov_14.418696	264	344	12	1	80	0.0125000
NODE_2803_length_1372_cov_14.418696	264	344	13	1	80	0.0125000
NODE_2803_length_1372_cov_14.418696	264	344	14	3	80	0.0375000
NODE_2803_length_1372_cov_14.418696	264	344	15	2	80	0.0250000
NODE_2803_length_1372_cov_14.418696	264	344	16	9	80	0.1125000
NODE_2803_length_1372_cov_14.418696	264	344	18	47	80	0.5875000
NODE_2803_length_1372_cov_14.418696	264	344	19	17	80	0.2125000
NODE_2806_length_1371_cov_39.366352	715	795	8	14	80	0.1750000
NODE_2806_length_1371_cov_39.366352	715	795	9	30	80	0.3750000
NODE_2806_length_1371_cov_39.366352	715	795	10	8	80	0.1000000
NODE_2806_length_1371_cov_39.366352	715	795	13	6	80	0.0750000
NODE_2806_length_1371_cov_39.366352	715	795	14	22	80	0.2750000
NODE_2806_length_1371_cov_39.366352	768	848	11	1	80	0.0125000
NODE_2806_length_1371_cov_39.366352	768	848	12	12	80	0.1500000
NODE_2806_length_1371_cov_39.366352	768	848	13	18	80	0.2250000
NODE_2806_length_1371_cov_39.366352	768	848	14	32	80	0.4000000
NODE_2806_length_1371_cov_39.366352	768	848	15	17	80	0.2125000
NODE_2807_length_1371_cov_36.961478	371	455	1	8	84	0.0952381
NODE_2807_length_1371_cov_36.961478	371	455	2	24	84	0.2857143
NODE_2807_length_1371_cov_36.961478	371	455	3	32	84	0.3809524
NODE_2807_length_1371_cov_36.961478	371	455	4	20	84	0.2380952
NODE_2807_length_1371_cov_36.961478	424	508	3	54	84	0.6428571
NODE_2807_length_1371_cov_36.961478	424	508	4	30	84	0.3571429
NODE_2807_length_1371_cov_36.961478	504	584	1	8	80	0.1000000
NODE_2807_length_1371_cov_36.961478	504	584	2	38	80	0.4750000
NODE_2807_length_1371_cov_36.961478	504	584	3	23	80	0.2875000
NODE_2807_length_1371_cov_36.961478	504	584	4	11	80	0.1375000
NODE_2807_length_1371_cov_36.961478	557	637	1	4	80	0.0500000
NODE_2807_length_1371_cov_36.961478	557	637	2	12	80	0.1500000
NODE_2807_length_1371_cov_36.961478	557	637	3	7	80	0.0875000
NODE_2807_length_1371_cov_36.961478	557	637	4	57	80	0.7125000
NODE_2808_length_1371_cov_16.944182	459	539	3	20	80	0.2500000
NODE_2808_length_1371_cov_16.944182	459	539	4	53	80	0.6625000
NODE_2808_length_1371_cov_16.944182	459	539	5	7	80	0.0875000
NODE_2808_length_1371_cov_16.944182	512	592	2	13	80	0.1625000
NODE_2808_length_1371_cov_16.944182	512	592	3	19	80	0.2375000
NODE_2808_length_1371_cov_16.944182	512	592	4	21	80	0.2625000
NODE_2808_length_1371_cov_16.944182	512	592	5	27	80	0.3375000
NODE_2808_length_1371_cov_16.944182	588	668	2	9	80	0.1125000
NODE_2808_length_1371_cov_16.944182	588	668	3	21	80	0.2625000
NODE_2808_length_1371_cov_16.944182	588	668	4	22	80	0.2750000
NODE_2808_length_1371_cov_16.944182	588	668	5	16	80	0.2000000
NODE_2808_length_1371_cov_16.944182	588	668	6	12	80	0.1500000
NODE_2808_length_1371_cov_16.944182	641	721	5	15	80	0.1875000
NODE_2808_length_1371_cov_16.944182	641	721	6	15	80	0.1875000
NODE_2808_length_1371_cov_16.944182	641	721	7	39	80	0.4875000
NODE_2808_length_1371_cov_16.944182	641	721	8	11	80	0.1375000
NODE_2812_length_1370_cov_11.627065	502	582	0	80	80	1.0000000
NODE_2812_length_1370_cov_11.627065	555	635	0	80	80	1.0000000
NODE_2812_length_1370_cov_11.627065	631	711	0	80	80	1.0000000
NODE_2812_length_1370_cov_11.627065	684	764	0	80	80	1.0000000
NODE_2813_length_1369_cov_27.937795	597	677	5	10	80	0.1250000
NODE_2813_length_1369_cov_27.937795	597	677	6	1	80	0.0125000
NODE_2813_length_1369_cov_27.937795	597	677	7	7	80	0.0875000
NODE_2813_length_1369_cov_27.937795	597	677	8	62	80	0.7750000
NODE_2813_length_1369_cov_27.937795	650	730	5	37	80	0.4625000
NODE_2813_length_1369_cov_27.937795	650	730	7	1	80	0.0125000
NODE_2813_length_1369_cov_27.937795	650	730	8	42	80	0.5250000
NODE_2820_length_1368_cov_35.148148	546	626	14	14	80	0.1750000
NODE_2820_length_1368_cov_35.148148	546	626	16	44	80	0.5500000
NODE_2820_length_1368_cov_35.148148	546	626	17	22	80	0.2750000
NODE_2820_length_1368_cov_35.148148	599	679	3	5	80	0.0625000
NODE_2820_length_1368_cov_35.148148	599	679	4	10	80	0.1250000
NODE_2820_length_1368_cov_35.148148	599	679	6	13	80	0.1625000
NODE_2820_length_1368_cov_35.148148	599	679	7	1	80	0.0125000
NODE_2820_length_1368_cov_35.148148	599	679	8	1	80	0.0125000
NODE_2820_length_1368_cov_35.148148	599	679	9	6	80	0.0750000
NODE_2820_length_1368_cov_35.148148	599	679	10	4	80	0.0500000
NODE_2820_length_1368_cov_35.148148	599	679	11	4	80	0.0500000
NODE_2820_length_1368_cov_35.148148	599	679	12	1	80	0.0125000
NODE_2820_length_1368_cov_35.148148	599	679	14	22	80	0.2750000
NODE_2820_length_1368_cov_35.148148	599	679	16	13	80	0.1625000
NODE_2821_length_1368_cov_27.847912	486	559	0	29	73	0.3972603
NODE_2821_length_1368_cov_27.847912	486	559	1	44	73	0.6027398
NODE_2821_length_1368_cov_27.847912	532	612	0	80	80	1.0000000
NODE_2821_length_1368_cov_27.847912	608	688	0	80	80	1.0000000
NODE_2821_length_1368_cov_27.847912	661	741	0	32	80	0.4000000
NODE_2821_length_1368_cov_27.847912	661	741	2	6	80	0.0750000
NODE_2821_length_1368_cov_27.847912	661	741	4	27	80	0.3375000
NODE_2821_length_1368_cov_27.847912	661	741	5	15	80	0.1875000
NODE_2822_length_1368_cov_26.832151	458	538	4	12	80	0.1500000
NODE_2822_length_1368_cov_26.832151	458	538	5	6	80	0.0750000
NODE_2822_length_1368_cov_26.832151	458	538	7	15	80	0.1875000
NODE_2822_length_1368_cov_26.832151	458	538	8	47	80	0.5875000
NODE_2822_length_1368_cov_26.832151	511	591	4	15	80	0.1875000
NODE_2822_length_1368_cov_26.832151	511	591	5	6	80	0.0750000
NODE_2822_length_1368_cov_26.832151	511	591	6	18	80	0.2250000
NODE_2822_length_1368_cov_26.832151	511	591	7	9	80	0.1125000
NODE_2822_length_1368_cov_26.832151	511	591	8	11	80	0.1375000
NODE_2822_length_1368_cov_26.832151	511	591	10	20	80	0.2500000
NODE_2822_length_1368_cov_26.832151	511	591	12	1	80	0.0125000
NODE_2822_length_1368_cov_26.832151	587	667	10	3	80	0.0375000
NODE_2822_length_1368_cov_26.832151	587	667	12	6	80	0.0750000
NODE_2822_length_1368_cov_26.832151	587	667	13	53	80	0.6625000
NODE_2822_length_1368_cov_26.832151	587	667	14	13	80	0.1625000
NODE_2822_length_1368_cov_26.832151	587	667	15	1	80	0.0125000
NODE_2822_length_1368_cov_26.832151	587	667	16	4	80	0.0500000
NODE_2822_length_1368_cov_26.832151	640	720	7	4	80	0.0500000
NODE_2822_length_1368_cov_26.832151	640	720	8	5	80	0.0625000
NODE_2822_length_1368_cov_26.832151	640	720	9	6	80	0.0750000
NODE_2822_length_1368_cov_26.832151	640	720	11	7	80	0.0875000
NODE_2822_length_1368_cov_26.832151	640	720	12	6	80	0.0750000
NODE_2822_length_1368_cov_26.832151	640	720	13	10	80	0.1250000
NODE_2822_length_1368_cov_26.832151	640	720	14	15	80	0.1875000
NODE_2822_length_1368_cov_26.832151	640	720	15	1	80	0.0125000
NODE_2822_length_1368_cov_26.832151	640	720	16	26	80	0.3250000
NODE_2823_length_1368_cov_18.205674	603	683	7	43	80	0.5375000
NODE_2823_length_1368_cov_18.205674	603	683	8	37	80	0.4625000
NODE_2823_length_1368_cov_18.205674	656	736	4	23	80	0.2875000
NODE_2823_length_1368_cov_18.205674	656	736	5	15	80	0.1875000
NODE_2823_length_1368_cov_18.205674	656	736	6	5	80	0.0625000
NODE_2823_length_1368_cov_18.205674	656	736	8	37	80	0.4625000
NODE_2826_length_1367_cov_576.769716	799	879	117	1	80	0.0125000
NODE_2826_length_1367_cov_576.769716	799	879	118	1	80	0.0125000
NODE_2826_length_1367_cov_576.769716	799	879	119	6	80	0.0750000
NODE_2826_length_1367_cov_576.769716	799	879	120	3	80	0.0375000
NODE_2826_length_1367_cov_576.769716	799	879	121	2	80	0.0250000
NODE_2826_length_1367_cov_576.769716	799	879	122	1	80	0.0125000
NODE_2826_length_1367_cov_576.769716	799	879	123	1	80	0.0125000
NODE_2826_length_1367_cov_576.769716	799	879	124	2	80	0.0250000
NODE_2826_length_1367_cov_576.769716	799	879	125	7	80	0.0875000
NODE_2826_length_1367_cov_576.769716	799	879	126	4	80	0.0500000
NODE_2826_length_1367_cov_576.769716	799	879	127	8	80	0.1000000
NODE_2826_length_1367_cov_576.769716	799	879	128	6	80	0.0750000
NODE_2826_length_1367_cov_576.769716	799	879	129	2	80	0.0250000
NODE_2826_length_1367_cov_576.769716	799	879	130	3	80	0.0375000
NODE_2826_length_1367_cov_576.769716	799	879	131	3	80	0.0375000
NODE_2826_length_1367_cov_576.769716	799	879	133	2	80	0.0250000
NODE_2826_length_1367_cov_576.769716	799	879	134	1	80	0.0125000
NODE_2826_length_1367_cov_576.769716	799	879	135	2	80	0.0250000
NODE_2826_length_1367_cov_576.769716	799	879	136	6	80	0.0750000
NODE_2826_length_1367_cov_576.769716	799	879	137	2	80	0.0250000
NODE_2826_length_1367_cov_576.769716	799	879	138	2	80	0.0250000
NODE_2826_length_1367_cov_576.769716	799	879	139	3	80	0.0375000
NODE_2826_length_1367_cov_576.769716	799	879	140	3	80	0.0375000
NODE_2826_length_1367_cov_576.769716	799	879	144	2	80	0.0250000
NODE_2826_length_1367_cov_576.769716	799	879	147	1	80	0.0125000
NODE_2826_length_1367_cov_576.769716	799	879	152	1	80	0.0125000
NODE_2826_length_1367_cov_576.769716	799	879	154	4	80	0.0500000
NODE_2826_length_1367_cov_576.769716	799	879	155	1	80	0.0125000
NODE_2826_length_1367_cov_576.769716	852	932	124	1	80	0.0125000
NODE_2826_length_1367_cov_576.769716	852	932	125	1	80	0.0125000
NODE_2826_length_1367_cov_576.769716	852	932	126	1	80	0.0125000
NODE_2826_length_1367_cov_576.769716	852	932	127	1	80	0.0125000
NODE_2826_length_1367_cov_576.769716	852	932	128	1	80	0.0125000
NODE_2826_length_1367_cov_576.769716	852	932	129	3	80	0.0375000
NODE_2826_length_1367_cov_576.769716	852	932	133	1	80	0.0125000
NODE_2826_length_1367_cov_576.769716	852	932	134	1	80	0.0125000
NODE_2826_length_1367_cov_576.769716	852	932	135	1	80	0.0125000
NODE_2826_length_1367_cov_576.769716	852	932	136	5	80	0.0625000
NODE_2826_length_1367_cov_576.769716	852	932	137	5	80	0.0625000
NODE_2826_length_1367_cov_576.769716	852	932	138	5	80	0.0625000
NODE_2826_length_1367_cov_576.769716	852	932	139	4	80	0.0500000
NODE_2826_length_1367_cov_576.769716	852	932	140	4	80	0.0500000
NODE_2826_length_1367_cov_576.769716	852	932	141	1	80	0.0125000
NODE_2826_length_1367_cov_576.769716	852	932	144	5	80	0.0625000
NODE_2826_length_1367_cov_576.769716	852	932	145	3	80	0.0375000
NODE_2826_length_1367_cov_576.769716	852	932	146	4	80	0.0500000
NODE_2826_length_1367_cov_576.769716	852	932	147	11	80	0.1375000
NODE_2826_length_1367_cov_576.769716	852	932	148	1	80	0.0125000
NODE_2826_length_1367_cov_576.769716	852	932	149	1	80	0.0125000
NODE_2826_length_1367_cov_576.769716	852	932	150	1	80	0.0125000
NODE_2826_length_1367_cov_576.769716	852	932	152	1	80	0.0125000
NODE_2826_length_1367_cov_576.769716	852	932	153	3	80	0.0375000
NODE_2826_length_1367_cov_576.769716	852	932	154	10	80	0.1250000
NODE_2826_length_1367_cov_576.769716	852	932	155	1	80	0.0125000
NODE_2826_length_1367_cov_576.769716	852	932	156	4	80	0.0500000
NODE_2826_length_1367_cov_576.769716	900	980	94	1	80	0.0125000
NODE_2826_length_1367_cov_576.769716	900	980	95	1	80	0.0125000
NODE_2826_length_1367_cov_576.769716	900	980	97	1	80	0.0125000
NODE_2826_length_1367_cov_576.769716	900	980	98	2	80	0.0250000
NODE_2826_length_1367_cov_576.769716	900	980	99	3	80	0.0375000
NODE_2826_length_1367_cov_576.769716	900	980	100	3	80	0.0375000
NODE_2826_length_1367_cov_576.769716	900	980	102	2	80	0.0250000
NODE_2826_length_1367_cov_576.769716	900	980	103	5	80	0.0625000
NODE_2826_length_1367_cov_576.769716	900	980	104	2	80	0.0250000
NODE_2826_length_1367_cov_576.769716	900	980	105	1	80	0.0125000
NODE_2826_length_1367_cov_576.769716	900	980	109	1	80	0.0125000
NODE_2826_length_1367_cov_576.769716	900	980	111	2	80	0.0250000
NODE_2826_length_1367_cov_576.769716	900	980	114	1	80	0.0125000
NODE_2826_length_1367_cov_576.769716	900	980	117	1	80	0.0125000
NODE_2826_length_1367_cov_576.769716	900	980	118	3	80	0.0375000
NODE_2826_length_1367_cov_576.769716	900	980	119	4	80	0.0500000
NODE_2826_length_1367_cov_576.769716	900	980	120	3	80	0.0375000
NODE_2826_length_1367_cov_576.769716	900	980	121	5	80	0.0625000
NODE_2826_length_1367_cov_576.769716	900	980	123	3	80	0.0375000
NODE_2826_length_1367_cov_576.769716	900	980	124	3	80	0.0375000
NODE_2826_length_1367_cov_576.769716	900	980	125	1	80	0.0125000
NODE_2826_length_1367_cov_576.769716	900	980	126	1	80	0.0125000
NODE_2826_length_1367_cov_576.769716	900	980	127	1	80	0.0125000
NODE_2826_length_1367_cov_576.769716	900	980	128	1	80	0.0125000
NODE_2826_length_1367_cov_576.769716	900	980	129	3	80	0.0375000
NODE_2826_length_1367_cov_576.769716	900	980	134	1	80	0.0125000
NODE_2826_length_1367_cov_576.769716	900	980	136	1	80	0.0125000
NODE_2826_length_1367_cov_576.769716	900	980	137	3	80	0.0375000
NODE_2826_length_1367_cov_576.769716	900	980	138	3	80	0.0375000
NODE_2826_length_1367_cov_576.769716	900	980	139	1	80	0.0125000
NODE_2826_length_1367_cov_576.769716	900	980	140	1	80	0.0125000
NODE_2826_length_1367_cov_576.769716	900	980	141	1	80	0.0125000
NODE_2826_length_1367_cov_576.769716	900	980	144	3	80	0.0375000
NODE_2826_length_1367_cov_576.769716	900	980	145	3	80	0.0375000
NODE_2826_length_1367_cov_576.769716	900	980	146	4	80	0.0500000
NODE_2826_length_1367_cov_576.769716	900	980	147	5	80	0.0625000
NODE_2826_length_1367_cov_576.769716	905	927	129	1	22	0.0454545
NODE_2826_length_1367_cov_576.769716	905	927	134	1	22	0.0454545
NODE_2826_length_1367_cov_576.769716	905	927	136	1	22	0.0454545
NODE_2826_length_1367_cov_576.769716	905	927	137	3	22	0.1363636
NODE_2826_length_1367_cov_576.769716	905	927	138	3	22	0.1363636
NODE_2826_length_1367_cov_576.769716	905	927	139	1	22	0.0454545
NODE_2826_length_1367_cov_576.769716	905	927	140	1	22	0.0454545
NODE_2826_length_1367_cov_576.769716	905	927	141	1	22	0.0454545
NODE_2826_length_1367_cov_576.769716	905	927	144	3	22	0.1363636
NODE_2826_length_1367_cov_576.769716	905	927	145	3	22	0.1363636
NODE_2826_length_1367_cov_576.769716	905	927	146	3	22	0.1363636
NODE_2826_length_1367_cov_576.769716	905	927	147	1	22	0.0454545
NODE_2826_length_1367_cov_576.769716	1051	1131	78	1	80	0.0125000
NODE_2826_length_1367_cov_576.769716	1051	1131	79	2	80	0.0250000
NODE_2826_length_1367_cov_576.769716	1051	1131	80	4	80	0.0500000
NODE_2826_length_1367_cov_576.769716	1051	1131	81	6	80	0.0750000
NODE_2826_length_1367_cov_576.769716	1051	1131	82	11	80	0.1375000
NODE_2826_length_1367_cov_576.769716	1051	1131	83	6	80	0.0750000
NODE_2826_length_1367_cov_576.769716	1051	1131	84	5	80	0.0625000
NODE_2826_length_1367_cov_576.769716	1051	1131	85	5	80	0.0625000
NODE_2826_length_1367_cov_576.769716	1051	1131	86	5	80	0.0625000
NODE_2826_length_1367_cov_576.769716	1051	1131	87	1	80	0.0125000
NODE_2826_length_1367_cov_576.769716	1051	1131	88	1	80	0.0125000
NODE_2826_length_1367_cov_576.769716	1051	1131	89	2	80	0.0250000
NODE_2826_length_1367_cov_576.769716	1051	1131	91	6	80	0.0750000
NODE_2826_length_1367_cov_576.769716	1051	1131	92	4	80	0.0500000
NODE_2826_length_1367_cov_576.769716	1051	1131	93	3	80	0.0375000
NODE_2826_length_1367_cov_576.769716	1051	1131	94	1	80	0.0125000
NODE_2826_length_1367_cov_576.769716	1051	1131	95	1	80	0.0125000
NODE_2826_length_1367_cov_576.769716	1051	1131	97	2	80	0.0250000
NODE_2826_length_1367_cov_576.769716	1051	1131	101	1	80	0.0125000
NODE_2826_length_1367_cov_576.769716	1051	1131	102	1	80	0.0125000
NODE_2826_length_1367_cov_576.769716	1051	1131	103	3	80	0.0375000
NODE_2826_length_1367_cov_576.769716	1051	1131	105	3	80	0.0375000
NODE_2826_length_1367_cov_576.769716	1051	1131	106	3	80	0.0375000
NODE_2826_length_1367_cov_576.769716	1051	1131	107	3	80	0.0375000
NODE_2826_length_1367_cov_576.769716	1104	1184	91	2	80	0.0250000
NODE_2826_length_1367_cov_576.769716	1104	1184	92	4	80	0.0500000
NODE_2826_length_1367_cov_576.769716	1104	1184	93	3	80	0.0375000
NODE_2826_length_1367_cov_576.769716	1104	1184	94	1	80	0.0125000
NODE_2826_length_1367_cov_576.769716	1104	1184	95	1	80	0.0125000
NODE_2826_length_1367_cov_576.769716	1104	1184	97	2	80	0.0250000
NODE_2826_length_1367_cov_576.769716	1104	1184	101	1	80	0.0125000
NODE_2826_length_1367_cov_576.769716	1104	1184	102	1	80	0.0125000
NODE_2826_length_1367_cov_576.769716	1104	1184	103	3	80	0.0375000
NODE_2826_length_1367_cov_576.769716	1104	1184	105	3	80	0.0375000
NODE_2826_length_1367_cov_576.769716	1104	1184	106	3	80	0.0375000
NODE_2826_length_1367_cov_576.769716	1104	1184	107	3	80	0.0375000
NODE_2826_length_1367_cov_576.769716	1104	1184	108	2	80	0.0250000
NODE_2826_length_1367_cov_576.769716	1104	1184	109	7	80	0.0875000
NODE_2826_length_1367_cov_576.769716	1104	1184	110	3	80	0.0375000
NODE_2826_length_1367_cov_576.769716	1104	1184	111	3	80	0.0375000
NODE_2826_length_1367_cov_576.769716	1104	1184	112	4	80	0.0500000
NODE_2826_length_1367_cov_576.769716	1104	1184	113	6	80	0.0750000
NODE_2826_length_1367_cov_576.769716	1104	1184	114	2	80	0.0250000
NODE_2826_length_1367_cov_576.769716	1104	1184	115	2	80	0.0250000
NODE_2826_length_1367_cov_576.769716	1104	1184	116	4	80	0.0500000
NODE_2826_length_1367_cov_576.769716	1104	1184	117	1	80	0.0125000
NODE_2826_length_1367_cov_576.769716	1104	1184	118	5	80	0.0625000
NODE_2826_length_1367_cov_576.769716	1104	1184	119	3	80	0.0375000
NODE_2826_length_1367_cov_576.769716	1104	1184	120	2	80	0.0250000
NODE_2826_length_1367_cov_576.769716	1104	1184	123	1	80	0.0125000
NODE_2826_length_1367_cov_576.769716	1104	1184	124	4	80	0.0500000
NODE_2826_length_1367_cov_576.769716	1104	1184	125	1	80	0.0125000
NODE_2826_length_1367_cov_576.769716	1104	1184	126	3	80	0.0375000
NODE_2827_length_1367_cov_152.824921	513	593	10	12	80	0.1500000
NODE_2827_length_1367_cov_152.824921	513	593	11	5	80	0.0625000
NODE_2827_length_1367_cov_152.824921	513	593	13	31	80	0.3875000
NODE_2827_length_1367_cov_152.824921	513	593	14	32	80	0.4000000
NODE_2827_length_1367_cov_152.824921	566	646	13	22	80	0.2750000
NODE_2827_length_1367_cov_152.824921	566	646	14	21	80	0.2625000
NODE_2827_length_1367_cov_152.824921	566	646	16	2	80	0.0250000
NODE_2827_length_1367_cov_152.824921	566	646	17	16	80	0.2000000
NODE_2827_length_1367_cov_152.824921	566	646	18	6	80	0.0750000
NODE_2827_length_1367_cov_152.824921	566	646	19	8	80	0.1000000
NODE_2827_length_1367_cov_152.824921	566	646	20	2	80	0.0250000
NODE_2827_length_1367_cov_152.824921	566	646	21	3	80	0.0375000
NODE_2827_length_1367_cov_152.824921	642	722	17	4	80	0.0500000
NODE_2827_length_1367_cov_152.824921	642	722	18	38	80	0.4750000
NODE_2827_length_1367_cov_152.824921	642	722	19	8	80	0.1000000
NODE_2827_length_1367_cov_152.824921	642	722	20	8	80	0.1000000
NODE_2827_length_1367_cov_152.824921	642	722	21	1	80	0.0125000
NODE_2827_length_1367_cov_152.824921	642	722	22	5	80	0.0625000
NODE_2827_length_1367_cov_152.824921	642	722	23	16	80	0.2000000
NODE_2827_length_1367_cov_152.824921	695	775	10	2	80	0.0250000
NODE_2827_length_1367_cov_152.824921	695	775	11	7	80	0.0875000
NODE_2827_length_1367_cov_152.824921	695	775	14	1	80	0.0125000
NODE_2827_length_1367_cov_152.824921	695	775	15	1	80	0.0125000
NODE_2827_length_1367_cov_152.824921	695	775	16	8	80	0.1000000
NODE_2827_length_1367_cov_152.824921	695	775	18	2	80	0.0250000
NODE_2827_length_1367_cov_152.824921	695	775	20	8	80	0.1000000
NODE_2827_length_1367_cov_152.824921	695	775	21	11	80	0.1375000
NODE_2827_length_1367_cov_152.824921	695	775	22	5	80	0.0625000
NODE_2827_length_1367_cov_152.824921	695	775	23	35	80	0.4375000
NODE_2829_length_1367_cov_2.947161	250	326	2	2	76	0.0263158
NODE_2829_length_1367_cov_2.947161	250	326	3	23	76	0.3026316
NODE_2829_length_1367_cov_2.947161	250	326	4	1	76	0.0131579
NODE_2829_length_1367_cov_2.947161	250	326	5	25	76	0.3289474
NODE_2829_length_1367_cov_2.947161	250	326	6	9	76	0.1184211
NODE_2829_length_1367_cov_2.947161	250	326	8	16	76	0.2105263
NODE_2831_length_1366_cov_82.742699	198	278	2	12	80	0.1500000
NODE_2831_length_1366_cov_82.742699	198	278	4	27	80	0.3375000
NODE_2831_length_1366_cov_82.742699	198	278	7	2	80	0.0250000
NODE_2831_length_1366_cov_82.742699	198	278	8	22	80	0.2750000
NODE_2831_length_1366_cov_82.742699	198	278	9	15	80	0.1875000
NODE_2831_length_1366_cov_82.742699	198	278	10	1	80	0.0125000
NODE_2831_length_1366_cov_82.742699	198	278	11	1	80	0.0125000
NODE_2831_length_1366_cov_82.742699	251	331	8	10	80	0.1250000
NODE_2831_length_1366_cov_82.742699	251	331	9	15	80	0.1875000
NODE_2831_length_1366_cov_82.742699	251	331	10	1	80	0.0125000
NODE_2831_length_1366_cov_82.742699	251	331	11	34	80	0.4250000
NODE_2831_length_1366_cov_82.742699	251	331	12	20	80	0.2500000
NODE_2832_length_1366_cov_36.659037	577	657	6	1	80	0.0125000
NODE_2832_length_1366_cov_36.659037	577	657	7	13	80	0.1625000
NODE_2832_length_1366_cov_36.659037	577	657	9	12	80	0.1500000
NODE_2832_length_1366_cov_36.659037	577	657	10	15	80	0.1875000
NODE_2832_length_1366_cov_36.659037	577	657	11	26	80	0.3250000
NODE_2832_length_1366_cov_36.659037	577	657	12	1	80	0.0125000
NODE_2832_length_1366_cov_36.659037	577	657	13	9	80	0.1125000
NODE_2832_length_1366_cov_36.659037	577	657	14	3	80	0.0375000
NODE_2832_length_1366_cov_36.659037	630	710	9	14	80	0.1750000
NODE_2832_length_1366_cov_36.659037	630	710	10	30	80	0.3750000
NODE_2832_length_1366_cov_36.659037	630	710	11	23	80	0.2875000
NODE_2832_length_1366_cov_36.659037	630	710	12	1	80	0.0125000
NODE_2832_length_1366_cov_36.659037	630	710	13	9	80	0.1125000
NODE_2832_length_1366_cov_36.659037	630	710	14	3	80	0.0375000
NODE_2834_length_1366_cov_2.320442	47	116	0	69	69	1.0000000
NODE_2834_length_1366_cov_2.320442	1122	1202	0	71	80	0.8875000
NODE_2834_length_1366_cov_2.320442	1122	1202	1	9	80	0.1125000
NODE_2834_length_1366_cov_2.320442	1175	1255	0	18	80	0.2250000
NODE_2834_length_1366_cov_2.320442	1175	1255	1	18	80	0.2250000
NODE_2834_length_1366_cov_2.320442	1175	1255	2	4	80	0.0500000
NODE_2834_length_1366_cov_2.320442	1175	1255	3	9	80	0.1125000
NODE_2834_length_1366_cov_2.320442	1175	1255	5	9	80	0.1125000
NODE_2834_length_1366_cov_2.320442	1175	1255	6	22	80	0.2750000
NODE_2834_length_1366_cov_2.320442	1251	1331	4	9	80	0.1125000
NODE_2834_length_1366_cov_2.320442	1251	1331	6	71	80	0.8875000
NODE_2835_length_1365_cov_25.540284	432	509	7	7	77	0.0909091
NODE_2835_length_1365_cov_25.540284	432	509	9	32	77	0.4155844
NODE_2835_length_1365_cov_25.540284	432	509	10	28	77	0.3636364
NODE_2835_length_1365_cov_25.540284	432	509	11	10	77	0.1298701
NODE_2835_length_1365_cov_25.540284	482	562	6	9	80	0.1125000
NODE_2835_length_1365_cov_25.540284	482	562	8	15	80	0.1875000
NODE_2835_length_1365_cov_25.540284	482	562	9	17	80	0.2125000
NODE_2835_length_1365_cov_25.540284	482	562	10	39	80	0.4875000
NODE_2835_length_1365_cov_25.540284	558	635	2	6	77	0.0779221
NODE_2835_length_1365_cov_25.540284	558	635	3	51	77	0.6623377
NODE_2835_length_1365_cov_25.540284	558	635	4	15	77	0.1948052
NODE_2835_length_1365_cov_25.540284	558	635	6	5	77	0.0649351
NODE_2835_length_1365_cov_25.540284	625	688	0	10	63	0.1587302
NODE_2835_length_1365_cov_25.540284	625	688	1	16	63	0.2539683
NODE_2835_length_1365_cov_25.540284	625	688	2	33	63	0.5238096
NODE_2835_length_1365_cov_25.540284	625	688	3	4	63	0.0634921
NODE_2838_length_1364_cov_15.222134	120	191	1	18	71	0.2535211
NODE_2838_length_1364_cov_15.222134	120	191	2	11	71	0.1549296
NODE_2838_length_1364_cov_15.222134	120	191	4	4	71	0.0563380
NODE_2838_length_1364_cov_15.222134	120	191	6	1	71	0.0140845
NODE_2838_length_1364_cov_15.222134	120	191	7	10	71	0.1408451
NODE_2838_length_1364_cov_15.222134	120	191	8	10	71	0.1408451
NODE_2838_length_1364_cov_15.222134	120	191	9	17	71	0.2394366
NODE_2839_length_1364_cov_7.456917	843	923	3	27	80	0.3375000
NODE_2839_length_1364_cov_7.456917	843	923	4	53	80	0.6625000
NODE_2839_length_1364_cov_7.456917	896	976	0	9	80	0.1125000
NODE_2839_length_1364_cov_7.456917	896	976	1	44	80	0.5500000
NODE_2839_length_1364_cov_7.456917	896	976	3	27	80	0.3375000
NODE_2840_length_1364_cov_5.055336	239	290	5	51	51	1.0000000
NODE_2840_length_1364_cov_5.055336	263	343	3	19	80	0.2375000
NODE_2840_length_1364_cov_5.055336	263	343	4	15	80	0.1875000
NODE_2840_length_1364_cov_5.055336	263	343	5	46	80	0.5750000
NODE_2846_length_1363_cov_19.442247	615	695	0	23	80	0.2875000
NODE_2846_length_1363_cov_19.442247	615	695	2	57	80	0.7125000
NODE_2846_length_1363_cov_19.442247	668	748	2	80	80	1.0000000
NODE_2847_length_1363_cov_13.575949	619	699	4	5	80	0.0625000
NODE_2847_length_1363_cov_13.575949	619	699	5	75	80	0.9375000
NODE_2847_length_1363_cov_13.575949	672	752	2	47	80	0.5875000
NODE_2847_length_1363_cov_13.575949	672	752	3	3	80	0.0375000
NODE_2847_length_1363_cov_13.575949	672	752	5	30	80	0.3750000
NODE_2850_length_1362_cov_15.796516	898	978	10	1	80	0.0125000
NODE_2850_length_1362_cov_15.796516	898	978	11	10	80	0.1250000
NODE_2850_length_1362_cov_15.796516	898	978	12	49	80	0.6125000
NODE_2850_length_1362_cov_15.796516	898	978	13	20	80	0.2500000
NODE_2850_length_1362_cov_15.796516	951	1031	6	1	80	0.0125000
NODE_2850_length_1362_cov_15.796516	951	1031	7	2	80	0.0250000
NODE_2850_length_1362_cov_15.796516	951	1031	8	26	80	0.3250000
NODE_2850_length_1362_cov_15.796516	951	1031	9	18	80	0.2250000
NODE_2850_length_1362_cov_15.796516	951	1031	10	7	80	0.0875000
NODE_2850_length_1362_cov_15.796516	951	1031	11	10	80	0.1250000
NODE_2850_length_1362_cov_15.796516	951	1031	12	16	80	0.2000000
NODE_2855_length_1361_cov_24.574485	528	608	7	9	80	0.1125000
NODE_2855_length_1361_cov_24.574485	528	608	8	3	80	0.0375000
NODE_2855_length_1361_cov_24.574485	528	608	9	15	80	0.1875000
NODE_2855_length_1361_cov_24.574485	528	608	10	16	80	0.2000000
NODE_2855_length_1361_cov_24.574485	528	608	11	6	80	0.0750000
NODE_2855_length_1361_cov_24.574485	528	608	15	31	80	0.3875000
NODE_2855_length_1361_cov_24.574485	581	661	13	3	80	0.0375000
NODE_2855_length_1361_cov_24.574485	581	661	14	20	80	0.2500000
NODE_2855_length_1361_cov_24.574485	581	661	15	54	80	0.6750000
NODE_2855_length_1361_cov_24.574485	581	661	16	3	80	0.0375000
NODE_2856_length_1361_cov_20.148970	866	946	1	41	80	0.5125000
NODE_2856_length_1361_cov_20.148970	866	946	2	39	80	0.4875000
NODE_2856_length_1361_cov_20.148970	919	999	1	35	80	0.4375000
NODE_2856_length_1361_cov_20.148970	919	999	2	30	80	0.3750000
NODE_2856_length_1361_cov_20.148970	919	999	3	15	80	0.1875000
NODE_2858_length_1361_cov_10.530903	1139	1219	2	14	80	0.1750000
NODE_2858_length_1361_cov_10.530903	1139	1219	5	50	80	0.6250000
NODE_2858_length_1361_cov_10.530903	1139	1219	6	16	80	0.2000000
NODE_2858_length_1361_cov_10.530903	1139	1219	2	14	80	0.1750000
NODE_2858_length_1361_cov_10.530903	1139	1219	5	50	80	0.6250000
NODE_2858_length_1361_cov_10.530903	1139	1219	6	16	80	0.2000000
NODE_2858_length_1361_cov_10.530903	1192	1277	5	78	85	0.9176471
NODE_2858_length_1361_cov_10.530903	1192	1277	6	7	85	0.0823529
NODE_2858_length_1361_cov_10.530903	1273	1353	0	10	80	0.1250000
NODE_2858_length_1361_cov_10.530903	1273	1353	1	30	80	0.3750000
NODE_2858_length_1361_cov_10.530903	1273	1353	2	22	80	0.2750000
NODE_2858_length_1361_cov_10.530903	1273	1353	4	9	80	0.1125000
NODE_2858_length_1361_cov_10.530903	1273	1353	5	9	80	0.1125000
NODE_2858_length_1361_cov_10.530903	1273	1353	0	10	80	0.1250000
NODE_2858_length_1361_cov_10.530903	1273	1353	1	30	80	0.3750000
NODE_2858_length_1361_cov_10.530903	1273	1353	2	22	80	0.2750000
NODE_2858_length_1361_cov_10.530903	1273	1353	4	9	80	0.1125000
NODE_2858_length_1361_cov_10.530903	1273	1353	5	9	80	0.1125000
NODE_2858_length_1361_cov_10.530903	1273	1353	0	10	80	0.1250000
NODE_2858_length_1361_cov_10.530903	1273	1353	1	30	80	0.3750000
NODE_2858_length_1361_cov_10.530903	1273	1353	2	22	80	0.2750000
NODE_2858_length_1361_cov_10.530903	1273	1353	4	9	80	0.1125000
NODE_2858_length_1361_cov_10.530903	1273	1353	5	9	80	0.1125000
NODE_2858_length_1361_cov_10.530903	1273	1353	0	10	80	0.1250000
NODE_2858_length_1361_cov_10.530903	1273	1353	1	30	80	0.3750000
NODE_2858_length_1361_cov_10.530903	1273	1353	2	22	80	0.2750000
NODE_2858_length_1361_cov_10.530903	1273	1353	4	9	80	0.1125000
NODE_2858_length_1361_cov_10.530903	1273	1353	5	9	80	0.1125000
NODE_2858_length_1361_cov_10.530903	1273	1353	0	10	80	0.1250000
NODE_2858_length_1361_cov_10.530903	1273	1353	1	30	80	0.3750000
NODE_2858_length_1361_cov_10.530903	1273	1353	2	22	80	0.2750000
NODE_2858_length_1361_cov_10.530903	1273	1353	4	9	80	0.1125000
NODE_2858_length_1361_cov_10.530903	1273	1353	5	9	80	0.1125000
NODE_2858_length_1361_cov_10.530903	1273	1353	0	10	80	0.1250000
NODE_2858_length_1361_cov_10.530903	1273	1353	1	30	80	0.3750000
NODE_2858_length_1361_cov_10.530903	1273	1353	2	22	80	0.2750000
NODE_2858_length_1361_cov_10.530903	1273	1353	4	9	80	0.1125000
NODE_2858_length_1361_cov_10.530903	1273	1353	5	9	80	0.1125000
NODE_2859_length_1360_cov_42.789056	351	431	8	4	80	0.0500000
NODE_2859_length_1360_cov_42.789056	351	431	9	3	80	0.0375000
NODE_2859_length_1360_cov_42.789056	351	431	10	12	80	0.1500000
NODE_2859_length_1360_cov_42.789056	351	431	12	13	80	0.1625000
NODE_2859_length_1360_cov_42.789056	351	431	14	9	80	0.1125000
NODE_2859_length_1360_cov_42.789056	351	431	15	5	80	0.0625000
NODE_2859_length_1360_cov_42.789056	351	431	16	6	80	0.0750000
NODE_2859_length_1360_cov_42.789056	351	431	19	12	80	0.1500000
NODE_2859_length_1360_cov_42.789056	351	431	20	1	80	0.0125000
NODE_2859_length_1360_cov_42.789056	351	431	21	1	80	0.0125000
NODE_2859_length_1360_cov_42.789056	351	431	22	8	80	0.1000000
NODE_2859_length_1360_cov_42.789056	351	431	24	6	80	0.0750000
NODE_2859_length_1360_cov_42.789056	404	484	19	11	80	0.1375000
NODE_2859_length_1360_cov_42.789056	404	484	20	1	80	0.0125000
NODE_2859_length_1360_cov_42.789056	404	484	21	3	80	0.0375000
NODE_2859_length_1360_cov_42.789056	404	484	22	11	80	0.1375000
NODE_2859_length_1360_cov_42.789056	404	484	23	2	80	0.0250000
NODE_2859_length_1360_cov_42.789056	404	484	24	23	80	0.2875000
NODE_2859_length_1360_cov_42.789056	404	484	25	29	80	0.3625000
NODE_2860_length_1360_cov_26.407613	531	611	1	80	80	1.0000000
NODE_2860_length_1360_cov_26.407613	584	669	1	69	85	0.8117647
NODE_2860_length_1360_cov_26.407613	584	669	2	16	85	0.1882353
NODE_2861_length_1360_cov_16.182395	796	876	1	1	80	0.0125000
NODE_2861_length_1360_cov_16.182395	796	876	2	23	80	0.2875000
NODE_2861_length_1360_cov_16.182395	796	876	4	45	80	0.5625000
NODE_2861_length_1360_cov_16.182395	796	876	5	11	80	0.1375000
NODE_2861_length_1360_cov_16.182395	849	929	4	47	80	0.5875000
NODE_2861_length_1360_cov_16.182395	849	929	5	21	80	0.2625000
NODE_2861_length_1360_cov_16.182395	849	929	6	12	80	0.1500000
NODE_2861_length_1360_cov_16.182395	925	1005	4	9	80	0.1125000
NODE_2861_length_1360_cov_16.182395	925	1005	6	70	80	0.8750000
NODE_2861_length_1360_cov_16.182395	925	1005	7	1	80	0.0125000
NODE_2861_length_1360_cov_16.182395	978	1058	1	19	80	0.2375000
NODE_2861_length_1360_cov_16.182395	978	1058	3	6	80	0.0750000
NODE_2861_length_1360_cov_16.182395	978	1058	5	18	80	0.2250000
NODE_2861_length_1360_cov_16.182395	978	1058	6	37	80	0.4625000
NODE_2862_length_1360_cov_12.763680	582	662	4	23	80	0.2875000
NODE_2862_length_1360_cov_12.763680	582	662	5	9	80	0.1125000
NODE_2862_length_1360_cov_12.763680	582	662	6	19	80	0.2375000
NODE_2862_length_1360_cov_12.763680	582	662	7	29	80	0.3625000
NODE_2862_length_1360_cov_12.763680	635	715	4	10	80	0.1250000
NODE_2862_length_1360_cov_12.763680	635	715	5	30	80	0.3750000
NODE_2862_length_1360_cov_12.763680	635	715	6	18	80	0.2250000
NODE_2862_length_1360_cov_12.763680	635	715	7	22	80	0.2750000
NODE_2866_length_1359_cov_41.324603	674	754	5	4	80	0.0500000
NODE_2866_length_1359_cov_41.324603	674	754	6	12	80	0.1500000
NODE_2866_length_1359_cov_41.324603	674	754	7	3	80	0.0375000
NODE_2866_length_1359_cov_41.324603	674	754	8	10	80	0.1250000
NODE_2866_length_1359_cov_41.324603	674	754	9	17	80	0.2125000
NODE_2866_length_1359_cov_41.324603	674	754	10	9	80	0.1125000
NODE_2866_length_1359_cov_41.324603	674	754	11	11	80	0.1375000
NODE_2866_length_1359_cov_41.324603	674	754	12	7	80	0.0875000
NODE_2866_length_1359_cov_41.324603	674	754	13	7	80	0.0875000
NODE_2866_length_1359_cov_41.324603	727	807	10	2	80	0.0250000
NODE_2866_length_1359_cov_41.324603	727	807	11	11	80	0.1375000
NODE_2866_length_1359_cov_41.324603	727	807	12	7	80	0.0875000
NODE_2866_length_1359_cov_41.324603	727	807	13	25	80	0.3125000
NODE_2866_length_1359_cov_41.324603	727	807	14	16	80	0.2000000
NODE_2866_length_1359_cov_41.324603	727	807	15	19	80	0.2375000
NODE_2866_length_1359_cov_41.324603	803	883	13	8	80	0.1000000
NODE_2866_length_1359_cov_41.324603	803	883	14	12	80	0.1500000
NODE_2866_length_1359_cov_41.324603	803	883	15	11	80	0.1375000
NODE_2866_length_1359_cov_41.324603	803	883	16	7	80	0.0875000
NODE_2866_length_1359_cov_41.324603	803	883	17	5	80	0.0625000
NODE_2866_length_1359_cov_41.324603	803	883	18	28	80	0.3500000
NODE_2866_length_1359_cov_41.324603	803	883	19	9	80	0.1125000
NODE_2866_length_1359_cov_41.324603	856	936	10	13	80	0.1625000
NODE_2866_length_1359_cov_41.324603	856	936	11	3	80	0.0375000
NODE_2866_length_1359_cov_41.324603	856	936	13	5	80	0.0625000
NODE_2866_length_1359_cov_41.324603	856	936	14	18	80	0.2250000
NODE_2866_length_1359_cov_41.324603	856	936	15	4	80	0.0500000
NODE_2866_length_1359_cov_41.324603	856	936	17	4	80	0.0500000
NODE_2866_length_1359_cov_41.324603	856	936	18	26	80	0.3250000
NODE_2866_length_1359_cov_41.324603	856	936	19	7	80	0.0875000
NODE_2871_length_1358_cov_23.427323	292	372	4	2	80	0.0250000
NODE_2871_length_1358_cov_23.427323	292	372	5	2	80	0.0250000
NODE_2871_length_1358_cov_23.427323	292	372	7	13	80	0.1625000
NODE_2871_length_1358_cov_23.427323	292	372	8	30	80	0.3750000
NODE_2871_length_1358_cov_23.427323	292	372	9	33	80	0.4125000
NODE_2871_length_1358_cov_23.427323	345	425	3	10	80	0.1250000
NODE_2871_length_1358_cov_23.427323	345	425	4	12	80	0.1500000
NODE_2871_length_1358_cov_23.427323	345	425	6	19	80	0.2375000
NODE_2871_length_1358_cov_23.427323	345	425	7	21	80	0.2625000
NODE_2871_length_1358_cov_23.427323	345	425	8	4	80	0.0500000
NODE_2871_length_1358_cov_23.427323	345	425	9	14	80	0.1750000
NODE_2872_length_1358_cov_19.489277	411	491	3	4	80	0.0500000
NODE_2872_length_1358_cov_19.489277	411	491	4	18	80	0.2250000
NODE_2872_length_1358_cov_19.489277	411	491	5	29	80	0.3625000
NODE_2872_length_1358_cov_19.489277	411	491	6	29	80	0.3625000
NODE_2872_length_1358_cov_19.489277	464	544	3	6	80	0.0750000
NODE_2872_length_1358_cov_19.489277	464	544	4	44	80	0.5500000
NODE_2872_length_1358_cov_19.489277	464	544	5	30	80	0.3750000
NODE_2875_length_1357_cov_15.962639	732	812	2	15	80	0.1875000
NODE_2875_length_1357_cov_15.962639	732	812	3	65	80	0.8125000
NODE_2875_length_1357_cov_15.962639	785	865	1	16	80	0.2000000
NODE_2875_length_1357_cov_15.962639	785	865	2	44	80	0.5500000
NODE_2875_length_1357_cov_15.962639	785	865	3	20	80	0.2500000
NODE_2879_length_1354_cov_9.854980	735	815	2	32	80	0.4000000
NODE_2879_length_1354_cov_9.854980	735	815	3	48	80	0.6000000
NODE_2879_length_1354_cov_9.854980	788	868	3	33	80	0.4125000
NODE_2879_length_1354_cov_9.854980	788	868	4	30	80	0.3750000
NODE_2879_length_1354_cov_9.854980	788	868	5	17	80	0.2125000
NODE_2882_length_1353_cov_32.982456	708	788	12	7	80	0.0875000
NODE_2882_length_1353_cov_32.982456	708	788	14	12	80	0.1500000
NODE_2882_length_1353_cov_32.982456	708	788	15	1	80	0.0125000
NODE_2882_length_1353_cov_32.982456	708	788	16	6	80	0.0750000
NODE_2882_length_1353_cov_32.982456	708	788	17	7	80	0.0875000
NODE_2882_length_1353_cov_32.982456	708	788	19	1	80	0.0125000
NODE_2882_length_1353_cov_32.982456	708	788	20	2	80	0.0250000
NODE_2882_length_1353_cov_32.982456	708	788	21	3	80	0.0375000
NODE_2882_length_1353_cov_32.982456	708	788	25	9	80	0.1125000
NODE_2882_length_1353_cov_32.982456	708	788	26	27	80	0.3375000
NODE_2882_length_1353_cov_32.982456	708	788	27	5	80	0.0625000
NODE_2882_length_1353_cov_32.982456	761	841	18	4	80	0.0500000
NODE_2882_length_1353_cov_32.982456	761	841	20	5	80	0.0625000
NODE_2882_length_1353_cov_32.982456	761	841	22	19	80	0.2375000
NODE_2882_length_1353_cov_32.982456	761	841	23	14	80	0.1750000
NODE_2882_length_1353_cov_32.982456	761	841	24	8	80	0.1000000
NODE_2882_length_1353_cov_32.982456	761	841	25	7	80	0.0875000
NODE_2882_length_1353_cov_32.982456	761	841	26	18	80	0.2250000
NODE_2882_length_1353_cov_32.982456	761	841	27	5	80	0.0625000
NODE_2883_length_1353_cov_21.775120	493	573	13	8	80	0.1000000
NODE_2883_length_1353_cov_21.775120	493	573	14	19	80	0.2375000
NODE_2883_length_1353_cov_21.775120	493	573	15	8	80	0.1000000
NODE_2883_length_1353_cov_21.775120	493	573	16	37	80	0.4625000
NODE_2883_length_1353_cov_21.775120	493	573	17	1	80	0.0125000
NODE_2883_length_1353_cov_21.775120	493	573	18	7	80	0.0875000
NODE_2883_length_1353_cov_21.775120	546	626	12	8	80	0.1000000
NODE_2883_length_1353_cov_21.775120	546	626	13	12	80	0.1500000
NODE_2883_length_1353_cov_21.775120	546	626	14	8	80	0.1000000
NODE_2883_length_1353_cov_21.775120	546	626	15	9	80	0.1125000
NODE_2883_length_1353_cov_21.775120	546	626	16	36	80	0.4500000
NODE_2883_length_1353_cov_21.775120	546	626	18	7	80	0.0875000
NODE_2884_length_1353_cov_18.201754	696	776	6	7	80	0.0875000
NODE_2884_length_1353_cov_18.201754	696	776	7	15	80	0.1875000
NODE_2884_length_1353_cov_18.201754	696	776	8	12	80	0.1500000
NODE_2884_length_1353_cov_18.201754	696	776	9	16	80	0.2000000
NODE_2884_length_1353_cov_18.201754	696	776	10	13	80	0.1625000
NODE_2884_length_1353_cov_18.201754	696	776	11	17	80	0.2125000
NODE_2884_length_1353_cov_18.201754	749	829	5	13	80	0.1625000
NODE_2884_length_1353_cov_18.201754	749	829	7	31	80	0.3875000
NODE_2884_length_1353_cov_18.201754	749	829	8	17	80	0.2125000
NODE_2884_length_1353_cov_18.201754	749	829	10	13	80	0.1625000
NODE_2884_length_1353_cov_18.201754	749	829	11	6	80	0.0750000
NODE_2888_length_1352_cov_26.942538	455	535	17	69	80	0.8625000
NODE_2888_length_1352_cov_26.942538	455	535	18	11	80	0.1375000
NODE_2888_length_1352_cov_26.942538	508	588	4	7	80	0.0875000
NODE_2888_length_1352_cov_26.942538	508	588	5	2	80	0.0250000
NODE_2888_length_1352_cov_26.942538	508	588	6	2	80	0.0250000
NODE_2888_length_1352_cov_26.942538	508	588	7	1	80	0.0125000
NODE_2888_length_1352_cov_26.942538	508	588	8	14	80	0.1750000
NODE_2888_length_1352_cov_26.942538	508	588	10	1	80	0.0125000
NODE_2888_length_1352_cov_26.942538	508	588	13	2	80	0.0250000
NODE_2888_length_1352_cov_26.942538	508	588	15	9	80	0.1125000
NODE_2888_length_1352_cov_26.942538	508	588	17	31	80	0.3875000
NODE_2888_length_1352_cov_26.942538	508	588	18	11	80	0.1375000
NODE_2889_length_1352_cov_17.189944	717	797	7	14	80	0.1750000
NODE_2889_length_1352_cov_17.189944	717	797	9	1	80	0.0125000
NODE_2889_length_1352_cov_17.189944	717	797	10	12	80	0.1500000
NODE_2889_length_1352_cov_17.189944	717	797	11	8	80	0.1000000
NODE_2889_length_1352_cov_17.189944	717	797	12	2	80	0.0250000
NODE_2889_length_1352_cov_17.189944	717	797	13	27	80	0.3375000
NODE_2889_length_1352_cov_17.189944	717	797	14	16	80	0.2000000
NODE_2889_length_1352_cov_17.189944	770	850	11	9	80	0.1125000
NODE_2889_length_1352_cov_17.189944	770	850	12	2	80	0.0250000
NODE_2889_length_1352_cov_17.189944	770	850	13	19	80	0.2375000
NODE_2889_length_1352_cov_17.189944	770	850	14	30	80	0.3750000
NODE_2889_length_1352_cov_17.189944	770	850	15	11	80	0.1375000
NODE_2889_length_1352_cov_17.189944	770	850	16	9	80	0.1125000
NODE_2890_length_1352_cov_15.752594	640	720	5	27	80	0.3375000
NODE_2890_length_1352_cov_15.752594	640	720	6	48	80	0.6000000
NODE_2890_length_1352_cov_15.752594	640	720	7	5	80	0.0625000
NODE_2890_length_1352_cov_15.752594	693	773	4	30	80	0.3750000
NODE_2890_length_1352_cov_15.752594	693	773	5	25	80	0.3125000
NODE_2890_length_1352_cov_15.752594	693	773	6	25	80	0.3125000
NODE_2891_length_1352_cov_10.699920	237	317	4	8	80	0.1000000
NODE_2891_length_1352_cov_10.699920	237	317	6	7	80	0.0875000
NODE_2891_length_1352_cov_10.699920	237	317	7	65	80	0.8125000
NODE_2891_length_1352_cov_10.699920	290	370	5	14	80	0.1750000
NODE_2891_length_1352_cov_10.699920	290	370	6	44	80	0.5500000
NODE_2891_length_1352_cov_10.699920	290	370	7	22	80	0.2750000
NODE_2894_length_1351_cov_32.325879	561	641	16	1	80	0.0125000
NODE_2894_length_1351_cov_32.325879	561	641	19	10	80	0.1250000
NODE_2894_length_1351_cov_32.325879	561	641	20	9	80	0.1125000
NODE_2894_length_1351_cov_32.325879	561	641	21	8	80	0.1000000
NODE_2894_length_1351_cov_32.325879	561	641	22	4	80	0.0500000
NODE_2894_length_1351_cov_32.325879	561	641	23	16	80	0.2000000
NODE_2894_length_1351_cov_32.325879	561	641	24	15	80	0.1875000
NODE_2894_length_1351_cov_32.325879	561	641	25	1	80	0.0125000
NODE_2894_length_1351_cov_32.325879	561	641	26	16	80	0.2000000
NODE_2894_length_1351_cov_32.325879	614	694	14	23	80	0.2875000
NODE_2894_length_1351_cov_32.325879	614	694	15	6	80	0.0750000
NODE_2894_length_1351_cov_32.325879	614	694	18	5	80	0.0625000
NODE_2894_length_1351_cov_32.325879	614	694	19	4	80	0.0500000
NODE_2894_length_1351_cov_32.325879	614	694	20	11	80	0.1375000
NODE_2894_length_1351_cov_32.325879	614	694	22	3	80	0.0375000
NODE_2894_length_1351_cov_32.325879	614	694	23	2	80	0.0250000
NODE_2894_length_1351_cov_32.325879	614	694	24	9	80	0.1125000
NODE_2894_length_1351_cov_32.325879	614	694	25	1	80	0.0125000
NODE_2894_length_1351_cov_32.325879	614	694	26	16	80	0.2000000
NODE_2895_length_1351_cov_16.861022	97	162	6	2	65	0.0307692
NODE_2895_length_1351_cov_16.861022	97	162	7	63	65	0.9692308
NODE_2896_length_1351_cov_9.894569	331	411	4	16	80	0.2000000
NODE_2896_length_1351_cov_9.894569	331	411	5	27	80	0.3375000
NODE_2896_length_1351_cov_9.894569	331	411	6	32	80	0.4000000
NODE_2896_length_1351_cov_9.894569	331	411	7	5	80	0.0625000
NODE_2896_length_1351_cov_9.894569	384	464	2	11	80	0.1375000
NODE_2896_length_1351_cov_9.894569	384	464	3	12	80	0.1500000
NODE_2896_length_1351_cov_9.894569	384	464	4	46	80	0.5750000
NODE_2896_length_1351_cov_9.894569	384	464	5	11	80	0.1375000
NODE_2897_length_1351_cov_8.699681	1055	1137	0	75	82	0.9146342
NODE_2897_length_1351_cov_8.699681	1055	1137	4	3	82	0.0365854
NODE_2897_length_1351_cov_8.699681	1055	1137	5	4	82	0.0487805
NODE_2897_length_1351_cov_8.699681	1110	1175	0	65	65	1.0000000
NODE_2898_length_1351_cov_2.931310	68	148	3	1	80	0.0125000
NODE_2898_length_1351_cov_2.931310	68	148	4	3	80	0.0375000
NODE_2898_length_1351_cov_2.931310	68	148	6	6	80	0.0750000
NODE_2898_length_1351_cov_2.931310	68	148	7	32	80	0.4000000
NODE_2898_length_1351_cov_2.931310	68	148	8	8	80	0.1000000
NODE_2898_length_1351_cov_2.931310	68	148	9	6	80	0.0750000
NODE_2898_length_1351_cov_2.931310	68	148	11	4	80	0.0500000
NODE_2898_length_1351_cov_2.931310	68	148	12	2	80	0.0250000
NODE_2898_length_1351_cov_2.931310	68	148	13	13	80	0.1625000
NODE_2898_length_1351_cov_2.931310	68	148	14	5	80	0.0625000
NODE_2898_length_1351_cov_2.931310	495	528	0	33	33	1.0000000
NODE_2899_length_1350_cov_18.274181	424	504	1	1	80	0.0125000
NODE_2899_length_1350_cov_18.274181	424	504	3	79	80	0.9875000
NODE_2899_length_1350_cov_18.274181	477	557	1	26	80	0.3250000
NODE_2899_length_1350_cov_18.274181	477	557	2	28	80	0.3500000
NODE_2899_length_1350_cov_18.274181	477	557	3	26	80	0.3250000
NODE_2899_length_1350_cov_18.274181	553	633	1	5	80	0.0625000
NODE_2899_length_1350_cov_18.274181	553	633	2	62	80	0.7750000
NODE_2899_length_1350_cov_18.274181	553	633	6	13	80	0.1625000
NODE_2899_length_1350_cov_18.274181	606	686	2	14	80	0.1750000
NODE_2899_length_1350_cov_18.274181	606	686	5	20	80	0.2500000
NODE_2899_length_1350_cov_18.274181	606	686	6	46	80	0.5750000
NODE_2900_length_1350_cov_8.053557	737	817	2	34	80	0.4250000
NODE_2900_length_1350_cov_8.053557	737	817	3	46	80	0.5750000
NODE_2900_length_1350_cov_8.053557	790	870	0	29	80	0.3625000
NODE_2900_length_1350_cov_8.053557	790	870	1	2	80	0.0250000
NODE_2900_length_1350_cov_8.053557	790	870	2	49	80	0.6125000
NODE_2903_length_1349_cov_23.782400	839	919	3	10	80	0.1250000
NODE_2903_length_1349_cov_23.782400	839	919	4	18	80	0.2250000
NODE_2903_length_1349_cov_23.782400	839	919	5	52	80	0.6500000
NODE_2903_length_1349_cov_23.782400	892	972	3	29	80	0.3625000
NODE_2903_length_1349_cov_23.782400	892	972	4	41	80	0.5125000
NODE_2903_length_1349_cov_23.782400	892	972	5	10	80	0.1250000
NODE_2903_length_1349_cov_23.782400	968	1048	2	3	80	0.0375000
NODE_2903_length_1349_cov_23.782400	968	1048	3	13	80	0.1625000
NODE_2903_length_1349_cov_23.782400	968	1048	4	23	80	0.2875000
NODE_2903_length_1349_cov_23.782400	968	1048	5	41	80	0.5125000
NODE_2903_length_1349_cov_23.782400	1021	1101	5	69	80	0.8625000
NODE_2903_length_1349_cov_23.782400	1021	1101	6	11	80	0.1375000
NODE_2904_length_1349_cov_17.776800	811	891	6	38	80	0.4750000
NODE_2904_length_1349_cov_17.776800	811	891	7	33	80	0.4125000
NODE_2904_length_1349_cov_17.776800	811	891	8	9	80	0.1125000
NODE_2904_length_1349_cov_17.776800	864	944	4	32	80	0.4000000
NODE_2904_length_1349_cov_17.776800	864	944	6	24	80	0.3000000
NODE_2904_length_1349_cov_17.776800	864	944	7	24	80	0.3000000
NODE_2905_length_1349_cov_16.468800	828	908	1	6	80	0.0750000
NODE_2905_length_1349_cov_16.468800	828	908	2	49	80	0.6125000
NODE_2905_length_1349_cov_16.468800	828	908	3	25	80	0.3125000
NODE_2905_length_1349_cov_16.468800	881	961	2	67	80	0.8375000
NODE_2905_length_1349_cov_16.468800	881	961	3	13	80	0.1625000
NODE_2908_length_1348_cov_22.731785	468	548	10	19	80	0.2375000
NODE_2908_length_1348_cov_22.731785	468	548	11	11	80	0.1375000
NODE_2908_length_1348_cov_22.731785	468	548	12	39	80	0.4875000
NODE_2908_length_1348_cov_22.731785	468	548	13	11	80	0.1375000
NODE_2908_length_1348_cov_22.731785	521	601	4	16	80	0.2000000
NODE_2908_length_1348_cov_22.731785	521	601	5	5	80	0.0625000
NODE_2908_length_1348_cov_22.731785	521	601	6	17	80	0.2125000
NODE_2908_length_1348_cov_22.731785	521	601	8	1	80	0.0125000
NODE_2908_length_1348_cov_22.731785	521	601	9	2	80	0.0250000
NODE_2908_length_1348_cov_22.731785	521	601	11	23	80	0.2875000
NODE_2908_length_1348_cov_22.731785	521	601	12	6	80	0.0750000
NODE_2908_length_1348_cov_22.731785	521	601	13	10	80	0.1250000
NODE_2909_length_1348_cov_20.778223	517	597	1	26	80	0.3250000
NODE_2909_length_1348_cov_20.778223	517	597	2	8	80	0.1000000
NODE_2909_length_1348_cov_20.778223	517	597	3	8	80	0.1000000
NODE_2909_length_1348_cov_20.778223	517	597	4	38	80	0.4750000
NODE_2909_length_1348_cov_20.778223	570	650	3	61	80	0.7625000
NODE_2909_length_1348_cov_20.778223	570	650	4	19	80	0.2375000
NODE_2910_length_1348_cov_11.180144	673	753	0	37	80	0.4625000
NODE_2910_length_1348_cov_11.180144	673	753	2	43	80	0.5375000
NODE_2910_length_1348_cov_11.180144	726	806	2	80	80	1.0000000
NODE_2916_length_1347_cov_45.906250	683	763	16	3	80	0.0375000
NODE_2916_length_1347_cov_45.906250	683	763	17	5	80	0.0625000
NODE_2916_length_1347_cov_45.906250	683	763	18	22	80	0.2750000
NODE_2916_length_1347_cov_45.906250	683	763	19	1	80	0.0125000
NODE_2916_length_1347_cov_45.906250	683	763	20	11	80	0.1375000
NODE_2916_length_1347_cov_45.906250	683	763	21	7	80	0.0875000
NODE_2916_length_1347_cov_45.906250	683	763	22	17	80	0.2125000
NODE_2916_length_1347_cov_45.906250	683	763	23	7	80	0.0875000
NODE_2916_length_1347_cov_45.906250	683	763	24	6	80	0.0750000
NODE_2916_length_1347_cov_45.906250	683	763	26	1	80	0.0125000
NODE_2916_length_1347_cov_45.906250	736	816	20	9	80	0.1125000
NODE_2916_length_1347_cov_45.906250	736	816	21	14	80	0.1750000
NODE_2916_length_1347_cov_45.906250	736	816	22	9	80	0.1125000
NODE_2916_length_1347_cov_45.906250	736	816	23	7	80	0.0875000
NODE_2916_length_1347_cov_45.906250	736	816	24	16	80	0.2000000
NODE_2916_length_1347_cov_45.906250	736	816	25	4	80	0.0500000
NODE_2916_length_1347_cov_45.906250	736	816	26	10	80	0.1250000
NODE_2916_length_1347_cov_45.906250	736	816	27	1	80	0.0125000
NODE_2916_length_1347_cov_45.906250	736	816	28	8	80	0.1000000
NODE_2916_length_1347_cov_45.906250	736	816	29	2	80	0.0250000
NODE_2916_length_1347_cov_45.906250	812	892	16	5	80	0.0625000
NODE_2916_length_1347_cov_45.906250	812	892	17	17	80	0.2125000
NODE_2916_length_1347_cov_45.906250	812	892	18	6	80	0.0750000
NODE_2916_length_1347_cov_45.906250	812	892	20	5	80	0.0625000
NODE_2916_length_1347_cov_45.906250	812	892	21	11	80	0.1375000
NODE_2916_length_1347_cov_45.906250	812	892	22	4	80	0.0500000
NODE_2916_length_1347_cov_45.906250	812	892	23	13	80	0.1625000
NODE_2916_length_1347_cov_45.906250	812	892	24	19	80	0.2375000
NODE_2916_length_1347_cov_45.906250	865	945	11	11	80	0.1375000
NODE_2916_length_1347_cov_45.906250	865	945	12	26	80	0.3250000
NODE_2916_length_1347_cov_45.906250	865	945	13	16	80	0.2000000
NODE_2916_length_1347_cov_45.906250	865	945	16	5	80	0.0625000
NODE_2916_length_1347_cov_45.906250	865	945	17	17	80	0.2125000
NODE_2916_length_1347_cov_45.906250	865	945	18	5	80	0.0625000
NODE_2917_length_1347_cov_41.643429	439	519	8	7	80	0.0875000
NODE_2917_length_1347_cov_41.643429	439	519	10	7	80	0.0875000
NODE_2917_length_1347_cov_41.643429	439	519	11	14	80	0.1750000
NODE_2917_length_1347_cov_41.643429	439	519	12	32	80	0.4000000
NODE_2917_length_1347_cov_41.643429	439	519	13	6	80	0.0750000
NODE_2917_length_1347_cov_41.643429	439	519	14	14	80	0.1750000
NODE_2917_length_1347_cov_41.643429	492	572	10	2	80	0.0250000
NODE_2917_length_1347_cov_41.643429	492	572	12	50	80	0.6250000
NODE_2917_length_1347_cov_41.643429	492	572	13	6	80	0.0750000
NODE_2917_length_1347_cov_41.643429	492	572	14	22	80	0.2750000
NODE_2918_length_1347_cov_19.941506	458	538	0	80	80	1.0000000
NODE_2918_length_1347_cov_19.941506	511	591	0	80	80	1.0000000
NODE_2918_length_1347_cov_19.941506	587	667	0	6	80	0.0750000
NODE_2918_length_1347_cov_19.941506	587	667	2	13	80	0.1625000
NODE_2918_length_1347_cov_19.941506	587	667	4	39	80	0.4875000
NODE_2918_length_1347_cov_19.941506	587	667	6	22	80	0.2750000
NODE_2918_length_1347_cov_19.941506	640	720	4	5	80	0.0625000
NODE_2918_length_1347_cov_19.941506	640	720	6	75	80	0.9375000
NODE_2919_length_1347_cov_16.520833	713	793	4	58	80	0.7250000
NODE_2919_length_1347_cov_16.520833	713	793	5	21	80	0.2625000
NODE_2919_length_1347_cov_16.520833	713	793	6	1	80	0.0125000
NODE_2919_length_1347_cov_16.520833	766	846	3	1	80	0.0125000
NODE_2919_length_1347_cov_16.520833	766	846	4	64	80	0.8000000
NODE_2919_length_1347_cov_16.520833	766	846	5	15	80	0.1875000
NODE_2920_length_1347_cov_15.967147	638	718	4	1	80	0.0125000
NODE_2920_length_1347_cov_15.967147	638	718	5	15	80	0.1875000
NODE_2920_length_1347_cov_15.967147	638	718	6	64	80	0.8000000
NODE_2920_length_1347_cov_15.967147	691	771	5	68	80	0.8500000
NODE_2920_length_1347_cov_15.967147	691	771	6	12	80	0.1500000
NODE_2925_length_1346_cov_13.112269	429	509	3	1	80	0.0125000
NODE_2925_length_1346_cov_13.112269	429	509	4	17	80	0.2125000
NODE_2925_length_1346_cov_13.112269	429	509	6	19	80	0.2375000
NODE_2925_length_1346_cov_13.112269	429	509	7	2	80	0.0250000
NODE_2925_length_1346_cov_13.112269	429	509	8	41	80	0.5125000
NODE_2925_length_1346_cov_13.112269	482	562	3	11	80	0.1375000
NODE_2925_length_1346_cov_13.112269	482	562	4	60	80	0.7500000
NODE_2925_length_1346_cov_13.112269	482	562	6	9	80	0.1125000
NODE_2928_length_1345_cov_32.099518	629	709	3	1	80	0.0125000
NODE_2928_length_1345_cov_32.099518	629	709	4	3	80	0.0375000
NODE_2928_length_1345_cov_32.099518	629	709	5	34	80	0.4250000
NODE_2928_length_1345_cov_32.099518	629	709	6	7	80	0.0875000
NODE_2928_length_1345_cov_32.099518	629	709	7	14	80	0.1750000
NODE_2928_length_1345_cov_32.099518	629	709	11	10	80	0.1250000
NODE_2928_length_1345_cov_32.099518	629	709	12	4	80	0.0500000
NODE_2928_length_1345_cov_32.099518	629	709	13	7	80	0.0875000
NODE_2928_length_1345_cov_32.099518	682	762	7	6	80	0.0750000
NODE_2928_length_1345_cov_32.099518	682	762	11	15	80	0.1875000
NODE_2928_length_1345_cov_32.099518	682	762	12	29	80	0.3625000
NODE_2928_length_1345_cov_32.099518	682	762	13	30	80	0.3750000
NODE_2929_length_1345_cov_19.837881	723	803	0	5	80	0.0625000
NODE_2929_length_1345_cov_19.837881	723	803	1	75	80	0.9375000
NODE_2929_length_1345_cov_19.837881	776	856	1	29	80	0.3625000
NODE_2929_length_1345_cov_19.837881	776	856	2	51	80	0.6375000
NODE_2930_length_1345_cov_14.262440	361	441	0	80	80	1.0000000
NODE_2930_length_1345_cov_14.262440	414	494	0	80	80	1.0000000
NODE_2930_length_1345_cov_14.262440	490	570	0	18	80	0.2250000
NODE_2930_length_1345_cov_14.262440	490	570	2	6	80	0.0750000
NODE_2930_length_1345_cov_14.262440	490	570	3	1	80	0.0125000
NODE_2930_length_1345_cov_14.262440	490	570	4	3	80	0.0375000
NODE_2930_length_1345_cov_14.262440	490	570	5	6	80	0.0750000
NODE_2930_length_1345_cov_14.262440	490	570	6	46	80	0.5750000
NODE_2930_length_1345_cov_14.262440	543	623	6	29	80	0.3625000
NODE_2930_length_1345_cov_14.262440	543	623	7	4	80	0.0500000
NODE_2930_length_1345_cov_14.262440	543	623	9	6	80	0.0750000
NODE_2930_length_1345_cov_14.262440	543	623	11	41	80	0.5125000
NODE_2931_length_1345_cov_14.103531	950	1030	2	80	80	1.0000000
NODE_2931_length_1345_cov_14.103531	1003	1083	0	36	80	0.4500000
NODE_2931_length_1345_cov_14.103531	1003	1083	2	44	80	0.5500000
NODE_2934_length_1344_cov_15.013655	345	425	5	71	80	0.8875000
NODE_2934_length_1344_cov_15.013655	345	425	6	9	80	0.1125000
NODE_2934_length_1344_cov_15.013655	398	478	5	28	80	0.3500000
NODE_2934_length_1344_cov_15.013655	398	478	6	12	80	0.1500000
NODE_2934_length_1344_cov_15.013655	398	478	7	36	80	0.4500000
NODE_2934_length_1344_cov_15.013655	398	478	8	4	80	0.0500000
NODE_2935_length_1344_cov_11.383133	519	599	0	80	80	1.0000000
NODE_2935_length_1344_cov_11.383133	572	652	0	51	80	0.6375000
NODE_2935_length_1344_cov_11.383133	572	652	1	23	80	0.2875000
NODE_2935_length_1344_cov_11.383133	572	652	2	6	80	0.0750000
NODE_2935_length_1344_cov_11.383133	648	728	2	80	80	1.0000000
NODE_2935_length_1344_cov_11.383133	701	781	1	8	80	0.1000000
NODE_2935_length_1344_cov_11.383133	701	781	2	72	80	0.9000000
NODE_2936_length_1344_cov_10.924498	529	609	0	1	80	0.0125000
NODE_2936_length_1344_cov_10.924498	529	609	2	79	80	0.9875000
NODE_2936_length_1344_cov_10.924498	582	662	0	22	80	0.2750000
NODE_2936_length_1344_cov_10.924498	582	662	2	58	80	0.7250000
NODE_2937_length_1344_cov_5.531727	920	975	0	55	55	1.0000000
NODE_2942_length_1343_cov_36.005627	150	230	7	3	80	0.0375000
NODE_2942_length_1343_cov_36.005627	150	230	8	19	80	0.2375000
NODE_2942_length_1343_cov_36.005627	150	230	10	11	80	0.1375000
NODE_2942_length_1343_cov_36.005627	150	230	11	6	80	0.0750000
NODE_2942_length_1343_cov_36.005627	150	230	12	10	80	0.1250000
NODE_2942_length_1343_cov_36.005627	150	230	13	21	80	0.2625000
NODE_2942_length_1343_cov_36.005627	150	230	14	5	80	0.0625000
NODE_2942_length_1343_cov_36.005627	150	230	16	2	80	0.0250000
NODE_2942_length_1343_cov_36.005627	150	230	18	3	80	0.0375000
NODE_2942_length_1343_cov_36.005627	286	366	3	51	80	0.6375000
NODE_2942_length_1343_cov_36.005627	286	366	4	29	80	0.3625000
NODE_2942_length_1343_cov_36.005627	339	419	3	6	80	0.0750000
NODE_2942_length_1343_cov_36.005627	339	419	4	55	80	0.6875000
NODE_2942_length_1343_cov_36.005627	339	419	5	19	80	0.2375000
NODE_2942_length_1343_cov_36.005627	415	495	3	5	80	0.0625000
NODE_2942_length_1343_cov_36.005627	415	495	4	75	80	0.9375000
NODE_2942_length_1343_cov_36.005627	468	548	1	22	80	0.2750000
NODE_2942_length_1343_cov_36.005627	468	548	2	7	80	0.0875000
NODE_2942_length_1343_cov_36.005627	468	548	3	11	80	0.1375000
NODE_2942_length_1343_cov_36.005627	468	548	4	40	80	0.5000000
NODE_2943_length_1343_cov_26.826367	782	862	4	15	80	0.1875000
NODE_2943_length_1343_cov_26.826367	782	862	5	16	80	0.2000000
NODE_2943_length_1343_cov_26.826367	782	862	6	8	80	0.1000000
NODE_2943_length_1343_cov_26.826367	782	862	7	11	80	0.1375000
NODE_2943_length_1343_cov_26.826367	782	862	9	30	80	0.3750000
NODE_2943_length_1343_cov_26.826367	835	915	7	46	80	0.5750000
NODE_2943_length_1343_cov_26.826367	835	915	8	6	80	0.0750000
NODE_2943_length_1343_cov_26.826367	835	915	9	28	80	0.3500000
NODE_2944_length_1343_cov_19.353698	799	879	2	28	80	0.3500000
NODE_2944_length_1343_cov_19.353698	799	879	3	29	80	0.3625000
NODE_2944_length_1343_cov_19.353698	799	879	4	23	80	0.2875000
NODE_2944_length_1343_cov_19.353698	852	932	2	9	80	0.1125000
NODE_2944_length_1343_cov_19.353698	852	932	3	71	80	0.8875000
NODE_2944_length_1343_cov_19.353698	928	1008	3	73	80	0.9125000
NODE_2944_length_1343_cov_19.353698	928	1008	5	7	80	0.0875000
NODE_2944_length_1343_cov_19.353698	981	1061	2	2	80	0.0250000
NODE_2944_length_1343_cov_19.353698	981	1061	3	78	80	0.9750000
NODE_2945_length_1343_cov_15.717846	745	825	0	10	80	0.1250000
NODE_2945_length_1343_cov_15.717846	745	825	1	3	80	0.0375000
NODE_2945_length_1343_cov_15.717846	745	825	2	63	80	0.7875000
NODE_2945_length_1343_cov_15.717846	745	825	3	4	80	0.0500000
NODE_2945_length_1343_cov_15.717846	798	878	2	23	80	0.2875000
NODE_2945_length_1343_cov_15.717846	798	878	3	8	80	0.1000000
NODE_2945_length_1343_cov_15.717846	798	878	4	49	80	0.6125000
NODE_2949_length_1342_cov_30.491553	456	536	7	15	80	0.1875000
NODE_2949_length_1342_cov_30.491553	456	536	8	64	80	0.8000000
NODE_2949_length_1342_cov_30.491553	456	536	9	1	80	0.0125000
NODE_2949_length_1342_cov_30.491553	509	589	3	6	80	0.0750000
NODE_2949_length_1342_cov_30.491553	509	589	5	4	80	0.0500000
NODE_2949_length_1342_cov_30.491553	509	589	6	2	80	0.0250000
NODE_2949_length_1342_cov_30.491553	509	589	7	7	80	0.0875000
NODE_2949_length_1342_cov_30.491553	509	589	8	55	80	0.6875000
NODE_2949_length_1342_cov_30.491553	509	589	9	6	80	0.0750000
NODE_2949_length_1342_cov_30.491553	585	665	3	24	80	0.3000000
NODE_2949_length_1342_cov_30.491553	585	665	4	13	80	0.1625000
NODE_2949_length_1342_cov_30.491553	585	665	5	27	80	0.3375000
NODE_2949_length_1342_cov_30.491553	585	665	6	16	80	0.2000000
NODE_2949_length_1342_cov_30.491553	638	718	5	34	80	0.4250000
NODE_2949_length_1342_cov_30.491553	638	718	6	46	80	0.5750000
NODE_2950_length_1342_cov_26.796460	538	618	12	8	80	0.1000000
NODE_2950_length_1342_cov_26.796460	538	618	13	14	80	0.1750000
NODE_2950_length_1342_cov_26.796460	538	618	14	7	80	0.0875000
NODE_2950_length_1342_cov_26.796460	538	618	15	39	80	0.4875000
NODE_2950_length_1342_cov_26.796460	538	618	16	12	80	0.1500000
NODE_2950_length_1342_cov_26.796460	591	671	6	4	80	0.0500000
NODE_2950_length_1342_cov_26.796460	591	671	7	15	80	0.1875000
NODE_2950_length_1342_cov_26.796460	591	671	8	1	80	0.0125000
NODE_2950_length_1342_cov_26.796460	591	671	10	24	80	0.3000000
NODE_2950_length_1342_cov_26.796460	591	671	12	17	80	0.2125000
NODE_2950_length_1342_cov_26.796460	591	671	13	14	80	0.1750000
NODE_2950_length_1342_cov_26.796460	591	671	14	5	80	0.0625000
NODE_2950_length_1342_cov_26.796460	667	747	2	16	80	0.2000000
NODE_2950_length_1342_cov_26.796460	667	747	3	8	80	0.1000000
NODE_2950_length_1342_cov_26.796460	667	747	4	37	80	0.4625000
NODE_2950_length_1342_cov_26.796460	667	747	5	15	80	0.1875000
NODE_2950_length_1342_cov_26.796460	667	747	6	4	80	0.0500000
NODE_2950_length_1342_cov_26.796460	720	800	2	28	80	0.3500000
NODE_2950_length_1342_cov_26.796460	720	800	3	49	80	0.6125000
NODE_2950_length_1342_cov_26.796460	720	800	4	3	80	0.0375000
NODE_2951_length_1342_cov_22.769912	298	378	0	3	80	0.0375000
NODE_2951_length_1342_cov_22.769912	298	378	2	73	80	0.9125000
NODE_2951_length_1342_cov_22.769912	298	378	3	4	80	0.0500000
NODE_2951_length_1342_cov_22.769912	351	431	2	23	80	0.2875000
NODE_2951_length_1342_cov_22.769912	351	431	3	41	80	0.5125000
NODE_2951_length_1342_cov_22.769912	351	431	5	8	80	0.1000000
NODE_2951_length_1342_cov_22.769912	351	431	6	8	80	0.1000000
NODE_2951_length_1342_cov_22.769912	427	507	6	7	80	0.0875000
NODE_2951_length_1342_cov_22.769912	427	507	7	4	80	0.0500000
NODE_2951_length_1342_cov_22.769912	427	507	8	64	80	0.8000000
NODE_2951_length_1342_cov_22.769912	427	507	9	5	80	0.0625000
NODE_2951_length_1342_cov_22.769912	480	560	6	17	80	0.2125000
NODE_2951_length_1342_cov_22.769912	480	560	7	15	80	0.1875000
NODE_2951_length_1342_cov_22.769912	480	560	8	48	80	0.6000000
NODE_2953_length_1341_cov_22.449275	494	574	6	7	80	0.0875000
NODE_2953_length_1341_cov_22.449275	494	574	7	36	80	0.4500000
NODE_2953_length_1341_cov_22.449275	494	574	8	37	80	0.4625000
NODE_2953_length_1341_cov_22.449275	547	627	3	7	80	0.0875000
NODE_2953_length_1341_cov_22.449275	547	627	4	26	80	0.3250000
NODE_2953_length_1341_cov_22.449275	547	627	6	10	80	0.1250000
NODE_2953_length_1341_cov_22.449275	547	627	8	37	80	0.4625000
NODE_2953_length_1341_cov_22.449275	623	703	2	16	80	0.2000000
NODE_2953_length_1341_cov_22.449275	623	703	3	59	80	0.7375000
NODE_2953_length_1341_cov_22.449275	623	703	4	5	80	0.0625000
NODE_2953_length_1341_cov_22.449275	676	755	2	68	79	0.8607595
NODE_2953_length_1341_cov_22.449275	676	755	3	11	79	0.1392405
NODE_2954_length_1341_cov_14.497585	415	495	7	1	80	0.0125000
NODE_2954_length_1341_cov_14.497585	415	495	8	12	80	0.1500000
NODE_2954_length_1341_cov_14.497585	415	495	9	39	80	0.4875000
NODE_2954_length_1341_cov_14.497585	415	495	10	23	80	0.2875000
NODE_2954_length_1341_cov_14.497585	415	495	11	5	80	0.0625000
NODE_2954_length_1341_cov_14.497585	468	548	6	1	80	0.0125000
NODE_2954_length_1341_cov_14.497585	468	548	8	21	80	0.2625000
NODE_2954_length_1341_cov_14.497585	468	548	9	6	80	0.0750000
NODE_2954_length_1341_cov_14.497585	468	548	10	47	80	0.5875000
NODE_2954_length_1341_cov_14.497585	468	548	11	5	80	0.0625000
NODE_2954_length_1341_cov_14.497585	544	624	4	29	80	0.3625000
NODE_2954_length_1341_cov_14.497585	544	624	5	26	80	0.3250000
NODE_2954_length_1341_cov_14.497585	544	624	6	22	80	0.2750000
NODE_2954_length_1341_cov_14.497585	544	624	8	3	80	0.0375000
NODE_2954_length_1341_cov_14.497585	597	677	5	67	80	0.8375000
NODE_2954_length_1341_cov_14.497585	597	677	6	13	80	0.1625000
NODE_2960_length_1340_cov_9.460113	531	611	0	4	80	0.0500000
NODE_2960_length_1340_cov_9.460113	531	611	2	2	80	0.0250000
NODE_2960_length_1340_cov_9.460113	531	611	3	74	80	0.9250000
NODE_2960_length_1340_cov_9.460113	584	664	0	57	80	0.7125000
NODE_2960_length_1340_cov_9.460113	584	664	2	2	80	0.0250000
NODE_2960_length_1340_cov_9.460113	584	664	3	21	80	0.2625000
NODE_2961_length_1340_cov_6.511684	735	815	5	3	80	0.0375000
NODE_2961_length_1340_cov_6.511684	735	815	6	21	80	0.2625000
NODE_2961_length_1340_cov_6.511684	735	815	7	41	80	0.5125000
NODE_2961_length_1340_cov_6.511684	735	815	8	15	80	0.1875000
NODE_2961_length_1340_cov_6.511684	788	868	3	6	80	0.0750000
NODE_2961_length_1340_cov_6.511684	788	868	5	15	80	0.1875000
NODE_2961_length_1340_cov_6.511684	788	868	6	53	80	0.6625000
NODE_2961_length_1340_cov_6.511684	788	868	7	6	80	0.0750000
NODE_2966_length_1339_cov_22.725000	751	831	2	47	80	0.5875000
NODE_2966_length_1339_cov_22.725000	751	831	3	33	80	0.4125000
NODE_2966_length_1339_cov_22.725000	804	884	1	46	80	0.5750000
NODE_2966_length_1339_cov_22.725000	804	884	3	34	80	0.4250000
NODE_2967_length_1339_cov_9.322581	329	409	1	65	80	0.8125000
NODE_2967_length_1339_cov_9.322581	329	409	2	15	80	0.1875000
NODE_2967_length_1339_cov_9.322581	382	462	1	13	80	0.1625000
NODE_2967_length_1339_cov_9.322581	382	462	2	67	80	0.8375000
NODE_2970_length_1338_cov_31.740920	527	607	3	45	80	0.5625000
NODE_2970_length_1338_cov_31.740920	527	607	4	30	80	0.3750000
NODE_2970_length_1338_cov_31.740920	527	607	5	1	80	0.0125000
NODE_2970_length_1338_cov_31.740920	527	607	7	4	80	0.0500000
NODE_2970_length_1338_cov_31.740920	580	660	4	22	80	0.2750000
NODE_2970_length_1338_cov_31.740920	580	660	5	1	80	0.0125000
NODE_2970_length_1338_cov_31.740920	580	660	7	17	80	0.2125000
NODE_2970_length_1338_cov_31.740920	580	660	8	26	80	0.3250000
NODE_2970_length_1338_cov_31.740920	580	660	9	14	80	0.1750000
NODE_2970_length_1338_cov_31.740920	656	736	7	14	80	0.1750000
NODE_2970_length_1338_cov_31.740920	656	736	8	11	80	0.1375000
NODE_2970_length_1338_cov_31.740920	656	736	9	3	80	0.0375000
NODE_2970_length_1338_cov_31.740920	656	736	10	41	80	0.5125000
NODE_2970_length_1338_cov_31.740920	656	736	11	11	80	0.1375000
NODE_2970_length_1338_cov_31.740920	709	789	7	27	80	0.3375000
NODE_2970_length_1338_cov_31.740920	709	789	8	1	80	0.0125000
NODE_2970_length_1338_cov_31.740920	709	789	9	12	80	0.1500000
NODE_2970_length_1338_cov_31.740920	709	789	10	36	80	0.4500000
NODE_2970_length_1338_cov_31.740920	709	789	11	4	80	0.0500000
NODE_2971_length_1338_cov_21.254237	639	719	5	15	80	0.1875000
NODE_2971_length_1338_cov_21.254237	639	719	6	23	80	0.2875000
NODE_2971_length_1338_cov_21.254237	639	719	7	6	80	0.0750000
NODE_2971_length_1338_cov_21.254237	639	719	8	23	80	0.2875000
NODE_2971_length_1338_cov_21.254237	639	719	9	13	80	0.1625000
NODE_2971_length_1338_cov_21.254237	692	772	7	10	80	0.1250000
NODE_2971_length_1338_cov_21.254237	692	772	8	57	80	0.7125000
NODE_2971_length_1338_cov_21.254237	692	772	9	13	80	0.1625000
NODE_2974_length_1337_cov_32.307754	739	819	7	12	80	0.1500000
NODE_2974_length_1337_cov_32.307754	739	819	8	13	80	0.1625000
NODE_2974_length_1337_cov_32.307754	739	819	10	3	80	0.0375000
NODE_2974_length_1337_cov_32.307754	739	819	12	27	80	0.3375000
NODE_2974_length_1337_cov_32.307754	739	819	13	2	80	0.0250000
NODE_2974_length_1337_cov_32.307754	739	819	14	16	80	0.2000000
NODE_2974_length_1337_cov_32.307754	739	819	15	7	80	0.0875000
NODE_2974_length_1337_cov_32.307754	792	872	9	14	80	0.1750000
NODE_2974_length_1337_cov_32.307754	792	872	10	3	80	0.0375000
NODE_2974_length_1337_cov_32.307754	792	872	11	32	80	0.4000000
NODE_2974_length_1337_cov_32.307754	792	872	12	24	80	0.3000000
NODE_2974_length_1337_cov_32.307754	792	872	14	7	80	0.0875000
NODE_2975_length_1337_cov_30.412763	465	545	2	17	80	0.2125000
NODE_2975_length_1337_cov_30.412763	465	545	3	28	80	0.3500000
NODE_2975_length_1337_cov_30.412763	465	545	4	35	80	0.4375000
NODE_2975_length_1337_cov_30.412763	518	598	1	11	80	0.1375000
NODE_2975_length_1337_cov_30.412763	518	598	3	68	80	0.8500000
NODE_2975_length_1337_cov_30.412763	518	598	4	1	80	0.0125000
NODE_2976_length_1337_cov_12.760905	560	640	3	12	80	0.1500000
NODE_2976_length_1337_cov_12.760905	560	640	4	21	80	0.2625000
NODE_2976_length_1337_cov_12.760905	560	640	5	47	80	0.5875000
NODE_2976_length_1337_cov_12.760905	613	693	4	26	80	0.3250000
NODE_2976_length_1337_cov_12.760905	613	693	5	54	80	0.6750000
NODE_2977_length_1337_cov_9.463651	724	804	0	80	80	1.0000000
NODE_2977_length_1337_cov_9.463651	777	857	0	80	80	1.0000000
NODE_2979_length_1337_cov_4.540388	216	296	0	80	80	1.0000000
NODE_2979_length_1337_cov_4.540388	272	349	0	77	77	1.0000000
NODE_2981_length_1336_cov_28.161681	394	474	8	4	80	0.0500000
NODE_2981_length_1336_cov_28.161681	394	474	9	16	80	0.2000000
NODE_2981_length_1336_cov_28.161681	394	474	11	5	80	0.0625000
NODE_2981_length_1336_cov_28.161681	394	474	12	6	80	0.0750000
NODE_2981_length_1336_cov_28.161681	394	474	13	4	80	0.0500000
NODE_2981_length_1336_cov_28.161681	394	474	14	8	80	0.1000000
NODE_2981_length_1336_cov_28.161681	394	474	15	14	80	0.1750000
NODE_2981_length_1336_cov_28.161681	394	474	16	22	80	0.2750000
NODE_2981_length_1336_cov_28.161681	394	474	17	1	80	0.0125000
NODE_2981_length_1336_cov_28.161681	447	527	14	2	80	0.0250000
NODE_2981_length_1336_cov_28.161681	447	527	15	12	80	0.1500000
NODE_2981_length_1336_cov_28.161681	447	527	16	39	80	0.4875000
NODE_2981_length_1336_cov_28.161681	447	527	17	27	80	0.3375000
NODE_2981_length_1336_cov_28.161681	523	603	4	5	80	0.0625000
NODE_2981_length_1336_cov_28.161681	523	603	5	19	80	0.2375000
NODE_2981_length_1336_cov_28.161681	523	603	6	4	80	0.0500000
NODE_2981_length_1336_cov_28.161681	523	603	7	6	80	0.0750000
NODE_2981_length_1336_cov_28.161681	523	603	8	21	80	0.2625000
NODE_2981_length_1336_cov_28.161681	523	603	9	4	80	0.0500000
NODE_2981_length_1336_cov_28.161681	523	603	12	13	80	0.1625000
NODE_2981_length_1336_cov_28.161681	523	603	15	8	80	0.1000000
NODE_2981_length_1336_cov_28.161681	576	656	2	9	80	0.1125000
NODE_2981_length_1336_cov_28.161681	576	656	3	9	80	0.1125000
NODE_2981_length_1336_cov_28.161681	576	656	4	23	80	0.2875000
NODE_2981_length_1336_cov_28.161681	576	656	5	36	80	0.4500000
NODE_2981_length_1336_cov_28.161681	576	656	6	3	80	0.0375000
NODE_2982_length_1336_cov_7.860954	17	98	0	42	81	0.5185185
NODE_2982_length_1336_cov_7.860954	17	98	2	28	81	0.3456790
NODE_2982_length_1336_cov_7.860954	17	98	3	11	81	0.1358025
NODE_2984_length_1336_cov_1.689572	1229	1289	0	60	60	1.0000000
NODE_2984_length_1336_cov_1.689572	1262	1336	0	74	74	1.0000000
NODE_2985_length_1335_cov_19.547735	530	607	5	15	77	0.1948052
NODE_2985_length_1335_cov_19.547735	530	607	6	33	77	0.4285714
NODE_2985_length_1335_cov_19.547735	530	607	7	22	77	0.2857143
NODE_2985_length_1335_cov_19.547735	530	607	8	7	77	0.0909091
NODE_2985_length_1335_cov_19.547735	582	660	4	4	78	0.0512821
NODE_2985_length_1335_cov_19.547735	582	660	5	64	78	0.8205128
NODE_2985_length_1335_cov_19.547735	582	660	7	5	78	0.0641026
NODE_2985_length_1335_cov_19.547735	582	660	8	5	78	0.0641026
NODE_2985_length_1335_cov_19.547735	656	736	0	6	80	0.0750000
NODE_2985_length_1335_cov_19.547735	656	736	1	17	80	0.2125000
NODE_2985_length_1335_cov_19.547735	656	736	2	37	80	0.4625000
NODE_2985_length_1335_cov_19.547735	656	736	3	9	80	0.1125000
NODE_2985_length_1335_cov_19.547735	656	736	4	11	80	0.1375000
NODE_2985_length_1335_cov_19.547735	709	789	0	59	80	0.7375000
NODE_2985_length_1335_cov_19.547735	709	789	1	17	80	0.2125000
NODE_2985_length_1335_cov_19.547735	709	789	2	4	80	0.0500000
NODE_2986_length_1335_cov_15.383495	419	499	0	1	80	0.0125000
NODE_2986_length_1335_cov_15.383495	419	499	2	79	80	0.9875000
NODE_2986_length_1335_cov_15.383495	472	552	2	80	80	1.0000000
NODE_2986_length_1335_cov_15.383495	548	628	0	74	80	0.9250000
NODE_2986_length_1335_cov_15.383495	548	628	2	6	80	0.0750000
NODE_2986_length_1335_cov_15.383495	601	681	0	80	80	1.0000000
NODE_2991_length_1333_cov_27.372771	493	573	4	66	80	0.8250000
NODE_2991_length_1333_cov_27.372771	493	573	6	14	80	0.1750000
NODE_2991_length_1333_cov_27.372771	546	626	2	44	80	0.5500000
NODE_2991_length_1333_cov_27.372771	546	626	4	36	80	0.4500000
NODE_2996_length_1332_cov_18.978913	648	728	3	2	80	0.0250000
NODE_2996_length_1332_cov_18.978913	648	728	5	1	80	0.0125000
NODE_2996_length_1332_cov_18.978913	648	728	7	3	80	0.0375000
NODE_2996_length_1332_cov_18.978913	648	728	8	74	80	0.9250000
NODE_2996_length_1332_cov_18.978913	701	781	1	37	80	0.4625000
NODE_2996_length_1332_cov_18.978913	701	781	3	18	80	0.2250000
NODE_2996_length_1332_cov_18.978913	701	781	5	1	80	0.0125000
NODE_2996_length_1332_cov_18.978913	701	781	7	3	80	0.0375000
NODE_2996_length_1332_cov_18.978913	701	781	8	21	80	0.2625000
NODE_2996_length_1332_cov_18.978913	777	857	0	74	80	0.9250000
NODE_2996_length_1332_cov_18.978913	777	857	1	6	80	0.0750000
NODE_2996_length_1332_cov_18.978913	830	910	0	80	80	1.0000000
NODE_2997_length_1332_cov_3.112733	87	151	3	55	64	0.8593750
NODE_2997_length_1332_cov_3.112733	87	151	5	1	64	0.0156250
NODE_2997_length_1332_cov_3.112733	87	151	8	2	64	0.0312500
NODE_2997_length_1332_cov_3.112733	87	151	9	2	64	0.0312500
NODE_2997_length_1332_cov_3.112733	87	151	10	4	64	0.0625000
NODE_3000_length_1331_cov_16.831981	392	472	8	21	80	0.2625000
NODE_3000_length_1331_cov_16.831981	392	472	9	18	80	0.2250000
NODE_3000_length_1331_cov_16.831981	392	472	10	41	80	0.5125000
NODE_3000_length_1331_cov_16.831981	445	525	2	9	80	0.1125000
NODE_3000_length_1331_cov_16.831981	445	525	3	12	80	0.1500000
NODE_3000_length_1331_cov_16.831981	445	525	4	5	80	0.0625000
NODE_3000_length_1331_cov_16.831981	445	525	6	2	80	0.0250000
NODE_3000_length_1331_cov_16.831981	445	525	7	17	80	0.2125000
NODE_3000_length_1331_cov_16.831981	445	525	8	29	80	0.3625000
NODE_3000_length_1331_cov_16.831981	445	525	9	6	80	0.0750000
NODE_3000_length_1331_cov_16.831981	521	601	0	35	80	0.4375000
NODE_3000_length_1331_cov_16.831981	521	601	1	10	80	0.1250000
NODE_3000_length_1331_cov_16.831981	521	601	2	35	80	0.4375000
NODE_3000_length_1331_cov_16.831981	574	654	0	7	80	0.0875000
NODE_3000_length_1331_cov_16.831981	574	654	1	1	80	0.0125000
NODE_3000_length_1331_cov_16.831981	574	654	2	42	80	0.5250000
NODE_3000_length_1331_cov_16.831981	574	654	3	30	80	0.3750000
NODE_3001_length_1331_cov_12.841721	871	951	2	23	80	0.2875000
NODE_3001_length_1331_cov_12.841721	871	951	3	31	80	0.3875000
NODE_3001_length_1331_cov_12.841721	871	951	5	26	80	0.3250000
NODE_3001_length_1331_cov_12.841721	924	1004	3	1	80	0.0125000
NODE_3001_length_1331_cov_12.841721	924	1004	4	6	80	0.0750000
NODE_3001_length_1331_cov_12.841721	924	1004	5	57	80	0.7125000
NODE_3001_length_1331_cov_12.841721	924	1004	6	16	80	0.2000000
NODE_3004_length_1331_cov_2.090097	0	76	0	76	76	1.0000000
NODE_3004_length_1331_cov_2.090097	49	98	0	49	49	1.0000000
NODE_3007_length_1330_cov_48.993501	278	358	4	3	80	0.0375000
NODE_3007_length_1330_cov_48.993501	278	358	5	23	80	0.2875000
NODE_3007_length_1330_cov_48.993501	278	358	6	54	80	0.6750000
NODE_3007_length_1330_cov_48.993501	331	411	3	17	80	0.2125000
NODE_3007_length_1330_cov_48.993501	331	411	5	24	80	0.3000000
NODE_3007_length_1330_cov_48.993501	331	411	6	39	80	0.4875000
NODE_3007_length_1330_cov_48.993501	742	822	3	5	80	0.0625000
NODE_3007_length_1330_cov_48.993501	742	822	5	16	80	0.2000000
NODE_3007_length_1330_cov_48.993501	742	822	6	4	80	0.0500000
NODE_3007_length_1330_cov_48.993501	742	822	7	3	80	0.0375000
NODE_3007_length_1330_cov_48.993501	742	822	8	9	80	0.1125000
NODE_3007_length_1330_cov_48.993501	742	822	10	4	80	0.0500000
NODE_3007_length_1330_cov_48.993501	742	822	11	7	80	0.0875000
NODE_3007_length_1330_cov_48.993501	742	822	12	9	80	0.1125000
NODE_3007_length_1330_cov_48.993501	742	822	13	10	80	0.1250000
NODE_3007_length_1330_cov_48.993501	742	822	14	13	80	0.1625000
NODE_3007_length_1330_cov_48.993501	795	875	10	1	80	0.0125000
NODE_3007_length_1330_cov_48.993501	795	875	11	53	80	0.6625000
NODE_3007_length_1330_cov_48.993501	795	875	13	13	80	0.1625000
NODE_3007_length_1330_cov_48.993501	795	875	14	13	80	0.1625000
NODE_3008_length_1330_cov_11.037368	407	487	0	52	80	0.6500000
NODE_3008_length_1330_cov_11.037368	407	487	1	2	80	0.0250000
NODE_3008_length_1330_cov_11.037368	407	487	2	26	80	0.3250000
NODE_3008_length_1330_cov_11.037368	460	540	1	1	80	0.0125000
NODE_3008_length_1330_cov_11.037368	460	540	2	61	80	0.7625000
NODE_3008_length_1330_cov_11.037368	460	540	4	18	80	0.2250000
NODE_3008_length_1330_cov_11.037368	536	617	4	41	81	0.5061728
NODE_3008_length_1330_cov_11.037368	536	617	5	2	81	0.0246914
NODE_3008_length_1330_cov_11.037368	536	617	6	38	81	0.4691358
NODE_3008_length_1330_cov_11.037368	590	670	0	3	80	0.0375000
NODE_3008_length_1330_cov_11.037368	590	670	2	3	80	0.0375000
NODE_3008_length_1330_cov_11.037368	590	670	4	52	80	0.6500000
NODE_3008_length_1330_cov_11.037368	590	670	5	2	80	0.0250000
NODE_3008_length_1330_cov_11.037368	590	670	6	20	80	0.2500000
NODE_3009_length_1330_cov_9.026807	551	631	0	80	80	1.0000000
NODE_3009_length_1330_cov_9.026807	604	684	0	80	80	1.0000000
NODE_3011_length_1329_cov_17.036585	691	771	0	73	80	0.9125000
NODE_3011_length_1329_cov_17.036585	691	771	1	7	80	0.0875000
NODE_3011_length_1329_cov_17.036585	744	824	0	80	80	1.0000000
NODE_3011_length_1329_cov_17.036585	820	900	0	80	80	1.0000000
NODE_3011_length_1329_cov_17.036585	873	953	0	80	80	1.0000000
NODE_3012_length_1329_cov_16.341463	428	476	1	1	48	0.0208333
NODE_3012_length_1329_cov_16.341463	428	476	2	1	48	0.0208333
NODE_3012_length_1329_cov_16.341463	428	476	3	12	48	0.2500000
NODE_3012_length_1329_cov_16.341463	428	476	4	2	48	0.0416667
NODE_3012_length_1329_cov_16.341463	428	476	5	2	48	0.0416667
NODE_3012_length_1329_cov_16.341463	428	476	6	4	48	0.0833333
NODE_3012_length_1329_cov_16.341463	428	476	7	2	48	0.0416667
NODE_3012_length_1329_cov_16.341463	428	476	8	1	48	0.0208333
NODE_3012_length_1329_cov_16.341463	428	476	9	2	48	0.0416667
NODE_3012_length_1329_cov_16.341463	428	476	10	13	48	0.2708333
NODE_3012_length_1329_cov_16.341463	428	476	11	4	48	0.0833333
NODE_3012_length_1329_cov_16.341463	428	476	12	4	48	0.0833333
NODE_3013_length_1329_cov_5.620325	888	955	0	14	67	0.2089552
NODE_3013_length_1329_cov_5.620325	888	955	1	53	67	0.7910448
NODE_3013_length_1329_cov_5.620325	941	999	0	21	58	0.3620690
NODE_3013_length_1329_cov_5.620325	941	999	1	37	58	0.6379310
NODE_3017_length_1328_cov_12.954434	794	874	5	21	80	0.2625000
NODE_3017_length_1328_cov_12.954434	794	874	6	8	80	0.1000000
NODE_3017_length_1328_cov_12.954434	794	874	7	24	80	0.3000000
NODE_3017_length_1328_cov_12.954434	794	874	8	27	80	0.3375000
NODE_3017_length_1328_cov_12.954434	847	927	5	2	80	0.0250000
NODE_3017_length_1328_cov_12.954434	847	927	6	39	80	0.4875000
NODE_3017_length_1328_cov_12.954434	847	927	7	25	80	0.3125000
NODE_3017_length_1328_cov_12.954434	847	927	8	6	80	0.0750000
NODE_3017_length_1328_cov_12.954434	847	927	9	8	80	0.1000000
NODE_3018_length_1328_cov_8.810415	762	842	0	25	80	0.3125000
NODE_3018_length_1328_cov_8.810415	762	842	2	55	80	0.6875000
NODE_3018_length_1328_cov_8.810415	815	895	2	80	80	1.0000000
NODE_3021_length_1327_cov_15.938925	260	340	12	7	80	0.0875000
NODE_3021_length_1327_cov_15.938925	260	340	16	1	80	0.0125000
NODE_3021_length_1327_cov_15.938925	260	340	17	7	80	0.0875000
NODE_3021_length_1327_cov_15.938925	260	340	18	2	80	0.0250000
NODE_3021_length_1327_cov_15.938925	260	340	19	4	80	0.0500000
NODE_3021_length_1327_cov_15.938925	260	340	21	2	80	0.0250000
NODE_3021_length_1327_cov_15.938925	260	340	22	1	80	0.0125000
NODE_3021_length_1327_cov_15.938925	260	340	23	15	80	0.1875000
NODE_3021_length_1327_cov_15.938925	260	340	24	21	80	0.2625000
NODE_3021_length_1327_cov_15.938925	260	340	25	20	80	0.2500000
NODE_3021_length_1327_cov_15.938925	313	393	13	1	80	0.0125000
NODE_3021_length_1327_cov_15.938925	313	393	14	4	80	0.0500000
NODE_3021_length_1327_cov_15.938925	313	393	16	2	80	0.0250000
NODE_3021_length_1327_cov_15.938925	313	393	17	7	80	0.0875000
NODE_3021_length_1327_cov_15.938925	313	393	18	8	80	0.1000000
NODE_3021_length_1327_cov_15.938925	313	393	19	6	80	0.0750000
NODE_3021_length_1327_cov_15.938925	313	393	23	21	80	0.2625000
NODE_3021_length_1327_cov_15.938925	313	393	24	11	80	0.1375000
NODE_3021_length_1327_cov_15.938925	313	393	25	20	80	0.2500000
NODE_3022_length_1327_cov_7.274430	159	235	0	76	76	1.0000000
NODE_3022_length_1327_cov_7.274430	774	854	0	80	80	1.0000000
NODE_3022_length_1327_cov_7.274430	827	890	0	63	63	1.0000000
NODE_3023_length_1327_cov_6.486156	896	976	0	80	80	1.0000000
NODE_3023_length_1327_cov_6.486156	949	1029	0	80	80	1.0000000
NODE_3029_length_1326_cov_32.382233	571	651	1	14	80	0.1750000
NODE_3029_length_1326_cov_32.382233	571	651	3	7	80	0.0875000
NODE_3029_length_1326_cov_32.382233	571	651	5	40	80	0.5000000
NODE_3029_length_1326_cov_32.382233	571	651	6	12	80	0.1500000
NODE_3029_length_1326_cov_32.382233	571	651	7	4	80	0.0500000
NODE_3029_length_1326_cov_32.382233	571	651	8	3	80	0.0375000
NODE_3029_length_1326_cov_32.382233	624	704	5	8	80	0.1000000
NODE_3029_length_1326_cov_32.382233	624	704	6	12	80	0.1500000
NODE_3029_length_1326_cov_32.382233	624	704	7	4	80	0.0500000
NODE_3029_length_1326_cov_32.382233	624	704	8	5	80	0.0625000
NODE_3029_length_1326_cov_32.382233	624	704	9	11	80	0.1375000
NODE_3029_length_1326_cov_32.382233	624	704	10	40	80	0.5000000
NODE_3030_length_1326_cov_30.614507	760	840	7	32	80	0.4000000
NODE_3030_length_1326_cov_30.614507	760	840	8	35	80	0.4375000
NODE_3030_length_1326_cov_30.614507	760	840	9	10	80	0.1250000
NODE_3030_length_1326_cov_30.614507	760	840	10	3	80	0.0375000
NODE_3030_length_1326_cov_30.614507	813	893	5	3	80	0.0375000
NODE_3030_length_1326_cov_30.614507	813	893	6	10	80	0.1250000
NODE_3030_length_1326_cov_30.614507	813	893	7	12	80	0.1500000
NODE_3030_length_1326_cov_30.614507	813	893	8	14	80	0.1750000
NODE_3030_length_1326_cov_30.614507	813	893	9	10	80	0.1250000
NODE_3030_length_1326_cov_30.614507	813	893	10	7	80	0.0875000
NODE_3030_length_1326_cov_30.614507	813	893	11	2	80	0.0250000
NODE_3030_length_1326_cov_30.614507	813	893	12	22	80	0.2750000
NODE_3031_length_1326_cov_30.304808	488	568	1	4	80	0.0500000
NODE_3031_length_1326_cov_30.304808	488	568	2	37	80	0.4625000
NODE_3031_length_1326_cov_30.304808	488	568	4	39	80	0.4875000
NODE_3031_length_1326_cov_30.304808	541	621	4	80	80	1.0000000
NODE_3031_length_1326_cov_30.304808	617	697	0	59	80	0.7375000
NODE_3031_length_1326_cov_30.304808	617	697	1	3	80	0.0375000
NODE_3031_length_1326_cov_30.304808	617	697	3	10	80	0.1250000
NODE_3031_length_1326_cov_30.304808	617	697	4	8	80	0.1000000
NODE_3031_length_1326_cov_30.304808	670	750	0	80	80	1.0000000
NODE_3032_length_1326_cov_10.913610	238	318	1	28	80	0.3500000
NODE_3032_length_1326_cov_10.913610	238	318	3	11	80	0.1375000
NODE_3032_length_1326_cov_10.913610	238	318	4	41	80	0.5125000
NODE_3032_length_1326_cov_10.913610	291	371	4	80	80	1.0000000
NODE_3036_length_1325_cov_38.136215	0	46	0	46	46	1.0000000
NODE_3036_length_1325_cov_38.136215	19	99	0	80	80	1.0000000
NODE_3036_length_1325_cov_38.136215	948	1022	7	6	74	0.0810811
NODE_3036_length_1325_cov_38.136215	948	1022	8	3	74	0.0405405
NODE_3036_length_1325_cov_38.136215	948	1022	9	17	74	0.2297297
NODE_3036_length_1325_cov_38.136215	948	1022	10	15	74	0.2027027
NODE_3036_length_1325_cov_38.136215	948	1022	11	7	74	0.0945946
NODE_3036_length_1325_cov_38.136215	948	1022	12	19	74	0.2567568
NODE_3036_length_1325_cov_38.136215	948	1022	13	2	74	0.0270270
NODE_3036_length_1325_cov_38.136215	948	1022	14	1	74	0.0135135
NODE_3036_length_1325_cov_38.136215	948	1022	15	4	74	0.0540541
NODE_3036_length_1325_cov_38.136215	1001	1063	12	14	62	0.2258064
NODE_3036_length_1325_cov_38.136215	1001	1063	13	8	62	0.1290323
NODE_3036_length_1325_cov_38.136215	1001	1063	14	6	62	0.0967742
NODE_3036_length_1325_cov_38.136215	1001	1063	15	12	62	0.1935484
NODE_3036_length_1325_cov_38.136215	1001	1063	16	12	62	0.1935484
NODE_3036_length_1325_cov_38.136215	1001	1063	17	10	62	0.1612903
NODE_3037_length_1325_cov_29.201468	613	693	1	15	80	0.1875000
NODE_3037_length_1325_cov_29.201468	613	693	2	65	80	0.8125000
NODE_3037_length_1325_cov_29.201468	666	746	1	32	80	0.4000000
NODE_3037_length_1325_cov_29.201468	666	746	2	48	80	0.6000000
NODE_3038_length_1325_cov_11.902121	697	777	0	80	80	1.0000000
NODE_3038_length_1325_cov_11.902121	750	830	0	80	80	1.0000000
NODE_3039_length_1325_cov_7.876835	645	725	1	16	80	0.2000000
NODE_3039_length_1325_cov_7.876835	645	725	2	64	80	0.8000000
NODE_3039_length_1325_cov_7.876835	698	778	2	80	80	1.0000000
NODE_3040_length_1325_cov_3.774062	1157	1218	0	59	61	0.9672131
NODE_3040_length_1325_cov_3.774062	1157	1218	2	2	61	0.0327869
NODE_3040_length_1325_cov_3.774062	1191	1271	0	80	80	1.0000000
NODE_3041_length_1325_cov_2.896411	0	58	0	35	58	0.6034483
NODE_3041_length_1325_cov_2.896411	0	58	2	23	58	0.3965517
NODE_3041_length_1325_cov_2.896411	8	67	0	27	59	0.4576271
NODE_3041_length_1325_cov_2.896411	8	67	2	32	59	0.5423729
NODE_3046_length_1324_cov_30.340408	939	1019	2	15	80	0.1875000
NODE_3046_length_1324_cov_30.340408	939	1019	3	13	80	0.1625000
NODE_3046_length_1324_cov_30.340408	939	1019	4	12	80	0.1500000
NODE_3046_length_1324_cov_30.340408	939	1019	5	40	80	0.5000000
NODE_3046_length_1324_cov_30.340408	992	1072	3	12	80	0.1500000
NODE_3046_length_1324_cov_30.340408	992	1072	4	1	80	0.0125000
NODE_3046_length_1324_cov_30.340408	992	1072	5	67	80	0.8375000
NODE_3047_length_1324_cov_7.391020	742	822	4	11	80	0.1375000
NODE_3047_length_1324_cov_7.391020	742	822	5	37	80	0.4625000
NODE_3047_length_1324_cov_7.391020	742	822	6	13	80	0.1625000
NODE_3047_length_1324_cov_7.391020	742	822	7	19	80	0.2375000
NODE_3047_length_1324_cov_7.391020	795	875	5	55	80	0.6875000
NODE_3047_length_1324_cov_7.391020	795	875	6	19	80	0.2375000
NODE_3047_length_1324_cov_7.391020	795	875	7	6	80	0.0750000
NODE_3053_length_1323_cov_30.600490	392	472	5	18	80	0.2250000
NODE_3053_length_1323_cov_30.600490	392	472	6	14	80	0.1750000
NODE_3053_length_1323_cov_30.600490	392	472	7	34	80	0.4250000
NODE_3053_length_1323_cov_30.600490	392	472	8	14	80	0.1750000
NODE_3053_length_1323_cov_30.600490	445	525	1	11	80	0.1375000
NODE_3053_length_1323_cov_30.600490	445	525	2	11	80	0.1375000
NODE_3053_length_1323_cov_30.600490	445	525	4	14	80	0.1750000
NODE_3053_length_1323_cov_30.600490	445	525	5	27	80	0.3375000
NODE_3053_length_1323_cov_30.600490	445	525	7	17	80	0.2125000
NODE_3053_length_1323_cov_30.600490	521	601	2	11	80	0.1375000
NODE_3053_length_1323_cov_30.600490	521	601	3	69	80	0.8625000
NODE_3053_length_1323_cov_30.600490	574	654	3	80	80	1.0000000
NODE_3054_length_1323_cov_20.888889	758	838	8	58	80	0.7250000
NODE_3054_length_1323_cov_20.888889	758	838	9	22	80	0.2750000
NODE_3054_length_1323_cov_20.888889	811	891	3	1	80	0.0125000
NODE_3054_length_1323_cov_20.888889	811	891	4	8	80	0.1000000
NODE_3054_length_1323_cov_20.888889	811	891	5	31	80	0.3875000
NODE_3054_length_1323_cov_20.888889	811	891	6	4	80	0.0500000
NODE_3054_length_1323_cov_20.888889	811	891	7	6	80	0.0750000
NODE_3054_length_1323_cov_20.888889	811	891	8	26	80	0.3250000
NODE_3054_length_1323_cov_20.888889	811	891	9	4	80	0.0500000
NODE_3061_length_1322_cov_8.988553	287	368	2	80	81	0.9876543
NODE_3061_length_1322_cov_8.988553	287	368	3	1	81	0.0123457
NODE_3061_length_1322_cov_8.988553	341	421	1	9	80	0.1125000
NODE_3061_length_1322_cov_8.988553	341	421	2	66	80	0.8250000
NODE_3061_length_1322_cov_8.988553	341	421	3	5	80	0.0625000
NODE_3061_length_1322_cov_8.988553	417	497	2	27	80	0.3375000
NODE_3061_length_1322_cov_8.988553	417	497	4	2	80	0.0250000
NODE_3061_length_1322_cov_8.988553	417	497	6	51	80	0.6375000
NODE_3061_length_1322_cov_8.988553	470	550	2	17	80	0.2125000
NODE_3061_length_1322_cov_8.988553	470	550	3	1	80	0.0125000
NODE_3061_length_1322_cov_8.988553	470	550	4	1	80	0.0125000
NODE_3061_length_1322_cov_8.988553	470	550	5	14	80	0.1750000
NODE_3061_length_1322_cov_8.988553	470	550	6	47	80	0.5875000
NODE_3068_length_1321_cov_57.885434	359	439	0	31	80	0.3875000
NODE_3068_length_1321_cov_57.885434	359	439	1	31	80	0.3875000
NODE_3068_length_1321_cov_57.885434	359	439	2	18	80	0.2250000
NODE_3068_length_1321_cov_57.885434	412	492	1	9	80	0.1125000
NODE_3068_length_1321_cov_57.885434	412	492	2	21	80	0.2625000
NODE_3068_length_1321_cov_57.885434	412	492	4	49	80	0.6125000
NODE_3068_length_1321_cov_57.885434	412	492	5	1	80	0.0125000
NODE_3068_length_1321_cov_57.885434	488	568	4	3	80	0.0375000
NODE_3068_length_1321_cov_57.885434	488	568	5	32	80	0.4000000
NODE_3068_length_1321_cov_57.885434	488	568	7	3	80	0.0375000
NODE_3068_length_1321_cov_57.885434	488	568	9	32	80	0.4000000
NODE_3068_length_1321_cov_57.885434	488	568	10	10	80	0.1250000
NODE_3068_length_1321_cov_57.885434	541	621	7	6	80	0.0750000
NODE_3068_length_1321_cov_57.885434	541	621	8	5	80	0.0625000
NODE_3068_length_1321_cov_57.885434	541	621	9	69	80	0.8625000
NODE_3071_length_1320_cov_70.753481	432	512	20	7	80	0.0875000
NODE_3071_length_1320_cov_70.753481	432	512	22	2	80	0.0250000
NODE_3071_length_1320_cov_70.753481	432	512	23	13	80	0.1625000
NODE_3071_length_1320_cov_70.753481	432	512	24	6	80	0.0750000
NODE_3071_length_1320_cov_70.753481	432	512	26	3	80	0.0375000
NODE_3071_length_1320_cov_70.753481	432	512	27	12	80	0.1500000
NODE_3071_length_1320_cov_70.753481	432	512	28	35	80	0.4375000
NODE_3071_length_1320_cov_70.753481	432	512	29	2	80	0.0250000
NODE_3071_length_1320_cov_70.753481	485	565	16	3	80	0.0375000
NODE_3071_length_1320_cov_70.753481	485	565	17	2	80	0.0250000
NODE_3071_length_1320_cov_70.753481	485	565	18	4	80	0.0500000
NODE_3071_length_1320_cov_70.753481	485	565	19	10	80	0.1250000
NODE_3071_length_1320_cov_70.753481	485	565	21	6	80	0.0750000
NODE_3071_length_1320_cov_70.753481	485	565	23	3	80	0.0375000
NODE_3071_length_1320_cov_70.753481	485	565	24	2	80	0.0250000
NODE_3071_length_1320_cov_70.753481	485	565	25	2	80	0.0250000
NODE_3071_length_1320_cov_70.753481	485	565	26	8	80	0.1000000
NODE_3071_length_1320_cov_70.753481	485	565	27	11	80	0.1375000
NODE_3071_length_1320_cov_70.753481	485	565	28	18	80	0.2250000
NODE_3071_length_1320_cov_70.753481	485	565	29	11	80	0.1375000
NODE_3071_length_1320_cov_70.753481	561	641	6	12	80	0.1500000
NODE_3071_length_1320_cov_70.753481	561	641	7	16	80	0.2000000
NODE_3071_length_1320_cov_70.753481	561	641	8	4	80	0.0500000
NODE_3071_length_1320_cov_70.753481	561	641	9	14	80	0.1750000
NODE_3071_length_1320_cov_70.753481	561	641	10	5	80	0.0625000
NODE_3071_length_1320_cov_70.753481	561	641	11	2	80	0.0250000
NODE_3071_length_1320_cov_70.753481	561	641	13	9	80	0.1125000
NODE_3071_length_1320_cov_70.753481	561	641	15	11	80	0.1375000
NODE_3071_length_1320_cov_70.753481	561	641	16	6	80	0.0750000
NODE_3071_length_1320_cov_70.753481	561	641	17	1	80	0.0125000
NODE_3071_length_1320_cov_70.753481	614	694	1	31	80	0.3875000
NODE_3071_length_1320_cov_70.753481	614	694	2	10	80	0.1250000
NODE_3071_length_1320_cov_70.753481	614	694	3	9	80	0.1125000
NODE_3071_length_1320_cov_70.753481	614	694	5	1	80	0.0125000
NODE_3071_length_1320_cov_70.753481	614	694	6	14	80	0.1750000
NODE_3071_length_1320_cov_70.753481	614	694	7	15	80	0.1875000
NODE_3072_length_1320_cov_39.149058	715	795	6	44	80	0.5500000
NODE_3072_length_1320_cov_39.149058	715	795	7	7	80	0.0875000
NODE_3072_length_1320_cov_39.149058	715	795	8	13	80	0.1625000
NODE_3072_length_1320_cov_39.149058	715	795	9	16	80	0.2000000
NODE_3072_length_1320_cov_39.149058	768	848	5	4	80	0.0500000
NODE_3072_length_1320_cov_39.149058	768	848	6	17	80	0.2125000
NODE_3072_length_1320_cov_39.149058	768	848	8	12	80	0.1500000
NODE_3072_length_1320_cov_39.149058	768	848	9	47	80	0.5875000
NODE_3072_length_1320_cov_39.149058	844	924	3	1	80	0.0125000
NODE_3072_length_1320_cov_39.149058	844	924	4	19	80	0.2375000
NODE_3072_length_1320_cov_39.149058	844	924	5	49	80	0.6125000
NODE_3072_length_1320_cov_39.149058	844	924	6	11	80	0.1375000
NODE_3072_length_1320_cov_39.149058	897	977	2	45	80	0.5625000
NODE_3072_length_1320_cov_39.149058	897	977	3	9	80	0.1125000
NODE_3072_length_1320_cov_39.149058	897	977	4	7	80	0.0875000
NODE_3072_length_1320_cov_39.149058	897	977	5	8	80	0.1000000
NODE_3072_length_1320_cov_39.149058	897	977	6	11	80	0.1375000
NODE_3073_length_1320_cov_19.175266	707	783	1	40	76	0.5263158
NODE_3073_length_1320_cov_19.175266	707	783	3	31	76	0.4078947
NODE_3073_length_1320_cov_19.175266	707	783	4	5	76	0.0657895
NODE_3073_length_1320_cov_19.175266	760	840	3	22	80	0.2750000
NODE_3073_length_1320_cov_19.175266	760	840	4	58	80	0.7250000
NODE_3074_length_1320_cov_11.224406	860	940	5	9	80	0.1125000
NODE_3074_length_1320_cov_11.224406	860	940	7	4	80	0.0500000
NODE_3074_length_1320_cov_11.224406	860	940	8	51	80	0.6375000
NODE_3074_length_1320_cov_11.224406	860	940	9	7	80	0.0875000
NODE_3074_length_1320_cov_11.224406	860	940	10	9	80	0.1125000
NODE_3074_length_1320_cov_11.224406	913	993	6	13	80	0.1625000
NODE_3074_length_1320_cov_11.224406	913	993	7	3	80	0.0375000
NODE_3074_length_1320_cov_11.224406	913	993	8	64	80	0.8000000
NODE_3075_length_1320_cov_11.036036	760	840	6	15	80	0.1875000
NODE_3075_length_1320_cov_11.036036	760	840	7	39	80	0.4875000
NODE_3075_length_1320_cov_11.036036	760	840	8	26	80	0.3250000
NODE_3075_length_1320_cov_11.036036	813	893	1	8	80	0.1000000
NODE_3075_length_1320_cov_11.036036	813	893	2	25	80	0.3125000
NODE_3075_length_1320_cov_11.036036	813	893	4	12	80	0.1500000
NODE_3075_length_1320_cov_11.036036	813	893	6	23	80	0.2875000
NODE_3075_length_1320_cov_11.036036	813	893	8	12	80	0.1500000
NODE_3076_length_1320_cov_8.357084	800	880	0	60	80	0.7500000
NODE_3076_length_1320_cov_8.357084	800	880	2	20	80	0.2500000
NODE_3076_length_1320_cov_8.357084	853	933	0	36	80	0.4500000
NODE_3076_length_1320_cov_8.357084	853	933	2	44	80	0.5500000
NODE_3080_length_1319_cov_27.098361	630	710	9	10	80	0.1250000
NODE_3080_length_1319_cov_27.098361	630	710	11	17	80	0.2125000
NODE_3080_length_1319_cov_27.098361	630	710	12	1	80	0.0125000
NODE_3080_length_1319_cov_27.098361	630	710	13	10	80	0.1250000
NODE_3080_length_1319_cov_27.098361	630	710	15	9	80	0.1125000
NODE_3080_length_1319_cov_27.098361	630	710	16	9	80	0.1125000
NODE_3080_length_1319_cov_27.098361	630	710	17	24	80	0.3000000
NODE_3080_length_1319_cov_27.098361	683	763	4	7	80	0.0875000
NODE_3080_length_1319_cov_27.098361	683	763	6	14	80	0.1750000
NODE_3080_length_1319_cov_27.098361	683	763	7	12	80	0.1500000
NODE_3080_length_1319_cov_27.098361	683	763	8	10	80	0.1250000
NODE_3080_length_1319_cov_27.098361	683	763	9	14	80	0.1750000
NODE_3080_length_1319_cov_27.098361	683	763	12	1	80	0.0125000
NODE_3080_length_1319_cov_27.098361	683	763	15	5	80	0.0625000
NODE_3080_length_1319_cov_27.098361	683	763	16	9	80	0.1125000
NODE_3080_length_1319_cov_27.098361	683	763	17	8	80	0.1000000
NODE_3081_length_1319_cov_22.992623	490	570	3	16	80	0.2000000
NODE_3081_length_1319_cov_22.992623	490	570	4	16	80	0.2000000
NODE_3081_length_1319_cov_22.992623	490	570	6	3	80	0.0375000
NODE_3081_length_1319_cov_22.992623	490	570	8	29	80	0.3625000
NODE_3081_length_1319_cov_22.992623	490	570	9	16	80	0.2000000
NODE_3081_length_1319_cov_22.992623	543	623	8	11	80	0.1375000
NODE_3081_length_1319_cov_22.992623	543	623	9	26	80	0.3250000
NODE_3081_length_1319_cov_22.992623	543	623	10	35	80	0.4375000
NODE_3081_length_1319_cov_22.992623	543	623	11	8	80	0.1000000
NODE_3086_length_1318_cov_13.624282	642	722	0	37	80	0.4625000
NODE_3086_length_1318_cov_13.624282	642	722	1	43	80	0.5375000
NODE_3086_length_1318_cov_13.624282	695	775	1	64	80	0.8000000
NODE_3086_length_1318_cov_13.624282	695	775	2	16	80	0.2000000
NODE_3086_length_1318_cov_13.624282	771	851	1	23	80	0.2875000
NODE_3086_length_1318_cov_13.624282	771	851	2	57	80	0.7125000
NODE_3086_length_1318_cov_13.624282	824	904	1	35	80	0.4375000
NODE_3086_length_1318_cov_13.624282	824	904	2	45	80	0.5625000
NODE_3089_length_1317_cov_162.041872	66	143	0	21	77	0.2727273
NODE_3089_length_1317_cov_162.041872	66	143	2	53	77	0.6883117
NODE_3089_length_1317_cov_162.041872	66	143	8	2	77	0.0259740
NODE_3089_length_1317_cov_162.041872	66	143	12	1	77	0.0129870
NODE_3090_length_1317_cov_19.736453	675	755	0	80	80	1.0000000
NODE_3090_length_1317_cov_19.736453	728	808	0	80	80	1.0000000
NODE_3090_length_1317_cov_19.736453	804	884	0	74	80	0.9250000
NODE_3090_length_1317_cov_19.736453	804	884	1	6	80	0.0750000
NODE_3090_length_1317_cov_19.736453	857	937	0	21	80	0.2625000
NODE_3090_length_1317_cov_19.736453	857	937	1	59	80	0.7375000
NODE_3092_length_1317_cov_2.203612	779	859	0	80	80	1.0000000
NODE_3095_length_1316_cov_25.377157	557	637	2	59	80	0.7375000
NODE_3095_length_1316_cov_25.377157	557	637	3	5	80	0.0625000
NODE_3095_length_1316_cov_25.377157	557	637	4	16	80	0.2000000
NODE_3095_length_1316_cov_25.377157	610	690	1	41	80	0.5125000
NODE_3095_length_1316_cov_25.377157	610	690	2	25	80	0.3125000
NODE_3095_length_1316_cov_25.377157	610	690	3	14	80	0.1750000
NODE_3096_length_1316_cov_15.891537	446	526	2	12	80	0.1500000
NODE_3096_length_1316_cov_15.891537	446	526	3	13	80	0.1625000
NODE_3096_length_1316_cov_15.891537	446	526	4	34	80	0.4250000
NODE_3096_length_1316_cov_15.891537	446	526	5	21	80	0.2625000
NODE_3096_length_1316_cov_15.891537	499	579	3	23	80	0.2875000
NODE_3096_length_1316_cov_15.891537	499	579	4	56	80	0.7000000
NODE_3096_length_1316_cov_15.891537	499	579	5	1	80	0.0125000
NODE_3096_length_1316_cov_15.891537	575	655	0	26	80	0.3250000
NODE_3096_length_1316_cov_15.891537	575	655	1	8	80	0.1000000
NODE_3096_length_1316_cov_15.891537	575	655	2	13	80	0.1625000
NODE_3096_length_1316_cov_15.891537	575	655	3	33	80	0.4125000
NODE_3096_length_1316_cov_15.891537	628	708	0	79	80	0.9875000
NODE_3096_length_1316_cov_15.891537	628	708	1	1	80	0.0125000
NODE_3101_length_1315_cov_24.136513	592	672	7	7	80	0.0875000
NODE_3101_length_1315_cov_24.136513	592	672	8	4	80	0.0500000
NODE_3101_length_1315_cov_24.136513	592	672	9	69	80	0.8625000
NODE_3101_length_1315_cov_24.136513	645	725	4	14	80	0.1750000
NODE_3101_length_1315_cov_24.136513	645	725	5	20	80	0.2500000
NODE_3101_length_1315_cov_24.136513	645	725	6	3	80	0.0375000
NODE_3101_length_1315_cov_24.136513	645	725	7	22	80	0.2750000
NODE_3101_length_1315_cov_24.136513	645	725	9	21	80	0.2625000
NODE_3105_length_1314_cov_38.391770	647	727	0	4	80	0.0500000
NODE_3105_length_1314_cov_38.391770	647	727	4	5	80	0.0625000
NODE_3105_length_1314_cov_38.391770	647	727	5	19	80	0.2375000
NODE_3105_length_1314_cov_38.391770	647	727	6	8	80	0.1000000
NODE_3105_length_1314_cov_38.391770	647	727	7	44	80	0.5500000
NODE_3105_length_1314_cov_38.391770	700	780	7	46	80	0.5750000
NODE_3105_length_1314_cov_38.391770	700	780	9	24	80	0.3000000
NODE_3105_length_1314_cov_38.391770	700	780	11	10	80	0.1250000
NODE_3105_length_1314_cov_38.391770	776	856	9	4	80	0.0500000
NODE_3105_length_1314_cov_38.391770	776	856	11	10	80	0.1250000
NODE_3105_length_1314_cov_38.391770	776	856	12	8	80	0.1000000
NODE_3105_length_1314_cov_38.391770	776	856	13	17	80	0.2125000
NODE_3105_length_1314_cov_38.391770	776	856	14	20	80	0.2500000
NODE_3105_length_1314_cov_38.391770	776	856	15	16	80	0.2000000
NODE_3105_length_1314_cov_38.391770	776	856	17	5	80	0.0625000
NODE_3105_length_1314_cov_38.391770	829	909	13	2	80	0.0250000
NODE_3105_length_1314_cov_38.391770	829	909	14	4	80	0.0500000
NODE_3105_length_1314_cov_38.391770	829	909	15	16	80	0.2000000
NODE_3105_length_1314_cov_38.391770	829	909	16	6	80	0.0750000
NODE_3105_length_1314_cov_38.391770	829	909	17	43	80	0.5375000
NODE_3105_length_1314_cov_38.391770	829	909	18	8	80	0.1000000
NODE_3105_length_1314_cov_38.391770	829	909	19	1	80	0.0125000
NODE_3106_length_1314_cov_30.167078	736	816	5	16	80	0.2000000
NODE_3106_length_1314_cov_30.167078	736	816	6	1	80	0.0125000
NODE_3106_length_1314_cov_30.167078	736	816	7	8	80	0.1000000
NODE_3106_length_1314_cov_30.167078	736	816	8	16	80	0.2000000
NODE_3106_length_1314_cov_30.167078	736	816	9	21	80	0.2625000
NODE_3106_length_1314_cov_30.167078	736	816	10	18	80	0.2250000
NODE_3106_length_1314_cov_30.167078	789	869	5	1	80	0.0125000
NODE_3106_length_1314_cov_30.167078	789	869	8	21	80	0.2625000
NODE_3106_length_1314_cov_30.167078	789	869	9	19	80	0.2375000
NODE_3106_length_1314_cov_30.167078	789	869	10	20	80	0.2500000
NODE_3106_length_1314_cov_30.167078	789	869	11	19	80	0.2375000
NODE_3107_length_1314_cov_11.221399	523	603	2	63	80	0.7875000
NODE_3107_length_1314_cov_11.221399	523	603	3	17	80	0.2125000
NODE_3107_length_1314_cov_11.221399	576	656	2	45	80	0.5625000
NODE_3107_length_1314_cov_11.221399	576	656	3	35	80	0.4375000
NODE_3114_length_1313_cov_29.315486	463	543	3	3	80	0.0375000
NODE_3114_length_1313_cov_29.315486	463	543	5	6	80	0.0750000
NODE_3114_length_1313_cov_29.315486	463	543	7	16	80	0.2000000
NODE_3114_length_1313_cov_29.315486	463	543	8	26	80	0.3250000
NODE_3114_length_1313_cov_29.315486	463	543	9	1	80	0.0125000
NODE_3114_length_1313_cov_29.315486	463	543	10	15	80	0.1875000
NODE_3114_length_1313_cov_29.315486	463	543	11	13	80	0.1625000
NODE_3114_length_1313_cov_29.315486	516	596	10	14	80	0.1750000
NODE_3114_length_1313_cov_29.315486	516	596	11	63	80	0.7875000
NODE_3114_length_1313_cov_29.315486	516	596	12	2	80	0.0250000
NODE_3114_length_1313_cov_29.315486	516	596	13	1	80	0.0125000
NODE_3115_length_1313_cov_25.144975	709	789	4	13	80	0.1625000
NODE_3115_length_1313_cov_25.144975	709	789	5	15	80	0.1875000
NODE_3115_length_1313_cov_25.144975	709	789	6	42	80	0.5250000
NODE_3115_length_1313_cov_25.144975	709	789	8	10	80	0.1250000
NODE_3115_length_1313_cov_25.144975	762	842	5	7	80	0.0875000
NODE_3115_length_1313_cov_25.144975	762	842	6	10	80	0.1250000
NODE_3115_length_1313_cov_25.144975	762	842	8	44	80	0.5500000
NODE_3115_length_1313_cov_25.144975	762	842	9	17	80	0.2125000
NODE_3115_length_1313_cov_25.144975	762	842	10	2	80	0.0250000
NODE_3115_length_1313_cov_25.144975	838	918	4	8	80	0.1000000
NODE_3115_length_1313_cov_25.144975	838	918	6	3	80	0.0375000
NODE_3115_length_1313_cov_25.144975	838	918	7	3	80	0.0375000
NODE_3115_length_1313_cov_25.144975	838	918	8	26	80	0.3250000
NODE_3115_length_1313_cov_25.144975	838	918	9	39	80	0.4875000
NODE_3115_length_1313_cov_25.144975	838	918	10	1	80	0.0125000
NODE_3115_length_1313_cov_25.144975	891	971	3	19	80	0.2375000
NODE_3115_length_1313_cov_25.144975	891	971	4	42	80	0.5250000
NODE_3115_length_1313_cov_25.144975	891	971	6	3	80	0.0375000
NODE_3115_length_1313_cov_25.144975	891	971	7	3	80	0.0375000
NODE_3115_length_1313_cov_25.144975	891	971	8	13	80	0.1625000
NODE_3118_length_1312_cov_20.378401	138	218	2	10	80	0.1250000
NODE_3118_length_1312_cov_20.378401	138	218	3	1	80	0.0125000
NODE_3118_length_1312_cov_20.378401	138	218	4	2	80	0.0250000
NODE_3118_length_1312_cov_20.378401	138	218	5	4	80	0.0500000
NODE_3118_length_1312_cov_20.378401	138	218	7	2	80	0.0250000
NODE_3118_length_1312_cov_20.378401	138	218	8	18	80	0.2250000
NODE_3118_length_1312_cov_20.378401	138	218	9	6	80	0.0750000
NODE_3118_length_1312_cov_20.378401	138	218	13	1	80	0.0125000
NODE_3118_length_1312_cov_20.378401	138	218	14	20	80	0.2500000
NODE_3118_length_1312_cov_20.378401	138	218	15	4	80	0.0500000
NODE_3118_length_1312_cov_20.378401	138	218	17	7	80	0.0875000
NODE_3118_length_1312_cov_20.378401	138	218	18	5	80	0.0625000
NODE_3118_length_1312_cov_20.378401	191	271	14	11	80	0.1375000
NODE_3118_length_1312_cov_20.378401	191	271	15	4	80	0.0500000
NODE_3118_length_1312_cov_20.378401	191	271	17	13	80	0.1625000
NODE_3118_length_1312_cov_20.378401	191	271	18	47	80	0.5875000
NODE_3118_length_1312_cov_20.378401	191	271	19	5	80	0.0625000
NODE_3121_length_1311_cov_38.468647	584	664	3	9	80	0.1125000
NODE_3121_length_1311_cov_38.468647	584	664	4	4	80	0.0500000
NODE_3121_length_1311_cov_38.468647	584	664	5	62	80	0.7750000
NODE_3121_length_1311_cov_38.468647	584	664	6	5	80	0.0625000
NODE_3121_length_1311_cov_38.468647	637	717	3	9	80	0.1125000
NODE_3121_length_1311_cov_38.468647	637	717	5	17	80	0.2125000
NODE_3121_length_1311_cov_38.468647	637	717	6	48	80	0.6000000
NODE_3121_length_1311_cov_38.468647	637	717	7	6	80	0.0750000
NODE_3121_length_1311_cov_38.468647	713	793	5	26	80	0.3250000
NODE_3121_length_1311_cov_38.468647	713	793	6	7	80	0.0875000
NODE_3121_length_1311_cov_38.468647	713	793	7	5	80	0.0625000
NODE_3121_length_1311_cov_38.468647	713	793	8	30	80	0.3750000
NODE_3121_length_1311_cov_38.468647	713	793	9	6	80	0.0750000
NODE_3121_length_1311_cov_38.468647	713	793	10	4	80	0.0500000
NODE_3121_length_1311_cov_38.468647	713	793	11	2	80	0.0250000
NODE_3121_length_1311_cov_38.468647	766	846	8	52	80	0.6500000
NODE_3121_length_1311_cov_38.468647	766	846	9	22	80	0.2750000
NODE_3121_length_1311_cov_38.468647	766	846	10	4	80	0.0500000
NODE_3121_length_1311_cov_38.468647	766	846	11	2	80	0.0250000
NODE_3125_length_1310_cov_37.739884	679	759	10	13	80	0.1625000
NODE_3125_length_1310_cov_37.739884	679	759	11	13	80	0.1625000
NODE_3125_length_1310_cov_37.739884	679	759	12	2	80	0.0250000
NODE_3125_length_1310_cov_37.739884	679	759	13	5	80	0.0625000
NODE_3125_length_1310_cov_37.739884	679	759	15	7	80	0.0875000
NODE_3125_length_1310_cov_37.739884	679	759	16	33	80	0.4125000
NODE_3125_length_1310_cov_37.739884	679	759	17	7	80	0.0875000
NODE_3125_length_1310_cov_37.739884	683	763	10	9	80	0.1125000
NODE_3125_length_1310_cov_37.739884	683	763	11	13	80	0.1625000
NODE_3125_length_1310_cov_37.739884	683	763	12	2	80	0.0250000
NODE_3125_length_1310_cov_37.739884	683	763	13	5	80	0.0625000
NODE_3125_length_1310_cov_37.739884	683	763	15	7	80	0.0875000
NODE_3125_length_1310_cov_37.739884	683	763	16	33	80	0.4125000
NODE_3125_length_1310_cov_37.739884	683	763	17	7	80	0.0875000
NODE_3125_length_1310_cov_37.739884	683	763	18	4	80	0.0500000
NODE_3125_length_1310_cov_37.739884	732	816	15	4	84	0.0476190
NODE_3125_length_1310_cov_37.739884	732	816	16	22	84	0.2619048
NODE_3125_length_1310_cov_37.739884	732	816	17	10	84	0.1190476
NODE_3125_length_1310_cov_37.739884	732	816	18	22	84	0.2619048
NODE_3125_length_1310_cov_37.739884	732	816	19	26	84	0.3095238
NODE_3125_length_1310_cov_37.739884	736	816	15	4	80	0.0500000
NODE_3125_length_1310_cov_37.739884	736	816	16	18	80	0.2250000
NODE_3125_length_1310_cov_37.739884	736	816	17	10	80	0.1250000
NODE_3125_length_1310_cov_37.739884	736	816	18	22	80	0.2750000
NODE_3125_length_1310_cov_37.739884	736	816	19	26	80	0.3250000
NODE_3125_length_1310_cov_37.739884	812	892	8	16	80	0.2000000
NODE_3125_length_1310_cov_37.739884	812	892	9	11	80	0.1375000
NODE_3125_length_1310_cov_37.739884	812	892	10	1	80	0.0125000
NODE_3125_length_1310_cov_37.739884	812	892	11	7	80	0.0875000
NODE_3125_length_1310_cov_37.739884	812	892	12	2	80	0.0250000
NODE_3125_length_1310_cov_37.739884	812	892	13	9	80	0.1125000
NODE_3125_length_1310_cov_37.739884	812	892	14	11	80	0.1375000
NODE_3125_length_1310_cov_37.739884	812	892	15	10	80	0.1250000
NODE_3125_length_1310_cov_37.739884	812	892	17	13	80	0.1625000
NODE_3125_length_1310_cov_37.739884	865	945	2	23	80	0.2875000
NODE_3125_length_1310_cov_37.739884	865	945	3	14	80	0.1750000
NODE_3125_length_1310_cov_37.739884	865	945	5	14	80	0.1750000
NODE_3125_length_1310_cov_37.739884	865	945	6	2	80	0.0250000
NODE_3125_length_1310_cov_37.739884	865	945	8	16	80	0.2000000
NODE_3125_length_1310_cov_37.739884	865	945	9	11	80	0.1375000
NODE_3126_length_1310_cov_12.245252	615	695	2	15	80	0.1875000
NODE_3126_length_1310_cov_12.245252	615	695	3	1	80	0.0125000
NODE_3126_length_1310_cov_12.245252	615	695	4	1	80	0.0125000
NODE_3126_length_1310_cov_12.245252	615	695	5	8	80	0.1000000
NODE_3126_length_1310_cov_12.245252	615	695	6	55	80	0.6875000
NODE_3126_length_1310_cov_12.245252	668	748	4	14	80	0.1750000
NODE_3126_length_1310_cov_12.245252	668	748	6	51	80	0.6375000
NODE_3126_length_1310_cov_12.245252	668	748	7	15	80	0.1875000
NODE_3127_length_1310_cov_10.184971	422	502	1	20	80	0.2500000
NODE_3127_length_1310_cov_10.184971	422	502	3	15	80	0.1875000
NODE_3127_length_1310_cov_10.184971	422	502	4	45	80	0.5625000
NODE_3127_length_1310_cov_10.184971	475	555	3	61	80	0.7625000
NODE_3127_length_1310_cov_10.184971	475	555	4	19	80	0.2375000
NODE_3128_length_1310_cov_3.186623	876	956	0	19	80	0.2375000
NODE_3128_length_1310_cov_3.186623	876	956	1	5	80	0.0625000
NODE_3128_length_1310_cov_3.186623	876	956	2	56	80	0.7000000
NODE_3128_length_1310_cov_3.186623	929	1009	2	80	80	1.0000000
NODE_3131_length_1310_cov_0.757225	1255	1310	2	55	55	1.0000000
NODE_3132_length_1309_cov_34.942149	474	554	0	13	80	0.1625000
NODE_3132_length_1309_cov_34.942149	474	554	2	60	80	0.7500000
NODE_3132_length_1309_cov_34.942149	474	554	4	7	80	0.0875000
NODE_3132_length_1309_cov_34.942149	527	607	0	34	80	0.4250000
NODE_3132_length_1309_cov_34.942149	527	607	1	10	80	0.1250000
NODE_3132_length_1309_cov_34.942149	527	607	2	26	80	0.3250000
NODE_3132_length_1309_cov_34.942149	527	607	3	10	80	0.1250000
NODE_3132_length_1309_cov_34.942149	603	683	3	10	80	0.1250000
NODE_3132_length_1309_cov_34.942149	603	683	7	22	80	0.2750000
NODE_3132_length_1309_cov_34.942149	603	683	8	4	80	0.0500000
NODE_3132_length_1309_cov_34.942149	603	683	10	27	80	0.3375000
NODE_3132_length_1309_cov_34.942149	603	683	11	14	80	0.1750000
NODE_3132_length_1309_cov_34.942149	603	683	12	3	80	0.0375000
NODE_3132_length_1309_cov_34.942149	656	736	10	10	80	0.1250000
NODE_3132_length_1309_cov_34.942149	656	736	11	14	80	0.1750000
NODE_3132_length_1309_cov_34.942149	656	736	12	15	80	0.1875000
NODE_3132_length_1309_cov_34.942149	656	736	13	41	80	0.5125000
NODE_3133_length_1309_cov_10.571074	839	921	0	82	82	1.0000000
NODE_3133_length_1309_cov_10.571074	894	974	0	80	80	1.0000000
NODE_3135_length_1308_cov_43.461538	330	410	7	10	80	0.1250000
NODE_3135_length_1308_cov_43.461538	330	410	8	6	80	0.0750000
NODE_3135_length_1308_cov_43.461538	330	410	12	3	80	0.0375000
NODE_3135_length_1308_cov_43.461538	330	410	14	16	80	0.2000000
NODE_3135_length_1308_cov_43.461538	330	410	15	43	80	0.5375000
NODE_3135_length_1308_cov_43.461538	330	410	16	2	80	0.0250000
NODE_3135_length_1308_cov_43.461538	383	463	15	59	80	0.7375000
NODE_3135_length_1308_cov_43.461538	383	463	16	14	80	0.1750000
NODE_3135_length_1308_cov_43.461538	383	463	17	7	80	0.0875000
NODE_3145_length_1307_cov_11.290563	595	673	3	78	78	1.0000000
NODE_3145_length_1307_cov_11.290563	646	726	0	4	80	0.0500000
NODE_3145_length_1307_cov_11.290563	646	726	1	39	80	0.4875000
NODE_3145_length_1307_cov_11.290563	646	726	2	6	80	0.0750000
NODE_3145_length_1307_cov_11.290563	646	726	3	31	80	0.3875000
NODE_3146_length_1307_cov_8.653146	430	510	2	4	80	0.0500000
NODE_3146_length_1307_cov_8.653146	430	510	4	44	80	0.5500000
NODE_3146_length_1307_cov_8.653146	430	510	5	32	80	0.4000000
NODE_3146_length_1307_cov_8.653146	483	563	4	40	80	0.5000000
NODE_3146_length_1307_cov_8.653146	483	563	5	40	80	0.5000000
NODE_3153_length_1306_cov_26.813587	369	449	7	28	80	0.3500000
NODE_3153_length_1306_cov_26.813587	369	449	9	40	80	0.5000000
NODE_3153_length_1306_cov_26.813587	369	449	11	1	80	0.0125000
NODE_3153_length_1306_cov_26.813587	369	449	13	1	80	0.0125000
NODE_3153_length_1306_cov_26.813587	369	449	15	7	80	0.0875000
NODE_3153_length_1306_cov_26.813587	369	449	16	3	80	0.0375000
NODE_3153_length_1306_cov_26.813587	422	502	9	15	80	0.1875000
NODE_3153_length_1306_cov_26.813587	422	502	11	1	80	0.0125000
NODE_3153_length_1306_cov_26.813587	422	502	12	6	80	0.0750000
NODE_3153_length_1306_cov_26.813587	422	502	13	1	80	0.0125000
NODE_3153_length_1306_cov_26.813587	422	502	14	26	80	0.3250000
NODE_3153_length_1306_cov_26.813587	422	502	15	7	80	0.0875000
NODE_3153_length_1306_cov_26.813587	422	502	16	24	80	0.3000000
NODE_3153_length_1306_cov_26.813587	498	578	9	44	80	0.5500000
NODE_3153_length_1306_cov_26.813587	498	578	11	18	80	0.2250000
NODE_3153_length_1306_cov_26.813587	498	578	12	12	80	0.1500000
NODE_3153_length_1306_cov_26.813587	498	578	14	6	80	0.0750000
NODE_3153_length_1306_cov_26.813587	551	631	2	30	80	0.3750000
NODE_3153_length_1306_cov_26.813587	551	631	4	5	80	0.0625000
NODE_3153_length_1306_cov_26.813587	551	631	5	7	80	0.0875000
NODE_3153_length_1306_cov_26.813587	551	631	6	1	80	0.0125000
NODE_3153_length_1306_cov_26.813587	551	631	9	37	80	0.4625000
NODE_3154_length_1306_cov_24.904722	634	714	5	28	80	0.3500000
NODE_3154_length_1306_cov_24.904722	634	714	6	5	80	0.0625000
NODE_3154_length_1306_cov_24.904722	634	714	7	10	80	0.1250000
NODE_3154_length_1306_cov_24.904722	634	714	8	27	80	0.3375000
NODE_3154_length_1306_cov_24.904722	634	714	9	9	80	0.1125000
NODE_3154_length_1306_cov_24.904722	634	714	10	1	80	0.0125000
NODE_3154_length_1306_cov_24.904722	687	767	7	21	80	0.2625000
NODE_3154_length_1306_cov_24.904722	687	767	8	49	80	0.6125000
NODE_3154_length_1306_cov_24.904722	687	767	9	9	80	0.1125000
NODE_3154_length_1306_cov_24.904722	687	767	10	1	80	0.0125000
NODE_3155_length_1306_cov_18.274234	388	468	2	10	80	0.1250000
NODE_3155_length_1306_cov_18.274234	388	468	3	3	80	0.0375000
NODE_3155_length_1306_cov_18.274234	388	468	4	30	80	0.3750000
NODE_3155_length_1306_cov_18.274234	388	468	5	9	80	0.1125000
NODE_3155_length_1306_cov_18.274234	388	468	6	4	80	0.0500000
NODE_3155_length_1306_cov_18.274234	388	468	7	6	80	0.0750000
NODE_3155_length_1306_cov_18.274234	388	468	8	18	80	0.2250000
NODE_3155_length_1306_cov_18.274234	441	521	6	3	80	0.0375000
NODE_3155_length_1306_cov_18.274234	441	521	7	16	80	0.2000000
NODE_3155_length_1306_cov_18.274234	441	521	8	61	80	0.7625000
NODE_3156_length_1306_cov_15.176471	1214	1294	0	64	80	0.8000000
NODE_3156_length_1306_cov_15.176471	1214	1294	1	16	80	0.2000000
NODE_3157_length_1306_cov_12.699254	458	538	5	1	80	0.0125000
NODE_3157_length_1306_cov_12.699254	458	538	6	57	80	0.7125000
NODE_3157_length_1306_cov_12.699254	458	538	7	22	80	0.2750000
NODE_3157_length_1306_cov_12.699254	511	591	1	5	80	0.0625000
NODE_3157_length_1306_cov_12.699254	511	591	2	4	80	0.0500000
NODE_3157_length_1306_cov_12.699254	511	591	3	20	80	0.2500000
NODE_3157_length_1306_cov_12.699254	511	591	4	6	80	0.0750000
NODE_3157_length_1306_cov_12.699254	511	591	5	19	80	0.2375000
NODE_3157_length_1306_cov_12.699254	511	591	6	14	80	0.1750000
NODE_3157_length_1306_cov_12.699254	511	591	7	12	80	0.1500000
NODE_3158_length_1306_cov_9.958575	630	710	1	24	80	0.3000000
NODE_3158_length_1306_cov_9.958575	630	710	3	43	80	0.5375000
NODE_3158_length_1306_cov_9.958575	630	710	5	13	80	0.1625000
NODE_3158_length_1306_cov_9.958575	683	764	3	14	81	0.1728395
NODE_3158_length_1306_cov_9.958575	683	764	4	20	81	0.2469136
NODE_3158_length_1306_cov_9.958575	683	764	5	47	81	0.5802469
NODE_3159_length_1306_cov_2.739851	1206	1246	0	40	40	1.0000000
NODE_3168_length_1304_cov_28.444813	511	591	4	19	80	0.2375000
NODE_3168_length_1304_cov_28.444813	511	591	6	1	80	0.0125000
NODE_3168_length_1304_cov_28.444813	511	591	7	4	80	0.0500000
NODE_3168_length_1304_cov_28.444813	511	591	8	27	80	0.3375000
NODE_3168_length_1304_cov_28.444813	511	591	9	19	80	0.2375000
NODE_3168_length_1304_cov_28.444813	511	591	10	10	80	0.1250000
NODE_3168_length_1304_cov_28.444813	564	644	7	2	80	0.0250000
NODE_3168_length_1304_cov_28.444813	564	644	8	27	80	0.3375000
NODE_3168_length_1304_cov_28.444813	564	644	9	17	80	0.2125000
NODE_3168_length_1304_cov_28.444813	564	644	10	31	80	0.3875000
NODE_3168_length_1304_cov_28.444813	564	644	11	3	80	0.0375000
NODE_3168_length_1304_cov_28.444813	640	720	2	8	80	0.1000000
NODE_3168_length_1304_cov_28.444813	640	720	3	27	80	0.3375000
NODE_3168_length_1304_cov_28.444813	640	720	4	5	80	0.0625000
NODE_3168_length_1304_cov_28.444813	640	720	5	4	80	0.0500000
NODE_3168_length_1304_cov_28.444813	640	720	7	34	80	0.4250000
NODE_3168_length_1304_cov_28.444813	640	720	8	2	80	0.0250000
NODE_3168_length_1304_cov_28.444813	693	773	1	19	80	0.2375000
NODE_3168_length_1304_cov_28.444813	693	773	2	42	80	0.5250000
NODE_3168_length_1304_cov_28.444813	693	773	3	19	80	0.2375000
NODE_3169_length_1304_cov_27.137759	575	655	3	17	80	0.2125000
NODE_3169_length_1304_cov_27.137759	575	655	4	11	80	0.1375000
NODE_3169_length_1304_cov_27.137759	575	655	5	12	80	0.1500000
NODE_3169_length_1304_cov_27.137759	575	655	7	34	80	0.4250000
NODE_3169_length_1304_cov_27.137759	575	655	9	6	80	0.0750000
NODE_3169_length_1304_cov_27.137759	628	708	7	21	80	0.2625000
NODE_3169_length_1304_cov_27.137759	628	708	9	28	80	0.3500000
NODE_3169_length_1304_cov_27.137759	628	708	10	16	80	0.2000000
NODE_3169_length_1304_cov_27.137759	628	708	11	6	80	0.0750000
NODE_3169_length_1304_cov_27.137759	628	708	12	9	80	0.1125000
NODE_3169_length_1304_cov_27.137759	704	784	7	4	80	0.0500000
NODE_3169_length_1304_cov_27.137759	704	784	9	27	80	0.3375000
NODE_3169_length_1304_cov_27.137759	704	784	10	35	80	0.4375000
NODE_3169_length_1304_cov_27.137759	704	784	11	8	80	0.1000000
NODE_3169_length_1304_cov_27.137759	704	784	12	6	80	0.0750000
NODE_3169_length_1304_cov_27.137759	757	837	6	9	80	0.1125000
NODE_3169_length_1304_cov_27.137759	757	837	7	30	80	0.3750000
NODE_3169_length_1304_cov_27.137759	757	837	8	1	80	0.0125000
NODE_3169_length_1304_cov_27.137759	757	837	9	40	80	0.5000000
NODE_3171_length_1303_cov_36.546512	458	538	3	4	80	0.0500000
NODE_3171_length_1303_cov_36.546512	458	538	4	24	80	0.3000000
NODE_3171_length_1303_cov_36.546512	458	538	5	17	80	0.2125000
NODE_3171_length_1303_cov_36.546512	458	538	6	14	80	0.1750000
NODE_3171_length_1303_cov_36.546512	458	538	7	21	80	0.2625000
NODE_3171_length_1303_cov_36.546512	511	591	4	25	80	0.3125000
NODE_3171_length_1303_cov_36.546512	511	591	5	1	80	0.0125000
NODE_3171_length_1303_cov_36.546512	511	591	6	7	80	0.0875000
NODE_3171_length_1303_cov_36.546512	511	591	7	47	80	0.5875000
NODE_3171_length_1303_cov_36.546512	587	667	4	3	80	0.0375000
NODE_3171_length_1303_cov_36.546512	587	667	5	12	80	0.1500000
NODE_3171_length_1303_cov_36.546512	587	667	6	17	80	0.2125000
NODE_3171_length_1303_cov_36.546512	587	667	8	26	80	0.3250000
NODE_3171_length_1303_cov_36.546512	587	667	9	11	80	0.1375000
NODE_3171_length_1303_cov_36.546512	587	667	10	9	80	0.1125000
NODE_3171_length_1303_cov_36.546512	587	667	11	2	80	0.0250000
NODE_3171_length_1303_cov_36.546512	640	720	7	42	80	0.5250000
NODE_3171_length_1303_cov_36.546512	640	720	8	16	80	0.2000000
NODE_3171_length_1303_cov_36.546512	640	720	9	11	80	0.1375000
NODE_3171_length_1303_cov_36.546512	640	720	10	9	80	0.1125000
NODE_3171_length_1303_cov_36.546512	640	720	11	2	80	0.0250000
NODE_3174_length_1302_cov_22.265170	747	827	2	2	80	0.0250000
NODE_3174_length_1302_cov_22.265170	747	827	3	78	80	0.9750000
NODE_3174_length_1302_cov_22.265170	800	880	3	75	80	0.9375000
NODE_3174_length_1302_cov_22.265170	800	880	4	5	80	0.0625000
NODE_3175_length_1302_cov_16.199501	480	560	6	25	80	0.3125000
NODE_3175_length_1302_cov_16.199501	480	560	7	55	80	0.6875000
NODE_3175_length_1302_cov_16.199501	533	613	2	1	80	0.0125000
NODE_3175_length_1302_cov_16.199501	533	613	5	5	80	0.0625000
NODE_3175_length_1302_cov_16.199501	533	613	6	33	80	0.4125000
NODE_3175_length_1302_cov_16.199501	533	613	7	41	80	0.5125000
NODE_3176_length_1302_cov_6.953450	687	767	1	27	80	0.3375000
NODE_3176_length_1302_cov_6.953450	687	767	2	28	80	0.3500000
NODE_3176_length_1302_cov_6.953450	687	767	3	23	80	0.2875000
NODE_3176_length_1302_cov_6.953450	687	767	7	2	80	0.0250000
NODE_3176_length_1302_cov_6.953450	740	820	1	40	80	0.5000000
NODE_3176_length_1302_cov_6.953450	740	820	2	40	80	0.5000000
NODE_3179_length_1301_cov_31.711314	401	481	7	4	80	0.0500000
NODE_3179_length_1301_cov_31.711314	401	481	8	3	80	0.0375000
NODE_3179_length_1301_cov_31.711314	401	481	9	7	80	0.0875000
NODE_3179_length_1301_cov_31.711314	401	481	10	10	80	0.1250000
NODE_3179_length_1301_cov_31.711314	401	481	11	56	80	0.7000000
NODE_3179_length_1301_cov_31.711314	454	534	3	15	80	0.1875000
NODE_3179_length_1301_cov_31.711314	454	534	4	1	80	0.0125000
NODE_3179_length_1301_cov_31.711314	454	534	5	4	80	0.0500000
NODE_3179_length_1301_cov_31.711314	454	534	7	15	80	0.1875000
NODE_3179_length_1301_cov_31.711314	454	534	8	3	80	0.0375000
NODE_3179_length_1301_cov_31.711314	454	534	9	15	80	0.1875000
NODE_3179_length_1301_cov_31.711314	454	534	10	4	80	0.0500000
NODE_3179_length_1301_cov_31.711314	454	534	11	23	80	0.2875000
NODE_3181_length_1301_cov_5.529950	246	326	1	1	80	0.0125000
NODE_3181_length_1301_cov_5.529950	246	326	2	79	80	0.9875000
NODE_3181_length_1301_cov_5.529950	299	379	2	80	80	1.0000000
NODE_3186_length_1300_cov_39.109908	602	682	6	3	80	0.0375000
NODE_3186_length_1300_cov_39.109908	602	682	7	1	80	0.0125000
NODE_3186_length_1300_cov_39.109908	602	682	8	25	80	0.3125000
NODE_3186_length_1300_cov_39.109908	602	682	9	28	80	0.3500000
NODE_3186_length_1300_cov_39.109908	602	682	10	11	80	0.1375000
NODE_3186_length_1300_cov_39.109908	602	682	11	12	80	0.1500000
NODE_3186_length_1300_cov_39.109908	655	735	6	56	80	0.7000000
NODE_3186_length_1300_cov_39.109908	655	735	8	6	80	0.0750000
NODE_3186_length_1300_cov_39.109908	655	735	9	16	80	0.2000000
NODE_3186_length_1300_cov_39.109908	655	735	11	2	80	0.0250000
NODE_3187_length_1300_cov_34.360533	586	666	1	80	80	1.0000000
NODE_3187_length_1300_cov_34.360533	639	719	0	1	80	0.0125000
NODE_3187_length_1300_cov_34.360533	639	719	1	79	80	0.9875000
NODE_3188_length_1300_cov_4.659450	454	535	0	60	81	0.7407407
NODE_3188_length_1300_cov_4.659450	454	535	1	21	81	0.2592593
NODE_3188_length_1300_cov_4.659450	508	588	0	42	80	0.5250000
NODE_3188_length_1300_cov_4.659450	508	588	1	38	80	0.4750000
NODE_3189_length_1299_cov_29.071667	452	532	7	16	80	0.2000000
NODE_3189_length_1299_cov_29.071667	452	532	8	16	80	0.2000000
NODE_3189_length_1299_cov_29.071667	452	532	9	48	80	0.6000000
NODE_3190_length_1299_cov_23.600833	818	898	5	47	80	0.5875000
NODE_3190_length_1299_cov_23.600833	818	898	6	28	80	0.3500000
NODE_3190_length_1299_cov_23.600833	818	898	7	5	80	0.0625000
NODE_3190_length_1299_cov_23.600833	871	951	5	26	80	0.3250000
NODE_3190_length_1299_cov_23.600833	871	951	6	35	80	0.4375000
NODE_3190_length_1299_cov_23.600833	871	951	7	19	80	0.2375000
NODE_3191_length_1299_cov_23.169167	625	705	4	16	80	0.2000000
NODE_3191_length_1299_cov_23.169167	625	705	5	41	80	0.5125000
NODE_3191_length_1299_cov_23.169167	625	705	6	23	80	0.2875000
NODE_3191_length_1299_cov_23.169167	678	758	4	12	80	0.1500000
NODE_3191_length_1299_cov_23.169167	678	758	5	4	80	0.0500000
NODE_3191_length_1299_cov_23.169167	678	758	6	64	80	0.8000000
NODE_3191_length_1299_cov_23.169167	754	834	5	2	80	0.0250000
NODE_3191_length_1299_cov_23.169167	754	834	6	78	80	0.9750000
NODE_3191_length_1299_cov_23.169167	807	887	2	31	80	0.3875000
NODE_3191_length_1299_cov_23.169167	807	887	4	15	80	0.1875000
NODE_3191_length_1299_cov_23.169167	807	887	5	9	80	0.1125000
NODE_3191_length_1299_cov_23.169167	807	887	6	25	80	0.3125000
NODE_3192_length_1299_cov_19.315000	306	386	0	10	80	0.1250000
NODE_3192_length_1299_cov_19.315000	306	386	1	33	80	0.4125000
NODE_3192_length_1299_cov_19.315000	306	386	3	37	80	0.4625000
NODE_3192_length_1299_cov_19.315000	359	439	3	68	80	0.8500000
NODE_3192_length_1299_cov_19.315000	359	439	4	12	80	0.1500000
NODE_3192_length_1299_cov_19.315000	435	515	1	41	80	0.5125000
NODE_3192_length_1299_cov_19.315000	435	515	3	28	80	0.3500000
NODE_3192_length_1299_cov_19.315000	435	515	4	11	80	0.1375000
NODE_3192_length_1299_cov_19.315000	488	568	1	80	80	1.0000000
NODE_3193_length_1299_cov_13.691667	540	620	2	31	80	0.3875000
NODE_3193_length_1299_cov_13.691667	540	620	3	1	80	0.0125000
NODE_3193_length_1299_cov_13.691667	540	620	4	48	80	0.6000000
NODE_3193_length_1299_cov_13.691667	593	673	2	45	80	0.5625000
NODE_3193_length_1299_cov_13.691667	593	673	3	2	80	0.0250000
NODE_3193_length_1299_cov_13.691667	593	673	4	33	80	0.4125000
NODE_3195_length_1298_cov_58.277731	679	759	6	3	80	0.0375000
NODE_3195_length_1298_cov_58.277731	679	759	7	6	80	0.0750000
NODE_3195_length_1298_cov_58.277731	679	759	8	36	80	0.4500000
NODE_3195_length_1298_cov_58.277731	679	759	9	35	80	0.4375000
NODE_3195_length_1298_cov_58.277731	732	812	4	20	80	0.2500000
NODE_3195_length_1298_cov_58.277731	732	812	5	7	80	0.0875000
NODE_3195_length_1298_cov_58.277731	732	812	6	29	80	0.3625000
NODE_3195_length_1298_cov_58.277731	732	812	7	6	80	0.0750000
NODE_3195_length_1298_cov_58.277731	732	812	8	9	80	0.1125000
NODE_3195_length_1298_cov_58.277731	732	812	9	9	80	0.1125000
NODE_3195_length_1298_cov_58.277731	808	888	6	24	80	0.3000000
NODE_3195_length_1298_cov_58.277731	808	888	7	27	80	0.3375000
NODE_3195_length_1298_cov_58.277731	808	888	8	29	80	0.3625000
NODE_3195_length_1298_cov_58.277731	861	941	5	1	80	0.0125000
NODE_3195_length_1298_cov_58.277731	861	941	6	32	80	0.4000000
NODE_3195_length_1298_cov_58.277731	861	941	7	4	80	0.0500000
NODE_3195_length_1298_cov_58.277731	861	941	8	43	80	0.5375000
NODE_3196_length_1298_cov_31.319433	375	455	4	14	80	0.1750000
NODE_3196_length_1298_cov_31.319433	375	455	5	31	80	0.3875000
NODE_3196_length_1298_cov_31.319433	375	455	6	25	80	0.3125000
NODE_3196_length_1298_cov_31.319433	375	455	7	10	80	0.1250000
NODE_3196_length_1298_cov_31.319433	428	508	5	11	80	0.1375000
NODE_3196_length_1298_cov_31.319433	428	508	6	6	80	0.0750000
NODE_3196_length_1298_cov_31.319433	428	508	7	12	80	0.1500000
NODE_3196_length_1298_cov_31.319433	428	508	8	4	80	0.0500000
NODE_3196_length_1298_cov_31.319433	428	508	9	4	80	0.0500000
NODE_3196_length_1298_cov_31.319433	428	508	10	41	80	0.5125000
NODE_3196_length_1298_cov_31.319433	428	508	11	2	80	0.0250000
NODE_3196_length_1298_cov_31.319433	504	584	9	2	80	0.0250000
NODE_3196_length_1298_cov_31.319433	504	584	10	13	80	0.1625000
NODE_3196_length_1298_cov_31.319433	504	584	11	6	80	0.0750000
NODE_3196_length_1298_cov_31.319433	504	584	12	12	80	0.1500000
NODE_3196_length_1298_cov_31.319433	504	584	13	4	80	0.0500000
NODE_3196_length_1298_cov_31.319433	504	584	14	19	80	0.2375000
NODE_3196_length_1298_cov_31.319433	504	584	15	4	80	0.0500000
NODE_3196_length_1298_cov_31.319433	504	584	16	20	80	0.2500000
NODE_3196_length_1298_cov_31.319433	557	637	12	32	80	0.4000000
NODE_3196_length_1298_cov_31.319433	557	637	13	13	80	0.1625000
NODE_3196_length_1298_cov_31.319433	557	637	14	10	80	0.1250000
NODE_3196_length_1298_cov_31.319433	557	637	15	4	80	0.0500000
NODE_3196_length_1298_cov_31.319433	557	637	16	21	80	0.2625000
NODE_3197_length_1298_cov_2.158465	294	360	0	66	66	1.0000000
NODE_3201_length_1296_cov_34.778613	620	700	7	24	80	0.3000000
NODE_3201_length_1296_cov_34.778613	620	700	8	56	80	0.7000000
NODE_3201_length_1296_cov_34.778613	673	753	1	2	80	0.0250000
NODE_3201_length_1296_cov_34.778613	673	753	3	2	80	0.0250000
NODE_3201_length_1296_cov_34.778613	673	753	5	18	80	0.2250000
NODE_3201_length_1296_cov_34.778613	673	753	6	23	80	0.2875000
NODE_3201_length_1296_cov_34.778613	673	753	7	31	80	0.3875000
NODE_3201_length_1296_cov_34.778613	673	753	8	4	80	0.0500000
NODE_3202_length_1296_cov_28.726817	671	751	2	61	80	0.7625000
NODE_3202_length_1296_cov_28.726817	671	751	3	19	80	0.2375000
NODE_3202_length_1296_cov_28.726817	724	804	1	21	80	0.2625000
NODE_3202_length_1296_cov_28.726817	724	804	2	59	80	0.7375000
NODE_3202_length_1296_cov_28.726817	800	880	1	59	80	0.7375000
NODE_3202_length_1296_cov_28.726817	800	880	2	21	80	0.2625000
NODE_3202_length_1296_cov_28.726817	853	933	1	40	80	0.5000000
NODE_3202_length_1296_cov_28.726817	853	933	2	40	80	0.5000000
NODE_3205_length_1295_cov_10.661371	818	898	1	18	80	0.2250000
NODE_3205_length_1295_cov_10.661371	818	898	2	53	80	0.6625000
NODE_3205_length_1295_cov_10.661371	818	898	3	9	80	0.1125000
NODE_3205_length_1295_cov_10.661371	871	951	1	63	80	0.7875000
NODE_3205_length_1295_cov_10.661371	871	951	2	17	80	0.2125000
NODE_3211_length_1294_cov_15.098745	353	433	4	4	80	0.0500000
NODE_3211_length_1294_cov_15.098745	353	433	5	6	80	0.0750000
NODE_3211_length_1294_cov_15.098745	353	433	6	70	80	0.8750000
NODE_3211_length_1294_cov_15.098745	406	486	3	22	80	0.2750000
NODE_3211_length_1294_cov_15.098745	406	486	5	25	80	0.3125000
NODE_3211_length_1294_cov_15.098745	406	486	6	33	80	0.4125000
NODE_3216_length_1293_cov_26.580402	595	675	8	7	80	0.0875000
NODE_3216_length_1293_cov_26.580402	595	675	9	7	80	0.0875000
NODE_3216_length_1293_cov_26.580402	595	675	10	3	80	0.0375000
NODE_3216_length_1293_cov_26.580402	595	675	12	30	80	0.3750000
NODE_3216_length_1293_cov_26.580402	595	675	13	1	80	0.0125000
NODE_3216_length_1293_cov_26.580402	595	675	14	3	80	0.0375000
NODE_3216_length_1293_cov_26.580402	595	675	16	24	80	0.3000000
NODE_3216_length_1293_cov_26.580402	595	675	17	1	80	0.0125000
NODE_3216_length_1293_cov_26.580402	595	675	18	4	80	0.0500000
NODE_3216_length_1293_cov_26.580402	648	728	13	6	80	0.0750000
NODE_3216_length_1293_cov_26.580402	648	728	14	10	80	0.1250000
NODE_3216_length_1293_cov_26.580402	648	728	15	8	80	0.1000000
NODE_3216_length_1293_cov_26.580402	648	728	16	38	80	0.4750000
NODE_3216_length_1293_cov_26.580402	648	728	17	9	80	0.1125000
NODE_3216_length_1293_cov_26.580402	648	728	18	9	80	0.1125000
NODE_3216_length_1293_cov_26.580402	724	804	10	5	80	0.0625000
NODE_3216_length_1293_cov_26.580402	724	804	11	8	80	0.1000000
NODE_3216_length_1293_cov_26.580402	724	804	12	36	80	0.4500000
NODE_3216_length_1293_cov_26.580402	724	804	13	11	80	0.1375000
NODE_3216_length_1293_cov_26.580402	724	804	14	18	80	0.2250000
NODE_3216_length_1293_cov_26.580402	724	804	15	2	80	0.0250000
NODE_3216_length_1293_cov_26.580402	777	857	12	16	80	0.2000000
NODE_3216_length_1293_cov_26.580402	777	857	13	23	80	0.2875000
NODE_3216_length_1293_cov_26.580402	777	857	14	25	80	0.3125000
NODE_3216_length_1293_cov_26.580402	777	857	15	16	80	0.2000000
NODE_3217_length_1293_cov_9.252094	1187	1207	0	20	20	1.0000000
NODE_3220_length_1293_cov_2.118090	1131	1195	0	64	64	1.0000000
NODE_3220_length_1293_cov_2.118090	1184	1248	0	64	64	1.0000000
NODE_3224_length_1292_cov_50.158424	402	482	3	43	80	0.5375000
NODE_3224_length_1292_cov_50.158424	402	482	4	18	80	0.2250000
NODE_3224_length_1292_cov_50.158424	402	482	5	19	80	0.2375000
NODE_3224_length_1292_cov_50.158424	455	535	3	34	80	0.4250000
NODE_3224_length_1292_cov_50.158424	455	535	4	46	80	0.5750000
NODE_3224_length_1292_cov_50.158424	531	611	4	15	80	0.1875000
NODE_3224_length_1292_cov_50.158424	531	611	6	2	80	0.0250000
NODE_3224_length_1292_cov_50.158424	531	611	8	41	80	0.5125000
NODE_3224_length_1292_cov_50.158424	531	611	9	18	80	0.2250000
NODE_3224_length_1292_cov_50.158424	531	611	10	4	80	0.0500000
NODE_3224_length_1292_cov_50.158424	584	664	2	13	80	0.1625000
NODE_3224_length_1292_cov_50.158424	584	664	4	6	80	0.0750000
NODE_3224_length_1292_cov_50.158424	584	664	5	12	80	0.1500000
NODE_3224_length_1292_cov_50.158424	584	664	6	9	80	0.1125000
NODE_3224_length_1292_cov_50.158424	584	664	8	40	80	0.5000000
NODE_3225_length_1292_cov_36.535624	670	750	11	24	80	0.3000000
NODE_3225_length_1292_cov_36.535624	670	750	12	7	80	0.0875000
NODE_3225_length_1292_cov_36.535624	670	750	13	14	80	0.1750000
NODE_3225_length_1292_cov_36.535624	670	750	14	30	80	0.3750000
NODE_3225_length_1292_cov_36.535624	670	750	15	5	80	0.0625000
NODE_3225_length_1292_cov_36.535624	723	803	7	2	80	0.0250000
NODE_3225_length_1292_cov_36.535624	723	803	8	23	80	0.2875000
NODE_3225_length_1292_cov_36.535624	723	803	9	9	80	0.1125000
NODE_3225_length_1292_cov_36.535624	723	803	10	5	80	0.0625000
NODE_3225_length_1292_cov_36.535624	723	803	11	29	80	0.3625000
NODE_3225_length_1292_cov_36.535624	723	803	13	12	80	0.1500000
NODE_3226_length_1292_cov_24.523889	420	500	3	5	80	0.0625000
NODE_3226_length_1292_cov_24.523889	420	500	4	2	80	0.0250000
NODE_3226_length_1292_cov_24.523889	420	500	5	13	80	0.1625000
NODE_3226_length_1292_cov_24.523889	420	500	7	5	80	0.0625000
NODE_3226_length_1292_cov_24.523889	420	500	8	16	80	0.2000000
NODE_3226_length_1292_cov_24.523889	420	500	9	39	80	0.4875000
NODE_3226_length_1292_cov_24.523889	473	553	2	4	80	0.0500000
NODE_3226_length_1292_cov_24.523889	473	553	3	54	80	0.6750000
NODE_3226_length_1292_cov_24.523889	473	553	4	2	80	0.0250000
NODE_3226_length_1292_cov_24.523889	473	553	5	13	80	0.1625000
NODE_3226_length_1292_cov_24.523889	473	553	7	5	80	0.0625000
NODE_3226_length_1292_cov_24.523889	473	553	8	2	80	0.0250000
NODE_3232_length_1291_cov_8.734060	623	703	5	17	80	0.2125000
NODE_3232_length_1291_cov_8.734060	623	703	6	18	80	0.2250000
NODE_3232_length_1291_cov_8.734060	623	703	7	30	80	0.3750000
NODE_3232_length_1291_cov_8.734060	623	703	8	15	80	0.1875000
NODE_3232_length_1291_cov_8.734060	676	756	5	21	80	0.2625000
NODE_3232_length_1291_cov_8.734060	676	756	6	43	80	0.5375000
NODE_3232_length_1291_cov_8.734060	676	756	7	16	80	0.2000000
NODE_3233_length_1291_cov_8.625839	756	836	0	80	80	1.0000000
NODE_3233_length_1291_cov_8.625839	809	889	0	80	80	1.0000000
NODE_3236_length_1290_cov_24.120067	497	577	3	3	80	0.0375000
NODE_3236_length_1290_cov_24.120067	497	577	4	2	80	0.0250000
NODE_3236_length_1290_cov_24.120067	497	577	5	18	80	0.2250000
NODE_3236_length_1290_cov_24.120067	497	577	6	6	80	0.0750000
NODE_3236_length_1290_cov_24.120067	497	577	7	5	80	0.0625000
NODE_3236_length_1290_cov_24.120067	497	577	9	1	80	0.0125000
NODE_3236_length_1290_cov_24.120067	497	577	11	9	80	0.1125000
NODE_3236_length_1290_cov_24.120067	497	577	12	6	80	0.0750000
NODE_3236_length_1290_cov_24.120067	497	577	13	30	80	0.3750000
NODE_3236_length_1290_cov_24.120067	550	630	11	15	80	0.1875000
NODE_3236_length_1290_cov_24.120067	550	630	12	17	80	0.2125000
NODE_3236_length_1290_cov_24.120067	550	630	13	48	80	0.6000000
NODE_3236_length_1290_cov_24.120067	626	706	1	9	80	0.1125000
NODE_3236_length_1290_cov_24.120067	626	706	2	6	80	0.0750000
NODE_3236_length_1290_cov_24.120067	626	706	3	13	80	0.1625000
NODE_3236_length_1290_cov_24.120067	626	706	5	2	80	0.0250000
NODE_3236_length_1290_cov_24.120067	626	706	6	6	80	0.0750000
NODE_3236_length_1290_cov_24.120067	626	706	7	18	80	0.2250000
NODE_3236_length_1290_cov_24.120067	626	706	8	2	80	0.0250000
NODE_3236_length_1290_cov_24.120067	626	706	9	17	80	0.2125000
NODE_3236_length_1290_cov_24.120067	626	706	11	7	80	0.0875000
NODE_3236_length_1290_cov_24.120067	679	759	0	23	80	0.2875000
NODE_3236_length_1290_cov_24.120067	679	759	1	39	80	0.4875000
NODE_3236_length_1290_cov_24.120067	679	759	2	6	80	0.0750000
NODE_3236_length_1290_cov_24.120067	679	759	3	12	80	0.1500000
NODE_3237_length_1290_cov_18.874895	671	751	3	36	80	0.4500000
NODE_3237_length_1290_cov_18.874895	671	751	4	11	80	0.1375000
NODE_3237_length_1290_cov_18.874895	671	751	5	33	80	0.4125000
NODE_3237_length_1290_cov_18.874895	724	804	3	20	80	0.2500000
NODE_3237_length_1290_cov_18.874895	724	804	4	32	80	0.4000000
NODE_3237_length_1290_cov_18.874895	724	804	5	28	80	0.3500000
NODE_3238_length_1290_cov_11.627204	573	653	0	57	80	0.7125000
NODE_3238_length_1290_cov_11.627204	573	653	1	23	80	0.2875000
NODE_3238_length_1290_cov_11.627204	626	706	0	4	80	0.0500000
NODE_3238_length_1290_cov_11.627204	626	706	1	47	80	0.5875000
NODE_3238_length_1290_cov_11.627204	626	706	2	29	80	0.3625000
NODE_3239_length_1290_cov_11.215785	373	453	2	13	80	0.1625000
NODE_3239_length_1290_cov_11.215785	373	453	3	8	80	0.1000000
NODE_3239_length_1290_cov_11.215785	373	453	4	2	80	0.0250000
NODE_3239_length_1290_cov_11.215785	373	453	6	17	80	0.2125000
NODE_3239_length_1290_cov_11.215785	373	453	7	40	80	0.5000000
NODE_3239_length_1290_cov_11.215785	426	506	6	14	80	0.1750000
NODE_3239_length_1290_cov_11.215785	426	506	7	66	80	0.8250000
NODE_3240_length_1290_cov_8.752309	788	868	2	80	80	1.0000000
NODE_3240_length_1290_cov_8.752309	841	921	2	80	80	1.0000000
NODE_3242_length_1289_cov_47.476471	919	999	10	6	80	0.0750000
NODE_3242_length_1289_cov_47.476471	919	999	11	4	80	0.0500000
NODE_3242_length_1289_cov_47.476471	919	999	12	16	80	0.2000000
NODE_3242_length_1289_cov_47.476471	919	999	13	12	80	0.1500000
NODE_3242_length_1289_cov_47.476471	919	999	14	33	80	0.4125000
NODE_3242_length_1289_cov_47.476471	919	999	15	9	80	0.1125000
NODE_3242_length_1289_cov_47.476471	972	1052	9	8	80	0.1000000
NODE_3242_length_1289_cov_47.476471	972	1052	10	15	80	0.1875000
NODE_3242_length_1289_cov_47.476471	972	1052	11	15	80	0.1875000
NODE_3242_length_1289_cov_47.476471	972	1052	12	1	80	0.0125000
NODE_3242_length_1289_cov_47.476471	972	1052	13	11	80	0.1375000
NODE_3242_length_1289_cov_47.476471	972	1052	14	17	80	0.2125000
NODE_3242_length_1289_cov_47.476471	972	1052	15	13	80	0.1625000
NODE_3243_length_1289_cov_18.497479	688	768	1	80	80	1.0000000
NODE_3243_length_1289_cov_18.497479	741	821	0	31	80	0.3875000
NODE_3243_length_1289_cov_18.497479	741	821	1	49	80	0.6125000
NODE_3243_length_1289_cov_18.497479	817	893	0	76	76	1.0000000
NODE_3243_length_1289_cov_18.497479	878	958	0	80	80	1.0000000
NODE_3244_length_1289_cov_11.692437	574	654	1	57	80	0.7125000
NODE_3244_length_1289_cov_11.692437	574	654	3	23	80	0.2875000
NODE_3244_length_1289_cov_11.692437	627	707	0	40	80	0.5000000
NODE_3244_length_1289_cov_11.692437	627	707	1	40	80	0.5000000
NODE_3244_length_1289_cov_11.692437	703	783	0	80	80	1.0000000
NODE_3244_length_1289_cov_11.692437	756	836	0	80	80	1.0000000
NODE_3249_length_1288_cov_29.369218	711	791	10	20	80	0.2500000
NODE_3249_length_1288_cov_29.369218	711	791	12	60	80	0.7500000
NODE_3249_length_1288_cov_29.369218	764	844	5	12	80	0.1500000
NODE_3249_length_1288_cov_29.369218	764	844	6	3	80	0.0375000
NODE_3249_length_1288_cov_29.369218	764	844	7	1	80	0.0125000
NODE_3249_length_1288_cov_29.369218	764	844	8	5	80	0.0625000
NODE_3249_length_1288_cov_29.369218	764	844	9	9	80	0.1125000
NODE_3249_length_1288_cov_29.369218	764	844	10	11	80	0.1375000
NODE_3249_length_1288_cov_29.369218	764	844	11	9	80	0.1125000
NODE_3249_length_1288_cov_29.369218	764	844	12	30	80	0.3750000
NODE_3250_length_1288_cov_6.207738	735	815	0	80	80	1.0000000
NODE_3250_length_1288_cov_6.207738	788	868	0	80	80	1.0000000
NODE_3255_length_1288_cov_1.731707	1017	1095	0	50	78	0.6410257
NODE_3255_length_1288_cov_1.731707	1017	1095	2	28	78	0.3589744
NODE_3261_length_1287_cov_29.186027	730	810	6	17	80	0.2125000
NODE_3261_length_1287_cov_29.186027	730	810	7	34	80	0.4250000
NODE_3261_length_1287_cov_29.186027	730	810	8	25	80	0.3125000
NODE_3261_length_1287_cov_29.186027	730	810	9	4	80	0.0500000
NODE_3261_length_1287_cov_29.186027	783	863	6	34	80	0.4250000
NODE_3261_length_1287_cov_29.186027	783	863	7	21	80	0.2625000
NODE_3261_length_1287_cov_29.186027	783	863	8	25	80	0.3125000
NODE_3262_length_1287_cov_22.747475	168	248	4	1	80	0.0125000
NODE_3262_length_1287_cov_22.747475	168	248	5	35	80	0.4375000
NODE_3262_length_1287_cov_22.747475	168	248	6	19	80	0.2375000
NODE_3262_length_1287_cov_22.747475	168	248	7	25	80	0.3125000
NODE_3262_length_1287_cov_22.747475	221	301	5	34	80	0.4250000
NODE_3262_length_1287_cov_22.747475	221	301	6	9	80	0.1125000
NODE_3262_length_1287_cov_22.747475	221	301	7	37	80	0.4625000
NODE_3263_length_1287_cov_19.478956	575	655	4	41	80	0.5125000
NODE_3263_length_1287_cov_19.478956	575	655	5	31	80	0.3875000
NODE_3263_length_1287_cov_19.478956	575	655	6	8	80	0.1000000
NODE_3263_length_1287_cov_19.478956	628	708	3	8	80	0.1000000
NODE_3263_length_1287_cov_19.478956	628	708	4	58	80	0.7250000
NODE_3263_length_1287_cov_19.478956	628	708	5	6	80	0.0750000
NODE_3263_length_1287_cov_19.478956	628	708	6	8	80	0.1000000
NODE_3266_length_1286_cov_27.128054	428	508	3	2	80	0.0250000
NODE_3266_length_1286_cov_27.128054	428	508	4	65	80	0.8125000
NODE_3266_length_1286_cov_27.128054	428	508	5	13	80	0.1625000
NODE_3266_length_1286_cov_27.128054	481	561	3	6	80	0.0750000
NODE_3266_length_1286_cov_27.128054	481	561	4	59	80	0.7375000
NODE_3266_length_1286_cov_27.128054	481	561	5	13	80	0.1625000
NODE_3266_length_1286_cov_27.128054	481	561	6	2	80	0.0250000
NODE_3266_length_1286_cov_27.128054	557	637	4	9	80	0.1125000
NODE_3266_length_1286_cov_27.128054	557	637	5	4	80	0.0500000
NODE_3266_length_1286_cov_27.128054	557	637	6	22	80	0.2750000
NODE_3266_length_1286_cov_27.128054	557	637	7	2	80	0.0250000
NODE_3266_length_1286_cov_27.128054	557	637	8	23	80	0.2875000
NODE_3266_length_1286_cov_27.128054	557	637	9	20	80	0.2500000
NODE_3266_length_1286_cov_27.128054	610	690	8	10	80	0.1250000
NODE_3266_length_1286_cov_27.128054	610	690	9	44	80	0.5500000
NODE_3266_length_1286_cov_27.128054	610	690	10	26	80	0.3250000
NODE_3267_length_1286_cov_12.192081	647	727	0	80	80	1.0000000
NODE_3267_length_1286_cov_12.192081	700	780	0	80	80	1.0000000
NODE_3267_length_1286_cov_12.192081	776	856	0	62	80	0.7750000
NODE_3267_length_1286_cov_12.192081	776	856	1	18	80	0.2250000
NODE_3267_length_1286_cov_12.192081	829	909	0	9	80	0.1125000
NODE_3267_length_1286_cov_12.192081	829	909	1	35	80	0.4375000
NODE_3267_length_1286_cov_12.192081	829	909	2	36	80	0.4500000
NODE_3268_length_1286_cov_8.338669	577	657	0	47	80	0.5875000
NODE_3268_length_1286_cov_8.338669	577	657	2	33	80	0.4125000
NODE_3268_length_1286_cov_8.338669	630	710	2	80	80	1.0000000
NODE_3273_length_1285_cov_40.282462	751	831	4	14	80	0.1750000
NODE_3273_length_1285_cov_40.282462	751	831	5	66	80	0.8250000
NODE_3273_length_1285_cov_40.282462	804	884	2	15	80	0.1875000
NODE_3273_length_1285_cov_40.282462	804	884	3	25	80	0.3125000
NODE_3273_length_1285_cov_40.282462	804	884	5	40	80	0.5000000
NODE_3274_length_1285_cov_15.422428	647	727	5	1	80	0.0125000
NODE_3274_length_1285_cov_15.422428	647	727	6	11	80	0.1375000
NODE_3274_length_1285_cov_15.422428	647	727	7	36	80	0.4500000
NODE_3274_length_1285_cov_15.422428	647	727	8	32	80	0.4000000
NODE_3274_length_1285_cov_15.422428	700	780	5	5	80	0.0625000
NODE_3274_length_1285_cov_15.422428	700	780	6	21	80	0.2625000
NODE_3274_length_1285_cov_15.422428	700	780	7	31	80	0.3875000
NODE_3274_length_1285_cov_15.422428	700	780	8	23	80	0.2875000
NODE_3275_length_1285_cov_6.620573	589	669	1	46	80	0.5750000
NODE_3275_length_1285_cov_6.620573	589	669	2	34	80	0.4250000
NODE_3275_length_1285_cov_6.620573	642	722	1	4	80	0.0500000
NODE_3275_length_1285_cov_6.620573	642	722	2	76	80	0.9500000
NODE_3279_length_1284_cov_5.637975	294	374	0	80	80	1.0000000
NODE_3279_length_1284_cov_5.637975	347	427	0	80	80	1.0000000
NODE_3283_length_1283_cov_10.070101	408	488	0	55	80	0.6875000
NODE_3283_length_1283_cov_10.070101	408	488	2	25	80	0.3125000
NODE_3283_length_1283_cov_10.070101	461	541	0	2	80	0.0250000
NODE_3283_length_1283_cov_10.070101	461	541	2	27	80	0.3375000
NODE_3283_length_1283_cov_10.070101	461	541	3	15	80	0.1875000
NODE_3283_length_1283_cov_10.070101	461	541	4	36	80	0.4500000
NODE_3288_length_1282_cov_37.786137	649	729	6	24	80	0.3000000
NODE_3288_length_1282_cov_37.786137	649	729	7	45	80	0.5625000
NODE_3288_length_1282_cov_37.786137	649	729	8	11	80	0.1375000
NODE_3288_length_1282_cov_37.786137	702	782	7	41	80	0.5125000
NODE_3288_length_1282_cov_37.786137	702	782	8	10	80	0.1250000
NODE_3288_length_1282_cov_37.786137	702	782	9	16	80	0.2000000
NODE_3288_length_1282_cov_37.786137	702	782	10	8	80	0.1000000
NODE_3288_length_1282_cov_37.786137	702	782	11	5	80	0.0625000
NODE_3288_length_1282_cov_37.786137	778	858	7	4	80	0.0500000
NODE_3288_length_1282_cov_37.786137	778	858	8	21	80	0.2625000
NODE_3288_length_1282_cov_37.786137	778	858	9	14	80	0.1750000
NODE_3288_length_1282_cov_37.786137	778	858	10	41	80	0.5125000
NODE_3288_length_1282_cov_37.786137	831	911	5	27	80	0.3375000
NODE_3288_length_1282_cov_37.786137	831	911	7	17	80	0.2125000
NODE_3288_length_1282_cov_37.786137	831	911	8	15	80	0.1875000
NODE_3288_length_1282_cov_37.786137	831	911	9	6	80	0.0750000
NODE_3288_length_1282_cov_37.786137	831	911	10	15	80	0.1875000
NODE_3289_length_1282_cov_25.900254	85	167	0	30	82	0.3658537
NODE_3289_length_1282_cov_25.900254	85	167	2	11	82	0.1341463
NODE_3289_length_1282_cov_25.900254	85	167	4	41	82	0.5000000
NODE_3289_length_1282_cov_25.900254	140	183	0	43	43	1.0000000
NODE_3289_length_1282_cov_25.900254	1006	1086	3	80	80	1.0000000
NODE_3289_length_1282_cov_25.900254	1006	1086	3	80	80	1.0000000
NODE_3289_length_1282_cov_25.900254	1015	1086	3	71	71	1.0000000
NODE_3290_length_1282_cov_14.600169	429	477	0	12	48	0.2500000
NODE_3290_length_1282_cov_14.600169	429	477	1	36	48	0.7500000
NODE_3290_length_1282_cov_14.600169	708	788	0	80	80	1.0000000
NODE_3291_length_1282_cov_8.017751	343	420	0	10	77	0.1298701
NODE_3291_length_1282_cov_8.017751	343	420	1	23	77	0.2987013
NODE_3291_length_1282_cov_8.017751	343	420	2	44	77	0.5714286
NODE_3292_length_1282_cov_5.092984	239	319	0	80	80	1.0000000
NODE_3292_length_1282_cov_5.092984	292	372	0	80	80	1.0000000
NODE_3295_length_1281_cov_31.342640	470	550	5	66	80	0.8250000
NODE_3295_length_1281_cov_31.342640	470	550	6	14	80	0.1750000
NODE_3295_length_1281_cov_31.342640	523	603	0	26	80	0.3250000
NODE_3295_length_1281_cov_31.342640	523	603	1	9	80	0.1125000
NODE_3295_length_1281_cov_31.342640	523	603	2	13	80	0.1625000
NODE_3295_length_1281_cov_31.342640	523	603	3	5	80	0.0625000
NODE_3295_length_1281_cov_31.342640	523	603	5	27	80	0.3375000
NODE_3295_length_1281_cov_31.342640	599	679	0	80	80	1.0000000
NODE_3295_length_1281_cov_31.342640	652	732	0	80	80	1.0000000
NODE_3296_length_1281_cov_25.482234	474	554	13	5	80	0.0625000
NODE_3296_length_1281_cov_25.482234	474	554	15	7	80	0.0875000
NODE_3296_length_1281_cov_25.482234	474	554	16	7	80	0.0875000
NODE_3296_length_1281_cov_25.482234	474	554	17	14	80	0.1750000
NODE_3296_length_1281_cov_25.482234	474	554	19	14	80	0.1750000
NODE_3296_length_1281_cov_25.482234	474	554	20	20	80	0.2500000
NODE_3296_length_1281_cov_25.482234	474	554	21	13	80	0.1625000
NODE_3296_length_1281_cov_25.482234	527	607	4	21	80	0.2625000
NODE_3296_length_1281_cov_25.482234	527	607	6	3	80	0.0375000
NODE_3296_length_1281_cov_25.482234	527	607	7	4	80	0.0500000
NODE_3296_length_1281_cov_25.482234	527	607	8	8	80	0.1000000
NODE_3296_length_1281_cov_25.482234	527	607	10	1	80	0.0125000
NODE_3296_length_1281_cov_25.482234	527	607	12	10	80	0.1250000
NODE_3296_length_1281_cov_25.482234	527	607	13	11	80	0.1375000
NODE_3296_length_1281_cov_25.482234	527	607	15	6	80	0.0750000
NODE_3296_length_1281_cov_25.482234	527	607	17	8	80	0.1000000
NODE_3296_length_1281_cov_25.482234	527	607	19	7	80	0.0875000
NODE_3296_length_1281_cov_25.482234	527	607	20	1	80	0.0125000
NODE_3297_length_1281_cov_14.617597	809	887	1	78	78	1.0000000
NODE_3297_length_1281_cov_14.617597	860	940	1	80	80	1.0000000
NODE_3298_length_1281_cov_12.065144	655	735	0	4	80	0.0500000
NODE_3298_length_1281_cov_12.065144	655	735	1	43	80	0.5375000
NODE_3298_length_1281_cov_12.065144	655	735	2	31	80	0.3875000
NODE_3298_length_1281_cov_12.065144	655	735	3	2	80	0.0250000
NODE_3298_length_1281_cov_12.065144	708	788	2	25	80	0.3125000
NODE_3298_length_1281_cov_12.065144	708	788	3	4	80	0.0500000
NODE_3298_length_1281_cov_12.065144	708	788	5	51	80	0.6375000
NODE_3299_length_1281_cov_9.235195	408	488	6	9	80	0.1125000
NODE_3299_length_1281_cov_9.235195	408	488	7	12	80	0.1500000
NODE_3299_length_1281_cov_9.235195	408	488	8	1	80	0.0125000
NODE_3299_length_1281_cov_9.235195	408	488	9	58	80	0.7250000
NODE_3299_length_1281_cov_9.235195	461	541	1	2	80	0.0250000
NODE_3299_length_1281_cov_9.235195	461	541	5	49	80	0.6125000
NODE_3299_length_1281_cov_9.235195	461	541	6	11	80	0.1375000
NODE_3299_length_1281_cov_9.235195	461	541	7	12	80	0.1500000
NODE_3299_length_1281_cov_9.235195	461	541	9	6	80	0.0750000
NODE_3300_length_1281_cov_7.153976	469	549	3	65	80	0.8125000
NODE_3300_length_1281_cov_7.153976	469	549	5	15	80	0.1875000
NODE_3300_length_1281_cov_7.153976	522	602	2	34	80	0.4250000
NODE_3300_length_1281_cov_7.153976	522	602	3	37	80	0.4625000
NODE_3300_length_1281_cov_7.153976	522	602	5	9	80	0.1125000
NODE_3307_length_1280_cov_24.231160	418	498	6	33	80	0.4125000
NODE_3307_length_1280_cov_24.231160	418	498	7	47	80	0.5875000
NODE_3307_length_1280_cov_24.231160	471	551	2	1	80	0.0125000
NODE_3307_length_1280_cov_24.231160	471	551	3	29	80	0.3625000
NODE_3307_length_1280_cov_24.231160	471	551	5	2	80	0.0250000
NODE_3307_length_1280_cov_24.231160	471	551	6	9	80	0.1125000
NODE_3307_length_1280_cov_24.231160	471	551	7	31	80	0.3875000
NODE_3307_length_1280_cov_24.231160	471	551	8	8	80	0.1000000
NODE_3307_length_1280_cov_24.231160	547	627	1	27	80	0.3375000
NODE_3307_length_1280_cov_24.231160	547	627	2	50	80	0.6250000
NODE_3307_length_1280_cov_24.231160	547	627	3	3	80	0.0375000
NODE_3307_length_1280_cov_24.231160	600	680	0	32	80	0.4000000
NODE_3307_length_1280_cov_24.231160	600	680	1	48	80	0.6000000
NODE_3308_length_1280_cov_5.908552	1077	1138	2	2	61	0.0327869
NODE_3308_length_1280_cov_5.908552	1077	1138	3	11	61	0.1803279
NODE_3308_length_1280_cov_5.908552	1077	1138	5	10	61	0.1639344
NODE_3308_length_1280_cov_5.908552	1077	1138	7	12	61	0.1967213
NODE_3308_length_1280_cov_5.908552	1077	1138	9	3	61	0.0491803
NODE_3308_length_1280_cov_5.908552	1077	1138	11	4	61	0.0655738
NODE_3308_length_1280_cov_5.908552	1077	1138	14	2	61	0.0327869
NODE_3308_length_1280_cov_5.908552	1077	1138	15	8	61	0.1311475
NODE_3308_length_1280_cov_5.908552	1077	1138	16	4	61	0.0655738
NODE_3308_length_1280_cov_5.908552	1077	1138	18	3	61	0.0491803
NODE_3308_length_1280_cov_5.908552	1077	1138	20	2	61	0.0327869
NODE_3311_length_1279_cov_16.840678	749	829	5	2	80	0.0250000
NODE_3311_length_1279_cov_16.840678	749	829	6	56	80	0.7000000
NODE_3311_length_1279_cov_16.840678	749	829	7	22	80	0.2750000
NODE_3311_length_1279_cov_16.840678	802	882	4	27	80	0.3375000
NODE_3311_length_1279_cov_16.840678	802	882	6	15	80	0.1875000
NODE_3311_length_1279_cov_16.840678	802	882	7	22	80	0.2750000
NODE_3311_length_1279_cov_16.840678	802	882	8	16	80	0.2000000
NODE_3312_length_1279_cov_3.772881	951	981	0	30	30	1.0000000
NODE_3317_length_1278_cov_45.991518	411	491	0	80	80	1.0000000
NODE_3317_length_1278_cov_45.991518	464	530	0	66	66	1.0000000
NODE_3318_length_1278_cov_37.164546	447	527	6	5	80	0.0625000
NODE_3318_length_1278_cov_37.164546	447	527	7	23	80	0.2875000
NODE_3318_length_1278_cov_37.164546	447	527	8	22	80	0.2750000
NODE_3318_length_1278_cov_37.164546	447	527	9	17	80	0.2125000
NODE_3318_length_1278_cov_37.164546	447	527	10	13	80	0.1625000
NODE_3318_length_1278_cov_37.164546	500	580	4	16	80	0.2000000
NODE_3318_length_1278_cov_37.164546	500	580	5	1	80	0.0125000
NODE_3318_length_1278_cov_37.164546	500	580	6	39	80	0.4875000
NODE_3318_length_1278_cov_37.164546	500	580	8	5	80	0.0625000
NODE_3318_length_1278_cov_37.164546	500	580	9	6	80	0.0750000
NODE_3318_length_1278_cov_37.164546	500	580	10	13	80	0.1625000
NODE_3318_length_1278_cov_37.164546	576	656	6	21	80	0.2625000
NODE_3318_length_1278_cov_37.164546	576	656	7	13	80	0.1625000
NODE_3318_length_1278_cov_37.164546	576	656	8	7	80	0.0875000
NODE_3318_length_1278_cov_37.164546	576	656	9	22	80	0.2750000
NODE_3318_length_1278_cov_37.164546	576	656	10	9	80	0.1125000
NODE_3318_length_1278_cov_37.164546	576	656	11	8	80	0.1000000
NODE_3318_length_1278_cov_37.164546	629	709	8	4	80	0.0500000
NODE_3318_length_1278_cov_37.164546	629	709	9	52	80	0.6500000
NODE_3318_length_1278_cov_37.164546	629	709	10	5	80	0.0625000
NODE_3318_length_1278_cov_37.164546	629	709	11	19	80	0.2375000
NODE_3319_length_1278_cov_12.505513	522	602	13	13	80	0.1625000
NODE_3319_length_1278_cov_12.505513	522	602	14	8	80	0.1000000
NODE_3319_length_1278_cov_12.505513	522	602	15	11	80	0.1375000
NODE_3319_length_1278_cov_12.505513	522	602	16	33	80	0.4125000
NODE_3319_length_1278_cov_12.505513	522	602	17	7	80	0.0875000
NODE_3319_length_1278_cov_12.505513	522	602	18	8	80	0.1000000
NODE_3319_length_1278_cov_12.505513	575	655	10	7	80	0.0875000
NODE_3319_length_1278_cov_12.505513	575	655	11	13	80	0.1625000
NODE_3319_length_1278_cov_12.505513	575	655	13	14	80	0.1750000
NODE_3319_length_1278_cov_12.505513	575	655	14	5	80	0.0625000
NODE_3319_length_1278_cov_12.505513	575	655	15	23	80	0.2875000
NODE_3319_length_1278_cov_12.505513	575	655	16	18	80	0.2250000
NODE_3320_length_1278_cov_12.171332	212	292	2	16	80	0.2000000
NODE_3320_length_1278_cov_12.171332	212	292	4	25	80	0.3125000
NODE_3320_length_1278_cov_12.171332	212	292	5	39	80	0.4875000
NODE_3320_length_1278_cov_12.171332	265	344	3	19	79	0.2405063
NODE_3320_length_1278_cov_12.171332	265	344	4	16	79	0.2025317
NODE_3320_length_1278_cov_12.171332	265	344	5	44	79	0.5569620
NODE_3329_length_1277_cov_21.407470	667	717	25	1	50	0.0200000
NODE_3329_length_1277_cov_21.407470	667	717	29	5	50	0.1000000
NODE_3329_length_1277_cov_21.407470	667	717	30	3	50	0.0600000
NODE_3329_length_1277_cov_21.407470	667	717	31	13	50	0.2600000
NODE_3329_length_1277_cov_21.407470	667	717	33	5	50	0.1000000
NODE_3329_length_1277_cov_21.407470	667	717	34	17	50	0.3400000
NODE_3329_length_1277_cov_21.407470	667	717	35	6	50	0.1200000
NODE_3329_length_1277_cov_21.407470	690	770	24	5	80	0.0625000
NODE_3329_length_1277_cov_21.407470	690	770	25	7	80	0.0875000
NODE_3329_length_1277_cov_21.407470	690	770	26	6	80	0.0750000
NODE_3329_length_1277_cov_21.407470	690	770	28	3	80	0.0375000
NODE_3329_length_1277_cov_21.407470	690	770	30	2	80	0.0250000
NODE_3329_length_1277_cov_21.407470	690	770	31	11	80	0.1375000
NODE_3329_length_1277_cov_21.407470	690	770	32	3	80	0.0375000
NODE_3329_length_1277_cov_21.407470	690	770	33	7	80	0.0875000
NODE_3329_length_1277_cov_21.407470	690	770	34	30	80	0.3750000
NODE_3329_length_1277_cov_21.407470	690	770	35	6	80	0.0750000
NODE_3330_length_1277_cov_18.111205	834	914	3	63	80	0.7875000
NODE_3330_length_1277_cov_18.111205	834	914	4	17	80	0.2125000
NODE_3330_length_1277_cov_18.111205	887	967	1	41	80	0.5125000
NODE_3330_length_1277_cov_18.111205	887	967	3	39	80	0.4875000
NODE_3331_length_1277_cov_12.449066	276	356	2	28	80	0.3500000
NODE_3331_length_1277_cov_12.449066	276	356	3	18	80	0.2250000
NODE_3331_length_1277_cov_12.449066	276	356	4	34	80	0.4250000
NODE_3331_length_1277_cov_12.449066	329	409	4	55	80	0.6875000
NODE_3331_length_1277_cov_12.449066	329	409	6	22	80	0.2750000
NODE_3331_length_1277_cov_12.449066	329	409	7	3	80	0.0375000
NODE_3331_length_1277_cov_12.449066	405	485	4	22	80	0.2750000
NODE_3331_length_1277_cov_12.449066	405	485	5	11	80	0.1375000
NODE_3331_length_1277_cov_12.449066	405	485	6	42	80	0.5250000
NODE_3331_length_1277_cov_12.449066	405	485	7	5	80	0.0625000
NODE_3331_length_1277_cov_12.449066	458	538	2	26	80	0.3250000
NODE_3331_length_1277_cov_12.449066	458	538	4	43	80	0.5375000
NODE_3331_length_1277_cov_12.449066	458	538	5	11	80	0.1375000
NODE_3337_length_1276_cov_21.446899	526	606	1	48	80	0.6000000
NODE_3337_length_1276_cov_21.446899	526	606	2	13	80	0.1625000
NODE_3337_length_1276_cov_21.446899	526	606	4	19	80	0.2375000
NODE_3337_length_1276_cov_21.446899	579	659	2	8	80	0.1000000
NODE_3337_length_1276_cov_21.446899	579	659	4	20	80	0.2500000
NODE_3337_length_1276_cov_21.446899	579	659	5	52	80	0.6500000
NODE_3337_length_1276_cov_21.446899	655	735	4	16	80	0.2000000
NODE_3337_length_1276_cov_21.446899	655	735	5	23	80	0.2875000
NODE_3337_length_1276_cov_21.446899	655	735	6	13	80	0.1625000
NODE_3337_length_1276_cov_21.446899	655	735	7	8	80	0.1000000
NODE_3337_length_1276_cov_21.446899	655	735	8	20	80	0.2500000
NODE_3337_length_1276_cov_21.446899	708	788	4	31	80	0.3875000
NODE_3337_length_1276_cov_21.446899	708	788	5	25	80	0.3125000
NODE_3337_length_1276_cov_21.446899	708	788	7	8	80	0.1000000
NODE_3337_length_1276_cov_21.446899	708	788	8	16	80	0.2000000
NODE_3346_length_1275_cov_35.471939	632	712	6	1	80	0.0125000
NODE_3346_length_1275_cov_35.471939	632	712	7	35	80	0.4375000
NODE_3346_length_1275_cov_35.471939	632	712	8	12	80	0.1500000
NODE_3346_length_1275_cov_35.471939	632	712	10	8	80	0.1000000
NODE_3346_length_1275_cov_35.471939	632	712	11	24	80	0.3000000
NODE_3346_length_1275_cov_35.471939	685	765	9	7	80	0.0875000
NODE_3346_length_1275_cov_35.471939	685	765	10	11	80	0.1375000
NODE_3346_length_1275_cov_35.471939	685	765	11	40	80	0.5000000
NODE_3346_length_1275_cov_35.471939	685	765	12	22	80	0.2750000
NODE_3347_length_1275_cov_19.910714	361	441	4	25	80	0.3125000
NODE_3347_length_1275_cov_19.910714	361	441	5	5	80	0.0625000
NODE_3347_length_1275_cov_19.910714	361	441	7	21	80	0.2625000
NODE_3347_length_1275_cov_19.910714	361	441	8	29	80	0.3625000
NODE_3347_length_1275_cov_19.910714	414	494	6	15	80	0.1875000
NODE_3347_length_1275_cov_19.910714	414	494	7	18	80	0.2250000
NODE_3347_length_1275_cov_19.910714	414	494	8	41	80	0.5125000
NODE_3347_length_1275_cov_19.910714	414	494	9	6	80	0.0750000
NODE_3347_length_1275_cov_19.910714	879	949	0	70	70	1.0000000
NODE_3351_length_1274_cov_23.404255	427	507	2	80	80	1.0000000
NODE_3351_length_1274_cov_23.404255	480	560	2	38	80	0.4750000
NODE_3351_length_1274_cov_23.404255	480	560	3	36	80	0.4500000
NODE_3351_length_1274_cov_23.404255	480	560	4	6	80	0.0750000
NODE_3351_length_1274_cov_23.404255	556	636	2	63	80	0.7875000
NODE_3351_length_1274_cov_23.404255	556	636	4	17	80	0.2125000
NODE_3351_length_1274_cov_23.404255	609	689	1	15	80	0.1875000
NODE_3351_length_1274_cov_23.404255	609	689	2	65	80	0.8125000
NODE_3352_length_1274_cov_20.178723	545	625	1	33	80	0.4125000
NODE_3352_length_1274_cov_20.178723	545	625	4	47	80	0.5875000
NODE_3352_length_1274_cov_20.178723	598	678	3	19	80	0.2375000
NODE_3352_length_1274_cov_20.178723	598	678	4	61	80	0.7625000
NODE_3354_length_1274_cov_2.019574	841	907	1	22	66	0.3333333
NODE_3354_length_1274_cov_2.019574	841	907	2	44	66	0.6666667
NODE_3354_length_1274_cov_2.019574	894	961	2	67	67	1.0000000
NODE_3361_length_1273_cov_42.349233	337	417	9	6	80	0.0750000
NODE_3361_length_1273_cov_42.349233	337	417	10	13	80	0.1625000
NODE_3361_length_1273_cov_42.349233	337	417	12	10	80	0.1250000
NODE_3361_length_1273_cov_42.349233	337	417	14	6	80	0.0750000
NODE_3361_length_1273_cov_42.349233	337	417	15	42	80	0.5250000
NODE_3361_length_1273_cov_42.349233	337	417	16	3	80	0.0375000
NODE_3361_length_1273_cov_42.349233	390	470	9	4	80	0.0500000
NODE_3361_length_1273_cov_42.349233	390	470	10	3	80	0.0375000
NODE_3361_length_1273_cov_42.349233	390	470	11	2	80	0.0250000
NODE_3361_length_1273_cov_42.349233	390	470	12	17	80	0.2125000
NODE_3361_length_1273_cov_42.349233	390	470	14	2	80	0.0250000
NODE_3361_length_1273_cov_42.349233	390	470	15	49	80	0.6125000
NODE_3361_length_1273_cov_42.349233	390	470	16	3	80	0.0375000
NODE_3361_length_1273_cov_42.349233	466	546	5	1	80	0.0125000
NODE_3361_length_1273_cov_42.349233	466	546	6	17	80	0.2125000
NODE_3361_length_1273_cov_42.349233	466	546	7	20	80	0.2500000
NODE_3361_length_1273_cov_42.349233	466	546	8	15	80	0.1875000
NODE_3361_length_1273_cov_42.349233	466	546	9	27	80	0.3375000
NODE_3361_length_1273_cov_42.349233	519	599	5	43	80	0.5375000
NODE_3361_length_1273_cov_42.349233	519	599	6	17	80	0.2125000
NODE_3361_length_1273_cov_42.349233	519	599	7	20	80	0.2500000
NODE_3364_length_1273_cov_4.404600	407	487	2	80	80	1.0000000
NODE_3364_length_1273_cov_4.404600	460	540	0	15	80	0.1875000
NODE_3364_length_1273_cov_4.404600	460	540	2	65	80	0.8125000
NODE_3368_length_1272_cov_28.887468	588	668	1	34	80	0.4250000
NODE_3368_length_1272_cov_28.887468	588	668	3	11	80	0.1375000
NODE_3368_length_1272_cov_28.887468	588	668	5	14	80	0.1750000
NODE_3368_length_1272_cov_28.887468	588	668	6	21	80	0.2625000
NODE_3368_length_1272_cov_28.887468	641	721	5	19	80	0.2375000
NODE_3368_length_1272_cov_28.887468	641	721	6	61	80	0.7625000
NODE_3369_length_1272_cov_11.290708	366	447	1	81	81	1.0000000
NODE_3375_length_1270_cov_13.617421	365	445	3	15	80	0.1875000
NODE_3375_length_1270_cov_13.617421	365	445	4	17	80	0.2125000
NODE_3375_length_1270_cov_13.617421	365	445	6	48	80	0.6000000
NODE_3375_length_1270_cov_13.617421	396	473	4	18	77	0.2337662
NODE_3375_length_1270_cov_13.617421	396	473	5	9	77	0.1168831
NODE_3375_length_1270_cov_13.617421	396	473	6	50	77	0.6493506
NODE_3375_length_1270_cov_13.617421	418	498	4	17	80	0.2125000
NODE_3375_length_1270_cov_13.617421	418	498	5	34	80	0.4250000
NODE_3375_length_1270_cov_13.617421	418	498	6	29	80	0.3625000
NODE_3375_length_1270_cov_13.617421	449	473	4	15	24	0.6250000
NODE_3375_length_1270_cov_13.617421	449	473	5	9	24	0.3750000
NODE_3375_length_1270_cov_13.617421	465	498	4	1	33	0.0303030
NODE_3375_length_1270_cov_13.617421	465	498	5	32	33	0.9696970
NODE_3376_length_1270_cov_11.645602	294	374	0	21	80	0.2625000
NODE_3376_length_1270_cov_11.645602	294	374	2	43	80	0.5375000
NODE_3376_length_1270_cov_11.645602	294	374	3	16	80	0.2000000
NODE_3376_length_1270_cov_11.645602	347	427	2	11	80	0.1375000
NODE_3376_length_1270_cov_11.645602	347	427	3	69	80	0.8625000
NODE_3377_length_1270_cov_2.495303	74	131	4	57	57	1.0000000
NODE_3378_length_1269_cov_55.070940	492	569	4	17	77	0.2207792
NODE_3378_length_1269_cov_55.070940	492	569	5	2	77	0.0259740
NODE_3378_length_1269_cov_55.070940	492	569	7	15	77	0.1948052
NODE_3378_length_1269_cov_55.070940	492	569	9	7	77	0.0909091
NODE_3378_length_1269_cov_55.070940	492	569	10	26	77	0.3376623
NODE_3378_length_1269_cov_55.070940	492	569	11	2	77	0.0259740
NODE_3378_length_1269_cov_55.070940	492	569	12	8	77	0.1038961
NODE_3378_length_1269_cov_55.070940	545	625	10	14	80	0.1750000
NODE_3378_length_1269_cov_55.070940	545	625	11	6	80	0.0750000
NODE_3378_length_1269_cov_55.070940	545	625	12	50	80	0.6250000
NODE_3378_length_1269_cov_55.070940	545	625	13	6	80	0.0750000
NODE_3378_length_1269_cov_55.070940	545	625	14	4	80	0.0500000
NODE_3378_length_1269_cov_55.070940	621	701	11	26	80	0.3250000
NODE_3378_length_1269_cov_55.070940	621	701	12	15	80	0.1875000
NODE_3378_length_1269_cov_55.070940	621	701	13	17	80	0.2125000
NODE_3378_length_1269_cov_55.070940	621	701	15	16	80	0.2000000
NODE_3378_length_1269_cov_55.070940	621	701	16	6	80	0.0750000
NODE_3378_length_1269_cov_55.070940	674	754	7	17	80	0.2125000
NODE_3378_length_1269_cov_55.070940	674	754	8	3	80	0.0375000
NODE_3378_length_1269_cov_55.070940	674	754	9	22	80	0.2750000
NODE_3378_length_1269_cov_55.070940	674	754	10	2	80	0.0250000
NODE_3378_length_1269_cov_55.070940	674	754	11	35	80	0.4375000
NODE_3378_length_1269_cov_55.070940	674	754	12	1	80	0.0125000
NODE_3379_length_1269_cov_22.154701	1152	1216	0	64	64	1.0000000
NODE_3379_length_1269_cov_22.154701	1152	1216	0	64	64	1.0000000
NODE_3379_length_1269_cov_22.154701	1152	1216	0	64	64	1.0000000
NODE_3379_length_1269_cov_22.154701	1189	1269	0	80	80	1.0000000
NODE_3379_length_1269_cov_22.154701	1189	1269	0	80	80	1.0000000
NODE_3380_length_1269_cov_18.753846	317	398	5	25	81	0.3086420
NODE_3380_length_1269_cov_18.753846	317	398	6	54	81	0.6666667
NODE_3380_length_1269_cov_18.753846	317	398	7	2	81	0.0246914
NODE_3381_length_1269_cov_12.637607	580	660	0	20	80	0.2500000
NODE_3381_length_1269_cov_12.637607	580	660	1	40	80	0.5000000
NODE_3381_length_1269_cov_12.637607	580	660	2	8	80	0.1000000
NODE_3381_length_1269_cov_12.637607	580	660	3	12	80	0.1500000
NODE_3381_length_1269_cov_12.637607	633	713	1	7	80	0.0875000
NODE_3381_length_1269_cov_12.637607	633	713	2	8	80	0.1000000
NODE_3381_length_1269_cov_12.637607	633	713	3	65	80	0.8125000
NODE_3381_length_1269_cov_12.637607	709	729	3	20	20	1.0000000
NODE_3381_length_1269_cov_12.637607	709	789	3	79	80	0.9875000
NODE_3381_length_1269_cov_12.637607	709	789	4	1	80	0.0125000
NODE_3381_length_1269_cov_12.637607	762	842	1	44	80	0.5500000
NODE_3381_length_1269_cov_12.637607	762	842	2	8	80	0.1000000
NODE_3381_length_1269_cov_12.637607	762	842	3	28	80	0.3500000
NODE_3382_length_1269_cov_10.552137	765	845	0	72	80	0.9000000
NODE_3382_length_1269_cov_10.552137	765	845	2	8	80	0.1000000
NODE_3382_length_1269_cov_10.552137	818	898	0	19	80	0.2375000
NODE_3382_length_1269_cov_10.552137	818	898	2	61	80	0.7625000
NODE_3391_length_1268_cov_12.862275	300	350	7	3	50	0.0600000
NODE_3391_length_1268_cov_12.862275	300	350	8	4	50	0.0800000
NODE_3391_length_1268_cov_12.862275	300	350	10	1	50	0.0200000
NODE_3391_length_1268_cov_12.862275	300	350	11	1	50	0.0200000
NODE_3391_length_1268_cov_12.862275	300	350	13	2	50	0.0400000
NODE_3391_length_1268_cov_12.862275	300	350	14	3	50	0.0600000
NODE_3391_length_1268_cov_12.862275	300	350	16	2	50	0.0400000
NODE_3391_length_1268_cov_12.862275	300	350	18	2	50	0.0400000
NODE_3391_length_1268_cov_12.862275	300	350	21	3	50	0.0600000
NODE_3391_length_1268_cov_12.862275	300	350	22	2	50	0.0400000
NODE_3391_length_1268_cov_12.862275	300	350	23	3	50	0.0600000
NODE_3391_length_1268_cov_12.862275	300	350	26	7	50	0.1400000
NODE_3391_length_1268_cov_12.862275	300	350	27	2	50	0.0400000
NODE_3391_length_1268_cov_12.862275	300	350	30	2	50	0.0400000
NODE_3391_length_1268_cov_12.862275	300	350	31	5	50	0.1000000
NODE_3391_length_1268_cov_12.862275	300	350	33	1	50	0.0200000
NODE_3391_length_1268_cov_12.862275	300	350	36	1	50	0.0200000
NODE_3391_length_1268_cov_12.862275	300	350	37	1	50	0.0200000
NODE_3391_length_1268_cov_12.862275	300	350	38	5	50	0.1000000
NODE_3392_length_1268_cov_9.523524	265	345	1	80	80	1.0000000
NODE_3392_length_1268_cov_9.523524	318	398	0	44	80	0.5500000
NODE_3392_length_1268_cov_9.523524	318	398	1	36	80	0.4500000
NODE_3393_length_1267_cov_21.315068	299	379	1	3	80	0.0375000
NODE_3393_length_1267_cov_21.315068	299	379	2	10	80	0.1250000
NODE_3393_length_1267_cov_21.315068	299	379	3	2	80	0.0250000
NODE_3393_length_1267_cov_21.315068	299	379	4	2	80	0.0250000
NODE_3393_length_1267_cov_21.315068	299	379	6	12	80	0.1500000
NODE_3393_length_1267_cov_21.315068	299	379	7	51	80	0.6375000
NODE_3393_length_1267_cov_21.315068	352	432	7	64	80	0.8000000
NODE_3393_length_1267_cov_21.315068	352	432	8	16	80	0.2000000
NODE_3393_length_1267_cov_21.315068	698	778	0	80	80	1.0000000
NODE_3393_length_1267_cov_21.315068	751	831	0	80	80	1.0000000
NODE_3394_length_1267_cov_14.880137	606	686	7	25	80	0.3125000
NODE_3394_length_1267_cov_14.880137	606	686	8	13	80	0.1625000
NODE_3394_length_1267_cov_14.880137	606	686	12	3	80	0.0375000
NODE_3394_length_1267_cov_14.880137	606	686	14	39	80	0.4875000
NODE_3394_length_1267_cov_14.880137	659	739	7	13	80	0.1625000
NODE_3394_length_1267_cov_14.880137	659	739	9	2	80	0.0250000
NODE_3394_length_1267_cov_14.880137	659	739	10	8	80	0.1000000
NODE_3394_length_1267_cov_14.880137	659	739	12	13	80	0.1625000
NODE_3394_length_1267_cov_14.880137	659	739	13	4	80	0.0500000
NODE_3394_length_1267_cov_14.880137	659	739	14	40	80	0.5000000
NODE_3397_length_1266_cov_20.584404	357	437	8	4	80	0.0500000
NODE_3397_length_1266_cov_20.584404	357	437	9	23	80	0.2875000
NODE_3397_length_1266_cov_20.584404	357	437	10	22	80	0.2750000
NODE_3397_length_1266_cov_20.584404	357	437	11	31	80	0.3875000
NODE_3397_length_1266_cov_20.584404	410	490	4	8	80	0.1000000
NODE_3397_length_1266_cov_20.584404	410	490	6	39	80	0.4875000
NODE_3397_length_1266_cov_20.584404	410	490	9	22	80	0.2750000
NODE_3397_length_1266_cov_20.584404	410	490	10	11	80	0.1375000
NODE_3398_length_1266_cov_16.571551	359	435	5	30	76	0.3947369
NODE_3398_length_1266_cov_16.571551	359	435	7	16	76	0.2105263
NODE_3398_length_1266_cov_16.571551	359	435	8	2	76	0.0263158
NODE_3398_length_1266_cov_16.571551	359	435	9	17	76	0.2236842
NODE_3398_length_1266_cov_16.571551	359	435	10	5	76	0.0657895
NODE_3398_length_1266_cov_16.571551	359	435	12	6	76	0.0789474
NODE_3398_length_1266_cov_16.571551	408	488	9	16	80	0.2000000
NODE_3398_length_1266_cov_16.571551	408	488	10	5	80	0.0625000
NODE_3398_length_1266_cov_16.571551	408	488	12	20	80	0.2500000
NODE_3398_length_1266_cov_16.571551	408	488	13	6	80	0.0750000
NODE_3398_length_1266_cov_16.571551	408	488	14	33	80	0.4125000
NODE_3399_length_1266_cov_14.218509	517	595	2	5	78	0.0641026
NODE_3399_length_1266_cov_14.218509	517	595	4	5	78	0.0641026
NODE_3399_length_1266_cov_14.218509	517	595	6	68	78	0.8717949
NODE_3399_length_1266_cov_14.218509	568	648	2	2	80	0.0250000
NODE_3399_length_1266_cov_14.218509	568	648	3	6	80	0.0750000
NODE_3399_length_1266_cov_14.218509	568	648	4	35	80	0.4375000
NODE_3399_length_1266_cov_14.218509	568	648	5	4	80	0.0500000
NODE_3399_length_1266_cov_14.218509	568	648	6	33	80	0.4125000
NODE_3399_length_1266_cov_14.218509	644	724	4	27	80	0.3375000
NODE_3399_length_1266_cov_14.218509	644	724	5	9	80	0.1125000
NODE_3399_length_1266_cov_14.218509	644	724	6	11	80	0.1375000
NODE_3399_length_1266_cov_14.218509	644	724	7	1	80	0.0125000
NODE_3399_length_1266_cov_14.218509	644	724	8	32	80	0.4000000
NODE_3399_length_1266_cov_14.218509	697	777	6	34	80	0.4250000
NODE_3399_length_1266_cov_14.218509	697	777	7	22	80	0.2750000
NODE_3399_length_1266_cov_14.218509	697	777	8	24	80	0.3000000
NODE_3403_length_1265_cov_9.807890	429	509	2	1	80	0.0125000
NODE_3403_length_1265_cov_9.807890	429	509	3	53	80	0.6625000
NODE_3403_length_1265_cov_9.807890	429	509	4	26	80	0.3250000
NODE_3403_length_1265_cov_9.807890	482	562	3	46	80	0.5750000
NODE_3403_length_1265_cov_9.807890	482	562	5	34	80	0.4250000
NODE_3404_length_1265_cov_8.233276	160	207	2	29	47	0.6170213
NODE_3404_length_1265_cov_8.233276	160	207	4	18	47	0.3829787
NODE_3404_length_1265_cov_8.233276	1004	1058	0	54	54	1.0000000
NODE_3406_length_1265_cov_3.941681	503	583	0	10	80	0.1250000
NODE_3406_length_1265_cov_3.941681	503	583	1	70	80	0.8750000
NODE_3406_length_1265_cov_3.941681	556	636	1	45	80	0.5625000
NODE_3406_length_1265_cov_3.941681	556	636	2	35	80	0.4375000
NODE_3408_length_1264_cov_8.024034	290	370	2	46	80	0.5750000
NODE_3408_length_1264_cov_8.024034	290	370	3	34	80	0.4250000
NODE_3408_length_1264_cov_8.024034	343	423	2	29	80	0.3625000
NODE_3408_length_1264_cov_8.024034	343	423	3	51	80	0.6375000
NODE_3413_length_1263_cov_8.566151	698	778	0	80	80	1.0000000
NODE_3413_length_1263_cov_8.566151	751	831	0	37	80	0.4625000
NODE_3413_length_1263_cov_8.566151	751	831	2	43	80	0.5375000
NODE_3413_length_1263_cov_8.566151	833	910	2	43	77	0.5584416
NODE_3413_length_1263_cov_8.566151	833	910	4	34	77	0.4415585
NODE_3413_length_1263_cov_8.566151	883	963	0	19	80	0.2375000
NODE_3413_length_1263_cov_8.566151	883	963	2	61	80	0.7625000
NODE_3414_length_1263_cov_7.376289	1060	1140	7	16	80	0.2000000
NODE_3414_length_1263_cov_7.376289	1060	1140	8	23	80	0.2875000
NODE_3414_length_1263_cov_7.376289	1060	1140	10	41	80	0.5125000
NODE_3414_length_1263_cov_7.376289	1113	1213	0	11	100	0.1100000
NODE_3414_length_1263_cov_7.376289	1113	1213	1	5	100	0.0500000
NODE_3414_length_1263_cov_7.376289	1113	1213	5	31	100	0.3100000
NODE_3414_length_1263_cov_7.376289	1113	1213	6	16	100	0.1600000
NODE_3414_length_1263_cov_7.376289	1113	1213	7	26	100	0.2600000
NODE_3414_length_1263_cov_7.376289	1113	1213	8	11	100	0.1100000
NODE_3416_length_1263_cov_1.827320	227	307	0	48	80	0.6000000
NODE_3416_length_1263_cov_1.827320	227	307	1	13	80	0.1625000
NODE_3416_length_1263_cov_1.827320	227	307	2	19	80	0.2375000
NODE_3416_length_1263_cov_1.827320	280	360	1	8	80	0.1000000
NODE_3416_length_1263_cov_1.827320	280	360	2	72	80	0.9000000
NODE_3418_length_1262_cov_17.416165	404	484	5	1	80	0.0125000
NODE_3418_length_1262_cov_17.416165	404	484	6	51	80	0.6375000
NODE_3418_length_1262_cov_17.416165	404	484	7	28	80	0.3500000
NODE_3418_length_1262_cov_17.416165	457	537	6	10	80	0.1250000
NODE_3418_length_1262_cov_17.416165	457	537	7	37	80	0.4625000
NODE_3418_length_1262_cov_17.416165	457	537	8	7	80	0.0875000
NODE_3418_length_1262_cov_17.416165	457	537	9	26	80	0.3250000
NODE_3419_length_1262_cov_15.268272	648	728	8	2	80	0.0250000
NODE_3419_length_1262_cov_15.268272	648	728	10	16	80	0.2000000
NODE_3419_length_1262_cov_15.268272	648	728	11	6	80	0.0750000
NODE_3419_length_1262_cov_15.268272	648	728	12	2	80	0.0250000
NODE_3419_length_1262_cov_15.268272	648	728	15	6	80	0.0750000
NODE_3419_length_1262_cov_15.268272	648	728	16	20	80	0.2500000
NODE_3419_length_1262_cov_15.268272	648	728	17	28	80	0.3500000
NODE_3419_length_1262_cov_15.268272	701	781	10	8	80	0.1000000
NODE_3419_length_1262_cov_15.268272	701	781	11	26	80	0.3250000
NODE_3419_length_1262_cov_15.268272	701	781	12	1	80	0.0125000
NODE_3419_length_1262_cov_15.268272	701	781	13	5	80	0.0625000
NODE_3419_length_1262_cov_15.268272	701	781	15	2	80	0.0250000
NODE_3419_length_1262_cov_15.268272	701	781	16	30	80	0.3750000
NODE_3419_length_1262_cov_15.268272	701	781	17	8	80	0.1000000
NODE_3419_length_1262_cov_15.268272	777	857	1	14	80	0.1750000
NODE_3419_length_1262_cov_15.268272	777	857	2	1	80	0.0125000
NODE_3419_length_1262_cov_15.268272	777	857	3	18	80	0.2250000
NODE_3419_length_1262_cov_15.268272	777	857	4	2	80	0.0250000
NODE_3419_length_1262_cov_15.268272	777	857	5	6	80	0.0750000
NODE_3419_length_1262_cov_15.268272	777	857	6	4	80	0.0500000
NODE_3419_length_1262_cov_15.268272	777	857	8	30	80	0.3750000
NODE_3419_length_1262_cov_15.268272	777	857	10	5	80	0.0625000
NODE_3419_length_1262_cov_15.268272	830	910	1	14	80	0.1750000
NODE_3419_length_1262_cov_15.268272	830	910	2	2	80	0.0250000
NODE_3419_length_1262_cov_15.268272	830	910	3	38	80	0.4750000
NODE_3419_length_1262_cov_15.268272	830	910	5	26	80	0.3250000
NODE_3424_length_1261_cov_1.777969	272	318	0	46	46	1.0000000
NODE_3425_length_1260_cov_55.640827	499	579	8	36	80	0.4500000
NODE_3425_length_1260_cov_55.640827	499	579	9	9	80	0.1125000
NODE_3425_length_1260_cov_55.640827	499	579	10	23	80	0.2875000
NODE_3425_length_1260_cov_55.640827	499	579	11	12	80	0.1500000
NODE_3425_length_1260_cov_55.640827	552	632	7	3	80	0.0375000
NODE_3425_length_1260_cov_55.640827	552	632	8	21	80	0.2625000
NODE_3425_length_1260_cov_55.640827	552	632	9	33	80	0.4125000
NODE_3425_length_1260_cov_55.640827	552	632	10	17	80	0.2125000
NODE_3425_length_1260_cov_55.640827	552	632	11	1	80	0.0125000
NODE_3425_length_1260_cov_55.640827	552	632	12	5	80	0.0625000
NODE_3425_length_1260_cov_55.640827	628	708	7	4	80	0.0500000
NODE_3425_length_1260_cov_55.640827	628	708	8	11	80	0.1375000
NODE_3425_length_1260_cov_55.640827	628	708	9	5	80	0.0625000
NODE_3425_length_1260_cov_55.640827	628	708	10	1	80	0.0125000
NODE_3425_length_1260_cov_55.640827	628	708	12	14	80	0.1750000
NODE_3425_length_1260_cov_55.640827	628	708	13	25	80	0.3125000
NODE_3425_length_1260_cov_55.640827	628	708	14	14	80	0.1750000
NODE_3425_length_1260_cov_55.640827	628	708	15	6	80	0.0750000
NODE_3425_length_1260_cov_55.640827	681	761	11	5	80	0.0625000
NODE_3425_length_1260_cov_55.640827	681	761	12	28	80	0.3500000
NODE_3425_length_1260_cov_55.640827	681	761	13	26	80	0.3250000
NODE_3425_length_1260_cov_55.640827	681	761	14	20	80	0.2500000
NODE_3425_length_1260_cov_55.640827	681	761	15	1	80	0.0125000
NODE_3426_length_1260_cov_12.242894	427	507	4	80	80	1.0000000
NODE_3426_length_1260_cov_12.242894	480	560	0	5	80	0.0625000
NODE_3426_length_1260_cov_12.242894	480	560	2	29	80	0.3625000
NODE_3426_length_1260_cov_12.242894	480	560	4	46	80	0.5750000
NODE_3436_length_1259_cov_15.381897	509	589	0	31	80	0.3875000
NODE_3436_length_1259_cov_15.381897	509	589	2	37	80	0.4625000
NODE_3436_length_1259_cov_15.381897	509	589	4	12	80	0.1500000
NODE_3436_length_1259_cov_15.381897	562	642	2	15	80	0.1875000
NODE_3436_length_1259_cov_15.381897	562	642	4	65	80	0.8125000
NODE_3439_length_1258_cov_33.519413	608	688	5	15	80	0.1875000
NODE_3439_length_1258_cov_33.519413	608	688	6	61	80	0.7625000
NODE_3439_length_1258_cov_33.519413	608	688	7	4	80	0.0500000
NODE_3439_length_1258_cov_33.519413	661	741	2	11	80	0.1375000
NODE_3439_length_1258_cov_33.519413	661	741	3	6	80	0.0750000
NODE_3439_length_1258_cov_33.519413	661	741	4	4	80	0.0500000
NODE_3439_length_1258_cov_33.519413	661	741	5	3	80	0.0375000
NODE_3439_length_1258_cov_33.519413	661	741	6	56	80	0.7000000
NODE_3440_length_1258_cov_22.569456	583	663	6	56	80	0.7000000
NODE_3440_length_1258_cov_22.569456	583	663	8	24	80	0.3000000
NODE_3440_length_1258_cov_22.569456	636	716	0	1	80	0.0125000
NODE_3440_length_1258_cov_22.569456	636	716	2	1	80	0.0125000
NODE_3440_length_1258_cov_22.569456	636	716	3	22	80	0.2750000
NODE_3440_length_1258_cov_22.569456	636	716	5	19	80	0.2375000
NODE_3440_length_1258_cov_22.569456	636	716	6	3	80	0.0375000
NODE_3440_length_1258_cov_22.569456	636	716	7	10	80	0.1250000
NODE_3440_length_1258_cov_22.569456	636	716	8	24	80	0.3000000
NODE_3441_length_1258_cov_18.747196	308	388	1	6	80	0.0750000
NODE_3441_length_1258_cov_18.747196	308	388	2	10	80	0.1250000
NODE_3441_length_1258_cov_18.747196	308	388	3	8	80	0.1000000
NODE_3441_length_1258_cov_18.747196	308	388	4	19	80	0.2375000
NODE_3441_length_1258_cov_18.747196	308	388	5	21	80	0.2625000
NODE_3441_length_1258_cov_18.747196	308	388	6	16	80	0.2000000
NODE_3441_length_1258_cov_18.747196	361	441	4	15	80	0.1875000
NODE_3441_length_1258_cov_18.747196	361	441	5	15	80	0.1875000
NODE_3441_length_1258_cov_18.747196	361	441	6	50	80	0.6250000
NODE_3441_length_1258_cov_18.747196	437	517	1	30	80	0.3750000
NODE_3441_length_1258_cov_18.747196	437	517	3	5	80	0.0625000
NODE_3441_length_1258_cov_18.747196	437	517	4	45	80	0.5625000
NODE_3441_length_1258_cov_18.747196	490	570	0	44	80	0.5500000
NODE_3441_length_1258_cov_18.747196	490	570	1	36	80	0.4500000
NODE_3442_length_1258_cov_13.699741	332	412	1	43	80	0.5375000
NODE_3442_length_1258_cov_13.699741	332	412	2	37	80	0.4625000
NODE_3442_length_1258_cov_13.699741	385	465	1	58	80	0.7250000
NODE_3442_length_1258_cov_13.699741	385	465	2	22	80	0.2750000
NODE_3447_length_1257_cov_34.029361	567	647	3	25	80	0.3125000
NODE_3447_length_1257_cov_34.029361	567	647	5	34	80	0.4250000
NODE_3447_length_1257_cov_34.029361	567	647	6	21	80	0.2625000
NODE_3447_length_1257_cov_34.029361	620	700	2	2	80	0.0250000
NODE_3447_length_1257_cov_34.029361	620	700	3	36	80	0.4500000
NODE_3447_length_1257_cov_34.029361	620	700	4	13	80	0.1625000
NODE_3447_length_1257_cov_34.029361	620	700	5	29	80	0.3625000
NODE_3447_length_1257_cov_34.029361	696	776	4	2	80	0.0250000
NODE_3447_length_1257_cov_34.029361	696	776	5	61	80	0.7625000
NODE_3447_length_1257_cov_34.029361	696	776	6	17	80	0.2125000
NODE_3447_length_1257_cov_34.029361	749	829	4	6	80	0.0750000
NODE_3447_length_1257_cov_34.029361	749	829	5	70	80	0.8750000
NODE_3447_length_1257_cov_34.029361	749	829	7	4	80	0.0500000
NODE_3449_length_1257_cov_7.892919	317	397	0	80	80	1.0000000
NODE_3449_length_1257_cov_7.892919	370	450	0	80	80	1.0000000
NODE_3452_length_1256_cov_50.506482	389	469	3	51	80	0.6375000
NODE_3452_length_1256_cov_50.506482	389	469	4	24	80	0.3000000
NODE_3452_length_1256_cov_50.506482	389	469	6	5	80	0.0625000
NODE_3452_length_1256_cov_50.506482	442	522	3	3	80	0.0375000
NODE_3452_length_1256_cov_50.506482	442	522	4	19	80	0.2375000
NODE_3452_length_1256_cov_50.506482	442	522	5	6	80	0.0750000
NODE_3452_length_1256_cov_50.506482	442	522	6	14	80	0.1750000
NODE_3452_length_1256_cov_50.506482	442	522	7	21	80	0.2625000
NODE_3452_length_1256_cov_50.506482	442	522	8	16	80	0.2000000
NODE_3452_length_1256_cov_50.506482	442	522	9	1	80	0.0125000
NODE_3452_length_1256_cov_50.506482	518	598	8	6	80	0.0750000
NODE_3452_length_1256_cov_50.506482	518	598	9	1	80	0.0125000
NODE_3452_length_1256_cov_50.506482	518	598	10	5	80	0.0625000
NODE_3452_length_1256_cov_50.506482	518	598	12	3	80	0.0375000
NODE_3452_length_1256_cov_50.506482	518	598	13	10	80	0.1250000
NODE_3452_length_1256_cov_50.506482	518	598	15	1	80	0.0125000
NODE_3452_length_1256_cov_50.506482	518	598	16	52	80	0.6500000
NODE_3452_length_1256_cov_50.506482	518	598	17	2	80	0.0250000
NODE_3452_length_1256_cov_50.506482	571	651	11	17	80	0.2125000
NODE_3452_length_1256_cov_50.506482	571	651	12	4	80	0.0500000
NODE_3452_length_1256_cov_50.506482	571	651	13	25	80	0.3125000
NODE_3452_length_1256_cov_50.506482	571	651	15	2	80	0.0250000
NODE_3452_length_1256_cov_50.506482	571	651	16	30	80	0.3750000
NODE_3452_length_1256_cov_50.506482	571	651	17	2	80	0.0250000
NODE_3453_length_1256_cov_25.944685	754	834	3	20	80	0.2500000
NODE_3453_length_1256_cov_25.944685	754	834	4	1	80	0.0125000
NODE_3453_length_1256_cov_25.944685	754	834	5	20	80	0.2500000
NODE_3453_length_1256_cov_25.944685	754	834	6	22	80	0.2750000
NODE_3453_length_1256_cov_25.944685	754	834	7	17	80	0.2125000
NODE_3453_length_1256_cov_25.944685	807	887	4	18	80	0.2250000
NODE_3453_length_1256_cov_25.944685	807	887	5	51	80	0.6375000
NODE_3453_length_1256_cov_25.944685	807	887	6	11	80	0.1375000
NODE_3455_length_1256_cov_21.720830	713	793	8	46	80	0.5750000
NODE_3455_length_1256_cov_21.720830	713	793	9	34	80	0.4250000
NODE_3455_length_1256_cov_21.720830	766	846	2	7	80	0.0875000
NODE_3455_length_1256_cov_21.720830	766	846	3	4	80	0.0500000
NODE_3455_length_1256_cov_21.720830	766	846	4	2	80	0.0250000
NODE_3455_length_1256_cov_21.720830	766	846	5	18	80	0.2250000
NODE_3455_length_1256_cov_21.720830	766	846	6	10	80	0.1250000
NODE_3455_length_1256_cov_21.720830	766	846	7	3	80	0.0375000
NODE_3455_length_1256_cov_21.720830	766	846	8	28	80	0.3500000
NODE_3455_length_1256_cov_21.720830	766	846	9	8	80	0.1000000
NODE_3456_length_1256_cov_14.242005	595	675	5	16	80	0.2000000
NODE_3456_length_1256_cov_14.242005	595	675	6	58	80	0.7250000
NODE_3456_length_1256_cov_14.242005	595	675	7	6	80	0.0750000
NODE_3456_length_1256_cov_14.242005	648	728	3	5	80	0.0625000
NODE_3456_length_1256_cov_14.242005	648	728	5	25	80	0.3125000
NODE_3456_length_1256_cov_14.242005	648	728	6	44	80	0.5500000
NODE_3456_length_1256_cov_14.242005	648	728	7	6	80	0.0750000
NODE_3457_length_1256_cov_5.870354	879	959	0	80	80	1.0000000
NODE_3463_length_1255_cov_37.271626	458	538	3	4	80	0.0500000
NODE_3463_length_1255_cov_37.271626	458	538	4	11	80	0.1375000
NODE_3463_length_1255_cov_37.271626	458	538	5	65	80	0.8125000
NODE_3463_length_1255_cov_37.271626	511	591	2	8	80	0.1000000
NODE_3463_length_1255_cov_37.271626	511	591	3	22	80	0.2750000
NODE_3463_length_1255_cov_37.271626	511	591	4	35	80	0.4375000
NODE_3463_length_1255_cov_37.271626	511	591	5	15	80	0.1875000
NODE_3463_length_1255_cov_37.271626	587	667	4	2	80	0.0250000
NODE_3463_length_1255_cov_37.271626	587	667	5	38	80	0.4750000
NODE_3463_length_1255_cov_37.271626	587	667	6	3	80	0.0375000
NODE_3463_length_1255_cov_37.271626	587	667	7	37	80	0.4625000
NODE_3463_length_1255_cov_37.271626	640	720	4	11	80	0.1375000
NODE_3463_length_1255_cov_37.271626	640	720	6	16	80	0.2000000
NODE_3463_length_1255_cov_37.271626	640	720	7	53	80	0.6625000
NODE_3464_length_1255_cov_21.374567	516	596	3	14	80	0.1750000
NODE_3464_length_1255_cov_21.374567	516	596	6	2	80	0.0250000
NODE_3464_length_1255_cov_21.374567	516	596	8	10	80	0.1250000
NODE_3464_length_1255_cov_21.374567	516	596	9	1	80	0.0125000
NODE_3464_length_1255_cov_21.374567	516	596	10	31	80	0.3875000
NODE_3464_length_1255_cov_21.374567	516	596	11	14	80	0.1750000
NODE_3464_length_1255_cov_21.374567	516	596	12	8	80	0.1000000
NODE_3464_length_1255_cov_21.374567	569	649	10	9	80	0.1125000
NODE_3464_length_1255_cov_21.374567	569	649	11	35	80	0.4375000
NODE_3464_length_1255_cov_21.374567	569	649	12	36	80	0.4500000
NODE_3464_length_1255_cov_21.374567	645	725	4	14	80	0.1750000
NODE_3464_length_1255_cov_21.374567	645	725	5	19	80	0.2375000
NODE_3464_length_1255_cov_21.374567	645	725	6	12	80	0.1500000
NODE_3464_length_1255_cov_21.374567	645	725	7	3	80	0.0375000
NODE_3464_length_1255_cov_21.374567	645	725	9	1	80	0.0125000
NODE_3464_length_1255_cov_21.374567	645	725	12	14	80	0.1750000
NODE_3464_length_1255_cov_21.374567	645	725	13	17	80	0.2125000
NODE_3464_length_1255_cov_21.374567	698	778	1	1	80	0.0125000
NODE_3464_length_1255_cov_21.374567	698	778	2	1	80	0.0125000
NODE_3464_length_1255_cov_21.374567	698	778	3	34	80	0.4250000
NODE_3464_length_1255_cov_21.374567	698	778	4	23	80	0.2875000
NODE_3464_length_1255_cov_21.374567	698	778	5	21	80	0.2625000
NODE_3465_length_1255_cov_18.391869	521	601	3	25	80	0.3125000
NODE_3465_length_1255_cov_18.391869	521	601	5	20	80	0.2500000
NODE_3465_length_1255_cov_18.391869	521	601	6	7	80	0.0875000
NODE_3465_length_1255_cov_18.391869	521	601	7	28	80	0.3500000
NODE_3465_length_1255_cov_18.391869	574	654	5	39	80	0.4875000
NODE_3465_length_1255_cov_18.391869	574	654	7	41	80	0.5125000
NODE_3466_length_1255_cov_4.096021	1194	1242	0	48	48	1.0000000
NODE_3469_length_1254_cov_32.470996	612	692	8	16	80	0.2000000
NODE_3469_length_1254_cov_32.470996	612	692	10	15	80	0.1875000
NODE_3469_length_1254_cov_32.470996	612	692	11	1	80	0.0125000
NODE_3469_length_1254_cov_32.470996	612	692	12	11	80	0.1375000
NODE_3469_length_1254_cov_32.470996	612	692	13	1	80	0.0125000
NODE_3469_length_1254_cov_32.470996	612	692	14	20	80	0.2500000
NODE_3469_length_1254_cov_32.470996	612	692	15	16	80	0.2000000
NODE_3469_length_1254_cov_32.470996	665	745	6	1	80	0.0125000
NODE_3469_length_1254_cov_32.470996	665	745	7	1	80	0.0125000
NODE_3469_length_1254_cov_32.470996	665	745	8	26	80	0.3250000
NODE_3469_length_1254_cov_32.470996	665	745	10	5	80	0.0625000
NODE_3469_length_1254_cov_32.470996	665	745	13	7	80	0.0875000
NODE_3469_length_1254_cov_32.470996	665	745	14	33	80	0.4125000
NODE_3469_length_1254_cov_32.470996	665	745	15	7	80	0.0875000
NODE_3470_length_1254_cov_26.449351	488	568	10	28	80	0.3500000
NODE_3470_length_1254_cov_26.449351	488	568	12	35	80	0.4375000
NODE_3470_length_1254_cov_26.449351	488	568	13	17	80	0.2125000
NODE_3470_length_1254_cov_26.449351	541	621	4	7	80	0.0875000
NODE_3470_length_1254_cov_26.449351	541	621	5	5	80	0.0625000
NODE_3470_length_1254_cov_26.449351	541	621	6	12	80	0.1500000
NODE_3470_length_1254_cov_26.449351	541	621	8	2	80	0.0250000
NODE_3470_length_1254_cov_26.449351	541	621	10	54	80	0.6750000
NODE_3471_length_1254_cov_22.032035	531	611	9	37	80	0.4625000
NODE_3471_length_1254_cov_22.032035	531	611	10	1	80	0.0125000
NODE_3471_length_1254_cov_22.032035	531	611	11	5	80	0.0625000
NODE_3471_length_1254_cov_22.032035	531	611	13	20	80	0.2500000
NODE_3471_length_1254_cov_22.032035	531	611	15	2	80	0.0250000
NODE_3471_length_1254_cov_22.032035	531	611	16	6	80	0.0750000
NODE_3471_length_1254_cov_22.032035	531	611	17	9	80	0.1125000
NODE_3471_length_1254_cov_22.032035	584	664	11	5	80	0.0625000
NODE_3471_length_1254_cov_22.032035	584	664	12	2	80	0.0250000
NODE_3471_length_1254_cov_22.032035	584	664	13	32	80	0.4000000
NODE_3471_length_1254_cov_22.032035	584	664	15	2	80	0.0250000
NODE_3471_length_1254_cov_22.032035	584	664	16	30	80	0.3750000
NODE_3471_length_1254_cov_22.032035	584	664	17	9	80	0.1125000
NODE_3479_length_1253_cov_16.916811	651	731	0	11	80	0.1375000
NODE_3479_length_1253_cov_16.916811	651	731	1	5	80	0.0625000
NODE_3479_length_1253_cov_16.916811	651	731	2	64	80	0.8000000
NODE_3479_length_1253_cov_16.916811	704	784	2	80	80	1.0000000
NODE_3479_length_1253_cov_16.916811	780	860	0	43	80	0.5375000
NODE_3479_length_1253_cov_16.916811	780	860	1	5	80	0.0625000
NODE_3479_length_1253_cov_16.916811	780	860	2	32	80	0.4000000
NODE_3479_length_1253_cov_16.916811	833	913	0	80	80	1.0000000
NODE_3480_length_1253_cov_13.816291	811	891	0	59	80	0.7375000
NODE_3480_length_1253_cov_13.816291	811	891	1	21	80	0.2625000
NODE_3481_length_1253_cov_9.067591	306	386	0	5	80	0.0625000
NODE_3481_length_1253_cov_9.067591	306	386	2	3	80	0.0375000
NODE_3481_length_1253_cov_9.067591	306	386	4	12	80	0.1500000
NODE_3481_length_1253_cov_9.067591	306	386	6	42	80	0.5250000
NODE_3481_length_1253_cov_9.067591	306	386	8	18	80	0.2250000
NODE_3481_length_1253_cov_9.067591	359	439	4	16	80	0.2000000
NODE_3481_length_1253_cov_9.067591	359	439	6	13	80	0.1625000
NODE_3481_length_1253_cov_9.067591	359	439	8	51	80	0.6375000
NODE_3487_length_1252_cov_57.745880	477	557	2	28	80	0.3500000
NODE_3487_length_1252_cov_57.745880	477	557	3	10	80	0.1250000
NODE_3487_length_1252_cov_57.745880	477	557	4	42	80	0.5250000
NODE_3487_length_1252_cov_57.745880	530	610	4	80	80	1.0000000
NODE_3487_length_1252_cov_57.745880	606	686	2	35	80	0.4375000
NODE_3487_length_1252_cov_57.745880	606	686	3	17	80	0.2125000
NODE_3487_length_1252_cov_57.745880	606	686	4	28	80	0.3500000
NODE_3487_length_1252_cov_57.745880	659	739	2	70	80	0.8750000
NODE_3487_length_1252_cov_57.745880	659	739	3	10	80	0.1250000
NODE_3488_length_1252_cov_56.694709	594	674	5	13	80	0.1625000
NODE_3488_length_1252_cov_56.694709	594	674	6	20	80	0.2500000
NODE_3488_length_1252_cov_56.694709	594	674	7	3	80	0.0375000
NODE_3488_length_1252_cov_56.694709	594	674	9	3	80	0.0375000
NODE_3488_length_1252_cov_56.694709	594	674	10	1	80	0.0125000
NODE_3488_length_1252_cov_56.694709	594	674	11	13	80	0.1625000
NODE_3488_length_1252_cov_56.694709	594	674	12	23	80	0.2875000
NODE_3488_length_1252_cov_56.694709	594	674	13	4	80	0.0500000
NODE_3488_length_1252_cov_56.694709	647	727	12	23	80	0.2875000
NODE_3488_length_1252_cov_56.694709	647	727	13	29	80	0.3625000
NODE_3488_length_1252_cov_56.694709	647	727	14	8	80	0.1000000
NODE_3488_length_1252_cov_56.694709	647	727	15	20	80	0.2500000
NODE_3488_length_1252_cov_56.694709	723	803	9	6	80	0.0750000
NODE_3488_length_1252_cov_56.694709	723	803	10	14	80	0.1750000
NODE_3488_length_1252_cov_56.694709	723	803	11	2	80	0.0250000
NODE_3488_length_1252_cov_56.694709	723	803	12	4	80	0.0500000
NODE_3488_length_1252_cov_56.694709	723	803	13	42	80	0.5250000
NODE_3488_length_1252_cov_56.694709	723	803	14	5	80	0.0625000
NODE_3488_length_1252_cov_56.694709	723	803	15	7	80	0.0875000
NODE_3488_length_1252_cov_56.694709	785	847	6	3	62	0.0483871
NODE_3488_length_1252_cov_56.694709	785	847	7	6	62	0.0967742
NODE_3488_length_1252_cov_56.694709	785	847	8	3	62	0.0483871
NODE_3488_length_1252_cov_56.694709	785	847	9	32	62	0.5161290
NODE_3488_length_1252_cov_56.694709	785	847	10	18	62	0.2903226
NODE_3489_length_1252_cov_34.023417	468	548	5	29	80	0.3625000
NODE_3489_length_1252_cov_34.023417	468	548	6	19	80	0.2375000
NODE_3489_length_1252_cov_34.023417	468	548	7	23	80	0.2875000
NODE_3489_length_1252_cov_34.023417	468	548	8	9	80	0.1125000
NODE_3489_length_1252_cov_34.023417	521	601	5	2	80	0.0250000
NODE_3489_length_1252_cov_34.023417	521	601	6	4	80	0.0500000
NODE_3489_length_1252_cov_34.023417	521	601	7	28	80	0.3500000
NODE_3489_length_1252_cov_34.023417	521	601	8	21	80	0.2625000
NODE_3489_length_1252_cov_34.023417	521	601	9	25	80	0.3125000
NODE_3489_length_1252_cov_34.023417	597	677	3	2	80	0.0250000
NODE_3489_length_1252_cov_34.023417	597	677	4	41	80	0.5125000
NODE_3489_length_1252_cov_34.023417	597	677	5	35	80	0.4375000
NODE_3489_length_1252_cov_34.023417	597	677	7	2	80	0.0250000
NODE_3489_length_1252_cov_34.023417	650	730	0	26	80	0.3250000
NODE_3489_length_1252_cov_34.023417	650	730	2	15	80	0.1875000
NODE_3489_length_1252_cov_34.023417	650	730	3	14	80	0.1750000
NODE_3489_length_1252_cov_34.023417	650	730	4	25	80	0.3125000
NODE_3490_length_1252_cov_9.316565	573	653	3	4	80	0.0500000
NODE_3490_length_1252_cov_9.316565	573	653	4	6	80	0.0750000
NODE_3490_length_1252_cov_9.316565	573	653	5	19	80	0.2375000
NODE_3490_length_1252_cov_9.316565	573	653	6	51	80	0.6375000
NODE_3490_length_1252_cov_9.316565	626	706	4	59	80	0.7375000
NODE_3490_length_1252_cov_9.316565	626	706	5	6	80	0.0750000
NODE_3490_length_1252_cov_9.316565	626	706	6	15	80	0.1875000
NODE_3491_length_1252_cov_8.295750	602	682	0	10	80	0.1250000
NODE_3491_length_1252_cov_8.295750	602	682	1	70	80	0.8750000
NODE_3491_length_1252_cov_8.295750	655	735	0	63	80	0.7875000
NODE_3491_length_1252_cov_8.295750	655	735	1	17	80	0.2125000
NODE_3494_length_1251_cov_17.513889	579	659	0	23	80	0.2875000
NODE_3494_length_1251_cov_17.513889	579	659	2	22	80	0.2750000
NODE_3494_length_1251_cov_17.513889	579	659	3	11	80	0.1375000
NODE_3494_length_1251_cov_17.513889	579	659	4	24	80	0.3000000
NODE_3494_length_1251_cov_17.513889	632	712	3	3	80	0.0375000
NODE_3494_length_1251_cov_17.513889	632	712	4	77	80	0.9625000
NODE_3494_length_1251_cov_17.513889	708	788	1	11	80	0.1375000
NODE_3494_length_1251_cov_17.513889	708	788	2	35	80	0.4375000
NODE_3494_length_1251_cov_17.513889	708	788	4	34	80	0.4250000
NODE_3494_length_1251_cov_17.513889	761	841	1	11	80	0.1375000
NODE_3494_length_1251_cov_17.513889	761	841	2	69	80	0.8625000
NODE_3497_length_1251_cov_3.139757	0	76	0	76	76	1.0000000
NODE_3497_length_1251_cov_3.139757	49	98	0	49	49	1.0000000
NODE_3501_length_1250_cov_25.133797	325	405	0	80	80	1.0000000
NODE_3501_length_1250_cov_25.133797	378	458	0	80	80	1.0000000
NODE_3503_length_1250_cov_11.471764	652	733	2	1	81	0.0123457
NODE_3503_length_1250_cov_11.471764	652	733	4	80	81	0.9876543
NODE_3503_length_1250_cov_11.471764	706	786	0	11	80	0.1375000
NODE_3503_length_1250_cov_11.471764	706	786	2	43	80	0.5375000
NODE_3503_length_1250_cov_11.471764	706	786	4	26	80	0.3250000
NODE_3505_length_1249_cov_45.772174	543	623	2	40	80	0.5000000
NODE_3505_length_1249_cov_45.772174	543	623	3	40	80	0.5000000
NODE_3505_length_1249_cov_45.772174	596	676	3	44	80	0.5500000
NODE_3505_length_1249_cov_45.772174	596	676	5	5	80	0.0625000
NODE_3505_length_1249_cov_45.772174	596	676	6	5	80	0.0625000
NODE_3505_length_1249_cov_45.772174	596	676	7	19	80	0.2375000
NODE_3505_length_1249_cov_45.772174	596	676	8	4	80	0.0500000
NODE_3505_length_1249_cov_45.772174	596	676	9	3	80	0.0375000
NODE_3505_length_1249_cov_45.772174	672	749	7	13	77	0.1688312
NODE_3505_length_1249_cov_45.772174	672	749	8	3	77	0.0389610
NODE_3505_length_1249_cov_45.772174	672	749	9	12	77	0.1558442
NODE_3505_length_1249_cov_45.772174	672	749	11	16	77	0.2077922
NODE_3505_length_1249_cov_45.772174	672	749	12	28	77	0.3636364
NODE_3505_length_1249_cov_45.772174	672	749	13	5	77	0.0649351
NODE_3505_length_1249_cov_45.772174	729	802	7	1	73	0.0136986
NODE_3505_length_1249_cov_45.772174	729	802	8	2	73	0.0273973
NODE_3505_length_1249_cov_45.772174	729	802	9	2	73	0.0273973
NODE_3505_length_1249_cov_45.772174	729	802	10	5	73	0.0684932
NODE_3505_length_1249_cov_45.772174	729	802	11	19	73	0.2602740
NODE_3505_length_1249_cov_45.772174	729	802	12	11	73	0.1506849
NODE_3505_length_1249_cov_45.772174	729	802	13	33	73	0.4520548
NODE_3506_length_1249_cov_35.670435	515	595	10	9	80	0.1125000
NODE_3506_length_1249_cov_35.670435	515	595	11	29	80	0.3625000
NODE_3506_length_1249_cov_35.670435	515	595	12	25	80	0.3125000
NODE_3506_length_1249_cov_35.670435	515	595	13	17	80	0.2125000
NODE_3506_length_1249_cov_35.670435	568	648	3	10	80	0.1250000
NODE_3506_length_1249_cov_35.670435	568	648	4	8	80	0.1000000
NODE_3506_length_1249_cov_35.670435	568	648	6	23	80	0.2875000
NODE_3506_length_1249_cov_35.670435	568	648	7	4	80	0.0500000
NODE_3506_length_1249_cov_35.670435	568	648	8	5	80	0.0625000
NODE_3506_length_1249_cov_35.670435	568	648	10	12	80	0.1500000
NODE_3506_length_1249_cov_35.670435	568	648	11	6	80	0.0750000
NODE_3506_length_1249_cov_35.670435	568	648	12	3	80	0.0375000
NODE_3506_length_1249_cov_35.670435	568	648	13	9	80	0.1125000
NODE_3506_length_1249_cov_35.670435	644	724	2	14	80	0.1750000
NODE_3506_length_1249_cov_35.670435	644	724	3	49	80	0.6125000
NODE_3506_length_1249_cov_35.670435	644	724	4	17	80	0.2125000
NODE_3506_length_1249_cov_35.670435	697	777	2	5	80	0.0625000
NODE_3506_length_1249_cov_35.670435	697	777	3	67	80	0.8375000
NODE_3506_length_1249_cov_35.670435	697	777	4	8	80	0.1000000
NODE_3507_length_1249_cov_34.616522	576	656	9	1	80	0.0125000
NODE_3507_length_1249_cov_34.616522	576	656	11	19	80	0.2375000
NODE_3507_length_1249_cov_34.616522	576	656	12	58	80	0.7250000
NODE_3507_length_1249_cov_34.616522	576	656	13	2	80	0.0250000
NODE_3507_length_1249_cov_34.616522	629	709	5	14	80	0.1750000
NODE_3507_length_1249_cov_34.616522	629	709	6	1	80	0.0125000
NODE_3507_length_1249_cov_34.616522	629	709	7	1	80	0.0125000
NODE_3507_length_1249_cov_34.616522	629	709	9	20	80	0.2500000
NODE_3507_length_1249_cov_34.616522	629	709	12	42	80	0.5250000
NODE_3507_length_1249_cov_34.616522	629	709	13	2	80	0.0250000
NODE_3507_length_1249_cov_34.616522	705	785	2	39	80	0.4875000
NODE_3507_length_1249_cov_34.616522	705	785	3	19	80	0.2375000
NODE_3507_length_1249_cov_34.616522	705	785	5	22	80	0.2750000
NODE_3507_length_1249_cov_34.616522	758	838	0	39	80	0.4875000
NODE_3507_length_1249_cov_34.616522	758	838	2	41	80	0.5125000
NODE_3508_length_1249_cov_19.592174	461	541	1	24	80	0.3000000
NODE_3508_length_1249_cov_19.592174	461	541	3	56	80	0.7000000
NODE_3508_length_1249_cov_19.592174	514	594	1	20	80	0.2500000
NODE_3508_length_1249_cov_19.592174	514	594	2	1	80	0.0125000
NODE_3508_length_1249_cov_19.592174	514	594	3	59	80	0.7375000
NODE_3508_length_1249_cov_19.592174	860	940	0	80	80	1.0000000
NODE_3508_length_1249_cov_19.592174	913	993	0	80	80	1.0000000
NODE_3509_length_1249_cov_14.926957	1153	1219	0	60	66	0.9090909
NODE_3509_length_1249_cov_14.926957	1153	1219	2	6	66	0.0909091
NODE_3509_length_1249_cov_14.926957	1192	1249	0	57	57	1.0000000
NODE_3509_length_1249_cov_14.926957	1192	1247	0	55	55	1.0000000
NODE_3509_length_1249_cov_14.926957	1192	1249	0	57	57	1.0000000
NODE_3510_length_1249_cov_7.682609	757	837	4	40	80	0.5000000
NODE_3510_length_1249_cov_7.682609	757	837	5	40	80	0.5000000
NODE_3510_length_1249_cov_7.682609	810	890	2	31	80	0.3875000
NODE_3510_length_1249_cov_7.682609	810	890	3	10	80	0.1250000
NODE_3510_length_1249_cov_7.682609	810	890	4	11	80	0.1375000
NODE_3510_length_1249_cov_7.682609	810	890	5	28	80	0.3500000
NODE_3514_length_1248_cov_14.351610	469	549	0	20	80	0.2500000
NODE_3514_length_1248_cov_14.351610	469	549	1	60	80	0.7500000
NODE_3514_length_1248_cov_14.351610	522	602	1	52	80	0.6500000
NODE_3514_length_1248_cov_14.351610	522	602	2	28	80	0.3500000
NODE_3514_length_1248_cov_14.351610	598	678	2	16	80	0.2000000
NODE_3514_length_1248_cov_14.351610	598	678	3	62	80	0.7750000
NODE_3514_length_1248_cov_14.351610	598	678	4	2	80	0.0250000
NODE_3514_length_1248_cov_14.351610	651	731	3	34	80	0.4250000
NODE_3514_length_1248_cov_14.351610	651	731	4	25	80	0.3125000
NODE_3514_length_1248_cov_14.351610	651	731	5	21	80	0.2625000
NODE_3515_length_1248_cov_11.181027	303	383	1	7	80	0.0875000
NODE_3515_length_1248_cov_11.181027	303	383	2	27	80	0.3375000
NODE_3515_length_1248_cov_11.181027	303	383	3	46	80	0.5750000
NODE_3515_length_1248_cov_11.181027	356	436	2	23	80	0.2875000
NODE_3515_length_1248_cov_11.181027	356	436	3	57	80	0.7125000
NODE_3515_length_1248_cov_11.181027	432	512	1	12	80	0.1500000
NODE_3515_length_1248_cov_11.181027	432	512	2	57	80	0.7125000
NODE_3515_length_1248_cov_11.181027	432	512	3	11	80	0.1375000
NODE_3515_length_1248_cov_11.181027	485	565	1	12	80	0.1500000
NODE_3515_length_1248_cov_11.181027	485	565	2	68	80	0.8500000
NODE_3516_length_1248_cov_4.372498	17	98	0	81	81	1.0000000
NODE_3516_length_1248_cov_4.372498	94	152	0	58	58	1.0000000
NODE_3517_length_1248_cov_2.356832	952	1032	0	80	80	1.0000000
NODE_3517_length_1248_cov_2.356832	1005	1085	0	80	80	1.0000000
NODE_3518_length_1248_cov_2.283725	1102	1151	0	49	49	1.0000000
NODE_3522_length_1247_cov_25.355401	487	567	2	23	80	0.2875000
NODE_3522_length_1247_cov_25.355401	487	567	3	15	80	0.1875000
NODE_3522_length_1247_cov_25.355401	487	567	4	33	80	0.4125000
NODE_3522_length_1247_cov_25.355401	487	567	5	9	80	0.1125000
NODE_3522_length_1247_cov_25.355401	540	620	3	37	80	0.4625000
NODE_3522_length_1247_cov_25.355401	540	620	4	42	80	0.5250000
NODE_3522_length_1247_cov_25.355401	540	620	5	1	80	0.0125000
NODE_3522_length_1247_cov_25.355401	616	696	1	14	80	0.1750000
NODE_3522_length_1247_cov_25.355401	616	696	2	40	80	0.5000000
NODE_3522_length_1247_cov_25.355401	616	696	4	26	80	0.3250000
NODE_3522_length_1247_cov_25.355401	669	749	0	8	80	0.1000000
NODE_3522_length_1247_cov_25.355401	669	749	1	59	80	0.7375000
NODE_3522_length_1247_cov_25.355401	669	749	2	13	80	0.1625000
NODE_3528_length_1246_cov_30.231909	433	513	1	21	80	0.2625000
NODE_3528_length_1246_cov_30.231909	433	513	2	21	80	0.2625000
NODE_3528_length_1246_cov_30.231909	433	513	3	38	80	0.4750000
NODE_3528_length_1246_cov_30.231909	486	566	2	2	80	0.0250000
NODE_3528_length_1246_cov_30.231909	486	566	3	31	80	0.3875000
NODE_3528_length_1246_cov_30.231909	486	566	4	15	80	0.1875000
NODE_3528_length_1246_cov_30.231909	486	566	5	32	80	0.4000000
NODE_3528_length_1246_cov_30.231909	562	642	2	32	80	0.4000000
NODE_3528_length_1246_cov_30.231909	562	642	3	8	80	0.1000000
NODE_3528_length_1246_cov_30.231909	562	642	4	2	80	0.0250000
NODE_3528_length_1246_cov_30.231909	562	642	5	38	80	0.4750000
NODE_3528_length_1246_cov_30.231909	615	695	3	50	80	0.6250000
NODE_3528_length_1246_cov_30.231909	615	695	5	30	80	0.3750000
NODE_3529_length_1246_cov_13.847428	497	577	9	11	80	0.1375000
NODE_3529_length_1246_cov_13.847428	497	577	10	51	80	0.6375000
NODE_3529_length_1246_cov_13.847428	497	577	11	1	80	0.0125000
NODE_3529_length_1246_cov_13.847428	497	577	12	17	80	0.2125000
NODE_3529_length_1246_cov_13.847428	550	630	3	4	80	0.0500000
NODE_3529_length_1246_cov_13.847428	550	630	5	21	80	0.2625000
NODE_3529_length_1246_cov_13.847428	550	630	7	12	80	0.1500000
NODE_3529_length_1246_cov_13.847428	550	630	9	27	80	0.3375000
NODE_3529_length_1246_cov_13.847428	550	630	11	1	80	0.0125000
NODE_3529_length_1246_cov_13.847428	550	630	12	15	80	0.1875000
NODE_3535_length_1245_cov_31.472949	443	523	11	37	80	0.4625000
NODE_3535_length_1245_cov_31.472949	443	523	13	39	80	0.4875000
NODE_3535_length_1245_cov_31.472949	443	523	14	4	80	0.0500000
NODE_3535_length_1245_cov_31.472949	496	576	4	4	80	0.0500000
NODE_3535_length_1245_cov_31.472949	496	576	5	22	80	0.2750000
NODE_3535_length_1245_cov_31.472949	496	576	9	11	80	0.1375000
NODE_3535_length_1245_cov_31.472949	496	576	10	8	80	0.1000000
NODE_3535_length_1245_cov_31.472949	496	576	11	3	80	0.0375000
NODE_3535_length_1245_cov_31.472949	496	576	13	24	80	0.3000000
NODE_3535_length_1245_cov_31.472949	496	576	14	8	80	0.1000000
NODE_3536_length_1245_cov_30.068935	771	841	2	24	70	0.3428572
NODE_3536_length_1245_cov_30.068935	771	841	3	21	70	0.3000000
NODE_3536_length_1245_cov_30.068935	771	841	5	25	70	0.3571429
NODE_3537_length_1245_cov_24.765271	668	748	0	5	80	0.0625000
NODE_3537_length_1245_cov_24.765271	668	748	1	56	80	0.7000000
NODE_3537_length_1245_cov_24.765271	668	748	2	3	80	0.0375000
NODE_3537_length_1245_cov_24.765271	668	748	3	16	80	0.2000000
NODE_3537_length_1245_cov_24.765271	721	801	1	8	80	0.1000000
NODE_3537_length_1245_cov_24.765271	721	801	2	3	80	0.0375000
NODE_3537_length_1245_cov_24.765271	721	801	3	37	80	0.4625000
NODE_3537_length_1245_cov_24.765271	721	801	4	27	80	0.3375000
NODE_3537_length_1245_cov_24.765271	721	801	6	5	80	0.0625000
NODE_3537_length_1245_cov_24.765271	797	877	5	1	80	0.0125000
NODE_3537_length_1245_cov_24.765271	797	877	6	30	80	0.3750000
NODE_3537_length_1245_cov_24.765271	797	877	7	10	80	0.1250000
NODE_3537_length_1245_cov_24.765271	797	877	8	3	80	0.0375000
NODE_3537_length_1245_cov_24.765271	797	877	9	7	80	0.0875000
NODE_3537_length_1245_cov_24.765271	797	877	10	29	80	0.3625000
NODE_3537_length_1245_cov_24.765271	850	930	7	3	80	0.0375000
NODE_3537_length_1245_cov_24.765271	850	930	8	14	80	0.1750000
NODE_3537_length_1245_cov_24.765271	850	930	9	16	80	0.2000000
NODE_3537_length_1245_cov_24.765271	850	930	10	47	80	0.5875000
NODE_3538_length_1245_cov_16.854276	655	735	0	79	80	0.9875000
NODE_3538_length_1245_cov_16.854276	655	735	1	1	80	0.0125000
NODE_3538_length_1245_cov_16.854276	701	771	0	70	70	1.0000000
NODE_3538_length_1245_cov_16.854276	708	788	0	80	80	1.0000000
NODE_3540_length_1245_cov_1.187609	1148	1194	0	45	46	0.9782609
NODE_3540_length_1245_cov_1.187609	1148	1194	2	1	46	0.0217391
NODE_3540_length_1245_cov_1.187609	1167	1245	0	78	78	1.0000000
NODE_3541_length_1244_cov_52.633188	501	581	6	2	80	0.0250000
NODE_3541_length_1244_cov_52.633188	501	581	8	22	80	0.2750000
NODE_3541_length_1244_cov_52.633188	501	581	9	12	80	0.1500000
NODE_3541_length_1244_cov_52.633188	501	581	10	44	80	0.5500000
NODE_3541_length_1244_cov_52.633188	554	634	6	17	80	0.2125000
NODE_3541_length_1244_cov_52.633188	554	634	7	38	80	0.4750000
NODE_3541_length_1244_cov_52.633188	554	634	8	15	80	0.1875000
NODE_3541_length_1244_cov_52.633188	554	634	10	10	80	0.1250000
NODE_3541_length_1244_cov_52.633188	630	710	4	9	80	0.1125000
NODE_3541_length_1244_cov_52.633188	630	710	5	21	80	0.2625000
NODE_3541_length_1244_cov_52.633188	630	710	6	11	80	0.1375000
NODE_3541_length_1244_cov_52.633188	630	710	7	32	80	0.4000000
NODE_3541_length_1244_cov_52.633188	630	710	8	7	80	0.0875000
NODE_3541_length_1244_cov_52.633188	683	763	3	13	80	0.1625000
NODE_3541_length_1244_cov_52.633188	683	763	5	18	80	0.2250000
NODE_3541_length_1244_cov_52.633188	683	763	6	31	80	0.3875000
NODE_3541_length_1244_cov_52.633188	683	763	7	11	80	0.1375000
NODE_3541_length_1244_cov_52.633188	683	763	8	7	80	0.0875000
NODE_3542_length_1244_cov_33.889956	445	525	4	20	80	0.2500000
NODE_3542_length_1244_cov_33.889956	445	525	5	28	80	0.3500000
NODE_3542_length_1244_cov_33.889956	445	525	6	18	80	0.2250000
NODE_3542_length_1244_cov_33.889956	445	525	8	14	80	0.1750000
NODE_3542_length_1244_cov_33.889956	498	578	6	13	80	0.1625000
NODE_3542_length_1244_cov_33.889956	498	578	7	5	80	0.0625000
NODE_3542_length_1244_cov_33.889956	498	578	8	25	80	0.3125000
NODE_3542_length_1244_cov_33.889956	498	578	9	31	80	0.3875000
NODE_3542_length_1244_cov_33.889956	498	578	11	6	80	0.0750000
NODE_3542_length_1244_cov_33.889956	574	654	8	10	80	0.1250000
NODE_3542_length_1244_cov_33.889956	574	654	9	43	80	0.5375000
NODE_3542_length_1244_cov_33.889956	574	654	10	15	80	0.1875000
NODE_3542_length_1244_cov_33.889956	574	654	11	12	80	0.1500000
NODE_3542_length_1244_cov_33.889956	627	707	4	6	80	0.0750000
NODE_3542_length_1244_cov_33.889956	627	707	5	16	80	0.2000000
NODE_3542_length_1244_cov_33.889956	627	707	7	24	80	0.3000000
NODE_3542_length_1244_cov_33.889956	627	707	8	10	80	0.1250000
NODE_3542_length_1244_cov_33.889956	627	707	9	24	80	0.3000000
NODE_3543_length_1244_cov_16.798253	644	724	6	80	80	1.0000000
NODE_3543_length_1244_cov_16.798253	697	777	0	17	80	0.2125000
NODE_3543_length_1244_cov_16.798253	697	777	1	1	80	0.0125000
NODE_3543_length_1244_cov_16.798253	697	777	3	29	80	0.3625000
NODE_3543_length_1244_cov_16.798253	697	777	4	4	80	0.0500000
NODE_3543_length_1244_cov_16.798253	697	777	6	29	80	0.3625000
NODE_3544_length_1244_cov_1.735371	276	347	0	71	71	1.0000000
NODE_3544_length_1244_cov_1.735371	276	347	0	71	71	1.0000000
NODE_3544_length_1244_cov_1.735371	320	400	0	80	80	1.0000000
NODE_3544_length_1244_cov_1.735371	320	400	0	80	80	1.0000000
NODE_3548_length_1243_cov_34.284965	774	854	8	20	80	0.2500000
NODE_3548_length_1243_cov_34.284965	774	854	9	48	80	0.6000000
NODE_3548_length_1243_cov_34.284965	774	854	10	12	80	0.1500000
NODE_3548_length_1243_cov_34.284965	827	907	3	2	80	0.0250000
NODE_3548_length_1243_cov_34.284965	827	907	5	27	80	0.3375000
NODE_3548_length_1243_cov_34.284965	827	907	6	7	80	0.0875000
NODE_3548_length_1243_cov_34.284965	827	907	7	9	80	0.1125000
NODE_3548_length_1243_cov_34.284965	827	907	8	9	80	0.1125000
NODE_3548_length_1243_cov_34.284965	827	907	9	14	80	0.1750000
NODE_3548_length_1243_cov_34.284965	827	907	10	12	80	0.1500000
NODE_3552_length_1242_cov_29.665792	539	619	0	80	80	1.0000000
NODE_3552_length_1242_cov_29.665792	592	672	0	80	80	1.0000000
NODE_3553_length_1242_cov_28.304462	506	586	4	8	80	0.1000000
NODE_3553_length_1242_cov_28.304462	506	586	5	2	80	0.0250000
NODE_3553_length_1242_cov_28.304462	506	586	6	2	80	0.0250000
NODE_3553_length_1242_cov_28.304462	506	586	7	61	80	0.7625000
NODE_3553_length_1242_cov_28.304462	506	586	8	5	80	0.0625000
NODE_3553_length_1242_cov_28.304462	506	586	9	2	80	0.0250000
NODE_3553_length_1242_cov_28.304462	559	639	7	20	80	0.2500000
NODE_3553_length_1242_cov_28.304462	559	639	8	18	80	0.2250000
NODE_3553_length_1242_cov_28.304462	559	639	9	16	80	0.2000000
NODE_3553_length_1242_cov_28.304462	559	639	10	26	80	0.3250000
NODE_3553_length_1242_cov_28.304462	635	715	6	10	80	0.1250000
NODE_3553_length_1242_cov_28.304462	635	715	7	19	80	0.2375000
NODE_3553_length_1242_cov_28.304462	635	715	8	47	80	0.5875000
NODE_3553_length_1242_cov_28.304462	635	715	9	3	80	0.0375000
NODE_3553_length_1242_cov_28.304462	635	715	10	1	80	0.0125000
NODE_3553_length_1242_cov_28.304462	688	768	4	8	80	0.1000000
NODE_3553_length_1242_cov_28.304462	688	768	5	6	80	0.0750000
NODE_3553_length_1242_cov_28.304462	688	768	6	20	80	0.2500000
NODE_3553_length_1242_cov_28.304462	688	768	7	26	80	0.3250000
NODE_3553_length_1242_cov_28.304462	688	768	8	20	80	0.2500000
NODE_3554_length_1242_cov_16.383202	704	784	4	52	80	0.6500000
NODE_3554_length_1242_cov_16.383202	704	784	6	24	80	0.3000000
NODE_3554_length_1242_cov_16.383202	704	784	7	2	80	0.0250000
NODE_3554_length_1242_cov_16.383202	704	784	8	2	80	0.0250000
NODE_3554_length_1242_cov_16.383202	757	837	2	2	80	0.0250000
NODE_3554_length_1242_cov_16.383202	757	837	3	2	80	0.0250000
NODE_3554_length_1242_cov_16.383202	757	837	5	6	80	0.0750000
NODE_3554_length_1242_cov_16.383202	757	837	6	25	80	0.3125000
NODE_3554_length_1242_cov_16.383202	757	837	7	5	80	0.0625000
NODE_3554_length_1242_cov_16.383202	757	837	8	40	80	0.5000000
NODE_3555_length_1242_cov_8.081365	688	768	2	9	80	0.1125000
NODE_3555_length_1242_cov_8.081365	688	768	4	49	80	0.6125000
NODE_3555_length_1242_cov_8.081365	688	768	6	22	80	0.2750000
NODE_3555_length_1242_cov_8.081365	741	821	4	43	80	0.5375000
NODE_3555_length_1242_cov_8.081365	741	821	6	37	80	0.4625000
NODE_3561_length_1241_cov_36.544658	602	682	6	3	80	0.0375000
NODE_3561_length_1241_cov_36.544658	602	682	9	20	80	0.2500000
NODE_3561_length_1241_cov_36.544658	602	682	10	7	80	0.0875000
NODE_3561_length_1241_cov_36.544658	602	682	11	17	80	0.2125000
NODE_3561_length_1241_cov_36.544658	602	682	12	33	80	0.4125000
NODE_3561_length_1241_cov_36.544658	655	735	6	22	80	0.2750000
NODE_3561_length_1241_cov_36.544658	655	735	9	9	80	0.1125000
NODE_3561_length_1241_cov_36.544658	655	735	10	17	80	0.2125000
NODE_3561_length_1241_cov_36.544658	655	735	12	32	80	0.4000000
NODE_3562_length_1241_cov_19.894921	676	756	10	4	80	0.0500000
NODE_3562_length_1241_cov_19.894921	676	756	11	28	80	0.3500000
NODE_3562_length_1241_cov_19.894921	676	756	12	19	80	0.2375000
NODE_3562_length_1241_cov_19.894921	676	756	13	1	80	0.0125000
NODE_3562_length_1241_cov_19.894921	676	756	14	6	80	0.0750000
NODE_3562_length_1241_cov_19.894921	676	756	15	15	80	0.1875000
NODE_3562_length_1241_cov_19.894921	676	756	17	7	80	0.0875000
NODE_3562_length_1241_cov_19.894921	729	809	11	8	80	0.1000000
NODE_3562_length_1241_cov_19.894921	729	809	12	13	80	0.1625000
NODE_3562_length_1241_cov_19.894921	729	809	14	5	80	0.0625000
NODE_3562_length_1241_cov_19.894921	729	809	15	15	80	0.1875000
NODE_3562_length_1241_cov_19.894921	729	809	16	15	80	0.1875000
NODE_3562_length_1241_cov_19.894921	729	809	17	12	80	0.1500000
NODE_3562_length_1241_cov_19.894921	729	809	18	12	80	0.1500000
NODE_3569_length_1240_cov_38.375110	483	563	7	49	80	0.6125000
NODE_3569_length_1240_cov_38.375110	483	563	8	31	80	0.3875000
NODE_3569_length_1240_cov_38.375110	536	616	2	19	80	0.2375000
NODE_3569_length_1240_cov_38.375110	536	616	3	11	80	0.1375000
NODE_3569_length_1240_cov_38.375110	536	616	4	9	80	0.1125000
NODE_3569_length_1240_cov_38.375110	536	616	6	9	80	0.1125000
NODE_3569_length_1240_cov_38.375110	536	616	7	32	80	0.4000000
NODE_3569_length_1240_cov_38.375110	612	692	2	30	80	0.3750000
NODE_3569_length_1240_cov_38.375110	612	692	3	22	80	0.2750000
NODE_3569_length_1240_cov_38.375110	612	692	4	28	80	0.3500000
NODE_3569_length_1240_cov_38.375110	665	745	3	24	80	0.3000000
NODE_3569_length_1240_cov_38.375110	665	745	4	23	80	0.2875000
NODE_3569_length_1240_cov_38.375110	665	745	5	28	80	0.3500000
NODE_3569_length_1240_cov_38.375110	665	745	6	5	80	0.0625000
NODE_3570_length_1240_cov_24.975460	625	705	1	10	80	0.1250000
NODE_3570_length_1240_cov_24.975460	625	705	3	33	80	0.4125000
NODE_3570_length_1240_cov_24.975460	625	705	5	2	80	0.0250000
NODE_3570_length_1240_cov_24.975460	625	705	6	23	80	0.2875000
NODE_3570_length_1240_cov_24.975460	625	705	8	12	80	0.1500000
NODE_3570_length_1240_cov_24.975460	678	758	5	8	80	0.1000000
NODE_3570_length_1240_cov_24.975460	678	758	6	29	80	0.3625000
NODE_3570_length_1240_cov_24.975460	678	758	8	43	80	0.5375000
NODE_3571_length_1240_cov_23.812445	731	811	2	2	80	0.0250000
NODE_3571_length_1240_cov_23.812445	731	811	3	3	80	0.0375000
NODE_3571_length_1240_cov_23.812445	731	811	4	25	80	0.3125000
NODE_3571_length_1240_cov_23.812445	731	811	5	29	80	0.3625000
NODE_3571_length_1240_cov_23.812445	731	811	6	21	80	0.2625000
NODE_3571_length_1240_cov_23.812445	784	864	5	6	80	0.0750000
NODE_3571_length_1240_cov_23.812445	784	864	6	30	80	0.3750000
NODE_3571_length_1240_cov_23.812445	784	864	8	25	80	0.3125000
NODE_3571_length_1240_cov_23.812445	784	864	9	19	80	0.2375000
NODE_3576_length_1239_cov_37.657895	399	479	4	26	80	0.3250000
NODE_3576_length_1239_cov_37.657895	399	479	6	10	80	0.1250000
NODE_3576_length_1239_cov_37.657895	399	479	7	11	80	0.1375000
NODE_3576_length_1239_cov_37.657895	399	479	8	1	80	0.0125000
NODE_3576_length_1239_cov_37.657895	399	479	9	1	80	0.0125000
NODE_3576_length_1239_cov_37.657895	399	479	10	1	80	0.0125000
NODE_3576_length_1239_cov_37.657895	399	479	11	26	80	0.3250000
NODE_3576_length_1239_cov_37.657895	399	479	12	4	80	0.0500000
NODE_3576_length_1239_cov_37.657895	452	532	11	29	80	0.3625000
NODE_3576_length_1239_cov_37.657895	452	532	12	10	80	0.1250000
NODE_3576_length_1239_cov_37.657895	452	532	13	11	80	0.1375000
NODE_3576_length_1239_cov_37.657895	452	532	14	16	80	0.2000000
NODE_3576_length_1239_cov_37.657895	452	532	15	14	80	0.1750000
NODE_3576_length_1239_cov_37.657895	528	608	14	7	80	0.0875000
NODE_3576_length_1239_cov_37.657895	528	608	16	20	80	0.2500000
NODE_3576_length_1239_cov_37.657895	528	608	17	11	80	0.1375000
NODE_3576_length_1239_cov_37.657895	528	608	18	7	80	0.0875000
NODE_3576_length_1239_cov_37.657895	528	608	19	18	80	0.2250000
NODE_3576_length_1239_cov_37.657895	528	608	20	17	80	0.2125000
NODE_3576_length_1239_cov_37.657895	581	661	13	12	80	0.1500000
NODE_3576_length_1239_cov_37.657895	581	661	14	6	80	0.0750000
NODE_3576_length_1239_cov_37.657895	581	661	15	5	80	0.0625000
NODE_3576_length_1239_cov_37.657895	581	661	16	29	80	0.3625000
NODE_3576_length_1239_cov_37.657895	581	661	17	11	80	0.1375000
NODE_3576_length_1239_cov_37.657895	581	661	18	1	80	0.0125000
NODE_3576_length_1239_cov_37.657895	581	661	19	6	80	0.0750000
NODE_3576_length_1239_cov_37.657895	581	661	20	10	80	0.1250000
NODE_3577_length_1239_cov_14.984211	398	478	4	2	80	0.0250000
NODE_3577_length_1239_cov_14.984211	398	478	6	78	80	0.9750000
NODE_3577_length_1239_cov_14.984211	451	531	0	47	80	0.5875000
NODE_3577_length_1239_cov_14.984211	451	531	2	2	80	0.0250000
NODE_3577_length_1239_cov_14.984211	451	531	4	6	80	0.0750000
NODE_3577_length_1239_cov_14.984211	451	531	6	25	80	0.3125000
NODE_3577_length_1239_cov_14.984211	771	825	0	54	54	1.0000000
NODE_3577_length_1239_cov_14.984211	798	878	0	80	80	1.0000000
NODE_3578_length_1239_cov_13.312281	806	886	2	56	80	0.7000000
NODE_3578_length_1239_cov_13.312281	806	886	3	15	80	0.1875000
NODE_3578_length_1239_cov_13.312281	806	886	4	9	80	0.1125000
NODE_3578_length_1239_cov_13.312281	859	939	2	17	80	0.2125000
NODE_3578_length_1239_cov_13.312281	859	939	3	14	80	0.1750000
NODE_3578_length_1239_cov_13.312281	859	939	4	49	80	0.6125000
NODE_3579_length_1239_cov_7.116667	444	524	6	10	80	0.1250000
NODE_3579_length_1239_cov_7.116667	444	524	8	35	80	0.4375000
NODE_3579_length_1239_cov_7.116667	444	524	9	1	80	0.0125000
NODE_3579_length_1239_cov_7.116667	444	524	10	34	80	0.4250000
NODE_3579_length_1239_cov_7.116667	497	577	1	3	80	0.0375000
NODE_3579_length_1239_cov_7.116667	497	577	3	9	80	0.1125000
NODE_3579_length_1239_cov_7.116667	497	577	4	6	80	0.0750000
NODE_3579_length_1239_cov_7.116667	497	577	5	16	80	0.2000000
NODE_3579_length_1239_cov_7.116667	497	577	6	2	80	0.0250000
NODE_3579_length_1239_cov_7.116667	497	577	7	5	80	0.0625000
NODE_3579_length_1239_cov_7.116667	497	577	8	39	80	0.4875000
NODE_3582_length_1238_cov_33.830553	625	705	4	3	80	0.0375000
NODE_3582_length_1238_cov_33.830553	625	705	5	45	80	0.5625000
NODE_3582_length_1238_cov_33.830553	625	705	7	9	80	0.1125000
NODE_3582_length_1238_cov_33.830553	625	705	9	23	80	0.2875000
NODE_3582_length_1238_cov_33.830553	678	758	7	21	80	0.2625000
NODE_3582_length_1238_cov_33.830553	678	758	9	59	80	0.7375000
NODE_3583_length_1238_cov_8.163301	664	744	2	35	80	0.4375000
NODE_3583_length_1238_cov_8.163301	664	744	3	26	80	0.3250000
NODE_3583_length_1238_cov_8.163301	664	744	5	12	80	0.1500000
NODE_3583_length_1238_cov_8.163301	664	744	6	7	80	0.0875000
NODE_3583_length_1238_cov_8.163301	717	797	3	8	80	0.1000000
NODE_3583_length_1238_cov_8.163301	717	797	5	31	80	0.3875000
NODE_3583_length_1238_cov_8.163301	717	797	6	41	80	0.5125000
NODE_3586_length_1237_cov_24.562390	447	527	9	34	80	0.4250000
NODE_3586_length_1237_cov_24.562390	447	527	10	1	80	0.0125000
NODE_3586_length_1237_cov_24.562390	447	527	11	2	80	0.0250000
NODE_3586_length_1237_cov_24.562390	447	527	13	43	80	0.5375000
NODE_3586_length_1237_cov_24.562390	500	580	6	9	80	0.1125000
NODE_3586_length_1237_cov_24.562390	500	580	7	4	80	0.0500000
NODE_3586_length_1237_cov_24.562390	500	580	8	11	80	0.1375000
NODE_3586_length_1237_cov_24.562390	500	580	9	27	80	0.3375000
NODE_3586_length_1237_cov_24.562390	500	580	10	3	80	0.0375000
NODE_3586_length_1237_cov_24.562390	500	580	11	2	80	0.0250000
NODE_3586_length_1237_cov_24.562390	500	580	13	24	80	0.3000000
NODE_3587_length_1237_cov_9.297012	515	595	0	67	80	0.8375000
NODE_3587_length_1237_cov_9.297012	515	595	1	13	80	0.1625000
NODE_3587_length_1237_cov_9.297012	568	648	0	14	80	0.1750000
NODE_3587_length_1237_cov_9.297012	568	648	1	14	80	0.1750000
NODE_3587_length_1237_cov_9.297012	568	648	2	52	80	0.6500000
NODE_3594_length_1236_cov_46.661390	632	712	8	21	80	0.2625000
NODE_3594_length_1236_cov_46.661390	632	712	9	46	80	0.5750000
NODE_3594_length_1236_cov_46.661390	632	712	10	1	80	0.0125000
NODE_3594_length_1236_cov_46.661390	632	712	11	12	80	0.1500000
NODE_3594_length_1236_cov_46.661390	685	765	6	1	80	0.0125000
NODE_3594_length_1236_cov_46.661390	685	765	7	29	80	0.3625000
NODE_3594_length_1236_cov_46.661390	685	765	8	23	80	0.2875000
NODE_3594_length_1236_cov_46.661390	685	765	9	27	80	0.3375000
NODE_3595_length_1236_cov_8.625330	735	815	4	9	80	0.1125000
NODE_3595_length_1236_cov_8.625330	735	815	6	44	80	0.5500000
NODE_3595_length_1236_cov_8.625330	735	815	7	19	80	0.2375000
NODE_3595_length_1236_cov_8.625330	735	815	8	8	80	0.1000000
NODE_3595_length_1236_cov_8.625330	788	868	5	21	80	0.2625000
NODE_3595_length_1236_cov_8.625330	788	868	6	31	80	0.3875000
NODE_3595_length_1236_cov_8.625330	788	868	7	20	80	0.2500000
NODE_3595_length_1236_cov_8.625330	788	868	8	8	80	0.1000000
NODE_3597_length_1235_cov_31.619718	331	411	5	2	80	0.0250000
NODE_3597_length_1235_cov_31.619718	331	411	7	8	80	0.1000000
NODE_3597_length_1235_cov_31.619718	331	411	9	14	80	0.1750000
NODE_3597_length_1235_cov_31.619718	331	411	10	31	80	0.3875000
NODE_3597_length_1235_cov_31.619718	331	411	11	24	80	0.3000000
NODE_3597_length_1235_cov_31.619718	331	411	12	1	80	0.0125000
NODE_3597_length_1235_cov_31.619718	384	464	3	18	80	0.2250000
NODE_3597_length_1235_cov_31.619718	384	464	5	5	80	0.0625000
NODE_3597_length_1235_cov_31.619718	384	464	7	1	80	0.0125000
NODE_3597_length_1235_cov_31.619718	384	464	8	10	80	0.1250000
NODE_3597_length_1235_cov_31.619718	384	464	10	34	80	0.4250000
NODE_3597_length_1235_cov_31.619718	384	464	11	12	80	0.1500000
NODE_3598_length_1235_cov_20.252641	559	639	8	12	80	0.1500000
NODE_3598_length_1235_cov_20.252641	559	639	10	30	80	0.3750000
NODE_3598_length_1235_cov_20.252641	559	639	11	25	80	0.3125000
NODE_3598_length_1235_cov_20.252641	559	639	12	13	80	0.1625000
NODE_3598_length_1235_cov_20.252641	612	692	2	5	80	0.0625000
NODE_3598_length_1235_cov_20.252641	612	692	3	8	80	0.1000000
NODE_3598_length_1235_cov_20.252641	612	692	4	8	80	0.1000000
NODE_3598_length_1235_cov_20.252641	612	692	5	23	80	0.2875000
NODE_3598_length_1235_cov_20.252641	612	692	6	8	80	0.1000000
NODE_3598_length_1235_cov_20.252641	612	692	8	13	80	0.1625000
NODE_3598_length_1235_cov_20.252641	612	692	10	5	80	0.0625000
NODE_3598_length_1235_cov_20.252641	612	692	11	10	80	0.1250000
NODE_3598_length_1235_cov_20.252641	688	768	5	46	80	0.5750000
NODE_3598_length_1235_cov_20.252641	688	768	6	9	80	0.1125000
NODE_3598_length_1235_cov_20.252641	688	768	7	25	80	0.3125000
NODE_3598_length_1235_cov_20.252641	741	821	5	44	80	0.5500000
NODE_3598_length_1235_cov_20.252641	741	821	6	26	80	0.3250000
NODE_3598_length_1235_cov_20.252641	741	821	7	10	80	0.1250000
NODE_3599_length_1235_cov_18.462148	695	775	3	40	80	0.5000000
NODE_3599_length_1235_cov_18.462148	695	775	4	18	80	0.2250000
NODE_3599_length_1235_cov_18.462148	695	775	5	22	80	0.2750000
NODE_3599_length_1235_cov_18.462148	748	828	2	3	80	0.0375000
NODE_3599_length_1235_cov_18.462148	748	828	3	3	80	0.0375000
NODE_3599_length_1235_cov_18.462148	748	828	4	5	80	0.0625000
NODE_3599_length_1235_cov_18.462148	748	828	5	69	80	0.8625000
NODE_3600_length_1235_cov_8.696303	765	845	0	32	80	0.4000000
NODE_3600_length_1235_cov_8.696303	765	845	2	48	80	0.6000000
NODE_3600_length_1235_cov_8.696303	818	898	2	80	80	1.0000000
NODE_3601_length_1235_cov_5.580106	544	624	0	1	80	0.0125000
NODE_3601_length_1235_cov_5.580106	544	624	2	52	80	0.6500000
NODE_3601_length_1235_cov_5.580106	544	624	3	27	80	0.3375000
NODE_3601_length_1235_cov_5.580106	597	677	3	80	80	1.0000000
NODE_3608_length_1234_cov_27.136564	528	608	6	6	80	0.0750000
NODE_3608_length_1234_cov_27.136564	528	608	7	3	80	0.0375000
NODE_3608_length_1234_cov_27.136564	528	608	10	2	80	0.0250000
NODE_3608_length_1234_cov_27.136564	528	608	11	6	80	0.0750000
NODE_3608_length_1234_cov_27.136564	528	608	12	2	80	0.0250000
NODE_3608_length_1234_cov_27.136564	528	608	16	3	80	0.0375000
NODE_3608_length_1234_cov_27.136564	528	608	17	2	80	0.0250000
NODE_3608_length_1234_cov_27.136564	528	608	18	12	80	0.1500000
NODE_3608_length_1234_cov_27.136564	528	608	20	4	80	0.0500000
NODE_3608_length_1234_cov_27.136564	528	608	21	6	80	0.0750000
NODE_3608_length_1234_cov_27.136564	528	608	22	12	80	0.1500000
NODE_3608_length_1234_cov_27.136564	528	608	23	7	80	0.0875000
NODE_3608_length_1234_cov_27.136564	528	608	24	3	80	0.0375000
NODE_3608_length_1234_cov_27.136564	528	608	26	12	80	0.1500000
NODE_3608_length_1234_cov_27.136564	581	661	20	5	80	0.0625000
NODE_3608_length_1234_cov_27.136564	581	661	21	15	80	0.1875000
NODE_3608_length_1234_cov_27.136564	581	661	22	5	80	0.0625000
NODE_3608_length_1234_cov_27.136564	581	661	23	7	80	0.0875000
NODE_3608_length_1234_cov_27.136564	581	661	24	3	80	0.0375000
NODE_3608_length_1234_cov_27.136564	581	661	26	16	80	0.2000000
NODE_3608_length_1234_cov_27.136564	581	661	27	19	80	0.2375000
NODE_3608_length_1234_cov_27.136564	581	661	28	8	80	0.1000000
NODE_3608_length_1234_cov_27.136564	581	661	29	2	80	0.0250000
NODE_3611_length_1233_cov_64.374780	497	577	1	3	80	0.0375000
NODE_3611_length_1233_cov_64.374780	497	577	2	6	80	0.0750000
NODE_3611_length_1233_cov_64.374780	497	577	4	9	80	0.1125000
NODE_3611_length_1233_cov_64.374780	497	577	5	2	80	0.0250000
NODE_3611_length_1233_cov_64.374780	497	577	6	5	80	0.0625000
NODE_3611_length_1233_cov_64.374780	497	577	8	12	80	0.1500000
NODE_3611_length_1233_cov_64.374780	497	577	9	1	80	0.0125000
NODE_3611_length_1233_cov_64.374780	497	577	10	15	80	0.1875000
NODE_3611_length_1233_cov_64.374780	497	577	12	21	80	0.2625000
NODE_3611_length_1233_cov_64.374780	497	577	13	6	80	0.0750000
NODE_3611_length_1233_cov_64.374780	550	630	12	21	80	0.2625000
NODE_3611_length_1233_cov_64.374780	550	630	13	11	80	0.1375000
NODE_3611_length_1233_cov_64.374780	550	630	14	23	80	0.2875000
NODE_3611_length_1233_cov_64.374780	550	630	15	2	80	0.0250000
NODE_3611_length_1233_cov_64.374780	550	630	17	14	80	0.1750000
NODE_3611_length_1233_cov_64.374780	550	630	18	9	80	0.1125000
NODE_3611_length_1233_cov_64.374780	626	706	11	1	80	0.0125000
NODE_3611_length_1233_cov_64.374780	626	706	12	11	80	0.1375000
NODE_3611_length_1233_cov_64.374780	626	706	13	12	80	0.1500000
NODE_3611_length_1233_cov_64.374780	626	706	14	18	80	0.2250000
NODE_3611_length_1233_cov_64.374780	626	706	15	2	80	0.0250000
NODE_3611_length_1233_cov_64.374780	626	706	16	1	80	0.0125000
NODE_3611_length_1233_cov_64.374780	626	706	17	24	80	0.3000000
NODE_3611_length_1233_cov_64.374780	626	706	18	11	80	0.1375000
NODE_3611_length_1233_cov_64.374780	679	759	8	23	80	0.2875000
NODE_3611_length_1233_cov_64.374780	679	759	9	12	80	0.1500000
NODE_3611_length_1233_cov_64.374780	679	759	10	5	80	0.0625000
NODE_3611_length_1233_cov_64.374780	679	759	11	1	80	0.0125000
NODE_3611_length_1233_cov_64.374780	679	759	12	24	80	0.3000000
NODE_3611_length_1233_cov_64.374780	679	759	13	8	80	0.1000000
NODE_3611_length_1233_cov_64.374780	679	759	14	7	80	0.0875000
NODE_3612_length_1233_cov_52.833333	654	734	6	21	80	0.2625000
NODE_3612_length_1233_cov_52.833333	654	734	7	22	80	0.2750000
NODE_3612_length_1233_cov_52.833333	654	734	8	14	80	0.1750000
NODE_3612_length_1233_cov_52.833333	654	734	9	15	80	0.1875000
NODE_3612_length_1233_cov_52.833333	654	734	10	2	80	0.0250000
NODE_3612_length_1233_cov_52.833333	654	734	11	2	80	0.0250000
NODE_3612_length_1233_cov_52.833333	654	734	12	4	80	0.0500000
NODE_3612_length_1233_cov_52.833333	707	787	7	9	80	0.1125000
NODE_3612_length_1233_cov_52.833333	707	787	8	4	80	0.0500000
NODE_3612_length_1233_cov_52.833333	707	787	9	6	80	0.0750000
NODE_3612_length_1233_cov_52.833333	707	787	10	5	80	0.0625000
NODE_3612_length_1233_cov_52.833333	707	787	11	2	80	0.0250000
NODE_3612_length_1233_cov_52.833333	707	787	12	23	80	0.2875000
NODE_3612_length_1233_cov_52.833333	707	787	13	31	80	0.3875000
NODE_3613_length_1233_cov_18.096120	522	602	0	3	80	0.0375000
NODE_3613_length_1233_cov_18.096120	522	602	1	50	80	0.6250000
NODE_3613_length_1233_cov_18.096120	522	602	2	27	80	0.3375000
NODE_3613_length_1233_cov_18.096120	575	655	0	56	80	0.7000000
NODE_3613_length_1233_cov_18.096120	575	655	1	24	80	0.3000000
NODE_3613_length_1233_cov_18.096120	651	731	0	80	80	1.0000000
NODE_3613_length_1233_cov_18.096120	704	784	0	80	80	1.0000000
NODE_3614_length_1233_cov_15.360670	585	656	3	18	71	0.2535211
NODE_3614_length_1233_cov_15.360670	585	656	5	8	71	0.1126761
NODE_3614_length_1233_cov_15.360670	585	656	6	1	71	0.0140845
NODE_3614_length_1233_cov_15.360670	585	656	7	44	71	0.6197183
NODE_3614_length_1233_cov_15.360670	631	709	4	5	78	0.0641026
NODE_3614_length_1233_cov_15.360670	631	709	6	22	78	0.2820513
NODE_3614_length_1233_cov_15.360670	631	709	7	51	78	0.6538461
NODE_3620_length_1232_cov_62.112974	552	632	19	2	80	0.0250000
NODE_3620_length_1232_cov_62.112974	552	632	20	1	80	0.0125000
NODE_3620_length_1232_cov_62.112974	552	632	21	19	80	0.2375000
NODE_3620_length_1232_cov_62.112974	552	632	22	5	80	0.0625000
NODE_3620_length_1232_cov_62.112974	552	632	23	9	80	0.1125000
NODE_3620_length_1232_cov_62.112974	552	632	24	36	80	0.4500000
NODE_3620_length_1232_cov_62.112974	552	632	25	8	80	0.1000000
NODE_3620_length_1232_cov_62.112974	605	694	20	10	89	0.1123596
NODE_3620_length_1232_cov_62.112974	605	694	21	6	89	0.0674157
NODE_3620_length_1232_cov_62.112974	605	694	22	4	89	0.0449438
NODE_3620_length_1232_cov_62.112974	605	694	23	6	89	0.0674157
NODE_3620_length_1232_cov_62.112974	605	694	24	14	89	0.1573034
NODE_3620_length_1232_cov_62.112974	605	694	25	19	89	0.2134831
NODE_3620_length_1232_cov_62.112974	605	694	26	22	89	0.2471910
NODE_3620_length_1232_cov_62.112974	605	694	27	8	89	0.0898876
NODE_3620_length_1232_cov_62.112974	690	770	13	20	80	0.2500000
NODE_3620_length_1232_cov_62.112974	690	770	14	24	80	0.3000000
NODE_3620_length_1232_cov_62.112974	690	770	15	10	80	0.1250000
NODE_3620_length_1232_cov_62.112974	690	770	16	10	80	0.1250000
NODE_3620_length_1232_cov_62.112974	690	770	17	1	80	0.0125000
NODE_3620_length_1232_cov_62.112974	690	770	18	3	80	0.0375000
NODE_3620_length_1232_cov_62.112974	690	770	20	12	80	0.1500000
NODE_3620_length_1232_cov_62.112974	743	823	4	2	80	0.0250000
NODE_3620_length_1232_cov_62.112974	743	823	5	13	80	0.1625000
NODE_3620_length_1232_cov_62.112974	743	823	6	15	80	0.1875000
NODE_3620_length_1232_cov_62.112974	743	823	7	3	80	0.0375000
NODE_3620_length_1232_cov_62.112974	743	823	9	2	80	0.0250000
NODE_3620_length_1232_cov_62.112974	743	823	11	1	80	0.0125000
NODE_3620_length_1232_cov_62.112974	743	823	13	29	80	0.3625000
NODE_3620_length_1232_cov_62.112974	743	823	15	12	80	0.1500000
NODE_3620_length_1232_cov_62.112974	743	823	16	3	80	0.0375000
NODE_3621_length_1232_cov_34.635481	469	549	2	2	80	0.0250000
NODE_3621_length_1232_cov_34.635481	469	549	3	16	80	0.2000000
NODE_3621_length_1232_cov_34.635481	469	549	5	5	80	0.0625000
NODE_3621_length_1232_cov_34.635481	469	549	7	3	80	0.0375000
NODE_3621_length_1232_cov_34.635481	469	549	8	7	80	0.0875000
NODE_3621_length_1232_cov_34.635481	469	549	9	7	80	0.0875000
NODE_3621_length_1232_cov_34.635481	469	549	11	5	80	0.0625000
NODE_3621_length_1232_cov_34.635481	469	549	12	19	80	0.2375000
NODE_3621_length_1232_cov_34.635481	469	549	13	3	80	0.0375000
NODE_3621_length_1232_cov_34.635481	469	549	14	13	80	0.1625000
NODE_3621_length_1232_cov_34.635481	522	602	11	3	80	0.0375000
NODE_3621_length_1232_cov_34.635481	522	602	12	11	80	0.1375000
NODE_3621_length_1232_cov_34.635481	522	602	13	9	80	0.1125000
NODE_3621_length_1232_cov_34.635481	522	602	14	43	80	0.5375000
NODE_3621_length_1232_cov_34.635481	522	602	15	14	80	0.1750000
NODE_3622_length_1232_cov_16.362754	774	854	1	80	80	1.0000000
NODE_3622_length_1232_cov_16.362754	827	907	0	18	80	0.2250000
NODE_3622_length_1232_cov_16.362754	827	907	1	62	80	0.7750000
NODE_3623_length_1232_cov_13.395410	234	315	0	81	81	1.0000000
NODE_3623_length_1232_cov_13.395410	287	368	0	81	81	1.0000000
NODE_3623_length_1232_cov_13.395410	364	444	0	80	80	1.0000000
NODE_3623_length_1232_cov_13.395410	417	497	0	80	80	1.0000000
NODE_3625_length_1231_cov_47.606890	509	589	2	42	80	0.5250000
NODE_3625_length_1231_cov_47.606890	509	589	4	38	80	0.4750000
NODE_3625_length_1231_cov_47.606890	562	642	2	7	80	0.0875000
NODE_3625_length_1231_cov_47.606890	562	642	3	23	80	0.2875000
NODE_3625_length_1231_cov_47.606890	562	642	4	50	80	0.6250000
NODE_3625_length_1231_cov_47.606890	638	718	4	12	80	0.1500000
NODE_3625_length_1231_cov_47.606890	638	718	5	41	80	0.5125000
NODE_3625_length_1231_cov_47.606890	638	718	6	4	80	0.0500000
NODE_3625_length_1231_cov_47.606890	638	718	7	23	80	0.2875000
NODE_3625_length_1231_cov_47.606890	691	771	3	33	80	0.4125000
NODE_3625_length_1231_cov_47.606890	691	771	4	5	80	0.0625000
NODE_3625_length_1231_cov_47.606890	691	771	5	42	80	0.5250000
NODE_3626_length_1231_cov_27.498233	698	777	3	8	79	0.1012658
NODE_3626_length_1231_cov_27.498233	698	777	4	57	79	0.7215190
NODE_3626_length_1231_cov_27.498233	698	777	5	14	79	0.1772152
NODE_3626_length_1231_cov_27.498233	750	830	1	3	80	0.0375000
NODE_3626_length_1231_cov_27.498233	750	830	2	10	80	0.1250000
NODE_3626_length_1231_cov_27.498233	750	830	3	48	80	0.6000000
NODE_3626_length_1231_cov_27.498233	750	830	4	19	80	0.2375000
NODE_3627_length_1231_cov_21.245583	673	753	3	13	80	0.1625000
NODE_3627_length_1231_cov_21.245583	673	753	4	67	80	0.8375000
NODE_3627_length_1231_cov_21.245583	726	806	2	28	80	0.3500000
NODE_3627_length_1231_cov_21.245583	726	806	3	7	80	0.0875000
NODE_3627_length_1231_cov_21.245583	726	806	4	45	80	0.5625000
NODE_3627_length_1231_cov_21.245583	802	882	0	46	80	0.5750000
NODE_3627_length_1231_cov_21.245583	802	882	1	28	80	0.3500000
NODE_3627_length_1231_cov_21.245583	802	882	2	6	80	0.0750000
NODE_3627_length_1231_cov_21.245583	860	935	0	75	75	1.0000000
NODE_3628_length_1231_cov_9.895760	515	595	0	20	80	0.2500000
NODE_3628_length_1231_cov_9.895760	515	595	1	7	80	0.0875000
NODE_3628_length_1231_cov_9.895760	515	595	2	53	80	0.6625000
NODE_3628_length_1231_cov_9.895760	568	648	0	73	80	0.9125000
NODE_3628_length_1231_cov_9.895760	568	648	1	7	80	0.0875000
NODE_3630_length_1230_cov_43.705570	412	492	3	63	80	0.7875000
NODE_3630_length_1230_cov_43.705570	412	492	4	17	80	0.2125000
NODE_3630_length_1230_cov_43.705570	465	545	2	4	80	0.0500000
NODE_3630_length_1230_cov_43.705570	465	545	3	51	80	0.6375000
NODE_3630_length_1230_cov_43.705570	465	545	4	25	80	0.3125000
NODE_3631_length_1230_cov_43.663130	501	581	6	3	80	0.0375000
NODE_3631_length_1230_cov_43.663130	501	581	7	29	80	0.3625000
NODE_3631_length_1230_cov_43.663130	501	581	8	48	80	0.6000000
NODE_3631_length_1230_cov_43.663130	554	634	3	3	80	0.0375000
NODE_3631_length_1230_cov_43.663130	554	634	5	39	80	0.4875000
NODE_3631_length_1230_cov_43.663130	554	634	6	13	80	0.1625000
NODE_3631_length_1230_cov_43.663130	554	634	7	13	80	0.1625000
NODE_3631_length_1230_cov_43.663130	554	634	8	12	80	0.1500000
NODE_3632_length_1230_cov_33.173298	315	395	13	4	80	0.0500000
NODE_3632_length_1230_cov_33.173298	315	395	14	9	80	0.1125000
NODE_3632_length_1230_cov_33.173298	315	395	15	7	80	0.0875000
NODE_3632_length_1230_cov_33.173298	315	395	16	8	80	0.1000000
NODE_3632_length_1230_cov_33.173298	315	395	17	9	80	0.1125000
NODE_3632_length_1230_cov_33.173298	315	395	18	9	80	0.1125000
NODE_3632_length_1230_cov_33.173298	315	395	19	7	80	0.0875000
NODE_3632_length_1230_cov_33.173298	315	395	20	27	80	0.3375000
NODE_3632_length_1230_cov_33.173298	368	448	10	1	80	0.0125000
NODE_3632_length_1230_cov_33.173298	368	448	12	6	80	0.0750000
NODE_3632_length_1230_cov_33.173298	368	448	14	20	80	0.2500000
NODE_3632_length_1230_cov_33.173298	368	448	16	1	80	0.0125000
NODE_3632_length_1230_cov_33.173298	368	448	17	4	80	0.0500000
NODE_3632_length_1230_cov_33.173298	368	448	18	21	80	0.2625000
NODE_3632_length_1230_cov_33.173298	368	448	19	5	80	0.0625000
NODE_3632_length_1230_cov_33.173298	368	448	20	22	80	0.2750000
NODE_3633_length_1230_cov_12.939876	201	281	0	25	80	0.3125000
NODE_3633_length_1230_cov_12.939876	201	281	1	55	80	0.6875000
NODE_3633_length_1230_cov_12.939876	218	273	0	8	55	0.1454545
NODE_3633_length_1230_cov_12.939876	218	273	1	47	55	0.8545455
NODE_3633_length_1230_cov_12.939876	254	334	1	49	80	0.6125000
NODE_3633_length_1230_cov_12.939876	254	334	3	2	80	0.0250000
NODE_3633_length_1230_cov_12.939876	254	334	4	21	80	0.2625000
NODE_3633_length_1230_cov_12.939876	254	334	6	8	80	0.1000000
NODE_3633_length_1230_cov_12.939876	330	410	5	28	80	0.3500000
NODE_3633_length_1230_cov_12.939876	330	410	6	46	80	0.5750000
NODE_3633_length_1230_cov_12.939876	330	410	7	6	80	0.0750000
NODE_3633_length_1230_cov_12.939876	383	463	5	21	80	0.2625000
NODE_3633_length_1230_cov_12.939876	383	463	6	9	80	0.1125000
NODE_3633_length_1230_cov_12.939876	383	463	7	10	80	0.1250000
NODE_3633_length_1230_cov_12.939876	383	463	8	40	80	0.5000000
NODE_3634_length_1230_cov_5.155615	248	328	0	80	80	1.0000000
NODE_3634_length_1230_cov_5.155615	301	381	0	80	80	1.0000000
NODE_3640_length_1229_cov_30.214159	341	421	0	80	80	1.0000000
NODE_3640_length_1229_cov_30.214159	394	474	0	53	80	0.6625000
NODE_3640_length_1229_cov_30.214159	394	474	2	27	80	0.3375000
NODE_3641_length_1229_cov_23.165487	376	456	4	11	80	0.1375000
NODE_3641_length_1229_cov_23.165487	376	456	5	55	80	0.6875000
NODE_3641_length_1229_cov_23.165487	376	456	6	3	80	0.0375000
NODE_3641_length_1229_cov_23.165487	376	456	7	11	80	0.1375000
NODE_3641_length_1229_cov_23.165487	429	509	5	34	80	0.4250000
NODE_3641_length_1229_cov_23.165487	429	509	6	28	80	0.3500000
NODE_3641_length_1229_cov_23.165487	429	509	7	18	80	0.2250000
NODE_3641_length_1229_cov_23.165487	505	585	4	41	80	0.5125000
NODE_3641_length_1229_cov_23.165487	505	585	5	18	80	0.2250000
NODE_3641_length_1229_cov_23.165487	505	585	6	21	80	0.2625000
NODE_3641_length_1229_cov_23.165487	558	638	2	43	80	0.5375000
NODE_3641_length_1229_cov_23.165487	558	638	3	3	80	0.0375000
NODE_3641_length_1229_cov_23.165487	558	638	4	34	80	0.4250000
NODE_3642_length_1229_cov_19.376991	484	564	0	16	80	0.2000000
NODE_3642_length_1229_cov_19.376991	484	564	1	5	80	0.0625000
NODE_3642_length_1229_cov_19.376991	484	564	2	1	80	0.0125000
NODE_3642_length_1229_cov_19.376991	484	564	5	4	80	0.0500000
NODE_3642_length_1229_cov_19.376991	484	564	6	15	80	0.1875000
NODE_3642_length_1229_cov_19.376991	484	564	7	19	80	0.2375000
NODE_3642_length_1229_cov_19.376991	484	564	9	20	80	0.2500000
NODE_3642_length_1229_cov_19.376991	537	614	7	7	77	0.0909091
NODE_3642_length_1229_cov_19.376991	537	614	9	70	77	0.9090909
NODE_3643_length_1229_cov_11.799115	670	748	4	18	78	0.2307692
NODE_3643_length_1229_cov_11.799115	670	748	5	26	78	0.3333333
NODE_3643_length_1229_cov_11.799115	670	748	6	34	78	0.4358974
NODE_3643_length_1229_cov_11.799115	728	801	1	4	73	0.0547945
NODE_3643_length_1229_cov_11.799115	728	801	4	48	73	0.6575342
NODE_3643_length_1229_cov_11.799115	728	801	5	21	73	0.2876712
NODE_3644_length_1229_cov_8.140708	970	1050	0	80	80	1.0000000
NODE_3644_length_1229_cov_8.140708	1023	1103	0	80	80	1.0000000
NODE_3646_length_1229_cov_3.654867	765	840	2	74	75	0.9866667
NODE_3646_length_1229_cov_3.654867	765	840	3	1	75	0.0133333
NODE_3646_length_1229_cov_3.654867	813	893	1	3	80	0.0375000
NODE_3646_length_1229_cov_3.654867	813	893	2	77	80	0.9625000
NODE_3652_length_1229_cov_0.949558	1034	1079	0	45	45	1.0000000
NODE_3652_length_1229_cov_0.949558	1090	1130	0	40	40	1.0000000
NODE_3654_length_1228_cov_22.622675	604	684	1	61	80	0.7625000
NODE_3654_length_1228_cov_22.622675	604	684	2	19	80	0.2375000
NODE_3654_length_1228_cov_22.622675	657	738	1	9	81	0.1111111
NODE_3654_length_1228_cov_22.622675	657	738	2	72	81	0.8888889
NODE_3655_length_1228_cov_17.900797	423	503	0	80	80	1.0000000
NODE_3655_length_1228_cov_17.900797	423	503	0	80	80	1.0000000
NODE_3655_length_1228_cov_17.900797	423	503	0	80	80	1.0000000
NODE_3655_length_1228_cov_17.900797	476	538	0	62	62	1.0000000
NODE_3655_length_1228_cov_17.900797	476	538	0	62	62	1.0000000
NODE_3655_length_1228_cov_17.900797	476	538	0	62	62	1.0000000
NODE_3655_length_1228_cov_17.900797	476	556	0	80	80	1.0000000
NODE_3656_length_1228_cov_14.554473	367	447	0	7	80	0.0875000
NODE_3656_length_1228_cov_14.554473	367	447	1	10	80	0.1250000
NODE_3656_length_1228_cov_14.554473	367	447	3	63	80	0.7875000
NODE_3656_length_1228_cov_14.554473	420	500	2	11	80	0.1375000
NODE_3656_length_1228_cov_14.554473	420	500	3	60	80	0.7500000
NODE_3656_length_1228_cov_14.554473	420	500	4	9	80	0.1125000
NODE_3657_length_1228_cov_10.021258	661	741	0	48	80	0.6000000
NODE_3657_length_1228_cov_10.021258	661	741	1	32	80	0.4000000
NODE_3657_length_1228_cov_10.021258	714	794	1	35	80	0.4375000
NODE_3657_length_1228_cov_10.021258	714	794	2	23	80	0.2875000
NODE_3657_length_1228_cov_10.021258	714	794	3	7	80	0.0875000
NODE_3657_length_1228_cov_10.021258	714	794	4	15	80	0.1875000
NODE_3660_length_1228_cov_3.987600	1139	1219	0	80	80	1.0000000
NODE_3662_length_1227_cov_29.002660	423	503	16	10	80	0.1250000
NODE_3662_length_1227_cov_29.002660	423	503	19	1	80	0.0125000
NODE_3662_length_1227_cov_29.002660	423	503	20	19	80	0.2375000
NODE_3662_length_1227_cov_29.002660	423	503	21	14	80	0.1750000
NODE_3662_length_1227_cov_29.002660	423	503	22	20	80	0.2500000
NODE_3662_length_1227_cov_29.002660	423	503	23	16	80	0.2000000
NODE_3662_length_1227_cov_29.002660	476	556	13	9	80	0.1125000
NODE_3662_length_1227_cov_29.002660	476	556	14	4	80	0.0500000
NODE_3662_length_1227_cov_29.002660	476	556	15	10	80	0.1250000
NODE_3662_length_1227_cov_29.002660	476	556	17	10	80	0.1250000
NODE_3662_length_1227_cov_29.002660	476	556	18	7	80	0.0875000
NODE_3662_length_1227_cov_29.002660	476	556	19	8	80	0.1000000
NODE_3662_length_1227_cov_29.002660	476	556	20	12	80	0.1500000
NODE_3662_length_1227_cov_29.002660	476	556	21	7	80	0.0875000
NODE_3662_length_1227_cov_29.002660	476	556	22	13	80	0.1625000
NODE_3663_length_1227_cov_17.479610	759	839	4	5	80	0.0625000
NODE_3663_length_1227_cov_17.479610	759	839	6	15	80	0.1875000
NODE_3663_length_1227_cov_17.479610	759	839	7	3	80	0.0375000
NODE_3663_length_1227_cov_17.479610	759	839	8	5	80	0.0625000
NODE_3663_length_1227_cov_17.479610	759	839	9	6	80	0.0750000
NODE_3663_length_1227_cov_17.479610	759	839	10	6	80	0.0750000
NODE_3663_length_1227_cov_17.479610	759	839	11	6	80	0.0750000
NODE_3663_length_1227_cov_17.479610	759	839	12	34	80	0.4250000
NODE_3663_length_1227_cov_17.479610	812	892	7	19	80	0.2375000
NODE_3663_length_1227_cov_17.479610	812	892	8	13	80	0.1625000
NODE_3663_length_1227_cov_17.479610	812	892	9	22	80	0.2750000
NODE_3663_length_1227_cov_17.479610	812	892	10	1	80	0.0125000
NODE_3663_length_1227_cov_17.479610	812	892	12	25	80	0.3125000
NODE_3666_length_1227_cov_3.808511	120	186	1	59	66	0.8939394
NODE_3666_length_1227_cov_3.808511	120	186	3	7	66	0.1060606
NODE_3666_length_1227_cov_3.808511	173	239	1	6	66	0.0909091
NODE_3666_length_1227_cov_3.808511	173	239	3	60	66	0.9090909
NODE_3666_length_1227_cov_3.808511	229	299	2	31	70	0.4428571
NODE_3666_length_1227_cov_3.808511	229	299	3	39	70	0.5571429
NODE_3672_length_1226_cov_23.792369	579	659	5	9	80	0.1125000
NODE_3672_length_1226_cov_23.792369	579	659	6	44	80	0.5500000
NODE_3672_length_1226_cov_23.792369	579	659	7	27	80	0.3375000
NODE_3672_length_1226_cov_23.792369	632	712	3	10	80	0.1250000
NODE_3672_length_1226_cov_23.792369	632	712	4	31	80	0.3875000
NODE_3672_length_1226_cov_23.792369	632	712	5	11	80	0.1375000
NODE_3672_length_1226_cov_23.792369	632	712	6	27	80	0.3375000
NODE_3672_length_1226_cov_23.792369	632	712	7	1	80	0.0125000
NODE_3672_length_1226_cov_23.792369	708	788	4	3	80	0.0375000
NODE_3672_length_1226_cov_23.792369	708	788	5	29	80	0.3625000
NODE_3672_length_1226_cov_23.792369	708	788	6	47	80	0.5875000
NODE_3672_length_1226_cov_23.792369	708	788	7	1	80	0.0125000
NODE_3672_length_1226_cov_23.792369	761	839	3	2	78	0.0256410
NODE_3672_length_1226_cov_23.792369	761	839	4	52	78	0.6666667
NODE_3672_length_1226_cov_23.792369	761	839	5	24	78	0.3076923
NODE_3673_length_1226_cov_5.620231	463	543	3	11	80	0.1375000
NODE_3673_length_1226_cov_5.620231	463	543	5	12	80	0.1500000
NODE_3673_length_1226_cov_5.620231	463	543	6	5	80	0.0625000
NODE_3673_length_1226_cov_5.620231	463	543	7	52	80	0.6500000
NODE_3673_length_1226_cov_5.620231	516	596	1	11	80	0.1375000
NODE_3673_length_1226_cov_5.620231	516	596	4	3	80	0.0375000
NODE_3673_length_1226_cov_5.620231	516	596	6	29	80	0.3625000
NODE_3673_length_1226_cov_5.620231	516	596	7	37	80	0.4625000
NODE_3674_length_1226_cov_4.881988	582	662	0	4	80	0.0500000
NODE_3674_length_1226_cov_4.881988	582	662	1	76	80	0.9500000
NODE_3674_length_1226_cov_4.881988	635	715	1	80	80	1.0000000
NODE_3682_length_1225_cov_55.596803	637	717	11	16	80	0.2000000
NODE_3682_length_1225_cov_55.596803	637	717	13	26	80	0.3250000
NODE_3682_length_1225_cov_55.596803	637	717	14	2	80	0.0250000
NODE_3682_length_1225_cov_55.596803	637	717	15	17	80	0.2125000
NODE_3682_length_1225_cov_55.596803	637	717	16	19	80	0.2375000
NODE_3682_length_1225_cov_55.596803	690	770	8	1	80	0.0125000
NODE_3682_length_1225_cov_55.596803	690	770	9	5	80	0.0625000
NODE_3682_length_1225_cov_55.596803	690	770	10	16	80	0.2000000
NODE_3682_length_1225_cov_55.596803	690	770	11	25	80	0.3125000
NODE_3682_length_1225_cov_55.596803	690	770	12	18	80	0.2250000
NODE_3682_length_1225_cov_55.596803	690	770	13	15	80	0.1875000
NODE_3682_length_1225_cov_55.596803	766	846	3	36	80	0.4500000
NODE_3682_length_1225_cov_55.596803	766	846	4	30	80	0.3750000
NODE_3682_length_1225_cov_55.596803	766	846	7	2	80	0.0250000
NODE_3682_length_1225_cov_55.596803	766	846	8	9	80	0.1125000
NODE_3682_length_1225_cov_55.596803	766	846	10	3	80	0.0375000
NODE_3682_length_1225_cov_55.596803	819	899	1	8	80	0.1000000
NODE_3682_length_1225_cov_55.596803	819	899	2	35	80	0.4375000
NODE_3682_length_1225_cov_55.596803	819	899	3	37	80	0.4625000
NODE_3683_length_1225_cov_35.189165	661	742	11	31	81	0.3827161
NODE_3683_length_1225_cov_35.189165	661	742	12	36	81	0.4444444
NODE_3683_length_1225_cov_35.189165	661	742	13	14	81	0.1728395
NODE_3683_length_1225_cov_35.189165	714	795	9	30	81	0.3703704
NODE_3683_length_1225_cov_35.189165	714	795	11	21	81	0.2592593
NODE_3683_length_1225_cov_35.189165	714	795	12	19	81	0.2345679
NODE_3683_length_1225_cov_35.189165	714	795	13	11	81	0.1358025
NODE_3684_length_1225_cov_33.755773	456	535	9	5	79	0.0632911
NODE_3684_length_1225_cov_33.755773	456	535	10	2	79	0.0253165
NODE_3684_length_1225_cov_33.755773	456	535	11	56	79	0.7088608
NODE_3684_length_1225_cov_33.755773	456	535	12	12	79	0.1518987
NODE_3684_length_1225_cov_33.755773	456	535	13	4	79	0.0506329
NODE_3684_length_1225_cov_33.755773	508	588	9	8	80	0.1000000
NODE_3684_length_1225_cov_33.755773	508	588	10	15	80	0.1875000
NODE_3684_length_1225_cov_33.755773	508	588	11	35	80	0.4375000
NODE_3684_length_1225_cov_33.755773	508	588	12	18	80	0.2250000
NODE_3684_length_1225_cov_33.755773	508	588	13	4	80	0.0500000
NODE_3685_length_1225_cov_30.116341	566	646	2	47	80	0.5875000
NODE_3685_length_1225_cov_30.116341	566	646	3	8	80	0.1000000
NODE_3685_length_1225_cov_30.116341	566	646	4	17	80	0.2125000
NODE_3685_length_1225_cov_30.116341	566	646	5	8	80	0.1000000
NODE_3685_length_1225_cov_30.116341	619	699	3	5	80	0.0625000
NODE_3685_length_1225_cov_30.116341	619	699	4	14	80	0.1750000
NODE_3685_length_1225_cov_30.116341	619	699	5	8	80	0.1000000
NODE_3685_length_1225_cov_30.116341	619	699	6	37	80	0.4625000
NODE_3685_length_1225_cov_30.116341	619	699	7	16	80	0.2000000
NODE_3685_length_1225_cov_30.116341	695	775	6	19	80	0.2375000
NODE_3685_length_1225_cov_30.116341	695	775	7	3	80	0.0375000
NODE_3685_length_1225_cov_30.116341	695	775	8	26	80	0.3250000
NODE_3685_length_1225_cov_30.116341	695	775	9	21	80	0.2625000
NODE_3685_length_1225_cov_30.116341	695	775	10	11	80	0.1375000
NODE_3685_length_1225_cov_30.116341	748	828	2	20	80	0.2500000
NODE_3685_length_1225_cov_30.116341	748	828	4	2	80	0.0250000
NODE_3685_length_1225_cov_30.116341	748	828	5	10	80	0.1250000
NODE_3685_length_1225_cov_30.116341	748	828	6	30	80	0.3750000
NODE_3685_length_1225_cov_30.116341	748	828	7	3	80	0.0375000
NODE_3685_length_1225_cov_30.116341	748	828	8	10	80	0.1250000
NODE_3685_length_1225_cov_30.116341	748	828	10	5	80	0.0625000
NODE_3686_length_1225_cov_29.177620	195	275	3	14	80	0.1750000
NODE_3686_length_1225_cov_29.177620	195	275	4	17	80	0.2125000
NODE_3686_length_1225_cov_29.177620	195	275	6	6	80	0.0750000
NODE_3686_length_1225_cov_29.177620	195	275	7	1	80	0.0125000
NODE_3686_length_1225_cov_29.177620	195	275	8	1	80	0.0125000
NODE_3686_length_1225_cov_29.177620	195	275	9	11	80	0.1375000
NODE_3686_length_1225_cov_29.177620	195	275	10	2	80	0.0250000
NODE_3686_length_1225_cov_29.177620	195	275	11	28	80	0.3500000
NODE_3686_length_1225_cov_29.177620	248	328	9	5	80	0.0625000
NODE_3686_length_1225_cov_29.177620	248	328	10	45	80	0.5625000
NODE_3686_length_1225_cov_29.177620	248	328	11	30	80	0.3750000
NODE_3687_length_1225_cov_26.849023	588	668	0	80	80	1.0000000
NODE_3687_length_1225_cov_26.849023	641	721	0	80	80	1.0000000
NODE_3687_length_1225_cov_26.849023	717	797	0	73	80	0.9125000
NODE_3687_length_1225_cov_26.849023	717	797	2	7	80	0.0875000
NODE_3687_length_1225_cov_26.849023	770	850	0	20	80	0.2500000
NODE_3687_length_1225_cov_26.849023	770	850	2	60	80	0.7500000
NODE_3688_length_1225_cov_24.444938	386	466	5	9	80	0.1125000
NODE_3688_length_1225_cov_24.444938	386	466	6	14	80	0.1750000
NODE_3688_length_1225_cov_24.444938	386	466	7	57	80	0.7125000
NODE_3688_length_1225_cov_24.444938	439	519	4	5	80	0.0625000
NODE_3688_length_1225_cov_24.444938	439	519	6	39	80	0.4875000
NODE_3688_length_1225_cov_24.444938	439	519	7	36	80	0.4500000
NODE_3690_length_1225_cov_19.369449	491	571	3	3	80	0.0375000
NODE_3690_length_1225_cov_19.369449	491	571	5	11	80	0.1375000
NODE_3690_length_1225_cov_19.369449	491	571	6	10	80	0.1250000
NODE_3690_length_1225_cov_19.369449	491	571	7	9	80	0.1125000
NODE_3690_length_1225_cov_19.369449	491	571	8	47	80	0.5875000
NODE_3690_length_1225_cov_19.369449	544	624	6	12	80	0.1500000
NODE_3690_length_1225_cov_19.369449	544	624	8	32	80	0.4000000
NODE_3690_length_1225_cov_19.369449	544	624	9	8	80	0.1000000
NODE_3690_length_1225_cov_19.369449	544	624	10	27	80	0.3375000
NODE_3690_length_1225_cov_19.369449	544	624	11	1	80	0.0125000
NODE_3690_length_1225_cov_19.369449	620	700	6	8	80	0.1000000
NODE_3690_length_1225_cov_19.369449	620	700	7	41	80	0.5125000
NODE_3690_length_1225_cov_19.369449	620	700	8	26	80	0.3250000
NODE_3690_length_1225_cov_19.369449	620	700	9	2	80	0.0250000
NODE_3690_length_1225_cov_19.369449	620	700	10	3	80	0.0375000
NODE_3690_length_1225_cov_19.369449	673	753	4	16	80	0.2000000
NODE_3690_length_1225_cov_19.369449	673	753	5	19	80	0.2375000
NODE_3690_length_1225_cov_19.369449	673	753	7	45	80	0.5625000
NODE_3691_length_1225_cov_13.281528	462	542	1	32	80	0.4000000
NODE_3691_length_1225_cov_13.281528	462	542	2	48	80	0.6000000
NODE_3691_length_1225_cov_13.281528	515	595	0	27	80	0.3375000
NODE_3691_length_1225_cov_13.281528	515	595	1	53	80	0.6625000
NODE_3691_length_1225_cov_13.281528	591	671	0	80	80	1.0000000
NODE_3691_length_1225_cov_13.281528	644	724	0	80	80	1.0000000
NODE_3692_length_1225_cov_10.887211	566	646	0	34	80	0.4250000
NODE_3692_length_1225_cov_10.887211	566	646	2	17	80	0.2125000
NODE_3692_length_1225_cov_10.887211	566	646	3	5	80	0.0625000
NODE_3692_length_1225_cov_10.887211	566	646	5	24	80	0.3000000
NODE_3692_length_1225_cov_10.887211	619	699	3	3	80	0.0375000
NODE_3692_length_1225_cov_10.887211	619	699	5	32	80	0.4000000
NODE_3692_length_1225_cov_10.887211	619	699	7	16	80	0.2000000
NODE_3692_length_1225_cov_10.887211	619	699	9	29	80	0.3625000
NODE_3696_length_1224_cov_24.568889	613	693	3	13	80	0.1625000
NODE_3696_length_1224_cov_24.568889	613	693	4	9	80	0.1125000
NODE_3696_length_1224_cov_24.568889	613	693	6	8	80	0.1000000
NODE_3696_length_1224_cov_24.568889	613	693	7	22	80	0.2750000
NODE_3696_length_1224_cov_24.568889	613	693	8	8	80	0.1000000
NODE_3696_length_1224_cov_24.568889	613	693	9	12	80	0.1500000
NODE_3696_length_1224_cov_24.568889	613	693	10	8	80	0.1000000
NODE_3696_length_1224_cov_24.568889	666	746	8	8	80	0.1000000
NODE_3696_length_1224_cov_24.568889	666	746	9	11	80	0.1375000
NODE_3696_length_1224_cov_24.568889	666	746	10	48	80	0.6000000
NODE_3696_length_1224_cov_24.568889	666	746	11	13	80	0.1625000
NODE_3697_length_1224_cov_17.538667	762	842	2	17	80	0.2125000
NODE_3697_length_1224_cov_17.538667	762	842	4	63	80	0.7875000
NODE_3697_length_1224_cov_17.538667	815	895	3	26	80	0.3250000
NODE_3697_length_1224_cov_17.538667	815	895	4	54	80	0.6750000
NODE_3698_length_1224_cov_14.138667	389	469	0	19	80	0.2375000
NODE_3698_length_1224_cov_14.138667	389	469	1	61	80	0.7625000
NODE_3698_length_1224_cov_14.138667	442	522	0	72	80	0.9000000
NODE_3698_length_1224_cov_14.138667	442	522	1	8	80	0.1000000
NODE_3699_length_1224_cov_11.358222	704	784	4	80	80	1.0000000
NODE_3699_length_1224_cov_11.358222	757	837	0	26	80	0.3250000
NODE_3699_length_1224_cov_11.358222	757	837	1	7	80	0.0875000
NODE_3699_length_1224_cov_11.358222	757	837	3	4	80	0.0500000
NODE_3699_length_1224_cov_11.358222	757	837	4	43	80	0.5375000
NODE_3700_length_1224_cov_6.963556	516	581	0	65	65	1.0000000
NODE_3705_length_1223_cov_44.608541	548	630	9	8	82	0.0975610
NODE_3705_length_1223_cov_44.608541	548	630	10	7	82	0.0853659
NODE_3705_length_1223_cov_44.608541	548	630	11	15	82	0.1829268
NODE_3705_length_1223_cov_44.608541	548	630	12	47	82	0.5731707
NODE_3705_length_1223_cov_44.608541	548	630	13	5	82	0.0609756
NODE_3705_length_1223_cov_44.608541	601	683	7	29	82	0.3536585
NODE_3705_length_1223_cov_44.608541	601	683	8	5	82	0.0609756
NODE_3705_length_1223_cov_44.608541	601	683	10	5	82	0.0609756
NODE_3705_length_1223_cov_44.608541	601	683	11	15	82	0.1829268
NODE_3705_length_1223_cov_44.608541	601	683	12	23	82	0.2804878
NODE_3705_length_1223_cov_44.608541	601	683	13	5	82	0.0609756
NODE_3705_length_1223_cov_44.608541	679	759	3	32	80	0.4000000
NODE_3705_length_1223_cov_44.608541	679	759	4	14	80	0.1750000
NODE_3705_length_1223_cov_44.608541	679	759	5	4	80	0.0500000
NODE_3705_length_1223_cov_44.608541	679	759	6	6	80	0.0750000
NODE_3705_length_1223_cov_44.608541	679	759	7	24	80	0.3000000
NODE_3705_length_1223_cov_44.608541	732	812	0	10	80	0.1250000
NODE_3705_length_1223_cov_44.608541	732	812	1	19	80	0.2375000
NODE_3705_length_1223_cov_44.608541	732	812	2	9	80	0.1125000
NODE_3705_length_1223_cov_44.608541	732	812	3	42	80	0.5250000
NODE_3706_length_1223_cov_26.730427	508	588	10	10	80	0.1250000
NODE_3706_length_1223_cov_26.730427	508	588	11	3	80	0.0375000
NODE_3706_length_1223_cov_26.730427	508	588	13	52	80	0.6500000
NODE_3706_length_1223_cov_26.730427	508	588	14	15	80	0.1875000
NODE_3706_length_1223_cov_26.730427	561	641	6	2	80	0.0250000
NODE_3706_length_1223_cov_26.730427	561	641	7	12	80	0.1500000
NODE_3706_length_1223_cov_26.730427	561	641	8	4	80	0.0500000
NODE_3706_length_1223_cov_26.730427	561	641	9	6	80	0.0750000
NODE_3706_length_1223_cov_26.730427	561	641	10	39	80	0.4875000
NODE_3706_length_1223_cov_26.730427	561	641	11	3	80	0.0375000
NODE_3706_length_1223_cov_26.730427	561	641	13	14	80	0.1750000
NODE_3707_length_1223_cov_18.902135	460	540	12	6	80	0.0750000
NODE_3707_length_1223_cov_18.902135	460	540	13	14	80	0.1750000
NODE_3707_length_1223_cov_18.902135	460	540	14	5	80	0.0625000
NODE_3707_length_1223_cov_18.902135	460	540	15	50	80	0.6250000
NODE_3707_length_1223_cov_18.902135	460	540	16	5	80	0.0625000
NODE_3707_length_1223_cov_18.902135	513	593	6	9	80	0.1125000
NODE_3707_length_1223_cov_18.902135	513	593	7	14	80	0.1750000
NODE_3707_length_1223_cov_18.902135	513	593	8	12	80	0.1500000
NODE_3707_length_1223_cov_18.902135	513	593	11	4	80	0.0500000
NODE_3707_length_1223_cov_18.902135	513	593	12	20	80	0.2500000
NODE_3707_length_1223_cov_18.902135	513	593	13	1	80	0.0125000
NODE_3707_length_1223_cov_18.902135	513	593	14	4	80	0.0500000
NODE_3707_length_1223_cov_18.902135	513	593	15	12	80	0.1500000
NODE_3707_length_1223_cov_18.902135	513	593	16	4	80	0.0500000
NODE_3708_length_1223_cov_6.989324	707	778	1	29	71	0.4084507
NODE_3708_length_1223_cov_6.989324	707	778	2	42	71	0.5915493
NODE_3710_length_1223_cov_5.251779	666	746	2	33	80	0.4125000
NODE_3710_length_1223_cov_5.251779	666	746	3	28	80	0.3500000
NODE_3710_length_1223_cov_5.251779	666	746	5	19	80	0.2375000
NODE_3710_length_1223_cov_5.251779	719	799	3	41	80	0.5125000
NODE_3710_length_1223_cov_5.251779	719	799	5	39	80	0.4875000
NODE_3710_length_1223_cov_5.251779	795	875	1	26	80	0.3250000
NODE_3710_length_1223_cov_5.251779	795	875	2	20	80	0.2500000
NODE_3710_length_1223_cov_5.251779	795	875	3	12	80	0.1500000
NODE_3710_length_1223_cov_5.251779	795	875	4	22	80	0.2750000
NODE_3710_length_1223_cov_5.251779	848	928	1	79	80	0.9875000
NODE_3710_length_1223_cov_5.251779	848	928	2	1	80	0.0125000
NODE_3716_length_1222_cov_18.406946	273	353	0	80	80	1.0000000
NODE_3716_length_1222_cov_18.406946	326	406	0	80	80	1.0000000
NODE_3720_length_1221_cov_33.261141	505	577	4	30	72	0.4166667
NODE_3720_length_1221_cov_33.261141	505	577	6	16	72	0.2222222
NODE_3720_length_1221_cov_33.261141	505	577	7	16	72	0.2222222
NODE_3720_length_1221_cov_33.261141	505	577	8	2	72	0.0277778
NODE_3720_length_1221_cov_33.261141	505	577	9	8	72	0.1111111
NODE_3720_length_1221_cov_33.261141	558	637	7	9	79	0.1139240
NODE_3720_length_1221_cov_33.261141	558	637	8	2	79	0.0253165
NODE_3720_length_1221_cov_33.261141	558	637	9	17	79	0.2151899
NODE_3720_length_1221_cov_33.261141	558	637	10	10	79	0.1265823
NODE_3720_length_1221_cov_33.261141	558	637	12	4	79	0.0506329
NODE_3720_length_1221_cov_33.261141	558	637	13	2	79	0.0253165
NODE_3720_length_1221_cov_33.261141	558	637	14	31	79	0.3924051
NODE_3720_length_1221_cov_33.261141	558	637	15	4	79	0.0506329
NODE_3720_length_1221_cov_33.261141	633	713	14	14	80	0.1750000
NODE_3720_length_1221_cov_33.261141	633	713	15	31	80	0.3875000
NODE_3720_length_1221_cov_33.261141	633	713	16	20	80	0.2500000
NODE_3720_length_1221_cov_33.261141	633	713	17	15	80	0.1875000
NODE_3720_length_1221_cov_33.261141	686	766	11	18	80	0.2250000
NODE_3720_length_1221_cov_33.261141	686	766	12	21	80	0.2625000
NODE_3720_length_1221_cov_33.261141	686	766	14	8	80	0.1000000
NODE_3720_length_1221_cov_33.261141	686	766	15	30	80	0.3750000
NODE_3720_length_1221_cov_33.261141	686	766	16	3	80	0.0375000
NODE_3721_length_1221_cov_19.466132	541	621	7	17	80	0.2125000
NODE_3721_length_1221_cov_19.466132	541	621	8	3	80	0.0375000
NODE_3721_length_1221_cov_19.466132	541	621	9	54	80	0.6750000
NODE_3721_length_1221_cov_19.466132	541	621	10	2	80	0.0250000
NODE_3721_length_1221_cov_19.466132	541	621	11	4	80	0.0500000
NODE_3721_length_1221_cov_19.466132	594	674	5	3	80	0.0375000
NODE_3721_length_1221_cov_19.466132	594	674	6	5	80	0.0625000
NODE_3721_length_1221_cov_19.466132	594	674	7	2	80	0.0250000
NODE_3721_length_1221_cov_19.466132	594	674	9	52	80	0.6500000
NODE_3721_length_1221_cov_19.466132	594	674	11	18	80	0.2250000
NODE_3722_length_1221_cov_15.940285	788	868	2	15	80	0.1875000
NODE_3722_length_1221_cov_15.940285	788	868	3	5	80	0.0625000
NODE_3722_length_1221_cov_15.940285	788	868	4	14	80	0.1750000
NODE_3722_length_1221_cov_15.940285	788	868	5	43	80	0.5375000
NODE_3722_length_1221_cov_15.940285	788	868	6	3	80	0.0375000
NODE_3722_length_1221_cov_15.940285	841	921	5	59	80	0.7375000
NODE_3722_length_1221_cov_15.940285	841	921	6	21	80	0.2625000
NODE_3722_length_1221_cov_15.940285	917	997	1	25	80	0.3125000
NODE_3722_length_1221_cov_15.940285	917	997	2	14	80	0.1750000
NODE_3722_length_1221_cov_15.940285	917	997	3	5	80	0.0625000
NODE_3722_length_1221_cov_15.940285	917	997	4	28	80	0.3500000
NODE_3722_length_1221_cov_15.940285	917	997	5	8	80	0.1000000
NODE_3722_length_1221_cov_15.940285	970	1050	0	35	80	0.4375000
NODE_3722_length_1221_cov_15.940285	970	1050	1	43	80	0.5375000
NODE_3722_length_1221_cov_15.940285	970	1050	2	2	80	0.0250000
NODE_3723_length_1221_cov_15.796791	484	564	4	14	80	0.1750000
NODE_3723_length_1221_cov_15.796791	484	564	6	11	80	0.1375000
NODE_3723_length_1221_cov_15.796791	484	564	7	28	80	0.3500000
NODE_3723_length_1221_cov_15.796791	484	564	8	27	80	0.3375000
NODE_3723_length_1221_cov_15.796791	537	617	4	28	80	0.3500000
NODE_3723_length_1221_cov_15.796791	537	617	6	8	80	0.1000000
NODE_3723_length_1221_cov_15.796791	537	617	7	11	80	0.1375000
NODE_3723_length_1221_cov_15.796791	537	617	8	33	80	0.4125000
NODE_3724_length_1221_cov_15.312834	342	415	4	10	73	0.1369863
NODE_3724_length_1221_cov_15.312834	342	415	5	3	73	0.0410959
NODE_3724_length_1221_cov_15.312834	342	415	6	1	73	0.0136986
NODE_3724_length_1221_cov_15.312834	342	415	8	3	73	0.0410959
NODE_3724_length_1221_cov_15.312834	342	415	9	28	73	0.3835616
NODE_3724_length_1221_cov_15.312834	342	415	10	16	73	0.2191781
NODE_3724_length_1221_cov_15.312834	342	415	11	2	73	0.0273973
NODE_3724_length_1221_cov_15.312834	342	415	12	10	73	0.1369863
NODE_3724_length_1221_cov_15.312834	395	474	7	13	79	0.1645570
NODE_3724_length_1221_cov_15.312834	395	474	9	12	79	0.1518987
NODE_3724_length_1221_cov_15.312834	395	474	10	30	79	0.3797468
NODE_3724_length_1221_cov_15.312834	395	474	11	5	79	0.0632911
NODE_3724_length_1221_cov_15.312834	395	474	12	19	79	0.2405063
NODE_3725_length_1221_cov_9.695187	988	1068	3	3	80	0.0375000
NODE_3725_length_1221_cov_9.695187	988	1068	4	4	80	0.0500000
NODE_3725_length_1221_cov_9.695187	988	1068	6	59	80	0.7375000
NODE_3725_length_1221_cov_9.695187	988	1068	8	14	80	0.1750000
NODE_3725_length_1221_cov_9.695187	1041	1100	3	35	59	0.5932204
NODE_3725_length_1221_cov_9.695187	1041	1100	4	4	59	0.0677966
NODE_3725_length_1221_cov_9.695187	1041	1100	6	6	59	0.1016949
NODE_3725_length_1221_cov_9.695187	1041	1100	8	14	59	0.2372881
NODE_3726_length_1221_cov_9.043672	695	775	2	80	80	1.0000000
NODE_3726_length_1221_cov_9.043672	748	828	0	8	80	0.1000000
NODE_3726_length_1221_cov_9.043672	748	828	1	11	80	0.1375000
NODE_3726_length_1221_cov_9.043672	748	828	2	61	80	0.7625000
NODE_3727_length_1221_cov_7.946524	147	227	0	80	80	1.0000000
NODE_3727_length_1221_cov_7.946524	200	280	0	80	80	1.0000000
NODE_3728_length_1221_cov_5.122103	248	328	0	14	80	0.1750000
NODE_3728_length_1221_cov_5.122103	248	328	1	2	80	0.0250000
NODE_3728_length_1221_cov_5.122103	248	328	2	64	80	0.8000000
NODE_3728_length_1221_cov_5.122103	301	381	2	80	80	1.0000000
NODE_3736_length_1220_cov_44.501338	319	399	13	6	80	0.0750000
NODE_3736_length_1220_cov_44.501338	319	399	14	35	80	0.4375000
NODE_3736_length_1220_cov_44.501338	319	399	15	15	80	0.1875000
NODE_3736_length_1220_cov_44.501338	319	399	16	3	80	0.0375000
NODE_3736_length_1220_cov_44.501338	319	399	17	21	80	0.2625000
NODE_3736_length_1220_cov_44.501338	372	452	9	3	80	0.0375000
NODE_3736_length_1220_cov_44.501338	372	452	10	14	80	0.1750000
NODE_3736_length_1220_cov_44.501338	372	452	11	5	80	0.0625000
NODE_3736_length_1220_cov_44.501338	372	452	12	19	80	0.2375000
NODE_3736_length_1220_cov_44.501338	372	452	13	4	80	0.0500000
NODE_3736_length_1220_cov_44.501338	372	452	14	10	80	0.1250000
NODE_3736_length_1220_cov_44.501338	372	452	15	13	80	0.1625000
NODE_3736_length_1220_cov_44.501338	372	452	16	3	80	0.0375000
NODE_3736_length_1220_cov_44.501338	372	452	17	9	80	0.1125000
NODE_3736_length_1220_cov_44.501338	448	528	7	18	80	0.2250000
NODE_3736_length_1220_cov_44.501338	448	528	8	9	80	0.1125000
NODE_3736_length_1220_cov_44.501338	448	528	9	19	80	0.2375000
NODE_3736_length_1220_cov_44.501338	448	528	10	27	80	0.3375000
NODE_3736_length_1220_cov_44.501338	448	528	11	7	80	0.0875000
NODE_3736_length_1220_cov_44.501338	501	581	3	6	80	0.0750000
NODE_3736_length_1220_cov_44.501338	501	581	4	1	80	0.0125000
NODE_3736_length_1220_cov_44.501338	501	581	5	10	80	0.1250000
NODE_3736_length_1220_cov_44.501338	501	581	6	28	80	0.3500000
NODE_3736_length_1220_cov_44.501338	501	581	7	26	80	0.3250000
NODE_3736_length_1220_cov_44.501338	501	581	8	9	80	0.1125000
NODE_3737_length_1220_cov_43.868867	720	800	7	2	80	0.0250000
NODE_3737_length_1220_cov_43.868867	720	800	8	18	80	0.2250000
NODE_3737_length_1220_cov_43.868867	720	800	9	3	80	0.0375000
NODE_3737_length_1220_cov_43.868867	720	800	12	2	80	0.0250000
NODE_3737_length_1220_cov_43.868867	720	800	13	2	80	0.0250000
NODE_3737_length_1220_cov_43.868867	720	800	15	1	80	0.0125000
NODE_3737_length_1220_cov_43.868867	720	800	16	6	80	0.0750000
NODE_3737_length_1220_cov_43.868867	720	800	17	17	80	0.2125000
NODE_3737_length_1220_cov_43.868867	720	800	18	28	80	0.3500000
NODE_3737_length_1220_cov_43.868867	720	800	20	1	80	0.0125000
NODE_3737_length_1220_cov_43.868867	773	853	11	5	80	0.0625000
NODE_3737_length_1220_cov_43.868867	773	853	12	4	80	0.0500000
NODE_3737_length_1220_cov_43.868867	773	853	13	16	80	0.2000000
NODE_3737_length_1220_cov_43.868867	773	853	15	5	80	0.0625000
NODE_3737_length_1220_cov_43.868867	773	853	16	4	80	0.0500000
NODE_3737_length_1220_cov_43.868867	773	853	18	26	80	0.3250000
NODE_3737_length_1220_cov_43.868867	773	853	19	2	80	0.0250000
NODE_3737_length_1220_cov_43.868867	773	853	20	18	80	0.2250000
NODE_3738_length_1220_cov_41.900089	593	673	7	19	80	0.2375000
NODE_3738_length_1220_cov_41.900089	593	673	8	34	80	0.4250000
NODE_3738_length_1220_cov_41.900089	593	673	10	1	80	0.0125000
NODE_3738_length_1220_cov_41.900089	593	673	11	13	80	0.1625000
NODE_3738_length_1220_cov_41.900089	593	673	13	10	80	0.1250000
NODE_3738_length_1220_cov_41.900089	593	673	14	3	80	0.0375000
NODE_3738_length_1220_cov_41.900089	646	726	10	4	80	0.0500000
NODE_3738_length_1220_cov_41.900089	646	726	11	44	80	0.5500000
NODE_3738_length_1220_cov_41.900089	646	726	13	13	80	0.1625000
NODE_3738_length_1220_cov_41.900089	646	726	14	11	80	0.1375000
NODE_3738_length_1220_cov_41.900089	646	726	15	8	80	0.1000000
NODE_3738_length_1220_cov_41.900089	722	802	13	5	80	0.0625000
NODE_3738_length_1220_cov_41.900089	722	802	14	41	80	0.5125000
NODE_3738_length_1220_cov_41.900089	722	802	15	12	80	0.1500000
NODE_3738_length_1220_cov_41.900089	722	802	16	12	80	0.1500000
NODE_3738_length_1220_cov_41.900089	722	802	17	10	80	0.1250000
NODE_3738_length_1220_cov_41.900089	775	855	11	24	80	0.3000000
NODE_3738_length_1220_cov_41.900089	775	855	12	11	80	0.1375000
NODE_3738_length_1220_cov_41.900089	775	855	13	22	80	0.2750000
NODE_3738_length_1220_cov_41.900089	775	855	14	4	80	0.0500000
NODE_3738_length_1220_cov_41.900089	775	855	15	1	80	0.0125000
NODE_3738_length_1220_cov_41.900089	775	855	16	12	80	0.1500000
NODE_3738_length_1220_cov_41.900089	775	855	17	6	80	0.0750000
NODE_3739_length_1220_cov_15.485281	395	475	2	75	80	0.9375000
NODE_3739_length_1220_cov_15.485281	395	475	3	5	80	0.0625000
NODE_3739_length_1220_cov_15.485281	448	528	1	37	80	0.4625000
NODE_3739_length_1220_cov_15.485281	448	528	2	43	80	0.5375000
NODE_3745_length_1219_cov_30.493750	643	723	3	15	80	0.1875000
NODE_3745_length_1219_cov_30.493750	643	723	4	25	80	0.3125000
NODE_3745_length_1219_cov_30.493750	643	723	5	18	80	0.2250000
NODE_3745_length_1219_cov_30.493750	643	723	7	22	80	0.2750000
NODE_3745_length_1219_cov_30.493750	696	776	2	2	80	0.0250000
NODE_3745_length_1219_cov_30.493750	696	776	3	25	80	0.3125000
NODE_3745_length_1219_cov_30.493750	696	776	4	36	80	0.4500000
NODE_3745_length_1219_cov_30.493750	696	776	5	17	80	0.2125000
NODE_3745_length_1219_cov_30.493750	772	852	4	77	80	0.9625000
NODE_3745_length_1219_cov_30.493750	772	852	5	3	80	0.0375000
NODE_3745_length_1219_cov_30.493750	825	905	1	22	80	0.2750000
NODE_3745_length_1219_cov_30.493750	825	905	3	2	80	0.0250000
NODE_3745_length_1219_cov_30.493750	825	905	4	56	80	0.7000000
NODE_3746_length_1219_cov_24.991071	566	646	0	28	80	0.3500000
NODE_3746_length_1219_cov_24.991071	566	646	1	51	80	0.6375000
NODE_3746_length_1219_cov_24.991071	566	646	2	1	80	0.0125000
NODE_3746_length_1219_cov_24.991071	619	699	1	37	80	0.4625000
NODE_3746_length_1219_cov_24.991071	619	699	3	41	80	0.5125000
NODE_3746_length_1219_cov_24.991071	619	699	4	2	80	0.0250000
NODE_3746_length_1219_cov_24.991071	695	775	3	32	80	0.4000000
NODE_3746_length_1219_cov_24.991071	695	775	4	48	80	0.6000000
NODE_3746_length_1219_cov_24.991071	748	828	1	22	80	0.2750000
NODE_3746_length_1219_cov_24.991071	748	828	3	58	80	0.7250000
NODE_3747_length_1219_cov_24.728571	465	545	1	29	80	0.3625000
NODE_3747_length_1219_cov_24.728571	465	545	2	30	80	0.3750000
NODE_3747_length_1219_cov_24.728571	465	545	3	11	80	0.1375000
NODE_3747_length_1219_cov_24.728571	465	545	4	5	80	0.0625000
NODE_3747_length_1219_cov_24.728571	465	545	6	5	80	0.0625000
NODE_3747_length_1219_cov_24.728571	518	598	2	6	80	0.0750000
NODE_3747_length_1219_cov_24.728571	518	598	3	11	80	0.1375000
NODE_3747_length_1219_cov_24.728571	518	598	4	5	80	0.0625000
NODE_3747_length_1219_cov_24.728571	518	598	6	18	80	0.2250000
NODE_3747_length_1219_cov_24.728571	518	598	7	16	80	0.2000000
NODE_3747_length_1219_cov_24.728571	518	598	8	10	80	0.1250000
NODE_3747_length_1219_cov_24.728571	518	598	9	14	80	0.1750000
NODE_3747_length_1219_cov_24.728571	594	674	8	4	80	0.0500000
NODE_3747_length_1219_cov_24.728571	594	674	9	5	80	0.0625000
NODE_3747_length_1219_cov_24.728571	594	674	10	7	80	0.0875000
NODE_3747_length_1219_cov_24.728571	594	674	11	38	80	0.4750000
NODE_3747_length_1219_cov_24.728571	594	674	12	26	80	0.3250000
NODE_3747_length_1219_cov_24.728571	647	727	4	1	80	0.0125000
NODE_3747_length_1219_cov_24.728571	647	727	5	2	80	0.0250000
NODE_3747_length_1219_cov_24.728571	647	727	6	16	80	0.2000000
NODE_3747_length_1219_cov_24.728571	647	727	7	23	80	0.2875000
NODE_3747_length_1219_cov_24.728571	647	727	8	10	80	0.1250000
NODE_3747_length_1219_cov_24.728571	647	727	10	1	80	0.0125000
NODE_3747_length_1219_cov_24.728571	647	727	11	27	80	0.3375000
NODE_3748_length_1219_cov_11.130357	535	615	2	4	80	0.0500000
NODE_3748_length_1219_cov_11.130357	535	615	4	4	80	0.0500000
NODE_3748_length_1219_cov_11.130357	535	615	5	10	80	0.1250000
NODE_3748_length_1219_cov_11.130357	535	615	6	1	80	0.0125000
NODE_3748_length_1219_cov_11.130357	535	615	8	18	80	0.2250000
NODE_3748_length_1219_cov_11.130357	535	615	10	9	80	0.1125000
NODE_3748_length_1219_cov_11.130357	535	615	11	1	80	0.0125000
NODE_3748_length_1219_cov_11.130357	535	615	12	9	80	0.1125000
NODE_3748_length_1219_cov_11.130357	535	615	14	24	80	0.3000000
NODE_3748_length_1219_cov_11.130357	588	668	12	3	80	0.0375000
NODE_3748_length_1219_cov_11.130357	588	668	13	8	80	0.1000000
NODE_3748_length_1219_cov_11.130357	588	668	14	29	80	0.3625000
NODE_3748_length_1219_cov_11.130357	588	668	15	2	80	0.0250000
NODE_3748_length_1219_cov_11.130357	588	668	16	22	80	0.2750000
NODE_3748_length_1219_cov_11.130357	588	668	17	13	80	0.1625000
NODE_3748_length_1219_cov_11.130357	588	668	18	3	80	0.0375000
NODE_3749_length_1219_cov_9.696429	734	814	2	10	80	0.1250000
NODE_3749_length_1219_cov_9.696429	734	814	3	70	80	0.8750000
NODE_3749_length_1219_cov_9.696429	787	867	2	60	80	0.7500000
NODE_3749_length_1219_cov_9.696429	787	867	3	20	80	0.2500000
NODE_3754_length_1218_cov_40.159071	554	634	1	25	80	0.3125000
NODE_3754_length_1218_cov_40.159071	554	634	3	15	80	0.1875000
NODE_3754_length_1218_cov_40.159071	554	634	4	19	80	0.2375000
NODE_3754_length_1218_cov_40.159071	554	634	6	21	80	0.2625000
NODE_3754_length_1218_cov_40.159071	607	687	4	6	80	0.0750000
NODE_3754_length_1218_cov_40.159071	607	687	5	30	80	0.3750000
NODE_3754_length_1218_cov_40.159071	607	687	6	44	80	0.5500000
NODE_3754_length_1218_cov_40.159071	683	763	4	5	80	0.0625000
NODE_3754_length_1218_cov_40.159071	683	763	5	2	80	0.0250000
NODE_3754_length_1218_cov_40.159071	683	763	6	5	80	0.0625000
NODE_3754_length_1218_cov_40.159071	683	763	8	60	80	0.7500000
NODE_3754_length_1218_cov_40.159071	683	763	9	8	80	0.1000000
NODE_3754_length_1218_cov_40.159071	736	816	4	53	80	0.6625000
NODE_3754_length_1218_cov_40.159071	736	816	8	19	80	0.2375000
NODE_3754_length_1218_cov_40.159071	736	816	9	8	80	0.1000000
NODE_3765_length_1216_cov_99.538944	44	124	32	2	80	0.0250000
NODE_3765_length_1216_cov_99.538944	44	124	34	4	80	0.0500000
NODE_3765_length_1216_cov_99.538944	44	124	35	1	80	0.0125000
NODE_3765_length_1216_cov_99.538944	44	124	38	1	80	0.0125000
NODE_3765_length_1216_cov_99.538944	44	124	40	6	80	0.0750000
NODE_3765_length_1216_cov_99.538944	44	124	42	1	80	0.0125000
NODE_3765_length_1216_cov_99.538944	44	124	46	5	80	0.0625000
NODE_3765_length_1216_cov_99.538944	44	124	47	2	80	0.0250000
NODE_3765_length_1216_cov_99.538944	44	124	48	2	80	0.0250000
NODE_3765_length_1216_cov_99.538944	44	124	50	1	80	0.0125000
NODE_3765_length_1216_cov_99.538944	44	124	52	3	80	0.0375000
NODE_3765_length_1216_cov_99.538944	44	124	57	1	80	0.0125000
NODE_3765_length_1216_cov_99.538944	44	124	58	2	80	0.0250000
NODE_3765_length_1216_cov_99.538944	44	124	61	1	80	0.0125000
NODE_3765_length_1216_cov_99.538944	44	124	63	6	80	0.0750000
NODE_3765_length_1216_cov_99.538944	44	124	64	1	80	0.0125000
NODE_3765_length_1216_cov_99.538944	44	124	66	2	80	0.0250000
NODE_3765_length_1216_cov_99.538944	44	124	70	3	80	0.0375000
NODE_3765_length_1216_cov_99.538944	44	124	71	4	80	0.0500000
NODE_3765_length_1216_cov_99.538944	44	124	73	1	80	0.0125000
NODE_3765_length_1216_cov_99.538944	44	124	74	2	80	0.0250000
NODE_3765_length_1216_cov_99.538944	44	124	75	1	80	0.0125000
NODE_3765_length_1216_cov_99.538944	44	124	76	2	80	0.0250000
NODE_3765_length_1216_cov_99.538944	44	124	77	1	80	0.0125000
NODE_3765_length_1216_cov_99.538944	44	124	78	1	80	0.0125000
NODE_3765_length_1216_cov_99.538944	44	124	80	3	80	0.0375000
NODE_3765_length_1216_cov_99.538944	44	124	82	1	80	0.0125000
NODE_3765_length_1216_cov_99.538944	44	124	84	1	80	0.0125000
NODE_3765_length_1216_cov_99.538944	44	124	85	1	80	0.0125000
NODE_3765_length_1216_cov_99.538944	44	124	86	1	80	0.0125000
NODE_3765_length_1216_cov_99.538944	44	124	88	3	80	0.0375000
NODE_3765_length_1216_cov_99.538944	44	124	89	1	80	0.0125000
NODE_3765_length_1216_cov_99.538944	44	124	90	1	80	0.0125000
NODE_3765_length_1216_cov_99.538944	44	124	91	5	80	0.0625000
NODE_3765_length_1216_cov_99.538944	44	124	92	5	80	0.0625000
NODE_3765_length_1216_cov_99.538944	44	124	93	2	80	0.0250000
NODE_3765_length_1216_cov_99.538944	97	157	76	1	60	0.0166667
NODE_3765_length_1216_cov_99.538944	97	157	77	1	60	0.0166667
NODE_3765_length_1216_cov_99.538944	97	157	78	1	60	0.0166667
NODE_3765_length_1216_cov_99.538944	97	157	80	3	60	0.0500000
NODE_3765_length_1216_cov_99.538944	97	157	82	1	60	0.0166667
NODE_3765_length_1216_cov_99.538944	97	157	84	1	60	0.0166667
NODE_3765_length_1216_cov_99.538944	97	157	85	1	60	0.0166667
NODE_3765_length_1216_cov_99.538944	97	157	86	1	60	0.0166667
NODE_3765_length_1216_cov_99.538944	97	157	88	3	60	0.0500000
NODE_3765_length_1216_cov_99.538944	97	157	89	1	60	0.0166667
NODE_3765_length_1216_cov_99.538944	97	157	90	1	60	0.0166667
NODE_3765_length_1216_cov_99.538944	97	157	91	5	60	0.0833333
NODE_3765_length_1216_cov_99.538944	97	157	92	5	60	0.0833333
NODE_3765_length_1216_cov_99.538944	97	157	93	3	60	0.0500000
NODE_3765_length_1216_cov_99.538944	97	157	94	4	60	0.0666667
NODE_3765_length_1216_cov_99.538944	97	157	95	5	60	0.0833333
NODE_3765_length_1216_cov_99.538944	97	157	96	3	60	0.0500000
NODE_3765_length_1216_cov_99.538944	97	157	98	2	60	0.0333333
NODE_3765_length_1216_cov_99.538944	97	157	99	6	60	0.1000000
NODE_3765_length_1216_cov_99.538944	97	157	100	3	60	0.0500000
NODE_3765_length_1216_cov_99.538944	97	157	101	3	60	0.0500000
NODE_3765_length_1216_cov_99.538944	97	157	102	3	60	0.0500000
NODE_3765_length_1216_cov_99.538944	97	157	103	2	60	0.0333333
NODE_3765_length_1216_cov_99.538944	97	157	104	1	60	0.0166667
NODE_3765_length_1216_cov_99.538944	824	903	49	1	79	0.0126582
NODE_3765_length_1216_cov_99.538944	824	903	50	2	79	0.0253165
NODE_3765_length_1216_cov_99.538944	824	903	51	2	79	0.0253165
NODE_3765_length_1216_cov_99.538944	824	903	52	9	79	0.1139240
NODE_3765_length_1216_cov_99.538944	824	903	53	3	79	0.0379747
NODE_3765_length_1216_cov_99.538944	824	903	54	2	79	0.0253165
NODE_3765_length_1216_cov_99.538944	824	903	56	2	79	0.0253165
NODE_3765_length_1216_cov_99.538944	824	903	57	1	79	0.0126582
NODE_3765_length_1216_cov_99.538944	824	903	61	1	79	0.0126582
NODE_3765_length_1216_cov_99.538944	824	903	62	2	79	0.0253165
NODE_3765_length_1216_cov_99.538944	824	903	63	3	79	0.0379747
NODE_3765_length_1216_cov_99.538944	824	903	64	4	79	0.0506329
NODE_3765_length_1216_cov_99.538944	824	903	65	4	79	0.0506329
NODE_3765_length_1216_cov_99.538944	824	903	68	1	79	0.0126582
NODE_3765_length_1216_cov_99.538944	824	903	70	3	79	0.0379747
NODE_3765_length_1216_cov_99.538944	824	903	71	1	79	0.0126582
NODE_3765_length_1216_cov_99.538944	824	903	72	1	79	0.0126582
NODE_3765_length_1216_cov_99.538944	824	903	73	1	79	0.0126582
NODE_3765_length_1216_cov_99.538944	824	903	74	2	79	0.0253165
NODE_3765_length_1216_cov_99.538944	824	903	75	2	79	0.0253165
NODE_3765_length_1216_cov_99.538944	824	903	76	2	79	0.0253165
NODE_3765_length_1216_cov_99.538944	824	903	77	3	79	0.0379747
NODE_3765_length_1216_cov_99.538944	824	903	78	3	79	0.0379747
NODE_3765_length_1216_cov_99.538944	824	903	79	1	79	0.0126582
NODE_3765_length_1216_cov_99.538944	824	903	80	6	79	0.0759494
NODE_3765_length_1216_cov_99.538944	824	903	81	5	79	0.0632911
NODE_3765_length_1216_cov_99.538944	824	903	83	1	79	0.0126582
NODE_3765_length_1216_cov_99.538944	824	903	84	3	79	0.0379747
NODE_3765_length_1216_cov_99.538944	824	903	86	2	79	0.0253165
NODE_3765_length_1216_cov_99.538944	824	903	87	6	79	0.0759494
NODE_3766_length_1216_cov_15.855864	668	748	1	8	80	0.1000000
NODE_3766_length_1216_cov_15.855864	668	748	2	37	80	0.4625000
NODE_3766_length_1216_cov_15.855864	668	748	3	30	80	0.3750000
NODE_3766_length_1216_cov_15.855864	668	748	4	5	80	0.0625000
NODE_3766_length_1216_cov_15.855864	721	801	3	71	80	0.8875000
NODE_3766_length_1216_cov_15.855864	721	801	4	9	80	0.1125000
NODE_3767_length_1216_cov_4.128917	720	800	0	80	80	1.0000000
NODE_3767_length_1216_cov_4.128917	773	853	0	80	80	1.0000000
NODE_3774_length_1215_cov_32.293011	411	491	3	62	80	0.7750000
NODE_3774_length_1215_cov_32.293011	411	491	5	18	80	0.2250000
NODE_3774_length_1215_cov_32.293011	464	544	2	39	80	0.4875000
NODE_3774_length_1215_cov_32.293011	464	544	3	23	80	0.2875000
NODE_3774_length_1215_cov_32.293011	464	544	5	18	80	0.2250000
NODE_3775_length_1215_cov_24.177419	729	809	1	37	80	0.4625000
NODE_3775_length_1215_cov_24.177419	729	809	2	43	80	0.5375000
NODE_3775_length_1215_cov_24.177419	782	862	1	31	80	0.3875000
NODE_3775_length_1215_cov_24.177419	782	862	2	49	80	0.6125000
NODE_3776_length_1215_cov_21.566308	645	725	5	39	80	0.4875000
NODE_3776_length_1215_cov_21.566308	645	725	6	15	80	0.1875000
NODE_3776_length_1215_cov_21.566308	645	725	7	26	80	0.3250000
NODE_3776_length_1215_cov_21.566308	698	778	3	16	80	0.2000000
NODE_3776_length_1215_cov_21.566308	698	778	4	12	80	0.1500000
NODE_3776_length_1215_cov_21.566308	698	778	5	17	80	0.2125000
NODE_3776_length_1215_cov_21.566308	698	778	6	7	80	0.0875000
NODE_3776_length_1215_cov_21.566308	698	778	7	28	80	0.3500000
NODE_3777_length_1215_cov_19.278674	630	710	15	11	80	0.1375000
NODE_3777_length_1215_cov_19.278674	630	710	18	7	80	0.0875000
NODE_3777_length_1215_cov_19.278674	630	710	19	17	80	0.2125000
NODE_3777_length_1215_cov_19.278674	630	710	20	22	80	0.2750000
NODE_3777_length_1215_cov_19.278674	630	710	21	23	80	0.2875000
NODE_3777_length_1215_cov_19.278674	683	763	2	18	80	0.2250000
NODE_3777_length_1215_cov_19.278674	683	763	5	11	80	0.1375000
NODE_3777_length_1215_cov_19.278674	683	763	7	3	80	0.0375000
NODE_3777_length_1215_cov_19.278674	683	763	8	1	80	0.0125000
NODE_3777_length_1215_cov_19.278674	683	763	10	6	80	0.0750000
NODE_3777_length_1215_cov_19.278674	683	763	11	1	80	0.0125000
NODE_3777_length_1215_cov_19.278674	683	763	12	1	80	0.0125000
NODE_3777_length_1215_cov_19.278674	683	763	13	8	80	0.1000000
NODE_3777_length_1215_cov_19.278674	683	763	15	15	80	0.1875000
NODE_3777_length_1215_cov_19.278674	683	763	18	1	80	0.0125000
NODE_3777_length_1215_cov_19.278674	683	763	19	2	80	0.0250000
NODE_3777_length_1215_cov_19.278674	683	763	21	13	80	0.1625000
NODE_3778_length_1215_cov_15.074373	664	744	3	18	80	0.2250000
NODE_3778_length_1215_cov_15.074373	664	744	5	62	80	0.7750000
NODE_3778_length_1215_cov_15.074373	717	797	0	36	80	0.4500000
NODE_3778_length_1215_cov_15.074373	717	797	1	4	80	0.0500000
NODE_3778_length_1215_cov_15.074373	717	797	3	31	80	0.3875000
NODE_3778_length_1215_cov_15.074373	717	797	5	9	80	0.1125000
NODE_3779_length_1215_cov_5.932796	507	587	2	80	80	1.0000000
NODE_3779_length_1215_cov_5.932796	560	640	1	40	80	0.5000000
NODE_3779_length_1215_cov_5.932796	560	640	2	40	80	0.5000000
NODE_3787_length_1214_cov_26.771300	420	500	15	8	80	0.1000000
NODE_3787_length_1214_cov_26.771300	420	500	16	5	80	0.0625000
NODE_3787_length_1214_cov_26.771300	420	500	19	10	80	0.1250000
NODE_3787_length_1214_cov_26.771300	420	500	20	17	80	0.2125000
NODE_3787_length_1214_cov_26.771300	420	500	21	20	80	0.2500000
NODE_3787_length_1214_cov_26.771300	420	500	22	11	80	0.1375000
NODE_3787_length_1214_cov_26.771300	420	500	23	9	80	0.1125000
NODE_3787_length_1214_cov_26.771300	473	553	10	4	80	0.0500000
NODE_3787_length_1214_cov_26.771300	473	553	11	10	80	0.1250000
NODE_3787_length_1214_cov_26.771300	473	553	12	8	80	0.1000000
NODE_3787_length_1214_cov_26.771300	473	553	13	10	80	0.1250000
NODE_3787_length_1214_cov_26.771300	473	553	14	18	80	0.2250000
NODE_3787_length_1214_cov_26.771300	473	553	15	11	80	0.1375000
NODE_3787_length_1214_cov_26.771300	473	553	16	5	80	0.0625000
NODE_3787_length_1214_cov_26.771300	473	553	19	1	80	0.0125000
NODE_3787_length_1214_cov_26.771300	473	553	20	9	80	0.1125000
NODE_3787_length_1214_cov_26.771300	473	553	21	1	80	0.0125000
NODE_3787_length_1214_cov_26.771300	473	553	22	3	80	0.0375000
NODE_3788_length_1214_cov_24.555157	480	560	11	58	80	0.7250000
NODE_3788_length_1214_cov_24.555157	480	560	12	22	80	0.2750000
NODE_3788_length_1214_cov_24.555157	533	613	2	8	80	0.1000000
NODE_3788_length_1214_cov_24.555157	533	613	3	2	80	0.0250000
NODE_3788_length_1214_cov_24.555157	533	613	4	5	80	0.0625000
NODE_3788_length_1214_cov_24.555157	533	613	5	4	80	0.0500000
NODE_3788_length_1214_cov_24.555157	533	613	6	3	80	0.0375000
NODE_3788_length_1214_cov_24.555157	533	613	7	3	80	0.0375000
NODE_3788_length_1214_cov_24.555157	533	613	8	4	80	0.0500000
NODE_3788_length_1214_cov_24.555157	533	613	9	1	80	0.0125000
NODE_3788_length_1214_cov_24.555157	533	613	10	4	80	0.0500000
NODE_3788_length_1214_cov_24.555157	533	613	11	31	80	0.3875000
NODE_3788_length_1214_cov_24.555157	533	613	12	15	80	0.1875000
NODE_3789_length_1214_cov_23.167713	623	703	0	80	80	1.0000000
NODE_3789_length_1214_cov_23.167713	676	756	0	80	80	1.0000000
NODE_3790_length_1214_cov_18.452915	555	635	0	18	80	0.2250000
NODE_3790_length_1214_cov_18.452915	555	635	1	2	80	0.0250000
NODE_3790_length_1214_cov_18.452915	555	635	3	60	80	0.7500000
NODE_3790_length_1214_cov_18.452915	608	688	0	71	80	0.8875000
NODE_3790_length_1214_cov_18.452915	608	688	1	2	80	0.0250000
NODE_3790_length_1214_cov_18.452915	608	688	3	7	80	0.0875000
NODE_3790_length_1214_cov_18.452915	684	764	0	26	80	0.3250000
NODE_3790_length_1214_cov_18.452915	684	764	1	53	80	0.6625000
NODE_3790_length_1214_cov_18.452915	684	764	2	1	80	0.0125000
NODE_3790_length_1214_cov_18.452915	737	817	1	26	80	0.3250000
NODE_3790_length_1214_cov_18.452915	737	817	2	52	80	0.6500000
NODE_3790_length_1214_cov_18.452915	737	817	3	2	80	0.0250000
NODE_3791_length_1214_cov_8.906726	206	286	0	50	80	0.6250000
NODE_3791_length_1214_cov_8.906726	206	286	2	30	80	0.3750000
NODE_3791_length_1214_cov_8.906726	259	339	2	80	80	1.0000000
NODE_3792_length_1214_cov_3.686996	415	495	0	80	80	1.0000000
NODE_3792_length_1214_cov_3.686996	468	548	0	73	80	0.9125000
NODE_3792_length_1214_cov_3.686996	468	548	2	7	80	0.0875000
NODE_3799_length_1214_cov_0.967713	1049	1129	38	1	80	0.0125000
NODE_3799_length_1214_cov_0.967713	1049	1129	39	2	80	0.0250000
NODE_3799_length_1214_cov_0.967713	1049	1129	45	11	80	0.1375000
NODE_3799_length_1214_cov_0.967713	1049	1129	46	3	80	0.0375000
NODE_3799_length_1214_cov_0.967713	1049	1129	49	23	80	0.2875000
NODE_3799_length_1214_cov_0.967713	1049	1129	50	7	80	0.0875000
NODE_3799_length_1214_cov_0.967713	1049	1129	53	15	80	0.1875000
NODE_3799_length_1214_cov_0.967713	1049	1129	55	6	80	0.0750000
NODE_3799_length_1214_cov_0.967713	1049	1129	57	12	80	0.1500000
NODE_3800_length_1213_cov_19.524237	499	579	1	4	80	0.0500000
NODE_3800_length_1213_cov_19.524237	499	579	3	6	80	0.0750000
NODE_3800_length_1213_cov_19.524237	499	579	4	9	80	0.1125000
NODE_3800_length_1213_cov_19.524237	499	579	5	54	80	0.6750000
NODE_3800_length_1213_cov_19.524237	499	579	6	7	80	0.0875000
NODE_3800_length_1213_cov_19.524237	552	632	4	26	80	0.3250000
NODE_3800_length_1213_cov_19.524237	552	632	5	25	80	0.3125000
NODE_3800_length_1213_cov_19.524237	552	632	6	29	80	0.3625000
NODE_3806_length_1212_cov_32.663073	688	768	9	28	80	0.3500000
NODE_3806_length_1212_cov_32.663073	688	768	10	44	80	0.5500000
NODE_3806_length_1212_cov_32.663073	688	768	11	8	80	0.1000000
NODE_3806_length_1212_cov_32.663073	741	821	1	19	80	0.2375000
NODE_3806_length_1212_cov_32.663073	741	821	3	2	80	0.0250000
NODE_3806_length_1212_cov_32.663073	741	821	5	7	80	0.0875000
NODE_3806_length_1212_cov_32.663073	741	821	6	8	80	0.1000000
NODE_3806_length_1212_cov_32.663073	741	821	8	10	80	0.1250000
NODE_3806_length_1212_cov_32.663073	741	821	9	18	80	0.2250000
NODE_3806_length_1212_cov_32.663073	741	821	10	16	80	0.2000000
NODE_3807_length_1212_cov_15.981132	33	113	0	3	80	0.0375000
NODE_3807_length_1212_cov_15.981132	33	113	1	77	80	0.9625000
NODE_3807_length_1212_cov_15.981132	511	591	9	7	80	0.0875000
NODE_3807_length_1212_cov_15.981132	511	591	10	52	80	0.6500000
NODE_3807_length_1212_cov_15.981132	511	591	11	21	80	0.2625000
NODE_3807_length_1212_cov_15.981132	564	637	5	22	73	0.3013699
NODE_3807_length_1212_cov_15.981132	564	637	6	14	73	0.1917808
NODE_3807_length_1212_cov_15.981132	564	637	8	7	73	0.0958904
NODE_3807_length_1212_cov_15.981132	564	637	9	6	73	0.0821918
NODE_3807_length_1212_cov_15.981132	564	637	10	24	73	0.3287671
NODE_3813_length_1211_cov_30.513489	561	641	8	51	80	0.6375000
NODE_3813_length_1211_cov_30.513489	561	641	9	15	80	0.1875000
NODE_3813_length_1211_cov_30.513489	561	641	10	14	80	0.1750000
NODE_3813_length_1211_cov_30.513489	614	694	5	4	80	0.0500000
NODE_3813_length_1211_cov_30.513489	614	694	6	1	80	0.0125000
NODE_3813_length_1211_cov_30.513489	614	694	7	14	80	0.1750000
NODE_3813_length_1211_cov_30.513489	614	694	8	10	80	0.1250000
NODE_3813_length_1211_cov_30.513489	614	694	9	29	80	0.3625000
NODE_3813_length_1211_cov_30.513489	614	694	10	22	80	0.2750000
NODE_3813_length_1211_cov_30.513489	690	770	5	46	80	0.5750000
NODE_3813_length_1211_cov_30.513489	690	770	6	11	80	0.1375000
NODE_3813_length_1211_cov_30.513489	690	770	7	23	80	0.2875000
NODE_3813_length_1211_cov_30.513489	743	823	5	18	80	0.2250000
NODE_3813_length_1211_cov_30.513489	743	823	6	11	80	0.1375000
NODE_3813_length_1211_cov_30.513489	743	823	7	34	80	0.4250000
NODE_3813_length_1211_cov_30.513489	743	823	8	17	80	0.2125000
NODE_3815_length_1211_cov_10.073741	380	460	0	41	80	0.5125000
NODE_3815_length_1211_cov_10.073741	380	460	1	39	80	0.4875000
NODE_3815_length_1211_cov_10.073741	433	513	1	80	80	1.0000000
NODE_3816_length_1211_cov_7.561151	598	678	1	36	80	0.4500000
NODE_3816_length_1211_cov_7.561151	598	678	2	44	80	0.5500000
NODE_3816_length_1211_cov_7.561151	651	731	0	25	80	0.3125000
NODE_3816_length_1211_cov_7.561151	651	731	1	55	80	0.6875000
NODE_3820_length_1210_cov_49.743474	398	478	6	9	80	0.1125000
NODE_3820_length_1210_cov_49.743474	398	478	8	10	80	0.1250000
NODE_3820_length_1210_cov_49.743474	398	478	10	1	80	0.0125000
NODE_3820_length_1210_cov_49.743474	398	478	12	54	80	0.6750000
NODE_3820_length_1210_cov_49.743474	398	478	13	4	80	0.0500000
NODE_3820_length_1210_cov_49.743474	398	478	14	2	80	0.0250000
NODE_3820_length_1210_cov_49.743474	451	531	1	17	80	0.2125000
NODE_3820_length_1210_cov_49.743474	451	531	2	19	80	0.2375000
NODE_3820_length_1210_cov_49.743474	451	531	4	2	80	0.0250000
NODE_3820_length_1210_cov_49.743474	451	531	6	24	80	0.3000000
NODE_3820_length_1210_cov_49.743474	451	531	8	10	80	0.1250000
NODE_3820_length_1210_cov_49.743474	451	531	10	1	80	0.0125000
NODE_3820_length_1210_cov_49.743474	451	531	12	7	80	0.0875000
NODE_3821_length_1210_cov_15.647165	647	727	1	80	80	1.0000000
NODE_3821_length_1210_cov_15.647165	700	780	1	65	80	0.8125000
NODE_3821_length_1210_cov_15.647165	700	780	2	15	80	0.1875000
NODE_3822_length_1210_cov_11.194419	794	874	1	44	80	0.5500000
NODE_3822_length_1210_cov_11.194419	794	874	2	36	80	0.4500000
NODE_3822_length_1210_cov_11.194419	847	927	1	80	80	1.0000000
NODE_3826_length_1209_cov_24.504505	582	662	3	24	80	0.3000000
NODE_3826_length_1209_cov_24.504505	582	662	4	56	80	0.7000000
NODE_3826_length_1209_cov_24.504505	635	715	2	9	80	0.1125000
NODE_3826_length_1209_cov_24.504505	635	715	3	33	80	0.4125000
NODE_3826_length_1209_cov_24.504505	635	715	4	38	80	0.4750000
NODE_3826_length_1209_cov_24.504505	711	791	2	10	80	0.1250000
NODE_3826_length_1209_cov_24.504505	711	791	3	43	80	0.5375000
NODE_3826_length_1209_cov_24.504505	711	791	4	27	80	0.3375000
NODE_3826_length_1209_cov_24.504505	764	844	0	2	80	0.0250000
NODE_3826_length_1209_cov_24.504505	764	844	1	9	80	0.1125000
NODE_3826_length_1209_cov_24.504505	764	844	2	52	80	0.6500000
NODE_3826_length_1209_cov_24.504505	764	844	3	17	80	0.2125000
NODE_3827_length_1209_cov_21.846847	520	600	0	58	80	0.7250000
NODE_3827_length_1209_cov_21.846847	520	600	2	22	80	0.2750000
NODE_3827_length_1209_cov_21.846847	573	653	0	5	80	0.0625000
NODE_3827_length_1209_cov_21.846847	573	653	2	75	80	0.9375000
NODE_3827_length_1209_cov_21.846847	649	729	0	33	80	0.4125000
NODE_3827_length_1209_cov_21.846847	649	729	2	47	80	0.5875000
NODE_3827_length_1209_cov_21.846847	702	782	0	80	80	1.0000000
NODE_3828_length_1209_cov_9.026126	782	862	2	80	80	1.0000000
NODE_3828_length_1209_cov_9.026126	835	915	0	40	80	0.5000000
NODE_3828_length_1209_cov_9.026126	835	915	1	1	80	0.0125000
NODE_3828_length_1209_cov_9.026126	835	915	2	39	80	0.4875000
NODE_3830_length_1209_cov_5.721622	926	1006	1	80	80	1.0000000
NODE_3830_length_1209_cov_5.721622	979	1059	1	80	80	1.0000000
NODE_3833_length_1208_cov_40.717764	886	966	28	6	80	0.0750000
NODE_3833_length_1208_cov_40.717764	886	966	30	3	80	0.0375000
NODE_3833_length_1208_cov_40.717764	886	966	34	2	80	0.0250000
NODE_3833_length_1208_cov_40.717764	886	966	35	4	80	0.0500000
NODE_3833_length_1208_cov_40.717764	886	966	36	6	80	0.0750000
NODE_3833_length_1208_cov_40.717764	886	966	37	1	80	0.0125000
NODE_3833_length_1208_cov_40.717764	886	966	40	2	80	0.0250000
NODE_3833_length_1208_cov_40.717764	886	966	42	2	80	0.0250000
NODE_3833_length_1208_cov_40.717764	886	966	43	4	80	0.0500000
NODE_3833_length_1208_cov_40.717764	886	966	44	1	80	0.0125000
NODE_3833_length_1208_cov_40.717764	886	966	47	3	80	0.0375000
NODE_3833_length_1208_cov_40.717764	886	966	48	3	80	0.0375000
NODE_3833_length_1208_cov_40.717764	886	966	50	3	80	0.0375000
NODE_3833_length_1208_cov_40.717764	886	966	51	1	80	0.0125000
NODE_3833_length_1208_cov_40.717764	886	966	52	2	80	0.0250000
NODE_3833_length_1208_cov_40.717764	886	966	53	1	80	0.0125000
NODE_3833_length_1208_cov_40.717764	886	966	54	1	80	0.0125000
NODE_3833_length_1208_cov_40.717764	886	966	56	1	80	0.0125000
NODE_3833_length_1208_cov_40.717764	886	966	59	1	80	0.0125000
NODE_3833_length_1208_cov_40.717764	886	966	61	1	80	0.0125000
NODE_3833_length_1208_cov_40.717764	886	966	63	1	80	0.0125000
NODE_3833_length_1208_cov_40.717764	886	966	65	2	80	0.0250000
NODE_3833_length_1208_cov_40.717764	886	966	70	1	80	0.0125000
NODE_3833_length_1208_cov_40.717764	886	966	71	1	80	0.0125000
NODE_3833_length_1208_cov_40.717764	886	966	73	2	80	0.0250000
NODE_3833_length_1208_cov_40.717764	886	966	75	1	80	0.0125000
NODE_3833_length_1208_cov_40.717764	886	966	76	2	80	0.0250000
NODE_3833_length_1208_cov_40.717764	886	966	78	1	80	0.0125000
NODE_3833_length_1208_cov_40.717764	886	966	79	1	80	0.0125000
NODE_3833_length_1208_cov_40.717764	886	966	82	1	80	0.0125000
NODE_3833_length_1208_cov_40.717764	886	966	84	2	80	0.0250000
NODE_3833_length_1208_cov_40.717764	886	966	86	1	80	0.0125000
NODE_3833_length_1208_cov_40.717764	886	966	88	2	80	0.0250000
NODE_3833_length_1208_cov_40.717764	886	966	89	4	80	0.0500000
NODE_3833_length_1208_cov_40.717764	886	966	91	1	80	0.0125000
NODE_3833_length_1208_cov_40.717764	886	966	93	2	80	0.0250000
NODE_3833_length_1208_cov_40.717764	886	966	95	2	80	0.0250000
NODE_3833_length_1208_cov_40.717764	886	966	98	2	80	0.0250000
NODE_3833_length_1208_cov_40.717764	886	966	102	1	80	0.0125000
NODE_3833_length_1208_cov_40.717764	886	966	103	1	80	0.0125000
NODE_3833_length_1208_cov_40.717764	886	966	104	1	80	0.0125000
NODE_3833_length_1208_cov_40.717764	939	985	73	2	46	0.0434783
NODE_3833_length_1208_cov_40.717764	939	985	75	1	46	0.0217391
NODE_3833_length_1208_cov_40.717764	939	985	76	2	46	0.0434783
NODE_3833_length_1208_cov_40.717764	939	985	78	1	46	0.0217391
NODE_3833_length_1208_cov_40.717764	939	985	79	1	46	0.0217391
NODE_3833_length_1208_cov_40.717764	939	985	82	1	46	0.0217391
NODE_3833_length_1208_cov_40.717764	939	985	84	2	46	0.0434783
NODE_3833_length_1208_cov_40.717764	939	985	86	1	46	0.0217391
NODE_3833_length_1208_cov_40.717764	939	985	88	2	46	0.0434783
NODE_3833_length_1208_cov_40.717764	939	985	89	4	46	0.0869565
NODE_3833_length_1208_cov_40.717764	939	985	91	1	46	0.0217391
NODE_3833_length_1208_cov_40.717764	939	985	93	2	46	0.0434783
NODE_3833_length_1208_cov_40.717764	939	985	95	2	46	0.0434783
NODE_3833_length_1208_cov_40.717764	939	985	98	2	46	0.0434783
NODE_3833_length_1208_cov_40.717764	939	985	102	1	46	0.0217391
NODE_3833_length_1208_cov_40.717764	939	985	103	1	46	0.0217391
NODE_3833_length_1208_cov_40.717764	939	985	104	2	46	0.0434783
NODE_3833_length_1208_cov_40.717764	939	985	105	3	46	0.0652174
NODE_3833_length_1208_cov_40.717764	939	985	106	3	46	0.0652174
NODE_3833_length_1208_cov_40.717764	939	985	110	1	46	0.0217391
NODE_3833_length_1208_cov_40.717764	939	985	111	2	46	0.0434783
NODE_3833_length_1208_cov_40.717764	939	985	113	1	46	0.0217391
NODE_3833_length_1208_cov_40.717764	939	985	114	1	46	0.0217391
NODE_3833_length_1208_cov_40.717764	939	985	115	1	46	0.0217391
NODE_3833_length_1208_cov_40.717764	939	985	116	1	46	0.0217391
NODE_3833_length_1208_cov_40.717764	939	985	118	5	46	0.1086956
NODE_3834_length_1208_cov_28.528404	614	694	0	18	80	0.2250000
NODE_3834_length_1208_cov_28.528404	614	694	1	62	80	0.7750000
NODE_3834_length_1208_cov_28.528404	667	747	1	80	80	1.0000000
NODE_3835_length_1208_cov_19.688007	682	762	0	80	80	1.0000000
NODE_3835_length_1208_cov_19.688007	735	815	0	80	80	1.0000000
NODE_3836_length_1208_cov_18.577096	455	535	0	80	80	1.0000000
NODE_3836_length_1208_cov_18.577096	508	588	0	56	80	0.7000000
NODE_3836_length_1208_cov_18.577096	508	588	2	18	80	0.2250000
NODE_3836_length_1208_cov_18.577096	508	588	3	6	80	0.0750000
NODE_3836_length_1208_cov_18.577096	584	664	3	42	80	0.5250000
NODE_3836_length_1208_cov_18.577096	584	664	4	2	80	0.0250000
NODE_3836_length_1208_cov_18.577096	584	664	8	35	80	0.4375000
NODE_3836_length_1208_cov_18.577096	584	664	9	1	80	0.0125000
NODE_3836_length_1208_cov_18.577096	637	717	7	4	80	0.0500000
NODE_3836_length_1208_cov_18.577096	637	717	8	26	80	0.3250000
NODE_3836_length_1208_cov_18.577096	637	717	9	50	80	0.6250000
NODE_3837_length_1208_cov_12.733995	766	846	1	29	80	0.3625000
NODE_3837_length_1208_cov_12.733995	766	846	2	51	80	0.6375000
NODE_3837_length_1208_cov_12.733995	819	899	1	32	80	0.4000000
NODE_3837_length_1208_cov_12.733995	819	899	2	42	80	0.5250000
NODE_3837_length_1208_cov_12.733995	819	899	3	6	80	0.0750000
NODE_3837_length_1208_cov_12.733995	895	975	3	20	80	0.2500000
NODE_3837_length_1208_cov_12.733995	895	975	4	57	80	0.7125000
NODE_3837_length_1208_cov_12.733995	895	975	5	3	80	0.0375000
NODE_3837_length_1208_cov_12.733995	948	1028	2	15	80	0.1875000
NODE_3837_length_1208_cov_12.733995	948	1028	4	65	80	0.8125000
NODE_3838_length_1207_cov_20.461191	874	954	5	2	80	0.0250000
NODE_3838_length_1207_cov_20.461191	874	954	7	35	80	0.4375000
NODE_3838_length_1207_cov_20.461191	874	954	9	43	80	0.5375000
NODE_3838_length_1207_cov_20.461191	927	1007	2	19	80	0.2375000
NODE_3838_length_1207_cov_20.461191	927	1007	3	5	80	0.0625000
NODE_3838_length_1207_cov_20.461191	927	1007	4	21	80	0.2625000
NODE_3838_length_1207_cov_20.461191	927	1007	5	10	80	0.1250000
NODE_3838_length_1207_cov_20.461191	927	1007	7	18	80	0.2250000
NODE_3838_length_1207_cov_20.461191	927	1007	9	7	80	0.0875000
NODE_3846_length_1206_cov_59.851852	540	620	0	1	80	0.0125000
NODE_3846_length_1206_cov_59.851852	540	620	1	69	80	0.8625000
NODE_3846_length_1206_cov_59.851852	540	620	2	8	80	0.1000000
NODE_3846_length_1206_cov_59.851852	540	620	3	2	80	0.0250000
NODE_3846_length_1206_cov_59.851852	593	673	0	1	80	0.0125000
NODE_3846_length_1206_cov_59.851852	593	673	1	16	80	0.2000000
NODE_3846_length_1206_cov_59.851852	593	673	2	8	80	0.1000000
NODE_3846_length_1206_cov_59.851852	593	673	3	34	80	0.4250000
NODE_3846_length_1206_cov_59.851852	593	673	4	21	80	0.2625000
NODE_3846_length_1206_cov_59.851852	669	749	3	25	80	0.3125000
NODE_3846_length_1206_cov_59.851852	669	749	4	55	80	0.6875000
NODE_3846_length_1206_cov_59.851852	722	802	1	34	80	0.4250000
NODE_3846_length_1206_cov_59.851852	722	802	2	8	80	0.1000000
NODE_3846_length_1206_cov_59.851852	722	802	3	36	80	0.4500000
NODE_3846_length_1206_cov_59.851852	722	802	4	2	80	0.0250000
NODE_3847_length_1206_cov_23.752484	669	749	8	25	80	0.3125000
NODE_3847_length_1206_cov_23.752484	669	749	9	35	80	0.4375000
NODE_3847_length_1206_cov_23.752484	669	749	10	20	80	0.2500000
NODE_3847_length_1206_cov_23.752484	722	802	4	3	80	0.0375000
NODE_3847_length_1206_cov_23.752484	722	802	5	7	80	0.0875000
NODE_3847_length_1206_cov_23.752484	722	802	6	14	80	0.1750000
NODE_3847_length_1206_cov_23.752484	722	802	7	4	80	0.0500000
NODE_3847_length_1206_cov_23.752484	722	802	8	3	80	0.0375000
NODE_3847_length_1206_cov_23.752484	722	802	9	43	80	0.5375000
NODE_3847_length_1206_cov_23.752484	722	802	10	6	80	0.0750000
NODE_3848_length_1206_cov_21.226739	585	665	4	49	80	0.6125000
NODE_3848_length_1206_cov_21.226739	585	665	5	28	80	0.3500000
NODE_3848_length_1206_cov_21.226739	585	665	6	3	80	0.0375000
NODE_3848_length_1206_cov_21.226739	638	718	4	26	80	0.3250000
NODE_3848_length_1206_cov_21.226739	638	718	5	21	80	0.2625000
NODE_3848_length_1206_cov_21.226739	638	718	6	33	80	0.4125000
NODE_3855_length_1205_cov_23.990054	355	435	3	7	80	0.0875000
NODE_3855_length_1205_cov_23.990054	355	435	4	38	80	0.4750000
NODE_3855_length_1205_cov_23.990054	355	435	5	15	80	0.1875000
NODE_3855_length_1205_cov_23.990054	355	435	6	20	80	0.2500000
NODE_3855_length_1205_cov_23.990054	408	488	2	38	80	0.4750000
NODE_3855_length_1205_cov_23.990054	408	488	3	9	80	0.1125000
NODE_3855_length_1205_cov_23.990054	408	488	5	13	80	0.1625000
NODE_3855_length_1205_cov_23.990054	408	488	6	20	80	0.2500000
NODE_3856_length_1205_cov_10.473779	780	860	5	28	80	0.3500000
NODE_3856_length_1205_cov_10.473779	780	860	6	52	80	0.6500000
NODE_3856_length_1205_cov_10.473779	833	913	0	24	80	0.3000000
NODE_3856_length_1205_cov_10.473779	833	913	1	23	80	0.2875000
NODE_3856_length_1205_cov_10.473779	833	913	5	33	80	0.4125000
NODE_3863_length_1204_cov_19.396380	537	617	5	80	80	1.0000000
NODE_3863_length_1204_cov_19.396380	590	670	1	25	80	0.3125000
NODE_3863_length_1204_cov_19.396380	590	670	3	27	80	0.3375000
NODE_3863_length_1204_cov_19.396380	590	670	5	28	80	0.3500000
NODE_3864_length_1204_cov_17.716742	448	528	15	40	80	0.5000000
NODE_3864_length_1204_cov_17.716742	448	528	17	15	80	0.1875000
NODE_3864_length_1204_cov_17.716742	448	528	18	3	80	0.0375000
NODE_3864_length_1204_cov_17.716742	448	528	19	22	80	0.2750000
NODE_3864_length_1204_cov_17.716742	501	581	10	7	80	0.0875000
NODE_3864_length_1204_cov_17.716742	501	581	11	27	80	0.3375000
NODE_3864_length_1204_cov_17.716742	501	581	13	9	80	0.1125000
NODE_3864_length_1204_cov_17.716742	501	581	14	2	80	0.0250000
NODE_3864_length_1204_cov_17.716742	501	581	15	16	80	0.2000000
NODE_3864_length_1204_cov_17.716742	501	581	17	15	80	0.1875000
NODE_3864_length_1204_cov_17.716742	501	581	18	3	80	0.0375000
NODE_3864_length_1204_cov_17.716742	501	581	19	1	80	0.0125000
NODE_3865_length_1204_cov_15.206335	426	506	2	7	80	0.0875000
NODE_3865_length_1204_cov_15.206335	426	506	3	17	80	0.2125000
NODE_3865_length_1204_cov_15.206335	426	506	4	56	80	0.7000000
NODE_3865_length_1204_cov_15.206335	479	559	2	34	80	0.4250000
NODE_3865_length_1204_cov_15.206335	479	559	3	43	80	0.5375000
NODE_3865_length_1204_cov_15.206335	479	559	4	3	80	0.0375000
NODE_3866_length_1204_cov_14.097738	632	712	4	5	80	0.0625000
NODE_3866_length_1204_cov_14.097738	632	712	5	21	80	0.2625000
NODE_3866_length_1204_cov_14.097738	632	712	6	27	80	0.3375000
NODE_3866_length_1204_cov_14.097738	632	712	7	27	80	0.3375000
NODE_3866_length_1204_cov_14.097738	685	765	6	3	80	0.0375000
NODE_3866_length_1204_cov_14.097738	685	765	7	67	80	0.8375000
NODE_3866_length_1204_cov_14.097738	685	765	8	10	80	0.1250000
NODE_3867_length_1204_cov_11.971946	549	629	4	80	80	1.0000000
NODE_3867_length_1204_cov_11.971946	602	682	1	7	80	0.0875000
NODE_3867_length_1204_cov_11.971946	602	682	3	10	80	0.1250000
NODE_3867_length_1204_cov_11.971946	602	682	4	63	80	0.7875000
NODE_3867_length_1204_cov_11.971946	678	758	2	73	80	0.9125000
NODE_3867_length_1204_cov_11.971946	678	758	3	7	80	0.0875000
NODE_3867_length_1204_cov_11.971946	731	811	0	44	80	0.5500000
NODE_3867_length_1204_cov_11.971946	731	811	2	36	80	0.4500000
NODE_3868_length_1204_cov_11.665158	499	579	3	12	80	0.1500000
NODE_3868_length_1204_cov_11.665158	499	579	4	61	80	0.7625000
NODE_3868_length_1204_cov_11.665158	499	579	5	6	80	0.0750000
NODE_3868_length_1204_cov_11.665158	499	579	7	1	80	0.0125000
NODE_3868_length_1204_cov_11.665158	552	632	3	12	80	0.1500000
NODE_3868_length_1204_cov_11.665158	552	632	4	8	80	0.1000000
NODE_3868_length_1204_cov_11.665158	552	632	5	54	80	0.6750000
NODE_3868_length_1204_cov_11.665158	552	632	7	6	80	0.0750000
NODE_3869_length_1204_cov_7.028959	637	717	4	11	80	0.1375000
NODE_3869_length_1204_cov_7.028959	637	717	5	35	80	0.4375000
NODE_3869_length_1204_cov_7.028959	637	717	6	1	80	0.0125000
NODE_3869_length_1204_cov_7.028959	637	717	8	33	80	0.4125000
NODE_3869_length_1204_cov_7.028959	690	770	6	28	80	0.3500000
NODE_3869_length_1204_cov_7.028959	690	770	8	52	80	0.6500000
NODE_3870_length_1204_cov_4.677828	807	887	3	5	80	0.0625000
NODE_3870_length_1204_cov_4.677828	807	887	4	75	80	0.9375000
NODE_3870_length_1204_cov_4.677828	860	940	2	51	80	0.6375000
NODE_3870_length_1204_cov_4.677828	860	940	3	5	80	0.0625000
NODE_3870_length_1204_cov_4.677828	860	940	4	24	80	0.3000000
NODE_3873_length_1203_cov_46.789855	515	595	4	38	80	0.4750000
NODE_3873_length_1203_cov_46.789855	515	595	5	22	80	0.2750000
NODE_3873_length_1203_cov_46.789855	515	595	6	20	80	0.2500000
NODE_3873_length_1203_cov_46.789855	568	648	4	29	80	0.3625000
NODE_3873_length_1203_cov_46.789855	568	648	5	32	80	0.4000000
NODE_3873_length_1203_cov_46.789855	568	648	6	19	80	0.2375000
NODE_3873_length_1203_cov_46.789855	644	724	6	53	80	0.6625000
NODE_3873_length_1203_cov_46.789855	644	724	7	27	80	0.3375000
NODE_3873_length_1203_cov_46.789855	697	777	3	9	80	0.1125000
NODE_3873_length_1203_cov_46.789855	697	777	4	16	80	0.2000000
NODE_3873_length_1203_cov_46.789855	697	777	6	39	80	0.4875000
NODE_3873_length_1203_cov_46.789855	697	777	7	16	80	0.2000000
NODE_3874_length_1203_cov_44.029891	471	551	3	55	80	0.6875000
NODE_3874_length_1203_cov_44.029891	471	551	4	4	80	0.0500000
NODE_3874_length_1203_cov_44.029891	471	551	5	21	80	0.2625000
NODE_3874_length_1203_cov_44.029891	524	604	3	15	80	0.1875000
NODE_3874_length_1203_cov_44.029891	524	604	4	14	80	0.1750000
NODE_3874_length_1203_cov_44.029891	524	604	5	51	80	0.6375000
NODE_3874_length_1203_cov_44.029891	600	680	2	9	80	0.1125000
NODE_3874_length_1203_cov_44.029891	600	680	3	52	80	0.6500000
NODE_3874_length_1203_cov_44.029891	600	680	4	1	80	0.0125000
NODE_3874_length_1203_cov_44.029891	600	680	5	13	80	0.1625000
NODE_3874_length_1203_cov_44.029891	600	680	6	5	80	0.0625000
NODE_3874_length_1203_cov_44.029891	653	733	3	8	80	0.1000000
NODE_3874_length_1203_cov_44.029891	653	733	4	16	80	0.2000000
NODE_3874_length_1203_cov_44.029891	653	733	5	17	80	0.2125000
NODE_3874_length_1203_cov_44.029891	653	733	6	39	80	0.4875000
NODE_3875_length_1203_cov_23.790761	308	388	2	14	80	0.1750000
NODE_3875_length_1203_cov_23.790761	308	388	3	11	80	0.1375000
NODE_3875_length_1203_cov_23.790761	308	388	4	21	80	0.2625000
NODE_3875_length_1203_cov_23.790761	308	388	5	1	80	0.0125000
NODE_3875_length_1203_cov_23.790761	308	388	6	33	80	0.4125000
NODE_3875_length_1203_cov_23.790761	361	441	6	31	80	0.3875000
NODE_3875_length_1203_cov_23.790761	361	441	7	6	80	0.0750000
NODE_3875_length_1203_cov_23.790761	361	441	9	11	80	0.1375000
NODE_3875_length_1203_cov_23.790761	361	441	10	9	80	0.1125000
NODE_3875_length_1203_cov_23.790761	361	441	11	16	80	0.2000000
NODE_3875_length_1203_cov_23.790761	361	441	12	7	80	0.0875000
NODE_3875_length_1203_cov_23.790761	437	517	10	1	80	0.0125000
NODE_3875_length_1203_cov_23.790761	437	517	11	19	80	0.2375000
NODE_3875_length_1203_cov_23.790761	437	517	12	14	80	0.1750000
NODE_3875_length_1203_cov_23.790761	437	517	13	20	80	0.2500000
NODE_3875_length_1203_cov_23.790761	437	517	14	26	80	0.3250000
NODE_3875_length_1203_cov_23.790761	490	570	7	3	80	0.0375000
NODE_3875_length_1203_cov_23.790761	490	570	8	8	80	0.1000000
NODE_3875_length_1203_cov_23.790761	490	570	9	17	80	0.2125000
NODE_3875_length_1203_cov_23.790761	490	570	10	22	80	0.2750000
NODE_3875_length_1203_cov_23.790761	490	570	12	15	80	0.1875000
NODE_3875_length_1203_cov_23.790761	490	570	13	3	80	0.0375000
NODE_3875_length_1203_cov_23.790761	490	570	14	12	80	0.1500000
NODE_3876_length_1203_cov_19.498188	336	416	4	2	80	0.0250000
NODE_3876_length_1203_cov_19.498188	336	416	5	9	80	0.1125000
NODE_3876_length_1203_cov_19.498188	336	416	6	9	80	0.1125000
NODE_3876_length_1203_cov_19.498188	336	416	9	4	80	0.0500000
NODE_3876_length_1203_cov_19.498188	336	416	10	56	80	0.7000000
NODE_3876_length_1203_cov_19.498188	389	469	3	5	80	0.0625000
NODE_3876_length_1203_cov_19.498188	389	469	5	9	80	0.1125000
NODE_3876_length_1203_cov_19.498188	389	469	6	26	80	0.3250000
NODE_3876_length_1203_cov_19.498188	389	469	8	8	80	0.1000000
NODE_3876_length_1203_cov_19.498188	389	469	10	32	80	0.4000000
NODE_3877_length_1203_cov_10.996377	317	397	3	8	80	0.1000000
NODE_3877_length_1203_cov_10.996377	317	397	5	48	80	0.6000000
NODE_3877_length_1203_cov_10.996377	317	397	6	24	80	0.3000000
NODE_3877_length_1203_cov_10.996377	370	450	3	48	80	0.6000000
NODE_3877_length_1203_cov_10.996377	370	450	4	1	80	0.0125000
NODE_3877_length_1203_cov_10.996377	370	450	5	4	80	0.0500000
NODE_3877_length_1203_cov_10.996377	370	450	6	27	80	0.3375000
NODE_3878_length_1203_cov_5.747283	725	805	1	40	80	0.5000000
NODE_3878_length_1203_cov_5.747283	725	805	2	40	80	0.5000000
NODE_3878_length_1203_cov_5.747283	778	858	1	35	80	0.4375000
NODE_3878_length_1203_cov_5.747283	778	858	2	45	80	0.5625000
NODE_3881_length_1202_cov_39.333636	475	555	9	31	80	0.3875000
NODE_3881_length_1202_cov_39.333636	475	555	10	33	80	0.4125000
NODE_3881_length_1202_cov_39.333636	475	555	11	16	80	0.2000000
NODE_3881_length_1202_cov_39.333636	528	608	6	15	80	0.1875000
NODE_3881_length_1202_cov_39.333636	528	608	7	14	80	0.1750000
NODE_3881_length_1202_cov_39.333636	528	608	9	3	80	0.0375000
NODE_3881_length_1202_cov_39.333636	528	608	10	19	80	0.2375000
NODE_3881_length_1202_cov_39.333636	528	608	11	22	80	0.2750000
NODE_3881_length_1202_cov_39.333636	528	608	12	7	80	0.0875000
NODE_3881_length_1202_cov_39.333636	604	684	7	45	80	0.5625000
NODE_3881_length_1202_cov_39.333636	604	684	8	5	80	0.0625000
NODE_3881_length_1202_cov_39.333636	604	684	10	16	80	0.2000000
NODE_3881_length_1202_cov_39.333636	604	684	11	14	80	0.1750000
NODE_3881_length_1202_cov_39.333636	657	737	7	11	80	0.1375000
NODE_3881_length_1202_cov_39.333636	657	737	8	15	80	0.1875000
NODE_3881_length_1202_cov_39.333636	657	737	9	22	80	0.2750000
NODE_3881_length_1202_cov_39.333636	657	737	10	20	80	0.2500000
NODE_3881_length_1202_cov_39.333636	657	737	11	12	80	0.1500000
NODE_3882_length_1202_cov_17.556664	599	679	6	20	80	0.2500000
NODE_3882_length_1202_cov_17.556664	599	679	7	19	80	0.2375000
NODE_3882_length_1202_cov_17.556664	599	679	8	7	80	0.0875000
NODE_3882_length_1202_cov_17.556664	599	679	9	15	80	0.1875000
NODE_3882_length_1202_cov_17.556664	599	679	10	19	80	0.2375000
NODE_3882_length_1202_cov_17.556664	652	732	4	4	80	0.0500000
NODE_3882_length_1202_cov_17.556664	652	732	6	12	80	0.1500000
NODE_3882_length_1202_cov_17.556664	652	732	8	24	80	0.3000000
NODE_3882_length_1202_cov_17.556664	652	732	9	28	80	0.3500000
NODE_3882_length_1202_cov_17.556664	652	732	10	12	80	0.1500000
NODE_3883_length_1202_cov_12.338169	634	714	8	21	80	0.2625000
NODE_3883_length_1202_cov_12.338169	634	714	9	5	80	0.0625000
NODE_3883_length_1202_cov_12.338169	634	714	10	13	80	0.1625000
NODE_3883_length_1202_cov_12.338169	634	714	11	41	80	0.5125000
NODE_3883_length_1202_cov_12.338169	687	767	2	43	80	0.5375000
NODE_3883_length_1202_cov_12.338169	687	767	6	4	80	0.0500000
NODE_3883_length_1202_cov_12.338169	687	767	7	2	80	0.0250000
NODE_3883_length_1202_cov_12.338169	687	767	8	25	80	0.3125000
NODE_3883_length_1202_cov_12.338169	687	767	9	4	80	0.0500000
NODE_3883_length_1202_cov_12.338169	687	767	11	2	80	0.0250000
NODE_3884_length_1202_cov_11.800544	520	600	2	39	80	0.4875000
NODE_3884_length_1202_cov_11.800544	520	600	3	34	80	0.4250000
NODE_3884_length_1202_cov_11.800544	520	600	4	7	80	0.0875000
NODE_3884_length_1202_cov_11.800544	573	653	0	44	80	0.5500000
NODE_3884_length_1202_cov_11.800544	573	653	2	36	80	0.4500000
NODE_3887_length_1201_cov_12.161525	434	514	9	32	80	0.4000000
NODE_3887_length_1201_cov_12.161525	434	514	11	17	80	0.2125000
NODE_3887_length_1201_cov_12.161525	434	514	12	15	80	0.1875000
NODE_3887_length_1201_cov_12.161525	434	514	13	16	80	0.2000000
NODE_3887_length_1201_cov_12.161525	487	567	8	48	80	0.6000000
NODE_3887_length_1201_cov_12.161525	487	567	10	4	80	0.0500000
NODE_3887_length_1201_cov_12.161525	487	567	11	17	80	0.2125000
NODE_3887_length_1201_cov_12.161525	487	567	12	11	80	0.1375000
NODE_3888_length_1201_cov_12.046279	643	723	0	80	80	1.0000000
NODE_3888_length_1201_cov_12.046279	696	776	0	80	80	1.0000000
NODE_3891_length_1200_cov_76.694823	630	710	4	8	80	0.1000000
NODE_3891_length_1200_cov_76.694823	630	710	5	8	80	0.1000000
NODE_3891_length_1200_cov_76.694823	630	710	7	24	80	0.3000000
NODE_3891_length_1200_cov_76.694823	630	710	8	6	80	0.0750000
NODE_3891_length_1200_cov_76.694823	630	710	10	3	80	0.0375000
NODE_3891_length_1200_cov_76.694823	630	710	12	9	80	0.1125000
NODE_3891_length_1200_cov_76.694823	630	710	13	22	80	0.2750000
NODE_3891_length_1200_cov_76.694823	683	763	3	6	80	0.0750000
NODE_3891_length_1200_cov_76.694823	683	763	4	25	80	0.3125000
NODE_3891_length_1200_cov_76.694823	683	763	5	38	80	0.4750000
NODE_3891_length_1200_cov_76.694823	683	763	7	11	80	0.1375000
NODE_3891_length_1200_cov_76.694823	759	839	4	10	80	0.1250000
NODE_3891_length_1200_cov_76.694823	759	839	5	8	80	0.1000000
NODE_3891_length_1200_cov_76.694823	759	839	6	1	80	0.0125000
NODE_3891_length_1200_cov_76.694823	759	839	7	4	80	0.0500000
NODE_3891_length_1200_cov_76.694823	759	839	8	9	80	0.1125000
NODE_3891_length_1200_cov_76.694823	759	839	9	1	80	0.0125000
NODE_3891_length_1200_cov_76.694823	759	839	10	5	80	0.0625000
NODE_3891_length_1200_cov_76.694823	759	839	11	14	80	0.1750000
NODE_3891_length_1200_cov_76.694823	759	839	13	28	80	0.3500000
NODE_3891_length_1200_cov_76.694823	812	892	12	27	80	0.3375000
NODE_3891_length_1200_cov_76.694823	812	892	13	48	80	0.6000000
NODE_3891_length_1200_cov_76.694823	812	892	15	5	80	0.0625000
NODE_3892_length_1200_cov_16.881926	827	902	1	12	75	0.1600000
NODE_3892_length_1200_cov_16.881926	827	902	2	28	75	0.3733333
NODE_3892_length_1200_cov_16.881926	827	902	3	35	75	0.4666667
NODE_3892_length_1200_cov_16.881926	828	904	1	11	76	0.1447368
NODE_3892_length_1200_cov_16.881926	828	904	2	28	76	0.3684210
NODE_3892_length_1200_cov_16.881926	828	904	3	37	76	0.4868421
NODE_3892_length_1200_cov_16.881926	841	907	1	3	66	0.0454545
NODE_3892_length_1200_cov_16.881926	841	907	2	23	66	0.3484848
NODE_3892_length_1200_cov_16.881926	841	907	3	40	66	0.6060606
NODE_3892_length_1200_cov_16.881926	880	957	3	33	77	0.4285714
NODE_3892_length_1200_cov_16.881926	880	957	4	26	77	0.3376623
NODE_3892_length_1200_cov_16.881926	880	957	6	18	77	0.2337662
NODE_3892_length_1200_cov_16.881926	880	957	3	33	77	0.4285714
NODE_3892_length_1200_cov_16.881926	880	957	4	26	77	0.3376623
NODE_3892_length_1200_cov_16.881926	880	957	6	18	77	0.2337662
NODE_3892_length_1200_cov_16.881926	880	957	3	33	77	0.4285714
NODE_3892_length_1200_cov_16.881926	880	957	4	26	77	0.3376623
NODE_3892_length_1200_cov_16.881926	880	957	6	18	77	0.2337662
NODE_3893_length_1200_cov_15.374205	605	685	1	19	80	0.2375000
NODE_3893_length_1200_cov_15.374205	605	685	2	61	80	0.7625000
NODE_3893_length_1200_cov_15.374205	658	738	1	12	80	0.1500000
NODE_3893_length_1200_cov_15.374205	658	738	2	68	80	0.8500000
NODE_3894_length_1200_cov_12.953678	486	550	5	38	64	0.5937500
NODE_3894_length_1200_cov_12.953678	486	550	7	21	64	0.3281250
NODE_3894_length_1200_cov_12.953678	486	550	8	5	64	0.0781250
NODE_3899_length_1199_cov_14.843636	222	302	3	7	80	0.0875000
NODE_3899_length_1199_cov_14.843636	222	302	4	30	80	0.3750000
NODE_3899_length_1199_cov_14.843636	222	302	5	12	80	0.1500000
NODE_3899_length_1199_cov_14.843636	222	302	6	31	80	0.3875000
NODE_3899_length_1199_cov_14.843636	275	355	4	24	80	0.3000000
NODE_3899_length_1199_cov_14.843636	275	355	5	42	80	0.5250000
NODE_3899_length_1199_cov_14.843636	275	355	6	14	80	0.1750000
NODE_3900_length_1199_cov_12.005455	383	463	5	3	80	0.0375000
NODE_3900_length_1199_cov_12.005455	383	463	6	77	80	0.9625000
NODE_3900_length_1199_cov_12.005455	436	516	5	2	80	0.0250000
NODE_3900_length_1199_cov_12.005455	436	516	6	56	80	0.7000000
NODE_3900_length_1199_cov_12.005455	436	516	7	21	80	0.2625000
NODE_3900_length_1199_cov_12.005455	436	516	8	1	80	0.0125000
NODE_3900_length_1199_cov_12.005455	512	592	4	16	80	0.2000000
NODE_3900_length_1199_cov_12.005455	512	592	5	45	80	0.5625000
NODE_3900_length_1199_cov_12.005455	512	592	6	1	80	0.0125000
NODE_3900_length_1199_cov_12.005455	512	592	7	18	80	0.2250000
NODE_3900_length_1199_cov_12.005455	565	645	3	20	80	0.2500000
NODE_3900_length_1199_cov_12.005455	565	645	4	11	80	0.1375000
NODE_3900_length_1199_cov_12.005455	565	645	5	49	80	0.6125000
NODE_3902_length_1198_cov_36.830755	619	699	11	31	80	0.3875000
NODE_3902_length_1198_cov_36.830755	619	699	12	10	80	0.1250000
NODE_3902_length_1198_cov_36.830755	619	699	13	6	80	0.0750000
NODE_3902_length_1198_cov_36.830755	619	699	14	33	80	0.4125000
NODE_3902_length_1198_cov_36.830755	672	752	3	4	80	0.0500000
NODE_3902_length_1198_cov_36.830755	672	752	4	30	80	0.3750000
NODE_3902_length_1198_cov_36.830755	672	752	5	2	80	0.0250000
NODE_3902_length_1198_cov_36.830755	672	752	6	9	80	0.1125000
NODE_3902_length_1198_cov_36.830755	672	752	8	1	80	0.0125000
NODE_3902_length_1198_cov_36.830755	672	752	9	2	80	0.0250000
NODE_3902_length_1198_cov_36.830755	672	752	11	32	80	0.4000000
NODE_3903_length_1198_cov_22.864422	719	799	0	80	80	1.0000000
NODE_3903_length_1198_cov_22.864422	772	852	0	80	80	1.0000000
NODE_3904_length_1198_cov_17.619654	260	340	1	4	80	0.0500000
NODE_3904_length_1198_cov_17.619654	260	340	3	2	80	0.0250000
NODE_3904_length_1198_cov_17.619654	260	340	4	38	80	0.4750000
NODE_3904_length_1198_cov_17.619654	260	340	6	36	80	0.4500000
NODE_3904_length_1198_cov_17.619654	313	392	5	2	79	0.0253165
NODE_3904_length_1198_cov_17.619654	313	392	6	52	79	0.6582279
NODE_3904_length_1198_cov_17.619654	313	392	7	25	79	0.3164557
NODE_3905_length_1198_cov_10.148317	718	798	7	31	80	0.3875000
NODE_3905_length_1198_cov_10.148317	718	798	8	6	80	0.0750000
NODE_3905_length_1198_cov_10.148317	718	798	9	7	80	0.0875000
NODE_3905_length_1198_cov_10.148317	718	798	10	36	80	0.4500000
NODE_3905_length_1198_cov_10.148317	771	851	3	11	80	0.1375000
NODE_3905_length_1198_cov_10.148317	771	851	4	11	80	0.1375000
NODE_3905_length_1198_cov_10.148317	771	851	5	12	80	0.1500000
NODE_3905_length_1198_cov_10.148317	771	851	6	10	80	0.1250000
NODE_3905_length_1198_cov_10.148317	771	851	7	32	80	0.4000000
NODE_3905_length_1198_cov_10.148317	771	851	8	4	80	0.0500000
NODE_3906_length_1198_cov_6.733394	549	629	0	80	80	1.0000000
NODE_3906_length_1198_cov_6.733394	602	682	0	80	80	1.0000000
NODE_3912_length_1197_cov_27.653005	417	497	5	30	80	0.3750000
NODE_3912_length_1197_cov_27.653005	417	497	6	4	80	0.0500000
NODE_3912_length_1197_cov_27.653005	417	497	7	44	80	0.5500000
NODE_3912_length_1197_cov_27.653005	417	497	8	2	80	0.0250000
NODE_3912_length_1197_cov_27.653005	470	550	5	17	80	0.2125000
NODE_3912_length_1197_cov_27.653005	470	550	6	16	80	0.2000000
NODE_3912_length_1197_cov_27.653005	470	550	7	32	80	0.4000000
NODE_3912_length_1197_cov_27.653005	470	550	8	4	80	0.0500000
NODE_3912_length_1197_cov_27.653005	470	550	9	7	80	0.0875000
NODE_3912_length_1197_cov_27.653005	470	550	10	4	80	0.0500000
NODE_3912_length_1197_cov_27.653005	546	626	7	14	80	0.1750000
NODE_3912_length_1197_cov_27.653005	546	626	8	17	80	0.2125000
NODE_3912_length_1197_cov_27.653005	546	626	9	23	80	0.2875000
NODE_3912_length_1197_cov_27.653005	546	626	10	8	80	0.1000000
NODE_3912_length_1197_cov_27.653005	546	626	12	2	80	0.0250000
NODE_3912_length_1197_cov_27.653005	546	626	13	16	80	0.2000000
NODE_3912_length_1197_cov_27.653005	599	679	8	1	80	0.0125000
NODE_3912_length_1197_cov_27.653005	599	679	9	12	80	0.1500000
NODE_3912_length_1197_cov_27.653005	599	679	10	21	80	0.2625000
NODE_3912_length_1197_cov_27.653005	599	679	11	20	80	0.2500000
NODE_3912_length_1197_cov_27.653005	599	679	12	2	80	0.0250000
NODE_3912_length_1197_cov_27.653005	599	679	13	24	80	0.3000000
NODE_3913_length_1197_cov_14.653916	490	570	8	20	80	0.2500000
NODE_3913_length_1197_cov_14.653916	490	570	9	41	80	0.5125000
NODE_3913_length_1197_cov_14.653916	490	570	10	19	80	0.2375000
NODE_3913_length_1197_cov_14.653916	543	623	5	12	80	0.1500000
NODE_3913_length_1197_cov_14.653916	543	623	7	9	80	0.1125000
NODE_3913_length_1197_cov_14.653916	543	623	9	16	80	0.2000000
NODE_3913_length_1197_cov_14.653916	543	623	10	43	80	0.5375000
NODE_3921_length_1196_cov_26.169553	298	378	4	7	80	0.0875000
NODE_3921_length_1196_cov_26.169553	298	378	5	3	80	0.0375000
NODE_3921_length_1196_cov_26.169553	298	378	6	8	80	0.1000000
NODE_3921_length_1196_cov_26.169553	298	378	7	7	80	0.0875000
NODE_3921_length_1196_cov_26.169553	298	378	8	48	80	0.6000000
NODE_3921_length_1196_cov_26.169553	298	378	10	7	80	0.0875000
NODE_3921_length_1196_cov_26.169553	351	431	6	7	80	0.0875000
NODE_3921_length_1196_cov_26.169553	351	431	7	7	80	0.0875000
NODE_3921_length_1196_cov_26.169553	351	431	8	6	80	0.0750000
NODE_3921_length_1196_cov_26.169553	351	431	9	6	80	0.0750000
NODE_3921_length_1196_cov_26.169553	351	431	10	23	80	0.2875000
NODE_3921_length_1196_cov_26.169553	351	431	11	31	80	0.3875000
NODE_3921_length_1196_cov_26.169553	427	507	7	25	80	0.3125000
NODE_3921_length_1196_cov_26.169553	427	507	9	24	80	0.3000000
NODE_3921_length_1196_cov_26.169553	427	507	10	3	80	0.0375000
NODE_3921_length_1196_cov_26.169553	427	507	11	27	80	0.3375000
NODE_3921_length_1196_cov_26.169553	427	507	12	1	80	0.0125000
NODE_3921_length_1196_cov_26.169553	480	560	2	10	80	0.1250000
NODE_3921_length_1196_cov_26.169553	480	560	3	10	80	0.1250000
NODE_3921_length_1196_cov_26.169553	480	560	4	21	80	0.2625000
NODE_3921_length_1196_cov_26.169553	480	560	5	6	80	0.0750000
NODE_3921_length_1196_cov_26.169553	480	560	6	1	80	0.0125000
NODE_3921_length_1196_cov_26.169553	480	560	7	30	80	0.3750000
NODE_3921_length_1196_cov_26.169553	480	560	9	2	80	0.0250000
NODE_3922_length_1196_cov_21.755697	521	601	5	2	80	0.0250000
NODE_3922_length_1196_cov_21.755697	521	601	6	78	80	0.9750000
NODE_3922_length_1196_cov_21.755697	574	654	1	1	80	0.0125000
NODE_3922_length_1196_cov_21.755697	574	654	2	3	80	0.0375000
NODE_3922_length_1196_cov_21.755697	574	654	3	26	80	0.3250000
NODE_3922_length_1196_cov_21.755697	574	654	4	18	80	0.2250000
NODE_3922_length_1196_cov_21.755697	574	654	6	32	80	0.4000000
NODE_3922_length_1196_cov_21.755697	650	730	1	34	80	0.4250000
NODE_3922_length_1196_cov_21.755697	650	730	2	27	80	0.3375000
NODE_3922_length_1196_cov_21.755697	650	730	3	19	80	0.2375000
NODE_3922_length_1196_cov_21.755697	703	783	1	4	80	0.0500000
NODE_3922_length_1196_cov_21.755697	703	783	2	4	80	0.0500000
NODE_3922_length_1196_cov_21.755697	703	783	3	72	80	0.9000000
NODE_3923_length_1196_cov_5.966272	556	636	4	80	80	1.0000000
NODE_3923_length_1196_cov_5.966272	609	689	0	44	80	0.5500000
NODE_3923_length_1196_cov_5.966272	609	689	4	36	80	0.4500000
NODE_3927_length_1195_cov_69.056569	474	554	6	4	80	0.0500000
NODE_3927_length_1195_cov_69.056569	474	554	7	9	80	0.1125000
NODE_3927_length_1195_cov_69.056569	474	554	8	38	80	0.4750000
NODE_3927_length_1195_cov_69.056569	474	554	9	9	80	0.1125000
NODE_3927_length_1195_cov_69.056569	474	554	10	7	80	0.0875000
NODE_3927_length_1195_cov_69.056569	474	554	11	3	80	0.0375000
NODE_3927_length_1195_cov_69.056569	474	554	12	6	80	0.0750000
NODE_3927_length_1195_cov_69.056569	474	554	13	4	80	0.0500000
NODE_3927_length_1195_cov_69.056569	527	607	8	7	80	0.0875000
NODE_3927_length_1195_cov_69.056569	527	607	9	6	80	0.0750000
NODE_3927_length_1195_cov_69.056569	527	607	10	7	80	0.0875000
NODE_3927_length_1195_cov_69.056569	527	607	11	38	80	0.4750000
NODE_3927_length_1195_cov_69.056569	527	607	12	17	80	0.2125000
NODE_3927_length_1195_cov_69.056569	527	607	13	5	80	0.0625000
NODE_3927_length_1195_cov_69.056569	603	683	10	15	80	0.1875000
NODE_3927_length_1195_cov_69.056569	603	683	11	31	80	0.3875000
NODE_3927_length_1195_cov_69.056569	603	683	12	21	80	0.2625000
NODE_3927_length_1195_cov_69.056569	603	683	13	13	80	0.1625000
NODE_3927_length_1195_cov_69.056569	656	736	6	14	80	0.1750000
NODE_3927_length_1195_cov_69.056569	656	736	7	28	80	0.3500000
NODE_3927_length_1195_cov_69.056569	656	736	8	3	80	0.0375000
NODE_3927_length_1195_cov_69.056569	656	736	9	7	80	0.0875000
NODE_3927_length_1195_cov_69.056569	656	736	11	12	80	0.1500000
NODE_3927_length_1195_cov_69.056569	656	736	12	3	80	0.0375000
NODE_3927_length_1195_cov_69.056569	656	736	13	13	80	0.1625000
NODE_3928_length_1195_cov_65.062044	579	659	3	8	80	0.1000000
NODE_3928_length_1195_cov_65.062044	579	659	4	32	80	0.4000000
NODE_3928_length_1195_cov_65.062044	579	659	5	14	80	0.1750000
NODE_3928_length_1195_cov_65.062044	579	659	6	26	80	0.3250000
NODE_3928_length_1195_cov_65.062044	632	712	5	1	80	0.0125000
NODE_3928_length_1195_cov_65.062044	632	712	6	31	80	0.3875000
NODE_3928_length_1195_cov_65.062044	632	712	7	1	80	0.0125000
NODE_3928_length_1195_cov_65.062044	632	712	8	17	80	0.2125000
NODE_3928_length_1195_cov_65.062044	632	712	9	30	80	0.3750000
NODE_3928_length_1195_cov_65.062044	708	788	9	30	80	0.3750000
NODE_3928_length_1195_cov_65.062044	708	788	10	6	80	0.0750000
NODE_3928_length_1195_cov_65.062044	708	788	11	14	80	0.1750000
NODE_3928_length_1195_cov_65.062044	708	788	12	26	80	0.3250000
NODE_3928_length_1195_cov_65.062044	708	788	13	4	80	0.0500000
NODE_3928_length_1195_cov_65.062044	761	841	7	21	80	0.2625000
NODE_3928_length_1195_cov_65.062044	761	841	8	5	80	0.0625000
NODE_3928_length_1195_cov_65.062044	761	841	9	3	80	0.0375000
NODE_3928_length_1195_cov_65.062044	761	841	11	21	80	0.2625000
NODE_3928_length_1195_cov_65.062044	761	841	12	26	80	0.3250000
NODE_3928_length_1195_cov_65.062044	761	841	13	4	80	0.0500000
NODE_3929_length_1195_cov_23.187044	460	540	1	2	80	0.0250000
NODE_3929_length_1195_cov_23.187044	460	540	2	10	80	0.1250000
NODE_3929_length_1195_cov_23.187044	460	540	3	21	80	0.2625000
NODE_3929_length_1195_cov_23.187044	460	540	5	30	80	0.3750000
NODE_3929_length_1195_cov_23.187044	460	540	7	17	80	0.2125000
NODE_3929_length_1195_cov_23.187044	513	593	5	10	80	0.1250000
NODE_3929_length_1195_cov_23.187044	513	593	6	46	80	0.5750000
NODE_3929_length_1195_cov_23.187044	513	593	7	24	80	0.3000000
NODE_3930_length_1195_cov_18.983577	521	601	1	8	80	0.1000000
NODE_3930_length_1195_cov_18.983577	521	601	2	72	80	0.9000000
NODE_3930_length_1195_cov_18.983577	574	654	1	18	80	0.2250000
NODE_3930_length_1195_cov_18.983577	574	654	2	62	80	0.7750000
NODE_3931_length_1195_cov_14.119526	726	806	0	80	80	1.0000000
NODE_3931_length_1195_cov_14.119526	779	859	0	32	80	0.4000000
NODE_3931_length_1195_cov_14.119526	779	859	1	16	80	0.2000000
NODE_3931_length_1195_cov_14.119526	779	859	2	32	80	0.4000000
NODE_3931_length_1195_cov_14.119526	855	935	2	17	80	0.2125000
NODE_3931_length_1195_cov_14.119526	855	935	3	27	80	0.3375000
NODE_3931_length_1195_cov_14.119526	855	935	4	36	80	0.4500000
NODE_3931_length_1195_cov_14.119526	908	988	2	11	80	0.1375000
NODE_3931_length_1195_cov_14.119526	908	988	3	16	80	0.2000000
NODE_3931_length_1195_cov_14.119526	908	988	4	53	80	0.6625000
NODE_3932_length_1195_cov_13.805657	759	839	2	80	80	1.0000000
NODE_3932_length_1195_cov_13.805657	812	892	0	29	80	0.3625000
NODE_3932_length_1195_cov_13.805657	812	892	2	51	80	0.6375000
NODE_3938_length_1195_cov_1.969891	912	992	2	5	80	0.0625000
NODE_3938_length_1195_cov_1.969891	912	992	4	9	80	0.1125000
NODE_3938_length_1195_cov_1.969891	912	992	6	66	80	0.8250000
NODE_3938_length_1195_cov_1.969891	912	992	2	5	80	0.0625000
NODE_3938_length_1195_cov_1.969891	912	992	4	9	80	0.1125000
NODE_3938_length_1195_cov_1.969891	912	992	6	66	80	0.8250000
NODE_3941_length_1194_cov_40.157991	237	317	9	5	80	0.0625000
NODE_3941_length_1194_cov_40.157991	237	317	10	5	80	0.0625000
NODE_3941_length_1194_cov_40.157991	237	317	13	11	80	0.1375000
NODE_3941_length_1194_cov_40.157991	237	317	14	12	80	0.1500000
NODE_3941_length_1194_cov_40.157991	237	317	15	1	80	0.0125000
NODE_3941_length_1194_cov_40.157991	237	317	16	21	80	0.2625000
NODE_3941_length_1194_cov_40.157991	237	317	17	15	80	0.1875000
NODE_3941_length_1194_cov_40.157991	237	317	18	10	80	0.1250000
NODE_3941_length_1194_cov_40.157991	290	370	7	6	80	0.0750000
NODE_3941_length_1194_cov_40.157991	290	370	9	7	80	0.0875000
NODE_3941_length_1194_cov_40.157991	290	370	11	18	80	0.2250000
NODE_3941_length_1194_cov_40.157991	290	370	15	7	80	0.0875000
NODE_3941_length_1194_cov_40.157991	290	370	16	23	80	0.2875000
NODE_3941_length_1194_cov_40.157991	290	370	17	9	80	0.1125000
NODE_3941_length_1194_cov_40.157991	290	370	18	10	80	0.1250000
NODE_3946_length_1193_cov_34.295247	443	523	1	30	80	0.3750000
NODE_3946_length_1193_cov_34.295247	443	523	2	38	80	0.4750000
NODE_3946_length_1193_cov_34.295247	443	523	4	12	80	0.1500000
NODE_3946_length_1193_cov_34.295247	496	576	2	15	80	0.1875000
NODE_3946_length_1193_cov_34.295247	496	576	3	42	80	0.5250000
NODE_3946_length_1193_cov_34.295247	496	576	4	23	80	0.2875000
NODE_3947_length_1193_cov_16.930530	124	154	0	7	30	0.2333333
NODE_3947_length_1193_cov_16.930530	124	154	2	23	30	0.7666667
NODE_3947_length_1193_cov_16.930530	390	470	0	80	80	1.0000000
NODE_3947_length_1193_cov_16.930530	443	523	0	80	80	1.0000000
NODE_3949_length_1192_cov_26.803294	205	285	2	9	80	0.1125000
NODE_3949_length_1192_cov_26.803294	205	285	3	46	80	0.5750000
NODE_3949_length_1192_cov_26.803294	205	285	4	25	80	0.3125000
NODE_3949_length_1192_cov_26.803294	258	338	2	13	80	0.1625000
NODE_3949_length_1192_cov_26.803294	258	338	3	22	80	0.2750000
NODE_3949_length_1192_cov_26.803294	258	338	4	8	80	0.1000000
NODE_3949_length_1192_cov_26.803294	258	338	5	4	80	0.0500000
NODE_3949_length_1192_cov_26.803294	258	338	8	17	80	0.2125000
NODE_3949_length_1192_cov_26.803294	258	338	10	10	80	0.1250000
NODE_3949_length_1192_cov_26.803294	258	338	11	6	80	0.0750000
NODE_3949_length_1192_cov_26.803294	334	414	11	34	80	0.4250000
NODE_3949_length_1192_cov_26.803294	334	414	12	46	80	0.5750000
NODE_3949_length_1192_cov_26.803294	387	467	2	12	80	0.1500000
NODE_3949_length_1192_cov_26.803294	387	467	3	2	80	0.0250000
NODE_3949_length_1192_cov_26.803294	387	467	5	2	80	0.0250000
NODE_3949_length_1192_cov_26.803294	387	467	6	4	80	0.0500000
NODE_3949_length_1192_cov_26.803294	387	467	8	11	80	0.1375000
NODE_3949_length_1192_cov_26.803294	387	467	10	15	80	0.1875000
NODE_3949_length_1192_cov_26.803294	387	467	12	34	80	0.4250000
NODE_3950_length_1192_cov_23.228728	487	567	0	80	80	1.0000000
NODE_3950_length_1192_cov_23.228728	540	620	0	80	80	1.0000000
NODE_3950_length_1192_cov_23.228728	616	696	0	4	80	0.0500000
NODE_3950_length_1192_cov_23.228728	616	696	1	30	80	0.3750000
NODE_3950_length_1192_cov_23.228728	616	696	2	46	80	0.5750000
NODE_3950_length_1192_cov_23.228728	669	749	2	80	80	1.0000000
NODE_3951_length_1192_cov_18.314730	613	693	1	45	80	0.5625000
NODE_3951_length_1192_cov_18.314730	613	693	2	11	80	0.1375000
NODE_3951_length_1192_cov_18.314730	613	693	3	24	80	0.3000000
NODE_3951_length_1192_cov_18.314730	666	746	2	44	80	0.5500000
NODE_3951_length_1192_cov_18.314730	666	746	3	36	80	0.4500000
NODE_3951_length_1192_cov_18.314730	742	822	1	3	80	0.0375000
NODE_3951_length_1192_cov_18.314730	742	822	2	68	80	0.8500000
NODE_3951_length_1192_cov_18.314730	742	822	3	9	80	0.1125000
NODE_3951_length_1192_cov_18.314730	795	875	1	56	80	0.7000000
NODE_3951_length_1192_cov_18.314730	795	875	2	15	80	0.1875000
NODE_3951_length_1192_cov_18.314730	795	875	3	9	80	0.1125000
NODE_3952_length_1192_cov_14.888381	622	702	8	7	80	0.0875000
NODE_3952_length_1192_cov_14.888381	622	702	9	25	80	0.3125000
NODE_3952_length_1192_cov_14.888381	622	702	10	9	80	0.1125000
NODE_3952_length_1192_cov_14.888381	622	702	11	10	80	0.1250000
NODE_3952_length_1192_cov_14.888381	622	702	12	6	80	0.0750000
NODE_3952_length_1192_cov_14.888381	622	702	13	5	80	0.0625000
NODE_3952_length_1192_cov_14.888381	622	702	14	18	80	0.2250000
NODE_3952_length_1192_cov_14.888381	675	755	12	4	80	0.0500000
NODE_3952_length_1192_cov_14.888381	675	755	13	10	80	0.1250000
NODE_3952_length_1192_cov_14.888381	675	755	14	48	80	0.6000000
NODE_3952_length_1192_cov_14.888381	675	755	15	18	80	0.2250000
NODE_3952_length_1192_cov_14.888381	751	831	3	16	80	0.2000000
NODE_3952_length_1192_cov_14.888381	751	831	4	3	80	0.0375000
NODE_3952_length_1192_cov_14.888381	751	831	6	2	80	0.0250000
NODE_3952_length_1192_cov_14.888381	751	831	7	2	80	0.0250000
NODE_3952_length_1192_cov_14.888381	751	831	8	1	80	0.0125000
NODE_3952_length_1192_cov_14.888381	751	831	9	25	80	0.3125000
NODE_3952_length_1192_cov_14.888381	751	831	10	21	80	0.2625000
NODE_3952_length_1192_cov_14.888381	751	831	11	2	80	0.0250000
NODE_3952_length_1192_cov_14.888381	751	831	13	7	80	0.0875000
NODE_3952_length_1192_cov_14.888381	751	831	14	1	80	0.0125000
NODE_3952_length_1192_cov_14.888381	804	884	1	11	80	0.1375000
NODE_3952_length_1192_cov_14.888381	804	884	2	42	80	0.5250000
NODE_3952_length_1192_cov_14.888381	804	884	3	16	80	0.2000000
NODE_3952_length_1192_cov_14.888381	804	884	4	3	80	0.0375000
NODE_3952_length_1192_cov_14.888381	804	884	6	2	80	0.0250000
NODE_3952_length_1192_cov_14.888381	804	884	7	2	80	0.0250000
NODE_3952_length_1192_cov_14.888381	804	884	8	1	80	0.0125000
NODE_3952_length_1192_cov_14.888381	804	884	9	3	80	0.0375000
NODE_3953_length_1192_cov_9.995425	161	241	6	7	80	0.0875000
NODE_3953_length_1192_cov_9.995425	161	241	7	1	80	0.0125000
NODE_3953_length_1192_cov_9.995425	161	241	8	24	80	0.3000000
NODE_3953_length_1192_cov_9.995425	161	241	9	3	80	0.0375000
NODE_3953_length_1192_cov_9.995425	161	241	10	3	80	0.0375000
NODE_3953_length_1192_cov_9.995425	161	241	11	23	80	0.2875000
NODE_3953_length_1192_cov_9.995425	161	241	12	19	80	0.2375000
NODE_3953_length_1192_cov_9.995425	214	294	11	48	80	0.6000000
NODE_3953_length_1192_cov_9.995425	214	294	12	21	80	0.2625000
NODE_3953_length_1192_cov_9.995425	214	294	13	11	80	0.1375000
NODE_3954_length_1192_cov_5.078683	749	829	1	72	80	0.9000000
NODE_3954_length_1192_cov_5.078683	749	829	2	8	80	0.1000000
NODE_3954_length_1192_cov_5.078683	802	882	0	26	80	0.3250000
NODE_3954_length_1192_cov_5.078683	802	882	1	54	80	0.6750000
NODE_3960_length_1192_cov_0.614822	1046	1126	0	80	80	1.0000000
NODE_3961_length_1191_cov_55.466117	392	472	3	11	80	0.1375000
NODE_3961_length_1191_cov_55.466117	392	472	4	56	80	0.7000000
NODE_3961_length_1191_cov_55.466117	392	472	5	13	80	0.1625000
NODE_3961_length_1191_cov_55.466117	445	525	4	19	80	0.2375000
NODE_3961_length_1191_cov_55.466117	445	525	5	11	80	0.1375000
NODE_3961_length_1191_cov_55.466117	445	525	6	11	80	0.1375000
NODE_3961_length_1191_cov_55.466117	445	525	7	31	80	0.3875000
NODE_3961_length_1191_cov_55.466117	445	525	8	1	80	0.0125000
NODE_3961_length_1191_cov_55.466117	445	525	9	7	80	0.0875000
NODE_3961_length_1191_cov_55.466117	521	601	8	27	80	0.3375000
NODE_3961_length_1191_cov_55.466117	521	601	9	48	80	0.6000000
NODE_3961_length_1191_cov_55.466117	521	601	10	5	80	0.0625000
NODE_3961_length_1191_cov_55.466117	574	654	6	19	80	0.2375000
NODE_3961_length_1191_cov_55.466117	574	654	7	13	80	0.1625000
NODE_3961_length_1191_cov_55.466117	574	654	8	27	80	0.3375000
NODE_3961_length_1191_cov_55.466117	574	654	9	20	80	0.2500000
NODE_3961_length_1191_cov_55.466117	574	654	10	1	80	0.0125000
NODE_3963_length_1191_cov_20.677656	695	775	5	1	80	0.0125000
NODE_3963_length_1191_cov_20.677656	695	775	6	34	80	0.4250000
NODE_3963_length_1191_cov_20.677656	695	775	7	29	80	0.3625000
NODE_3963_length_1191_cov_20.677656	695	775	8	16	80	0.2000000
NODE_3963_length_1191_cov_20.677656	748	828	6	47	80	0.5875000
NODE_3963_length_1191_cov_20.677656	748	828	7	11	80	0.1375000
NODE_3963_length_1191_cov_20.677656	748	828	8	22	80	0.2750000
NODE_3964_length_1191_cov_9.074176	420	500	3	46	80	0.5750000
NODE_3964_length_1191_cov_9.074176	420	500	4	10	80	0.1250000
NODE_3964_length_1191_cov_9.074176	420	500	6	24	80	0.3000000
NODE_3964_length_1191_cov_9.074176	473	553	3	28	80	0.3500000
NODE_3964_length_1191_cov_9.074176	473	553	4	14	80	0.1750000
NODE_3964_length_1191_cov_9.074176	473	553	5	2	80	0.0250000
NODE_3964_length_1191_cov_9.074176	473	553	6	36	80	0.4500000
NODE_3968_length_1190_cov_40.916590	521	601	2	5	80	0.0625000
NODE_3968_length_1190_cov_40.916590	521	601	3	5	80	0.0625000
NODE_3968_length_1190_cov_40.916590	521	601	4	2	80	0.0250000
NODE_3968_length_1190_cov_40.916590	521	601	5	4	80	0.0500000
NODE_3968_length_1190_cov_40.916590	521	601	6	18	80	0.2250000
NODE_3968_length_1190_cov_40.916590	521	601	7	46	80	0.5750000
NODE_3968_length_1190_cov_40.916590	574	654	6	33	80	0.4125000
NODE_3968_length_1190_cov_40.916590	574	654	7	41	80	0.5125000
NODE_3968_length_1190_cov_40.916590	574	654	8	6	80	0.0750000
NODE_3968_length_1190_cov_40.916590	650	730	3	13	80	0.1625000
NODE_3968_length_1190_cov_40.916590	650	730	4	29	80	0.3625000
NODE_3968_length_1190_cov_40.916590	650	730	5	1	80	0.0125000
NODE_3968_length_1190_cov_40.916590	650	730	6	4	80	0.0500000
NODE_3968_length_1190_cov_40.916590	650	730	7	2	80	0.0250000
NODE_3968_length_1190_cov_40.916590	650	730	8	29	80	0.3625000
NODE_3968_length_1190_cov_40.916590	650	730	9	2	80	0.0250000
NODE_3968_length_1190_cov_40.916590	703	783	3	13	80	0.1625000
NODE_3968_length_1190_cov_40.916590	703	783	4	67	80	0.8375000
NODE_3969_length_1190_cov_20.715857	257	337	2	14	80	0.1750000
NODE_3969_length_1190_cov_20.715857	257	337	4	48	80	0.6000000
NODE_3969_length_1190_cov_20.715857	257	337	5	18	80	0.2250000
NODE_3969_length_1190_cov_20.715857	310	390	4	19	80	0.2375000
NODE_3969_length_1190_cov_20.715857	310	390	5	21	80	0.2625000
NODE_3969_length_1190_cov_20.715857	310	390	6	34	80	0.4250000
NODE_3969_length_1190_cov_20.715857	310	390	8	6	80	0.0750000
NODE_3970_length_1190_cov_19.724106	296	376	6	19	80	0.2375000
NODE_3970_length_1190_cov_19.724106	296	376	7	54	80	0.6750000
NODE_3970_length_1190_cov_19.724106	296	376	8	7	80	0.0875000
NODE_3970_length_1190_cov_19.724106	349	429	4	15	80	0.1875000
NODE_3970_length_1190_cov_19.724106	349	429	6	56	80	0.7000000
NODE_3970_length_1190_cov_19.724106	349	429	7	6	80	0.0750000
NODE_3970_length_1190_cov_19.724106	349	429	8	3	80	0.0375000
NODE_3973_length_1190_cov_2.698442	1022	1070	0	48	48	1.0000000
NODE_3973_length_1190_cov_2.698442	1075	1123	0	48	48	1.0000000
NODE_3977_length_1189_cov_29.193578	576	656	2	23	80	0.2875000
NODE_3977_length_1189_cov_29.193578	576	656	7	24	80	0.3000000
NODE_3977_length_1189_cov_29.193578	576	656	8	31	80	0.3875000
NODE_3977_length_1189_cov_29.193578	576	656	9	2	80	0.0250000
NODE_3977_length_1189_cov_29.193578	629	709	8	27	80	0.3375000
NODE_3977_length_1189_cov_29.193578	629	709	9	31	80	0.3875000
NODE_3977_length_1189_cov_29.193578	629	709	10	22	80	0.2750000
NODE_3978_length_1189_cov_13.484404	315	341	1	26	26	1.0000000
NODE_3978_length_1189_cov_13.484404	366	446	1	42	80	0.5250000
NODE_3978_length_1189_cov_13.484404	366	446	2	38	80	0.4750000
NODE_3984_length_1188_cov_19.278237	396	476	3	13	80	0.1625000
NODE_3984_length_1188_cov_19.278237	396	476	4	5	80	0.0625000
NODE_3984_length_1188_cov_19.278237	396	476	5	32	80	0.4000000
NODE_3984_length_1188_cov_19.278237	396	476	6	30	80	0.3750000
NODE_3984_length_1188_cov_19.278237	449	529	3	4	80	0.0500000
NODE_3984_length_1188_cov_19.278237	449	529	5	36	80	0.4500000
NODE_3984_length_1188_cov_19.278237	449	529	6	40	80	0.5000000
NODE_3990_length_1187_cov_63.185662	529	609	5	18	80	0.2250000
NODE_3990_length_1187_cov_63.185662	529	609	6	23	80	0.2875000
NODE_3990_length_1187_cov_63.185662	529	609	7	32	80	0.4000000
NODE_3990_length_1187_cov_63.185662	529	609	8	7	80	0.0875000
NODE_3990_length_1187_cov_63.185662	582	662	6	13	80	0.1625000
NODE_3990_length_1187_cov_63.185662	582	662	7	25	80	0.3125000
NODE_3990_length_1187_cov_63.185662	582	662	8	23	80	0.2875000
NODE_3990_length_1187_cov_63.185662	582	662	10	1	80	0.0125000
NODE_3990_length_1187_cov_63.185662	582	662	11	18	80	0.2250000
NODE_3990_length_1187_cov_63.185662	658	738	9	4	80	0.0500000
NODE_3990_length_1187_cov_63.185662	658	738	10	9	80	0.1125000
NODE_3990_length_1187_cov_63.185662	658	738	11	14	80	0.1750000
NODE_3990_length_1187_cov_63.185662	658	738	12	3	80	0.0375000
NODE_3990_length_1187_cov_63.185662	658	738	13	11	80	0.1375000
NODE_3990_length_1187_cov_63.185662	658	738	14	6	80	0.0750000
NODE_3990_length_1187_cov_63.185662	658	738	15	2	80	0.0250000
NODE_3990_length_1187_cov_63.185662	658	738	17	18	80	0.2250000
NODE_3990_length_1187_cov_63.185662	658	738	18	7	80	0.0875000
NODE_3990_length_1187_cov_63.185662	658	738	19	6	80	0.0750000
NODE_3990_length_1187_cov_63.185662	711	791	17	53	80	0.6625000
NODE_3990_length_1187_cov_63.185662	711	791	18	15	80	0.1875000
NODE_3990_length_1187_cov_63.185662	711	791	19	12	80	0.1500000
NODE_3991_length_1187_cov_36.926471	432	512	3	4	80	0.0500000
NODE_3991_length_1187_cov_36.926471	432	512	4	39	80	0.4875000
NODE_3991_length_1187_cov_36.926471	432	512	5	37	80	0.4625000
NODE_3991_length_1187_cov_36.926471	485	565	3	4	80	0.0500000
NODE_3991_length_1187_cov_36.926471	485	565	4	67	80	0.8375000
NODE_3991_length_1187_cov_36.926471	485	565	5	9	80	0.1125000
NODE_3991_length_1187_cov_36.926471	561	641	4	70	80	0.8750000
NODE_3991_length_1187_cov_36.926471	561	641	5	9	80	0.1125000
NODE_3991_length_1187_cov_36.926471	561	641	6	1	80	0.0125000
NODE_3991_length_1187_cov_36.926471	614	694	3	12	80	0.1500000
NODE_3991_length_1187_cov_36.926471	614	694	4	45	80	0.5625000
NODE_3991_length_1187_cov_36.926471	614	694	5	3	80	0.0375000
NODE_3991_length_1187_cov_36.926471	614	694	6	20	80	0.2500000
NODE_3992_length_1187_cov_20.383272	492	572	0	59	80	0.7375000
NODE_3992_length_1187_cov_20.383272	492	572	1	21	80	0.2625000
NODE_3992_length_1187_cov_20.383272	545	625	0	6	80	0.0750000
NODE_3992_length_1187_cov_20.383272	545	625	1	74	80	0.9250000
NODE_3993_length_1187_cov_17.941176	377	457	0	19	80	0.2375000
NODE_3993_length_1187_cov_17.941176	377	457	2	31	80	0.3875000
NODE_3993_length_1187_cov_17.941176	377	457	3	19	80	0.2375000
NODE_3993_length_1187_cov_17.941176	377	457	5	11	80	0.1375000
NODE_3993_length_1187_cov_17.941176	430	510	3	16	80	0.2000000
NODE_3993_length_1187_cov_17.941176	430	510	5	64	80	0.8000000
NODE_3993_length_1187_cov_17.941176	506	586	1	9	80	0.1125000
NODE_3993_length_1187_cov_17.941176	506	586	2	18	80	0.2250000
NODE_3993_length_1187_cov_17.941176	506	586	3	3	80	0.0375000
NODE_3993_length_1187_cov_17.941176	506	586	4	17	80	0.2125000
NODE_3993_length_1187_cov_17.941176	506	586	5	33	80	0.4125000
NODE_3993_length_1187_cov_17.941176	559	639	1	62	80	0.7750000
NODE_3993_length_1187_cov_17.941176	559	639	2	18	80	0.2250000
NODE_3997_length_1186_cov_59.606256	338	418	11	8	80	0.1000000
NODE_3997_length_1186_cov_59.606256	338	418	13	14	80	0.1750000
NODE_3997_length_1186_cov_59.606256	338	418	15	5	80	0.0625000
NODE_3997_length_1186_cov_59.606256	338	418	16	5	80	0.0625000
NODE_3997_length_1186_cov_59.606256	338	418	17	4	80	0.0500000
NODE_3997_length_1186_cov_59.606256	338	418	18	11	80	0.1375000
NODE_3997_length_1186_cov_59.606256	338	418	20	9	80	0.1125000
NODE_3997_length_1186_cov_59.606256	338	418	21	6	80	0.0750000
NODE_3997_length_1186_cov_59.606256	338	418	22	14	80	0.1750000
NODE_3997_length_1186_cov_59.606256	338	418	23	4	80	0.0500000
NODE_3997_length_1186_cov_59.606256	391	471	19	2	80	0.0250000
NODE_3997_length_1186_cov_59.606256	391	471	20	15	80	0.1875000
NODE_3997_length_1186_cov_59.606256	391	471	21	12	80	0.1500000
NODE_3997_length_1186_cov_59.606256	391	471	22	27	80	0.3375000
NODE_3997_length_1186_cov_59.606256	391	471	23	6	80	0.0750000
NODE_3997_length_1186_cov_59.606256	391	471	25	4	80	0.0500000
NODE_3997_length_1186_cov_59.606256	391	471	26	14	80	0.1750000
NODE_3997_length_1186_cov_59.606256	480	551	18	4	71	0.0563380
NODE_3997_length_1186_cov_59.606256	480	551	19	2	71	0.0281690
NODE_3997_length_1186_cov_59.606256	480	551	20	18	71	0.2535211
NODE_3997_length_1186_cov_59.606256	480	551	21	8	71	0.1126761
NODE_3997_length_1186_cov_59.606256	480	551	22	13	71	0.1830986
NODE_3997_length_1186_cov_59.606256	480	551	24	14	71	0.1971831
NODE_3997_length_1186_cov_59.606256	480	551	25	7	71	0.0985916
NODE_3997_length_1186_cov_59.606256	480	551	26	5	71	0.0704225
NODE_3997_length_1186_cov_59.606256	524	604	9	4	80	0.0500000
NODE_3997_length_1186_cov_59.606256	524	604	10	2	80	0.0250000
NODE_3997_length_1186_cov_59.606256	524	604	12	12	80	0.1500000
NODE_3997_length_1186_cov_59.606256	524	604	13	17	80	0.2125000
NODE_3997_length_1186_cov_59.606256	524	604	14	8	80	0.1000000
NODE_3997_length_1186_cov_59.606256	524	604	16	8	80	0.1000000
NODE_3997_length_1186_cov_59.606256	524	604	17	2	80	0.0250000
NODE_3997_length_1186_cov_59.606256	524	604	18	4	80	0.0500000
NODE_3997_length_1186_cov_59.606256	524	604	19	2	80	0.0250000
NODE_3997_length_1186_cov_59.606256	524	604	20	18	80	0.2250000
NODE_3997_length_1186_cov_59.606256	524	604	21	3	80	0.0375000
NODE_3998_length_1186_cov_34.937443	582	662	4	42	80	0.5250000
NODE_3998_length_1186_cov_34.937443	582	662	5	14	80	0.1750000
NODE_3998_length_1186_cov_34.937443	582	662	6	23	80	0.2875000
NODE_3998_length_1186_cov_34.937443	582	662	7	1	80	0.0125000
NODE_3998_length_1186_cov_34.937443	635	715	3	34	80	0.4250000
NODE_3998_length_1186_cov_34.937443	635	715	4	6	80	0.0750000
NODE_3998_length_1186_cov_34.937443	635	715	5	27	80	0.3375000
NODE_3998_length_1186_cov_34.937443	635	715	6	13	80	0.1625000
NODE_3998_length_1186_cov_34.937443	711	791	5	48	80	0.6000000
NODE_3998_length_1186_cov_34.937443	711	791	6	19	80	0.2375000
NODE_3998_length_1186_cov_34.937443	711	791	8	13	80	0.1625000
NODE_3998_length_1186_cov_34.937443	764	844	3	50	80	0.6250000
NODE_3998_length_1186_cov_34.937443	764	844	5	17	80	0.2125000
NODE_3998_length_1186_cov_34.937443	764	844	6	3	80	0.0375000
NODE_3998_length_1186_cov_34.937443	764	844	8	10	80	0.1250000
NODE_3999_length_1186_cov_29.840846	511	591	0	6	80	0.0750000
NODE_3999_length_1186_cov_29.840846	511	591	1	1	80	0.0125000
NODE_3999_length_1186_cov_29.840846	511	591	2	17	80	0.2125000
NODE_3999_length_1186_cov_29.840846	511	591	3	56	80	0.7000000
NODE_3999_length_1186_cov_29.840846	564	644	3	80	80	1.0000000
NODE_3999_length_1186_cov_29.840846	640	720	0	35	80	0.4375000
NODE_3999_length_1186_cov_29.840846	640	720	1	18	80	0.2250000
NODE_3999_length_1186_cov_29.840846	640	720	3	27	80	0.3375000
NODE_3999_length_1186_cov_29.840846	693	773	0	80	80	1.0000000
NODE_4000_length_1186_cov_13.108556	578	658	4	56	80	0.7000000
NODE_4000_length_1186_cov_13.108556	578	658	5	7	80	0.0875000
NODE_4000_length_1186_cov_13.108556	578	658	6	17	80	0.2125000
NODE_4000_length_1186_cov_13.108556	631	711	2	4	80	0.0500000
NODE_4000_length_1186_cov_13.108556	631	711	3	26	80	0.3250000
NODE_4000_length_1186_cov_13.108556	631	711	4	26	80	0.3250000
NODE_4000_length_1186_cov_13.108556	631	711	5	7	80	0.0875000
NODE_4000_length_1186_cov_13.108556	631	711	6	17	80	0.2125000
NODE_4001_length_1186_cov_12.867525	404	484	2	39	80	0.4875000
NODE_4001_length_1186_cov_12.867525	404	484	3	19	80	0.2375000
NODE_4001_length_1186_cov_12.867525	404	484	5	22	80	0.2750000
NODE_4001_length_1186_cov_12.867525	457	534	3	38	77	0.4935065
NODE_4001_length_1186_cov_12.867525	457	534	5	39	77	0.5064935
NODE_4001_length_1186_cov_12.867525	536	613	3	36	77	0.4675325
NODE_4001_length_1186_cov_12.867525	536	613	4	41	77	0.5324675
NODE_4001_length_1186_cov_12.867525	586	666	3	34	80	0.4250000
NODE_4001_length_1186_cov_12.867525	586	666	4	18	80	0.2250000
NODE_4001_length_1186_cov_12.867525	586	666	5	28	80	0.3500000
NODE_4002_length_1186_cov_12.135235	643	723	2	14	80	0.1750000
NODE_4002_length_1186_cov_12.135235	643	723	3	14	80	0.1750000
NODE_4002_length_1186_cov_12.135235	643	723	4	52	80	0.6500000
NODE_4002_length_1186_cov_12.135235	696	776	3	13	80	0.1625000
NODE_4002_length_1186_cov_12.135235	696	776	4	67	80	0.8375000
NODE_4012_length_1185_cov_36.974217	423	503	5	16	80	0.2000000
NODE_4012_length_1185_cov_36.974217	423	503	6	40	80	0.5000000
NODE_4012_length_1185_cov_36.974217	423	503	8	24	80	0.3000000
NODE_4012_length_1185_cov_36.974217	476	556	4	7	80	0.0875000
NODE_4012_length_1185_cov_36.974217	476	556	6	13	80	0.1625000
NODE_4012_length_1185_cov_36.974217	476	556	7	13	80	0.1625000
NODE_4012_length_1185_cov_36.974217	476	556	8	47	80	0.5875000
NODE_4013_length_1185_cov_28.410681	448	528	3	80	80	1.0000000
NODE_4013_length_1185_cov_28.410681	501	581	2	32	80	0.4000000
NODE_4013_length_1185_cov_28.410681	501	581	3	27	80	0.3375000
NODE_4013_length_1185_cov_28.410681	501	581	4	21	80	0.2625000
NODE_4014_length_1185_cov_19.768877	411	491	0	20	80	0.2500000
NODE_4014_length_1185_cov_19.768877	411	491	1	11	80	0.1375000
NODE_4014_length_1185_cov_19.768877	411	491	5	1	80	0.0125000
NODE_4014_length_1185_cov_19.768877	411	491	6	25	80	0.3125000
NODE_4014_length_1185_cov_19.768877	411	491	7	18	80	0.2250000
NODE_4014_length_1185_cov_19.768877	411	491	8	3	80	0.0375000
NODE_4014_length_1185_cov_19.768877	411	491	9	2	80	0.0250000
NODE_4014_length_1185_cov_19.768877	464	544	6	4	80	0.0500000
NODE_4014_length_1185_cov_19.768877	464	544	7	32	80	0.4000000
NODE_4014_length_1185_cov_19.768877	464	544	8	3	80	0.0375000
NODE_4014_length_1185_cov_19.768877	464	544	9	33	80	0.4125000
NODE_4014_length_1185_cov_19.768877	464	544	10	5	80	0.0625000
NODE_4014_length_1185_cov_19.768877	464	544	11	3	80	0.0375000
NODE_4014_length_1185_cov_19.768877	540	620	8	11	80	0.1375000
NODE_4014_length_1185_cov_19.768877	540	620	9	50	80	0.6250000
NODE_4014_length_1185_cov_19.768877	540	620	10	16	80	0.2000000
NODE_4014_length_1185_cov_19.768877	540	620	11	3	80	0.0375000
NODE_4014_length_1185_cov_19.768877	593	673	8	8	80	0.1000000
NODE_4014_length_1185_cov_19.768877	593	673	10	20	80	0.2500000
NODE_4014_length_1185_cov_19.768877	593	673	11	15	80	0.1875000
NODE_4014_length_1185_cov_19.768877	593	673	12	24	80	0.3000000
NODE_4014_length_1185_cov_19.768877	593	673	13	13	80	0.1625000
NODE_4015_length_1185_cov_14.490792	379	459	3	14	80	0.1750000
NODE_4015_length_1185_cov_14.490792	379	459	5	66	80	0.8250000
NODE_4015_length_1185_cov_14.490792	432	512	0	8	80	0.1000000
NODE_4015_length_1185_cov_14.490792	432	512	1	7	80	0.0875000
NODE_4015_length_1185_cov_14.490792	432	512	2	19	80	0.2375000
NODE_4015_length_1185_cov_14.490792	432	512	3	33	80	0.4125000
NODE_4015_length_1185_cov_14.490792	432	512	5	13	80	0.1625000
NODE_4016_length_1185_cov_13.686004	677	757	1	1	80	0.0125000
NODE_4016_length_1185_cov_13.686004	677	757	4	58	80	0.7250000
NODE_4016_length_1185_cov_13.686004	677	757	5	21	80	0.2625000
NODE_4016_length_1185_cov_13.686004	730	810	4	68	80	0.8500000
NODE_4016_length_1185_cov_13.686004	730	810	5	12	80	0.1500000
NODE_4017_length_1185_cov_12.362799	711	791	1	3	80	0.0375000
NODE_4017_length_1185_cov_12.362799	711	791	2	54	80	0.6750000
NODE_4017_length_1185_cov_12.362799	711	791	3	23	80	0.2875000
NODE_4017_length_1185_cov_12.362799	764	844	1	56	80	0.7000000
NODE_4017_length_1185_cov_12.362799	764	844	2	8	80	0.1000000
NODE_4017_length_1185_cov_12.362799	764	844	3	16	80	0.2000000
NODE_4024_length_1184_cov_30.061751	416	497	7	42	81	0.5185185
NODE_4024_length_1184_cov_30.061751	416	497	8	39	81	0.4814815
NODE_4024_length_1184_cov_30.061751	470	550	4	9	80	0.1125000
NODE_4024_length_1184_cov_30.061751	470	550	5	2	80	0.0250000
NODE_4024_length_1184_cov_30.061751	470	550	6	6	80	0.0750000
NODE_4024_length_1184_cov_30.061751	470	550	7	30	80	0.3750000
NODE_4024_length_1184_cov_30.061751	470	550	8	25	80	0.3125000
NODE_4024_length_1184_cov_30.061751	470	550	9	8	80	0.1000000
NODE_4024_length_1184_cov_30.061751	546	627	4	5	81	0.0617284
NODE_4024_length_1184_cov_30.061751	546	627	5	33	81	0.4074074
NODE_4024_length_1184_cov_30.061751	546	627	6	28	81	0.3456790
NODE_4024_length_1184_cov_30.061751	546	627	7	12	81	0.1481481
NODE_4024_length_1184_cov_30.061751	546	627	8	3	81	0.0370370
NODE_4024_length_1184_cov_30.061751	600	680	5	7	80	0.0875000
NODE_4024_length_1184_cov_30.061751	600	680	6	33	80	0.4125000
NODE_4024_length_1184_cov_30.061751	600	680	7	32	80	0.4000000
NODE_4024_length_1184_cov_30.061751	600	680	8	8	80	0.1000000
NODE_4025_length_1184_cov_19.544700	550	630	3	56	80	0.7000000
NODE_4025_length_1184_cov_19.544700	550	630	4	24	80	0.3000000
NODE_4025_length_1184_cov_19.544700	603	683	2	14	80	0.1750000
NODE_4025_length_1184_cov_19.544700	603	683	3	4	80	0.0500000
NODE_4025_length_1184_cov_19.544700	603	683	4	62	80	0.7750000
NODE_4025_length_1184_cov_19.544700	679	759	0	10	80	0.1250000
NODE_4025_length_1184_cov_19.544700	679	759	1	25	80	0.3125000
NODE_4025_length_1184_cov_19.544700	679	759	2	17	80	0.2125000
NODE_4025_length_1184_cov_19.544700	679	759	4	28	80	0.3500000
NODE_4025_length_1184_cov_19.544700	732	812	4	80	80	1.0000000
NODE_4026_length_1184_cov_9.129954	624	704	2	6	80	0.0750000
NODE_4026_length_1184_cov_9.129954	624	704	3	30	80	0.3750000
NODE_4026_length_1184_cov_9.129954	624	704	4	44	80	0.5500000
NODE_4026_length_1184_cov_9.129954	677	757	2	9	80	0.1125000
NODE_4026_length_1184_cov_9.129954	677	757	3	21	80	0.2625000
NODE_4026_length_1184_cov_9.129954	677	757	4	50	80	0.6250000
NODE_4031_length_1183_cov_17.260148	545	625	1	61	80	0.7625000
NODE_4031_length_1183_cov_17.260148	545	625	2	19	80	0.2375000
NODE_4031_length_1183_cov_17.260148	598	678	1	52	80	0.6500000
NODE_4031_length_1183_cov_17.260148	598	678	2	28	80	0.3500000
NODE_4031_length_1183_cov_17.260148	674	754	2	34	80	0.4250000
NODE_4031_length_1183_cov_17.260148	674	754	3	36	80	0.4500000
NODE_4031_length_1183_cov_17.260148	674	754	4	10	80	0.1250000
NODE_4031_length_1183_cov_17.260148	727	807	1	1	80	0.0125000
NODE_4031_length_1183_cov_17.260148	727	807	2	1	80	0.0125000
NODE_4031_length_1183_cov_17.260148	727	807	3	78	80	0.9750000
NODE_4032_length_1183_cov_9.777675	484	564	0	56	80	0.7000000
NODE_4032_length_1183_cov_9.777675	484	564	2	24	80	0.3000000
NODE_4032_length_1183_cov_9.777675	537	617	0	3	80	0.0375000
NODE_4032_length_1183_cov_9.777675	537	617	2	77	80	0.9625000
NODE_4033_length_1183_cov_6.847786	711	791	2	80	80	1.0000000
NODE_4033_length_1183_cov_6.847786	764	844	0	22	80	0.2750000
NODE_4033_length_1183_cov_6.847786	764	844	2	58	80	0.7250000
NODE_4033_length_1183_cov_6.847786	840	920	0	80	80	1.0000000
NODE_4033_length_1183_cov_6.847786	893	973	0	80	80	1.0000000
NODE_4035_length_1183_cov_2.680812	59	139	2	80	80	1.0000000
NODE_4040_length_1182_cov_64.600185	588	668	13	2	80	0.0250000
NODE_4040_length_1182_cov_64.600185	588	668	14	18	80	0.2250000
NODE_4040_length_1182_cov_64.600185	588	668	15	14	80	0.1750000
NODE_4040_length_1182_cov_64.600185	588	668	16	19	80	0.2375000
NODE_4040_length_1182_cov_64.600185	588	668	17	10	80	0.1250000
NODE_4040_length_1182_cov_64.600185	588	668	18	17	80	0.2125000
NODE_4040_length_1182_cov_64.600185	641	721	13	8	80	0.1000000
NODE_4040_length_1182_cov_64.600185	641	721	14	11	80	0.1375000
NODE_4040_length_1182_cov_64.600185	641	721	15	25	80	0.3125000
NODE_4040_length_1182_cov_64.600185	641	721	16	35	80	0.4375000
NODE_4040_length_1182_cov_64.600185	641	721	17	1	80	0.0125000
NODE_4040_length_1182_cov_64.600185	717	797	6	4	80	0.0500000
NODE_4040_length_1182_cov_64.600185	717	797	7	2	80	0.0250000
NODE_4040_length_1182_cov_64.600185	717	797	8	30	80	0.3750000
NODE_4040_length_1182_cov_64.600185	717	797	9	34	80	0.4250000
NODE_4040_length_1182_cov_64.600185	717	797	10	4	80	0.0500000
NODE_4040_length_1182_cov_64.600185	717	797	12	1	80	0.0125000
NODE_4040_length_1182_cov_64.600185	717	797	13	5	80	0.0625000
NODE_4040_length_1182_cov_64.600185	770	849	3	3	79	0.0379747
NODE_4040_length_1182_cov_64.600185	770	849	4	1	79	0.0126582
NODE_4040_length_1182_cov_64.600185	770	849	5	9	79	0.1139240
NODE_4040_length_1182_cov_64.600185	770	849	6	19	79	0.2405063
NODE_4040_length_1182_cov_64.600185	770	849	7	14	79	0.1772152
NODE_4040_length_1182_cov_64.600185	770	849	8	25	79	0.3164557
NODE_4040_length_1182_cov_64.600185	770	849	9	8	79	0.1012658
NODE_4041_length_1182_cov_18.584488	487	557	4	25	70	0.3571429
NODE_4041_length_1182_cov_18.584488	487	557	6	45	70	0.6428571
NODE_4041_length_1182_cov_18.584488	536	612	3	28	76	0.3684210
NODE_4041_length_1182_cov_18.584488	536	612	4	13	76	0.1710526
NODE_4041_length_1182_cov_18.584488	536	612	5	9	76	0.1184211
NODE_4041_length_1182_cov_18.584488	536	612	6	26	76	0.3421053
NODE_4041_length_1182_cov_18.584488	608	688	3	72	80	0.9000000
NODE_4041_length_1182_cov_18.584488	608	688	5	8	80	0.1000000
NODE_4041_length_1182_cov_18.584488	671	741	1	8	70	0.1142857
NODE_4041_length_1182_cov_18.584488	671	741	2	28	70	0.4000000
NODE_4041_length_1182_cov_18.584488	671	741	3	21	70	0.3000000
NODE_4041_length_1182_cov_18.584488	671	741	4	13	70	0.1857143
NODE_4042_length_1182_cov_18.075716	598	678	5	34	80	0.4250000
NODE_4042_length_1182_cov_18.075716	598	678	6	3	80	0.0375000
NODE_4042_length_1182_cov_18.075716	598	678	7	43	80	0.5375000
NODE_4042_length_1182_cov_18.075716	651	731	5	15	80	0.1875000
NODE_4042_length_1182_cov_18.075716	651	731	6	10	80	0.1250000
NODE_4042_length_1182_cov_18.075716	651	731	7	37	80	0.4625000
NODE_4042_length_1182_cov_18.075716	651	731	8	9	80	0.1125000
NODE_4042_length_1182_cov_18.075716	651	731	9	9	80	0.1125000
NODE_4042_length_1182_cov_18.075716	727	807	1	21	80	0.2625000
NODE_4042_length_1182_cov_18.075716	727	807	3	36	80	0.4500000
NODE_4042_length_1182_cov_18.075716	727	807	4	5	80	0.0625000
NODE_4042_length_1182_cov_18.075716	727	807	6	18	80	0.2250000
NODE_4042_length_1182_cov_18.075716	780	860	0	13	80	0.1625000
NODE_4042_length_1182_cov_18.075716	780	860	1	61	80	0.7625000
NODE_4042_length_1182_cov_18.075716	780	860	3	6	80	0.0750000
NODE_4043_length_1182_cov_8.716528	464	544	4	14	80	0.1750000
NODE_4043_length_1182_cov_8.716528	464	544	6	37	80	0.4625000
NODE_4043_length_1182_cov_8.716528	464	544	8	29	80	0.3625000
NODE_4043_length_1182_cov_8.716528	517	597	6	5	80	0.0625000
NODE_4043_length_1182_cov_8.716528	517	597	8	75	80	0.9375000
NODE_4044_length_1182_cov_4.109880	793	873	0	80	80	1.0000000
NODE_4044_length_1182_cov_4.109880	846	926	0	80	80	1.0000000
NODE_4045_length_1182_cov_3.433980	1052	1100	0	48	48	1.0000000
NODE_4050_length_1181_cov_13.856747	687	767	5	40	80	0.5000000
NODE_4050_length_1181_cov_13.856747	687	767	6	25	80	0.3125000
NODE_4050_length_1181_cov_13.856747	687	767	7	13	80	0.1625000
NODE_4050_length_1181_cov_13.856747	687	767	8	2	80	0.0250000
NODE_4050_length_1181_cov_13.856747	740	820	6	20	80	0.2500000
NODE_4050_length_1181_cov_13.856747	740	820	7	17	80	0.2125000
NODE_4050_length_1181_cov_13.856747	740	820	8	39	80	0.4875000
NODE_4050_length_1181_cov_13.856747	740	820	9	4	80	0.0500000
NODE_4051_length_1181_cov_8.239372	735	815	0	22	80	0.2750000
NODE_4051_length_1181_cov_8.239372	735	815	1	8	80	0.1000000
NODE_4051_length_1181_cov_8.239372	735	815	2	7	80	0.0875000
NODE_4051_length_1181_cov_8.239372	735	815	3	12	80	0.1500000
NODE_4051_length_1181_cov_8.239372	735	815	4	31	80	0.3875000
NODE_4059_length_1180_cov_46.345051	695	775	9	28	80	0.3500000
NODE_4059_length_1180_cov_46.345051	695	775	10	18	80	0.2250000
NODE_4059_length_1180_cov_46.345051	695	775	11	9	80	0.1125000
NODE_4059_length_1180_cov_46.345051	695	775	12	25	80	0.3125000
NODE_4059_length_1180_cov_46.345051	748	828	6	3	80	0.0375000
NODE_4059_length_1180_cov_46.345051	748	828	7	7	80	0.0875000
NODE_4059_length_1180_cov_46.345051	748	828	9	3	80	0.0375000
NODE_4059_length_1180_cov_46.345051	748	828	10	51	80	0.6375000
NODE_4059_length_1180_cov_46.345051	748	828	11	3	80	0.0375000
NODE_4059_length_1180_cov_46.345051	748	828	12	13	80	0.1625000
NODE_4066_length_1179_cov_93.272222	660	740	15	2	80	0.0250000
NODE_4066_length_1179_cov_93.272222	660	740	16	12	80	0.1500000
NODE_4066_length_1179_cov_93.272222	660	740	18	2	80	0.0250000
NODE_4066_length_1179_cov_93.272222	660	740	19	11	80	0.1375000
NODE_4066_length_1179_cov_93.272222	660	740	20	49	80	0.6125000
NODE_4066_length_1179_cov_93.272222	660	740	21	3	80	0.0375000
NODE_4066_length_1179_cov_93.272222	660	740	22	1	80	0.0125000
NODE_4066_length_1179_cov_93.272222	713	793	14	1	80	0.0125000
NODE_4066_length_1179_cov_93.272222	713	793	15	7	80	0.0875000
NODE_4066_length_1179_cov_93.272222	713	793	17	16	80	0.2000000
NODE_4066_length_1179_cov_93.272222	713	793	18	19	80	0.2375000
NODE_4066_length_1179_cov_93.272222	713	793	19	1	80	0.0125000
NODE_4066_length_1179_cov_93.272222	713	793	20	26	80	0.3250000
NODE_4066_length_1179_cov_93.272222	713	793	21	5	80	0.0625000
NODE_4066_length_1179_cov_93.272222	713	793	22	5	80	0.0625000
NODE_4067_length_1179_cov_55.355556	547	627	9	2	80	0.0250000
NODE_4067_length_1179_cov_55.355556	547	627	10	12	80	0.1500000
NODE_4067_length_1179_cov_55.355556	547	627	11	30	80	0.3750000
NODE_4067_length_1179_cov_55.355556	547	627	12	20	80	0.2500000
NODE_4067_length_1179_cov_55.355556	547	627	14	4	80	0.0500000
NODE_4067_length_1179_cov_55.355556	547	627	16	12	80	0.1500000
NODE_4067_length_1179_cov_55.355556	600	680	11	8	80	0.1000000
NODE_4067_length_1179_cov_55.355556	600	680	12	3	80	0.0375000
NODE_4067_length_1179_cov_55.355556	600	680	14	4	80	0.0500000
NODE_4067_length_1179_cov_55.355556	600	680	15	4	80	0.0500000
NODE_4067_length_1179_cov_55.355556	600	680	16	31	80	0.3875000
NODE_4067_length_1179_cov_55.355556	600	680	17	26	80	0.3250000
NODE_4067_length_1179_cov_55.355556	600	680	18	2	80	0.0250000
NODE_4067_length_1179_cov_55.355556	600	680	19	2	80	0.0250000
NODE_4068_length_1179_cov_29.712037	613	693	0	52	80	0.6500000
NODE_4068_length_1179_cov_29.712037	613	693	1	28	80	0.3500000
NODE_4068_length_1179_cov_29.712037	666	746	1	80	80	1.0000000
NODE_4069_length_1179_cov_26.767593	483	563	0	13	80	0.1625000
NODE_4069_length_1179_cov_26.767593	483	563	1	67	80	0.8375000
NODE_4069_length_1179_cov_26.767593	536	616	1	37	80	0.4625000
NODE_4069_length_1179_cov_26.767593	536	616	3	1	80	0.0125000
NODE_4069_length_1179_cov_26.767593	536	616	5	17	80	0.2125000
NODE_4069_length_1179_cov_26.767593	536	616	7	25	80	0.3125000
NODE_4069_length_1179_cov_26.767593	612	692	7	31	80	0.3875000
NODE_4069_length_1179_cov_26.767593	612	692	8	7	80	0.0875000
NODE_4069_length_1179_cov_26.767593	612	692	9	42	80	0.5250000
NODE_4069_length_1179_cov_26.767593	665	745	1	11	80	0.1375000
NODE_4069_length_1179_cov_26.767593	665	745	3	8	80	0.1000000
NODE_4069_length_1179_cov_26.767593	665	745	5	21	80	0.2625000
NODE_4069_length_1179_cov_26.767593	665	745	7	7	80	0.0875000
NODE_4069_length_1179_cov_26.767593	665	745	9	33	80	0.4125000
NODE_4070_length_1179_cov_22.249074	581	661	0	80	80	1.0000000
NODE_4070_length_1179_cov_22.249074	634	714	0	80	80	1.0000000
NODE_4071_length_1179_cov_16.538889	498	568	18	1	70	0.0142857
NODE_4071_length_1179_cov_16.538889	498	568	19	6	70	0.0857143
NODE_4071_length_1179_cov_16.538889	498	568	20	7	70	0.1000000
NODE_4071_length_1179_cov_16.538889	498	568	21	5	70	0.0714286
NODE_4071_length_1179_cov_16.538889	498	568	22	10	70	0.1428571
NODE_4071_length_1179_cov_16.538889	498	568	24	7	70	0.1000000
NODE_4071_length_1179_cov_16.538889	498	568	25	19	70	0.2714286
NODE_4071_length_1179_cov_16.538889	498	568	26	15	70	0.2142857
NODE_4072_length_1179_cov_15.442593	535	615	5	40	80	0.5000000
NODE_4072_length_1179_cov_15.442593	535	615	6	28	80	0.3500000
NODE_4072_length_1179_cov_15.442593	535	615	7	12	80	0.1500000
NODE_4072_length_1179_cov_15.442593	588	668	4	20	80	0.2500000
NODE_4072_length_1179_cov_15.442593	588	668	5	5	80	0.0625000
NODE_4072_length_1179_cov_15.442593	588	668	6	43	80	0.5375000
NODE_4072_length_1179_cov_15.442593	588	668	7	12	80	0.1500000
NODE_4076_length_1179_cov_2.419444	1108	1155	0	47	47	1.0000000
NODE_4078_length_1179_cov_1.009259	944	1024	0	80	80	1.0000000
NODE_4078_length_1179_cov_1.009259	997	1077	0	80	80	1.0000000
NODE_4079_length_1178_cov_42.484708	423	503	10	10	80	0.1250000
NODE_4079_length_1178_cov_42.484708	423	503	11	43	80	0.5375000
NODE_4079_length_1178_cov_42.484708	423	503	12	27	80	0.3375000
NODE_4079_length_1178_cov_42.484708	476	556	6	9	80	0.1125000
NODE_4079_length_1178_cov_42.484708	476	556	8	9	80	0.1125000
NODE_4079_length_1178_cov_42.484708	476	556	9	2	80	0.0250000
NODE_4079_length_1178_cov_42.484708	476	556	10	11	80	0.1375000
NODE_4079_length_1178_cov_42.484708	476	556	11	32	80	0.4000000
NODE_4079_length_1178_cov_42.484708	476	556	12	17	80	0.2125000
NODE_4079_length_1178_cov_42.484708	552	632	5	11	80	0.1375000
NODE_4079_length_1178_cov_42.484708	552	632	6	23	80	0.2875000
NODE_4079_length_1178_cov_42.484708	552	632	7	6	80	0.0750000
NODE_4079_length_1178_cov_42.484708	552	632	8	7	80	0.0875000
NODE_4079_length_1178_cov_42.484708	552	632	9	27	80	0.3375000
NODE_4079_length_1178_cov_42.484708	552	632	11	6	80	0.0750000
NODE_4079_length_1178_cov_42.484708	605	685	8	6	80	0.0750000
NODE_4079_length_1178_cov_42.484708	605	685	9	48	80	0.6000000
NODE_4079_length_1178_cov_42.484708	605	685	10	20	80	0.2500000
NODE_4079_length_1178_cov_42.484708	605	685	11	6	80	0.0750000
NODE_4080_length_1178_cov_15.332715	215	295	3	43	80	0.5375000
NODE_4080_length_1178_cov_15.332715	215	295	4	28	80	0.3500000
NODE_4080_length_1178_cov_15.332715	215	295	5	9	80	0.1125000
NODE_4080_length_1178_cov_15.332715	268	348	2	20	80	0.2500000
NODE_4080_length_1178_cov_15.332715	268	348	3	16	80	0.2000000
NODE_4080_length_1178_cov_15.332715	268	348	4	18	80	0.2250000
NODE_4080_length_1178_cov_15.332715	268	348	5	26	80	0.3250000
NODE_4081_length_1178_cov_11.403151	527	607	0	80	80	1.0000000
NODE_4081_length_1178_cov_11.403151	580	660	0	80	80	1.0000000
NODE_4084_length_1177_cov_34.920223	369	449	1	65	80	0.8125000
NODE_4084_length_1177_cov_34.920223	369	449	2	15	80	0.1875000
NODE_4084_length_1177_cov_34.920223	422	502	1	12	80	0.1500000
NODE_4084_length_1177_cov_34.920223	422	502	2	53	80	0.6625000
NODE_4084_length_1177_cov_34.920223	422	502	4	15	80	0.1875000
NODE_4084_length_1177_cov_34.920223	498	578	3	43	80	0.5375000
NODE_4084_length_1177_cov_34.920223	498	578	4	37	80	0.4625000
NODE_4084_length_1177_cov_34.920223	551	631	1	14	80	0.1750000
NODE_4084_length_1177_cov_34.920223	551	631	3	42	80	0.5250000
NODE_4084_length_1177_cov_34.920223	551	631	4	24	80	0.3000000
NODE_4085_length_1177_cov_12.186456	481	561	2	80	80	1.0000000
NODE_4085_length_1177_cov_12.186456	534	614	2	47	80	0.5875000
NODE_4085_length_1177_cov_12.186456	534	614	3	33	80	0.4125000
NODE_4085_length_1177_cov_12.186456	610	690	1	37	80	0.4625000
NODE_4085_length_1177_cov_12.186456	610	690	2	26	80	0.3250000
NODE_4085_length_1177_cov_12.186456	610	690	3	17	80	0.2125000
NODE_4085_length_1177_cov_12.186456	663	743	1	2	80	0.0250000
NODE_4085_length_1177_cov_12.186456	663	743	2	40	80	0.5000000
NODE_4085_length_1177_cov_12.186456	663	743	3	38	80	0.4750000
NODE_4086_length_1177_cov_11.926716	443	523	2	41	80	0.5125000
NODE_4086_length_1177_cov_11.926716	443	523	3	39	80	0.4875000
NODE_4086_length_1177_cov_11.926716	496	578	3	34	82	0.4146341
NODE_4086_length_1177_cov_11.926716	496	578	4	3	82	0.0365854
NODE_4086_length_1177_cov_11.926716	496	578	5	45	82	0.5487805
NODE_4088_length_1177_cov_5.923933	358	438	1	72	80	0.9000000
NODE_4088_length_1177_cov_5.923933	358	438	2	8	80	0.1000000
NODE_4088_length_1177_cov_5.923933	411	491	1	80	80	1.0000000
NODE_4089_length_1177_cov_5.775510	760	840	0	28	80	0.3500000
NODE_4089_length_1177_cov_5.775510	760	840	1	4	80	0.0500000
NODE_4089_length_1177_cov_5.775510	760	840	2	38	80	0.4750000
NODE_4089_length_1177_cov_5.775510	760	840	3	10	80	0.1250000
NODE_4089_length_1177_cov_5.775510	813	893	2	17	80	0.2125000
NODE_4089_length_1177_cov_5.775510	813	893	3	30	80	0.3750000
NODE_4089_length_1177_cov_5.775510	813	893	4	33	80	0.4125000
NODE_4096_length_1176_cov_26.994429	377	457	2	36	80	0.4500000
NODE_4096_length_1176_cov_26.994429	377	457	3	44	80	0.5500000
NODE_4096_length_1176_cov_26.994429	430	510	2	37	80	0.4625000
NODE_4096_length_1176_cov_26.994429	430	510	3	31	80	0.3875000
NODE_4096_length_1176_cov_26.994429	430	510	5	8	80	0.1000000
NODE_4096_length_1176_cov_26.994429	430	510	6	4	80	0.0500000
NODE_4096_length_1176_cov_26.994429	506	586	5	12	80	0.1500000
NODE_4096_length_1176_cov_26.994429	506	586	6	9	80	0.1125000
NODE_4096_length_1176_cov_26.994429	506	586	7	2	80	0.0250000
NODE_4096_length_1176_cov_26.994429	506	586	8	9	80	0.1125000
NODE_4096_length_1176_cov_26.994429	506	586	10	2	80	0.0250000
NODE_4096_length_1176_cov_26.994429	506	586	11	1	80	0.0125000
NODE_4096_length_1176_cov_26.994429	506	586	12	2	80	0.0250000
NODE_4096_length_1176_cov_26.994429	506	586	13	1	80	0.0125000
NODE_4096_length_1176_cov_26.994429	506	586	14	3	80	0.0375000
NODE_4096_length_1176_cov_26.994429	506	586	16	39	80	0.4875000
NODE_4096_length_1176_cov_26.994429	559	639	11	16	80	0.2000000
NODE_4096_length_1176_cov_26.994429	559	639	13	6	80	0.0750000
NODE_4096_length_1176_cov_26.994429	559	639	14	3	80	0.0375000
NODE_4096_length_1176_cov_26.994429	559	639	16	55	80	0.6875000
NODE_4097_length_1176_cov_15.766945	531	611	0	37	80	0.4625000
NODE_4097_length_1176_cov_15.766945	531	611	1	43	80	0.5375000
NODE_4097_length_1176_cov_15.766945	584	664	1	53	80	0.6625000
NODE_4097_length_1176_cov_15.766945	584	664	2	27	80	0.3375000
NODE_4098_length_1176_cov_14.882080	628	708	6	1	80	0.0125000
NODE_4098_length_1176_cov_14.882080	628	708	7	29	80	0.3625000
NODE_4098_length_1176_cov_14.882080	628	708	8	50	80	0.6250000
NODE_4098_length_1176_cov_14.882080	681	761	5	3	80	0.0375000
NODE_4098_length_1176_cov_14.882080	681	761	6	9	80	0.1125000
NODE_4098_length_1176_cov_14.882080	681	761	7	10	80	0.1250000
NODE_4098_length_1176_cov_14.882080	681	761	8	24	80	0.3000000
NODE_4098_length_1176_cov_14.882080	681	761	9	34	80	0.4250000
NODE_4099_length_1176_cov_10.692665	392	472	4	16	80	0.2000000
NODE_4099_length_1176_cov_10.692665	392	472	5	64	80	0.8000000
NODE_4099_length_1176_cov_10.692665	445	525	4	19	80	0.2375000
NODE_4099_length_1176_cov_10.692665	445	525	5	33	80	0.4125000
NODE_4099_length_1176_cov_10.692665	445	525	6	23	80	0.2875000
NODE_4099_length_1176_cov_10.692665	445	525	7	5	80	0.0625000
NODE_4106_length_1175_cov_50.754647	526	606	8	7	80	0.0875000
NODE_4106_length_1175_cov_50.754647	526	606	9	2	80	0.0250000
NODE_4106_length_1175_cov_50.754647	526	606	10	11	80	0.1375000
NODE_4106_length_1175_cov_50.754647	526	606	11	1	80	0.0125000
NODE_4106_length_1175_cov_50.754647	526	606	12	8	80	0.1000000
NODE_4106_length_1175_cov_50.754647	526	606	13	8	80	0.1000000
NODE_4106_length_1175_cov_50.754647	526	606	14	6	80	0.0750000
NODE_4106_length_1175_cov_50.754647	526	606	16	2	80	0.0250000
NODE_4106_length_1175_cov_50.754647	526	606	17	12	80	0.1500000
NODE_4106_length_1175_cov_50.754647	526	606	18	4	80	0.0500000
NODE_4106_length_1175_cov_50.754647	526	606	20	9	80	0.1125000
NODE_4106_length_1175_cov_50.754647	526	606	21	10	80	0.1250000
NODE_4106_length_1175_cov_50.754647	579	659	17	4	80	0.0500000
NODE_4106_length_1175_cov_50.754647	579	659	18	4	80	0.0500000
NODE_4106_length_1175_cov_50.754647	579	659	20	9	80	0.1125000
NODE_4106_length_1175_cov_50.754647	579	659	21	11	80	0.1375000
NODE_4106_length_1175_cov_50.754647	579	659	22	6	80	0.0750000
NODE_4106_length_1175_cov_50.754647	579	659	23	1	80	0.0125000
NODE_4106_length_1175_cov_50.754647	579	659	24	4	80	0.0500000
NODE_4106_length_1175_cov_50.754647	579	659	25	4	80	0.0500000
NODE_4106_length_1175_cov_50.754647	579	659	26	4	80	0.0500000
NODE_4106_length_1175_cov_50.754647	579	659	27	29	80	0.3625000
NODE_4106_length_1175_cov_50.754647	579	659	28	4	80	0.0500000
NODE_4107_length_1175_cov_42.638476	327	407	4	8	80	0.1000000
NODE_4107_length_1175_cov_42.638476	327	407	5	11	80	0.1375000
NODE_4107_length_1175_cov_42.638476	327	407	6	1	80	0.0125000
NODE_4107_length_1175_cov_42.638476	327	407	8	9	80	0.1125000
NODE_4107_length_1175_cov_42.638476	327	407	9	15	80	0.1875000
NODE_4107_length_1175_cov_42.638476	327	407	10	1	80	0.0125000
NODE_4107_length_1175_cov_42.638476	327	407	11	30	80	0.3750000
NODE_4107_length_1175_cov_42.638476	327	407	12	5	80	0.0625000
NODE_4107_length_1175_cov_42.638476	380	460	10	2	80	0.0250000
NODE_4107_length_1175_cov_42.638476	380	460	11	49	80	0.6125000
NODE_4107_length_1175_cov_42.638476	380	460	12	29	80	0.3625000
NODE_4107_length_1175_cov_42.638476	456	536	2	5	80	0.0625000
NODE_4107_length_1175_cov_42.638476	456	536	4	8	80	0.1000000
NODE_4107_length_1175_cov_42.638476	456	536	5	17	80	0.2125000
NODE_4107_length_1175_cov_42.638476	456	536	6	10	80	0.1250000
NODE_4107_length_1175_cov_42.638476	456	536	7	4	80	0.0500000
NODE_4107_length_1175_cov_42.638476	456	536	9	7	80	0.0875000
NODE_4107_length_1175_cov_42.638476	456	536	10	27	80	0.3375000
NODE_4107_length_1175_cov_42.638476	456	536	12	2	80	0.0250000
NODE_4107_length_1175_cov_42.638476	509	589	2	15	80	0.1875000
NODE_4107_length_1175_cov_42.638476	509	589	3	10	80	0.1250000
NODE_4107_length_1175_cov_42.638476	509	589	4	8	80	0.1000000
NODE_4107_length_1175_cov_42.638476	509	589	5	47	80	0.5875000
NODE_4108_length_1175_cov_40.217472	437	517	12	15	80	0.1875000
NODE_4108_length_1175_cov_40.217472	437	517	13	29	80	0.3625000
NODE_4108_length_1175_cov_40.217472	437	517	14	29	80	0.3625000
NODE_4108_length_1175_cov_40.217472	437	517	15	7	80	0.0875000
NODE_4108_length_1175_cov_40.217472	490	570	9	3	80	0.0375000
NODE_4108_length_1175_cov_40.217472	490	570	10	2	80	0.0250000
NODE_4108_length_1175_cov_40.217472	490	570	11	3	80	0.0375000
NODE_4108_length_1175_cov_40.217472	490	570	12	9	80	0.1125000
NODE_4108_length_1175_cov_40.217472	490	570	13	39	80	0.4875000
NODE_4108_length_1175_cov_40.217472	490	570	14	21	80	0.2625000
NODE_4108_length_1175_cov_40.217472	490	570	15	3	80	0.0375000
NODE_4108_length_1175_cov_40.217472	566	646	9	9	80	0.1125000
NODE_4108_length_1175_cov_40.217472	566	646	10	1	80	0.0125000
NODE_4108_length_1175_cov_40.217472	566	646	11	8	80	0.1000000
NODE_4108_length_1175_cov_40.217472	566	646	13	6	80	0.0750000
NODE_4108_length_1175_cov_40.217472	566	646	14	26	80	0.3250000
NODE_4108_length_1175_cov_40.217472	566	646	15	30	80	0.3750000
NODE_4108_length_1175_cov_40.217472	619	699	9	2	80	0.0250000
NODE_4108_length_1175_cov_40.217472	619	699	10	1	80	0.0125000
NODE_4108_length_1175_cov_40.217472	619	699	11	21	80	0.2625000
NODE_4108_length_1175_cov_40.217472	619	699	12	5	80	0.0625000
NODE_4108_length_1175_cov_40.217472	619	699	13	18	80	0.2250000
NODE_4108_length_1175_cov_40.217472	619	699	14	27	80	0.3375000
NODE_4108_length_1175_cov_40.217472	619	699	15	6	80	0.0750000
NODE_4109_length_1175_cov_12.834572	775	855	6	11	80	0.1375000
NODE_4109_length_1175_cov_12.834572	775	855	8	21	80	0.2625000
NODE_4109_length_1175_cov_12.834572	775	855	9	15	80	0.1875000
NODE_4109_length_1175_cov_12.834572	775	855	10	33	80	0.4125000
NODE_4109_length_1175_cov_12.834572	828	908	1	21	80	0.2625000
NODE_4109_length_1175_cov_12.834572	828	908	2	11	80	0.1375000
NODE_4109_length_1175_cov_12.834572	828	908	3	8	80	0.1000000
NODE_4109_length_1175_cov_12.834572	828	908	4	11	80	0.1375000
NODE_4109_length_1175_cov_12.834572	828	908	6	13	80	0.1625000
NODE_4109_length_1175_cov_12.834572	828	908	8	16	80	0.2000000
NODE_4115_length_1174_cov_20.569302	433	513	1	48	80	0.6000000
NODE_4115_length_1174_cov_20.569302	433	513	3	6	80	0.0750000
NODE_4115_length_1174_cov_20.569302	433	513	4	26	80	0.3250000
NODE_4115_length_1174_cov_20.569302	486	566	3	33	80	0.4125000
NODE_4115_length_1174_cov_20.569302	486	566	4	31	80	0.3875000
NODE_4115_length_1174_cov_20.569302	486	566	5	16	80	0.2000000
NODE_4115_length_1174_cov_20.569302	562	642	5	5	80	0.0625000
NODE_4115_length_1174_cov_20.569302	562	642	6	23	80	0.2875000
NODE_4115_length_1174_cov_20.569302	562	642	7	29	80	0.3625000
NODE_4115_length_1174_cov_20.569302	562	642	8	5	80	0.0625000
NODE_4115_length_1174_cov_20.569302	562	642	9	18	80	0.2250000
NODE_4115_length_1174_cov_20.569302	615	695	7	6	80	0.0750000
NODE_4115_length_1174_cov_20.569302	615	695	8	58	80	0.7250000
NODE_4115_length_1174_cov_20.569302	615	695	9	16	80	0.2000000
NODE_4116_length_1174_cov_18.797209	578	658	0	80	80	1.0000000
NODE_4116_length_1174_cov_18.797209	631	711	0	80	80	1.0000000
NODE_4117_length_1174_cov_17.486512	589	669	4	8	80	0.1000000
NODE_4117_length_1174_cov_17.486512	589	669	6	9	80	0.1125000
NODE_4117_length_1174_cov_17.486512	589	669	7	11	80	0.1375000
NODE_4117_length_1174_cov_17.486512	589	669	8	10	80	0.1250000
NODE_4117_length_1174_cov_17.486512	589	669	9	21	80	0.2625000
NODE_4117_length_1174_cov_17.486512	589	669	10	21	80	0.2625000
NODE_4117_length_1174_cov_17.486512	642	722	2	11	80	0.1375000
NODE_4117_length_1174_cov_17.486512	642	722	4	3	80	0.0375000
NODE_4117_length_1174_cov_17.486512	642	722	6	42	80	0.5250000
NODE_4117_length_1174_cov_17.486512	642	722	7	11	80	0.1375000
NODE_4117_length_1174_cov_17.486512	642	722	8	8	80	0.1000000
NODE_4117_length_1174_cov_17.486512	642	722	9	5	80	0.0625000
NODE_4118_length_1174_cov_15.888372	570	650	6	7	80	0.0875000
NODE_4118_length_1174_cov_15.888372	570	650	8	52	80	0.6500000
NODE_4118_length_1174_cov_15.888372	570	650	10	21	80	0.2625000
NODE_4118_length_1174_cov_15.888372	623	703	6	8	80	0.1000000
NODE_4118_length_1174_cov_15.888372	623	703	8	29	80	0.3625000
NODE_4118_length_1174_cov_15.888372	623	703	10	43	80	0.5375000
NODE_4118_length_1174_cov_15.888372	699	779	2	33	80	0.4125000
NODE_4118_length_1174_cov_15.888372	699	779	4	33	80	0.4125000
NODE_4118_length_1174_cov_15.888372	699	779	6	14	80	0.1750000
NODE_4118_length_1174_cov_15.888372	752	832	0	10	80	0.1250000
NODE_4118_length_1174_cov_15.888372	752	832	2	70	80	0.8750000
NODE_4124_length_1174_cov_1.536744	1066	1115	0	49	49	1.0000000
NODE_4124_length_1174_cov_1.536744	1088	1168	0	80	80	1.0000000
NODE_4128_length_1173_cov_29.562384	455	535	1	14	80	0.1750000
NODE_4128_length_1173_cov_29.562384	455	535	3	13	80	0.1625000
NODE_4128_length_1173_cov_29.562384	455	535	5	53	80	0.6625000
NODE_4128_length_1173_cov_29.562384	508	588	5	53	80	0.6625000
NODE_4128_length_1173_cov_29.562384	508	588	6	26	80	0.3250000
NODE_4128_length_1173_cov_29.562384	508	588	7	1	80	0.0125000
NODE_4128_length_1173_cov_29.562384	584	664	4	9	80	0.1125000
NODE_4128_length_1173_cov_29.562384	584	664	5	23	80	0.2875000
NODE_4128_length_1173_cov_29.562384	584	664	6	16	80	0.2000000
NODE_4128_length_1173_cov_29.562384	584	664	7	6	80	0.0750000
NODE_4128_length_1173_cov_29.562384	584	664	8	26	80	0.3250000
NODE_4128_length_1173_cov_29.562384	637	717	4	32	80	0.4000000
NODE_4128_length_1173_cov_29.562384	637	717	5	48	80	0.6000000
NODE_4129_length_1173_cov_25.206704	395	475	2	6	80	0.0750000
NODE_4129_length_1173_cov_25.206704	395	475	4	10	80	0.1250000
NODE_4129_length_1173_cov_25.206704	395	475	6	1	80	0.0125000
NODE_4129_length_1173_cov_25.206704	395	475	7	8	80	0.1000000
NODE_4129_length_1173_cov_25.206704	395	475	8	2	80	0.0250000
NODE_4129_length_1173_cov_25.206704	395	475	10	26	80	0.3250000
NODE_4129_length_1173_cov_25.206704	395	475	11	5	80	0.0625000
NODE_4129_length_1173_cov_25.206704	395	475	12	22	80	0.2750000
NODE_4129_length_1173_cov_25.206704	448	528	6	3	80	0.0375000
NODE_4129_length_1173_cov_25.206704	448	528	7	1	80	0.0125000
NODE_4129_length_1173_cov_25.206704	448	528	8	8	80	0.1000000
NODE_4129_length_1173_cov_25.206704	448	528	9	1	80	0.0125000
NODE_4129_length_1173_cov_25.206704	448	528	10	12	80	0.1500000
NODE_4129_length_1173_cov_25.206704	448	528	11	5	80	0.0625000
NODE_4129_length_1173_cov_25.206704	448	528	12	50	80	0.6250000
NODE_4130_length_1173_cov_9.486965	693	773	0	80	80	1.0000000
NODE_4130_length_1173_cov_9.486965	746	826	0	51	80	0.6375000
NODE_4130_length_1173_cov_9.486965	746	826	2	29	80	0.3625000
NODE_4131_length_1173_cov_7.946927	201	281	6	5	80	0.0625000
NODE_4131_length_1173_cov_7.946927	201	281	7	2	80	0.0250000
NODE_4131_length_1173_cov_7.946927	201	281	8	6	80	0.0750000
NODE_4131_length_1173_cov_7.946927	201	281	9	24	80	0.3000000
NODE_4131_length_1173_cov_7.946927	201	281	10	36	80	0.4500000
NODE_4131_length_1173_cov_7.946927	201	281	11	7	80	0.0875000
NODE_4131_length_1173_cov_7.946927	254	334	8	50	80	0.6250000
NODE_4131_length_1173_cov_7.946927	254	334	9	1	80	0.0125000
NODE_4131_length_1173_cov_7.946927	254	334	10	22	80	0.2750000
NODE_4131_length_1173_cov_7.946927	254	334	11	7	80	0.0875000
NODE_4136_length_1172_cov_37.177074	527	607	5	10	80	0.1250000
NODE_4136_length_1172_cov_37.177074	527	607	8	10	80	0.1250000
NODE_4136_length_1172_cov_37.177074	527	607	9	60	80	0.7500000
NODE_4136_length_1172_cov_37.177074	580	660	6	14	80	0.1750000
NODE_4136_length_1172_cov_37.177074	580	660	7	21	80	0.2625000
NODE_4136_length_1172_cov_37.177074	580	660	8	28	80	0.3500000
NODE_4136_length_1172_cov_37.177074	580	660	9	17	80	0.2125000
NODE_4137_length_1172_cov_20.397018	677	757	8	8	80	0.1000000
NODE_4137_length_1172_cov_20.397018	677	757	9	18	80	0.2250000
NODE_4137_length_1172_cov_20.397018	677	757	10	46	80	0.5750000
NODE_4137_length_1172_cov_20.397018	677	757	11	8	80	0.1000000
NODE_4137_length_1172_cov_20.397018	730	810	5	4	80	0.0500000
NODE_4137_length_1172_cov_20.397018	730	810	6	15	80	0.1875000
NODE_4137_length_1172_cov_20.397018	730	810	7	4	80	0.0500000
NODE_4137_length_1172_cov_20.397018	730	810	8	21	80	0.2625000
NODE_4137_length_1172_cov_20.397018	730	810	10	19	80	0.2375000
NODE_4137_length_1172_cov_20.397018	730	810	11	17	80	0.2125000
NODE_4138_length_1172_cov_15.018639	460	540	7	32	80	0.4000000
NODE_4138_length_1172_cov_15.018639	460	540	8	25	80	0.3125000
NODE_4138_length_1172_cov_15.018639	460	540	9	23	80	0.2875000
NODE_4138_length_1172_cov_15.018639	513	593	3	2	80	0.0250000
NODE_4138_length_1172_cov_15.018639	513	593	4	11	80	0.1375000
NODE_4138_length_1172_cov_15.018639	513	593	5	7	80	0.0875000
NODE_4138_length_1172_cov_15.018639	513	593	6	12	80	0.1500000
NODE_4138_length_1172_cov_15.018639	513	593	7	21	80	0.2625000
NODE_4138_length_1172_cov_15.018639	513	593	8	4	80	0.0500000
NODE_4138_length_1172_cov_15.018639	513	593	9	23	80	0.2875000
NODE_4139_length_1172_cov_13.199441	622	702	4	38	80	0.4750000
NODE_4139_length_1172_cov_13.199441	622	702	5	10	80	0.1250000
NODE_4139_length_1172_cov_13.199441	622	702	6	17	80	0.2125000
NODE_4139_length_1172_cov_13.199441	622	702	7	15	80	0.1875000
NODE_4139_length_1172_cov_13.199441	675	755	6	12	80	0.1500000
NODE_4139_length_1172_cov_13.199441	675	755	7	45	80	0.5625000
NODE_4139_length_1172_cov_13.199441	675	755	8	8	80	0.1000000
NODE_4139_length_1172_cov_13.199441	675	755	9	15	80	0.1875000
NODE_4140_length_1172_cov_10.720410	499	579	2	80	80	1.0000000
NODE_4140_length_1172_cov_10.720410	552	632	0	28	80	0.3500000
NODE_4140_length_1172_cov_10.720410	552	632	1	15	80	0.1875000
NODE_4140_length_1172_cov_10.720410	552	632	2	37	80	0.4625000
NODE_4140_length_1172_cov_10.720410	628	708	1	9	80	0.1125000
NODE_4140_length_1172_cov_10.720410	628	708	2	71	80	0.8875000
NODE_4140_length_1172_cov_10.720410	681	761	2	80	80	1.0000000
NODE_4141_length_1172_cov_10.574091	951	1021	0	57	70	0.8142857
NODE_4141_length_1172_cov_10.574091	951	1021	1	13	70	0.1857143
NODE_4142_length_1172_cov_9.204101	276	356	2	1	80	0.0125000
NODE_4142_length_1172_cov_9.204101	276	356	4	79	80	0.9875000
NODE_4142_length_1172_cov_9.204101	329	409	0	41	80	0.5125000
NODE_4142_length_1172_cov_9.204101	329	409	2	13	80	0.1625000
NODE_4142_length_1172_cov_9.204101	329	409	4	26	80	0.3250000
NODE_4148_length_1171_cov_13.311567	666	746	2	11	80	0.1375000
NODE_4148_length_1171_cov_13.311567	666	746	3	21	80	0.2625000
NODE_4148_length_1171_cov_13.311567	666	746	4	44	80	0.5500000
NODE_4148_length_1171_cov_13.311567	666	746	6	4	80	0.0500000
NODE_4148_length_1171_cov_13.311567	719	803	4	23	84	0.2738095
NODE_4148_length_1171_cov_13.311567	719	803	5	3	84	0.0357143
NODE_4148_length_1171_cov_13.311567	719	803	6	58	84	0.6904762
NODE_4149_length_1171_cov_9.154851	198	278	1	80	80	1.0000000
NODE_4149_length_1171_cov_9.154851	251	331	0	42	80	0.5250000
NODE_4149_length_1171_cov_9.154851	251	331	1	38	80	0.4750000
NODE_4157_length_1170_cov_65.480859	402	482	9	2	80	0.0250000
NODE_4157_length_1170_cov_65.480859	402	482	10	6	80	0.0750000
NODE_4157_length_1170_cov_65.480859	402	482	11	4	80	0.0500000
NODE_4157_length_1170_cov_65.480859	402	482	14	28	80	0.3500000
NODE_4157_length_1170_cov_65.480859	402	482	15	6	80	0.0750000
NODE_4157_length_1170_cov_65.480859	402	482	19	1	80	0.0125000
NODE_4157_length_1170_cov_65.480859	402	482	20	19	80	0.2375000
NODE_4157_length_1170_cov_65.480859	402	482	21	14	80	0.1750000
NODE_4157_length_1170_cov_65.480859	455	535	14	5	80	0.0625000
NODE_4157_length_1170_cov_65.480859	455	535	15	11	80	0.1375000
NODE_4157_length_1170_cov_65.480859	455	535	18	15	80	0.1875000
NODE_4157_length_1170_cov_65.480859	455	535	19	11	80	0.1375000
NODE_4157_length_1170_cov_65.480859	455	535	20	27	80	0.3375000
NODE_4157_length_1170_cov_65.480859	455	535	21	11	80	0.1375000
NODE_4158_length_1170_cov_35.283847	704	784	8	8	80	0.1000000
NODE_4158_length_1170_cov_35.283847	704	784	9	11	80	0.1375000
NODE_4158_length_1170_cov_35.283847	704	784	10	22	80	0.2750000
NODE_4158_length_1170_cov_35.283847	704	784	11	14	80	0.1750000
NODE_4158_length_1170_cov_35.283847	704	784	12	6	80	0.0750000
NODE_4158_length_1170_cov_35.283847	704	784	13	19	80	0.2375000
NODE_4158_length_1170_cov_35.283847	757	837	6	8	80	0.1000000
NODE_4158_length_1170_cov_35.283847	757	837	7	10	80	0.1250000
NODE_4158_length_1170_cov_35.283847	757	837	8	34	80	0.4250000
NODE_4158_length_1170_cov_35.283847	757	837	9	1	80	0.0125000
NODE_4158_length_1170_cov_35.283847	757	837	10	3	80	0.0375000
NODE_4158_length_1170_cov_35.283847	757	837	11	7	80	0.0875000
NODE_4158_length_1170_cov_35.283847	757	837	13	17	80	0.2125000
NODE_4159_length_1170_cov_23.600373	450	530	4	7	80	0.0875000
NODE_4159_length_1170_cov_23.600373	450	530	5	70	80	0.8750000
NODE_4159_length_1170_cov_23.600373	450	530	6	3	80	0.0375000
NODE_4159_length_1170_cov_23.600373	503	583	1	44	80	0.5500000
NODE_4159_length_1170_cov_23.600373	503	583	3	3	80	0.0375000
NODE_4159_length_1170_cov_23.600373	503	583	5	33	80	0.4125000
NODE_4159_length_1170_cov_23.600373	579	659	0	9	80	0.1125000
NODE_4159_length_1170_cov_23.600373	579	659	1	46	80	0.5750000
NODE_4159_length_1170_cov_23.600373	579	659	2	25	80	0.3125000
NODE_4159_length_1170_cov_23.600373	632	705	1	2	73	0.0273973
NODE_4159_length_1170_cov_23.600373	632	705	2	71	73	0.9726027
NODE_4160_length_1170_cov_19.783380	325	405	6	5	80	0.0625000
NODE_4160_length_1170_cov_19.783380	325	405	8	3	80	0.0375000
NODE_4160_length_1170_cov_19.783380	325	405	9	46	80	0.5750000
NODE_4160_length_1170_cov_19.783380	325	405	10	26	80	0.3250000
NODE_4160_length_1170_cov_19.783380	378	458	1	15	80	0.1875000
NODE_4160_length_1170_cov_19.783380	378	458	3	5	80	0.0625000
NODE_4160_length_1170_cov_19.783380	378	458	5	3	80	0.0375000
NODE_4160_length_1170_cov_19.783380	378	458	7	28	80	0.3500000
NODE_4160_length_1170_cov_19.783380	378	458	9	29	80	0.3625000
NODE_4168_length_1169_cov_61.689720	464	544	4	12	80	0.1500000
NODE_4168_length_1169_cov_61.689720	464	544	5	1	80	0.0125000
NODE_4168_length_1169_cov_61.689720	464	544	7	12	80	0.1500000
NODE_4168_length_1169_cov_61.689720	464	544	8	14	80	0.1750000
NODE_4168_length_1169_cov_61.689720	464	544	9	19	80	0.2375000
NODE_4168_length_1169_cov_61.689720	464	544	10	22	80	0.2750000
NODE_4168_length_1169_cov_61.689720	517	597	8	18	80	0.2250000
NODE_4168_length_1169_cov_61.689720	517	597	9	8	80	0.1000000
NODE_4168_length_1169_cov_61.689720	517	597	10	29	80	0.3625000
NODE_4168_length_1169_cov_61.689720	517	597	11	8	80	0.1000000
NODE_4168_length_1169_cov_61.689720	517	597	12	17	80	0.2125000
NODE_4168_length_1169_cov_61.689720	593	673	10	5	80	0.0625000
NODE_4168_length_1169_cov_61.689720	593	673	12	9	80	0.1125000
NODE_4168_length_1169_cov_61.689720	593	673	13	1	80	0.0125000
NODE_4168_length_1169_cov_61.689720	593	673	14	17	80	0.2125000
NODE_4168_length_1169_cov_61.689720	593	673	15	8	80	0.1000000
NODE_4168_length_1169_cov_61.689720	593	673	16	34	80	0.4250000
NODE_4168_length_1169_cov_61.689720	593	673	17	2	80	0.0250000
NODE_4168_length_1169_cov_61.689720	593	673	18	4	80	0.0500000
NODE_4168_length_1169_cov_61.689720	646	726	6	7	80	0.0875000
NODE_4168_length_1169_cov_61.689720	646	726	7	7	80	0.0875000
NODE_4168_length_1169_cov_61.689720	646	726	8	14	80	0.1750000
NODE_4168_length_1169_cov_61.689720	646	726	10	15	80	0.1875000
NODE_4168_length_1169_cov_61.689720	646	726	12	1	80	0.0125000
NODE_4168_length_1169_cov_61.689720	646	726	14	24	80	0.3000000
NODE_4168_length_1169_cov_61.689720	646	726	15	2	80	0.0250000
NODE_4168_length_1169_cov_61.689720	646	726	16	10	80	0.1250000
NODE_4169_length_1169_cov_55.247664	640	720	5	32	80	0.4000000
NODE_4169_length_1169_cov_55.247664	640	720	6	26	80	0.3250000
NODE_4169_length_1169_cov_55.247664	640	720	7	18	80	0.2250000
NODE_4169_length_1169_cov_55.247664	640	720	8	4	80	0.0500000
NODE_4169_length_1169_cov_55.247664	693	773	6	27	80	0.3375000
NODE_4169_length_1169_cov_55.247664	693	773	7	22	80	0.2750000
NODE_4169_length_1169_cov_55.247664	693	773	8	13	80	0.1625000
NODE_4169_length_1169_cov_55.247664	693	773	9	6	80	0.0750000
NODE_4169_length_1169_cov_55.247664	693	773	10	12	80	0.1500000
NODE_4170_length_1169_cov_39.016822	447	527	7	12	80	0.1500000
NODE_4170_length_1169_cov_39.016822	447	527	8	12	80	0.1500000
NODE_4170_length_1169_cov_39.016822	447	527	9	8	80	0.1000000
NODE_4170_length_1169_cov_39.016822	447	527	10	17	80	0.2125000
NODE_4170_length_1169_cov_39.016822	447	527	11	7	80	0.0875000
NODE_4170_length_1169_cov_39.016822	447	527	12	24	80	0.3000000
NODE_4170_length_1169_cov_39.016822	500	580	8	23	80	0.2875000
NODE_4170_length_1169_cov_39.016822	500	580	9	1	80	0.0125000
NODE_4170_length_1169_cov_39.016822	500	580	10	36	80	0.4500000
NODE_4170_length_1169_cov_39.016822	500	580	11	5	80	0.0625000
NODE_4170_length_1169_cov_39.016822	500	580	12	15	80	0.1875000
NODE_4170_length_1169_cov_39.016822	576	656	4	12	80	0.1500000
NODE_4170_length_1169_cov_39.016822	576	656	5	10	80	0.1250000
NODE_4170_length_1169_cov_39.016822	576	656	6	16	80	0.2000000
NODE_4170_length_1169_cov_39.016822	576	656	7	7	80	0.0875000
NODE_4170_length_1169_cov_39.016822	576	656	8	2	80	0.0250000
NODE_4170_length_1169_cov_39.016822	576	656	9	20	80	0.2500000
NODE_4170_length_1169_cov_39.016822	576	656	10	13	80	0.1625000
NODE_4170_length_1169_cov_39.016822	629	709	1	1	80	0.0125000
NODE_4170_length_1169_cov_39.016822	629	709	3	20	80	0.2500000
NODE_4170_length_1169_cov_39.016822	629	709	4	12	80	0.1500000
NODE_4170_length_1169_cov_39.016822	629	709	5	42	80	0.5250000
NODE_4170_length_1169_cov_39.016822	629	709	6	5	80	0.0625000
NODE_4171_length_1169_cov_35.383178	582	662	12	4	80	0.0500000
NODE_4171_length_1169_cov_35.383178	582	662	14	13	80	0.1625000
NODE_4171_length_1169_cov_35.383178	582	662	15	37	80	0.4625000
NODE_4171_length_1169_cov_35.383178	582	662	16	26	80	0.3250000
NODE_4171_length_1169_cov_35.383178	635	715	10	4	80	0.0500000
NODE_4171_length_1169_cov_35.383178	635	715	12	18	80	0.2250000
NODE_4171_length_1169_cov_35.383178	635	715	13	14	80	0.1750000
NODE_4171_length_1169_cov_35.383178	635	715	14	10	80	0.1250000
NODE_4171_length_1169_cov_35.383178	635	715	15	13	80	0.1625000
NODE_4171_length_1169_cov_35.383178	635	715	16	19	80	0.2375000
NODE_4171_length_1169_cov_35.383178	635	715	18	2	80	0.0250000
NODE_4173_length_1169_cov_12.010280	338	418	5	38	80	0.4750000
NODE_4173_length_1169_cov_12.010280	338	418	7	41	80	0.5125000
NODE_4173_length_1169_cov_12.010280	338	418	8	1	80	0.0125000
NODE_4173_length_1169_cov_12.010280	391	471	7	62	80	0.7750000
NODE_4173_length_1169_cov_12.010280	391	471	8	6	80	0.0750000
NODE_4173_length_1169_cov_12.010280	391	471	9	12	80	0.1500000
NODE_4175_length_1169_cov_4.172897	74	135	0	61	61	1.0000000
NODE_4175_length_1169_cov_4.172897	74	135	0	61	61	1.0000000
NODE_4175_length_1169_cov_4.172897	74	135	0	61	61	1.0000000
NODE_4183_length_1168_cov_27.350795	517	597	1	13	80	0.1625000
NODE_4183_length_1168_cov_27.350795	517	597	3	53	80	0.6625000
NODE_4183_length_1168_cov_27.350795	517	597	4	14	80	0.1750000
NODE_4183_length_1168_cov_27.350795	570	650	2	16	80	0.2000000
NODE_4183_length_1168_cov_27.350795	570	650	3	13	80	0.1625000
NODE_4183_length_1168_cov_27.350795	570	650	4	51	80	0.6375000
NODE_4183_length_1168_cov_27.350795	646	726	2	54	80	0.6750000
NODE_4183_length_1168_cov_27.350795	646	726	3	26	80	0.3250000
NODE_4183_length_1168_cov_27.350795	699	779	2	6	80	0.0750000
NODE_4183_length_1168_cov_27.350795	699	779	3	29	80	0.3625000
NODE_4183_length_1168_cov_27.350795	699	779	4	45	80	0.5625000
NODE_4184_length_1168_cov_25.777362	672	752	8	14	80	0.1750000
NODE_4184_length_1168_cov_25.777362	672	752	9	33	80	0.4125000
NODE_4184_length_1168_cov_25.777362	672	752	10	17	80	0.2125000
NODE_4184_length_1168_cov_25.777362	672	752	11	13	80	0.1625000
NODE_4184_length_1168_cov_25.777362	672	752	12	3	80	0.0375000
NODE_4184_length_1168_cov_25.777362	725	805	8	35	80	0.4375000
NODE_4184_length_1168_cov_25.777362	725	805	9	16	80	0.2000000
NODE_4184_length_1168_cov_25.777362	725	805	10	12	80	0.1500000
NODE_4184_length_1168_cov_25.777362	725	805	11	14	80	0.1750000
NODE_4184_length_1168_cov_25.777362	725	805	12	3	80	0.0375000
NODE_4185_length_1168_cov_25.295603	543	623	5	3	80	0.0375000
NODE_4185_length_1168_cov_25.295603	543	623	6	58	80	0.7250000
NODE_4185_length_1168_cov_25.295603	543	623	7	19	80	0.2375000
NODE_4185_length_1168_cov_25.295603	596	676	5	3	80	0.0375000
NODE_4185_length_1168_cov_25.295603	596	676	6	25	80	0.3125000
NODE_4185_length_1168_cov_25.295603	596	676	7	14	80	0.1750000
NODE_4185_length_1168_cov_25.295603	596	676	8	22	80	0.2750000
NODE_4185_length_1168_cov_25.295603	596	676	9	10	80	0.1250000
NODE_4185_length_1168_cov_25.295603	596	676	10	6	80	0.0750000
NODE_4185_length_1168_cov_25.295603	672	752	7	24	80	0.3000000
NODE_4185_length_1168_cov_25.295603	672	752	8	42	80	0.5250000
NODE_4185_length_1168_cov_25.295603	672	752	9	9	80	0.1125000
NODE_4185_length_1168_cov_25.295603	672	752	10	5	80	0.0625000
NODE_4185_length_1168_cov_25.295603	725	804	4	17	79	0.2151899
NODE_4185_length_1168_cov_25.295603	725	804	5	27	79	0.3417721
NODE_4185_length_1168_cov_25.295603	725	804	6	5	79	0.0632911
NODE_4185_length_1168_cov_25.295603	725	804	7	15	79	0.1898734
NODE_4185_length_1168_cov_25.295603	725	804	8	15	79	0.1898734
NODE_4186_length_1168_cov_20.202058	434	514	3	6	80	0.0750000
NODE_4186_length_1168_cov_20.202058	434	514	4	3	80	0.0375000
NODE_4186_length_1168_cov_20.202058	434	514	7	71	80	0.8875000
NODE_4186_length_1168_cov_20.202058	487	567	3	11	80	0.1375000
NODE_4186_length_1168_cov_20.202058	487	567	4	4	80	0.0500000
NODE_4186_length_1168_cov_20.202058	487	567	6	32	80	0.4000000
NODE_4186_length_1168_cov_20.202058	487	567	7	28	80	0.3500000
NODE_4186_length_1168_cov_20.202058	487	567	8	5	80	0.0625000
NODE_4187_length_1168_cov_16.787652	405	485	0	30	80	0.3750000
NODE_4187_length_1168_cov_16.787652	405	485	1	14	80	0.1750000
NODE_4187_length_1168_cov_16.787652	405	485	2	10	80	0.1250000
NODE_4187_length_1168_cov_16.787652	405	485	3	18	80	0.2250000
NODE_4187_length_1168_cov_16.787652	405	485	4	8	80	0.1000000
NODE_4187_length_1168_cov_16.787652	458	538	2	1	80	0.0125000
NODE_4187_length_1168_cov_16.787652	458	538	3	18	80	0.2250000
NODE_4187_length_1168_cov_16.787652	458	538	4	11	80	0.1375000
NODE_4187_length_1168_cov_16.787652	458	538	5	3	80	0.0375000
NODE_4187_length_1168_cov_16.787652	458	538	6	47	80	0.5875000
NODE_4188_length_1168_cov_10.079514	722	802	3	25	80	0.3125000
NODE_4188_length_1168_cov_10.079514	722	802	4	11	80	0.1375000
NODE_4188_length_1168_cov_10.079514	722	802	5	44	80	0.5500000
NODE_4188_length_1168_cov_10.079514	775	855	2	15	80	0.1875000
NODE_4188_length_1168_cov_10.079514	775	855	3	19	80	0.2375000
NODE_4188_length_1168_cov_10.079514	775	855	4	16	80	0.2000000
NODE_4188_length_1168_cov_10.079514	775	855	5	30	80	0.3750000
NODE_4198_length_1167_cov_27.961610	591	671	10	13	80	0.1625000
NODE_4198_length_1167_cov_27.961610	591	671	11	3	80	0.0375000
NODE_4198_length_1167_cov_27.961610	591	671	12	17	80	0.2125000
NODE_4198_length_1167_cov_27.961610	591	671	13	10	80	0.1250000
NODE_4198_length_1167_cov_27.961610	591	671	14	13	80	0.1625000
NODE_4198_length_1167_cov_27.961610	591	671	15	24	80	0.3000000
NODE_4198_length_1167_cov_27.961610	644	724	5	4	80	0.0500000
NODE_4198_length_1167_cov_27.961610	644	724	7	6	80	0.0750000
NODE_4198_length_1167_cov_27.961610	644	724	10	11	80	0.1375000
NODE_4198_length_1167_cov_27.961610	644	724	12	28	80	0.3500000
NODE_4198_length_1167_cov_27.961610	644	724	14	7	80	0.0875000
NODE_4198_length_1167_cov_27.961610	644	724	15	24	80	0.3000000
NODE_4199_length_1167_cov_12.393258	670	750	0	80	80	1.0000000
NODE_4199_length_1167_cov_12.393258	723	803	0	38	80	0.4750000
NODE_4199_length_1167_cov_12.393258	723	803	1	42	80	0.5250000
NODE_4200_length_1167_cov_11.189139	434	514	0	16	80	0.2000000
NODE_4200_length_1167_cov_11.189139	434	514	2	64	80	0.8000000
NODE_4200_length_1167_cov_11.189139	487	567	0	69	80	0.8625000
NODE_4200_length_1167_cov_11.189139	487	567	2	11	80	0.1375000
NODE_4201_length_1167_cov_7.998127	711	791	0	80	80	1.0000000
NODE_4201_length_1167_cov_7.998127	764	844	0	80	80	1.0000000
NODE_4206_length_1166_cov_313.815370	444	524	18	2	80	0.0250000
NODE_4206_length_1166_cov_313.815370	444	524	19	4	80	0.0500000
NODE_4206_length_1166_cov_313.815370	444	524	20	7	80	0.0875000
NODE_4206_length_1166_cov_313.815370	444	524	21	3	80	0.0375000
NODE_4206_length_1166_cov_313.815370	444	524	22	1	80	0.0125000
NODE_4206_length_1166_cov_313.815370	444	524	23	4	80	0.0500000
NODE_4206_length_1166_cov_313.815370	444	524	24	8	80	0.1000000
NODE_4206_length_1166_cov_313.815370	444	524	25	4	80	0.0500000
NODE_4206_length_1166_cov_313.815370	444	524	26	1	80	0.0125000
NODE_4206_length_1166_cov_313.815370	444	524	33	1	80	0.0125000
NODE_4206_length_1166_cov_313.815370	444	524	35	2	80	0.0250000
NODE_4206_length_1166_cov_313.815370	444	524	36	1	80	0.0125000
NODE_4206_length_1166_cov_313.815370	444	524	37	21	80	0.2625000
NODE_4206_length_1166_cov_313.815370	444	524	38	10	80	0.1250000
NODE_4206_length_1166_cov_313.815370	444	524	39	7	80	0.0875000
NODE_4206_length_1166_cov_313.815370	444	524	43	1	80	0.0125000
NODE_4206_length_1166_cov_313.815370	444	524	44	3	80	0.0375000
NODE_4206_length_1166_cov_313.815370	444	524	18	2	80	0.0250000
NODE_4206_length_1166_cov_313.815370	444	524	19	4	80	0.0500000
NODE_4206_length_1166_cov_313.815370	444	524	20	7	80	0.0875000
NODE_4206_length_1166_cov_313.815370	444	524	21	3	80	0.0375000
NODE_4206_length_1166_cov_313.815370	444	524	22	1	80	0.0125000
NODE_4206_length_1166_cov_313.815370	444	524	23	4	80	0.0500000
NODE_4206_length_1166_cov_313.815370	444	524	24	8	80	0.1000000
NODE_4206_length_1166_cov_313.815370	444	524	25	4	80	0.0500000
NODE_4206_length_1166_cov_313.815370	444	524	26	1	80	0.0125000
NODE_4206_length_1166_cov_313.815370	444	524	33	1	80	0.0125000
NODE_4206_length_1166_cov_313.815370	444	524	35	2	80	0.0250000
NODE_4206_length_1166_cov_313.815370	444	524	36	1	80	0.0125000
NODE_4206_length_1166_cov_313.815370	444	524	37	21	80	0.2625000
NODE_4206_length_1166_cov_313.815370	444	524	38	10	80	0.1250000
NODE_4206_length_1166_cov_313.815370	444	524	39	7	80	0.0875000
NODE_4206_length_1166_cov_313.815370	444	524	43	1	80	0.0125000
NODE_4206_length_1166_cov_313.815370	444	524	44	3	80	0.0375000
NODE_4206_length_1166_cov_313.815370	444	524	18	2	80	0.0250000
NODE_4206_length_1166_cov_313.815370	444	524	19	4	80	0.0500000
NODE_4206_length_1166_cov_313.815370	444	524	20	7	80	0.0875000
NODE_4206_length_1166_cov_313.815370	444	524	21	3	80	0.0375000
NODE_4206_length_1166_cov_313.815370	444	524	22	1	80	0.0125000
NODE_4206_length_1166_cov_313.815370	444	524	23	4	80	0.0500000
NODE_4206_length_1166_cov_313.815370	444	524	24	8	80	0.1000000
NODE_4206_length_1166_cov_313.815370	444	524	25	4	80	0.0500000
NODE_4206_length_1166_cov_313.815370	444	524	26	1	80	0.0125000
NODE_4206_length_1166_cov_313.815370	444	524	33	1	80	0.0125000
NODE_4206_length_1166_cov_313.815370	444	524	35	2	80	0.0250000
NODE_4206_length_1166_cov_313.815370	444	524	36	1	80	0.0125000
NODE_4206_length_1166_cov_313.815370	444	524	37	21	80	0.2625000
NODE_4206_length_1166_cov_313.815370	444	524	38	10	80	0.1250000
NODE_4206_length_1166_cov_313.815370	444	524	39	7	80	0.0875000
NODE_4206_length_1166_cov_313.815370	444	524	43	1	80	0.0125000
NODE_4206_length_1166_cov_313.815370	444	524	44	3	80	0.0375000
NODE_4206_length_1166_cov_313.815370	444	524	18	2	80	0.0250000
NODE_4206_length_1166_cov_313.815370	444	524	19	4	80	0.0500000
NODE_4206_length_1166_cov_313.815370	444	524	20	7	80	0.0875000
NODE_4206_length_1166_cov_313.815370	444	524	21	3	80	0.0375000
NODE_4206_length_1166_cov_313.815370	444	524	22	1	80	0.0125000
NODE_4206_length_1166_cov_313.815370	444	524	23	4	80	0.0500000
NODE_4206_length_1166_cov_313.815370	444	524	24	8	80	0.1000000
NODE_4206_length_1166_cov_313.815370	444	524	25	4	80	0.0500000
NODE_4206_length_1166_cov_313.815370	444	524	26	1	80	0.0125000
NODE_4206_length_1166_cov_313.815370	444	524	33	1	80	0.0125000
NODE_4206_length_1166_cov_313.815370	444	524	35	2	80	0.0250000
NODE_4206_length_1166_cov_313.815370	444	524	36	1	80	0.0125000
NODE_4206_length_1166_cov_313.815370	444	524	37	21	80	0.2625000
NODE_4206_length_1166_cov_313.815370	444	524	38	10	80	0.1250000
NODE_4206_length_1166_cov_313.815370	444	524	39	7	80	0.0875000
NODE_4206_length_1166_cov_313.815370	444	524	43	1	80	0.0125000
NODE_4206_length_1166_cov_313.815370	444	524	44	3	80	0.0375000
NODE_4206_length_1166_cov_313.815370	444	524	18	2	80	0.0250000
NODE_4206_length_1166_cov_313.815370	444	524	19	4	80	0.0500000
NODE_4206_length_1166_cov_313.815370	444	524	20	7	80	0.0875000
NODE_4206_length_1166_cov_313.815370	444	524	21	3	80	0.0375000
NODE_4206_length_1166_cov_313.815370	444	524	22	1	80	0.0125000
NODE_4206_length_1166_cov_313.815370	444	524	23	4	80	0.0500000
NODE_4206_length_1166_cov_313.815370	444	524	24	8	80	0.1000000
NODE_4206_length_1166_cov_313.815370	444	524	25	4	80	0.0500000
NODE_4206_length_1166_cov_313.815370	444	524	26	1	80	0.0125000
NODE_4206_length_1166_cov_313.815370	444	524	33	1	80	0.0125000
NODE_4206_length_1166_cov_313.815370	444	524	35	2	80	0.0250000
NODE_4206_length_1166_cov_313.815370	444	524	36	1	80	0.0125000
NODE_4206_length_1166_cov_313.815370	444	524	37	21	80	0.2625000
NODE_4206_length_1166_cov_313.815370	444	524	38	10	80	0.1250000
NODE_4206_length_1166_cov_313.815370	444	524	39	7	80	0.0875000
NODE_4206_length_1166_cov_313.815370	444	524	43	1	80	0.0125000
NODE_4206_length_1166_cov_313.815370	444	524	44	3	80	0.0375000
NODE_4206_length_1166_cov_313.815370	444	524	18	2	80	0.0250000
NODE_4206_length_1166_cov_313.815370	444	524	19	4	80	0.0500000
NODE_4206_length_1166_cov_313.815370	444	524	20	7	80	0.0875000
NODE_4206_length_1166_cov_313.815370	444	524	21	3	80	0.0375000
NODE_4206_length_1166_cov_313.815370	444	524	22	1	80	0.0125000
NODE_4206_length_1166_cov_313.815370	444	524	23	4	80	0.0500000
NODE_4206_length_1166_cov_313.815370	444	524	24	8	80	0.1000000
NODE_4206_length_1166_cov_313.815370	444	524	25	4	80	0.0500000
NODE_4206_length_1166_cov_313.815370	444	524	26	1	80	0.0125000
NODE_4206_length_1166_cov_313.815370	444	524	33	1	80	0.0125000
NODE_4206_length_1166_cov_313.815370	444	524	35	2	80	0.0250000
NODE_4206_length_1166_cov_313.815370	444	524	36	1	80	0.0125000
NODE_4206_length_1166_cov_313.815370	444	524	37	21	80	0.2625000
NODE_4206_length_1166_cov_313.815370	444	524	38	10	80	0.1250000
NODE_4206_length_1166_cov_313.815370	444	524	39	7	80	0.0875000
NODE_4206_length_1166_cov_313.815370	444	524	43	1	80	0.0125000
NODE_4206_length_1166_cov_313.815370	444	524	44	3	80	0.0375000
NODE_4206_length_1166_cov_313.815370	497	577	34	3	80	0.0375000
NODE_4206_length_1166_cov_313.815370	497	577	35	2	80	0.0250000
NODE_4206_length_1166_cov_313.815370	497	577	36	27	80	0.3375000
NODE_4206_length_1166_cov_313.815370	497	577	37	6	80	0.0750000
NODE_4206_length_1166_cov_313.815370	497	577	38	11	80	0.1375000
NODE_4206_length_1166_cov_313.815370	497	577	39	10	80	0.1250000
NODE_4206_length_1166_cov_313.815370	497	577	42	2	80	0.0250000
NODE_4206_length_1166_cov_313.815370	497	577	43	8	80	0.1000000
NODE_4206_length_1166_cov_313.815370	497	577	44	11	80	0.1375000
NODE_4206_length_1166_cov_313.815370	497	577	34	3	80	0.0375000
NODE_4206_length_1166_cov_313.815370	497	577	35	2	80	0.0250000
NODE_4206_length_1166_cov_313.815370	497	577	36	27	80	0.3375000
NODE_4206_length_1166_cov_313.815370	497	577	37	6	80	0.0750000
NODE_4206_length_1166_cov_313.815370	497	577	38	11	80	0.1375000
NODE_4206_length_1166_cov_313.815370	497	577	39	10	80	0.1250000
NODE_4206_length_1166_cov_313.815370	497	577	42	2	80	0.0250000
NODE_4206_length_1166_cov_313.815370	497	577	43	8	80	0.1000000
NODE_4206_length_1166_cov_313.815370	497	577	44	11	80	0.1375000
NODE_4206_length_1166_cov_313.815370	497	577	34	3	80	0.0375000
NODE_4206_length_1166_cov_313.815370	497	577	35	2	80	0.0250000
NODE_4206_length_1166_cov_313.815370	497	577	36	27	80	0.3375000
NODE_4206_length_1166_cov_313.815370	497	577	37	6	80	0.0750000
NODE_4206_length_1166_cov_313.815370	497	577	38	11	80	0.1375000
NODE_4206_length_1166_cov_313.815370	497	577	39	10	80	0.1250000
NODE_4206_length_1166_cov_313.815370	497	577	42	2	80	0.0250000
NODE_4206_length_1166_cov_313.815370	497	577	43	8	80	0.1000000
NODE_4206_length_1166_cov_313.815370	497	577	44	11	80	0.1375000
NODE_4206_length_1166_cov_313.815370	497	577	34	3	80	0.0375000
NODE_4206_length_1166_cov_313.815370	497	577	35	2	80	0.0250000
NODE_4206_length_1166_cov_313.815370	497	577	36	27	80	0.3375000
NODE_4206_length_1166_cov_313.815370	497	577	37	6	80	0.0750000
NODE_4206_length_1166_cov_313.815370	497	577	38	11	80	0.1375000
NODE_4206_length_1166_cov_313.815370	497	577	39	10	80	0.1250000
NODE_4206_length_1166_cov_313.815370	497	577	42	2	80	0.0250000
NODE_4206_length_1166_cov_313.815370	497	577	43	8	80	0.1000000
NODE_4206_length_1166_cov_313.815370	497	577	44	11	80	0.1375000
NODE_4206_length_1166_cov_313.815370	497	577	34	3	80	0.0375000
NODE_4206_length_1166_cov_313.815370	497	577	35	2	80	0.0250000
NODE_4206_length_1166_cov_313.815370	497	577	36	27	80	0.3375000
NODE_4206_length_1166_cov_313.815370	497	577	37	6	80	0.0750000
NODE_4206_length_1166_cov_313.815370	497	577	38	11	80	0.1375000
NODE_4206_length_1166_cov_313.815370	497	577	39	10	80	0.1250000
NODE_4206_length_1166_cov_313.815370	497	577	42	2	80	0.0250000
NODE_4206_length_1166_cov_313.815370	497	577	43	8	80	0.1000000
NODE_4206_length_1166_cov_313.815370	497	577	44	11	80	0.1375000
NODE_4206_length_1166_cov_313.815370	497	577	34	3	80	0.0375000
NODE_4206_length_1166_cov_313.815370	497	577	35	2	80	0.0250000
NODE_4206_length_1166_cov_313.815370	497	577	36	27	80	0.3375000
NODE_4206_length_1166_cov_313.815370	497	577	37	6	80	0.0750000
NODE_4206_length_1166_cov_313.815370	497	577	38	11	80	0.1375000
NODE_4206_length_1166_cov_313.815370	497	577	39	10	80	0.1250000
NODE_4206_length_1166_cov_313.815370	497	577	42	2	80	0.0250000
NODE_4206_length_1166_cov_313.815370	497	577	43	8	80	0.1000000
NODE_4206_length_1166_cov_313.815370	497	577	44	11	80	0.1375000
NODE_4206_length_1166_cov_313.815370	497	568	36	23	71	0.3239437
NODE_4206_length_1166_cov_313.815370	497	568	37	6	71	0.0845070
NODE_4206_length_1166_cov_313.815370	497	568	38	11	71	0.1549296
NODE_4206_length_1166_cov_313.815370	497	568	39	10	71	0.1408451
NODE_4206_length_1166_cov_313.815370	497	568	42	2	71	0.0281690
NODE_4206_length_1166_cov_313.815370	497	568	43	8	71	0.1126761
NODE_4206_length_1166_cov_313.815370	497	568	44	11	71	0.1549296
NODE_4206_length_1166_cov_313.815370	500	570	36	25	70	0.3571429
NODE_4206_length_1166_cov_313.815370	500	570	37	4	70	0.0571429
NODE_4206_length_1166_cov_313.815370	500	570	38	10	70	0.1428571
NODE_4206_length_1166_cov_313.815370	500	570	39	10	70	0.1428571
NODE_4206_length_1166_cov_313.815370	500	570	42	2	70	0.0285714
NODE_4206_length_1166_cov_313.815370	500	570	43	8	70	0.1142857
NODE_4206_length_1166_cov_313.815370	500	570	44	11	70	0.1571429
NODE_4206_length_1166_cov_313.815370	997	1077	2	22	80	0.2750000
NODE_4206_length_1166_cov_313.815370	997	1077	3	58	80	0.7250000
NODE_4206_length_1166_cov_313.815370	1050	1130	0	34	80	0.4250000
NODE_4206_length_1166_cov_313.815370	1050	1130	1	11	80	0.1375000
NODE_4206_length_1166_cov_313.815370	1050	1130	2	30	80	0.3750000
NODE_4206_length_1166_cov_313.815370	1050	1130	3	5	80	0.0625000
NODE_4206_length_1166_cov_313.815370	1050	1130	0	34	80	0.4250000
NODE_4206_length_1166_cov_313.815370	1050	1130	1	11	80	0.1375000
NODE_4206_length_1166_cov_313.815370	1050	1130	2	30	80	0.3750000
NODE_4206_length_1166_cov_313.815370	1050	1130	3	5	80	0.0625000
NODE_4206_length_1166_cov_313.815370	1050	1121	0	25	71	0.3521127
NODE_4206_length_1166_cov_313.815370	1050	1121	1	11	71	0.1549296
NODE_4206_length_1166_cov_313.815370	1050	1121	2	30	71	0.4225352
NODE_4206_length_1166_cov_313.815370	1050	1121	3	5	71	0.0704225
NODE_4207_length_1166_cov_25.107779	561	641	6	2	80	0.0250000
NODE_4207_length_1166_cov_25.107779	561	641	7	18	80	0.2250000
NODE_4207_length_1166_cov_25.107779	561	641	9	5	80	0.0625000
NODE_4207_length_1166_cov_25.107779	561	641	11	9	80	0.1125000
NODE_4207_length_1166_cov_25.107779	561	641	12	31	80	0.3875000
NODE_4207_length_1166_cov_25.107779	561	641	14	15	80	0.1875000
NODE_4207_length_1166_cov_25.107779	614	694	7	14	80	0.1750000
NODE_4207_length_1166_cov_25.107779	614	694	9	9	80	0.1125000
NODE_4207_length_1166_cov_25.107779	614	694	11	15	80	0.1875000
NODE_4207_length_1166_cov_25.107779	614	694	12	27	80	0.3375000
NODE_4207_length_1166_cov_25.107779	614	694	14	15	80	0.1875000
NODE_4209_length_1166_cov_18.820056	325	405	1	12	80	0.1500000
NODE_4209_length_1166_cov_18.820056	325	405	2	5	80	0.0625000
NODE_4209_length_1166_cov_18.820056	325	405	3	4	80	0.0500000
NODE_4209_length_1166_cov_18.820056	325	405	4	3	80	0.0375000
NODE_4209_length_1166_cov_18.820056	325	405	5	52	80	0.6500000
NODE_4209_length_1166_cov_18.820056	325	405	7	4	80	0.0500000
NODE_4209_length_1166_cov_18.820056	378	458	5	23	80	0.2875000
NODE_4209_length_1166_cov_18.820056	378	458	7	57	80	0.7125000
NODE_4210_length_1166_cov_18.404873	676	756	1	16	80	0.2000000
NODE_4210_length_1166_cov_18.404873	676	756	2	46	80	0.5750000
NODE_4210_length_1166_cov_18.404873	676	756	3	18	80	0.2250000
NODE_4210_length_1166_cov_18.404873	729	809	2	80	80	1.0000000
NODE_4214_length_1166_cov_1.893158	0	71	0	71	71	1.0000000
NODE_4214_length_1166_cov_1.893158	44	99	0	55	55	1.0000000
NODE_4218_length_1165_cov_29.402439	497	577	4	46	80	0.5750000
NODE_4218_length_1165_cov_29.402439	497	577	5	16	80	0.2000000
NODE_4218_length_1165_cov_29.402439	497	577	6	18	80	0.2250000
NODE_4218_length_1165_cov_29.402439	550	630	2	9	80	0.1125000
NODE_4218_length_1165_cov_29.402439	550	630	3	40	80	0.5000000
NODE_4218_length_1165_cov_29.402439	550	630	4	31	80	0.3875000
NODE_4218_length_1165_cov_29.402439	626	706	2	8	80	0.1000000
NODE_4218_length_1165_cov_29.402439	626	706	3	28	80	0.3500000
NODE_4218_length_1165_cov_29.402439	626	706	5	38	80	0.4750000
NODE_4218_length_1165_cov_29.402439	626	706	6	6	80	0.0750000
NODE_4218_length_1165_cov_29.402439	679	759	5	21	80	0.2625000
NODE_4218_length_1165_cov_29.402439	679	759	6	48	80	0.6000000
NODE_4218_length_1165_cov_29.402439	679	759	7	11	80	0.1375000
NODE_4219_length_1165_cov_28.366792	663	743	5	4	80	0.0500000
NODE_4219_length_1165_cov_28.366792	663	743	6	24	80	0.3000000
NODE_4219_length_1165_cov_28.366792	663	743	8	34	80	0.4250000
NODE_4219_length_1165_cov_28.366792	663	743	10	18	80	0.2250000
NODE_4219_length_1165_cov_28.366792	716	796	5	34	80	0.4250000
NODE_4219_length_1165_cov_28.366792	716	796	6	3	80	0.0375000
NODE_4219_length_1165_cov_28.366792	716	796	8	40	80	0.5000000
NODE_4219_length_1165_cov_28.366792	716	796	10	3	80	0.0375000
NODE_4220_length_1165_cov_23.841463	631	711	1	12	80	0.1500000
NODE_4220_length_1165_cov_23.841463	631	711	2	34	80	0.4250000
NODE_4220_length_1165_cov_23.841463	631	711	3	34	80	0.4250000
NODE_4220_length_1165_cov_23.841463	684	765	2	12	81	0.1481481
NODE_4220_length_1165_cov_23.841463	684	765	3	44	81	0.5432099
NODE_4220_length_1165_cov_23.841463	684	765	5	4	81	0.0493827
NODE_4220_length_1165_cov_23.841463	684	765	6	21	81	0.2592593
NODE_4220_length_1165_cov_23.841463	761	841	5	35	80	0.4375000
NODE_4220_length_1165_cov_23.841463	761	841	6	45	80	0.5625000
NODE_4220_length_1165_cov_23.841463	814	894	4	34	80	0.4250000
NODE_4220_length_1165_cov_23.841463	814	894	5	27	80	0.3375000
NODE_4220_length_1165_cov_23.841463	814	894	6	19	80	0.2375000
NODE_4221_length_1165_cov_21.883677	482	562	4	15	80	0.1875000
NODE_4221_length_1165_cov_21.883677	482	562	5	2	80	0.0250000
NODE_4221_length_1165_cov_21.883677	482	562	6	16	80	0.2000000
NODE_4221_length_1165_cov_21.883677	482	562	9	11	80	0.1375000
NODE_4221_length_1165_cov_21.883677	482	562	10	10	80	0.1250000
NODE_4221_length_1165_cov_21.883677	482	562	11	26	80	0.3250000
NODE_4221_length_1165_cov_21.883677	535	615	2	3	80	0.0375000
NODE_4221_length_1165_cov_21.883677	535	615	5	1	80	0.0125000
NODE_4221_length_1165_cov_21.883677	535	615	6	23	80	0.2875000
NODE_4221_length_1165_cov_21.883677	535	615	8	12	80	0.1500000
NODE_4221_length_1165_cov_21.883677	535	615	9	25	80	0.3125000
NODE_4221_length_1165_cov_21.883677	535	615	11	16	80	0.2000000
NODE_4222_length_1165_cov_14.591932	295	375	2	60	80	0.7500000
NODE_4222_length_1165_cov_14.591932	295	375	4	20	80	0.2500000
NODE_4222_length_1165_cov_14.591932	348	428	0	22	80	0.2750000
NODE_4222_length_1165_cov_14.591932	348	428	2	58	80	0.7250000
NODE_4223_length_1165_cov_13.683865	502	582	1	46	80	0.5750000
NODE_4223_length_1165_cov_13.683865	502	582	2	34	80	0.4250000
NODE_4223_length_1165_cov_13.683865	555	635	0	38	80	0.4750000
NODE_4223_length_1165_cov_13.683865	555	635	1	42	80	0.5250000
NODE_4224_length_1165_cov_7.915572	383	463	0	64	80	0.8000000
NODE_4224_length_1165_cov_7.915572	383	463	2	16	80	0.2000000
NODE_4224_length_1165_cov_7.915572	436	516	0	80	80	1.0000000
NODE_4225_length_1165_cov_7.466229	552	632	3	37	80	0.4625000
NODE_4225_length_1165_cov_7.466229	552	632	4	43	80	0.5375000
NODE_4225_length_1165_cov_7.466229	605	685	4	33	80	0.4125000
NODE_4225_length_1165_cov_7.466229	605	685	5	47	80	0.5875000
NODE_4226_length_1165_cov_5.617261	676	756	1	24	80	0.3000000
NODE_4226_length_1165_cov_5.617261	676	756	2	56	80	0.7000000
NODE_4226_length_1165_cov_5.617261	729	809	2	80	80	1.0000000
NODE_4227_length_1165_cov_3.658537	554	602	1	7	48	0.1458333
NODE_4227_length_1165_cov_3.658537	554	602	2	41	48	0.8541667
NODE_4233_length_1164_cov_55.273239	459	539	3	11	80	0.1375000
NODE_4233_length_1164_cov_55.273239	459	539	4	42	80	0.5250000
NODE_4233_length_1164_cov_55.273239	459	539	5	5	80	0.0625000
NODE_4233_length_1164_cov_55.273239	459	539	6	1	80	0.0125000
NODE_4233_length_1164_cov_55.273239	459	539	7	5	80	0.0625000
NODE_4233_length_1164_cov_55.273239	459	539	8	16	80	0.2000000
NODE_4233_length_1164_cov_55.273239	512	592	4	5	80	0.0625000
NODE_4233_length_1164_cov_55.273239	512	592	6	1	80	0.0125000
NODE_4233_length_1164_cov_55.273239	512	592	7	5	80	0.0625000
NODE_4233_length_1164_cov_55.273239	512	592	8	47	80	0.5875000
NODE_4233_length_1164_cov_55.273239	512	592	9	18	80	0.2250000
NODE_4233_length_1164_cov_55.273239	512	592	10	4	80	0.0500000
NODE_4234_length_1164_cov_44.183099	571	651	6	3	80	0.0375000
NODE_4234_length_1164_cov_44.183099	571	651	7	29	80	0.3625000
NODE_4234_length_1164_cov_44.183099	571	651	9	10	80	0.1250000
NODE_4234_length_1164_cov_44.183099	571	651	10	17	80	0.2125000
NODE_4234_length_1164_cov_44.183099	571	651	12	3	80	0.0375000
NODE_4234_length_1164_cov_44.183099	571	651	13	18	80	0.2250000
NODE_4234_length_1164_cov_44.183099	624	704	10	6	80	0.0750000
NODE_4234_length_1164_cov_44.183099	624	704	12	5	80	0.0625000
NODE_4234_length_1164_cov_44.183099	624	704	13	23	80	0.2875000
NODE_4234_length_1164_cov_44.183099	624	704	14	5	80	0.0625000
NODE_4234_length_1164_cov_44.183099	624	704	15	21	80	0.2625000
NODE_4234_length_1164_cov_44.183099	624	704	16	18	80	0.2250000
NODE_4234_length_1164_cov_44.183099	624	704	17	2	80	0.0250000
NODE_4234_length_1164_cov_44.183099	700	780	10	1	80	0.0125000
NODE_4234_length_1164_cov_44.183099	700	780	11	7	80	0.0875000
NODE_4234_length_1164_cov_44.183099	700	780	12	10	80	0.1250000
NODE_4234_length_1164_cov_44.183099	700	780	13	13	80	0.1625000
NODE_4234_length_1164_cov_44.183099	700	780	15	25	80	0.3125000
NODE_4234_length_1164_cov_44.183099	700	780	16	24	80	0.3000000
NODE_4234_length_1164_cov_44.183099	753	833	2	2	80	0.0250000
NODE_4234_length_1164_cov_44.183099	753	833	3	16	80	0.2000000
NODE_4234_length_1164_cov_44.183099	753	833	4	16	80	0.2000000
NODE_4234_length_1164_cov_44.183099	753	833	6	6	80	0.0750000
NODE_4234_length_1164_cov_44.183099	753	833	8	10	80	0.1250000
NODE_4234_length_1164_cov_44.183099	753	833	9	3	80	0.0375000
NODE_4234_length_1164_cov_44.183099	753	833	10	1	80	0.0125000
NODE_4234_length_1164_cov_44.183099	753	833	11	7	80	0.0875000
NODE_4234_length_1164_cov_44.183099	753	833	12	10	80	0.1250000
NODE_4234_length_1164_cov_44.183099	753	833	13	9	80	0.1125000
NODE_4235_length_1164_cov_14.277934	1029	1109	3	1	80	0.0125000
NODE_4235_length_1164_cov_14.277934	1029	1109	4	1	80	0.0125000
NODE_4235_length_1164_cov_14.277934	1029	1109	5	78	80	0.9750000
NODE_4235_length_1164_cov_14.277934	1097	1162	2	42	65	0.6461539
NODE_4235_length_1164_cov_14.277934	1097	1162	3	12	65	0.1846154
NODE_4235_length_1164_cov_14.277934	1097	1162	4	1	65	0.0153846
NODE_4235_length_1164_cov_14.277934	1097	1162	5	10	65	0.1538462
NODE_4236_length_1164_cov_12.880751	415	495	7	6	80	0.0750000
NODE_4236_length_1164_cov_12.880751	415	495	8	38	80	0.4750000
NODE_4236_length_1164_cov_12.880751	415	495	9	28	80	0.3500000
NODE_4236_length_1164_cov_12.880751	415	495	10	8	80	0.1000000
NODE_4236_length_1164_cov_12.880751	468	548	0	4	80	0.0500000
NODE_4236_length_1164_cov_12.880751	468	548	4	2	80	0.0250000
NODE_4236_length_1164_cov_12.880751	468	548	5	2	80	0.0250000
NODE_4236_length_1164_cov_12.880751	468	548	6	7	80	0.0875000
NODE_4236_length_1164_cov_12.880751	468	548	7	44	80	0.5500000
NODE_4236_length_1164_cov_12.880751	468	548	8	21	80	0.2625000
NODE_4237_length_1164_cov_6.924883	415	495	0	80	80	1.0000000
NODE_4237_length_1164_cov_6.924883	468	548	0	80	80	1.0000000
NODE_4245_length_1163_cov_36.315789	458	538	1	23	80	0.2875000
NODE_4245_length_1163_cov_36.315789	458	538	2	5	80	0.0625000
NODE_4245_length_1163_cov_36.315789	458	538	3	44	80	0.5500000
NODE_4245_length_1163_cov_36.315789	458	538	4	8	80	0.1000000
NODE_4245_length_1163_cov_36.315789	511	591	3	19	80	0.2375000
NODE_4245_length_1163_cov_36.315789	511	591	4	31	80	0.3875000
NODE_4245_length_1163_cov_36.315789	511	591	5	11	80	0.1375000
NODE_4245_length_1163_cov_36.315789	511	591	6	12	80	0.1500000
NODE_4245_length_1163_cov_36.315789	511	591	7	7	80	0.0875000
NODE_4245_length_1163_cov_36.315789	587	667	7	60	80	0.7500000
NODE_4245_length_1163_cov_36.315789	587	667	8	16	80	0.2000000
NODE_4245_length_1163_cov_36.315789	587	667	9	4	80	0.0500000
NODE_4245_length_1163_cov_36.315789	640	720	7	35	80	0.4375000
NODE_4245_length_1163_cov_36.315789	640	720	8	37	80	0.4625000
NODE_4245_length_1163_cov_36.315789	640	720	9	8	80	0.1000000
NODE_4246_length_1163_cov_29.466165	542	622	3	30	80	0.3750000
NODE_4246_length_1163_cov_29.466165	542	622	4	3	80	0.0375000
NODE_4246_length_1163_cov_29.466165	542	622	5	41	80	0.5125000
NODE_4246_length_1163_cov_29.466165	542	622	6	6	80	0.0750000
NODE_4246_length_1163_cov_29.466165	595	675	3	20	80	0.2500000
NODE_4246_length_1163_cov_29.466165	595	675	4	5	80	0.0625000
NODE_4246_length_1163_cov_29.466165	595	675	5	55	80	0.6875000
NODE_4246_length_1163_cov_29.466165	671	751	2	13	80	0.1625000
NODE_4246_length_1163_cov_29.466165	671	751	3	20	80	0.2500000
NODE_4246_length_1163_cov_29.466165	671	751	5	47	80	0.5875000
NODE_4246_length_1163_cov_29.466165	724	804	1	22	80	0.2750000
NODE_4246_length_1163_cov_29.466165	724	804	2	11	80	0.1375000
NODE_4246_length_1163_cov_29.466165	724	804	3	47	80	0.5875000
NODE_4247_length_1163_cov_15.107143	668	748	0	3	80	0.0375000
NODE_4247_length_1163_cov_15.107143	668	748	2	77	80	0.9625000
NODE_4247_length_1163_cov_15.107143	721	801	2	80	80	1.0000000
NODE_4248_length_1163_cov_14.347744	540	620	8	20	80	0.2500000
NODE_4248_length_1163_cov_14.347744	540	620	10	10	80	0.1250000
NODE_4248_length_1163_cov_14.347744	540	620	11	27	80	0.3375000
NODE_4248_length_1163_cov_14.347744	540	620	12	23	80	0.2875000
NODE_4248_length_1163_cov_14.347744	593	673	6	8	80	0.1000000
NODE_4248_length_1163_cov_14.347744	593	673	7	7	80	0.0875000
NODE_4248_length_1163_cov_14.347744	593	673	8	58	80	0.7250000
NODE_4248_length_1163_cov_14.347744	593	673	10	6	80	0.0750000
NODE_4248_length_1163_cov_14.347744	593	673	12	1	80	0.0125000
NODE_4249_length_1163_cov_11.650376	354	434	0	24	80	0.3000000
NODE_4249_length_1163_cov_11.650376	354	434	1	8	80	0.1000000
NODE_4249_length_1163_cov_11.650376	354	434	3	48	80	0.6000000
NODE_4249_length_1163_cov_11.650376	407	487	3	80	80	1.0000000
NODE_4249_length_1163_cov_11.650376	738	818	1	73	80	0.9125000
NODE_4249_length_1163_cov_11.650376	738	818	2	7	80	0.0875000
NODE_4249_length_1163_cov_11.650376	791	871	1	80	80	1.0000000
NODE_4253_length_1162_cov_30.049859	359	439	4	5	80	0.0625000
NODE_4253_length_1162_cov_30.049859	359	439	5	1	80	0.0125000
NODE_4253_length_1162_cov_30.049859	359	439	6	35	80	0.4375000
NODE_4253_length_1162_cov_30.049859	359	439	7	1	80	0.0125000
NODE_4253_length_1162_cov_30.049859	359	439	9	17	80	0.2125000
NODE_4253_length_1162_cov_30.049859	359	439	10	21	80	0.2625000
NODE_4253_length_1162_cov_30.049859	412	492	7	6	80	0.0750000
NODE_4253_length_1162_cov_30.049859	412	492	8	36	80	0.4500000
NODE_4253_length_1162_cov_30.049859	412	492	9	14	80	0.1750000
NODE_4253_length_1162_cov_30.049859	412	492	10	24	80	0.3000000
NODE_4254_length_1162_cov_25.960489	440	520	0	5	80	0.0625000
NODE_4254_length_1162_cov_25.960489	440	520	7	2	80	0.0250000
NODE_4254_length_1162_cov_25.960489	440	520	8	73	80	0.9125000
NODE_4254_length_1162_cov_25.960489	493	573	3	26	80	0.3250000
NODE_4254_length_1162_cov_25.960489	493	573	5	18	80	0.2250000
NODE_4254_length_1162_cov_25.960489	493	573	6	1	80	0.0125000
NODE_4254_length_1162_cov_25.960489	493	573	7	2	80	0.0250000
NODE_4254_length_1162_cov_25.960489	493	573	8	33	80	0.4125000
NODE_4254_length_1162_cov_25.960489	569	649	2	54	80	0.6750000
NODE_4254_length_1162_cov_25.960489	569	649	3	26	80	0.3250000
NODE_4254_length_1162_cov_25.960489	622	702	0	25	80	0.3125000
NODE_4254_length_1162_cov_25.960489	622	702	2	55	80	0.6875000
NODE_4255_length_1162_cov_24.843838	523	603	0	26	80	0.3250000
NODE_4255_length_1162_cov_24.843838	523	603	2	28	80	0.3500000
NODE_4255_length_1162_cov_24.843838	523	603	9	2	80	0.0250000
NODE_4255_length_1162_cov_24.843838	523	603	11	23	80	0.2875000
NODE_4255_length_1162_cov_24.843838	523	603	13	1	80	0.0125000
NODE_4255_length_1162_cov_24.843838	576	656	2	1	80	0.0125000
NODE_4255_length_1162_cov_24.843838	576	656	9	2	80	0.0250000
NODE_4255_length_1162_cov_24.843838	576	656	11	23	80	0.2875000
NODE_4255_length_1162_cov_24.843838	576	656	12	12	80	0.1500000
NODE_4255_length_1162_cov_24.843838	576	656	13	1	80	0.0125000
NODE_4255_length_1162_cov_24.843838	576	656	14	25	80	0.3125000
NODE_4255_length_1162_cov_24.843838	576	656	16	16	80	0.2000000
NODE_4255_length_1162_cov_24.843838	652	732	8	5	80	0.0625000
NODE_4255_length_1162_cov_24.843838	652	732	9	17	80	0.2125000
NODE_4255_length_1162_cov_24.843838	652	732	10	42	80	0.5250000
NODE_4255_length_1162_cov_24.843838	652	732	11	4	80	0.0500000
NODE_4255_length_1162_cov_24.843838	652	732	12	12	80	0.1500000
NODE_4255_length_1162_cov_24.843838	705	785	3	22	80	0.2750000
NODE_4255_length_1162_cov_24.843838	705	785	4	1	80	0.0125000
NODE_4255_length_1162_cov_24.843838	705	785	5	8	80	0.1000000
NODE_4255_length_1162_cov_24.843838	705	785	7	2	80	0.0250000
NODE_4255_length_1162_cov_24.843838	705	785	8	25	80	0.3125000
NODE_4255_length_1162_cov_24.843838	705	785	9	7	80	0.0875000
NODE_4255_length_1162_cov_24.843838	705	785	10	15	80	0.1875000
NODE_4257_length_1162_cov_17.131703	302	382	0	80	80	1.0000000
NODE_4257_length_1162_cov_17.131703	355	435	0	37	80	0.4625000
NODE_4257_length_1162_cov_17.131703	355	435	2	43	80	0.5375000
NODE_4257_length_1162_cov_17.131703	431	511	1	26	80	0.3250000
NODE_4257_length_1162_cov_17.131703	431	511	2	10	80	0.1250000
NODE_4257_length_1162_cov_17.131703	431	511	3	44	80	0.5500000
NODE_4257_length_1162_cov_17.131703	484	564	1	79	80	0.9875000
NODE_4257_length_1162_cov_17.131703	484	564	3	1	80	0.0125000
NODE_4258_length_1162_cov_14.766698	630	710	3	6	80	0.0750000
NODE_4258_length_1162_cov_14.766698	630	710	4	8	80	0.1000000
NODE_4258_length_1162_cov_14.766698	630	710	5	29	80	0.3625000
NODE_4258_length_1162_cov_14.766698	630	710	6	30	80	0.3750000
NODE_4258_length_1162_cov_14.766698	630	710	7	7	80	0.0875000
NODE_4258_length_1162_cov_14.766698	683	763	4	14	80	0.1750000
NODE_4258_length_1162_cov_14.766698	683	763	5	66	80	0.8250000
NODE_4259_length_1162_cov_13.968015	423	503	9	63	80	0.7875000
NODE_4259_length_1162_cov_13.968015	423	503	10	8	80	0.1000000
NODE_4259_length_1162_cov_13.968015	423	503	11	9	80	0.1125000
NODE_4259_length_1162_cov_13.968015	476	556	4	12	80	0.1500000
NODE_4259_length_1162_cov_13.968015	476	556	6	20	80	0.2500000
NODE_4259_length_1162_cov_13.968015	476	556	8	18	80	0.2250000
NODE_4259_length_1162_cov_13.968015	476	556	9	21	80	0.2625000
NODE_4259_length_1162_cov_13.968015	476	556	11	9	80	0.1125000
NODE_4264_length_1162_cov_1.977422	855	926	2	14	71	0.1971831
NODE_4264_length_1162_cov_1.977422	855	926	3	57	71	0.8028169
NODE_4264_length_1162_cov_1.977422	908	977	0	22	69	0.3188406
NODE_4264_length_1162_cov_1.977422	908	977	1	18	69	0.2608696
NODE_4264_length_1162_cov_1.977422	908	977	2	25	69	0.3623188
NODE_4264_length_1162_cov_1.977422	908	977	3	4	69	0.0579710
NODE_4264_length_1162_cov_1.977422	908	977	0	22	69	0.3188406
NODE_4264_length_1162_cov_1.977422	908	977	1	18	69	0.2608696
NODE_4264_length_1162_cov_1.977422	908	977	2	25	69	0.3623188
NODE_4264_length_1162_cov_1.977422	908	977	3	4	69	0.0579710
NODE_4266_length_1161_cov_33.312618	456	536	1	25	80	0.3125000
NODE_4266_length_1161_cov_33.312618	456	536	2	55	80	0.6875000
NODE_4266_length_1161_cov_33.312618	509	587	2	78	78	1.0000000
NODE_4267_length_1161_cov_30.466102	594	674	2	5	80	0.0625000
NODE_4267_length_1161_cov_30.466102	594	674	3	9	80	0.1125000
NODE_4267_length_1161_cov_30.466102	594	674	5	6	80	0.0750000
NODE_4267_length_1161_cov_30.466102	594	674	7	15	80	0.1875000
NODE_4267_length_1161_cov_30.466102	594	674	8	6	80	0.0750000
NODE_4267_length_1161_cov_30.466102	594	674	9	11	80	0.1375000
NODE_4267_length_1161_cov_30.466102	594	674	10	28	80	0.3500000
NODE_4267_length_1161_cov_30.466102	647	727	10	45	80	0.5625000
NODE_4267_length_1161_cov_30.466102	647	727	11	16	80	0.2000000
NODE_4267_length_1161_cov_30.466102	647	727	12	19	80	0.2375000
NODE_4268_length_1161_cov_29.628060	426	506	7	1	80	0.0125000
NODE_4268_length_1161_cov_29.628060	426	506	9	16	80	0.2000000
NODE_4268_length_1161_cov_29.628060	426	506	11	17	80	0.2125000
NODE_4268_length_1161_cov_29.628060	426	506	12	42	80	0.5250000
NODE_4268_length_1161_cov_29.628060	426	506	13	4	80	0.0500000
NODE_4268_length_1161_cov_29.628060	479	559	6	13	80	0.1625000
NODE_4268_length_1161_cov_29.628060	479	559	7	15	80	0.1875000
NODE_4268_length_1161_cov_29.628060	479	559	9	2	80	0.0250000
NODE_4268_length_1161_cov_29.628060	479	559	11	3	80	0.0375000
NODE_4268_length_1161_cov_29.628060	479	559	12	23	80	0.2875000
NODE_4268_length_1161_cov_29.628060	479	559	13	24	80	0.3000000
NODE_4268_length_1161_cov_29.628060	603	683	4	8	80	0.1000000
NODE_4268_length_1161_cov_29.628060	603	683	5	44	80	0.5500000
NODE_4268_length_1161_cov_29.628060	603	683	6	17	80	0.2125000
NODE_4268_length_1161_cov_29.628060	603	683	7	6	80	0.0750000
NODE_4268_length_1161_cov_29.628060	603	683	8	5	80	0.0625000
NODE_4268_length_1161_cov_29.628060	656	736	5	16	80	0.2000000
NODE_4268_length_1161_cov_29.628060	656	736	7	6	80	0.0750000
NODE_4268_length_1161_cov_29.628060	656	736	8	41	80	0.5125000
NODE_4268_length_1161_cov_29.628060	656	736	9	17	80	0.2125000
NODE_4269_length_1161_cov_22.923729	492	572	4	1	80	0.0125000
NODE_4269_length_1161_cov_22.923729	492	572	5	19	80	0.2375000
NODE_4269_length_1161_cov_22.923729	492	572	6	7	80	0.0875000
NODE_4269_length_1161_cov_22.923729	492	572	7	53	80	0.6625000
NODE_4269_length_1161_cov_22.923729	545	625	4	4	80	0.0500000
NODE_4269_length_1161_cov_22.923729	545	625	5	66	80	0.8250000
NODE_4269_length_1161_cov_22.923729	545	625	6	3	80	0.0375000
NODE_4269_length_1161_cov_22.923729	545	625	7	7	80	0.0875000
NODE_4269_length_1161_cov_22.923729	621	701	4	27	80	0.3375000
NODE_4269_length_1161_cov_22.923729	621	701	5	53	80	0.6625000
NODE_4269_length_1161_cov_22.923729	674	754	1	5	80	0.0625000
NODE_4269_length_1161_cov_22.923729	674	754	3	40	80	0.5000000
NODE_4269_length_1161_cov_22.923729	674	754	4	24	80	0.3000000
NODE_4269_length_1161_cov_22.923729	674	754	5	11	80	0.1375000
NODE_4270_length_1161_cov_20.184557	480	560	0	73	80	0.9125000
NODE_4270_length_1161_cov_20.184557	480	560	1	6	80	0.0750000
NODE_4270_length_1161_cov_20.184557	480	560	2	1	80	0.0125000
NODE_4270_length_1161_cov_20.184557	533	613	0	20	80	0.2500000
NODE_4270_length_1161_cov_20.184557	533	613	1	6	80	0.0750000
NODE_4270_length_1161_cov_20.184557	533	613	2	40	80	0.5000000
NODE_4270_length_1161_cov_20.184557	533	613	3	14	80	0.1750000
NODE_4271_length_1161_cov_17.437853	375	455	4	18	80	0.2250000
NODE_4271_length_1161_cov_17.437853	375	455	5	21	80	0.2625000
NODE_4271_length_1161_cov_17.437853	375	455	6	16	80	0.2000000
NODE_4271_length_1161_cov_17.437853	375	455	7	25	80	0.3125000
NODE_4271_length_1161_cov_17.437853	428	508	4	18	80	0.2250000
NODE_4271_length_1161_cov_17.437853	428	508	5	3	80	0.0375000
NODE_4271_length_1161_cov_17.437853	428	508	6	11	80	0.1375000
NODE_4271_length_1161_cov_17.437853	428	508	7	48	80	0.6000000
NODE_4272_length_1161_cov_14.062147	375	455	0	80	80	1.0000000
NODE_4272_length_1161_cov_14.062147	428	508	0	80	80	1.0000000
NODE_4273_length_1161_cov_12.304143	381	461	4	45	80	0.5625000
NODE_4273_length_1161_cov_12.304143	381	461	5	35	80	0.4375000
NODE_4273_length_1161_cov_12.304143	434	514	2	35	80	0.4375000
NODE_4273_length_1161_cov_12.304143	434	514	4	23	80	0.2875000
NODE_4273_length_1161_cov_12.304143	434	514	5	22	80	0.2750000
NODE_4274_length_1161_cov_10.297552	598	678	3	20	80	0.2500000
NODE_4274_length_1161_cov_10.297552	598	678	4	8	80	0.1000000
NODE_4274_length_1161_cov_10.297552	598	678	6	14	80	0.1750000
NODE_4274_length_1161_cov_10.297552	598	678	7	14	80	0.1750000
NODE_4274_length_1161_cov_10.297552	598	678	8	15	80	0.1875000
NODE_4274_length_1161_cov_10.297552	598	678	9	9	80	0.1125000
NODE_4274_length_1161_cov_10.297552	651	731	7	19	80	0.2375000
NODE_4274_length_1161_cov_10.297552	651	731	8	52	80	0.6500000
NODE_4274_length_1161_cov_10.297552	651	731	9	9	80	0.1125000
NODE_4283_length_1160_cov_86.515551	613	693	7	15	80	0.1875000
NODE_4283_length_1160_cov_86.515551	613	693	8	65	80	0.8125000
NODE_4283_length_1160_cov_86.515551	666	746	2	14	80	0.1750000
NODE_4283_length_1160_cov_86.515551	666	746	4	8	80	0.1000000
NODE_4283_length_1160_cov_86.515551	666	746	5	3	80	0.0375000
NODE_4283_length_1160_cov_86.515551	666	746	6	12	80	0.1500000
NODE_4283_length_1160_cov_86.515551	666	746	7	7	80	0.0875000
NODE_4283_length_1160_cov_86.515551	666	746	8	36	80	0.4500000
NODE_4284_length_1160_cov_29.272385	526	606	3	9	80	0.1125000
NODE_4284_length_1160_cov_29.272385	526	606	4	1	80	0.0125000
NODE_4284_length_1160_cov_29.272385	526	606	5	9	80	0.1125000
NODE_4284_length_1160_cov_29.272385	526	606	7	12	80	0.1500000
NODE_4284_length_1160_cov_29.272385	526	606	9	35	80	0.4375000
NODE_4284_length_1160_cov_29.272385	526	606	10	6	80	0.0750000
NODE_4284_length_1160_cov_29.272385	526	606	11	8	80	0.1000000
NODE_4284_length_1160_cov_29.272385	579	659	9	16	80	0.2000000
NODE_4284_length_1160_cov_29.272385	579	659	10	16	80	0.2000000
NODE_4284_length_1160_cov_29.272385	579	659	11	48	80	0.6000000
NODE_4285_length_1160_cov_21.391140	767	847	2	2	80	0.0250000
NODE_4285_length_1160_cov_21.391140	767	847	3	29	80	0.3625000
NODE_4285_length_1160_cov_21.391140	767	847	4	34	80	0.4250000
NODE_4285_length_1160_cov_21.391140	767	847	6	15	80	0.1875000
NODE_4296_length_1159_cov_147.794340	911	991	56	1	80	0.0125000
NODE_4296_length_1159_cov_147.794340	911	991	57	1	80	0.0125000
NODE_4296_length_1159_cov_147.794340	911	991	58	2	80	0.0250000
NODE_4296_length_1159_cov_147.794340	911	991	60	5	80	0.0625000
NODE_4296_length_1159_cov_147.794340	911	991	61	3	80	0.0375000
NODE_4296_length_1159_cov_147.794340	911	991	62	7	80	0.0875000
NODE_4296_length_1159_cov_147.794340	911	991	64	3	80	0.0375000
NODE_4296_length_1159_cov_147.794340	911	991	65	6	80	0.0750000
NODE_4296_length_1159_cov_147.794340	911	991	66	5	80	0.0625000
NODE_4296_length_1159_cov_147.794340	911	991	67	21	80	0.2625000
NODE_4296_length_1159_cov_147.794340	911	991	68	4	80	0.0500000
NODE_4296_length_1159_cov_147.794340	911	991	69	7	80	0.0875000
NODE_4296_length_1159_cov_147.794340	911	991	70	8	80	0.1000000
NODE_4296_length_1159_cov_147.794340	911	991	71	1	80	0.0125000
NODE_4296_length_1159_cov_147.794340	911	991	72	6	80	0.0750000
NODE_4296_length_1159_cov_147.794340	964	1044	37	5	80	0.0625000
NODE_4296_length_1159_cov_147.794340	964	1044	38	9	80	0.1125000
NODE_4296_length_1159_cov_147.794340	964	1044	39	3	80	0.0375000
NODE_4296_length_1159_cov_147.794340	964	1044	40	1	80	0.0125000
NODE_4296_length_1159_cov_147.794340	964	1044	42	1	80	0.0125000
NODE_4296_length_1159_cov_147.794340	964	1044	44	4	80	0.0500000
NODE_4296_length_1159_cov_147.794340	964	1044	45	11	80	0.1375000
NODE_4296_length_1159_cov_147.794340	964	1044	46	1	80	0.0125000
NODE_4296_length_1159_cov_147.794340	964	1044	47	4	80	0.0500000
NODE_4296_length_1159_cov_147.794340	964	1044	48	1	80	0.0125000
NODE_4296_length_1159_cov_147.794340	964	1044	49	1	80	0.0125000
NODE_4296_length_1159_cov_147.794340	964	1044	50	1	80	0.0125000
NODE_4296_length_1159_cov_147.794340	964	1044	51	2	80	0.0250000
NODE_4296_length_1159_cov_147.794340	964	1044	53	2	80	0.0250000
NODE_4296_length_1159_cov_147.794340	964	1044	54	1	80	0.0125000
NODE_4296_length_1159_cov_147.794340	964	1044	55	1	80	0.0125000
NODE_4296_length_1159_cov_147.794340	964	1044	59	4	80	0.0500000
NODE_4296_length_1159_cov_147.794340	964	1044	60	3	80	0.0375000
NODE_4296_length_1159_cov_147.794340	964	1044	61	1	80	0.0125000
NODE_4296_length_1159_cov_147.794340	964	1044	62	1	80	0.0125000
NODE_4296_length_1159_cov_147.794340	964	1044	64	2	80	0.0250000
NODE_4296_length_1159_cov_147.794340	964	1044	65	4	80	0.0500000
NODE_4296_length_1159_cov_147.794340	964	1044	66	4	80	0.0500000
NODE_4296_length_1159_cov_147.794340	964	1044	67	8	80	0.1000000
NODE_4296_length_1159_cov_147.794340	964	1044	68	3	80	0.0375000
NODE_4296_length_1159_cov_147.794340	964	1044	69	2	80	0.0250000
NODE_4297_length_1159_cov_57.566981	457	537	1	3	80	0.0375000
NODE_4297_length_1159_cov_57.566981	457	537	2	17	80	0.2125000
NODE_4297_length_1159_cov_57.566981	457	537	3	44	80	0.5500000
NODE_4297_length_1159_cov_57.566981	457	537	4	16	80	0.2000000
NODE_4297_length_1159_cov_57.566981	510	590	3	35	80	0.4375000
NODE_4297_length_1159_cov_57.566981	510	590	4	45	80	0.5625000
NODE_4297_length_1159_cov_57.566981	586	666	1	2	80	0.0250000
NODE_4297_length_1159_cov_57.566981	586	666	2	2	80	0.0250000
NODE_4297_length_1159_cov_57.566981	586	666	3	42	80	0.5250000
NODE_4297_length_1159_cov_57.566981	586	666	4	34	80	0.4250000
NODE_4297_length_1159_cov_57.566981	639	719	4	49	80	0.6125000
NODE_4297_length_1159_cov_57.566981	639	719	5	24	80	0.3000000
NODE_4297_length_1159_cov_57.566981	639	719	6	7	80	0.0875000
NODE_4298_length_1159_cov_44.053774	329	409	4	3	80	0.0375000
NODE_4298_length_1159_cov_44.053774	329	409	5	54	80	0.6750000
NODE_4298_length_1159_cov_44.053774	329	409	6	15	80	0.1875000
NODE_4298_length_1159_cov_44.053774	329	409	7	4	80	0.0500000
NODE_4298_length_1159_cov_44.053774	329	409	8	4	80	0.0500000
NODE_4298_length_1159_cov_44.053774	382	462	5	4	80	0.0500000
NODE_4298_length_1159_cov_44.053774	382	462	6	15	80	0.1875000
NODE_4298_length_1159_cov_44.053774	382	462	7	4	80	0.0500000
NODE_4298_length_1159_cov_44.053774	382	462	8	14	80	0.1750000
NODE_4298_length_1159_cov_44.053774	382	462	9	12	80	0.1500000
NODE_4298_length_1159_cov_44.053774	382	462	10	18	80	0.2250000
NODE_4298_length_1159_cov_44.053774	382	462	11	13	80	0.1625000
NODE_4298_length_1159_cov_44.053774	458	538	8	6	80	0.0750000
NODE_4298_length_1159_cov_44.053774	458	538	9	14	80	0.1750000
NODE_4298_length_1159_cov_44.053774	458	538	10	42	80	0.5250000
NODE_4298_length_1159_cov_44.053774	458	538	11	16	80	0.2000000
NODE_4298_length_1159_cov_44.053774	458	538	12	2	80	0.0250000
NODE_4298_length_1159_cov_44.053774	511	591	6	10	80	0.1250000
NODE_4298_length_1159_cov_44.053774	511	591	8	20	80	0.2500000
NODE_4298_length_1159_cov_44.053774	511	591	9	36	80	0.4500000
NODE_4298_length_1159_cov_44.053774	511	591	10	14	80	0.1750000
NODE_4299_length_1159_cov_40.194340	391	471	11	1	80	0.0125000
NODE_4299_length_1159_cov_40.194340	391	471	12	6	80	0.0750000
NODE_4299_length_1159_cov_40.194340	391	471	13	46	80	0.5750000
NODE_4299_length_1159_cov_40.194340	391	471	14	27	80	0.3375000
NODE_4299_length_1159_cov_40.194340	444	524	5	25	80	0.3125000
NODE_4299_length_1159_cov_40.194340	444	524	7	2	80	0.0250000
NODE_4299_length_1159_cov_40.194340	444	524	9	12	80	0.1500000
NODE_4299_length_1159_cov_40.194340	444	524	11	12	80	0.1500000
NODE_4299_length_1159_cov_40.194340	444	524	13	29	80	0.3625000
NODE_4301_length_1159_cov_25.919811	456	536	1	10	80	0.1250000
NODE_4301_length_1159_cov_25.919811	456	536	2	5	80	0.0625000
NODE_4301_length_1159_cov_25.919811	456	536	4	14	80	0.1750000
NODE_4301_length_1159_cov_25.919811	456	536	6	51	80	0.6375000
NODE_4301_length_1159_cov_25.919811	509	591	4	33	82	0.4024390
NODE_4301_length_1159_cov_25.919811	509	591	6	49	82	0.5975610
NODE_4302_length_1159_cov_18.306604	538	618	6	15	80	0.1875000
NODE_4302_length_1159_cov_18.306604	538	618	8	29	80	0.3625000
NODE_4302_length_1159_cov_18.306604	538	618	9	23	80	0.2875000
NODE_4302_length_1159_cov_18.306604	538	618	10	13	80	0.1625000
NODE_4302_length_1159_cov_18.306604	591	671	3	11	80	0.1375000
NODE_4302_length_1159_cov_18.306604	591	671	5	17	80	0.2125000
NODE_4302_length_1159_cov_18.306604	591	671	6	10	80	0.1250000
NODE_4302_length_1159_cov_18.306604	591	671	8	35	80	0.4375000
NODE_4302_length_1159_cov_18.306604	591	671	9	2	80	0.0250000
NODE_4302_length_1159_cov_18.306604	591	671	10	5	80	0.0625000
NODE_4303_length_1159_cov_14.457547	358	438	5	10	80	0.1250000
NODE_4303_length_1159_cov_14.457547	358	438	7	27	80	0.3375000
NODE_4303_length_1159_cov_14.457547	358	438	9	43	80	0.5375000
NODE_4303_length_1159_cov_14.457547	411	491	4	2	80	0.0250000
NODE_4303_length_1159_cov_14.457547	411	491	5	2	80	0.0250000
NODE_4303_length_1159_cov_14.457547	411	491	6	30	80	0.3750000
NODE_4303_length_1159_cov_14.457547	411	491	7	12	80	0.1500000
NODE_4303_length_1159_cov_14.457547	411	491	9	34	80	0.4250000
NODE_4304_length_1159_cov_11.566981	625	705	5	1	80	0.0125000
NODE_4304_length_1159_cov_11.566981	625	705	6	5	80	0.0625000
NODE_4304_length_1159_cov_11.566981	625	705	7	13	80	0.1625000
NODE_4304_length_1159_cov_11.566981	625	705	8	61	80	0.7625000
NODE_4304_length_1159_cov_11.566981	678	758	4	16	80	0.2000000
NODE_4304_length_1159_cov_11.566981	678	758	6	11	80	0.1375000
NODE_4304_length_1159_cov_11.566981	678	758	7	39	80	0.4875000
NODE_4304_length_1159_cov_11.566981	678	758	8	14	80	0.1750000
NODE_4305_length_1159_cov_9.927358	278	358	0	80	80	1.0000000
NODE_4305_length_1159_cov_9.927358	331	411	0	80	80	1.0000000
NODE_4314_length_1159_cov_1.568868	513	562	2	1	49	0.0204082
NODE_4314_length_1159_cov_1.568868	513	562	3	12	49	0.2448980
NODE_4314_length_1159_cov_1.568868	513	562	4	1	49	0.0204082
NODE_4314_length_1159_cov_1.568868	513	562	6	2	49	0.0408163
NODE_4314_length_1159_cov_1.568868	513	562	7	33	49	0.6734694
NODE_4316_length_1158_cov_33.529745	357	437	0	53	80	0.6625000
NODE_4316_length_1158_cov_33.529745	357	437	1	27	80	0.3375000
NODE_4316_length_1158_cov_33.529745	410	490	1	52	80	0.6500000
NODE_4316_length_1158_cov_33.529745	410	490	2	10	80	0.1250000
NODE_4316_length_1158_cov_33.529745	410	490	3	18	80	0.2250000
NODE_4316_length_1158_cov_33.529745	486	566	3	37	80	0.4625000
NODE_4316_length_1158_cov_33.529745	486	566	4	4	80	0.0500000
NODE_4316_length_1158_cov_33.529745	486	566	6	21	80	0.2625000
NODE_4316_length_1158_cov_33.529745	486	566	7	18	80	0.2250000
NODE_4316_length_1158_cov_33.529745	539	619	5	4	80	0.0500000
NODE_4316_length_1158_cov_33.529745	539	619	6	9	80	0.1125000
NODE_4316_length_1158_cov_33.529745	539	619	7	24	80	0.3000000
NODE_4316_length_1158_cov_33.529745	539	619	8	43	80	0.5375000
NODE_4317_length_1158_cov_31.368272	416	496	1	10	80	0.1250000
NODE_4317_length_1158_cov_31.368272	416	496	2	44	80	0.5500000
NODE_4317_length_1158_cov_31.368272	416	496	3	26	80	0.3250000
NODE_4317_length_1158_cov_31.368272	469	549	1	22	80	0.2750000
NODE_4317_length_1158_cov_31.368272	469	549	3	17	80	0.2125000
NODE_4317_length_1158_cov_31.368272	469	549	4	25	80	0.3125000
NODE_4317_length_1158_cov_31.368272	469	549	6	16	80	0.2000000
NODE_4317_length_1158_cov_31.368272	545	626	6	12	81	0.1481481
NODE_4317_length_1158_cov_31.368272	545	626	7	35	81	0.4320988
NODE_4317_length_1158_cov_31.368272	545	626	8	8	81	0.0987654
NODE_4317_length_1158_cov_31.368272	545	626	9	26	81	0.3209876
NODE_4317_length_1158_cov_31.368272	599	679	4	9	80	0.1125000
NODE_4317_length_1158_cov_31.368272	599	679	5	1	80	0.0125000
NODE_4317_length_1158_cov_31.368272	599	679	7	40	80	0.5000000
NODE_4317_length_1158_cov_31.368272	599	679	8	30	80	0.3750000
NODE_4318_length_1158_cov_31.240793	430	510	1	80	80	1.0000000
NODE_4318_length_1158_cov_31.240793	483	563	1	38	80	0.4750000
NODE_4318_length_1158_cov_31.240793	483	563	2	1	80	0.0125000
NODE_4318_length_1158_cov_31.240793	483	563	3	8	80	0.1000000
NODE_4318_length_1158_cov_31.240793	483	563	4	33	80	0.4125000
NODE_4318_length_1158_cov_31.240793	559	639	3	6	80	0.0750000
NODE_4318_length_1158_cov_31.240793	559	639	4	6	80	0.0750000
NODE_4318_length_1158_cov_31.240793	559	639	5	24	80	0.3000000
NODE_4318_length_1158_cov_31.240793	559	639	7	30	80	0.3750000
NODE_4318_length_1158_cov_31.240793	559	639	8	14	80	0.1750000
NODE_4318_length_1158_cov_31.240793	612	692	4	14	80	0.1750000
NODE_4318_length_1158_cov_31.240793	612	692	5	6	80	0.0750000
NODE_4318_length_1158_cov_31.240793	612	692	6	10	80	0.1250000
NODE_4318_length_1158_cov_31.240793	612	692	7	13	80	0.1625000
NODE_4318_length_1158_cov_31.240793	612	692	8	37	80	0.4625000
NODE_4319_length_1158_cov_29.216242	405	485	5	36	80	0.4500000
NODE_4319_length_1158_cov_29.216242	405	485	6	6	80	0.0750000
NODE_4319_length_1158_cov_29.216242	405	485	7	10	80	0.1250000
NODE_4319_length_1158_cov_29.216242	405	485	8	15	80	0.1875000
NODE_4319_length_1158_cov_29.216242	405	485	9	13	80	0.1625000
NODE_4319_length_1158_cov_29.216242	458	538	8	42	80	0.5250000
NODE_4319_length_1158_cov_29.216242	458	538	9	38	80	0.4750000
NODE_4320_length_1158_cov_25.245515	500	580	4	4	80	0.0500000
NODE_4320_length_1158_cov_25.245515	500	580	6	13	80	0.1625000
NODE_4320_length_1158_cov_25.245515	500	580	7	26	80	0.3250000
NODE_4320_length_1158_cov_25.245515	500	580	11	17	80	0.2125000
NODE_4320_length_1158_cov_25.245515	500	580	13	20	80	0.2500000
NODE_4320_length_1158_cov_25.245515	553	633	10	18	80	0.2250000
NODE_4320_length_1158_cov_25.245515	553	633	11	42	80	0.5250000
NODE_4320_length_1158_cov_25.245515	553	633	13	20	80	0.2500000
NODE_4320_length_1158_cov_25.245515	629	709	3	4	80	0.0500000
NODE_4320_length_1158_cov_25.245515	629	709	5	19	80	0.2375000
NODE_4320_length_1158_cov_25.245515	629	709	7	12	80	0.1500000
NODE_4320_length_1158_cov_25.245515	629	709	8	13	80	0.1625000
NODE_4320_length_1158_cov_25.245515	629	709	9	20	80	0.2500000
NODE_4320_length_1158_cov_25.245515	629	709	10	12	80	0.1500000
NODE_4320_length_1158_cov_25.245515	682	762	3	57	80	0.7125000
NODE_4320_length_1158_cov_25.245515	682	762	5	19	80	0.2375000
NODE_4320_length_1158_cov_25.245515	682	762	9	4	80	0.0500000
NODE_4321_length_1158_cov_16.566572	396	476	1	20	80	0.2500000
NODE_4321_length_1158_cov_16.566572	396	476	2	60	80	0.7500000
NODE_4321_length_1158_cov_16.566572	449	529	0	7	80	0.0875000
NODE_4321_length_1158_cov_16.566572	449	529	1	66	80	0.8250000
NODE_4321_length_1158_cov_16.566572	449	529	2	7	80	0.0875000
NODE_4322_length_1158_cov_13.092540	372	452	0	80	80	1.0000000
NODE_4322_length_1158_cov_13.092540	425	505	0	80	80	1.0000000
NODE_4322_length_1158_cov_13.092540	735	815	0	58	80	0.7250000
NODE_4322_length_1158_cov_13.092540	735	815	2	22	80	0.2750000
NODE_4322_length_1158_cov_13.092540	788	868	0	5	80	0.0625000
NODE_4322_length_1158_cov_13.092540	788	868	2	75	80	0.9375000
NODE_4323_length_1158_cov_7.408876	656	736	7	14	80	0.1750000
NODE_4323_length_1158_cov_7.408876	656	736	8	3	80	0.0375000
NODE_4323_length_1158_cov_7.408876	656	736	9	7	80	0.0875000
NODE_4323_length_1158_cov_7.408876	656	736	10	56	80	0.7000000
NODE_4323_length_1158_cov_7.408876	709	789	8	12	80	0.1500000
NODE_4323_length_1158_cov_7.408876	709	789	9	19	80	0.2375000
NODE_4323_length_1158_cov_7.408876	709	789	10	49	80	0.6125000
NODE_4324_length_1158_cov_6.242682	239	310	0	71	71	1.0000000
NODE_4325_length_1158_cov_6.043437	531	611	0	53	80	0.6625000
NODE_4325_length_1158_cov_6.043437	531	611	1	11	80	0.1375000
NODE_4325_length_1158_cov_6.043437	531	611	2	3	80	0.0375000
NODE_4325_length_1158_cov_6.043437	531	611	3	13	80	0.1625000
NODE_4325_length_1158_cov_6.043437	584	634	0	50	50	1.0000000
NODE_4326_length_1158_cov_5.855524	324	404	2	80	80	1.0000000
NODE_4326_length_1158_cov_5.855524	377	457	1	52	80	0.6500000
NODE_4326_length_1158_cov_5.855524	377	457	2	28	80	0.3500000
NODE_4329_length_1157_cov_32.233459	472	552	7	10	80	0.1250000
NODE_4329_length_1157_cov_32.233459	472	552	8	15	80	0.1875000
NODE_4329_length_1157_cov_32.233459	472	552	9	4	80	0.0500000
NODE_4329_length_1157_cov_32.233459	472	552	10	34	80	0.4250000
NODE_4329_length_1157_cov_32.233459	472	552	11	12	80	0.1500000
NODE_4329_length_1157_cov_32.233459	472	552	12	5	80	0.0625000
NODE_4329_length_1157_cov_32.233459	525	605	4	3	80	0.0375000
NODE_4329_length_1157_cov_32.233459	525	605	5	39	80	0.4875000
NODE_4329_length_1157_cov_32.233459	525	605	6	3	80	0.0375000
NODE_4329_length_1157_cov_32.233459	525	605	7	18	80	0.2250000
NODE_4329_length_1157_cov_32.233459	525	605	8	15	80	0.1875000
NODE_4329_length_1157_cov_32.233459	525	605	10	2	80	0.0250000
NODE_4329_length_1157_cov_32.233459	601	681	0	7	80	0.0875000
NODE_4329_length_1157_cov_32.233459	601	681	1	55	80	0.6875000
NODE_4329_length_1157_cov_32.233459	601	681	4	17	80	0.2125000
NODE_4329_length_1157_cov_32.233459	601	681	5	1	80	0.0125000
NODE_4329_length_1157_cov_32.233459	654	734	0	35	80	0.4375000
NODE_4329_length_1157_cov_32.233459	654	734	1	45	80	0.5625000
NODE_4330_length_1157_cov_6.438563	765	788	0	23	23	1.0000000
NODE_4332_length_1157_cov_4.068053	221	292	0	71	71	1.0000000
NODE_4333_length_1156_cov_46.381268	328	408	4	16	80	0.2000000
NODE_4333_length_1156_cov_46.381268	328	408	5	25	80	0.3125000
NODE_4333_length_1156_cov_46.381268	328	408	6	39	80	0.4875000
NODE_4333_length_1156_cov_46.381268	381	461	5	23	80	0.2875000
NODE_4333_length_1156_cov_46.381268	381	461	6	55	80	0.6875000
NODE_4333_length_1156_cov_46.381268	381	461	7	2	80	0.0250000
NODE_4333_length_1156_cov_46.381268	457	537	4	12	80	0.1500000
NODE_4333_length_1156_cov_46.381268	457	537	5	43	80	0.5375000
NODE_4333_length_1156_cov_46.381268	457	537	6	17	80	0.2125000
NODE_4333_length_1156_cov_46.381268	457	537	7	8	80	0.1000000
NODE_4333_length_1156_cov_46.381268	510	590	5	13	80	0.1625000
NODE_4333_length_1156_cov_46.381268	510	590	6	35	80	0.4375000
NODE_4333_length_1156_cov_46.381268	510	590	7	32	80	0.4000000
NODE_4334_length_1156_cov_32.198675	378	458	3	19	80	0.2375000
NODE_4334_length_1156_cov_32.198675	378	458	4	9	80	0.1125000
NODE_4334_length_1156_cov_32.198675	378	458	5	17	80	0.2125000
NODE_4334_length_1156_cov_32.198675	378	458	7	10	80	0.1250000
NODE_4334_length_1156_cov_32.198675	378	458	8	25	80	0.3125000
NODE_4334_length_1156_cov_32.198675	431	511	7	2	80	0.0250000
NODE_4334_length_1156_cov_32.198675	431	511	8	31	80	0.3875000
NODE_4334_length_1156_cov_32.198675	431	511	9	13	80	0.1625000
NODE_4334_length_1156_cov_32.198675	431	511	10	3	80	0.0375000
NODE_4334_length_1156_cov_32.198675	431	511	13	4	80	0.0500000
NODE_4334_length_1156_cov_32.198675	431	511	14	25	80	0.3125000
NODE_4334_length_1156_cov_32.198675	431	511	15	2	80	0.0250000
NODE_4334_length_1156_cov_32.198675	507	587	9	4	80	0.0500000
NODE_4334_length_1156_cov_32.198675	507	587	10	10	80	0.1250000
NODE_4334_length_1156_cov_32.198675	507	587	12	17	80	0.2125000
NODE_4334_length_1156_cov_32.198675	507	587	13	4	80	0.0500000
NODE_4334_length_1156_cov_32.198675	507	587	14	43	80	0.5375000
NODE_4334_length_1156_cov_32.198675	507	587	15	2	80	0.0250000
NODE_4334_length_1156_cov_32.198675	560	641	2	6	81	0.0740741
NODE_4334_length_1156_cov_32.198675	560	641	3	4	81	0.0493827
NODE_4334_length_1156_cov_32.198675	560	641	6	4	81	0.0493827
NODE_4334_length_1156_cov_32.198675	560	641	7	10	81	0.1234568
NODE_4334_length_1156_cov_32.198675	560	641	8	4	81	0.0493827
NODE_4334_length_1156_cov_32.198675	560	641	9	30	81	0.3703704
NODE_4334_length_1156_cov_32.198675	560	641	10	10	81	0.1234568
NODE_4334_length_1156_cov_32.198675	560	641	12	13	81	0.1604938
NODE_4335_length_1156_cov_12.683065	593	673	3	17	80	0.2125000
NODE_4335_length_1156_cov_12.683065	593	673	4	2	80	0.0250000
NODE_4335_length_1156_cov_12.683065	593	673	5	8	80	0.1000000
NODE_4335_length_1156_cov_12.683065	593	673	6	53	80	0.6625000
NODE_4335_length_1156_cov_12.683065	646	726	3	2	80	0.0250000
NODE_4335_length_1156_cov_12.683065	646	726	4	23	80	0.2875000
NODE_4335_length_1156_cov_12.683065	646	726	6	55	80	0.6875000
NODE_4336_length_1156_cov_9.287606	680	760	0	63	80	0.7875000
NODE_4336_length_1156_cov_9.287606	680	760	1	17	80	0.2125000
NODE_4336_length_1156_cov_9.287606	733	813	0	10	80	0.1250000
NODE_4336_length_1156_cov_9.287606	733	813	1	70	80	0.8750000
NODE_4339_length_1155_cov_19.570076	437	517	4	3	80	0.0375000
NODE_4339_length_1155_cov_19.570076	437	517	5	43	80	0.5375000
NODE_4339_length_1155_cov_19.570076	437	517	6	34	80	0.4250000
NODE_4339_length_1155_cov_19.570076	490	570	4	7	80	0.0875000
NODE_4339_length_1155_cov_19.570076	490	570	5	53	80	0.6625000
NODE_4339_length_1155_cov_19.570076	490	570	6	20	80	0.2500000
NODE_4340_length_1155_cov_18.666667	332	412	4	3	80	0.0375000
NODE_4340_length_1155_cov_18.666667	332	412	5	17	80	0.2125000
NODE_4340_length_1155_cov_18.666667	332	412	6	60	80	0.7500000
NODE_4340_length_1155_cov_18.666667	385	465	3	12	80	0.1500000
NODE_4340_length_1155_cov_18.666667	385	465	4	44	80	0.5500000
NODE_4340_length_1155_cov_18.666667	385	465	6	24	80	0.3000000
NODE_4346_length_1154_cov_61.769668	488	568	12	10	80	0.1250000
NODE_4346_length_1154_cov_61.769668	488	568	13	3	80	0.0375000
NODE_4346_length_1154_cov_61.769668	488	568	15	20	80	0.2500000
NODE_4346_length_1154_cov_61.769668	488	568	16	4	80	0.0500000
NODE_4346_length_1154_cov_61.769668	488	568	18	3	80	0.0375000
NODE_4346_length_1154_cov_61.769668	488	568	19	16	80	0.2000000
NODE_4346_length_1154_cov_61.769668	488	568	21	11	80	0.1375000
NODE_4346_length_1154_cov_61.769668	488	568	22	13	80	0.1625000
NODE_4346_length_1154_cov_61.769668	541	621	13	3	80	0.0375000
NODE_4346_length_1154_cov_61.769668	541	621	14	16	80	0.2000000
NODE_4346_length_1154_cov_61.769668	541	621	15	11	80	0.1375000
NODE_4346_length_1154_cov_61.769668	541	621	16	11	80	0.1375000
NODE_4346_length_1154_cov_61.769668	541	621	17	2	80	0.0250000
NODE_4346_length_1154_cov_61.769668	541	621	19	3	80	0.0375000
NODE_4346_length_1154_cov_61.769668	541	621	20	2	80	0.0250000
NODE_4346_length_1154_cov_61.769668	541	621	21	19	80	0.2375000
NODE_4346_length_1154_cov_61.769668	541	621	22	13	80	0.1625000
NODE_4347_length_1154_cov_50.909005	409	489	7	4	80	0.0500000
NODE_4347_length_1154_cov_50.909005	409	489	8	2	80	0.0250000
NODE_4347_length_1154_cov_50.909005	409	489	10	20	80	0.2500000
NODE_4347_length_1154_cov_50.909005	409	489	11	23	80	0.2875000
NODE_4347_length_1154_cov_50.909005	409	489	12	31	80	0.3875000
NODE_4347_length_1154_cov_50.909005	462	542	9	14	80	0.1750000
NODE_4347_length_1154_cov_50.909005	462	542	10	11	80	0.1375000
NODE_4347_length_1154_cov_50.909005	462	542	11	6	80	0.0750000
NODE_4347_length_1154_cov_50.909005	462	542	12	43	80	0.5375000
NODE_4347_length_1154_cov_50.909005	462	542	13	6	80	0.0750000
NODE_4347_length_1154_cov_50.909005	538	618	7	15	80	0.1875000
NODE_4347_length_1154_cov_50.909005	538	618	8	23	80	0.2875000
NODE_4347_length_1154_cov_50.909005	538	618	9	2	80	0.0250000
NODE_4347_length_1154_cov_50.909005	538	618	10	20	80	0.2500000
NODE_4347_length_1154_cov_50.909005	538	618	11	8	80	0.1000000
NODE_4347_length_1154_cov_50.909005	538	618	12	12	80	0.1500000
NODE_4347_length_1154_cov_50.909005	591	671	4	15	80	0.1875000
NODE_4347_length_1154_cov_50.909005	591	671	5	9	80	0.1125000
NODE_4347_length_1154_cov_50.909005	591	671	7	21	80	0.2625000
NODE_4347_length_1154_cov_50.909005	591	671	8	35	80	0.4375000
NODE_4348_length_1154_cov_28.941232	695	775	3	25	80	0.3125000
NODE_4348_length_1154_cov_28.941232	695	775	6	11	80	0.1375000
NODE_4348_length_1154_cov_28.941232	695	775	7	38	80	0.4750000
NODE_4348_length_1154_cov_28.941232	695	775	8	6	80	0.0750000
NODE_4348_length_1154_cov_28.941232	748	828	6	30	80	0.3750000
NODE_4348_length_1154_cov_28.941232	748	828	7	49	80	0.6125000
NODE_4348_length_1154_cov_28.941232	748	828	8	1	80	0.0125000
NODE_4349_length_1154_cov_13.765877	322	402	9	5	80	0.0625000
NODE_4349_length_1154_cov_13.765877	322	402	10	12	80	0.1500000
NODE_4349_length_1154_cov_13.765877	322	402	11	63	80	0.7875000
NODE_4349_length_1154_cov_13.765877	375	455	2	4	80	0.0500000
NODE_4349_length_1154_cov_13.765877	375	455	4	9	80	0.1125000
NODE_4349_length_1154_cov_13.765877	375	455	5	18	80	0.2250000
NODE_4349_length_1154_cov_13.765877	375	455	7	17	80	0.2125000
NODE_4349_length_1154_cov_13.765877	375	455	9	9	80	0.1125000
NODE_4349_length_1154_cov_13.765877	375	455	10	2	80	0.0250000
NODE_4349_length_1154_cov_13.765877	375	455	11	21	80	0.2625000
NODE_4351_length_1154_cov_5.930806	497	577	0	80	80	1.0000000
NODE_4351_length_1154_cov_5.930806	550	622	0	72	72	1.0000000
NODE_4357_length_1153_cov_65.486717	416	496	14	2	80	0.0250000
NODE_4357_length_1153_cov_65.486717	416	496	15	2	80	0.0250000
NODE_4357_length_1153_cov_65.486717	416	496	16	9	80	0.1125000
NODE_4357_length_1153_cov_65.486717	416	496	17	15	80	0.1875000
NODE_4357_length_1153_cov_65.486717	416	496	19	12	80	0.1500000
NODE_4357_length_1153_cov_65.486717	416	496	20	2	80	0.0250000
NODE_4357_length_1153_cov_65.486717	416	496	21	21	80	0.2625000
NODE_4357_length_1153_cov_65.486717	416	496	22	17	80	0.2125000
NODE_4357_length_1153_cov_65.486717	469	549	9	8	80	0.1000000
NODE_4357_length_1153_cov_65.486717	469	549	10	6	80	0.0750000
NODE_4357_length_1153_cov_65.486717	469	549	11	14	80	0.1750000
NODE_4357_length_1153_cov_65.486717	469	549	12	1	80	0.0125000
NODE_4357_length_1153_cov_65.486717	469	549	13	1	80	0.0125000
NODE_4357_length_1153_cov_65.486717	469	549	14	2	80	0.0250000
NODE_4357_length_1153_cov_65.486717	469	549	16	29	80	0.3625000
NODE_4357_length_1153_cov_65.486717	469	549	17	8	80	0.1000000
NODE_4357_length_1153_cov_65.486717	469	549	19	11	80	0.1375000
NODE_4357_length_1153_cov_65.486717	545	625	3	1	80	0.0125000
NODE_4357_length_1153_cov_65.486717	545	625	4	26	80	0.3250000
NODE_4357_length_1153_cov_65.486717	545	625	5	7	80	0.0875000
NODE_4357_length_1153_cov_65.486717	545	625	6	27	80	0.3375000
NODE_4357_length_1153_cov_65.486717	545	625	7	15	80	0.1875000
NODE_4357_length_1153_cov_65.486717	545	625	9	4	80	0.0500000
NODE_4357_length_1153_cov_65.486717	598	678	5	6	80	0.0750000
NODE_4357_length_1153_cov_65.486717	598	678	6	23	80	0.2875000
NODE_4357_length_1153_cov_65.486717	598	678	7	42	80	0.5250000
NODE_4357_length_1153_cov_65.486717	598	678	8	9	80	0.1125000
NODE_4358_length_1153_cov_50.733397	404	484	6	23	80	0.2875000
NODE_4358_length_1153_cov_50.733397	404	484	7	21	80	0.2625000
NODE_4358_length_1153_cov_50.733397	404	484	8	34	80	0.4250000
NODE_4358_length_1153_cov_50.733397	404	484	9	2	80	0.0250000
NODE_4358_length_1153_cov_50.733397	457	537	4	5	80	0.0625000
NODE_4358_length_1153_cov_50.733397	457	537	5	13	80	0.1625000
NODE_4358_length_1153_cov_50.733397	457	537	6	47	80	0.5875000
NODE_4358_length_1153_cov_50.733397	457	537	7	15	80	0.1875000
NODE_4358_length_1153_cov_50.733397	533	613	3	55	80	0.6875000
NODE_4358_length_1153_cov_50.733397	533	613	4	13	80	0.1625000
NODE_4358_length_1153_cov_50.733397	533	613	5	12	80	0.1500000
NODE_4358_length_1153_cov_50.733397	586	666	3	22	80	0.2750000
NODE_4358_length_1153_cov_50.733397	586	666	4	49	80	0.6125000
NODE_4358_length_1153_cov_50.733397	586	666	5	9	80	0.1125000
NODE_4359_length_1153_cov_26.131879	493	573	2	43	80	0.5375000
NODE_4359_length_1153_cov_26.131879	493	573	3	37	80	0.4625000
NODE_4359_length_1153_cov_26.131879	546	626	1	33	80	0.4125000
NODE_4359_length_1153_cov_26.131879	546	626	2	45	80	0.5625000
NODE_4359_length_1153_cov_26.131879	546	626	3	2	80	0.0250000
NODE_4360_length_1153_cov_10.195446	500	580	4	38	80	0.4750000
NODE_4360_length_1153_cov_10.195446	500	580	5	42	80	0.5250000
NODE_4360_length_1153_cov_10.195446	553	633	2	16	80	0.2000000
NODE_4360_length_1153_cov_10.195446	553	633	3	10	80	0.1250000
NODE_4360_length_1153_cov_10.195446	553	633	4	23	80	0.2875000
NODE_4360_length_1153_cov_10.195446	553	633	5	31	80	0.3875000
NODE_4361_length_1153_cov_8.286528	558	638	0	33	80	0.4125000
NODE_4361_length_1153_cov_8.286528	558	638	2	2	80	0.0250000
NODE_4361_length_1153_cov_8.286528	558	638	3	24	80	0.3000000
NODE_4361_length_1153_cov_8.286528	558	638	7	4	80	0.0500000
NODE_4361_length_1153_cov_8.286528	558	638	10	3	80	0.0375000
NODE_4361_length_1153_cov_8.286528	558	638	11	14	80	0.1750000
NODE_4361_length_1153_cov_8.286528	611	691	3	6	80	0.0750000
NODE_4361_length_1153_cov_8.286528	611	691	7	4	80	0.0500000
NODE_4361_length_1153_cov_8.286528	611	691	10	3	80	0.0375000
NODE_4361_length_1153_cov_8.286528	611	691	11	67	80	0.8375000
NODE_4368_length_1152_cov_19.800570	553	633	1	12	80	0.1500000
NODE_4368_length_1152_cov_19.800570	553	633	2	68	80	0.8500000
NODE_4368_length_1152_cov_19.800570	606	686	2	80	80	1.0000000
NODE_4369_length_1152_cov_19.365622	490	570	6	6	80	0.0750000
NODE_4369_length_1152_cov_19.365622	490	570	8	21	80	0.2625000
NODE_4369_length_1152_cov_19.365622	490	570	10	3	80	0.0375000
NODE_4369_length_1152_cov_19.365622	490	570	11	23	80	0.2875000
NODE_4369_length_1152_cov_19.365622	490	570	12	20	80	0.2500000
NODE_4369_length_1152_cov_19.365622	490	570	13	7	80	0.0875000
NODE_4369_length_1152_cov_19.365622	543	623	5	2	80	0.0250000
NODE_4369_length_1152_cov_19.365622	543	623	7	2	80	0.0250000
NODE_4369_length_1152_cov_19.365622	543	623	8	3	80	0.0375000
NODE_4369_length_1152_cov_19.365622	543	623	9	4	80	0.0500000
NODE_4369_length_1152_cov_19.365622	543	623	10	8	80	0.1000000
NODE_4369_length_1152_cov_19.365622	543	623	11	21	80	0.2625000
NODE_4369_length_1152_cov_19.365622	543	623	12	33	80	0.4125000
NODE_4369_length_1152_cov_19.365622	543	623	13	7	80	0.0875000
NODE_4370_length_1152_cov_18.654321	594	674	8	6	80	0.0750000
NODE_4370_length_1152_cov_18.654321	594	674	9	41	80	0.5125000
NODE_4370_length_1152_cov_18.654321	594	674	10	27	80	0.3375000
NODE_4370_length_1152_cov_18.654321	594	674	11	3	80	0.0375000
NODE_4370_length_1152_cov_18.654321	594	674	12	3	80	0.0375000
NODE_4370_length_1152_cov_18.654321	647	727	3	25	80	0.3125000
NODE_4370_length_1152_cov_18.654321	647	727	5	8	80	0.1000000
NODE_4370_length_1152_cov_18.654321	647	727	6	5	80	0.0625000
NODE_4370_length_1152_cov_18.654321	647	727	8	21	80	0.2625000
NODE_4370_length_1152_cov_18.654321	647	727	9	12	80	0.1500000
NODE_4370_length_1152_cov_18.654321	647	727	10	9	80	0.1125000
NODE_4371_length_1152_cov_18.075024	377	457	4	15	80	0.1875000
NODE_4371_length_1152_cov_18.075024	377	457	6	65	80	0.8125000
NODE_4371_length_1152_cov_18.075024	430	510	3	2	80	0.0250000
NODE_4371_length_1152_cov_18.075024	430	510	4	42	80	0.5250000
NODE_4371_length_1152_cov_18.075024	430	510	5	6	80	0.0750000
NODE_4371_length_1152_cov_18.075024	430	510	6	30	80	0.3750000
NODE_4371_length_1152_cov_18.075024	506	586	0	69	80	0.8625000
NODE_4371_length_1152_cov_18.075024	506	586	1	2	80	0.0250000
NODE_4371_length_1152_cov_18.075024	506	586	2	1	80	0.0125000
NODE_4371_length_1152_cov_18.075024	506	586	3	6	80	0.0750000
NODE_4371_length_1152_cov_18.075024	506	586	4	2	80	0.0250000
NODE_4371_length_1152_cov_18.075024	559	639	0	26	80	0.3250000
NODE_4371_length_1152_cov_18.075024	559	639	2	54	80	0.6750000
NODE_4373_length_1152_cov_16.047483	543	623	0	29	80	0.3625000
NODE_4373_length_1152_cov_16.047483	543	623	2	51	80	0.6375000
NODE_4373_length_1152_cov_16.047483	596	676	2	58	80	0.7250000
NODE_4373_length_1152_cov_16.047483	596	676	4	1	80	0.0125000
NODE_4373_length_1152_cov_16.047483	596	676	5	21	80	0.2625000
NODE_4373_length_1152_cov_16.047483	672	752	3	53	80	0.6625000
NODE_4373_length_1152_cov_16.047483	672	752	4	11	80	0.1375000
NODE_4373_length_1152_cov_16.047483	672	752	5	16	80	0.2000000
NODE_4373_length_1152_cov_16.047483	725	805	2	8	80	0.1000000
NODE_4373_length_1152_cov_16.047483	725	805	3	16	80	0.2000000
NODE_4373_length_1152_cov_16.047483	725	805	4	56	80	0.7000000
NODE_4374_length_1152_cov_13.981007	583	663	2	18	80	0.2250000
NODE_4374_length_1152_cov_13.981007	583	663	4	35	80	0.4375000
NODE_4374_length_1152_cov_13.981007	583	663	6	27	80	0.3375000
NODE_4374_length_1152_cov_13.981007	636	716	0	6	80	0.0750000
NODE_4374_length_1152_cov_13.981007	636	716	2	25	80	0.3125000
NODE_4374_length_1152_cov_13.981007	636	716	3	1	80	0.0125000
NODE_4374_length_1152_cov_13.981007	636	716	4	48	80	0.6000000
NODE_4380_length_1151_cov_30.469582	479	559	4	21	80	0.2625000
NODE_4380_length_1151_cov_30.469582	479	559	5	12	80	0.1500000
NODE_4380_length_1151_cov_30.469582	479	559	7	3	80	0.0375000
NODE_4380_length_1151_cov_30.469582	479	559	9	7	80	0.0875000
NODE_4380_length_1151_cov_30.469582	479	559	10	12	80	0.1500000
NODE_4380_length_1151_cov_30.469582	479	559	11	1	80	0.0125000
NODE_4380_length_1151_cov_30.469582	479	559	12	3	80	0.0375000
NODE_4380_length_1151_cov_30.469582	479	559	14	4	80	0.0500000
NODE_4380_length_1151_cov_30.469582	479	559	15	9	80	0.1125000
NODE_4380_length_1151_cov_30.469582	479	559	16	7	80	0.0875000
NODE_4380_length_1151_cov_30.469582	479	559	18	1	80	0.0125000
NODE_4380_length_1151_cov_30.469582	532	612	10	3	80	0.0375000
NODE_4380_length_1151_cov_30.469582	532	612	12	3	80	0.0375000
NODE_4380_length_1151_cov_30.469582	532	612	14	4	80	0.0500000
NODE_4380_length_1151_cov_30.469582	532	612	15	23	80	0.2875000
NODE_4380_length_1151_cov_30.469582	532	612	16	7	80	0.0875000
NODE_4380_length_1151_cov_30.469582	532	612	17	17	80	0.2125000
NODE_4380_length_1151_cov_30.469582	532	612	18	23	80	0.2875000
NODE_4381_length_1151_cov_26.650190	567	647	1	15	80	0.1875000
NODE_4381_length_1151_cov_26.650190	567	647	2	15	80	0.1875000
NODE_4381_length_1151_cov_26.650190	567	647	3	50	80	0.6250000
NODE_4381_length_1151_cov_26.650190	620	700	3	80	80	1.0000000
NODE_4382_length_1151_cov_26.375475	441	521	1	38	80	0.4750000
NODE_4382_length_1151_cov_26.375475	441	521	3	4	80	0.0500000
NODE_4382_length_1151_cov_26.375475	441	521	4	38	80	0.4750000
NODE_4382_length_1151_cov_26.375475	494	574	0	1	80	0.0125000
NODE_4382_length_1151_cov_26.375475	494	574	1	79	80	0.9875000
NODE_4382_length_1151_cov_26.375475	570	650	0	1	80	0.0125000
NODE_4382_length_1151_cov_26.375475	570	650	1	9	80	0.1125000
NODE_4382_length_1151_cov_26.375475	570	650	2	57	80	0.7125000
NODE_4382_length_1151_cov_26.375475	570	650	3	5	80	0.0625000
NODE_4382_length_1151_cov_26.375475	570	650	4	8	80	0.1000000
NODE_4382_length_1151_cov_26.375475	623	703	2	14	80	0.1750000
NODE_4382_length_1151_cov_26.375475	623	703	3	5	80	0.0625000
NODE_4382_length_1151_cov_26.375475	623	703	4	61	80	0.7625000
NODE_4383_length_1151_cov_23.614068	590	670	8	6	80	0.0750000
NODE_4383_length_1151_cov_23.614068	590	670	9	20	80	0.2500000
NODE_4383_length_1151_cov_23.614068	590	670	11	4	80	0.0500000
NODE_4383_length_1151_cov_23.614068	590	670	12	43	80	0.5375000
NODE_4383_length_1151_cov_23.614068	590	670	13	1	80	0.0125000
NODE_4383_length_1151_cov_23.614068	590	670	14	6	80	0.0750000
NODE_4383_length_1151_cov_23.614068	643	721	10	10	78	0.1282051
NODE_4383_length_1151_cov_23.614068	643	721	11	10	78	0.1282051
NODE_4383_length_1151_cov_23.614068	643	721	12	51	78	0.6538461
NODE_4383_length_1151_cov_23.614068	643	721	13	1	78	0.0128205
NODE_4383_length_1151_cov_23.614068	643	721	14	6	78	0.0769231
NODE_4384_length_1151_cov_18.693916	355	435	3	2	80	0.0250000
NODE_4384_length_1151_cov_18.693916	355	435	4	30	80	0.3750000
NODE_4384_length_1151_cov_18.693916	355	435	5	48	80	0.6000000
NODE_4384_length_1151_cov_18.693916	408	491	1	33	83	0.3975904
NODE_4384_length_1151_cov_18.693916	408	491	3	4	83	0.0481928
NODE_4384_length_1151_cov_18.693916	408	491	4	46	83	0.5542169
NODE_4385_length_1151_cov_16.093156	474	554	1	15	80	0.1875000
NODE_4385_length_1151_cov_16.093156	474	554	2	27	80	0.3375000
NODE_4385_length_1151_cov_16.093156	474	554	3	38	80	0.4750000
NODE_4385_length_1151_cov_16.093156	527	607	2	33	80	0.4125000
NODE_4385_length_1151_cov_16.093156	527	607	3	47	80	0.5875000
NODE_4386_length_1151_cov_13.782319	400	482	2	12	82	0.1463415
NODE_4386_length_1151_cov_13.782319	400	482	3	48	82	0.5853658
NODE_4386_length_1151_cov_13.782319	400	482	4	22	82	0.2682927
NODE_4386_length_1151_cov_13.782319	450	535	2	10	85	0.1176471
NODE_4386_length_1151_cov_13.782319	450	535	3	75	85	0.8823529
NODE_4392_length_1150_cov_38.601332	563	643	0	21	80	0.2625000
NODE_4392_length_1150_cov_38.601332	563	643	1	18	80	0.2250000
NODE_4392_length_1150_cov_38.601332	563	643	2	8	80	0.1000000
NODE_4392_length_1150_cov_38.601332	563	643	3	12	80	0.1500000
NODE_4392_length_1150_cov_38.601332	563	643	4	21	80	0.2625000
NODE_4392_length_1150_cov_38.601332	616	696	3	6	80	0.0750000
NODE_4392_length_1150_cov_38.601332	616	696	4	32	80	0.4000000
NODE_4392_length_1150_cov_38.601332	616	696	5	42	80	0.5250000
NODE_4392_length_1150_cov_38.601332	692	772	4	12	80	0.1500000
NODE_4392_length_1150_cov_38.601332	692	772	5	28	80	0.3500000
NODE_4392_length_1150_cov_38.601332	692	772	6	38	80	0.4750000
NODE_4392_length_1150_cov_38.601332	692	772	7	2	80	0.0250000
NODE_4392_length_1150_cov_38.601332	745	825	2	21	80	0.2625000
NODE_4392_length_1150_cov_38.601332	745	825	3	32	80	0.4000000
NODE_4392_length_1150_cov_38.601332	745	825	4	12	80	0.1500000
NODE_4392_length_1150_cov_38.601332	745	825	5	8	80	0.1000000
NODE_4392_length_1150_cov_38.601332	745	825	6	7	80	0.0875000
NODE_4393_length_1150_cov_15.741199	497	578	2	51	81	0.6296296
NODE_4393_length_1150_cov_15.741199	497	578	3	30	81	0.3703704
NODE_4393_length_1150_cov_15.741199	550	631	2	30	81	0.3703704
NODE_4393_length_1150_cov_15.741199	550	631	4	51	81	0.6296296
NODE_4394_length_1150_cov_11.132255	795	875	5	1	80	0.0125000
NODE_4394_length_1150_cov_11.132255	795	875	6	46	80	0.5750000
NODE_4394_length_1150_cov_11.132255	795	875	7	33	80	0.4125000
NODE_4394_length_1150_cov_11.132255	848	928	4	1	80	0.0125000
NODE_4394_length_1150_cov_11.132255	848	928	5	33	80	0.4125000
NODE_4394_length_1150_cov_11.132255	848	928	6	45	80	0.5625000
NODE_4394_length_1150_cov_11.132255	848	928	7	1	80	0.0125000
NODE_4395_length_1150_cov_9.253092	583	663	2	44	80	0.5500000
NODE_4395_length_1150_cov_9.253092	583	663	4	36	80	0.4500000
NODE_4395_length_1150_cov_9.253092	636	716	2	27	80	0.3375000
NODE_4395_length_1150_cov_9.253092	636	716	4	53	80	0.6625000
NODE_4398_length_1149_cov_17.289524	644	695	0	51	51	1.0000000
NODE_4399_length_1149_cov_13.805714	584	664	1	45	80	0.5625000
NODE_4399_length_1149_cov_13.805714	584	664	3	4	80	0.0500000
NODE_4399_length_1149_cov_13.805714	584	664	4	31	80	0.3875000
NODE_4399_length_1149_cov_13.805714	637	717	4	44	80	0.5500000
NODE_4399_length_1149_cov_13.805714	637	717	5	36	80	0.4500000
NODE_4399_length_1149_cov_13.805714	713	793	2	10	80	0.1250000
NODE_4399_length_1149_cov_13.805714	713	793	3	30	80	0.3750000
NODE_4399_length_1149_cov_13.805714	713	793	4	24	80	0.3000000
NODE_4399_length_1149_cov_13.805714	713	793	5	16	80	0.2000000
NODE_4399_length_1149_cov_13.805714	766	846	1	15	80	0.1875000
NODE_4399_length_1149_cov_13.805714	766	846	2	48	80	0.6000000
NODE_4399_length_1149_cov_13.805714	766	846	3	17	80	0.2125000
NODE_4407_length_1148_cov_27.674929	387	467	12	6	80	0.0750000
NODE_4407_length_1148_cov_27.674929	387	467	14	5	80	0.0625000
NODE_4407_length_1148_cov_27.674929	387	467	16	10	80	0.1250000
NODE_4407_length_1148_cov_27.674929	387	467	17	25	80	0.3125000
NODE_4407_length_1148_cov_27.674929	387	467	18	23	80	0.2875000
NODE_4407_length_1148_cov_27.674929	387	467	19	11	80	0.1375000
NODE_4407_length_1148_cov_27.674929	440	520	14	11	80	0.1375000
NODE_4407_length_1148_cov_27.674929	440	520	15	1	80	0.0125000
NODE_4407_length_1148_cov_27.674929	440	520	16	10	80	0.1250000
NODE_4407_length_1148_cov_27.674929	440	520	17	13	80	0.1625000
NODE_4407_length_1148_cov_27.674929	440	520	18	34	80	0.4250000
NODE_4407_length_1148_cov_27.674929	440	520	19	11	80	0.1375000
NODE_4408_length_1148_cov_13.275500	136	216	3	18	80	0.2250000
NODE_4408_length_1148_cov_13.275500	136	216	4	7	80	0.0875000
NODE_4408_length_1148_cov_13.275500	136	216	5	2	80	0.0250000
NODE_4408_length_1148_cov_13.275500	136	216	6	14	80	0.1750000
NODE_4408_length_1148_cov_13.275500	136	216	7	39	80	0.4875000
NODE_4408_length_1148_cov_13.275500	189	268	3	25	79	0.3164557
NODE_4408_length_1148_cov_13.275500	189	268	4	7	79	0.0886076
NODE_4408_length_1148_cov_13.275500	189	268	5	20	79	0.2531646
NODE_4408_length_1148_cov_13.275500	189	268	6	27	79	0.3417721
NODE_4409_length_1148_cov_10.613918	506	586	4	3	80	0.0375000
NODE_4409_length_1148_cov_10.613918	506	586	5	4	80	0.0500000
NODE_4409_length_1148_cov_10.613918	506	586	9	49	80	0.6125000
NODE_4409_length_1148_cov_10.613918	506	586	10	24	80	0.3000000
NODE_4409_length_1148_cov_10.613918	559	639	7	2	80	0.0250000
NODE_4409_length_1148_cov_10.613918	559	639	8	40	80	0.5000000
NODE_4409_length_1148_cov_10.613918	559	639	9	18	80	0.2250000
NODE_4409_length_1148_cov_10.613918	559	639	10	20	80	0.2500000
NODE_4415_length_1147_cov_33.543893	378	458	2	20	80	0.2500000
NODE_4415_length_1147_cov_33.543893	378	458	3	11	80	0.1375000
NODE_4415_length_1147_cov_33.543893	378	458	4	16	80	0.2000000
NODE_4415_length_1147_cov_33.543893	378	458	6	10	80	0.1250000
NODE_4415_length_1147_cov_33.543893	378	458	7	14	80	0.1750000
NODE_4415_length_1147_cov_33.543893	378	458	8	7	80	0.0875000
NODE_4415_length_1147_cov_33.543893	378	458	9	2	80	0.0250000
NODE_4415_length_1147_cov_33.543893	431	511	6	7	80	0.0875000
NODE_4415_length_1147_cov_33.543893	431	511	7	11	80	0.1375000
NODE_4415_length_1147_cov_33.543893	431	511	8	7	80	0.0875000
NODE_4415_length_1147_cov_33.543893	431	511	9	55	80	0.6875000
NODE_4416_length_1147_cov_26.858779	254	334	1	80	80	1.0000000
NODE_4416_length_1147_cov_26.858779	307	387	1	30	80	0.3750000
NODE_4416_length_1147_cov_26.858779	307	387	2	50	80	0.6250000
NODE_4416_length_1147_cov_26.858779	383	463	1	4	80	0.0500000
NODE_4416_length_1147_cov_26.858779	383	463	2	9	80	0.1125000
NODE_4416_length_1147_cov_26.858779	383	463	3	11	80	0.1375000
NODE_4416_length_1147_cov_26.858779	383	463	5	36	80	0.4500000
NODE_4416_length_1147_cov_26.858779	383	463	7	3	80	0.0375000
NODE_4416_length_1147_cov_26.858779	383	463	10	1	80	0.0125000
NODE_4416_length_1147_cov_26.858779	383	463	11	7	80	0.0875000
NODE_4416_length_1147_cov_26.858779	383	463	12	9	80	0.1125000
NODE_4416_length_1147_cov_26.858779	436	516	5	7	80	0.0875000
NODE_4416_length_1147_cov_26.858779	436	516	7	3	80	0.0375000
NODE_4416_length_1147_cov_26.858779	436	516	10	5	80	0.0625000
NODE_4416_length_1147_cov_26.858779	436	516	11	7	80	0.0875000
NODE_4416_length_1147_cov_26.858779	436	516	12	42	80	0.5250000
NODE_4416_length_1147_cov_26.858779	436	516	13	16	80	0.2000000
NODE_4417_length_1147_cov_24.227099	606	686	4	22	80	0.2750000
NODE_4417_length_1147_cov_24.227099	606	686	5	31	80	0.3875000
NODE_4417_length_1147_cov_24.227099	606	686	6	4	80	0.0500000
NODE_4417_length_1147_cov_24.227099	606	686	7	23	80	0.2875000
NODE_4417_length_1147_cov_24.227099	659	739	2	22	80	0.2750000
NODE_4417_length_1147_cov_24.227099	659	739	3	10	80	0.1250000
NODE_4417_length_1147_cov_24.227099	659	739	4	43	80	0.5375000
NODE_4417_length_1147_cov_24.227099	659	739	5	5	80	0.0625000
NODE_4417_length_1147_cov_24.227099	735	815	0	74	80	0.9250000
NODE_4417_length_1147_cov_24.227099	735	815	2	6	80	0.0750000
NODE_4417_length_1147_cov_24.227099	788	868	0	80	80	1.0000000
NODE_4418_length_1147_cov_16.559160	417	497	8	3	80	0.0375000
NODE_4418_length_1147_cov_16.559160	417	497	10	38	80	0.4750000
NODE_4418_length_1147_cov_16.559160	417	497	11	39	80	0.4875000
NODE_4418_length_1147_cov_16.559160	470	550	5	25	80	0.3125000
NODE_4418_length_1147_cov_16.559160	470	550	7	2	80	0.0250000
NODE_4418_length_1147_cov_16.559160	470	550	8	29	80	0.3625000
NODE_4418_length_1147_cov_16.559160	470	550	10	22	80	0.2750000
NODE_4418_length_1147_cov_16.559160	470	550	11	2	80	0.0250000
NODE_4428_length_1146_cov_52.393505	411	491	1	2	80	0.0250000
NODE_4428_length_1146_cov_52.393505	411	491	2	3	80	0.0375000
NODE_4428_length_1146_cov_52.393505	411	491	4	73	80	0.9125000
NODE_4428_length_1146_cov_52.393505	411	491	6	2	80	0.0250000
NODE_4428_length_1146_cov_52.393505	464	544	4	25	80	0.3125000
NODE_4428_length_1146_cov_52.393505	464	544	6	2	80	0.0250000
NODE_4428_length_1146_cov_52.393505	464	544	9	3	80	0.0375000
NODE_4428_length_1146_cov_52.393505	464	544	11	13	80	0.1625000
NODE_4428_length_1146_cov_52.393505	464	544	12	6	80	0.0750000
NODE_4428_length_1146_cov_52.393505	464	544	13	19	80	0.2375000
NODE_4428_length_1146_cov_52.393505	464	544	14	5	80	0.0625000
NODE_4428_length_1146_cov_52.393505	464	544	16	7	80	0.0875000
NODE_4428_length_1146_cov_52.393505	540	620	11	52	80	0.6500000
NODE_4428_length_1146_cov_52.393505	540	620	13	5	80	0.0625000
NODE_4428_length_1146_cov_52.393505	540	620	14	5	80	0.0625000
NODE_4428_length_1146_cov_52.393505	540	620	16	10	80	0.1250000
NODE_4428_length_1146_cov_52.393505	540	620	17	8	80	0.1000000
NODE_4428_length_1146_cov_52.393505	593	673	4	10	80	0.1250000
NODE_4428_length_1146_cov_52.393505	593	673	5	6	80	0.0750000
NODE_4428_length_1146_cov_52.393505	593	673	6	16	80	0.2000000
NODE_4428_length_1146_cov_52.393505	593	673	7	2	80	0.0250000
NODE_4428_length_1146_cov_52.393505	593	673	9	2	80	0.0250000
NODE_4428_length_1146_cov_52.393505	593	673	11	44	80	0.5500000
NODE_4429_length_1146_cov_46.364852	233	313	8	25	80	0.3125000
NODE_4429_length_1146_cov_46.364852	233	313	9	8	80	0.1000000
NODE_4429_length_1146_cov_46.364852	233	313	11	22	80	0.2750000
NODE_4429_length_1146_cov_46.364852	233	313	12	10	80	0.1250000
NODE_4429_length_1146_cov_46.364852	233	313	13	15	80	0.1875000
NODE_4429_length_1146_cov_46.364852	286	366	5	2	80	0.0250000
NODE_4429_length_1146_cov_46.364852	286	366	6	12	80	0.1500000
NODE_4429_length_1146_cov_46.364852	286	366	8	9	80	0.1125000
NODE_4429_length_1146_cov_46.364852	286	366	9	9	80	0.1125000
NODE_4429_length_1146_cov_46.364852	286	366	10	3	80	0.0375000
NODE_4429_length_1146_cov_46.364852	286	366	11	9	80	0.1125000
NODE_4429_length_1146_cov_46.364852	286	366	12	21	80	0.2625000
NODE_4429_length_1146_cov_46.364852	286	366	13	15	80	0.1875000
NODE_4430_length_1146_cov_26.159503	476	556	1	48	80	0.6000000
NODE_4430_length_1146_cov_26.159503	476	556	2	7	80	0.0875000
NODE_4430_length_1146_cov_26.159503	476	556	3	1	80	0.0125000
NODE_4430_length_1146_cov_26.159503	476	556	4	24	80	0.3000000
NODE_4430_length_1146_cov_26.159503	529	609	2	2	80	0.0250000
NODE_4430_length_1146_cov_26.159503	529	609	3	1	80	0.0125000
NODE_4430_length_1146_cov_26.159503	529	609	4	32	80	0.4000000
NODE_4430_length_1146_cov_26.159503	529	609	6	2	80	0.0250000
NODE_4430_length_1146_cov_26.159503	529	609	7	39	80	0.4875000
NODE_4430_length_1146_cov_26.159503	529	609	8	4	80	0.0500000
NODE_4430_length_1146_cov_26.159503	605	685	6	6	80	0.0750000
NODE_4430_length_1146_cov_26.159503	605	685	7	74	80	0.9250000
NODE_4430_length_1146_cov_26.159503	658	738	0	19	80	0.2375000
NODE_4430_length_1146_cov_26.159503	658	738	2	18	80	0.2250000
NODE_4430_length_1146_cov_26.159503	658	738	4	15	80	0.1875000
NODE_4430_length_1146_cov_26.159503	658	738	6	7	80	0.0875000
NODE_4430_length_1146_cov_26.159503	658	738	7	21	80	0.2625000
NODE_4431_length_1146_cov_14.210124	343	423	2	21	80	0.2625000
NODE_4431_length_1146_cov_14.210124	343	423	4	57	80	0.7125000
NODE_4431_length_1146_cov_14.210124	343	423	5	2	80	0.0250000
NODE_4431_length_1146_cov_14.210124	396	476	2	27	80	0.3375000
NODE_4431_length_1146_cov_14.210124	396	476	4	53	80	0.6625000
NODE_4432_length_1146_cov_13.479465	425	501	2	76	76	1.0000000
NODE_4432_length_1146_cov_13.479465	505	565	1	9	60	0.1500000
NODE_4432_length_1146_cov_13.479465	505	565	2	28	60	0.4666667
NODE_4432_length_1146_cov_13.479465	505	565	3	18	60	0.3000000
NODE_4432_length_1146_cov_13.479465	505	565	5	5	60	0.0833333
NODE_4432_length_1146_cov_13.479465	561	641	5	17	80	0.2125000
NODE_4432_length_1146_cov_13.479465	561	641	6	63	80	0.7875000
NODE_4432_length_1146_cov_13.479465	614	694	1	3	80	0.0375000
NODE_4432_length_1146_cov_13.479465	614	694	2	2	80	0.0250000
NODE_4432_length_1146_cov_13.479465	614	694	3	24	80	0.3000000
NODE_4432_length_1146_cov_13.479465	614	694	5	7	80	0.0875000
NODE_4432_length_1146_cov_13.479465	614	694	6	44	80	0.5500000
NODE_4438_length_1145_cov_49.566922	395	470	0	21	75	0.2800000
NODE_4438_length_1145_cov_49.566922	395	470	1	8	75	0.1066667
NODE_4438_length_1145_cov_49.566922	395	470	2	46	75	0.6133333
NODE_4438_length_1145_cov_49.566922	443	523	2	69	80	0.8625000
NODE_4438_length_1145_cov_49.566922	443	523	3	3	80	0.0375000
NODE_4438_length_1145_cov_49.566922	443	523	4	8	80	0.1000000
NODE_4439_length_1145_cov_38.191205	497	576	5	2	79	0.0253165
NODE_4439_length_1145_cov_38.191205	497	576	6	17	79	0.2151899
NODE_4439_length_1145_cov_38.191205	497	576	8	14	79	0.1772152
NODE_4439_length_1145_cov_38.191205	497	576	9	9	79	0.1139240
NODE_4439_length_1145_cov_38.191205	497	576	10	23	79	0.2911392
NODE_4439_length_1145_cov_38.191205	497	576	11	6	79	0.0759494
NODE_4439_length_1145_cov_38.191205	497	576	12	8	79	0.1012658
NODE_4439_length_1145_cov_38.191205	549	629	9	2	80	0.0250000
NODE_4439_length_1145_cov_38.191205	549	629	10	43	80	0.5375000
NODE_4439_length_1145_cov_38.191205	549	629	11	26	80	0.3250000
NODE_4439_length_1145_cov_38.191205	549	629	12	9	80	0.1125000
NODE_4440_length_1145_cov_26.929254	468	548	5	7	80	0.0875000
NODE_4440_length_1145_cov_26.929254	468	548	7	12	80	0.1500000
NODE_4440_length_1145_cov_26.929254	468	548	9	23	80	0.2875000
NODE_4440_length_1145_cov_26.929254	468	548	11	38	80	0.4750000
NODE_4440_length_1145_cov_26.929254	521	601	0	19	80	0.2375000
NODE_4440_length_1145_cov_26.929254	521	601	1	3	80	0.0375000
NODE_4440_length_1145_cov_26.929254	521	601	2	18	80	0.2250000
NODE_4440_length_1145_cov_26.929254	521	601	3	10	80	0.1250000
NODE_4440_length_1145_cov_26.929254	521	601	4	3	80	0.0375000
NODE_4440_length_1145_cov_26.929254	521	601	5	7	80	0.0875000
NODE_4440_length_1145_cov_26.929254	521	601	7	12	80	0.1500000
NODE_4440_length_1145_cov_26.929254	521	601	9	8	80	0.1000000
NODE_4441_length_1145_cov_20.121415	508	588	0	1	80	0.0125000
NODE_4441_length_1145_cov_20.121415	508	588	1	79	80	0.9875000
NODE_4441_length_1145_cov_20.121415	561	641	1	80	80	1.0000000
NODE_4442_length_1145_cov_11.753346	527	605	1	1	78	0.0128205
NODE_4442_length_1145_cov_11.753346	527	605	2	77	78	0.9871795
NODE_4442_length_1145_cov_11.753346	578	659	2	30	81	0.3703704
NODE_4442_length_1145_cov_11.753346	578	659	3	18	81	0.2222222
NODE_4442_length_1145_cov_11.753346	578	659	4	33	81	0.4074074
NODE_4443_length_1145_cov_9.571702	93	173	0	40	80	0.5000000
NODE_4443_length_1145_cov_9.571702	93	173	2	40	80	0.5000000
NODE_4443_length_1145_cov_9.571702	146	226	2	80	80	1.0000000
NODE_4455_length_1143_cov_42.255747	380	460	0	52	80	0.6500000
NODE_4455_length_1143_cov_42.255747	380	460	1	28	80	0.3500000
NODE_4455_length_1143_cov_42.255747	433	513	1	31	80	0.3875000
NODE_4455_length_1143_cov_42.255747	433	513	2	35	80	0.4375000
NODE_4455_length_1143_cov_42.255747	433	513	3	10	80	0.1250000
NODE_4455_length_1143_cov_42.255747	433	513	4	4	80	0.0500000
NODE_4455_length_1143_cov_42.255747	509	589	4	21	80	0.2625000
NODE_4455_length_1143_cov_42.255747	509	589	7	7	80	0.0875000
NODE_4455_length_1143_cov_42.255747	509	589	8	52	80	0.6500000
NODE_4455_length_1143_cov_42.255747	562	642	6	28	80	0.3500000
NODE_4455_length_1143_cov_42.255747	562	642	7	32	80	0.4000000
NODE_4455_length_1143_cov_42.255747	562	642	8	20	80	0.2500000
NODE_4456_length_1143_cov_22.076628	526	606	6	30	80	0.3750000
NODE_4456_length_1143_cov_22.076628	526	606	7	21	80	0.2625000
NODE_4456_length_1143_cov_22.076628	526	606	8	5	80	0.0625000
NODE_4456_length_1143_cov_22.076628	526	606	9	24	80	0.3000000
NODE_4456_length_1143_cov_22.076628	579	659	4	2	80	0.0250000
NODE_4456_length_1143_cov_22.076628	579	659	5	6	80	0.0750000
NODE_4456_length_1143_cov_22.076628	579	659	6	29	80	0.3625000
NODE_4456_length_1143_cov_22.076628	579	659	7	22	80	0.2750000
NODE_4456_length_1143_cov_22.076628	579	659	8	5	80	0.0625000
NODE_4456_length_1143_cov_22.076628	579	659	9	16	80	0.2000000
NODE_4457_length_1143_cov_19.106322	565	645	2	48	80	0.6000000
NODE_4457_length_1143_cov_19.106322	565	645	3	32	80	0.4000000
NODE_4457_length_1143_cov_19.106322	618	698	2	5	80	0.0625000
NODE_4457_length_1143_cov_19.106322	618	698	3	75	80	0.9375000
NODE_4458_length_1143_cov_16.223180	638	719	4	13	81	0.1604938
NODE_4458_length_1143_cov_16.223180	638	719	5	28	81	0.3456790
NODE_4458_length_1143_cov_16.223180	638	719	6	2	81	0.0246914
NODE_4458_length_1143_cov_16.223180	638	719	8	38	81	0.4691358
NODE_4458_length_1143_cov_16.223180	692	772	6	18	80	0.2250000
NODE_4458_length_1143_cov_16.223180	692	772	8	62	80	0.7750000
NODE_4459_length_1143_cov_13.961686	634	714	0	80	80	1.0000000
NODE_4459_length_1143_cov_13.961686	687	767	0	80	80	1.0000000
NODE_4459_length_1143_cov_13.961686	763	843	0	80	80	1.0000000
NODE_4459_length_1143_cov_13.961686	816	896	0	80	80	1.0000000
NODE_4460_length_1143_cov_12.782567	328	409	2	81	81	1.0000000
NODE_4460_length_1143_cov_12.782567	381	462	2	70	81	0.8641976
NODE_4460_length_1143_cov_12.782567	381	462	4	11	81	0.1358025
NODE_4460_length_1143_cov_12.782567	458	538	2	18	80	0.2250000
NODE_4460_length_1143_cov_12.782567	458	538	4	58	80	0.7250000
NODE_4460_length_1143_cov_12.782567	458	538	5	4	80	0.0500000
NODE_4460_length_1143_cov_12.782567	511	591	4	54	80	0.6750000
NODE_4460_length_1143_cov_12.782567	511	591	5	9	80	0.1125000
NODE_4460_length_1143_cov_12.782567	511	591	6	17	80	0.2125000
NODE_4461_length_1143_cov_8.287356	692	772	0	80	80	1.0000000
NODE_4461_length_1143_cov_8.287356	745	825	0	80	80	1.0000000
NODE_4463_length_1143_cov_2.197318	988	1057	0	51	69	0.7391304
NODE_4463_length_1143_cov_2.197318	988	1057	2	1	69	0.0144928
NODE_4463_length_1143_cov_2.197318	988	1057	4	17	69	0.2463768
NODE_4466_length_1142_cov_28.364334	613	693	6	32	80	0.4000000
NODE_4466_length_1142_cov_28.364334	613	693	7	18	80	0.2250000
NODE_4466_length_1142_cov_28.364334	613	693	8	30	80	0.3750000
NODE_4466_length_1142_cov_28.364334	666	746	2	1	80	0.0125000
NODE_4466_length_1142_cov_28.364334	666	746	3	20	80	0.2500000
NODE_4466_length_1142_cov_28.364334	666	746	5	19	80	0.2375000
NODE_4466_length_1142_cov_28.364334	666	746	7	31	80	0.3875000
NODE_4466_length_1142_cov_28.364334	666	746	8	9	80	0.1125000
NODE_4467_length_1142_cov_21.669223	518	598	4	8	80	0.1000000
NODE_4467_length_1142_cov_21.669223	518	598	5	72	80	0.9000000
NODE_4467_length_1142_cov_21.669223	571	651	3	7	80	0.0875000
NODE_4467_length_1142_cov_21.669223	571	651	4	34	80	0.4250000
NODE_4467_length_1142_cov_21.669223	571	651	5	39	80	0.4875000
NODE_4468_length_1142_cov_19.007670	411	491	4	80	80	1.0000000
NODE_4468_length_1142_cov_19.007670	464	544	0	20	80	0.2500000
NODE_4468_length_1142_cov_19.007670	464	544	2	18	80	0.2250000
NODE_4468_length_1142_cov_19.007670	464	544	4	42	80	0.5250000
NODE_4474_length_1141_cov_12.500960	17	97	3	18	80	0.2250000
NODE_4474_length_1141_cov_12.500960	17	97	4	11	80	0.1375000
NODE_4474_length_1141_cov_12.500960	17	97	5	35	80	0.4375000
NODE_4474_length_1141_cov_12.500960	17	97	6	16	80	0.2000000
NODE_4474_length_1141_cov_12.500960	17	97	3	18	80	0.2250000
NODE_4474_length_1141_cov_12.500960	17	97	4	11	80	0.1375000
NODE_4474_length_1141_cov_12.500960	17	97	5	35	80	0.4375000
NODE_4474_length_1141_cov_12.500960	17	97	6	16	80	0.2000000
NODE_4474_length_1141_cov_12.500960	17	97	3	18	80	0.2250000
NODE_4474_length_1141_cov_12.500960	17	97	4	11	80	0.1375000
NODE_4474_length_1141_cov_12.500960	17	97	5	35	80	0.4375000
NODE_4474_length_1141_cov_12.500960	17	97	6	16	80	0.2000000
NODE_4474_length_1141_cov_12.500960	17	97	3	18	80	0.2250000
NODE_4474_length_1141_cov_12.500960	17	97	4	11	80	0.1375000
NODE_4474_length_1141_cov_12.500960	17	97	5	35	80	0.4375000
NODE_4474_length_1141_cov_12.500960	17	97	6	16	80	0.2000000
NODE_4474_length_1141_cov_12.500960	70	132	4	1	62	0.0161290
NODE_4474_length_1141_cov_12.500960	70	132	5	11	62	0.1774193
NODE_4474_length_1141_cov_12.500960	70	132	6	49	62	0.7903226
NODE_4474_length_1141_cov_12.500960	70	132	8	1	62	0.0161290
NODE_4474_length_1141_cov_12.500960	70	132	4	1	62	0.0161290
NODE_4474_length_1141_cov_12.500960	70	132	5	11	62	0.1774193
NODE_4474_length_1141_cov_12.500960	70	132	6	49	62	0.7903226
NODE_4474_length_1141_cov_12.500960	70	132	8	1	62	0.0161290
NODE_4474_length_1141_cov_12.500960	70	132	4	1	62	0.0161290
NODE_4474_length_1141_cov_12.500960	70	132	5	11	62	0.1774193
NODE_4474_length_1141_cov_12.500960	70	132	6	49	62	0.7903226
NODE_4474_length_1141_cov_12.500960	70	132	8	1	62	0.0161290
NODE_4474_length_1141_cov_12.500960	70	132	4	1	62	0.0161290
NODE_4474_length_1141_cov_12.500960	70	132	5	11	62	0.1774193
NODE_4474_length_1141_cov_12.500960	70	132	6	49	62	0.7903226
NODE_4474_length_1141_cov_12.500960	70	132	8	1	62	0.0161290
NODE_4475_length_1141_cov_7.197697	54	134	4	80	80	1.0000000
NODE_4475_length_1141_cov_7.197697	107	187	0	2	80	0.0250000
NODE_4475_length_1141_cov_7.197697	107	187	2	24	80	0.3000000
NODE_4475_length_1141_cov_7.197697	107	187	4	54	80	0.6750000
NODE_4475_length_1141_cov_7.197697	573	653	0	26	80	0.3250000
NODE_4475_length_1141_cov_7.197697	573	653	1	54	80	0.6750000
NODE_4475_length_1141_cov_7.197697	626	707	0	9	81	0.1111111
NODE_4475_length_1141_cov_7.197697	626	707	1	36	81	0.4444444
NODE_4475_length_1141_cov_7.197697	626	707	2	36	81	0.4444444
NODE_4476_length_1141_cov_5.428023	411	491	2	61	80	0.7625000
NODE_4476_length_1141_cov_5.428023	411	491	3	19	80	0.2375000
NODE_4476_length_1141_cov_5.428023	464	544	0	20	80	0.2500000
NODE_4476_length_1141_cov_5.428023	464	544	1	19	80	0.2375000
NODE_4476_length_1141_cov_5.428023	464	544	2	41	80	0.5125000
NODE_4482_length_1140_cov_39.383285	451	531	5	3	80	0.0375000
NODE_4482_length_1140_cov_39.383285	451	531	6	30	80	0.3750000
NODE_4482_length_1140_cov_39.383285	451	531	7	21	80	0.2625000
NODE_4482_length_1140_cov_39.383285	451	531	8	12	80	0.1500000
NODE_4482_length_1140_cov_39.383285	451	531	10	14	80	0.1750000
NODE_4482_length_1140_cov_39.383285	504	584	7	1	80	0.0125000
NODE_4482_length_1140_cov_39.383285	504	584	8	32	80	0.4000000
NODE_4482_length_1140_cov_39.383285	504	584	10	47	80	0.5875000
NODE_4482_length_1140_cov_39.383285	580	660	8	38	80	0.4750000
NODE_4482_length_1140_cov_39.383285	580	660	9	16	80	0.2000000
NODE_4482_length_1140_cov_39.383285	580	660	10	16	80	0.2000000
NODE_4482_length_1140_cov_39.383285	580	660	11	9	80	0.1125000
NODE_4482_length_1140_cov_39.383285	580	660	12	1	80	0.0125000
NODE_4482_length_1140_cov_39.383285	633	713	7	28	80	0.3500000
NODE_4482_length_1140_cov_39.383285	633	713	8	19	80	0.2375000
NODE_4482_length_1140_cov_39.383285	633	713	9	21	80	0.2625000
NODE_4482_length_1140_cov_39.383285	633	713	10	2	80	0.0250000
NODE_4482_length_1140_cov_39.383285	633	713	11	9	80	0.1125000
NODE_4482_length_1140_cov_39.383285	633	713	12	1	80	0.0125000
NODE_4483_length_1140_cov_19.493756	543	623	9	9	80	0.1125000
NODE_4483_length_1140_cov_19.493756	543	623	10	30	80	0.3750000
NODE_4483_length_1140_cov_19.493756	543	623	11	28	80	0.3500000
NODE_4483_length_1140_cov_19.493756	543	623	12	13	80	0.1625000
NODE_4483_length_1140_cov_19.493756	596	676	8	32	80	0.4000000
NODE_4483_length_1140_cov_19.493756	596	676	9	11	80	0.1375000
NODE_4483_length_1140_cov_19.493756	596	676	10	16	80	0.2000000
NODE_4483_length_1140_cov_19.493756	596	676	11	8	80	0.1000000
NODE_4483_length_1140_cov_19.493756	596	676	12	13	80	0.1625000
NODE_4484_length_1140_cov_18.341018	347	427	0	80	80	1.0000000
NODE_4484_length_1140_cov_18.341018	400	480	0	80	80	1.0000000
NODE_4484_length_1140_cov_18.341018	476	556	0	80	80	1.0000000
NODE_4484_length_1140_cov_18.341018	529	609	0	80	80	1.0000000
NODE_4494_length_1139_cov_26.812500	410	490	0	33	80	0.4125000
NODE_4494_length_1139_cov_26.812500	410	490	1	47	80	0.5875000
NODE_4494_length_1139_cov_26.812500	463	543	1	48	80	0.6000000
NODE_4494_length_1139_cov_26.812500	463	543	2	12	80	0.1500000
NODE_4494_length_1139_cov_26.812500	463	543	4	20	80	0.2500000
NODE_4494_length_1139_cov_26.812500	539	619	4	8	80	0.1000000
NODE_4494_length_1139_cov_26.812500	539	619	5	16	80	0.2000000
NODE_4494_length_1139_cov_26.812500	539	619	6	27	80	0.3375000
NODE_4494_length_1139_cov_26.812500	539	619	7	29	80	0.3625000
NODE_4494_length_1139_cov_26.812500	592	672	6	54	80	0.6750000
NODE_4494_length_1139_cov_26.812500	592	672	7	26	80	0.3250000
NODE_4495_length_1139_cov_26.323077	308	388	0	80	80	1.0000000
NODE_4495_length_1139_cov_26.323077	361	441	0	80	80	1.0000000
NODE_4495_length_1139_cov_26.323077	437	517	0	80	80	1.0000000
NODE_4495_length_1139_cov_26.323077	490	570	0	80	80	1.0000000
NODE_4496_length_1139_cov_15.223077	530	610	8	33	80	0.4125000
NODE_4496_length_1139_cov_15.223077	530	610	9	8	80	0.1000000
NODE_4496_length_1139_cov_15.223077	530	610	10	39	80	0.4875000
NODE_4496_length_1139_cov_15.223077	583	663	4	17	80	0.2125000
NODE_4496_length_1139_cov_15.223077	583	663	5	1	80	0.0125000
NODE_4496_length_1139_cov_15.223077	583	663	6	22	80	0.2750000
NODE_4496_length_1139_cov_15.223077	583	663	8	8	80	0.1000000
NODE_4496_length_1139_cov_15.223077	583	663	9	10	80	0.1250000
NODE_4496_length_1139_cov_15.223077	583	663	10	22	80	0.2750000
NODE_4505_length_1138_cov_74.599615	480	560	11	14	80	0.1750000
NODE_4505_length_1138_cov_74.599615	480	560	12	20	80	0.2500000
NODE_4505_length_1138_cov_74.599615	480	560	13	33	80	0.4125000
NODE_4505_length_1138_cov_74.599615	480	560	15	13	80	0.1625000
NODE_4505_length_1138_cov_74.599615	533	613	9	13	80	0.1625000
NODE_4505_length_1138_cov_74.599615	533	613	10	10	80	0.1250000
NODE_4505_length_1138_cov_74.599615	533	613	11	42	80	0.5250000
NODE_4505_length_1138_cov_74.599615	533	613	13	2	80	0.0250000
NODE_4505_length_1138_cov_74.599615	533	613	15	13	80	0.1625000
NODE_4505_length_1138_cov_74.599615	609	689	0	48	80	0.6000000
NODE_4505_length_1138_cov_74.599615	609	689	1	2	80	0.0250000
NODE_4505_length_1138_cov_74.599615	609	689	5	15	80	0.1875000
NODE_4505_length_1138_cov_74.599615	609	689	6	6	80	0.0750000
NODE_4505_length_1138_cov_74.599615	609	689	7	4	80	0.0500000
NODE_4505_length_1138_cov_74.599615	609	689	9	5	80	0.0625000
NODE_4505_length_1138_cov_74.599615	662	742	0	80	80	1.0000000
NODE_4506_length_1138_cov_29.407122	559	639	1	3	80	0.0375000
NODE_4506_length_1138_cov_29.407122	559	639	2	77	80	0.9625000
NODE_4506_length_1138_cov_29.407122	612	692	1	15	80	0.1875000
NODE_4506_length_1138_cov_29.407122	612	692	2	65	80	0.8125000
NODE_4506_length_1138_cov_29.407122	688	768	0	9	80	0.1125000
NODE_4506_length_1138_cov_29.407122	688	768	1	24	80	0.3000000
NODE_4506_length_1138_cov_29.407122	688	768	2	47	80	0.5875000
NODE_4506_length_1138_cov_29.407122	741	821	2	80	80	1.0000000
NODE_4507_length_1138_cov_18.326275	454	534	3	1	80	0.0125000
NODE_4507_length_1138_cov_18.326275	454	534	4	28	80	0.3500000
NODE_4507_length_1138_cov_18.326275	454	534	5	42	80	0.5250000
NODE_4507_length_1138_cov_18.326275	454	534	6	9	80	0.1125000
NODE_4507_length_1138_cov_18.326275	507	587	2	23	80	0.2875000
NODE_4507_length_1138_cov_18.326275	507	587	3	1	80	0.0125000
NODE_4507_length_1138_cov_18.326275	507	587	4	2	80	0.0250000
NODE_4507_length_1138_cov_18.326275	507	587	5	39	80	0.4875000
NODE_4507_length_1138_cov_18.326275	507	587	6	10	80	0.1250000
NODE_4507_length_1138_cov_18.326275	507	587	7	5	80	0.0625000
NODE_4507_length_1138_cov_18.326275	583	663	7	11	80	0.1375000
NODE_4507_length_1138_cov_18.326275	583	663	8	44	80	0.5500000
NODE_4507_length_1138_cov_18.326275	583	663	9	21	80	0.2625000
NODE_4507_length_1138_cov_18.326275	583	663	10	4	80	0.0500000
NODE_4507_length_1138_cov_18.326275	636	716	8	24	80	0.3000000
NODE_4507_length_1138_cov_18.326275	636	716	9	54	80	0.6750000
NODE_4507_length_1138_cov_18.326275	636	716	10	2	80	0.0250000
NODE_4509_length_1138_cov_11.834456	291	371	2	10	80	0.1250000
NODE_4509_length_1138_cov_11.834456	291	371	3	43	80	0.5375000
NODE_4509_length_1138_cov_11.834456	291	371	4	27	80	0.3375000
NODE_4509_length_1138_cov_11.834456	344	424	3	16	80	0.2000000
NODE_4509_length_1138_cov_11.834456	344	424	4	64	80	0.8000000
NODE_4510_length_1138_cov_10.923003	318	398	3	23	80	0.2875000
NODE_4510_length_1138_cov_10.923003	318	398	4	20	80	0.2500000
NODE_4510_length_1138_cov_10.923003	318	398	5	20	80	0.2500000
NODE_4510_length_1138_cov_10.923003	318	398	6	17	80	0.2125000
NODE_4510_length_1138_cov_10.923003	371	451	3	2	80	0.0250000
NODE_4510_length_1138_cov_10.923003	371	451	4	30	80	0.3750000
NODE_4510_length_1138_cov_10.923003	371	451	5	34	80	0.4250000
NODE_4510_length_1138_cov_10.923003	371	451	6	14	80	0.1750000
NODE_4517_length_1137_cov_23.983622	470	550	5	16	80	0.2000000
NODE_4517_length_1137_cov_23.983622	470	550	6	39	80	0.4875000
NODE_4517_length_1137_cov_23.983622	470	550	7	25	80	0.3125000
NODE_4517_length_1137_cov_23.983622	523	603	5	16	80	0.2000000
NODE_4517_length_1137_cov_23.983622	523	603	6	22	80	0.2750000
NODE_4517_length_1137_cov_23.983622	523	603	7	42	80	0.5250000
NODE_4517_length_1137_cov_23.983622	599	679	3	10	80	0.1250000
NODE_4517_length_1137_cov_23.983622	599	679	4	11	80	0.1375000
NODE_4517_length_1137_cov_23.983622	599	679	5	29	80	0.3625000
NODE_4517_length_1137_cov_23.983622	599	679	6	30	80	0.3750000
NODE_4517_length_1137_cov_23.983622	652	732	1	18	80	0.2250000
NODE_4517_length_1137_cov_23.983622	652	732	2	17	80	0.2125000
NODE_4517_length_1137_cov_23.983622	652	732	3	28	80	0.3500000
NODE_4517_length_1137_cov_23.983622	652	732	4	11	80	0.1375000
NODE_4517_length_1137_cov_23.983622	652	732	5	6	80	0.0750000
NODE_4518_length_1137_cov_22.877649	405	485	0	15	80	0.1875000
NODE_4518_length_1137_cov_22.877649	405	485	1	65	80	0.8125000
NODE_4518_length_1137_cov_22.877649	458	538	1	61	80	0.7625000
NODE_4518_length_1137_cov_22.877649	458	538	2	6	80	0.0750000
NODE_4518_length_1137_cov_22.877649	458	538	4	13	80	0.1625000
NODE_4518_length_1137_cov_22.877649	534	614	4	69	80	0.8625000
NODE_4518_length_1137_cov_22.877649	534	614	5	11	80	0.1375000
NODE_4518_length_1137_cov_22.877649	587	667	2	11	80	0.1375000
NODE_4518_length_1137_cov_22.877649	587	667	4	69	80	0.8625000
NODE_4519_length_1137_cov_21.570328	383	463	10	18	80	0.2250000
NODE_4519_length_1137_cov_21.570328	383	463	12	7	80	0.0875000
NODE_4519_length_1137_cov_21.570328	383	463	13	3	80	0.0375000
NODE_4519_length_1137_cov_21.570328	383	463	14	8	80	0.1000000
NODE_4519_length_1137_cov_21.570328	383	463	18	13	80	0.1625000
NODE_4519_length_1137_cov_21.570328	383	463	19	9	80	0.1125000
NODE_4519_length_1137_cov_21.570328	383	463	20	22	80	0.2750000
NODE_4519_length_1137_cov_21.570328	436	516	14	5	80	0.0625000
NODE_4519_length_1137_cov_21.570328	436	516	15	6	80	0.0750000
NODE_4519_length_1137_cov_21.570328	436	516	17	2	80	0.0250000
NODE_4519_length_1137_cov_21.570328	436	516	18	33	80	0.4125000
NODE_4519_length_1137_cov_21.570328	436	516	19	18	80	0.2250000
NODE_4519_length_1137_cov_21.570328	436	516	20	16	80	0.2000000
NODE_4520_length_1137_cov_18.560694	665	745	3	15	80	0.1875000
NODE_4520_length_1137_cov_18.560694	665	745	5	10	80	0.1250000
NODE_4520_length_1137_cov_18.560694	665	745	6	7	80	0.0875000
NODE_4520_length_1137_cov_18.560694	665	745	8	48	80	0.6000000
NODE_4520_length_1137_cov_18.560694	718	798	5	16	80	0.2000000
NODE_4520_length_1137_cov_18.560694	718	798	7	25	80	0.3125000
NODE_4520_length_1137_cov_18.560694	718	798	8	38	80	0.4750000
NODE_4520_length_1137_cov_18.560694	718	798	9	1	80	0.0125000
NODE_4521_length_1137_cov_18.505780	557	637	10	6	80	0.0750000
NODE_4521_length_1137_cov_18.505780	557	637	11	13	80	0.1625000
NODE_4521_length_1137_cov_18.505780	557	637	12	30	80	0.3750000
NODE_4521_length_1137_cov_18.505780	557	637	13	16	80	0.2000000
NODE_4521_length_1137_cov_18.505780	557	637	14	15	80	0.1875000
NODE_4521_length_1137_cov_18.505780	610	690	5	31	80	0.3875000
NODE_4521_length_1137_cov_18.505780	610	690	6	4	80	0.0500000
NODE_4521_length_1137_cov_18.505780	610	690	7	3	80	0.0375000
NODE_4521_length_1137_cov_18.505780	610	690	9	13	80	0.1625000
NODE_4521_length_1137_cov_18.505780	610	690	11	6	80	0.0750000
NODE_4521_length_1137_cov_18.505780	610	690	12	4	80	0.0500000
NODE_4521_length_1137_cov_18.505780	610	690	13	4	80	0.0500000
NODE_4521_length_1137_cov_18.505780	610	690	14	15	80	0.1875000
NODE_4521_length_1137_cov_18.505780	686	766	2	2	80	0.0250000
NODE_4521_length_1137_cov_18.505780	686	766	3	21	80	0.2625000
NODE_4521_length_1137_cov_18.505780	686	766	4	45	80	0.5625000
NODE_4521_length_1137_cov_18.505780	686	766	5	12	80	0.1500000
NODE_4521_length_1137_cov_18.505780	739	819	2	55	80	0.6875000
NODE_4521_length_1137_cov_18.505780	739	819	3	16	80	0.2000000
NODE_4521_length_1137_cov_18.505780	739	819	4	9	80	0.1125000
NODE_4523_length_1137_cov_11.866089	313	393	1	47	80	0.5875000
NODE_4523_length_1137_cov_11.866089	313	393	3	14	80	0.1750000
NODE_4523_length_1137_cov_11.866089	313	393	4	19	80	0.2375000
NODE_4523_length_1137_cov_11.866089	366	446	3	8	80	0.1000000
NODE_4523_length_1137_cov_11.866089	366	446	4	72	80	0.9000000
NODE_4523_length_1137_cov_11.866089	442	522	2	21	80	0.2625000
NODE_4523_length_1137_cov_11.866089	442	522	3	21	80	0.2625000
NODE_4523_length_1137_cov_11.866089	442	522	4	33	80	0.4125000
NODE_4523_length_1137_cov_11.866089	442	522	5	3	80	0.0375000
NODE_4523_length_1137_cov_11.866089	442	522	6	2	80	0.0250000
NODE_4523_length_1137_cov_11.866089	495	575	4	25	80	0.3125000
NODE_4523_length_1137_cov_11.866089	495	575	5	51	80	0.6375000
NODE_4523_length_1137_cov_11.866089	495	575	6	4	80	0.0500000
NODE_4524_length_1137_cov_5.594412	144	224	1	27	80	0.3375000
NODE_4524_length_1137_cov_5.594412	144	224	2	53	80	0.6625000
NODE_4524_length_1137_cov_5.594412	197	277	1	33	80	0.4125000
NODE_4524_length_1137_cov_5.594412	197	277	2	16	80	0.2000000
NODE_4524_length_1137_cov_5.594412	197	277	3	31	80	0.3875000
NODE_4532_length_1136_cov_42.827387	445	525	3	9	80	0.1125000
NODE_4532_length_1136_cov_42.827387	445	525	4	55	80	0.6875000
NODE_4532_length_1136_cov_42.827387	445	525	6	16	80	0.2000000
NODE_4532_length_1136_cov_42.827387	498	578	4	11	80	0.1375000
NODE_4532_length_1136_cov_42.827387	498	578	6	18	80	0.2250000
NODE_4532_length_1136_cov_42.827387	498	578	7	2	80	0.0250000
NODE_4532_length_1136_cov_42.827387	498	578	8	2	80	0.0250000
NODE_4532_length_1136_cov_42.827387	498	578	9	8	80	0.1000000
NODE_4532_length_1136_cov_42.827387	498	578	10	39	80	0.4875000
NODE_4532_length_1136_cov_42.827387	574	654	6	2	80	0.0250000
NODE_4532_length_1136_cov_42.827387	574	654	7	4	80	0.0500000
NODE_4532_length_1136_cov_42.827387	574	654	8	46	80	0.5750000
NODE_4532_length_1136_cov_42.827387	574	654	9	1	80	0.0125000
NODE_4532_length_1136_cov_42.827387	574	654	10	10	80	0.1250000
NODE_4532_length_1136_cov_42.827387	574	654	11	17	80	0.2125000
NODE_4532_length_1136_cov_42.827387	627	707	2	11	80	0.1375000
NODE_4532_length_1136_cov_42.827387	627	707	3	16	80	0.2000000
NODE_4532_length_1136_cov_42.827387	627	707	4	2	80	0.0250000
NODE_4532_length_1136_cov_42.827387	627	707	5	24	80	0.3000000
NODE_4532_length_1136_cov_42.827387	627	707	6	2	80	0.0250000
NODE_4532_length_1136_cov_42.827387	627	707	7	1	80	0.0125000
NODE_4532_length_1136_cov_42.827387	627	707	8	24	80	0.3000000
NODE_4533_length_1136_cov_30.940212	534	614	3	21	80	0.2625000
NODE_4533_length_1136_cov_30.940212	534	614	4	4	80	0.0500000
NODE_4533_length_1136_cov_30.940212	534	614	6	16	80	0.2000000
NODE_4533_length_1136_cov_30.940212	534	614	7	11	80	0.1375000
NODE_4533_length_1136_cov_30.940212	534	614	8	28	80	0.3500000
NODE_4533_length_1136_cov_30.940212	587	667	5	1	80	0.0125000
NODE_4533_length_1136_cov_30.940212	587	667	6	45	80	0.5625000
NODE_4533_length_1136_cov_30.940212	587	667	8	34	80	0.4250000
NODE_4533_length_1136_cov_30.940212	663	743	1	7	80	0.0875000
NODE_4533_length_1136_cov_30.940212	663	743	2	14	80	0.1750000
NODE_4533_length_1136_cov_30.940212	663	743	3	53	80	0.6625000
NODE_4533_length_1136_cov_30.940212	663	743	4	1	80	0.0125000
NODE_4533_length_1136_cov_30.940212	663	743	5	2	80	0.0250000
NODE_4533_length_1136_cov_30.940212	663	743	6	3	80	0.0375000
NODE_4533_length_1136_cov_30.940212	716	796	1	54	80	0.6750000
NODE_4533_length_1136_cov_30.940212	716	796	2	17	80	0.2125000
NODE_4533_length_1136_cov_30.940212	716	796	3	9	80	0.1125000
NODE_4534_length_1136_cov_30.797493	557	637	8	29	80	0.3625000
NODE_4534_length_1136_cov_30.797493	557	637	9	21	80	0.2625000
NODE_4534_length_1136_cov_30.797493	557	637	10	30	80	0.3750000
NODE_4534_length_1136_cov_30.797493	610	691	4	26	81	0.3209876
NODE_4534_length_1136_cov_30.797493	610	691	6	14	81	0.1728395
NODE_4534_length_1136_cov_30.797493	610	691	7	11	81	0.1358025
NODE_4534_length_1136_cov_30.797493	610	691	8	13	81	0.1604938
NODE_4534_length_1136_cov_30.797493	610	691	9	9	81	0.1111111
NODE_4534_length_1136_cov_30.797493	610	691	10	8	81	0.0987654
NODE_4534_length_1136_cov_30.797493	687	767	0	18	80	0.2250000
NODE_4534_length_1136_cov_30.797493	687	767	1	26	80	0.3250000
NODE_4534_length_1136_cov_30.797493	687	767	4	36	80	0.4500000
NODE_4534_length_1136_cov_30.797493	740	820	0	71	80	0.8875000
NODE_4534_length_1136_cov_30.797493	740	820	1	9	80	0.1125000
NODE_4535_length_1136_cov_23.142719	704	784	2	4	80	0.0500000
NODE_4535_length_1136_cov_23.142719	704	784	3	19	80	0.2375000
NODE_4535_length_1136_cov_23.142719	704	784	4	8	80	0.1000000
NODE_4535_length_1136_cov_23.142719	704	784	5	1	80	0.0125000
NODE_4535_length_1136_cov_23.142719	704	784	7	13	80	0.1625000
NODE_4535_length_1136_cov_23.142719	704	784	8	8	80	0.1000000
NODE_4535_length_1136_cov_23.142719	704	784	9	21	80	0.2625000
NODE_4535_length_1136_cov_23.142719	704	784	10	6	80	0.0750000
NODE_4535_length_1136_cov_23.142719	757	837	9	21	80	0.2625000
NODE_4535_length_1136_cov_23.142719	757	837	10	29	80	0.3625000
NODE_4535_length_1136_cov_23.142719	757	837	11	30	80	0.3750000
NODE_4536_length_1136_cov_21.798457	570	651	4	20	81	0.2469136
NODE_4536_length_1136_cov_21.798457	570	651	5	34	81	0.4197531
NODE_4536_length_1136_cov_21.798457	570	651	6	27	81	0.3333333
NODE_4536_length_1136_cov_21.798457	624	704	3	10	80	0.1250000
NODE_4536_length_1136_cov_21.798457	624	704	4	48	80	0.6000000
NODE_4536_length_1136_cov_21.798457	624	704	5	22	80	0.2750000
NODE_4537_length_1136_cov_21.109932	460	532	3	21	72	0.2916667
NODE_4537_length_1136_cov_21.109932	460	532	5	41	72	0.5694444
NODE_4537_length_1136_cov_21.109932	460	532	6	10	72	0.1388889
NODE_4537_length_1136_cov_21.109932	505	585	3	21	80	0.2625000
NODE_4537_length_1136_cov_21.109932	505	585	4	12	80	0.1500000
NODE_4537_length_1136_cov_21.109932	505	585	5	29	80	0.3625000
NODE_4537_length_1136_cov_21.109932	505	585	6	18	80	0.2250000
NODE_4538_length_1136_cov_20.528447	19	99	0	58	80	0.7250000
NODE_4538_length_1136_cov_20.528447	19	99	2	22	80	0.2750000
NODE_4538_length_1136_cov_20.528447	19	99	0	58	80	0.7250000
NODE_4538_length_1136_cov_20.528447	19	99	2	22	80	0.2750000
NODE_4538_length_1136_cov_20.528447	28	99	0	49	71	0.6901408
NODE_4538_length_1136_cov_20.528447	28	99	2	22	71	0.3098592
NODE_4538_length_1136_cov_20.528447	877	912	0	35	35	1.0000000
NODE_4538_length_1136_cov_20.528447	879	921	0	42	42	1.0000000
NODE_4539_length_1136_cov_14.921890	657	737	0	80	80	1.0000000
NODE_4539_length_1136_cov_14.921890	710	790	0	80	80	1.0000000
NODE_4556_length_1135_cov_100.121622	454	534	6	17	80	0.2125000
NODE_4556_length_1135_cov_100.121622	454	534	7	16	80	0.2000000
NODE_4556_length_1135_cov_100.121622	454	534	8	38	80	0.4750000
NODE_4556_length_1135_cov_100.121622	454	534	9	8	80	0.1000000
NODE_4556_length_1135_cov_100.121622	454	534	12	1	80	0.0125000
NODE_4556_length_1135_cov_100.121622	507	587	8	18	80	0.2250000
NODE_4556_length_1135_cov_100.121622	507	587	9	8	80	0.1000000
NODE_4556_length_1135_cov_100.121622	507	587	10	4	80	0.0500000
NODE_4556_length_1135_cov_100.121622	507	587	11	6	80	0.0750000
NODE_4556_length_1135_cov_100.121622	507	587	12	28	80	0.3500000
NODE_4556_length_1135_cov_100.121622	507	587	14	9	80	0.1125000
NODE_4556_length_1135_cov_100.121622	507	587	16	5	80	0.0625000
NODE_4556_length_1135_cov_100.121622	507	587	17	2	80	0.0250000
NODE_4556_length_1135_cov_100.121622	583	663	16	2	80	0.0250000
NODE_4556_length_1135_cov_100.121622	583	663	17	3	80	0.0375000
NODE_4556_length_1135_cov_100.121622	583	663	18	12	80	0.1500000
NODE_4556_length_1135_cov_100.121622	583	663	19	1	80	0.0125000
NODE_4556_length_1135_cov_100.121622	583	663	20	1	80	0.0125000
NODE_4556_length_1135_cov_100.121622	583	663	21	3	80	0.0375000
NODE_4556_length_1135_cov_100.121622	583	663	22	5	80	0.0625000
NODE_4556_length_1135_cov_100.121622	583	663	23	38	80	0.4750000
NODE_4556_length_1135_cov_100.121622	583	663	24	15	80	0.1875000
NODE_4556_length_1135_cov_100.121622	636	719	13	7	83	0.0843373
NODE_4556_length_1135_cov_100.121622	636	719	14	2	83	0.0240964
NODE_4556_length_1135_cov_100.121622	636	719	15	1	83	0.0120482
NODE_4556_length_1135_cov_100.121622	636	719	17	14	83	0.1686747
NODE_4556_length_1135_cov_100.121622	636	719	18	12	83	0.1445783
NODE_4556_length_1135_cov_100.121622	636	719	20	2	83	0.0240964
NODE_4556_length_1135_cov_100.121622	636	719	21	6	83	0.0722892
NODE_4556_length_1135_cov_100.121622	636	719	22	6	83	0.0722892
NODE_4556_length_1135_cov_100.121622	636	719	23	27	83	0.3253012
NODE_4556_length_1135_cov_100.121622	636	719	24	6	83	0.0722892
NODE_4557_length_1135_cov_34.523166	313	393	5	29	80	0.3625000
NODE_4557_length_1135_cov_34.523166	313	393	6	11	80	0.1375000
NODE_4557_length_1135_cov_34.523166	313	393	7	40	80	0.5000000
NODE_4557_length_1135_cov_34.523166	366	446	3	21	80	0.2625000
NODE_4557_length_1135_cov_34.523166	366	446	5	27	80	0.3375000
NODE_4557_length_1135_cov_34.523166	366	446	7	32	80	0.4000000
NODE_4558_length_1135_cov_20.735521	484	564	5	22	80	0.2750000
NODE_4558_length_1135_cov_20.735521	484	564	6	10	80	0.1250000
NODE_4558_length_1135_cov_20.735521	484	564	7	13	80	0.1625000
NODE_4558_length_1135_cov_20.735521	484	564	8	35	80	0.4375000
NODE_4558_length_1135_cov_20.735521	537	617	1	37	80	0.4625000
NODE_4558_length_1135_cov_20.735521	537	617	3	8	80	0.1000000
NODE_4558_length_1135_cov_20.735521	537	617	6	18	80	0.2250000
NODE_4558_length_1135_cov_20.735521	537	617	8	17	80	0.2125000
NODE_4558_length_1135_cov_20.735521	613	693	0	24	80	0.3000000
NODE_4558_length_1135_cov_20.735521	613	693	1	56	80	0.7000000
NODE_4558_length_1135_cov_20.735521	666	746	0	42	80	0.5250000
NODE_4558_length_1135_cov_20.735521	666	746	1	3	80	0.0375000
NODE_4558_length_1135_cov_20.735521	666	746	2	35	80	0.4375000
NODE_4559_length_1135_cov_9.644788	620	700	0	29	80	0.3625000
NODE_4559_length_1135_cov_9.644788	620	700	2	1	80	0.0125000
NODE_4559_length_1135_cov_9.644788	620	700	4	6	80	0.0750000
NODE_4559_length_1135_cov_9.644788	620	700	6	44	80	0.5500000
NODE_4559_length_1135_cov_9.644788	673	753	6	80	80	1.0000000
NODE_4562_length_1135_cov_2.990347	349	429	1	64	80	0.8000000
NODE_4562_length_1135_cov_2.990347	349	429	2	16	80	0.2000000
NODE_4562_length_1135_cov_2.990347	402	482	1	11	80	0.1375000
NODE_4562_length_1135_cov_2.990347	402	482	2	69	80	0.8625000
NODE_4571_length_1134_cov_34.784541	478	558	3	56	80	0.7000000
NODE_4571_length_1134_cov_34.784541	478	558	4	24	80	0.3000000
NODE_4571_length_1134_cov_34.784541	531	611	2	15	80	0.1875000
NODE_4571_length_1134_cov_34.784541	531	611	3	40	80	0.5000000
NODE_4571_length_1134_cov_34.784541	531	611	4	25	80	0.3125000
NODE_4571_length_1134_cov_34.784541	607	687	3	13	80	0.1625000
NODE_4571_length_1134_cov_34.784541	607	687	5	13	80	0.1625000
NODE_4571_length_1134_cov_34.784541	607	687	6	22	80	0.2750000
NODE_4571_length_1134_cov_34.784541	607	687	7	31	80	0.3875000
NODE_4571_length_1134_cov_34.784541	607	687	8	1	80	0.0125000
NODE_4571_length_1134_cov_34.784541	660	740	6	28	80	0.3500000
NODE_4571_length_1134_cov_34.784541	660	740	7	9	80	0.1125000
NODE_4571_length_1134_cov_34.784541	660	740	8	32	80	0.4000000
NODE_4571_length_1134_cov_34.784541	660	740	9	11	80	0.1375000
NODE_4572_length_1134_cov_28.524638	511	591	6	16	80	0.2000000
NODE_4572_length_1134_cov_28.524638	511	591	7	61	80	0.7625000
NODE_4572_length_1134_cov_28.524638	511	591	8	3	80	0.0375000
NODE_4572_length_1134_cov_28.524638	564	644	3	7	80	0.0875000
NODE_4572_length_1134_cov_28.524638	564	644	4	7	80	0.0875000
NODE_4572_length_1134_cov_28.524638	564	644	5	17	80	0.2125000
NODE_4572_length_1134_cov_28.524638	564	644	6	5	80	0.0625000
NODE_4572_length_1134_cov_28.524638	564	644	7	44	80	0.5500000
NODE_4572_length_1134_cov_28.524638	640	720	3	6	80	0.0750000
NODE_4572_length_1134_cov_28.524638	640	720	4	72	80	0.9000000
NODE_4572_length_1134_cov_28.524638	640	720	6	2	80	0.0250000
NODE_4572_length_1134_cov_28.524638	693	773	3	59	80	0.7375000
NODE_4572_length_1134_cov_28.524638	693	773	4	19	80	0.2375000
NODE_4572_length_1134_cov_28.524638	693	773	6	2	80	0.0250000
NODE_4576_length_1134_cov_2.619324	606	686	0	80	80	1.0000000
NODE_4576_length_1134_cov_2.619324	659	739	0	80	80	1.0000000
NODE_4584_length_1133_cov_5.563830	292	372	0	28	80	0.3500000
NODE_4584_length_1133_cov_5.563830	292	372	2	52	80	0.6500000
NODE_4584_length_1133_cov_5.563830	345	425	0	80	80	1.0000000
NODE_4584_length_1133_cov_5.563830	904	966	2	10	62	0.1612903
NODE_4584_length_1133_cov_5.563830	904	966	3	52	62	0.8387097
NODE_4592_length_1132_cov_23.121007	485	565	4	9	80	0.1125000
NODE_4592_length_1132_cov_23.121007	485	565	5	41	80	0.5125000
NODE_4592_length_1132_cov_23.121007	485	565	6	30	80	0.3750000
NODE_4592_length_1132_cov_23.121007	538	618	3	45	80	0.5625000
NODE_4592_length_1132_cov_23.121007	538	618	4	16	80	0.2000000
NODE_4592_length_1132_cov_23.121007	538	618	6	19	80	0.2375000
NODE_4592_length_1132_cov_23.121007	618	664	1	37	46	0.8043478
NODE_4592_length_1132_cov_23.121007	618	664	3	9	46	0.1956522
NODE_4592_length_1132_cov_23.121007	700	751	0	51	51	1.0000000
NODE_4593_length_1132_cov_19.377541	595	675	1	3	80	0.0375000
NODE_4593_length_1132_cov_19.377541	595	675	2	27	80	0.3375000
NODE_4593_length_1132_cov_19.377541	595	675	3	5	80	0.0625000
NODE_4593_length_1132_cov_19.377541	595	675	4	45	80	0.5625000
NODE_4593_length_1132_cov_19.377541	648	728	3	22	80	0.2750000
NODE_4593_length_1132_cov_19.377541	648	728	4	22	80	0.2750000
NODE_4593_length_1132_cov_19.377541	648	728	5	36	80	0.4500000
NODE_4594_length_1132_cov_18.872217	363	443	0	2	80	0.0250000
NODE_4594_length_1132_cov_18.872217	363	443	2	1	80	0.0125000
NODE_4594_length_1132_cov_18.872217	363	443	3	37	80	0.4625000
NODE_4594_length_1132_cov_18.872217	363	443	5	14	80	0.1750000
NODE_4594_length_1132_cov_18.872217	363	443	9	11	80	0.1375000
NODE_4594_length_1132_cov_18.872217	363	443	11	15	80	0.1875000
NODE_4594_length_1132_cov_18.872217	416	496	5	1	80	0.0125000
NODE_4594_length_1132_cov_18.872217	416	496	9	11	80	0.1375000
NODE_4594_length_1132_cov_18.872217	416	496	11	68	80	0.8500000
NODE_4595_length_1132_cov_11.242982	474	554	5	80	80	1.0000000
NODE_4595_length_1132_cov_11.242982	527	607	0	8	80	0.1000000
NODE_4595_length_1132_cov_11.242982	527	607	1	9	80	0.1125000
NODE_4595_length_1132_cov_11.242982	527	607	2	3	80	0.0375000
NODE_4595_length_1132_cov_11.242982	527	607	3	9	80	0.1125000
NODE_4595_length_1132_cov_11.242982	527	607	5	51	80	0.6375000
NODE_4596_length_1132_cov_7.356244	354	434	0	29	80	0.3625000
NODE_4596_length_1132_cov_7.356244	354	434	1	51	80	0.6375000
NODE_4596_length_1132_cov_7.356244	407	487	1	80	80	1.0000000
NODE_4597_length_1132_cov_6.214908	269	349	2	38	80	0.4750000
NODE_4597_length_1132_cov_6.214908	269	349	3	5	80	0.0625000
NODE_4597_length_1132_cov_6.214908	269	349	4	37	80	0.4625000
NODE_4597_length_1132_cov_6.214908	322	402	0	21	80	0.2625000
NODE_4597_length_1132_cov_6.214908	322	402	2	5	80	0.0625000
NODE_4597_length_1132_cov_6.214908	322	402	3	32	80	0.4000000
NODE_4597_length_1132_cov_6.214908	322	402	4	22	80	0.2750000
NODE_4606_length_1131_cov_36.161822	478	558	4	45	80	0.5625000
NODE_4606_length_1131_cov_36.161822	478	558	5	35	80	0.4375000
NODE_4606_length_1131_cov_36.161822	531	611	4	1	80	0.0125000
NODE_4606_length_1131_cov_36.161822	531	611	5	79	80	0.9875000
NODE_4606_length_1131_cov_36.161822	607	687	1	17	80	0.2125000
NODE_4606_length_1131_cov_36.161822	607	687	2	6	80	0.0750000
NODE_4606_length_1131_cov_36.161822	607	687	4	20	80	0.2500000
NODE_4606_length_1131_cov_36.161822	607	687	5	11	80	0.1375000
NODE_4606_length_1131_cov_36.161822	607	687	6	2	80	0.0250000
NODE_4606_length_1131_cov_36.161822	607	687	7	9	80	0.1125000
NODE_4606_length_1131_cov_36.161822	607	687	8	15	80	0.1875000
NODE_4606_length_1131_cov_36.161822	660	740	4	1	80	0.0125000
NODE_4606_length_1131_cov_36.161822	660	740	6	2	80	0.0250000
NODE_4606_length_1131_cov_36.161822	660	740	7	9	80	0.1125000
NODE_4606_length_1131_cov_36.161822	660	740	8	66	80	0.8250000
NODE_4606_length_1131_cov_36.161822	660	740	9	2	80	0.0250000
NODE_4607_length_1131_cov_31.907946	390	470	0	76	80	0.9500000
NODE_4607_length_1131_cov_31.907946	390	470	1	4	80	0.0500000
NODE_4607_length_1131_cov_31.907946	443	523	0	23	80	0.2875000
NODE_4607_length_1131_cov_31.907946	443	523	1	57	80	0.7125000
NODE_4607_length_1131_cov_31.907946	519	599	1	80	80	1.0000000
NODE_4607_length_1131_cov_31.907946	572	652	0	36	80	0.4500000
NODE_4607_length_1131_cov_31.907946	572	652	1	44	80	0.5500000
NODE_4608_length_1131_cov_26.827519	464	544	2	9	80	0.1125000
NODE_4608_length_1131_cov_26.827519	464	544	3	20	80	0.2500000
NODE_4608_length_1131_cov_26.827519	464	544	5	2	80	0.0250000
NODE_4608_length_1131_cov_26.827519	464	544	7	49	80	0.6125000
NODE_4608_length_1131_cov_26.827519	517	597	3	14	80	0.1750000
NODE_4608_length_1131_cov_26.827519	517	597	4	11	80	0.1375000
NODE_4608_length_1131_cov_26.827519	517	597	5	7	80	0.0875000
NODE_4608_length_1131_cov_26.827519	517	597	7	48	80	0.6000000
NODE_4609_length_1131_cov_20.441860	555	635	2	11	80	0.1375000
NODE_4609_length_1131_cov_20.441860	555	635	3	20	80	0.2500000
NODE_4609_length_1131_cov_20.441860	555	635	5	2	80	0.0250000
NODE_4609_length_1131_cov_20.441860	555	635	7	47	80	0.5875000
NODE_4609_length_1131_cov_20.441860	608	688	0	8	80	0.1000000
NODE_4609_length_1131_cov_20.441860	608	688	1	6	80	0.0750000
NODE_4609_length_1131_cov_20.441860	608	688	2	50	80	0.6250000
NODE_4609_length_1131_cov_20.441860	608	688	3	16	80	0.2000000
NODE_4610_length_1131_cov_12.517442	420	500	4	6	80	0.0750000
NODE_4610_length_1131_cov_12.517442	420	500	6	7	80	0.0875000
NODE_4610_length_1131_cov_12.517442	420	500	8	55	80	0.6875000
NODE_4610_length_1131_cov_12.517442	420	500	10	12	80	0.1500000
NODE_4610_length_1131_cov_12.517442	473	553	2	14	80	0.1750000
NODE_4610_length_1131_cov_12.517442	473	553	4	2	80	0.0250000
NODE_4610_length_1131_cov_12.517442	473	553	6	17	80	0.2125000
NODE_4610_length_1131_cov_12.517442	473	553	8	34	80	0.4250000
NODE_4610_length_1131_cov_12.517442	473	553	10	13	80	0.1625000
NODE_4611_length_1131_cov_10.912791	429	509	0	80	80	1.0000000
NODE_4611_length_1131_cov_10.912791	482	562	0	80	80	1.0000000
NODE_4620_length_1130_cov_43.354995	742	822	7	18	80	0.2250000
NODE_4620_length_1130_cov_43.354995	742	822	8	23	80	0.2875000
NODE_4620_length_1130_cov_43.354995	742	822	9	22	80	0.2750000
NODE_4620_length_1130_cov_43.354995	742	822	10	17	80	0.2125000
NODE_4620_length_1130_cov_43.354995	795	875	4	23	80	0.2875000
NODE_4620_length_1130_cov_43.354995	795	875	5	1	80	0.0125000
NODE_4620_length_1130_cov_43.354995	795	875	6	2	80	0.0250000
NODE_4620_length_1130_cov_43.354995	795	875	7	5	80	0.0625000
NODE_4620_length_1130_cov_43.354995	795	875	8	23	80	0.2875000
NODE_4620_length_1130_cov_43.354995	795	875	9	9	80	0.1125000
NODE_4620_length_1130_cov_43.354995	795	875	10	17	80	0.2125000
NODE_4621_length_1130_cov_13.097963	642	722	5	18	80	0.2250000
NODE_4621_length_1130_cov_13.097963	642	722	6	17	80	0.2125000
NODE_4621_length_1130_cov_13.097963	642	722	7	14	80	0.1750000
NODE_4621_length_1130_cov_13.097963	642	722	8	16	80	0.2000000
NODE_4621_length_1130_cov_13.097963	642	722	9	15	80	0.1875000
NODE_4621_length_1130_cov_13.097963	695	775	5	9	80	0.1125000
NODE_4621_length_1130_cov_13.097963	695	775	6	12	80	0.1500000
NODE_4621_length_1130_cov_13.097963	695	775	7	1	80	0.0125000
NODE_4621_length_1130_cov_13.097963	695	775	8	58	80	0.7250000
NODE_4626_length_1129_cov_31.088350	396	476	3	6	80	0.0750000
NODE_4626_length_1129_cov_31.088350	396	476	4	14	80	0.1750000
NODE_4626_length_1129_cov_31.088350	396	476	5	60	80	0.7500000
NODE_4626_length_1129_cov_31.088350	449	529	3	59	80	0.7375000
NODE_4626_length_1129_cov_31.088350	449	529	5	21	80	0.2625000
NODE_4627_length_1129_cov_20.591262	450	530	0	44	80	0.5500000
NODE_4627_length_1129_cov_20.591262	450	530	1	10	80	0.1250000
NODE_4627_length_1129_cov_20.591262	450	530	2	26	80	0.3250000
NODE_4627_length_1129_cov_20.591262	503	583	0	80	80	1.0000000
NODE_4628_length_1129_cov_16.934951	261	341	5	3	80	0.0375000
NODE_4628_length_1129_cov_16.934951	261	341	6	19	80	0.2375000
NODE_4628_length_1129_cov_16.934951	261	341	7	58	80	0.7250000
NODE_4628_length_1129_cov_16.934951	314	394	2	19	80	0.2375000
NODE_4628_length_1129_cov_16.934951	314	394	4	32	80	0.4000000
NODE_4628_length_1129_cov_16.934951	314	394	5	5	80	0.0625000
NODE_4628_length_1129_cov_16.934951	314	394	7	24	80	0.3000000
NODE_4629_length_1129_cov_9.441748	665	738	1	3	73	0.0410959
NODE_4629_length_1129_cov_9.441748	665	738	3	31	73	0.4246575
NODE_4629_length_1129_cov_9.441748	665	738	5	39	73	0.5342466
NODE_4629_length_1129_cov_9.441748	711	791	0	31	80	0.3875000
NODE_4629_length_1129_cov_9.441748	711	791	1	25	80	0.3125000
NODE_4629_length_1129_cov_9.441748	711	791	3	24	80	0.3000000
NODE_4630_length_1129_cov_9.260194	658	738	2	80	80	1.0000000
NODE_4630_length_1129_cov_9.260194	711	791	1	12	80	0.1500000
NODE_4630_length_1129_cov_9.260194	711	791	2	68	80	0.8500000
NODE_4631_length_1129_cov_5.055340	759	839	2	14	80	0.1750000
NODE_4631_length_1129_cov_5.055340	759	839	4	24	80	0.3000000
NODE_4631_length_1129_cov_5.055340	759	839	6	42	80	0.5250000
NODE_4638_length_1128_cov_48.099125	588	668	2	4	80	0.0500000
NODE_4638_length_1128_cov_48.099125	588	668	3	15	80	0.1875000
NODE_4638_length_1128_cov_48.099125	588	668	4	2	80	0.0250000
NODE_4638_length_1128_cov_48.099125	588	668	6	9	80	0.1125000
NODE_4638_length_1128_cov_48.099125	588	668	8	10	80	0.1250000
NODE_4638_length_1128_cov_48.099125	588	668	11	37	80	0.4625000
NODE_4638_length_1128_cov_48.099125	588	668	12	3	80	0.0375000
NODE_4638_length_1128_cov_48.099125	641	721	9	8	80	0.1000000
NODE_4638_length_1128_cov_48.099125	641	721	11	55	80	0.6875000
NODE_4638_length_1128_cov_48.099125	641	721	12	14	80	0.1750000
NODE_4638_length_1128_cov_48.099125	641	721	13	3	80	0.0375000
NODE_4640_length_1128_cov_26.230321	455	535	4	28	80	0.3500000
NODE_4640_length_1128_cov_26.230321	455	535	5	2	80	0.0250000
NODE_4640_length_1128_cov_26.230321	455	535	6	9	80	0.1125000
NODE_4640_length_1128_cov_26.230321	455	535	7	41	80	0.5125000
NODE_4640_length_1128_cov_26.230321	508	588	2	16	80	0.2000000
NODE_4640_length_1128_cov_26.230321	508	588	3	21	80	0.2625000
NODE_4640_length_1128_cov_26.230321	508	588	4	43	80	0.5375000
NODE_4640_length_1128_cov_26.230321	584	664	2	5	80	0.0625000
NODE_4640_length_1128_cov_26.230321	584	664	4	14	80	0.1750000
NODE_4640_length_1128_cov_26.230321	584	664	5	11	80	0.1375000
NODE_4640_length_1128_cov_26.230321	584	664	7	50	80	0.6250000
NODE_4640_length_1128_cov_26.230321	637	718	4	10	81	0.1234568
NODE_4640_length_1128_cov_26.230321	637	718	6	16	81	0.1975309
NODE_4640_length_1128_cov_26.230321	637	718	7	55	81	0.6790124
NODE_4641_length_1128_cov_26.031098	594	674	1	16	80	0.2000000
NODE_4641_length_1128_cov_26.031098	594	674	2	6	80	0.0750000
NODE_4641_length_1128_cov_26.031098	594	674	3	27	80	0.3375000
NODE_4641_length_1128_cov_26.031098	594	674	4	1	80	0.0125000
NODE_4641_length_1128_cov_26.031098	594	674	5	20	80	0.2500000
NODE_4641_length_1128_cov_26.031098	594	674	6	10	80	0.1250000
NODE_4641_length_1128_cov_26.031098	647	727	5	17	80	0.2125000
NODE_4641_length_1128_cov_26.031098	647	727	6	58	80	0.7250000
NODE_4641_length_1128_cov_26.031098	647	727	7	5	80	0.0625000
NODE_4642_length_1128_cov_25.869776	465	538	3	56	73	0.7671233
NODE_4642_length_1128_cov_25.869776	465	538	4	17	73	0.2328767
NODE_4642_length_1128_cov_25.869776	601	674	4	3	73	0.0410959
NODE_4642_length_1128_cov_25.869776	601	674	5	70	73	0.9589041
NODE_4642_length_1128_cov_25.869776	647	723	2	3	76	0.0394737
NODE_4642_length_1128_cov_25.869776	647	723	3	12	76	0.1578947
NODE_4642_length_1128_cov_25.869776	647	723	4	26	76	0.3421053
NODE_4642_length_1128_cov_25.869776	647	723	5	35	76	0.4605263
NODE_4643_length_1128_cov_24.185617	350	430	4	47	80	0.5875000
NODE_4643_length_1128_cov_24.185617	350	430	7	13	80	0.1625000
NODE_4643_length_1128_cov_24.185617	350	430	8	9	80	0.1125000
NODE_4643_length_1128_cov_24.185617	350	430	9	11	80	0.1375000
NODE_4643_length_1128_cov_24.185617	403	483	6	5	80	0.0625000
NODE_4643_length_1128_cov_24.185617	403	483	7	19	80	0.2375000
NODE_4643_length_1128_cov_24.185617	403	483	8	9	80	0.1125000
NODE_4643_length_1128_cov_24.185617	403	483	9	47	80	0.5875000
NODE_4644_length_1128_cov_18.537415	335	415	3	7	80	0.0875000
NODE_4644_length_1128_cov_18.537415	335	415	4	24	80	0.3000000
NODE_4644_length_1128_cov_18.537415	335	415	5	33	80	0.4125000
NODE_4644_length_1128_cov_18.537415	335	415	6	16	80	0.2000000
NODE_4644_length_1128_cov_18.537415	388	468	5	20	80	0.2500000
NODE_4644_length_1128_cov_18.537415	388	468	6	37	80	0.4625000
NODE_4644_length_1128_cov_18.537415	388	468	7	6	80	0.0750000
NODE_4644_length_1128_cov_18.537415	388	468	8	17	80	0.2125000
NODE_4645_length_1128_cov_9.345967	690	770	2	57	80	0.7125000
NODE_4645_length_1128_cov_9.345967	690	770	4	23	80	0.2875000
NODE_4645_length_1128_cov_9.345967	743	823	2	73	80	0.9125000
NODE_4645_length_1128_cov_9.345967	743	823	4	7	80	0.0875000
NODE_4647_length_1128_cov_3.920311	675	725	2	14	50	0.2800000
NODE_4647_length_1128_cov_3.920311	675	725	4	36	50	0.7200000
NODE_4647_length_1128_cov_3.920311	698	778	4	31	80	0.3875000
NODE_4647_length_1128_cov_3.920311	698	778	5	49	80	0.6125000
NODE_4648_length_1128_cov_3.631681	613	693	0	80	80	1.0000000
NODE_4648_length_1128_cov_3.631681	666	746	0	80	80	1.0000000
NODE_4650_length_1128_cov_3.091351	519	599	3	2	80	0.0250000
NODE_4650_length_1128_cov_3.091351	519	599	4	66	80	0.8250000
NODE_4650_length_1128_cov_3.091351	519	599	5	12	80	0.1500000
NODE_4650_length_1128_cov_3.091351	572	652	2	21	80	0.2625000
NODE_4650_length_1128_cov_3.091351	572	652	4	55	80	0.6875000
NODE_4650_length_1128_cov_3.091351	572	652	5	4	80	0.0500000
NODE_4660_length_1127_cov_38.932879	405	485	0	35	80	0.4375000
NODE_4660_length_1127_cov_38.932879	405	485	2	1	80	0.0125000
NODE_4660_length_1127_cov_38.932879	405	485	3	30	80	0.3750000
NODE_4660_length_1127_cov_38.932879	405	485	4	11	80	0.1375000
NODE_4660_length_1127_cov_38.932879	405	485	5	3	80	0.0375000
NODE_4660_length_1127_cov_38.932879	458	538	3	13	80	0.1625000
NODE_4660_length_1127_cov_38.932879	458	538	4	11	80	0.1375000
NODE_4660_length_1127_cov_38.932879	458	538	5	11	80	0.1375000
NODE_4660_length_1127_cov_38.932879	458	538	6	12	80	0.1500000
NODE_4660_length_1127_cov_38.932879	458	538	7	10	80	0.1250000
NODE_4660_length_1127_cov_38.932879	458	538	8	2	80	0.0250000
NODE_4660_length_1127_cov_38.932879	458	538	9	20	80	0.2500000
NODE_4660_length_1127_cov_38.932879	458	538	10	1	80	0.0125000
NODE_4660_length_1127_cov_38.932879	534	614	9	3	80	0.0375000
NODE_4660_length_1127_cov_38.932879	534	614	10	6	80	0.0750000
NODE_4660_length_1127_cov_38.932879	534	614	11	8	80	0.1000000
NODE_4660_length_1127_cov_38.932879	534	614	12	8	80	0.1000000
NODE_4660_length_1127_cov_38.932879	534	614	13	1	80	0.0125000
NODE_4660_length_1127_cov_38.932879	534	614	14	23	80	0.2875000
NODE_4660_length_1127_cov_38.932879	534	614	15	3	80	0.0375000
NODE_4660_length_1127_cov_38.932879	534	614	16	6	80	0.0750000
NODE_4660_length_1127_cov_38.932879	534	614	17	22	80	0.2750000
NODE_4660_length_1127_cov_38.932879	587	667	10	2	80	0.0250000
NODE_4660_length_1127_cov_38.932879	587	667	11	10	80	0.1250000
NODE_4660_length_1127_cov_38.932879	587	667	12	14	80	0.1750000
NODE_4660_length_1127_cov_38.932879	587	667	13	20	80	0.2500000
NODE_4660_length_1127_cov_38.932879	587	667	14	30	80	0.3750000
NODE_4660_length_1127_cov_38.932879	587	667	15	2	80	0.0250000
NODE_4660_length_1127_cov_38.932879	587	667	17	2	80	0.0250000
NODE_4661_length_1127_cov_37.721790	236	316	6	5	80	0.0625000
NODE_4661_length_1127_cov_37.721790	236	316	7	25	80	0.3125000
NODE_4661_length_1127_cov_37.721790	236	316	8	44	80	0.5500000
NODE_4661_length_1127_cov_37.721790	236	316	9	6	80	0.0750000
NODE_4661_length_1127_cov_37.721790	289	369	6	18	80	0.2250000
NODE_4661_length_1127_cov_37.721790	289	369	7	42	80	0.5250000
NODE_4661_length_1127_cov_37.721790	289	369	8	14	80	0.1750000
NODE_4661_length_1127_cov_37.721790	289	369	9	6	80	0.0750000
NODE_4661_length_1127_cov_37.721790	365	445	7	12	80	0.1500000
NODE_4661_length_1127_cov_37.721790	365	445	8	44	80	0.5500000
NODE_4661_length_1127_cov_37.721790	365	445	9	4	80	0.0500000
NODE_4661_length_1127_cov_37.721790	365	445	10	5	80	0.0625000
NODE_4661_length_1127_cov_37.721790	365	445	11	15	80	0.1875000
NODE_4661_length_1127_cov_37.721790	418	498	7	28	80	0.3500000
NODE_4661_length_1127_cov_37.721790	418	498	8	19	80	0.2375000
NODE_4661_length_1127_cov_37.721790	418	498	9	12	80	0.1500000
NODE_4661_length_1127_cov_37.721790	418	498	10	5	80	0.0625000
NODE_4661_length_1127_cov_37.721790	418	498	11	16	80	0.2000000
NODE_4662_length_1127_cov_31.866732	444	523	2	38	79	0.4810127
NODE_4662_length_1127_cov_31.866732	444	523	3	11	79	0.1392405
NODE_4662_length_1127_cov_31.866732	444	523	5	5	79	0.0632911
NODE_4662_length_1127_cov_31.866732	444	523	6	3	79	0.0379747
NODE_4662_length_1127_cov_31.866732	444	523	7	22	79	0.2784810
NODE_4662_length_1127_cov_31.866732	496	576	5	2	80	0.0250000
NODE_4662_length_1127_cov_31.866732	496	576	6	10	80	0.1250000
NODE_4662_length_1127_cov_31.866732	496	576	7	68	80	0.8500000
NODE_4662_length_1127_cov_31.866732	572	652	3	2	80	0.0250000
NODE_4662_length_1127_cov_31.866732	572	652	4	40	80	0.5000000
NODE_4662_length_1127_cov_31.866732	572	652	5	22	80	0.2750000
NODE_4662_length_1127_cov_31.866732	572	652	6	8	80	0.1000000
NODE_4662_length_1127_cov_31.866732	572	652	7	8	80	0.1000000
NODE_4662_length_1127_cov_31.866732	625	705	3	27	80	0.3375000
NODE_4662_length_1127_cov_31.866732	625	705	4	17	80	0.2125000
NODE_4662_length_1127_cov_31.866732	625	705	5	36	80	0.4500000
NODE_4663_length_1127_cov_25.616732	430	510	0	80	80	1.0000000
NODE_4663_length_1127_cov_25.616732	483	563	0	61	80	0.7625000
NODE_4663_length_1127_cov_25.616732	483	563	1	13	80	0.1625000
NODE_4663_length_1127_cov_25.616732	483	563	2	6	80	0.0750000
NODE_4664_length_1127_cov_21.838521	338	418	1	80	80	1.0000000
NODE_4664_length_1127_cov_21.838521	391	471	0	20	80	0.2500000
NODE_4664_length_1127_cov_21.838521	391	471	1	55	80	0.6875000
NODE_4664_length_1127_cov_21.838521	391	471	3	1	80	0.0125000
NODE_4664_length_1127_cov_21.838521	391	471	4	4	80	0.0500000
NODE_4664_length_1127_cov_21.838521	467	547	4	14	80	0.1750000
NODE_4664_length_1127_cov_21.838521	467	547	6	4	80	0.0500000
NODE_4664_length_1127_cov_21.838521	467	547	8	5	80	0.0625000
NODE_4664_length_1127_cov_21.838521	467	547	9	42	80	0.5250000
NODE_4664_length_1127_cov_21.838521	467	547	11	15	80	0.1875000
NODE_4664_length_1127_cov_21.838521	520	600	8	13	80	0.1625000
NODE_4664_length_1127_cov_21.838521	520	600	9	52	80	0.6500000
NODE_4664_length_1127_cov_21.838521	520	600	11	15	80	0.1875000
NODE_4665_length_1127_cov_15.024319	711	800	0	1	89	0.0112360
NODE_4665_length_1127_cov_15.024319	711	800	2	36	89	0.4044944
NODE_4665_length_1127_cov_15.024319	711	800	3	17	89	0.1910112
NODE_4665_length_1127_cov_15.024319	711	800	4	34	89	0.3820225
NODE_4665_length_1127_cov_15.024319	711	800	5	1	89	0.0112360
NODE_4665_length_1127_cov_15.024319	773	853	3	47	80	0.5875000
NODE_4665_length_1127_cov_15.024319	773	853	4	26	80	0.3250000
NODE_4665_length_1127_cov_15.024319	773	853	5	7	80	0.0875000
NODE_4667_length_1127_cov_4.786965	386	466	1	47	80	0.5875000
NODE_4667_length_1127_cov_4.786965	386	466	2	33	80	0.4125000
NODE_4667_length_1127_cov_4.786965	439	519	1	43	80	0.5375000
NODE_4667_length_1127_cov_4.786965	439	519	2	37	80	0.4625000
NODE_4672_length_1126_cov_51.699124	448	528	3	43	80	0.5375000
NODE_4672_length_1126_cov_51.699124	448	528	4	29	80	0.3625000
NODE_4672_length_1126_cov_51.699124	448	528	5	8	80	0.1000000
NODE_4672_length_1126_cov_51.699124	501	581	4	50	80	0.6250000
NODE_4672_length_1126_cov_51.699124	501	581	5	30	80	0.3750000
NODE_4673_length_1126_cov_38.135346	427	507	0	6	80	0.0750000
NODE_4673_length_1126_cov_38.135346	427	507	1	19	80	0.2375000
NODE_4673_length_1126_cov_38.135346	427	507	3	43	80	0.5375000
NODE_4673_length_1126_cov_38.135346	427	507	4	12	80	0.1500000
NODE_4673_length_1126_cov_38.135346	480	560	3	15	80	0.1875000
NODE_4673_length_1126_cov_38.135346	480	560	4	32	80	0.4000000
NODE_4673_length_1126_cov_38.135346	480	560	7	9	80	0.1125000
NODE_4673_length_1126_cov_38.135346	480	560	8	5	80	0.0625000
NODE_4673_length_1126_cov_38.135346	480	560	9	19	80	0.2375000
NODE_4673_length_1126_cov_38.135346	556	638	8	5	82	0.0609756
NODE_4673_length_1126_cov_38.135346	556	638	9	7	82	0.0853659
NODE_4673_length_1126_cov_38.135346	556	638	10	10	82	0.1219512
NODE_4673_length_1126_cov_38.135346	556	638	11	14	82	0.1707317
NODE_4673_length_1126_cov_38.135346	556	638	12	46	82	0.5609756
NODE_4673_length_1126_cov_38.135346	611	691	8	14	80	0.1750000
NODE_4673_length_1126_cov_38.135346	611	691	9	32	80	0.4000000
NODE_4673_length_1126_cov_38.135346	611	691	10	2	80	0.0250000
NODE_4673_length_1126_cov_38.135346	611	691	12	32	80	0.4000000
NODE_4674_length_1126_cov_34.637780	23	97	1	16	74	0.2162162
NODE_4674_length_1126_cov_34.637780	23	97	2	19	74	0.2567568
NODE_4674_length_1126_cov_34.637780	23	97	3	5	74	0.0675676
NODE_4674_length_1126_cov_34.637780	23	97	4	34	74	0.4594595
NODE_4674_length_1126_cov_34.637780	146	226	2	10	80	0.1250000
NODE_4674_length_1126_cov_34.637780	146	226	3	8	80	0.1000000
NODE_4674_length_1126_cov_34.637780	146	226	4	19	80	0.2375000
NODE_4674_length_1126_cov_34.637780	146	226	5	22	80	0.2750000
NODE_4674_length_1126_cov_34.637780	146	226	6	21	80	0.2625000
NODE_4674_length_1126_cov_34.637780	146	226	2	10	80	0.1250000
NODE_4674_length_1126_cov_34.637780	146	226	3	8	80	0.1000000
NODE_4674_length_1126_cov_34.637780	146	226	4	19	80	0.2375000
NODE_4674_length_1126_cov_34.637780	146	226	5	22	80	0.2750000
NODE_4674_length_1126_cov_34.637780	146	226	6	21	80	0.2625000
NODE_4674_length_1126_cov_34.637780	146	208	4	19	62	0.3064516
NODE_4674_length_1126_cov_34.637780	146	208	5	22	62	0.3548387
NODE_4674_length_1126_cov_34.637780	146	208	6	21	62	0.3387097
NODE_4674_length_1126_cov_34.637780	146	217	2	1	71	0.0140845
NODE_4674_length_1126_cov_34.637780	146	217	3	8	71	0.1126761
NODE_4674_length_1126_cov_34.637780	146	217	4	19	71	0.2676056
NODE_4674_length_1126_cov_34.637780	146	217	5	22	71	0.3098592
NODE_4674_length_1126_cov_34.637780	146	217	6	21	71	0.2957746
NODE_4675_length_1126_cov_21.360273	595	675	0	4	80	0.0500000
NODE_4675_length_1126_cov_21.360273	595	675	2	76	80	0.9500000
NODE_4675_length_1126_cov_21.360273	648	728	0	23	80	0.2875000
NODE_4675_length_1126_cov_21.360273	648	728	2	57	80	0.7125000
NODE_4676_length_1126_cov_17.420643	422	502	2	13	80	0.1625000
NODE_4676_length_1126_cov_17.420643	422	502	3	67	80	0.8375000
NODE_4676_length_1126_cov_17.420643	475	555	1	14	80	0.1750000
NODE_4676_length_1126_cov_17.420643	475	555	2	52	80	0.6500000
NODE_4676_length_1126_cov_17.420643	475	555	3	14	80	0.1750000
NODE_4677_length_1126_cov_15.896787	383	463	1	42	80	0.5250000
NODE_4677_length_1126_cov_15.896787	383	463	2	8	80	0.1000000
NODE_4677_length_1126_cov_15.896787	383	463	3	8	80	0.1000000
NODE_4677_length_1126_cov_15.896787	383	463	4	22	80	0.2750000
NODE_4677_length_1126_cov_15.896787	436	516	3	5	80	0.0625000
NODE_4677_length_1126_cov_15.896787	436	516	4	75	80	0.9375000
NODE_4678_length_1126_cov_8.525803	174	254	0	80	80	1.0000000
NODE_4678_length_1126_cov_8.525803	227	307	0	80	80	1.0000000
NODE_4679_length_1126_cov_5.805258	463	543	0	60	80	0.7500000
NODE_4679_length_1126_cov_5.805258	463	543	1	20	80	0.2500000
NODE_4679_length_1126_cov_5.805258	516	596	0	7	80	0.0875000
NODE_4679_length_1126_cov_5.805258	516	596	1	73	80	0.9125000
NODE_4685_length_1126_cov_1.502434	6	86	0	3	80	0.0375000
NODE_4685_length_1126_cov_1.502434	6	86	1	2	80	0.0250000
NODE_4685_length_1126_cov_1.502434	6	86	2	75	80	0.9375000
NODE_4685_length_1126_cov_1.502434	59	108	2	49	49	1.0000000
NODE_4689_length_1125_cov_34.314815	405	485	5	13	80	0.1625000
NODE_4689_length_1125_cov_34.314815	405	485	7	67	80	0.8375000
NODE_4689_length_1125_cov_34.314815	458	538	6	4	80	0.0500000
NODE_4689_length_1125_cov_34.314815	458	538	7	56	80	0.7000000
NODE_4689_length_1125_cov_34.314815	458	538	8	20	80	0.2500000
NODE_4689_length_1125_cov_34.314815	534	614	7	17	80	0.2125000
NODE_4689_length_1125_cov_34.314815	534	614	8	13	80	0.1625000
NODE_4689_length_1125_cov_34.314815	534	614	9	45	80	0.5625000
NODE_4689_length_1125_cov_34.314815	534	614	11	5	80	0.0625000
NODE_4689_length_1125_cov_34.314815	587	667	9	44	80	0.5500000
NODE_4689_length_1125_cov_34.314815	587	667	11	36	80	0.4500000
NODE_4690_length_1125_cov_33.553606	458	538	5	28	80	0.3500000
NODE_4690_length_1125_cov_33.553606	458	538	6	12	80	0.1500000
NODE_4690_length_1125_cov_33.553606	458	538	7	8	80	0.1000000
NODE_4690_length_1125_cov_33.553606	458	538	8	32	80	0.4000000
NODE_4690_length_1125_cov_33.553606	511	591	5	8	80	0.1000000
NODE_4690_length_1125_cov_33.553606	511	591	7	22	80	0.2750000
NODE_4690_length_1125_cov_33.553606	511	591	8	50	80	0.6250000
NODE_4690_length_1125_cov_33.553606	587	667	3	11	80	0.1375000
NODE_4690_length_1125_cov_33.553606	587	667	4	39	80	0.4875000
NODE_4690_length_1125_cov_33.553606	587	667	5	18	80	0.2250000
NODE_4690_length_1125_cov_33.553606	587	667	6	12	80	0.1500000
NODE_4690_length_1125_cov_33.553606	640	720	1	16	80	0.2000000
NODE_4690_length_1125_cov_33.553606	640	720	2	4	80	0.0500000
NODE_4690_length_1125_cov_33.553606	640	720	3	44	80	0.5500000
NODE_4690_length_1125_cov_33.553606	640	720	4	8	80	0.1000000
NODE_4690_length_1125_cov_33.553606	640	720	5	8	80	0.1000000
NODE_4691_length_1125_cov_33.371345	408	488	3	19	80	0.2375000
NODE_4691_length_1125_cov_33.371345	408	488	4	12	80	0.1500000
NODE_4691_length_1125_cov_33.371345	408	488	5	49	80	0.6125000
NODE_4691_length_1125_cov_33.371345	461	541	3	4	80	0.0500000
NODE_4691_length_1125_cov_33.371345	461	541	4	55	80	0.6875000
NODE_4691_length_1125_cov_33.371345	461	541	5	21	80	0.2625000
NODE_4691_length_1125_cov_33.371345	537	617	4	20	80	0.2500000
NODE_4691_length_1125_cov_33.371345	537	617	5	14	80	0.1750000
NODE_4691_length_1125_cov_33.371345	537	617	6	43	80	0.5375000
NODE_4691_length_1125_cov_33.371345	537	617	7	3	80	0.0375000
NODE_4691_length_1125_cov_33.371345	590	670	6	67	80	0.8375000
NODE_4691_length_1125_cov_33.371345	590	670	7	3	80	0.0375000
NODE_4691_length_1125_cov_33.371345	590	670	8	10	80	0.1250000
NODE_4692_length_1125_cov_22.580897	279	359	2	40	80	0.5000000
NODE_4692_length_1125_cov_22.580897	279	359	4	40	80	0.5000000
NODE_4692_length_1125_cov_22.580897	332	412	0	6	80	0.0750000
NODE_4692_length_1125_cov_22.580897	332	412	2	43	80	0.5375000
NODE_4692_length_1125_cov_22.580897	332	412	4	31	80	0.3875000
NODE_4692_length_1125_cov_22.580897	408	488	0	80	80	1.0000000
NODE_4692_length_1125_cov_22.580897	461	541	0	80	80	1.0000000
NODE_4705_length_1124_cov_52.278049	616	696	2	1	80	0.0125000
NODE_4705_length_1124_cov_52.278049	616	696	3	1	80	0.0125000
NODE_4705_length_1124_cov_52.278049	616	696	4	78	80	0.9750000
NODE_4705_length_1124_cov_52.278049	669	749	2	19	80	0.2375000
NODE_4705_length_1124_cov_52.278049	669	749	4	61	80	0.7625000
NODE_4706_length_1124_cov_25.280000	444	524	5	9	80	0.1125000
NODE_4706_length_1124_cov_25.280000	444	524	7	4	80	0.0500000
NODE_4706_length_1124_cov_25.280000	444	524	8	4	80	0.0500000
NODE_4706_length_1124_cov_25.280000	444	524	9	4	80	0.0500000
NODE_4706_length_1124_cov_25.280000	444	524	10	11	80	0.1375000
NODE_4706_length_1124_cov_25.280000	444	524	11	1	80	0.0125000
NODE_4706_length_1124_cov_25.280000	444	524	12	34	80	0.4250000
NODE_4706_length_1124_cov_25.280000	444	524	13	13	80	0.1625000
NODE_4706_length_1124_cov_25.280000	497	577	12	14	80	0.1750000
NODE_4706_length_1124_cov_25.280000	497	577	13	32	80	0.4000000
NODE_4706_length_1124_cov_25.280000	497	577	14	7	80	0.0875000
NODE_4706_length_1124_cov_25.280000	497	577	15	13	80	0.1625000
NODE_4706_length_1124_cov_25.280000	497	577	16	14	80	0.1750000
NODE_4706_length_1124_cov_25.280000	573	653	9	15	80	0.1875000
NODE_4706_length_1124_cov_25.280000	573	653	10	13	80	0.1625000
NODE_4706_length_1124_cov_25.280000	573	653	11	34	80	0.4250000
NODE_4706_length_1124_cov_25.280000	573	653	12	5	80	0.0625000
NODE_4706_length_1124_cov_25.280000	573	653	13	1	80	0.0125000
NODE_4706_length_1124_cov_25.280000	573	653	14	12	80	0.1500000
NODE_4706_length_1124_cov_25.280000	626	706	5	7	80	0.0875000
NODE_4706_length_1124_cov_25.280000	626	706	7	5	80	0.0625000
NODE_4706_length_1124_cov_25.280000	626	706	8	8	80	0.1000000
NODE_4706_length_1124_cov_25.280000	626	706	9	5	80	0.0625000
NODE_4706_length_1124_cov_25.280000	626	706	10	31	80	0.3875000
NODE_4706_length_1124_cov_25.280000	626	706	11	24	80	0.3000000
NODE_4707_length_1124_cov_18.700488	114	194	4	72	80	0.9000000
NODE_4707_length_1124_cov_18.700488	114	194	6	8	80	0.1000000
NODE_4707_length_1124_cov_18.700488	167	247	4	40	80	0.5000000
NODE_4707_length_1124_cov_18.700488	167	247	6	40	80	0.5000000
NODE_4717_length_1123_cov_26.445312	388	468	3	6	80	0.0750000
NODE_4717_length_1123_cov_26.445312	388	468	4	19	80	0.2375000
NODE_4717_length_1123_cov_26.445312	388	468	5	42	80	0.5250000
NODE_4717_length_1123_cov_26.445312	388	468	6	13	80	0.1625000
NODE_4717_length_1123_cov_26.445312	441	521	3	1	80	0.0125000
NODE_4717_length_1123_cov_26.445312	441	521	4	19	80	0.2375000
NODE_4717_length_1123_cov_26.445312	441	521	5	8	80	0.1000000
NODE_4717_length_1123_cov_26.445312	441	521	6	30	80	0.3750000
NODE_4717_length_1123_cov_26.445312	441	521	7	22	80	0.2750000
NODE_4717_length_1123_cov_26.445312	517	597	1	5	80	0.0625000
NODE_4717_length_1123_cov_26.445312	517	597	2	45	80	0.5625000
NODE_4717_length_1123_cov_26.445312	517	597	4	30	80	0.3750000
NODE_4717_length_1123_cov_26.445312	570	650	1	24	80	0.3000000
NODE_4717_length_1123_cov_26.445312	570	650	2	56	80	0.7000000
NODE_4718_length_1123_cov_18.677734	522	602	3	14	80	0.1750000
NODE_4718_length_1123_cov_18.677734	522	602	5	40	80	0.5000000
NODE_4718_length_1123_cov_18.677734	522	602	6	26	80	0.3250000
NODE_4718_length_1123_cov_18.677734	575	655	5	4	80	0.0500000
NODE_4718_length_1123_cov_18.677734	575	655	6	43	80	0.5375000
NODE_4718_length_1123_cov_18.677734	575	655	7	33	80	0.4125000
NODE_4718_length_1123_cov_18.677734	651	731	4	9	80	0.1125000
NODE_4718_length_1123_cov_18.677734	651	731	5	46	80	0.5750000
NODE_4718_length_1123_cov_18.677734	651	731	6	18	80	0.2250000
NODE_4718_length_1123_cov_18.677734	651	731	7	7	80	0.0875000
NODE_4718_length_1123_cov_18.677734	704	784	1	1	80	0.0125000
NODE_4718_length_1123_cov_18.677734	704	784	2	20	80	0.2500000
NODE_4718_length_1123_cov_18.677734	704	784	3	10	80	0.1250000
NODE_4718_length_1123_cov_18.677734	704	784	4	31	80	0.3875000
NODE_4718_length_1123_cov_18.677734	704	784	5	18	80	0.2250000
NODE_4728_length_1122_cov_38.688172	295	375	5	46	80	0.5750000
NODE_4728_length_1122_cov_38.688172	295	375	6	34	80	0.4250000
NODE_4728_length_1122_cov_38.688172	348	428	5	10	80	0.1250000
NODE_4728_length_1122_cov_38.688172	348	428	6	25	80	0.3125000
NODE_4728_length_1122_cov_38.688172	348	428	7	2	80	0.0250000
NODE_4728_length_1122_cov_38.688172	348	428	8	16	80	0.2000000
NODE_4728_length_1122_cov_38.688172	348	428	9	27	80	0.3375000
NODE_4728_length_1122_cov_38.688172	424	504	5	10	80	0.1250000
NODE_4728_length_1122_cov_38.688172	424	504	6	3	80	0.0375000
NODE_4728_length_1122_cov_38.688172	424	504	7	37	80	0.4625000
NODE_4728_length_1122_cov_38.688172	424	504	8	11	80	0.1375000
NODE_4728_length_1122_cov_38.688172	424	504	9	17	80	0.2125000
NODE_4728_length_1122_cov_38.688172	424	504	10	2	80	0.0250000
NODE_4728_length_1122_cov_38.688172	477	557	3	2	80	0.0250000
NODE_4728_length_1122_cov_38.688172	477	557	5	11	80	0.1375000
NODE_4728_length_1122_cov_38.688172	477	557	6	18	80	0.2250000
NODE_4728_length_1122_cov_38.688172	477	557	7	17	80	0.2125000
NODE_4728_length_1122_cov_38.688172	477	557	8	8	80	0.1000000
NODE_4728_length_1122_cov_38.688172	477	557	9	19	80	0.2375000
NODE_4728_length_1122_cov_38.688172	477	557	10	5	80	0.0625000
NODE_4729_length_1122_cov_32.827957	232	312	2	14	80	0.1750000
NODE_4729_length_1122_cov_32.827957	232	312	3	17	80	0.2125000
NODE_4729_length_1122_cov_32.827957	232	312	5	24	80	0.3000000
NODE_4729_length_1122_cov_32.827957	232	312	6	2	80	0.0250000
NODE_4729_length_1122_cov_32.827957	232	312	7	10	80	0.1250000
NODE_4729_length_1122_cov_32.827957	232	312	8	13	80	0.1625000
NODE_4729_length_1122_cov_32.827957	285	365	5	2	80	0.0250000
NODE_4729_length_1122_cov_32.827957	285	365	6	2	80	0.0250000
NODE_4729_length_1122_cov_32.827957	285	365	7	32	80	0.4000000
NODE_4729_length_1122_cov_32.827957	285	365	8	44	80	0.5500000
NODE_4729_length_1122_cov_32.827957	361	441	2	1	80	0.0125000
NODE_4729_length_1122_cov_32.827957	361	441	3	3	80	0.0375000
NODE_4729_length_1122_cov_32.827957	361	441	4	24	80	0.3000000
NODE_4729_length_1122_cov_32.827957	361	441	6	17	80	0.2125000
NODE_4729_length_1122_cov_32.827957	361	441	7	35	80	0.4375000
NODE_4729_length_1122_cov_32.827957	414	494	1	27	80	0.3375000
NODE_4729_length_1122_cov_32.827957	414	494	2	27	80	0.3375000
NODE_4729_length_1122_cov_32.827957	414	494	3	3	80	0.0375000
NODE_4729_length_1122_cov_32.827957	414	494	4	23	80	0.2875000
NODE_4730_length_1122_cov_12.574780	396	476	0	80	80	1.0000000
NODE_4730_length_1122_cov_12.574780	449	529	0	80	80	1.0000000
NODE_4730_length_1122_cov_12.574780	525	605	0	80	80	1.0000000
NODE_4730_length_1122_cov_12.574780	578	658	0	80	80	1.0000000
NODE_4731_length_1122_cov_8.582600	586	666	6	4	80	0.0500000
NODE_4731_length_1122_cov_8.582600	586	666	7	3	80	0.0375000
NODE_4731_length_1122_cov_8.582600	586	666	9	34	80	0.4250000
NODE_4731_length_1122_cov_8.582600	586	666	10	16	80	0.2000000
NODE_4731_length_1122_cov_8.582600	586	666	11	12	80	0.1500000
NODE_4731_length_1122_cov_8.582600	586	666	12	11	80	0.1375000
NODE_4731_length_1122_cov_8.582600	639	719	5	6	80	0.0750000
NODE_4731_length_1122_cov_8.582600	639	719	6	13	80	0.1625000
NODE_4731_length_1122_cov_8.582600	639	719	7	21	80	0.2625000
NODE_4731_length_1122_cov_8.582600	639	719	9	21	80	0.2625000
NODE_4731_length_1122_cov_8.582600	639	719	10	19	80	0.2375000
NODE_4733_length_1122_cov_3.714565	284	364	1	19	80	0.2375000
NODE_4733_length_1122_cov_3.714565	284	364	2	8	80	0.1000000
NODE_4733_length_1122_cov_3.714565	284	364	3	53	80	0.6625000
NODE_4733_length_1122_cov_3.714565	337	417	0	15	80	0.1875000
NODE_4733_length_1122_cov_3.714565	337	417	1	57	80	0.7125000
NODE_4733_length_1122_cov_3.714565	337	417	2	8	80	0.1000000
NODE_4738_length_1122_cov_1.757576	25	87	0	62	62	1.0000000
NODE_4742_length_1121_cov_39.595890	507	587	10	3	80	0.0375000
NODE_4742_length_1121_cov_39.595890	507	587	11	5	80	0.0625000
NODE_4742_length_1121_cov_39.595890	507	587	12	21	80	0.2625000
NODE_4742_length_1121_cov_39.595890	507	587	13	35	80	0.4375000
NODE_4742_length_1121_cov_39.595890	507	587	14	4	80	0.0500000
NODE_4742_length_1121_cov_39.595890	507	587	15	12	80	0.1500000
NODE_4742_length_1121_cov_39.595890	560	640	5	10	80	0.1250000
NODE_4742_length_1121_cov_39.595890	560	640	6	3	80	0.0375000
NODE_4742_length_1121_cov_39.595890	560	640	7	36	80	0.4500000
NODE_4742_length_1121_cov_39.595890	560	640	9	3	80	0.0375000
NODE_4742_length_1121_cov_39.595890	560	640	10	4	80	0.0500000
NODE_4742_length_1121_cov_39.595890	560	640	11	5	80	0.0625000
NODE_4742_length_1121_cov_39.595890	560	640	13	9	80	0.1125000
NODE_4742_length_1121_cov_39.595890	560	640	14	1	80	0.0125000
NODE_4742_length_1121_cov_39.595890	560	640	15	9	80	0.1125000
NODE_4742_length_1121_cov_39.595890	636	716	5	23	80	0.2875000
NODE_4742_length_1121_cov_39.595890	636	716	6	43	80	0.5375000
NODE_4742_length_1121_cov_39.595890	636	716	7	14	80	0.1750000
NODE_4742_length_1121_cov_39.595890	689	769	5	15	80	0.1875000
NODE_4742_length_1121_cov_39.595890	689	769	6	58	80	0.7250000
NODE_4742_length_1121_cov_39.595890	689	769	7	7	80	0.0875000
NODE_4743_length_1121_cov_23.832681	525	605	3	29	80	0.3625000
NODE_4743_length_1121_cov_23.832681	525	605	4	13	80	0.1625000
NODE_4743_length_1121_cov_23.832681	525	605	5	6	80	0.0750000
NODE_4743_length_1121_cov_23.832681	525	605	6	29	80	0.3625000
NODE_4743_length_1121_cov_23.832681	525	605	7	3	80	0.0375000
NODE_4743_length_1121_cov_23.832681	578	658	5	1	80	0.0125000
NODE_4743_length_1121_cov_23.832681	578	658	6	39	80	0.4875000
NODE_4743_length_1121_cov_23.832681	578	658	7	29	80	0.3625000
NODE_4743_length_1121_cov_23.832681	578	658	8	11	80	0.1375000
NODE_4744_length_1121_cov_18.033268	1	42	0	41	41	1.0000000
NODE_4744_length_1121_cov_18.033268	671	751	0	8	80	0.1000000
NODE_4744_length_1121_cov_18.033268	671	751	2	72	80	0.9000000
NODE_4744_length_1121_cov_18.033268	724	804	0	31	80	0.3875000
NODE_4744_length_1121_cov_18.033268	724	804	2	49	80	0.6125000
NODE_4745_length_1121_cov_8.633072	610	690	3	35	80	0.4375000
NODE_4745_length_1121_cov_8.633072	610	690	4	45	80	0.5625000
NODE_4745_length_1121_cov_8.633072	663	743	1	9	80	0.1125000
NODE_4745_length_1121_cov_8.633072	663	743	2	23	80	0.2875000
NODE_4745_length_1121_cov_8.633072	663	743	4	48	80	0.6000000
NODE_4751_length_1120_cov_34.281097	377	457	3	12	80	0.1500000
NODE_4751_length_1120_cov_34.281097	377	457	4	27	80	0.3375000
NODE_4751_length_1120_cov_34.281097	377	457	5	12	80	0.1500000
NODE_4751_length_1120_cov_34.281097	377	457	6	26	80	0.3250000
NODE_4751_length_1120_cov_34.281097	377	457	7	3	80	0.0375000
NODE_4751_length_1120_cov_34.281097	430	510	5	10	80	0.1250000
NODE_4751_length_1120_cov_34.281097	430	510	6	44	80	0.5500000
NODE_4751_length_1120_cov_34.281097	430	510	7	26	80	0.3250000
NODE_4751_length_1120_cov_34.281097	506	586	2	12	80	0.1500000
NODE_4751_length_1120_cov_34.281097	506	586	4	6	80	0.0750000
NODE_4751_length_1120_cov_34.281097	506	586	5	50	80	0.6250000
NODE_4751_length_1120_cov_34.281097	506	586	6	10	80	0.1250000
NODE_4751_length_1120_cov_34.281097	506	586	7	2	80	0.0250000
NODE_4751_length_1120_cov_34.281097	559	639	2	65	80	0.8125000
NODE_4751_length_1120_cov_34.281097	559	639	4	6	80	0.0750000
NODE_4751_length_1120_cov_34.281097	559	639	5	9	80	0.1125000
NODE_4752_length_1120_cov_31.468168	401	481	1	4	80	0.0500000
NODE_4752_length_1120_cov_31.468168	401	481	3	14	80	0.1750000
NODE_4752_length_1120_cov_31.468168	401	481	6	3	80	0.0375000
NODE_4752_length_1120_cov_31.468168	401	481	7	19	80	0.2375000
NODE_4752_length_1120_cov_31.468168	401	481	8	24	80	0.3000000
NODE_4752_length_1120_cov_31.468168	401	481	9	13	80	0.1625000
NODE_4752_length_1120_cov_31.468168	401	481	11	3	80	0.0375000
NODE_4752_length_1120_cov_31.468168	454	534	8	11	80	0.1375000
NODE_4752_length_1120_cov_31.468168	454	534	9	13	80	0.1625000
NODE_4752_length_1120_cov_31.468168	454	534	11	11	80	0.1375000
NODE_4752_length_1120_cov_31.468168	454	534	12	5	80	0.0625000
NODE_4752_length_1120_cov_31.468168	454	534	15	17	80	0.2125000
NODE_4752_length_1120_cov_31.468168	454	534	16	22	80	0.2750000
NODE_4752_length_1120_cov_31.468168	454	534	17	1	80	0.0125000
NODE_4752_length_1120_cov_31.468168	530	610	12	3	80	0.0375000
NODE_4752_length_1120_cov_31.468168	530	610	13	10	80	0.1250000
NODE_4752_length_1120_cov_31.468168	530	610	14	23	80	0.2875000
NODE_4752_length_1120_cov_31.468168	530	610	15	5	80	0.0625000
NODE_4752_length_1120_cov_31.468168	530	610	16	24	80	0.3000000
NODE_4752_length_1120_cov_31.468168	530	610	17	2	80	0.0250000
NODE_4752_length_1120_cov_31.468168	530	610	18	11	80	0.1375000
NODE_4752_length_1120_cov_31.468168	530	610	19	2	80	0.0250000
NODE_4752_length_1120_cov_31.468168	583	663	11	2	80	0.0250000
NODE_4752_length_1120_cov_31.468168	583	663	12	17	80	0.2125000
NODE_4752_length_1120_cov_31.468168	583	663	13	7	80	0.0875000
NODE_4752_length_1120_cov_31.468168	583	663	14	27	80	0.3375000
NODE_4752_length_1120_cov_31.468168	583	663	15	26	80	0.3250000
NODE_4752_length_1120_cov_31.468168	583	663	16	1	80	0.0125000
NODE_4753_length_1120_cov_28.182174	418	498	5	63	80	0.7875000
NODE_4753_length_1120_cov_28.182174	418	498	6	17	80	0.2125000
NODE_4753_length_1120_cov_28.182174	471	551	1	20	80	0.2500000
NODE_4753_length_1120_cov_28.182174	471	551	2	11	80	0.1375000
NODE_4753_length_1120_cov_28.182174	471	551	4	16	80	0.2000000
NODE_4753_length_1120_cov_28.182174	471	551	5	10	80	0.1250000
NODE_4753_length_1120_cov_28.182174	471	551	6	23	80	0.2875000
NODE_4754_length_1120_cov_25.423115	405	485	0	22	80	0.2750000
NODE_4754_length_1120_cov_25.423115	405	485	1	8	80	0.1000000
NODE_4754_length_1120_cov_25.423115	405	485	3	1	80	0.0125000
NODE_4754_length_1120_cov_25.423115	405	485	5	18	80	0.2250000
NODE_4754_length_1120_cov_25.423115	405	485	6	31	80	0.3875000
NODE_4754_length_1120_cov_25.423115	458	538	6	35	80	0.4375000
NODE_4754_length_1120_cov_25.423115	458	538	7	14	80	0.1750000
NODE_4754_length_1120_cov_25.423115	458	538	8	31	80	0.3875000
NODE_4754_length_1120_cov_25.423115	534	614	5	6	80	0.0750000
NODE_4754_length_1120_cov_25.423115	534	614	6	20	80	0.2500000
NODE_4754_length_1120_cov_25.423115	534	614	7	27	80	0.3375000
NODE_4754_length_1120_cov_25.423115	534	614	8	14	80	0.1750000
NODE_4754_length_1120_cov_25.423115	534	614	9	13	80	0.1625000
NODE_4754_length_1120_cov_25.423115	587	667	6	20	80	0.2500000
NODE_4754_length_1120_cov_25.423115	587	667	7	52	80	0.6500000
NODE_4754_length_1120_cov_25.423115	587	667	8	8	80	0.1000000
NODE_4755_length_1120_cov_24.441724	589	662	8	15	73	0.2054795
NODE_4755_length_1120_cov_24.441724	589	662	9	30	73	0.4109589
NODE_4755_length_1120_cov_24.441724	589	662	10	3	73	0.0410959
NODE_4755_length_1120_cov_24.441724	589	662	11	7	73	0.0958904
NODE_4755_length_1120_cov_24.441724	589	662	12	13	73	0.1780822
NODE_4755_length_1120_cov_24.441724	589	662	13	5	73	0.0684932
NODE_4755_length_1120_cov_24.441724	636	716	5	12	80	0.1500000
NODE_4755_length_1120_cov_24.441724	636	716	7	13	80	0.1625000
NODE_4755_length_1120_cov_24.441724	636	716	8	26	80	0.3250000
NODE_4755_length_1120_cov_24.441724	636	716	9	27	80	0.3375000
NODE_4755_length_1120_cov_24.441724	636	716	10	2	80	0.0250000
NODE_4756_length_1120_cov_18.966699	406	486	0	80	80	1.0000000
NODE_4756_length_1120_cov_18.966699	459	539	0	80	80	1.0000000
NODE_4757_length_1120_cov_16.136141	508	588	0	23	80	0.2875000
NODE_4757_length_1120_cov_16.136141	508	588	2	57	80	0.7125000
NODE_4757_length_1120_cov_16.136141	561	641	0	7	80	0.0875000
NODE_4757_length_1120_cov_16.136141	561	641	2	73	80	0.9125000
NODE_4758_length_1120_cov_15.492654	460	540	0	80	80	1.0000000
NODE_4758_length_1120_cov_15.492654	460	540	0	80	80	1.0000000
NODE_4758_length_1120_cov_15.492654	513	593	0	80	80	1.0000000
NODE_4759_length_1120_cov_8.696376	646	726	4	37	80	0.4625000
NODE_4759_length_1120_cov_8.696376	646	726	5	29	80	0.3625000
NODE_4759_length_1120_cov_8.696376	646	726	6	14	80	0.1750000
NODE_4759_length_1120_cov_8.696376	699	779	2	10	80	0.1250000
NODE_4759_length_1120_cov_8.696376	699	779	3	18	80	0.2250000
NODE_4759_length_1120_cov_8.696376	699	779	4	24	80	0.3000000
NODE_4759_length_1120_cov_8.696376	699	779	5	14	80	0.1750000
NODE_4759_length_1120_cov_8.696376	699	779	6	14	80	0.1750000
NODE_4760_length_1120_cov_7.916748	304	384	2	53	80	0.6625000
NODE_4760_length_1120_cov_7.916748	304	384	4	27	80	0.3375000
NODE_4760_length_1120_cov_7.916748	357	437	2	59	80	0.7375000
NODE_4760_length_1120_cov_7.916748	357	437	4	21	80	0.2625000
NODE_4772_length_1119_cov_32.617647	425	505	6	3	80	0.0375000
NODE_4772_length_1119_cov_32.617647	425	505	7	35	80	0.4375000
NODE_4772_length_1119_cov_32.617647	425	505	8	25	80	0.3125000
NODE_4772_length_1119_cov_32.617647	425	505	9	17	80	0.2125000
NODE_4772_length_1119_cov_32.617647	478	558	4	4	80	0.0500000
NODE_4772_length_1119_cov_32.617647	478	558	6	31	80	0.3875000
NODE_4772_length_1119_cov_32.617647	478	558	7	45	80	0.5625000
NODE_4773_length_1119_cov_24.944118	455	535	4	7	80	0.0875000
NODE_4773_length_1119_cov_24.944118	455	535	6	42	80	0.5250000
NODE_4773_length_1119_cov_24.944118	455	535	7	8	80	0.1000000
NODE_4773_length_1119_cov_24.944118	455	535	8	23	80	0.2875000
NODE_4773_length_1119_cov_24.944118	508	588	0	1	80	0.0125000
NODE_4773_length_1119_cov_24.944118	508	588	2	22	80	0.2750000
NODE_4773_length_1119_cov_24.944118	508	588	3	13	80	0.1625000
NODE_4773_length_1119_cov_24.944118	508	588	4	24	80	0.3000000
NODE_4773_length_1119_cov_24.944118	508	588	6	20	80	0.2500000
NODE_4774_length_1119_cov_22.214706	614	694	2	51	80	0.6375000
NODE_4774_length_1119_cov_22.214706	614	694	3	29	80	0.3625000
NODE_4774_length_1119_cov_22.214706	667	747	1	32	80	0.4000000
NODE_4774_length_1119_cov_22.214706	667	747	3	48	80	0.6000000
NODE_4775_length_1119_cov_21.115686	431	511	1	1	80	0.0125000
NODE_4775_length_1119_cov_21.115686	431	511	2	38	80	0.4750000
NODE_4775_length_1119_cov_21.115686	431	511	3	2	80	0.0250000
NODE_4775_length_1119_cov_21.115686	431	511	5	18	80	0.2250000
NODE_4775_length_1119_cov_21.115686	431	511	7	21	80	0.2625000
NODE_4775_length_1119_cov_21.115686	484	564	5	6	80	0.0750000
NODE_4775_length_1119_cov_21.115686	484	564	7	30	80	0.3750000
NODE_4775_length_1119_cov_21.115686	484	564	8	44	80	0.5500000
NODE_4777_length_1119_cov_11.895098	565	645	6	21	80	0.2625000
NODE_4777_length_1119_cov_11.895098	565	645	8	20	80	0.2500000
NODE_4777_length_1119_cov_11.895098	565	645	9	13	80	0.1625000
NODE_4777_length_1119_cov_11.895098	565	645	11	10	80	0.1250000
NODE_4777_length_1119_cov_11.895098	565	645	12	11	80	0.1375000
NODE_4777_length_1119_cov_11.895098	565	645	13	5	80	0.0625000
NODE_4777_length_1119_cov_11.895098	618	698	8	17	80	0.2125000
NODE_4777_length_1119_cov_11.895098	618	698	9	15	80	0.1875000
NODE_4777_length_1119_cov_11.895098	618	698	11	15	80	0.1875000
NODE_4777_length_1119_cov_11.895098	618	698	12	28	80	0.3500000
NODE_4777_length_1119_cov_11.895098	618	698	13	5	80	0.0625000
NODE_4782_length_1119_cov_2.783333	37	99	1	50	62	0.8064516
NODE_4782_length_1119_cov_2.783333	37	99	2	12	62	0.1935484
NODE_4789_length_1118_cov_35.214917	555	635	0	35	80	0.4375000
NODE_4789_length_1118_cov_35.214917	555	635	1	1	80	0.0125000
NODE_4789_length_1118_cov_35.214917	555	635	2	11	80	0.1375000
NODE_4789_length_1118_cov_35.214917	555	635	3	33	80	0.4125000
NODE_4789_length_1118_cov_35.214917	608	688	3	63	80	0.7875000
NODE_4789_length_1118_cov_35.214917	608	688	4	14	80	0.1750000
NODE_4789_length_1118_cov_35.214917	608	688	5	3	80	0.0375000
NODE_4789_length_1118_cov_35.214917	684	764	3	12	80	0.1500000
NODE_4789_length_1118_cov_35.214917	684	764	4	11	80	0.1375000
NODE_4789_length_1118_cov_35.214917	684	764	5	55	80	0.6875000
NODE_4789_length_1118_cov_35.214917	684	764	6	2	80	0.0250000
NODE_4789_length_1118_cov_35.214917	737	817	2	49	80	0.6125000
NODE_4789_length_1118_cov_35.214917	737	817	3	16	80	0.2000000
NODE_4789_length_1118_cov_35.214917	737	817	4	10	80	0.1250000
NODE_4789_length_1118_cov_35.214917	737	817	5	3	80	0.0375000
NODE_4789_length_1118_cov_35.214917	737	817	6	2	80	0.0250000
NODE_4790_length_1118_cov_23.114818	602	682	2	27	80	0.3375000
NODE_4790_length_1118_cov_23.114818	602	682	3	42	80	0.5250000
NODE_4790_length_1118_cov_23.114818	602	682	4	11	80	0.1375000
NODE_4790_length_1118_cov_23.114818	655	735	2	15	80	0.1875000
NODE_4790_length_1118_cov_23.114818	655	735	3	52	80	0.6500000
NODE_4790_length_1118_cov_23.114818	655	735	4	13	80	0.1625000
NODE_4790_length_1118_cov_23.114818	731	811	3	2	80	0.0250000
NODE_4790_length_1118_cov_23.114818	731	811	4	20	80	0.2500000
NODE_4790_length_1118_cov_23.114818	731	811	5	6	80	0.0750000
NODE_4790_length_1118_cov_23.114818	731	811	6	52	80	0.6500000
NODE_4790_length_1118_cov_23.114818	784	864	4	14	80	0.1750000
NODE_4790_length_1118_cov_23.114818	784	864	5	18	80	0.2250000
NODE_4790_length_1118_cov_23.114818	784	864	6	48	80	0.6000000
NODE_4791_length_1118_cov_18.293425	388	463	1	10	75	0.1333333
NODE_4791_length_1118_cov_18.293425	388	463	2	65	75	0.8666667
NODE_4791_length_1118_cov_18.293425	436	516	0	23	80	0.2875000
NODE_4791_length_1118_cov_18.293425	436	516	1	40	80	0.5000000
NODE_4791_length_1118_cov_18.293425	436	516	2	17	80	0.2125000
NODE_4791_length_1118_cov_18.293425	512	592	0	45	80	0.5625000
NODE_4791_length_1118_cov_18.293425	512	592	1	14	80	0.1750000
NODE_4791_length_1118_cov_18.293425	512	592	2	21	80	0.2625000
NODE_4791_length_1118_cov_18.293425	565	645	1	6	80	0.0750000
NODE_4791_length_1118_cov_18.293425	565	645	2	67	80	0.8375000
NODE_4791_length_1118_cov_18.293425	565	645	3	7	80	0.0875000
NODE_4792_length_1118_cov_17.228656	480	560	6	9	80	0.1125000
NODE_4792_length_1118_cov_17.228656	480	560	7	45	80	0.5625000
NODE_4792_length_1118_cov_17.228656	480	560	9	4	80	0.0500000
NODE_4792_length_1118_cov_17.228656	480	560	11	1	80	0.0125000
NODE_4792_length_1118_cov_17.228656	480	560	12	10	80	0.1250000
NODE_4792_length_1118_cov_17.228656	480	560	13	11	80	0.1375000
NODE_4792_length_1118_cov_17.228656	533	613	7	1	80	0.0125000
NODE_4792_length_1118_cov_17.228656	533	613	9	4	80	0.0500000
NODE_4792_length_1118_cov_17.228656	533	613	11	1	80	0.0125000
NODE_4792_length_1118_cov_17.228656	533	613	12	10	80	0.1250000
NODE_4792_length_1118_cov_17.228656	533	613	13	34	80	0.4250000
NODE_4792_length_1118_cov_17.228656	533	613	14	25	80	0.3125000
NODE_4792_length_1118_cov_17.228656	533	613	15	5	80	0.0625000
NODE_4794_length_1118_cov_14.299313	468	548	1	4	80	0.0500000
NODE_4794_length_1118_cov_14.299313	468	548	3	19	80	0.2375000
NODE_4794_length_1118_cov_14.299313	468	548	4	12	80	0.1500000
NODE_4794_length_1118_cov_14.299313	468	548	5	4	80	0.0500000
NODE_4794_length_1118_cov_14.299313	468	548	7	22	80	0.2750000
NODE_4794_length_1118_cov_14.299313	468	548	8	19	80	0.2375000
NODE_4794_length_1118_cov_14.299313	521	601	7	8	80	0.1000000
NODE_4794_length_1118_cov_14.299313	521	601	8	49	80	0.6125000
NODE_4794_length_1118_cov_14.299313	521	601	9	11	80	0.1375000
NODE_4794_length_1118_cov_14.299313	521	601	10	12	80	0.1500000
NODE_4795_length_1118_cov_10.203140	306	386	0	12	80	0.1500000
NODE_4795_length_1118_cov_10.203140	306	386	2	68	80	0.8500000
NODE_4795_length_1118_cov_10.203140	359	439	2	80	80	1.0000000
NODE_4795_length_1118_cov_10.203140	435	515	0	69	80	0.8625000
NODE_4795_length_1118_cov_10.203140	435	515	1	6	80	0.0750000
NODE_4795_length_1118_cov_10.203140	435	515	2	5	80	0.0625000
NODE_4795_length_1118_cov_10.203140	488	568	0	21	80	0.2625000
NODE_4795_length_1118_cov_10.203140	488	568	1	59	80	0.7375000
NODE_4796_length_1118_cov_2.885182	471	551	0	80	80	1.0000000
NODE_4796_length_1118_cov_2.885182	524	604	0	80	80	1.0000000
NODE_4805_length_1117_cov_19.425344	541	621	7	20	80	0.2500000
NODE_4805_length_1117_cov_19.425344	541	621	8	42	80	0.5250000
NODE_4805_length_1117_cov_19.425344	541	621	9	18	80	0.2250000
NODE_4805_length_1117_cov_19.425344	594	674	3	3	80	0.0375000
NODE_4805_length_1117_cov_19.425344	594	674	4	39	80	0.4875000
NODE_4805_length_1117_cov_19.425344	594	674	5	3	80	0.0375000
NODE_4805_length_1117_cov_19.425344	594	674	7	1	80	0.0125000
NODE_4805_length_1117_cov_19.425344	594	674	8	9	80	0.1125000
NODE_4805_length_1117_cov_19.425344	594	674	9	25	80	0.3125000
NODE_4806_length_1117_cov_16.386051	385	465	0	23	80	0.2875000
NODE_4806_length_1117_cov_16.386051	385	465	1	57	80	0.7125000
NODE_4806_length_1117_cov_16.386051	438	518	1	80	80	1.0000000
NODE_4807_length_1117_cov_10.353635	294	374	3	80	80	1.0000000
NODE_4807_length_1117_cov_10.353635	347	427	1	13	80	0.1625000
NODE_4807_length_1117_cov_10.353635	347	427	2	39	80	0.4875000
NODE_4807_length_1117_cov_10.353635	347	427	3	28	80	0.3500000
NODE_4808_length_1117_cov_7.492141	417	497	0	31	80	0.3875000
NODE_4808_length_1117_cov_7.492141	417	497	1	49	80	0.6125000
NODE_4808_length_1117_cov_7.492141	470	550	0	80	80	1.0000000
NODE_4812_length_1117_cov_3.225933	666	728	0	12	62	0.1935484
NODE_4812_length_1117_cov_3.225933	666	728	1	50	62	0.8064516
NODE_4819_length_1116_cov_30.106195	457	537	2	1	80	0.0125000
NODE_4819_length_1116_cov_30.106195	457	537	3	25	80	0.3125000
NODE_4819_length_1116_cov_30.106195	457	537	5	9	80	0.1125000
NODE_4819_length_1116_cov_30.106195	457	537	7	6	80	0.0750000
NODE_4819_length_1116_cov_30.106195	457	537	8	17	80	0.2125000
NODE_4819_length_1116_cov_30.106195	457	537	9	9	80	0.1125000
NODE_4819_length_1116_cov_30.106195	457	537	10	13	80	0.1625000
NODE_4819_length_1116_cov_30.106195	510	590	8	25	80	0.3125000
NODE_4819_length_1116_cov_30.106195	510	590	9	30	80	0.3750000
NODE_4819_length_1116_cov_30.106195	510	590	10	25	80	0.3125000
NODE_4820_length_1116_cov_25.518191	831	911	3	22	80	0.2750000
NODE_4820_length_1116_cov_25.518191	831	911	4	15	80	0.1875000
NODE_4820_length_1116_cov_25.518191	831	911	5	43	80	0.5375000
NODE_4820_length_1116_cov_25.518191	884	964	4	30	80	0.3750000
NODE_4820_length_1116_cov_25.518191	884	964	5	50	80	0.6250000
NODE_4821_length_1116_cov_20.629302	500	580	1	14	80	0.1750000
NODE_4821_length_1116_cov_20.629302	500	580	2	66	80	0.8250000
NODE_4821_length_1116_cov_20.629302	553	633	1	47	80	0.5875000
NODE_4821_length_1116_cov_20.629302	553	633	2	33	80	0.4125000
NODE_4822_length_1116_cov_16.723697	345	425	1	6	80	0.0750000
NODE_4822_length_1116_cov_16.723697	345	425	2	74	80	0.9250000
NODE_4822_length_1116_cov_16.723697	398	478	2	80	80	1.0000000
NODE_4823_length_1116_cov_16.046214	735	815	9	1	80	0.0125000
NODE_4823_length_1116_cov_16.046214	735	815	10	17	80	0.2125000
NODE_4823_length_1116_cov_16.046214	735	815	12	2	80	0.0250000
NODE_4823_length_1116_cov_16.046214	735	815	13	34	80	0.4250000
NODE_4823_length_1116_cov_16.046214	735	815	14	21	80	0.2625000
NODE_4823_length_1116_cov_16.046214	735	815	15	5	80	0.0625000
NODE_4823_length_1116_cov_16.046214	788	868	6	6	80	0.0750000
NODE_4823_length_1116_cov_16.046214	788	868	7	12	80	0.1500000
NODE_4823_length_1116_cov_16.046214	788	868	10	2	80	0.0250000
NODE_4823_length_1116_cov_16.046214	788	868	11	10	80	0.1250000
NODE_4823_length_1116_cov_16.046214	788	868	12	22	80	0.2750000
NODE_4823_length_1116_cov_16.046214	788	868	13	15	80	0.1875000
NODE_4823_length_1116_cov_16.046214	788	868	14	8	80	0.1000000
NODE_4823_length_1116_cov_16.046214	788	868	15	5	80	0.0625000
NODE_4828_length_1116_cov_1.379548	800	880	2	80	80	1.0000000
NODE_4828_length_1116_cov_1.379548	853	933	0	48	80	0.6000000
NODE_4828_length_1116_cov_1.379548	853	933	2	32	80	0.4000000
NODE_4832_length_1115_cov_30.584646	549	629	6	19	80	0.2375000
NODE_4832_length_1115_cov_30.584646	549	629	8	6	80	0.0750000
NODE_4832_length_1115_cov_30.584646	549	629	10	15	80	0.1875000
NODE_4832_length_1115_cov_30.584646	549	629	11	40	80	0.5000000
NODE_4832_length_1115_cov_30.584646	602	682	8	2	80	0.0250000
NODE_4832_length_1115_cov_30.584646	602	682	9	36	80	0.4500000
NODE_4832_length_1115_cov_30.584646	602	682	10	15	80	0.1875000
NODE_4832_length_1115_cov_30.584646	602	682	11	27	80	0.3375000
NODE_4833_length_1115_cov_15.871063	454	534	11	3	80	0.0375000
NODE_4833_length_1115_cov_15.871063	454	534	13	27	80	0.3375000
NODE_4833_length_1115_cov_15.871063	454	534	14	33	80	0.4125000
NODE_4833_length_1115_cov_15.871063	454	534	15	14	80	0.1750000
NODE_4833_length_1115_cov_15.871063	454	534	16	3	80	0.0375000
NODE_4833_length_1115_cov_15.871063	507	587	10	10	80	0.1250000
NODE_4833_length_1115_cov_15.871063	507	587	11	1	80	0.0125000
NODE_4833_length_1115_cov_15.871063	507	587	12	6	80	0.0750000
NODE_4833_length_1115_cov_15.871063	507	587	14	18	80	0.2250000
NODE_4833_length_1115_cov_15.871063	507	587	15	14	80	0.1750000
NODE_4833_length_1115_cov_15.871063	507	587	16	31	80	0.3875000
NODE_4833_length_1115_cov_15.871063	583	663	5	20	80	0.2500000
NODE_4833_length_1115_cov_15.871063	583	663	6	30	80	0.3750000
NODE_4833_length_1115_cov_15.871063	583	663	7	9	80	0.1125000
NODE_4833_length_1115_cov_15.871063	583	663	8	2	80	0.0250000
NODE_4833_length_1115_cov_15.871063	583	663	9	7	80	0.0875000
NODE_4833_length_1115_cov_15.871063	583	663	10	12	80	0.1500000
NODE_4833_length_1115_cov_15.871063	636	716	1	32	80	0.4000000
NODE_4833_length_1115_cov_15.871063	636	716	3	4	80	0.0500000
NODE_4833_length_1115_cov_15.871063	636	716	4	14	80	0.1750000
NODE_4833_length_1115_cov_15.871063	636	716	5	23	80	0.2875000
NODE_4833_length_1115_cov_15.871063	636	716	6	7	80	0.0875000
NODE_4840_length_1114_cov_20.633498	1034	1114	0	80	80	1.0000000
NODE_4840_length_1114_cov_20.633498	1034	1114	0	80	80	1.0000000
NODE_4840_length_1114_cov_20.633498	1034	1114	0	80	80	1.0000000
NODE_4840_length_1114_cov_20.633498	1034	1114	0	80	80	1.0000000
NODE_4840_length_1114_cov_20.633498	1034	1114	0	80	80	1.0000000
NODE_4840_length_1114_cov_20.633498	1043	1114	0	71	71	1.0000000
NODE_4841_length_1114_cov_17.383251	516	601	2	17	85	0.2000000
NODE_4841_length_1114_cov_17.383251	516	601	3	8	85	0.0941176
NODE_4841_length_1114_cov_17.383251	516	601	4	60	85	0.7058824
NODE_4841_length_1114_cov_17.383251	574	653	1	20	79	0.2531646
NODE_4841_length_1114_cov_17.383251	574	653	2	2	79	0.0253165
NODE_4841_length_1114_cov_17.383251	574	653	3	40	79	0.5063291
NODE_4841_length_1114_cov_17.383251	574	653	4	17	79	0.2151899
NODE_4841_length_1114_cov_17.383251	649	729	1	16	80	0.2000000
NODE_4841_length_1114_cov_17.383251	649	729	3	64	80	0.8000000
NODE_4841_length_1114_cov_17.383251	702	782	0	8	80	0.1000000
NODE_4841_length_1114_cov_17.383251	702	782	1	20	80	0.2500000
NODE_4841_length_1114_cov_17.383251	702	782	2	12	80	0.1500000
NODE_4841_length_1114_cov_17.383251	702	782	3	40	80	0.5000000
NODE_4842_length_1114_cov_5.562562	563	643	2	80	80	1.0000000
NODE_4842_length_1114_cov_5.562562	616	696	0	26	80	0.3250000
NODE_4842_length_1114_cov_5.562562	616	696	1	14	80	0.1750000
NODE_4842_length_1114_cov_5.562562	616	696	2	40	80	0.5000000
NODE_4847_length_1113_cov_51.988166	343	423	8	8	80	0.1000000
NODE_4847_length_1113_cov_51.988166	343	423	9	13	80	0.1625000
NODE_4847_length_1113_cov_51.988166	343	423	11	7	80	0.0875000
NODE_4847_length_1113_cov_51.988166	343	423	14	20	80	0.2500000
NODE_4847_length_1113_cov_51.988166	343	423	15	6	80	0.0750000
NODE_4847_length_1113_cov_51.988166	343	423	16	3	80	0.0375000
NODE_4847_length_1113_cov_51.988166	343	423	17	2	80	0.0250000
NODE_4847_length_1113_cov_51.988166	343	423	18	13	80	0.1625000
NODE_4847_length_1113_cov_51.988166	343	423	19	4	80	0.0500000
NODE_4847_length_1113_cov_51.988166	343	423	20	4	80	0.0500000
NODE_4847_length_1113_cov_51.988166	396	476	14	1	80	0.0125000
NODE_4847_length_1113_cov_51.988166	396	476	15	13	80	0.1625000
NODE_4847_length_1113_cov_51.988166	396	476	16	14	80	0.1750000
NODE_4847_length_1113_cov_51.988166	396	476	17	18	80	0.2250000
NODE_4847_length_1113_cov_51.988166	396	476	18	17	80	0.2125000
NODE_4847_length_1113_cov_51.988166	396	476	19	13	80	0.1625000
NODE_4847_length_1113_cov_51.988166	396	476	20	4	80	0.0500000
NODE_4847_length_1113_cov_51.988166	472	552	10	2	80	0.0250000
NODE_4847_length_1113_cov_51.988166	472	552	11	3	80	0.0375000
NODE_4847_length_1113_cov_51.988166	472	552	12	16	80	0.2000000
NODE_4847_length_1113_cov_51.988166	472	552	13	5	80	0.0625000
NODE_4847_length_1113_cov_51.988166	472	552	14	2	80	0.0250000
NODE_4847_length_1113_cov_51.988166	472	552	15	3	80	0.0375000
NODE_4847_length_1113_cov_51.988166	472	552	17	18	80	0.2250000
NODE_4847_length_1113_cov_51.988166	472	552	18	7	80	0.0875000
NODE_4847_length_1113_cov_51.988166	472	552	19	4	80	0.0500000
NODE_4847_length_1113_cov_51.988166	472	552	20	20	80	0.2500000
NODE_4847_length_1113_cov_51.988166	525	605	9	42	80	0.5250000
NODE_4847_length_1113_cov_51.988166	525	605	10	13	80	0.1625000
NODE_4847_length_1113_cov_51.988166	525	605	11	3	80	0.0375000
NODE_4847_length_1113_cov_51.988166	525	605	12	16	80	0.2000000
NODE_4847_length_1113_cov_51.988166	525	605	13	5	80	0.0625000
NODE_4847_length_1113_cov_51.988166	525	605	15	1	80	0.0125000
NODE_4848_length_1113_cov_35.005917	359	439	6	14	80	0.1750000
NODE_4848_length_1113_cov_35.005917	359	439	7	66	80	0.8250000
NODE_4848_length_1113_cov_35.005917	412	492	4	7	80	0.0875000
NODE_4848_length_1113_cov_35.005917	412	492	5	18	80	0.2250000
NODE_4848_length_1113_cov_35.005917	412	492	6	35	80	0.4375000
NODE_4848_length_1113_cov_35.005917	412	492	7	20	80	0.2500000
NODE_4849_length_1113_cov_28.106509	570	650	1	2	80	0.0250000
NODE_4849_length_1113_cov_28.106509	570	650	2	21	80	0.2625000
NODE_4849_length_1113_cov_28.106509	570	650	3	18	80	0.2250000
NODE_4849_length_1113_cov_28.106509	570	650	4	4	80	0.0500000
NODE_4849_length_1113_cov_28.106509	570	650	5	8	80	0.1000000
NODE_4849_length_1113_cov_28.106509	570	650	7	4	80	0.0500000
NODE_4849_length_1113_cov_28.106509	570	650	8	14	80	0.1750000
NODE_4849_length_1113_cov_28.106509	570	650	10	9	80	0.1125000
NODE_4849_length_1113_cov_28.106509	623	703	7	4	80	0.0500000
NODE_4849_length_1113_cov_28.106509	623	703	8	14	80	0.1750000
NODE_4849_length_1113_cov_28.106509	623	703	10	29	80	0.3625000
NODE_4849_length_1113_cov_28.106509	623	703	11	31	80	0.3875000
NODE_4849_length_1113_cov_28.106509	623	703	12	2	80	0.0250000
NODE_4849_length_1113_cov_28.106509	699	779	3	2	80	0.0250000
NODE_4849_length_1113_cov_28.106509	699	779	4	5	80	0.0625000
NODE_4849_length_1113_cov_28.106509	699	779	5	5	80	0.0625000
NODE_4849_length_1113_cov_28.106509	699	779	6	6	80	0.0750000
NODE_4849_length_1113_cov_28.106509	699	779	7	18	80	0.2250000
NODE_4849_length_1113_cov_28.106509	699	779	8	20	80	0.2500000
NODE_4849_length_1113_cov_28.106509	699	779	10	1	80	0.0125000
NODE_4849_length_1113_cov_28.106509	699	779	11	23	80	0.2875000
NODE_4849_length_1113_cov_28.106509	752	832	2	12	80	0.1500000
NODE_4849_length_1113_cov_28.106509	752	832	3	43	80	0.5375000
NODE_4849_length_1113_cov_28.106509	752	832	4	5	80	0.0625000
NODE_4849_length_1113_cov_28.106509	752	832	5	5	80	0.0625000
NODE_4849_length_1113_cov_28.106509	752	832	6	6	80	0.0750000
NODE_4849_length_1113_cov_28.106509	752	832	7	9	80	0.1125000
NODE_4850_length_1113_cov_18.636095	512	592	2	33	80	0.4125000
NODE_4850_length_1113_cov_18.636095	512	592	4	13	80	0.1625000
NODE_4850_length_1113_cov_18.636095	512	592	5	9	80	0.1125000
NODE_4850_length_1113_cov_18.636095	512	592	6	25	80	0.3125000
NODE_4850_length_1113_cov_18.636095	565	645	5	2	80	0.0250000
NODE_4850_length_1113_cov_18.636095	565	645	6	32	80	0.4000000
NODE_4850_length_1113_cov_18.636095	565	645	7	46	80	0.5750000
NODE_4851_length_1113_cov_16.664694	352	432	2	76	80	0.9500000
NODE_4851_length_1113_cov_16.664694	352	432	3	4	80	0.0500000
NODE_4851_length_1113_cov_16.664694	405	485	1	48	80	0.6000000
NODE_4851_length_1113_cov_16.664694	405	485	2	32	80	0.4000000
NODE_4851_length_1113_cov_16.664694	481	561	1	1	80	0.0125000
NODE_4851_length_1113_cov_16.664694	481	561	2	20	80	0.2500000
NODE_4851_length_1113_cov_16.664694	481	561	3	16	80	0.2000000
NODE_4851_length_1113_cov_16.664694	481	561	4	43	80	0.5375000
NODE_4851_length_1113_cov_16.664694	534	614	3	63	80	0.7875000
NODE_4851_length_1113_cov_16.664694	534	614	4	17	80	0.2125000
NODE_4852_length_1113_cov_14.155819	454	512	2	28	58	0.4827586
NODE_4852_length_1113_cov_14.155819	454	512	3	22	58	0.3793103
NODE_4852_length_1113_cov_14.155819	454	512	4	8	58	0.1379310
NODE_4852_length_1113_cov_14.155819	511	575	2	64	64	1.0000000
NODE_4853_length_1113_cov_10.185404	494	574	2	12	80	0.1500000
NODE_4853_length_1113_cov_10.185404	494	574	3	52	80	0.6500000
NODE_4853_length_1113_cov_10.185404	494	574	4	16	80	0.2000000
NODE_4853_length_1113_cov_10.185404	547	627	2	2	80	0.0250000
NODE_4853_length_1113_cov_10.185404	547	627	3	14	80	0.1750000
NODE_4853_length_1113_cov_10.185404	547	627	4	64	80	0.8000000
NODE_4855_length_1113_cov_4.005917	700	780	0	80	80	1.0000000
NODE_4855_length_1113_cov_4.005917	753	833	0	80	80	1.0000000
NODE_4866_length_1112_cov_14.961500	427	507	1	34	80	0.4250000
NODE_4866_length_1112_cov_14.961500	427	507	2	46	80	0.5750000
NODE_4866_length_1112_cov_14.961500	480	560	2	36	80	0.4500000
NODE_4866_length_1112_cov_14.961500	480	560	3	44	80	0.5500000
NODE_4866_length_1112_cov_14.961500	556	636	2	25	80	0.3125000
NODE_4866_length_1112_cov_14.961500	556	636	3	55	80	0.6875000
NODE_4866_length_1112_cov_14.961500	609	689	0	20	80	0.2500000
NODE_4866_length_1112_cov_14.961500	609	689	1	8	80	0.1000000
NODE_4866_length_1112_cov_14.961500	609	689	2	50	80	0.6250000
NODE_4866_length_1112_cov_14.961500	609	689	3	2	80	0.0250000
NODE_4875_length_1112_cov_1.655479	45	123	0	78	78	1.0000000
NODE_4875_length_1112_cov_1.655479	98	166	0	68	68	1.0000000
NODE_4880_length_1111_cov_37.999012	473	553	5	51	80	0.6375000
NODE_4880_length_1111_cov_37.999012	473	553	6	2	80	0.0250000
NODE_4880_length_1111_cov_37.999012	473	553	7	19	80	0.2375000
NODE_4880_length_1111_cov_37.999012	473	553	8	8	80	0.1000000
NODE_4880_length_1111_cov_37.999012	526	606	5	9	80	0.1125000
NODE_4880_length_1111_cov_37.999012	526	606	6	10	80	0.1250000
NODE_4880_length_1111_cov_37.999012	526	606	7	32	80	0.4000000
NODE_4880_length_1111_cov_37.999012	526	606	8	10	80	0.1250000
NODE_4880_length_1111_cov_37.999012	526	606	9	19	80	0.2375000
NODE_4880_length_1111_cov_37.999012	602	682	9	60	80	0.7500000
NODE_4880_length_1111_cov_37.999012	602	682	10	6	80	0.0750000
NODE_4880_length_1111_cov_37.999012	602	682	11	14	80	0.1750000
NODE_4880_length_1111_cov_37.999012	655	735	4	3	80	0.0375000
NODE_4880_length_1111_cov_37.999012	655	735	6	7	80	0.0875000
NODE_4880_length_1111_cov_37.999012	655	735	7	6	80	0.0750000
NODE_4880_length_1111_cov_37.999012	655	735	8	28	80	0.3500000
NODE_4880_length_1111_cov_37.999012	655	735	9	18	80	0.2250000
NODE_4880_length_1111_cov_37.999012	655	735	10	4	80	0.0500000
NODE_4880_length_1111_cov_37.999012	655	735	11	14	80	0.1750000
NODE_4881_length_1111_cov_24.394269	644	724	8	2	80	0.0250000
NODE_4881_length_1111_cov_24.394269	644	724	9	33	80	0.4125000
NODE_4881_length_1111_cov_24.394269	644	724	10	41	80	0.5125000
NODE_4881_length_1111_cov_24.394269	644	724	11	4	80	0.0500000
NODE_4881_length_1111_cov_24.394269	697	777	6	6	80	0.0750000
NODE_4881_length_1111_cov_24.394269	697	777	9	2	80	0.0250000
NODE_4881_length_1111_cov_24.394269	697	777	10	71	80	0.8875000
NODE_4881_length_1111_cov_24.394269	697	777	11	1	80	0.0125000
NODE_4882_length_1111_cov_23.676877	374	454	4	8	80	0.1000000
NODE_4882_length_1111_cov_23.676877	374	454	6	6	80	0.0750000
NODE_4882_length_1111_cov_23.676877	374	454	8	13	80	0.1625000
NODE_4882_length_1111_cov_23.676877	374	454	10	8	80	0.1000000
NODE_4882_length_1111_cov_23.676877	374	454	11	45	80	0.5625000
NODE_4882_length_1111_cov_23.676877	427	507	7	12	80	0.1500000
NODE_4882_length_1111_cov_23.676877	427	507	8	10	80	0.1250000
NODE_4882_length_1111_cov_23.676877	427	507	9	23	80	0.2875000
NODE_4882_length_1111_cov_23.676877	427	507	10	13	80	0.1625000
NODE_4882_length_1111_cov_23.676877	427	507	11	22	80	0.2750000
NODE_4883_length_1111_cov_17.522727	383	463	8	33	80	0.4125000
NODE_4883_length_1111_cov_17.522727	383	463	10	10	80	0.1250000
NODE_4883_length_1111_cov_17.522727	383	463	11	2	80	0.0250000
NODE_4883_length_1111_cov_17.522727	383	463	13	35	80	0.4375000
NODE_4883_length_1111_cov_17.522727	436	516	5	6	80	0.0750000
NODE_4883_length_1111_cov_17.522727	436	516	6	1	80	0.0125000
NODE_4883_length_1111_cov_17.522727	436	516	8	1	80	0.0125000
NODE_4883_length_1111_cov_17.522727	436	516	9	2	80	0.0250000
NODE_4883_length_1111_cov_17.522727	436	516	10	14	80	0.1750000
NODE_4883_length_1111_cov_17.522727	436	516	11	1	80	0.0125000
NODE_4883_length_1111_cov_17.522727	436	516	12	1	80	0.0125000
NODE_4883_length_1111_cov_17.522727	436	516	13	54	80	0.6750000
NODE_4884_length_1111_cov_16.495059	388	468	2	52	80	0.6500000
NODE_4884_length_1111_cov_16.495059	388	468	4	5	80	0.0625000
NODE_4884_length_1111_cov_16.495059	388	468	5	23	80	0.2875000
NODE_4884_length_1111_cov_16.495059	441	521	4	4	80	0.0500000
NODE_4884_length_1111_cov_16.495059	441	521	5	37	80	0.4625000
NODE_4884_length_1111_cov_16.495059	441	521	6	39	80	0.4875000
NODE_4885_length_1111_cov_15.366601	555	635	2	18	80	0.2250000
NODE_4885_length_1111_cov_15.366601	555	635	3	62	80	0.7750000
NODE_4885_length_1111_cov_15.366601	608	688	1	37	80	0.4625000
NODE_4885_length_1111_cov_15.366601	608	688	2	31	80	0.3875000
NODE_4885_length_1111_cov_15.366601	608	688	3	12	80	0.1500000
NODE_4886_length_1111_cov_15.314229	809	889	1	80	80	1.0000000
NODE_4886_length_1111_cov_15.314229	862	942	1	80	80	1.0000000
NODE_4887_length_1111_cov_9.732213	443	523	0	28	80	0.3500000
NODE_4887_length_1111_cov_9.732213	443	523	1	52	80	0.6500000
NODE_4887_length_1111_cov_9.732213	496	576	1	65	80	0.8125000
NODE_4887_length_1111_cov_9.732213	496	576	2	15	80	0.1875000
NODE_4888_length_1111_cov_4.907115	606	686	1	25	80	0.3125000
NODE_4888_length_1111_cov_4.907115	606	686	3	4	80	0.0500000
NODE_4888_length_1111_cov_4.907115	606	686	4	32	80	0.4000000
NODE_4888_length_1111_cov_4.907115	606	686	5	9	80	0.1125000
NODE_4888_length_1111_cov_4.907115	606	686	6	10	80	0.1250000
NODE_4888_length_1111_cov_4.907115	659	739	4	8	80	0.1000000
NODE_4888_length_1111_cov_4.907115	659	739	5	13	80	0.1625000
NODE_4888_length_1111_cov_4.907115	659	739	6	43	80	0.5375000
NODE_4888_length_1111_cov_4.907115	659	739	7	16	80	0.2000000
NODE_4892_length_1110_cov_23.012859	453	533	6	24	80	0.3000000
NODE_4892_length_1110_cov_23.012859	453	533	7	17	80	0.2125000
NODE_4892_length_1110_cov_23.012859	453	533	8	39	80	0.4875000
NODE_4892_length_1110_cov_23.012859	506	586	5	5	80	0.0625000
NODE_4892_length_1110_cov_23.012859	506	586	6	53	80	0.6625000
NODE_4892_length_1110_cov_23.012859	506	586	7	19	80	0.2375000
NODE_4892_length_1110_cov_23.012859	506	586	8	3	80	0.0375000
NODE_4892_length_1110_cov_23.012859	582	662	3	48	80	0.6000000
NODE_4892_length_1110_cov_23.012859	582	662	4	16	80	0.2000000
NODE_4892_length_1110_cov_23.012859	582	662	7	16	80	0.2000000
NODE_4892_length_1110_cov_23.012859	635	715	2	7	80	0.0875000
NODE_4892_length_1110_cov_23.012859	635	715	3	73	80	0.9125000
NODE_4895_length_1110_cov_5.305638	754	834	4	38	80	0.4750000
NODE_4895_length_1110_cov_5.305638	754	834	5	42	80	0.5250000
NODE_4895_length_1110_cov_5.305638	807	887	3	21	80	0.2625000
NODE_4895_length_1110_cov_5.305638	807	887	4	59	80	0.7375000
NODE_4896_length_1110_cov_3.698318	642	685	0	43	43	1.0000000
NODE_4899_length_1110_cov_1.871414	15	86	0	71	71	1.0000000
NODE_4903_length_1109_cov_35.307921	413	493	3	37	80	0.4625000
NODE_4903_length_1109_cov_35.307921	413	493	4	43	80	0.5375000
NODE_4903_length_1109_cov_35.307921	466	546	3	35	80	0.4375000
NODE_4903_length_1109_cov_35.307921	466	546	4	13	80	0.1625000
NODE_4903_length_1109_cov_35.307921	466	546	5	16	80	0.2000000
NODE_4903_length_1109_cov_35.307921	466	546	6	16	80	0.2000000
NODE_4903_length_1109_cov_35.307921	542	622	3	71	80	0.8875000
NODE_4903_length_1109_cov_35.307921	542	622	4	3	80	0.0375000
NODE_4903_length_1109_cov_35.307921	542	622	5	1	80	0.0125000
NODE_4903_length_1109_cov_35.307921	542	622	6	5	80	0.0625000
NODE_4903_length_1109_cov_35.307921	595	675	2	11	80	0.1375000
NODE_4903_length_1109_cov_35.307921	595	675	3	47	80	0.5875000
NODE_4903_length_1109_cov_35.307921	595	675	4	22	80	0.2750000
NODE_4904_length_1109_cov_27.880198	501	581	10	15	80	0.1875000
NODE_4904_length_1109_cov_27.880198	501	581	12	16	80	0.2000000
NODE_4904_length_1109_cov_27.880198	501	581	13	1	80	0.0125000
NODE_4904_length_1109_cov_27.880198	501	581	15	19	80	0.2375000
NODE_4904_length_1109_cov_27.880198	501	581	19	29	80	0.3625000
NODE_4904_length_1109_cov_27.880198	554	634	14	8	80	0.1000000
NODE_4904_length_1109_cov_27.880198	554	634	15	5	80	0.0625000
NODE_4904_length_1109_cov_27.880198	554	634	16	7	80	0.0875000
NODE_4904_length_1109_cov_27.880198	554	634	17	6	80	0.0750000
NODE_4904_length_1109_cov_27.880198	554	634	18	19	80	0.2375000
NODE_4904_length_1109_cov_27.880198	554	634	19	35	80	0.4375000
NODE_4904_length_1109_cov_27.880198	630	710	8	10	80	0.1250000
NODE_4904_length_1109_cov_27.880198	630	710	9	15	80	0.1875000
NODE_4904_length_1109_cov_27.880198	630	710	10	18	80	0.2250000
NODE_4904_length_1109_cov_27.880198	630	710	11	2	80	0.0250000
NODE_4904_length_1109_cov_27.880198	630	710	12	16	80	0.2000000
NODE_4904_length_1109_cov_27.880198	630	710	13	13	80	0.1625000
NODE_4904_length_1109_cov_27.880198	630	710	14	6	80	0.0750000
NODE_4904_length_1109_cov_27.880198	683	763	3	5	80	0.0625000
NODE_4904_length_1109_cov_27.880198	683	763	4	36	80	0.4500000
NODE_4904_length_1109_cov_27.880198	683	763	8	22	80	0.2750000
NODE_4904_length_1109_cov_27.880198	683	763	10	17	80	0.2125000
NODE_4905_length_1109_cov_21.858416	571	651	8	36	80	0.4500000
NODE_4905_length_1109_cov_21.858416	571	651	9	5	80	0.0625000
NODE_4905_length_1109_cov_21.858416	571	651	10	31	80	0.3875000
NODE_4905_length_1109_cov_21.858416	571	651	11	8	80	0.1000000
NODE_4905_length_1109_cov_21.858416	624	704	5	12	80	0.1500000
NODE_4905_length_1109_cov_21.858416	624	704	6	12	80	0.1500000
NODE_4905_length_1109_cov_21.858416	624	704	7	2	80	0.0250000
NODE_4905_length_1109_cov_21.858416	624	704	8	7	80	0.0875000
NODE_4905_length_1109_cov_21.858416	624	704	9	4	80	0.0500000
NODE_4905_length_1109_cov_21.858416	624	704	10	38	80	0.4750000
NODE_4905_length_1109_cov_21.858416	624	704	11	5	80	0.0625000
NODE_4912_length_1108_cov_59.921705	386	466	3	22	80	0.2750000
NODE_4912_length_1108_cov_59.921705	386	466	5	58	80	0.7250000
NODE_4912_length_1108_cov_59.921705	439	519	2	42	80	0.5250000
NODE_4912_length_1108_cov_59.921705	439	519	3	4	80	0.0500000
NODE_4912_length_1108_cov_59.921705	439	519	4	1	80	0.0125000
NODE_4912_length_1108_cov_59.921705	439	519	5	33	80	0.4125000
NODE_4912_length_1108_cov_59.921705	515	595	2	12	80	0.1500000
NODE_4912_length_1108_cov_59.921705	515	595	3	6	80	0.0750000
NODE_4912_length_1108_cov_59.921705	515	595	5	27	80	0.3375000
NODE_4912_length_1108_cov_59.921705	515	595	6	28	80	0.3500000
NODE_4912_length_1108_cov_59.921705	515	595	7	7	80	0.0875000
NODE_4912_length_1108_cov_59.921705	568	648	4	17	80	0.2125000
NODE_4912_length_1108_cov_59.921705	568	648	6	63	80	0.7875000
NODE_4914_length_1108_cov_16.069376	513	593	4	14	80	0.1750000
NODE_4914_length_1108_cov_16.069376	513	593	5	3	80	0.0375000
NODE_4914_length_1108_cov_16.069376	513	593	6	31	80	0.3875000
NODE_4914_length_1108_cov_16.069376	513	593	7	28	80	0.3500000
NODE_4914_length_1108_cov_16.069376	513	593	8	4	80	0.0500000
NODE_4914_length_1108_cov_16.069376	566	646	5	29	80	0.3625000
NODE_4914_length_1108_cov_16.069376	566	646	7	51	80	0.6375000
NODE_4916_length_1108_cov_11.656095	333	413	3	42	80	0.5250000
NODE_4916_length_1108_cov_11.656095	333	413	4	38	80	0.4750000
NODE_4916_length_1108_cov_11.656095	386	466	1	35	80	0.4375000
NODE_4916_length_1108_cov_11.656095	386	466	2	17	80	0.2125000
NODE_4916_length_1108_cov_11.656095	386	466	4	28	80	0.3500000
NODE_4917_length_1108_cov_10.266601	431	511	5	80	80	1.0000000
NODE_4917_length_1108_cov_10.266601	484	564	3	47	80	0.5875000
NODE_4917_length_1108_cov_10.266601	484	564	5	33	80	0.4125000
NODE_4918_length_1108_cov_8.895937	635	715	3	31	80	0.3875000
NODE_4918_length_1108_cov_8.895937	635	715	4	5	80	0.0625000
NODE_4918_length_1108_cov_8.895937	635	715	5	44	80	0.5500000
NODE_4918_length_1108_cov_8.895937	688	768	4	10	80	0.1250000
NODE_4918_length_1108_cov_8.895937	688	768	5	70	80	0.8750000
NODE_4920_length_1108_cov_5.682854	577	657	3	50	80	0.6250000
NODE_4920_length_1108_cov_5.682854	577	657	4	30	80	0.3750000
NODE_4920_length_1108_cov_5.682854	630	710	1	4	80	0.0500000
NODE_4920_length_1108_cov_5.682854	630	710	2	24	80	0.3000000
NODE_4920_length_1108_cov_5.682854	630	710	3	32	80	0.4000000
NODE_4920_length_1108_cov_5.682854	630	710	4	20	80	0.2500000
NODE_4927_length_1107_cov_35.050595	423	503	1	21	80	0.2625000
NODE_4927_length_1107_cov_35.050595	423	503	2	9	80	0.1125000
NODE_4927_length_1107_cov_35.050595	423	503	3	11	80	0.1375000
NODE_4927_length_1107_cov_35.050595	423	503	5	39	80	0.4875000
NODE_4927_length_1107_cov_35.050595	476	556	4	6	80	0.0750000
NODE_4927_length_1107_cov_35.050595	476	556	5	43	80	0.5375000
NODE_4927_length_1107_cov_35.050595	476	556	6	31	80	0.3875000
NODE_4927_length_1107_cov_35.050595	552	632	6	6	80	0.0750000
NODE_4927_length_1107_cov_35.050595	552	632	7	33	80	0.4125000
NODE_4927_length_1107_cov_35.050595	552	632	8	2	80	0.0250000
NODE_4927_length_1107_cov_35.050595	552	632	9	28	80	0.3500000
NODE_4927_length_1107_cov_35.050595	552	632	10	9	80	0.1125000
NODE_4927_length_1107_cov_35.050595	552	632	11	2	80	0.0250000
NODE_4927_length_1107_cov_35.050595	605	685	5	10	80	0.1250000
NODE_4927_length_1107_cov_35.050595	605	685	6	8	80	0.1000000
NODE_4927_length_1107_cov_35.050595	605	685	7	53	80	0.6625000
NODE_4927_length_1107_cov_35.050595	605	685	9	9	80	0.1125000
NODE_4928_length_1107_cov_31.386905	422	502	12	8	80	0.1000000
NODE_4928_length_1107_cov_31.386905	422	502	13	18	80	0.2250000
NODE_4928_length_1107_cov_31.386905	422	502	14	2	80	0.0250000
NODE_4928_length_1107_cov_31.386905	422	502	15	30	80	0.3750000
NODE_4928_length_1107_cov_31.386905	422	502	16	22	80	0.2750000
NODE_4928_length_1107_cov_31.386905	475	555	12	1	80	0.0125000
NODE_4928_length_1107_cov_31.386905	475	555	13	1	80	0.0125000
NODE_4928_length_1107_cov_31.386905	475	555	14	10	80	0.1250000
NODE_4928_length_1107_cov_31.386905	475	555	15	21	80	0.2625000
NODE_4928_length_1107_cov_31.386905	475	555	16	28	80	0.3500000
NODE_4928_length_1107_cov_31.386905	475	555	17	17	80	0.2125000
NODE_4928_length_1107_cov_31.386905	475	555	18	2	80	0.0250000
NODE_4929_length_1107_cov_29.178571	577	657	9	25	80	0.3125000
NODE_4929_length_1107_cov_29.178571	577	657	11	7	80	0.0875000
NODE_4929_length_1107_cov_29.178571	577	657	12	2	80	0.0250000
NODE_4929_length_1107_cov_29.178571	577	657	13	42	80	0.5250000
NODE_4929_length_1107_cov_29.178571	577	657	14	4	80	0.0500000
NODE_4929_length_1107_cov_29.178571	630	710	5	5	80	0.0625000
NODE_4929_length_1107_cov_29.178571	630	710	7	18	80	0.2250000
NODE_4929_length_1107_cov_29.178571	630	710	8	24	80	0.3000000
NODE_4929_length_1107_cov_29.178571	630	710	12	8	80	0.1000000
NODE_4929_length_1107_cov_29.178571	630	710	13	21	80	0.2625000
NODE_4929_length_1107_cov_29.178571	630	710	14	4	80	0.0500000
NODE_4929_length_1107_cov_29.178571	934	1000	0	66	66	1.0000000
NODE_4929_length_1107_cov_29.178571	934	1005	0	71	71	1.0000000
NODE_4930_length_1107_cov_16.038690	574	654	1	26	80	0.3250000
NODE_4930_length_1107_cov_16.038690	574	654	2	5	80	0.0625000
NODE_4930_length_1107_cov_16.038690	574	654	3	49	80	0.6125000
NODE_4930_length_1107_cov_16.038690	627	707	2	58	80	0.7250000
NODE_4930_length_1107_cov_16.038690	627	707	3	22	80	0.2750000
NODE_4931_length_1107_cov_15.472222	78	158	8	9	80	0.1125000
NODE_4931_length_1107_cov_15.472222	78	158	10	4	80	0.0500000
NODE_4931_length_1107_cov_15.472222	78	158	11	4	80	0.0500000
NODE_4931_length_1107_cov_15.472222	78	158	12	4	80	0.0500000
NODE_4931_length_1107_cov_15.472222	78	158	14	22	80	0.2750000
NODE_4931_length_1107_cov_15.472222	78	158	15	14	80	0.1750000
NODE_4931_length_1107_cov_15.472222	78	158	16	23	80	0.2875000
NODE_4931_length_1107_cov_15.472222	131	194	3	1	63	0.0158730
NODE_4931_length_1107_cov_15.472222	131	194	4	22	63	0.3492064
NODE_4931_length_1107_cov_15.472222	131	194	6	5	63	0.0793651
NODE_4931_length_1107_cov_15.472222	131	194	7	1	63	0.0158730
NODE_4931_length_1107_cov_15.472222	131	194	8	16	63	0.2539683
NODE_4931_length_1107_cov_15.472222	131	194	10	4	63	0.0634921
NODE_4931_length_1107_cov_15.472222	131	194	11	4	63	0.0634921
NODE_4931_length_1107_cov_15.472222	131	194	12	4	63	0.0634921
NODE_4931_length_1107_cov_15.472222	131	194	14	6	63	0.0952381
NODE_4931_length_1107_cov_15.472222	952	995	2	39	43	0.9069768
NODE_4931_length_1107_cov_15.472222	952	995	4	2	43	0.0465116
NODE_4931_length_1107_cov_15.472222	952	995	6	2	43	0.0465116
NODE_4931_length_1107_cov_15.472222	968	1052	2	84	84	1.0000000
NODE_4932_length_1107_cov_13.911706	502	582	8	15	80	0.1875000
NODE_4932_length_1107_cov_13.911706	502	582	10	29	80	0.3625000
NODE_4932_length_1107_cov_13.911706	502	582	11	16	80	0.2000000
NODE_4932_length_1107_cov_13.911706	502	582	12	20	80	0.2500000
NODE_4932_length_1107_cov_13.911706	555	635	2	15	80	0.1875000
NODE_4932_length_1107_cov_13.911706	555	635	4	3	80	0.0375000
NODE_4932_length_1107_cov_13.911706	555	635	6	3	80	0.0375000
NODE_4932_length_1107_cov_13.911706	555	635	7	8	80	0.1000000
NODE_4932_length_1107_cov_13.911706	555	635	9	4	80	0.0500000
NODE_4932_length_1107_cov_13.911706	555	635	10	18	80	0.2250000
NODE_4932_length_1107_cov_13.911706	555	635	11	14	80	0.1750000
NODE_4932_length_1107_cov_13.911706	555	635	12	15	80	0.1875000
NODE_4933_length_1107_cov_11.701389	520	600	0	80	80	1.0000000
NODE_4933_length_1107_cov_11.701389	573	653	0	80	80	1.0000000
NODE_4944_length_1106_cov_59.617676	452	532	4	41	80	0.5125000
NODE_4944_length_1106_cov_59.617676	452	532	6	39	80	0.4875000
NODE_4944_length_1106_cov_59.617676	505	585	4	48	80	0.6000000
NODE_4944_length_1106_cov_59.617676	505	585	5	25	80	0.3125000
NODE_4944_length_1106_cov_59.617676	505	585	6	7	80	0.0875000
NODE_4944_length_1106_cov_59.617676	581	661	4	21	80	0.2625000
NODE_4944_length_1106_cov_59.617676	581	661	5	5	80	0.0625000
NODE_4944_length_1106_cov_59.617676	581	661	6	26	80	0.3250000
NODE_4944_length_1106_cov_59.617676	581	661	7	28	80	0.3500000
NODE_4944_length_1106_cov_59.617676	634	714	7	59	80	0.7375000
NODE_4944_length_1106_cov_59.617676	634	714	8	11	80	0.1375000
NODE_4944_length_1106_cov_59.617676	634	714	9	10	80	0.1250000
NODE_4945_length_1106_cov_40.808342	439	504	0	32	65	0.4923077
NODE_4945_length_1106_cov_40.808342	439	504	2	2	65	0.0307692
NODE_4945_length_1106_cov_40.808342	439	504	4	3	65	0.0461538
NODE_4945_length_1106_cov_40.808342	439	504	5	28	65	0.4307692
NODE_4945_length_1106_cov_40.808342	471	511	0	39	40	0.9750000
NODE_4945_length_1106_cov_40.808342	471	511	2	1	40	0.0250000
NODE_4945_length_1106_cov_40.808342	503	569	0	52	66	0.7878788
NODE_4945_length_1106_cov_40.808342	503	569	1	3	66	0.0454545
NODE_4945_length_1106_cov_40.808342	503	569	2	7	66	0.1060606
NODE_4945_length_1106_cov_40.808342	503	569	4	4	66	0.0606061
NODE_4945_length_1106_cov_40.808342	536	601	0	19	65	0.2923077
NODE_4945_length_1106_cov_40.808342	536	601	1	3	65	0.0461538
NODE_4945_length_1106_cov_40.808342	536	601	2	7	65	0.1076923
NODE_4945_length_1106_cov_40.808342	536	601	4	9	65	0.1384615
NODE_4945_length_1106_cov_40.808342	536	601	5	16	65	0.2461538
NODE_4945_length_1106_cov_40.808342	536	601	6	11	65	0.1692308
NODE_4945_length_1106_cov_40.808342	568	648	4	6	80	0.0750000
NODE_4945_length_1106_cov_40.808342	568	648	5	16	80	0.2000000
NODE_4945_length_1106_cov_40.808342	568	648	6	58	80	0.7250000
NODE_4945_length_1106_cov_40.808342	621	682	5	8	61	0.1311475
NODE_4945_length_1106_cov_40.808342	621	682	6	53	61	0.8688524
NODE_4946_length_1106_cov_23.186693	560	640	3	40	80	0.5000000
NODE_4946_length_1106_cov_23.186693	560	640	4	33	80	0.4125000
NODE_4946_length_1106_cov_23.186693	560	640	5	7	80	0.0875000
NODE_4946_length_1106_cov_23.186693	613	693	4	28	80	0.3500000
NODE_4946_length_1106_cov_23.186693	613	693	5	52	80	0.6500000
NODE_4947_length_1106_cov_14.570010	466	546	2	80	80	1.0000000
NODE_4947_length_1106_cov_14.570010	519	599	0	17	80	0.2125000
NODE_4947_length_1106_cov_14.570010	519	599	2	63	80	0.7875000
NODE_4948_length_1106_cov_14.039722	487	567	5	11	80	0.1375000
NODE_4948_length_1106_cov_14.039722	487	567	7	12	80	0.1500000
NODE_4948_length_1106_cov_14.039722	487	567	8	45	80	0.5625000
NODE_4948_length_1106_cov_14.039722	487	567	9	12	80	0.1500000
NODE_4948_length_1106_cov_14.039722	540	620	5	38	80	0.4750000
NODE_4948_length_1106_cov_14.039722	540	620	7	6	80	0.0750000
NODE_4948_length_1106_cov_14.039722	540	620	8	24	80	0.3000000
NODE_4948_length_1106_cov_14.039722	540	620	9	12	80	0.1500000
NODE_4949_length_1106_cov_8.872890	328	408	0	80	80	1.0000000
NODE_4949_length_1106_cov_8.872890	381	461	0	80	80	1.0000000
NODE_4950_length_1106_cov_7.157895	332	412	1	43	80	0.5375000
NODE_4950_length_1106_cov_7.157895	332	412	3	31	80	0.3875000
NODE_4950_length_1106_cov_7.157895	332	412	4	6	80	0.0750000
NODE_4950_length_1106_cov_7.157895	385	465	3	27	80	0.3375000
NODE_4950_length_1106_cov_7.157895	385	465	4	53	80	0.6625000
NODE_4951_length_1106_cov_6.530288	513	593	4	27	80	0.3375000
NODE_4951_length_1106_cov_6.530288	513	593	5	53	80	0.6625000
NODE_4951_length_1106_cov_6.530288	566	646	1	11	80	0.1375000
NODE_4951_length_1106_cov_6.530288	566	646	2	18	80	0.2250000
NODE_4951_length_1106_cov_6.530288	566	646	3	18	80	0.2250000
NODE_4951_length_1106_cov_6.530288	566	646	4	33	80	0.4125000
NODE_4959_length_1105_cov_28.126243	253	333	6	1	80	0.0125000
NODE_4959_length_1105_cov_28.126243	253	333	7	8	80	0.1000000
NODE_4959_length_1105_cov_28.126243	253	333	8	14	80	0.1750000
NODE_4959_length_1105_cov_28.126243	253	333	9	10	80	0.1250000
NODE_4959_length_1105_cov_28.126243	253	333	10	9	80	0.1125000
NODE_4959_length_1105_cov_28.126243	253	333	11	38	80	0.4750000
NODE_4959_length_1105_cov_28.126243	306	386	7	32	80	0.4000000
NODE_4959_length_1105_cov_28.126243	306	386	8	3	80	0.0375000
NODE_4959_length_1105_cov_28.126243	306	386	9	11	80	0.1375000
NODE_4959_length_1105_cov_28.126243	306	386	11	34	80	0.4250000
NODE_4960_length_1105_cov_24.994036	549	629	6	28	80	0.3500000
NODE_4960_length_1105_cov_24.994036	549	629	10	37	80	0.4625000
NODE_4960_length_1105_cov_24.994036	549	629	11	15	80	0.1875000
NODE_4960_length_1105_cov_24.994036	602	682	6	14	80	0.1750000
NODE_4960_length_1105_cov_24.994036	602	682	7	1	80	0.0125000
NODE_4960_length_1105_cov_24.994036	602	682	9	4	80	0.0500000
NODE_4960_length_1105_cov_24.994036	602	682	10	30	80	0.3750000
NODE_4960_length_1105_cov_24.994036	602	682	11	31	80	0.3875000
NODE_4961_length_1105_cov_17.635189	442	522	3	6	80	0.0750000
NODE_4961_length_1105_cov_17.635189	442	522	4	27	80	0.3375000
NODE_4961_length_1105_cov_17.635189	442	522	5	28	80	0.3500000
NODE_4961_length_1105_cov_17.635189	442	522	6	3	80	0.0375000
NODE_4961_length_1105_cov_17.635189	442	522	7	16	80	0.2000000
NODE_4961_length_1105_cov_17.635189	495	575	5	8	80	0.1000000
NODE_4961_length_1105_cov_17.635189	495	575	6	34	80	0.4250000
NODE_4961_length_1105_cov_17.635189	495	575	7	38	80	0.4750000
NODE_4963_length_1105_cov_10.114314	438	518	1	24	80	0.3000000
NODE_4963_length_1105_cov_10.114314	438	518	2	56	80	0.7000000
NODE_4963_length_1105_cov_10.114314	491	571	1	38	80	0.4750000
NODE_4963_length_1105_cov_10.114314	491	571	2	42	80	0.5250000
NODE_4964_length_1105_cov_8.403579	507	587	1	77	80	0.9625000
NODE_4964_length_1105_cov_8.403579	507	587	2	3	80	0.0375000
NODE_4964_length_1105_cov_8.403579	560	640	1	80	80	1.0000000
NODE_4966_length_1105_cov_6.682903	467	547	0	80	80	1.0000000
NODE_4966_length_1105_cov_6.682903	520	600	0	80	80	1.0000000
NODE_4966_length_1105_cov_6.682903	596	676	0	26	80	0.3250000
NODE_4966_length_1105_cov_6.682903	596	676	1	54	80	0.6750000
NODE_4966_length_1105_cov_6.682903	649	729	1	77	80	0.9625000
NODE_4966_length_1105_cov_6.682903	649	729	3	3	80	0.0375000
NODE_4974_length_1104_cov_27.599005	388	468	8	14	80	0.1750000
NODE_4974_length_1104_cov_27.599005	388	468	10	10	80	0.1250000
NODE_4974_length_1104_cov_27.599005	388	468	11	13	80	0.1625000
NODE_4974_length_1104_cov_27.599005	388	468	12	43	80	0.5375000
NODE_4974_length_1104_cov_27.599005	441	521	5	24	80	0.3000000
NODE_4974_length_1104_cov_27.599005	441	521	7	3	80	0.0375000
NODE_4974_length_1104_cov_27.599005	441	521	8	6	80	0.0750000
NODE_4974_length_1104_cov_27.599005	441	521	10	27	80	0.3375000
NODE_4974_length_1104_cov_27.599005	441	521	12	20	80	0.2500000
NODE_4984_length_1103_cov_2.787849	620	682	0	62	62	1.0000000
NODE_4986_length_1102_cov_34.484546	667	747	5	4	80	0.0500000
NODE_4986_length_1102_cov_34.484546	667	747	7	12	80	0.1500000
NODE_4986_length_1102_cov_34.484546	667	747	8	7	80	0.0875000
NODE_4986_length_1102_cov_34.484546	667	747	9	5	80	0.0625000
NODE_4986_length_1102_cov_34.484546	667	747	10	1	80	0.0125000
NODE_4986_length_1102_cov_34.484546	667	747	11	2	80	0.0250000
NODE_4986_length_1102_cov_34.484546	667	747	13	3	80	0.0375000
NODE_4986_length_1102_cov_34.484546	667	747	14	27	80	0.3375000
NODE_4986_length_1102_cov_34.484546	667	747	15	5	80	0.0625000
NODE_4986_length_1102_cov_34.484546	667	747	16	14	80	0.1750000
NODE_4986_length_1102_cov_34.484546	720	800	14	23	80	0.2875000
NODE_4986_length_1102_cov_34.484546	720	800	15	34	80	0.4250000
NODE_4986_length_1102_cov_34.484546	720	800	16	23	80	0.2875000
NODE_4987_length_1102_cov_17.631107	511	587	3	10	76	0.1315790
NODE_4987_length_1102_cov_17.631107	511	587	4	66	76	0.8684211
NODE_4987_length_1102_cov_17.631107	560	640	0	14	80	0.1750000
NODE_4987_length_1102_cov_17.631107	560	640	1	3	80	0.0375000
NODE_4987_length_1102_cov_17.631107	560	640	2	12	80	0.1500000
NODE_4987_length_1102_cov_17.631107	560	640	3	34	80	0.4250000
NODE_4987_length_1102_cov_17.631107	560	640	4	17	80	0.2125000
NODE_4998_length_1101_cov_35.638723	414	491	2	45	77	0.5844156
NODE_4998_length_1101_cov_35.638723	414	491	4	32	77	0.4155844
NODE_4998_length_1101_cov_35.638723	414	491	2	45	77	0.5844156
NODE_4998_length_1101_cov_35.638723	414	491	4	32	77	0.4155844
NODE_4998_length_1101_cov_35.638723	488	544	2	8	56	0.1428571
NODE_4998_length_1101_cov_35.638723	488	544	3	31	56	0.5535714
NODE_4998_length_1101_cov_35.638723	488	544	4	17	56	0.3035714
NODE_4998_length_1101_cov_35.638723	752	832	0	80	80	1.0000000
NODE_4998_length_1101_cov_35.638723	805	885	0	80	80	1.0000000
NODE_4998_length_1101_cov_35.638723	881	961	0	80	80	1.0000000
NODE_4998_length_1101_cov_35.638723	934	1014	0	80	80	1.0000000
NODE_4999_length_1101_cov_28.366267	452	532	3	26	80	0.3250000
NODE_4999_length_1101_cov_28.366267	452	532	5	7	80	0.0875000
NODE_4999_length_1101_cov_28.366267	452	532	6	5	80	0.0625000
NODE_4999_length_1101_cov_28.366267	452	532	7	42	80	0.5250000
NODE_4999_length_1101_cov_28.366267	505	585	6	7	80	0.0875000
NODE_4999_length_1101_cov_28.366267	505	585	7	73	80	0.9125000
NODE_5000_length_1101_cov_24.513972	475	555	3	5	80	0.0625000
NODE_5000_length_1101_cov_24.513972	475	555	4	22	80	0.2750000
NODE_5000_length_1101_cov_24.513972	475	555	7	49	80	0.6125000
NODE_5000_length_1101_cov_24.513972	475	555	8	4	80	0.0500000
NODE_5000_length_1101_cov_24.513972	528	608	5	8	80	0.1000000
NODE_5000_length_1101_cov_24.513972	528	608	6	29	80	0.3625000
NODE_5000_length_1101_cov_24.513972	528	608	7	43	80	0.5375000
NODE_5001_length_1101_cov_22.315369	335	415	5	32	80	0.4000000
NODE_5001_length_1101_cov_22.315369	335	415	6	27	80	0.3375000
NODE_5001_length_1101_cov_22.315369	335	415	8	21	80	0.2625000
NODE_5001_length_1101_cov_22.315369	388	468	3	11	80	0.1375000
NODE_5001_length_1101_cov_22.315369	388	468	5	4	80	0.0500000
NODE_5001_length_1101_cov_22.315369	388	468	6	7	80	0.0875000
NODE_5001_length_1101_cov_22.315369	388	468	7	36	80	0.4500000
NODE_5001_length_1101_cov_22.315369	388	468	8	22	80	0.2750000
NODE_5001_length_1101_cov_22.315369	464	544	1	13	80	0.1625000
NODE_5001_length_1101_cov_22.315369	464	544	2	16	80	0.2000000
NODE_5001_length_1101_cov_22.315369	464	544	3	37	80	0.4625000
NODE_5001_length_1101_cov_22.315369	464	544	4	14	80	0.1750000
NODE_5001_length_1101_cov_22.315369	517	597	1	5	80	0.0625000
NODE_5001_length_1101_cov_22.315369	517	597	3	8	80	0.1000000
NODE_5001_length_1101_cov_22.315369	517	597	4	20	80	0.2500000
NODE_5001_length_1101_cov_22.315369	517	597	5	1	80	0.0125000
NODE_5001_length_1101_cov_22.315369	517	597	6	46	80	0.5750000
NODE_5002_length_1101_cov_22.070858	419	499	4	39	80	0.4875000
NODE_5002_length_1101_cov_22.070858	419	499	5	41	80	0.5125000
NODE_5002_length_1101_cov_22.070858	472	552	1	36	80	0.4500000
NODE_5002_length_1101_cov_22.070858	472	552	3	16	80	0.2000000
NODE_5002_length_1101_cov_22.070858	472	552	5	28	80	0.3500000
NODE_5002_length_1101_cov_22.070858	548	628	0	19	80	0.2375000
NODE_5002_length_1101_cov_22.070858	548	628	1	61	80	0.7625000
NODE_5002_length_1101_cov_22.070858	601	681	0	19	80	0.2375000
NODE_5002_length_1101_cov_22.070858	601	681	1	10	80	0.1250000
NODE_5002_length_1101_cov_22.070858	601	681	2	50	80	0.6250000
NODE_5002_length_1101_cov_22.070858	601	681	3	1	80	0.0125000
NODE_5003_length_1101_cov_18.821357	469	549	5	27	80	0.3375000
NODE_5003_length_1101_cov_18.821357	469	549	6	2	80	0.0250000
NODE_5003_length_1101_cov_18.821357	469	549	7	26	80	0.3250000
NODE_5003_length_1101_cov_18.821357	469	549	8	17	80	0.2125000
NODE_5003_length_1101_cov_18.821357	469	549	9	8	80	0.1000000
NODE_5003_length_1101_cov_18.821357	522	602	6	15	80	0.1875000
NODE_5003_length_1101_cov_18.821357	522	602	7	53	80	0.6625000
NODE_5003_length_1101_cov_18.821357	522	602	8	12	80	0.1500000
NODE_5004_length_1101_cov_17.151697	502	582	0	31	80	0.3875000
NODE_5004_length_1101_cov_17.151697	502	582	1	40	80	0.5000000
NODE_5004_length_1101_cov_17.151697	502	582	2	9	80	0.1125000
NODE_5004_length_1101_cov_17.151697	555	635	0	80	80	1.0000000
NODE_5005_length_1101_cov_8.371257	968	1048	5	1	80	0.0125000
NODE_5005_length_1101_cov_8.371257	968	1048	10	7	80	0.0875000
NODE_5005_length_1101_cov_8.371257	968	1048	12	71	80	0.8875000
NODE_5005_length_1101_cov_8.371257	968	1048	13	1	80	0.0125000
NODE_5010_length_1100_cov_42.528472	582	662	6	14	80	0.1750000
NODE_5010_length_1100_cov_42.528472	582	662	8	11	80	0.1375000
NODE_5010_length_1100_cov_42.528472	582	662	9	44	80	0.5500000
NODE_5010_length_1100_cov_42.528472	582	662	10	11	80	0.1375000
NODE_5010_length_1100_cov_42.528472	635	715	5	18	80	0.2250000
NODE_5010_length_1100_cov_42.528472	635	715	6	49	80	0.6125000
NODE_5010_length_1100_cov_42.528472	635	715	8	3	80	0.0375000
NODE_5010_length_1100_cov_42.528472	635	715	9	10	80	0.1250000
NODE_5010_length_1100_cov_42.528472	711	791	0	5	80	0.0625000
NODE_5010_length_1100_cov_42.528472	711	791	1	30	80	0.3750000
NODE_5010_length_1100_cov_42.528472	711	791	2	9	80	0.1125000
NODE_5010_length_1100_cov_42.528472	711	791	3	8	80	0.1000000
NODE_5010_length_1100_cov_42.528472	711	791	4	8	80	0.1000000
NODE_5010_length_1100_cov_42.528472	711	791	5	17	80	0.2125000
NODE_5010_length_1100_cov_42.528472	711	791	6	3	80	0.0375000
NODE_5010_length_1100_cov_42.528472	764	844	0	47	80	0.5875000
NODE_5010_length_1100_cov_42.528472	764	844	1	33	80	0.4125000
NODE_5011_length_1100_cov_40.883117	324	404	3	18	80	0.2250000
NODE_5011_length_1100_cov_40.883117	324	404	5	53	80	0.6625000
NODE_5011_length_1100_cov_40.883117	324	404	6	9	80	0.1125000
NODE_5011_length_1100_cov_40.883117	377	457	3	17	80	0.2125000
NODE_5011_length_1100_cov_40.883117	377	457	4	17	80	0.2125000
NODE_5011_length_1100_cov_40.883117	377	457	5	35	80	0.4375000
NODE_5011_length_1100_cov_40.883117	377	457	6	11	80	0.1375000
NODE_5011_length_1100_cov_40.883117	453	533	6	8	80	0.1000000
NODE_5011_length_1100_cov_40.883117	453	533	8	12	80	0.1500000
NODE_5011_length_1100_cov_40.883117	453	533	9	4	80	0.0500000
NODE_5011_length_1100_cov_40.883117	453	533	10	36	80	0.4500000
NODE_5011_length_1100_cov_40.883117	453	533	11	18	80	0.2250000
NODE_5011_length_1100_cov_40.883117	453	533	13	2	80	0.0250000
NODE_5011_length_1100_cov_40.883117	506	586	10	12	80	0.1500000
NODE_5011_length_1100_cov_40.883117	506	586	11	13	80	0.1625000
NODE_5011_length_1100_cov_40.883117	506	586	13	2	80	0.0250000
NODE_5011_length_1100_cov_40.883117	506	586	14	6	80	0.0750000
NODE_5011_length_1100_cov_40.883117	506	586	15	47	80	0.5875000
NODE_5012_length_1100_cov_23.160839	524	604	4	2	80	0.0250000
NODE_5012_length_1100_cov_23.160839	524	604	5	24	80	0.3000000
NODE_5012_length_1100_cov_23.160839	524	604	6	8	80	0.1000000
NODE_5012_length_1100_cov_23.160839	524	604	7	26	80	0.3250000
NODE_5012_length_1100_cov_23.160839	524	604	8	20	80	0.2500000
NODE_5012_length_1100_cov_23.160839	577	657	6	22	80	0.2750000
NODE_5012_length_1100_cov_23.160839	577	657	7	4	80	0.0500000
NODE_5012_length_1100_cov_23.160839	577	657	8	41	80	0.5125000
NODE_5012_length_1100_cov_23.160839	577	657	9	13	80	0.1625000
NODE_5012_length_1100_cov_23.160839	653	733	9	37	80	0.4625000
NODE_5012_length_1100_cov_23.160839	653	733	10	10	80	0.1250000
NODE_5012_length_1100_cov_23.160839	653	733	11	1	80	0.0125000
NODE_5012_length_1100_cov_23.160839	653	733	12	6	80	0.0750000
NODE_5012_length_1100_cov_23.160839	653	733	13	9	80	0.1125000
NODE_5012_length_1100_cov_23.160839	653	733	14	11	80	0.1375000
NODE_5012_length_1100_cov_23.160839	653	733	15	2	80	0.0250000
NODE_5012_length_1100_cov_23.160839	653	733	16	4	80	0.0500000
NODE_5012_length_1100_cov_23.160839	706	786	12	10	80	0.1250000
NODE_5012_length_1100_cov_23.160839	706	786	13	35	80	0.4375000
NODE_5012_length_1100_cov_23.160839	706	786	14	11	80	0.1375000
NODE_5012_length_1100_cov_23.160839	706	786	15	20	80	0.2500000
NODE_5012_length_1100_cov_23.160839	706	786	16	4	80	0.0500000
NODE_5013_length_1100_cov_22.200799	485	565	2	36	80	0.4500000
NODE_5013_length_1100_cov_22.200799	485	565	4	44	80	0.5500000
NODE_5013_length_1100_cov_22.200799	538	618	2	9	80	0.1125000
NODE_5013_length_1100_cov_22.200799	538	618	3	23	80	0.2875000
NODE_5013_length_1100_cov_22.200799	538	618	4	48	80	0.6000000
NODE_5013_length_1100_cov_22.200799	614	694	0	60	80	0.7500000
NODE_5013_length_1100_cov_22.200799	614	694	2	20	80	0.2500000
NODE_5013_length_1100_cov_22.200799	667	745	0	78	78	1.0000000
NODE_5014_length_1100_cov_15.353646	472	552	3	80	80	1.0000000
NODE_5014_length_1100_cov_15.353646	525	605	1	21	80	0.2625000
NODE_5014_length_1100_cov_15.353646	525	605	2	19	80	0.2375000
NODE_5014_length_1100_cov_15.353646	525	605	3	33	80	0.4125000
NODE_5014_length_1100_cov_15.353646	525	605	4	7	80	0.0875000
NODE_5015_length_1100_cov_14.584416	673	753	2	80	80	1.0000000
NODE_5015_length_1100_cov_14.584416	726	806	0	6	80	0.0750000
NODE_5015_length_1100_cov_14.584416	726	806	2	74	80	0.9250000
NODE_5029_length_1099_cov_85.893000	464	544	9	11	80	0.1375000
NODE_5029_length_1099_cov_85.893000	464	544	13	2	80	0.0250000
NODE_5029_length_1099_cov_85.893000	464	544	14	67	80	0.8375000
NODE_5029_length_1099_cov_85.893000	517	597	2	7	80	0.0875000
NODE_5029_length_1099_cov_85.893000	517	597	3	9	80	0.1125000
NODE_5029_length_1099_cov_85.893000	517	597	4	10	80	0.1250000
NODE_5029_length_1099_cov_85.893000	517	597	6	13	80	0.1625000
NODE_5029_length_1099_cov_85.893000	517	597	8	7	80	0.0875000
NODE_5029_length_1099_cov_85.893000	517	597	9	18	80	0.2250000
NODE_5029_length_1099_cov_85.893000	517	597	13	2	80	0.0250000
NODE_5029_length_1099_cov_85.893000	517	597	14	14	80	0.1750000
NODE_5029_length_1099_cov_85.893000	593	673	0	62	80	0.7750000
NODE_5029_length_1099_cov_85.893000	593	673	1	7	80	0.0875000
NODE_5029_length_1099_cov_85.893000	593	673	2	11	80	0.1375000
NODE_5029_length_1099_cov_85.893000	646	726	0	80	80	1.0000000
NODE_5030_length_1099_cov_45.874000	521	601	10	8	80	0.1000000
NODE_5030_length_1099_cov_45.874000	521	601	11	2	80	0.0250000
NODE_5030_length_1099_cov_45.874000	521	601	13	49	80	0.6125000
NODE_5030_length_1099_cov_45.874000	521	601	14	21	80	0.2625000
NODE_5030_length_1099_cov_45.874000	574	654	3	22	80	0.2750000
NODE_5030_length_1099_cov_45.874000	574	654	4	4	80	0.0500000
NODE_5030_length_1099_cov_45.874000	574	654	8	6	80	0.0750000
NODE_5030_length_1099_cov_45.874000	574	654	11	5	80	0.0625000
NODE_5030_length_1099_cov_45.874000	574	654	12	3	80	0.0375000
NODE_5030_length_1099_cov_45.874000	574	654	13	15	80	0.1875000
NODE_5030_length_1099_cov_45.874000	574	654	14	25	80	0.3125000
NODE_5030_length_1099_cov_45.874000	650	730	3	44	80	0.5500000
NODE_5030_length_1099_cov_45.874000	650	730	4	31	80	0.3875000
NODE_5030_length_1099_cov_45.874000	650	730	5	5	80	0.0625000
NODE_5030_length_1099_cov_45.874000	703	783	3	24	80	0.3000000
NODE_5030_length_1099_cov_45.874000	703	783	4	51	80	0.6375000
NODE_5030_length_1099_cov_45.874000	703	783	5	5	80	0.0625000
NODE_5031_length_1099_cov_25.192000	526	606	2	8	80	0.1000000
NODE_5031_length_1099_cov_25.192000	526	606	3	9	80	0.1125000
NODE_5031_length_1099_cov_25.192000	526	606	4	63	80	0.7875000
NODE_5031_length_1099_cov_25.192000	579	659	1	44	80	0.5500000
NODE_5031_length_1099_cov_25.192000	579	659	2	5	80	0.0625000
NODE_5031_length_1099_cov_25.192000	579	659	3	13	80	0.1625000
NODE_5031_length_1099_cov_25.192000	579	659	4	18	80	0.2250000
NODE_5032_length_1099_cov_11.846000	565	645	0	38	80	0.4750000
NODE_5032_length_1099_cov_11.846000	565	645	2	42	80	0.5250000
NODE_5032_length_1099_cov_11.846000	618	698	2	80	80	1.0000000
NODE_5033_length_1099_cov_9.527000	495	575	1	15	80	0.1875000
NODE_5033_length_1099_cov_9.527000	495	575	2	65	80	0.8125000
NODE_5033_length_1099_cov_9.527000	548	628	1	30	80	0.3750000
NODE_5033_length_1099_cov_9.527000	548	628	2	50	80	0.6250000
NODE_5034_length_1099_cov_8.993000	464	544	6	13	80	0.1625000
NODE_5034_length_1099_cov_8.993000	464	544	7	67	80	0.8375000
NODE_5034_length_1099_cov_8.993000	517	597	5	14	80	0.1750000
NODE_5034_length_1099_cov_8.993000	517	597	6	45	80	0.5625000
NODE_5034_length_1099_cov_8.993000	517	597	7	21	80	0.2625000
NODE_5039_length_1099_cov_2.286000	273	353	1	80	80	1.0000000
NODE_5045_length_1098_cov_44.988989	360	440	7	7	80	0.0875000
NODE_5045_length_1098_cov_44.988989	360	440	9	10	80	0.1250000
NODE_5045_length_1098_cov_44.988989	360	440	10	56	80	0.7000000
NODE_5045_length_1098_cov_44.988989	360	440	11	7	80	0.0875000
NODE_5045_length_1098_cov_44.988989	413	493	1	13	80	0.1625000
NODE_5045_length_1098_cov_44.988989	413	493	2	15	80	0.1875000
NODE_5045_length_1098_cov_44.988989	413	493	4	2	80	0.0250000
NODE_5045_length_1098_cov_44.988989	413	493	6	13	80	0.1625000
NODE_5045_length_1098_cov_44.988989	413	493	7	17	80	0.2125000
NODE_5045_length_1098_cov_44.988989	413	493	9	10	80	0.1250000
NODE_5045_length_1098_cov_44.988989	413	493	10	10	80	0.1250000
NODE_5046_length_1098_cov_35.192192	452	532	4	31	80	0.3875000
NODE_5046_length_1098_cov_35.192192	452	532	6	7	80	0.0875000
NODE_5046_length_1098_cov_35.192192	452	532	7	21	80	0.2625000
NODE_5046_length_1098_cov_35.192192	452	532	8	21	80	0.2625000
NODE_5046_length_1098_cov_35.192192	505	585	5	28	80	0.3500000
NODE_5046_length_1098_cov_35.192192	505	585	6	4	80	0.0500000
NODE_5046_length_1098_cov_35.192192	505	585	7	18	80	0.2250000
NODE_5046_length_1098_cov_35.192192	505	585	8	21	80	0.2625000
NODE_5046_length_1098_cov_35.192192	505	585	9	1	80	0.0125000
NODE_5046_length_1098_cov_35.192192	505	585	11	8	80	0.1000000
NODE_5046_length_1098_cov_35.192192	581	661	8	37	80	0.4625000
NODE_5046_length_1098_cov_35.192192	581	661	9	22	80	0.2750000
NODE_5046_length_1098_cov_35.192192	581	661	10	14	80	0.1750000
NODE_5046_length_1098_cov_35.192192	581	661	11	7	80	0.0875000
NODE_5046_length_1098_cov_35.192192	634	714	8	53	80	0.6625000
NODE_5046_length_1098_cov_35.192192	634	714	9	21	80	0.2625000
NODE_5046_length_1098_cov_35.192192	634	714	10	6	80	0.0750000
NODE_5047_length_1098_cov_28.743744	449	529	0	74	80	0.9250000
NODE_5047_length_1098_cov_28.743744	449	529	1	6	80	0.0750000
NODE_5047_length_1098_cov_28.743744	502	582	0	21	80	0.2625000
NODE_5047_length_1098_cov_28.743744	502	582	1	9	80	0.1125000
NODE_5047_length_1098_cov_28.743744	502	582	3	22	80	0.2750000
NODE_5047_length_1098_cov_28.743744	502	582	6	14	80	0.1750000
NODE_5047_length_1098_cov_28.743744	502	582	8	14	80	0.1750000
NODE_5047_length_1098_cov_28.743744	578	658	8	28	80	0.3500000
NODE_5047_length_1098_cov_28.743744	578	658	9	2	80	0.0250000
NODE_5047_length_1098_cov_28.743744	578	658	10	4	80	0.0500000
NODE_5047_length_1098_cov_28.743744	578	658	13	15	80	0.1875000
NODE_5047_length_1098_cov_28.743744	578	658	14	25	80	0.3125000
NODE_5047_length_1098_cov_28.743744	578	658	15	5	80	0.0625000
NODE_5047_length_1098_cov_28.743744	578	658	16	1	80	0.0125000
NODE_5047_length_1098_cov_28.743744	631	711	12	3	80	0.0375000
NODE_5047_length_1098_cov_28.743744	631	711	13	11	80	0.1375000
NODE_5047_length_1098_cov_28.743744	631	711	14	49	80	0.6125000
NODE_5047_length_1098_cov_28.743744	631	711	15	5	80	0.0625000
NODE_5047_length_1098_cov_28.743744	631	711	16	12	80	0.1500000
NODE_5048_length_1098_cov_28.230230	477	557	8	40	80	0.5000000
NODE_5048_length_1098_cov_28.230230	477	557	9	31	80	0.3875000
NODE_5048_length_1098_cov_28.230230	477	557	10	9	80	0.1125000
NODE_5048_length_1098_cov_28.230230	530	610	5	17	80	0.2125000
NODE_5048_length_1098_cov_28.230230	530	610	6	4	80	0.0500000
NODE_5048_length_1098_cov_28.230230	530	610	7	14	80	0.1750000
NODE_5048_length_1098_cov_28.230230	530	610	8	22	80	0.2750000
NODE_5048_length_1098_cov_28.230230	530	610	9	23	80	0.2875000
NODE_5048_length_1098_cov_28.230230	606	686	1	69	80	0.8625000
NODE_5048_length_1098_cov_28.230230	606	686	2	1	80	0.0125000
NODE_5048_length_1098_cov_28.230230	606	686	3	2	80	0.0250000
NODE_5048_length_1098_cov_28.230230	606	686	5	8	80	0.1000000
NODE_5048_length_1098_cov_28.230230	659	739	0	52	80	0.6500000
NODE_5048_length_1098_cov_28.230230	659	739	1	28	80	0.3500000
NODE_5049_length_1098_cov_26.131131	494	574	3	30	80	0.3750000
NODE_5049_length_1098_cov_26.131131	494	574	4	41	80	0.5125000
NODE_5049_length_1098_cov_26.131131	494	574	5	9	80	0.1125000
NODE_5049_length_1098_cov_26.131131	547	627	4	18	80	0.2250000
NODE_5049_length_1098_cov_26.131131	547	627	5	43	80	0.5375000
NODE_5049_length_1098_cov_26.131131	547	627	6	19	80	0.2375000
NODE_5050_length_1098_cov_21.355355	599	679	5	12	80	0.1500000
NODE_5050_length_1098_cov_21.355355	599	679	7	34	80	0.4250000
NODE_5050_length_1098_cov_21.355355	599	679	8	27	80	0.3375000
NODE_5050_length_1098_cov_21.355355	599	679	9	7	80	0.0875000
NODE_5050_length_1098_cov_21.355355	652	732	2	15	80	0.1875000
NODE_5050_length_1098_cov_21.355355	652	732	4	17	80	0.2125000
NODE_5050_length_1098_cov_21.355355	652	732	5	33	80	0.4125000
NODE_5050_length_1098_cov_21.355355	652	732	7	4	80	0.0500000
NODE_5050_length_1098_cov_21.355355	652	732	8	11	80	0.1375000
NODE_5051_length_1098_cov_17.087087	541	621	2	11	80	0.1375000
NODE_5051_length_1098_cov_17.087087	541	621	3	36	80	0.4500000
NODE_5051_length_1098_cov_17.087087	541	621	4	33	80	0.4125000
NODE_5051_length_1098_cov_17.087087	594	674	3	12	80	0.1500000
NODE_5051_length_1098_cov_17.087087	594	674	4	51	80	0.6375000
NODE_5051_length_1098_cov_17.087087	594	674	5	17	80	0.2125000
NODE_5051_length_1098_cov_17.087087	670	750	3	36	80	0.4500000
NODE_5051_length_1098_cov_17.087087	670	750	4	12	80	0.1500000
NODE_5051_length_1098_cov_17.087087	670	750	5	29	80	0.3625000
NODE_5051_length_1098_cov_17.087087	670	750	6	3	80	0.0375000
NODE_5051_length_1098_cov_17.087087	723	803	2	5	80	0.0625000
NODE_5051_length_1098_cov_17.087087	723	803	3	65	80	0.8125000
NODE_5051_length_1098_cov_17.087087	723	803	4	10	80	0.1250000
NODE_5052_length_1098_cov_15.455455	545	625	4	30	80	0.3750000
NODE_5052_length_1098_cov_15.455455	545	625	5	47	80	0.5875000
NODE_5052_length_1098_cov_15.455455	545	625	6	3	80	0.0375000
NODE_5052_length_1098_cov_15.455455	598	678	2	17	80	0.2125000
NODE_5052_length_1098_cov_15.455455	598	678	4	40	80	0.5000000
NODE_5052_length_1098_cov_15.455455	598	678	5	23	80	0.2875000
NODE_5052_length_1098_cov_15.455455	674	754	1	18	80	0.2250000
NODE_5052_length_1098_cov_15.455455	674	754	2	62	80	0.7750000
NODE_5052_length_1098_cov_15.455455	727	807	1	16	80	0.2000000
NODE_5052_length_1098_cov_15.455455	727	807	2	64	80	0.8000000
NODE_5054_length_1097_cov_37.103206	438	518	4	4	80	0.0500000
NODE_5054_length_1097_cov_37.103206	438	518	5	15	80	0.1875000
NODE_5054_length_1097_cov_37.103206	438	518	7	13	80	0.1625000
NODE_5054_length_1097_cov_37.103206	438	518	8	48	80	0.6000000
NODE_5054_length_1097_cov_37.103206	491	571	6	18	80	0.2250000
NODE_5054_length_1097_cov_37.103206	491	571	7	20	80	0.2500000
NODE_5054_length_1097_cov_37.103206	491	571	8	42	80	0.5250000
NODE_5054_length_1097_cov_37.103206	567	647	5	57	80	0.7125000
NODE_5054_length_1097_cov_37.103206	567	647	6	18	80	0.2250000
NODE_5054_length_1097_cov_37.103206	567	647	7	5	80	0.0625000
NODE_5054_length_1097_cov_37.103206	620	700	5	80	80	1.0000000
NODE_5055_length_1097_cov_32.624248	501	581	8	11	80	0.1375000
NODE_5055_length_1097_cov_32.624248	501	581	10	3	80	0.0375000
NODE_5055_length_1097_cov_32.624248	501	581	13	5	80	0.0625000
NODE_5055_length_1097_cov_32.624248	501	581	14	7	80	0.0875000
NODE_5055_length_1097_cov_32.624248	501	581	15	15	80	0.1875000
NODE_5055_length_1097_cov_32.624248	501	581	16	31	80	0.3875000
NODE_5055_length_1097_cov_32.624248	501	581	17	8	80	0.1000000
NODE_5055_length_1097_cov_32.624248	554	634	12	9	80	0.1125000
NODE_5055_length_1097_cov_32.624248	554	634	13	21	80	0.2625000
NODE_5055_length_1097_cov_32.624248	554	634	14	11	80	0.1375000
NODE_5055_length_1097_cov_32.624248	554	634	15	13	80	0.1625000
NODE_5055_length_1097_cov_32.624248	554	634	16	26	80	0.3250000
NODE_5056_length_1097_cov_25.240481	401	480	5	3	79	0.0379747
NODE_5056_length_1097_cov_25.240481	401	480	8	40	79	0.5063291
NODE_5056_length_1097_cov_25.240481	401	480	9	26	79	0.3291139
NODE_5056_length_1097_cov_25.240481	401	480	10	10	79	0.1265823
NODE_5056_length_1097_cov_25.240481	453	533	9	34	80	0.4250000
NODE_5056_length_1097_cov_25.240481	453	533	10	45	80	0.5625000
NODE_5056_length_1097_cov_25.240481	453	533	11	1	80	0.0125000
NODE_5056_length_1097_cov_25.240481	529	609	3	13	80	0.1625000
NODE_5056_length_1097_cov_25.240481	529	609	4	22	80	0.2750000
NODE_5056_length_1097_cov_25.240481	529	609	5	1	80	0.0125000
NODE_5056_length_1097_cov_25.240481	529	609	6	11	80	0.1375000
NODE_5056_length_1097_cov_25.240481	529	609	7	8	80	0.1000000
NODE_5056_length_1097_cov_25.240481	529	609	9	9	80	0.1125000
NODE_5056_length_1097_cov_25.240481	529	609	10	16	80	0.2000000
NODE_5056_length_1097_cov_25.240481	582	662	0	2	80	0.0250000
NODE_5056_length_1097_cov_25.240481	582	662	1	14	80	0.1750000
NODE_5056_length_1097_cov_25.240481	582	662	2	33	80	0.4125000
NODE_5056_length_1097_cov_25.240481	582	662	3	17	80	0.2125000
NODE_5056_length_1097_cov_25.240481	582	662	4	14	80	0.1750000
NODE_5057_length_1097_cov_21.221443	484	564	2	4	80	0.0500000
NODE_5057_length_1097_cov_21.221443	484	564	3	2	80	0.0250000
NODE_5057_length_1097_cov_21.221443	484	564	4	9	80	0.1125000
NODE_5057_length_1097_cov_21.221443	484	564	5	4	80	0.0500000
NODE_5057_length_1097_cov_21.221443	484	564	6	13	80	0.1625000
NODE_5057_length_1097_cov_21.221443	484	564	7	48	80	0.6000000
NODE_5057_length_1097_cov_21.221443	537	617	2	12	80	0.1500000
NODE_5057_length_1097_cov_21.221443	537	617	3	6	80	0.0750000
NODE_5057_length_1097_cov_21.221443	537	617	4	50	80	0.6250000
NODE_5057_length_1097_cov_21.221443	537	617	5	4	80	0.0500000
NODE_5057_length_1097_cov_21.221443	537	617	6	7	80	0.0875000
NODE_5057_length_1097_cov_21.221443	537	617	7	1	80	0.0125000
NODE_5057_length_1097_cov_21.221443	613	693	2	36	80	0.4500000
NODE_5057_length_1097_cov_21.221443	613	693	3	11	80	0.1375000
NODE_5057_length_1097_cov_21.221443	613	693	4	33	80	0.4125000
NODE_5057_length_1097_cov_21.221443	666	746	2	10	80	0.1250000
NODE_5057_length_1097_cov_21.221443	666	746	3	2	80	0.0250000
NODE_5057_length_1097_cov_21.221443	666	746	4	38	80	0.4750000
NODE_5057_length_1097_cov_21.221443	666	746	5	23	80	0.2875000
NODE_5057_length_1097_cov_21.221443	666	746	6	7	80	0.0875000
NODE_5058_length_1097_cov_20.968938	515	595	6	8	80	0.1000000
NODE_5058_length_1097_cov_20.968938	515	595	8	43	80	0.5375000
NODE_5058_length_1097_cov_20.968938	515	595	9	27	80	0.3375000
NODE_5058_length_1097_cov_20.968938	515	595	10	2	80	0.0250000
NODE_5058_length_1097_cov_20.968938	568	648	5	8	80	0.1000000
NODE_5058_length_1097_cov_20.968938	568	648	6	9	80	0.1125000
NODE_5058_length_1097_cov_20.968938	568	648	7	32	80	0.4000000
NODE_5058_length_1097_cov_20.968938	568	648	8	31	80	0.3875000
NODE_5059_length_1097_cov_13.136273	697	779	6	21	82	0.2560976
NODE_5059_length_1097_cov_13.136273	697	779	7	37	82	0.4512195
NODE_5059_length_1097_cov_13.136273	697	779	8	20	82	0.2439024
NODE_5059_length_1097_cov_13.136273	697	779	9	4	82	0.0487805
NODE_5059_length_1097_cov_13.136273	752	832	5	1	80	0.0125000
NODE_5059_length_1097_cov_13.136273	752	832	6	48	80	0.6000000
NODE_5059_length_1097_cov_13.136273	752	832	7	7	80	0.0875000
NODE_5059_length_1097_cov_13.136273	752	832	8	20	80	0.2500000
NODE_5059_length_1097_cov_13.136273	752	832	9	4	80	0.0500000
NODE_5060_length_1097_cov_6.376754	442	522	1	57	80	0.7125000
NODE_5060_length_1097_cov_6.376754	442	522	2	23	80	0.2875000
NODE_5060_length_1097_cov_6.376754	495	575	1	79	80	0.9875000
NODE_5060_length_1097_cov_6.376754	495	575	2	1	80	0.0125000
NODE_5061_length_1097_cov_6.068136	299	379	0	58	80	0.7250000
NODE_5061_length_1097_cov_6.068136	299	379	1	8	80	0.1000000
NODE_5061_length_1097_cov_6.068136	299	379	2	14	80	0.1750000
NODE_5061_length_1097_cov_6.068136	352	432	0	5	80	0.0625000
NODE_5061_length_1097_cov_6.068136	352	432	1	8	80	0.1000000
NODE_5061_length_1097_cov_6.068136	352	432	2	46	80	0.5750000
NODE_5061_length_1097_cov_6.068136	352	432	3	21	80	0.2625000
NODE_5072_length_1096_cov_55.816449	430	510	10	11	80	0.1375000
NODE_5072_length_1096_cov_55.816449	430	510	11	13	80	0.1625000
NODE_5072_length_1096_cov_55.816449	430	510	12	43	80	0.5375000
NODE_5072_length_1096_cov_55.816449	430	510	13	13	80	0.1625000
NODE_5072_length_1096_cov_55.816449	483	563	9	5	80	0.0625000
NODE_5072_length_1096_cov_55.816449	483	563	10	22	80	0.2750000
NODE_5072_length_1096_cov_55.816449	483	563	11	17	80	0.2125000
NODE_5072_length_1096_cov_55.816449	483	563	12	24	80	0.3000000
NODE_5072_length_1096_cov_55.816449	483	563	13	12	80	0.1500000
NODE_5072_length_1096_cov_55.816449	559	639	6	7	80	0.0875000
NODE_5072_length_1096_cov_55.816449	559	639	7	11	80	0.1375000
NODE_5072_length_1096_cov_55.816449	559	639	8	43	80	0.5375000
NODE_5072_length_1096_cov_55.816449	559	639	9	16	80	0.2000000
NODE_5072_length_1096_cov_55.816449	559	639	11	3	80	0.0375000
NODE_5072_length_1096_cov_55.816449	612	692	4	13	80	0.1625000
NODE_5072_length_1096_cov_55.816449	612	692	5	12	80	0.1500000
NODE_5072_length_1096_cov_55.816449	612	692	6	21	80	0.2625000
NODE_5072_length_1096_cov_55.816449	612	692	8	34	80	0.4250000
NODE_5073_length_1096_cov_24.672016	431	511	0	19	80	0.2375000
NODE_5073_length_1096_cov_24.672016	431	511	1	61	80	0.7625000
NODE_5073_length_1096_cov_24.672016	484	564	1	80	80	1.0000000
NODE_5073_length_1096_cov_24.672016	560	640	1	35	80	0.4375000
NODE_5073_length_1096_cov_24.672016	560	640	2	18	80	0.2250000
NODE_5073_length_1096_cov_24.672016	560	640	3	27	80	0.3375000
NODE_5073_length_1096_cov_24.672016	613	693	2	71	80	0.8875000
NODE_5073_length_1096_cov_24.672016	613	693	3	9	80	0.1125000
NODE_5074_length_1096_cov_22.980943	372	452	2	20	80	0.2500000
NODE_5074_length_1096_cov_22.980943	372	452	3	8	80	0.1000000
NODE_5074_length_1096_cov_22.980943	372	452	5	33	80	0.4125000
NODE_5074_length_1096_cov_22.980943	372	452	6	19	80	0.2375000
NODE_5074_length_1096_cov_22.980943	425	505	5	8	80	0.1000000
NODE_5074_length_1096_cov_22.980943	425	505	6	28	80	0.3500000
NODE_5074_length_1096_cov_22.980943	425	505	7	44	80	0.5500000
NODE_5075_length_1096_cov_16.649950	486	566	0	18	80	0.2250000
NODE_5075_length_1096_cov_16.649950	486	566	1	10	80	0.1250000
NODE_5075_length_1096_cov_16.649950	486	566	2	52	80	0.6500000
NODE_5075_length_1096_cov_16.649950	539	619	0	71	80	0.8875000
NODE_5075_length_1096_cov_16.649950	539	619	1	9	80	0.1125000
NODE_5076_length_1096_cov_16.433300	443	523	0	27	80	0.3375000
NODE_5076_length_1096_cov_16.433300	443	523	1	53	80	0.6625000
NODE_5076_length_1096_cov_16.433300	496	576	1	80	80	1.0000000
NODE_5076_length_1096_cov_16.433300	886	966	0	80	80	1.0000000
NODE_5076_length_1096_cov_16.433300	939	1018	0	79	79	1.0000000
NODE_5077_length_1096_cov_13.398195	670	750	2	16	80	0.2000000
NODE_5077_length_1096_cov_13.398195	670	750	3	19	80	0.2375000
NODE_5077_length_1096_cov_13.398195	670	750	4	45	80	0.5625000
NODE_5077_length_1096_cov_13.398195	723	803	1	37	80	0.4625000
NODE_5077_length_1096_cov_13.398195	723	803	2	32	80	0.4000000
NODE_5077_length_1096_cov_13.398195	723	803	3	11	80	0.1375000
NODE_5080_length_1095_cov_25.390562	520	600	1	48	80	0.6000000
NODE_5080_length_1095_cov_25.390562	520	600	2	32	80	0.4000000
NODE_5080_length_1095_cov_25.390562	573	653	1	32	80	0.4000000
NODE_5080_length_1095_cov_25.390562	573	653	2	48	80	0.6000000
NODE_5080_length_1095_cov_25.390562	649	729	1	52	80	0.6500000
NODE_5080_length_1095_cov_25.390562	649	729	2	11	80	0.1375000
NODE_5080_length_1095_cov_25.390562	649	729	3	17	80	0.2125000
NODE_5080_length_1095_cov_25.390562	702	782	2	64	80	0.8000000
NODE_5080_length_1095_cov_25.390562	702	782	3	16	80	0.2000000
NODE_5081_length_1095_cov_13.832329	549	629	1	21	80	0.2625000
NODE_5081_length_1095_cov_13.832329	549	629	2	50	80	0.6250000
NODE_5081_length_1095_cov_13.832329	549	629	3	9	80	0.1125000
NODE_5081_length_1095_cov_13.832329	602	682	2	18	80	0.2250000
NODE_5081_length_1095_cov_13.832329	602	682	3	57	80	0.7125000
NODE_5081_length_1095_cov_13.832329	602	682	4	5	80	0.0625000
NODE_5082_length_1095_cov_13.017068	497	577	2	4	80	0.0500000
NODE_5082_length_1095_cov_13.017068	497	577	4	58	80	0.7250000
NODE_5082_length_1095_cov_13.017068	497	577	5	18	80	0.2250000
NODE_5082_length_1095_cov_13.017068	550	630	3	3	80	0.0375000
NODE_5082_length_1095_cov_13.017068	550	630	4	31	80	0.3875000
NODE_5082_length_1095_cov_13.017068	550	630	5	46	80	0.5750000
NODE_5083_length_1095_cov_7.640562	627	707	1	1	80	0.0125000
NODE_5083_length_1095_cov_7.640562	627	707	2	79	80	0.9875000
NODE_5083_length_1095_cov_7.640562	680	760	2	80	80	1.0000000
NODE_5085_length_1095_cov_4.664659	307	387	0	43	80	0.5375000
NODE_5085_length_1095_cov_4.664659	307	387	1	9	80	0.1125000
NODE_5085_length_1095_cov_4.664659	307	387	2	28	80	0.3500000
NODE_5089_length_1094_cov_35.850251	409	489	4	5	80	0.0625000
NODE_5089_length_1094_cov_35.850251	409	489	5	30	80	0.3750000
NODE_5089_length_1094_cov_35.850251	409	489	6	10	80	0.1250000
NODE_5089_length_1094_cov_35.850251	409	489	8	35	80	0.4375000
NODE_5089_length_1094_cov_35.850251	462	542	6	20	80	0.2500000
NODE_5089_length_1094_cov_35.850251	462	542	7	10	80	0.1250000
NODE_5089_length_1094_cov_35.850251	462	542	8	29	80	0.3625000
NODE_5089_length_1094_cov_35.850251	462	542	9	11	80	0.1375000
NODE_5089_length_1094_cov_35.850251	462	542	10	10	80	0.1250000
NODE_5089_length_1094_cov_35.850251	538	618	5	16	80	0.2000000
NODE_5089_length_1094_cov_35.850251	538	618	7	15	80	0.1875000
NODE_5089_length_1094_cov_35.850251	538	618	8	32	80	0.4000000
NODE_5089_length_1094_cov_35.850251	538	618	9	17	80	0.2125000
NODE_5089_length_1094_cov_35.850251	591	671	3	12	80	0.1500000
NODE_5089_length_1094_cov_35.850251	591	671	5	57	80	0.7125000
NODE_5089_length_1094_cov_35.850251	591	671	7	8	80	0.1000000
NODE_5089_length_1094_cov_35.850251	591	671	8	3	80	0.0375000
NODE_5090_length_1094_cov_27.197990	462	542	1	22	80	0.2750000
NODE_5090_length_1094_cov_27.197990	462	542	3	8	80	0.1000000
NODE_5090_length_1094_cov_27.197990	462	542	4	24	80	0.3000000
NODE_5090_length_1094_cov_27.197990	462	542	5	23	80	0.2875000
NODE_5090_length_1094_cov_27.197990	462	542	8	3	80	0.0375000
NODE_5090_length_1094_cov_27.197990	515	595	4	6	80	0.0750000
NODE_5090_length_1094_cov_27.197990	515	595	5	18	80	0.2250000
NODE_5090_length_1094_cov_27.197990	515	595	7	7	80	0.0875000
NODE_5090_length_1094_cov_27.197990	515	595	8	19	80	0.2375000
NODE_5090_length_1094_cov_27.197990	515	595	9	29	80	0.3625000
NODE_5090_length_1094_cov_27.197990	515	595	10	1	80	0.0125000
NODE_5091_length_1094_cov_19.282412	451	531	2	3	80	0.0375000
NODE_5091_length_1094_cov_19.282412	451	531	3	6	80	0.0750000
NODE_5091_length_1094_cov_19.282412	451	531	4	71	80	0.8875000
NODE_5091_length_1094_cov_19.282412	504	584	3	47	80	0.5875000
NODE_5091_length_1094_cov_19.282412	504	584	4	33	80	0.4125000
NODE_5092_length_1094_cov_16.084422	558	614	1	56	56	1.0000000
NODE_5092_length_1094_cov_16.084422	587	667	1	80	80	1.0000000
NODE_5093_length_1094_cov_11.335678	384	464	0	80	80	1.0000000
NODE_5093_length_1094_cov_11.335678	437	517	0	77	80	0.9625000
NODE_5093_length_1094_cov_11.335678	437	517	2	3	80	0.0375000
NODE_5094_length_1094_cov_10.767839	396	476	2	41	80	0.5125000
NODE_5094_length_1094_cov_10.767839	396	476	3	39	80	0.4875000
NODE_5094_length_1094_cov_10.767839	449	529	2	60	80	0.7500000
NODE_5094_length_1094_cov_10.767839	449	529	3	20	80	0.2500000
NODE_5095_length_1094_cov_9.527638	579	659	1	43	80	0.5375000
NODE_5095_length_1094_cov_9.527638	579	659	2	8	80	0.1000000
NODE_5095_length_1094_cov_9.527638	579	659	3	2	80	0.0250000
NODE_5095_length_1094_cov_9.527638	579	659	6	10	80	0.1250000
NODE_5095_length_1094_cov_9.527638	579	659	7	17	80	0.2125000
NODE_5095_length_1094_cov_9.527638	632	712	6	10	80	0.1250000
NODE_5095_length_1094_cov_9.527638	632	712	7	37	80	0.4625000
NODE_5095_length_1094_cov_9.527638	632	712	8	18	80	0.2250000
NODE_5095_length_1094_cov_9.527638	632	712	9	15	80	0.1875000
NODE_5096_length_1094_cov_9.166834	527	607	0	63	80	0.7875000
NODE_5096_length_1094_cov_9.166834	527	607	1	17	80	0.2125000
NODE_5096_length_1094_cov_9.166834	580	660	0	80	80	1.0000000
NODE_5097_length_1094_cov_5.632161	708	768	0	60	60	1.0000000
NODE_5097_length_1094_cov_5.632161	761	821	0	60	60	1.0000000
NODE_5108_length_1093_cov_28.531187	374	454	4	40	80	0.5000000
NODE_5108_length_1093_cov_28.531187	374	454	5	40	80	0.5000000
NODE_5108_length_1093_cov_28.531187	427	507	3	24	80	0.3000000
NODE_5108_length_1093_cov_28.531187	427	507	4	24	80	0.3000000
NODE_5108_length_1093_cov_28.531187	427	507	5	32	80	0.4000000
NODE_5109_length_1093_cov_22.744467	516	596	2	30	80	0.3750000
NODE_5109_length_1093_cov_22.744467	516	596	3	50	80	0.6250000
NODE_5109_length_1093_cov_22.744467	569	649	2	34	80	0.4250000
NODE_5109_length_1093_cov_22.744467	569	649	3	46	80	0.5750000
NODE_5109_length_1093_cov_22.744467	645	725	1	37	80	0.4625000
NODE_5109_length_1093_cov_22.744467	645	725	2	24	80	0.3000000
NODE_5109_length_1093_cov_22.744467	645	725	3	19	80	0.2375000
NODE_5109_length_1093_cov_22.744467	698	778	0	7	80	0.0875000
NODE_5109_length_1093_cov_22.744467	698	778	1	73	80	0.9125000
NODE_5110_length_1093_cov_11.637827	282	362	2	21	80	0.2625000
NODE_5110_length_1093_cov_11.637827	282	362	4	3	80	0.0375000
NODE_5110_length_1093_cov_11.637827	282	362	5	20	80	0.2500000
NODE_5110_length_1093_cov_11.637827	282	362	6	36	80	0.4500000
NODE_5110_length_1093_cov_11.637827	335	415	2	16	80	0.2000000
NODE_5110_length_1093_cov_11.637827	335	415	4	17	80	0.2125000
NODE_5110_length_1093_cov_11.637827	335	415	5	40	80	0.5000000
NODE_5110_length_1093_cov_11.637827	335	415	6	7	80	0.0875000
NODE_5111_length_1093_cov_9.047284	660	740	3	29	80	0.3625000
NODE_5111_length_1093_cov_9.047284	660	740	4	13	80	0.1625000
NODE_5111_length_1093_cov_9.047284	660	740	5	27	80	0.3375000
NODE_5111_length_1093_cov_9.047284	660	740	6	11	80	0.1375000
NODE_5111_length_1093_cov_9.047284	713	793	3	30	80	0.3750000
NODE_5111_length_1093_cov_9.047284	713	793	5	26	80	0.3250000
NODE_5111_length_1093_cov_9.047284	713	793	6	24	80	0.3000000
NODE_5112_length_1093_cov_6.857143	658	738	2	32	80	0.4000000
NODE_5112_length_1093_cov_6.857143	658	738	3	48	80	0.6000000
NODE_5112_length_1093_cov_6.857143	711	791	1	1	80	0.0125000
NODE_5112_length_1093_cov_6.857143	711	791	3	79	80	0.9875000
NODE_5113_length_1093_cov_5.311871	587	667	2	80	80	1.0000000
NODE_5113_length_1093_cov_5.311871	640	720	0	8	80	0.1000000
NODE_5113_length_1093_cov_5.311871	640	720	2	72	80	0.9000000
NODE_5118_length_1092_cov_105.542800	682	768	19	3	86	0.0348837
NODE_5118_length_1092_cov_105.542800	682	768	20	1	86	0.0116279
NODE_5118_length_1092_cov_105.542800	682	768	23	9	86	0.1046512
NODE_5118_length_1092_cov_105.542800	682	768	24	3	86	0.0348837
NODE_5118_length_1092_cov_105.542800	682	768	25	11	86	0.1279070
NODE_5118_length_1092_cov_105.542800	682	768	27	5	86	0.0581395
NODE_5118_length_1092_cov_105.542800	682	768	28	3	86	0.0348837
NODE_5118_length_1092_cov_105.542800	682	768	29	21	86	0.2441860
NODE_5118_length_1092_cov_105.542800	682	768	30	3	86	0.0348837
NODE_5118_length_1092_cov_105.542800	682	768	31	25	86	0.2906977
NODE_5118_length_1092_cov_105.542800	682	768	32	1	86	0.0116279
NODE_5118_length_1092_cov_105.542800	682	768	33	1	86	0.0116279
NODE_5118_length_1092_cov_105.542800	745	807	22	6	62	0.0967742
NODE_5118_length_1092_cov_105.542800	745	807	24	4	62	0.0645161
NODE_5118_length_1092_cov_105.542800	745	807	25	11	62	0.1774193
NODE_5118_length_1092_cov_105.542800	745	807	26	3	62	0.0483871
NODE_5118_length_1092_cov_105.542800	745	807	27	11	62	0.1774193
NODE_5118_length_1092_cov_105.542800	745	807	28	11	62	0.1774193
NODE_5118_length_1092_cov_105.542800	745	807	29	7	62	0.1129032
NODE_5118_length_1092_cov_105.542800	745	807	31	7	62	0.1129032
NODE_5118_length_1092_cov_105.542800	745	807	32	1	62	0.0161290
NODE_5118_length_1092_cov_105.542800	745	807	33	1	62	0.0161290
NODE_5119_length_1092_cov_30.957704	610	690	0	56	80	0.7000000
NODE_5119_length_1092_cov_30.957704	610	690	2	24	80	0.3000000
NODE_5119_length_1092_cov_30.957704	663	743	0	3	80	0.0375000
NODE_5119_length_1092_cov_30.957704	663	743	2	77	80	0.9625000
NODE_5121_length_1092_cov_16.737160	725	805	3	80	80	1.0000000
NODE_5121_length_1092_cov_16.737160	778	858	0	14	80	0.1750000
NODE_5121_length_1092_cov_16.737160	778	858	1	25	80	0.3125000
NODE_5121_length_1092_cov_16.737160	778	858	3	41	80	0.5125000
NODE_5123_length_1092_cov_11.193353	335	415	0	24	80	0.3000000
NODE_5123_length_1092_cov_11.193353	335	415	2	24	80	0.3000000
NODE_5123_length_1092_cov_11.193353	335	415	3	32	80	0.4000000
NODE_5123_length_1092_cov_11.193353	388	468	3	78	80	0.9750000
NODE_5123_length_1092_cov_11.193353	388	468	4	2	80	0.0250000
NODE_5124_length_1092_cov_9.348439	489	569	2	15	80	0.1875000
NODE_5124_length_1092_cov_9.348439	489	569	3	50	80	0.6250000
NODE_5124_length_1092_cov_9.348439	489	569	4	15	80	0.1875000
NODE_5124_length_1092_cov_9.348439	542	622	2	10	80	0.1250000
NODE_5124_length_1092_cov_9.348439	542	622	3	70	80	0.8750000
NODE_5125_length_1092_cov_7.533736	243	323	0	20	80	0.2500000
NODE_5125_length_1092_cov_7.533736	243	323	1	14	80	0.1750000
NODE_5125_length_1092_cov_7.533736	243	323	2	46	80	0.5750000
NODE_5125_length_1092_cov_7.533736	296	376	2	80	80	1.0000000
NODE_5126_length_1092_cov_6.968781	470	550	2	3	80	0.0375000
NODE_5126_length_1092_cov_6.968781	470	550	3	77	80	0.9625000
NODE_5126_length_1092_cov_6.968781	523	603	1	10	80	0.1250000
NODE_5126_length_1092_cov_6.968781	523	603	2	46	80	0.5750000
NODE_5126_length_1092_cov_6.968781	523	603	3	24	80	0.3000000
NODE_5134_length_1091_cov_54.234879	417	497	7	33	80	0.4125000
NODE_5134_length_1091_cov_54.234879	417	497	8	30	80	0.3750000
NODE_5134_length_1091_cov_54.234879	417	497	9	17	80	0.2125000
NODE_5134_length_1091_cov_54.234879	470	550	5	20	80	0.2500000
NODE_5134_length_1091_cov_54.234879	470	550	6	5	80	0.0625000
NODE_5134_length_1091_cov_54.234879	470	550	7	23	80	0.2875000
NODE_5134_length_1091_cov_54.234879	470	550	8	30	80	0.3750000
NODE_5134_length_1091_cov_54.234879	470	550	9	2	80	0.0250000
NODE_5134_length_1091_cov_54.234879	546	626	5	10	80	0.1250000
NODE_5134_length_1091_cov_54.234879	546	626	6	27	80	0.3375000
NODE_5134_length_1091_cov_54.234879	546	626	7	6	80	0.0750000
NODE_5134_length_1091_cov_54.234879	546	626	8	4	80	0.0500000
NODE_5134_length_1091_cov_54.234879	546	626	9	10	80	0.1250000
NODE_5134_length_1091_cov_54.234879	546	626	11	23	80	0.2875000
NODE_5134_length_1091_cov_54.234879	599	679	8	15	80	0.1875000
NODE_5134_length_1091_cov_54.234879	599	679	9	36	80	0.4500000
NODE_5134_length_1091_cov_54.234879	599	679	10	1	80	0.0125000
NODE_5134_length_1091_cov_54.234879	599	679	11	28	80	0.3500000
NODE_5135_length_1091_cov_35.045363	384	464	9	28	80	0.3500000
NODE_5135_length_1091_cov_35.045363	384	464	10	2	80	0.0250000
NODE_5135_length_1091_cov_35.045363	384	464	11	50	80	0.6250000
NODE_5135_length_1091_cov_35.045363	437	517	7	13	80	0.1625000
NODE_5135_length_1091_cov_35.045363	437	517	9	35	80	0.4375000
NODE_5135_length_1091_cov_35.045363	437	517	10	22	80	0.2750000
NODE_5135_length_1091_cov_35.045363	437	517	11	10	80	0.1250000
NODE_5135_length_1091_cov_35.045363	513	593	5	6	80	0.0750000
NODE_5135_length_1091_cov_35.045363	513	593	6	8	80	0.1000000
NODE_5135_length_1091_cov_35.045363	513	593	7	28	80	0.3500000
NODE_5135_length_1091_cov_35.045363	513	593	8	3	80	0.0375000
NODE_5135_length_1091_cov_35.045363	513	593	10	2	80	0.0250000
NODE_5135_length_1091_cov_35.045363	513	593	11	22	80	0.2750000
NODE_5135_length_1091_cov_35.045363	513	593	13	11	80	0.1375000
NODE_5135_length_1091_cov_35.045363	566	646	11	29	80	0.3625000
NODE_5135_length_1091_cov_35.045363	566	646	12	2	80	0.0250000
NODE_5135_length_1091_cov_35.045363	566	646	13	19	80	0.2375000
NODE_5135_length_1091_cov_35.045363	566	646	14	30	80	0.3750000
NODE_5136_length_1091_cov_28.490927	329	409	4	8	80	0.1000000
NODE_5136_length_1091_cov_28.490927	329	409	5	30	80	0.3750000
NODE_5136_length_1091_cov_28.490927	329	409	6	42	80	0.5250000
NODE_5136_length_1091_cov_28.490927	382	462	2	19	80	0.2375000
NODE_5136_length_1091_cov_28.490927	382	462	4	6	80	0.0750000
NODE_5136_length_1091_cov_28.490927	382	462	5	55	80	0.6875000
NODE_5136_length_1091_cov_28.490927	618	698	6	4	80	0.0500000
NODE_5136_length_1091_cov_28.490927	618	698	7	6	80	0.0750000
NODE_5136_length_1091_cov_28.490927	618	698	8	10	80	0.1250000
NODE_5136_length_1091_cov_28.490927	618	698	9	24	80	0.3000000
NODE_5136_length_1091_cov_28.490927	618	698	10	20	80	0.2500000
NODE_5136_length_1091_cov_28.490927	618	698	11	16	80	0.2000000
NODE_5136_length_1091_cov_28.490927	671	751	5	1	80	0.0125000
NODE_5136_length_1091_cov_28.490927	671	751	6	29	80	0.3625000
NODE_5136_length_1091_cov_28.490927	671	751	7	8	80	0.1000000
NODE_5136_length_1091_cov_28.490927	671	751	9	14	80	0.1750000
NODE_5136_length_1091_cov_28.490927	671	751	11	28	80	0.3500000
NODE_5137_length_1091_cov_23.733871	514	594	0	20	80	0.2500000
NODE_5137_length_1091_cov_23.733871	514	594	1	60	80	0.7500000
NODE_5137_length_1091_cov_23.733871	567	647	0	73	80	0.9125000
NODE_5137_length_1091_cov_23.733871	567	647	1	7	80	0.0875000
NODE_5138_length_1091_cov_13.065524	444	524	1	15	80	0.1875000
NODE_5138_length_1091_cov_13.065524	444	524	2	12	80	0.1500000
NODE_5138_length_1091_cov_13.065524	444	524	3	53	80	0.6625000
NODE_5138_length_1091_cov_13.065524	497	577	0	53	80	0.6625000
NODE_5138_length_1091_cov_13.065524	497	577	1	15	80	0.1875000
NODE_5138_length_1091_cov_13.065524	497	577	2	12	80	0.1500000
NODE_5139_length_1091_cov_10.961694	582	646	2	64	64	1.0000000
NODE_5140_length_1091_cov_8.166331	299	379	3	12	80	0.1500000
NODE_5140_length_1091_cov_8.166331	299	379	4	13	80	0.1625000
NODE_5140_length_1091_cov_8.166331	299	379	5	21	80	0.2625000
NODE_5140_length_1091_cov_8.166331	299	379	6	34	80	0.4250000
NODE_5140_length_1091_cov_8.166331	352	432	2	12	80	0.1500000
NODE_5140_length_1091_cov_8.166331	352	432	3	53	80	0.6625000
NODE_5140_length_1091_cov_8.166331	352	432	4	6	80	0.0750000
NODE_5140_length_1091_cov_8.166331	352	432	5	9	80	0.1125000
NODE_5141_length_1091_cov_7.006048	617	697	4	35	80	0.4375000
NODE_5141_length_1091_cov_7.006048	617	697	6	26	80	0.3250000
NODE_5141_length_1091_cov_7.006048	617	697	7	2	80	0.0250000
NODE_5141_length_1091_cov_7.006048	617	697	8	17	80	0.2125000
NODE_5141_length_1091_cov_7.006048	670	750	5	20	80	0.2500000
NODE_5141_length_1091_cov_7.006048	670	750	6	8	80	0.1000000
NODE_5141_length_1091_cov_7.006048	670	750	7	35	80	0.4375000
NODE_5141_length_1091_cov_7.006048	670	750	8	17	80	0.2125000
NODE_5151_length_1090_cov_73.781029	352	432	9	21	80	0.2625000
NODE_5151_length_1090_cov_73.781029	352	432	10	13	80	0.1625000
NODE_5151_length_1090_cov_73.781029	352	432	11	33	80	0.4125000
NODE_5151_length_1090_cov_73.781029	352	432	12	13	80	0.1625000
NODE_5151_length_1090_cov_73.781029	405	485	5	12	80	0.1500000
NODE_5151_length_1090_cov_73.781029	405	485	6	25	80	0.3125000
NODE_5151_length_1090_cov_73.781029	405	485	7	6	80	0.0750000
NODE_5151_length_1090_cov_73.781029	405	485	9	2	80	0.0250000
NODE_5151_length_1090_cov_73.781029	405	485	10	7	80	0.0875000
NODE_5151_length_1090_cov_73.781029	405	485	11	28	80	0.3500000
NODE_5151_length_1090_cov_73.781029	481	567	5	1	86	0.0116279
NODE_5151_length_1090_cov_73.781029	481	567	6	2	86	0.0232558
NODE_5151_length_1090_cov_73.781029	481	567	7	2	86	0.0232558
NODE_5151_length_1090_cov_73.781029	481	567	8	1	86	0.0116279
NODE_5151_length_1090_cov_73.781029	481	567	9	8	86	0.0930233
NODE_5151_length_1090_cov_73.781029	481	567	10	10	86	0.1162791
NODE_5151_length_1090_cov_73.781029	481	567	11	3	86	0.0348837
NODE_5151_length_1090_cov_73.781029	481	567	12	29	86	0.3372093
NODE_5151_length_1090_cov_73.781029	481	567	13	14	86	0.1627907
NODE_5151_length_1090_cov_73.781029	481	567	15	9	86	0.1046512
NODE_5151_length_1090_cov_73.781029	481	567	16	7	86	0.0813954
NODE_5151_length_1090_cov_73.781029	540	620	12	3	80	0.0375000
NODE_5151_length_1090_cov_73.781029	540	620	13	8	80	0.1000000
NODE_5151_length_1090_cov_73.781029	540	620	15	32	80	0.4000000
NODE_5151_length_1090_cov_73.781029	540	620	16	37	80	0.4625000
NODE_5152_length_1090_cov_42.394551	530	610	11	14	80	0.1750000
NODE_5152_length_1090_cov_42.394551	530	610	13	32	80	0.4000000
NODE_5152_length_1090_cov_42.394551	530	610	14	6	80	0.0750000
NODE_5152_length_1090_cov_42.394551	530	610	15	28	80	0.3500000
NODE_5152_length_1090_cov_42.394551	583	663	4	23	80	0.2875000
NODE_5152_length_1090_cov_42.394551	583	663	6	9	80	0.1125000
NODE_5152_length_1090_cov_42.394551	583	663	8	10	80	0.1250000
NODE_5152_length_1090_cov_42.394551	583	663	9	1	80	0.0125000
NODE_5152_length_1090_cov_42.394551	583	663	11	4	80	0.0500000
NODE_5152_length_1090_cov_42.394551	583	663	12	6	80	0.0750000
NODE_5152_length_1090_cov_42.394551	583	663	13	15	80	0.1875000
NODE_5152_length_1090_cov_42.394551	583	663	14	2	80	0.0250000
NODE_5152_length_1090_cov_42.394551	583	663	15	10	80	0.1250000
NODE_5153_length_1090_cov_37.643794	436	516	5	18	80	0.2250000
NODE_5153_length_1090_cov_37.643794	436	516	6	26	80	0.3250000
NODE_5153_length_1090_cov_37.643794	436	516	7	1	80	0.0125000
NODE_5153_length_1090_cov_37.643794	436	516	8	12	80	0.1500000
NODE_5153_length_1090_cov_37.643794	436	516	9	23	80	0.2875000
NODE_5153_length_1090_cov_37.643794	489	569	8	8	80	0.1000000
NODE_5153_length_1090_cov_37.643794	489	569	9	33	80	0.4125000
NODE_5153_length_1090_cov_37.643794	489	569	10	22	80	0.2750000
NODE_5153_length_1090_cov_37.643794	489	569	11	10	80	0.1250000
NODE_5153_length_1090_cov_37.643794	489	569	12	3	80	0.0375000
NODE_5153_length_1090_cov_37.643794	489	569	13	4	80	0.0500000
NODE_5153_length_1090_cov_37.643794	565	645	9	10	80	0.1250000
NODE_5153_length_1090_cov_37.643794	565	645	10	5	80	0.0625000
NODE_5153_length_1090_cov_37.643794	565	645	11	28	80	0.3500000
NODE_5153_length_1090_cov_37.643794	565	645	12	34	80	0.4250000
NODE_5153_length_1090_cov_37.643794	565	645	13	3	80	0.0375000
NODE_5153_length_1090_cov_37.643794	618	698	6	11	80	0.1375000
NODE_5153_length_1090_cov_37.643794	618	698	7	8	80	0.1000000
NODE_5153_length_1090_cov_37.643794	618	698	8	27	80	0.3375000
NODE_5153_length_1090_cov_37.643794	618	698	9	17	80	0.2125000
NODE_5153_length_1090_cov_37.643794	618	698	10	5	80	0.0625000
NODE_5153_length_1090_cov_37.643794	618	698	11	8	80	0.1000000
NODE_5153_length_1090_cov_37.643794	618	698	12	4	80	0.0500000
NODE_5154_length_1090_cov_32.876892	487	567	6	12	80	0.1500000
NODE_5154_length_1090_cov_32.876892	487	567	8	1	80	0.0125000
NODE_5154_length_1090_cov_32.876892	487	567	11	4	80	0.0500000
NODE_5154_length_1090_cov_32.876892	487	567	13	31	80	0.3875000
NODE_5154_length_1090_cov_32.876892	487	567	14	1	80	0.0125000
NODE_5154_length_1090_cov_32.876892	487	567	15	31	80	0.3875000
NODE_5154_length_1090_cov_32.876892	540	620	9	7	80	0.0875000
NODE_5154_length_1090_cov_32.876892	540	620	10	22	80	0.2750000
NODE_5154_length_1090_cov_32.876892	540	620	11	20	80	0.2500000
NODE_5154_length_1090_cov_32.876892	540	620	13	22	80	0.2750000
NODE_5154_length_1090_cov_32.876892	540	620	15	9	80	0.1125000
NODE_5155_length_1090_cov_25.373360	486	566	0	2	80	0.0250000
NODE_5155_length_1090_cov_25.373360	486	566	2	18	80	0.2250000
NODE_5155_length_1090_cov_25.373360	486	566	3	4	80	0.0500000
NODE_5155_length_1090_cov_25.373360	486	566	4	3	80	0.0375000
NODE_5155_length_1090_cov_25.373360	486	566	5	28	80	0.3500000
NODE_5155_length_1090_cov_25.373360	486	566	6	25	80	0.3125000
NODE_5155_length_1090_cov_25.373360	539	619	5	2	80	0.0250000
NODE_5155_length_1090_cov_25.373360	539	619	6	78	80	0.9750000
NODE_5156_length_1090_cov_21.290616	422	502	5	1	80	0.0125000
NODE_5156_length_1090_cov_21.290616	422	502	7	26	80	0.3250000
NODE_5156_length_1090_cov_21.290616	422	502	9	41	80	0.5125000
NODE_5156_length_1090_cov_21.290616	422	502	10	12	80	0.1500000
NODE_5156_length_1090_cov_21.290616	475	555	5	19	80	0.2375000
NODE_5156_length_1090_cov_21.290616	475	555	6	5	80	0.0625000
NODE_5156_length_1090_cov_21.290616	475	555	8	19	80	0.2375000
NODE_5156_length_1090_cov_21.290616	475	555	9	15	80	0.1875000
NODE_5156_length_1090_cov_21.290616	475	555	10	22	80	0.2750000
NODE_5156_length_1090_cov_21.290616	551	631	1	72	80	0.9000000
NODE_5156_length_1090_cov_21.290616	551	631	3	1	80	0.0125000
NODE_5156_length_1090_cov_21.290616	551	631	5	7	80	0.0875000
NODE_5156_length_1090_cov_21.290616	604	684	0	44	80	0.5500000
NODE_5156_length_1090_cov_21.290616	604	684	1	36	80	0.4500000
NODE_5157_length_1090_cov_16.040363	666	746	5	9	80	0.1125000
NODE_5157_length_1090_cov_16.040363	666	746	6	34	80	0.4250000
NODE_5157_length_1090_cov_16.040363	666	746	8	37	80	0.4625000
NODE_5157_length_1090_cov_16.040363	719	799	1	23	80	0.2875000
NODE_5157_length_1090_cov_16.040363	719	799	3	10	80	0.1250000
NODE_5157_length_1090_cov_16.040363	719	799	5	11	80	0.1375000
NODE_5157_length_1090_cov_16.040363	719	799	6	22	80	0.2750000
NODE_5157_length_1090_cov_16.040363	719	799	8	14	80	0.1750000
NODE_5158_length_1090_cov_14.826438	393	473	1	7	80	0.0875000
NODE_5158_length_1090_cov_14.826438	393	473	2	57	80	0.7125000
NODE_5158_length_1090_cov_14.826438	393	473	3	4	80	0.0500000
NODE_5158_length_1090_cov_14.826438	393	473	4	12	80	0.1500000
NODE_5158_length_1090_cov_14.826438	446	526	2	15	80	0.1875000
NODE_5158_length_1090_cov_14.826438	446	526	4	61	80	0.7625000
NODE_5158_length_1090_cov_14.826438	446	526	5	4	80	0.0500000
NODE_5159_length_1090_cov_13.721493	498	578	5	4	80	0.0500000
NODE_5159_length_1090_cov_13.721493	498	578	6	65	80	0.8125000
NODE_5159_length_1090_cov_13.721493	498	578	7	11	80	0.1375000
NODE_5159_length_1090_cov_13.721493	551	631	5	34	80	0.4250000
NODE_5159_length_1090_cov_13.721493	551	631	6	16	80	0.2000000
NODE_5159_length_1090_cov_13.721493	551	631	7	30	80	0.3750000
NODE_5160_length_1090_cov_12.365288	386	467	2	60	81	0.7407407
NODE_5160_length_1090_cov_12.365288	386	467	3	21	81	0.2592593
NODE_5160_length_1090_cov_12.365288	440	520	2	39	80	0.4875000
NODE_5160_length_1090_cov_12.365288	440	520	3	41	80	0.5125000
NODE_5160_length_1090_cov_12.365288	516	596	1	53	80	0.6625000
NODE_5160_length_1090_cov_12.365288	516	596	2	27	80	0.3375000
NODE_5160_length_1090_cov_12.365288	569	649	0	31	80	0.3875000
NODE_5160_length_1090_cov_12.365288	569	649	1	49	80	0.6125000
NODE_5161_length_1090_cov_5.348133	0	80	0	5	80	0.0625000
NODE_5161_length_1090_cov_5.348133	0	80	2	1	80	0.0125000
NODE_5161_length_1090_cov_5.348133	0	80	4	1	80	0.0125000
NODE_5161_length_1090_cov_5.348133	0	80	6	5	80	0.0625000
NODE_5161_length_1090_cov_5.348133	0	80	7	5	80	0.0625000
NODE_5161_length_1090_cov_5.348133	0	80	9	17	80	0.2125000
NODE_5161_length_1090_cov_5.348133	0	80	10	35	80	0.4375000
NODE_5161_length_1090_cov_5.348133	0	80	12	11	80	0.1375000
NODE_5161_length_1090_cov_5.348133	53	99	10	16	46	0.3478261
NODE_5161_length_1090_cov_5.348133	53	99	12	18	46	0.3913043
NODE_5161_length_1090_cov_5.348133	53	99	16	12	46	0.2608696
NODE_5163_length_1090_cov_3.598385	300	340	9	3	40	0.0750000
NODE_5163_length_1090_cov_3.598385	300	340	10	6	40	0.1500000
NODE_5163_length_1090_cov_3.598385	300	340	11	30	40	0.7500000
NODE_5163_length_1090_cov_3.598385	300	340	12	1	40	0.0250000
NODE_5170_length_1089_cov_55.374747	515	594	8	5	79	0.0632911
NODE_5170_length_1089_cov_55.374747	515	594	9	2	79	0.0253165
NODE_5170_length_1089_cov_55.374747	515	594	10	50	79	0.6329114
NODE_5170_length_1089_cov_55.374747	515	594	11	22	79	0.2784810
NODE_5170_length_1089_cov_55.374747	567	647	7	8	80	0.1000000
NODE_5170_length_1089_cov_55.374747	567	647	8	10	80	0.1250000
NODE_5170_length_1089_cov_55.374747	567	647	9	1	80	0.0125000
NODE_5170_length_1089_cov_55.374747	567	647	10	27	80	0.3375000
NODE_5170_length_1089_cov_55.374747	567	647	11	34	80	0.4250000
NODE_5170_length_1089_cov_55.374747	643	723	3	17	80	0.2125000
NODE_5170_length_1089_cov_55.374747	643	723	4	30	80	0.3750000
NODE_5170_length_1089_cov_55.374747	643	723	5	15	80	0.1875000
NODE_5170_length_1089_cov_55.374747	643	723	6	14	80	0.1750000
NODE_5170_length_1089_cov_55.374747	643	723	7	4	80	0.0500000
NODE_5170_length_1089_cov_55.374747	696	776	4	10	80	0.1250000
NODE_5170_length_1089_cov_55.374747	696	776	5	30	80	0.3750000
NODE_5170_length_1089_cov_55.374747	696	776	6	40	80	0.5000000
NODE_5171_length_1089_cov_38.506061	458	538	14	6	80	0.0750000
NODE_5171_length_1089_cov_38.506061	458	538	15	24	80	0.3000000
NODE_5171_length_1089_cov_38.506061	458	538	16	9	80	0.1125000
NODE_5171_length_1089_cov_38.506061	458	538	17	8	80	0.1000000
NODE_5171_length_1089_cov_38.506061	458	538	18	8	80	0.1000000
NODE_5171_length_1089_cov_38.506061	458	538	19	19	80	0.2375000
NODE_5171_length_1089_cov_38.506061	458	538	20	6	80	0.0750000
NODE_5171_length_1089_cov_38.506061	511	591	12	10	80	0.1250000
NODE_5171_length_1089_cov_38.506061	511	591	13	4	80	0.0500000
NODE_5171_length_1089_cov_38.506061	511	591	15	15	80	0.1875000
NODE_5171_length_1089_cov_38.506061	511	591	16	2	80	0.0250000
NODE_5171_length_1089_cov_38.506061	511	591	17	13	80	0.1625000
NODE_5171_length_1089_cov_38.506061	511	591	18	8	80	0.1000000
NODE_5171_length_1089_cov_38.506061	511	591	19	22	80	0.2750000
NODE_5171_length_1089_cov_38.506061	511	591	20	6	80	0.0750000
NODE_5171_length_1089_cov_38.506061	587	667	6	1	80	0.0125000
NODE_5171_length_1089_cov_38.506061	587	667	8	4	80	0.0500000
NODE_5171_length_1089_cov_38.506061	587	667	9	9	80	0.1125000
NODE_5171_length_1089_cov_38.506061	587	667	11	7	80	0.0875000
NODE_5171_length_1089_cov_38.506061	587	667	12	34	80	0.4250000
NODE_5171_length_1089_cov_38.506061	587	667	13	25	80	0.3125000
NODE_5171_length_1089_cov_38.506061	640	720	4	10	80	0.1250000
NODE_5171_length_1089_cov_38.506061	640	720	5	23	80	0.2875000
NODE_5171_length_1089_cov_38.506061	640	720	6	21	80	0.2625000
NODE_5171_length_1089_cov_38.506061	640	720	8	4	80	0.0500000
NODE_5171_length_1089_cov_38.506061	640	720	9	9	80	0.1125000
NODE_5171_length_1089_cov_38.506061	640	720	11	7	80	0.0875000
NODE_5171_length_1089_cov_38.506061	640	720	12	6	80	0.0750000
NODE_5172_length_1089_cov_22.657576	379	459	3	16	80	0.2000000
NODE_5172_length_1089_cov_22.657576	379	459	5	1	80	0.0125000
NODE_5172_length_1089_cov_22.657576	379	459	6	63	80	0.7875000
NODE_5172_length_1089_cov_22.657576	432	512	1	14	80	0.1750000
NODE_5172_length_1089_cov_22.657576	432	512	3	19	80	0.2375000
NODE_5172_length_1089_cov_22.657576	432	512	5	2	80	0.0250000
NODE_5172_length_1089_cov_22.657576	432	512	6	45	80	0.5625000
NODE_5173_length_1089_cov_21.180808	547	627	6	47	80	0.5875000
NODE_5173_length_1089_cov_21.180808	547	627	8	33	80	0.4125000
NODE_5173_length_1089_cov_21.180808	600	680	3	22	80	0.2750000
NODE_5173_length_1089_cov_21.180808	600	680	5	6	80	0.0750000
NODE_5173_length_1089_cov_21.180808	600	680	7	16	80	0.2000000
NODE_5173_length_1089_cov_21.180808	600	680	8	34	80	0.4250000
NODE_5173_length_1089_cov_21.180808	600	680	9	2	80	0.0250000
NODE_5174_length_1089_cov_18.713131	431	511	2	10	80	0.1250000
NODE_5174_length_1089_cov_18.713131	431	511	3	18	80	0.2250000
NODE_5174_length_1089_cov_18.713131	431	511	4	44	80	0.5500000
NODE_5174_length_1089_cov_18.713131	431	511	5	8	80	0.1000000
NODE_5174_length_1089_cov_18.713131	484	564	4	35	80	0.4375000
NODE_5174_length_1089_cov_18.713131	484	564	5	8	80	0.1000000
NODE_5174_length_1089_cov_18.713131	484	564	6	17	80	0.2125000
NODE_5174_length_1089_cov_18.713131	484	564	7	20	80	0.2500000
NODE_5174_length_1089_cov_18.713131	560	640	2	27	80	0.3375000
NODE_5174_length_1089_cov_18.713131	560	640	4	4	80	0.0500000
NODE_5174_length_1089_cov_18.713131	560	640	5	18	80	0.2250000
NODE_5174_length_1089_cov_18.713131	560	640	6	24	80	0.3000000
NODE_5174_length_1089_cov_18.713131	560	640	7	7	80	0.0875000
NODE_5174_length_1089_cov_18.713131	613	693	1	44	80	0.5500000
NODE_5174_length_1089_cov_18.713131	613	693	2	36	80	0.4500000
NODE_5175_length_1089_cov_17.382828	376	456	0	34	80	0.4250000
NODE_5175_length_1089_cov_17.382828	376	456	1	40	80	0.5000000
NODE_5175_length_1089_cov_17.382828	376	456	2	6	80	0.0750000
NODE_5175_length_1089_cov_17.382828	429	509	1	21	80	0.2625000
NODE_5175_length_1089_cov_17.382828	429	509	2	40	80	0.5000000
NODE_5175_length_1089_cov_17.382828	429	509	3	19	80	0.2375000
NODE_5175_length_1089_cov_17.382828	505	585	2	7	80	0.0875000
NODE_5175_length_1089_cov_17.382828	505	585	3	73	80	0.9125000
NODE_5175_length_1089_cov_17.382828	558	638	2	45	80	0.5625000
NODE_5175_length_1089_cov_17.382828	558	638	3	35	80	0.4375000
NODE_5176_length_1089_cov_14.540404	610	690	3	24	80	0.3000000
NODE_5176_length_1089_cov_14.540404	610	690	4	6	80	0.0750000
NODE_5176_length_1089_cov_14.540404	610	690	5	50	80	0.6250000
NODE_5176_length_1089_cov_14.540404	663	743	2	19	80	0.2375000
NODE_5176_length_1089_cov_14.540404	663	743	3	38	80	0.4750000
NODE_5176_length_1089_cov_14.540404	663	743	5	23	80	0.2875000
NODE_5182_length_1088_cov_10.603640	504	584	12	12	80	0.1500000
NODE_5182_length_1088_cov_10.603640	504	584	13	31	80	0.3875000
NODE_5182_length_1088_cov_10.603640	504	584	14	9	80	0.1125000
NODE_5182_length_1088_cov_10.603640	504	584	15	27	80	0.3375000
NODE_5182_length_1088_cov_10.603640	504	584	16	1	80	0.0125000
NODE_5182_length_1088_cov_10.603640	557	632	9	1	75	0.0133333
NODE_5182_length_1088_cov_10.603640	557	632	10	20	75	0.2666667
NODE_5182_length_1088_cov_10.603640	557	632	11	4	75	0.0533333
NODE_5182_length_1088_cov_10.603640	557	632	12	9	75	0.1200000
NODE_5182_length_1088_cov_10.603640	557	632	13	21	75	0.2800000
NODE_5182_length_1088_cov_10.603640	557	632	14	9	75	0.1200000
NODE_5182_length_1088_cov_10.603640	557	632	15	11	75	0.1466667
NODE_5194_length_1088_cov_0.759353	0	59	1	59	59	1.0000000
NODE_5194_length_1088_cov_0.759353	32	97	1	65	65	1.0000000
NODE_5195_length_1087_cov_51.676113	457	537	4	3	80	0.0375000
NODE_5195_length_1087_cov_51.676113	457	537	5	5	80	0.0625000
NODE_5195_length_1087_cov_51.676113	457	537	9	10	80	0.1250000
NODE_5195_length_1087_cov_51.676113	457	537	10	36	80	0.4500000
NODE_5195_length_1087_cov_51.676113	457	537	11	26	80	0.3250000
NODE_5195_length_1087_cov_51.676113	510	590	4	6	80	0.0750000
NODE_5195_length_1087_cov_51.676113	510	590	8	15	80	0.1875000
NODE_5195_length_1087_cov_51.676113	510	590	9	13	80	0.1625000
NODE_5195_length_1087_cov_51.676113	510	590	11	46	80	0.5750000
NODE_5195_length_1087_cov_51.676113	586	666	0	30	80	0.3750000
NODE_5195_length_1087_cov_51.676113	586	666	2	5	80	0.0625000
NODE_5195_length_1087_cov_51.676113	586	666	3	36	80	0.4500000
NODE_5195_length_1087_cov_51.676113	586	666	4	9	80	0.1125000
NODE_5195_length_1087_cov_51.676113	639	719	0	80	80	1.0000000
NODE_5196_length_1087_cov_47.144737	214	276	30	2	62	0.0322581
NODE_5196_length_1087_cov_47.144737	214	276	32	2	62	0.0322581
NODE_5196_length_1087_cov_47.144737	214	276	33	4	62	0.0645161
NODE_5196_length_1087_cov_47.144737	214	276	34	2	62	0.0322581
NODE_5196_length_1087_cov_47.144737	214	276	36	1	62	0.0161290
NODE_5196_length_1087_cov_47.144737	214	276	37	4	62	0.0645161
NODE_5196_length_1087_cov_47.144737	214	276	38	1	62	0.0161290
NODE_5196_length_1087_cov_47.144737	214	276	40	4	62	0.0645161
NODE_5196_length_1087_cov_47.144737	214	276	41	1	62	0.0161290
NODE_5196_length_1087_cov_47.144737	214	276	43	1	62	0.0161290
NODE_5196_length_1087_cov_47.144737	214	276	45	1	62	0.0161290
NODE_5196_length_1087_cov_47.144737	214	276	46	5	62	0.0806452
NODE_5196_length_1087_cov_47.144737	214	276	47	2	62	0.0322581
NODE_5196_length_1087_cov_47.144737	214	276	48	5	62	0.0806452
NODE_5196_length_1087_cov_47.144737	214	276	49	1	62	0.0161290
NODE_5196_length_1087_cov_47.144737	214	276	50	5	62	0.0806452
NODE_5196_length_1087_cov_47.144737	214	276	51	1	62	0.0161290
NODE_5196_length_1087_cov_47.144737	214	276	52	5	62	0.0806452
NODE_5196_length_1087_cov_47.144737	214	276	53	1	62	0.0161290
NODE_5196_length_1087_cov_47.144737	214	276	54	1	62	0.0161290
NODE_5196_length_1087_cov_47.144737	214	276	55	3	62	0.0483871
NODE_5196_length_1087_cov_47.144737	214	276	59	2	62	0.0322581
NODE_5196_length_1087_cov_47.144737	214	276	60	1	62	0.0161290
NODE_5196_length_1087_cov_47.144737	214	276	62	4	62	0.0645161
NODE_5196_length_1087_cov_47.144737	214	276	63	2	62	0.0322581
NODE_5196_length_1087_cov_47.144737	214	276	64	1	62	0.0161290
NODE_5196_length_1087_cov_47.144737	630	710	3	21	80	0.2625000
NODE_5196_length_1087_cov_47.144737	630	710	4	3	80	0.0375000
NODE_5196_length_1087_cov_47.144737	630	710	5	10	80	0.1250000
NODE_5196_length_1087_cov_47.144737	630	710	6	11	80	0.1375000
NODE_5196_length_1087_cov_47.144737	630	710	7	21	80	0.2625000
NODE_5196_length_1087_cov_47.144737	630	710	8	14	80	0.1750000
NODE_5196_length_1087_cov_47.144737	683	763	2	4	80	0.0500000
NODE_5196_length_1087_cov_47.144737	683	763	3	9	80	0.1125000
NODE_5196_length_1087_cov_47.144737	683	763	5	6	80	0.0750000
NODE_5196_length_1087_cov_47.144737	683	763	6	28	80	0.3500000
NODE_5196_length_1087_cov_47.144737	683	763	7	19	80	0.2375000
NODE_5196_length_1087_cov_47.144737	683	763	8	14	80	0.1750000
NODE_5197_length_1087_cov_46.633603	871	951	10	3	80	0.0375000
NODE_5197_length_1087_cov_46.633603	871	951	11	15	80	0.1875000
NODE_5197_length_1087_cov_46.633603	871	951	12	23	80	0.2875000
NODE_5197_length_1087_cov_46.633603	871	951	13	30	80	0.3750000
NODE_5197_length_1087_cov_46.633603	871	951	14	9	80	0.1125000
NODE_5197_length_1087_cov_46.633603	924	999	2	13	75	0.1733333
NODE_5197_length_1087_cov_46.633603	924	999	3	11	75	0.1466667
NODE_5197_length_1087_cov_46.633603	924	999	4	5	75	0.0666667
NODE_5197_length_1087_cov_46.633603	924	999	6	6	75	0.0800000
NODE_5197_length_1087_cov_46.633603	924	999	7	5	75	0.0666667
NODE_5197_length_1087_cov_46.633603	924	999	9	1	75	0.0133333
NODE_5197_length_1087_cov_46.633603	924	999	10	2	75	0.0266667
NODE_5197_length_1087_cov_46.633603	924	999	11	20	75	0.2666667
NODE_5197_length_1087_cov_46.633603	924	999	12	12	75	0.1600000
NODE_5198_length_1087_cov_30.577935	528	608	8	48	80	0.6000000
NODE_5198_length_1087_cov_30.577935	528	608	9	17	80	0.2125000
NODE_5198_length_1087_cov_30.577935	528	608	11	15	80	0.1875000
NODE_5198_length_1087_cov_30.577935	581	661	5	15	80	0.1875000
NODE_5198_length_1087_cov_30.577935	581	661	6	6	80	0.0750000
NODE_5198_length_1087_cov_30.577935	581	661	7	17	80	0.2125000
NODE_5198_length_1087_cov_30.577935	581	661	8	24	80	0.3000000
NODE_5198_length_1087_cov_30.577935	581	661	9	3	80	0.0375000
NODE_5198_length_1087_cov_30.577935	581	661	11	15	80	0.1875000
NODE_5199_length_1087_cov_30.205466	515	591	7	39	76	0.5131579
NODE_5199_length_1087_cov_30.205466	515	591	8	6	76	0.0789474
NODE_5199_length_1087_cov_30.205466	515	591	9	13	76	0.1710526
NODE_5199_length_1087_cov_30.205466	515	591	11	8	76	0.1052632
NODE_5199_length_1087_cov_30.205466	515	591	12	3	76	0.0394737
NODE_5199_length_1087_cov_30.205466	515	591	13	7	76	0.0921053
NODE_5199_length_1087_cov_30.205466	564	644	7	40	80	0.5000000
NODE_5199_length_1087_cov_30.205466	564	644	9	22	80	0.2750000
NODE_5199_length_1087_cov_30.205466	564	644	11	8	80	0.1000000
NODE_5199_length_1087_cov_30.205466	564	644	12	3	80	0.0375000
NODE_5199_length_1087_cov_30.205466	564	644	13	7	80	0.0875000
NODE_5200_length_1087_cov_29.595142	568	648	12	27	80	0.3375000
NODE_5200_length_1087_cov_29.595142	568	648	13	3	80	0.0375000
NODE_5200_length_1087_cov_29.595142	568	648	14	50	80	0.6250000
NODE_5200_length_1087_cov_29.595142	621	701	6	11	80	0.1375000
NODE_5200_length_1087_cov_29.595142	621	701	7	4	80	0.0500000
NODE_5200_length_1087_cov_29.595142	621	701	9	4	80	0.0500000
NODE_5200_length_1087_cov_29.595142	621	701	10	2	80	0.0250000
NODE_5200_length_1087_cov_29.595142	621	701	12	11	80	0.1375000
NODE_5200_length_1087_cov_29.595142	621	701	14	48	80	0.6000000
NODE_5201_length_1087_cov_11.600202	374	454	0	42	80	0.5250000
NODE_5201_length_1087_cov_11.600202	374	454	1	38	80	0.4750000
NODE_5201_length_1087_cov_11.600202	427	507	1	80	80	1.0000000
NODE_5202_length_1087_cov_7.746964	436	516	1	80	80	1.0000000
NODE_5202_length_1087_cov_7.746964	489	569	0	19	80	0.2375000
NODE_5202_length_1087_cov_7.746964	489	569	1	61	80	0.7625000
NODE_5211_length_1086_cov_35.748734	406	486	3	2	80	0.0250000
NODE_5211_length_1086_cov_35.748734	406	486	4	27	80	0.3375000
NODE_5211_length_1086_cov_35.748734	406	486	5	2	80	0.0250000
NODE_5211_length_1086_cov_35.748734	406	486	6	49	80	0.6125000
NODE_5211_length_1086_cov_35.748734	459	539	5	55	80	0.6875000
NODE_5211_length_1086_cov_35.748734	459	539	6	25	80	0.3125000
NODE_5212_length_1086_cov_18.445795	325	405	0	4	80	0.0500000
NODE_5212_length_1086_cov_18.445795	325	405	1	22	80	0.2750000
NODE_5212_length_1086_cov_18.445795	325	405	2	15	80	0.1875000
NODE_5212_length_1086_cov_18.445795	325	405	4	1	80	0.0125000
NODE_5212_length_1086_cov_18.445795	325	405	5	38	80	0.4750000
NODE_5212_length_1086_cov_18.445795	378	458	3	12	80	0.1500000
NODE_5212_length_1086_cov_18.445795	378	458	5	68	80	0.8500000
NODE_5213_length_1086_cov_16.878419	528	608	1	8	80	0.1000000
NODE_5213_length_1086_cov_16.878419	528	608	2	28	80	0.3500000
NODE_5213_length_1086_cov_16.878419	528	608	3	6	80	0.0750000
NODE_5213_length_1086_cov_16.878419	528	608	5	38	80	0.4750000
NODE_5213_length_1086_cov_16.878419	581	661	2	4	80	0.0500000
NODE_5213_length_1086_cov_16.878419	581	661	4	42	80	0.5250000
NODE_5213_length_1086_cov_16.878419	581	661	5	34	80	0.4250000
NODE_5214_length_1086_cov_10.700101	498	578	1	5	80	0.0625000
NODE_5214_length_1086_cov_10.700101	498	578	2	22	80	0.2750000
NODE_5214_length_1086_cov_10.700101	498	578	4	50	80	0.6250000
NODE_5214_length_1086_cov_10.700101	498	578	5	3	80	0.0375000
NODE_5214_length_1086_cov_10.700101	551	631	4	36	80	0.4500000
NODE_5214_length_1086_cov_10.700101	551	631	5	44	80	0.5500000
NODE_5215_length_1086_cov_10.656535	277	357	7	34	80	0.4250000
NODE_5215_length_1086_cov_10.656535	277	357	8	15	80	0.1875000
NODE_5215_length_1086_cov_10.656535	277	357	9	5	80	0.0625000
NODE_5215_length_1086_cov_10.656535	277	357	10	22	80	0.2750000
NODE_5215_length_1086_cov_10.656535	277	357	11	4	80	0.0500000
NODE_5215_length_1086_cov_10.656535	330	410	2	40	80	0.5000000
NODE_5215_length_1086_cov_10.656535	330	410	3	5	80	0.0625000
NODE_5215_length_1086_cov_10.656535	330	410	5	1	80	0.0125000
NODE_5215_length_1086_cov_10.656535	330	410	7	27	80	0.3375000
NODE_5215_length_1086_cov_10.656535	330	410	8	7	80	0.0875000
NODE_5216_length_1086_cov_6.873354	374	454	0	32	80	0.4000000
NODE_5216_length_1086_cov_6.873354	374	454	1	48	80	0.6000000
NODE_5216_length_1086_cov_6.873354	427	507	0	80	80	1.0000000
NODE_5217_length_1086_cov_5.225937	869	949	1	29	80	0.3625000
NODE_5217_length_1086_cov_5.225937	869	949	2	23	80	0.2875000
NODE_5217_length_1086_cov_5.225937	869	949	3	28	80	0.3500000
NODE_5217_length_1086_cov_5.225937	922	1002	1	11	80	0.1375000
NODE_5217_length_1086_cov_5.225937	922	1002	3	69	80	0.8625000
NODE_5229_length_1085_cov_30.599391	515	595	5	10	80	0.1250000
NODE_5229_length_1085_cov_30.599391	515	595	6	9	80	0.1125000
NODE_5229_length_1085_cov_30.599391	515	595	7	61	80	0.7625000
NODE_5229_length_1085_cov_30.599391	568	648	6	22	80	0.2750000
NODE_5229_length_1085_cov_30.599391	568	648	7	58	80	0.7250000
NODE_5231_length_1085_cov_13.723124	558	638	1	10	80	0.1250000
NODE_5231_length_1085_cov_13.723124	558	638	2	27	80	0.3375000
NODE_5231_length_1085_cov_13.723124	558	638	3	43	80	0.5375000
NODE_5231_length_1085_cov_13.723124	611	691	3	78	80	0.9750000
NODE_5231_length_1085_cov_13.723124	611	691	4	2	80	0.0250000
NODE_5232_length_1085_cov_12.481744	576	656	1	57	80	0.7125000
NODE_5232_length_1085_cov_12.481744	576	656	2	23	80	0.2875000
NODE_5232_length_1085_cov_12.481744	629	709	0	46	80	0.5750000
NODE_5232_length_1085_cov_12.481744	629	709	1	34	80	0.4250000
NODE_5233_length_1085_cov_11.570994	553	633	1	38	80	0.4750000
NODE_5233_length_1085_cov_11.570994	553	633	2	12	80	0.1500000
NODE_5233_length_1085_cov_11.570994	553	633	4	20	80	0.2500000
NODE_5233_length_1085_cov_11.570994	553	633	5	10	80	0.1250000
NODE_5233_length_1085_cov_11.570994	606	686	4	73	80	0.9125000
NODE_5233_length_1085_cov_11.570994	606	686	5	7	80	0.0875000
NODE_5234_length_1085_cov_10.730223	273	353	0	19	80	0.2375000
NODE_5234_length_1085_cov_10.730223	273	353	2	61	80	0.7625000
NODE_5234_length_1085_cov_10.730223	326	406	0	36	80	0.4500000
NODE_5234_length_1085_cov_10.730223	326	406	2	44	80	0.5500000
NODE_5234_length_1085_cov_10.730223	402	482	0	23	80	0.2875000
NODE_5234_length_1085_cov_10.730223	402	482	1	57	80	0.7125000
NODE_5234_length_1085_cov_10.730223	455	535	1	80	80	1.0000000
NODE_5234_length_1085_cov_10.730223	832	908	2	25	76	0.3289474
NODE_5234_length_1085_cov_10.730223	832	908	3	3	76	0.0394737
NODE_5234_length_1085_cov_10.730223	832	908	4	3	76	0.0394737
NODE_5234_length_1085_cov_10.730223	832	908	6	45	76	0.5921053
NODE_5236_length_1085_cov_8.309331	400	480	2	16	80	0.2000000
NODE_5236_length_1085_cov_8.309331	400	480	3	58	80	0.7250000
NODE_5236_length_1085_cov_8.309331	400	480	4	6	80	0.0750000
NODE_5236_length_1085_cov_8.309331	453	533	2	10	80	0.1250000
NODE_5236_length_1085_cov_8.309331	453	533	3	64	80	0.8000000
NODE_5236_length_1085_cov_8.309331	453	533	4	6	80	0.0750000
NODE_5248_length_1084_cov_60.255838	446	524	6	30	78	0.3846154
NODE_5248_length_1084_cov_60.255838	446	524	7	10	78	0.1282051
NODE_5248_length_1084_cov_60.255838	446	524	9	7	78	0.0897436
NODE_5248_length_1084_cov_60.255838	446	524	10	1	78	0.0128205
NODE_5248_length_1084_cov_60.255838	446	524	11	5	78	0.0641026
NODE_5248_length_1084_cov_60.255838	446	524	12	18	78	0.2307692
NODE_5248_length_1084_cov_60.255838	446	524	13	6	78	0.0769231
NODE_5248_length_1084_cov_60.255838	446	524	14	1	78	0.0128205
NODE_5248_length_1084_cov_60.255838	497	577	10	40	80	0.5000000
NODE_5248_length_1084_cov_60.255838	497	577	11	12	80	0.1500000
NODE_5248_length_1084_cov_60.255838	497	577	12	18	80	0.2250000
NODE_5248_length_1084_cov_60.255838	497	577	13	9	80	0.1125000
NODE_5248_length_1084_cov_60.255838	497	577	14	1	80	0.0125000
NODE_5249_length_1084_cov_33.332995	445	525	0	19	80	0.2375000
NODE_5249_length_1084_cov_33.332995	445	525	2	61	80	0.7625000
NODE_5249_length_1084_cov_33.332995	498	578	0	72	80	0.9000000
NODE_5249_length_1084_cov_33.332995	498	578	2	8	80	0.1000000
NODE_5250_length_1084_cov_11.004061	757	837	7	30	80	0.3750000
NODE_5250_length_1084_cov_11.004061	757	837	9	50	80	0.6250000
NODE_5250_length_1084_cov_11.004061	810	890	1	7	80	0.0875000
NODE_5250_length_1084_cov_11.004061	810	890	3	24	80	0.3000000
NODE_5250_length_1084_cov_11.004061	810	890	5	3	80	0.0375000
NODE_5250_length_1084_cov_11.004061	810	890	6	19	80	0.2375000
NODE_5250_length_1084_cov_11.004061	810	890	7	2	80	0.0250000
NODE_5250_length_1084_cov_11.004061	810	890	9	25	80	0.3125000
NODE_5258_length_1083_cov_42.182927	451	531	5	4	80	0.0500000
NODE_5258_length_1083_cov_42.182927	451	531	6	66	80	0.8250000
NODE_5258_length_1083_cov_42.182927	451	531	7	10	80	0.1250000
NODE_5258_length_1083_cov_42.182927	504	584	5	4	80	0.0500000
NODE_5258_length_1083_cov_42.182927	504	584	6	13	80	0.1625000
NODE_5258_length_1083_cov_42.182927	504	584	7	10	80	0.1250000
NODE_5258_length_1083_cov_42.182927	504	584	8	2	80	0.0250000
NODE_5258_length_1083_cov_42.182927	504	584	9	10	80	0.1250000
NODE_5258_length_1083_cov_42.182927	504	584	10	41	80	0.5125000
NODE_5258_length_1083_cov_42.182927	580	660	5	42	80	0.5250000
NODE_5258_length_1083_cov_42.182927	580	660	6	1	80	0.0125000
NODE_5258_length_1083_cov_42.182927	580	660	7	12	80	0.1500000
NODE_5258_length_1083_cov_42.182927	580	660	8	14	80	0.1750000
NODE_5258_length_1083_cov_42.182927	580	660	9	7	80	0.0875000
NODE_5258_length_1083_cov_42.182927	580	660	10	4	80	0.0500000
NODE_5258_length_1083_cov_42.182927	633	713	3	11	80	0.1375000
NODE_5258_length_1083_cov_42.182927	633	713	5	9	80	0.1125000
NODE_5258_length_1083_cov_42.182927	633	713	6	8	80	0.1000000
NODE_5258_length_1083_cov_42.182927	633	713	7	11	80	0.1375000
NODE_5258_length_1083_cov_42.182927	633	713	8	23	80	0.2875000
NODE_5258_length_1083_cov_42.182927	633	713	9	18	80	0.2250000
NODE_5259_length_1083_cov_41.163618	275	355	2	80	80	1.0000000
NODE_5259_length_1083_cov_41.163618	328	408	1	10	80	0.1250000
NODE_5259_length_1083_cov_41.163618	328	408	2	44	80	0.5500000
NODE_5259_length_1083_cov_41.163618	328	408	3	22	80	0.2750000
NODE_5259_length_1083_cov_41.163618	328	408	4	4	80	0.0500000
NODE_5259_length_1083_cov_41.163618	404	484	3	22	80	0.2750000
NODE_5259_length_1083_cov_41.163618	404	484	4	38	80	0.4750000
NODE_5259_length_1083_cov_41.163618	404	484	5	7	80	0.0875000
NODE_5259_length_1083_cov_41.163618	404	484	6	13	80	0.1625000
NODE_5259_length_1083_cov_41.163618	457	537	4	7	80	0.0875000
NODE_5259_length_1083_cov_41.163618	457	537	5	12	80	0.1500000
NODE_5259_length_1083_cov_41.163618	457	537	6	36	80	0.4500000
NODE_5259_length_1083_cov_41.163618	457	537	7	25	80	0.3125000
NODE_5260_length_1083_cov_39.798780	527	607	3	5	80	0.0625000
NODE_5260_length_1083_cov_39.798780	527	607	4	23	80	0.2875000
NODE_5260_length_1083_cov_39.798780	527	607	5	31	80	0.3875000
NODE_5260_length_1083_cov_39.798780	527	607	6	15	80	0.1875000
NODE_5260_length_1083_cov_39.798780	527	607	7	6	80	0.0750000
NODE_5260_length_1083_cov_39.798780	580	660	3	25	80	0.3125000
NODE_5260_length_1083_cov_39.798780	580	660	4	41	80	0.5125000
NODE_5260_length_1083_cov_39.798780	580	660	5	12	80	0.1500000
NODE_5260_length_1083_cov_39.798780	580	660	6	2	80	0.0250000
NODE_5261_length_1083_cov_34.261179	475	555	2	40	80	0.5000000
NODE_5261_length_1083_cov_34.261179	475	555	4	40	80	0.5000000
NODE_5261_length_1083_cov_34.261179	528	608	2	11	80	0.1375000
NODE_5261_length_1083_cov_34.261179	528	608	4	69	80	0.8625000
NODE_5262_length_1083_cov_33.573171	486	566	3	19	80	0.2375000
NODE_5262_length_1083_cov_33.573171	486	566	4	15	80	0.1875000
NODE_5262_length_1083_cov_33.573171	486	566	5	44	80	0.5500000
NODE_5262_length_1083_cov_33.573171	486	566	6	2	80	0.0250000
NODE_5262_length_1083_cov_33.573171	539	619	4	5	80	0.0625000
NODE_5262_length_1083_cov_33.573171	539	619	5	21	80	0.2625000
NODE_5262_length_1083_cov_33.573171	539	619	6	9	80	0.1125000
NODE_5262_length_1083_cov_33.573171	539	619	7	22	80	0.2750000
NODE_5262_length_1083_cov_33.573171	539	619	9	23	80	0.2875000
NODE_5262_length_1083_cov_33.573171	615	695	5	21	80	0.2625000
NODE_5262_length_1083_cov_33.573171	615	695	7	9	80	0.1125000
NODE_5262_length_1083_cov_33.573171	615	695	8	29	80	0.3625000
NODE_5262_length_1083_cov_33.573171	615	695	9	21	80	0.2625000
NODE_5262_length_1083_cov_33.573171	668	748	1	24	80	0.3000000
NODE_5262_length_1083_cov_33.573171	668	748	2	7	80	0.0875000
NODE_5262_length_1083_cov_33.573171	668	748	3	3	80	0.0375000
NODE_5262_length_1083_cov_33.573171	668	748	4	7	80	0.0875000
NODE_5262_length_1083_cov_33.573171	668	748	5	33	80	0.4125000
NODE_5262_length_1083_cov_33.573171	668	748	7	6	80	0.0750000
NODE_5263_length_1083_cov_33.091463	452	532	6	39	80	0.4875000
NODE_5263_length_1083_cov_33.091463	452	532	8	33	80	0.4125000
NODE_5263_length_1083_cov_33.091463	452	532	10	8	80	0.1000000
NODE_5263_length_1083_cov_33.091463	505	585	2	1	80	0.0125000
NODE_5263_length_1083_cov_33.091463	505	585	4	29	80	0.3625000
NODE_5263_length_1083_cov_33.091463	505	585	6	12	80	0.1500000
NODE_5263_length_1083_cov_33.091463	505	585	7	5	80	0.0625000
NODE_5263_length_1083_cov_33.091463	505	585	8	25	80	0.3125000
NODE_5263_length_1083_cov_33.091463	505	585	10	8	80	0.1000000
NODE_5264_length_1083_cov_30.982724	550	630	15	7	80	0.0875000
NODE_5264_length_1083_cov_30.982724	550	630	16	20	80	0.2500000
NODE_5264_length_1083_cov_30.982724	550	630	17	14	80	0.1750000
NODE_5264_length_1083_cov_30.982724	550	630	18	27	80	0.3375000
NODE_5264_length_1083_cov_30.982724	550	630	19	12	80	0.1500000
NODE_5264_length_1083_cov_30.982724	603	683	10	1	80	0.0125000
NODE_5264_length_1083_cov_30.982724	603	683	11	3	80	0.0375000
NODE_5264_length_1083_cov_30.982724	603	683	13	13	80	0.1625000
NODE_5264_length_1083_cov_30.982724	603	683	14	20	80	0.2500000
NODE_5264_length_1083_cov_30.982724	603	683	15	10	80	0.1250000
NODE_5264_length_1083_cov_30.982724	603	683	16	4	80	0.0500000
NODE_5264_length_1083_cov_30.982724	603	683	17	16	80	0.2000000
NODE_5264_length_1083_cov_30.982724	603	683	18	7	80	0.0875000
NODE_5264_length_1083_cov_30.982724	603	683	19	6	80	0.0750000
NODE_5265_length_1083_cov_18.819106	586	666	5	56	80	0.7000000
NODE_5265_length_1083_cov_18.819106	586	666	6	15	80	0.1875000
NODE_5265_length_1083_cov_18.819106	586	666	7	9	80	0.1125000
NODE_5265_length_1083_cov_18.819106	639	719	4	13	80	0.1625000
NODE_5265_length_1083_cov_18.819106	639	719	5	20	80	0.2500000
NODE_5265_length_1083_cov_18.819106	639	719	6	47	80	0.5875000
NODE_5266_length_1083_cov_17.278455	408	488	4	22	80	0.2750000
NODE_5266_length_1083_cov_17.278455	408	488	5	7	80	0.0875000
NODE_5266_length_1083_cov_17.278455	408	488	6	4	80	0.0500000
NODE_5266_length_1083_cov_17.278455	408	488	7	47	80	0.5875000
NODE_5266_length_1083_cov_17.278455	461	541	3	33	80	0.4125000
NODE_5266_length_1083_cov_17.278455	461	541	4	16	80	0.2000000
NODE_5266_length_1083_cov_17.278455	461	541	5	11	80	0.1375000
NODE_5266_length_1083_cov_17.278455	461	541	6	4	80	0.0500000
NODE_5266_length_1083_cov_17.278455	461	541	7	16	80	0.2000000
NODE_5267_length_1083_cov_13.862805	481	561	0	56	80	0.7000000
NODE_5267_length_1083_cov_13.862805	481	561	2	24	80	0.3000000
NODE_5267_length_1083_cov_13.862805	534	614	0	3	80	0.0375000
NODE_5267_length_1083_cov_13.862805	534	614	2	77	80	0.9625000
NODE_5268_length_1083_cov_13.083333	522	602	0	7	80	0.0875000
NODE_5268_length_1083_cov_13.083333	522	602	1	73	80	0.9125000
NODE_5268_length_1083_cov_13.083333	575	655	0	60	80	0.7500000
NODE_5268_length_1083_cov_13.083333	575	655	1	20	80	0.2500000
NODE_5269_length_1083_cov_11.824187	242	322	3	2	80	0.0250000
NODE_5269_length_1083_cov_11.824187	242	322	5	11	80	0.1375000
NODE_5269_length_1083_cov_11.824187	242	322	6	67	80	0.8375000
NODE_5269_length_1083_cov_11.824187	295	375	3	28	80	0.3500000
NODE_5269_length_1083_cov_11.824187	295	375	5	19	80	0.2375000
NODE_5269_length_1083_cov_11.824187	295	375	6	33	80	0.4125000
NODE_5271_length_1083_cov_3.025407	359	439	0	16	80	0.2000000
NODE_5271_length_1083_cov_3.025407	359	439	1	64	80	0.8000000
NODE_5271_length_1083_cov_3.025407	412	489	1	77	77	1.0000000
NODE_5277_length_1082_cov_34.664293	461	541	6	6	80	0.0750000
NODE_5277_length_1082_cov_34.664293	461	541	7	62	80	0.7750000
NODE_5277_length_1082_cov_34.664293	461	541	8	12	80	0.1500000
NODE_5277_length_1082_cov_34.664293	514	594	4	31	80	0.3875000
NODE_5277_length_1082_cov_34.664293	514	594	6	26	80	0.3250000
NODE_5277_length_1082_cov_34.664293	514	594	7	23	80	0.2875000
NODE_5278_length_1082_cov_17.422177	406	486	9	12	80	0.1500000
NODE_5278_length_1082_cov_17.422177	406	486	10	14	80	0.1750000
NODE_5278_length_1082_cov_17.422177	406	486	11	4	80	0.0500000
NODE_5278_length_1082_cov_17.422177	406	486	13	18	80	0.2250000
NODE_5278_length_1082_cov_17.422177	406	486	14	32	80	0.4000000
NODE_5278_length_1082_cov_17.422177	459	539	5	4	80	0.0500000
NODE_5278_length_1082_cov_17.422177	459	539	6	27	80	0.3375000
NODE_5278_length_1082_cov_17.422177	459	539	9	10	80	0.1250000
NODE_5278_length_1082_cov_17.422177	459	539	10	6	80	0.0750000
NODE_5278_length_1082_cov_17.422177	459	539	11	5	80	0.0625000
NODE_5278_length_1082_cov_17.422177	459	539	13	11	80	0.1375000
NODE_5278_length_1082_cov_17.422177	459	539	14	17	80	0.2125000
NODE_5279_length_1082_cov_15.906409	442	522	0	80	80	1.0000000
NODE_5279_length_1082_cov_15.906409	495	575	0	80	80	1.0000000
NODE_5280_length_1082_cov_13.703967	324	404	4	7	80	0.0875000
NODE_5280_length_1082_cov_13.703967	324	404	5	1	80	0.0125000
NODE_5280_length_1082_cov_13.703967	324	404	6	10	80	0.1250000
NODE_5280_length_1082_cov_13.703967	324	404	7	3	80	0.0375000
NODE_5280_length_1082_cov_13.703967	324	404	8	8	80	0.1000000
NODE_5280_length_1082_cov_13.703967	324	404	9	2	80	0.0250000
NODE_5280_length_1082_cov_13.703967	324	404	10	49	80	0.6125000
NODE_5280_length_1082_cov_13.703967	377	457	9	30	80	0.3750000
NODE_5280_length_1082_cov_13.703967	377	457	10	37	80	0.4625000
NODE_5280_length_1082_cov_13.703967	377	457	11	13	80	0.1625000
NODE_5281_length_1082_cov_6.478128	159	205	0	46	46	1.0000000
NODE_5281_length_1082_cov_6.478128	203	283	0	21	80	0.2625000
NODE_5281_length_1082_cov_6.478128	203	283	2	59	80	0.7375000
NODE_5281_length_1082_cov_6.478128	256	336	2	80	80	1.0000000
NODE_5281_length_1082_cov_6.478128	861	941	0	13	80	0.1625000
NODE_5281_length_1082_cov_6.478128	861	941	1	67	80	0.8375000
NODE_5282_length_1082_cov_4.218718	982	1062	7	11	80	0.1375000
NODE_5282_length_1082_cov_4.218718	982	1062	8	3	80	0.0375000
NODE_5282_length_1082_cov_4.218718	982	1062	10	6	80	0.0750000
NODE_5282_length_1082_cov_4.218718	982	1062	11	1	80	0.0125000
NODE_5282_length_1082_cov_4.218718	982	1062	12	1	80	0.0125000
NODE_5282_length_1082_cov_4.218718	982	1062	15	1	80	0.0125000
NODE_5282_length_1082_cov_4.218718	982	1062	17	2	80	0.0250000
NODE_5282_length_1082_cov_4.218718	982	1062	20	2	80	0.0250000
NODE_5282_length_1082_cov_4.218718	982	1062	24	3	80	0.0375000
NODE_5282_length_1082_cov_4.218718	982	1062	26	4	80	0.0500000
NODE_5282_length_1082_cov_4.218718	982	1062	28	2	80	0.0250000
NODE_5282_length_1082_cov_4.218718	982	1062	30	1	80	0.0125000
NODE_5282_length_1082_cov_4.218718	982	1062	31	2	80	0.0250000
NODE_5282_length_1082_cov_4.218718	982	1062	32	5	80	0.0625000
NODE_5282_length_1082_cov_4.218718	982	1062	34	2	80	0.0250000
NODE_5282_length_1082_cov_4.218718	982	1062	36	1	80	0.0125000
NODE_5282_length_1082_cov_4.218718	982	1062	37	1	80	0.0125000
NODE_5282_length_1082_cov_4.218718	982	1062	41	2	80	0.0250000
NODE_5282_length_1082_cov_4.218718	982	1062	42	4	80	0.0500000
NODE_5282_length_1082_cov_4.218718	982	1062	44	4	80	0.0500000
NODE_5282_length_1082_cov_4.218718	982	1062	46	3	80	0.0375000
NODE_5282_length_1082_cov_4.218718	982	1062	47	1	80	0.0125000
NODE_5282_length_1082_cov_4.218718	982	1062	48	1	80	0.0125000
NODE_5282_length_1082_cov_4.218718	982	1062	50	1	80	0.0125000
NODE_5282_length_1082_cov_4.218718	982	1062	51	3	80	0.0375000
NODE_5282_length_1082_cov_4.218718	982	1062	53	1	80	0.0125000
NODE_5282_length_1082_cov_4.218718	982	1062	55	6	80	0.0750000
NODE_5282_length_1082_cov_4.218718	982	1062	57	4	80	0.0500000
NODE_5282_length_1082_cov_4.218718	982	1062	59	1	80	0.0125000
NODE_5282_length_1082_cov_4.218718	982	1062	60	1	80	0.0125000
NODE_5291_length_1081_cov_45.308554	510	590	4	2	80	0.0250000
NODE_5291_length_1081_cov_45.308554	510	590	5	32	80	0.4000000
NODE_5291_length_1081_cov_45.308554	510	590	6	21	80	0.2625000
NODE_5291_length_1081_cov_45.308554	510	590	7	11	80	0.1375000
NODE_5291_length_1081_cov_45.308554	510	590	8	14	80	0.1750000
NODE_5291_length_1081_cov_45.308554	563	643	4	13	80	0.1625000
NODE_5291_length_1081_cov_45.308554	563	643	5	56	80	0.7000000
NODE_5291_length_1081_cov_45.308554	563	643	6	11	80	0.1375000
NODE_5292_length_1081_cov_39.581466	476	556	6	5	80	0.0625000
NODE_5292_length_1081_cov_39.581466	476	556	7	19	80	0.2375000
NODE_5292_length_1081_cov_39.581466	476	556	10	1	80	0.0125000
NODE_5292_length_1081_cov_39.581466	476	556	11	36	80	0.4500000
NODE_5292_length_1081_cov_39.581466	476	556	12	19	80	0.2375000
NODE_5292_length_1081_cov_39.581466	529	609	7	38	80	0.4750000
NODE_5292_length_1081_cov_39.581466	529	609	10	16	80	0.2000000
NODE_5292_length_1081_cov_39.581466	529	609	11	7	80	0.0875000
NODE_5292_length_1081_cov_39.581466	529	609	12	19	80	0.2375000
NODE_5292_length_1081_cov_39.581466	605	685	2	11	80	0.1375000
NODE_5292_length_1081_cov_39.581466	605	685	3	33	80	0.4125000
NODE_5292_length_1081_cov_39.581466	605	685	4	31	80	0.3875000
NODE_5292_length_1081_cov_39.581466	605	685	7	5	80	0.0625000
NODE_5292_length_1081_cov_39.581466	658	738	3	9	80	0.1125000
NODE_5292_length_1081_cov_39.581466	658	738	4	71	80	0.8875000
NODE_5293_length_1081_cov_39.457230	373	453	8	1	80	0.0125000
NODE_5293_length_1081_cov_39.457230	373	453	9	9	80	0.1125000
NODE_5293_length_1081_cov_39.457230	373	453	10	58	80	0.7250000
NODE_5293_length_1081_cov_39.457230	373	453	11	12	80	0.1500000
NODE_5293_length_1081_cov_39.457230	426	506	4	9	80	0.1125000
NODE_5293_length_1081_cov_39.457230	426	506	5	12	80	0.1500000
NODE_5293_length_1081_cov_39.457230	426	506	6	14	80	0.1750000
NODE_5293_length_1081_cov_39.457230	426	506	7	12	80	0.1500000
NODE_5293_length_1081_cov_39.457230	426	506	8	7	80	0.0875000
NODE_5293_length_1081_cov_39.457230	426	506	10	21	80	0.2625000
NODE_5293_length_1081_cov_39.457230	426	506	11	5	80	0.0625000
NODE_5294_length_1081_cov_20.415479	376	451	0	75	75	1.0000000
NODE_5294_length_1081_cov_20.415479	436	511	0	75	75	1.0000000
NODE_5294_length_1081_cov_20.415479	496	571	0	75	75	1.0000000
NODE_5294_length_1081_cov_20.415479	544	624	0	80	80	1.0000000
NODE_5295_length_1081_cov_19.985743	378	458	0	6	80	0.0750000
NODE_5295_length_1081_cov_19.985743	378	458	1	61	80	0.7625000
NODE_5295_length_1081_cov_19.985743	378	458	2	13	80	0.1625000
NODE_5295_length_1081_cov_19.985743	431	511	1	14	80	0.1750000
NODE_5295_length_1081_cov_19.985743	431	511	2	24	80	0.3000000
NODE_5295_length_1081_cov_19.985743	431	511	4	31	80	0.3875000
NODE_5295_length_1081_cov_19.985743	431	511	5	11	80	0.1375000
NODE_5295_length_1081_cov_19.985743	507	587	5	18	80	0.2250000
NODE_5295_length_1081_cov_19.985743	507	587	6	62	80	0.7750000
NODE_5295_length_1081_cov_19.985743	560	640	4	22	80	0.2750000
NODE_5295_length_1081_cov_19.985743	560	640	5	4	80	0.0500000
NODE_5295_length_1081_cov_19.985743	560	640	6	54	80	0.6750000
NODE_5296_length_1081_cov_12.658859	468	548	0	45	80	0.5625000
NODE_5296_length_1081_cov_12.658859	468	548	1	35	80	0.4375000
NODE_5296_length_1081_cov_12.658859	521	601	1	80	80	1.0000000
NODE_5299_length_1081_cov_2.586558	7	44	0	37	37	1.0000000
NODE_5304_length_1080_cov_27.857288	261	341	0	58	80	0.7250000
NODE_5304_length_1080_cov_27.857288	261	341	2	22	80	0.2750000
NODE_5304_length_1080_cov_27.857288	314	394	0	5	80	0.0625000
NODE_5304_length_1080_cov_27.857288	314	394	2	75	80	0.9375000
NODE_5305_length_1080_cov_24.258919	321	401	1	55	80	0.6875000
NODE_5305_length_1080_cov_24.258919	321	401	2	25	80	0.3125000
NODE_5305_length_1080_cov_24.258919	374	454	1	2	80	0.0250000
NODE_5305_length_1080_cov_24.258919	374	454	2	44	80	0.5500000
NODE_5305_length_1080_cov_24.258919	374	454	3	21	80	0.2625000
NODE_5305_length_1080_cov_24.258919	374	454	4	7	80	0.0875000
NODE_5305_length_1080_cov_24.258919	374	454	5	1	80	0.0125000
NODE_5305_length_1080_cov_24.258919	374	454	7	5	80	0.0625000
NODE_5305_length_1080_cov_24.258919	450	530	6	9	80	0.1125000
NODE_5305_length_1080_cov_24.258919	450	530	7	40	80	0.5000000
NODE_5305_length_1080_cov_24.258919	450	530	8	31	80	0.3875000
NODE_5305_length_1080_cov_24.258919	503	583	4	13	80	0.1625000
NODE_5305_length_1080_cov_24.258919	503	583	5	12	80	0.1500000
NODE_5305_length_1080_cov_24.258919	503	583	7	32	80	0.4000000
NODE_5305_length_1080_cov_24.258919	503	583	8	23	80	0.2875000
NODE_5306_length_1080_cov_22.589195	446	526	2	3	80	0.0375000
NODE_5306_length_1080_cov_22.589195	446	526	3	15	80	0.1875000
NODE_5306_length_1080_cov_22.589195	446	526	5	19	80	0.2375000
NODE_5306_length_1080_cov_22.589195	446	526	6	2	80	0.0250000
NODE_5306_length_1080_cov_22.589195	446	526	7	2	80	0.0250000
NODE_5306_length_1080_cov_22.589195	446	526	8	39	80	0.4875000
NODE_5306_length_1080_cov_22.589195	499	579	7	3	80	0.0375000
NODE_5306_length_1080_cov_22.589195	499	579	8	72	80	0.9000000
NODE_5306_length_1080_cov_22.589195	499	579	9	5	80	0.0625000
NODE_5306_length_1080_cov_22.589195	575	655	2	9	80	0.1125000
NODE_5306_length_1080_cov_22.589195	575	655	3	23	80	0.2875000
NODE_5306_length_1080_cov_22.589195	575	655	4	1	80	0.0125000
NODE_5306_length_1080_cov_22.589195	575	655	5	23	80	0.2875000
NODE_5306_length_1080_cov_22.589195	575	655	6	8	80	0.1000000
NODE_5306_length_1080_cov_22.589195	575	655	8	16	80	0.2000000
NODE_5306_length_1080_cov_22.589195	628	708	1	4	80	0.0500000
NODE_5306_length_1080_cov_22.589195	628	708	2	36	80	0.4500000
NODE_5306_length_1080_cov_22.589195	628	708	3	40	80	0.5000000
NODE_5307_length_1080_cov_15.544343	599	679	0	80	80	1.0000000
NODE_5307_length_1080_cov_15.544343	652	732	0	80	80	1.0000000
NODE_5308_length_1080_cov_10.416922	321	401	4	8	80	0.1000000
NODE_5308_length_1080_cov_10.416922	321	401	5	9	80	0.1125000
NODE_5308_length_1080_cov_10.416922	321	401	7	30	80	0.3750000
NODE_5308_length_1080_cov_10.416922	321	401	9	26	80	0.3250000
NODE_5308_length_1080_cov_10.416922	321	401	10	7	80	0.0875000
NODE_5308_length_1080_cov_10.416922	374	454	6	19	80	0.2375000
NODE_5308_length_1080_cov_10.416922	374	454	8	7	80	0.0875000
NODE_5308_length_1080_cov_10.416922	374	454	9	44	80	0.5500000
NODE_5308_length_1080_cov_10.416922	374	454	10	10	80	0.1250000
NODE_5315_length_1079_cov_55.352041	367	447	1	2	80	0.0250000
NODE_5315_length_1079_cov_55.352041	367	447	2	36	80	0.4500000
NODE_5315_length_1079_cov_55.352041	367	447	3	24	80	0.3000000
NODE_5315_length_1079_cov_55.352041	367	447	4	16	80	0.2000000
NODE_5315_length_1079_cov_55.352041	367	447	5	1	80	0.0125000
NODE_5315_length_1079_cov_55.352041	367	447	6	1	80	0.0125000
NODE_5315_length_1079_cov_55.352041	420	500	3	9	80	0.1125000
NODE_5315_length_1079_cov_55.352041	420	500	4	16	80	0.2000000
NODE_5315_length_1079_cov_55.352041	420	500	5	1	80	0.0125000
NODE_5315_length_1079_cov_55.352041	420	500	6	9	80	0.1125000
NODE_5315_length_1079_cov_55.352041	420	500	7	6	80	0.0750000
NODE_5315_length_1079_cov_55.352041	420	500	8	32	80	0.4000000
NODE_5315_length_1079_cov_55.352041	420	500	9	7	80	0.0875000
NODE_5315_length_1079_cov_55.352041	496	576	7	17	80	0.2125000
NODE_5315_length_1079_cov_55.352041	496	576	8	16	80	0.2000000
NODE_5315_length_1079_cov_55.352041	496	576	9	36	80	0.4500000
NODE_5315_length_1079_cov_55.352041	496	576	10	11	80	0.1375000
NODE_5315_length_1079_cov_55.352041	549	629	3	18	80	0.2250000
NODE_5315_length_1079_cov_55.352041	549	629	4	1	80	0.0125000
NODE_5315_length_1079_cov_55.352041	549	629	5	5	80	0.0625000
NODE_5315_length_1079_cov_55.352041	549	629	6	28	80	0.3500000
NODE_5315_length_1079_cov_55.352041	549	629	7	18	80	0.2250000
NODE_5315_length_1079_cov_55.352041	549	629	9	4	80	0.0500000
NODE_5315_length_1079_cov_55.352041	549	629	10	6	80	0.0750000
NODE_5316_length_1079_cov_46.879592	444	524	11	2	80	0.0250000
NODE_5316_length_1079_cov_46.879592	444	524	12	3	80	0.0375000
NODE_5316_length_1079_cov_46.879592	444	524	13	1	80	0.0125000
NODE_5316_length_1079_cov_46.879592	444	524	15	16	80	0.2000000
NODE_5316_length_1079_cov_46.879592	444	524	16	5	80	0.0625000
NODE_5316_length_1079_cov_46.879592	444	524	17	23	80	0.2875000
NODE_5316_length_1079_cov_46.879592	444	524	18	14	80	0.1750000
NODE_5316_length_1079_cov_46.879592	444	524	20	1	80	0.0125000
NODE_5316_length_1079_cov_46.879592	444	524	21	9	80	0.1125000
NODE_5316_length_1079_cov_46.879592	444	524	22	2	80	0.0250000
NODE_5316_length_1079_cov_46.879592	444	524	23	4	80	0.0500000
NODE_5316_length_1079_cov_46.879592	497	577	18	11	80	0.1375000
NODE_5316_length_1079_cov_46.879592	497	577	20	1	80	0.0125000
NODE_5316_length_1079_cov_46.879592	497	577	21	9	80	0.1125000
NODE_5316_length_1079_cov_46.879592	497	577	22	5	80	0.0625000
NODE_5316_length_1079_cov_46.879592	497	577	23	13	80	0.1625000
NODE_5316_length_1079_cov_46.879592	497	577	24	18	80	0.2250000
NODE_5316_length_1079_cov_46.879592	497	577	26	2	80	0.0250000
NODE_5316_length_1079_cov_46.879592	497	577	27	1	80	0.0125000
NODE_5316_length_1079_cov_46.879592	497	577	28	1	80	0.0125000
NODE_5316_length_1079_cov_46.879592	497	577	30	11	80	0.1375000
NODE_5316_length_1079_cov_46.879592	497	577	31	8	80	0.1000000
NODE_5316_length_1079_cov_46.879592	573	652	28	4	79	0.0506329
NODE_5316_length_1079_cov_46.879592	573	652	29	10	79	0.1265823
NODE_5316_length_1079_cov_46.879592	573	652	30	10	79	0.1265823
NODE_5316_length_1079_cov_46.879592	573	652	31	3	79	0.0379747
NODE_5316_length_1079_cov_46.879592	573	652	32	10	79	0.1265823
NODE_5316_length_1079_cov_46.879592	573	652	33	29	79	0.3670886
NODE_5316_length_1079_cov_46.879592	573	652	34	13	79	0.1645570
NODE_5316_length_1079_cov_46.879592	625	703	23	8	78	0.1025641
NODE_5316_length_1079_cov_46.879592	625	703	24	12	78	0.1538462
NODE_5316_length_1079_cov_46.879592	625	703	25	3	78	0.0384615
NODE_5316_length_1079_cov_46.879592	625	703	26	2	78	0.0256410
NODE_5316_length_1079_cov_46.879592	625	703	29	3	78	0.0384615
NODE_5316_length_1079_cov_46.879592	625	703	30	14	78	0.1794872
NODE_5316_length_1079_cov_46.879592	625	703	32	6	78	0.0769231
NODE_5316_length_1079_cov_46.879592	625	703	33	19	78	0.2435897
NODE_5316_length_1079_cov_46.879592	625	703	34	11	78	0.1410256
NODE_5317_length_1079_cov_13.708163	611	691	0	14	80	0.1750000
NODE_5317_length_1079_cov_13.708163	611	691	2	57	80	0.7125000
NODE_5317_length_1079_cov_13.708163	611	691	4	9	80	0.1125000
NODE_5317_length_1079_cov_13.708163	664	744	2	18	80	0.2250000
NODE_5317_length_1079_cov_13.708163	664	744	4	62	80	0.7750000
NODE_5318_length_1079_cov_8.632653	416	496	2	10	80	0.1250000
NODE_5318_length_1079_cov_8.632653	416	496	4	70	80	0.8750000
NODE_5318_length_1079_cov_8.632653	469	549	4	80	80	1.0000000
NODE_5325_length_1078_cov_27.804903	357	437	5	4	80	0.0500000
NODE_5325_length_1078_cov_27.804903	357	437	7	2	80	0.0250000
NODE_5325_length_1078_cov_27.804903	357	437	8	12	80	0.1500000
NODE_5325_length_1078_cov_27.804903	357	437	9	34	80	0.4250000
NODE_5325_length_1078_cov_27.804903	357	437	10	28	80	0.3500000
NODE_5325_length_1078_cov_27.804903	410	490	6	36	80	0.4500000
NODE_5325_length_1078_cov_27.804903	410	490	7	9	80	0.1125000
NODE_5325_length_1078_cov_27.804903	410	490	8	16	80	0.2000000
NODE_5325_length_1078_cov_27.804903	410	490	10	19	80	0.2375000
NODE_5326_length_1078_cov_26.071502	459	539	2	33	80	0.4125000
NODE_5326_length_1078_cov_26.071502	459	539	3	47	80	0.5875000
NODE_5326_length_1078_cov_26.071502	512	592	1	21	80	0.2625000
NODE_5326_length_1078_cov_26.071502	512	592	2	10	80	0.1250000
NODE_5326_length_1078_cov_26.071502	512	592	3	43	80	0.5375000
NODE_5326_length_1078_cov_26.071502	512	592	4	6	80	0.0750000
NODE_5326_length_1078_cov_26.071502	588	668	4	20	80	0.2500000
NODE_5326_length_1078_cov_26.071502	588	668	5	5	80	0.0625000
NODE_5326_length_1078_cov_26.071502	588	668	7	5	80	0.0625000
NODE_5326_length_1078_cov_26.071502	588	668	8	1	80	0.0125000
NODE_5326_length_1078_cov_26.071502	588	668	9	7	80	0.0875000
NODE_5326_length_1078_cov_26.071502	588	668	11	33	80	0.4125000
NODE_5326_length_1078_cov_26.071502	588	668	12	9	80	0.1125000
NODE_5326_length_1078_cov_26.071502	641	718	7	3	77	0.0389610
NODE_5326_length_1078_cov_26.071502	641	718	9	4	77	0.0519481
NODE_5326_length_1078_cov_26.071502	641	718	11	61	77	0.7922078
NODE_5326_length_1078_cov_26.071502	641	718	12	9	77	0.1168831
NODE_5327_length_1078_cov_14.985700	495	575	6	20	80	0.2500000
NODE_5327_length_1078_cov_14.985700	495	575	7	18	80	0.2250000
NODE_5327_length_1078_cov_14.985700	495	575	8	23	80	0.2875000
NODE_5327_length_1078_cov_14.985700	495	575	9	16	80	0.2000000
NODE_5327_length_1078_cov_14.985700	495	575	10	3	80	0.0375000
NODE_5327_length_1078_cov_14.985700	548	628	6	29	80	0.3625000
NODE_5327_length_1078_cov_14.985700	548	628	7	13	80	0.1625000
NODE_5327_length_1078_cov_14.985700	548	628	8	34	80	0.4250000
NODE_5327_length_1078_cov_14.985700	548	628	9	1	80	0.0125000
NODE_5327_length_1078_cov_14.985700	548	628	10	3	80	0.0375000
NODE_5333_length_1077_cov_23.876278	546	626	2	20	80	0.2500000
NODE_5333_length_1077_cov_23.876278	546	626	3	60	80	0.7500000
NODE_5333_length_1077_cov_23.876278	599	679	2	44	80	0.5500000
NODE_5333_length_1077_cov_23.876278	599	679	3	36	80	0.4500000
NODE_5334_length_1077_cov_16.067485	532	612	0	44	80	0.5500000
NODE_5334_length_1077_cov_16.067485	532	612	2	36	80	0.4500000
NODE_5334_length_1077_cov_16.067485	585	665	2	80	80	1.0000000
NODE_5335_length_1077_cov_14.568507	556	636	5	67	80	0.8375000
NODE_5335_length_1077_cov_14.568507	556	636	6	13	80	0.1625000
NODE_5335_length_1077_cov_14.568507	609	689	1	11	80	0.1375000
NODE_5335_length_1077_cov_14.568507	609	689	2	4	80	0.0500000
NODE_5335_length_1077_cov_14.568507	609	689	3	21	80	0.2625000
NODE_5335_length_1077_cov_14.568507	609	689	4	10	80	0.1250000
NODE_5335_length_1077_cov_14.568507	609	689	5	21	80	0.2625000
NODE_5335_length_1077_cov_14.568507	609	689	6	13	80	0.1625000
NODE_5336_length_1077_cov_9.507157	496	576	1	80	80	1.0000000
NODE_5336_length_1077_cov_9.507157	549	629	1	49	80	0.6125000
NODE_5336_length_1077_cov_9.507157	549	629	2	31	80	0.3875000
NODE_5342_length_1077_cov_1.781186	252	274	0	22	22	1.0000000
NODE_5345_length_1076_cov_20.592631	534	614	0	16	80	0.2000000
NODE_5345_length_1076_cov_20.592631	534	614	2	64	80	0.8000000
NODE_5345_length_1076_cov_20.592631	587	667	0	69	80	0.8625000
NODE_5345_length_1076_cov_20.592631	587	667	2	11	80	0.1375000
NODE_5346_length_1076_cov_14.788127	427	507	0	21	80	0.2625000
NODE_5346_length_1076_cov_14.788127	427	507	1	59	80	0.7375000
NODE_5346_length_1076_cov_14.788127	480	560	1	44	80	0.5500000
NODE_5346_length_1076_cov_14.788127	480	560	2	2	80	0.0250000
NODE_5346_length_1076_cov_14.788127	480	560	3	34	80	0.4250000
NODE_5348_length_1076_cov_6.306039	883	961	2	5	78	0.0641026
NODE_5348_length_1076_cov_6.306039	883	961	3	47	78	0.6025641
NODE_5348_length_1076_cov_6.306039	883	961	4	26	78	0.3333333
NODE_5348_length_1076_cov_6.306039	936	1014	2	13	78	0.1666667
NODE_5348_length_1076_cov_6.306039	936	1014	3	65	78	0.8333333
NODE_5357_length_1075_cov_37.941598	550	630	7	6	80	0.0750000
NODE_5357_length_1075_cov_37.941598	550	630	8	16	80	0.2000000
NODE_5357_length_1075_cov_37.941598	550	630	9	35	80	0.4375000
NODE_5357_length_1075_cov_37.941598	550	630	10	23	80	0.2875000
NODE_5357_length_1075_cov_37.941598	603	685	2	7	82	0.0853659
NODE_5357_length_1075_cov_37.941598	603	685	4	2	82	0.0243902
NODE_5357_length_1075_cov_37.941598	603	685	5	1	82	0.0121951
NODE_5357_length_1075_cov_37.941598	603	685	6	37	82	0.4512195
NODE_5357_length_1075_cov_37.941598	603	685	7	14	82	0.1707317
NODE_5357_length_1075_cov_37.941598	603	685	8	16	82	0.1951219
NODE_5357_length_1075_cov_37.941598	603	685	9	5	82	0.0609756
NODE_5357_length_1075_cov_37.941598	681	761	0	64	80	0.8000000
NODE_5357_length_1075_cov_37.941598	681	761	2	16	80	0.2000000
NODE_5357_length_1075_cov_37.941598	734	814	0	80	80	1.0000000
NODE_5358_length_1075_cov_32.224385	397	477	0	35	80	0.4375000
NODE_5358_length_1075_cov_32.224385	397	477	1	23	80	0.2875000
NODE_5358_length_1075_cov_32.224385	397	477	2	22	80	0.2750000
NODE_5358_length_1075_cov_32.224385	450	530	1	5	80	0.0625000
NODE_5358_length_1075_cov_32.224385	450	530	2	75	80	0.9375000
NODE_5359_length_1075_cov_9.626025	440	520	0	2	80	0.0250000
NODE_5359_length_1075_cov_9.626025	440	520	1	13	80	0.1625000
NODE_5359_length_1075_cov_9.626025	440	520	2	65	80	0.8125000
NODE_5359_length_1075_cov_9.626025	493	573	0	55	80	0.6875000
NODE_5359_length_1075_cov_9.626025	493	573	1	13	80	0.1625000
NODE_5359_length_1075_cov_9.626025	493	573	2	12	80	0.1500000
NODE_5362_length_1075_cov_2.926230	38	99	0	61	61	1.0000000
NODE_5372_length_1074_cov_19.034872	568	648	6	11	80	0.1375000
NODE_5372_length_1074_cov_19.034872	568	648	7	29	80	0.3625000
NODE_5372_length_1074_cov_19.034872	568	648	8	31	80	0.3875000
NODE_5372_length_1074_cov_19.034872	568	648	9	9	80	0.1125000
NODE_5372_length_1074_cov_19.034872	621	701	6	34	80	0.4250000
NODE_5372_length_1074_cov_19.034872	621	701	7	11	80	0.1375000
NODE_5372_length_1074_cov_19.034872	621	701	8	18	80	0.2250000
NODE_5372_length_1074_cov_19.034872	621	701	9	17	80	0.2125000
NODE_5372_length_1074_cov_19.034872	697	777	4	25	80	0.3125000
NODE_5372_length_1074_cov_19.034872	697	777	5	31	80	0.3875000
NODE_5372_length_1074_cov_19.034872	697	777	6	16	80	0.2000000
NODE_5372_length_1074_cov_19.034872	697	777	7	8	80	0.1000000
NODE_5372_length_1074_cov_19.034872	750	830	2	6	80	0.0750000
NODE_5372_length_1074_cov_19.034872	750	830	3	35	80	0.4375000
NODE_5372_length_1074_cov_19.034872	750	830	4	31	80	0.3875000
NODE_5372_length_1074_cov_19.034872	750	830	5	8	80	0.1000000
NODE_5373_length_1074_cov_9.450256	577	657	5	5	80	0.0625000
NODE_5373_length_1074_cov_9.450256	577	657	6	5	80	0.0625000
NODE_5373_length_1074_cov_9.450256	577	657	7	45	80	0.5625000
NODE_5373_length_1074_cov_9.450256	577	657	8	25	80	0.3125000
NODE_5373_length_1074_cov_9.450256	630	710	5	46	80	0.5750000
NODE_5373_length_1074_cov_9.450256	630	710	6	12	80	0.1500000
NODE_5373_length_1074_cov_9.450256	630	710	7	3	80	0.0375000
NODE_5373_length_1074_cov_9.450256	630	710	8	19	80	0.2375000
NODE_5374_length_1074_cov_9.155897	526	606	0	80	80	1.0000000
NODE_5374_length_1074_cov_9.155897	579	659	0	80	80	1.0000000
NODE_5374_length_1074_cov_9.155897	655	735	0	80	80	1.0000000
NODE_5374_length_1074_cov_9.155897	708	788	0	80	80	1.0000000
NODE_5375_length_1074_cov_4.600000	606	686	0	80	80	1.0000000
NODE_5375_length_1074_cov_4.600000	659	739	0	80	80	1.0000000
NODE_5376_length_1074_cov_4.328205	32	112	0	71	80	0.8875000
NODE_5376_length_1074_cov_4.328205	32	112	1	9	80	0.1125000
NODE_5380_length_1073_cov_60.012320	448	528	13	9	80	0.1125000
NODE_5380_length_1073_cov_60.012320	448	528	14	5	80	0.0625000
NODE_5380_length_1073_cov_60.012320	448	528	15	39	80	0.4875000
NODE_5380_length_1073_cov_60.012320	448	528	16	27	80	0.3375000
NODE_5380_length_1073_cov_60.012320	501	581	10	4	80	0.0500000
NODE_5380_length_1073_cov_60.012320	501	581	12	23	80	0.2875000
NODE_5380_length_1073_cov_60.012320	501	581	14	16	80	0.2000000
NODE_5380_length_1073_cov_60.012320	501	581	15	37	80	0.4625000
NODE_5382_length_1073_cov_26.415811	529	609	5	2	80	0.0250000
NODE_5382_length_1073_cov_26.415811	529	609	6	41	80	0.5125000
NODE_5382_length_1073_cov_26.415811	529	609	7	15	80	0.1875000
NODE_5382_length_1073_cov_26.415811	529	609	8	22	80	0.2750000
NODE_5382_length_1073_cov_26.415811	582	662	2	44	80	0.5500000
NODE_5382_length_1073_cov_26.415811	582	662	3	4	80	0.0500000
NODE_5382_length_1073_cov_26.415811	582	662	5	7	80	0.0875000
NODE_5382_length_1073_cov_26.415811	582	662	7	4	80	0.0500000
NODE_5382_length_1073_cov_26.415811	582	662	8	21	80	0.2625000
NODE_5383_length_1073_cov_19.062628	571	651	3	40	80	0.5000000
NODE_5383_length_1073_cov_19.062628	571	651	4	40	80	0.5000000
NODE_5383_length_1073_cov_19.062628	624	704	3	66	80	0.8250000
NODE_5383_length_1073_cov_19.062628	624	704	4	14	80	0.1750000
NODE_5384_length_1073_cov_18.536961	447	527	1	80	80	1.0000000
NODE_5384_length_1073_cov_18.536961	500	580	1	59	80	0.7375000
NODE_5384_length_1073_cov_18.536961	500	580	2	21	80	0.2625000
NODE_5384_length_1073_cov_18.536961	576	656	1	22	80	0.2750000
NODE_5384_length_1073_cov_18.536961	576	656	2	58	80	0.7250000
NODE_5384_length_1073_cov_18.536961	629	709	1	10	80	0.1250000
NODE_5384_length_1073_cov_18.536961	629	709	2	70	80	0.8750000
NODE_5385_length_1073_cov_15.318275	712	792	2	27	80	0.3375000
NODE_5385_length_1073_cov_15.318275	712	792	3	4	80	0.0500000
NODE_5385_length_1073_cov_15.318275	712	792	4	25	80	0.3125000
NODE_5385_length_1073_cov_15.318275	712	792	5	16	80	0.2000000
NODE_5385_length_1073_cov_15.318275	712	792	6	8	80	0.1000000
NODE_5385_length_1073_cov_15.318275	765	845	4	30	80	0.3750000
NODE_5385_length_1073_cov_15.318275	765	845	5	16	80	0.2000000
NODE_5385_length_1073_cov_15.318275	765	845	6	34	80	0.4250000
NODE_5386_length_1073_cov_8.376797	287	367	2	27	80	0.3375000
NODE_5386_length_1073_cov_8.376797	287	367	4	53	80	0.6625000
NODE_5386_length_1073_cov_8.376797	340	420	2	11	80	0.1375000
NODE_5386_length_1073_cov_8.376797	340	420	3	12	80	0.1500000
NODE_5386_length_1073_cov_8.376797	340	420	4	57	80	0.7125000
NODE_5387_length_1073_cov_5.749487	257	337	1	31	80	0.3875000
NODE_5387_length_1073_cov_5.749487	257	337	2	49	80	0.6125000
NODE_5387_length_1073_cov_5.749487	310	390	1	6	80	0.0750000
NODE_5387_length_1073_cov_5.749487	310	390	2	74	80	0.9250000
NODE_5388_length_1073_cov_5.156057	408	444	2	36	36	1.0000000
NODE_5390_length_1073_cov_3.019507	1	69	0	68	68	1.0000000
NODE_5390_length_1073_cov_3.019507	42	122	0	80	80	1.0000000
NODE_5399_length_1072_cov_62.729702	351	431	11	14	80	0.1750000
NODE_5399_length_1072_cov_62.729702	351	431	12	11	80	0.1375000
NODE_5399_length_1072_cov_62.729702	351	431	13	5	80	0.0625000
NODE_5399_length_1072_cov_62.729702	351	431	14	6	80	0.0750000
NODE_5399_length_1072_cov_62.729702	351	431	16	11	80	0.1375000
NODE_5399_length_1072_cov_62.729702	351	431	18	7	80	0.0875000
NODE_5399_length_1072_cov_62.729702	351	431	19	25	80	0.3125000
NODE_5399_length_1072_cov_62.729702	351	431	20	1	80	0.0125000
NODE_5399_length_1072_cov_62.729702	404	484	15	3	80	0.0375000
NODE_5399_length_1072_cov_62.729702	404	484	16	7	80	0.0875000
NODE_5399_length_1072_cov_62.729702	404	484	17	13	80	0.1625000
NODE_5399_length_1072_cov_62.729702	404	484	18	16	80	0.2000000
NODE_5399_length_1072_cov_62.729702	404	484	19	29	80	0.3625000
NODE_5399_length_1072_cov_62.729702	404	484	20	12	80	0.1500000
NODE_5399_length_1072_cov_62.729702	480	560	7	4	80	0.0500000
NODE_5399_length_1072_cov_62.729702	480	560	8	5	80	0.0625000
NODE_5399_length_1072_cov_62.729702	480	560	9	14	80	0.1750000
NODE_5399_length_1072_cov_62.729702	480	560	11	7	80	0.0875000
NODE_5399_length_1072_cov_62.729702	480	560	12	1	80	0.0125000
NODE_5399_length_1072_cov_62.729702	480	560	13	11	80	0.1375000
NODE_5399_length_1072_cov_62.729702	480	560	14	3	80	0.0375000
NODE_5399_length_1072_cov_62.729702	480	560	15	18	80	0.2250000
NODE_5399_length_1072_cov_62.729702	480	560	16	17	80	0.2125000
NODE_5399_length_1072_cov_62.729702	533	613	1	7	80	0.0875000
NODE_5399_length_1072_cov_62.729702	533	613	3	22	80	0.2750000
NODE_5399_length_1072_cov_62.729702	533	613	4	6	80	0.0750000
NODE_5399_length_1072_cov_62.729702	533	613	5	2	80	0.0250000
NODE_5399_length_1072_cov_62.729702	533	613	7	20	80	0.2500000
NODE_5399_length_1072_cov_62.729702	533	613	8	5	80	0.0625000
NODE_5399_length_1072_cov_62.729702	533	613	9	14	80	0.1750000
NODE_5399_length_1072_cov_62.729702	533	613	11	4	80	0.0500000
NODE_5400_length_1072_cov_34.045221	430	510	10	2	80	0.0250000
NODE_5400_length_1072_cov_34.045221	430	510	12	3	80	0.0375000
NODE_5400_length_1072_cov_34.045221	430	510	13	4	80	0.0500000
NODE_5400_length_1072_cov_34.045221	430	510	14	8	80	0.1000000
NODE_5400_length_1072_cov_34.045221	430	510	15	63	80	0.7875000
NODE_5400_length_1072_cov_34.045221	483	563	4	6	80	0.0750000
NODE_5400_length_1072_cov_34.045221	483	563	6	21	80	0.2625000
NODE_5400_length_1072_cov_34.045221	483	563	8	21	80	0.2625000
NODE_5400_length_1072_cov_34.045221	483	563	9	3	80	0.0375000
NODE_5400_length_1072_cov_34.045221	483	563	10	4	80	0.0500000
NODE_5400_length_1072_cov_34.045221	483	563	12	2	80	0.0250000
NODE_5400_length_1072_cov_34.045221	483	563	13	2	80	0.0250000
NODE_5400_length_1072_cov_34.045221	483	563	15	21	80	0.2625000
NODE_5401_length_1072_cov_34.006166	342	423	6	15	81	0.1851852
NODE_5401_length_1072_cov_34.006166	342	423	7	4	81	0.0493827
NODE_5401_length_1072_cov_34.006166	342	423	9	7	81	0.0864198
NODE_5401_length_1072_cov_34.006166	342	423	10	29	81	0.3580247
NODE_5401_length_1072_cov_34.006166	342	423	11	20	81	0.2469136
NODE_5401_length_1072_cov_34.006166	342	423	12	6	81	0.0740741
NODE_5401_length_1072_cov_34.006166	396	476	8	23	80	0.2875000
NODE_5401_length_1072_cov_34.006166	396	476	9	10	80	0.1250000
NODE_5401_length_1072_cov_34.006166	396	476	10	43	80	0.5375000
NODE_5401_length_1072_cov_34.006166	396	476	11	4	80	0.0500000
NODE_5401_length_1072_cov_34.006166	472	552	2	3	80	0.0375000
NODE_5401_length_1072_cov_34.006166	472	552	4	33	80	0.4125000
NODE_5401_length_1072_cov_34.006166	472	552	5	5	80	0.0625000
NODE_5401_length_1072_cov_34.006166	472	552	6	1	80	0.0125000
NODE_5401_length_1072_cov_34.006166	472	552	7	3	80	0.0375000
NODE_5401_length_1072_cov_34.006166	472	552	8	35	80	0.4375000
NODE_5401_length_1072_cov_34.006166	525	605	2	26	80	0.3250000
NODE_5401_length_1072_cov_34.006166	525	605	3	8	80	0.1000000
NODE_5401_length_1072_cov_34.006166	525	605	4	46	80	0.5750000
NODE_5403_length_1072_cov_21.852004	300	380	0	10	80	0.1250000
NODE_5403_length_1072_cov_21.852004	300	380	2	49	80	0.6125000
NODE_5403_length_1072_cov_21.852004	300	380	3	1	80	0.0125000
NODE_5403_length_1072_cov_21.852004	300	380	4	7	80	0.0875000
NODE_5403_length_1072_cov_21.852004	300	380	5	13	80	0.1625000
NODE_5403_length_1072_cov_21.852004	353	433	2	6	80	0.0750000
NODE_5403_length_1072_cov_21.852004	353	433	3	45	80	0.5625000
NODE_5403_length_1072_cov_21.852004	353	433	4	7	80	0.0875000
NODE_5403_length_1072_cov_21.852004	353	433	5	22	80	0.2750000
NODE_5404_length_1072_cov_21.532374	476	556	4	41	80	0.5125000
NODE_5404_length_1072_cov_21.532374	476	556	5	32	80	0.4000000
NODE_5404_length_1072_cov_21.532374	476	556	6	7	80	0.0875000
NODE_5404_length_1072_cov_21.532374	529	609	3	17	80	0.2125000
NODE_5404_length_1072_cov_21.532374	529	609	4	53	80	0.6625000
NODE_5404_length_1072_cov_21.532374	529	609	5	10	80	0.1250000
NODE_5405_length_1072_cov_17.018499	415	495	2	12	80	0.1500000
NODE_5405_length_1072_cov_17.018499	415	495	3	68	80	0.8500000
NODE_5405_length_1072_cov_17.018499	468	548	3	64	80	0.8000000
NODE_5405_length_1072_cov_17.018499	468	548	4	16	80	0.2000000
NODE_5410_length_1072_cov_3.302158	388	449	2	57	61	0.9344262
NODE_5410_length_1072_cov_3.302158	388	449	3	4	61	0.0655738
NODE_5410_length_1072_cov_3.302158	422	502	2	23	80	0.2875000
NODE_5410_length_1072_cov_3.302158	422	502	3	27	80	0.3375000
NODE_5410_length_1072_cov_3.302158	422	502	4	2	80	0.0250000
NODE_5410_length_1072_cov_3.302158	422	502	5	28	80	0.3500000
NODE_5414_length_1072_cov_1.773895	114	176	0	62	62	1.0000000
NODE_5417_length_1071_cov_27.565844	312	392	3	14	80	0.1750000
NODE_5417_length_1071_cov_27.565844	312	392	4	2	80	0.0250000
NODE_5417_length_1071_cov_27.565844	312	392	5	63	80	0.7875000
NODE_5417_length_1071_cov_27.565844	312	392	6	1	80	0.0125000
NODE_5417_length_1071_cov_27.565844	365	445	4	27	80	0.3375000
NODE_5417_length_1071_cov_27.565844	365	445	5	26	80	0.3250000
NODE_5417_length_1071_cov_27.565844	365	445	6	27	80	0.3375000
NODE_5419_length_1071_cov_12.666667	480	560	0	80	80	1.0000000
NODE_5419_length_1071_cov_12.666667	533	613	0	80	80	1.0000000
NODE_5421_length_1071_cov_8.942387	418	498	1	11	80	0.1375000
NODE_5421_length_1071_cov_8.942387	418	498	2	69	80	0.8625000
NODE_5421_length_1071_cov_8.942387	471	551	1	12	80	0.1500000
NODE_5421_length_1071_cov_8.942387	471	551	2	68	80	0.8500000
NODE_5427_length_1070_cov_39.255407	591	671	9	6	80	0.0750000
NODE_5427_length_1070_cov_39.255407	591	671	11	6	80	0.0750000
NODE_5427_length_1070_cov_39.255407	591	671	12	7	80	0.0875000
NODE_5427_length_1070_cov_39.255407	591	671	13	10	80	0.1250000
NODE_5427_length_1070_cov_39.255407	591	671	14	34	80	0.4250000
NODE_5427_length_1070_cov_39.255407	591	671	15	17	80	0.2125000
NODE_5427_length_1070_cov_39.255407	644	724	3	2	80	0.0250000
NODE_5427_length_1070_cov_39.255407	644	724	5	13	80	0.1625000
NODE_5427_length_1070_cov_39.255407	644	724	6	7	80	0.0875000
NODE_5427_length_1070_cov_39.255407	644	724	7	15	80	0.1875000
NODE_5427_length_1070_cov_39.255407	644	724	9	8	80	0.1000000
NODE_5427_length_1070_cov_39.255407	644	724	13	1	80	0.0125000
NODE_5427_length_1070_cov_39.255407	644	724	14	16	80	0.2000000
NODE_5427_length_1070_cov_39.255407	644	724	15	18	80	0.2250000
NODE_5428_length_1070_cov_21.903193	430	510	3	80	80	1.0000000
NODE_5428_length_1070_cov_21.903193	483	563	2	12	80	0.1500000
NODE_5428_length_1070_cov_21.903193	483	563	3	57	80	0.7125000
NODE_5428_length_1070_cov_21.903193	483	563	4	11	80	0.1375000
NODE_5428_length_1070_cov_21.903193	559	639	1	64	80	0.8000000
NODE_5428_length_1070_cov_21.903193	559	639	2	16	80	0.2000000
NODE_5428_length_1070_cov_21.903193	612	692	0	2	80	0.0250000
NODE_5428_length_1070_cov_21.903193	612	692	1	78	80	0.9750000
NODE_5429_length_1070_cov_8.963955	871	900	2	1	29	0.0344828
NODE_5429_length_1070_cov_8.963955	871	900	4	3	29	0.1034483
NODE_5429_length_1070_cov_8.963955	871	900	6	1	29	0.0344828
NODE_5429_length_1070_cov_8.963955	871	900	9	6	29	0.2068966
NODE_5429_length_1070_cov_8.963955	871	900	10	8	29	0.2758621
NODE_5429_length_1070_cov_8.963955	871	900	11	3	29	0.1034483
NODE_5429_length_1070_cov_8.963955	871	900	12	1	29	0.0344828
NODE_5429_length_1070_cov_8.963955	871	900	14	6	29	0.2068966
NODE_5429_length_1070_cov_8.963955	873	953	4	2	80	0.0250000
NODE_5429_length_1070_cov_8.963955	873	953	6	1	80	0.0125000
NODE_5429_length_1070_cov_8.963955	873	953	9	6	80	0.0750000
NODE_5429_length_1070_cov_8.963955	873	953	10	8	80	0.1000000
NODE_5429_length_1070_cov_8.963955	873	953	11	3	80	0.0375000
NODE_5429_length_1070_cov_8.963955	873	953	12	1	80	0.0125000
NODE_5429_length_1070_cov_8.963955	873	953	14	8	80	0.1000000
NODE_5429_length_1070_cov_8.963955	873	953	16	2	80	0.0250000
NODE_5429_length_1070_cov_8.963955	873	953	17	3	80	0.0375000
NODE_5429_length_1070_cov_8.963955	873	953	19	26	80	0.3250000
NODE_5429_length_1070_cov_8.963955	873	953	20	20	80	0.2500000
NODE_5433_length_1070_cov_1.659114	1027	1046	0	19	19	1.0000000
NODE_5439_length_1069_cov_40.277320	451	531	5	3	80	0.0375000
NODE_5439_length_1069_cov_40.277320	451	531	6	15	80	0.1875000
NODE_5439_length_1069_cov_40.277320	451	531	7	2	80	0.0250000
NODE_5439_length_1069_cov_40.277320	451	531	8	60	80	0.7500000
NODE_5439_length_1069_cov_40.277320	504	584	6	37	80	0.4625000
NODE_5439_length_1069_cov_40.277320	504	584	7	18	80	0.2250000
NODE_5439_length_1069_cov_40.277320	504	584	8	25	80	0.3125000
NODE_5440_length_1069_cov_23.571134	274	354	9	9	80	0.1125000
NODE_5440_length_1069_cov_23.571134	274	354	11	23	80	0.2875000
NODE_5440_length_1069_cov_23.571134	274	354	12	42	80	0.5250000
NODE_5440_length_1069_cov_23.571134	274	354	13	5	80	0.0625000
NODE_5440_length_1069_cov_23.571134	274	354	14	1	80	0.0125000
NODE_5440_length_1069_cov_23.571134	327	407	8	8	80	0.1000000
NODE_5440_length_1069_cov_23.571134	327	407	9	11	80	0.1375000
NODE_5440_length_1069_cov_23.571134	327	407	10	5	80	0.0625000
NODE_5440_length_1069_cov_23.571134	327	407	11	43	80	0.5375000
NODE_5440_length_1069_cov_23.571134	327	407	12	13	80	0.1625000
NODE_5441_length_1069_cov_22.436082	185	265	0	80	80	1.0000000
NODE_5441_length_1069_cov_22.436082	238	318	0	80	80	1.0000000
NODE_5442_length_1069_cov_18.207216	436	516	3	18	80	0.2250000
NODE_5442_length_1069_cov_18.207216	436	516	4	6	80	0.0750000
NODE_5442_length_1069_cov_18.207216	436	516	5	16	80	0.2000000
NODE_5442_length_1069_cov_18.207216	436	516	6	6	80	0.0750000
NODE_5442_length_1069_cov_18.207216	436	516	7	21	80	0.2625000
NODE_5442_length_1069_cov_18.207216	436	516	8	13	80	0.1625000
NODE_5442_length_1069_cov_18.207216	489	569	5	5	80	0.0625000
NODE_5442_length_1069_cov_18.207216	489	569	6	1	80	0.0125000
NODE_5442_length_1069_cov_18.207216	489	569	7	11	80	0.1375000
NODE_5442_length_1069_cov_18.207216	489	569	8	63	80	0.7875000
NODE_5443_length_1069_cov_17.601031	596	676	3	34	80	0.4250000
NODE_5443_length_1069_cov_17.601031	596	676	4	44	80	0.5500000
NODE_5443_length_1069_cov_17.601031	596	676	5	2	80	0.0250000
NODE_5443_length_1069_cov_17.601031	649	729	3	13	80	0.1625000
NODE_5443_length_1069_cov_17.601031	649	729	4	12	80	0.1500000
NODE_5443_length_1069_cov_17.601031	649	729	5	41	80	0.5125000
NODE_5443_length_1069_cov_17.601031	649	729	6	14	80	0.1750000
NODE_5444_length_1069_cov_16.318557	353	433	0	5	80	0.0625000
NODE_5444_length_1069_cov_16.318557	353	433	3	75	80	0.9375000
NODE_5444_length_1069_cov_16.318557	406	486	3	67	80	0.8375000
NODE_5444_length_1069_cov_16.318557	406	486	4	13	80	0.1625000
NODE_5444_length_1069_cov_16.318557	482	562	2	54	80	0.6750000
NODE_5444_length_1069_cov_16.318557	482	562	3	16	80	0.2000000
NODE_5444_length_1069_cov_16.318557	482	562	4	7	80	0.0875000
NODE_5444_length_1069_cov_16.318557	482	562	5	3	80	0.0375000
NODE_5444_length_1069_cov_16.318557	535	615	2	80	80	1.0000000
NODE_5445_length_1069_cov_13.349485	471	551	3	22	80	0.2750000
NODE_5445_length_1069_cov_13.349485	471	551	5	12	80	0.1500000
NODE_5445_length_1069_cov_13.349485	471	551	6	46	80	0.5750000
NODE_5445_length_1069_cov_13.349485	524	604	0	26	80	0.3250000
NODE_5445_length_1069_cov_13.349485	524	604	2	17	80	0.2125000
NODE_5445_length_1069_cov_13.349485	524	604	3	32	80	0.4000000
NODE_5445_length_1069_cov_13.349485	524	604	5	5	80	0.0625000
NODE_5446_length_1069_cov_13.050515	314	394	1	14	80	0.1750000
NODE_5446_length_1069_cov_13.050515	314	394	2	2	80	0.0250000
NODE_5446_length_1069_cov_13.050515	314	394	3	64	80	0.8000000
NODE_5446_length_1069_cov_13.050515	367	447	2	23	80	0.2875000
NODE_5446_length_1069_cov_13.050515	367	447	3	25	80	0.3125000
NODE_5446_length_1069_cov_13.050515	367	447	4	32	80	0.4000000
NODE_5447_length_1069_cov_12.818557	240	320	0	28	80	0.3500000
NODE_5447_length_1069_cov_12.818557	240	320	2	8	80	0.1000000
NODE_5447_length_1069_cov_12.818557	240	320	3	44	80	0.5500000
NODE_5447_length_1069_cov_12.818557	293	373	3	60	80	0.7500000
NODE_5447_length_1069_cov_12.818557	293	373	4	20	80	0.2500000
NODE_5448_length_1069_cov_11.985567	554	634	0	80	80	1.0000000
NODE_5448_length_1069_cov_11.985567	607	687	0	80	80	1.0000000
NODE_5449_length_1069_cov_10.812371	366	446	0	11	80	0.1375000
NODE_5449_length_1069_cov_10.812371	366	446	1	1	80	0.0125000
NODE_5449_length_1069_cov_10.812371	366	446	2	68	80	0.8500000
NODE_5449_length_1069_cov_10.812371	419	499	0	39	80	0.4875000
NODE_5449_length_1069_cov_10.812371	419	499	2	41	80	0.5125000
NODE_5450_length_1069_cov_7.729897	482	562	0	41	80	0.5125000
NODE_5450_length_1069_cov_7.729897	482	562	1	7	80	0.0875000
NODE_5450_length_1069_cov_7.729897	482	562	2	32	80	0.4000000
NODE_5450_length_1069_cov_7.729897	535	615	2	80	80	1.0000000
NODE_5456_length_1068_cov_31.692466	314	394	4	3	80	0.0375000
NODE_5456_length_1068_cov_31.692466	314	394	5	8	80	0.1000000
NODE_5456_length_1068_cov_31.692466	314	394	6	22	80	0.2750000
NODE_5456_length_1068_cov_31.692466	314	394	7	17	80	0.2125000
NODE_5456_length_1068_cov_31.692466	314	394	8	4	80	0.0500000
NODE_5456_length_1068_cov_31.692466	314	394	10	16	80	0.2000000
NODE_5456_length_1068_cov_31.692466	314	394	11	10	80	0.1250000
NODE_5456_length_1068_cov_31.692466	367	447	8	14	80	0.1750000
NODE_5456_length_1068_cov_31.692466	367	447	9	3	80	0.0375000
NODE_5456_length_1068_cov_31.692466	367	447	10	33	80	0.4125000
NODE_5456_length_1068_cov_31.692466	367	447	11	30	80	0.3750000
NODE_5456_length_1068_cov_31.692466	443	523	3	9	80	0.1125000
NODE_5456_length_1068_cov_31.692466	443	523	4	1	80	0.0125000
NODE_5456_length_1068_cov_31.692466	443	523	5	2	80	0.0250000
NODE_5456_length_1068_cov_31.692466	443	523	6	26	80	0.3250000
NODE_5456_length_1068_cov_31.692466	443	523	7	32	80	0.4000000
NODE_5456_length_1068_cov_31.692466	443	523	8	10	80	0.1250000
NODE_5456_length_1068_cov_31.692466	496	576	2	42	80	0.5250000
NODE_5456_length_1068_cov_31.692466	496	576	3	20	80	0.2500000
NODE_5456_length_1068_cov_31.692466	496	576	4	1	80	0.0125000
NODE_5456_length_1068_cov_31.692466	496	576	6	17	80	0.2125000
NODE_5457_length_1068_cov_29.579979	347	427	7	2	80	0.0250000
NODE_5457_length_1068_cov_29.579979	347	427	8	21	80	0.2625000
NODE_5457_length_1068_cov_29.579979	347	427	9	21	80	0.2625000
NODE_5457_length_1068_cov_29.579979	347	427	10	36	80	0.4500000
NODE_5457_length_1068_cov_29.579979	400	480	5	5	80	0.0625000
NODE_5457_length_1068_cov_29.579979	400	480	6	36	80	0.4500000
NODE_5457_length_1068_cov_29.579979	400	480	7	13	80	0.1625000
NODE_5457_length_1068_cov_29.579979	400	480	8	7	80	0.0875000
NODE_5457_length_1068_cov_29.579979	400	480	10	19	80	0.2375000
NODE_5459_length_1068_cov_23.020640	476	556	2	32	80	0.4000000
NODE_5459_length_1068_cov_23.020640	476	556	3	14	80	0.1750000
NODE_5459_length_1068_cov_23.020640	476	556	4	10	80	0.1250000
NODE_5459_length_1068_cov_23.020640	476	556	5	24	80	0.3000000
NODE_5459_length_1068_cov_23.020640	529	609	3	34	80	0.4250000
NODE_5459_length_1068_cov_23.020640	529	609	4	3	80	0.0375000
NODE_5459_length_1068_cov_23.020640	529	609	5	43	80	0.5375000
NODE_5460_length_1068_cov_15.272446	546	626	3	28	80	0.3500000
NODE_5460_length_1068_cov_15.272446	546	626	4	43	80	0.5375000
NODE_5460_length_1068_cov_15.272446	546	626	5	9	80	0.1125000
NODE_5460_length_1068_cov_15.272446	599	679	3	10	80	0.1250000
NODE_5460_length_1068_cov_15.272446	599	679	4	61	80	0.7625000
NODE_5460_length_1068_cov_15.272446	599	679	5	9	80	0.1125000
NODE_5461_length_1068_cov_13.557276	674	754	2	42	80	0.5250000
NODE_5461_length_1068_cov_13.557276	674	754	4	38	80	0.4750000
NODE_5461_length_1068_cov_13.557276	727	807	2	72	80	0.9000000
NODE_5461_length_1068_cov_13.557276	727	807	4	8	80	0.1000000
NODE_5479_length_1067_cov_48.282025	429	509	0	80	80	1.0000000
NODE_5479_length_1067_cov_48.282025	482	562	0	80	80	1.0000000
NODE_5480_length_1067_cov_41.111570	460	540	3	21	80	0.2625000
NODE_5480_length_1067_cov_41.111570	460	540	5	33	80	0.4125000
NODE_5480_length_1067_cov_41.111570	460	540	6	24	80	0.3000000
NODE_5480_length_1067_cov_41.111570	460	540	7	2	80	0.0250000
NODE_5480_length_1067_cov_41.111570	513	593	2	13	80	0.1625000
NODE_5480_length_1067_cov_41.111570	513	593	3	8	80	0.1000000
NODE_5480_length_1067_cov_41.111570	513	593	5	4	80	0.0500000
NODE_5480_length_1067_cov_41.111570	513	593	6	53	80	0.6625000
NODE_5480_length_1067_cov_41.111570	513	593	7	2	80	0.0250000
NODE_5481_length_1067_cov_39.109504	295	375	0	46	80	0.5750000
NODE_5481_length_1067_cov_39.109504	295	375	1	34	80	0.4250000
NODE_5481_length_1067_cov_39.109504	348	428	1	55	80	0.6875000
NODE_5481_length_1067_cov_39.109504	348	428	2	3	80	0.0375000
NODE_5481_length_1067_cov_39.109504	348	428	4	22	80	0.2750000
NODE_5481_length_1067_cov_39.109504	424	504	4	29	80	0.3625000
NODE_5481_length_1067_cov_39.109504	424	504	6	13	80	0.1625000
NODE_5481_length_1067_cov_39.109504	424	504	7	13	80	0.1625000
NODE_5481_length_1067_cov_39.109504	424	504	8	25	80	0.3125000
NODE_5481_length_1067_cov_39.109504	477	557	2	4	80	0.0500000
NODE_5481_length_1067_cov_39.109504	477	557	3	1	80	0.0125000
NODE_5481_length_1067_cov_39.109504	477	557	5	21	80	0.2625000
NODE_5481_length_1067_cov_39.109504	477	557	6	1	80	0.0125000
NODE_5481_length_1067_cov_39.109504	477	557	7	39	80	0.4875000
NODE_5481_length_1067_cov_39.109504	477	557	8	14	80	0.1750000
NODE_5482_length_1067_cov_35.426653	252	332	6	5	80	0.0625000
NODE_5482_length_1067_cov_35.426653	252	332	7	13	80	0.1625000
NODE_5482_length_1067_cov_35.426653	252	332	8	60	80	0.7500000
NODE_5482_length_1067_cov_35.426653	252	332	9	2	80	0.0250000
NODE_5482_length_1067_cov_35.426653	305	385	6	29	80	0.3625000
NODE_5482_length_1067_cov_35.426653	305	385	7	19	80	0.2375000
NODE_5482_length_1067_cov_35.426653	305	385	8	32	80	0.4000000
NODE_5483_length_1067_cov_29.467975	412	492	1	65	80	0.8125000
NODE_5483_length_1067_cov_29.467975	412	492	2	15	80	0.1875000
NODE_5483_length_1067_cov_29.467975	465	545	1	12	80	0.1500000
NODE_5483_length_1067_cov_29.467975	465	545	2	68	80	0.8500000
NODE_5484_length_1067_cov_20.738636	579	645	3	8	66	0.1212121
NODE_5484_length_1067_cov_20.738636	579	645	4	14	66	0.2121212
NODE_5484_length_1067_cov_20.738636	579	645	5	15	66	0.2272727
NODE_5484_length_1067_cov_20.738636	579	645	6	26	66	0.3939394
NODE_5484_length_1067_cov_20.738636	579	645	7	3	66	0.0454545
NODE_5484_length_1067_cov_20.738636	618	698	6	42	80	0.5250000
NODE_5484_length_1067_cov_20.738636	618	698	7	3	80	0.0375000
NODE_5484_length_1067_cov_20.738636	618	698	8	1	80	0.0125000
NODE_5484_length_1067_cov_20.738636	618	698	9	22	80	0.2750000
NODE_5484_length_1067_cov_20.738636	618	698	11	12	80	0.1500000
NODE_5485_length_1067_cov_15.280992	538	617	2	3	79	0.0379747
NODE_5485_length_1067_cov_15.280992	538	617	3	22	79	0.2784810
NODE_5485_length_1067_cov_15.280992	538	617	4	54	79	0.6835443
NODE_5485_length_1067_cov_15.280992	590	670	2	2	80	0.0250000
NODE_5485_length_1067_cov_15.280992	590	670	3	31	80	0.3875000
NODE_5485_length_1067_cov_15.280992	590	670	4	47	80	0.5875000
NODE_5486_length_1067_cov_13.708678	478	558	4	23	80	0.2875000
NODE_5486_length_1067_cov_13.708678	478	558	5	31	80	0.3875000
NODE_5486_length_1067_cov_13.708678	478	558	6	26	80	0.3250000
NODE_5486_length_1067_cov_13.708678	531	611	1	3	80	0.0375000
NODE_5486_length_1067_cov_13.708678	531	611	2	25	80	0.3125000
NODE_5486_length_1067_cov_13.708678	531	611	3	1	80	0.0125000
NODE_5486_length_1067_cov_13.708678	531	611	4	47	80	0.5875000
NODE_5486_length_1067_cov_13.708678	531	611	5	4	80	0.0500000
NODE_5488_length_1067_cov_9.070248	625	705	2	60	80	0.7500000
NODE_5488_length_1067_cov_9.070248	625	705	3	11	80	0.1375000
NODE_5488_length_1067_cov_9.070248	625	705	4	9	80	0.1125000
NODE_5488_length_1067_cov_9.070248	678	758	2	18	80	0.2250000
NODE_5488_length_1067_cov_9.070248	678	758	3	62	80	0.7750000
NODE_5494_length_1067_cov_1.946281	765	812	0	47	47	1.0000000
NODE_5501_length_1066_cov_54.227508	395	475	9	21	80	0.2625000
NODE_5501_length_1066_cov_54.227508	395	475	10	39	80	0.4875000
NODE_5501_length_1066_cov_54.227508	395	475	13	20	80	0.2500000
NODE_5501_length_1066_cov_54.227508	448	528	4	8	80	0.1000000
NODE_5501_length_1066_cov_54.227508	448	528	5	13	80	0.1625000
NODE_5501_length_1066_cov_54.227508	448	528	6	17	80	0.2125000
NODE_5501_length_1066_cov_54.227508	448	528	7	2	80	0.0250000
NODE_5501_length_1066_cov_54.227508	448	528	9	4	80	0.0500000
NODE_5501_length_1066_cov_54.227508	448	528	10	15	80	0.1875000
NODE_5501_length_1066_cov_54.227508	448	528	12	1	80	0.0125000
NODE_5501_length_1066_cov_54.227508	448	528	13	20	80	0.2500000
NODE_5502_length_1066_cov_33.501551	357	437	6	2	80	0.0250000
NODE_5502_length_1066_cov_33.501551	357	437	7	2	80	0.0250000
NODE_5502_length_1066_cov_33.501551	357	437	8	9	80	0.1125000
NODE_5502_length_1066_cov_33.501551	357	437	10	15	80	0.1875000
NODE_5502_length_1066_cov_33.501551	357	437	11	17	80	0.2125000
NODE_5502_length_1066_cov_33.501551	357	437	12	10	80	0.1250000
NODE_5502_length_1066_cov_33.501551	357	437	13	19	80	0.2375000
NODE_5502_length_1066_cov_33.501551	357	437	14	6	80	0.0750000
NODE_5502_length_1066_cov_33.501551	410	490	9	2	80	0.0250000
NODE_5502_length_1066_cov_33.501551	410	490	10	7	80	0.0875000
NODE_5502_length_1066_cov_33.501551	410	490	12	15	80	0.1875000
NODE_5502_length_1066_cov_33.501551	410	490	13	15	80	0.1875000
NODE_5502_length_1066_cov_33.501551	410	490	14	41	80	0.5125000
NODE_5503_length_1066_cov_33.115822	397	477	4	2	80	0.0250000
NODE_5503_length_1066_cov_33.115822	397	477	5	30	80	0.3750000
NODE_5503_length_1066_cov_33.115822	397	477	6	44	80	0.5500000
NODE_5503_length_1066_cov_33.115822	397	477	7	3	80	0.0375000
NODE_5503_length_1066_cov_33.115822	397	477	8	1	80	0.0125000
NODE_5503_length_1066_cov_33.115822	450	530	4	2	80	0.0250000
NODE_5503_length_1066_cov_33.115822	450	530	5	13	80	0.1625000
NODE_5503_length_1066_cov_33.115822	450	530	6	28	80	0.3500000
NODE_5503_length_1066_cov_33.115822	450	530	7	14	80	0.1750000
NODE_5503_length_1066_cov_33.115822	450	530	8	23	80	0.2875000
NODE_5504_length_1066_cov_26.517063	215	285	36	4	70	0.0571429
NODE_5504_length_1066_cov_26.517063	215	285	37	1	70	0.0142857
NODE_5504_length_1066_cov_26.517063	215	285	38	6	70	0.0857143
NODE_5504_length_1066_cov_26.517063	215	285	39	1	70	0.0142857
NODE_5504_length_1066_cov_26.517063	215	285	40	17	70	0.2428571
NODE_5504_length_1066_cov_26.517063	215	285	41	25	70	0.3571429
NODE_5504_length_1066_cov_26.517063	215	285	42	3	70	0.0428571
NODE_5504_length_1066_cov_26.517063	215	285	43	1	70	0.0142857
NODE_5504_length_1066_cov_26.517063	215	285	44	3	70	0.0428571
NODE_5504_length_1066_cov_26.517063	215	285	45	2	70	0.0285714
NODE_5504_length_1066_cov_26.517063	215	285	46	7	70	0.1000000
NODE_5505_length_1066_cov_16.906929	526	606	1	8	80	0.1000000
NODE_5505_length_1066_cov_16.906929	526	606	2	42	80	0.5250000
NODE_5505_length_1066_cov_16.906929	526	606	4	17	80	0.2125000
NODE_5505_length_1066_cov_16.906929	526	606	5	13	80	0.1625000
NODE_5505_length_1066_cov_16.906929	579	659	4	70	80	0.8750000
NODE_5505_length_1066_cov_16.906929	579	659	5	10	80	0.1250000
NODE_5506_length_1066_cov_16.190279	298	378	2	5	80	0.0625000
NODE_5506_length_1066_cov_16.190279	298	378	3	10	80	0.1250000
NODE_5506_length_1066_cov_16.190279	298	378	4	3	80	0.0375000
NODE_5506_length_1066_cov_16.190279	298	378	5	54	80	0.6750000
NODE_5506_length_1066_cov_16.190279	298	378	6	8	80	0.1000000
NODE_5506_length_1066_cov_16.190279	351	432	5	19	81	0.2345679
NODE_5506_length_1066_cov_16.190279	351	432	6	62	81	0.7654321
NODE_5507_length_1066_cov_15.444674	582	662	1	4	80	0.0500000
NODE_5507_length_1066_cov_15.444674	582	662	2	59	80	0.7375000
NODE_5507_length_1066_cov_15.444674	582	662	3	17	80	0.2125000
NODE_5507_length_1066_cov_15.444674	635	715	2	35	80	0.4375000
NODE_5507_length_1066_cov_15.444674	635	715	3	45	80	0.5625000
NODE_5516_length_1065_cov_51.693582	480	560	0	8	80	0.1000000
NODE_5516_length_1065_cov_51.693582	480	560	1	36	80	0.4500000
NODE_5516_length_1065_cov_51.693582	480	560	3	28	80	0.3500000
NODE_5516_length_1065_cov_51.693582	480	560	4	8	80	0.1000000
NODE_5516_length_1065_cov_51.693582	533	613	3	19	80	0.2375000
NODE_5516_length_1065_cov_51.693582	533	613	4	61	80	0.7625000
NODE_5517_length_1065_cov_33.428571	422	502	1	3	80	0.0375000
NODE_5517_length_1065_cov_33.428571	422	502	3	9	80	0.1125000
NODE_5517_length_1065_cov_33.428571	422	502	5	40	80	0.5000000
NODE_5517_length_1065_cov_33.428571	422	502	6	4	80	0.0500000
NODE_5517_length_1065_cov_33.428571	422	502	7	21	80	0.2625000
NODE_5517_length_1065_cov_33.428571	422	502	8	3	80	0.0375000
NODE_5517_length_1065_cov_33.428571	422	502	1	3	80	0.0375000
NODE_5517_length_1065_cov_33.428571	422	502	3	9	80	0.1125000
NODE_5517_length_1065_cov_33.428571	422	502	5	40	80	0.5000000
NODE_5517_length_1065_cov_33.428571	422	502	6	4	80	0.0500000
NODE_5517_length_1065_cov_33.428571	422	502	7	21	80	0.2625000
NODE_5517_length_1065_cov_33.428571	422	502	8	3	80	0.0375000
NODE_5517_length_1065_cov_33.428571	422	502	1	3	80	0.0375000
NODE_5517_length_1065_cov_33.428571	422	502	3	9	80	0.1125000
NODE_5517_length_1065_cov_33.428571	422	502	5	40	80	0.5000000
NODE_5517_length_1065_cov_33.428571	422	502	6	4	80	0.0500000
NODE_5517_length_1065_cov_33.428571	422	502	7	21	80	0.2625000
NODE_5517_length_1065_cov_33.428571	422	502	8	3	80	0.0375000
NODE_5517_length_1065_cov_33.428571	475	555	6	3	80	0.0375000
NODE_5517_length_1065_cov_33.428571	475	555	7	30	80	0.3750000
NODE_5517_length_1065_cov_33.428571	475	555	8	47	80	0.5875000
NODE_5517_length_1065_cov_33.428571	475	555	6	3	80	0.0375000
NODE_5517_length_1065_cov_33.428571	475	555	7	30	80	0.3750000
NODE_5517_length_1065_cov_33.428571	475	555	8	47	80	0.5875000
NODE_5517_length_1065_cov_33.428571	551	631	3	3	80	0.0375000
NODE_5517_length_1065_cov_33.428571	551	631	4	42	80	0.5250000
NODE_5517_length_1065_cov_33.428571	551	631	5	23	80	0.2875000
NODE_5517_length_1065_cov_33.428571	551	631	6	3	80	0.0375000
NODE_5517_length_1065_cov_33.428571	551	631	8	9	80	0.1125000
NODE_5517_length_1065_cov_33.428571	551	631	3	3	80	0.0375000
NODE_5517_length_1065_cov_33.428571	551	631	4	42	80	0.5250000
NODE_5517_length_1065_cov_33.428571	551	631	5	23	80	0.2875000
NODE_5517_length_1065_cov_33.428571	551	631	6	3	80	0.0375000
NODE_5517_length_1065_cov_33.428571	551	631	8	9	80	0.1125000
NODE_5517_length_1065_cov_33.428571	551	572	4	9	21	0.4285714
NODE_5517_length_1065_cov_33.428571	551	572	6	3	21	0.1428571
NODE_5517_length_1065_cov_33.428571	551	572	8	9	21	0.4285714
NODE_5517_length_1065_cov_33.428571	604	666	2	14	62	0.2258064
NODE_5517_length_1065_cov_33.428571	604	666	3	24	62	0.3870968
NODE_5517_length_1065_cov_33.428571	604	666	4	4	62	0.0645161
NODE_5517_length_1065_cov_33.428571	604	666	5	20	62	0.3225806
NODE_5517_length_1065_cov_33.428571	604	684	2	18	80	0.2250000
NODE_5517_length_1065_cov_33.428571	604	684	3	38	80	0.4750000
NODE_5517_length_1065_cov_33.428571	604	684	4	4	80	0.0500000
NODE_5517_length_1065_cov_33.428571	604	684	5	20	80	0.2500000
NODE_5518_length_1065_cov_31.874741	255	335	1	80	80	1.0000000
NODE_5518_length_1065_cov_31.874741	308	388	1	70	80	0.8750000
NODE_5518_length_1065_cov_31.874741	308	388	2	10	80	0.1250000
NODE_5519_length_1065_cov_21.762940	234	314	6	10	80	0.1250000
NODE_5519_length_1065_cov_21.762940	234	314	7	31	80	0.3875000
NODE_5519_length_1065_cov_21.762940	234	314	8	39	80	0.4875000
NODE_5519_length_1065_cov_21.762940	287	367	6	5	80	0.0625000
NODE_5519_length_1065_cov_21.762940	287	367	7	21	80	0.2625000
NODE_5519_length_1065_cov_21.762940	287	367	8	18	80	0.2250000
NODE_5519_length_1065_cov_21.762940	287	367	9	26	80	0.3250000
NODE_5519_length_1065_cov_21.762940	287	367	10	10	80	0.1250000
NODE_5520_length_1065_cov_19.947205	447	527	5	14	80	0.1750000
NODE_5520_length_1065_cov_19.947205	447	527	6	1	80	0.0125000
NODE_5520_length_1065_cov_19.947205	447	527	7	4	80	0.0500000
NODE_5520_length_1065_cov_19.947205	447	527	9	24	80	0.3000000
NODE_5520_length_1065_cov_19.947205	447	527	10	37	80	0.4625000
NODE_5520_length_1065_cov_19.947205	500	580	7	1	80	0.0125000
NODE_5520_length_1065_cov_19.947205	500	580	8	15	80	0.1875000
NODE_5520_length_1065_cov_19.947205	500	580	9	42	80	0.5250000
NODE_5520_length_1065_cov_19.947205	500	580	10	9	80	0.1125000
NODE_5520_length_1065_cov_19.947205	500	580	11	1	80	0.0125000
NODE_5520_length_1065_cov_19.947205	500	580	12	12	80	0.1500000
NODE_5521_length_1065_cov_14.590062	343	423	1	27	80	0.3375000
NODE_5521_length_1065_cov_14.590062	343	423	2	5	80	0.0625000
NODE_5521_length_1065_cov_14.590062	343	423	3	48	80	0.6000000
NODE_5521_length_1065_cov_14.590062	396	476	2	40	80	0.5000000
NODE_5521_length_1065_cov_14.590062	396	476	3	37	80	0.4625000
NODE_5521_length_1065_cov_14.590062	396	476	5	3	80	0.0375000
NODE_5522_length_1065_cov_13.232919	243	323	4	18	80	0.2250000
NODE_5522_length_1065_cov_13.232919	243	323	6	48	80	0.6000000
NODE_5522_length_1065_cov_13.232919	243	323	7	14	80	0.1750000
NODE_5522_length_1065_cov_13.232919	296	376	5	10	80	0.1250000
NODE_5522_length_1065_cov_13.232919	296	376	6	37	80	0.4625000
NODE_5522_length_1065_cov_13.232919	296	376	7	33	80	0.4125000
NODE_5523_length_1065_cov_10.670807	481	561	0	6	80	0.0750000
NODE_5523_length_1065_cov_10.670807	481	561	1	29	80	0.3625000
NODE_5523_length_1065_cov_10.670807	481	561	3	45	80	0.5625000
NODE_5523_length_1065_cov_10.670807	534	614	0	59	80	0.7375000
NODE_5523_length_1065_cov_10.670807	534	614	1	21	80	0.2625000
NODE_5524_length_1065_cov_10.473085	496	576	6	2	80	0.0250000
NODE_5524_length_1065_cov_10.473085	496	576	10	46	80	0.5750000
NODE_5524_length_1065_cov_10.473085	496	576	11	32	80	0.4000000
NODE_5524_length_1065_cov_10.473085	549	629	3	20	80	0.2500000
NODE_5524_length_1065_cov_10.473085	549	629	4	30	80	0.3750000
NODE_5524_length_1065_cov_10.473085	549	629	6	5	80	0.0625000
NODE_5524_length_1065_cov_10.473085	549	629	10	25	80	0.3125000
NODE_5525_length_1065_cov_9.711180	286	360	1	14	74	0.1891892
NODE_5525_length_1065_cov_9.711180	286	360	2	19	74	0.2567568
NODE_5525_length_1065_cov_9.711180	286	360	4	7	74	0.0945946
NODE_5525_length_1065_cov_9.711180	286	360	5	7	74	0.0945946
NODE_5525_length_1065_cov_9.711180	286	360	6	10	74	0.1351351
NODE_5525_length_1065_cov_9.711180	286	360	8	17	74	0.2297297
NODE_5525_length_1065_cov_9.711180	339	419	0	19	80	0.2375000
NODE_5525_length_1065_cov_9.711180	339	419	1	54	80	0.6750000
NODE_5525_length_1065_cov_9.711180	339	419	2	7	80	0.0875000
NODE_5534_length_1064_cov_59.929534	457	537	2	3	80	0.0375000
NODE_5534_length_1064_cov_59.929534	457	537	3	8	80	0.1000000
NODE_5534_length_1064_cov_59.929534	457	537	4	1	80	0.0125000
NODE_5534_length_1064_cov_59.929534	457	537	7	2	80	0.0250000
NODE_5534_length_1064_cov_59.929534	457	537	8	66	80	0.8250000
NODE_5534_length_1064_cov_59.929534	510	590	7	1	80	0.0125000
NODE_5534_length_1064_cov_59.929534	510	590	8	72	80	0.9000000
NODE_5534_length_1064_cov_59.929534	510	590	9	7	80	0.0875000
NODE_5534_length_1064_cov_59.929534	586	666	5	47	80	0.5875000
NODE_5534_length_1064_cov_59.929534	586	666	6	1	80	0.0125000
NODE_5534_length_1064_cov_59.929534	586	666	7	2	80	0.0250000
NODE_5534_length_1064_cov_59.929534	586	666	8	16	80	0.2000000
NODE_5534_length_1064_cov_59.929534	586	666	9	11	80	0.1375000
NODE_5534_length_1064_cov_59.929534	586	666	10	3	80	0.0375000
NODE_5534_length_1064_cov_59.929534	639	719	3	3	80	0.0375000
NODE_5534_length_1064_cov_59.929534	639	719	5	77	80	0.9625000
NODE_5535_length_1064_cov_36.480829	367	447	4	10	80	0.1250000
NODE_5535_length_1064_cov_36.480829	367	447	5	38	80	0.4750000
NODE_5535_length_1064_cov_36.480829	367	447	6	1	80	0.0125000
NODE_5535_length_1064_cov_36.480829	367	447	7	24	80	0.3000000
NODE_5535_length_1064_cov_36.480829	367	447	8	7	80	0.0875000
NODE_5535_length_1064_cov_36.480829	420	500	4	15	80	0.1875000
NODE_5535_length_1064_cov_36.480829	420	500	5	54	80	0.6750000
NODE_5535_length_1064_cov_36.480829	420	500	6	1	80	0.0125000
NODE_5535_length_1064_cov_36.480829	420	500	7	7	80	0.0875000
NODE_5535_length_1064_cov_36.480829	420	500	8	3	80	0.0375000
NODE_5535_length_1064_cov_36.480829	496	576	5	6	80	0.0750000
NODE_5535_length_1064_cov_36.480829	496	576	6	12	80	0.1500000
NODE_5535_length_1064_cov_36.480829	496	576	7	19	80	0.2375000
NODE_5535_length_1064_cov_36.480829	496	576	8	9	80	0.1125000
NODE_5535_length_1064_cov_36.480829	496	576	9	10	80	0.1250000
NODE_5535_length_1064_cov_36.480829	496	576	10	24	80	0.3000000
NODE_5535_length_1064_cov_36.480829	549	629	9	34	80	0.4250000
NODE_5535_length_1064_cov_36.480829	549	629	10	46	80	0.5750000
NODE_5536_length_1064_cov_32.307772	547	627	0	5	80	0.0625000
NODE_5536_length_1064_cov_32.307772	547	627	1	75	80	0.9375000
NODE_5536_length_1064_cov_32.307772	600	680	0	13	80	0.1625000
NODE_5536_length_1064_cov_32.307772	600	680	1	67	80	0.8375000
NODE_5537_length_1064_cov_25.255959	462	542	4	10	80	0.1250000
NODE_5537_length_1064_cov_25.255959	462	542	5	19	80	0.2375000
NODE_5537_length_1064_cov_25.255959	462	542	7	2	80	0.0250000
NODE_5537_length_1064_cov_25.255959	462	542	8	5	80	0.0625000
NODE_5537_length_1064_cov_25.255959	462	542	10	41	80	0.5125000
NODE_5537_length_1064_cov_25.255959	462	542	11	3	80	0.0375000
NODE_5537_length_1064_cov_25.255959	515	595	8	10	80	0.1250000
NODE_5537_length_1064_cov_25.255959	515	595	9	16	80	0.2000000
NODE_5537_length_1064_cov_25.255959	515	595	10	24	80	0.3000000
NODE_5537_length_1064_cov_25.255959	515	595	11	30	80	0.3750000
NODE_5537_length_1064_cov_25.255959	591	671	2	14	80	0.1750000
NODE_5537_length_1064_cov_25.255959	591	671	3	19	80	0.2375000
NODE_5537_length_1064_cov_25.255959	591	671	5	16	80	0.2000000
NODE_5537_length_1064_cov_25.255959	591	671	6	6	80	0.0750000
NODE_5537_length_1064_cov_25.255959	591	671	7	3	80	0.0375000
NODE_5537_length_1064_cov_25.255959	591	671	8	22	80	0.2750000
NODE_5537_length_1064_cov_25.255959	644	724	2	47	80	0.5875000
NODE_5537_length_1064_cov_25.255959	644	724	3	33	80	0.4125000
NODE_5538_length_1064_cov_23.053886	343	423	7	11	80	0.1375000
NODE_5538_length_1064_cov_23.053886	343	423	8	12	80	0.1500000
NODE_5538_length_1064_cov_23.053886	343	423	9	5	80	0.0625000
NODE_5538_length_1064_cov_23.053886	343	423	10	14	80	0.1750000
NODE_5538_length_1064_cov_23.053886	343	423	11	38	80	0.4750000
NODE_5538_length_1064_cov_23.053886	396	476	8	13	80	0.1625000
NODE_5538_length_1064_cov_23.053886	396	476	9	7	80	0.0875000
NODE_5538_length_1064_cov_23.053886	396	476	10	41	80	0.5125000
NODE_5538_length_1064_cov_23.053886	396	476	11	19	80	0.2375000
NODE_5538_length_1064_cov_23.053886	472	552	4	23	80	0.2875000
NODE_5538_length_1064_cov_23.053886	472	552	5	13	80	0.1625000
NODE_5538_length_1064_cov_23.053886	472	552	6	12	80	0.1500000
NODE_5538_length_1064_cov_23.053886	472	552	7	24	80	0.3000000
NODE_5538_length_1064_cov_23.053886	472	552	8	8	80	0.1000000
NODE_5538_length_1064_cov_23.053886	525	605	2	30	80	0.3750000
NODE_5538_length_1064_cov_23.053886	525	605	3	2	80	0.0250000
NODE_5538_length_1064_cov_23.053886	525	605	4	42	80	0.5250000
NODE_5538_length_1064_cov_23.053886	525	605	5	6	80	0.0750000
NODE_5539_length_1064_cov_22.018653	479	559	0	80	80	1.0000000
NODE_5539_length_1064_cov_22.018653	532	612	0	80	80	1.0000000
NODE_5540_length_1064_cov_12.868394	424	504	1	2	80	0.0250000
NODE_5540_length_1064_cov_12.868394	424	504	2	16	80	0.2000000
NODE_5540_length_1064_cov_12.868394	424	504	4	62	80	0.7750000
NODE_5540_length_1064_cov_12.868394	477	557	2	21	80	0.2625000
NODE_5540_length_1064_cov_12.868394	477	557	4	59	80	0.7375000
NODE_5541_length_1064_cov_10.098446	467	547	6	4	80	0.0500000
NODE_5541_length_1064_cov_10.098446	467	547	7	32	80	0.4000000
NODE_5541_length_1064_cov_10.098446	467	547	8	17	80	0.2125000
NODE_5541_length_1064_cov_10.098446	467	547	9	7	80	0.0875000
NODE_5541_length_1064_cov_10.098446	467	547	10	2	80	0.0250000
NODE_5541_length_1064_cov_10.098446	467	547	11	2	80	0.0250000
NODE_5541_length_1064_cov_10.098446	467	547	12	16	80	0.2000000
NODE_5541_length_1064_cov_10.098446	520	600	4	45	80	0.5625000
NODE_5541_length_1064_cov_10.098446	520	600	5	1	80	0.0125000
NODE_5541_length_1064_cov_10.098446	520	600	6	10	80	0.1250000
NODE_5541_length_1064_cov_10.098446	520	600	7	24	80	0.3000000
NODE_5543_length_1064_cov_2.925389	173	245	0	55	72	0.7638889
NODE_5543_length_1064_cov_2.925389	173	245	2	17	72	0.2361111
NODE_5551_length_1063_cov_104.615145	504	584	13	4	80	0.0500000
NODE_5551_length_1063_cov_104.615145	504	584	15	3	80	0.0375000
NODE_5551_length_1063_cov_104.615145	504	584	16	9	80	0.1125000
NODE_5551_length_1063_cov_104.615145	504	584	17	4	80	0.0500000
NODE_5551_length_1063_cov_104.615145	504	584	18	7	80	0.0875000
NODE_5551_length_1063_cov_104.615145	504	584	19	42	80	0.5250000
NODE_5551_length_1063_cov_104.615145	504	584	20	7	80	0.0875000
NODE_5551_length_1063_cov_104.615145	504	584	21	4	80	0.0500000
NODE_5551_length_1063_cov_104.615145	557	637	13	13	80	0.1625000
NODE_5551_length_1063_cov_104.615145	557	637	14	11	80	0.1375000
NODE_5551_length_1063_cov_104.615145	557	637	15	16	80	0.2000000
NODE_5551_length_1063_cov_104.615145	557	637	16	13	80	0.1625000
NODE_5551_length_1063_cov_104.615145	557	637	17	4	80	0.0500000
NODE_5551_length_1063_cov_104.615145	557	637	19	12	80	0.1500000
NODE_5551_length_1063_cov_104.615145	557	637	20	7	80	0.0875000
NODE_5551_length_1063_cov_104.615145	557	637	21	4	80	0.0500000
NODE_5552_length_1063_cov_36.515560	482	562	3	4	80	0.0500000
NODE_5552_length_1063_cov_36.515560	482	562	5	16	80	0.2000000
NODE_5552_length_1063_cov_36.515560	482	562	7	2	80	0.0250000
NODE_5552_length_1063_cov_36.515560	482	562	8	18	80	0.2250000
NODE_5552_length_1063_cov_36.515560	482	562	9	31	80	0.3875000
NODE_5552_length_1063_cov_36.515560	482	562	11	9	80	0.1125000
NODE_5552_length_1063_cov_36.515560	535	615	3	21	80	0.2625000
NODE_5552_length_1063_cov_36.515560	535	615	4	28	80	0.3500000
NODE_5552_length_1063_cov_36.515560	535	615	5	17	80	0.2125000
NODE_5552_length_1063_cov_36.515560	535	615	6	7	80	0.0875000
NODE_5552_length_1063_cov_36.515560	535	615	8	7	80	0.0875000
NODE_5552_length_1063_cov_36.515560	611	691	5	49	80	0.6125000
NODE_5552_length_1063_cov_36.515560	611	691	6	31	80	0.3875000
NODE_5552_length_1063_cov_36.515560	664	744	4	53	80	0.6625000
NODE_5552_length_1063_cov_36.515560	664	744	5	8	80	0.1000000
NODE_5552_length_1063_cov_36.515560	664	744	6	19	80	0.2375000
NODE_5553_length_1063_cov_30.700207	470	550	2	5	80	0.0625000
NODE_5553_length_1063_cov_30.700207	470	550	3	23	80	0.2875000
NODE_5553_length_1063_cov_30.700207	470	550	4	23	80	0.2875000
NODE_5553_length_1063_cov_30.700207	470	550	5	29	80	0.3625000
NODE_5553_length_1063_cov_30.700207	523	603	1	8	80	0.1000000
NODE_5553_length_1063_cov_30.700207	523	603	2	12	80	0.1500000
NODE_5553_length_1063_cov_30.700207	523	603	3	56	80	0.7000000
NODE_5553_length_1063_cov_30.700207	523	603	5	4	80	0.0500000
NODE_5553_length_1063_cov_30.700207	599	679	3	31	80	0.3875000
NODE_5553_length_1063_cov_30.700207	599	679	4	29	80	0.3625000
NODE_5553_length_1063_cov_30.700207	599	679	5	20	80	0.2500000
NODE_5553_length_1063_cov_30.700207	652	732	3	3	80	0.0375000
NODE_5553_length_1063_cov_30.700207	652	732	4	24	80	0.3000000
NODE_5553_length_1063_cov_30.700207	652	732	5	43	80	0.5375000
NODE_5553_length_1063_cov_30.700207	652	732	6	10	80	0.1250000
NODE_5554_length_1063_cov_24.552905	362	442	1	3	80	0.0375000
NODE_5554_length_1063_cov_24.552905	362	442	2	73	80	0.9125000
NODE_5554_length_1063_cov_24.552905	362	442	3	2	80	0.0250000
NODE_5554_length_1063_cov_24.552905	362	442	4	2	80	0.0250000
NODE_5554_length_1063_cov_24.552905	415	495	1	3	80	0.0375000
NODE_5554_length_1063_cov_24.552905	415	495	2	20	80	0.2500000
NODE_5554_length_1063_cov_24.552905	415	495	3	2	80	0.0250000
NODE_5554_length_1063_cov_24.552905	415	495	4	7	80	0.0875000
NODE_5554_length_1063_cov_24.552905	415	495	5	32	80	0.4000000
NODE_5554_length_1063_cov_24.552905	415	495	6	16	80	0.2000000
NODE_5555_length_1063_cov_21.985477	407	487	4	18	80	0.2250000
NODE_5555_length_1063_cov_21.985477	407	487	5	37	80	0.4625000
NODE_5555_length_1063_cov_21.985477	407	487	6	1	80	0.0125000
NODE_5555_length_1063_cov_21.985477	407	487	7	19	80	0.2375000
NODE_5555_length_1063_cov_21.985477	407	487	8	5	80	0.0625000
NODE_5555_length_1063_cov_21.985477	460	540	5	2	80	0.0250000
NODE_5555_length_1063_cov_21.985477	460	540	6	35	80	0.4375000
NODE_5555_length_1063_cov_21.985477	460	540	7	26	80	0.3250000
NODE_5555_length_1063_cov_21.985477	460	540	8	17	80	0.2125000
NODE_5555_length_1063_cov_21.985477	536	616	6	7	80	0.0875000
NODE_5555_length_1063_cov_21.985477	536	616	7	2	80	0.0250000
NODE_5555_length_1063_cov_21.985477	536	616	8	19	80	0.2375000
NODE_5555_length_1063_cov_21.985477	536	616	9	14	80	0.1750000
NODE_5555_length_1063_cov_21.985477	536	616	10	15	80	0.1875000
NODE_5555_length_1063_cov_21.985477	536	616	11	23	80	0.2875000
NODE_5555_length_1063_cov_21.985477	589	670	7	30	81	0.3703704
NODE_5555_length_1063_cov_21.985477	589	670	8	28	81	0.3456790
NODE_5555_length_1063_cov_21.985477	589	670	9	3	81	0.0370370
NODE_5555_length_1063_cov_21.985477	589	670	11	20	81	0.2469136
NODE_5557_length_1063_cov_15.400415	685	765	6	4	80	0.0500000
NODE_5557_length_1063_cov_15.400415	685	765	7	19	80	0.2375000
NODE_5557_length_1063_cov_15.400415	685	765	8	11	80	0.1375000
NODE_5557_length_1063_cov_15.400415	685	765	9	46	80	0.5750000
NODE_5557_length_1063_cov_15.400415	738	818	5	23	80	0.2875000
NODE_5557_length_1063_cov_15.400415	738	818	6	21	80	0.2625000
NODE_5557_length_1063_cov_15.400415	738	818	7	6	80	0.0750000
NODE_5557_length_1063_cov_15.400415	738	818	9	30	80	0.3750000
NODE_5558_length_1063_cov_13.282158	510	590	3	16	80	0.2000000
NODE_5558_length_1063_cov_13.282158	510	590	4	64	80	0.8000000
NODE_5558_length_1063_cov_13.282158	563	643	2	18	80	0.2250000
NODE_5558_length_1063_cov_13.282158	563	643	3	25	80	0.3125000
NODE_5558_length_1063_cov_13.282158	563	643	4	37	80	0.4625000
NODE_5559_length_1063_cov_12.970954	417	495	0	78	78	1.0000000
NODE_5559_length_1063_cov_12.970954	468	548	0	80	80	1.0000000
NODE_5560_length_1063_cov_7.917012	639	719	4	42	80	0.5250000
NODE_5560_length_1063_cov_7.917012	639	719	5	16	80	0.2000000
NODE_5560_length_1063_cov_7.917012	639	719	6	22	80	0.2750000
NODE_5560_length_1063_cov_7.917012	692	772	2	11	80	0.1375000
NODE_5560_length_1063_cov_7.917012	692	772	3	22	80	0.2750000
NODE_5560_length_1063_cov_7.917012	692	772	4	47	80	0.5875000
NODE_5569_length_1063_cov_1.695021	893	947	4	8	54	0.1481481
NODE_5569_length_1063_cov_1.695021	893	947	5	46	54	0.8518519
NODE_5574_length_1062_cov_43.399792	272	352	5	10	80	0.1250000
NODE_5574_length_1062_cov_43.399792	272	352	6	1	80	0.0125000
NODE_5574_length_1062_cov_43.399792	272	352	7	9	80	0.1125000
NODE_5574_length_1062_cov_43.399792	272	352	8	17	80	0.2125000
NODE_5574_length_1062_cov_43.399792	272	352	9	29	80	0.3625000
NODE_5574_length_1062_cov_43.399792	272	352	10	14	80	0.1750000
NODE_5574_length_1062_cov_43.399792	325	405	4	38	80	0.4750000
NODE_5574_length_1062_cov_43.399792	325	405	5	25	80	0.3125000
NODE_5574_length_1062_cov_43.399792	325	405	6	1	80	0.0125000
NODE_5574_length_1062_cov_43.399792	325	405	7	8	80	0.1000000
NODE_5574_length_1062_cov_43.399792	325	405	8	3	80	0.0375000
NODE_5574_length_1062_cov_43.399792	325	405	9	5	80	0.0625000
NODE_5576_length_1062_cov_19.778816	401	481	1	80	80	1.0000000
NODE_5576_length_1062_cov_19.778816	454	534	1	80	80	1.0000000
NODE_5577_length_1062_cov_16.034268	628	708	1	60	80	0.7500000
NODE_5577_length_1062_cov_16.034268	628	708	2	20	80	0.2500000
NODE_5577_length_1062_cov_16.034268	681	761	0	24	80	0.3000000
NODE_5577_length_1062_cov_16.034268	681	761	1	56	80	0.7000000
NODE_5578_length_1062_cov_13.346833	623	703	0	80	80	1.0000000
NODE_5578_length_1062_cov_13.346833	676	756	0	80	80	1.0000000
NODE_5579_length_1062_cov_9.886812	670	750	2	80	80	1.0000000
NODE_5579_length_1062_cov_9.886812	723	803	0	17	80	0.2125000
NODE_5579_length_1062_cov_9.886812	723	803	1	20	80	0.2500000
NODE_5579_length_1062_cov_9.886812	723	803	2	43	80	0.5375000
NODE_5580_length_1062_cov_9.078920	525	604	4	15	79	0.1898734
NODE_5580_length_1062_cov_9.078920	525	604	6	64	79	0.8101266
NODE_5580_length_1062_cov_9.078920	577	657	1	19	80	0.2375000
NODE_5580_length_1062_cov_9.078920	577	657	3	1	80	0.0125000
NODE_5580_length_1062_cov_9.078920	577	657	4	2	80	0.0250000
NODE_5580_length_1062_cov_9.078920	577	657	5	3	80	0.0375000
NODE_5580_length_1062_cov_9.078920	577	657	6	55	80	0.6875000
NODE_5581_length_1062_cov_8.934579	203	283	0	24	80	0.3000000
NODE_5581_length_1062_cov_8.934579	203	283	2	56	80	0.7000000
NODE_5581_length_1062_cov_8.934579	256	336	0	77	80	0.9625000
NODE_5581_length_1062_cov_8.934579	256	336	2	3	80	0.0375000
NODE_5588_length_1061_cov_22.637214	418	498	5	40	80	0.5000000
NODE_5588_length_1061_cov_22.637214	418	498	7	40	80	0.5000000
NODE_5588_length_1061_cov_22.637214	471	551	1	29	80	0.3625000
NODE_5588_length_1061_cov_22.637214	471	551	2	9	80	0.1125000
NODE_5588_length_1061_cov_22.637214	471	551	4	10	80	0.1250000
NODE_5588_length_1061_cov_22.637214	471	551	5	32	80	0.4000000
NODE_5589_length_1061_cov_22.338877	479	559	3	46	80	0.5750000
NODE_5589_length_1061_cov_22.338877	479	559	5	21	80	0.2625000
NODE_5589_length_1061_cov_22.338877	479	559	6	13	80	0.1625000
NODE_5589_length_1061_cov_22.338877	532	612	3	11	80	0.1375000
NODE_5589_length_1061_cov_22.338877	532	612	5	63	80	0.7875000
NODE_5589_length_1061_cov_22.338877	532	612	6	6	80	0.0750000
NODE_5597_length_1060_cov_31.595213	394	473	1	42	79	0.5316456
NODE_5597_length_1060_cov_31.595213	394	473	2	7	79	0.0886076
NODE_5597_length_1060_cov_31.595213	394	473	3	30	79	0.3797468
NODE_5597_length_1060_cov_31.595213	446	526	3	41	80	0.5125000
NODE_5597_length_1060_cov_31.595213	446	526	4	39	80	0.4875000
NODE_5597_length_1060_cov_31.595213	522	602	3	17	80	0.2125000
NODE_5597_length_1060_cov_31.595213	522	602	4	18	80	0.2250000
NODE_5597_length_1060_cov_31.595213	522	602	5	13	80	0.1625000
NODE_5597_length_1060_cov_31.595213	522	602	6	32	80	0.4000000
NODE_5597_length_1060_cov_31.595213	575	655	4	10	80	0.1250000
NODE_5597_length_1060_cov_31.595213	575	655	5	62	80	0.7750000
NODE_5597_length_1060_cov_31.595213	575	655	6	8	80	0.1000000
NODE_5598_length_1060_cov_26.136316	486	566	0	62	80	0.7750000
NODE_5598_length_1060_cov_26.136316	486	566	3	18	80	0.2250000
NODE_5598_length_1060_cov_26.136316	539	619	0	9	80	0.1125000
NODE_5598_length_1060_cov_26.136316	539	619	3	48	80	0.6000000
NODE_5598_length_1060_cov_26.136316	539	619	4	23	80	0.2875000
NODE_5598_length_1060_cov_26.136316	615	695	2	29	80	0.3625000
NODE_5598_length_1060_cov_26.136316	615	695	3	1	80	0.0125000
NODE_5598_length_1060_cov_26.136316	615	695	4	50	80	0.6250000
NODE_5598_length_1060_cov_26.136316	668	748	1	2	80	0.0250000
NODE_5598_length_1060_cov_26.136316	668	748	2	74	80	0.9250000
NODE_5598_length_1060_cov_26.136316	668	748	3	4	80	0.0500000
NODE_5599_length_1060_cov_25.329865	370	450	7	9	80	0.1125000
NODE_5599_length_1060_cov_25.329865	370	450	8	30	80	0.3750000
NODE_5599_length_1060_cov_25.329865	370	450	9	19	80	0.2375000
NODE_5599_length_1060_cov_25.329865	370	450	10	22	80	0.2750000
NODE_5599_length_1060_cov_25.329865	423	503	9	30	80	0.3750000
NODE_5599_length_1060_cov_25.329865	423	503	10	31	80	0.3875000
NODE_5599_length_1060_cov_25.329865	423	503	11	19	80	0.2375000
NODE_5600_length_1060_cov_16.881374	539	611	1	2	72	0.0277778
NODE_5600_length_1060_cov_16.881374	539	611	2	39	72	0.5416667
NODE_5600_length_1060_cov_16.881374	539	611	3	31	72	0.4305556
NODE_5601_length_1060_cov_14.789802	406	486	6	66	80	0.8250000
NODE_5601_length_1060_cov_14.789802	406	486	7	14	80	0.1750000
NODE_5601_length_1060_cov_14.789802	459	539	4	34	80	0.4250000
NODE_5601_length_1060_cov_14.789802	459	539	5	2	80	0.0250000
NODE_5601_length_1060_cov_14.789802	459	539	6	32	80	0.4000000
NODE_5601_length_1060_cov_14.789802	459	539	7	12	80	0.1500000
NODE_5603_length_1060_cov_5.900104	517	597	2	67	80	0.8375000
NODE_5603_length_1060_cov_5.900104	517	597	4	13	80	0.1625000
NODE_5603_length_1060_cov_5.900104	570	650	2	52	80	0.6500000
NODE_5603_length_1060_cov_5.900104	570	650	4	28	80	0.3500000
NODE_5611_length_1059_cov_16.630208	412	492	0	53	80	0.6625000
NODE_5611_length_1059_cov_16.630208	412	492	1	5	80	0.0625000
NODE_5611_length_1059_cov_16.630208	412	492	2	22	80	0.2750000
NODE_5611_length_1059_cov_16.630208	465	552	1	5	87	0.0574713
NODE_5611_length_1059_cov_16.630208	465	552	2	77	87	0.8850574
NODE_5611_length_1059_cov_16.630208	465	552	4	2	87	0.0229885
NODE_5611_length_1059_cov_16.630208	465	552	5	3	87	0.0344828
NODE_5611_length_1059_cov_16.630208	548	628	4	7	80	0.0875000
NODE_5611_length_1059_cov_16.630208	548	628	5	69	80	0.8625000
NODE_5611_length_1059_cov_16.630208	548	628	6	4	80	0.0500000
NODE_5611_length_1059_cov_16.630208	601	681	2	7	80	0.0875000
NODE_5611_length_1059_cov_16.630208	601	681	4	52	80	0.6500000
NODE_5611_length_1059_cov_16.630208	601	681	5	17	80	0.2125000
NODE_5611_length_1059_cov_16.630208	601	681	6	4	80	0.0500000
NODE_5621_length_1058_cov_60.155370	395	475	7	29	80	0.3625000
NODE_5621_length_1058_cov_60.155370	395	475	8	17	80	0.2125000
NODE_5621_length_1058_cov_60.155370	395	475	9	14	80	0.1750000
NODE_5621_length_1058_cov_60.155370	395	475	10	7	80	0.0875000
NODE_5621_length_1058_cov_60.155370	395	475	11	3	80	0.0375000
NODE_5621_length_1058_cov_60.155370	395	475	13	5	80	0.0625000
NODE_5621_length_1058_cov_60.155370	395	475	14	2	80	0.0250000
NODE_5621_length_1058_cov_60.155370	395	475	15	3	80	0.0375000
NODE_5621_length_1058_cov_60.155370	448	528	9	7	80	0.0875000
NODE_5621_length_1058_cov_60.155370	448	528	10	7	80	0.0875000
NODE_5621_length_1058_cov_60.155370	448	528	11	38	80	0.4750000
NODE_5621_length_1058_cov_60.155370	448	528	12	7	80	0.0875000
NODE_5621_length_1058_cov_60.155370	448	528	13	6	80	0.0750000
NODE_5621_length_1058_cov_60.155370	448	528	14	8	80	0.1000000
NODE_5621_length_1058_cov_60.155370	448	528	15	7	80	0.0875000
NODE_5621_length_1058_cov_60.155370	524	604	11	15	80	0.1875000
NODE_5621_length_1058_cov_60.155370	524	604	12	1	80	0.0125000
NODE_5621_length_1058_cov_60.155370	524	604	13	6	80	0.0750000
NODE_5621_length_1058_cov_60.155370	524	604	14	7	80	0.0875000
NODE_5621_length_1058_cov_60.155370	524	604	15	4	80	0.0500000
NODE_5621_length_1058_cov_60.155370	524	604	16	6	80	0.0750000
NODE_5621_length_1058_cov_60.155370	524	604	17	23	80	0.2875000
NODE_5621_length_1058_cov_60.155370	524	604	18	18	80	0.2250000
NODE_5621_length_1058_cov_60.155370	577	657	6	9	80	0.1125000
NODE_5621_length_1058_cov_60.155370	577	657	8	27	80	0.3375000
NODE_5621_length_1058_cov_60.155370	577	657	9	1	80	0.0125000
NODE_5621_length_1058_cov_60.155370	577	657	10	6	80	0.0750000
NODE_5621_length_1058_cov_60.155370	577	657	11	1	80	0.0125000
NODE_5621_length_1058_cov_60.155370	577	657	12	1	80	0.0125000
NODE_5621_length_1058_cov_60.155370	577	657	13	7	80	0.0875000
NODE_5621_length_1058_cov_60.155370	577	657	14	8	80	0.1000000
NODE_5621_length_1058_cov_60.155370	577	657	16	6	80	0.0750000
NODE_5621_length_1058_cov_60.155370	577	657	17	14	80	0.1750000
NODE_5622_length_1058_cov_31.253389	475	555	2	3	80	0.0375000
NODE_5622_length_1058_cov_31.253389	475	555	3	9	80	0.1125000
NODE_5622_length_1058_cov_31.253389	475	555	4	9	80	0.1125000
NODE_5622_length_1058_cov_31.253389	475	555	6	3	80	0.0375000
NODE_5622_length_1058_cov_31.253389	475	555	7	4	80	0.0500000
NODE_5622_length_1058_cov_31.253389	475	555	8	13	80	0.1625000
NODE_5622_length_1058_cov_31.253389	475	555	9	19	80	0.2375000
NODE_5622_length_1058_cov_31.253389	475	555	10	2	80	0.0250000
NODE_5622_length_1058_cov_31.253389	475	555	11	15	80	0.1875000
NODE_5622_length_1058_cov_31.253389	475	555	12	3	80	0.0375000
NODE_5622_length_1058_cov_31.253389	475	555	2	3	80	0.0375000
NODE_5622_length_1058_cov_31.253389	475	555	3	9	80	0.1125000
NODE_5622_length_1058_cov_31.253389	475	555	4	9	80	0.1125000
NODE_5622_length_1058_cov_31.253389	475	555	6	3	80	0.0375000
NODE_5622_length_1058_cov_31.253389	475	555	7	4	80	0.0500000
NODE_5622_length_1058_cov_31.253389	475	555	8	13	80	0.1625000
NODE_5622_length_1058_cov_31.253389	475	555	9	19	80	0.2375000
NODE_5622_length_1058_cov_31.253389	475	555	10	2	80	0.0250000
NODE_5622_length_1058_cov_31.253389	475	555	11	15	80	0.1875000
NODE_5622_length_1058_cov_31.253389	475	555	12	3	80	0.0375000
NODE_5622_length_1058_cov_31.253389	528	608	1	7	80	0.0875000
NODE_5622_length_1058_cov_31.253389	528	608	2	5	80	0.0625000
NODE_5622_length_1058_cov_31.253389	528	608	3	53	80	0.6625000
NODE_5622_length_1058_cov_31.253389	528	608	4	9	80	0.1125000
NODE_5622_length_1058_cov_31.253389	528	608	6	3	80	0.0375000
NODE_5622_length_1058_cov_31.253389	528	608	7	3	80	0.0375000
NODE_5622_length_1058_cov_31.253389	533	608	1	7	75	0.0933333
NODE_5622_length_1058_cov_31.253389	533	608	2	5	75	0.0666667
NODE_5622_length_1058_cov_31.253389	533	608	3	53	75	0.7066666
NODE_5622_length_1058_cov_31.253389	533	608	4	9	75	0.1200000
NODE_5622_length_1058_cov_31.253389	533	608	6	1	75	0.0133333
NODE_5623_length_1058_cov_24.520334	264	344	2	13	80	0.1625000
NODE_5623_length_1058_cov_24.520334	264	344	3	4	80	0.0500000
NODE_5623_length_1058_cov_24.520334	264	344	4	35	80	0.4375000
NODE_5623_length_1058_cov_24.520334	264	344	5	28	80	0.3500000
NODE_5623_length_1058_cov_24.520334	317	397	4	65	80	0.8125000
NODE_5623_length_1058_cov_24.520334	317	397	5	15	80	0.1875000
NODE_5624_length_1058_cov_24.211679	297	377	9	23	80	0.2875000
NODE_5624_length_1058_cov_24.211679	297	377	10	19	80	0.2375000
NODE_5624_length_1058_cov_24.211679	297	377	11	34	80	0.4250000
NODE_5624_length_1058_cov_24.211679	297	377	12	4	80	0.0500000
NODE_5624_length_1058_cov_24.211679	350	430	2	8	80	0.1000000
NODE_5624_length_1058_cov_24.211679	350	430	4	20	80	0.2500000
NODE_5624_length_1058_cov_24.211679	350	430	5	4	80	0.0500000
NODE_5624_length_1058_cov_24.211679	350	430	6	11	80	0.1375000
NODE_5624_length_1058_cov_24.211679	350	430	8	2	80	0.0250000
NODE_5624_length_1058_cov_24.211679	350	430	9	25	80	0.3125000
NODE_5624_length_1058_cov_24.211679	350	430	10	10	80	0.1250000
NODE_5625_length_1058_cov_18.100104	454	534	4	1	80	0.0125000
NODE_5625_length_1058_cov_18.100104	454	534	5	3	80	0.0375000
NODE_5625_length_1058_cov_18.100104	454	534	6	8	80	0.1000000
NODE_5625_length_1058_cov_18.100104	454	534	7	10	80	0.1250000
NODE_5625_length_1058_cov_18.100104	454	534	8	58	80	0.7250000
NODE_5625_length_1058_cov_18.100104	507	587	6	15	80	0.1875000
NODE_5625_length_1058_cov_18.100104	507	587	7	14	80	0.1750000
NODE_5625_length_1058_cov_18.100104	507	587	8	51	80	0.6375000
NODE_5626_length_1058_cov_11.645464	476	556	4	4	80	0.0500000
NODE_5626_length_1058_cov_11.645464	476	556	5	4	80	0.0500000
NODE_5626_length_1058_cov_11.645464	476	556	6	72	80	0.9000000
NODE_5626_length_1058_cov_11.645464	529	609	4	57	80	0.7125000
NODE_5626_length_1058_cov_11.645464	529	609	6	23	80	0.2875000
NODE_5627_length_1058_cov_9.953076	621	712	1	91	91	1.0000000
NODE_5627_length_1058_cov_9.953076	685	765	0	29	80	0.3625000
NODE_5627_length_1058_cov_9.953076	685	765	1	51	80	0.6375000
NODE_5628_length_1058_cov_6.294056	819	899	0	80	80	1.0000000
NODE_5628_length_1058_cov_6.294056	875	952	0	77	77	1.0000000
NODE_5637_length_1057_cov_43.191023	413	493	1	67	80	0.8375000
NODE_5637_length_1057_cov_43.191023	413	493	2	3	80	0.0375000
NODE_5637_length_1057_cov_43.191023	413	493	3	4	80	0.0500000
NODE_5637_length_1057_cov_43.191023	413	493	4	6	80	0.0750000
NODE_5637_length_1057_cov_43.191023	466	546	1	14	80	0.1750000
NODE_5637_length_1057_cov_43.191023	466	546	2	3	80	0.0375000
NODE_5637_length_1057_cov_43.191023	466	546	3	4	80	0.0500000
NODE_5637_length_1057_cov_43.191023	466	546	4	36	80	0.4500000
NODE_5637_length_1057_cov_43.191023	466	546	5	3	80	0.0375000
NODE_5637_length_1057_cov_43.191023	466	546	6	3	80	0.0375000
NODE_5637_length_1057_cov_43.191023	466	546	7	17	80	0.2125000
NODE_5637_length_1057_cov_43.191023	542	622	6	61	80	0.7625000
NODE_5637_length_1057_cov_43.191023	542	622	7	19	80	0.2375000
NODE_5637_length_1057_cov_43.191023	595	675	1	2	80	0.0250000
NODE_5637_length_1057_cov_43.191023	595	675	2	36	80	0.4500000
NODE_5637_length_1057_cov_43.191023	595	675	5	4	80	0.0500000
NODE_5637_length_1057_cov_43.191023	595	675	6	12	80	0.1500000
NODE_5637_length_1057_cov_43.191023	595	675	7	26	80	0.3250000
NODE_5638_length_1057_cov_27.387265	486	566	3	80	80	1.0000000
NODE_5638_length_1057_cov_27.387265	539	619	2	13	80	0.1625000
NODE_5638_length_1057_cov_27.387265	539	619	3	44	80	0.5500000
NODE_5638_length_1057_cov_27.387265	539	619	4	23	80	0.2875000
NODE_5639_length_1057_cov_16.489562	416	496	2	22	80	0.2750000
NODE_5639_length_1057_cov_16.489562	416	496	3	34	80	0.4250000
NODE_5639_length_1057_cov_16.489562	416	496	4	24	80	0.3000000
NODE_5639_length_1057_cov_16.489562	469	549	2	4	80	0.0500000
NODE_5639_length_1057_cov_16.489562	469	549	3	52	80	0.6500000
NODE_5639_length_1057_cov_16.489562	469	549	4	24	80	0.3000000
NODE_5640_length_1057_cov_13.605428	631	711	0	10	80	0.1250000
NODE_5640_length_1057_cov_13.605428	631	711	2	70	80	0.8750000
NODE_5640_length_1057_cov_13.605428	684	764	0	56	80	0.7000000
NODE_5640_length_1057_cov_13.605428	684	764	2	24	80	0.3000000
NODE_5641_length_1057_cov_12.768267	518	598	1	75	80	0.9375000
NODE_5641_length_1057_cov_12.768267	518	598	2	5	80	0.0625000
NODE_5641_length_1057_cov_12.768267	571	651	1	22	80	0.2750000
NODE_5641_length_1057_cov_12.768267	571	651	2	6	80	0.0750000
NODE_5641_length_1057_cov_12.768267	571	651	3	52	80	0.6500000
NODE_5644_length_1057_cov_7.692067	706	786	1	10	80	0.1250000
NODE_5644_length_1057_cov_7.692067	706	786	2	70	80	0.8750000
NODE_5644_length_1057_cov_7.692067	759	839	2	36	80	0.4500000
NODE_5644_length_1057_cov_7.692067	759	839	3	30	80	0.3750000
NODE_5644_length_1057_cov_7.692067	759	839	4	14	80	0.1750000
NODE_5645_length_1057_cov_6.697286	561	641	0	80	80	1.0000000
NODE_5645_length_1057_cov_6.697286	614	694	0	80	80	1.0000000
NODE_5654_length_1056_cov_57.539185	462	542	7	8	80	0.1000000
NODE_5654_length_1056_cov_57.539185	462	542	8	16	80	0.2000000
NODE_5654_length_1056_cov_57.539185	462	542	9	34	80	0.4250000
NODE_5654_length_1056_cov_57.539185	462	542	10	12	80	0.1500000
NODE_5654_length_1056_cov_57.539185	462	542	11	2	80	0.0250000
NODE_5654_length_1056_cov_57.539185	462	542	12	8	80	0.1000000
NODE_5654_length_1056_cov_57.539185	515	595	8	1	80	0.0125000
NODE_5654_length_1056_cov_57.539185	515	595	9	24	80	0.3000000
NODE_5654_length_1056_cov_57.539185	515	595	10	22	80	0.2750000
NODE_5654_length_1056_cov_57.539185	515	595	11	25	80	0.3125000
NODE_5654_length_1056_cov_57.539185	515	595	12	8	80	0.1000000
NODE_5655_length_1056_cov_35.751306	421	501	6	33	80	0.4125000
NODE_5655_length_1056_cov_35.751306	421	501	7	38	80	0.4750000
NODE_5655_length_1056_cov_35.751306	421	501	8	9	80	0.1125000
NODE_5655_length_1056_cov_35.751306	474	554	6	3	80	0.0375000
NODE_5655_length_1056_cov_35.751306	474	554	7	27	80	0.3375000
NODE_5655_length_1056_cov_35.751306	474	554	8	20	80	0.2500000
NODE_5655_length_1056_cov_35.751306	474	554	9	15	80	0.1875000
NODE_5655_length_1056_cov_35.751306	474	554	10	15	80	0.1875000
NODE_5656_length_1056_cov_29.749216	415	490	0	75	75	1.0000000
NODE_5656_length_1056_cov_29.749216	416	495	0	79	79	1.0000000
NODE_5656_length_1056_cov_29.749216	448	495	0	47	47	1.0000000
NODE_5656_length_1056_cov_29.749216	468	548	0	80	80	1.0000000
NODE_5656_length_1056_cov_29.749216	468	548	0	80	80	1.0000000
NODE_5656_length_1056_cov_29.749216	468	548	0	80	80	1.0000000
NODE_5657_length_1056_cov_25.342738	297	377	4	58	80	0.7250000
NODE_5657_length_1056_cov_25.342738	297	377	5	22	80	0.2750000
NODE_5657_length_1056_cov_25.342738	350	430	4	40	80	0.5000000
NODE_5657_length_1056_cov_25.342738	350	430	5	40	80	0.5000000
NODE_5657_length_1056_cov_25.342738	426	506	4	31	80	0.3875000
NODE_5657_length_1056_cov_25.342738	426	506	5	49	80	0.6125000
NODE_5657_length_1056_cov_25.342738	479	559	4	28	80	0.3500000
NODE_5657_length_1056_cov_25.342738	479	559	5	52	80	0.6500000
NODE_5658_length_1056_cov_24.094044	535	615	2	80	80	1.0000000
NODE_5658_length_1056_cov_24.094044	588	668	2	64	80	0.8000000
NODE_5658_length_1056_cov_24.094044	588	668	3	16	80	0.2000000
NODE_5659_length_1056_cov_20.700104	570	650	6	68	80	0.8500000
NODE_5659_length_1056_cov_20.700104	570	650	8	12	80	0.1500000
NODE_5659_length_1056_cov_20.700104	623	703	4	1	80	0.0125000
NODE_5659_length_1056_cov_20.700104	623	703	5	11	80	0.1375000
NODE_5659_length_1056_cov_20.700104	623	703	6	33	80	0.4125000
NODE_5659_length_1056_cov_20.700104	623	703	8	35	80	0.4375000
NODE_5660_length_1056_cov_14.215256	349	429	0	27	80	0.3375000
NODE_5660_length_1056_cov_14.215256	349	429	1	31	80	0.3875000
NODE_5660_length_1056_cov_14.215256	349	429	2	20	80	0.2500000
NODE_5660_length_1056_cov_14.215256	349	429	3	2	80	0.0250000
NODE_5660_length_1056_cov_14.215256	402	482	1	5	80	0.0625000
NODE_5660_length_1056_cov_14.215256	402	482	2	20	80	0.2500000
NODE_5660_length_1056_cov_14.215256	402	482	3	16	80	0.2000000
NODE_5660_length_1056_cov_14.215256	402	482	4	39	80	0.4875000
NODE_5660_length_1056_cov_14.215256	478	558	3	1	80	0.0125000
NODE_5660_length_1056_cov_14.215256	478	558	4	59	80	0.7375000
NODE_5660_length_1056_cov_14.215256	478	558	5	20	80	0.2500000
NODE_5660_length_1056_cov_14.215256	531	611	1	18	80	0.2250000
NODE_5660_length_1056_cov_14.215256	531	611	2	16	80	0.2000000
NODE_5660_length_1056_cov_14.215256	531	611	3	20	80	0.2500000
NODE_5660_length_1056_cov_14.215256	531	611	4	18	80	0.2250000
NODE_5660_length_1056_cov_14.215256	531	611	5	8	80	0.1000000
NODE_5661_length_1056_cov_13.782654	563	643	2	26	80	0.3250000
NODE_5661_length_1056_cov_13.782654	563	643	3	50	80	0.6250000
NODE_5661_length_1056_cov_13.782654	563	643	5	4	80	0.0500000
NODE_5661_length_1056_cov_13.782654	616	696	3	23	80	0.2875000
NODE_5661_length_1056_cov_13.782654	616	696	4	51	80	0.6375000
NODE_5661_length_1056_cov_13.782654	616	696	5	6	80	0.0750000
NODE_5663_length_1056_cov_9.298851	373	453	1	1	80	0.0125000
NODE_5663_length_1056_cov_9.298851	373	453	3	25	80	0.3125000
NODE_5663_length_1056_cov_9.298851	373	453	4	11	80	0.1375000
NODE_5663_length_1056_cov_9.298851	373	453	5	20	80	0.2500000
NODE_5663_length_1056_cov_9.298851	373	453	6	7	80	0.0875000
NODE_5663_length_1056_cov_9.298851	373	453	7	16	80	0.2000000
NODE_5663_length_1056_cov_9.298851	426	503	4	2	77	0.0259740
NODE_5663_length_1056_cov_9.298851	426	503	5	35	77	0.4545455
NODE_5663_length_1056_cov_9.298851	426	503	6	24	77	0.3116883
NODE_5663_length_1056_cov_9.298851	426	503	7	16	77	0.2077922
NODE_5665_length_1056_cov_6.157785	396	476	0	80	80	1.0000000
NODE_5665_length_1056_cov_6.157785	449	529	0	30	80	0.3750000
NODE_5665_length_1056_cov_6.157785	449	529	2	13	80	0.1625000
NODE_5665_length_1056_cov_6.157785	449	529	3	18	80	0.2250000
NODE_5665_length_1056_cov_6.157785	449	529	4	19	80	0.2375000
NODE_5666_length_1056_cov_6.034483	287	367	1	51	80	0.6375000
NODE_5666_length_1056_cov_6.034483	287	367	2	29	80	0.3625000
NODE_5666_length_1056_cov_6.034483	340	420	2	80	80	1.0000000
NODE_5667_length_1056_cov_3.259143	371	410	0	39	39	1.0000000
NODE_5667_length_1056_cov_3.259143	424	463	0	39	39	1.0000000
NODE_5668_length_1056_cov_2.362591	234	314	0	80	80	1.0000000
NODE_5672_length_1055_cov_36.460251	468	548	1	64	80	0.8000000
NODE_5672_length_1055_cov_36.460251	468	548	3	16	80	0.2000000
NODE_5672_length_1055_cov_36.460251	521	601	1	11	80	0.1375000
NODE_5672_length_1055_cov_36.460251	521	601	2	4	80	0.0500000
NODE_5672_length_1055_cov_36.460251	521	601	3	65	80	0.8125000
NODE_5673_length_1055_cov_31.235356	502	582	2	6	80	0.0750000
NODE_5673_length_1055_cov_31.235356	502	582	4	1	80	0.0125000
NODE_5673_length_1055_cov_31.235356	502	582	6	17	80	0.2125000
NODE_5673_length_1055_cov_31.235356	502	582	7	33	80	0.4125000
NODE_5673_length_1055_cov_31.235356	502	582	9	23	80	0.2875000
NODE_5673_length_1055_cov_31.235356	555	635	5	5	80	0.0625000
NODE_5673_length_1055_cov_31.235356	555	635	6	25	80	0.3125000
NODE_5673_length_1055_cov_31.235356	555	635	7	17	80	0.2125000
NODE_5673_length_1055_cov_31.235356	555	635	9	33	80	0.4125000
NODE_5674_length_1055_cov_23.330544	403	483	3	10	80	0.1250000
NODE_5674_length_1055_cov_23.330544	403	483	4	70	80	0.8750000
NODE_5674_length_1055_cov_23.330544	456	536	3	16	80	0.2000000
NODE_5674_length_1055_cov_23.330544	456	536	4	35	80	0.4375000
NODE_5674_length_1055_cov_23.330544	456	536	5	15	80	0.1875000
NODE_5674_length_1055_cov_23.330544	456	536	6	14	80	0.1750000
NODE_5674_length_1055_cov_23.330544	532	612	3	2	80	0.0250000
NODE_5674_length_1055_cov_23.330544	532	612	4	70	80	0.8750000
NODE_5674_length_1055_cov_23.330544	532	612	5	8	80	0.1000000
NODE_5674_length_1055_cov_23.330544	585	665	1	14	80	0.1750000
NODE_5674_length_1055_cov_23.330544	585	665	3	12	80	0.1500000
NODE_5674_length_1055_cov_23.330544	585	665	4	54	80	0.6750000
NODE_5675_length_1055_cov_19.541841	321	401	10	1	80	0.0125000
NODE_5675_length_1055_cov_19.541841	321	401	11	22	80	0.2750000
NODE_5675_length_1055_cov_19.541841	321	401	12	1	80	0.0125000
NODE_5675_length_1055_cov_19.541841	321	401	13	19	80	0.2375000
NODE_5675_length_1055_cov_19.541841	321	401	14	28	80	0.3500000
NODE_5675_length_1055_cov_19.541841	321	401	15	9	80	0.1125000
NODE_5675_length_1055_cov_19.541841	374	454	12	31	80	0.3875000
NODE_5675_length_1055_cov_19.541841	374	454	13	31	80	0.3875000
NODE_5675_length_1055_cov_19.541841	374	454	14	17	80	0.2125000
NODE_5675_length_1055_cov_19.541841	374	454	15	1	80	0.0125000
NODE_5676_length_1055_cov_15.744770	525	605	1	5	80	0.0625000
NODE_5676_length_1055_cov_15.744770	525	605	2	75	80	0.9375000
NODE_5676_length_1055_cov_15.744770	578	658	1	28	80	0.3500000
NODE_5676_length_1055_cov_15.744770	578	658	2	52	80	0.6500000
NODE_5677_length_1055_cov_10.729079	335	415	0	80	80	1.0000000
NODE_5677_length_1055_cov_10.729079	388	468	0	80	80	1.0000000
NODE_5678_length_1055_cov_7.525105	575	655	6	10	80	0.1250000
NODE_5678_length_1055_cov_7.525105	575	655	8	21	80	0.2625000
NODE_5678_length_1055_cov_7.525105	575	655	9	5	80	0.0625000
NODE_5678_length_1055_cov_7.525105	575	655	10	21	80	0.2625000
NODE_5678_length_1055_cov_7.525105	575	655	11	23	80	0.2875000
NODE_5678_length_1055_cov_7.525105	628	708	8	3	80	0.0375000
NODE_5678_length_1055_cov_7.525105	628	708	9	39	80	0.4875000
NODE_5678_length_1055_cov_7.525105	628	708	10	30	80	0.3750000
NODE_5678_length_1055_cov_7.525105	628	708	11	8	80	0.1000000
NODE_5688_length_1054_cov_45.920419	371	451	6	12	80	0.1500000
NODE_5688_length_1054_cov_45.920419	371	451	8	13	80	0.1625000
NODE_5688_length_1054_cov_45.920419	371	451	9	2	80	0.0250000
NODE_5688_length_1054_cov_45.920419	371	451	10	44	80	0.5500000
NODE_5688_length_1054_cov_45.920419	371	451	11	9	80	0.1125000
NODE_5688_length_1054_cov_45.920419	424	505	6	26	81	0.3209876
NODE_5688_length_1054_cov_45.920419	424	505	7	2	81	0.0246914
NODE_5688_length_1054_cov_45.920419	424	505	8	39	81	0.4814815
NODE_5688_length_1054_cov_45.920419	424	505	9	2	81	0.0246914
NODE_5688_length_1054_cov_45.920419	424	505	10	3	81	0.0370370
NODE_5688_length_1054_cov_45.920419	424	505	11	9	81	0.1111111
NODE_5689_length_1054_cov_30.545550	499	578	1	15	79	0.1898734
NODE_5689_length_1054_cov_30.545550	499	578	2	36	79	0.4556962
NODE_5689_length_1054_cov_30.545550	499	578	3	28	79	0.3544304
NODE_5689_length_1054_cov_30.545550	552	631	2	65	79	0.8227848
NODE_5689_length_1054_cov_30.545550	552	631	3	14	79	0.1772152
NODE_5689_length_1054_cov_30.545550	627	707	2	47	80	0.5875000
NODE_5689_length_1054_cov_30.545550	627	707	3	20	80	0.2500000
NODE_5689_length_1054_cov_30.545550	627	707	4	10	80	0.1250000
NODE_5689_length_1054_cov_30.545550	627	707	5	3	80	0.0375000
NODE_5689_length_1054_cov_30.545550	680	760	1	6	80	0.0750000
NODE_5689_length_1054_cov_30.545550	680	760	3	67	80	0.8375000
NODE_5689_length_1054_cov_30.545550	680	760	4	4	80	0.0500000
NODE_5689_length_1054_cov_30.545550	680	760	5	3	80	0.0375000
NODE_5690_length_1054_cov_16.606283	347	427	2	1	80	0.0125000
NODE_5690_length_1054_cov_16.606283	347	427	3	4	80	0.0500000
NODE_5690_length_1054_cov_16.606283	347	427	4	14	80	0.1750000
NODE_5690_length_1054_cov_16.606283	347	427	6	20	80	0.2500000
NODE_5690_length_1054_cov_16.606283	347	427	7	26	80	0.3250000
NODE_5690_length_1054_cov_16.606283	347	427	8	15	80	0.1875000
NODE_5690_length_1054_cov_16.606283	400	480	7	65	80	0.8125000
NODE_5690_length_1054_cov_16.606283	400	480	8	15	80	0.1875000
NODE_5691_length_1054_cov_11.637696	244	316	4	24	72	0.3333333
NODE_5691_length_1054_cov_11.637696	244	316	6	39	72	0.5416667
NODE_5691_length_1054_cov_11.637696	244	316	8	3	72	0.0416667
NODE_5691_length_1054_cov_11.637696	244	316	11	6	72	0.0833333
NODE_5691_length_1054_cov_11.637696	312	392	7	2	80	0.0250000
NODE_5691_length_1054_cov_11.637696	312	392	8	10	80	0.1250000
NODE_5691_length_1054_cov_11.637696	312	392	10	56	80	0.7000000
NODE_5691_length_1054_cov_11.637696	312	392	11	12	80	0.1500000
NODE_5691_length_1054_cov_11.637696	365	445	6	38	80	0.4750000
NODE_5691_length_1054_cov_11.637696	365	445	8	3	80	0.0375000
NODE_5691_length_1054_cov_11.637696	365	445	10	39	80	0.4875000
NODE_5692_length_1054_cov_10.381152	493	573	0	55	80	0.6875000
NODE_5692_length_1054_cov_10.381152	493	573	1	25	80	0.3125000
NODE_5692_length_1054_cov_10.381152	546	626	0	2	80	0.0250000
NODE_5692_length_1054_cov_10.381152	546	626	1	78	80	0.9750000
NODE_5703_length_1053_cov_57.660377	445	527	3	63	82	0.7682927
NODE_5703_length_1053_cov_57.660377	445	527	4	1	82	0.0121951
NODE_5703_length_1053_cov_57.660377	445	527	5	2	82	0.0243902
NODE_5703_length_1053_cov_57.660377	445	527	6	16	82	0.1951219
NODE_5703_length_1053_cov_57.660377	500	580	3	8	80	0.1000000
NODE_5703_length_1053_cov_57.660377	500	580	4	54	80	0.6750000
NODE_5703_length_1053_cov_57.660377	500	580	5	2	80	0.0250000
NODE_5703_length_1053_cov_57.660377	500	580	6	16	80	0.2000000
NODE_5704_length_1053_cov_33.518868	329	409	5	3	80	0.0375000
NODE_5704_length_1053_cov_33.518868	329	409	6	44	80	0.5500000
NODE_5704_length_1053_cov_33.518868	329	409	7	33	80	0.4125000
NODE_5704_length_1053_cov_33.518868	382	462	5	9	80	0.1125000
NODE_5704_length_1053_cov_33.518868	382	462	6	70	80	0.8750000
NODE_5704_length_1053_cov_33.518868	382	462	7	1	80	0.0125000
NODE_5704_length_1053_cov_33.518868	458	538	0	13	80	0.1625000
NODE_5704_length_1053_cov_33.518868	458	538	1	36	80	0.4500000
NODE_5704_length_1053_cov_33.518868	458	538	2	7	80	0.0875000
NODE_5704_length_1053_cov_33.518868	458	538	3	4	80	0.0500000
NODE_5704_length_1053_cov_33.518868	458	538	4	1	80	0.0125000
NODE_5704_length_1053_cov_33.518868	458	538	5	19	80	0.2375000
NODE_5704_length_1053_cov_33.518868	511	591	0	25	80	0.3125000
NODE_5704_length_1053_cov_33.518868	511	591	1	55	80	0.6875000
NODE_5705_length_1053_cov_32.412998	375	455	3	30	80	0.3750000
NODE_5705_length_1053_cov_32.412998	375	455	5	4	80	0.0500000
NODE_5705_length_1053_cov_32.412998	375	455	6	46	80	0.5750000
NODE_5705_length_1053_cov_32.412998	428	508	5	18	80	0.2250000
NODE_5705_length_1053_cov_32.412998	428	508	6	59	80	0.7375000
NODE_5705_length_1053_cov_32.412998	428	508	8	3	80	0.0375000
NODE_5705_length_1053_cov_32.412998	504	584	5	40	80	0.5000000
NODE_5705_length_1053_cov_32.412998	504	584	6	3	80	0.0375000
NODE_5705_length_1053_cov_32.412998	504	584	7	24	80	0.3000000
NODE_5705_length_1053_cov_32.412998	504	584	8	13	80	0.1625000
NODE_5705_length_1053_cov_32.412998	557	637	2	7	80	0.0875000
NODE_5705_length_1053_cov_32.412998	557	637	3	7	80	0.0875000
NODE_5705_length_1053_cov_32.412998	557	637	5	52	80	0.6500000
NODE_5705_length_1053_cov_32.412998	557	637	6	14	80	0.1750000
NODE_5706_length_1053_cov_26.545073	456	536	1	8	80	0.1000000
NODE_5706_length_1053_cov_26.545073	456	536	2	7	80	0.0875000
NODE_5706_length_1053_cov_26.545073	456	536	3	65	80	0.8125000
NODE_5706_length_1053_cov_26.545073	509	589	2	1	80	0.0125000
NODE_5706_length_1053_cov_26.545073	509	589	3	37	80	0.4625000
NODE_5706_length_1053_cov_26.545073	509	589	4	6	80	0.0750000
NODE_5706_length_1053_cov_26.545073	509	589	5	36	80	0.4500000
NODE_5706_length_1053_cov_26.545073	585	665	3	8	80	0.1000000
NODE_5706_length_1053_cov_26.545073	585	665	4	45	80	0.5625000
NODE_5706_length_1053_cov_26.545073	585	665	5	27	80	0.3375000
NODE_5706_length_1053_cov_26.545073	638	718	3	32	80	0.4000000
NODE_5706_length_1053_cov_26.545073	638	718	4	47	80	0.5875000
NODE_5706_length_1053_cov_26.545073	638	718	5	1	80	0.0125000
NODE_5707_length_1053_cov_20.346960	543	623	6	9	80	0.1125000
NODE_5707_length_1053_cov_20.346960	543	623	7	50	80	0.6250000
NODE_5707_length_1053_cov_20.346960	543	623	8	21	80	0.2625000
NODE_5707_length_1053_cov_20.346960	596	677	5	25	81	0.3086420
NODE_5707_length_1053_cov_20.346960	596	677	6	33	81	0.4074074
NODE_5707_length_1053_cov_20.346960	596	677	7	14	81	0.1728395
NODE_5707_length_1053_cov_20.346960	596	677	8	9	81	0.1111111
NODE_5708_length_1053_cov_11.655136	393	473	0	38	80	0.4750000
NODE_5708_length_1053_cov_11.655136	393	473	2	42	80	0.5250000
NODE_5708_length_1053_cov_11.655136	446	526	2	66	80	0.8250000
NODE_5708_length_1053_cov_11.655136	446	526	4	14	80	0.1750000
NODE_5710_length_1053_cov_4.771488	84	149	0	65	65	1.0000000
NODE_5718_length_1052_cov_18.469045	448	528	0	53	80	0.6625000
NODE_5718_length_1052_cov_18.469045	448	528	2	27	80	0.3375000
NODE_5718_length_1052_cov_18.469045	501	581	2	80	80	1.0000000
NODE_5719_length_1052_cov_13.136411	425	505	2	38	80	0.4750000
NODE_5719_length_1052_cov_13.136411	425	505	4	42	80	0.5250000
NODE_5719_length_1052_cov_13.136411	478	558	4	32	80	0.4000000
NODE_5719_length_1052_cov_13.136411	478	558	5	41	80	0.5125000
NODE_5719_length_1052_cov_13.136411	478	558	6	7	80	0.0875000
NODE_5722_length_1052_cov_3.082896	607	687	2	1	80	0.0125000
NODE_5722_length_1052_cov_3.082896	607	687	3	79	80	0.9875000
NODE_5722_length_1052_cov_3.082896	660	740	2	21	80	0.2625000
NODE_5722_length_1052_cov_3.082896	660	740	3	59	80	0.7375000
NODE_5729_length_1051_cov_34.868697	472	552	5	14	80	0.1750000
NODE_5729_length_1051_cov_34.868697	472	552	6	64	80	0.8000000
NODE_5729_length_1051_cov_34.868697	472	552	7	2	80	0.0250000
NODE_5729_length_1051_cov_34.868697	525	605	2	27	80	0.3375000
NODE_5729_length_1051_cov_34.868697	525	605	3	5	80	0.0625000
NODE_5729_length_1051_cov_34.868697	525	605	5	35	80	0.4375000
NODE_5729_length_1051_cov_34.868697	525	605	6	13	80	0.1625000
NODE_5730_length_1051_cov_19.446429	549	629	7	58	80	0.7250000
NODE_5730_length_1051_cov_19.446429	549	629	8	15	80	0.1875000
NODE_5730_length_1051_cov_19.446429	549	629	9	7	80	0.0875000
NODE_5730_length_1051_cov_19.446429	602	682	2	9	80	0.1125000
NODE_5730_length_1051_cov_19.446429	602	682	4	18	80	0.2250000
NODE_5730_length_1051_cov_19.446429	602	682	6	5	80	0.0625000
NODE_5730_length_1051_cov_19.446429	602	682	7	9	80	0.1125000
NODE_5730_length_1051_cov_19.446429	602	682	8	36	80	0.4500000
NODE_5730_length_1051_cov_19.446429	602	682	9	3	80	0.0375000
NODE_5731_length_1051_cov_4.022059	600	680	2	80	80	1.0000000
NODE_5736_length_1050_cov_31.556257	429	509	6	11	80	0.1375000
NODE_5736_length_1050_cov_31.556257	429	509	7	26	80	0.3250000
NODE_5736_length_1050_cov_31.556257	429	509	8	43	80	0.5375000
NODE_5736_length_1050_cov_31.556257	482	562	3	29	80	0.3625000
NODE_5736_length_1050_cov_31.556257	482	562	4	9	80	0.1125000
NODE_5736_length_1050_cov_31.556257	482	562	5	2	80	0.0250000
NODE_5736_length_1050_cov_31.556257	482	562	6	11	80	0.1375000
NODE_5736_length_1050_cov_31.556257	482	562	7	29	80	0.3625000
NODE_5736_length_1050_cov_31.556257	558	638	1	36	80	0.4500000
NODE_5736_length_1050_cov_31.556257	558	638	2	38	80	0.4750000
NODE_5736_length_1050_cov_31.556257	558	638	3	6	80	0.0750000
NODE_5736_length_1050_cov_31.556257	611	691	1	15	80	0.1875000
NODE_5736_length_1050_cov_31.556257	611	691	2	33	80	0.4125000
NODE_5736_length_1050_cov_31.556257	611	691	3	32	80	0.4000000
NODE_5737_length_1050_cov_16.337539	398	478	0	24	80	0.3000000
NODE_5737_length_1050_cov_16.337539	398	478	1	56	80	0.7000000
NODE_5737_length_1050_cov_16.337539	451	531	1	80	80	1.0000000
NODE_5738_length_1050_cov_13.290221	507	587	2	4	80	0.0500000
NODE_5738_length_1050_cov_13.290221	507	587	3	76	80	0.9500000
NODE_5738_length_1050_cov_13.290221	560	640	3	34	80	0.4250000
NODE_5738_length_1050_cov_13.290221	560	640	4	46	80	0.5750000
NODE_5739_length_1050_cov_11.389064	532	612	1	20	80	0.2500000
NODE_5739_length_1050_cov_11.389064	532	612	2	5	80	0.0625000
NODE_5739_length_1050_cov_11.389064	532	612	3	37	80	0.4625000
NODE_5739_length_1050_cov_11.389064	532	612	4	18	80	0.2250000
NODE_5739_length_1050_cov_11.389064	585	665	3	38	80	0.4750000
NODE_5739_length_1050_cov_11.389064	585	665	4	42	80	0.5250000
NODE_5740_length_1050_cov_11.091483	259	321	0	62	62	1.0000000
NODE_5740_length_1050_cov_11.091483	294	374	0	80	80	1.0000000
NODE_5740_length_1050_cov_11.091483	370	450	0	80	80	1.0000000
NODE_5740_length_1050_cov_11.091483	423	503	0	80	80	1.0000000
NODE_5742_length_1050_cov_2.201893	928	990	0	62	62	1.0000000
NODE_5742_length_1050_cov_2.201893	981	1043	0	62	62	1.0000000
NODE_5748_length_1050_cov_1.241851	935	990	4	7	55	0.1272727
NODE_5748_length_1050_cov_1.241851	935	990	6	48	55	0.8727273
NODE_5748_length_1050_cov_1.241851	956	1036	6	80	80	1.0000000
NODE_5752_length_1049_cov_28.174737	446	526	4	23	80	0.2875000
NODE_5752_length_1049_cov_28.174737	446	526	5	1	80	0.0125000
NODE_5752_length_1049_cov_28.174737	446	526	6	41	80	0.5125000
NODE_5752_length_1049_cov_28.174737	446	526	7	15	80	0.1875000
NODE_5752_length_1049_cov_28.174737	499	579	4	4	80	0.0500000
NODE_5752_length_1049_cov_28.174737	499	579	5	1	80	0.0125000
NODE_5752_length_1049_cov_28.174737	499	579	6	28	80	0.3500000
NODE_5752_length_1049_cov_28.174737	499	579	7	21	80	0.2625000
NODE_5752_length_1049_cov_28.174737	499	579	8	19	80	0.2375000
NODE_5752_length_1049_cov_28.174737	499	579	9	3	80	0.0375000
NODE_5752_length_1049_cov_28.174737	499	579	10	4	80	0.0500000
NODE_5753_length_1049_cov_23.186316	389	469	2	40	80	0.5000000
NODE_5753_length_1049_cov_23.186316	389	469	3	40	80	0.5000000
NODE_5753_length_1049_cov_23.186316	442	522	2	24	80	0.3000000
NODE_5753_length_1049_cov_23.186316	442	522	3	56	80	0.7000000
NODE_5753_length_1049_cov_23.186316	518	595	1	13	77	0.1688312
NODE_5753_length_1049_cov_23.186316	518	595	2	54	77	0.7012987
NODE_5753_length_1049_cov_23.186316	518	595	3	10	77	0.1298701
NODE_5753_length_1049_cov_23.186316	568	648	1	13	80	0.1625000
NODE_5753_length_1049_cov_23.186316	568	648	2	8	80	0.1000000
NODE_5753_length_1049_cov_23.186316	568	648	3	59	80	0.7375000
NODE_5754_length_1049_cov_21.097895	532	612	3	3	80	0.0375000
NODE_5754_length_1049_cov_21.097895	532	612	4	1	80	0.0125000
NODE_5754_length_1049_cov_21.097895	532	612	5	7	80	0.0875000
NODE_5754_length_1049_cov_21.097895	532	612	6	6	80	0.0750000
NODE_5754_length_1049_cov_21.097895	532	612	7	46	80	0.5750000
NODE_5754_length_1049_cov_21.097895	532	612	8	16	80	0.2000000
NODE_5754_length_1049_cov_21.097895	532	612	9	1	80	0.0125000
NODE_5754_length_1049_cov_21.097895	585	665	7	35	80	0.4375000
NODE_5754_length_1049_cov_21.097895	585	665	8	44	80	0.5500000
NODE_5754_length_1049_cov_21.097895	585	665	9	1	80	0.0125000
NODE_5755_length_1049_cov_18.964211	375	466	2	2	91	0.0219780
NODE_5755_length_1049_cov_18.964211	375	466	3	54	91	0.5934066
NODE_5755_length_1049_cov_18.964211	375	466	5	35	91	0.3846154
NODE_5755_length_1049_cov_18.964211	439	519	3	7	80	0.0875000
NODE_5755_length_1049_cov_18.964211	439	519	5	73	80	0.9125000
NODE_5755_length_1049_cov_18.964211	515	595	0	16	80	0.2000000
NODE_5755_length_1049_cov_18.964211	515	595	1	6	80	0.0750000
NODE_5755_length_1049_cov_18.964211	515	595	2	43	80	0.5375000
NODE_5755_length_1049_cov_18.964211	515	595	3	15	80	0.1875000
NODE_5755_length_1049_cov_18.964211	568	648	1	3	80	0.0375000
NODE_5755_length_1049_cov_18.964211	568	648	2	18	80	0.2250000
NODE_5755_length_1049_cov_18.964211	568	648	3	59	80	0.7375000
NODE_5756_length_1049_cov_18.075789	437	517	2	4	80	0.0500000
NODE_5756_length_1049_cov_18.075789	437	517	3	2	80	0.0250000
NODE_5756_length_1049_cov_18.075789	437	517	4	1	80	0.0125000
NODE_5756_length_1049_cov_18.075789	437	517	5	33	80	0.4125000
NODE_5756_length_1049_cov_18.075789	437	517	6	14	80	0.1750000
NODE_5756_length_1049_cov_18.075789	437	517	7	18	80	0.2250000
NODE_5756_length_1049_cov_18.075789	437	517	8	8	80	0.1000000
NODE_5756_length_1049_cov_18.075789	490	570	6	2	80	0.0250000
NODE_5756_length_1049_cov_18.075789	490	570	7	22	80	0.2750000
NODE_5756_length_1049_cov_18.075789	490	570	8	56	80	0.7000000
NODE_5756_length_1049_cov_18.075789	566	644	2	7	78	0.0897436
NODE_5756_length_1049_cov_18.075789	566	644	3	12	78	0.1538462
NODE_5756_length_1049_cov_18.075789	566	644	4	31	78	0.3974359
NODE_5756_length_1049_cov_18.075789	566	644	5	1	78	0.0128205
NODE_5756_length_1049_cov_18.075789	566	644	6	2	78	0.0256410
NODE_5756_length_1049_cov_18.075789	566	644	7	25	78	0.3205128
NODE_5756_length_1049_cov_18.075789	620	695	0	48	75	0.6400000
NODE_5756_length_1049_cov_18.075789	620	695	2	10	75	0.1333333
NODE_5756_length_1049_cov_18.075789	620	695	3	12	75	0.1600000
NODE_5756_length_1049_cov_18.075789	620	695	4	5	75	0.0666667
NODE_5757_length_1049_cov_16.194737	569	650	1	81	81	1.0000000
NODE_5757_length_1049_cov_16.194737	623	703	0	5	80	0.0625000
NODE_5757_length_1049_cov_16.194737	623	703	1	75	80	0.9375000
NODE_5757_length_1049_cov_16.194737	699	779	0	80	80	1.0000000
NODE_5757_length_1049_cov_16.194737	752	832	0	58	80	0.7250000
NODE_5757_length_1049_cov_16.194737	752	832	1	22	80	0.2750000
NODE_5759_length_1049_cov_6.323158	588	668	3	35	80	0.4375000
NODE_5759_length_1049_cov_6.323158	588	668	4	45	80	0.5625000
NODE_5759_length_1049_cov_6.323158	641	721	1	8	80	0.1000000
NODE_5759_length_1049_cov_6.323158	641	721	2	11	80	0.1375000
NODE_5759_length_1049_cov_6.323158	641	721	3	37	80	0.4625000
NODE_5759_length_1049_cov_6.323158	641	721	4	24	80	0.3000000
NODE_5770_length_1048_cov_73.887250	535	615	1	10	80	0.1250000
NODE_5770_length_1048_cov_73.887250	535	615	2	22	80	0.2750000
NODE_5770_length_1048_cov_73.887250	535	615	3	27	80	0.3375000
NODE_5770_length_1048_cov_73.887250	535	615	5	21	80	0.2625000
NODE_5770_length_1048_cov_73.887250	588	668	3	6	80	0.0750000
NODE_5770_length_1048_cov_73.887250	588	668	5	24	80	0.3000000
NODE_5770_length_1048_cov_73.887250	588	668	7	25	80	0.3125000
NODE_5770_length_1048_cov_73.887250	588	668	9	25	80	0.3125000
NODE_5770_length_1048_cov_73.887250	664	744	5	34	80	0.4250000
NODE_5770_length_1048_cov_73.887250	664	744	6	8	80	0.1000000
NODE_5770_length_1048_cov_73.887250	664	744	7	7	80	0.0875000
NODE_5770_length_1048_cov_73.887250	664	744	8	11	80	0.1375000
NODE_5770_length_1048_cov_73.887250	664	744	9	20	80	0.2500000
NODE_5770_length_1048_cov_73.887250	717	797	1	4	80	0.0500000
NODE_5770_length_1048_cov_73.887250	717	797	3	49	80	0.6125000
NODE_5770_length_1048_cov_73.887250	717	797	5	27	80	0.3375000
NODE_5770_length_1048_cov_73.887250	899	979	0	80	80	1.0000000
NODE_5771_length_1048_cov_48.242360	407	487	2	79	80	0.9875000
NODE_5771_length_1048_cov_48.242360	407	487	3	1	80	0.0125000
NODE_5771_length_1048_cov_48.242360	460	540	2	44	80	0.5500000
NODE_5771_length_1048_cov_48.242360	460	540	3	33	80	0.4125000
NODE_5771_length_1048_cov_48.242360	460	540	5	3	80	0.0375000
NODE_5771_length_1048_cov_48.242360	536	616	3	1	80	0.0125000
NODE_5771_length_1048_cov_48.242360	536	616	4	24	80	0.3000000
NODE_5771_length_1048_cov_48.242360	536	616	5	6	80	0.0750000
NODE_5771_length_1048_cov_48.242360	536	616	6	6	80	0.0750000
NODE_5771_length_1048_cov_48.242360	536	616	7	43	80	0.5375000
NODE_5771_length_1048_cov_48.242360	589	669	1	2	80	0.0250000
NODE_5771_length_1048_cov_48.242360	589	669	2	22	80	0.2750000
NODE_5771_length_1048_cov_48.242360	589	669	4	4	80	0.0500000
NODE_5771_length_1048_cov_48.242360	589	669	6	31	80	0.3875000
NODE_5771_length_1048_cov_48.242360	589	669	7	21	80	0.2625000
NODE_5772_length_1048_cov_38.430980	352	432	5	12	80	0.1500000
NODE_5772_length_1048_cov_38.430980	352	432	6	33	80	0.4125000
NODE_5772_length_1048_cov_38.430980	352	432	7	17	80	0.2125000
NODE_5772_length_1048_cov_38.430980	352	432	8	10	80	0.1250000
NODE_5772_length_1048_cov_38.430980	352	432	9	8	80	0.1000000
NODE_5772_length_1048_cov_38.430980	405	485	4	5	80	0.0625000
NODE_5772_length_1048_cov_38.430980	405	485	6	17	80	0.2125000
NODE_5772_length_1048_cov_38.430980	405	485	7	9	80	0.1125000
NODE_5772_length_1048_cov_38.430980	405	485	8	12	80	0.1500000
NODE_5772_length_1048_cov_38.430980	405	485	9	37	80	0.4625000
NODE_5773_length_1048_cov_28.179136	548	628	5	3	80	0.0375000
NODE_5773_length_1048_cov_28.179136	548	628	6	36	80	0.4500000
NODE_5773_length_1048_cov_28.179136	548	628	7	38	80	0.4750000
NODE_5773_length_1048_cov_28.179136	548	628	8	1	80	0.0125000
NODE_5773_length_1048_cov_28.179136	548	628	9	2	80	0.0250000
NODE_5773_length_1048_cov_28.179136	601	681	5	3	80	0.0375000
NODE_5773_length_1048_cov_28.179136	601	681	6	30	80	0.3750000
NODE_5773_length_1048_cov_28.179136	601	681	7	15	80	0.1875000
NODE_5773_length_1048_cov_28.179136	601	681	8	2	80	0.0250000
NODE_5773_length_1048_cov_28.179136	601	681	9	5	80	0.0625000
NODE_5773_length_1048_cov_28.179136	601	681	10	11	80	0.1375000
NODE_5773_length_1048_cov_28.179136	601	681	11	7	80	0.0875000
NODE_5773_length_1048_cov_28.179136	601	681	12	7	80	0.0875000
NODE_5773_length_1048_cov_28.179136	677	757	11	7	80	0.0875000
NODE_5773_length_1048_cov_28.179136	677	757	12	34	80	0.4250000
NODE_5773_length_1048_cov_28.179136	677	757	13	39	80	0.4875000
NODE_5773_length_1048_cov_28.179136	730	810	3	8	80	0.1000000
NODE_5773_length_1048_cov_28.179136	730	810	6	1	80	0.0125000
NODE_5773_length_1048_cov_28.179136	730	810	7	25	80	0.3125000
NODE_5773_length_1048_cov_28.179136	730	810	9	4	80	0.0500000
NODE_5773_length_1048_cov_28.179136	730	810	10	5	80	0.0625000
NODE_5773_length_1048_cov_28.179136	730	810	11	1	80	0.0125000
NODE_5773_length_1048_cov_28.179136	730	810	12	36	80	0.4500000
NODE_5774_length_1048_cov_22.985248	409	489	2	31	80	0.3875000
NODE_5774_length_1048_cov_22.985248	409	489	3	13	80	0.1625000
NODE_5774_length_1048_cov_22.985248	409	489	4	10	80	0.1250000
NODE_5774_length_1048_cov_22.985248	409	489	5	4	80	0.0500000
NODE_5774_length_1048_cov_22.985248	409	489	7	22	80	0.2750000
NODE_5774_length_1048_cov_22.985248	462	542	4	1	80	0.0125000
NODE_5774_length_1048_cov_22.985248	462	542	5	7	80	0.0875000
NODE_5774_length_1048_cov_22.985248	462	542	6	36	80	0.4500000
NODE_5774_length_1048_cov_22.985248	462	542	7	36	80	0.4500000
NODE_5774_length_1048_cov_22.985248	538	618	4	1	80	0.0125000
NODE_5774_length_1048_cov_22.985248	538	618	6	40	80	0.5000000
NODE_5774_length_1048_cov_22.985248	538	618	7	39	80	0.4875000
NODE_5774_length_1048_cov_22.985248	591	671	4	12	80	0.1500000
NODE_5774_length_1048_cov_22.985248	591	671	6	31	80	0.3875000
NODE_5774_length_1048_cov_22.985248	591	671	7	37	80	0.4625000
NODE_5775_length_1048_cov_17.883035	500	580	8	2	80	0.0250000
NODE_5775_length_1048_cov_17.883035	500	580	9	21	80	0.2625000
NODE_5775_length_1048_cov_17.883035	500	580	10	38	80	0.4750000
NODE_5775_length_1048_cov_17.883035	500	580	11	19	80	0.2375000
NODE_5775_length_1048_cov_17.883035	553	633	6	25	80	0.3125000
NODE_5775_length_1048_cov_17.883035	553	633	7	4	80	0.0500000
NODE_5775_length_1048_cov_17.883035	553	633	9	5	80	0.0625000
NODE_5775_length_1048_cov_17.883035	553	633	10	46	80	0.5750000
NODE_5776_length_1048_cov_17.444679	377	457	0	11	80	0.1375000
NODE_5776_length_1048_cov_17.444679	377	457	1	69	80	0.8625000
NODE_5776_length_1048_cov_17.444679	430	510	1	80	80	1.0000000
NODE_5777_length_1048_cov_13.387777	518	598	4	53	80	0.6625000
NODE_5777_length_1048_cov_13.387777	518	598	5	27	80	0.3375000
NODE_5777_length_1048_cov_13.387777	571	651	2	6	80	0.0750000
NODE_5777_length_1048_cov_13.387777	571	651	4	2	80	0.0250000
NODE_5777_length_1048_cov_13.387777	571	651	5	67	80	0.8375000
NODE_5777_length_1048_cov_13.387777	571	651	6	5	80	0.0625000
NODE_5778_length_1048_cov_12.934668	716	796	2	62	80	0.7750000
NODE_5778_length_1048_cov_12.934668	716	796	3	18	80	0.2250000
NODE_5778_length_1048_cov_12.934668	769	849	2	36	80	0.4500000
NODE_5778_length_1048_cov_12.934668	769	849	3	44	80	0.5500000
NODE_5778_length_1048_cov_12.934668	845	925	2	26	80	0.3250000
NODE_5778_length_1048_cov_12.934668	845	925	3	7	80	0.0875000
NODE_5778_length_1048_cov_12.934668	845	925	4	47	80	0.5875000
NODE_5778_length_1048_cov_12.934668	898	975	2	27	77	0.3506494
NODE_5778_length_1048_cov_12.934668	898	975	3	30	77	0.3896104
NODE_5778_length_1048_cov_12.934668	898	975	4	20	77	0.2597403
NODE_5779_length_1048_cov_12.712329	330	410	5	11	80	0.1375000
NODE_5779_length_1048_cov_12.712329	330	410	6	34	80	0.4250000
NODE_5779_length_1048_cov_12.712329	330	410	7	31	80	0.3875000
NODE_5779_length_1048_cov_12.712329	330	410	8	4	80	0.0500000
NODE_5779_length_1048_cov_12.712329	384	463	5	13	79	0.1645570
NODE_5779_length_1048_cov_12.712329	384	463	6	30	79	0.3797468
NODE_5779_length_1048_cov_12.712329	384	463	7	32	79	0.4050633
NODE_5779_length_1048_cov_12.712329	384	463	8	4	79	0.0506329
NODE_5779_length_1048_cov_12.712329	459	539	4	4	80	0.0500000
NODE_5779_length_1048_cov_12.712329	459	539	5	28	80	0.3500000
NODE_5779_length_1048_cov_12.712329	459	539	6	6	80	0.0750000
NODE_5779_length_1048_cov_12.712329	459	539	7	19	80	0.2375000
NODE_5779_length_1048_cov_12.712329	459	539	10	23	80	0.2875000
NODE_5779_length_1048_cov_12.712329	512	592	7	4	80	0.0500000
NODE_5779_length_1048_cov_12.712329	512	592	9	12	80	0.1500000
NODE_5779_length_1048_cov_12.712329	512	592	10	31	80	0.3875000
NODE_5779_length_1048_cov_12.712329	512	592	11	20	80	0.2500000
NODE_5779_length_1048_cov_12.712329	512	592	12	9	80	0.1125000
NODE_5779_length_1048_cov_12.712329	512	592	13	4	80	0.0500000
NODE_5780_length_1048_cov_9.232877	305	355	3	50	50	1.0000000
NODE_5786_length_1047_cov_79.917722	540	620	16	1	80	0.0125000
NODE_5786_length_1047_cov_79.917722	540	620	18	3	80	0.0375000
NODE_5786_length_1047_cov_79.917722	540	620	19	4	80	0.0500000
NODE_5786_length_1047_cov_79.917722	540	620	20	3	80	0.0375000
NODE_5786_length_1047_cov_79.917722	540	620	21	10	80	0.1250000
NODE_5786_length_1047_cov_79.917722	540	620	22	3	80	0.0375000
NODE_5786_length_1047_cov_79.917722	540	620	23	6	80	0.0750000
NODE_5786_length_1047_cov_79.917722	540	620	24	8	80	0.1000000
NODE_5786_length_1047_cov_79.917722	540	620	25	18	80	0.2250000
NODE_5786_length_1047_cov_79.917722	540	620	26	7	80	0.0875000
NODE_5786_length_1047_cov_79.917722	540	620	27	13	80	0.1625000
NODE_5786_length_1047_cov_79.917722	540	620	29	4	80	0.0500000
NODE_5786_length_1047_cov_79.917722	593	673	13	10	80	0.1250000
NODE_5786_length_1047_cov_79.917722	593	673	14	5	80	0.0625000
NODE_5786_length_1047_cov_79.917722	593	673	16	6	80	0.0750000
NODE_5786_length_1047_cov_79.917722	593	673	19	7	80	0.0875000
NODE_5786_length_1047_cov_79.917722	593	673	20	16	80	0.2000000
NODE_5786_length_1047_cov_79.917722	593	673	21	9	80	0.1125000
NODE_5786_length_1047_cov_79.917722	593	673	22	5	80	0.0625000
NODE_5786_length_1047_cov_79.917722	593	673	25	15	80	0.1875000
NODE_5786_length_1047_cov_79.917722	593	673	26	2	80	0.0250000
NODE_5786_length_1047_cov_79.917722	593	673	27	4	80	0.0500000
NODE_5786_length_1047_cov_79.917722	593	673	29	1	80	0.0125000
NODE_5787_length_1047_cov_28.527426	582	662	2	1	80	0.0125000
NODE_5787_length_1047_cov_28.527426	582	662	4	25	80	0.3125000
NODE_5787_length_1047_cov_28.527426	582	662	6	54	80	0.6750000
NODE_5787_length_1047_cov_28.527426	635	715	1	3	80	0.0375000
NODE_5787_length_1047_cov_28.527426	635	715	3	5	80	0.0625000
NODE_5787_length_1047_cov_28.527426	635	715	5	10	80	0.1250000
NODE_5787_length_1047_cov_28.527426	635	715	6	31	80	0.3875000
NODE_5787_length_1047_cov_28.527426	635	715	7	31	80	0.3875000
NODE_5788_length_1047_cov_26.068565	372	452	7	19	80	0.2375000
NODE_5788_length_1047_cov_26.068565	372	452	8	5	80	0.0625000
NODE_5788_length_1047_cov_26.068565	372	452	9	35	80	0.4375000
NODE_5788_length_1047_cov_26.068565	372	452	10	21	80	0.2625000
NODE_5788_length_1047_cov_26.068565	425	505	3	15	80	0.1875000
NODE_5788_length_1047_cov_26.068565	425	505	4	9	80	0.1125000
NODE_5788_length_1047_cov_26.068565	425	505	5	23	80	0.2875000
NODE_5788_length_1047_cov_26.068565	425	505	7	6	80	0.0750000
NODE_5788_length_1047_cov_26.068565	425	505	8	5	80	0.0625000
NODE_5788_length_1047_cov_26.068565	425	505	9	22	80	0.2750000
NODE_5789_length_1047_cov_25.946203	424	504	5	49	80	0.6125000
NODE_5789_length_1047_cov_25.946203	424	504	6	13	80	0.1625000
NODE_5789_length_1047_cov_25.946203	424	504	7	18	80	0.2250000
NODE_5789_length_1047_cov_25.946203	477	557	3	4	80	0.0500000
NODE_5789_length_1047_cov_25.946203	477	557	4	35	80	0.4375000
NODE_5789_length_1047_cov_25.946203	477	557	5	14	80	0.1750000
NODE_5789_length_1047_cov_25.946203	477	557	6	12	80	0.1500000
NODE_5789_length_1047_cov_25.946203	477	557	7	15	80	0.1875000
NODE_5790_length_1047_cov_19.255274	458	538	4	80	80	1.0000000
NODE_5790_length_1047_cov_19.255274	511	591	0	9	80	0.1125000
NODE_5790_length_1047_cov_19.255274	511	591	2	5	80	0.0625000
NODE_5790_length_1047_cov_19.255274	511	591	3	6	80	0.0750000
NODE_5790_length_1047_cov_19.255274	511	591	4	60	80	0.7500000
NODE_5791_length_1047_cov_16.618143	467	547	3	40	80	0.5000000
NODE_5791_length_1047_cov_16.618143	467	547	4	30	80	0.3750000
NODE_5791_length_1047_cov_16.618143	467	547	5	10	80	0.1250000
NODE_5791_length_1047_cov_16.618143	520	600	3	33	80	0.4125000
NODE_5791_length_1047_cov_16.618143	520	600	4	47	80	0.5875000
NODE_5792_length_1047_cov_14.246835	643	723	2	80	80	1.0000000
NODE_5792_length_1047_cov_14.246835	696	776	0	15	80	0.1875000
NODE_5792_length_1047_cov_14.246835	696	776	2	65	80	0.8125000
NODE_5793_length_1047_cov_9.869198	414	494	0	20	80	0.2500000
NODE_5793_length_1047_cov_9.869198	414	494	1	27	80	0.3375000
NODE_5793_length_1047_cov_9.869198	414	494	2	33	80	0.4125000
NODE_5793_length_1047_cov_9.869198	467	547	2	80	80	1.0000000
NODE_5794_length_1047_cov_8.513713	300	380	0	24	80	0.3000000
NODE_5794_length_1047_cov_8.513713	300	380	2	56	80	0.7000000
NODE_5794_length_1047_cov_8.513713	353	433	0	24	80	0.3000000
NODE_5794_length_1047_cov_8.513713	353	433	2	56	80	0.7000000
NODE_5795_length_1047_cov_7.412447	442	522	0	21	80	0.2625000
NODE_5795_length_1047_cov_7.412447	442	522	2	59	80	0.7375000
NODE_5795_length_1047_cov_7.412447	495	575	2	80	80	1.0000000
NODE_5803_length_1046_cov_41.392819	587	667	2	7	80	0.0875000
NODE_5803_length_1046_cov_41.392819	587	667	3	11	80	0.1375000
NODE_5803_length_1046_cov_41.392819	587	667	4	15	80	0.1875000
NODE_5803_length_1046_cov_41.392819	587	667	5	6	80	0.0750000
NODE_5803_length_1046_cov_41.392819	587	667	7	13	80	0.1625000
NODE_5803_length_1046_cov_41.392819	587	667	8	5	80	0.0625000
NODE_5803_length_1046_cov_41.392819	587	667	9	9	80	0.1125000
NODE_5803_length_1046_cov_41.392819	587	667	10	6	80	0.0750000
NODE_5803_length_1046_cov_41.392819	587	667	11	8	80	0.1000000
NODE_5803_length_1046_cov_41.392819	640	720	8	4	80	0.0500000
NODE_5803_length_1046_cov_41.392819	640	720	9	9	80	0.1125000
NODE_5803_length_1046_cov_41.392819	640	720	10	6	80	0.0750000
NODE_5803_length_1046_cov_41.392819	640	720	11	11	80	0.1375000
NODE_5803_length_1046_cov_41.392819	640	720	12	1	80	0.0125000
NODE_5803_length_1046_cov_41.392819	640	720	13	11	80	0.1375000
NODE_5803_length_1046_cov_41.392819	640	720	14	7	80	0.0875000
NODE_5803_length_1046_cov_41.392819	640	720	15	31	80	0.3875000
NODE_5804_length_1046_cov_30.317846	382	462	9	19	80	0.2375000
NODE_5804_length_1046_cov_30.317846	382	462	10	6	80	0.0750000
NODE_5804_length_1046_cov_30.317846	382	462	11	24	80	0.3000000
NODE_5804_length_1046_cov_30.317846	382	462	13	27	80	0.3375000
NODE_5804_length_1046_cov_30.317846	382	462	14	4	80	0.0500000
NODE_5804_length_1046_cov_30.317846	435	515	9	7	80	0.0875000
NODE_5804_length_1046_cov_30.317846	435	515	10	9	80	0.1125000
NODE_5804_length_1046_cov_30.317846	435	515	11	9	80	0.1125000
NODE_5804_length_1046_cov_30.317846	435	515	12	4	80	0.0500000
NODE_5804_length_1046_cov_30.317846	435	515	13	20	80	0.2500000
NODE_5804_length_1046_cov_30.317846	435	515	14	31	80	0.3875000
NODE_5805_length_1046_cov_28.184794	346	426	1	8	80	0.1000000
NODE_5805_length_1046_cov_28.184794	346	426	2	27	80	0.3375000
NODE_5805_length_1046_cov_28.184794	346	426	3	45	80	0.5625000
NODE_5805_length_1046_cov_28.184794	399	479	2	7	80	0.0875000
NODE_5805_length_1046_cov_28.184794	399	479	3	73	80	0.9125000
NODE_5806_length_1046_cov_24.595565	501	581	2	32	80	0.4000000
NODE_5806_length_1046_cov_24.595565	501	581	3	48	80	0.6000000
NODE_5806_length_1046_cov_24.595565	554	634	1	19	80	0.2375000
NODE_5806_length_1046_cov_24.595565	554	634	2	47	80	0.5875000
NODE_5806_length_1046_cov_24.595565	554	634	3	14	80	0.1750000
NODE_5807_length_1046_cov_17.958817	447	527	1	70	80	0.8750000
NODE_5807_length_1046_cov_17.958817	447	527	2	10	80	0.1250000
NODE_5807_length_1046_cov_17.958817	500	580	0	48	80	0.6000000
NODE_5807_length_1046_cov_17.958817	500	580	1	32	80	0.4000000
NODE_5808_length_1046_cov_15.494192	385	465	3	24	80	0.3000000
NODE_5808_length_1046_cov_15.494192	385	465	4	27	80	0.3375000
NODE_5808_length_1046_cov_15.494192	385	465	5	5	80	0.0625000
NODE_5808_length_1046_cov_15.494192	385	465	6	20	80	0.2500000
NODE_5808_length_1046_cov_15.494192	385	465	8	4	80	0.0500000
NODE_5808_length_1046_cov_15.494192	438	518	5	3	80	0.0375000
NODE_5808_length_1046_cov_15.494192	438	518	6	45	80	0.5625000
NODE_5808_length_1046_cov_15.494192	438	518	7	1	80	0.0125000
NODE_5808_length_1046_cov_15.494192	438	518	8	31	80	0.3875000
NODE_5809_length_1046_cov_12.639916	554	634	4	1	80	0.0125000
NODE_5809_length_1046_cov_12.639916	554	634	6	9	80	0.1125000
NODE_5809_length_1046_cov_12.639916	554	634	8	28	80	0.3500000
NODE_5809_length_1046_cov_12.639916	554	634	9	42	80	0.5250000
NODE_5809_length_1046_cov_12.639916	607	687	2	19	80	0.2375000
NODE_5809_length_1046_cov_12.639916	607	687	3	22	80	0.2750000
NODE_5809_length_1046_cov_12.639916	607	687	4	13	80	0.1625000
NODE_5809_length_1046_cov_12.639916	607	687	6	9	80	0.1125000
NODE_5809_length_1046_cov_12.639916	607	687	8	17	80	0.2125000
NODE_5810_length_1046_cov_11.238648	471	551	5	33	80	0.4125000
NODE_5810_length_1046_cov_11.238648	471	551	6	10	80	0.1250000
NODE_5810_length_1046_cov_11.238648	471	551	7	37	80	0.4625000
NODE_5810_length_1046_cov_11.238648	524	604	2	5	80	0.0625000
NODE_5810_length_1046_cov_11.238648	524	604	3	28	80	0.3500000
NODE_5810_length_1046_cov_11.238648	524	604	5	4	80	0.0500000
NODE_5810_length_1046_cov_11.238648	524	604	6	1	80	0.0125000
NODE_5810_length_1046_cov_11.238648	524	604	7	42	80	0.5250000
NODE_5811_length_1046_cov_10.744456	459	539	2	55	80	0.6875000
NODE_5811_length_1046_cov_10.744456	459	539	3	4	80	0.0500000
NODE_5811_length_1046_cov_10.744456	459	539	4	21	80	0.2625000
NODE_5811_length_1046_cov_10.744456	512	592	0	24	80	0.3000000
NODE_5811_length_1046_cov_10.744456	512	592	2	56	80	0.7000000
NODE_5812_length_1046_cov_8.689546	302	382	0	11	80	0.1375000
NODE_5812_length_1046_cov_8.689546	302	382	2	69	80	0.8625000
NODE_5812_length_1046_cov_8.689546	355	435	2	80	80	1.0000000
NODE_5823_length_1045_cov_75.975687	359	440	4	4	81	0.0493827
NODE_5823_length_1045_cov_75.975687	359	440	5	9	81	0.1111111
NODE_5823_length_1045_cov_75.975687	359	440	7	5	81	0.0617284
NODE_5823_length_1045_cov_75.975687	359	440	8	49	81	0.6049383
NODE_5823_length_1045_cov_75.975687	359	440	9	14	81	0.1728395
NODE_5823_length_1045_cov_75.975687	412	493	6	7	81	0.0864198
NODE_5823_length_1045_cov_75.975687	412	493	7	5	81	0.0617284
NODE_5823_length_1045_cov_75.975687	412	493	8	30	81	0.3703704
NODE_5823_length_1045_cov_75.975687	412	493	9	8	81	0.0987654
NODE_5823_length_1045_cov_75.975687	412	493	10	31	81	0.3827161
NODE_5823_length_1045_cov_75.975687	489	569	6	4	80	0.0500000
NODE_5823_length_1045_cov_75.975687	489	569	7	8	80	0.1000000
NODE_5823_length_1045_cov_75.975687	489	569	9	20	80	0.2500000
NODE_5823_length_1045_cov_75.975687	489	569	10	6	80	0.0750000
NODE_5823_length_1045_cov_75.975687	489	569	11	23	80	0.2875000
NODE_5823_length_1045_cov_75.975687	489	569	12	7	80	0.0875000
NODE_5823_length_1045_cov_75.975687	489	569	13	12	80	0.1500000
NODE_5823_length_1045_cov_75.975687	542	622	9	23	80	0.2875000
NODE_5823_length_1045_cov_75.975687	542	622	10	8	80	0.1000000
NODE_5823_length_1045_cov_75.975687	542	622	11	24	80	0.3000000
NODE_5823_length_1045_cov_75.975687	542	622	13	25	80	0.3125000
NODE_5824_length_1045_cov_54.419662	434	514	3	30	80	0.3750000
NODE_5824_length_1045_cov_54.419662	434	514	4	34	80	0.4250000
NODE_5824_length_1045_cov_54.419662	434	514	5	16	80	0.2000000
NODE_5824_length_1045_cov_54.419662	487	567	4	47	80	0.5875000
NODE_5824_length_1045_cov_54.419662	487	567	5	21	80	0.2625000
NODE_5824_length_1045_cov_54.419662	487	567	7	3	80	0.0375000
NODE_5824_length_1045_cov_54.419662	487	567	8	4	80	0.0500000
NODE_5824_length_1045_cov_54.419662	487	567	9	5	80	0.0625000
NODE_5824_length_1045_cov_54.419662	563	639	8	4	76	0.0526316
NODE_5824_length_1045_cov_54.419662	563	639	9	6	76	0.0789474
NODE_5824_length_1045_cov_54.419662	563	639	10	5	76	0.0657895
NODE_5824_length_1045_cov_54.419662	563	639	12	4	76	0.0526316
NODE_5824_length_1045_cov_54.419662	563	639	13	3	76	0.0394737
NODE_5824_length_1045_cov_54.419662	563	639	15	4	76	0.0526316
NODE_5824_length_1045_cov_54.419662	563	639	16	4	76	0.0526316
NODE_5824_length_1045_cov_54.419662	563	639	17	4	76	0.0526316
NODE_5824_length_1045_cov_54.419662	563	639	18	9	76	0.1184211
NODE_5824_length_1045_cov_54.419662	563	639	19	1	76	0.0131579
NODE_5824_length_1045_cov_54.419662	563	639	20	21	76	0.2763158
NODE_5824_length_1045_cov_54.419662	563	639	21	10	76	0.1315790
NODE_5824_length_1045_cov_54.419662	563	639	22	1	76	0.0131579
NODE_5824_length_1045_cov_54.419662	616	696	19	16	80	0.2000000
NODE_5824_length_1045_cov_54.419662	616	696	20	28	80	0.3500000
NODE_5824_length_1045_cov_54.419662	616	696	21	36	80	0.4500000
NODE_5825_length_1045_cov_23.188161	395	475	2	14	80	0.1750000
NODE_5825_length_1045_cov_23.188161	395	475	4	66	80	0.8250000
NODE_5825_length_1045_cov_23.188161	448	528	4	80	80	1.0000000
NODE_5826_length_1045_cov_19.686047	571	651	0	28	80	0.3500000
NODE_5826_length_1045_cov_19.686047	571	651	1	17	80	0.2125000
NODE_5826_length_1045_cov_19.686047	571	651	2	2	80	0.0250000
NODE_5826_length_1045_cov_19.686047	571	651	3	5	80	0.0625000
NODE_5826_length_1045_cov_19.686047	571	651	5	28	80	0.3500000
NODE_5826_length_1045_cov_19.686047	624	704	5	45	80	0.5625000
NODE_5826_length_1045_cov_19.686047	624	704	6	35	80	0.4375000
NODE_5827_length_1045_cov_19.378436	478	558	2	22	80	0.2750000
NODE_5827_length_1045_cov_19.378436	478	558	3	18	80	0.2250000
NODE_5827_length_1045_cov_19.378436	478	558	4	40	80	0.5000000
NODE_5827_length_1045_cov_19.378436	531	611	4	40	80	0.5000000
NODE_5827_length_1045_cov_19.378436	531	611	5	33	80	0.4125000
NODE_5827_length_1045_cov_19.378436	531	611	6	7	80	0.0875000
NODE_5828_length_1045_cov_17.601480	359	439	6	16	80	0.2000000
NODE_5828_length_1045_cov_17.601480	359	439	7	3	80	0.0375000
NODE_5828_length_1045_cov_17.601480	359	439	8	12	80	0.1500000
NODE_5828_length_1045_cov_17.601480	359	439	9	4	80	0.0500000
NODE_5828_length_1045_cov_17.601480	359	439	10	45	80	0.5625000
NODE_5828_length_1045_cov_17.601480	412	492	1	13	80	0.1625000
NODE_5828_length_1045_cov_17.601480	412	492	3	12	80	0.1500000
NODE_5828_length_1045_cov_17.601480	412	492	4	1	80	0.0125000
NODE_5828_length_1045_cov_17.601480	412	492	6	43	80	0.5375000
NODE_5828_length_1045_cov_17.601480	412	492	7	3	80	0.0375000
NODE_5828_length_1045_cov_17.601480	412	492	8	8	80	0.1000000
NODE_5829_length_1045_cov_17.372093	633	713	9	3	80	0.0375000
NODE_5829_length_1045_cov_17.372093	633	713	10	21	80	0.2625000
NODE_5829_length_1045_cov_17.372093	633	713	11	34	80	0.4250000
NODE_5829_length_1045_cov_17.372093	633	713	12	12	80	0.1500000
NODE_5829_length_1045_cov_17.372093	633	713	13	10	80	0.1250000
NODE_5829_length_1045_cov_17.372093	686	766	8	37	80	0.4625000
NODE_5829_length_1045_cov_17.372093	686	766	9	10	80	0.1250000
NODE_5829_length_1045_cov_17.372093	686	766	10	11	80	0.1375000
NODE_5829_length_1045_cov_17.372093	686	766	11	7	80	0.0875000
NODE_5829_length_1045_cov_17.372093	686	766	12	5	80	0.0625000
NODE_5829_length_1045_cov_17.372093	686	766	13	10	80	0.1250000
NODE_5830_length_1045_cov_14.828753	433	513	1	72	80	0.9000000
NODE_5830_length_1045_cov_14.828753	433	513	2	8	80	0.1000000
NODE_5830_length_1045_cov_14.828753	486	566	1	39	80	0.4875000
NODE_5830_length_1045_cov_14.828753	486	566	2	41	80	0.5125000
NODE_5831_length_1045_cov_11.673362	664	744	2	40	80	0.5000000
NODE_5831_length_1045_cov_11.673362	664	744	3	40	80	0.5000000
NODE_5831_length_1045_cov_11.673362	717	797	1	11	80	0.1375000
NODE_5831_length_1045_cov_11.673362	717	797	3	69	80	0.8625000
NODE_5843_length_1044_cov_42.600000	344	424	8	80	80	1.0000000
NODE_5843_length_1044_cov_42.600000	397	477	3	4	80	0.0500000
NODE_5843_length_1044_cov_42.600000	397	477	5	4	80	0.0500000
NODE_5843_length_1044_cov_42.600000	397	477	6	5	80	0.0625000
NODE_5843_length_1044_cov_42.600000	397	477	7	16	80	0.2000000
NODE_5843_length_1044_cov_42.600000	397	477	8	51	80	0.6375000
NODE_5844_length_1044_cov_27.653968	454	534	2	9	80	0.1125000
NODE_5844_length_1044_cov_27.653968	454	534	4	8	80	0.1000000
NODE_5844_length_1044_cov_27.653968	454	534	5	47	80	0.5875000
NODE_5844_length_1044_cov_27.653968	454	534	6	15	80	0.1875000
NODE_5844_length_1044_cov_27.653968	454	534	7	1	80	0.0125000
NODE_5844_length_1044_cov_27.653968	507	587	5	38	80	0.4750000
NODE_5844_length_1044_cov_27.653968	507	587	6	29	80	0.3625000
NODE_5844_length_1044_cov_27.653968	507	587	7	13	80	0.1625000
NODE_5845_length_1044_cov_24.561905	297	375	1	78	78	1.0000000
NODE_5845_length_1044_cov_24.561905	348	428	1	80	80	1.0000000
NODE_5845_length_1044_cov_24.561905	424	504	1	22	80	0.2750000
NODE_5845_length_1044_cov_24.561905	424	504	2	28	80	0.3500000
NODE_5845_length_1044_cov_24.561905	424	504	3	30	80	0.3750000
NODE_5845_length_1044_cov_24.561905	477	557	3	30	80	0.3750000
NODE_5845_length_1044_cov_24.561905	477	557	4	10	80	0.1250000
NODE_5845_length_1044_cov_24.561905	477	557	5	40	80	0.5000000
NODE_5846_length_1044_cov_23.720635	294	374	2	10	80	0.1250000
NODE_5846_length_1044_cov_23.720635	294	374	3	70	80	0.8750000
NODE_5846_length_1044_cov_23.720635	347	427	3	28	80	0.3500000
NODE_5846_length_1044_cov_23.720635	347	427	4	4	80	0.0500000
NODE_5846_length_1044_cov_23.720635	347	427	5	2	80	0.0250000
NODE_5846_length_1044_cov_23.720635	347	427	6	12	80	0.1500000
NODE_5846_length_1044_cov_23.720635	347	427	7	8	80	0.1000000
NODE_5846_length_1044_cov_23.720635	347	427	8	26	80	0.3250000
NODE_5846_length_1044_cov_23.720635	423	503	7	20	80	0.2500000
NODE_5846_length_1044_cov_23.720635	423	503	8	31	80	0.3875000
NODE_5846_length_1044_cov_23.720635	423	503	9	29	80	0.3625000
NODE_5846_length_1044_cov_23.720635	476	556	4	25	80	0.3125000
NODE_5846_length_1044_cov_23.720635	476	556	5	2	80	0.0250000
NODE_5846_length_1044_cov_23.720635	476	556	6	4	80	0.0500000
NODE_5846_length_1044_cov_23.720635	476	556	7	42	80	0.5250000
NODE_5846_length_1044_cov_23.720635	476	556	9	7	80	0.0875000
NODE_5847_length_1044_cov_20.871958	462	542	4	59	80	0.7375000
NODE_5847_length_1044_cov_20.871958	462	542	5	6	80	0.0750000
NODE_5847_length_1044_cov_20.871958	462	542	6	15	80	0.1875000
NODE_5847_length_1044_cov_20.871958	515	595	4	71	80	0.8875000
NODE_5847_length_1044_cov_20.871958	515	595	6	9	80	0.1125000
NODE_5847_length_1044_cov_20.871958	591	671	2	13	80	0.1625000
NODE_5847_length_1044_cov_20.871958	591	671	3	21	80	0.2625000
NODE_5847_length_1044_cov_20.871958	591	671	4	46	80	0.5750000
NODE_5847_length_1044_cov_20.871958	644	724	1	39	80	0.4875000
NODE_5847_length_1044_cov_20.871958	644	724	2	27	80	0.3375000
NODE_5847_length_1044_cov_20.871958	644	724	3	5	80	0.0625000
NODE_5847_length_1044_cov_20.871958	644	724	4	9	80	0.1125000
NODE_5848_length_1044_cov_18.596825	433	513	5	11	80	0.1375000
NODE_5848_length_1044_cov_18.596825	433	513	6	42	80	0.5250000
NODE_5848_length_1044_cov_18.596825	433	513	7	16	80	0.2000000
NODE_5848_length_1044_cov_18.596825	433	513	8	10	80	0.1250000
NODE_5848_length_1044_cov_18.596825	433	513	9	1	80	0.0125000
NODE_5848_length_1044_cov_18.596825	486	566	4	20	80	0.2500000
NODE_5848_length_1044_cov_18.596825	486	566	5	8	80	0.1000000
NODE_5848_length_1044_cov_18.596825	486	566	6	31	80	0.3875000
NODE_5848_length_1044_cov_18.596825	486	566	7	10	80	0.1250000
NODE_5848_length_1044_cov_18.596825	486	566	8	10	80	0.1250000
NODE_5848_length_1044_cov_18.596825	486	566	9	1	80	0.0125000
NODE_5849_length_1044_cov_16.102646	414	494	8	6	80	0.0750000
NODE_5849_length_1044_cov_16.102646	414	494	9	14	80	0.1750000
NODE_5849_length_1044_cov_16.102646	414	494	10	21	80	0.2625000
NODE_5849_length_1044_cov_16.102646	414	494	11	3	80	0.0375000
NODE_5849_length_1044_cov_16.102646	414	494	12	36	80	0.4500000
NODE_5849_length_1044_cov_16.102646	467	547	6	7	80	0.0875000
NODE_5849_length_1044_cov_16.102646	467	547	7	15	80	0.1875000
NODE_5849_length_1044_cov_16.102646	467	547	8	34	80	0.4250000
NODE_5849_length_1044_cov_16.102646	467	547	9	8	80	0.1000000
NODE_5849_length_1044_cov_16.102646	467	547	10	11	80	0.1375000
NODE_5849_length_1044_cov_16.102646	467	547	11	3	80	0.0375000
NODE_5849_length_1044_cov_16.102646	467	547	12	2	80	0.0250000
NODE_5850_length_1044_cov_12.156614	578	658	1	6	80	0.0750000
NODE_5850_length_1044_cov_12.156614	578	658	3	40	80	0.5000000
NODE_5850_length_1044_cov_12.156614	578	658	5	25	80	0.3125000
NODE_5850_length_1044_cov_12.156614	578	658	6	9	80	0.1125000
NODE_5850_length_1044_cov_12.156614	631	711	3	12	80	0.1500000
NODE_5850_length_1044_cov_12.156614	631	711	5	35	80	0.4375000
NODE_5850_length_1044_cov_12.156614	631	711	6	33	80	0.4125000
NODE_5851_length_1044_cov_10.661376	506	586	2	14	80	0.1750000
NODE_5851_length_1044_cov_10.661376	506	586	3	66	80	0.8250000
NODE_5851_length_1044_cov_10.661376	559	639	2	52	80	0.6500000
NODE_5851_length_1044_cov_10.661376	559	639	3	28	80	0.3500000
NODE_5852_length_1044_cov_9.534392	461	541	5	1	80	0.0125000
NODE_5852_length_1044_cov_9.534392	461	541	6	64	80	0.8000000
NODE_5852_length_1044_cov_9.534392	461	541	7	15	80	0.1875000
NODE_5852_length_1044_cov_9.534392	514	594	4	12	80	0.1500000
NODE_5852_length_1044_cov_9.534392	514	594	5	3	80	0.0375000
NODE_5852_length_1044_cov_9.534392	514	594	6	43	80	0.5375000
NODE_5852_length_1044_cov_9.534392	514	594	7	16	80	0.2000000
NODE_5852_length_1044_cov_9.534392	514	594	8	6	80	0.0750000
NODE_5853_length_1044_cov_5.517460	434	514	0	28	80	0.3500000
NODE_5853_length_1044_cov_5.517460	434	514	2	7	80	0.0875000
NODE_5853_length_1044_cov_5.517460	434	514	3	45	80	0.5625000
NODE_5853_length_1044_cov_5.517460	487	567	3	80	80	1.0000000
NODE_5856_length_1044_cov_1.502646	769	845	0	76	76	1.0000000
NODE_5860_length_1043_cov_42.288136	452	532	5	58	80	0.7250000
NODE_5860_length_1043_cov_42.288136	452	532	6	22	80	0.2750000
NODE_5860_length_1043_cov_42.288136	505	585	2	16	80	0.2000000
NODE_5860_length_1043_cov_42.288136	505	585	3	17	80	0.2125000
NODE_5860_length_1043_cov_42.288136	505	585	5	25	80	0.3125000
NODE_5860_length_1043_cov_42.288136	505	585	6	22	80	0.2750000
NODE_5861_length_1043_cov_25.987288	350	430	2	7	80	0.0875000
NODE_5861_length_1043_cov_25.987288	350	430	3	18	80	0.2250000
NODE_5861_length_1043_cov_25.987288	350	430	5	13	80	0.1625000
NODE_5861_length_1043_cov_25.987288	350	430	7	1	80	0.0125000
NODE_5861_length_1043_cov_25.987288	350	430	9	18	80	0.2250000
NODE_5861_length_1043_cov_25.987288	350	430	10	21	80	0.2625000
NODE_5861_length_1043_cov_25.987288	350	430	11	2	80	0.0250000
NODE_5861_length_1043_cov_25.987288	403	483	9	4	80	0.0500000
NODE_5861_length_1043_cov_25.987288	403	483	10	21	80	0.2625000
NODE_5861_length_1043_cov_25.987288	403	483	11	5	80	0.0625000
NODE_5861_length_1043_cov_25.987288	403	483	12	14	80	0.1750000
NODE_5861_length_1043_cov_25.987288	403	483	14	6	80	0.0750000
NODE_5861_length_1043_cov_25.987288	403	483	15	20	80	0.2500000
NODE_5861_length_1043_cov_25.987288	403	483	16	2	80	0.0250000
NODE_5861_length_1043_cov_25.987288	403	483	17	3	80	0.0375000
NODE_5861_length_1043_cov_25.987288	403	483	18	5	80	0.0625000
NODE_5861_length_1043_cov_25.987288	479	559	11	2	80	0.0250000
NODE_5861_length_1043_cov_25.987288	479	559	12	51	80	0.6375000
NODE_5861_length_1043_cov_25.987288	479	559	13	10	80	0.1250000
NODE_5861_length_1043_cov_25.987288	479	559	14	6	80	0.0750000
NODE_5861_length_1043_cov_25.987288	479	559	15	1	80	0.0125000
NODE_5861_length_1043_cov_25.987288	479	559	16	8	80	0.1000000
NODE_5861_length_1043_cov_25.987288	479	559	18	2	80	0.0250000
NODE_5861_length_1043_cov_25.987288	532	612	8	9	80	0.1125000
NODE_5861_length_1043_cov_25.987288	532	612	9	6	80	0.0750000
NODE_5861_length_1043_cov_25.987288	532	612	10	8	80	0.1000000
NODE_5861_length_1043_cov_25.987288	532	612	11	32	80	0.4000000
NODE_5861_length_1043_cov_25.987288	532	612	12	25	80	0.3125000
NODE_5862_length_1043_cov_20.838983	561	641	1	1	80	0.0125000
NODE_5862_length_1043_cov_20.838983	561	641	2	60	80	0.7500000
NODE_5862_length_1043_cov_20.838983	561	641	3	19	80	0.2375000
NODE_5862_length_1043_cov_20.838983	614	694	2	15	80	0.1875000
NODE_5862_length_1043_cov_20.838983	614	694	3	65	80	0.8125000
NODE_5863_length_1043_cov_20.312500	489	569	6	28	80	0.3500000
NODE_5863_length_1043_cov_20.312500	489	569	7	2	80	0.0250000
NODE_5863_length_1043_cov_20.312500	489	569	9	5	80	0.0625000
NODE_5863_length_1043_cov_20.312500	489	569	10	24	80	0.3000000
NODE_5863_length_1043_cov_20.312500	489	569	11	3	80	0.0375000
NODE_5863_length_1043_cov_20.312500	489	569	12	18	80	0.2250000
NODE_5863_length_1043_cov_20.312500	542	622	7	20	80	0.2500000
NODE_5863_length_1043_cov_20.312500	542	622	8	12	80	0.1500000
NODE_5863_length_1043_cov_20.312500	542	622	9	9	80	0.1125000
NODE_5863_length_1043_cov_20.312500	542	622	10	9	80	0.1125000
NODE_5863_length_1043_cov_20.312500	542	622	11	2	80	0.0250000
NODE_5863_length_1043_cov_20.312500	542	622	12	22	80	0.2750000
NODE_5863_length_1043_cov_20.312500	542	622	13	6	80	0.0750000
NODE_5864_length_1043_cov_16.320975	569	649	2	30	80	0.3750000
NODE_5864_length_1043_cov_16.320975	569	649	3	15	80	0.1875000
NODE_5864_length_1043_cov_16.320975	569	649	4	6	80	0.0750000
NODE_5864_length_1043_cov_16.320975	569	649	5	29	80	0.3625000
NODE_5864_length_1043_cov_16.320975	622	702	3	12	80	0.1500000
NODE_5864_length_1043_cov_16.320975	622	702	4	28	80	0.3500000
NODE_5864_length_1043_cov_16.320975	622	702	5	40	80	0.5000000
NODE_5865_length_1043_cov_11.176907	521	601	0	80	80	1.0000000
NODE_5865_length_1043_cov_11.176907	574	654	0	80	80	1.0000000
NODE_5866_length_1043_cov_8.146186	530	596	0	66	66	1.0000000
NODE_5866_length_1043_cov_8.146186	569	649	0	80	80	1.0000000
NODE_5868_length_1043_cov_5.347458	646	726	2	22	80	0.2750000
NODE_5868_length_1043_cov_5.347458	646	726	4	58	80	0.7250000
NODE_5868_length_1043_cov_5.347458	699	779	3	9	80	0.1125000
NODE_5868_length_1043_cov_5.347458	699	779	4	71	80	0.8875000
NODE_5879_length_1042_cov_242.728526	820	900	37	1	80	0.0125000
NODE_5879_length_1042_cov_242.728526	820	900	40	1	80	0.0125000
NODE_5879_length_1042_cov_242.728526	820	900	41	1	80	0.0125000
NODE_5879_length_1042_cov_242.728526	820	900	42	6	80	0.0750000
NODE_5879_length_1042_cov_242.728526	820	900	43	3	80	0.0375000
NODE_5879_length_1042_cov_242.728526	820	900	44	1	80	0.0125000
NODE_5879_length_1042_cov_242.728526	820	900	45	6	80	0.0750000
NODE_5879_length_1042_cov_242.728526	820	900	48	4	80	0.0500000
NODE_5879_length_1042_cov_242.728526	820	900	50	1	80	0.0125000
NODE_5879_length_1042_cov_242.728526	820	900	51	5	80	0.0625000
NODE_5879_length_1042_cov_242.728526	820	900	52	1	80	0.0125000
NODE_5879_length_1042_cov_242.728526	820	900	53	6	80	0.0750000
NODE_5879_length_1042_cov_242.728526	820	900	54	1	80	0.0125000
NODE_5879_length_1042_cov_242.728526	820	900	55	2	80	0.0250000
NODE_5879_length_1042_cov_242.728526	820	900	56	10	80	0.1250000
NODE_5879_length_1042_cov_242.728526	820	900	57	4	80	0.0500000
NODE_5879_length_1042_cov_242.728526	820	900	58	7	80	0.0875000
NODE_5879_length_1042_cov_242.728526	820	900	59	1	80	0.0125000
NODE_5879_length_1042_cov_242.728526	820	900	60	8	80	0.1000000
NODE_5879_length_1042_cov_242.728526	820	900	61	4	80	0.0500000
NODE_5879_length_1042_cov_242.728526	820	900	62	7	80	0.0875000
NODE_5879_length_1042_cov_242.728526	873	903	57	3	30	0.1000000
NODE_5879_length_1042_cov_242.728526	873	903	58	7	30	0.2333333
NODE_5879_length_1042_cov_242.728526	873	903	59	1	30	0.0333333
NODE_5879_length_1042_cov_242.728526	873	903	60	5	30	0.1666667
NODE_5879_length_1042_cov_242.728526	873	903	61	7	30	0.2333333
NODE_5879_length_1042_cov_242.728526	873	903	62	7	30	0.2333333
NODE_5880_length_1042_cov_63.214210	355	435	4	4	80	0.0500000
NODE_5880_length_1042_cov_63.214210	355	435	5	9	80	0.1125000
NODE_5880_length_1042_cov_63.214210	355	435	7	67	80	0.8375000
NODE_5880_length_1042_cov_63.214210	408	488	3	11	80	0.1375000
NODE_5880_length_1042_cov_63.214210	408	488	4	7	80	0.0875000
NODE_5880_length_1042_cov_63.214210	408	488	6	9	80	0.1125000
NODE_5880_length_1042_cov_63.214210	408	488	7	53	80	0.6625000
NODE_5881_length_1042_cov_29.581124	497	577	1	26	80	0.3250000
NODE_5881_length_1042_cov_29.581124	497	577	2	5	80	0.0625000
NODE_5881_length_1042_cov_29.581124	497	577	3	11	80	0.1375000
NODE_5881_length_1042_cov_29.581124	497	577	4	30	80	0.3750000
NODE_5881_length_1042_cov_29.581124	497	577	5	8	80	0.1000000
NODE_5881_length_1042_cov_29.581124	550	630	4	65	80	0.8125000
NODE_5881_length_1042_cov_29.581124	550	630	5	15	80	0.1875000
NODE_5882_length_1042_cov_23.861082	519	599	3	4	80	0.0500000
NODE_5882_length_1042_cov_23.861082	519	599	4	27	80	0.3375000
NODE_5882_length_1042_cov_23.861082	519	599	5	9	80	0.1125000
NODE_5882_length_1042_cov_23.861082	519	599	6	40	80	0.5000000
NODE_5882_length_1042_cov_23.861082	572	652	2	8	80	0.1000000
NODE_5882_length_1042_cov_23.861082	572	652	3	49	80	0.6125000
NODE_5882_length_1042_cov_23.861082	572	652	4	14	80	0.1750000
NODE_5882_length_1042_cov_23.861082	572	652	5	2	80	0.0250000
NODE_5882_length_1042_cov_23.861082	572	652	6	7	80	0.0875000
NODE_5882_length_1042_cov_23.861082	648	728	0	39	80	0.4875000
NODE_5882_length_1042_cov_23.861082	648	728	1	7	80	0.0875000
NODE_5882_length_1042_cov_23.861082	648	728	2	34	80	0.4250000
NODE_5882_length_1042_cov_23.861082	701	781	0	80	80	1.0000000
NODE_5883_length_1042_cov_22.247084	555	635	0	47	80	0.5875000
NODE_5883_length_1042_cov_22.247084	555	635	4	33	80	0.4125000
NODE_5883_length_1042_cov_22.247084	608	688	2	29	80	0.3625000
NODE_5883_length_1042_cov_22.247084	608	688	4	51	80	0.6375000
NODE_5884_length_1042_cov_22.117709	335	415	3	51	80	0.6375000
NODE_5884_length_1042_cov_22.117709	335	415	4	29	80	0.3625000
NODE_5884_length_1042_cov_22.117709	388	468	3	30	80	0.3750000
NODE_5884_length_1042_cov_22.117709	388	468	4	38	80	0.4750000
NODE_5884_length_1042_cov_22.117709	388	468	5	10	80	0.1250000
NODE_5884_length_1042_cov_22.117709	388	468	6	2	80	0.0250000
NODE_5884_length_1042_cov_22.117709	464	544	5	80	80	1.0000000
NODE_5884_length_1042_cov_22.117709	517	597	0	28	80	0.3500000
NODE_5884_length_1042_cov_22.117709	517	597	2	7	80	0.0875000
NODE_5884_length_1042_cov_22.117709	517	597	4	5	80	0.0625000
NODE_5884_length_1042_cov_22.117709	517	597	5	40	80	0.5000000
NODE_5885_length_1042_cov_16.831389	27	97	0	70	70	1.0000000
NODE_5885_length_1042_cov_16.831389	372	452	2	80	80	1.0000000
NODE_5885_length_1042_cov_16.831389	425	505	0	43	80	0.5375000
NODE_5885_length_1042_cov_16.831389	425	505	2	37	80	0.4625000
NODE_5886_length_1042_cov_16.662778	416	496	6	6	80	0.0750000
NODE_5886_length_1042_cov_16.662778	416	496	7	33	80	0.4125000
NODE_5886_length_1042_cov_16.662778	416	496	8	5	80	0.0625000
NODE_5886_length_1042_cov_16.662778	416	496	9	1	80	0.0125000
NODE_5886_length_1042_cov_16.662778	416	496	10	12	80	0.1500000
NODE_5886_length_1042_cov_16.662778	416	496	11	5	80	0.0625000
NODE_5886_length_1042_cov_16.662778	416	496	12	18	80	0.2250000
NODE_5886_length_1042_cov_16.662778	469	549	8	16	80	0.2000000
NODE_5886_length_1042_cov_16.662778	469	549	9	21	80	0.2625000
NODE_5886_length_1042_cov_16.662778	469	549	10	13	80	0.1625000
NODE_5886_length_1042_cov_16.662778	469	549	11	8	80	0.1000000
NODE_5886_length_1042_cov_16.662778	469	549	12	22	80	0.2750000
NODE_5887_length_1042_cov_9.474019	361	441	2	12	80	0.1500000
NODE_5887_length_1042_cov_9.474019	361	441	3	58	80	0.7250000
NODE_5887_length_1042_cov_9.474019	361	441	4	10	80	0.1250000
NODE_5887_length_1042_cov_9.474019	414	494	3	65	80	0.8125000
NODE_5887_length_1042_cov_9.474019	414	494	4	10	80	0.1250000
NODE_5887_length_1042_cov_9.474019	414	494	5	5	80	0.0625000
NODE_5888_length_1042_cov_6.725345	356	419	0	32	63	0.5079365
NODE_5888_length_1042_cov_6.725345	356	419	1	31	63	0.4920635
NODE_5888_length_1042_cov_6.725345	392	472	1	69	80	0.8625000
NODE_5888_length_1042_cov_6.725345	392	472	2	11	80	0.1375000
NODE_5896_length_1041_cov_42.960722	335	415	3	49	80	0.6125000
NODE_5896_length_1041_cov_42.960722	335	415	4	31	80	0.3875000
NODE_5896_length_1041_cov_42.960722	388	468	3	11	80	0.1375000
NODE_5896_length_1041_cov_42.960722	388	468	4	58	80	0.7250000
NODE_5896_length_1041_cov_42.960722	388	468	6	11	80	0.1375000
NODE_5896_length_1041_cov_42.960722	464	544	6	13	80	0.1625000
NODE_5896_length_1041_cov_42.960722	464	544	7	13	80	0.1625000
NODE_5896_length_1041_cov_42.960722	464	544	9	26	80	0.3250000
NODE_5896_length_1041_cov_42.960722	464	544	11	22	80	0.2750000
NODE_5896_length_1041_cov_42.960722	464	544	12	6	80	0.0750000
NODE_5896_length_1041_cov_42.960722	517	597	9	14	80	0.1750000
NODE_5896_length_1041_cov_42.960722	517	597	10	12	80	0.1500000
NODE_5896_length_1041_cov_42.960722	517	597	11	46	80	0.5750000
NODE_5896_length_1041_cov_42.960722	517	597	12	8	80	0.1000000
NODE_5897_length_1041_cov_37.331210	513	593	1	4	80	0.0500000
NODE_5897_length_1041_cov_37.331210	513	593	2	7	80	0.0875000
NODE_5897_length_1041_cov_37.331210	513	593	3	16	80	0.2000000
NODE_5897_length_1041_cov_37.331210	513	593	5	19	80	0.2375000
NODE_5897_length_1041_cov_37.331210	513	593	6	6	80	0.0750000
NODE_5897_length_1041_cov_37.331210	513	593	7	16	80	0.2000000
NODE_5897_length_1041_cov_37.331210	513	593	8	10	80	0.1250000
NODE_5897_length_1041_cov_37.331210	513	593	9	2	80	0.0250000
NODE_5897_length_1041_cov_37.331210	566	646	7	15	80	0.1875000
NODE_5897_length_1041_cov_37.331210	566	646	8	10	80	0.1250000
NODE_5897_length_1041_cov_37.331210	566	646	9	10	80	0.1250000
NODE_5897_length_1041_cov_37.331210	566	646	10	37	80	0.4625000
NODE_5897_length_1041_cov_37.331210	566	646	11	8	80	0.1000000
NODE_5897_length_1041_cov_37.331210	642	722	8	7	80	0.0875000
NODE_5897_length_1041_cov_37.331210	642	722	9	13	80	0.1625000
NODE_5897_length_1041_cov_37.331210	642	722	10	35	80	0.4375000
NODE_5897_length_1041_cov_37.331210	642	722	11	23	80	0.2875000
NODE_5897_length_1041_cov_37.331210	642	722	12	2	80	0.0250000
NODE_5897_length_1041_cov_37.331210	695	775	2	5	80	0.0625000
NODE_5897_length_1041_cov_37.331210	695	775	3	23	80	0.2875000
NODE_5897_length_1041_cov_37.331210	695	775	4	3	80	0.0375000
NODE_5897_length_1041_cov_37.331210	695	775	5	2	80	0.0250000
NODE_5897_length_1041_cov_37.331210	695	775	6	1	80	0.0125000
NODE_5897_length_1041_cov_37.331210	695	775	7	10	80	0.1250000
NODE_5897_length_1041_cov_37.331210	695	775	8	16	80	0.2000000
NODE_5897_length_1041_cov_37.331210	695	775	9	7	80	0.0875000
NODE_5897_length_1041_cov_37.331210	695	775	10	13	80	0.1625000
NODE_5898_length_1041_cov_36.477707	455	535	10	4	80	0.0500000
NODE_5898_length_1041_cov_36.477707	455	535	11	7	80	0.0875000
NODE_5898_length_1041_cov_36.477707	455	535	12	12	80	0.1500000
NODE_5898_length_1041_cov_36.477707	455	535	13	57	80	0.7125000
NODE_5898_length_1041_cov_36.477707	508	588	7	1	80	0.0125000
NODE_5898_length_1041_cov_36.477707	508	588	8	25	80	0.3125000
NODE_5898_length_1041_cov_36.477707	508	588	9	6	80	0.0750000
NODE_5898_length_1041_cov_36.477707	508	588	10	15	80	0.1875000
NODE_5898_length_1041_cov_36.477707	508	588	11	6	80	0.0750000
NODE_5898_length_1041_cov_36.477707	508	588	12	9	80	0.1125000
NODE_5898_length_1041_cov_36.477707	508	588	13	18	80	0.2250000
NODE_5898_length_1041_cov_36.477707	584	664	2	12	80	0.1500000
NODE_5898_length_1041_cov_36.477707	584	664	3	7	80	0.0875000
NODE_5898_length_1041_cov_36.477707	584	664	4	51	80	0.6375000
NODE_5898_length_1041_cov_36.477707	584	664	7	1	80	0.0125000
NODE_5898_length_1041_cov_36.477707	584	664	8	3	80	0.0375000
NODE_5898_length_1041_cov_36.477707	584	664	9	6	80	0.0750000
NODE_5898_length_1041_cov_36.477707	637	717	2	32	80	0.4000000
NODE_5898_length_1041_cov_36.477707	637	717	3	15	80	0.1875000
NODE_5898_length_1041_cov_36.477707	637	717	4	33	80	0.4125000
NODE_5898_length_1041_cov_36.477707	753	799	0	6	46	0.1304348
NODE_5898_length_1041_cov_36.477707	753	799	1	3	46	0.0652174
NODE_5898_length_1041_cov_36.477707	753	799	2	37	46	0.8043478
NODE_5899_length_1041_cov_19.286624	468	548	6	22	80	0.2750000
NODE_5899_length_1041_cov_19.286624	468	548	7	32	80	0.4000000
NODE_5899_length_1041_cov_19.286624	468	548	8	21	80	0.2625000
NODE_5899_length_1041_cov_19.286624	468	548	10	5	80	0.0625000
NODE_5899_length_1041_cov_19.286624	521	601	7	7	80	0.0875000
NODE_5899_length_1041_cov_19.286624	521	601	8	21	80	0.2625000
NODE_5899_length_1041_cov_19.286624	521	601	9	14	80	0.1750000
NODE_5899_length_1041_cov_19.286624	521	601	10	25	80	0.3125000
NODE_5899_length_1041_cov_19.286624	521	601	11	13	80	0.1625000
NODE_5900_length_1041_cov_17.072187	578	658	5	2	80	0.0250000
NODE_5900_length_1041_cov_17.072187	578	658	6	6	80	0.0750000
NODE_5900_length_1041_cov_17.072187	578	658	8	5	80	0.0625000
NODE_5900_length_1041_cov_17.072187	578	658	9	23	80	0.2875000
NODE_5900_length_1041_cov_17.072187	578	658	10	35	80	0.4375000
NODE_5900_length_1041_cov_17.072187	578	658	11	9	80	0.1125000
NODE_5900_length_1041_cov_17.072187	631	711	5	4	80	0.0500000
NODE_5900_length_1041_cov_17.072187	631	711	6	7	80	0.0875000
NODE_5900_length_1041_cov_17.072187	631	711	7	12	80	0.1500000
NODE_5900_length_1041_cov_17.072187	631	711	9	29	80	0.3625000
NODE_5900_length_1041_cov_17.072187	631	711	10	25	80	0.3125000
NODE_5900_length_1041_cov_17.072187	631	711	11	3	80	0.0375000
NODE_5901_length_1041_cov_11.887473	437	517	1	6	80	0.0750000
NODE_5901_length_1041_cov_11.887473	437	517	2	74	80	0.9250000
NODE_5901_length_1041_cov_11.887473	490	570	1	29	80	0.3625000
NODE_5901_length_1041_cov_11.887473	490	570	2	51	80	0.6375000
NODE_5902_length_1041_cov_6.957537	354	434	1	77	80	0.9625000
NODE_5902_length_1041_cov_6.957537	354	434	2	3	80	0.0375000
NODE_5902_length_1041_cov_6.957537	407	487	1	77	80	0.9625000
NODE_5902_length_1041_cov_6.957537	407	487	2	3	80	0.0375000
NODE_5913_length_1040_cov_34.618491	478	558	5	1	80	0.0125000
NODE_5913_length_1040_cov_34.618491	478	558	6	10	80	0.1250000
NODE_5913_length_1040_cov_34.618491	478	558	7	20	80	0.2500000
NODE_5913_length_1040_cov_34.618491	478	558	8	39	80	0.4875000
NODE_5913_length_1040_cov_34.618491	478	558	10	8	80	0.1000000
NODE_5913_length_1040_cov_34.618491	478	558	11	2	80	0.0250000
NODE_5913_length_1040_cov_34.618491	531	611	7	9	80	0.1125000
NODE_5913_length_1040_cov_34.618491	531	611	8	30	80	0.3750000
NODE_5913_length_1040_cov_34.618491	531	611	9	19	80	0.2375000
NODE_5913_length_1040_cov_34.618491	531	611	10	8	80	0.1000000
NODE_5913_length_1040_cov_34.618491	531	611	11	14	80	0.1750000
NODE_5914_length_1040_cov_33.061637	485	565	0	21	80	0.2625000
NODE_5914_length_1040_cov_33.061637	485	565	2	5	80	0.0625000
NODE_5914_length_1040_cov_33.061637	485	565	5	54	80	0.6750000
NODE_5914_length_1040_cov_33.061637	538	618	3	9	80	0.1125000
NODE_5914_length_1040_cov_33.061637	538	618	5	71	80	0.8875000
NODE_5915_length_1040_cov_27.818278	402	482	5	28	80	0.3500000
NODE_5915_length_1040_cov_27.818278	402	482	6	15	80	0.1875000
NODE_5915_length_1040_cov_27.818278	402	482	7	35	80	0.4375000
NODE_5915_length_1040_cov_27.818278	402	482	8	2	80	0.0250000
NODE_5915_length_1040_cov_27.818278	455	535	2	9	80	0.1125000
NODE_5915_length_1040_cov_27.818278	455	535	3	13	80	0.1625000
NODE_5915_length_1040_cov_27.818278	455	535	4	18	80	0.2250000
NODE_5915_length_1040_cov_27.818278	455	535	5	9	80	0.1125000
NODE_5915_length_1040_cov_27.818278	455	535	6	19	80	0.2375000
NODE_5915_length_1040_cov_27.818278	455	535	7	12	80	0.1500000
NODE_5916_length_1040_cov_17.933050	487	567	2	5	80	0.0625000
NODE_5916_length_1040_cov_17.933050	487	567	4	11	80	0.1375000
NODE_5916_length_1040_cov_17.933050	487	567	6	30	80	0.3750000
NODE_5916_length_1040_cov_17.933050	487	567	8	34	80	0.4250000
NODE_5916_length_1040_cov_17.933050	540	620	6	26	80	0.3250000
NODE_5916_length_1040_cov_17.933050	540	620	8	54	80	0.6750000
NODE_5917_length_1040_cov_14.327311	237	317	1	80	80	1.0000000
NODE_5917_length_1040_cov_14.327311	290	370	1	59	80	0.7375000
NODE_5917_length_1040_cov_14.327311	290	370	2	21	80	0.2625000
NODE_5917_length_1040_cov_14.327311	366	446	1	14	80	0.1750000
NODE_5917_length_1040_cov_14.327311	366	446	3	1	80	0.0125000
NODE_5917_length_1040_cov_14.327311	366	446	5	65	80	0.8125000
NODE_5917_length_1040_cov_14.327311	419	499	2	5	80	0.0625000
NODE_5917_length_1040_cov_14.327311	419	499	4	19	80	0.2375000
NODE_5917_length_1040_cov_14.327311	419	499	5	56	80	0.7000000
NODE_5918_length_1040_cov_11.910733	369	449	0	56	80	0.7000000
NODE_5918_length_1040_cov_11.910733	369	449	2	24	80	0.3000000
NODE_5918_length_1040_cov_11.910733	422	502	0	3	80	0.0375000
NODE_5918_length_1040_cov_11.910733	422	502	2	77	80	0.9625000
NODE_5919_length_1040_cov_11.521785	355	435	2	36	80	0.4500000
NODE_5919_length_1040_cov_11.521785	355	435	3	7	80	0.0875000
NODE_5919_length_1040_cov_11.521785	355	435	4	37	80	0.4625000
NODE_5919_length_1040_cov_11.521785	408	488	3	55	80	0.6875000
NODE_5919_length_1040_cov_11.521785	408	488	4	25	80	0.3125000
NODE_5920_length_1040_cov_9.573858	632	712	3	17	80	0.2125000
NODE_5920_length_1040_cov_9.573858	632	712	4	62	80	0.7750000
NODE_5920_length_1040_cov_9.573858	632	712	5	1	80	0.0125000
NODE_5920_length_1040_cov_9.573858	685	765	2	48	80	0.6000000
NODE_5920_length_1040_cov_9.573858	685	765	3	4	80	0.0500000
NODE_5920_length_1040_cov_9.573858	685	765	4	28	80	0.3500000
NODE_5921_length_1040_cov_8.148778	349	429	2	58	80	0.7250000
NODE_5921_length_1040_cov_8.148778	349	429	3	20	80	0.2500000
NODE_5921_length_1040_cov_8.148778	349	429	5	2	80	0.0250000
NODE_5921_length_1040_cov_8.148778	402	482	2	5	80	0.0625000
NODE_5921_length_1040_cov_8.148778	402	482	3	20	80	0.2500000
NODE_5921_length_1040_cov_8.148778	402	482	5	30	80	0.3750000
NODE_5921_length_1040_cov_8.148778	402	482	6	25	80	0.3125000
NODE_5922_length_1040_cov_7.927736	282	362	2	20	80	0.2500000
NODE_5922_length_1040_cov_7.927736	282	362	3	40	80	0.5000000
NODE_5922_length_1040_cov_7.927736	282	362	4	20	80	0.2500000
NODE_5922_length_1040_cov_7.927736	335	415	1	37	80	0.4625000
NODE_5922_length_1040_cov_7.927736	335	415	2	32	80	0.4000000
NODE_5922_length_1040_cov_7.927736	335	415	3	11	80	0.1375000
NODE_5927_length_1040_cov_2.317747	2	78	0	76	76	1.0000000
NODE_5934_length_1039_cov_40.150000	487	567	3	6	80	0.0750000
NODE_5934_length_1039_cov_40.150000	487	567	4	14	80	0.1750000
NODE_5934_length_1039_cov_40.150000	487	567	5	28	80	0.3500000
NODE_5934_length_1039_cov_40.150000	487	567	6	1	80	0.0125000
NODE_5934_length_1039_cov_40.150000	487	567	7	6	80	0.0750000
NODE_5934_length_1039_cov_40.150000	487	567	9	3	80	0.0375000
NODE_5934_length_1039_cov_40.150000	487	567	10	22	80	0.2750000
NODE_5934_length_1039_cov_40.150000	540	620	7	2	80	0.0250000
NODE_5934_length_1039_cov_40.150000	540	620	9	43	80	0.5375000
NODE_5934_length_1039_cov_40.150000	540	620	10	35	80	0.4375000
NODE_5934_length_1039_cov_40.150000	616	696	4	1	80	0.0125000
NODE_5934_length_1039_cov_40.150000	616	696	5	9	80	0.1125000
NODE_5934_length_1039_cov_40.150000	616	696	6	1	80	0.0125000
NODE_5934_length_1039_cov_40.150000	616	696	7	23	80	0.2875000
NODE_5934_length_1039_cov_40.150000	616	696	8	14	80	0.1750000
NODE_5934_length_1039_cov_40.150000	616	696	9	20	80	0.2500000
NODE_5934_length_1039_cov_40.150000	616	696	10	12	80	0.1500000
NODE_5934_length_1039_cov_40.150000	669	739	3	2	70	0.0285714
NODE_5934_length_1039_cov_40.150000	669	739	4	14	70	0.2000000
NODE_5934_length_1039_cov_40.150000	669	739	5	37	70	0.5285714
NODE_5934_length_1039_cov_40.150000	669	739	6	1	70	0.0142857
NODE_5934_length_1039_cov_40.150000	669	739	7	14	70	0.2000000
NODE_5934_length_1039_cov_40.150000	669	739	9	2	70	0.0285714
NODE_5935_length_1039_cov_37.940426	175	255	2	7	80	0.0875000
NODE_5935_length_1039_cov_37.940426	175	255	3	30	80	0.3750000
NODE_5935_length_1039_cov_37.940426	175	255	4	6	80	0.0750000
NODE_5935_length_1039_cov_37.940426	175	255	6	4	80	0.0500000
NODE_5935_length_1039_cov_37.940426	175	255	7	7	80	0.0875000
NODE_5935_length_1039_cov_37.940426	175	255	8	26	80	0.3250000
NODE_5935_length_1039_cov_37.940426	228	308	6	18	80	0.2250000
NODE_5935_length_1039_cov_37.940426	228	308	7	33	80	0.4125000
NODE_5935_length_1039_cov_37.940426	228	308	8	29	80	0.3625000
NODE_5935_length_1039_cov_37.940426	304	384	5	35	80	0.4375000
NODE_5935_length_1039_cov_37.940426	304	384	6	15	80	0.1875000
NODE_5935_length_1039_cov_37.940426	304	384	7	16	80	0.2000000
NODE_5935_length_1039_cov_37.940426	304	384	8	14	80	0.1750000
NODE_5935_length_1039_cov_37.940426	357	437	5	17	80	0.2125000
NODE_5935_length_1039_cov_37.940426	357	437	6	58	80	0.7250000
NODE_5935_length_1039_cov_37.940426	357	437	7	5	80	0.0625000
NODE_5936_length_1039_cov_24.567021	371	451	3	10	80	0.1250000
NODE_5936_length_1039_cov_24.567021	371	451	4	10	80	0.1250000
NODE_5936_length_1039_cov_24.567021	371	451	6	21	80	0.2625000
NODE_5936_length_1039_cov_24.567021	371	451	7	39	80	0.4875000
NODE_5936_length_1039_cov_24.567021	424	504	5	18	80	0.2250000
NODE_5936_length_1039_cov_24.567021	424	504	6	41	80	0.5125000
NODE_5936_length_1039_cov_24.567021	424	504	7	21	80	0.2625000
NODE_5937_length_1039_cov_15.790426	293	373	1	11	80	0.1375000
NODE_5937_length_1039_cov_15.790426	293	373	2	16	80	0.2000000
NODE_5937_length_1039_cov_15.790426	293	373	3	53	80	0.6625000
NODE_5937_length_1039_cov_15.790426	346	426	2	4	80	0.0500000
NODE_5937_length_1039_cov_15.790426	346	426	3	24	80	0.3000000
NODE_5937_length_1039_cov_15.790426	346	426	4	9	80	0.1125000
NODE_5937_length_1039_cov_15.790426	346	426	5	43	80	0.5375000
NODE_5938_length_1039_cov_14.670213	591	671	1	38	80	0.4750000
NODE_5938_length_1039_cov_14.670213	591	671	3	42	80	0.5250000
NODE_5938_length_1039_cov_14.670213	644	724	2	47	80	0.5875000
NODE_5938_length_1039_cov_14.670213	644	724	3	33	80	0.4125000
NODE_5939_length_1039_cov_11.568085	439	519	5	31	80	0.3875000
NODE_5939_length_1039_cov_11.568085	439	519	6	42	80	0.5250000
NODE_5939_length_1039_cov_11.568085	439	519	7	7	80	0.0875000
NODE_5939_length_1039_cov_11.568085	492	571	1	2	79	0.0253165
NODE_5939_length_1039_cov_11.568085	492	571	2	8	79	0.1012658
NODE_5939_length_1039_cov_11.568085	492	571	3	5	79	0.0632911
NODE_5939_length_1039_cov_11.568085	492	571	4	8	79	0.1012658
NODE_5939_length_1039_cov_11.568085	492	571	5	56	79	0.7088608
NODE_5947_length_1038_cov_17.191693	549	629	2	19	80	0.2375000
NODE_5947_length_1038_cov_17.191693	549	629	3	9	80	0.1125000
NODE_5947_length_1038_cov_17.191693	549	629	4	6	80	0.0750000
NODE_5947_length_1038_cov_17.191693	549	629	6	46	80	0.5750000
NODE_5947_length_1038_cov_17.191693	602	682	4	16	80	0.2000000
NODE_5947_length_1038_cov_17.191693	602	682	5	7	80	0.0875000
NODE_5947_length_1038_cov_17.191693	602	682	6	57	80	0.7125000
NODE_5948_length_1038_cov_13.520767	516	596	2	9	80	0.1125000
NODE_5948_length_1038_cov_13.520767	516	596	3	35	80	0.4375000
NODE_5948_length_1038_cov_13.520767	516	596	4	36	80	0.4500000
NODE_5948_length_1038_cov_13.520767	569	649	0	2	80	0.0250000
NODE_5948_length_1038_cov_13.520767	569	649	1	15	80	0.1875000
NODE_5948_length_1038_cov_13.520767	569	649	2	45	80	0.5625000
NODE_5948_length_1038_cov_13.520767	569	649	3	18	80	0.2250000
NODE_5949_length_1038_cov_10.541001	487	567	0	4	80	0.0500000
NODE_5949_length_1038_cov_10.541001	487	567	2	24	80	0.3000000
NODE_5949_length_1038_cov_10.541001	487	567	3	8	80	0.1000000
NODE_5949_length_1038_cov_10.541001	487	567	4	44	80	0.5500000
NODE_5949_length_1038_cov_10.541001	540	620	0	23	80	0.2875000
NODE_5949_length_1038_cov_10.541001	540	620	1	34	80	0.4250000
NODE_5949_length_1038_cov_10.541001	540	620	2	23	80	0.2875000
NODE_5950_length_1038_cov_8.826411	432	512	1	14	80	0.1750000
NODE_5950_length_1038_cov_8.826411	432	512	3	6	80	0.0750000
NODE_5950_length_1038_cov_8.826411	432	512	4	37	80	0.4625000
NODE_5950_length_1038_cov_8.826411	432	512	6	23	80	0.2875000
NODE_5950_length_1038_cov_8.826411	485	565	3	1	80	0.0125000
NODE_5950_length_1038_cov_8.826411	485	565	4	4	80	0.0500000
NODE_5950_length_1038_cov_8.826411	485	565	6	75	80	0.9375000
NODE_5952_length_1038_cov_2.587859	673	753	0	64	80	0.8000000
NODE_5952_length_1038_cov_2.587859	673	753	1	7	80	0.0875000
NODE_5952_length_1038_cov_2.587859	673	753	2	9	80	0.1125000
NODE_5952_length_1038_cov_2.587859	726	806	0	11	80	0.1375000
NODE_5952_length_1038_cov_2.587859	726	806	1	7	80	0.0875000
NODE_5952_length_1038_cov_2.587859	726	806	2	11	80	0.1375000
NODE_5952_length_1038_cov_2.587859	726	806	3	36	80	0.4500000
NODE_5952_length_1038_cov_2.587859	726	806	4	15	80	0.1875000
NODE_5963_length_1037_cov_66.968017	402	482	7	11	80	0.1375000
NODE_5963_length_1037_cov_66.968017	402	482	8	13	80	0.1625000
NODE_5963_length_1037_cov_66.968017	402	482	9	27	80	0.3375000
NODE_5963_length_1037_cov_66.968017	402	482	10	9	80	0.1125000
NODE_5963_length_1037_cov_66.968017	402	482	12	5	80	0.0625000
NODE_5963_length_1037_cov_66.968017	402	482	13	15	80	0.1875000
NODE_5963_length_1037_cov_66.968017	455	535	6	21	80	0.2625000
NODE_5963_length_1037_cov_66.968017	455	535	8	21	80	0.2625000
NODE_5963_length_1037_cov_66.968017	455	535	9	14	80	0.1750000
NODE_5963_length_1037_cov_66.968017	455	535	10	4	80	0.0500000
NODE_5963_length_1037_cov_66.968017	455	535	12	5	80	0.0625000
NODE_5963_length_1037_cov_66.968017	455	535	13	15	80	0.1875000
NODE_5964_length_1037_cov_53.639659	527	607	7	1	80	0.0125000
NODE_5964_length_1037_cov_53.639659	527	607	8	25	80	0.3125000
NODE_5964_length_1037_cov_53.639659	527	607	9	13	80	0.1625000
NODE_5964_length_1037_cov_53.639659	527	607	11	19	80	0.2375000
NODE_5964_length_1037_cov_53.639659	527	607	12	3	80	0.0375000
NODE_5964_length_1037_cov_53.639659	527	607	13	12	80	0.1500000
NODE_5964_length_1037_cov_53.639659	527	607	14	3	80	0.0375000
NODE_5964_length_1037_cov_53.639659	527	607	15	4	80	0.0500000
NODE_5964_length_1037_cov_53.639659	580	660	10	5	80	0.0625000
NODE_5964_length_1037_cov_53.639659	580	660	11	5	80	0.0625000
NODE_5964_length_1037_cov_53.639659	580	660	12	19	80	0.2375000
NODE_5964_length_1037_cov_53.639659	580	660	13	12	80	0.1500000
NODE_5964_length_1037_cov_53.639659	580	660	14	23	80	0.2875000
NODE_5964_length_1037_cov_53.639659	580	660	15	16	80	0.2000000
NODE_5965_length_1037_cov_45.353945	542	622	10	8	80	0.1000000
NODE_5965_length_1037_cov_45.353945	542	622	11	71	80	0.8875000
NODE_5965_length_1037_cov_45.353945	542	622	12	1	80	0.0125000
NODE_5965_length_1037_cov_45.353945	595	675	3	11	80	0.1375000
NODE_5965_length_1037_cov_45.353945	595	675	4	8	80	0.1000000
NODE_5965_length_1037_cov_45.353945	595	675	5	10	80	0.1250000
NODE_5965_length_1037_cov_45.353945	595	675	6	4	80	0.0500000
NODE_5965_length_1037_cov_45.353945	595	675	8	3	80	0.0375000
NODE_5965_length_1037_cov_45.353945	595	675	10	15	80	0.1875000
NODE_5965_length_1037_cov_45.353945	595	675	11	26	80	0.3250000
NODE_5965_length_1037_cov_45.353945	595	675	12	3	80	0.0375000
NODE_5966_length_1037_cov_31.078891	356	436	2	18	80	0.2250000
NODE_5966_length_1037_cov_31.078891	356	436	4	62	80	0.7750000
NODE_5966_length_1037_cov_31.078891	409	489	0	25	80	0.3125000
NODE_5966_length_1037_cov_31.078891	409	489	2	46	80	0.5750000
NODE_5966_length_1037_cov_31.078891	409	489	4	9	80	0.1125000
NODE_5967_length_1037_cov_25.453092	421	501	2	80	80	1.0000000
NODE_5967_length_1037_cov_25.453092	474	554	2	29	80	0.3625000
NODE_5967_length_1037_cov_25.453092	474	554	3	8	80	0.1000000
NODE_5967_length_1037_cov_25.453092	474	554	4	43	80	0.5375000
NODE_5967_length_1037_cov_25.453092	550	573	2	7	23	0.3043478
NODE_5967_length_1037_cov_25.453092	550	573	3	14	23	0.6086956
NODE_5967_length_1037_cov_25.453092	550	573	4	2	23	0.0869565
NODE_5968_length_1037_cov_13.740938	348	428	7	4	80	0.0500000
NODE_5968_length_1037_cov_13.740938	348	428	8	14	80	0.1750000
NODE_5968_length_1037_cov_13.740938	348	428	9	14	80	0.1750000
NODE_5968_length_1037_cov_13.740938	348	428	11	48	80	0.6000000
NODE_5968_length_1037_cov_13.740938	401	481	2	27	80	0.3375000
NODE_5968_length_1037_cov_13.740938	401	481	3	20	80	0.2500000
NODE_5968_length_1037_cov_13.740938	401	481	5	3	80	0.0375000
NODE_5968_length_1037_cov_13.740938	401	481	7	7	80	0.0875000
NODE_5968_length_1037_cov_13.740938	401	481	8	2	80	0.0250000
NODE_5968_length_1037_cov_13.740938	401	481	9	1	80	0.0125000
NODE_5968_length_1037_cov_13.740938	401	481	11	20	80	0.2500000
NODE_5969_length_1037_cov_12.632196	564	644	3	13	80	0.1625000
NODE_5969_length_1037_cov_12.632196	564	644	4	31	80	0.3875000
NODE_5969_length_1037_cov_12.632196	564	644	5	29	80	0.3625000
NODE_5969_length_1037_cov_12.632196	564	644	6	7	80	0.0875000
NODE_5969_length_1037_cov_12.632196	617	697	3	66	80	0.8250000
NODE_5969_length_1037_cov_12.632196	617	697	4	14	80	0.1750000
NODE_5970_length_1037_cov_8.904051	640	720	5	7	80	0.0875000
NODE_5970_length_1037_cov_8.904051	640	720	6	73	80	0.9125000
NODE_5970_length_1037_cov_8.904051	693	773	4	27	80	0.3375000
NODE_5970_length_1037_cov_8.904051	693	773	5	25	80	0.3125000
NODE_5970_length_1037_cov_8.904051	693	773	6	28	80	0.3500000
NODE_5978_length_1037_cov_1.859275	31	91	0	60	60	1.0000000
NODE_5986_length_1036_cov_52.270011	493	573	11	21	80	0.2625000
NODE_5986_length_1036_cov_52.270011	493	573	12	9	80	0.1125000
NODE_5986_length_1036_cov_52.270011	493	573	13	6	80	0.0750000
NODE_5986_length_1036_cov_52.270011	493	573	15	19	80	0.2375000
NODE_5986_length_1036_cov_52.270011	493	573	16	18	80	0.2250000
NODE_5986_length_1036_cov_52.270011	493	573	17	7	80	0.0875000
NODE_5986_length_1036_cov_52.270011	546	626	10	14	80	0.1750000
NODE_5986_length_1036_cov_52.270011	546	626	11	8	80	0.1000000
NODE_5986_length_1036_cov_52.270011	546	626	12	2	80	0.0250000
NODE_5986_length_1036_cov_52.270011	546	626	13	27	80	0.3375000
NODE_5986_length_1036_cov_52.270011	546	626	14	2	80	0.0250000
NODE_5986_length_1036_cov_52.270011	546	626	15	6	80	0.0750000
NODE_5986_length_1036_cov_52.270011	546	626	16	18	80	0.2250000
NODE_5986_length_1036_cov_52.270011	546	626	17	3	80	0.0375000
NODE_5987_length_1036_cov_24.080043	369	449	2	1	80	0.0125000
NODE_5987_length_1036_cov_24.080043	369	449	3	19	80	0.2375000
NODE_5987_length_1036_cov_24.080043	369	449	5	7	80	0.0875000
NODE_5987_length_1036_cov_24.080043	369	449	6	4	80	0.0500000
NODE_5987_length_1036_cov_24.080043	369	449	7	49	80	0.6125000
NODE_5987_length_1036_cov_24.080043	422	502	3	5	80	0.0625000
NODE_5987_length_1036_cov_24.080043	422	502	4	2	80	0.0250000
NODE_5987_length_1036_cov_24.080043	422	502	5	8	80	0.1000000
NODE_5987_length_1036_cov_24.080043	422	502	7	65	80	0.8125000
NODE_5988_length_1036_cov_20.533618	513	593	2	69	80	0.8625000
NODE_5988_length_1036_cov_20.533618	513	593	4	4	80	0.0500000
NODE_5988_length_1036_cov_20.533618	513	593	6	7	80	0.0875000
NODE_5988_length_1036_cov_20.533618	566	645	0	5	79	0.0632911
NODE_5988_length_1036_cov_20.533618	566	645	2	74	79	0.9367089
NODE_5988_length_1036_cov_20.533618	648	728	0	80	80	1.0000000
NODE_5988_length_1036_cov_20.533618	701	781	0	80	80	1.0000000
NODE_5989_length_1036_cov_19.715048	467	547	2	31	80	0.3875000
NODE_5989_length_1036_cov_19.715048	467	547	3	24	80	0.3000000
NODE_5989_length_1036_cov_19.715048	467	547	4	25	80	0.3125000
NODE_5989_length_1036_cov_19.715048	520	600	2	34	80	0.4250000
NODE_5989_length_1036_cov_19.715048	520	600	3	2	80	0.0250000
NODE_5989_length_1036_cov_19.715048	520	600	4	44	80	0.5500000
NODE_5990_length_1036_cov_19.452508	399	479	2	67	80	0.8375000
NODE_5990_length_1036_cov_19.452508	399	479	3	13	80	0.1625000
NODE_5990_length_1036_cov_19.452508	452	532	2	23	80	0.2875000
NODE_5990_length_1036_cov_19.452508	452	532	3	45	80	0.5625000
NODE_5990_length_1036_cov_19.452508	452	532	4	11	80	0.1375000
NODE_5990_length_1036_cov_19.452508	452	532	5	1	80	0.0125000
NODE_5990_length_1036_cov_19.452508	528	608	4	3	80	0.0375000
NODE_5990_length_1036_cov_19.452508	528	608	5	7	80	0.0875000
NODE_5990_length_1036_cov_19.452508	528	608	6	62	80	0.7750000
NODE_5990_length_1036_cov_19.452508	528	608	7	8	80	0.1000000
NODE_5990_length_1036_cov_19.452508	581	661	5	45	80	0.5625000
NODE_5990_length_1036_cov_19.452508	581	661	6	35	80	0.4375000
NODE_5991_length_1036_cov_13.840982	635	715	4	43	80	0.5375000
NODE_5991_length_1036_cov_13.840982	635	715	5	14	80	0.1750000
NODE_5991_length_1036_cov_13.840982	635	715	7	23	80	0.2875000
NODE_5991_length_1036_cov_13.840982	688	768	3	10	80	0.1250000
NODE_5991_length_1036_cov_13.840982	688	768	4	26	80	0.3250000
NODE_5991_length_1036_cov_13.840982	688	768	5	10	80	0.1250000
NODE_5991_length_1036_cov_13.840982	688	768	7	34	80	0.4250000
NODE_5992_length_1036_cov_6.913554	424	504	2	24	80	0.3000000
NODE_5992_length_1036_cov_6.913554	424	504	4	8	80	0.1000000
NODE_5992_length_1036_cov_6.913554	424	504	5	8	80	0.1000000
NODE_5992_length_1036_cov_6.913554	424	504	7	10	80	0.1250000
NODE_5992_length_1036_cov_6.913554	424	504	8	30	80	0.3750000
NODE_5992_length_1036_cov_6.913554	477	557	7	27	80	0.3375000
NODE_5992_length_1036_cov_6.913554	477	557	8	51	80	0.6375000
NODE_5992_length_1036_cov_6.913554	477	557	9	2	80	0.0250000
NODE_5993_length_1036_cov_5.880470	436	516	0	17	80	0.2125000
NODE_5993_length_1036_cov_5.880470	436	516	1	1	80	0.0125000
NODE_5993_length_1036_cov_5.880470	436	516	2	62	80	0.7750000
NODE_5993_length_1036_cov_5.880470	489	569	2	80	80	1.0000000
NODE_5994_length_1036_cov_4.638207	531	611	0	1	80	0.0125000
NODE_5994_length_1036_cov_4.638207	531	611	1	47	80	0.5875000
NODE_5994_length_1036_cov_4.638207	531	611	2	32	80	0.4000000
NODE_5994_length_1036_cov_4.638207	584	664	2	31	80	0.3875000
NODE_5994_length_1036_cov_4.638207	584	664	3	49	80	0.6125000
NODE_5998_length_1036_cov_1.293490	19	69	0	50	50	1.0000000
NODE_6001_length_1035_cov_31.941239	590	670	4	7	80	0.0875000
NODE_6001_length_1035_cov_31.941239	590	670	6	4	80	0.0500000
NODE_6001_length_1035_cov_31.941239	590	670	7	33	80	0.4125000
NODE_6001_length_1035_cov_31.941239	590	670	8	36	80	0.4500000
NODE_6001_length_1035_cov_31.941239	643	723	4	11	80	0.1375000
NODE_6001_length_1035_cov_31.941239	643	723	5	7	80	0.0875000
NODE_6001_length_1035_cov_31.941239	643	723	7	11	80	0.1375000
NODE_6001_length_1035_cov_31.941239	643	723	8	51	80	0.6375000
NODE_6002_length_1035_cov_14.917735	396	476	3	32	80	0.4000000
NODE_6002_length_1035_cov_14.917735	396	476	5	45	80	0.5625000
NODE_6002_length_1035_cov_14.917735	396	476	6	3	80	0.0375000
NODE_6002_length_1035_cov_14.917735	449	529	3	80	80	1.0000000
NODE_6003_length_1035_cov_12.552350	467	547	0	20	80	0.2500000
NODE_6003_length_1035_cov_12.552350	467	547	1	20	80	0.2500000
NODE_6003_length_1035_cov_12.552350	467	547	3	40	80	0.5000000
NODE_6003_length_1035_cov_12.552350	520	600	3	35	80	0.4375000
NODE_6003_length_1035_cov_12.552350	520	600	5	45	80	0.5625000
NODE_6004_length_1035_cov_12.050214	40	103	0	15	63	0.2380952
NODE_6004_length_1035_cov_12.050214	40	103	2	48	63	0.7619048
NODE_6004_length_1035_cov_12.050214	138	219	0	17	81	0.2098765
NODE_6004_length_1035_cov_12.050214	138	219	2	64	81	0.7901235
NODE_6005_length_1035_cov_7.020299	350	430	0	6	80	0.0750000
NODE_6005_length_1035_cov_7.020299	350	430	1	74	80	0.9250000
NODE_6005_length_1035_cov_7.020299	403	483	0	59	80	0.7375000
NODE_6005_length_1035_cov_7.020299	403	483	1	21	80	0.2625000
NODE_6006_length_1035_cov_4.726496	531	611	0	27	80	0.3375000
NODE_6006_length_1035_cov_4.726496	531	611	1	49	80	0.6125000
NODE_6006_length_1035_cov_4.726496	531	611	2	4	80	0.0500000
NODE_6006_length_1035_cov_4.726496	584	664	0	80	80	1.0000000
NODE_6018_length_1034_cov_26.810695	322	402	3	3	80	0.0375000
NODE_6018_length_1034_cov_26.810695	322	402	4	56	80	0.7000000
NODE_6018_length_1034_cov_26.810695	322	402	5	21	80	0.2625000
NODE_6018_length_1034_cov_26.810695	375	455	4	22	80	0.2750000
NODE_6018_length_1034_cov_26.810695	375	455	5	31	80	0.3875000
NODE_6018_length_1034_cov_26.810695	375	455	6	27	80	0.3375000
NODE_6018_length_1034_cov_26.810695	451	531	4	6	80	0.0750000
NODE_6018_length_1034_cov_26.810695	451	531	5	24	80	0.3000000
NODE_6018_length_1034_cov_26.810695	451	531	6	12	80	0.1500000
NODE_6018_length_1034_cov_26.810695	451	531	7	11	80	0.1375000
NODE_6018_length_1034_cov_26.810695	451	531	9	9	80	0.1125000
NODE_6018_length_1034_cov_26.810695	451	531	11	18	80	0.2250000
NODE_6018_length_1034_cov_26.810695	504	584	5	16	80	0.2000000
NODE_6018_length_1034_cov_26.810695	504	584	6	1	80	0.0125000
NODE_6018_length_1034_cov_26.810695	504	584	7	5	80	0.0625000
NODE_6018_length_1034_cov_26.810695	504	584	8	19	80	0.2375000
NODE_6018_length_1034_cov_26.810695	504	584	9	9	80	0.1125000
NODE_6018_length_1034_cov_26.810695	504	584	10	12	80	0.1500000
NODE_6018_length_1034_cov_26.810695	504	584	11	18	80	0.2250000
NODE_6032_length_1033_cov_42.574946	462	542	10	45	80	0.5625000
NODE_6032_length_1033_cov_42.574946	462	542	12	35	80	0.4375000
NODE_6032_length_1033_cov_42.574946	515	595	4	7	80	0.0875000
NODE_6032_length_1033_cov_42.574946	515	595	5	14	80	0.1750000
NODE_6032_length_1033_cov_42.574946	515	595	7	14	80	0.1750000
NODE_6032_length_1033_cov_42.574946	515	595	9	12	80	0.1500000
NODE_6032_length_1033_cov_42.574946	515	595	10	8	80	0.1000000
NODE_6032_length_1033_cov_42.574946	515	595	12	25	80	0.3125000
NODE_6033_length_1033_cov_17.073876	464	544	2	29	80	0.3625000
NODE_6033_length_1033_cov_17.073876	464	544	4	27	80	0.3375000
NODE_6033_length_1033_cov_17.073876	464	544	5	14	80	0.1750000
NODE_6033_length_1033_cov_17.073876	464	544	6	7	80	0.0875000
NODE_6033_length_1033_cov_17.073876	464	544	7	3	80	0.0375000
NODE_6033_length_1033_cov_17.073876	517	597	4	3	80	0.0375000
NODE_6033_length_1033_cov_17.073876	517	597	5	29	80	0.3625000
NODE_6033_length_1033_cov_17.073876	517	597	6	45	80	0.5625000
NODE_6033_length_1033_cov_17.073876	517	597	7	3	80	0.0375000
NODE_6034_length_1033_cov_15.791221	309	386	0	28	77	0.3636364
NODE_6034_length_1033_cov_15.791221	309	386	1	29	77	0.3766234
NODE_6034_length_1033_cov_15.791221	309	386	2	20	77	0.2597403
NODE_6034_length_1033_cov_15.791221	359	439	1	7	80	0.0875000
NODE_6034_length_1033_cov_15.791221	359	439	2	73	80	0.9125000
NODE_6035_length_1033_cov_11.340471	437	517	2	14	80	0.1750000
NODE_6035_length_1033_cov_11.340471	437	517	3	6	80	0.0750000
NODE_6035_length_1033_cov_11.340471	437	517	4	60	80	0.7500000
NODE_6035_length_1033_cov_11.340471	490	570	0	26	80	0.3250000
NODE_6035_length_1033_cov_11.340471	490	570	2	41	80	0.5125000
NODE_6035_length_1033_cov_11.340471	490	570	3	6	80	0.0750000
NODE_6035_length_1033_cov_11.340471	490	570	4	7	80	0.0875000
NODE_6045_length_1032_cov_56.511254	466	546	1	5	80	0.0625000
NODE_6045_length_1032_cov_56.511254	466	546	3	10	80	0.1250000
NODE_6045_length_1032_cov_56.511254	466	546	6	16	80	0.2000000
NODE_6045_length_1032_cov_56.511254	466	546	7	24	80	0.3000000
NODE_6045_length_1032_cov_56.511254	466	546	8	18	80	0.2250000
NODE_6045_length_1032_cov_56.511254	466	546	10	7	80	0.0875000
NODE_6045_length_1032_cov_56.511254	519	599	7	2	80	0.0250000
NODE_6045_length_1032_cov_56.511254	519	599	8	18	80	0.2250000
NODE_6045_length_1032_cov_56.511254	519	599	9	24	80	0.3000000
NODE_6045_length_1032_cov_56.511254	519	599	10	36	80	0.4500000
NODE_6046_length_1032_cov_20.752412	479	559	2	11	80	0.1375000
NODE_6046_length_1032_cov_20.752412	479	559	4	34	80	0.4250000
NODE_6046_length_1032_cov_20.752412	479	559	5	10	80	0.1250000
NODE_6046_length_1032_cov_20.752412	479	559	6	5	80	0.0625000
NODE_6046_length_1032_cov_20.752412	479	559	7	20	80	0.2500000
NODE_6046_length_1032_cov_20.752412	532	612	2	64	80	0.8000000
NODE_6046_length_1032_cov_20.752412	532	612	6	5	80	0.0625000
NODE_6046_length_1032_cov_20.752412	532	612	7	11	80	0.1375000
NODE_6047_length_1032_cov_8.166131	257	337	1	8	80	0.1000000
NODE_6047_length_1032_cov_8.166131	257	337	3	21	80	0.2625000
NODE_6047_length_1032_cov_8.166131	257	337	4	26	80	0.3250000
NODE_6047_length_1032_cov_8.166131	257	337	5	25	80	0.3125000
NODE_6047_length_1032_cov_8.166131	310	390	1	61	80	0.7625000
NODE_6047_length_1032_cov_8.166131	310	390	3	19	80	0.2375000
NODE_6048_length_1032_cov_7.991426	277	357	1	1	80	0.0125000
NODE_6048_length_1032_cov_7.991426	277	357	2	20	80	0.2500000
NODE_6048_length_1032_cov_7.991426	277	357	3	59	80	0.7375000
NODE_6048_length_1032_cov_7.991426	330	410	1	54	80	0.6750000
NODE_6048_length_1032_cov_7.991426	330	410	2	15	80	0.1875000
NODE_6048_length_1032_cov_7.991426	330	410	3	11	80	0.1375000
NODE_6049_length_1032_cov_5.276527	371	451	0	80	80	1.0000000
NODE_6049_length_1032_cov_5.276527	424	504	0	80	80	1.0000000
NODE_6055_length_1031_cov_71.154506	586	654	10	4	68	0.0588235
NODE_6055_length_1031_cov_71.154506	586	654	11	1	68	0.0147059
NODE_6055_length_1031_cov_71.154506	586	654	12	6	68	0.0882353
NODE_6055_length_1031_cov_71.154506	586	654	13	1	68	0.0147059
NODE_6055_length_1031_cov_71.154506	586	654	15	4	68	0.0588235
NODE_6055_length_1031_cov_71.154506	586	654	16	13	68	0.1911765
NODE_6055_length_1031_cov_71.154506	586	654	18	27	68	0.3970588
NODE_6055_length_1031_cov_71.154506	586	654	19	12	68	0.1764706
NODE_6055_length_1031_cov_71.154506	616	696	13	1	80	0.0125000
NODE_6055_length_1031_cov_71.154506	616	696	15	4	80	0.0500000
NODE_6055_length_1031_cov_71.154506	616	696	17	11	80	0.1375000
NODE_6055_length_1031_cov_71.154506	616	696	18	37	80	0.4625000
NODE_6055_length_1031_cov_71.154506	616	696	19	20	80	0.2500000
NODE_6055_length_1031_cov_71.154506	616	696	20	6	80	0.0750000
NODE_6055_length_1031_cov_71.154506	616	696	21	1	80	0.0125000
NODE_6055_length_1031_cov_71.154506	669	749	7	14	80	0.1750000
NODE_6055_length_1031_cov_71.154506	669	749	8	2	80	0.0250000
NODE_6055_length_1031_cov_71.154506	669	749	10	4	80	0.0500000
NODE_6055_length_1031_cov_71.154506	669	749	11	3	80	0.0375000
NODE_6055_length_1031_cov_71.154506	669	749	12	10	80	0.1250000
NODE_6055_length_1031_cov_71.154506	669	749	13	1	80	0.0125000
NODE_6055_length_1031_cov_71.154506	669	749	15	12	80	0.1500000
NODE_6055_length_1031_cov_71.154506	669	749	16	12	80	0.1500000
NODE_6055_length_1031_cov_71.154506	669	749	17	11	80	0.1375000
NODE_6055_length_1031_cov_71.154506	669	749	19	5	80	0.0625000
NODE_6055_length_1031_cov_71.154506	669	749	20	6	80	0.0750000
NODE_6056_length_1031_cov_70.221030	409	489	6	7	80	0.0875000
NODE_6056_length_1031_cov_70.221030	409	489	8	6	80	0.0750000
NODE_6056_length_1031_cov_70.221030	409	489	10	6	80	0.0750000
NODE_6056_length_1031_cov_70.221030	409	489	12	1	80	0.0125000
NODE_6056_length_1031_cov_70.221030	409	489	13	17	80	0.2125000
NODE_6056_length_1031_cov_70.221030	409	489	15	13	80	0.1625000
NODE_6056_length_1031_cov_70.221030	409	489	19	8	80	0.1000000
NODE_6056_length_1031_cov_70.221030	409	489	20	1	80	0.0125000
NODE_6056_length_1031_cov_70.221030	409	489	21	1	80	0.0125000
NODE_6056_length_1031_cov_70.221030	409	489	22	20	80	0.2500000
NODE_6056_length_1031_cov_70.221030	462	542	19	5	80	0.0625000
NODE_6056_length_1031_cov_70.221030	462	542	20	1	80	0.0125000
NODE_6056_length_1031_cov_70.221030	462	542	21	12	80	0.1500000
NODE_6056_length_1031_cov_70.221030	462	542	22	28	80	0.3500000
NODE_6056_length_1031_cov_70.221030	462	542	23	23	80	0.2875000
NODE_6056_length_1031_cov_70.221030	462	542	24	11	80	0.1375000
NODE_6056_length_1031_cov_70.221030	538	618	9	1	80	0.0125000
NODE_6056_length_1031_cov_70.221030	538	618	10	3	80	0.0375000
NODE_6056_length_1031_cov_70.221030	538	618	11	4	80	0.0500000
NODE_6056_length_1031_cov_70.221030	538	618	12	1	80	0.0125000
NODE_6056_length_1031_cov_70.221030	538	618	16	13	80	0.1625000
NODE_6056_length_1031_cov_70.221030	538	618	17	7	80	0.0875000
NODE_6056_length_1031_cov_70.221030	538	618	18	15	80	0.1875000
NODE_6056_length_1031_cov_70.221030	538	618	20	4	80	0.0500000
NODE_6056_length_1031_cov_70.221030	538	618	21	9	80	0.1125000
NODE_6056_length_1031_cov_70.221030	538	618	22	2	80	0.0250000
NODE_6056_length_1031_cov_70.221030	538	618	23	2	80	0.0250000
NODE_6056_length_1031_cov_70.221030	538	618	24	19	80	0.2375000
NODE_6056_length_1031_cov_70.221030	591	671	4	17	80	0.2125000
NODE_6056_length_1031_cov_70.221030	591	671	5	11	80	0.1375000
NODE_6056_length_1031_cov_70.221030	591	671	8	24	80	0.3000000
NODE_6056_length_1031_cov_70.221030	591	671	9	2	80	0.0250000
NODE_6056_length_1031_cov_70.221030	591	671	10	3	80	0.0375000
NODE_6056_length_1031_cov_70.221030	591	671	11	4	80	0.0500000
NODE_6056_length_1031_cov_70.221030	591	671	12	1	80	0.0125000
NODE_6056_length_1031_cov_70.221030	591	671	16	13	80	0.1625000
NODE_6056_length_1031_cov_70.221030	591	671	18	5	80	0.0625000
NODE_6057_length_1031_cov_43.618026	462	542	4	13	80	0.1625000
NODE_6057_length_1031_cov_43.618026	462	542	6	27	80	0.3375000
NODE_6057_length_1031_cov_43.618026	462	542	7	15	80	0.1875000
NODE_6057_length_1031_cov_43.618026	462	542	9	25	80	0.3125000
NODE_6057_length_1031_cov_43.618026	515	595	3	7	80	0.0875000
NODE_6057_length_1031_cov_43.618026	515	595	4	50	80	0.6250000
NODE_6057_length_1031_cov_43.618026	515	595	5	9	80	0.1125000
NODE_6057_length_1031_cov_43.618026	515	595	6	14	80	0.1750000
NODE_6058_length_1031_cov_43.581545	303	383	3	5	80	0.0625000
NODE_6058_length_1031_cov_43.581545	303	383	4	18	80	0.2250000
NODE_6058_length_1031_cov_43.581545	303	383	5	57	80	0.7125000
NODE_6058_length_1031_cov_43.581545	356	436	4	24	80	0.3000000
NODE_6058_length_1031_cov_43.581545	356	436	5	56	80	0.7000000
NODE_6058_length_1031_cov_43.581545	432	512	1	4	80	0.0500000
NODE_6058_length_1031_cov_43.581545	432	512	2	4	80	0.0500000
NODE_6058_length_1031_cov_43.581545	432	512	3	46	80	0.5750000
NODE_6058_length_1031_cov_43.581545	432	512	4	26	80	0.3250000
NODE_6058_length_1031_cov_43.581545	485	565	1	48	80	0.6000000
NODE_6058_length_1031_cov_43.581545	485	565	2	9	80	0.1125000
NODE_6058_length_1031_cov_43.581545	485	565	3	23	80	0.2875000
NODE_6059_length_1031_cov_22.310086	382	462	4	7	80	0.0875000
NODE_6059_length_1031_cov_22.310086	382	462	6	7	80	0.0875000
NODE_6059_length_1031_cov_22.310086	382	462	7	5	80	0.0625000
NODE_6059_length_1031_cov_22.310086	382	462	8	61	80	0.7625000
NODE_6059_length_1031_cov_22.310086	435	515	5	2	80	0.0250000
NODE_6059_length_1031_cov_22.310086	435	515	6	37	80	0.4625000
NODE_6059_length_1031_cov_22.310086	435	515	7	3	80	0.0375000
NODE_6059_length_1031_cov_22.310086	435	515	8	38	80	0.4750000
NODE_6060_length_1031_cov_11.547210	481	561	1	16	80	0.2000000
NODE_6060_length_1031_cov_11.547210	481	561	2	64	80	0.8000000
NODE_6060_length_1031_cov_11.547210	534	614	2	80	80	1.0000000
NODE_6066_length_1030_cov_54.380236	363	443	2	9	80	0.1125000
NODE_6066_length_1030_cov_54.380236	363	443	3	9	80	0.1125000
NODE_6066_length_1030_cov_54.380236	363	443	5	8	80	0.1000000
NODE_6066_length_1030_cov_54.380236	363	443	6	7	80	0.0875000
NODE_6066_length_1030_cov_54.380236	363	443	8	1	80	0.0125000
NODE_6066_length_1030_cov_54.380236	363	443	9	15	80	0.1875000
NODE_6066_length_1030_cov_54.380236	363	443	10	11	80	0.1375000
NODE_6066_length_1030_cov_54.380236	363	443	11	20	80	0.2500000
NODE_6066_length_1030_cov_54.380236	416	496	10	7	80	0.0875000
NODE_6066_length_1030_cov_54.380236	416	496	11	46	80	0.5750000
NODE_6066_length_1030_cov_54.380236	416	496	12	15	80	0.1875000
NODE_6066_length_1030_cov_54.380236	416	496	13	12	80	0.1500000
NODE_6066_length_1030_cov_54.380236	492	572	6	7	80	0.0875000
NODE_6066_length_1030_cov_54.380236	492	572	7	23	80	0.2875000
NODE_6066_length_1030_cov_54.380236	492	572	8	11	80	0.1375000
NODE_6066_length_1030_cov_54.380236	492	572	9	27	80	0.3375000
NODE_6066_length_1030_cov_54.380236	492	572	10	7	80	0.0875000
NODE_6066_length_1030_cov_54.380236	492	572	11	5	80	0.0625000
NODE_6066_length_1030_cov_54.380236	545	625	4	8	80	0.1000000
NODE_6066_length_1030_cov_54.380236	545	625	6	43	80	0.5375000
NODE_6066_length_1030_cov_54.380236	545	625	7	21	80	0.2625000
NODE_6066_length_1030_cov_54.380236	545	625	8	8	80	0.1000000
NODE_6067_length_1030_cov_45.040816	334	414	4	19	80	0.2375000
NODE_6067_length_1030_cov_45.040816	334	414	5	54	80	0.6750000
NODE_6067_length_1030_cov_45.040816	334	414	6	7	80	0.0875000
NODE_6067_length_1030_cov_45.040816	387	467	3	16	80	0.2000000
NODE_6067_length_1030_cov_45.040816	387	467	4	25	80	0.3125000
NODE_6067_length_1030_cov_45.040816	387	467	5	24	80	0.3000000
NODE_6067_length_1030_cov_45.040816	387	467	7	15	80	0.1875000
NODE_6067_length_1030_cov_45.040816	463	543	6	9	80	0.1125000
NODE_6067_length_1030_cov_45.040816	463	543	7	62	80	0.7750000
NODE_6067_length_1030_cov_45.040816	463	543	8	6	80	0.0750000
NODE_6067_length_1030_cov_45.040816	463	543	9	3	80	0.0375000
NODE_6067_length_1030_cov_45.040816	516	596	7	22	80	0.2750000
NODE_6067_length_1030_cov_45.040816	516	596	8	8	80	0.1000000
NODE_6067_length_1030_cov_45.040816	516	596	9	17	80	0.2125000
NODE_6067_length_1030_cov_45.040816	516	596	10	28	80	0.3500000
NODE_6067_length_1030_cov_45.040816	516	596	11	5	80	0.0625000
NODE_6068_length_1030_cov_20.491944	511	591	6	5	80	0.0625000
NODE_6068_length_1030_cov_20.491944	511	591	7	3	80	0.0375000
NODE_6068_length_1030_cov_20.491944	511	591	8	8	80	0.1000000
NODE_6068_length_1030_cov_20.491944	511	591	9	17	80	0.2125000
NODE_6068_length_1030_cov_20.491944	511	591	10	15	80	0.1875000
NODE_6068_length_1030_cov_20.491944	511	591	11	1	80	0.0125000
NODE_6068_length_1030_cov_20.491944	511	591	12	31	80	0.3875000
NODE_6068_length_1030_cov_20.491944	564	644	4	6	80	0.0750000
NODE_6068_length_1030_cov_20.491944	564	644	5	9	80	0.1125000
NODE_6068_length_1030_cov_20.491944	564	644	7	34	80	0.4250000
NODE_6068_length_1030_cov_20.491944	564	644	8	12	80	0.1500000
NODE_6068_length_1030_cov_20.491944	564	644	9	6	80	0.0750000
NODE_6068_length_1030_cov_20.491944	564	644	10	5	80	0.0625000
NODE_6068_length_1030_cov_20.491944	564	644	11	1	80	0.0125000
NODE_6068_length_1030_cov_20.491944	564	644	12	7	80	0.0875000
NODE_6069_length_1030_cov_17.253491	524	604	1	80	80	1.0000000
NODE_6069_length_1030_cov_17.253491	577	657	0	49	80	0.6125000
NODE_6069_length_1030_cov_17.253491	577	657	1	31	80	0.3875000
NODE_6070_length_1030_cov_14.337272	564	644	5	34	80	0.4250000
NODE_6070_length_1030_cov_14.337272	564	644	7	36	80	0.4500000
NODE_6070_length_1030_cov_14.337272	564	644	8	10	80	0.1250000
NODE_6070_length_1030_cov_14.337272	617	697	0	2	80	0.0250000
NODE_6070_length_1030_cov_14.337272	617	697	2	12	80	0.1500000
NODE_6070_length_1030_cov_14.337272	617	697	3	9	80	0.1125000
NODE_6070_length_1030_cov_14.337272	617	697	5	57	80	0.7125000
NODE_6071_length_1030_cov_5.742213	474	554	2	39	80	0.4875000
NODE_6071_length_1030_cov_5.742213	474	554	4	41	80	0.5125000
NODE_6071_length_1030_cov_5.742213	527	607	3	31	80	0.3875000
NODE_6071_length_1030_cov_5.742213	527	607	4	49	80	0.6125000
NODE_6073_length_1030_cov_5.208378	978	1030	0	18	52	0.3461539
NODE_6073_length_1030_cov_5.208378	978	1030	2	34	52	0.6538461
NODE_6077_length_1030_cov_2.146079	979	1010	0	31	31	1.0000000
NODE_6083_length_1029_cov_236.527957	584	666	18	3	82	0.0365854
NODE_6083_length_1029_cov_236.527957	584	666	19	12	82	0.1463415
NODE_6083_length_1029_cov_236.527957	584	666	20	6	82	0.0731707
NODE_6083_length_1029_cov_236.527957	584	666	22	2	82	0.0243902
NODE_6083_length_1029_cov_236.527957	584	666	24	14	82	0.1707317
NODE_6083_length_1029_cov_236.527957	584	666	25	10	82	0.1219512
NODE_6083_length_1029_cov_236.527957	584	666	26	31	82	0.3780488
NODE_6083_length_1029_cov_236.527957	584	666	27	4	82	0.0487805
NODE_6083_length_1029_cov_236.527957	639	702	15	1	63	0.0158730
NODE_6083_length_1029_cov_236.527957	639	702	16	16	63	0.2539683
NODE_6083_length_1029_cov_236.527957	639	702	20	2	63	0.0317460
NODE_6083_length_1029_cov_236.527957	639	702	21	2	63	0.0317460
NODE_6083_length_1029_cov_236.527957	639	702	22	2	63	0.0317460
NODE_6083_length_1029_cov_236.527957	639	702	23	9	63	0.1428571
NODE_6083_length_1029_cov_236.527957	639	702	25	7	63	0.1111111
NODE_6083_length_1029_cov_236.527957	639	702	26	20	63	0.3174603
NODE_6083_length_1029_cov_236.527957	639	702	27	4	63	0.0634921
NODE_6084_length_1029_cov_41.650538	364	444	6	28	80	0.3500000
NODE_6084_length_1029_cov_41.650538	364	444	7	17	80	0.2125000
NODE_6084_length_1029_cov_41.650538	364	444	8	35	80	0.4375000
NODE_6084_length_1029_cov_41.650538	417	497	5	13	80	0.1625000
NODE_6084_length_1029_cov_41.650538	417	497	6	29	80	0.3625000
NODE_6084_length_1029_cov_41.650538	417	497	7	17	80	0.2125000
NODE_6084_length_1029_cov_41.650538	417	497	8	20	80	0.2500000
NODE_6084_length_1029_cov_41.650538	417	497	9	1	80	0.0125000
NODE_6084_length_1029_cov_41.650538	493	573	4	3	80	0.0375000
NODE_6084_length_1029_cov_41.650538	493	573	5	61	80	0.7625000
NODE_6084_length_1029_cov_41.650538	493	573	6	16	80	0.2000000
NODE_6084_length_1029_cov_41.650538	546	626	3	15	80	0.1875000
NODE_6084_length_1029_cov_41.650538	546	626	4	7	80	0.0875000
NODE_6084_length_1029_cov_41.650538	546	626	5	56	80	0.7000000
NODE_6084_length_1029_cov_41.650538	546	626	6	2	80	0.0250000
NODE_6085_length_1029_cov_34.940860	314	360	2	35	46	0.7608696
NODE_6085_length_1029_cov_34.940860	314	360	3	9	46	0.1956522
NODE_6085_length_1029_cov_34.940860	314	360	5	2	46	0.0434783
NODE_6085_length_1029_cov_34.940860	371	451	6	12	80	0.1500000
NODE_6085_length_1029_cov_34.940860	371	451	7	1	80	0.0125000
NODE_6085_length_1029_cov_34.940860	371	451	8	14	80	0.1750000
NODE_6085_length_1029_cov_34.940860	371	451	9	3	80	0.0375000
NODE_6085_length_1029_cov_34.940860	371	451	10	3	80	0.0375000
NODE_6085_length_1029_cov_34.940860	371	451	12	8	80	0.1000000
NODE_6085_length_1029_cov_34.940860	371	451	13	10	80	0.1250000
NODE_6085_length_1029_cov_34.940860	371	451	14	29	80	0.3625000
NODE_6085_length_1029_cov_34.940860	424	502	13	8	78	0.1025641
NODE_6085_length_1029_cov_34.940860	424	502	14	30	78	0.3846154
NODE_6085_length_1029_cov_34.940860	424	502	15	15	78	0.1923077
NODE_6085_length_1029_cov_34.940860	424	502	16	25	78	0.3205128
NODE_6086_length_1029_cov_28.752688	255	335	0	60	80	0.7500000
NODE_6086_length_1029_cov_28.752688	255	335	2	17	80	0.2125000
NODE_6086_length_1029_cov_28.752688	255	335	3	3	80	0.0375000
NODE_6086_length_1029_cov_28.752688	308	388	0	7	80	0.0875000
NODE_6086_length_1029_cov_28.752688	308	388	2	17	80	0.2125000
NODE_6086_length_1029_cov_28.752688	308	388	3	46	80	0.5750000
NODE_6086_length_1029_cov_28.752688	308	388	4	10	80	0.1250000
NODE_6086_length_1029_cov_28.752688	384	464	4	14	80	0.1750000
NODE_6086_length_1029_cov_28.752688	384	464	5	4	80	0.0500000
NODE_6086_length_1029_cov_28.752688	384	464	6	62	80	0.7750000
NODE_6086_length_1029_cov_28.752688	437	517	3	35	80	0.4375000
NODE_6086_length_1029_cov_28.752688	437	517	4	24	80	0.3000000
NODE_6086_length_1029_cov_28.752688	437	517	6	21	80	0.2625000
NODE_6087_length_1029_cov_28.523656	409	489	2	13	80	0.1625000
NODE_6087_length_1029_cov_28.523656	409	489	3	11	80	0.1375000
NODE_6087_length_1029_cov_28.523656	409	489	4	13	80	0.1625000
NODE_6087_length_1029_cov_28.523656	409	489	5	3	80	0.0375000
NODE_6087_length_1029_cov_28.523656	409	489	6	25	80	0.3125000
NODE_6087_length_1029_cov_28.523656	409	489	7	13	80	0.1625000
NODE_6087_length_1029_cov_28.523656	409	489	9	2	80	0.0250000
NODE_6087_length_1029_cov_28.523656	462	542	6	12	80	0.1500000
NODE_6087_length_1029_cov_28.523656	462	542	7	28	80	0.3500000
NODE_6087_length_1029_cov_28.523656	462	542	8	6	80	0.0750000
NODE_6087_length_1029_cov_28.523656	462	542	9	34	80	0.4250000
NODE_6088_length_1029_cov_28.283871	281	361	2	80	80	1.0000000
NODE_6088_length_1029_cov_28.283871	334	414	2	53	80	0.6625000
NODE_6088_length_1029_cov_28.283871	334	414	3	27	80	0.3375000
NODE_6088_length_1029_cov_28.283871	410	490	2	6	80	0.0750000
NODE_6088_length_1029_cov_28.283871	410	490	3	6	80	0.0750000
NODE_6088_length_1029_cov_28.283871	410	490	4	5	80	0.0625000
NODE_6088_length_1029_cov_28.283871	410	490	7	40	80	0.5000000
NODE_6088_length_1029_cov_28.283871	410	490	8	9	80	0.1125000
NODE_6088_length_1029_cov_28.283871	410	490	10	8	80	0.1000000
NODE_6088_length_1029_cov_28.283871	410	490	12	6	80	0.0750000
NODE_6088_length_1029_cov_28.283871	463	546	7	4	83	0.0481928
NODE_6088_length_1029_cov_28.283871	463	546	8	9	83	0.1084337
NODE_6088_length_1029_cov_28.283871	463	546	10	8	83	0.0963855
NODE_6088_length_1029_cov_28.283871	463	546	11	13	83	0.1566265
NODE_6088_length_1029_cov_28.283871	463	546	12	49	83	0.5903614
NODE_6089_length_1029_cov_26.883871	434	514	3	30	80	0.3750000
NODE_6089_length_1029_cov_26.883871	434	514	4	50	80	0.6250000
NODE_6089_length_1029_cov_26.883871	487	567	1	12	80	0.1500000
NODE_6089_length_1029_cov_26.883871	487	567	2	29	80	0.3625000
NODE_6089_length_1029_cov_26.883871	487	567	3	7	80	0.0875000
NODE_6089_length_1029_cov_26.883871	487	567	4	32	80	0.4000000
NODE_6090_length_1029_cov_23.552688	305	385	3	67	80	0.8375000
NODE_6090_length_1029_cov_23.552688	305	385	4	13	80	0.1625000
NODE_6090_length_1029_cov_23.552688	358	438	1	30	80	0.3750000
NODE_6090_length_1029_cov_23.552688	358	438	3	50	80	0.6250000
NODE_6090_length_1029_cov_23.552688	434	514	0	47	80	0.5875000
NODE_6090_length_1029_cov_23.552688	434	514	1	33	80	0.4125000
NODE_6090_length_1029_cov_23.552688	487	567	0	80	80	1.0000000
NODE_6091_length_1029_cov_22.520430	434	514	0	17	80	0.2125000
NODE_6091_length_1029_cov_22.520430	434	514	2	63	80	0.7875000
NODE_6091_length_1029_cov_22.520430	487	567	0	9	80	0.1125000
NODE_6091_length_1029_cov_22.520430	487	567	2	71	80	0.8875000
NODE_6092_length_1029_cov_21.924731	335	415	3	18	80	0.2250000
NODE_6092_length_1029_cov_21.924731	335	415	4	16	80	0.2000000
NODE_6092_length_1029_cov_21.924731	335	415	6	9	80	0.1125000
NODE_6092_length_1029_cov_21.924731	335	415	7	3	80	0.0375000
NODE_6092_length_1029_cov_21.924731	335	415	8	26	80	0.3250000
NODE_6092_length_1029_cov_21.924731	335	415	9	8	80	0.1000000
NODE_6092_length_1029_cov_21.924731	388	468	3	40	80	0.5000000
NODE_6092_length_1029_cov_21.924731	388	468	4	25	80	0.3125000
NODE_6092_length_1029_cov_21.924731	388	468	5	15	80	0.1875000
NODE_6093_length_1029_cov_17.101075	501	581	0	5	80	0.0625000
NODE_6093_length_1029_cov_17.101075	501	581	1	75	80	0.9375000
NODE_6093_length_1029_cov_17.101075	554	634	0	5	80	0.0625000
NODE_6093_length_1029_cov_17.101075	554	634	1	22	80	0.2750000
NODE_6093_length_1029_cov_17.101075	554	634	3	6	80	0.0750000
NODE_6093_length_1029_cov_17.101075	554	634	4	47	80	0.5875000
NODE_6093_length_1029_cov_17.101075	630	710	4	17	80	0.2125000
NODE_6093_length_1029_cov_17.101075	630	710	6	26	80	0.3250000
NODE_6093_length_1029_cov_17.101075	630	710	7	37	80	0.4625000
NODE_6093_length_1029_cov_17.101075	683	755	3	18	72	0.2500000
NODE_6093_length_1029_cov_17.101075	683	755	4	15	72	0.2083333
NODE_6093_length_1029_cov_17.101075	683	755	6	2	72	0.0277778
NODE_6093_length_1029_cov_17.101075	683	755	7	37	72	0.5138889
NODE_6094_length_1029_cov_14.052688	405	485	2	26	80	0.3250000
NODE_6094_length_1029_cov_14.052688	405	485	4	5	80	0.0625000
NODE_6094_length_1029_cov_14.052688	405	485	5	14	80	0.1750000
NODE_6094_length_1029_cov_14.052688	405	485	6	26	80	0.3250000
NODE_6094_length_1029_cov_14.052688	405	485	8	9	80	0.1125000
NODE_6094_length_1029_cov_14.052688	458	538	6	18	80	0.2250000
NODE_6094_length_1029_cov_14.052688	458	538	8	62	80	0.7750000
NODE_6095_length_1029_cov_11.119355	291	369	1	6	78	0.0769231
NODE_6095_length_1029_cov_11.119355	291	369	3	34	78	0.4358974
NODE_6095_length_1029_cov_11.119355	291	369	4	38	78	0.4871795
NODE_6095_length_1029_cov_11.119355	342	422	4	29	80	0.3625000
NODE_6095_length_1029_cov_11.119355	342	422	5	46	80	0.5750000
NODE_6095_length_1029_cov_11.119355	342	422	6	5	80	0.0625000
NODE_6097_length_1029_cov_3.850538	231	311	2	45	80	0.5625000
NODE_6097_length_1029_cov_3.850538	231	311	3	31	80	0.3875000
NODE_6097_length_1029_cov_3.850538	231	311	4	4	80	0.0500000
NODE_6097_length_1029_cov_3.850538	284	364	3	23	80	0.2875000
NODE_6097_length_1029_cov_3.850538	284	364	4	19	80	0.2375000
NODE_6097_length_1029_cov_3.850538	284	364	5	38	80	0.4750000
NODE_6104_length_1028_cov_19.625404	495	575	0	80	80	1.0000000
NODE_6104_length_1028_cov_19.625404	548	628	0	80	80	1.0000000
NODE_6105_length_1028_cov_17.497309	533	613	0	80	80	1.0000000
NODE_6105_length_1028_cov_17.497309	586	666	0	80	80	1.0000000
NODE_6106_length_1028_cov_16.528525	497	577	5	2	80	0.0250000
NODE_6106_length_1028_cov_16.528525	497	577	7	13	80	0.1625000
NODE_6106_length_1028_cov_16.528525	497	577	8	27	80	0.3375000
NODE_6106_length_1028_cov_16.528525	497	577	9	38	80	0.4750000
NODE_6106_length_1028_cov_16.528525	550	630	4	21	80	0.2625000
NODE_6106_length_1028_cov_16.528525	550	630	6	10	80	0.1250000
NODE_6106_length_1028_cov_16.528525	550	630	8	45	80	0.5625000
NODE_6106_length_1028_cov_16.528525	550	630	9	4	80	0.0500000
NODE_6107_length_1028_cov_10.212056	463	543	1	50	80	0.6250000
NODE_6107_length_1028_cov_10.212056	463	543	2	27	80	0.3375000
NODE_6107_length_1028_cov_10.212056	463	543	3	3	80	0.0375000
NODE_6107_length_1028_cov_10.212056	516	596	0	3	80	0.0375000
NODE_6107_length_1028_cov_10.212056	516	596	1	77	80	0.9625000
NODE_6108_length_1028_cov_10.131324	399	479	3	7	80	0.0875000
NODE_6108_length_1028_cov_10.131324	399	479	4	5	80	0.0625000
NODE_6108_length_1028_cov_10.131324	399	479	6	19	80	0.2375000
NODE_6108_length_1028_cov_10.131324	399	479	8	49	80	0.6125000
NODE_6108_length_1028_cov_10.131324	452	532	3	13	80	0.1625000
NODE_6108_length_1028_cov_10.131324	452	532	5	25	80	0.3125000
NODE_6108_length_1028_cov_10.131324	452	532	6	20	80	0.2500000
NODE_6108_length_1028_cov_10.131324	452	532	8	22	80	0.2750000
NODE_6109_length_1028_cov_9.773950	482	562	2	4	80	0.0500000
NODE_6109_length_1028_cov_9.773950	482	562	3	25	80	0.3125000
NODE_6109_length_1028_cov_9.773950	482	562	5	18	80	0.2250000
NODE_6109_length_1028_cov_9.773950	482	562	6	5	80	0.0625000
NODE_6109_length_1028_cov_9.773950	482	562	7	28	80	0.3500000
NODE_6109_length_1028_cov_9.773950	535	615	6	34	80	0.4250000
NODE_6109_length_1028_cov_9.773950	535	615	7	46	80	0.5750000
NODE_6110_length_1028_cov_8.079656	399	479	2	8	80	0.1000000
NODE_6110_length_1028_cov_8.079656	399	479	4	72	80	0.9000000
NODE_6110_length_1028_cov_8.079656	452	532	1	9	80	0.1125000
NODE_6110_length_1028_cov_8.079656	452	532	2	52	80	0.6500000
NODE_6110_length_1028_cov_8.079656	452	532	4	19	80	0.2375000
NODE_6111_length_1028_cov_7.092573	439	519	0	31	80	0.3875000
NODE_6111_length_1028_cov_7.092573	439	519	1	15	80	0.1875000
NODE_6111_length_1028_cov_7.092573	439	519	2	31	80	0.3875000
NODE_6111_length_1028_cov_7.092573	439	519	3	3	80	0.0375000
NODE_6111_length_1028_cov_7.092573	492	572	2	24	80	0.3000000
NODE_6111_length_1028_cov_7.092573	492	572	3	56	80	0.7000000
NODE_6112_length_1028_cov_4.727664	416	488	0	32	72	0.4444444
NODE_6112_length_1028_cov_4.727664	416	488	1	16	72	0.2222222
NODE_6112_length_1028_cov_4.727664	416	488	2	16	72	0.2222222
NODE_6112_length_1028_cov_4.727664	416	488	4	8	72	0.1111111
NODE_6112_length_1028_cov_4.727664	461	541	1	3	80	0.0375000
NODE_6112_length_1028_cov_4.727664	461	541	2	42	80	0.5250000
NODE_6112_length_1028_cov_4.727664	461	541	3	1	80	0.0125000
NODE_6112_length_1028_cov_4.727664	461	541	4	34	80	0.4250000
NODE_6125_length_1027_cov_51.341595	399	479	0	72	80	0.9000000
NODE_6125_length_1027_cov_51.341595	399	479	1	8	80	0.1000000
NODE_6125_length_1027_cov_51.341595	452	532	0	19	80	0.2375000
NODE_6125_length_1027_cov_51.341595	452	532	1	26	80	0.3250000
NODE_6125_length_1027_cov_51.341595	452	532	2	9	80	0.1125000
NODE_6125_length_1027_cov_51.341595	452	532	3	18	80	0.2250000
NODE_6125_length_1027_cov_51.341595	452	532	4	5	80	0.0625000
NODE_6125_length_1027_cov_51.341595	452	532	7	3	80	0.0375000
NODE_6125_length_1027_cov_51.341595	528	608	4	1	80	0.0125000
NODE_6125_length_1027_cov_51.341595	528	608	7	12	80	0.1500000
NODE_6125_length_1027_cov_51.341595	528	608	8	3	80	0.0375000
NODE_6125_length_1027_cov_51.341595	528	608	9	11	80	0.1375000
NODE_6125_length_1027_cov_51.341595	528	608	10	7	80	0.0875000
NODE_6125_length_1027_cov_51.341595	528	608	12	2	80	0.0250000
NODE_6125_length_1027_cov_51.341595	528	608	14	7	80	0.0875000
NODE_6125_length_1027_cov_51.341595	528	608	15	4	80	0.0500000
NODE_6125_length_1027_cov_51.341595	528	608	16	13	80	0.1625000
NODE_6125_length_1027_cov_51.341595	528	608	17	6	80	0.0750000
NODE_6125_length_1027_cov_51.341595	528	608	18	13	80	0.1625000
NODE_6125_length_1027_cov_51.341595	528	608	20	1	80	0.0125000
NODE_6125_length_1027_cov_51.341595	581	661	11	1	80	0.0125000
NODE_6125_length_1027_cov_51.341595	581	661	15	3	80	0.0375000
NODE_6125_length_1027_cov_51.341595	581	661	16	7	80	0.0875000
NODE_6125_length_1027_cov_51.341595	581	661	17	7	80	0.0875000
NODE_6125_length_1027_cov_51.341595	581	661	18	17	80	0.2125000
NODE_6125_length_1027_cov_51.341595	581	661	19	27	80	0.3375000
NODE_6125_length_1027_cov_51.341595	581	661	20	18	80	0.2250000
NODE_6126_length_1027_cov_45.613147	347	427	1	20	80	0.2500000
NODE_6126_length_1027_cov_45.613147	347	427	3	46	80	0.5750000
NODE_6126_length_1027_cov_45.613147	347	427	5	14	80	0.1750000
NODE_6126_length_1027_cov_45.613147	400	480	3	13	80	0.1625000
NODE_6126_length_1027_cov_45.613147	400	480	5	46	80	0.5750000
NODE_6126_length_1027_cov_45.613147	400	480	6	3	80	0.0375000
NODE_6126_length_1027_cov_45.613147	400	480	7	17	80	0.2125000
NODE_6126_length_1027_cov_45.613147	400	480	8	1	80	0.0125000
NODE_6126_length_1027_cov_45.613147	476	556	5	32	80	0.4000000
NODE_6126_length_1027_cov_45.613147	476	556	6	12	80	0.1500000
NODE_6126_length_1027_cov_45.613147	476	556	7	34	80	0.4250000
NODE_6126_length_1027_cov_45.613147	476	556	9	2	80	0.0250000
NODE_6126_length_1027_cov_45.613147	529	609	5	59	80	0.7375000
NODE_6126_length_1027_cov_45.613147	529	609	7	19	80	0.2375000
NODE_6126_length_1027_cov_45.613147	529	609	9	2	80	0.0250000
NODE_6127_length_1027_cov_35.435345	431	511	4	4	80	0.0500000
NODE_6127_length_1027_cov_35.435345	431	511	6	31	80	0.3875000
NODE_6127_length_1027_cov_35.435345	431	511	7	45	80	0.5625000
NODE_6127_length_1027_cov_35.435345	484	564	4	21	80	0.2625000
NODE_6127_length_1027_cov_35.435345	484	564	5	3	80	0.0375000
NODE_6127_length_1027_cov_35.435345	484	564	6	38	80	0.4750000
NODE_6127_length_1027_cov_35.435345	484	564	7	18	80	0.2250000
NODE_6135_length_1026_cov_39.737864	374	454	3	2	80	0.0250000
NODE_6135_length_1026_cov_39.737864	374	454	4	20	80	0.2500000
NODE_6135_length_1026_cov_39.737864	374	454	5	4	80	0.0500000
NODE_6135_length_1026_cov_39.737864	374	454	6	44	80	0.5500000
NODE_6135_length_1026_cov_39.737864	374	454	7	10	80	0.1250000
NODE_6135_length_1026_cov_39.737864	427	509	5	1	82	0.0121951
NODE_6135_length_1026_cov_39.737864	427	509	6	31	82	0.3780488
NODE_6135_length_1026_cov_39.737864	427	509	7	10	82	0.1219512
NODE_6135_length_1026_cov_39.737864	427	509	8	22	82	0.2682927
NODE_6135_length_1026_cov_39.737864	427	509	9	18	82	0.2195122
NODE_6135_length_1026_cov_39.737864	505	585	6	36	80	0.4500000
NODE_6135_length_1026_cov_39.737864	505	585	8	16	80	0.2000000
NODE_6135_length_1026_cov_39.737864	505	585	9	28	80	0.3500000
NODE_6135_length_1026_cov_39.737864	558	638	3	11	80	0.1375000
NODE_6135_length_1026_cov_39.737864	558	638	4	14	80	0.1750000
NODE_6135_length_1026_cov_39.737864	558	638	5	18	80	0.2250000
NODE_6135_length_1026_cov_39.737864	558	638	6	37	80	0.4625000
NODE_6136_length_1026_cov_26.400216	423	503	1	30	80	0.3750000
NODE_6136_length_1026_cov_26.400216	423	503	2	6	80	0.0750000
NODE_6136_length_1026_cov_26.400216	423	503	3	15	80	0.1875000
NODE_6136_length_1026_cov_26.400216	423	503	4	29	80	0.3625000
NODE_6136_length_1026_cov_26.400216	476	556	1	25	80	0.3125000
NODE_6136_length_1026_cov_26.400216	476	556	2	55	80	0.6875000
NODE_6137_length_1026_cov_25.325782	477	557	0	50	80	0.6250000
NODE_6137_length_1026_cov_25.325782	477	557	1	30	80	0.3750000
NODE_6137_length_1026_cov_25.325782	530	610	1	36	80	0.4500000
NODE_6137_length_1026_cov_25.325782	530	610	2	44	80	0.5500000
NODE_6137_length_1026_cov_25.325782	606	686	1	7	80	0.0875000
NODE_6137_length_1026_cov_25.325782	606	686	2	73	80	0.9125000
NODE_6137_length_1026_cov_25.325782	659	739	0	39	80	0.4875000
NODE_6137_length_1026_cov_25.325782	659	739	1	21	80	0.2625000
NODE_6137_length_1026_cov_25.325782	659	739	2	20	80	0.2500000
NODE_6138_length_1026_cov_22.218986	408	488	10	9	80	0.1125000
NODE_6138_length_1026_cov_22.218986	408	488	11	10	80	0.1250000
NODE_6138_length_1026_cov_22.218986	408	488	12	20	80	0.2500000
NODE_6138_length_1026_cov_22.218986	408	488	13	5	80	0.0625000
NODE_6138_length_1026_cov_22.218986	408	488	14	36	80	0.4500000
NODE_6138_length_1026_cov_22.218986	461	541	7	11	80	0.1375000
NODE_6138_length_1026_cov_22.218986	461	541	8	35	80	0.4375000
NODE_6138_length_1026_cov_22.218986	461	541	10	4	80	0.0500000
NODE_6138_length_1026_cov_22.218986	461	541	11	9	80	0.1125000
NODE_6138_length_1026_cov_22.218986	461	541	12	16	80	0.2000000
NODE_6138_length_1026_cov_22.218986	461	541	13	4	80	0.0500000
NODE_6138_length_1026_cov_22.218986	461	541	14	1	80	0.0125000
NODE_6138_length_1026_cov_22.218986	537	617	0	42	80	0.5250000
NODE_6138_length_1026_cov_22.218986	537	617	1	1	80	0.0125000
NODE_6138_length_1026_cov_22.218986	537	617	2	2	80	0.0250000
NODE_6138_length_1026_cov_22.218986	537	617	3	4	80	0.0500000
NODE_6138_length_1026_cov_22.218986	537	617	4	22	80	0.2750000
NODE_6138_length_1026_cov_22.218986	537	617	6	1	80	0.0125000
NODE_6138_length_1026_cov_22.218986	537	617	7	8	80	0.1000000
NODE_6138_length_1026_cov_22.218986	590	670	0	80	80	1.0000000
NODE_6139_length_1026_cov_15.640777	450	530	5	4	80	0.0500000
NODE_6139_length_1026_cov_15.640777	450	530	6	65	80	0.8125000
NODE_6139_length_1026_cov_15.640777	450	530	7	11	80	0.1375000
NODE_6139_length_1026_cov_15.640777	503	583	2	5	80	0.0625000
NODE_6139_length_1026_cov_15.640777	503	583	4	27	80	0.3375000
NODE_6139_length_1026_cov_15.640777	503	583	5	25	80	0.3125000
NODE_6139_length_1026_cov_15.640777	503	583	6	16	80	0.2000000
NODE_6139_length_1026_cov_15.640777	503	583	7	7	80	0.0875000
NODE_6140_length_1026_cov_12.062567	165	245	0	38	80	0.4750000
NODE_6140_length_1026_cov_12.062567	165	245	1	23	80	0.2875000
NODE_6140_length_1026_cov_12.062567	165	245	3	19	80	0.2375000
NODE_6140_length_1026_cov_12.062567	218	298	1	8	80	0.1000000
NODE_6140_length_1026_cov_12.062567	218	298	3	19	80	0.2375000
NODE_6140_length_1026_cov_12.062567	218	298	4	53	80	0.6625000
NODE_6142_length_1026_cov_5.002157	335	415	0	80	80	1.0000000
NODE_6142_length_1026_cov_5.002157	388	468	0	80	80	1.0000000
NODE_6155_length_1025_cov_52.053996	366	446	4	25	80	0.3125000
NODE_6155_length_1025_cov_52.053996	366	446	5	19	80	0.2375000
NODE_6155_length_1025_cov_52.053996	366	446	6	5	80	0.0625000
NODE_6155_length_1025_cov_52.053996	366	446	7	31	80	0.3875000
NODE_6155_length_1025_cov_52.053996	419	499	5	27	80	0.3375000
NODE_6155_length_1025_cov_52.053996	419	499	6	8	80	0.1000000
NODE_6155_length_1025_cov_52.053996	419	499	7	45	80	0.5625000
NODE_6155_length_1025_cov_52.053996	495	575	7	23	80	0.2875000
NODE_6155_length_1025_cov_52.053996	495	575	11	5	80	0.0625000
NODE_6155_length_1025_cov_52.053996	495	575	12	15	80	0.1875000
NODE_6155_length_1025_cov_52.053996	495	575	13	16	80	0.2000000
NODE_6155_length_1025_cov_52.053996	495	575	14	17	80	0.2125000
NODE_6155_length_1025_cov_52.053996	495	575	15	3	80	0.0375000
NODE_6155_length_1025_cov_52.053996	495	575	16	1	80	0.0125000
NODE_6155_length_1025_cov_52.053996	548	628	12	5	80	0.0625000
NODE_6155_length_1025_cov_52.053996	548	628	13	2	80	0.0250000
NODE_6155_length_1025_cov_52.053996	548	628	14	32	80	0.4000000
NODE_6155_length_1025_cov_52.053996	548	628	15	5	80	0.0625000
NODE_6155_length_1025_cov_52.053996	548	628	16	36	80	0.4500000
NODE_6156_length_1025_cov_35.980562	318	375	10	14	57	0.2456140
NODE_6156_length_1025_cov_35.980562	318	375	11	6	57	0.1052632
NODE_6156_length_1025_cov_35.980562	318	375	12	3	57	0.0526316
NODE_6156_length_1025_cov_35.980562	318	375	13	1	57	0.0175439
NODE_6156_length_1025_cov_35.980562	318	375	14	7	57	0.1228070
NODE_6156_length_1025_cov_35.980562	318	375	15	1	57	0.0175439
NODE_6156_length_1025_cov_35.980562	318	375	16	1	57	0.0175439
NODE_6156_length_1025_cov_35.980562	318	375	18	1	57	0.0175439
NODE_6156_length_1025_cov_35.980562	318	375	19	11	57	0.1929825
NODE_6156_length_1025_cov_35.980562	318	375	20	7	57	0.1228070
NODE_6156_length_1025_cov_35.980562	318	375	22	5	57	0.0877193
NODE_6156_length_1025_cov_35.980562	348	428	14	1	80	0.0125000
NODE_6156_length_1025_cov_35.980562	348	428	15	1	80	0.0125000
NODE_6156_length_1025_cov_35.980562	348	428	16	1	80	0.0125000
NODE_6156_length_1025_cov_35.980562	348	428	18	1	80	0.0125000
NODE_6156_length_1025_cov_35.980562	348	428	19	11	80	0.1375000
NODE_6156_length_1025_cov_35.980562	348	428	20	7	80	0.0875000
NODE_6156_length_1025_cov_35.980562	348	428	22	17	80	0.2125000
NODE_6156_length_1025_cov_35.980562	348	428	23	13	80	0.1625000
NODE_6156_length_1025_cov_35.980562	348	428	24	28	80	0.3500000
NODE_6156_length_1025_cov_35.980562	425	482	16	14	57	0.2456140
NODE_6156_length_1025_cov_35.980562	425	482	17	12	57	0.2105263
NODE_6156_length_1025_cov_35.980562	425	482	19	1	57	0.0175439
NODE_6156_length_1025_cov_35.980562	425	482	21	10	57	0.1754386
NODE_6156_length_1025_cov_35.980562	425	482	23	20	57	0.3508772
NODE_6156_length_1025_cov_35.980562	455	521	0	8	66	0.1212121
NODE_6156_length_1025_cov_35.980562	455	521	1	11	66	0.1666667
NODE_6156_length_1025_cov_35.980562	455	521	2	2	66	0.0303030
NODE_6156_length_1025_cov_35.980562	455	521	3	1	66	0.0151515
NODE_6156_length_1025_cov_35.980562	455	521	6	2	66	0.0303030
NODE_6156_length_1025_cov_35.980562	455	521	8	5	66	0.0757576
NODE_6156_length_1025_cov_35.980562	455	521	9	1	66	0.0151515
NODE_6156_length_1025_cov_35.980562	455	521	10	3	66	0.0454545
NODE_6156_length_1025_cov_35.980562	455	521	15	6	66	0.0909091
NODE_6156_length_1025_cov_35.980562	455	521	16	14	66	0.2121212
NODE_6156_length_1025_cov_35.980562	455	521	17	12	66	0.1818182
NODE_6156_length_1025_cov_35.980562	455	521	19	1	66	0.0151515
NODE_6157_length_1025_cov_26.954644	607	687	2	30	80	0.3750000
NODE_6157_length_1025_cov_26.954644	607	687	3	10	80	0.1250000
NODE_6157_length_1025_cov_26.954644	607	687	4	40	80	0.5000000
NODE_6157_length_1025_cov_26.954644	660	740	2	13	80	0.1625000
NODE_6157_length_1025_cov_26.954644	660	740	3	20	80	0.2500000
NODE_6157_length_1025_cov_26.954644	660	740	4	47	80	0.5875000
NODE_6158_length_1025_cov_20.576674	428	508	7	41	80	0.5125000
NODE_6158_length_1025_cov_20.576674	428	508	9	39	80	0.4875000
NODE_6158_length_1025_cov_20.576674	481	561	7	5	80	0.0625000
NODE_6158_length_1025_cov_20.576674	481	561	9	48	80	0.6000000
NODE_6158_length_1025_cov_20.576674	481	561	10	21	80	0.2625000
NODE_6158_length_1025_cov_20.576674	481	561	11	6	80	0.0750000
NODE_6159_length_1025_cov_15.525918	415	495	3	12	80	0.1500000
NODE_6159_length_1025_cov_15.525918	415	495	4	68	80	0.8500000
NODE_6159_length_1025_cov_15.525918	468	548	3	14	80	0.1750000
NODE_6159_length_1025_cov_15.525918	468	548	4	66	80	0.8250000
NODE_6160_length_1025_cov_7.044276	240	320	0	79	80	0.9875000
NODE_6160_length_1025_cov_7.044276	240	320	2	1	80	0.0125000
NODE_6161_length_1025_cov_6.688985	334	414	2	30	80	0.3750000
NODE_6161_length_1025_cov_6.688985	334	414	3	50	80	0.6250000
NODE_6161_length_1025_cov_6.688985	387	467	0	9	80	0.1125000
NODE_6161_length_1025_cov_6.688985	387	467	1	14	80	0.1750000
NODE_6161_length_1025_cov_6.688985	387	467	3	57	80	0.7125000
NODE_6170_length_1024_cov_28.681081	264	344	0	80	80	1.0000000
NODE_6170_length_1024_cov_28.681081	317	397	0	80	80	1.0000000
NODE_6170_length_1024_cov_28.681081	393	477	0	84	84	1.0000000
NODE_6171_length_1024_cov_17.922162	324	404	3	5	80	0.0625000
NODE_6171_length_1024_cov_17.922162	324	404	5	19	80	0.2375000
NODE_6171_length_1024_cov_17.922162	324	404	7	6	80	0.0750000
NODE_6171_length_1024_cov_17.922162	324	404	9	14	80	0.1750000
NODE_6171_length_1024_cov_17.922162	324	404	11	15	80	0.1875000
NODE_6171_length_1024_cov_17.922162	324	404	12	18	80	0.2250000
NODE_6171_length_1024_cov_17.922162	324	404	13	3	80	0.0375000
NODE_6171_length_1024_cov_17.922162	377	457	7	1	80	0.0125000
NODE_6171_length_1024_cov_17.922162	377	457	8	29	80	0.3625000
NODE_6171_length_1024_cov_17.922162	377	457	9	8	80	0.1000000
NODE_6171_length_1024_cov_17.922162	377	457	11	8	80	0.1000000
NODE_6171_length_1024_cov_17.922162	377	457	12	18	80	0.2250000
NODE_6171_length_1024_cov_17.922162	377	457	13	16	80	0.2000000
NODE_6173_length_1024_cov_12.018378	368	448	6	20	80	0.2500000
NODE_6173_length_1024_cov_12.018378	368	448	7	14	80	0.1750000
NODE_6173_length_1024_cov_12.018378	368	448	8	33	80	0.4125000
NODE_6173_length_1024_cov_12.018378	368	448	9	13	80	0.1625000
NODE_6173_length_1024_cov_12.018378	421	501	2	1	80	0.0125000
NODE_6173_length_1024_cov_12.018378	421	501	3	10	80	0.1250000
NODE_6173_length_1024_cov_12.018378	421	501	6	46	80	0.5750000
NODE_6173_length_1024_cov_12.018378	421	501	8	15	80	0.1875000
NODE_6173_length_1024_cov_12.018378	421	501	9	8	80	0.1000000
NODE_6174_length_1024_cov_8.800000	517	597	2	16	80	0.2000000
NODE_6174_length_1024_cov_8.800000	517	597	3	4	80	0.0500000
NODE_6174_length_1024_cov_8.800000	517	597	4	14	80	0.1750000
NODE_6174_length_1024_cov_8.800000	517	597	5	20	80	0.2500000
NODE_6174_length_1024_cov_8.800000	517	597	6	26	80	0.3250000
NODE_6174_length_1024_cov_8.800000	570	650	4	1	80	0.0125000
NODE_6174_length_1024_cov_8.800000	570	650	6	38	80	0.4750000
NODE_6174_length_1024_cov_8.800000	570	650	7	41	80	0.5125000
NODE_6175_length_1024_cov_6.207568	318	398	0	10	80	0.1250000
NODE_6175_length_1024_cov_6.207568	318	398	2	70	80	0.8750000
NODE_6175_length_1024_cov_6.207568	371	451	0	63	80	0.7875000
NODE_6175_length_1024_cov_6.207568	371	451	2	17	80	0.2125000
NODE_6178_length_1024_cov_2.468108	274	324	0	50	50	1.0000000
NODE_6178_length_1024_cov_2.468108	274	322	0	48	48	1.0000000
NODE_6178_length_1024_cov_2.468108	274	324	0	50	50	1.0000000
NODE_6178_length_1024_cov_2.468108	274	323	0	49	49	1.0000000
NODE_6178_length_1024_cov_2.468108	274	322	0	48	48	1.0000000
NODE_6185_length_1023_cov_100.366883	441	521	10	12	80	0.1500000
NODE_6185_length_1023_cov_100.366883	441	521	12	7	80	0.0875000
NODE_6185_length_1023_cov_100.366883	441	521	13	30	80	0.3750000
NODE_6185_length_1023_cov_100.366883	441	521	14	2	80	0.0250000
NODE_6185_length_1023_cov_100.366883	441	521	15	17	80	0.2125000
NODE_6185_length_1023_cov_100.366883	441	521	16	12	80	0.1500000
NODE_6185_length_1023_cov_100.366883	494	574	8	12	80	0.1500000
NODE_6185_length_1023_cov_100.366883	494	574	9	10	80	0.1250000
NODE_6185_length_1023_cov_100.366883	494	574	11	12	80	0.1500000
NODE_6185_length_1023_cov_100.366883	494	574	12	13	80	0.1625000
NODE_6185_length_1023_cov_100.366883	494	574	14	3	80	0.0375000
NODE_6185_length_1023_cov_100.366883	494	574	15	15	80	0.1875000
NODE_6185_length_1023_cov_100.366883	494	574	16	15	80	0.1875000
NODE_6186_length_1023_cov_64.271645	349	429	6	1	80	0.0125000
NODE_6186_length_1023_cov_64.271645	349	429	7	13	80	0.1625000
NODE_6186_length_1023_cov_64.271645	349	429	8	8	80	0.1000000
NODE_6186_length_1023_cov_64.271645	349	429	9	58	80	0.7250000
NODE_6186_length_1023_cov_64.271645	402	482	7	1	80	0.0125000
NODE_6186_length_1023_cov_64.271645	402	482	8	10	80	0.1250000
NODE_6186_length_1023_cov_64.271645	402	482	9	37	80	0.4625000
NODE_6186_length_1023_cov_64.271645	402	482	10	17	80	0.2125000
NODE_6186_length_1023_cov_64.271645	402	482	11	9	80	0.1125000
NODE_6186_length_1023_cov_64.271645	402	482	12	6	80	0.0750000
NODE_6186_length_1023_cov_64.271645	478	558	9	10	80	0.1250000
NODE_6186_length_1023_cov_64.271645	478	558	10	25	80	0.3125000
NODE_6186_length_1023_cov_64.271645	478	558	11	6	80	0.0750000
NODE_6186_length_1023_cov_64.271645	478	558	12	17	80	0.2125000
NODE_6186_length_1023_cov_64.271645	478	558	13	7	80	0.0875000
NODE_6186_length_1023_cov_64.271645	478	558	14	11	80	0.1375000
NODE_6186_length_1023_cov_64.271645	478	558	15	1	80	0.0125000
NODE_6186_length_1023_cov_64.271645	478	558	16	3	80	0.0375000
NODE_6186_length_1023_cov_64.271645	531	611	12	12	80	0.1500000
NODE_6186_length_1023_cov_64.271645	531	611	14	11	80	0.1375000
NODE_6186_length_1023_cov_64.271645	531	611	15	1	80	0.0125000
NODE_6186_length_1023_cov_64.271645	531	611	16	9	80	0.1125000
NODE_6186_length_1023_cov_64.271645	531	611	17	4	80	0.0500000
NODE_6186_length_1023_cov_64.271645	531	611	18	7	80	0.0875000
NODE_6186_length_1023_cov_64.271645	531	611	19	31	80	0.3875000
NODE_6186_length_1023_cov_64.271645	531	611	20	5	80	0.0625000
NODE_6187_length_1023_cov_32.695887	318	398	2	80	80	1.0000000
NODE_6187_length_1023_cov_32.695887	371	451	0	32	80	0.4000000
NODE_6187_length_1023_cov_32.695887	371	451	1	13	80	0.1625000
NODE_6187_length_1023_cov_32.695887	371	451	2	35	80	0.4375000
NODE_6187_length_1023_cov_32.695887	447	527	0	80	80	1.0000000
NODE_6187_length_1023_cov_32.695887	500	580	0	51	80	0.6375000
NODE_6187_length_1023_cov_32.695887	500	580	1	1	80	0.0125000
NODE_6187_length_1023_cov_32.695887	500	580	2	28	80	0.3500000
NODE_6188_length_1023_cov_16.244589	601	681	3	80	80	1.0000000
NODE_6188_length_1023_cov_16.244589	654	734	1	18	80	0.2250000
NODE_6188_length_1023_cov_16.244589	654	734	2	14	80	0.1750000
NODE_6188_length_1023_cov_16.244589	654	734	3	48	80	0.6000000
NODE_6189_length_1023_cov_15.876623	371	451	2	32	80	0.4000000
NODE_6189_length_1023_cov_15.876623	371	451	3	48	80	0.6000000
NODE_6189_length_1023_cov_15.876623	424	504	3	42	80	0.5250000
NODE_6189_length_1023_cov_15.876623	424	504	5	38	80	0.4750000
NODE_6189_length_1023_cov_15.876623	500	580	4	10	80	0.1250000
NODE_6189_length_1023_cov_15.876623	500	580	5	16	80	0.2000000
NODE_6189_length_1023_cov_15.876623	500	580	6	21	80	0.2625000
NODE_6189_length_1023_cov_15.876623	500	580	7	27	80	0.3375000
NODE_6189_length_1023_cov_15.876623	500	580	8	6	80	0.0750000
NODE_6189_length_1023_cov_15.876623	553	633	4	17	80	0.2125000
NODE_6189_length_1023_cov_15.876623	553	633	6	43	80	0.5375000
NODE_6189_length_1023_cov_15.876623	553	633	7	20	80	0.2500000
NODE_6190_length_1023_cov_14.678571	555	635	1	27	80	0.3375000
NODE_6190_length_1023_cov_14.678571	555	635	2	31	80	0.3875000
NODE_6190_length_1023_cov_14.678571	555	635	4	22	80	0.2750000
NODE_6190_length_1023_cov_14.678571	608	688	2	5	80	0.0625000
NODE_6190_length_1023_cov_14.678571	608	688	3	9	80	0.1125000
NODE_6190_length_1023_cov_14.678571	608	688	4	66	80	0.8250000
NODE_6191_length_1023_cov_14.443723	406	486	0	7	80	0.0875000
NODE_6191_length_1023_cov_14.443723	406	486	4	26	80	0.3250000
NODE_6191_length_1023_cov_14.443723	406	486	6	19	80	0.2375000
NODE_6191_length_1023_cov_14.443723	406	486	7	28	80	0.3500000
NODE_6191_length_1023_cov_14.443723	459	539	3	3	80	0.0375000
NODE_6191_length_1023_cov_14.443723	459	539	4	24	80	0.3000000
NODE_6191_length_1023_cov_14.443723	459	539	7	53	80	0.6625000
NODE_6192_length_1023_cov_10.984848	590	670	0	80	80	1.0000000
NODE_6192_length_1023_cov_10.984848	643	723	0	80	80	1.0000000
NODE_6202_length_1022_cov_42.952329	555	636	6	8	81	0.0987654
NODE_6202_length_1022_cov_42.952329	555	636	7	45	81	0.5555556
NODE_6202_length_1022_cov_42.952329	555	636	9	27	81	0.3333333
NODE_6202_length_1022_cov_42.952329	555	636	10	1	81	0.0123457
NODE_6202_length_1022_cov_42.952329	609	689	6	18	80	0.2250000
NODE_6202_length_1022_cov_42.952329	609	689	7	17	80	0.2125000
NODE_6202_length_1022_cov_42.952329	609	689	9	44	80	0.5500000
NODE_6202_length_1022_cov_42.952329	609	689	10	1	80	0.0125000
NODE_6202_length_1022_cov_42.952329	685	765	5	3	80	0.0375000
NODE_6202_length_1022_cov_42.952329	685	765	6	40	80	0.5000000
NODE_6202_length_1022_cov_42.952329	685	765	7	37	80	0.4625000
NODE_6202_length_1022_cov_42.952329	738	818	5	47	80	0.5875000
NODE_6202_length_1022_cov_42.952329	738	818	6	33	80	0.4125000
NODE_6203_length_1022_cov_29.949079	510	590	10	15	80	0.1875000
NODE_6203_length_1022_cov_29.949079	510	590	11	2	80	0.0250000
NODE_6203_length_1022_cov_29.949079	510	590	13	15	80	0.1875000
NODE_6203_length_1022_cov_29.949079	510	590	15	21	80	0.2625000
NODE_6203_length_1022_cov_29.949079	510	590	16	18	80	0.2250000
NODE_6203_length_1022_cov_29.949079	510	590	17	9	80	0.1125000
NODE_6203_length_1022_cov_29.949079	563	643	14	25	80	0.3125000
NODE_6203_length_1022_cov_29.949079	563	643	15	34	80	0.4250000
NODE_6203_length_1022_cov_29.949079	563	643	16	12	80	0.1500000
NODE_6203_length_1022_cov_29.949079	563	643	17	9	80	0.1125000
NODE_6204_length_1022_cov_7.672806	461	541	0	24	80	0.3000000
NODE_6204_length_1022_cov_7.672806	461	541	1	56	80	0.7000000
NODE_6204_length_1022_cov_7.672806	514	594	1	80	80	1.0000000
NODE_6213_length_1021_cov_47.379610	341	421	7	13	80	0.1625000
NODE_6213_length_1021_cov_47.379610	341	421	8	19	80	0.2375000
NODE_6213_length_1021_cov_47.379610	341	421	9	16	80	0.2000000
NODE_6213_length_1021_cov_47.379610	341	421	10	6	80	0.0750000
NODE_6213_length_1021_cov_47.379610	341	421	11	13	80	0.1625000
NODE_6213_length_1021_cov_47.379610	341	421	12	5	80	0.0625000
NODE_6213_length_1021_cov_47.379610	341	421	14	7	80	0.0875000
NODE_6213_length_1021_cov_47.379610	341	421	15	1	80	0.0125000
NODE_6213_length_1021_cov_47.379610	394	474	10	1	80	0.0125000
NODE_6213_length_1021_cov_47.379610	394	474	11	17	80	0.2125000
NODE_6213_length_1021_cov_47.379610	394	474	12	15	80	0.1875000
NODE_6213_length_1021_cov_47.379610	394	474	13	4	80	0.0500000
NODE_6213_length_1021_cov_47.379610	394	474	14	16	80	0.2000000
NODE_6213_length_1021_cov_47.379610	394	474	15	12	80	0.1500000
NODE_6213_length_1021_cov_47.379610	394	474	16	15	80	0.1875000
NODE_6213_length_1021_cov_47.379610	470	550	8	5	80	0.0625000
NODE_6213_length_1021_cov_47.379610	470	550	9	6	80	0.0750000
NODE_6213_length_1021_cov_47.379610	470	550	10	2	80	0.0250000
NODE_6213_length_1021_cov_47.379610	470	550	11	38	80	0.4750000
NODE_6213_length_1021_cov_47.379610	470	550	12	1	80	0.0125000
NODE_6213_length_1021_cov_47.379610	470	550	13	28	80	0.3500000
NODE_6213_length_1021_cov_47.379610	523	603	3	13	80	0.1625000
NODE_6213_length_1021_cov_47.379610	523	603	4	10	80	0.1250000
NODE_6213_length_1021_cov_47.379610	523	603	5	17	80	0.2125000
NODE_6213_length_1021_cov_47.379610	523	603	8	12	80	0.1500000
NODE_6213_length_1021_cov_47.379610	523	603	9	12	80	0.1500000
NODE_6213_length_1021_cov_47.379610	523	603	10	2	80	0.0250000
NODE_6213_length_1021_cov_47.379610	523	603	11	14	80	0.1750000
NODE_6214_length_1021_cov_33.255965	588	668	0	10	80	0.1250000
NODE_6214_length_1021_cov_33.255965	588	668	2	12	80	0.1500000
NODE_6214_length_1021_cov_33.255965	588	668	4	2	80	0.0250000
NODE_6214_length_1021_cov_33.255965	588	668	6	56	80	0.7000000
NODE_6214_length_1021_cov_33.255965	641	721	4	10	80	0.1250000
NODE_6214_length_1021_cov_33.255965	641	721	6	70	80	0.8750000
NODE_6227_length_1020_cov_24.565689	485	565	0	2	80	0.0250000
NODE_6227_length_1020_cov_24.565689	485	565	1	7	80	0.0875000
NODE_6227_length_1020_cov_24.565689	485	565	2	21	80	0.2625000
NODE_6227_length_1020_cov_24.565689	485	565	3	50	80	0.6250000
NODE_6227_length_1020_cov_24.565689	538	618	0	2	80	0.0250000
NODE_6227_length_1020_cov_24.565689	538	618	1	9	80	0.1125000
NODE_6227_length_1020_cov_24.565689	538	618	2	2	80	0.0250000
NODE_6227_length_1020_cov_24.565689	538	618	3	67	80	0.8375000
NODE_6228_length_1020_cov_20.825190	395	475	7	80	80	1.0000000
NODE_6228_length_1020_cov_20.825190	448	528	0	42	80	0.5250000
NODE_6228_length_1020_cov_20.825190	448	528	3	5	80	0.0625000
NODE_6228_length_1020_cov_20.825190	448	528	4	1	80	0.0125000
NODE_6228_length_1020_cov_20.825190	448	528	5	2	80	0.0250000
NODE_6228_length_1020_cov_20.825190	448	528	7	30	80	0.3750000
NODE_6229_length_1020_cov_20.305103	285	365	5	13	80	0.1625000
NODE_6229_length_1020_cov_20.305103	285	365	7	3	80	0.0375000
NODE_6229_length_1020_cov_20.305103	285	365	8	3	80	0.0375000
NODE_6229_length_1020_cov_20.305103	285	365	10	60	80	0.7500000
NODE_6229_length_1020_cov_20.305103	285	365	12	1	80	0.0125000
NODE_6229_length_1020_cov_20.305103	338	418	9	9	80	0.1125000
NODE_6229_length_1020_cov_20.305103	338	418	10	32	80	0.4000000
NODE_6229_length_1020_cov_20.305103	338	418	11	33	80	0.4125000
NODE_6229_length_1020_cov_20.305103	338	418	12	6	80	0.0750000
NODE_6229_length_1020_cov_20.305103	414	494	4	38	80	0.4750000
NODE_6229_length_1020_cov_20.305103	414	494	5	2	80	0.0250000
NODE_6229_length_1020_cov_20.305103	414	494	6	1	80	0.0125000
NODE_6229_length_1020_cov_20.305103	414	494	7	21	80	0.2625000
NODE_6229_length_1020_cov_20.305103	414	494	9	18	80	0.2250000
NODE_6229_length_1020_cov_20.305103	467	548	0	16	81	0.1975309
NODE_6229_length_1020_cov_20.305103	467	548	2	24	81	0.2962963
NODE_6229_length_1020_cov_20.305103	467	548	4	41	81	0.5061728
NODE_6230_length_1020_cov_17.919653	408	488	5	21	80	0.2625000
NODE_6230_length_1020_cov_17.919653	408	488	6	59	80	0.7375000
NODE_6230_length_1020_cov_17.919653	461	541	3	17	80	0.2125000
NODE_6230_length_1020_cov_17.919653	461	541	4	36	80	0.4500000
NODE_6230_length_1020_cov_17.919653	461	541	5	15	80	0.1875000
NODE_6230_length_1020_cov_17.919653	461	541	6	12	80	0.1500000
NODE_6231_length_1020_cov_13.972856	436	516	0	8	80	0.1000000
NODE_6231_length_1020_cov_13.972856	436	516	1	12	80	0.1500000
NODE_6231_length_1020_cov_13.972856	436	516	2	20	80	0.2500000
NODE_6231_length_1020_cov_13.972856	436	516	3	40	80	0.5000000
NODE_6231_length_1020_cov_13.972856	489	569	3	80	80	1.0000000
NODE_6232_length_1020_cov_10.472313	407	487	2	1	80	0.0125000
NODE_6232_length_1020_cov_10.472313	407	487	3	6	80	0.0750000
NODE_6232_length_1020_cov_10.472313	407	487	4	36	80	0.4500000
NODE_6232_length_1020_cov_10.472313	407	487	5	27	80	0.3375000
NODE_6232_length_1020_cov_10.472313	407	487	7	10	80	0.1250000
NODE_6232_length_1020_cov_10.472313	460	540	5	17	80	0.2125000
NODE_6232_length_1020_cov_10.472313	460	540	7	36	80	0.4500000
NODE_6232_length_1020_cov_10.472313	460	540	8	2	80	0.0250000
NODE_6232_length_1020_cov_10.472313	460	540	9	13	80	0.1625000
NODE_6232_length_1020_cov_10.472313	460	540	10	12	80	0.1500000
NODE_6235_length_1020_cov_3.707926	821	901	2	80	80	1.0000000
NODE_6235_length_1020_cov_3.707926	874	954	2	80	80	1.0000000
NODE_6238_length_1020_cov_2.648208	0	70	0	70	70	1.0000000
NODE_6238_length_1020_cov_2.648208	43	88	0	45	45	1.0000000
NODE_6248_length_1019_cov_30.164130	476	556	12	3	80	0.0375000
NODE_6248_length_1019_cov_30.164130	476	556	13	20	80	0.2500000
NODE_6248_length_1019_cov_30.164130	476	556	14	5	80	0.0625000
NODE_6248_length_1019_cov_30.164130	476	556	15	12	80	0.1500000
NODE_6248_length_1019_cov_30.164130	476	556	16	1	80	0.0125000
NODE_6248_length_1019_cov_30.164130	476	556	17	2	80	0.0250000
NODE_6248_length_1019_cov_30.164130	476	556	18	16	80	0.2000000
NODE_6248_length_1019_cov_30.164130	476	556	19	21	80	0.2625000
NODE_6248_length_1019_cov_30.164130	529	609	11	8	80	0.1000000
NODE_6248_length_1019_cov_30.164130	529	609	12	26	80	0.3250000
NODE_6248_length_1019_cov_30.164130	529	609	13	7	80	0.0875000
NODE_6248_length_1019_cov_30.164130	529	609	14	7	80	0.0875000
NODE_6248_length_1019_cov_30.164130	529	609	15	12	80	0.1500000
NODE_6248_length_1019_cov_30.164130	529	609	16	1	80	0.0125000
NODE_6248_length_1019_cov_30.164130	529	609	18	11	80	0.1375000
NODE_6248_length_1019_cov_30.164130	529	609	19	8	80	0.1000000
NODE_6248_length_1019_cov_30.164130	605	685	5	12	80	0.1500000
NODE_6248_length_1019_cov_30.164130	605	685	6	28	80	0.3500000
NODE_6248_length_1019_cov_30.164130	605	685	7	13	80	0.1625000
NODE_6248_length_1019_cov_30.164130	605	685	8	5	80	0.0625000
NODE_6248_length_1019_cov_30.164130	605	685	9	3	80	0.0375000
NODE_6248_length_1019_cov_30.164130	605	685	10	14	80	0.1750000
NODE_6248_length_1019_cov_30.164130	605	685	11	5	80	0.0625000
NODE_6248_length_1019_cov_30.164130	658	738	5	27	80	0.3375000
NODE_6248_length_1019_cov_30.164130	658	738	6	22	80	0.2750000
NODE_6248_length_1019_cov_30.164130	658	738	7	30	80	0.3750000
NODE_6248_length_1019_cov_30.164130	658	738	8	1	80	0.0125000
NODE_6249_length_1019_cov_22.845652	343	423	1	5	80	0.0625000
NODE_6249_length_1019_cov_22.845652	343	423	2	7	80	0.0875000
NODE_6249_length_1019_cov_22.845652	343	423	4	63	80	0.7875000
NODE_6249_length_1019_cov_22.845652	343	423	5	5	80	0.0625000
NODE_6249_length_1019_cov_22.845652	396	476	4	24	80	0.3000000
NODE_6249_length_1019_cov_22.845652	396	476	5	44	80	0.5500000
NODE_6249_length_1019_cov_22.845652	396	476	6	12	80	0.1500000
NODE_6249_length_1019_cov_22.845652	472	552	3	49	80	0.6125000
NODE_6249_length_1019_cov_22.845652	472	552	4	18	80	0.2250000
NODE_6249_length_1019_cov_22.845652	472	552	6	13	80	0.1625000
NODE_6249_length_1019_cov_22.845652	525	605	1	20	80	0.2500000
NODE_6249_length_1019_cov_22.845652	525	605	2	17	80	0.2125000
NODE_6249_length_1019_cov_22.845652	525	605	3	43	80	0.5375000
NODE_6250_length_1019_cov_8.098913	523	601	0	16	78	0.2051282
NODE_6250_length_1019_cov_8.098913	523	601	2	62	78	0.7948718
NODE_6250_length_1019_cov_8.098913	574	654	2	80	80	1.0000000
NODE_6251_length_1019_cov_7.896739	423	503	2	80	80	1.0000000
NODE_6251_length_1019_cov_7.896739	476	556	0	23	80	0.2875000
NODE_6251_length_1019_cov_7.896739	476	556	1	29	80	0.3625000
NODE_6251_length_1019_cov_7.896739	476	556	2	28	80	0.3500000
NODE_6252_length_1019_cov_4.597826	625	696	2	71	71	1.0000000
NODE_6263_length_1019_cov_1.139130	89	165	0	32	76	0.4210526
NODE_6263_length_1019_cov_1.139130	89	165	2	44	76	0.5789474
NODE_6265_length_1018_cov_33.494015	212	292	7	5	80	0.0625000
NODE_6265_length_1018_cov_33.494015	212	292	9	4	80	0.0500000
NODE_6265_length_1018_cov_33.494015	212	292	10	2	80	0.0250000
NODE_6265_length_1018_cov_33.494015	212	292	11	3	80	0.0375000
NODE_6265_length_1018_cov_33.494015	212	292	13	26	80	0.3250000
NODE_6265_length_1018_cov_33.494015	212	292	14	14	80	0.1750000
NODE_6265_length_1018_cov_33.494015	212	292	15	13	80	0.1625000
NODE_6265_length_1018_cov_33.494015	212	292	16	13	80	0.1625000
NODE_6265_length_1018_cov_33.494015	265	345	2	15	80	0.1875000
NODE_6265_length_1018_cov_33.494015	265	345	3	1	80	0.0125000
NODE_6265_length_1018_cov_33.494015	265	345	4	2	80	0.0250000
NODE_6265_length_1018_cov_33.494015	265	345	5	10	80	0.1250000
NODE_6265_length_1018_cov_33.494015	265	345	7	30	80	0.3750000
NODE_6265_length_1018_cov_33.494015	265	345	9	4	80	0.0500000
NODE_6265_length_1018_cov_33.494015	265	345	14	14	80	0.1750000
NODE_6265_length_1018_cov_33.494015	265	345	16	4	80	0.0500000
NODE_6266_length_1018_cov_22.776931	372	452	3	18	80	0.2250000
NODE_6266_length_1018_cov_22.776931	372	452	4	35	80	0.4375000
NODE_6266_length_1018_cov_22.776931	372	452	5	27	80	0.3375000
NODE_6266_length_1018_cov_22.776931	425	505	1	27	80	0.3375000
NODE_6266_length_1018_cov_22.776931	425	505	3	44	80	0.5500000
NODE_6266_length_1018_cov_22.776931	425	505	5	9	80	0.1125000
NODE_6268_length_1018_cov_8.486398	404	484	0	80	80	1.0000000
NODE_6268_length_1018_cov_8.486398	457	537	0	80	80	1.0000000
NODE_6270_length_1018_cov_7.737758	357	437	6	80	80	1.0000000
NODE_6270_length_1018_cov_7.737758	410	490	1	8	80	0.1000000
NODE_6270_length_1018_cov_7.737758	410	490	2	6	80	0.0750000
NODE_6270_length_1018_cov_7.737758	410	490	3	9	80	0.1125000
NODE_6270_length_1018_cov_7.737758	410	490	5	19	80	0.2375000
NODE_6270_length_1018_cov_7.737758	410	490	6	38	80	0.4750000
NODE_6286_length_1017_cov_207.523965	0	41	7	6	41	0.1463415
NODE_6286_length_1017_cov_207.523965	0	41	9	2	41	0.0487805
NODE_6286_length_1017_cov_207.523965	0	41	10	3	41	0.0731707
NODE_6286_length_1017_cov_207.523965	0	41	11	3	41	0.0731707
NODE_6286_length_1017_cov_207.523965	0	41	12	2	41	0.0487805
NODE_6286_length_1017_cov_207.523965	0	41	13	8	41	0.1951219
NODE_6286_length_1017_cov_207.523965	0	41	15	6	41	0.1463415
NODE_6286_length_1017_cov_207.523965	0	41	17	3	41	0.0731707
NODE_6286_length_1017_cov_207.523965	0	41	18	4	41	0.0975610
NODE_6286_length_1017_cov_207.523965	0	41	19	4	41	0.0975610
NODE_6286_length_1017_cov_207.523965	14	94	12	2	80	0.0250000
NODE_6286_length_1017_cov_207.523965	14	94	13	8	80	0.1000000
NODE_6286_length_1017_cov_207.523965	14	94	15	6	80	0.0750000
NODE_6286_length_1017_cov_207.523965	14	94	17	3	80	0.0375000
NODE_6286_length_1017_cov_207.523965	14	94	18	4	80	0.0500000
NODE_6286_length_1017_cov_207.523965	14	94	19	10	80	0.1250000
NODE_6286_length_1017_cov_207.523965	14	94	20	1	80	0.0125000
NODE_6286_length_1017_cov_207.523965	14	94	22	3	80	0.0375000
NODE_6286_length_1017_cov_207.523965	14	94	23	5	80	0.0625000
NODE_6286_length_1017_cov_207.523965	14	94	24	4	80	0.0500000
NODE_6286_length_1017_cov_207.523965	14	94	25	5	80	0.0625000
NODE_6286_length_1017_cov_207.523965	14	94	26	27	80	0.3375000
NODE_6286_length_1017_cov_207.523965	14	94	27	2	80	0.0250000
NODE_6287_length_1017_cov_18.824619	490	570	6	35	80	0.4375000
NODE_6287_length_1017_cov_18.824619	490	570	7	45	80	0.5625000
NODE_6287_length_1017_cov_18.824619	543	623	2	11	80	0.1375000
NODE_6287_length_1017_cov_18.824619	543	623	3	19	80	0.2375000
NODE_6287_length_1017_cov_18.824619	543	623	4	2	80	0.0250000
NODE_6287_length_1017_cov_18.824619	543	623	5	8	80	0.1000000
NODE_6287_length_1017_cov_18.824619	543	623	6	33	80	0.4125000
NODE_6287_length_1017_cov_18.824619	543	623	7	7	80	0.0875000
NODE_6288_length_1017_cov_14.794118	428	508	0	80	80	1.0000000
NODE_6288_length_1017_cov_14.794118	481	561	0	80	80	1.0000000
NODE_6288_length_1017_cov_14.794118	557	637	0	79	80	0.9875000
NODE_6288_length_1017_cov_14.794118	557	637	1	1	80	0.0125000
NODE_6288_length_1017_cov_14.794118	610	690	0	26	80	0.3250000
NODE_6288_length_1017_cov_14.794118	610	690	1	54	80	0.6750000
NODE_6297_length_1016_cov_22.267176	577	657	4	80	80	1.0000000
NODE_6297_length_1016_cov_22.267176	630	710	1	37	80	0.4625000
NODE_6297_length_1016_cov_22.267176	630	710	2	1	80	0.0125000
NODE_6297_length_1016_cov_22.267176	630	710	3	4	80	0.0500000
NODE_6297_length_1016_cov_22.267176	630	710	4	38	80	0.4750000
NODE_6298_length_1016_cov_21.134133	625	705	2	80	80	1.0000000
NODE_6298_length_1016_cov_21.134133	678	758	1	2	80	0.0250000
NODE_6298_length_1016_cov_21.134133	678	758	2	78	80	0.9750000
NODE_6299_length_1016_cov_20.392585	504	584	0	80	80	1.0000000
NODE_6299_length_1016_cov_20.392585	557	637	0	47	80	0.5875000
NODE_6299_length_1016_cov_20.392585	557	637	2	22	80	0.2750000
NODE_6299_length_1016_cov_20.392585	557	637	3	11	80	0.1375000
NODE_6299_length_1016_cov_20.392585	633	713	3	9	80	0.1125000
NODE_6299_length_1016_cov_20.392585	633	713	6	7	80	0.0875000
NODE_6299_length_1016_cov_20.392585	633	713	7	7	80	0.0875000
NODE_6299_length_1016_cov_20.392585	633	713	8	57	80	0.7125000
NODE_6299_length_1016_cov_20.392585	686	766	6	8	80	0.1000000
NODE_6299_length_1016_cov_20.392585	686	766	7	38	80	0.4750000
NODE_6299_length_1016_cov_20.392585	686	766	8	34	80	0.4250000
NODE_6300_length_1016_cov_16.917121	524	604	5	2	80	0.0250000
NODE_6300_length_1016_cov_16.917121	524	604	6	2	80	0.0250000
NODE_6300_length_1016_cov_16.917121	524	604	7	22	80	0.2750000
NODE_6300_length_1016_cov_16.917121	524	604	8	54	80	0.6750000
NODE_6300_length_1016_cov_16.917121	577	657	1	1	80	0.0125000
NODE_6300_length_1016_cov_16.917121	577	657	2	13	80	0.1625000
NODE_6300_length_1016_cov_16.917121	577	657	3	18	80	0.2250000
NODE_6300_length_1016_cov_16.917121	577	657	5	6	80	0.0750000
NODE_6300_length_1016_cov_16.917121	577	657	7	37	80	0.4625000
NODE_6300_length_1016_cov_16.917121	577	657	8	5	80	0.0625000
NODE_6301_length_1016_cov_8.243184	438	518	0	2	80	0.0250000
NODE_6301_length_1016_cov_8.243184	438	518	2	75	80	0.9375000
NODE_6301_length_1016_cov_8.243184	438	518	3	3	80	0.0375000
NODE_6301_length_1016_cov_8.243184	491	571	0	55	80	0.6875000
NODE_6301_length_1016_cov_8.243184	491	571	2	25	80	0.3125000
NODE_6301_length_1016_cov_8.243184	567	647	0	80	80	1.0000000
NODE_6301_length_1016_cov_8.243184	620	700	0	80	80	1.0000000
NODE_6302_length_1016_cov_8.141767	166	256	0	1	90	0.0111111
NODE_6302_length_1016_cov_8.141767	166	256	2	1	90	0.0111111
NODE_6302_length_1016_cov_8.141767	166	256	4	14	90	0.1555556
NODE_6302_length_1016_cov_8.141767	166	256	6	7	90	0.0777778
NODE_6302_length_1016_cov_8.141767	166	256	7	3	90	0.0333333
NODE_6302_length_1016_cov_8.141767	166	256	8	54	90	0.6000000
NODE_6302_length_1016_cov_8.141767	166	256	9	10	90	0.1111111
NODE_6303_length_1016_cov_7.466739	576	656	0	23	80	0.2875000
NODE_6303_length_1016_cov_7.466739	576	656	1	57	80	0.7125000
NODE_6303_length_1016_cov_7.466739	629	709	0	76	80	0.9500000
NODE_6303_length_1016_cov_7.466739	629	709	1	4	80	0.0500000
NODE_6318_length_1015_cov_24.680131	459	539	1	23	80	0.2875000
NODE_6318_length_1015_cov_24.680131	459	539	3	52	80	0.6500000
NODE_6318_length_1015_cov_24.680131	459	539	5	5	80	0.0625000
NODE_6318_length_1015_cov_24.680131	512	592	3	22	80	0.2750000
NODE_6318_length_1015_cov_24.680131	512	592	5	6	80	0.0750000
NODE_6318_length_1015_cov_24.680131	512	592	6	52	80	0.6500000
NODE_6318_length_1015_cov_24.680131	588	668	5	27	80	0.3375000
NODE_6318_length_1015_cov_24.680131	588	668	6	23	80	0.2875000
NODE_6318_length_1015_cov_24.680131	588	668	7	30	80	0.3750000
NODE_6318_length_1015_cov_24.680131	641	721	4	31	80	0.3875000
NODE_6318_length_1015_cov_24.680131	641	721	5	8	80	0.1000000
NODE_6318_length_1015_cov_24.680131	641	721	6	2	80	0.0250000
NODE_6318_length_1015_cov_24.680131	641	721	7	39	80	0.4875000
NODE_6319_length_1015_cov_23.198690	407	487	1	2	80	0.0250000
NODE_6319_length_1015_cov_23.198690	407	487	3	8	80	0.1000000
NODE_6319_length_1015_cov_23.198690	407	487	5	45	80	0.5625000
NODE_6319_length_1015_cov_23.198690	407	487	6	25	80	0.3125000
NODE_6319_length_1015_cov_23.198690	460	540	0	12	80	0.1500000
NODE_6319_length_1015_cov_23.198690	460	540	1	43	80	0.5375000
NODE_6319_length_1015_cov_23.198690	460	540	3	8	80	0.1000000
NODE_6319_length_1015_cov_23.198690	460	540	5	17	80	0.2125000
NODE_6319_length_1015_cov_23.198690	536	616	1	20	80	0.2500000
NODE_6319_length_1015_cov_23.198690	536	616	3	19	80	0.2375000
NODE_6319_length_1015_cov_23.198690	536	616	4	41	80	0.5125000
NODE_6319_length_1015_cov_23.198690	589	669	3	63	80	0.7875000
NODE_6319_length_1015_cov_23.198690	589	669	4	17	80	0.2125000
NODE_6320_length_1015_cov_22.544760	490	570	5	2	80	0.0250000
NODE_6320_length_1015_cov_22.544760	490	570	6	5	80	0.0625000
NODE_6320_length_1015_cov_22.544760	490	570	7	12	80	0.1500000
NODE_6320_length_1015_cov_22.544760	490	570	8	8	80	0.1000000
NODE_6320_length_1015_cov_22.544760	490	570	9	19	80	0.2375000
NODE_6320_length_1015_cov_22.544760	490	570	10	34	80	0.4250000
NODE_6320_length_1015_cov_22.544760	543	623	1	30	80	0.3750000
NODE_6320_length_1015_cov_22.544760	543	623	3	2	80	0.0250000
NODE_6320_length_1015_cov_22.544760	543	623	4	21	80	0.2625000
NODE_6320_length_1015_cov_22.544760	543	623	5	2	80	0.0250000
NODE_6320_length_1015_cov_22.544760	543	623	6	5	80	0.0625000
NODE_6320_length_1015_cov_22.544760	543	623	7	12	80	0.1500000
NODE_6320_length_1015_cov_22.544760	543	623	9	8	80	0.1000000
NODE_6321_length_1015_cov_17.994541	510	590	7	1	80	0.0125000
NODE_6321_length_1015_cov_17.994541	510	590	8	6	80	0.0750000
NODE_6321_length_1015_cov_17.994541	510	590	9	22	80	0.2750000
NODE_6321_length_1015_cov_17.994541	510	590	11	18	80	0.2250000
NODE_6321_length_1015_cov_17.994541	510	590	12	33	80	0.4125000
NODE_6321_length_1015_cov_17.994541	563	643	8	6	80	0.0750000
NODE_6321_length_1015_cov_17.994541	563	643	9	29	80	0.3625000
NODE_6321_length_1015_cov_17.994541	563	643	10	19	80	0.2375000
NODE_6321_length_1015_cov_17.994541	563	643	11	5	80	0.0625000
NODE_6321_length_1015_cov_17.994541	563	643	12	21	80	0.2625000
NODE_6322_length_1015_cov_16.594978	437	517	1	29	80	0.3625000
NODE_6322_length_1015_cov_16.594978	437	517	2	51	80	0.6375000
NODE_6322_length_1015_cov_16.594978	490	570	1	77	80	0.9625000
NODE_6322_length_1015_cov_16.594978	490	570	2	3	80	0.0375000
NODE_6323_length_1015_cov_14.000000	505	585	2	17	80	0.2125000
NODE_6323_length_1015_cov_14.000000	505	585	4	9	80	0.1125000
NODE_6323_length_1015_cov_14.000000	505	585	6	54	80	0.6750000
NODE_6323_length_1015_cov_14.000000	558	638	4	10	80	0.1250000
NODE_6323_length_1015_cov_14.000000	558	638	5	11	80	0.1375000
NODE_6323_length_1015_cov_14.000000	558	638	6	59	80	0.7375000
NODE_6324_length_1015_cov_9.978166	345	425	0	41	80	0.5125000
NODE_6324_length_1015_cov_9.978166	345	425	1	39	80	0.4875000
NODE_6324_length_1015_cov_9.978166	398	478	0	80	80	1.0000000
NODE_6325_length_1015_cov_6.844978	393	473	0	14	80	0.1750000
NODE_6325_length_1015_cov_6.844978	393	473	2	66	80	0.8250000
NODE_6325_length_1015_cov_6.844978	446	526	0	38	80	0.4750000
NODE_6325_length_1015_cov_6.844978	446	526	2	42	80	0.5250000
NODE_6337_length_1014_cov_95.709290	259	335	2	15	76	0.1973684
NODE_6337_length_1014_cov_95.709290	259	335	3	40	76	0.5263158
NODE_6337_length_1014_cov_95.709290	259	335	4	11	76	0.1447368
NODE_6337_length_1014_cov_95.709290	259	335	5	10	76	0.1315790
NODE_6337_length_1014_cov_95.709290	310	390	2	3	80	0.0375000
NODE_6337_length_1014_cov_95.709290	310	390	3	1	80	0.0125000
NODE_6337_length_1014_cov_95.709290	310	390	4	11	80	0.1375000
NODE_6337_length_1014_cov_95.709290	310	390	5	10	80	0.1250000
NODE_6337_length_1014_cov_95.709290	310	390	6	42	80	0.5250000
NODE_6337_length_1014_cov_95.709290	310	390	7	8	80	0.1000000
NODE_6337_length_1014_cov_95.709290	310	390	8	5	80	0.0625000
NODE_6337_length_1014_cov_95.709290	386	466	3	3	80	0.0375000
NODE_6337_length_1014_cov_95.709290	386	466	5	2	80	0.0250000
NODE_6337_length_1014_cov_95.709290	386	466	6	4	80	0.0500000
NODE_6337_length_1014_cov_95.709290	386	466	8	58	80	0.7250000
NODE_6337_length_1014_cov_95.709290	386	466	9	13	80	0.1625000
NODE_6337_length_1014_cov_95.709290	439	519	2	34	80	0.4250000
NODE_6337_length_1014_cov_95.709290	439	519	3	22	80	0.2750000
NODE_6337_length_1014_cov_95.709290	439	519	5	2	80	0.0250000
NODE_6337_length_1014_cov_95.709290	439	519	6	4	80	0.0500000
NODE_6337_length_1014_cov_95.709290	439	519	8	18	80	0.2250000
NODE_6338_length_1014_cov_67.918033	182	262	2	32	80	0.4000000
NODE_6338_length_1014_cov_67.918033	182	262	3	2	80	0.0250000
NODE_6338_length_1014_cov_67.918033	182	262	4	5	80	0.0625000
NODE_6338_length_1014_cov_67.918033	182	262	5	29	80	0.3625000
NODE_6338_length_1014_cov_67.918033	182	262	6	8	80	0.1000000
NODE_6338_length_1014_cov_67.918033	182	262	9	4	80	0.0500000
NODE_6338_length_1014_cov_67.918033	235	315	5	15	80	0.1875000
NODE_6338_length_1014_cov_67.918033	235	315	6	8	80	0.1000000
NODE_6338_length_1014_cov_67.918033	235	315	9	9	80	0.1125000
NODE_6338_length_1014_cov_67.918033	235	315	11	11	80	0.1375000
NODE_6338_length_1014_cov_67.918033	235	315	12	19	80	0.2375000
NODE_6338_length_1014_cov_67.918033	235	315	13	18	80	0.2250000
NODE_6338_length_1014_cov_67.918033	311	391	12	11	80	0.1375000
NODE_6338_length_1014_cov_67.918033	311	391	14	8	80	0.1000000
NODE_6338_length_1014_cov_67.918033	311	391	15	12	80	0.1500000
NODE_6338_length_1014_cov_67.918033	311	391	16	11	80	0.1375000
NODE_6338_length_1014_cov_67.918033	311	391	18	8	80	0.1000000
NODE_6338_length_1014_cov_67.918033	311	391	19	10	80	0.1250000
NODE_6338_length_1014_cov_67.918033	311	391	20	9	80	0.1125000
NODE_6338_length_1014_cov_67.918033	311	391	21	11	80	0.1375000
NODE_6338_length_1014_cov_67.918033	364	444	11	9	80	0.1125000
NODE_6338_length_1014_cov_67.918033	364	444	13	15	80	0.1875000
NODE_6338_length_1014_cov_67.918033	364	444	14	2	80	0.0250000
NODE_6338_length_1014_cov_67.918033	364	444	15	1	80	0.0125000
NODE_6338_length_1014_cov_67.918033	364	444	16	9	80	0.1125000
NODE_6338_length_1014_cov_67.918033	364	444	19	12	80	0.1500000
NODE_6338_length_1014_cov_67.918033	364	444	20	12	80	0.1500000
NODE_6338_length_1014_cov_67.918033	364	444	21	20	80	0.2500000
NODE_6339_length_1014_cov_44.802186	418	498	8	13	80	0.1625000
NODE_6339_length_1014_cov_44.802186	418	498	9	13	80	0.1625000
NODE_6339_length_1014_cov_44.802186	418	498	10	35	80	0.4375000
NODE_6339_length_1014_cov_44.802186	418	498	12	13	80	0.1625000
NODE_6339_length_1014_cov_44.802186	418	498	13	6	80	0.0750000
NODE_6339_length_1014_cov_44.802186	471	551	5	2	80	0.0250000
NODE_6339_length_1014_cov_44.802186	471	551	7	8	80	0.1000000
NODE_6339_length_1014_cov_44.802186	471	551	9	9	80	0.1125000
NODE_6339_length_1014_cov_44.802186	471	551	10	24	80	0.3000000
NODE_6339_length_1014_cov_44.802186	471	551	11	7	80	0.0875000
NODE_6339_length_1014_cov_44.802186	471	551	12	15	80	0.1875000
NODE_6339_length_1014_cov_44.802186	471	551	13	15	80	0.1875000
NODE_6340_length_1014_cov_36.349727	369	449	5	12	80	0.1500000
NODE_6340_length_1014_cov_36.349727	369	449	6	37	80	0.4625000
NODE_6340_length_1014_cov_36.349727	369	449	7	24	80	0.3000000
NODE_6340_length_1014_cov_36.349727	369	449	9	6	80	0.0750000
NODE_6340_length_1014_cov_36.349727	369	449	10	1	80	0.0125000
NODE_6340_length_1014_cov_36.349727	422	502	5	12	80	0.1500000
NODE_6340_length_1014_cov_36.349727	422	502	6	8	80	0.1000000
NODE_6340_length_1014_cov_36.349727	422	502	9	14	80	0.1750000
NODE_6340_length_1014_cov_36.349727	422	502	10	42	80	0.5250000
NODE_6340_length_1014_cov_36.349727	422	502	11	3	80	0.0375000
NODE_6340_length_1014_cov_36.349727	422	502	12	1	80	0.0125000
NODE_6340_length_1014_cov_36.349727	498	578	9	32	80	0.4000000
NODE_6340_length_1014_cov_36.349727	498	578	11	41	80	0.5125000
NODE_6340_length_1014_cov_36.349727	498	578	12	7	80	0.0875000
NODE_6340_length_1014_cov_36.349727	551	631	3	37	80	0.4625000
NODE_6340_length_1014_cov_36.349727	551	631	6	2	80	0.0250000
NODE_6340_length_1014_cov_36.349727	551	631	8	7	80	0.0875000
NODE_6340_length_1014_cov_36.349727	551	631	9	8	80	0.1000000
NODE_6340_length_1014_cov_36.349727	551	631	11	26	80	0.3250000
NODE_6341_length_1014_cov_35.547541	363	441	8	7	78	0.0897436
NODE_6341_length_1014_cov_35.547541	363	441	9	8	78	0.1025641
NODE_6341_length_1014_cov_35.547541	363	441	10	9	78	0.1153846
NODE_6341_length_1014_cov_35.547541	363	441	11	3	78	0.0384615
NODE_6341_length_1014_cov_35.547541	363	441	12	14	78	0.1794872
NODE_6341_length_1014_cov_35.547541	363	441	13	37	78	0.4743590
NODE_6341_length_1014_cov_35.547541	416	494	11	3	78	0.0384615
NODE_6341_length_1014_cov_35.547541	416	494	12	13	78	0.1666667
NODE_6341_length_1014_cov_35.547541	416	494	13	28	78	0.3589744
NODE_6341_length_1014_cov_35.547541	416	494	14	22	78	0.2820513
NODE_6341_length_1014_cov_35.547541	416	494	15	12	78	0.1538462
NODE_6342_length_1014_cov_32.266667	428	508	8	24	80	0.3000000
NODE_6342_length_1014_cov_32.266667	428	508	9	12	80	0.1500000
NODE_6342_length_1014_cov_32.266667	428	508	10	19	80	0.2375000
NODE_6342_length_1014_cov_32.266667	428	508	11	25	80	0.3125000
NODE_6342_length_1014_cov_32.266667	481	561	2	8	80	0.1000000
NODE_6342_length_1014_cov_32.266667	481	561	4	10	80	0.1250000
NODE_6342_length_1014_cov_32.266667	481	561	6	1	80	0.0125000
NODE_6342_length_1014_cov_32.266667	481	561	8	17	80	0.2125000
NODE_6342_length_1014_cov_32.266667	481	561	10	44	80	0.5500000
NODE_6343_length_1014_cov_28.493989	480	560	1	1	80	0.0125000
NODE_6343_length_1014_cov_28.493989	480	560	2	55	80	0.6875000
NODE_6343_length_1014_cov_28.493989	480	560	3	24	80	0.3000000
NODE_6343_length_1014_cov_28.493989	533	613	2	3	80	0.0375000
NODE_6343_length_1014_cov_28.493989	533	613	3	49	80	0.6125000
NODE_6343_length_1014_cov_28.493989	533	613	4	13	80	0.1625000
NODE_6343_length_1014_cov_28.493989	533	613	5	15	80	0.1875000
NODE_6343_length_1014_cov_28.493989	609	689	2	3	80	0.0375000
NODE_6343_length_1014_cov_28.493989	609	689	3	55	80	0.6875000
NODE_6343_length_1014_cov_28.493989	609	689	4	22	80	0.2750000
NODE_6343_length_1014_cov_28.493989	662	742	0	5	80	0.0625000
NODE_6343_length_1014_cov_28.493989	662	742	1	2	80	0.0250000
NODE_6343_length_1014_cov_28.493989	662	742	2	49	80	0.6125000
NODE_6343_length_1014_cov_28.493989	662	742	3	24	80	0.3000000
NODE_6344_length_1014_cov_25.171585	500	580	6	8	80	0.1000000
NODE_6344_length_1014_cov_25.171585	500	580	8	10	80	0.1250000
NODE_6344_length_1014_cov_25.171585	500	580	10	55	80	0.6875000
NODE_6344_length_1014_cov_25.171585	500	580	11	7	80	0.0875000
NODE_6344_length_1014_cov_25.171585	553	633	4	15	80	0.1875000
NODE_6344_length_1014_cov_25.171585	553	633	5	4	80	0.0500000
NODE_6344_length_1014_cov_25.171585	553	633	7	2	80	0.0250000
NODE_6344_length_1014_cov_25.171585	553	633	8	31	80	0.3875000
NODE_6344_length_1014_cov_25.171585	553	633	10	21	80	0.2625000
NODE_6344_length_1014_cov_25.171585	553	633	11	7	80	0.0875000
NODE_6345_length_1014_cov_22.437158	534	614	6	14	80	0.1750000
NODE_6345_length_1014_cov_22.437158	534	614	7	21	80	0.2625000
NODE_6345_length_1014_cov_22.437158	534	614	8	17	80	0.2125000
NODE_6345_length_1014_cov_22.437158	534	614	10	23	80	0.2875000
NODE_6345_length_1014_cov_22.437158	534	614	11	5	80	0.0625000
NODE_6345_length_1014_cov_22.437158	587	667	8	1	80	0.0125000
NODE_6345_length_1014_cov_22.437158	587	667	9	8	80	0.1000000
NODE_6345_length_1014_cov_22.437158	587	667	10	22	80	0.2750000
NODE_6345_length_1014_cov_22.437158	587	667	11	49	80	0.6125000
NODE_6346_length_1014_cov_19.238251	379	459	0	11	80	0.1375000
NODE_6346_length_1014_cov_19.238251	379	459	1	56	80	0.7000000
NODE_6346_length_1014_cov_19.238251	379	459	2	13	80	0.1625000
NODE_6346_length_1014_cov_19.238251	432	512	1	14	80	0.1750000
NODE_6346_length_1014_cov_19.238251	432	512	2	13	80	0.1625000
NODE_6346_length_1014_cov_19.238251	432	512	3	9	80	0.1125000
NODE_6346_length_1014_cov_19.238251	432	512	4	30	80	0.3750000
NODE_6346_length_1014_cov_19.238251	432	512	5	14	80	0.1750000
NODE_6346_length_1014_cov_19.238251	508	585	4	77	77	1.0000000
NODE_6346_length_1014_cov_19.238251	558	638	1	23	80	0.2875000
NODE_6346_length_1014_cov_19.238251	558	638	2	9	80	0.1125000
NODE_6346_length_1014_cov_19.238251	558	638	3	13	80	0.1625000
NODE_6346_length_1014_cov_19.238251	558	638	4	35	80	0.4375000
NODE_6347_length_1014_cov_15.926776	594	674	2	3	80	0.0375000
NODE_6347_length_1014_cov_15.926776	594	674	3	3	80	0.0375000
NODE_6347_length_1014_cov_15.926776	594	674	5	6	80	0.0750000
NODE_6347_length_1014_cov_15.926776	594	674	6	3	80	0.0375000
NODE_6347_length_1014_cov_15.926776	594	674	8	2	80	0.0250000
NODE_6347_length_1014_cov_15.926776	594	674	9	8	80	0.1000000
NODE_6347_length_1014_cov_15.926776	594	674	10	3	80	0.0375000
NODE_6347_length_1014_cov_15.926776	594	674	11	7	80	0.0875000
NODE_6347_length_1014_cov_15.926776	594	674	13	10	80	0.1250000
NODE_6347_length_1014_cov_15.926776	594	674	14	35	80	0.4375000
NODE_6347_length_1014_cov_15.926776	647	727	13	19	80	0.2375000
NODE_6347_length_1014_cov_15.926776	647	727	14	47	80	0.5875000
NODE_6347_length_1014_cov_15.926776	647	727	15	14	80	0.1750000
NODE_6348_length_1014_cov_8.691803	285	365	1	1	80	0.0125000
NODE_6348_length_1014_cov_8.691803	285	365	2	20	80	0.2500000
NODE_6348_length_1014_cov_8.691803	285	365	4	59	80	0.7375000
NODE_6348_length_1014_cov_8.691803	338	418	2	27	80	0.3375000
NODE_6348_length_1014_cov_8.691803	338	418	4	53	80	0.6625000
NODE_6349_length_1014_cov_7.959563	531	611	1	32	80	0.4000000
NODE_6349_length_1014_cov_7.959563	531	611	2	48	80	0.6000000
NODE_6349_length_1014_cov_7.959563	584	664	1	9	80	0.1125000
NODE_6349_length_1014_cov_7.959563	584	664	2	71	80	0.8875000
NODE_6351_length_1014_cov_7.608743	298	378	0	12	80	0.1500000
NODE_6351_length_1014_cov_7.608743	298	378	2	68	80	0.8500000
NODE_6351_length_1014_cov_7.608743	351	431	0	36	80	0.4500000
NODE_6351_length_1014_cov_7.608743	351	431	2	44	80	0.5500000
NODE_6352_length_1014_cov_6.209836	321	401	1	13	80	0.1625000
NODE_6352_length_1014_cov_6.209836	321	401	2	67	80	0.8375000
NODE_6352_length_1014_cov_6.209836	374	454	1	42	80	0.5250000
NODE_6352_length_1014_cov_6.209836	374	454	2	38	80	0.4750000
NODE_6364_length_1013_cov_32.695842	423	503	0	22	80	0.2750000
NODE_6364_length_1013_cov_32.695842	423	503	1	43	80	0.5375000
NODE_6364_length_1013_cov_32.695842	423	503	2	15	80	0.1875000
NODE_6364_length_1013_cov_32.695842	476	556	1	12	80	0.1500000
NODE_6364_length_1013_cov_32.695842	476	556	2	36	80	0.4500000
NODE_6364_length_1013_cov_32.695842	476	556	3	22	80	0.2750000
NODE_6364_length_1013_cov_32.695842	476	556	4	6	80	0.0750000
NODE_6364_length_1013_cov_32.695842	476	556	5	4	80	0.0500000
NODE_6364_length_1013_cov_32.695842	552	632	5	10	80	0.1250000
NODE_6364_length_1013_cov_32.695842	552	632	6	17	80	0.2125000
NODE_6364_length_1013_cov_32.695842	552	632	9	19	80	0.2375000
NODE_6364_length_1013_cov_32.695842	552	632	10	7	80	0.0875000
NODE_6364_length_1013_cov_32.695842	552	632	11	7	80	0.0875000
NODE_6364_length_1013_cov_32.695842	552	632	12	20	80	0.2500000
NODE_6364_length_1013_cov_32.695842	605	685	8	10	80	0.1250000
NODE_6364_length_1013_cov_32.695842	605	685	10	1	80	0.0125000
NODE_6364_length_1013_cov_32.695842	605	685	11	43	80	0.5375000
NODE_6364_length_1013_cov_32.695842	605	685	12	26	80	0.3250000
NODE_6365_length_1013_cov_21.935449	424	503	0	79	79	1.0000000
NODE_6365_length_1013_cov_21.935449	476	556	0	80	80	1.0000000
NODE_6366_length_1013_cov_17.532823	440	520	1	3	80	0.0375000
NODE_6366_length_1013_cov_17.532823	440	520	2	6	80	0.0750000
NODE_6366_length_1013_cov_17.532823	440	520	5	1	80	0.0125000
NODE_6366_length_1013_cov_17.532823	440	520	6	4	80	0.0500000
NODE_6366_length_1013_cov_17.532823	440	520	8	44	80	0.5500000
NODE_6366_length_1013_cov_17.532823	440	520	9	10	80	0.1250000
NODE_6366_length_1013_cov_17.532823	440	520	10	12	80	0.1500000
NODE_6366_length_1013_cov_17.532823	493	573	8	5	80	0.0625000
NODE_6366_length_1013_cov_17.532823	493	573	9	10	80	0.1250000
NODE_6366_length_1013_cov_17.532823	493	573	10	21	80	0.2625000
NODE_6366_length_1013_cov_17.532823	493	573	11	26	80	0.3250000
NODE_6366_length_1013_cov_17.532823	493	573	12	18	80	0.2250000
NODE_6367_length_1013_cov_14.555799	478	558	3	19	80	0.2375000
NODE_6367_length_1013_cov_14.555799	478	558	4	8	80	0.1000000
NODE_6367_length_1013_cov_14.555799	478	558	5	53	80	0.6625000
NODE_6367_length_1013_cov_14.555799	531	611	3	33	80	0.4125000
NODE_6367_length_1013_cov_14.555799	531	611	4	4	80	0.0500000
NODE_6367_length_1013_cov_14.555799	531	611	5	8	80	0.1000000
NODE_6367_length_1013_cov_14.555799	531	611	6	35	80	0.4375000
NODE_6368_length_1013_cov_13.142232	476	556	6	2	80	0.0250000
NODE_6368_length_1013_cov_13.142232	476	556	7	11	80	0.1375000
NODE_6368_length_1013_cov_13.142232	476	556	8	3	80	0.0375000
NODE_6368_length_1013_cov_13.142232	476	556	9	3	80	0.0375000
NODE_6368_length_1013_cov_13.142232	476	556	10	1	80	0.0125000
NODE_6368_length_1013_cov_13.142232	476	556	11	5	80	0.0625000
NODE_6368_length_1013_cov_13.142232	476	556	12	21	80	0.2625000
NODE_6368_length_1013_cov_13.142232	476	556	13	34	80	0.4250000
NODE_6368_length_1013_cov_13.142232	529	609	9	38	80	0.4750000
NODE_6368_length_1013_cov_13.142232	529	609	10	1	80	0.0125000
NODE_6368_length_1013_cov_13.142232	529	609	11	5	80	0.0625000
NODE_6368_length_1013_cov_13.142232	529	609	12	25	80	0.3125000
NODE_6368_length_1013_cov_13.142232	529	609	13	11	80	0.1375000
NODE_6369_length_1013_cov_7.756018	538	618	0	37	80	0.4625000
NODE_6369_length_1013_cov_7.756018	538	618	1	1	80	0.0125000
NODE_6369_length_1013_cov_7.756018	538	618	2	42	80	0.5250000
NODE_6369_length_1013_cov_7.756018	591	671	2	80	80	1.0000000
NODE_6371_length_1013_cov_4.368709	550	630	3	6	80	0.0750000
NODE_6371_length_1013_cov_4.368709	550	630	4	23	80	0.2875000
NODE_6371_length_1013_cov_4.368709	550	630	5	51	80	0.6375000
NODE_6371_length_1013_cov_4.368709	603	683	2	43	80	0.5375000
NODE_6371_length_1013_cov_4.368709	603	683	3	16	80	0.2000000
NODE_6371_length_1013_cov_4.368709	603	683	4	21	80	0.2625000
NODE_6380_length_1012_cov_91.547645	378	458	4	1	80	0.0125000
NODE_6380_length_1012_cov_91.547645	378	458	5	13	80	0.1625000
NODE_6380_length_1012_cov_91.547645	378	458	6	4	80	0.0500000
NODE_6380_length_1012_cov_91.547645	378	458	7	7	80	0.0875000
NODE_6380_length_1012_cov_91.547645	378	458	8	34	80	0.4250000
NODE_6380_length_1012_cov_91.547645	378	458	9	21	80	0.2625000
NODE_6380_length_1012_cov_91.547645	431	511	7	3	80	0.0375000
NODE_6380_length_1012_cov_91.547645	431	511	8	3	80	0.0375000
NODE_6380_length_1012_cov_91.547645	431	511	9	28	80	0.3500000
NODE_6380_length_1012_cov_91.547645	431	511	10	27	80	0.3375000
NODE_6380_length_1012_cov_91.547645	431	511	11	5	80	0.0625000
NODE_6380_length_1012_cov_91.547645	431	511	12	14	80	0.1750000
NODE_6380_length_1012_cov_91.547645	507	587	8	13	80	0.1625000
NODE_6380_length_1012_cov_91.547645	507	587	9	2	80	0.0250000
NODE_6380_length_1012_cov_91.547645	507	587	10	16	80	0.2000000
NODE_6380_length_1012_cov_91.547645	507	587	11	21	80	0.2625000
NODE_6380_length_1012_cov_91.547645	507	587	12	8	80	0.1000000
NODE_6380_length_1012_cov_91.547645	507	587	13	13	80	0.1625000
NODE_6380_length_1012_cov_91.547645	507	587	14	7	80	0.0875000
NODE_6380_length_1012_cov_91.547645	560	640	8	29	80	0.3625000
NODE_6380_length_1012_cov_91.547645	560	640	10	23	80	0.2875000
NODE_6380_length_1012_cov_91.547645	560	640	11	28	80	0.3500000
NODE_6381_length_1012_cov_64.409639	345	425	6	4	80	0.0500000
NODE_6381_length_1012_cov_64.409639	345	425	8	7	80	0.0875000
NODE_6381_length_1012_cov_64.409639	345	425	9	1	80	0.0125000
NODE_6381_length_1012_cov_64.409639	345	425	10	4	80	0.0500000
NODE_6381_length_1012_cov_64.409639	345	425	12	8	80	0.1000000
NODE_6381_length_1012_cov_64.409639	345	425	14	5	80	0.0625000
NODE_6381_length_1012_cov_64.409639	345	425	15	3	80	0.0375000
NODE_6381_length_1012_cov_64.409639	345	425	17	5	80	0.0625000
NODE_6381_length_1012_cov_64.409639	345	425	18	11	80	0.1375000
NODE_6381_length_1012_cov_64.409639	345	425	19	8	80	0.1000000
NODE_6381_length_1012_cov_64.409639	345	425	20	20	80	0.2500000
NODE_6381_length_1012_cov_64.409639	345	425	21	2	80	0.0250000
NODE_6381_length_1012_cov_64.409639	345	425	23	2	80	0.0250000
NODE_6381_length_1012_cov_64.409639	398	478	19	3	80	0.0375000
NODE_6381_length_1012_cov_64.409639	398	478	20	27	80	0.3375000
NODE_6381_length_1012_cov_64.409639	398	478	21	12	80	0.1500000
NODE_6381_length_1012_cov_64.409639	398	478	22	21	80	0.2625000
NODE_6381_length_1012_cov_64.409639	398	478	23	17	80	0.2125000
NODE_6382_length_1012_cov_63.035049	438	518	17	26	80	0.3250000
NODE_6382_length_1012_cov_63.035049	438	518	18	3	80	0.0375000
NODE_6382_length_1012_cov_63.035049	438	518	19	7	80	0.0875000
NODE_6382_length_1012_cov_63.035049	438	518	20	10	80	0.1250000
NODE_6382_length_1012_cov_63.035049	438	518	21	16	80	0.2000000
NODE_6382_length_1012_cov_63.035049	438	518	23	18	80	0.2250000
NODE_6382_length_1012_cov_63.035049	491	571	5	13	80	0.1625000
NODE_6382_length_1012_cov_63.035049	491	571	6	4	80	0.0500000
NODE_6382_length_1012_cov_63.035049	491	571	7	1	80	0.0125000
NODE_6382_length_1012_cov_63.035049	491	571	8	4	80	0.0500000
NODE_6382_length_1012_cov_63.035049	491	571	10	2	80	0.0250000
NODE_6382_length_1012_cov_63.035049	491	571	12	7	80	0.0875000
NODE_6382_length_1012_cov_63.035049	491	571	13	8	80	0.1000000
NODE_6382_length_1012_cov_63.035049	491	571	15	7	80	0.0875000
NODE_6382_length_1012_cov_63.035049	491	571	17	8	80	0.1000000
NODE_6382_length_1012_cov_63.035049	491	571	18	3	80	0.0375000
NODE_6382_length_1012_cov_63.035049	491	571	19	2	80	0.0250000
NODE_6382_length_1012_cov_63.035049	491	571	21	3	80	0.0375000
NODE_6382_length_1012_cov_63.035049	491	571	23	18	80	0.2250000
NODE_6383_length_1012_cov_53.686747	276	356	7	4	80	0.0500000
NODE_6383_length_1012_cov_53.686747	276	356	8	12	80	0.1500000
NODE_6383_length_1012_cov_53.686747	276	356	9	5	80	0.0625000
NODE_6383_length_1012_cov_53.686747	276	356	10	42	80	0.5250000
NODE_6383_length_1012_cov_53.686747	276	356	11	17	80	0.2125000
NODE_6383_length_1012_cov_53.686747	329	409	7	12	80	0.1500000
NODE_6383_length_1012_cov_53.686747	329	409	8	12	80	0.1500000
NODE_6383_length_1012_cov_53.686747	329	409	9	6	80	0.0750000
NODE_6383_length_1012_cov_53.686747	329	409	10	2	80	0.0250000
NODE_6383_length_1012_cov_53.686747	329	409	11	31	80	0.3875000
NODE_6383_length_1012_cov_53.686747	329	409	12	17	80	0.2125000
NODE_6383_length_1012_cov_53.686747	405	485	5	10	80	0.1250000
NODE_6383_length_1012_cov_53.686747	405	485	7	25	80	0.3125000
NODE_6383_length_1012_cov_53.686747	405	485	8	45	80	0.5625000
NODE_6383_length_1012_cov_53.686747	458	538	4	34	80	0.4250000
NODE_6383_length_1012_cov_53.686747	458	538	5	24	80	0.3000000
NODE_6383_length_1012_cov_53.686747	458	538	6	5	80	0.0625000
NODE_6383_length_1012_cov_53.686747	458	538	7	7	80	0.0875000
NODE_6383_length_1012_cov_53.686747	458	538	8	10	80	0.1250000
NODE_6384_length_1012_cov_35.861993	453	533	0	80	80	1.0000000
NODE_6384_length_1012_cov_35.861993	506	581	0	75	75	1.0000000
NODE_6385_length_1012_cov_16.125958	510	590	3	19	80	0.2375000
NODE_6385_length_1012_cov_16.125958	510	590	4	61	80	0.7625000
NODE_6385_length_1012_cov_16.125958	563	643	3	11	80	0.1375000
NODE_6385_length_1012_cov_16.125958	563	643	4	69	80	0.8625000
NODE_6386_length_1012_cov_15.395400	501	581	1	76	80	0.9500000
NODE_6386_length_1012_cov_15.395400	501	581	2	4	80	0.0500000
NODE_6386_length_1012_cov_15.395400	554	634	1	80	80	1.0000000
NODE_6388_length_1012_cov_6.409639	528	608	0	80	80	1.0000000
NODE_6388_length_1012_cov_6.409639	581	661	0	80	80	1.0000000
NODE_6398_length_1011_cov_53.032895	515	595	3	8	80	0.1000000
NODE_6398_length_1011_cov_53.032895	515	595	4	10	80	0.1250000
NODE_6398_length_1011_cov_53.032895	515	595	5	56	80	0.7000000
NODE_6398_length_1011_cov_53.032895	515	595	6	6	80	0.0750000
NODE_6398_length_1011_cov_53.032895	568	648	4	23	80	0.2875000
NODE_6398_length_1011_cov_53.032895	568	648	5	47	80	0.5875000
NODE_6398_length_1011_cov_53.032895	568	648	6	10	80	0.1250000
NODE_6399_length_1011_cov_25.838816	366	446	5	20	80	0.2500000
NODE_6399_length_1011_cov_25.838816	366	446	7	29	80	0.3625000
NODE_6399_length_1011_cov_25.838816	366	446	9	31	80	0.3875000
NODE_6399_length_1011_cov_25.838816	419	499	3	16	80	0.2000000
NODE_6399_length_1011_cov_25.838816	419	499	5	9	80	0.1125000
NODE_6399_length_1011_cov_25.838816	419	499	6	16	80	0.2000000
NODE_6399_length_1011_cov_25.838816	419	499	7	20	80	0.2500000
NODE_6399_length_1011_cov_25.838816	419	499	9	19	80	0.2375000
NODE_6400_length_1011_cov_22.734649	426	506	1	76	80	0.9500000
NODE_6400_length_1011_cov_22.734649	426	506	2	4	80	0.0500000
NODE_6400_length_1011_cov_22.734649	479	559	0	14	80	0.1750000
NODE_6400_length_1011_cov_22.734649	479	559	1	58	80	0.7250000
NODE_6400_length_1011_cov_22.734649	479	559	2	8	80	0.1000000
NODE_6400_length_1011_cov_22.734649	555	636	2	20	81	0.2469136
NODE_6400_length_1011_cov_22.734649	555	636	4	35	81	0.4320988
NODE_6400_length_1011_cov_22.734649	555	636	5	26	81	0.3209876
NODE_6400_length_1011_cov_22.734649	609	689	3	12	80	0.1500000
NODE_6400_length_1011_cov_22.734649	609	689	4	1	80	0.0125000
NODE_6400_length_1011_cov_22.734649	609	689	5	67	80	0.8375000
NODE_6401_length_1011_cov_18.127193	389	469	0	40	80	0.5000000
NODE_6401_length_1011_cov_18.127193	389	469	2	2	80	0.0250000
NODE_6401_length_1011_cov_18.127193	389	469	3	12	80	0.1500000
NODE_6401_length_1011_cov_18.127193	389	469	5	21	80	0.2625000
NODE_6401_length_1011_cov_18.127193	389	469	7	5	80	0.0625000
NODE_6401_length_1011_cov_18.127193	442	520	3	1	78	0.0128205
NODE_6401_length_1011_cov_18.127193	442	520	5	21	78	0.2692308
NODE_6401_length_1011_cov_18.127193	442	520	7	56	78	0.7179487
NODE_6401_length_1011_cov_18.127193	516	596	0	3	80	0.0375000
NODE_6401_length_1011_cov_18.127193	516	596	2	12	80	0.1500000
NODE_6401_length_1011_cov_18.127193	516	596	3	7	80	0.0875000
NODE_6401_length_1011_cov_18.127193	516	596	5	42	80	0.5250000
NODE_6401_length_1011_cov_18.127193	516	596	7	16	80	0.2000000
NODE_6401_length_1011_cov_18.127193	569	649	0	56	80	0.7000000
NODE_6401_length_1011_cov_18.127193	569	649	2	12	80	0.1500000
NODE_6401_length_1011_cov_18.127193	569	649	3	7	80	0.0875000
NODE_6401_length_1011_cov_18.127193	569	649	5	5	80	0.0625000
NODE_6402_length_1011_cov_12.709430	309	389	2	20	80	0.2500000
NODE_6402_length_1011_cov_12.709430	309	389	3	12	80	0.1500000
NODE_6402_length_1011_cov_12.709430	309	389	4	45	80	0.5625000
NODE_6402_length_1011_cov_12.709430	309	389	5	3	80	0.0375000
NODE_6402_length_1011_cov_12.709430	362	442	3	1	80	0.0125000
NODE_6402_length_1011_cov_12.709430	362	442	4	42	80	0.5250000
NODE_6402_length_1011_cov_12.709430	362	442	5	37	80	0.4625000
NODE_6403_length_1011_cov_8.731360	441	521	3	17	80	0.2125000
NODE_6403_length_1011_cov_8.731360	441	521	5	63	80	0.7875000
NODE_6403_length_1011_cov_8.731360	494	574	4	34	80	0.4250000
NODE_6403_length_1011_cov_8.731360	494	574	5	46	80	0.5750000
NODE_6405_length_1011_cov_7.212719	219	299	3	19	80	0.2375000
NODE_6405_length_1011_cov_7.212719	219	299	4	61	80	0.7625000
NODE_6408_length_1011_cov_3.569079	173	253	0	26	80	0.3250000
NODE_6408_length_1011_cov_3.569079	173	253	3	25	80	0.3125000
NODE_6408_length_1011_cov_3.569079	173	253	6	29	80	0.3625000
NODE_6408_length_1011_cov_3.569079	226	306	6	76	80	0.9500000
NODE_6408_length_1011_cov_3.569079	226	306	7	4	80	0.0500000
NODE_6409_length_1011_cov_1.703947	779	851	0	15	72	0.2083333
NODE_6409_length_1011_cov_1.703947	779	851	1	4	72	0.0555556
NODE_6409_length_1011_cov_1.703947	779	851	3	8	72	0.1111111
NODE_6409_length_1011_cov_1.703947	779	851	5	8	72	0.1111111
NODE_6409_length_1011_cov_1.703947	779	851	7	18	72	0.2500000
NODE_6409_length_1011_cov_1.703947	779	851	9	19	72	0.2638889
NODE_6416_length_1010_cov_51.841932	335	415	4	1	80	0.0125000
NODE_6416_length_1010_cov_51.841932	335	415	5	37	80	0.4625000
NODE_6416_length_1010_cov_51.841932	335	415	6	42	80	0.5250000
NODE_6416_length_1010_cov_51.841932	388	468	4	5	80	0.0625000
NODE_6416_length_1010_cov_51.841932	388	468	5	70	80	0.8750000
NODE_6416_length_1010_cov_51.841932	388	468	6	5	80	0.0625000
NODE_6417_length_1010_cov_35.860593	576	656	2	60	80	0.7500000
NODE_6417_length_1010_cov_35.860593	576	656	6	20	80	0.2500000
NODE_6417_length_1010_cov_35.860593	629	709	0	28	80	0.3500000
NODE_6417_length_1010_cov_35.860593	629	709	1	11	80	0.1375000
NODE_6417_length_1010_cov_35.860593	629	709	2	41	80	0.5125000
NODE_6418_length_1010_cov_30.043908	509	589	3	60	80	0.7500000
NODE_6418_length_1010_cov_30.043908	509	589	5	6	80	0.0750000
NODE_6418_length_1010_cov_30.043908	509	589	6	14	80	0.1750000
NODE_6418_length_1010_cov_30.043908	562	642	3	7	80	0.0875000
NODE_6418_length_1010_cov_30.043908	562	642	4	5	80	0.0625000
NODE_6418_length_1010_cov_30.043908	562	642	5	13	80	0.1625000
NODE_6418_length_1010_cov_30.043908	562	642	6	43	80	0.5375000
NODE_6418_length_1010_cov_30.043908	562	642	7	12	80	0.1500000
NODE_6418_length_1010_cov_30.043908	638	718	4	12	80	0.1500000
NODE_6418_length_1010_cov_30.043908	638	718	5	30	80	0.3750000
NODE_6418_length_1010_cov_30.043908	638	718	6	7	80	0.0875000
NODE_6418_length_1010_cov_30.043908	638	718	7	31	80	0.3875000
NODE_6418_length_1010_cov_30.043908	691	771	5	31	80	0.3875000
NODE_6418_length_1010_cov_30.043908	691	771	6	15	80	0.1875000
NODE_6418_length_1010_cov_30.043908	691	771	7	34	80	0.4250000
NODE_6420_length_1010_cov_15.156970	364	444	1	80	80	1.0000000
NODE_6420_length_1010_cov_15.156970	417	497	0	1	80	0.0125000
NODE_6420_length_1010_cov_15.156970	417	497	1	79	80	0.9875000
NODE_6421_length_1010_cov_13.546652	385	465	2	38	80	0.4750000
NODE_6421_length_1010_cov_13.546652	385	465	3	42	80	0.5250000
NODE_6421_length_1010_cov_13.546652	438	518	1	39	80	0.4875000
NODE_6421_length_1010_cov_13.546652	438	518	2	34	80	0.4250000
NODE_6421_length_1010_cov_13.546652	438	518	3	7	80	0.0875000
NODE_6422_length_1010_cov_13.317234	480	560	3	31	80	0.3875000
NODE_6422_length_1010_cov_13.317234	480	560	4	49	80	0.6125000
NODE_6422_length_1010_cov_13.317234	533	613	1	3	80	0.0375000
NODE_6422_length_1010_cov_13.317234	533	613	2	27	80	0.3375000
NODE_6422_length_1010_cov_13.317234	533	613	4	50	80	0.6250000
NODE_6423_length_1010_cov_12.900110	427	507	6	20	80	0.2500000
NODE_6423_length_1010_cov_12.900110	427	507	7	19	80	0.2375000
NODE_6423_length_1010_cov_12.900110	427	507	8	2	80	0.0250000
NODE_6423_length_1010_cov_12.900110	427	507	10	39	80	0.4875000
NODE_6423_length_1010_cov_12.900110	480	560	9	14	80	0.1750000
NODE_6423_length_1010_cov_12.900110	480	560	10	66	80	0.8250000
NODE_6424_length_1010_cov_11.423710	631	711	0	9	80	0.1125000
NODE_6424_length_1010_cov_11.423710	631	711	2	71	80	0.8875000
NODE_6424_length_1010_cov_11.423710	684	764	0	62	80	0.7750000
NODE_6424_length_1010_cov_11.423710	684	764	2	18	80	0.2250000
NODE_6425_length_1010_cov_11.256861	492	572	0	16	80	0.2000000
NODE_6425_length_1010_cov_11.256861	492	572	1	11	80	0.1375000
NODE_6425_length_1010_cov_11.256861	492	572	2	53	80	0.6625000
NODE_6425_length_1010_cov_11.256861	545	625	2	80	80	1.0000000
NODE_6426_length_1010_cov_11.000000	455	535	2	16	80	0.2000000
NODE_6426_length_1010_cov_11.000000	455	535	3	55	80	0.6875000
NODE_6426_length_1010_cov_11.000000	455	535	4	9	80	0.1125000
NODE_6426_length_1010_cov_11.000000	508	588	2	61	80	0.7625000
NODE_6426_length_1010_cov_11.000000	508	588	3	17	80	0.2125000
NODE_6426_length_1010_cov_11.000000	508	588	4	2	80	0.0250000
NODE_6428_length_1010_cov_4.990121	476	556	0	80	80	1.0000000
NODE_6428_length_1010_cov_4.990121	529	609	0	80	80	1.0000000
NODE_6430_length_1010_cov_4.892426	476	556	2	1	80	0.0125000
NODE_6430_length_1010_cov_4.892426	476	556	3	9	80	0.1125000
NODE_6430_length_1010_cov_4.892426	476	556	4	21	80	0.2625000
NODE_6430_length_1010_cov_4.892426	476	556	5	22	80	0.2750000
NODE_6430_length_1010_cov_4.892426	476	556	6	27	80	0.3375000
NODE_6430_length_1010_cov_4.892426	529	609	4	6	80	0.0750000
NODE_6430_length_1010_cov_4.892426	529	609	6	74	80	0.9250000
NODE_6431_length_1010_cov_3.624588	157	196	0	39	39	1.0000000
NODE_6435_length_1010_cov_1.440176	1	58	0	57	57	1.0000000
NODE_6436_length_1009_cov_44.626374	288	362	2	14	74	0.1891892
NODE_6436_length_1009_cov_44.626374	288	362	3	29	74	0.3918919
NODE_6436_length_1009_cov_44.626374	288	362	5	31	74	0.4189189
NODE_6436_length_1009_cov_44.626374	335	415	5	45	80	0.5625000
NODE_6436_length_1009_cov_44.626374	335	415	6	9	80	0.1125000
NODE_6436_length_1009_cov_44.626374	335	415	7	9	80	0.1125000
NODE_6436_length_1009_cov_44.626374	335	415	9	1	80	0.0125000
NODE_6436_length_1009_cov_44.626374	335	415	11	9	80	0.1125000
NODE_6436_length_1009_cov_44.626374	335	415	12	5	80	0.0625000
NODE_6436_length_1009_cov_44.626374	335	415	14	2	80	0.0250000
NODE_6436_length_1009_cov_44.626374	411	491	12	2	80	0.0250000
NODE_6436_length_1009_cov_44.626374	411	491	14	24	80	0.3000000
NODE_6436_length_1009_cov_44.626374	411	491	15	20	80	0.2500000
NODE_6436_length_1009_cov_44.626374	411	491	16	28	80	0.3500000
NODE_6436_length_1009_cov_44.626374	411	491	17	6	80	0.0750000
NODE_6436_length_1009_cov_44.626374	464	544	9	2	80	0.0250000
NODE_6436_length_1009_cov_44.626374	464	544	10	2	80	0.0250000
NODE_6436_length_1009_cov_44.626374	464	544	11	5	80	0.0625000
NODE_6436_length_1009_cov_44.626374	464	544	12	4	80	0.0500000
NODE_6436_length_1009_cov_44.626374	464	544	15	15	80	0.1875000
NODE_6436_length_1009_cov_44.626374	464	544	16	52	80	0.6500000
NODE_6437_length_1009_cov_31.828571	412	492	7	9	80	0.1125000
NODE_6437_length_1009_cov_31.828571	412	492	9	28	80	0.3500000
NODE_6437_length_1009_cov_31.828571	412	492	10	43	80	0.5375000
NODE_6437_length_1009_cov_31.828571	465	545	2	4	80	0.0500000
NODE_6437_length_1009_cov_31.828571	465	545	3	5	80	0.0625000
NODE_6437_length_1009_cov_31.828571	465	545	4	12	80	0.1500000
NODE_6437_length_1009_cov_31.828571	465	545	5	14	80	0.1750000
NODE_6437_length_1009_cov_31.828571	465	545	7	27	80	0.3375000
NODE_6437_length_1009_cov_31.828571	465	545	9	18	80	0.2250000
NODE_6438_length_1009_cov_28.539560	571	651	2	1	80	0.0125000
NODE_6438_length_1009_cov_28.539560	571	651	4	17	80	0.2125000
NODE_6438_length_1009_cov_28.539560	571	651	5	30	80	0.3750000
NODE_6438_length_1009_cov_28.539560	571	651	7	32	80	0.4000000
NODE_6438_length_1009_cov_28.539560	624	704	5	5	80	0.0625000
NODE_6438_length_1009_cov_28.539560	624	704	6	17	80	0.2125000
NODE_6438_length_1009_cov_28.539560	624	704	7	58	80	0.7250000
NODE_6439_length_1009_cov_20.281319	577	657	3	6	80	0.0750000
NODE_6439_length_1009_cov_20.281319	577	657	4	61	80	0.7625000
NODE_6439_length_1009_cov_20.281319	577	657	5	10	80	0.1250000
NODE_6439_length_1009_cov_20.281319	577	657	6	3	80	0.0375000
NODE_6439_length_1009_cov_20.281319	630	710	4	20	80	0.2500000
NODE_6439_length_1009_cov_20.281319	630	710	5	10	80	0.1250000
NODE_6439_length_1009_cov_20.281319	630	710	6	50	80	0.6250000
NODE_6440_length_1009_cov_18.649451	430	510	5	12	80	0.1500000
NODE_6440_length_1009_cov_18.649451	430	510	6	2	80	0.0250000
NODE_6440_length_1009_cov_18.649451	430	510	7	2	80	0.0250000
NODE_6440_length_1009_cov_18.649451	430	510	8	23	80	0.2875000
NODE_6440_length_1009_cov_18.649451	430	510	10	41	80	0.5125000
NODE_6440_length_1009_cov_18.649451	483	563	3	8	80	0.1000000
NODE_6440_length_1009_cov_18.649451	483	563	5	35	80	0.4375000
NODE_6440_length_1009_cov_18.649451	483	563	6	24	80	0.3000000
NODE_6440_length_1009_cov_18.649451	483	563	7	2	80	0.0250000
NODE_6440_length_1009_cov_18.649451	483	563	8	11	80	0.1375000
NODE_6442_length_1009_cov_3.767033	647	727	0	39	80	0.4875000
NODE_6442_length_1009_cov_3.767033	647	727	2	41	80	0.5125000
NODE_6442_length_1009_cov_3.767033	700	780	2	80	80	1.0000000
NODE_6443_length_1009_cov_2.903297	36	63	0	27	27	1.0000000
NODE_6451_length_1008_cov_44.825083	399	479	3	45	80	0.5625000
NODE_6451_length_1008_cov_44.825083	399	479	4	35	80	0.4375000
NODE_6451_length_1008_cov_44.825083	452	532	0	14	80	0.1750000
NODE_6451_length_1008_cov_44.825083	452	532	1	24	80	0.3000000
NODE_6451_length_1008_cov_44.825083	452	532	3	42	80	0.5250000
NODE_6452_length_1008_cov_41.030803	280	360	0	56	80	0.7000000
NODE_6452_length_1008_cov_41.030803	280	360	1	24	80	0.3000000
NODE_6452_length_1008_cov_41.030803	333	413	0	3	80	0.0375000
NODE_6452_length_1008_cov_41.030803	333	413	1	29	80	0.3625000
NODE_6452_length_1008_cov_41.030803	333	413	3	12	80	0.1500000
NODE_6452_length_1008_cov_41.030803	333	413	5	2	80	0.0250000
NODE_6452_length_1008_cov_41.030803	333	413	6	10	80	0.1250000
NODE_6452_length_1008_cov_41.030803	333	413	8	24	80	0.3000000
NODE_6452_length_1008_cov_41.030803	409	489	5	3	80	0.0375000
NODE_6452_length_1008_cov_41.030803	409	489	6	9	80	0.1125000
NODE_6452_length_1008_cov_41.030803	409	489	8	45	80	0.5625000
NODE_6452_length_1008_cov_41.030803	409	489	9	1	80	0.0125000
NODE_6452_length_1008_cov_41.030803	409	489	10	22	80	0.2750000
NODE_6452_length_1008_cov_41.030803	462	542	2	13	80	0.1625000
NODE_6452_length_1008_cov_41.030803	462	542	3	23	80	0.2875000
NODE_6452_length_1008_cov_41.030803	462	542	5	20	80	0.2500000
NODE_6452_length_1008_cov_41.030803	462	542	6	9	80	0.1125000
NODE_6452_length_1008_cov_41.030803	462	542	8	4	80	0.0500000
NODE_6452_length_1008_cov_41.030803	462	542	10	11	80	0.1375000
NODE_6453_length_1008_cov_39.377338	311	391	4	5	80	0.0625000
NODE_6453_length_1008_cov_39.377338	311	391	5	16	80	0.2000000
NODE_6453_length_1008_cov_39.377338	311	391	6	40	80	0.5000000
NODE_6453_length_1008_cov_39.377338	311	391	7	19	80	0.2375000
NODE_6453_length_1008_cov_39.377338	364	444	4	5	80	0.0625000
NODE_6453_length_1008_cov_39.377338	364	444	5	29	80	0.3625000
NODE_6453_length_1008_cov_39.377338	364	444	6	38	80	0.4750000
NODE_6453_length_1008_cov_39.377338	364	444	7	8	80	0.1000000
NODE_6453_length_1008_cov_39.377338	440	520	5	10	80	0.1250000
NODE_6453_length_1008_cov_39.377338	440	520	6	43	80	0.5375000
NODE_6453_length_1008_cov_39.377338	440	520	7	9	80	0.1125000
NODE_6453_length_1008_cov_39.377338	440	520	8	18	80	0.2250000
NODE_6453_length_1008_cov_39.377338	493	573	4	2	80	0.0250000
NODE_6453_length_1008_cov_39.377338	493	573	5	10	80	0.1250000
NODE_6453_length_1008_cov_39.377338	493	573	6	45	80	0.5625000
NODE_6453_length_1008_cov_39.377338	493	573	7	5	80	0.0625000
NODE_6453_length_1008_cov_39.377338	493	573	8	18	80	0.2250000
NODE_6454_length_1008_cov_27.836084	405	485	8	16	80	0.2000000
NODE_6454_length_1008_cov_27.836084	405	485	9	15	80	0.1875000
NODE_6454_length_1008_cov_27.836084	405	485	10	14	80	0.1750000
NODE_6454_length_1008_cov_27.836084	405	485	11	8	80	0.1000000
NODE_6454_length_1008_cov_27.836084	405	485	13	27	80	0.3375000
NODE_6454_length_1008_cov_27.836084	458	538	11	8	80	0.1000000
NODE_6454_length_1008_cov_27.836084	458	538	12	10	80	0.1250000
NODE_6454_length_1008_cov_27.836084	458	538	13	32	80	0.4000000
NODE_6454_length_1008_cov_27.836084	458	538	14	21	80	0.2625000
NODE_6454_length_1008_cov_27.836084	458	538	15	6	80	0.0750000
NODE_6454_length_1008_cov_27.836084	458	538	16	3	80	0.0375000
NODE_6454_length_1008_cov_27.836084	534	614	10	6	80	0.0750000
NODE_6454_length_1008_cov_27.836084	534	614	12	8	80	0.1000000
NODE_6454_length_1008_cov_27.836084	534	614	13	24	80	0.3000000
NODE_6454_length_1008_cov_27.836084	534	614	14	7	80	0.0875000
NODE_6454_length_1008_cov_27.836084	534	614	15	21	80	0.2625000
NODE_6454_length_1008_cov_27.836084	534	614	16	6	80	0.0750000
NODE_6454_length_1008_cov_27.836084	534	614	17	8	80	0.1000000
NODE_6454_length_1008_cov_27.836084	587	667	6	22	80	0.2750000
NODE_6454_length_1008_cov_27.836084	587	667	8	27	80	0.3375000
NODE_6454_length_1008_cov_27.836084	587	667	10	10	80	0.1250000
NODE_6454_length_1008_cov_27.836084	587	667	12	8	80	0.1000000
NODE_6454_length_1008_cov_27.836084	587	667	15	4	80	0.0500000
NODE_6454_length_1008_cov_27.836084	587	667	16	1	80	0.0125000
NODE_6454_length_1008_cov_27.836084	587	667	17	8	80	0.1000000
NODE_6455_length_1008_cov_24.741474	485	565	2	80	80	1.0000000
NODE_6455_length_1008_cov_24.741474	538	618	1	3	80	0.0375000
NODE_6455_length_1008_cov_24.741474	538	618	2	77	80	0.9625000
NODE_6456_length_1008_cov_20.278328	401	481	4	30	80	0.3750000
NODE_6456_length_1008_cov_20.278328	401	481	5	38	80	0.4750000
NODE_6456_length_1008_cov_20.278328	401	481	6	12	80	0.1500000
NODE_6456_length_1008_cov_20.278328	454	534	3	19	80	0.2375000
NODE_6456_length_1008_cov_20.278328	454	534	4	46	80	0.5750000
NODE_6456_length_1008_cov_20.278328	454	534	5	3	80	0.0375000
NODE_6456_length_1008_cov_20.278328	454	534	6	12	80	0.1500000
NODE_6457_length_1008_cov_6.071507	460	540	5	27	80	0.3375000
NODE_6457_length_1008_cov_6.071507	460	540	6	7	80	0.0875000
NODE_6457_length_1008_cov_6.071507	460	540	7	23	80	0.2875000
NODE_6457_length_1008_cov_6.071507	460	540	8	12	80	0.1500000
NODE_6457_length_1008_cov_6.071507	460	540	9	11	80	0.1375000
NODE_6457_length_1008_cov_6.071507	513	593	2	1	80	0.0125000
NODE_6457_length_1008_cov_6.071507	513	593	3	4	80	0.0500000
NODE_6457_length_1008_cov_6.071507	513	593	4	7	80	0.0875000
NODE_6457_length_1008_cov_6.071507	513	593	5	4	80	0.0500000
NODE_6457_length_1008_cov_6.071507	513	593	6	2	80	0.0250000
NODE_6457_length_1008_cov_6.071507	513	593	7	62	80	0.7750000
NODE_6466_length_1008_cov_1.798680	0	64	0	64	64	1.0000000
NODE_6466_length_1008_cov_1.798680	37	104	0	67	67	1.0000000
NODE_6473_length_1007_cov_27.011013	294	371	2	77	77	1.0000000
NODE_6473_length_1007_cov_27.011013	347	424	0	2	77	0.0259740
NODE_6473_length_1007_cov_27.011013	347	424	1	28	77	0.3636364
NODE_6473_length_1007_cov_27.011013	347	424	2	47	77	0.6103896
NODE_6474_length_1007_cov_24.668502	369	449	1	21	80	0.2625000
NODE_6474_length_1007_cov_24.668502	369	449	2	11	80	0.1375000
NODE_6474_length_1007_cov_24.668502	369	449	3	48	80	0.6000000
NODE_6474_length_1007_cov_24.668502	422	502	3	55	80	0.6875000
NODE_6474_length_1007_cov_24.668502	422	502	5	20	80	0.2500000
NODE_6474_length_1007_cov_24.668502	422	502	6	5	80	0.0625000
NODE_6474_length_1007_cov_24.668502	498	578	5	19	80	0.2375000
NODE_6474_length_1007_cov_24.668502	498	578	6	22	80	0.2750000
NODE_6474_length_1007_cov_24.668502	498	578	7	24	80	0.3000000
NODE_6474_length_1007_cov_24.668502	498	578	9	15	80	0.1875000
NODE_6474_length_1007_cov_24.668502	551	631	5	2	80	0.0250000
NODE_6474_length_1007_cov_24.668502	551	631	7	10	80	0.1250000
NODE_6474_length_1007_cov_24.668502	551	631	9	25	80	0.3125000
NODE_6474_length_1007_cov_24.668502	551	631	10	19	80	0.2375000
NODE_6474_length_1007_cov_24.668502	551	631	11	13	80	0.1625000
NODE_6474_length_1007_cov_24.668502	551	631	12	11	80	0.1375000
NODE_6475_length_1007_cov_21.729075	454	534	8	27	80	0.3375000
NODE_6475_length_1007_cov_21.729075	454	534	9	53	80	0.6625000
NODE_6475_length_1007_cov_21.729075	507	587	4	14	80	0.1750000
NODE_6475_length_1007_cov_21.729075	507	587	5	3	80	0.0375000
NODE_6475_length_1007_cov_21.729075	507	587	6	7	80	0.0875000
NODE_6475_length_1007_cov_21.729075	507	587	8	8	80	0.1000000
NODE_6475_length_1007_cov_21.729075	507	587	9	48	80	0.6000000
NODE_6475_length_1007_cov_21.729075	583	663	2	4	80	0.0500000
NODE_6475_length_1007_cov_21.729075	583	663	3	26	80	0.3250000
NODE_6475_length_1007_cov_21.729075	583	663	4	28	80	0.3500000
NODE_6475_length_1007_cov_21.729075	583	663	5	22	80	0.2750000
NODE_6475_length_1007_cov_21.729075	636	716	3	5	80	0.0625000
NODE_6475_length_1007_cov_21.729075	636	716	4	24	80	0.3000000
NODE_6475_length_1007_cov_21.729075	636	716	5	51	80	0.6375000
NODE_6476_length_1007_cov_14.515419	400	480	0	18	80	0.2250000
NODE_6476_length_1007_cov_14.515419	400	480	1	21	80	0.2625000
NODE_6476_length_1007_cov_14.515419	400	480	3	12	80	0.1500000
NODE_6476_length_1007_cov_14.515419	400	480	4	9	80	0.1125000
NODE_6476_length_1007_cov_14.515419	400	480	5	6	80	0.0750000
NODE_6476_length_1007_cov_14.515419	400	480	6	14	80	0.1750000
NODE_6476_length_1007_cov_14.515419	453	533	4	7	80	0.0875000
NODE_6476_length_1007_cov_14.515419	453	533	5	6	80	0.0750000
NODE_6476_length_1007_cov_14.515419	453	533	6	34	80	0.4250000
NODE_6476_length_1007_cov_14.515419	453	533	7	33	80	0.4125000
NODE_6477_length_1007_cov_13.685022	376	456	1	26	80	0.3250000
NODE_6477_length_1007_cov_13.685022	376	456	2	15	80	0.1875000
NODE_6477_length_1007_cov_13.685022	376	456	3	39	80	0.4875000
NODE_6477_length_1007_cov_13.685022	429	509	3	37	80	0.4625000
NODE_6477_length_1007_cov_13.685022	429	509	4	43	80	0.5375000
NODE_6478_length_1007_cov_9.189427	438	518	3	10	80	0.1250000
NODE_6478_length_1007_cov_9.189427	438	518	4	70	80	0.8750000
NODE_6478_length_1007_cov_9.189427	491	571	1	7	80	0.0875000
NODE_6478_length_1007_cov_9.189427	491	571	3	47	80	0.5875000
NODE_6478_length_1007_cov_9.189427	491	571	4	26	80	0.3250000
NODE_6491_length_1006_cov_59.773980	379	459	11	2	80	0.0250000
NODE_6491_length_1006_cov_59.773980	379	459	13	2	80	0.0250000
NODE_6491_length_1006_cov_59.773980	379	459	14	22	80	0.2750000
NODE_6491_length_1006_cov_59.773980	379	459	15	11	80	0.1375000
NODE_6491_length_1006_cov_59.773980	379	459	16	33	80	0.4125000
NODE_6491_length_1006_cov_59.773980	379	459	17	10	80	0.1250000
NODE_6491_length_1006_cov_59.773980	432	512	11	4	80	0.0500000
NODE_6491_length_1006_cov_59.773980	432	512	12	10	80	0.1250000
NODE_6491_length_1006_cov_59.773980	432	512	13	33	80	0.4125000
NODE_6491_length_1006_cov_59.773980	432	512	14	5	80	0.0625000
NODE_6491_length_1006_cov_59.773980	432	512	15	12	80	0.1500000
NODE_6491_length_1006_cov_59.773980	432	512	16	16	80	0.2000000
NODE_6491_length_1006_cov_59.773980	508	588	12	44	80	0.5500000
NODE_6491_length_1006_cov_59.773980	508	588	13	27	80	0.3375000
NODE_6491_length_1006_cov_59.773980	508	588	14	9	80	0.1125000
NODE_6491_length_1006_cov_59.773980	561	641	5	1	80	0.0125000
NODE_6491_length_1006_cov_59.773980	561	641	6	8	80	0.1000000
NODE_6491_length_1006_cov_59.773980	561	641	8	8	80	0.1000000
NODE_6491_length_1006_cov_59.773980	561	641	9	3	80	0.0375000
NODE_6491_length_1006_cov_59.773980	561	641	10	9	80	0.1125000
NODE_6491_length_1006_cov_59.773980	561	641	11	2	80	0.0250000
NODE_6491_length_1006_cov_59.773980	561	641	12	33	80	0.4125000
NODE_6491_length_1006_cov_59.773980	561	641	13	16	80	0.2000000
NODE_6492_length_1006_cov_34.762955	482	562	1	38	80	0.4750000
NODE_6492_length_1006_cov_34.762955	482	562	2	14	80	0.1750000
NODE_6492_length_1006_cov_34.762955	482	562	3	8	80	0.1000000
NODE_6492_length_1006_cov_34.762955	482	562	4	20	80	0.2500000
NODE_6492_length_1006_cov_34.762955	535	615	3	24	80	0.3000000
NODE_6492_length_1006_cov_34.762955	535	615	4	56	80	0.7000000
NODE_6493_length_1006_cov_21.776185	516	596	3	13	80	0.1625000
NODE_6493_length_1006_cov_21.776185	516	596	6	1	80	0.0125000
NODE_6493_length_1006_cov_21.776185	516	596	7	42	80	0.5250000
NODE_6493_length_1006_cov_21.776185	516	596	9	24	80	0.3000000
NODE_6493_length_1006_cov_21.776185	569	649	7	19	80	0.2375000
NODE_6493_length_1006_cov_21.776185	569	649	8	4	80	0.0500000
NODE_6493_length_1006_cov_21.776185	569	649	9	57	80	0.7125000
NODE_6494_length_1006_cov_19.690187	371	451	0	1	80	0.0125000
NODE_6494_length_1006_cov_19.690187	371	451	2	79	80	0.9875000
NODE_6494_length_1006_cov_19.690187	424	504	2	80	80	1.0000000
NODE_6495_length_1006_cov_19.299890	495	575	5	66	80	0.8250000
NODE_6495_length_1006_cov_19.299890	495	575	6	14	80	0.1750000
NODE_6495_length_1006_cov_19.299890	548	628	0	42	80	0.5250000
NODE_6495_length_1006_cov_19.299890	548	628	2	4	80	0.0500000
NODE_6495_length_1006_cov_19.299890	548	628	3	1	80	0.0125000
NODE_6495_length_1006_cov_19.299890	548	628	5	33	80	0.4125000
NODE_6496_length_1006_cov_13.187431	245	325	2	11	80	0.1375000
NODE_6496_length_1006_cov_13.187431	245	325	4	30	80	0.3750000
NODE_6496_length_1006_cov_13.187431	245	325	5	39	80	0.4875000
NODE_6496_length_1006_cov_13.187431	298	378	3	9	80	0.1125000
NODE_6496_length_1006_cov_13.187431	298	378	4	4	80	0.0500000
NODE_6496_length_1006_cov_13.187431	298	378	5	67	80	0.8375000
NODE_6497_length_1006_cov_12.862183	383	463	0	18	80	0.2250000
NODE_6497_length_1006_cov_12.862183	383	463	1	62	80	0.7750000
NODE_6497_length_1006_cov_12.862183	436	516	1	38	80	0.4750000
NODE_6497_length_1006_cov_12.862183	436	516	2	42	80	0.5250000
NODE_6498_length_1006_cov_10.986770	762	842	2	35	80	0.4375000
NODE_6498_length_1006_cov_10.986770	762	842	4	22	80	0.2750000
NODE_6498_length_1006_cov_10.986770	762	842	5	23	80	0.2875000
NODE_6498_length_1006_cov_10.986770	815	895	1	17	80	0.2125000
NODE_6498_length_1006_cov_10.986770	815	895	2	63	80	0.7875000
NODE_6499_length_1006_cov_8.633958	314	394	0	35	80	0.4375000
NODE_6499_length_1006_cov_8.633958	314	394	1	10	80	0.1250000
NODE_6499_length_1006_cov_8.633958	314	394	2	35	80	0.4375000
NODE_6499_length_1006_cov_8.633958	367	447	2	80	80	1.0000000
NODE_6515_length_1005_cov_80.271523	509	589	5	1	80	0.0125000
NODE_6515_length_1005_cov_80.271523	509	589	6	10	80	0.1250000
NODE_6515_length_1005_cov_80.271523	509	589	7	47	80	0.5875000
NODE_6515_length_1005_cov_80.271523	509	589	8	22	80	0.2750000
NODE_6515_length_1005_cov_80.271523	562	642	4	16	80	0.2000000
NODE_6515_length_1005_cov_80.271523	562	642	5	22	80	0.2750000
NODE_6515_length_1005_cov_80.271523	562	642	6	17	80	0.2125000
NODE_6515_length_1005_cov_80.271523	562	642	7	25	80	0.3125000
NODE_6516_length_1005_cov_45.008830	357	437	8	7	80	0.0875000
NODE_6516_length_1005_cov_45.008830	357	437	9	4	80	0.0500000
NODE_6516_length_1005_cov_45.008830	357	437	10	4	80	0.0500000
NODE_6516_length_1005_cov_45.008830	357	437	11	29	80	0.3625000
NODE_6516_length_1005_cov_45.008830	357	437	12	28	80	0.3500000
NODE_6516_length_1005_cov_45.008830	357	437	13	3	80	0.0375000
NODE_6516_length_1005_cov_45.008830	357	437	14	5	80	0.0625000
NODE_6516_length_1005_cov_45.008830	410	490	11	7	80	0.0875000
NODE_6516_length_1005_cov_45.008830	410	490	12	17	80	0.2125000
NODE_6516_length_1005_cov_45.008830	410	490	13	13	80	0.1625000
NODE_6516_length_1005_cov_45.008830	410	490	14	33	80	0.4125000
NODE_6516_length_1005_cov_45.008830	410	490	15	10	80	0.1250000
NODE_6517_length_1005_cov_36.636865	567	647	4	39	80	0.4875000
NODE_6517_length_1005_cov_36.636865	567	647	5	36	80	0.4500000
NODE_6517_length_1005_cov_36.636865	567	647	6	5	80	0.0625000
NODE_6517_length_1005_cov_36.636865	620	700	4	18	80	0.2250000
NODE_6517_length_1005_cov_36.636865	620	700	5	11	80	0.1375000
NODE_6517_length_1005_cov_36.636865	620	700	6	51	80	0.6375000
NODE_6518_length_1005_cov_21.222958	389	409	3	20	20	1.0000000
NODE_6518_length_1005_cov_21.222958	451	519	0	15	68	0.2205882
NODE_6518_length_1005_cov_21.222958	451	519	2	16	68	0.2352941
NODE_6518_length_1005_cov_21.222958	451	519	3	37	68	0.5441176
NODE_6518_length_1005_cov_21.222958	515	595	0	15	80	0.1875000
NODE_6518_length_1005_cov_21.222958	515	595	2	6	80	0.0750000
NODE_6518_length_1005_cov_21.222958	515	595	3	59	80	0.7375000
NODE_6518_length_1005_cov_21.222958	568	648	2	15	80	0.1875000
NODE_6518_length_1005_cov_21.222958	568	648	3	55	80	0.6875000
NODE_6518_length_1005_cov_21.222958	568	648	4	10	80	0.1250000
NODE_6520_length_1005_cov_14.278146	480	560	3	23	80	0.2875000
NODE_6520_length_1005_cov_14.278146	480	560	5	57	80	0.7125000
NODE_6520_length_1005_cov_14.278146	533	613	2	25	80	0.3125000
NODE_6520_length_1005_cov_14.278146	533	613	3	16	80	0.2000000
NODE_6520_length_1005_cov_14.278146	533	613	5	39	80	0.4875000
NODE_6521_length_1005_cov_13.215232	511	591	2	20	80	0.2500000
NODE_6521_length_1005_cov_13.215232	511	591	3	4	80	0.0500000
NODE_6521_length_1005_cov_13.215232	511	591	4	29	80	0.3625000
NODE_6521_length_1005_cov_13.215232	511	591	8	13	80	0.1625000
NODE_6521_length_1005_cov_13.215232	511	591	9	3	80	0.0375000
NODE_6521_length_1005_cov_13.215232	511	591	10	2	80	0.0250000
NODE_6521_length_1005_cov_13.215232	511	591	11	9	80	0.1125000
NODE_6521_length_1005_cov_13.215232	564	644	8	13	80	0.1625000
NODE_6521_length_1005_cov_13.215232	564	644	9	3	80	0.0375000
NODE_6521_length_1005_cov_13.215232	564	644	10	2	80	0.0250000
NODE_6521_length_1005_cov_13.215232	564	644	11	46	80	0.5750000
NODE_6521_length_1005_cov_13.215232	564	644	12	13	80	0.1625000
NODE_6521_length_1005_cov_13.215232	564	644	13	3	80	0.0375000
NODE_6523_length_1005_cov_5.579470	534	614	4	80	80	1.0000000
NODE_6523_length_1005_cov_5.579470	587	667	0	19	80	0.2375000
NODE_6523_length_1005_cov_5.579470	587	667	1	18	80	0.2250000
NODE_6523_length_1005_cov_5.579470	587	667	3	3	80	0.0375000
NODE_6523_length_1005_cov_5.579470	587	667	4	40	80	0.5000000
NODE_6536_length_1004_cov_45.470718	343	423	3	5	80	0.0625000
NODE_6536_length_1004_cov_45.470718	343	423	4	10	80	0.1250000
NODE_6536_length_1004_cov_45.470718	343	423	5	18	80	0.2250000
NODE_6536_length_1004_cov_45.470718	343	423	6	30	80	0.3750000
NODE_6536_length_1004_cov_45.470718	343	423	8	17	80	0.2125000
NODE_6536_length_1004_cov_45.470718	396	476	6	20	80	0.2500000
NODE_6536_length_1004_cov_45.470718	396	476	7	46	80	0.5750000
NODE_6536_length_1004_cov_45.470718	396	476	8	8	80	0.1000000
NODE_6536_length_1004_cov_45.470718	396	476	11	6	80	0.0750000
NODE_6536_length_1004_cov_45.470718	472	552	8	1	80	0.0125000
NODE_6536_length_1004_cov_45.470718	472	552	9	18	80	0.2250000
NODE_6536_length_1004_cov_45.470718	472	552	10	35	80	0.4375000
NODE_6536_length_1004_cov_45.470718	472	552	11	16	80	0.2000000
NODE_6536_length_1004_cov_45.470718	472	552	12	6	80	0.0750000
NODE_6536_length_1004_cov_45.470718	472	552	13	4	80	0.0500000
NODE_6536_length_1004_cov_45.470718	525	605	8	1	80	0.0125000
NODE_6536_length_1004_cov_45.470718	525	605	9	32	80	0.4000000
NODE_6536_length_1004_cov_45.470718	525	605	10	47	80	0.5875000
NODE_6537_length_1004_cov_34.565746	419	499	6	3	80	0.0375000
NODE_6537_length_1004_cov_34.565746	419	499	7	21	80	0.2625000
NODE_6537_length_1004_cov_34.565746	419	499	8	40	80	0.5000000
NODE_6537_length_1004_cov_34.565746	419	499	9	16	80	0.2000000
NODE_6537_length_1004_cov_34.565746	472	552	4	19	80	0.2375000
NODE_6537_length_1004_cov_34.565746	472	552	6	22	80	0.2750000
NODE_6537_length_1004_cov_34.565746	472	552	8	23	80	0.2875000
NODE_6537_length_1004_cov_34.565746	472	552	9	16	80	0.2000000
NODE_6538_length_1004_cov_28.710497	385	465	5	14	80	0.1750000
NODE_6538_length_1004_cov_28.710497	385	465	6	5	80	0.0625000
NODE_6538_length_1004_cov_28.710497	385	465	7	61	80	0.7625000
NODE_6538_length_1004_cov_28.710497	438	518	2	5	80	0.0625000
NODE_6538_length_1004_cov_28.710497	438	518	3	10	80	0.1250000
NODE_6538_length_1004_cov_28.710497	438	518	4	20	80	0.2500000
NODE_6538_length_1004_cov_28.710497	438	518	6	2	80	0.0250000
NODE_6538_length_1004_cov_28.710497	438	518	7	43	80	0.5375000
NODE_6538_length_1004_cov_28.710497	514	594	2	66	80	0.8250000
NODE_6538_length_1004_cov_28.710497	514	594	4	14	80	0.1750000
NODE_6538_length_1004_cov_28.710497	567	647	1	4	80	0.0500000
NODE_6538_length_1004_cov_28.710497	567	647	2	76	80	0.9500000
NODE_6539_length_1004_cov_12.745856	432	512	2	10	80	0.1250000
NODE_6539_length_1004_cov_12.745856	432	512	3	48	80	0.6000000
NODE_6539_length_1004_cov_12.745856	432	512	5	22	80	0.2750000
NODE_6539_length_1004_cov_12.745856	485	565	3	21	80	0.2625000
NODE_6539_length_1004_cov_12.745856	485	565	4	15	80	0.1875000
NODE_6539_length_1004_cov_12.745856	485	565	5	44	80	0.5500000
NODE_6550_length_1003_cov_47.014381	383	463	9	11	80	0.1375000
NODE_6550_length_1003_cov_47.014381	383	463	10	24	80	0.3000000
NODE_6550_length_1003_cov_47.014381	383	463	11	27	80	0.3375000
NODE_6550_length_1003_cov_47.014381	383	463	12	1	80	0.0125000
NODE_6550_length_1003_cov_47.014381	383	463	14	12	80	0.1500000
NODE_6550_length_1003_cov_47.014381	383	463	15	5	80	0.0625000
NODE_6550_length_1003_cov_47.014381	436	516	6	4	80	0.0500000
NODE_6550_length_1003_cov_47.014381	436	516	7	12	80	0.1500000
NODE_6550_length_1003_cov_47.014381	436	516	8	5	80	0.0625000
NODE_6550_length_1003_cov_47.014381	436	516	9	11	80	0.1375000
NODE_6550_length_1003_cov_47.014381	436	516	11	12	80	0.1500000
NODE_6550_length_1003_cov_47.014381	436	516	12	19	80	0.2375000
NODE_6550_length_1003_cov_47.014381	436	516	14	12	80	0.1500000
NODE_6550_length_1003_cov_47.014381	436	516	15	5	80	0.0625000
NODE_6550_length_1003_cov_47.014381	512	592	6	7	80	0.0875000
NODE_6550_length_1003_cov_47.014381	512	592	7	11	80	0.1375000
NODE_6550_length_1003_cov_47.014381	512	592	8	1	80	0.0125000
NODE_6550_length_1003_cov_47.014381	512	592	9	1	80	0.0125000
NODE_6550_length_1003_cov_47.014381	512	592	10	13	80	0.1625000
NODE_6550_length_1003_cov_47.014381	512	592	11	6	80	0.0750000
NODE_6550_length_1003_cov_47.014381	512	592	12	4	80	0.0500000
NODE_6550_length_1003_cov_47.014381	512	592	13	37	80	0.4625000
NODE_6550_length_1003_cov_47.014381	565	645	8	6	80	0.0750000
NODE_6550_length_1003_cov_47.014381	565	645	9	42	80	0.5250000
NODE_6550_length_1003_cov_47.014381	565	645	10	11	80	0.1375000
NODE_6550_length_1003_cov_47.014381	565	645	12	1	80	0.0125000
NODE_6550_length_1003_cov_47.014381	565	645	13	20	80	0.2500000
NODE_6551_length_1003_cov_35.329646	372	452	5	27	80	0.3375000
NODE_6551_length_1003_cov_35.329646	372	452	6	8	80	0.1000000
NODE_6551_length_1003_cov_35.329646	372	452	7	34	80	0.4250000
NODE_6551_length_1003_cov_35.329646	372	452	9	11	80	0.1375000
NODE_6551_length_1003_cov_35.329646	425	505	7	24	80	0.3000000
NODE_6551_length_1003_cov_35.329646	425	505	8	31	80	0.3875000
NODE_6551_length_1003_cov_35.329646	425	505	9	17	80	0.2125000
NODE_6551_length_1003_cov_35.329646	425	505	11	8	80	0.1000000
NODE_6552_length_1003_cov_32.721239	357	437	4	59	80	0.7375000
NODE_6552_length_1003_cov_32.721239	357	437	5	21	80	0.2625000
NODE_6552_length_1003_cov_32.721239	410	490	1	18	80	0.2250000
NODE_6552_length_1003_cov_32.721239	410	490	2	5	80	0.0625000
NODE_6552_length_1003_cov_32.721239	410	490	3	24	80	0.3000000
NODE_6552_length_1003_cov_32.721239	410	490	4	22	80	0.2750000
NODE_6552_length_1003_cov_32.721239	410	490	5	11	80	0.1375000
NODE_6553_length_1003_cov_23.758850	467	547	4	25	80	0.3125000
NODE_6553_length_1003_cov_23.758850	467	547	5	37	80	0.4625000
NODE_6553_length_1003_cov_23.758850	467	547	6	7	80	0.0875000
NODE_6553_length_1003_cov_23.758850	467	547	7	11	80	0.1375000
NODE_6553_length_1003_cov_23.758850	520	600	5	9	80	0.1125000
NODE_6553_length_1003_cov_23.758850	520	600	6	48	80	0.6000000
NODE_6553_length_1003_cov_23.758850	520	600	7	23	80	0.2875000
NODE_6554_length_1003_cov_19.939159	240	320	6	27	80	0.3375000
NODE_6554_length_1003_cov_19.939159	240	320	8	6	80	0.0750000
NODE_6554_length_1003_cov_19.939159	240	320	9	8	80	0.1000000
NODE_6554_length_1003_cov_19.939159	240	320	10	3	80	0.0375000
NODE_6554_length_1003_cov_19.939159	240	320	11	28	80	0.3500000
NODE_6554_length_1003_cov_19.939159	240	320	12	8	80	0.1000000
NODE_6554_length_1003_cov_19.939159	293	373	10	13	80	0.1625000
NODE_6554_length_1003_cov_19.939159	293	373	11	32	80	0.4000000
NODE_6554_length_1003_cov_19.939159	293	373	12	35	80	0.4375000
NODE_6555_length_1003_cov_16.618363	524	604	0	26	80	0.3250000
NODE_6555_length_1003_cov_16.618363	524	604	4	10	80	0.1250000
NODE_6555_length_1003_cov_16.618363	524	604	5	44	80	0.5500000
NODE_6555_length_1003_cov_16.618363	577	657	5	80	80	1.0000000
NODE_6555_length_1003_cov_16.618363	653	733	0	12	80	0.1500000
NODE_6555_length_1003_cov_16.618363	653	733	1	55	80	0.6875000
NODE_6555_length_1003_cov_16.618363	653	733	5	13	80	0.1625000
NODE_6555_length_1003_cov_16.618363	706	786	0	12	80	0.1500000
NODE_6555_length_1003_cov_16.618363	706	786	1	68	80	0.8500000
NODE_6556_length_1003_cov_13.863938	537	617	4	7	80	0.0875000
NODE_6556_length_1003_cov_13.863938	537	617	5	10	80	0.1250000
NODE_6556_length_1003_cov_13.863938	537	617	6	63	80	0.7875000
NODE_6556_length_1003_cov_13.863938	590	670	4	15	80	0.1875000
NODE_6556_length_1003_cov_13.863938	590	670	5	45	80	0.5625000
NODE_6556_length_1003_cov_13.863938	590	670	6	20	80	0.2500000
NODE_6557_length_1003_cov_12.363938	529	609	8	26	80	0.3250000
NODE_6557_length_1003_cov_12.363938	529	609	9	4	80	0.0500000
NODE_6557_length_1003_cov_12.363938	529	609	10	22	80	0.2750000
NODE_6557_length_1003_cov_12.363938	529	609	11	23	80	0.2875000
NODE_6557_length_1003_cov_12.363938	529	609	12	5	80	0.0625000
NODE_6557_length_1003_cov_12.363938	582	662	8	13	80	0.1625000
NODE_6557_length_1003_cov_12.363938	582	662	9	20	80	0.2500000
NODE_6557_length_1003_cov_12.363938	582	662	10	8	80	0.1000000
NODE_6557_length_1003_cov_12.363938	582	662	11	27	80	0.3375000
NODE_6557_length_1003_cov_12.363938	582	662	12	12	80	0.1500000
NODE_6567_length_1002_cov_65.513843	387	467	1	9	80	0.1125000
NODE_6567_length_1002_cov_65.513843	387	467	2	71	80	0.8875000
NODE_6567_length_1002_cov_65.513843	440	520	1	3	80	0.0375000
NODE_6567_length_1002_cov_65.513843	440	520	2	26	80	0.3250000
NODE_6567_length_1002_cov_65.513843	440	520	4	18	80	0.2250000
NODE_6567_length_1002_cov_65.513843	440	520	5	2	80	0.0250000
NODE_6567_length_1002_cov_65.513843	440	520	6	14	80	0.1750000
NODE_6567_length_1002_cov_65.513843	440	520	8	6	80	0.0750000
NODE_6567_length_1002_cov_65.513843	440	520	9	11	80	0.1375000
NODE_6567_length_1002_cov_65.513843	516	596	9	9	80	0.1125000
NODE_6567_length_1002_cov_65.513843	516	596	10	3	80	0.0375000
NODE_6567_length_1002_cov_65.513843	516	596	12	2	80	0.0250000
NODE_6567_length_1002_cov_65.513843	516	596	14	3	80	0.0375000
NODE_6567_length_1002_cov_65.513843	516	596	16	11	80	0.1375000
NODE_6567_length_1002_cov_65.513843	516	596	17	10	80	0.1250000
NODE_6567_length_1002_cov_65.513843	516	596	18	3	80	0.0375000
NODE_6567_length_1002_cov_65.513843	516	596	19	1	80	0.0125000
NODE_6567_length_1002_cov_65.513843	516	596	20	25	80	0.3125000
NODE_6567_length_1002_cov_65.513843	516	596	21	13	80	0.1625000
NODE_6567_length_1002_cov_65.513843	569	649	16	10	80	0.1250000
NODE_6567_length_1002_cov_65.513843	569	649	17	7	80	0.0875000
NODE_6567_length_1002_cov_65.513843	569	649	18	30	80	0.3750000
NODE_6567_length_1002_cov_65.513843	569	649	19	4	80	0.0500000
NODE_6567_length_1002_cov_65.513843	569	649	20	16	80	0.2000000
NODE_6567_length_1002_cov_65.513843	569	649	21	13	80	0.1625000
NODE_6568_length_1002_cov_41.995570	408	488	5	33	80	0.4125000
NODE_6568_length_1002_cov_41.995570	408	488	6	30	80	0.3750000
NODE_6568_length_1002_cov_41.995570	408	488	7	17	80	0.2125000
NODE_6568_length_1002_cov_41.995570	461	541	6	21	80	0.2625000
NODE_6568_length_1002_cov_41.995570	461	541	7	46	80	0.5750000
NODE_6568_length_1002_cov_41.995570	461	541	8	13	80	0.1625000
NODE_6569_length_1002_cov_19.966777	401	481	3	8	80	0.1000000
NODE_6569_length_1002_cov_19.966777	401	481	5	20	80	0.2500000
NODE_6569_length_1002_cov_19.966777	401	481	6	41	80	0.5125000
NODE_6569_length_1002_cov_19.966777	401	481	7	11	80	0.1375000
NODE_6569_length_1002_cov_19.966777	454	534	2	2	80	0.0250000
NODE_6569_length_1002_cov_19.966777	454	534	3	59	80	0.7375000
NODE_6569_length_1002_cov_19.966777	454	534	5	19	80	0.2375000
NODE_6570_length_1002_cov_19.539313	334	414	0	80	80	1.0000000
NODE_6570_length_1002_cov_19.539313	335	414	0	79	79	1.0000000
NODE_6570_length_1002_cov_19.539313	387	467	0	36	80	0.4500000
NODE_6570_length_1002_cov_19.539313	387	467	1	44	80	0.5500000
NODE_6570_length_1002_cov_19.539313	387	467	0	36	80	0.4500000
NODE_6570_length_1002_cov_19.539313	387	467	1	44	80	0.5500000
NODE_6570_length_1002_cov_19.539313	396	467	0	27	71	0.3802817
NODE_6570_length_1002_cov_19.539313	396	467	1	44	71	0.6197183
NODE_6570_length_1002_cov_19.539313	463	543	1	8	80	0.1000000
NODE_6570_length_1002_cov_19.539313	463	543	3	72	80	0.9000000
NODE_6570_length_1002_cov_19.539313	516	596	2	23	80	0.2875000
NODE_6570_length_1002_cov_19.539313	516	596	3	57	80	0.7125000
NODE_6571_length_1002_cov_17.780731	631	711	5	2	80	0.0250000
NODE_6571_length_1002_cov_17.780731	631	711	6	5	80	0.0625000
NODE_6571_length_1002_cov_17.780731	631	711	7	3	80	0.0375000
NODE_6571_length_1002_cov_17.780731	631	711	8	11	80	0.1375000
NODE_6571_length_1002_cov_17.780731	631	711	9	5	80	0.0625000
NODE_6571_length_1002_cov_17.780731	631	711	10	1	80	0.0125000
NODE_6571_length_1002_cov_17.780731	631	711	12	28	80	0.3500000
NODE_6571_length_1002_cov_17.780731	631	711	13	25	80	0.3125000
NODE_6571_length_1002_cov_17.780731	684	764	11	20	80	0.2500000
NODE_6571_length_1002_cov_17.780731	684	764	12	34	80	0.4250000
NODE_6571_length_1002_cov_17.780731	684	764	13	26	80	0.3250000
NODE_6572_length_1002_cov_17.590255	0	58	0	58	58	1.0000000
NODE_6572_length_1002_cov_17.590255	31	77	0	46	46	1.0000000
NODE_6573_length_1002_cov_17.105205	522	602	3	35	80	0.4375000
NODE_6573_length_1002_cov_17.105205	522	602	4	5	80	0.0625000
NODE_6573_length_1002_cov_17.105205	522	602	5	25	80	0.3125000
NODE_6573_length_1002_cov_17.105205	522	602	6	15	80	0.1875000
NODE_6573_length_1002_cov_17.105205	575	655	4	40	80	0.5000000
NODE_6573_length_1002_cov_17.105205	575	655	5	12	80	0.1500000
NODE_6573_length_1002_cov_17.105205	575	655	6	28	80	0.3500000
NODE_6574_length_1002_cov_11.954596	480	560	3	34	80	0.4250000
NODE_6574_length_1002_cov_11.954596	480	560	4	46	80	0.5750000
NODE_6574_length_1002_cov_11.954596	533	613	2	9	80	0.1125000
NODE_6574_length_1002_cov_11.954596	533	613	3	34	80	0.4250000
NODE_6574_length_1002_cov_11.954596	533	613	4	37	80	0.4625000
NODE_6575_length_1002_cov_11.823920	471	551	0	60	80	0.7500000
NODE_6575_length_1002_cov_11.823920	471	551	2	20	80	0.2500000
NODE_6575_length_1002_cov_11.823920	524	614	0	7	90	0.0777778
NODE_6575_length_1002_cov_11.823920	524	614	2	83	90	0.9222222
NODE_6577_length_1002_cov_6.596899	422	502	1	80	80	1.0000000
NODE_6577_length_1002_cov_6.596899	475	555	0	15	80	0.1875000
NODE_6577_length_1002_cov_6.596899	475	555	1	65	80	0.8125000
NODE_6588_length_1002_cov_2.102990	29	110	0	43	81	0.5308642
NODE_6588_length_1002_cov_2.102990	29	110	2	38	81	0.4691358
NODE_6596_length_1001_cov_41.914634	549	629	6	2	80	0.0250000
NODE_6596_length_1001_cov_41.914634	549	629	7	23	80	0.2875000
NODE_6596_length_1001_cov_41.914634	549	629	8	3	80	0.0375000
NODE_6596_length_1001_cov_41.914634	549	629	10	39	80	0.4875000
NODE_6596_length_1001_cov_41.914634	549	629	11	11	80	0.1375000
NODE_6596_length_1001_cov_41.914634	549	629	12	2	80	0.0250000
NODE_6596_length_1001_cov_41.914634	602	682	8	19	80	0.2375000
NODE_6596_length_1001_cov_41.914634	602	682	9	9	80	0.1125000
NODE_6596_length_1001_cov_41.914634	602	682	10	16	80	0.2000000
NODE_6596_length_1001_cov_41.914634	602	682	11	14	80	0.1750000
NODE_6596_length_1001_cov_41.914634	602	682	12	22	80	0.2750000
NODE_6597_length_1001_cov_30.378049	306	386	4	1	80	0.0125000
NODE_6597_length_1001_cov_30.378049	306	386	5	13	80	0.1625000
NODE_6597_length_1001_cov_30.378049	306	386	6	1	80	0.0125000
NODE_6597_length_1001_cov_30.378049	306	386	8	25	80	0.3125000
NODE_6597_length_1001_cov_30.378049	306	386	12	40	80	0.5000000
NODE_6597_length_1001_cov_30.378049	359	439	12	44	80	0.5500000
NODE_6597_length_1001_cov_30.378049	359	439	13	11	80	0.1375000
NODE_6597_length_1001_cov_30.378049	359	439	14	5	80	0.0625000
NODE_6597_length_1001_cov_30.378049	359	439	15	20	80	0.2500000
NODE_6597_length_1001_cov_30.378049	369	439	12	34	70	0.4857143
NODE_6597_length_1001_cov_30.378049	369	439	13	11	70	0.1571429
NODE_6597_length_1001_cov_30.378049	369	439	14	5	70	0.0714286
NODE_6597_length_1001_cov_30.378049	369	439	15	20	70	0.2857143
NODE_6597_length_1001_cov_30.378049	435	515	5	27	80	0.3375000
NODE_6597_length_1001_cov_30.378049	435	515	6	4	80	0.0500000
NODE_6597_length_1001_cov_30.378049	435	515	7	4	80	0.0500000
NODE_6597_length_1001_cov_30.378049	435	515	8	9	80	0.1125000
NODE_6597_length_1001_cov_30.378049	435	515	10	12	80	0.1500000
NODE_6597_length_1001_cov_30.378049	435	515	11	9	80	0.1125000
NODE_6597_length_1001_cov_30.378049	435	515	13	15	80	0.1875000
NODE_6597_length_1001_cov_30.378049	488	568	3	5	80	0.0625000
NODE_6597_length_1001_cov_30.378049	488	568	5	53	80	0.6625000
NODE_6597_length_1001_cov_30.378049	488	568	6	22	80	0.2750000
NODE_6598_length_1001_cov_22.517738	536	616	4	44	80	0.5500000
NODE_6598_length_1001_cov_22.517738	536	616	5	36	80	0.4500000
NODE_6598_length_1001_cov_22.517738	589	670	3	10	81	0.1234568
NODE_6598_length_1001_cov_22.517738	589	670	4	21	81	0.2592593
NODE_6598_length_1001_cov_22.517738	589	670	5	50	81	0.6172839
NODE_6599_length_1001_cov_17.996674	414	456	0	4	42	0.0952381
NODE_6599_length_1001_cov_17.996674	414	456	1	38	42	0.9047619
NODE_6599_length_1001_cov_17.996674	429	509	1	32	80	0.4000000
NODE_6599_length_1001_cov_17.996674	429	509	2	4	80	0.0500000
NODE_6599_length_1001_cov_17.996674	429	509	3	20	80	0.2500000
NODE_6599_length_1001_cov_17.996674	429	509	4	24	80	0.3000000
NODE_6599_length_1001_cov_17.996674	505	585	3	17	80	0.2125000
NODE_6599_length_1001_cov_17.996674	505	585	4	63	80	0.7875000
NODE_6599_length_1001_cov_17.996674	558	638	0	4	80	0.0500000
NODE_6599_length_1001_cov_17.996674	558	638	1	19	80	0.2375000
NODE_6599_length_1001_cov_17.996674	558	638	2	4	80	0.0500000
NODE_6599_length_1001_cov_17.996674	558	638	3	43	80	0.5375000
NODE_6599_length_1001_cov_17.996674	558	638	4	10	80	0.1250000
NODE_6600_length_1001_cov_16.798226	422	502	3	44	80	0.5500000
NODE_6600_length_1001_cov_16.798226	422	502	4	17	80	0.2125000
NODE_6600_length_1001_cov_16.798226	422	502	5	15	80	0.1875000
NODE_6600_length_1001_cov_16.798226	422	502	6	4	80	0.0500000
NODE_6600_length_1001_cov_16.798226	475	555	3	32	80	0.4000000
NODE_6600_length_1001_cov_16.798226	475	555	4	2	80	0.0250000
NODE_6600_length_1001_cov_16.798226	475	555	5	29	80	0.3625000
NODE_6600_length_1001_cov_16.798226	475	555	6	17	80	0.2125000
NODE_6600_length_1001_cov_16.798226	551	631	5	25	80	0.3125000
NODE_6600_length_1001_cov_16.798226	551	631	6	31	80	0.3875000
NODE_6600_length_1001_cov_16.798226	551	631	7	6	80	0.0750000
NODE_6600_length_1001_cov_16.798226	551	631	8	18	80	0.2250000
NODE_6600_length_1001_cov_16.798226	604	684	5	37	80	0.4625000
NODE_6600_length_1001_cov_16.798226	604	684	6	15	80	0.1875000
NODE_6600_length_1001_cov_16.798226	604	684	7	23	80	0.2875000
NODE_6600_length_1001_cov_16.798226	604	684	8	5	80	0.0625000
NODE_6601_length_1001_cov_12.778271	348	428	3	5	80	0.0625000
NODE_6601_length_1001_cov_12.778271	348	428	4	75	80	0.9375000
NODE_6601_length_1001_cov_12.778271	401	481	2	16	80	0.2000000
NODE_6601_length_1001_cov_12.778271	401	481	3	42	80	0.5250000
NODE_6601_length_1001_cov_12.778271	401	481	4	22	80	0.2750000
NODE_6602_length_1001_cov_12.305987	255	335	0	80	80	1.0000000
NODE_6602_length_1001_cov_12.305987	308	388	0	80	80	1.0000000
NODE_6603_length_1001_cov_11.955654	485	569	3	53	84	0.6309524
NODE_6603_length_1001_cov_11.955654	485	569	4	31	84	0.3690476
NODE_6603_length_1001_cov_11.955654	542	622	3	7	80	0.0875000
NODE_6603_length_1001_cov_11.955654	542	622	4	39	80	0.4875000
NODE_6603_length_1001_cov_11.955654	542	622	5	34	80	0.4250000
NODE_6604_length_1001_cov_10.156319	587	667	4	11	80	0.1375000
NODE_6604_length_1001_cov_10.156319	587	667	6	5	80	0.0625000
NODE_6604_length_1001_cov_10.156319	587	667	7	7	80	0.0875000
NODE_6604_length_1001_cov_10.156319	587	667	8	8	80	0.1000000
NODE_6604_length_1001_cov_10.156319	587	667	9	37	80	0.4625000
NODE_6604_length_1001_cov_10.156319	587	667	10	12	80	0.1500000
NODE_6604_length_1001_cov_10.156319	640	720	6	21	80	0.2625000
NODE_6604_length_1001_cov_10.156319	640	720	7	20	80	0.2500000
NODE_6604_length_1001_cov_10.156319	640	720	8	22	80	0.2750000
NODE_6604_length_1001_cov_10.156319	640	720	9	5	80	0.0625000
NODE_6604_length_1001_cov_10.156319	640	720	10	12	80	0.1500000
NODE_6605_length_1001_cov_9.754989	377	457	3	24	80	0.3000000
NODE_6605_length_1001_cov_9.754989	377	457	4	56	80	0.7000000
NODE_6605_length_1001_cov_9.754989	430	510	3	25	80	0.3125000
NODE_6605_length_1001_cov_9.754989	430	510	4	55	80	0.6875000
NODE_6607_length_1001_cov_4.616408	408	488	0	37	80	0.4625000
NODE_6607_length_1001_cov_4.616408	408	488	2	43	80	0.5375000
NODE_6607_length_1001_cov_4.616408	461	541	2	80	80	1.0000000
NODE_6616_length_1000_cov_55.578246	393	473	2	33	80	0.4125000
NODE_6616_length_1000_cov_55.578246	393	473	3	19	80	0.2375000
NODE_6616_length_1000_cov_55.578246	393	473	4	28	80	0.3500000
NODE_6616_length_1000_cov_55.578246	446	526	1	24	80	0.3000000
NODE_6616_length_1000_cov_55.578246	446	526	2	56	80	0.7000000
NODE_6616_length_1000_cov_55.578246	522	598	2	13	76	0.1710526
NODE_6616_length_1000_cov_55.578246	522	598	3	5	76	0.0657895
NODE_6616_length_1000_cov_55.578246	522	598	4	37	76	0.4868421
NODE_6616_length_1000_cov_55.578246	522	598	6	18	76	0.2368421
NODE_6616_length_1000_cov_55.578246	522	598	7	3	76	0.0394737
NODE_6616_length_1000_cov_55.578246	575	649	4	2	74	0.0270270
NODE_6616_length_1000_cov_55.578246	575	649	6	18	74	0.2432432
NODE_6616_length_1000_cov_55.578246	575	649	7	54	74	0.7297297
NODE_6617_length_1000_cov_51.534961	432	512	1	15	80	0.1875000
NODE_6617_length_1000_cov_51.534961	432	512	2	45	80	0.5625000
NODE_6617_length_1000_cov_51.534961	432	512	3	12	80	0.1500000
NODE_6617_length_1000_cov_51.534961	432	512	4	7	80	0.0875000
NODE_6617_length_1000_cov_51.534961	432	512	5	1	80	0.0125000
NODE_6617_length_1000_cov_51.534961	485	565	2	7	80	0.0875000
NODE_6617_length_1000_cov_51.534961	485	565	3	12	80	0.1500000
NODE_6617_length_1000_cov_51.534961	485	565	4	7	80	0.0875000
NODE_6617_length_1000_cov_51.534961	485	565	5	9	80	0.1125000
NODE_6617_length_1000_cov_51.534961	485	565	6	39	80	0.4875000
NODE_6617_length_1000_cov_51.534961	485	565	7	6	80	0.0750000
NODE_6617_length_1000_cov_51.534961	561	641	5	47	80	0.5875000
NODE_6617_length_1000_cov_51.534961	561	641	6	33	80	0.4125000
NODE_6617_length_1000_cov_51.534961	614	694	1	32	80	0.4000000
NODE_6617_length_1000_cov_51.534961	614	694	3	9	80	0.1125000
NODE_6617_length_1000_cov_51.534961	614	694	4	11	80	0.1375000
NODE_6617_length_1000_cov_51.534961	614	694	5	28	80	0.3500000
NODE_6618_length_1000_cov_39.011099	186	266	3	13	80	0.1625000
NODE_6618_length_1000_cov_39.011099	186	266	4	18	80	0.2250000
NODE_6618_length_1000_cov_39.011099	186	266	5	37	80	0.4625000
NODE_6618_length_1000_cov_39.011099	186	266	6	12	80	0.1500000
NODE_6618_length_1000_cov_39.011099	239	319	3	36	80	0.4500000
NODE_6618_length_1000_cov_39.011099	239	319	4	32	80	0.4000000
NODE_6618_length_1000_cov_39.011099	239	319	5	12	80	0.1500000
NODE_6619_length_1000_cov_19.897891	451	531	2	11	80	0.1375000
NODE_6619_length_1000_cov_19.897891	451	531	5	69	80	0.8625000
NODE_6619_length_1000_cov_19.897891	504	584	0	3	80	0.0375000
NODE_6619_length_1000_cov_19.897891	504	584	1	44	80	0.5500000
NODE_6619_length_1000_cov_19.897891	504	584	2	17	80	0.2125000
NODE_6619_length_1000_cov_19.897891	504	584	5	16	80	0.2000000
NODE_6619_length_1000_cov_19.897891	580	660	1	46	80	0.5750000
NODE_6619_length_1000_cov_19.897891	580	660	3	34	80	0.4250000
NODE_6619_length_1000_cov_19.897891	633	713	2	4	80	0.0500000
NODE_6619_length_1000_cov_19.897891	633	713	3	76	80	0.9500000
NODE_6620_length_1000_cov_13.349612	324	404	4	51	80	0.6375000
NODE_6620_length_1000_cov_13.349612	324	404	5	29	80	0.3625000
NODE_6620_length_1000_cov_13.349612	377	457	2	4	80	0.0500000
NODE_6620_length_1000_cov_13.349612	377	457	4	18	80	0.2250000
NODE_6620_length_1000_cov_13.349612	377	457	5	42	80	0.5250000
NODE_6620_length_1000_cov_13.349612	377	457	6	16	80	0.2000000
NODE_6621_length_1000_cov_11.463929	382	462	6	2	80	0.0250000
NODE_6621_length_1000_cov_11.463929	382	462	7	37	80	0.4625000
NODE_6621_length_1000_cov_11.463929	382	462	8	41	80	0.5125000
NODE_6621_length_1000_cov_11.463929	435	515	4	1	80	0.0125000
NODE_6621_length_1000_cov_11.463929	435	515	5	36	80	0.4500000
NODE_6621_length_1000_cov_11.463929	435	515	6	10	80	0.1250000
NODE_6621_length_1000_cov_11.463929	435	515	7	12	80	0.1500000
NODE_6621_length_1000_cov_11.463929	435	515	8	21	80	0.2625000
NODE_6622_length_1000_cov_9.675916	625	705	0	2	80	0.0250000
NODE_6622_length_1000_cov_9.675916	625	705	1	69	80	0.8625000
NODE_6622_length_1000_cov_9.675916	625	705	3	9	80	0.1125000
NODE_6622_length_1000_cov_9.675916	678	758	0	55	80	0.6875000
NODE_6622_length_1000_cov_9.675916	678	758	1	25	80	0.3125000
NODE_6623_length_1000_cov_7.051054	358	438	2	8	80	0.1000000
NODE_6623_length_1000_cov_7.051054	358	438	3	13	80	0.1625000
NODE_6623_length_1000_cov_7.051054	358	438	4	13	80	0.1625000
NODE_6623_length_1000_cov_7.051054	358	438	5	19	80	0.2375000
NODE_6623_length_1000_cov_7.051054	358	438	6	27	80	0.3375000
NODE_6623_length_1000_cov_7.051054	411	491	2	31	80	0.3875000
NODE_6623_length_1000_cov_7.051054	411	491	3	35	80	0.4375000
NODE_6623_length_1000_cov_7.051054	411	491	5	14	80	0.1750000
NODE_6626_length_1000_cov_3.652608	203	265	0	62	62	1.0000000
NODE_6639_length_999_cov_47.442222	604	684	7	5	80	0.0625000
NODE_6639_length_999_cov_47.442222	604	684	8	33	80	0.4125000
NODE_6639_length_999_cov_47.442222	604	684	9	21	80	0.2625000
NODE_6639_length_999_cov_47.442222	604	684	10	21	80	0.2625000
NODE_6639_length_999_cov_47.442222	657	723	4	30	66	0.4545455
NODE_6639_length_999_cov_47.442222	657	723	5	1	66	0.0151515
NODE_6639_length_999_cov_47.442222	657	723	6	5	66	0.0757576
NODE_6639_length_999_cov_47.442222	657	723	7	8	66	0.1212121
NODE_6639_length_999_cov_47.442222	657	723	8	16	66	0.2424242
NODE_6639_length_999_cov_47.442222	657	723	10	6	66	0.0909091
NODE_6640_length_999_cov_33.055556	458	540	5	76	82	0.9268293
NODE_6640_length_999_cov_33.055556	458	540	6	6	82	0.0731707
NODE_6640_length_999_cov_33.055556	513	593	3	35	80	0.4375000
NODE_6640_length_999_cov_33.055556	513	593	5	45	80	0.5625000
NODE_6641_length_999_cov_22.755556	493	573	8	5	80	0.0625000
NODE_6641_length_999_cov_22.755556	493	573	9	34	80	0.4250000
NODE_6641_length_999_cov_22.755556	493	573	10	39	80	0.4875000
NODE_6641_length_999_cov_22.755556	493	573	11	2	80	0.0250000
NODE_6641_length_999_cov_22.755556	546	626	3	6	80	0.0750000
NODE_6641_length_999_cov_22.755556	546	626	4	6	80	0.0750000
NODE_6641_length_999_cov_22.755556	546	626	5	2	80	0.0250000
NODE_6641_length_999_cov_22.755556	546	626	6	2	80	0.0250000
NODE_6641_length_999_cov_22.755556	546	626	7	30	80	0.3750000
NODE_6641_length_999_cov_22.755556	546	626	9	2	80	0.0250000
NODE_6641_length_999_cov_22.755556	546	626	10	32	80	0.4000000
NODE_6642_length_999_cov_21.842222	359	439	4	7	80	0.0875000
NODE_6642_length_999_cov_21.842222	359	439	6	3	80	0.0375000
NODE_6642_length_999_cov_21.842222	359	439	7	54	80	0.6750000
NODE_6642_length_999_cov_21.842222	359	439	8	16	80	0.2000000
NODE_6642_length_999_cov_21.842222	412	492	0	14	80	0.1750000
NODE_6642_length_999_cov_21.842222	412	492	1	6	80	0.0750000
NODE_6642_length_999_cov_21.842222	412	492	2	3	80	0.0375000
NODE_6642_length_999_cov_21.842222	412	492	4	12	80	0.1500000
NODE_6642_length_999_cov_21.842222	412	492	6	17	80	0.2125000
NODE_6642_length_999_cov_21.842222	412	492	7	28	80	0.3500000
NODE_6643_length_999_cov_20.006667	361	441	2	3	80	0.0375000
NODE_6643_length_999_cov_20.006667	361	441	3	35	80	0.4375000
NODE_6643_length_999_cov_20.006667	361	441	4	31	80	0.3875000
NODE_6643_length_999_cov_20.006667	361	441	6	10	80	0.1250000
NODE_6643_length_999_cov_20.006667	361	441	7	1	80	0.0125000
NODE_6643_length_999_cov_20.006667	414	494	4	16	80	0.2000000
NODE_6643_length_999_cov_20.006667	414	494	6	10	80	0.1250000
NODE_6643_length_999_cov_20.006667	414	494	7	26	80	0.3250000
NODE_6643_length_999_cov_20.006667	414	494	9	28	80	0.3500000
NODE_6643_length_999_cov_20.006667	490	570	6	30	80	0.3750000
NODE_6643_length_999_cov_20.006667	490	570	7	29	80	0.3625000
NODE_6643_length_999_cov_20.006667	490	570	8	13	80	0.1625000
NODE_6643_length_999_cov_20.006667	490	570	9	8	80	0.1000000
NODE_6643_length_999_cov_20.006667	543	623	1	8	80	0.1000000
NODE_6643_length_999_cov_20.006667	543	623	3	25	80	0.3125000
NODE_6643_length_999_cov_20.006667	543	623	4	10	80	0.1250000
NODE_6643_length_999_cov_20.006667	543	623	6	37	80	0.4625000
NODE_6645_length_999_cov_16.794444	438	518	9	4	80	0.0500000
NODE_6645_length_999_cov_16.794444	438	518	10	1	80	0.0125000
NODE_6645_length_999_cov_16.794444	438	518	12	37	80	0.4625000
NODE_6645_length_999_cov_16.794444	438	518	13	38	80	0.4750000
NODE_6645_length_999_cov_16.794444	491	571	11	7	80	0.0875000
NODE_6645_length_999_cov_16.794444	491	571	12	62	80	0.7750000
NODE_6645_length_999_cov_16.794444	491	571	13	11	80	0.1375000
NODE_6646_length_999_cov_15.146667	464	544	2	80	80	1.0000000
NODE_6646_length_999_cov_15.146667	517	597	0	36	80	0.4500000
NODE_6646_length_999_cov_15.146667	517	597	2	44	80	0.5500000
NODE_6648_length_999_cov_8.771111	361	441	0	80	80	1.0000000
NODE_6648_length_999_cov_8.771111	414	492	0	78	78	1.0000000
NODE_6649_length_999_cov_5.171111	417	497	0	80	80	1.0000000
NODE_6649_length_999_cov_5.171111	470	550	0	80	80	1.0000000
NODE_6650_length_999_cov_2.854444	35	101	0	66	66	1.0000000
NODE_6657_length_998_cov_30.697442	404	484	9	50	80	0.6250000
NODE_6657_length_998_cov_30.697442	404	484	10	19	80	0.2375000
NODE_6657_length_998_cov_30.697442	404	484	11	11	80	0.1375000
NODE_6657_length_998_cov_30.697442	457	537	6	8	80	0.1000000
NODE_6657_length_998_cov_30.697442	457	537	7	12	80	0.1500000
NODE_6657_length_998_cov_30.697442	457	537	8	9	80	0.1125000
NODE_6657_length_998_cov_30.697442	457	537	9	28	80	0.3500000
NODE_6657_length_998_cov_30.697442	457	537	10	12	80	0.1500000
NODE_6657_length_998_cov_30.697442	457	537	11	11	80	0.1375000
NODE_6657_length_998_cov_30.697442	533	613	3	3	80	0.0375000
NODE_6657_length_998_cov_30.697442	533	613	4	10	80	0.1250000
NODE_6657_length_998_cov_30.697442	533	613	5	49	80	0.6125000
NODE_6657_length_998_cov_30.697442	533	613	6	18	80	0.2250000
NODE_6657_length_998_cov_30.697442	586	666	2	30	80	0.3750000
NODE_6657_length_998_cov_30.697442	586	666	3	26	80	0.3250000
NODE_6657_length_998_cov_30.697442	586	666	4	10	80	0.1250000
NODE_6657_length_998_cov_30.697442	586	666	5	14	80	0.1750000
NODE_6658_length_998_cov_23.703003	235	315	2	2	80	0.0250000
NODE_6658_length_998_cov_23.703003	235	315	3	25	80	0.3125000
NODE_6658_length_998_cov_23.703003	235	315	4	1	80	0.0125000
NODE_6658_length_998_cov_23.703003	235	315	7	9	80	0.1125000
NODE_6658_length_998_cov_23.703003	235	315	9	16	80	0.2000000
NODE_6658_length_998_cov_23.703003	235	315	11	3	80	0.0375000
NODE_6658_length_998_cov_23.703003	235	315	12	24	80	0.3000000
NODE_6658_length_998_cov_23.703003	288	368	11	3	80	0.0375000
NODE_6658_length_998_cov_23.703003	288	368	12	70	80	0.8750000
NODE_6658_length_998_cov_23.703003	288	368	13	7	80	0.0875000
NODE_6659_length_998_cov_22.692992	531	611	1	80	80	1.0000000
NODE_6659_length_998_cov_22.692992	584	664	0	9	80	0.1125000
NODE_6659_length_998_cov_22.692992	584	664	1	71	80	0.8875000
NODE_6660_length_998_cov_11.152392	514	594	2	21	80	0.2625000
NODE_6660_length_998_cov_11.152392	514	594	4	59	80	0.7375000
NODE_6660_length_998_cov_11.152392	567	640	0	35	73	0.4794520
NODE_6660_length_998_cov_11.152392	567	640	2	19	73	0.2602740
NODE_6660_length_998_cov_11.152392	567	640	4	19	73	0.2602740
NODE_6660_length_998_cov_11.152392	636	716	0	80	80	1.0000000
NODE_6660_length_998_cov_11.152392	689	769	0	80	80	1.0000000
NODE_6661_length_998_cov_10.061179	422	502	3	36	80	0.4500000
NODE_6661_length_998_cov_10.061179	422	502	5	30	80	0.3750000
NODE_6661_length_998_cov_10.061179	422	502	6	14	80	0.1750000
NODE_6661_length_998_cov_10.061179	475	555	5	38	80	0.4750000
NODE_6661_length_998_cov_10.061179	475	555	6	42	80	0.5250000
NODE_6662_length_998_cov_7.126808	353	430	2	77	77	1.0000000
NODE_6662_length_998_cov_7.126808	403	483	0	9	80	0.1125000
NODE_6662_length_998_cov_7.126808	403	483	2	71	80	0.8875000
NODE_6669_length_997_cov_48.518931	445	525	4	7	80	0.0875000
NODE_6669_length_997_cov_48.518931	445	525	5	2	80	0.0250000
NODE_6669_length_997_cov_48.518931	445	525	6	34	80	0.4250000
NODE_6669_length_997_cov_48.518931	445	525	7	16	80	0.2000000
NODE_6669_length_997_cov_48.518931	445	525	8	21	80	0.2625000
NODE_6669_length_997_cov_48.518931	498	578	6	33	80	0.4125000
NODE_6669_length_997_cov_48.518931	498	578	7	16	80	0.2000000
NODE_6669_length_997_cov_48.518931	498	578	8	31	80	0.3875000
NODE_6670_length_997_cov_36.721604	400	480	6	1	80	0.0125000
NODE_6670_length_997_cov_36.721604	400	480	7	29	80	0.3625000
NODE_6670_length_997_cov_36.721604	400	480	9	6	80	0.0750000
NODE_6670_length_997_cov_36.721604	400	480	10	5	80	0.0625000
NODE_6670_length_997_cov_36.721604	400	480	12	2	80	0.0250000
NODE_6670_length_997_cov_36.721604	400	480	13	28	80	0.3500000
NODE_6670_length_997_cov_36.721604	400	480	14	6	80	0.0750000
NODE_6670_length_997_cov_36.721604	400	480	16	3	80	0.0375000
NODE_6670_length_997_cov_36.721604	453	533	12	6	80	0.0750000
NODE_6670_length_997_cov_36.721604	453	533	13	22	80	0.2750000
NODE_6670_length_997_cov_36.721604	453	533	14	10	80	0.1250000
NODE_6670_length_997_cov_36.721604	453	533	15	7	80	0.0875000
NODE_6670_length_997_cov_36.721604	453	533	16	35	80	0.4375000
NODE_6671_length_997_cov_22.646993	328	408	2	34	80	0.4250000
NODE_6671_length_997_cov_22.646993	328	408	3	32	80	0.4000000
NODE_6671_length_997_cov_22.646993	328	408	4	14	80	0.1750000
NODE_6671_length_997_cov_22.646993	381	461	3	13	80	0.1625000
NODE_6671_length_997_cov_22.646993	381	461	4	60	80	0.7500000
NODE_6671_length_997_cov_22.646993	381	461	6	7	80	0.0875000
NODE_6672_length_997_cov_19.709354	420	500	3	57	80	0.7125000
NODE_6672_length_997_cov_19.709354	420	500	4	23	80	0.2875000
NODE_6672_length_997_cov_19.709354	473	553	2	12	80	0.1500000
NODE_6672_length_997_cov_19.709354	473	553	3	50	80	0.6250000
NODE_6672_length_997_cov_19.709354	473	553	4	18	80	0.2250000
NODE_6672_length_997_cov_19.709354	549	629	3	10	80	0.1250000
NODE_6672_length_997_cov_19.709354	549	629	4	40	80	0.5000000
NODE_6672_length_997_cov_19.709354	549	629	5	30	80	0.3750000
NODE_6672_length_997_cov_19.709354	602	682	3	30	80	0.3750000
NODE_6672_length_997_cov_19.709354	602	682	4	36	80	0.4500000
NODE_6672_length_997_cov_19.709354	602	682	5	14	80	0.1750000
NODE_6673_length_997_cov_17.947661	465	545	2	5	80	0.0625000
NODE_6673_length_997_cov_17.947661	465	545	3	34	80	0.4250000
NODE_6673_length_997_cov_17.947661	465	545	4	5	80	0.0625000
NODE_6673_length_997_cov_17.947661	465	545	5	36	80	0.4500000
NODE_6673_length_997_cov_17.947661	518	598	3	56	80	0.7000000
NODE_6673_length_997_cov_17.947661	518	598	4	11	80	0.1375000
NODE_6673_length_997_cov_17.947661	518	598	5	13	80	0.1625000
NODE_6673_length_997_cov_17.947661	594	674	1	29	80	0.3625000
NODE_6673_length_997_cov_17.947661	594	674	2	5	80	0.0625000
NODE_6673_length_997_cov_17.947661	594	674	3	20	80	0.2500000
NODE_6673_length_997_cov_17.947661	594	674	4	26	80	0.3250000
NODE_6673_length_997_cov_17.947661	647	727	1	39	80	0.4875000
NODE_6673_length_997_cov_17.947661	647	727	2	41	80	0.5125000
NODE_6674_length_997_cov_14.718263	388	468	3	35	80	0.4375000
NODE_6674_length_997_cov_14.718263	388	468	4	8	80	0.1000000
NODE_6674_length_997_cov_14.718263	388	468	5	37	80	0.4625000
NODE_6674_length_997_cov_14.718263	441	521	5	40	80	0.5000000
NODE_6674_length_997_cov_14.718263	441	521	6	2	80	0.0250000
NODE_6674_length_997_cov_14.718263	441	521	7	9	80	0.1125000
NODE_6674_length_997_cov_14.718263	441	521	8	7	80	0.0875000
NODE_6674_length_997_cov_14.718263	441	521	9	22	80	0.2750000
NODE_6675_length_997_cov_7.114699	307	387	2	41	80	0.5125000
NODE_6675_length_997_cov_7.114699	307	387	4	39	80	0.4875000
NODE_6675_length_997_cov_7.114699	360	440	2	66	80	0.8250000
NODE_6675_length_997_cov_7.114699	360	440	4	14	80	0.1750000
NODE_6694_length_996_cov_59.568562	387	467	8	11	80	0.1375000
NODE_6694_length_996_cov_59.568562	387	467	9	16	80	0.2000000
NODE_6694_length_996_cov_59.568562	387	467	11	3	80	0.0375000
NODE_6694_length_996_cov_59.568562	387	467	14	15	80	0.1875000
NODE_6694_length_996_cov_59.568562	387	467	16	6	80	0.0750000
NODE_6694_length_996_cov_59.568562	387	467	17	22	80	0.2750000
NODE_6694_length_996_cov_59.568562	387	467	18	7	80	0.0875000
NODE_6694_length_996_cov_59.568562	440	520	15	4	80	0.0500000
NODE_6694_length_996_cov_59.568562	440	520	16	17	80	0.2125000
NODE_6694_length_996_cov_59.568562	440	520	17	20	80	0.2500000
NODE_6694_length_996_cov_59.568562	440	520	18	24	80	0.3000000
NODE_6694_length_996_cov_59.568562	440	520	19	15	80	0.1875000
NODE_6695_length_996_cov_32.462653	503	583	4	11	80	0.1375000
NODE_6695_length_996_cov_32.462653	503	583	5	28	80	0.3500000
NODE_6695_length_996_cov_32.462653	503	583	6	41	80	0.5125000
NODE_6695_length_996_cov_32.462653	556	636	4	27	80	0.3375000
NODE_6695_length_996_cov_32.462653	556	636	5	53	80	0.6625000
NODE_6696_length_996_cov_23.312152	571	651	4	33	80	0.4125000
NODE_6696_length_996_cov_23.312152	571	651	5	26	80	0.3250000
NODE_6696_length_996_cov_23.312152	571	651	6	15	80	0.1875000
NODE_6696_length_996_cov_23.312152	571	651	7	6	80	0.0750000
NODE_6696_length_996_cov_23.312152	624	704	4	19	80	0.2375000
NODE_6696_length_996_cov_23.312152	624	704	5	18	80	0.2250000
NODE_6696_length_996_cov_23.312152	624	704	6	37	80	0.4625000
NODE_6696_length_996_cov_23.312152	624	704	7	6	80	0.0750000
NODE_6697_length_996_cov_20.979933	533	613	9	56	80	0.7000000
NODE_6697_length_996_cov_20.979933	533	613	10	13	80	0.1625000
NODE_6697_length_996_cov_20.979933	533	613	11	11	80	0.1375000
NODE_6697_length_996_cov_20.979933	586	666	4	13	80	0.1625000
NODE_6697_length_996_cov_20.979933	586	666	5	24	80	0.3000000
NODE_6697_length_996_cov_20.979933	586	666	6	10	80	0.1250000
NODE_6697_length_996_cov_20.979933	586	666	7	4	80	0.0500000
NODE_6697_length_996_cov_20.979933	586	666	9	29	80	0.3625000
NODE_6698_length_996_cov_17.865106	535	615	3	9	80	0.1125000
NODE_6698_length_996_cov_17.865106	535	615	4	2	80	0.0250000
NODE_6698_length_996_cov_17.865106	535	615	6	3	80	0.0375000
NODE_6698_length_996_cov_17.865106	535	615	8	6	80	0.0750000
NODE_6698_length_996_cov_17.865106	535	615	10	22	80	0.2750000
NODE_6698_length_996_cov_17.865106	535	615	12	5	80	0.0625000
NODE_6698_length_996_cov_17.865106	535	615	13	1	80	0.0125000
NODE_6698_length_996_cov_17.865106	535	615	14	7	80	0.0875000
NODE_6698_length_996_cov_17.865106	535	615	15	25	80	0.3125000
NODE_6698_length_996_cov_17.865106	588	668	7	2	80	0.0250000
NODE_6698_length_996_cov_17.865106	588	668	9	6	80	0.0750000
NODE_6698_length_996_cov_17.865106	588	668	12	7	80	0.0875000
NODE_6698_length_996_cov_17.865106	588	668	13	10	80	0.1250000
NODE_6698_length_996_cov_17.865106	588	668	14	9	80	0.1125000
NODE_6698_length_996_cov_17.865106	588	668	15	46	80	0.5750000
NODE_6699_length_996_cov_10.297659	499	579	2	80	80	1.0000000
NODE_6699_length_996_cov_10.297659	552	630	0	24	78	0.3076923
NODE_6699_length_996_cov_10.297659	552	630	2	54	78	0.6923077
NODE_6702_length_996_cov_3.205128	499	555	0	56	56	1.0000000
NODE_6707_length_995_cov_26.131696	543	623	2	38	80	0.4750000
NODE_6707_length_995_cov_26.131696	543	623	4	42	80	0.5250000
NODE_6707_length_995_cov_26.131696	596	676	0	51	80	0.6375000
NODE_6707_length_995_cov_26.131696	596	676	2	29	80	0.3625000
NODE_6708_length_995_cov_20.262277	457	537	2	19	80	0.2375000
NODE_6708_length_995_cov_20.262277	457	537	3	21	80	0.2625000
NODE_6708_length_995_cov_20.262277	457	537	4	40	80	0.5000000
NODE_6708_length_995_cov_20.262277	510	590	3	35	80	0.4375000
NODE_6708_length_995_cov_20.262277	510	590	4	45	80	0.5625000
NODE_6709_length_995_cov_19.382812	457	537	3	14	80	0.1750000
NODE_6709_length_995_cov_19.382812	457	537	4	6	80	0.0750000
NODE_6709_length_995_cov_19.382812	457	537	5	25	80	0.3125000
NODE_6709_length_995_cov_19.382812	457	537	6	35	80	0.4375000
NODE_6709_length_995_cov_19.382812	510	590	3	2	80	0.0250000
NODE_6709_length_995_cov_19.382812	510	590	4	57	80	0.7125000
NODE_6709_length_995_cov_19.382812	510	590	6	21	80	0.2625000
NODE_6710_length_995_cov_19.034598	453	533	4	20	80	0.2500000
NODE_6710_length_995_cov_19.034598	453	533	5	15	80	0.1875000
NODE_6710_length_995_cov_19.034598	453	533	6	45	80	0.5625000
NODE_6710_length_995_cov_19.034598	506	586	2	34	80	0.4250000
NODE_6710_length_995_cov_19.034598	506	586	3	3	80	0.0375000
NODE_6710_length_995_cov_19.034598	506	586	4	13	80	0.1625000
NODE_6710_length_995_cov_19.034598	506	586	5	18	80	0.2250000
NODE_6710_length_995_cov_19.034598	506	586	6	12	80	0.1500000
NODE_6711_length_995_cov_9.734375	222	323	3	36	101	0.3564357
NODE_6711_length_995_cov_9.734375	222	323	4	40	101	0.3960396
NODE_6711_length_995_cov_9.734375	222	323	5	19	101	0.1881188
NODE_6711_length_995_cov_9.734375	222	323	6	5	101	0.0495050
NODE_6711_length_995_cov_9.734375	222	323	7	1	101	0.0099010
NODE_6711_length_995_cov_9.734375	296	376	3	35	80	0.4375000
NODE_6711_length_995_cov_9.734375	296	376	4	33	80	0.4125000
NODE_6711_length_995_cov_9.734375	296	376	5	12	80	0.1500000
NODE_6723_length_994_cov_74.678212	362	442	1	5	80	0.0625000
NODE_6723_length_994_cov_74.678212	362	442	2	32	80	0.4000000
NODE_6723_length_994_cov_74.678212	362	442	3	13	80	0.1625000
NODE_6723_length_994_cov_74.678212	362	442	4	30	80	0.3750000
NODE_6723_length_994_cov_74.678212	415	495	1	5	80	0.0625000
NODE_6723_length_994_cov_74.678212	415	495	2	22	80	0.2750000
NODE_6723_length_994_cov_74.678212	415	495	4	10	80	0.1250000
NODE_6723_length_994_cov_74.678212	415	495	6	9	80	0.1125000
NODE_6723_length_994_cov_74.678212	415	495	7	4	80	0.0500000
NODE_6723_length_994_cov_74.678212	415	495	8	24	80	0.3000000
NODE_6723_length_994_cov_74.678212	415	495	9	6	80	0.0750000
NODE_6723_length_994_cov_74.678212	491	571	9	9	80	0.1125000
NODE_6723_length_994_cov_74.678212	491	571	11	11	80	0.1375000
NODE_6723_length_994_cov_74.678212	491	571	13	13	80	0.1625000
NODE_6723_length_994_cov_74.678212	491	571	14	16	80	0.2000000
NODE_6723_length_994_cov_74.678212	491	571	15	31	80	0.3875000
NODE_6723_length_994_cov_74.678212	544	624	10	10	80	0.1250000
NODE_6723_length_994_cov_74.678212	544	624	11	11	80	0.1375000
NODE_6723_length_994_cov_74.678212	544	624	12	11	80	0.1375000
NODE_6723_length_994_cov_74.678212	544	624	13	23	80	0.2875000
NODE_6723_length_994_cov_74.678212	544	624	14	5	80	0.0625000
NODE_6723_length_994_cov_74.678212	544	624	15	19	80	0.2375000
NODE_6723_length_994_cov_74.678212	544	624	16	1	80	0.0125000
NODE_6724_length_994_cov_26.045810	442	522	6	2	80	0.0250000
NODE_6724_length_994_cov_26.045810	442	522	8	29	80	0.3625000
NODE_6724_length_994_cov_26.045810	442	522	9	9	80	0.1125000
NODE_6724_length_994_cov_26.045810	442	522	11	21	80	0.2625000
NODE_6724_length_994_cov_26.045810	442	522	12	5	80	0.0625000
NODE_6724_length_994_cov_26.045810	442	522	13	14	80	0.1750000
NODE_6724_length_994_cov_26.045810	495	575	8	2	80	0.0250000
NODE_6724_length_994_cov_26.045810	495	575	9	14	80	0.1750000
NODE_6724_length_994_cov_26.045810	495	575	11	30	80	0.3750000
NODE_6724_length_994_cov_26.045810	495	575	12	20	80	0.2500000
NODE_6724_length_994_cov_26.045810	495	575	13	14	80	0.1750000
NODE_6725_length_994_cov_25.240223	504	584	5	9	80	0.1125000
NODE_6725_length_994_cov_25.240223	504	584	7	19	80	0.2375000
NODE_6725_length_994_cov_25.240223	504	584	8	5	80	0.0625000
NODE_6725_length_994_cov_25.240223	504	584	10	20	80	0.2500000
NODE_6725_length_994_cov_25.240223	504	584	11	27	80	0.3375000
NODE_6725_length_994_cov_25.240223	557	637	8	26	80	0.3250000
NODE_6725_length_994_cov_25.240223	557	637	10	11	80	0.1375000
NODE_6725_length_994_cov_25.240223	557	637	11	43	80	0.5375000
NODE_6726_length_994_cov_24.615642	422	502	0	31	80	0.3875000
NODE_6726_length_994_cov_24.615642	422	502	2	49	80	0.6125000
NODE_6726_length_994_cov_24.615642	475	555	0	53	80	0.6625000
NODE_6726_length_994_cov_24.615642	475	555	1	17	80	0.2125000
NODE_6726_length_994_cov_24.615642	475	555	2	10	80	0.1250000
NODE_6726_length_994_cov_24.615642	551	631	2	13	80	0.1625000
NODE_6726_length_994_cov_24.615642	551	631	3	10	80	0.1250000
NODE_6726_length_994_cov_24.615642	551	631	5	13	80	0.1625000
NODE_6726_length_994_cov_24.615642	551	631	6	44	80	0.5500000
NODE_6726_length_994_cov_24.615642	604	684	5	6	80	0.0750000
NODE_6726_length_994_cov_24.615642	604	684	6	74	80	0.9250000
NODE_6727_length_994_cov_22.593296	323	403	1	8	80	0.1000000
NODE_6727_length_994_cov_22.593296	323	403	2	57	80	0.7125000
NODE_6727_length_994_cov_22.593296	323	403	3	14	80	0.1750000
NODE_6727_length_994_cov_22.593296	323	403	5	1	80	0.0125000
NODE_6727_length_994_cov_22.593296	376	456	2	12	80	0.1500000
NODE_6727_length_994_cov_22.593296	376	456	3	14	80	0.1750000
NODE_6727_length_994_cov_22.593296	376	456	5	3	80	0.0375000
NODE_6727_length_994_cov_22.593296	376	456	6	29	80	0.3625000
NODE_6727_length_994_cov_22.593296	376	456	7	22	80	0.2750000
NODE_6727_length_994_cov_22.593296	452	532	7	44	80	0.5500000
NODE_6727_length_994_cov_22.593296	452	532	8	36	80	0.4500000
NODE_6727_length_994_cov_22.593296	505	585	2	13	80	0.1625000
NODE_6727_length_994_cov_22.593296	505	585	3	12	80	0.1500000
NODE_6727_length_994_cov_22.593296	505	585	4	8	80	0.1000000
NODE_6727_length_994_cov_22.593296	505	585	6	10	80	0.1250000
NODE_6727_length_994_cov_22.593296	505	585	7	29	80	0.3625000
NODE_6727_length_994_cov_22.593296	505	585	8	8	80	0.1000000
NODE_6728_length_994_cov_6.985475	0	58	0	58	58	1.0000000
NODE_6728_length_994_cov_6.985475	15	95	0	80	80	1.0000000
NODE_6728_length_994_cov_6.985475	68	148	0	80	80	1.0000000
NODE_6740_length_993_cov_56.321029	266	346	2	21	80	0.2625000
NODE_6740_length_993_cov_56.321029	266	346	3	34	80	0.4250000
NODE_6740_length_993_cov_56.321029	266	346	4	25	80	0.3125000
NODE_6740_length_993_cov_56.321029	319	399	3	2	80	0.0250000
NODE_6740_length_993_cov_56.321029	319	399	4	59	80	0.7375000
NODE_6740_length_993_cov_56.321029	319	399	5	19	80	0.2375000
NODE_6740_length_993_cov_56.321029	400	470	4	24	70	0.3428572
NODE_6740_length_993_cov_56.321029	400	470	5	10	70	0.1428571
NODE_6740_length_993_cov_56.321029	400	470	6	22	70	0.3142857
NODE_6740_length_993_cov_56.321029	400	470	7	14	70	0.2000000
NODE_6740_length_993_cov_56.321029	443	523	5	15	80	0.1875000
NODE_6740_length_993_cov_56.321029	443	523	6	50	80	0.6250000
NODE_6740_length_993_cov_56.321029	443	523	7	15	80	0.1875000
NODE_6741_length_993_cov_44.695749	385	465	5	7	80	0.0875000
NODE_6741_length_993_cov_44.695749	385	465	6	21	80	0.2625000
NODE_6741_length_993_cov_44.695749	385	465	8	26	80	0.3250000
NODE_6741_length_993_cov_44.695749	385	465	9	24	80	0.3000000
NODE_6741_length_993_cov_44.695749	385	465	10	2	80	0.0250000
NODE_6741_length_993_cov_44.695749	438	518	7	2	80	0.0250000
NODE_6741_length_993_cov_44.695749	438	518	8	29	80	0.3625000
NODE_6741_length_993_cov_44.695749	438	518	9	49	80	0.6125000
NODE_6742_length_993_cov_40.574944	417	497	6	1	80	0.0125000
NODE_6742_length_993_cov_40.574944	417	497	7	43	80	0.5375000
NODE_6742_length_993_cov_40.574944	417	497	8	12	80	0.1500000
NODE_6742_length_993_cov_40.574944	417	497	9	3	80	0.0375000
NODE_6742_length_993_cov_40.574944	417	497	10	1	80	0.0125000
NODE_6742_length_993_cov_40.574944	417	497	11	8	80	0.1000000
NODE_6742_length_993_cov_40.574944	417	497	12	12	80	0.1500000
NODE_6742_length_993_cov_40.574944	470	550	8	7	80	0.0875000
NODE_6742_length_993_cov_40.574944	470	550	9	28	80	0.3500000
NODE_6742_length_993_cov_40.574944	470	550	10	6	80	0.0750000
NODE_6742_length_993_cov_40.574944	470	550	11	10	80	0.1250000
NODE_6742_length_993_cov_40.574944	470	550	12	29	80	0.3625000
NODE_6742_length_993_cov_40.574944	546	628	4	2	82	0.0243902
NODE_6742_length_993_cov_40.574944	546	628	6	3	82	0.0365854
NODE_6742_length_993_cov_40.574944	546	628	7	25	82	0.3048781
NODE_6742_length_993_cov_40.574944	546	628	8	34	82	0.4146341
NODE_6742_length_993_cov_40.574944	546	628	9	17	82	0.2073171
NODE_6742_length_993_cov_40.574944	546	628	10	1	82	0.0121951
NODE_6742_length_993_cov_40.574944	601	681	3	46	80	0.5750000
NODE_6742_length_993_cov_40.574944	601	681	4	9	80	0.1125000
NODE_6742_length_993_cov_40.574944	601	681	6	3	80	0.0375000
NODE_6742_length_993_cov_40.574944	601	681	7	13	80	0.1625000
NODE_6742_length_993_cov_40.574944	601	681	8	9	80	0.1125000
NODE_6743_length_993_cov_39.817673	3	83	0	80	80	1.0000000
NODE_6744_length_993_cov_30.128635	477	557	3	1	80	0.0125000
NODE_6744_length_993_cov_30.128635	477	557	4	3	80	0.0375000
NODE_6744_length_993_cov_30.128635	477	557	5	35	80	0.4375000
NODE_6744_length_993_cov_30.128635	477	557	6	20	80	0.2500000
NODE_6744_length_993_cov_30.128635	477	557	7	21	80	0.2625000
NODE_6744_length_993_cov_30.128635	530	610	5	3	80	0.0375000
NODE_6744_length_993_cov_30.128635	530	610	6	3	80	0.0375000
NODE_6744_length_993_cov_30.128635	530	610	7	22	80	0.2750000
NODE_6744_length_993_cov_30.128635	530	610	8	21	80	0.2625000
NODE_6744_length_993_cov_30.128635	530	610	9	11	80	0.1375000
NODE_6744_length_993_cov_30.128635	530	610	10	20	80	0.2500000
NODE_6745_length_993_cov_17.435123	573	653	3	15	80	0.1875000
NODE_6745_length_993_cov_17.435123	573	653	4	21	80	0.2625000
NODE_6745_length_993_cov_17.435123	573	653	6	44	80	0.5500000
NODE_6745_length_993_cov_17.435123	626	706	3	59	80	0.7375000
NODE_6745_length_993_cov_17.435123	626	706	4	21	80	0.2625000
NODE_6746_length_993_cov_13.074944	483	563	4	36	80	0.4500000
NODE_6746_length_993_cov_13.074944	483	563	6	44	80	0.5500000
NODE_6746_length_993_cov_13.074944	536	616	2	8	80	0.1000000
NODE_6746_length_993_cov_13.074944	536	616	4	26	80	0.3250000
NODE_6746_length_993_cov_13.074944	536	616	5	17	80	0.2125000
NODE_6746_length_993_cov_13.074944	536	616	6	29	80	0.3625000
NODE_6747_length_993_cov_10.190157	500	580	0	4	80	0.0500000
NODE_6747_length_993_cov_10.190157	500	580	1	76	80	0.9500000
NODE_6747_length_993_cov_10.190157	553	633	1	80	80	1.0000000
NODE_6756_length_993_cov_0.909396	16	73	0	57	57	1.0000000
NODE_6757_length_992_cov_36.119821	354	434	3	12	80	0.1500000
NODE_6757_length_992_cov_36.119821	354	434	4	25	80	0.3125000
NODE_6757_length_992_cov_36.119821	354	434	5	43	80	0.5375000
NODE_6757_length_992_cov_36.119821	407	487	1	25	80	0.3125000
NODE_6757_length_992_cov_36.119821	407	487	2	11	80	0.1375000
NODE_6757_length_992_cov_36.119821	407	487	4	42	80	0.5250000
NODE_6757_length_992_cov_36.119821	407	487	5	2	80	0.0250000
NODE_6757_length_992_cov_36.119821	483	563	0	23	80	0.2875000
NODE_6757_length_992_cov_36.119821	483	563	1	57	80	0.7125000
NODE_6757_length_992_cov_36.119821	536	616	1	80	80	1.0000000
NODE_6758_length_992_cov_34.802912	443	523	3	31	80	0.3875000
NODE_6758_length_992_cov_34.802912	443	523	4	11	80	0.1375000
NODE_6758_length_992_cov_34.802912	443	523	5	24	80	0.3000000
NODE_6758_length_992_cov_34.802912	443	523	6	14	80	0.1750000
NODE_6758_length_992_cov_34.802912	496	576	3	1	80	0.0125000
NODE_6758_length_992_cov_34.802912	496	576	4	25	80	0.3125000
NODE_6758_length_992_cov_34.802912	496	576	5	13	80	0.1625000
NODE_6758_length_992_cov_34.802912	496	576	6	41	80	0.5125000
NODE_6759_length_992_cov_33.047032	381	461	0	37	80	0.4625000
NODE_6759_length_992_cov_33.047032	381	461	2	19	80	0.2375000
NODE_6759_length_992_cov_33.047032	381	461	3	20	80	0.2500000
NODE_6759_length_992_cov_33.047032	381	461	5	4	80	0.0500000
NODE_6759_length_992_cov_33.047032	434	514	2	3	80	0.0375000
NODE_6759_length_992_cov_33.047032	434	514	3	20	80	0.2500000
NODE_6759_length_992_cov_33.047032	434	514	5	21	80	0.2625000
NODE_6759_length_992_cov_33.047032	434	514	6	36	80	0.4500000
NODE_6759_length_992_cov_33.047032	510	590	3	3	80	0.0375000
NODE_6759_length_992_cov_33.047032	510	590	4	42	80	0.5250000
NODE_6759_length_992_cov_33.047032	510	590	6	33	80	0.4125000
NODE_6759_length_992_cov_33.047032	510	590	8	2	80	0.0250000
NODE_6759_length_992_cov_33.047032	563	643	1	15	80	0.1875000
NODE_6759_length_992_cov_33.047032	563	643	2	1	80	0.0125000
NODE_6759_length_992_cov_33.047032	563	643	3	26	80	0.3250000
NODE_6759_length_992_cov_33.047032	563	643	4	38	80	0.4750000
NODE_6760_length_992_cov_23.543113	435	515	1	34	80	0.4250000
NODE_6760_length_992_cov_23.543113	435	515	3	38	80	0.4750000
NODE_6760_length_992_cov_23.543113	435	515	4	8	80	0.1000000
NODE_6760_length_992_cov_23.543113	488	568	3	39	80	0.4875000
NODE_6760_length_992_cov_23.543113	488	568	4	41	80	0.5125000
NODE_6761_length_992_cov_22.608063	440	520	4	63	80	0.7875000
NODE_6761_length_992_cov_22.608063	440	520	5	17	80	0.2125000
NODE_6761_length_992_cov_22.608063	493	573	4	79	80	0.9875000
NODE_6761_length_992_cov_22.608063	493	573	5	1	80	0.0125000
NODE_6762_length_992_cov_21.427772	216	296	6	6	80	0.0750000
NODE_6762_length_992_cov_21.427772	216	296	7	41	80	0.5125000
NODE_6762_length_992_cov_21.427772	216	296	8	11	80	0.1375000
NODE_6762_length_992_cov_21.427772	216	296	9	22	80	0.2750000
NODE_6762_length_992_cov_21.427772	269	349	6	23	80	0.2875000
NODE_6762_length_992_cov_21.427772	269	349	7	4	80	0.0500000
NODE_6762_length_992_cov_21.427772	269	349	8	10	80	0.1250000
NODE_6762_length_992_cov_21.427772	269	349	9	43	80	0.5375000
NODE_6763_length_992_cov_20.010078	312	392	4	23	80	0.2875000
NODE_6763_length_992_cov_20.010078	312	392	6	19	80	0.2375000
NODE_6763_length_992_cov_20.010078	312	392	7	27	80	0.3375000
NODE_6763_length_992_cov_20.010078	312	392	8	11	80	0.1375000
NODE_6763_length_992_cov_20.010078	365	445	2	5	80	0.0625000
NODE_6763_length_992_cov_20.010078	365	445	4	55	80	0.6875000
NODE_6763_length_992_cov_20.010078	365	445	6	19	80	0.2375000
NODE_6763_length_992_cov_20.010078	365	445	8	1	80	0.0125000
NODE_6764_length_992_cov_16.524076	465	545	2	24	80	0.3000000
NODE_6764_length_992_cov_16.524076	465	545	3	14	80	0.1750000
NODE_6764_length_992_cov_16.524076	465	545	4	42	80	0.5250000
NODE_6764_length_992_cov_16.524076	518	598	3	4	80	0.0500000
NODE_6764_length_992_cov_16.524076	518	598	4	76	80	0.9500000
NODE_6765_length_992_cov_16.266517	396	476	10	10	80	0.1250000
NODE_6765_length_992_cov_16.266517	396	476	11	56	80	0.7000000
NODE_6765_length_992_cov_16.266517	396	476	12	14	80	0.1750000
NODE_6765_length_992_cov_16.266517	449	529	6	7	80	0.0875000
NODE_6765_length_992_cov_16.266517	449	529	8	7	80	0.0875000
NODE_6765_length_992_cov_16.266517	449	529	10	13	80	0.1625000
NODE_6765_length_992_cov_16.266517	449	529	11	24	80	0.3000000
NODE_6765_length_992_cov_16.266517	449	529	12	29	80	0.3625000
NODE_6766_length_992_cov_16.146697	272	352	3	80	80	1.0000000
NODE_6766_length_992_cov_16.146697	325	405	3	53	80	0.6625000
NODE_6766_length_992_cov_16.146697	325	405	4	27	80	0.3375000
NODE_6767_length_992_cov_15.212766	354	434	2	1	80	0.0125000
NODE_6767_length_992_cov_15.212766	354	434	4	3	80	0.0375000
NODE_6767_length_992_cov_15.212766	354	434	6	44	80	0.5500000
NODE_6767_length_992_cov_15.212766	354	434	7	20	80	0.2500000
NODE_6767_length_992_cov_15.212766	354	434	8	12	80	0.1500000
NODE_6767_length_992_cov_15.212766	407	487	2	32	80	0.4000000
NODE_6767_length_992_cov_15.212766	407	487	4	16	80	0.2000000
NODE_6767_length_992_cov_15.212766	407	487	6	32	80	0.4000000
NODE_6767_length_992_cov_15.212766	483	563	6	8	80	0.1000000
NODE_6767_length_992_cov_15.212766	483	563	7	17	80	0.2125000
NODE_6767_length_992_cov_15.212766	483	563	8	8	80	0.1000000
NODE_6767_length_992_cov_15.212766	483	563	9	25	80	0.3125000
NODE_6767_length_992_cov_15.212766	483	563	10	9	80	0.1125000
NODE_6767_length_992_cov_15.212766	483	563	11	13	80	0.1625000
NODE_6767_length_992_cov_15.212766	536	616	7	17	80	0.2125000
NODE_6767_length_992_cov_15.212766	536	616	8	22	80	0.2750000
NODE_6767_length_992_cov_15.212766	536	616	9	41	80	0.5125000
NODE_6781_length_991_cov_48.582960	451	531	12	16	80	0.2000000
NODE_6781_length_991_cov_48.582960	451	531	13	12	80	0.1500000
NODE_6781_length_991_cov_48.582960	451	531	14	6	80	0.0750000
NODE_6781_length_991_cov_48.582960	451	531	15	5	80	0.0625000
NODE_6781_length_991_cov_48.582960	451	531	16	27	80	0.3375000
NODE_6781_length_991_cov_48.582960	451	531	17	3	80	0.0375000
NODE_6781_length_991_cov_48.582960	451	531	18	4	80	0.0500000
NODE_6781_length_991_cov_48.582960	451	531	19	7	80	0.0875000
NODE_6781_length_991_cov_48.582960	504	584	10	5	80	0.0625000
NODE_6781_length_991_cov_48.582960	504	584	12	8	80	0.1000000
NODE_6781_length_991_cov_48.582960	504	584	13	4	80	0.0500000
NODE_6781_length_991_cov_48.582960	504	584	14	1	80	0.0125000
NODE_6781_length_991_cov_48.582960	504	584	15	8	80	0.1000000
NODE_6781_length_991_cov_48.582960	504	584	16	14	80	0.1750000
NODE_6781_length_991_cov_48.582960	504	584	17	7	80	0.0875000
NODE_6781_length_991_cov_48.582960	504	584	18	12	80	0.1500000
NODE_6781_length_991_cov_48.582960	504	584	19	10	80	0.1250000
NODE_6781_length_991_cov_48.582960	504	584	20	11	80	0.1375000
NODE_6782_length_991_cov_25.891256	340	420	0	80	80	1.0000000
NODE_6782_length_991_cov_25.891256	393	473	0	80	80	1.0000000
NODE_6782_length_991_cov_25.891256	469	549	0	80	80	1.0000000
NODE_6782_length_991_cov_25.891256	522	602	0	80	80	1.0000000
NODE_6783_length_991_cov_25.392377	377	457	6	6	80	0.0750000
NODE_6783_length_991_cov_25.392377	377	457	7	4	80	0.0500000
NODE_6783_length_991_cov_25.392377	377	457	8	2	80	0.0250000
NODE_6783_length_991_cov_25.392377	377	457	9	8	80	0.1000000
NODE_6783_length_991_cov_25.392377	377	457	10	10	80	0.1250000
NODE_6783_length_991_cov_25.392377	377	457	12	25	80	0.3125000
NODE_6783_length_991_cov_25.392377	377	457	13	24	80	0.3000000
NODE_6783_length_991_cov_25.392377	377	457	14	1	80	0.0125000
NODE_6783_length_991_cov_25.392377	430	510	9	7	80	0.0875000
NODE_6783_length_991_cov_25.392377	430	510	11	27	80	0.3375000
NODE_6783_length_991_cov_25.392377	430	510	12	15	80	0.1875000
NODE_6783_length_991_cov_25.392377	430	510	13	30	80	0.3750000
NODE_6783_length_991_cov_25.392377	430	510	14	1	80	0.0125000
NODE_6783_length_991_cov_25.392377	506	586	4	5	80	0.0625000
NODE_6783_length_991_cov_25.392377	506	586	5	36	80	0.4500000
NODE_6783_length_991_cov_25.392377	506	586	6	8	80	0.1000000
NODE_6783_length_991_cov_25.392377	506	586	7	4	80	0.0500000
NODE_6783_length_991_cov_25.392377	506	586	8	11	80	0.1375000
NODE_6783_length_991_cov_25.392377	506	586	9	16	80	0.2000000
NODE_6783_length_991_cov_25.392377	559	639	1	19	80	0.2375000
NODE_6783_length_991_cov_25.392377	559	639	2	28	80	0.3500000
NODE_6783_length_991_cov_25.392377	559	639	3	2	80	0.0250000
NODE_6783_length_991_cov_25.392377	559	639	4	9	80	0.1125000
NODE_6783_length_991_cov_25.392377	559	639	5	22	80	0.2750000
NODE_6784_length_991_cov_22.210762	421	501	0	21	80	0.2625000
NODE_6784_length_991_cov_22.210762	421	501	4	17	80	0.2125000
NODE_6784_length_991_cov_22.210762	421	501	6	42	80	0.5250000
NODE_6784_length_991_cov_22.210762	474	554	6	80	80	1.0000000
NODE_6785_length_991_cov_18.008969	366	446	0	58	80	0.7250000
NODE_6785_length_991_cov_18.008969	366	446	1	22	80	0.2750000
NODE_6785_length_991_cov_18.008969	419	499	0	5	80	0.0625000
NODE_6785_length_991_cov_18.008969	419	499	1	75	80	0.9375000
NODE_6785_length_991_cov_18.008969	495	575	0	1	80	0.0125000
NODE_6785_length_991_cov_18.008969	495	575	1	79	80	0.9875000
NODE_6785_length_991_cov_18.008969	548	629	0	55	81	0.6790124
NODE_6785_length_991_cov_18.008969	548	629	1	26	81	0.3209876
NODE_6786_length_991_cov_14.727578	426	506	10	1	80	0.0125000
NODE_6786_length_991_cov_14.727578	426	506	11	6	80	0.0750000
NODE_6786_length_991_cov_14.727578	426	506	13	2	80	0.0250000
NODE_6786_length_991_cov_14.727578	426	506	14	7	80	0.0875000
NODE_6786_length_991_cov_14.727578	426	506	15	4	80	0.0500000
NODE_6786_length_991_cov_14.727578	426	506	16	8	80	0.1000000
NODE_6786_length_991_cov_14.727578	426	506	17	3	80	0.0375000
NODE_6786_length_991_cov_14.727578	426	506	19	26	80	0.3250000
NODE_6786_length_991_cov_14.727578	426	506	20	6	80	0.0750000
NODE_6786_length_991_cov_14.727578	426	506	21	17	80	0.2125000
NODE_6786_length_991_cov_14.727578	479	559	12	10	80	0.1250000
NODE_6786_length_991_cov_14.727578	479	559	15	2	80	0.0250000
NODE_6786_length_991_cov_14.727578	479	559	17	12	80	0.1500000
NODE_6786_length_991_cov_14.727578	479	559	18	1	80	0.0125000
NODE_6786_length_991_cov_14.727578	479	559	19	25	80	0.3125000
NODE_6786_length_991_cov_14.727578	479	559	20	13	80	0.1625000
NODE_6786_length_991_cov_14.727578	479	559	21	17	80	0.2125000
NODE_6787_length_991_cov_13.081839	240	320	1	1	80	0.0125000
NODE_6787_length_991_cov_13.081839	240	320	2	1	80	0.0125000
NODE_6787_length_991_cov_13.081839	240	320	3	34	80	0.4250000
NODE_6787_length_991_cov_13.081839	240	320	4	2	80	0.0250000
NODE_6787_length_991_cov_13.081839	240	320	5	33	80	0.4125000
NODE_6787_length_991_cov_13.081839	240	320	6	9	80	0.1125000
NODE_6787_length_991_cov_13.081839	293	373	5	26	80	0.3250000
NODE_6787_length_991_cov_13.081839	293	373	6	54	80	0.6750000
NODE_6788_length_991_cov_12.693946	425	505	0	80	80	1.0000000
NODE_6788_length_991_cov_12.693946	478	558	0	80	80	1.0000000
NODE_6789_length_991_cov_9.647982	436	516	0	15	80	0.1875000
NODE_6789_length_991_cov_9.647982	436	516	2	26	80	0.3250000
NODE_6789_length_991_cov_9.647982	436	516	3	12	80	0.1500000
NODE_6789_length_991_cov_9.647982	436	516	4	27	80	0.3375000
NODE_6789_length_991_cov_9.647982	489	569	0	68	80	0.8500000
NODE_6789_length_991_cov_9.647982	489	569	2	12	80	0.1500000
NODE_6790_length_991_cov_5.176009	538	618	0	46	80	0.5750000
NODE_6790_length_991_cov_5.176009	538	618	1	34	80	0.4250000
NODE_6790_length_991_cov_5.176009	591	671	1	52	80	0.6500000
NODE_6790_length_991_cov_5.176009	591	671	2	28	80	0.3500000
NODE_6801_length_990_cov_39.386083	402	482	6	8	80	0.1000000
NODE_6801_length_990_cov_39.386083	402	482	7	72	80	0.9000000
NODE_6801_length_990_cov_39.386083	455	535	5	26	80	0.3250000
NODE_6801_length_990_cov_39.386083	455	535	6	14	80	0.1750000
NODE_6801_length_990_cov_39.386083	455	535	7	40	80	0.5000000
NODE_6802_length_990_cov_35.993266	321	401	0	5	80	0.0625000
NODE_6802_length_990_cov_35.993266	321	401	2	1	80	0.0125000
NODE_6802_length_990_cov_35.993266	321	401	3	16	80	0.2000000
NODE_6802_length_990_cov_35.993266	321	401	5	4	80	0.0500000
NODE_6802_length_990_cov_35.993266	321	401	6	1	80	0.0125000
NODE_6802_length_990_cov_35.993266	321	401	8	46	80	0.5750000
NODE_6802_length_990_cov_35.993266	321	401	9	7	80	0.0875000
NODE_6802_length_990_cov_35.993266	374	454	8	20	80	0.2500000
NODE_6802_length_990_cov_35.993266	374	454	9	34	80	0.4250000
NODE_6802_length_990_cov_35.993266	374	454	11	14	80	0.1750000
NODE_6802_length_990_cov_35.993266	374	454	12	12	80	0.1500000
NODE_6802_length_990_cov_35.993266	450	530	9	22	80	0.2750000
NODE_6802_length_990_cov_35.993266	450	530	10	3	80	0.0375000
NODE_6802_length_990_cov_35.993266	450	530	11	30	80	0.3750000
NODE_6802_length_990_cov_35.993266	450	530	12	25	80	0.3125000
NODE_6802_length_990_cov_35.993266	503	583	6	2	80	0.0250000
NODE_6802_length_990_cov_35.993266	503	583	7	9	80	0.1125000
NODE_6802_length_990_cov_35.993266	503	583	8	28	80	0.3500000
NODE_6802_length_990_cov_35.993266	503	583	9	7	80	0.0875000
NODE_6802_length_990_cov_35.993266	503	583	11	34	80	0.4250000
NODE_6803_length_990_cov_24.445567	588	668	1	20	80	0.2500000
NODE_6803_length_990_cov_24.445567	588	668	3	60	80	0.7500000
NODE_6803_length_990_cov_24.445567	641	721	2	11	80	0.1375000
NODE_6803_length_990_cov_24.445567	641	721	3	69	80	0.8625000
NODE_6805_length_990_cov_22.378227	430	510	4	39	80	0.4875000
NODE_6805_length_990_cov_22.378227	430	510	6	41	80	0.5125000
NODE_6805_length_990_cov_22.378227	483	563	2	5	80	0.0625000
NODE_6805_length_990_cov_22.378227	483	563	3	5	80	0.0625000
NODE_6805_length_990_cov_22.378227	483	563	4	70	80	0.8750000
NODE_6806_length_990_cov_20.150393	408	488	4	49	80	0.6125000
NODE_6806_length_990_cov_20.150393	408	488	6	31	80	0.3875000
NODE_6806_length_990_cov_20.150393	461	541	3	7	80	0.0875000
NODE_6806_length_990_cov_20.150393	461	541	4	40	80	0.5000000
NODE_6806_length_990_cov_20.150393	461	541	6	33	80	0.4125000
NODE_6807_length_990_cov_18.154882	434	514	2	32	80	0.4000000
NODE_6807_length_990_cov_18.154882	434	514	3	48	80	0.6000000
NODE_6807_length_990_cov_18.154882	487	567	0	26	80	0.3250000
NODE_6807_length_990_cov_18.154882	487	567	1	14	80	0.1750000
NODE_6807_length_990_cov_18.154882	487	567	2	40	80	0.5000000
NODE_6808_length_990_cov_17.250281	329	409	2	61	80	0.7625000
NODE_6808_length_990_cov_17.250281	329	409	4	19	80	0.2375000
NODE_6808_length_990_cov_17.250281	382	462	2	80	80	1.0000000
NODE_6808_length_990_cov_17.250281	458	538	0	75	80	0.9375000
NODE_6808_length_990_cov_17.250281	458	538	2	5	80	0.0625000
NODE_6808_length_990_cov_17.250281	511	591	0	80	80	1.0000000
NODE_6809_length_990_cov_14.977553	448	528	4	2	80	0.0250000
NODE_6809_length_990_cov_14.977553	448	528	5	3	80	0.0375000
NODE_6809_length_990_cov_14.977553	448	528	6	1	80	0.0125000
NODE_6809_length_990_cov_14.977553	448	528	8	55	80	0.6875000
NODE_6809_length_990_cov_14.977553	448	528	9	19	80	0.2375000
NODE_6809_length_990_cov_14.977553	501	581	5	6	80	0.0750000
NODE_6809_length_990_cov_14.977553	501	581	6	8	80	0.1000000
NODE_6809_length_990_cov_14.977553	501	581	7	17	80	0.2125000
NODE_6809_length_990_cov_14.977553	501	581	8	8	80	0.1000000
NODE_6809_length_990_cov_14.977553	501	581	9	41	80	0.5125000
NODE_6810_length_990_cov_13.846240	482	562	0	29	80	0.3625000
NODE_6810_length_990_cov_13.846240	482	562	2	51	80	0.6375000
NODE_6810_length_990_cov_13.846240	535	615	0	23	80	0.2875000
NODE_6810_length_990_cov_13.846240	535	615	1	27	80	0.3375000
NODE_6810_length_990_cov_13.846240	535	615	2	30	80	0.3750000
NODE_6821_length_990_cov_0.978676	79	151	2	72	72	1.0000000
NODE_6821_length_990_cov_0.978676	82	152	0	1	70	0.0142857
NODE_6821_length_990_cov_0.978676	82	152	2	69	70	0.9857143
NODE_6823_length_989_cov_45.902247	47	127	2	1	80	0.0125000
NODE_6823_length_989_cov_45.902247	47	127	4	5	80	0.0625000
NODE_6823_length_989_cov_45.902247	47	127	8	74	80	0.9250000
NODE_6823_length_989_cov_45.902247	330	410	2	14	80	0.1750000
NODE_6823_length_989_cov_45.902247	330	410	4	29	80	0.3625000
NODE_6823_length_989_cov_45.902247	330	410	5	1	80	0.0125000
NODE_6823_length_989_cov_45.902247	330	410	6	36	80	0.4500000
NODE_6823_length_989_cov_45.902247	383	463	2	6	80	0.0750000
NODE_6823_length_989_cov_45.902247	383	463	4	21	80	0.2625000
NODE_6823_length_989_cov_45.902247	383	463	6	53	80	0.6625000
NODE_6824_length_989_cov_35.430337	412	492	4	14	80	0.1750000
NODE_6824_length_989_cov_35.430337	412	492	5	44	80	0.5500000
NODE_6824_length_989_cov_35.430337	412	492	6	2	80	0.0250000
NODE_6824_length_989_cov_35.430337	412	492	7	5	80	0.0625000
NODE_6824_length_989_cov_35.430337	412	492	9	15	80	0.1875000
NODE_6824_length_989_cov_35.430337	465	545	5	5	80	0.0625000
NODE_6824_length_989_cov_35.430337	465	545	6	2	80	0.0250000
NODE_6824_length_989_cov_35.430337	465	545	7	5	80	0.0625000
NODE_6824_length_989_cov_35.430337	465	545	9	29	80	0.3625000
NODE_6824_length_989_cov_35.430337	465	545	10	30	80	0.3750000
NODE_6824_length_989_cov_35.430337	465	545	11	9	80	0.1125000
NODE_6825_length_989_cov_30.124719	477	557	7	31	80	0.3875000
NODE_6825_length_989_cov_30.124719	477	557	8	49	80	0.6125000
NODE_6825_length_989_cov_30.124719	530	610	2	13	80	0.1625000
NODE_6825_length_989_cov_30.124719	530	610	5	1	80	0.0125000
NODE_6825_length_989_cov_30.124719	530	610	6	16	80	0.2000000
NODE_6825_length_989_cov_30.124719	530	610	8	50	80	0.6250000
NODE_6826_length_989_cov_29.347191	447	527	5	9	80	0.1125000
NODE_6826_length_989_cov_29.347191	447	527	7	23	80	0.2875000
NODE_6826_length_989_cov_29.347191	447	527	8	48	80	0.6000000
NODE_6826_length_989_cov_29.347191	500	580	1	15	80	0.1875000
NODE_6826_length_989_cov_29.347191	500	580	2	1	80	0.0125000
NODE_6826_length_989_cov_29.347191	500	580	3	1	80	0.0125000
NODE_6826_length_989_cov_29.347191	500	580	4	5	80	0.0625000
NODE_6826_length_989_cov_29.347191	500	580	5	40	80	0.5000000
NODE_6826_length_989_cov_29.347191	500	580	7	10	80	0.1250000
NODE_6826_length_989_cov_29.347191	500	580	8	8	80	0.1000000
NODE_6826_length_989_cov_29.347191	576	656	1	34	80	0.4250000
NODE_6826_length_989_cov_29.347191	576	656	2	31	80	0.3875000
NODE_6826_length_989_cov_29.347191	576	656	3	15	80	0.1875000
NODE_6826_length_989_cov_29.347191	629	709	1	12	80	0.1500000
NODE_6826_length_989_cov_29.347191	629	709	3	68	80	0.8500000
NODE_6827_length_989_cov_27.886517	245	325	5	17	80	0.2125000
NODE_6827_length_989_cov_27.886517	245	325	6	45	80	0.5625000
NODE_6827_length_989_cov_27.886517	245	325	7	18	80	0.2250000
NODE_6827_length_989_cov_27.886517	298	378	6	33	80	0.4125000
NODE_6827_length_989_cov_27.886517	298	378	7	11	80	0.1375000
NODE_6827_length_989_cov_27.886517	298	378	8	16	80	0.2000000
NODE_6827_length_989_cov_27.886517	298	378	9	2	80	0.0250000
NODE_6827_length_989_cov_27.886517	298	378	10	1	80	0.0125000
NODE_6827_length_989_cov_27.886517	298	378	11	17	80	0.2125000
NODE_6827_length_989_cov_27.886517	374	454	6	1	80	0.0125000
NODE_6827_length_989_cov_27.886517	374	454	7	22	80	0.2750000
NODE_6827_length_989_cov_27.886517	374	454	8	5	80	0.0625000
NODE_6827_length_989_cov_27.886517	374	454	9	43	80	0.5375000
NODE_6827_length_989_cov_27.886517	374	454	10	3	80	0.0375000
NODE_6827_length_989_cov_27.886517	374	454	11	6	80	0.0750000
NODE_6827_length_989_cov_27.886517	427	507	3	15	80	0.1875000
NODE_6827_length_989_cov_27.886517	427	507	4	4	80	0.0500000
NODE_6827_length_989_cov_27.886517	427	507	6	5	80	0.0625000
NODE_6827_length_989_cov_27.886517	427	507	7	52	80	0.6500000
NODE_6827_length_989_cov_27.886517	427	507	8	4	80	0.0500000
NODE_6828_length_989_cov_27.515730	393	473	4	11	80	0.1375000
NODE_6828_length_989_cov_27.515730	393	473	6	6	80	0.0750000
NODE_6828_length_989_cov_27.515730	393	473	7	63	80	0.7875000
NODE_6828_length_989_cov_27.515730	446	526	4	24	80	0.3000000
NODE_6828_length_989_cov_27.515730	446	526	6	29	80	0.3625000
NODE_6828_length_989_cov_27.515730	446	526	7	27	80	0.3375000
NODE_6828_length_989_cov_27.515730	522	602	3	43	80	0.5375000
NODE_6828_length_989_cov_27.515730	522	602	4	4	80	0.0500000
NODE_6828_length_989_cov_27.515730	522	602	5	13	80	0.1625000
NODE_6828_length_989_cov_27.515730	522	602	6	20	80	0.2500000
NODE_6828_length_989_cov_27.515730	575	655	3	33	80	0.4125000
NODE_6828_length_989_cov_27.515730	575	655	4	23	80	0.2875000
NODE_6828_length_989_cov_27.515730	575	655	5	24	80	0.3000000
NODE_6829_length_989_cov_23.844944	312	392	3	3	80	0.0375000
NODE_6829_length_989_cov_23.844944	312	392	4	2	80	0.0250000
NODE_6829_length_989_cov_23.844944	312	392	5	39	80	0.4875000
NODE_6829_length_989_cov_23.844944	312	392	6	10	80	0.1250000
NODE_6829_length_989_cov_23.844944	312	392	7	26	80	0.3250000
NODE_6829_length_989_cov_23.844944	365	445	2	2	80	0.0250000
NODE_6829_length_989_cov_23.844944	365	445	4	30	80	0.3750000
NODE_6829_length_989_cov_23.844944	365	445	5	15	80	0.1875000
NODE_6829_length_989_cov_23.844944	365	445	6	16	80	0.2000000
NODE_6829_length_989_cov_23.844944	365	445	7	17	80	0.2125000
NODE_6830_length_989_cov_23.131461	475	555	0	80	80	1.0000000
NODE_6830_length_989_cov_23.131461	528	608	0	80	80	1.0000000
NODE_6831_length_989_cov_20.189888	500	580	2	8	80	0.1000000
NODE_6831_length_989_cov_20.189888	500	580	4	67	80	0.8375000
NODE_6831_length_989_cov_20.189888	500	580	5	5	80	0.0625000
NODE_6831_length_989_cov_20.189888	553	633	4	66	80	0.8250000
NODE_6831_length_989_cov_20.189888	553	633	5	2	80	0.0250000
NODE_6831_length_989_cov_20.189888	553	633	6	12	80	0.1500000
NODE_6832_length_989_cov_18.429213	190	270	0	56	80	0.7000000
NODE_6832_length_989_cov_18.429213	190	270	1	24	80	0.3000000
NODE_6832_length_989_cov_18.429213	258	323	0	65	65	1.0000000
NODE_6832_length_989_cov_18.429213	319	399	0	18	80	0.2250000
NODE_6832_length_989_cov_18.429213	319	399	2	37	80	0.4625000
NODE_6832_length_989_cov_18.429213	319	399	4	25	80	0.3125000
NODE_6832_length_989_cov_18.429213	372	412	2	2	40	0.0500000
NODE_6832_length_989_cov_18.429213	372	412	4	38	40	0.9500000
NODE_6833_length_989_cov_10.307865	433	513	2	20	80	0.2500000
NODE_6833_length_989_cov_10.307865	433	513	3	15	80	0.1875000
NODE_6833_length_989_cov_10.307865	433	513	4	7	80	0.0875000
NODE_6833_length_989_cov_10.307865	433	513	5	2	80	0.0250000
NODE_6833_length_989_cov_10.307865	433	513	6	21	80	0.2625000
NODE_6833_length_989_cov_10.307865	433	513	7	15	80	0.1875000
NODE_6833_length_989_cov_10.307865	486	570	6	41	84	0.4880952
NODE_6833_length_989_cov_10.307865	486	570	7	40	84	0.4761905
NODE_6833_length_989_cov_10.307865	486	570	8	3	84	0.0357143
NODE_6833_length_989_cov_10.307865	566	642	2	19	76	0.2500000
NODE_6833_length_989_cov_10.307865	566	642	3	2	76	0.0263158
NODE_6833_length_989_cov_10.307865	566	642	4	22	76	0.2894737
NODE_6833_length_989_cov_10.307865	566	642	5	11	76	0.1447368
NODE_6833_length_989_cov_10.307865	566	642	6	22	76	0.2894737
NODE_6833_length_989_cov_10.307865	615	695	0	11	80	0.1375000
NODE_6833_length_989_cov_10.307865	615	695	1	40	80	0.5000000
NODE_6833_length_989_cov_10.307865	615	695	2	21	80	0.2625000
NODE_6833_length_989_cov_10.307865	615	695	3	2	80	0.0250000
NODE_6833_length_989_cov_10.307865	615	695	4	6	80	0.0750000
NODE_6834_length_989_cov_8.941573	528	608	2	30	80	0.3750000
NODE_6834_length_989_cov_8.941573	528	608	4	50	80	0.6250000
NODE_6834_length_989_cov_8.941573	581	661	0	4	80	0.0500000
NODE_6834_length_989_cov_8.941573	581	661	2	24	80	0.3000000
NODE_6834_length_989_cov_8.941573	581	661	4	52	80	0.6500000
NODE_6835_length_989_cov_5.132584	459	524	0	65	65	1.0000000
NODE_6838_length_989_cov_2.540449	703	783	0	80	80	1.0000000
NODE_6845_length_988_cov_52.168729	361	441	0	60	80	0.7500000
NODE_6845_length_988_cov_52.168729	361	441	1	3	80	0.0375000
NODE_6845_length_988_cov_52.168729	361	441	2	17	80	0.2125000
NODE_6845_length_988_cov_52.168729	414	494	0	7	80	0.0875000
NODE_6845_length_988_cov_52.168729	414	494	1	3	80	0.0375000
NODE_6845_length_988_cov_52.168729	414	494	2	70	80	0.8750000
NODE_6845_length_988_cov_52.168729	490	570	2	14	80	0.1750000
NODE_6845_length_988_cov_52.168729	490	570	3	30	80	0.3750000
NODE_6845_length_988_cov_52.168729	490	570	4	30	80	0.3750000
NODE_6845_length_988_cov_52.168729	490	570	5	6	80	0.0750000
NODE_6845_length_988_cov_52.168729	543	623	3	49	80	0.6125000
NODE_6845_length_988_cov_52.168729	543	623	4	24	80	0.3000000
NODE_6845_length_988_cov_52.168729	543	623	5	7	80	0.0875000
NODE_6846_length_988_cov_36.733408	390	470	4	14	80	0.1750000
NODE_6846_length_988_cov_36.733408	390	470	5	43	80	0.5375000
NODE_6846_length_988_cov_36.733408	390	470	6	2	80	0.0250000
NODE_6846_length_988_cov_36.733408	390	470	7	21	80	0.2625000
NODE_6846_length_988_cov_36.733408	443	523	3	51	80	0.6375000
NODE_6846_length_988_cov_36.733408	443	523	4	16	80	0.2000000
NODE_6846_length_988_cov_36.733408	443	523	5	13	80	0.1625000
NODE_6847_length_988_cov_36.221597	478	558	2	1	80	0.0125000
NODE_6847_length_988_cov_36.221597	478	558	3	2	80	0.0250000
NODE_6847_length_988_cov_36.221597	478	558	4	26	80	0.3250000
NODE_6847_length_988_cov_36.221597	478	558	5	1	80	0.0125000
NODE_6847_length_988_cov_36.221597	478	558	7	8	80	0.1000000
NODE_6847_length_988_cov_36.221597	478	558	8	8	80	0.1000000
NODE_6847_length_988_cov_36.221597	478	558	9	7	80	0.0875000
NODE_6847_length_988_cov_36.221597	478	558	10	13	80	0.1625000
NODE_6847_length_988_cov_36.221597	478	558	11	5	80	0.0625000
NODE_6847_length_988_cov_36.221597	478	558	12	9	80	0.1125000
NODE_6847_length_988_cov_36.221597	531	611	10	13	80	0.1625000
NODE_6847_length_988_cov_36.221597	531	611	11	32	80	0.4000000
NODE_6847_length_988_cov_36.221597	531	611	12	13	80	0.1625000
NODE_6847_length_988_cov_36.221597	531	611	13	12	80	0.1500000
NODE_6847_length_988_cov_36.221597	531	611	15	10	80	0.1250000
NODE_6848_length_988_cov_25.895388	389	469	8	5	80	0.0625000
NODE_6848_length_988_cov_25.895388	389	469	10	1	80	0.0125000
NODE_6848_length_988_cov_25.895388	389	469	11	23	80	0.2875000
NODE_6848_length_988_cov_25.895388	389	469	12	44	80	0.5500000
NODE_6848_length_988_cov_25.895388	389	469	13	7	80	0.0875000
NODE_6848_length_988_cov_25.895388	442	522	7	11	80	0.1375000
NODE_6848_length_988_cov_25.895388	442	522	8	17	80	0.2125000
NODE_6848_length_988_cov_25.895388	442	522	10	15	80	0.1875000
NODE_6848_length_988_cov_25.895388	442	522	11	1	80	0.0125000
NODE_6848_length_988_cov_25.895388	442	522	12	32	80	0.4000000
NODE_6848_length_988_cov_25.895388	442	522	13	4	80	0.0500000
NODE_6848_length_988_cov_25.895388	518	598	4	9	80	0.1125000
NODE_6848_length_988_cov_25.895388	518	598	6	44	80	0.5500000
NODE_6848_length_988_cov_25.895388	518	598	7	10	80	0.1250000
NODE_6848_length_988_cov_25.895388	518	598	8	14	80	0.1750000
NODE_6848_length_988_cov_25.895388	518	598	9	3	80	0.0375000
NODE_6848_length_988_cov_25.895388	571	651	3	51	80	0.6375000
NODE_6848_length_988_cov_25.895388	571	651	4	11	80	0.1375000
NODE_6848_length_988_cov_25.895388	571	651	6	18	80	0.2250000
NODE_6849_length_988_cov_20.250844	423	503	2	80	80	1.0000000
NODE_6849_length_988_cov_20.250844	476	556	1	12	80	0.1500000
NODE_6849_length_988_cov_20.250844	476	556	2	68	80	0.8500000
NODE_6850_length_988_cov_15.812148	474	554	2	1	80	0.0125000
NODE_6850_length_988_cov_15.812148	474	554	3	34	80	0.4250000
NODE_6850_length_988_cov_15.812148	474	554	4	36	80	0.4500000
NODE_6850_length_988_cov_15.812148	474	554	5	9	80	0.1125000
NODE_6850_length_988_cov_15.812148	527	607	3	10	80	0.1250000
NODE_6850_length_988_cov_15.812148	527	607	4	61	80	0.7625000
NODE_6850_length_988_cov_15.812148	527	607	5	9	80	0.1125000
NODE_6851_length_988_cov_15.082115	435	517	2	1	82	0.0121951
NODE_6851_length_988_cov_15.082115	435	517	3	1	82	0.0121951
NODE_6851_length_988_cov_15.082115	435	517	4	80	82	0.9756098
NODE_6851_length_988_cov_15.082115	490	570	1	4	80	0.0500000
NODE_6851_length_988_cov_15.082115	490	570	2	50	80	0.6250000
NODE_6851_length_988_cov_15.082115	490	570	4	26	80	0.3250000
NODE_6852_length_988_cov_14.697413	467	547	5	8	80	0.1000000
NODE_6852_length_988_cov_14.697413	467	547	6	34	80	0.4250000
NODE_6852_length_988_cov_14.697413	467	547	8	35	80	0.4375000
NODE_6852_length_988_cov_14.697413	467	547	9	1	80	0.0125000
NODE_6852_length_988_cov_14.697413	467	547	10	2	80	0.0250000
NODE_6852_length_988_cov_14.697413	520	600	4	25	80	0.3125000
NODE_6852_length_988_cov_14.697413	520	600	5	36	80	0.4500000
NODE_6852_length_988_cov_14.697413	520	600	6	13	80	0.1625000
NODE_6852_length_988_cov_14.697413	520	600	8	6	80	0.0750000
NODE_6853_length_988_cov_7.730034	562	642	4	30	80	0.3750000
NODE_6853_length_988_cov_7.730034	562	642	5	50	80	0.6250000
NODE_6853_length_988_cov_7.730034	615	695	2	19	80	0.2375000
NODE_6853_length_988_cov_7.730034	615	695	3	11	80	0.1375000
NODE_6853_length_988_cov_7.730034	615	695	4	50	80	0.6250000
NODE_6862_length_987_cov_42.784910	383	476	1	3	93	0.0322581
NODE_6862_length_987_cov_42.784910	383	476	2	77	93	0.8279570
NODE_6862_length_987_cov_42.784910	383	476	3	13	93	0.1397849
NODE_6862_length_987_cov_42.784910	449	529	0	1	80	0.0125000
NODE_6862_length_987_cov_42.784910	449	529	2	73	80	0.9125000
NODE_6862_length_987_cov_42.784910	449	529	3	6	80	0.0750000
NODE_6863_length_987_cov_39.716216	290	370	0	11	80	0.1375000
NODE_6863_length_987_cov_39.716216	290	370	1	28	80	0.3500000
NODE_6863_length_987_cov_39.716216	290	370	2	41	80	0.5125000
NODE_6863_length_987_cov_39.716216	343	423	2	60	80	0.7500000
NODE_6863_length_987_cov_39.716216	343	423	4	20	80	0.2500000
NODE_6863_length_987_cov_39.716216	419	499	4	42	80	0.5250000
NODE_6863_length_987_cov_39.716216	419	499	5	28	80	0.3500000
NODE_6863_length_987_cov_39.716216	419	499	6	10	80	0.1250000
NODE_6863_length_987_cov_39.716216	472	552	2	26	80	0.3250000
NODE_6863_length_987_cov_39.716216	472	552	4	47	80	0.5875000
NODE_6863_length_987_cov_39.716216	472	552	5	7	80	0.0875000
NODE_6864_length_987_cov_28.171171	406	486	2	15	80	0.1875000
NODE_6864_length_987_cov_28.171171	406	486	3	3	80	0.0375000
NODE_6864_length_987_cov_28.171171	406	486	4	1	80	0.0125000
NODE_6864_length_987_cov_28.171171	406	486	6	14	80	0.1750000
NODE_6864_length_987_cov_28.171171	406	486	7	7	80	0.0875000
NODE_6864_length_987_cov_28.171171	406	486	8	2	80	0.0250000
NODE_6864_length_987_cov_28.171171	406	486	9	20	80	0.2500000
NODE_6864_length_987_cov_28.171171	406	486	10	2	80	0.0250000
NODE_6864_length_987_cov_28.171171	406	486	11	2	80	0.0250000
NODE_6864_length_987_cov_28.171171	406	486	12	14	80	0.1750000
NODE_6864_length_987_cov_28.171171	459	539	9	9	80	0.1125000
NODE_6864_length_987_cov_28.171171	459	539	10	2	80	0.0250000
NODE_6864_length_987_cov_28.171171	459	539	11	16	80	0.2000000
NODE_6864_length_987_cov_28.171171	459	539	12	35	80	0.4375000
NODE_6864_length_987_cov_28.171171	459	539	13	3	80	0.0375000
NODE_6864_length_987_cov_28.171171	459	539	14	2	80	0.0250000
NODE_6864_length_987_cov_28.171171	459	539	15	13	80	0.1625000
NODE_6864_length_987_cov_28.171171	535	615	11	19	80	0.2375000
NODE_6864_length_987_cov_28.171171	535	615	12	7	80	0.0875000
NODE_6864_length_987_cov_28.171171	535	615	13	15	80	0.1875000
NODE_6864_length_987_cov_28.171171	535	615	14	8	80	0.1000000
NODE_6864_length_987_cov_28.171171	535	615	15	2	80	0.0250000
NODE_6864_length_987_cov_28.171171	535	615	16	29	80	0.3625000
NODE_6864_length_987_cov_28.171171	588	668	5	5	80	0.0625000
NODE_6864_length_987_cov_28.171171	588	668	7	5	80	0.0625000
NODE_6864_length_987_cov_28.171171	588	668	8	14	80	0.1750000
NODE_6864_length_987_cov_28.171171	588	668	9	1	80	0.0125000
NODE_6864_length_987_cov_28.171171	588	668	10	24	80	0.3000000
NODE_6864_length_987_cov_28.171171	588	668	11	23	80	0.2875000
NODE_6864_length_987_cov_28.171171	588	668	12	7	80	0.0875000
NODE_6864_length_987_cov_28.171171	588	668	13	1	80	0.0125000
NODE_6865_length_987_cov_23.627252	331	411	6	29	80	0.3625000
NODE_6865_length_987_cov_23.627252	331	411	7	17	80	0.2125000
NODE_6865_length_987_cov_23.627252	331	411	8	14	80	0.1750000
NODE_6865_length_987_cov_23.627252	331	411	9	15	80	0.1875000
NODE_6865_length_987_cov_23.627252	331	411	10	5	80	0.0625000
NODE_6865_length_987_cov_23.627252	384	464	5	40	80	0.5000000
NODE_6865_length_987_cov_23.627252	384	464	6	19	80	0.2375000
NODE_6865_length_987_cov_23.627252	384	464	8	3	80	0.0375000
NODE_6865_length_987_cov_23.627252	384	464	9	13	80	0.1625000
NODE_6865_length_987_cov_23.627252	384	464	10	5	80	0.0625000
NODE_6866_length_987_cov_18.797297	437	517	6	8	80	0.1000000
NODE_6866_length_987_cov_18.797297	437	517	7	20	80	0.2500000
NODE_6866_length_987_cov_18.797297	437	517	8	28	80	0.3500000
NODE_6866_length_987_cov_18.797297	437	517	9	24	80	0.3000000
NODE_6866_length_987_cov_18.797297	490	570	7	3	80	0.0375000
NODE_6866_length_987_cov_18.797297	490	570	8	24	80	0.3000000
NODE_6866_length_987_cov_18.797297	490	570	9	53	80	0.6625000
NODE_6867_length_987_cov_15.628378	369	449	4	28	80	0.3500000
NODE_6867_length_987_cov_15.628378	369	449	6	37	80	0.4625000
NODE_6867_length_987_cov_15.628378	369	449	7	15	80	0.1875000
NODE_6867_length_987_cov_15.628378	422	502	6	34	80	0.4250000
NODE_6867_length_987_cov_15.628378	422	502	7	46	80	0.5750000
NODE_6868_length_987_cov_15.439189	438	518	6	6	80	0.0750000
NODE_6868_length_987_cov_15.439189	438	518	8	18	80	0.2250000
NODE_6868_length_987_cov_15.439189	438	518	9	14	80	0.1750000
NODE_6868_length_987_cov_15.439189	438	518	10	8	80	0.1000000
NODE_6868_length_987_cov_15.439189	438	518	11	18	80	0.2250000
NODE_6868_length_987_cov_15.439189	438	518	12	16	80	0.2000000
NODE_6868_length_987_cov_15.439189	491	571	7	8	80	0.1000000
NODE_6868_length_987_cov_15.439189	491	571	8	7	80	0.0875000
NODE_6868_length_987_cov_15.439189	491	571	9	17	80	0.2125000
NODE_6868_length_987_cov_15.439189	491	571	10	28	80	0.3500000
NODE_6868_length_987_cov_15.439189	491	571	11	4	80	0.0500000
NODE_6868_length_987_cov_15.439189	491	571	12	16	80	0.2000000
NODE_6869_length_987_cov_14.343468	506	586	2	23	80	0.2875000
NODE_6869_length_987_cov_14.343468	506	586	3	57	80	0.7125000
NODE_6869_length_987_cov_14.343468	559	639	1	53	80	0.6625000
NODE_6869_length_987_cov_14.343468	559	639	2	18	80	0.2250000
NODE_6869_length_987_cov_14.343468	559	639	3	9	80	0.1125000
NODE_6870_length_987_cov_13.515766	475	555	0	80	80	1.0000000
NODE_6870_length_987_cov_13.515766	528	608	0	80	80	1.0000000
NODE_6871_length_987_cov_9.521396	408	482	2	16	74	0.2162162
NODE_6871_length_987_cov_9.521396	408	482	3	25	74	0.3378378
NODE_6871_length_987_cov_9.521396	408	482	4	6	74	0.0810811
NODE_6871_length_987_cov_9.521396	408	482	5	27	74	0.3648649
NODE_6871_length_987_cov_9.521396	455	535	4	13	80	0.1625000
NODE_6871_length_987_cov_9.521396	455	535	5	67	80	0.8375000
NODE_6872_length_987_cov_9.054054	440	520	1	80	80	1.0000000
NODE_6872_length_987_cov_9.054054	493	573	0	28	80	0.3500000
NODE_6872_length_987_cov_9.054054	493	573	1	52	80	0.6500000
NODE_6875_length_987_cov_5.378378	509	589	2	26	80	0.3250000
NODE_6875_length_987_cov_5.378378	509	589	4	19	80	0.2375000
NODE_6875_length_987_cov_5.378378	509	589	5	35	80	0.4375000
NODE_6875_length_987_cov_5.378378	562	642	3	6	80	0.0750000
NODE_6875_length_987_cov_5.378378	562	642	4	11	80	0.1375000
NODE_6875_length_987_cov_5.378378	562	642	5	63	80	0.7875000
NODE_6889_length_986_cov_36.937993	327	407	4	63	80	0.7875000
NODE_6889_length_986_cov_36.937993	327	407	5	5	80	0.0625000
NODE_6889_length_986_cov_36.937993	327	407	6	4	80	0.0500000
NODE_6889_length_986_cov_36.937993	327	407	7	8	80	0.1000000
NODE_6889_length_986_cov_36.937993	380	460	4	10	80	0.1250000
NODE_6889_length_986_cov_36.937993	380	460	5	5	80	0.0625000
NODE_6889_length_986_cov_36.937993	380	460	6	4	80	0.0500000
NODE_6889_length_986_cov_36.937993	380	460	7	9	80	0.1125000
NODE_6889_length_986_cov_36.937993	380	460	8	26	80	0.3250000
NODE_6889_length_986_cov_36.937993	380	460	9	16	80	0.2000000
NODE_6889_length_986_cov_36.937993	380	460	10	10	80	0.1250000
NODE_6889_length_986_cov_36.937993	456	536	8	27	80	0.3375000
NODE_6889_length_986_cov_36.937993	456	536	9	25	80	0.3125000
NODE_6889_length_986_cov_36.937993	456	536	10	28	80	0.3500000
NODE_6889_length_986_cov_36.937993	509	589	5	19	80	0.2375000
NODE_6889_length_986_cov_36.937993	509	589	6	12	80	0.1500000
NODE_6889_length_986_cov_36.937993	509	589	7	6	80	0.0750000
NODE_6889_length_986_cov_36.937993	509	589	8	7	80	0.0875000
NODE_6889_length_986_cov_36.937993	509	589	9	5	80	0.0625000
NODE_6889_length_986_cov_36.937993	509	589	10	31	80	0.3875000
NODE_6890_length_986_cov_35.130778	325	405	4	33	80	0.4125000
NODE_6890_length_986_cov_35.130778	325	405	5	3	80	0.0375000
NODE_6890_length_986_cov_35.130778	325	405	7	44	80	0.5500000
NODE_6890_length_986_cov_35.130778	378	458	0	9	80	0.1125000
NODE_6890_length_986_cov_35.130778	378	458	2	9	80	0.1125000
NODE_6890_length_986_cov_35.130778	378	458	3	2	80	0.0250000
NODE_6890_length_986_cov_35.130778	378	458	4	60	80	0.7500000
NODE_6890_length_986_cov_35.130778	454	534	0	24	80	0.3000000
NODE_6890_length_986_cov_35.130778	454	534	1	8	80	0.1000000
NODE_6890_length_986_cov_35.130778	454	534	2	48	80	0.6000000
NODE_6890_length_986_cov_35.130778	507	587	2	80	80	1.0000000
NODE_6891_length_986_cov_24.037204	602	682	0	80	80	1.0000000
NODE_6891_length_986_cov_24.037204	655	735	0	65	80	0.8125000
NODE_6891_length_986_cov_24.037204	655	735	2	15	80	0.1875000
NODE_6891_length_986_cov_24.037204	731	811	2	80	80	1.0000000
NODE_6891_length_986_cov_24.037204	784	864	1	19	80	0.2375000
NODE_6891_length_986_cov_24.037204	784	864	2	61	80	0.7625000
NODE_6892_length_986_cov_20.591883	395	475	1	53	80	0.6625000
NODE_6892_length_986_cov_20.591883	395	475	2	27	80	0.3375000
NODE_6892_length_986_cov_20.591883	448	528	0	4	80	0.0500000
NODE_6892_length_986_cov_20.591883	448	528	1	76	80	0.9500000
NODE_6893_length_986_cov_16.815107	389	469	0	1	80	0.0125000
NODE_6893_length_986_cov_16.815107	389	469	1	79	80	0.9875000
NODE_6893_length_986_cov_16.815107	442	522	1	33	80	0.4125000
NODE_6893_length_986_cov_16.815107	442	522	2	13	80	0.1625000
NODE_6893_length_986_cov_16.815107	442	522	3	34	80	0.4250000
NODE_6894_length_986_cov_11.021421	474	554	2	9	80	0.1125000
NODE_6894_length_986_cov_11.021421	474	554	3	6	80	0.0750000
NODE_6894_length_986_cov_11.021421	474	554	4	65	80	0.8125000
NODE_6894_length_986_cov_11.021421	527	607	0	30	80	0.3750000
NODE_6894_length_986_cov_11.021421	527	607	1	15	80	0.1875000
NODE_6894_length_986_cov_11.021421	527	607	2	17	80	0.2125000
NODE_6894_length_986_cov_11.021421	527	607	3	6	80	0.0750000
NODE_6894_length_986_cov_11.021421	527	607	4	12	80	0.1500000
NODE_6905_length_985_cov_41.707675	443	523	8	4	80	0.0500000
NODE_6905_length_985_cov_41.707675	443	523	9	13	80	0.1625000
NODE_6905_length_985_cov_41.707675	443	523	11	6	80	0.0750000
NODE_6905_length_985_cov_41.707675	443	523	12	4	80	0.0500000
NODE_6905_length_985_cov_41.707675	443	523	13	4	80	0.0500000
NODE_6905_length_985_cov_41.707675	443	523	14	2	80	0.0250000
NODE_6905_length_985_cov_41.707675	443	523	15	8	80	0.1000000
NODE_6905_length_985_cov_41.707675	443	523	16	18	80	0.2250000
NODE_6905_length_985_cov_41.707675	443	523	17	4	80	0.0500000
NODE_6905_length_985_cov_41.707675	443	523	19	5	80	0.0625000
NODE_6905_length_985_cov_41.707675	443	523	20	9	80	0.1125000
NODE_6905_length_985_cov_41.707675	443	523	21	3	80	0.0375000
NODE_6905_length_985_cov_41.707675	496	576	16	6	80	0.0750000
NODE_6905_length_985_cov_41.707675	496	576	17	4	80	0.0500000
NODE_6905_length_985_cov_41.707675	496	576	19	7	80	0.0875000
NODE_6905_length_985_cov_41.707675	496	576	20	16	80	0.2000000
NODE_6905_length_985_cov_41.707675	496	576	21	47	80	0.5875000
NODE_6911_length_984_cov_64.531073	412	481	9	20	69	0.2898551
NODE_6911_length_984_cov_64.531073	412	481	10	11	69	0.1594203
NODE_6911_length_984_cov_64.531073	412	481	11	12	69	0.1739130
NODE_6911_length_984_cov_64.531073	412	481	12	26	69	0.3768116
NODE_6911_length_984_cov_64.531073	454	534	6	5	80	0.0625000
NODE_6911_length_984_cov_64.531073	454	534	7	2	80	0.0250000
NODE_6911_length_984_cov_64.531073	454	534	8	1	80	0.0125000
NODE_6911_length_984_cov_64.531073	454	534	9	15	80	0.1875000
NODE_6911_length_984_cov_64.531073	454	534	11	19	80	0.2375000
NODE_6911_length_984_cov_64.531073	454	534	12	38	80	0.4750000
NODE_6911_length_984_cov_64.531073	475	555	3	8	80	0.1000000
NODE_6911_length_984_cov_64.531073	475	555	4	6	80	0.0750000
NODE_6911_length_984_cov_64.531073	475	555	6	12	80	0.1500000
NODE_6911_length_984_cov_64.531073	475	555	7	2	80	0.0250000
NODE_6911_length_984_cov_64.531073	475	555	8	1	80	0.0125000
NODE_6911_length_984_cov_64.531073	475	555	9	15	80	0.1875000
NODE_6911_length_984_cov_64.531073	475	555	11	18	80	0.2250000
NODE_6911_length_984_cov_64.531073	475	555	12	18	80	0.2250000
NODE_6911_length_984_cov_64.531073	528	608	0	4	80	0.0500000
NODE_6911_length_984_cov_64.531073	528	608	1	11	80	0.1375000
NODE_6911_length_984_cov_64.531073	528	608	2	26	80	0.3250000
NODE_6911_length_984_cov_64.531073	528	608	3	20	80	0.2500000
NODE_6911_length_984_cov_64.531073	528	608	4	6	80	0.0750000
NODE_6911_length_984_cov_64.531073	528	608	6	12	80	0.1500000
NODE_6911_length_984_cov_64.531073	528	608	7	1	80	0.0125000
NODE_6911_length_984_cov_64.531073	549	629	0	25	80	0.3125000
NODE_6911_length_984_cov_64.531073	549	629	1	11	80	0.1375000
NODE_6911_length_984_cov_64.531073	549	629	2	26	80	0.3250000
NODE_6911_length_984_cov_64.531073	549	629	3	18	80	0.2250000
NODE_6912_length_984_cov_28.832768	430	510	5	4	80	0.0500000
NODE_6912_length_984_cov_28.832768	430	510	7	19	80	0.2375000
NODE_6912_length_984_cov_28.832768	430	510	8	6	80	0.0750000
NODE_6912_length_984_cov_28.832768	430	510	9	5	80	0.0625000
NODE_6912_length_984_cov_28.832768	430	510	10	11	80	0.1375000
NODE_6912_length_984_cov_28.832768	430	510	11	35	80	0.4375000
NODE_6912_length_984_cov_28.832768	483	563	5	13	80	0.1625000
NODE_6912_length_984_cov_28.832768	483	563	7	2	80	0.0250000
NODE_6912_length_984_cov_28.832768	483	563	8	6	80	0.0750000
NODE_6912_length_984_cov_28.832768	483	563	9	22	80	0.2750000
NODE_6912_length_984_cov_28.832768	483	563	10	21	80	0.2625000
NODE_6912_length_984_cov_28.832768	483	563	11	16	80	0.2000000
NODE_6913_length_984_cov_27.247458	203	283	1	68	80	0.8500000
NODE_6913_length_984_cov_27.247458	203	283	2	12	80	0.1500000
NODE_6913_length_984_cov_27.247458	256	336	1	33	80	0.4125000
NODE_6913_length_984_cov_27.247458	256	336	2	47	80	0.5875000
NODE_6913_length_984_cov_27.247458	332	412	2	6	80	0.0750000
NODE_6913_length_984_cov_27.247458	332	412	3	2	80	0.0250000
NODE_6913_length_984_cov_27.247458	332	412	4	55	80	0.6875000
NODE_6913_length_984_cov_27.247458	332	412	5	8	80	0.1000000
NODE_6913_length_984_cov_27.247458	332	412	6	9	80	0.1125000
NODE_6913_length_984_cov_27.247458	385	465	4	10	80	0.1250000
NODE_6913_length_984_cov_27.247458	385	465	5	53	80	0.6625000
NODE_6913_length_984_cov_27.247458	385	465	6	17	80	0.2125000
NODE_6914_length_984_cov_25.944633	483	563	5	12	80	0.1500000
NODE_6914_length_984_cov_25.944633	483	563	6	68	80	0.8500000
NODE_6914_length_984_cov_25.944633	536	616	3	43	80	0.5375000
NODE_6914_length_984_cov_25.944633	536	616	4	9	80	0.1125000
NODE_6914_length_984_cov_25.944633	536	616	5	13	80	0.1625000
NODE_6914_length_984_cov_25.944633	536	616	6	15	80	0.1875000
NODE_6915_length_984_cov_16.611299	351	431	2	28	80	0.3500000
NODE_6915_length_984_cov_16.611299	351	431	3	14	80	0.1750000
NODE_6915_length_984_cov_16.611299	351	431	4	18	80	0.2250000
NODE_6915_length_984_cov_16.611299	351	431	5	20	80	0.2500000
NODE_6915_length_984_cov_16.611299	404	484	4	11	80	0.1375000
NODE_6915_length_984_cov_16.611299	404	484	5	69	80	0.8625000
NODE_6917_length_984_cov_6.414689	415	495	0	25	80	0.3125000
NODE_6917_length_984_cov_6.414689	415	495	2	55	80	0.6875000
NODE_6917_length_984_cov_6.414689	468	548	2	80	80	1.0000000
NODE_6918_length_984_cov_4.720904	494	574	1	20	80	0.2500000
NODE_6918_length_984_cov_4.720904	494	574	2	19	80	0.2375000
NODE_6918_length_984_cov_4.720904	494	574	3	41	80	0.5125000
NODE_6918_length_984_cov_4.720904	547	627	1	29	80	0.3625000
NODE_6918_length_984_cov_4.720904	547	627	2	51	80	0.6375000
NODE_6927_length_984_cov_1.333333	922	971	0	49	49	1.0000000
NODE_6931_length_983_cov_34.566742	466	546	5	5	80	0.0625000
NODE_6931_length_983_cov_34.566742	466	546	6	13	80	0.1625000
NODE_6931_length_983_cov_34.566742	466	546	7	10	80	0.1250000
NODE_6931_length_983_cov_34.566742	466	546	8	52	80	0.6500000
NODE_6931_length_983_cov_34.566742	519	599	3	1	80	0.0125000
NODE_6931_length_983_cov_34.566742	519	599	7	24	80	0.3000000
NODE_6931_length_983_cov_34.566742	519	599	8	55	80	0.6875000
NODE_6932_length_983_cov_26.011312	449	529	5	21	80	0.2625000
NODE_6932_length_983_cov_26.011312	449	529	6	41	80	0.5125000
NODE_6932_length_983_cov_26.011312	449	529	7	18	80	0.2250000
NODE_6932_length_983_cov_26.011312	502	582	2	7	80	0.0875000
NODE_6932_length_983_cov_26.011312	502	582	4	8	80	0.1000000
NODE_6932_length_983_cov_26.011312	502	582	5	45	80	0.5625000
NODE_6932_length_983_cov_26.011312	502	582	6	20	80	0.2500000
NODE_6932_length_983_cov_26.011312	578	658	1	30	80	0.3750000
NODE_6932_length_983_cov_26.011312	578	658	2	50	80	0.6250000
NODE_6932_length_983_cov_26.011312	631	711	1	39	80	0.4875000
NODE_6932_length_983_cov_26.011312	631	711	2	41	80	0.5125000
NODE_6933_length_983_cov_24.694570	539	619	2	12	80	0.1500000
NODE_6933_length_983_cov_24.694570	539	619	3	57	80	0.7125000
NODE_6933_length_983_cov_24.694570	539	619	4	11	80	0.1375000
NODE_6933_length_983_cov_24.694570	592	672	2	49	80	0.6125000
NODE_6933_length_983_cov_24.694570	592	672	3	16	80	0.2000000
NODE_6933_length_983_cov_24.694570	592	672	4	15	80	0.1875000
NODE_6934_length_983_cov_22.214932	395	475	1	9	80	0.1125000
NODE_6934_length_983_cov_22.214932	395	475	2	22	80	0.2750000
NODE_6934_length_983_cov_22.214932	395	475	3	13	80	0.1625000
NODE_6934_length_983_cov_22.214932	395	475	4	36	80	0.4500000
NODE_6934_length_983_cov_22.214932	448	528	3	20	80	0.2500000
NODE_6934_length_983_cov_22.214932	448	528	4	60	80	0.7500000
NODE_6935_length_983_cov_19.132353	377	457	0	69	80	0.8625000
NODE_6935_length_983_cov_19.132353	377	457	1	11	80	0.1375000
NODE_6935_length_983_cov_19.132353	430	510	0	16	80	0.2000000
NODE_6935_length_983_cov_19.132353	430	510	1	61	80	0.7625000
NODE_6935_length_983_cov_19.132353	430	510	2	3	80	0.0375000
NODE_6936_length_983_cov_16.875566	419	499	3	80	80	1.0000000
NODE_6936_length_983_cov_16.875566	472	552	1	20	80	0.2500000
NODE_6936_length_983_cov_16.875566	472	552	3	60	80	0.7500000
NODE_6936_length_983_cov_16.875566	548	628	0	57	80	0.7125000
NODE_6936_length_983_cov_16.875566	548	628	1	23	80	0.2875000
NODE_6936_length_983_cov_16.875566	601	681	0	18	80	0.2250000
NODE_6936_length_983_cov_16.875566	601	681	1	62	80	0.7750000
NODE_6937_length_983_cov_7.240950	487	567	3	5	80	0.0625000
NODE_6937_length_983_cov_7.240950	487	567	4	26	80	0.3250000
NODE_6937_length_983_cov_7.240950	487	567	5	40	80	0.5000000
NODE_6937_length_983_cov_7.240950	487	567	6	9	80	0.1125000
NODE_6937_length_983_cov_7.240950	540	620	3	4	80	0.0500000
NODE_6937_length_983_cov_7.240950	540	620	4	50	80	0.6250000
NODE_6937_length_983_cov_7.240950	540	620	5	26	80	0.3250000
NODE_6949_length_982_cov_30.750849	357	437	4	23	80	0.2875000
NODE_6949_length_982_cov_30.750849	357	437	5	19	80	0.2375000
NODE_6949_length_982_cov_30.750849	357	437	6	24	80	0.3000000
NODE_6949_length_982_cov_30.750849	357	437	7	10	80	0.1250000
NODE_6949_length_982_cov_30.750849	357	437	9	4	80	0.0500000
NODE_6949_length_982_cov_30.750849	410	490	6	13	80	0.1625000
NODE_6949_length_982_cov_30.750849	410	490	7	10	80	0.1250000
NODE_6949_length_982_cov_30.750849	410	490	9	9	80	0.1125000
NODE_6949_length_982_cov_30.750849	410	490	11	9	80	0.1125000
NODE_6949_length_982_cov_30.750849	410	490	12	6	80	0.0750000
NODE_6949_length_982_cov_30.750849	410	490	13	33	80	0.4125000
NODE_6950_length_982_cov_29.901472	516	596	4	5	80	0.0625000
NODE_6950_length_982_cov_29.901472	516	596	5	3	80	0.0375000
NODE_6950_length_982_cov_29.901472	516	596	7	12	80	0.1500000
NODE_6950_length_982_cov_29.901472	516	596	8	59	80	0.7375000
NODE_6950_length_982_cov_29.901472	516	596	9	1	80	0.0125000
NODE_6950_length_982_cov_29.901472	569	649	4	12	80	0.1500000
NODE_6950_length_982_cov_29.901472	569	649	6	26	80	0.3250000
NODE_6950_length_982_cov_29.901472	569	649	7	15	80	0.1875000
NODE_6950_length_982_cov_29.901472	569	649	8	26	80	0.3250000
NODE_6950_length_982_cov_29.901472	569	649	9	1	80	0.0125000
NODE_6951_length_982_cov_18.251416	356	436	2	19	80	0.2375000
NODE_6951_length_982_cov_18.251416	356	436	3	32	80	0.4000000
NODE_6951_length_982_cov_18.251416	356	436	4	29	80	0.3625000
NODE_6951_length_982_cov_18.251416	409	489	1	10	80	0.1250000
NODE_6951_length_982_cov_18.251416	409	489	2	54	80	0.6750000
NODE_6951_length_982_cov_18.251416	409	489	3	16	80	0.2000000
NODE_6951_length_982_cov_18.251416	485	565	3	49	80	0.6125000
NODE_6951_length_982_cov_18.251416	485	565	4	31	80	0.3875000
NODE_6951_length_982_cov_18.251416	538	618	1	21	80	0.2625000
NODE_6951_length_982_cov_18.251416	538	618	3	59	80	0.7375000
NODE_6952_length_982_cov_13.840317	608	688	1	35	80	0.4375000
NODE_6952_length_982_cov_13.840317	608	688	2	7	80	0.0875000
NODE_6952_length_982_cov_13.840317	608	688	4	38	80	0.4750000
NODE_6952_length_982_cov_13.840317	661	741	3	7	80	0.0875000
NODE_6952_length_982_cov_13.840317	661	741	4	73	80	0.9125000
NODE_6953_length_982_cov_13.227633	317	397	6	13	80	0.1625000
NODE_6953_length_982_cov_13.227633	317	397	8	59	80	0.7375000
NODE_6953_length_982_cov_13.227633	317	397	9	8	80	0.1000000
NODE_6953_length_982_cov_13.227633	370	450	4	24	80	0.3000000
NODE_6953_length_982_cov_13.227633	370	450	6	6	80	0.0750000
NODE_6953_length_982_cov_13.227633	370	450	7	1	80	0.0125000
NODE_6953_length_982_cov_13.227633	370	450	8	41	80	0.5125000
NODE_6953_length_982_cov_13.227633	370	450	9	8	80	0.1000000
NODE_6954_length_982_cov_10.918460	209	289	3	14	80	0.1750000
NODE_6954_length_982_cov_10.918460	209	289	4	6	80	0.0750000
NODE_6954_length_982_cov_10.918460	209	289	6	25	80	0.3125000
NODE_6954_length_982_cov_10.918460	209	289	7	11	80	0.1375000
NODE_6954_length_982_cov_10.918460	209	289	8	6	80	0.0750000
NODE_6954_length_982_cov_10.918460	209	289	9	17	80	0.2125000
NODE_6954_length_982_cov_10.918460	209	289	10	1	80	0.0125000
NODE_6954_length_982_cov_10.918460	262	342	7	12	80	0.1500000
NODE_6954_length_982_cov_10.918460	262	342	8	21	80	0.2625000
NODE_6954_length_982_cov_10.918460	262	342	9	46	80	0.5750000
NODE_6954_length_982_cov_10.918460	262	342	10	1	80	0.0125000
NODE_6956_length_982_cov_7.210646	216	296	3	6	80	0.0750000
NODE_6956_length_982_cov_7.210646	216	296	4	30	80	0.3750000
NODE_6956_length_982_cov_7.210646	216	296	5	44	80	0.5500000
NODE_6956_length_982_cov_7.210646	269	349	2	19	80	0.2375000
NODE_6956_length_982_cov_7.210646	269	349	3	7	80	0.0875000
NODE_6956_length_982_cov_7.210646	269	349	4	37	80	0.4625000
NODE_6956_length_982_cov_7.210646	269	349	5	17	80	0.2125000
NODE_6973_length_981_cov_55.260771	410	490	1	61	80	0.7625000
NODE_6973_length_981_cov_55.260771	410	490	2	19	80	0.2375000
NODE_6973_length_981_cov_55.260771	463	543	1	8	80	0.1000000
NODE_6973_length_981_cov_55.260771	463	543	2	26	80	0.3250000
NODE_6973_length_981_cov_55.260771	463	543	3	28	80	0.3500000
NODE_6973_length_981_cov_55.260771	463	543	4	18	80	0.2250000
NODE_6973_length_981_cov_55.260771	539	619	4	9	80	0.1125000
NODE_6973_length_981_cov_55.260771	539	619	5	26	80	0.3250000
NODE_6973_length_981_cov_55.260771	539	619	6	28	80	0.3500000
NODE_6973_length_981_cov_55.260771	539	619	7	6	80	0.0750000
NODE_6973_length_981_cov_55.260771	539	619	8	11	80	0.1375000
NODE_6973_length_981_cov_55.260771	592	672	6	10	80	0.1250000
NODE_6973_length_981_cov_55.260771	592	672	7	11	80	0.1375000
NODE_6973_length_981_cov_55.260771	592	672	8	22	80	0.2750000
NODE_6973_length_981_cov_55.260771	592	672	9	1	80	0.0125000
NODE_6973_length_981_cov_55.260771	592	672	10	3	80	0.0375000
NODE_6973_length_981_cov_55.260771	592	672	11	12	80	0.1500000
NODE_6973_length_981_cov_55.260771	592	672	12	20	80	0.2500000
NODE_6973_length_981_cov_55.260771	592	672	13	1	80	0.0125000
NODE_6974_length_981_cov_33.287982	362	441	5	6	79	0.0759494
NODE_6974_length_981_cov_33.287982	362	441	6	18	79	0.2278481
NODE_6974_length_981_cov_33.287982	362	441	7	9	79	0.1139240
NODE_6974_length_981_cov_33.287982	362	441	8	21	79	0.2658228
NODE_6974_length_981_cov_33.287982	362	441	9	21	79	0.2658228
NODE_6974_length_981_cov_33.287982	362	441	10	4	79	0.0506329
NODE_6974_length_981_cov_33.287982	414	495	4	17	81	0.2098765
NODE_6974_length_981_cov_33.287982	414	495	5	41	81	0.5061728
NODE_6974_length_981_cov_33.287982	414	495	6	20	81	0.2469136
NODE_6974_length_981_cov_33.287982	414	495	7	3	81	0.0370370
NODE_6974_length_981_cov_33.287982	491	571	3	20	80	0.2500000
NODE_6974_length_981_cov_33.287982	491	571	4	9	80	0.1125000
NODE_6974_length_981_cov_33.287982	491	571	5	39	80	0.4875000
NODE_6974_length_981_cov_33.287982	491	571	6	12	80	0.1500000
NODE_6974_length_981_cov_33.287982	544	624	3	35	80	0.4375000
NODE_6974_length_981_cov_33.287982	544	624	4	7	80	0.0875000
NODE_6974_length_981_cov_33.287982	544	624	5	38	80	0.4750000
NODE_6975_length_981_cov_33.121315	269	349	5	16	80	0.2000000
NODE_6975_length_981_cov_33.121315	269	349	6	12	80	0.1500000
NODE_6975_length_981_cov_33.121315	269	349	7	9	80	0.1125000
NODE_6975_length_981_cov_33.121315	269	349	8	5	80	0.0625000
NODE_6975_length_981_cov_33.121315	269	349	9	6	80	0.0750000
NODE_6975_length_981_cov_33.121315	269	349	10	32	80	0.4000000
NODE_6975_length_981_cov_33.121315	322	402	5	6	80	0.0750000
NODE_6975_length_981_cov_33.121315	322	402	6	10	80	0.1250000
NODE_6975_length_981_cov_33.121315	322	402	7	4	80	0.0500000
NODE_6975_length_981_cov_33.121315	322	402	8	38	80	0.4750000
NODE_6975_length_981_cov_33.121315	322	402	10	22	80	0.2750000
NODE_6975_length_981_cov_33.121315	398	478	2	9	80	0.1125000
NODE_6975_length_981_cov_33.121315	398	478	3	16	80	0.2000000
NODE_6975_length_981_cov_33.121315	398	478	4	18	80	0.2250000
NODE_6975_length_981_cov_33.121315	398	478	5	4	80	0.0500000
NODE_6975_length_981_cov_33.121315	398	478	6	22	80	0.2750000
NODE_6975_length_981_cov_33.121315	398	478	7	11	80	0.1375000
NODE_6975_length_981_cov_33.121315	451	531	2	9	80	0.1125000
NODE_6975_length_981_cov_33.121315	451	531	3	69	80	0.8625000
NODE_6975_length_981_cov_33.121315	451	531	4	2	80	0.0250000
NODE_6976_length_981_cov_26.732426	397	477	4	20	80	0.2500000
NODE_6976_length_981_cov_26.732426	397	477	5	36	80	0.4500000
NODE_6976_length_981_cov_26.732426	397	477	6	2	80	0.0250000
NODE_6976_length_981_cov_26.732426	397	477	7	22	80	0.2750000
NODE_6976_length_981_cov_26.732426	450	530	2	10	80	0.1250000
NODE_6976_length_981_cov_26.732426	450	530	3	10	80	0.1250000
NODE_6976_length_981_cov_26.732426	450	530	4	3	80	0.0375000
NODE_6976_length_981_cov_26.732426	450	530	5	57	80	0.7125000
NODE_6977_length_981_cov_24.304989	390	470	10	4	80	0.0500000
NODE_6977_length_981_cov_24.304989	390	470	11	12	80	0.1500000
NODE_6977_length_981_cov_24.304989	390	470	12	19	80	0.2375000
NODE_6977_length_981_cov_24.304989	390	470	13	42	80	0.5250000
NODE_6977_length_981_cov_24.304989	390	470	14	2	80	0.0250000
NODE_6977_length_981_cov_24.304989	390	470	15	1	80	0.0125000
NODE_6977_length_981_cov_24.304989	443	523	7	14	80	0.1750000
NODE_6977_length_981_cov_24.304989	443	523	8	24	80	0.3000000
NODE_6977_length_981_cov_24.304989	443	523	9	5	80	0.0625000
NODE_6977_length_981_cov_24.304989	443	523	10	3	80	0.0375000
NODE_6977_length_981_cov_24.304989	443	523	11	19	80	0.2375000
NODE_6977_length_981_cov_24.304989	443	523	13	15	80	0.1875000
NODE_6978_length_981_cov_10.485261	363	443	4	32	80	0.4000000
NODE_6978_length_981_cov_10.485261	363	443	6	9	80	0.1125000
NODE_6978_length_981_cov_10.485261	363	443	8	39	80	0.4875000
NODE_6978_length_981_cov_10.485261	416	496	4	20	80	0.2500000
NODE_6978_length_981_cov_10.485261	416	496	5	5	80	0.0625000
NODE_6978_length_981_cov_10.485261	416	496	6	8	80	0.1000000
NODE_6978_length_981_cov_10.485261	416	496	7	4	80	0.0500000
NODE_6978_length_981_cov_10.485261	416	496	8	43	80	0.5375000
NODE_6980_length_981_cov_5.328798	821	885	0	64	64	1.0000000
NODE_6980_length_981_cov_5.328798	847	884	0	37	37	1.0000000
NODE_6998_length_980_cov_40.710556	329	409	4	20	80	0.2500000
NODE_6998_length_980_cov_40.710556	329	409	5	40	80	0.5000000
NODE_6998_length_980_cov_40.710556	329	409	6	20	80	0.2500000
NODE_6998_length_980_cov_40.710556	382	462	3	11	80	0.1375000
NODE_6998_length_980_cov_40.710556	382	462	4	62	80	0.7750000
NODE_6998_length_980_cov_40.710556	382	462	5	7	80	0.0875000
NODE_6998_length_980_cov_40.710556	458	538	1	54	80	0.6750000
NODE_6998_length_980_cov_40.710556	458	538	2	11	80	0.1375000
NODE_6998_length_980_cov_40.710556	458	538	3	3	80	0.0375000
NODE_6998_length_980_cov_40.710556	458	538	4	12	80	0.1500000
NODE_6998_length_980_cov_40.710556	511	591	1	19	80	0.2375000
NODE_6998_length_980_cov_40.710556	511	591	2	5	80	0.0625000
NODE_6998_length_980_cov_40.710556	511	591	3	37	80	0.4625000
NODE_6998_length_980_cov_40.710556	511	591	4	19	80	0.2375000
NODE_6999_length_980_cov_37.634506	666	746	13	3	80	0.0375000
NODE_6999_length_980_cov_37.634506	666	746	14	23	80	0.2875000
NODE_6999_length_980_cov_37.634506	666	746	15	6	80	0.0750000
NODE_6999_length_980_cov_37.634506	666	746	16	14	80	0.1750000
NODE_6999_length_980_cov_37.634506	666	746	18	24	80	0.3000000
NODE_6999_length_980_cov_37.634506	666	746	19	10	80	0.1250000
NODE_6999_length_980_cov_37.634506	719	799	17	4	80	0.0500000
NODE_6999_length_980_cov_37.634506	719	799	18	21	80	0.2625000
NODE_6999_length_980_cov_37.634506	719	799	19	30	80	0.3750000
NODE_6999_length_980_cov_37.634506	719	799	20	12	80	0.1500000
NODE_6999_length_980_cov_37.634506	719	799	21	7	80	0.0875000
NODE_6999_length_980_cov_37.634506	719	799	22	6	80	0.0750000
NODE_7000_length_980_cov_36.261067	331	411	4	13	80	0.1625000
NODE_7000_length_980_cov_36.261067	331	411	5	15	80	0.1875000
NODE_7000_length_980_cov_36.261067	331	411	6	21	80	0.2625000
NODE_7000_length_980_cov_36.261067	331	411	7	31	80	0.3875000
NODE_7000_length_980_cov_36.261067	384	453	6	14	69	0.2028985
NODE_7000_length_980_cov_36.261067	384	453	7	40	69	0.5797101
NODE_7000_length_980_cov_36.261067	384	453	8	15	69	0.2173913
NODE_7000_length_980_cov_36.261067	465	545	9	18	80	0.2250000
NODE_7000_length_980_cov_36.261067	465	545	10	21	80	0.2625000
NODE_7000_length_980_cov_36.261067	465	545	11	27	80	0.3375000
NODE_7000_length_980_cov_36.261067	465	545	12	14	80	0.1750000
NODE_7000_length_980_cov_36.261067	518	598	9	17	80	0.2125000
NODE_7000_length_980_cov_36.261067	518	598	10	16	80	0.2000000
NODE_7000_length_980_cov_36.261067	518	598	11	22	80	0.2750000
NODE_7000_length_980_cov_36.261067	518	598	12	25	80	0.3125000
NODE_7001_length_980_cov_28.514188	430	510	8	2	80	0.0250000
NODE_7001_length_980_cov_28.514188	430	510	10	27	80	0.3375000
NODE_7001_length_980_cov_28.514188	430	510	11	21	80	0.2625000
NODE_7001_length_980_cov_28.514188	430	510	12	16	80	0.2000000
NODE_7001_length_980_cov_28.514188	430	510	13	14	80	0.1750000
NODE_7001_length_980_cov_28.514188	483	563	3	3	80	0.0375000
NODE_7001_length_980_cov_28.514188	483	563	4	4	80	0.0500000
NODE_7001_length_980_cov_28.514188	483	563	5	1	80	0.0125000
NODE_7001_length_980_cov_28.514188	483	563	6	40	80	0.5000000
NODE_7001_length_980_cov_28.514188	483	563	8	7	80	0.0875000
NODE_7001_length_980_cov_28.514188	483	563	10	11	80	0.1375000
NODE_7001_length_980_cov_28.514188	483	563	11	14	80	0.1750000
NODE_7002_length_980_cov_25.205448	497	577	9	4	80	0.0500000
NODE_7002_length_980_cov_25.205448	497	577	10	11	80	0.1375000
NODE_7002_length_980_cov_25.205448	497	577	11	28	80	0.3500000
NODE_7002_length_980_cov_25.205448	497	577	12	26	80	0.3250000
NODE_7002_length_980_cov_25.205448	497	577	13	4	80	0.0500000
NODE_7002_length_980_cov_25.205448	497	577	14	7	80	0.0875000
NODE_7002_length_980_cov_25.205448	550	630	7	33	80	0.4125000
NODE_7002_length_980_cov_25.205448	550	630	9	1	80	0.0125000
NODE_7002_length_980_cov_25.205448	550	630	10	16	80	0.2000000
NODE_7002_length_980_cov_25.205448	550	630	11	21	80	0.2625000
NODE_7002_length_980_cov_25.205448	550	630	13	2	80	0.0250000
NODE_7002_length_980_cov_25.205448	550	630	14	7	80	0.0875000
NODE_7003_length_980_cov_24.321226	417	497	3	20	80	0.2500000
NODE_7003_length_980_cov_24.321226	417	497	4	60	80	0.7500000
NODE_7003_length_980_cov_24.321226	470	550	2	11	80	0.1375000
NODE_7003_length_980_cov_24.321226	470	550	3	62	80	0.7750000
NODE_7003_length_980_cov_24.321226	470	550	4	7	80	0.0875000
NODE_7004_length_980_cov_20.460840	388	468	2	80	80	1.0000000
NODE_7004_length_980_cov_20.460840	441	521	0	30	80	0.3750000
NODE_7004_length_980_cov_20.460840	441	521	2	50	80	0.6250000
NODE_7005_length_980_cov_19.969353	486	566	1	77	80	0.9625000
NODE_7005_length_980_cov_19.969353	486	566	2	3	80	0.0375000
NODE_7005_length_980_cov_19.969353	539	619	1	44	80	0.5500000
NODE_7005_length_980_cov_19.969353	539	619	2	36	80	0.4500000
NODE_7006_length_980_cov_13.736663	350	430	3	35	80	0.4375000
NODE_7006_length_980_cov_13.736663	350	430	4	45	80	0.5625000
NODE_7006_length_980_cov_13.736663	403	483	4	79	80	0.9875000
NODE_7006_length_980_cov_13.736663	403	483	5	1	80	0.0125000
NODE_7006_length_980_cov_13.736663	479	559	2	29	80	0.3625000
NODE_7006_length_980_cov_13.736663	479	559	3	44	80	0.5500000
NODE_7006_length_980_cov_13.736663	479	559	4	3	80	0.0375000
NODE_7006_length_980_cov_13.736663	479	559	5	4	80	0.0500000
NODE_7006_length_980_cov_13.736663	532	612	2	80	80	1.0000000
NODE_7008_length_980_cov_10.842225	517	597	0	2	80	0.0250000
NODE_7008_length_980_cov_10.842225	517	597	2	46	80	0.5750000
NODE_7008_length_980_cov_10.842225	517	597	3	9	80	0.1125000
NODE_7008_length_980_cov_10.842225	517	597	4	9	80	0.1125000
NODE_7008_length_980_cov_10.842225	517	597	5	14	80	0.1750000
NODE_7008_length_980_cov_10.842225	570	650	3	6	80	0.0750000
NODE_7008_length_980_cov_10.842225	570	650	4	35	80	0.4375000
NODE_7008_length_980_cov_10.842225	570	650	5	39	80	0.4875000
NODE_7009_length_980_cov_10.087401	341	424	7	30	83	0.3614458
NODE_7009_length_980_cov_10.087401	341	424	8	11	83	0.1325301
NODE_7009_length_980_cov_10.087401	341	424	9	16	83	0.1927711
NODE_7009_length_980_cov_10.087401	341	424	10	26	83	0.3132530
NODE_7009_length_980_cov_10.087401	397	477	3	9	80	0.1125000
NODE_7009_length_980_cov_10.087401	397	477	4	14	80	0.1750000
NODE_7009_length_980_cov_10.087401	397	477	5	6	80	0.0750000
NODE_7009_length_980_cov_10.087401	397	477	6	13	80	0.1625000
NODE_7009_length_980_cov_10.087401	397	477	7	18	80	0.2250000
NODE_7009_length_980_cov_10.087401	397	477	8	20	80	0.2500000
NODE_7010_length_980_cov_9.643587	267	347	1	1	80	0.0125000
NODE_7010_length_980_cov_9.643587	267	347	2	59	80	0.7375000
NODE_7010_length_980_cov_9.643587	267	347	3	5	80	0.0625000
NODE_7010_length_980_cov_9.643587	267	347	4	15	80	0.1875000
NODE_7010_length_980_cov_9.643587	320	400	2	17	80	0.2125000
NODE_7010_length_980_cov_9.643587	320	400	3	8	80	0.1000000
NODE_7010_length_980_cov_9.643587	320	400	4	55	80	0.6875000
NODE_7010_length_980_cov_9.643587	396	476	2	80	80	1.0000000
NODE_7010_length_980_cov_9.643587	449	529	0	48	80	0.6000000
NODE_7010_length_980_cov_9.643587	449	529	1	2	80	0.0250000
NODE_7010_length_980_cov_9.643587	449	529	2	30	80	0.3750000
NODE_7026_length_979_cov_22.576136	442	522	1	80	80	1.0000000
NODE_7026_length_979_cov_22.576136	495	575	0	11	80	0.1375000
NODE_7026_length_979_cov_22.576136	495	575	1	69	80	0.8625000
NODE_7027_length_979_cov_19.739773	445	524	5	12	79	0.1518987
NODE_7027_length_979_cov_19.739773	445	524	7	12	79	0.1518987
NODE_7027_length_979_cov_19.739773	445	524	8	1	79	0.0126582
NODE_7027_length_979_cov_19.739773	445	524	9	54	79	0.6835443
NODE_7027_length_979_cov_19.739773	497	577	5	27	80	0.3375000
NODE_7027_length_979_cov_19.739773	497	577	6	23	80	0.2875000
NODE_7027_length_979_cov_19.739773	497	577	9	30	80	0.3750000
NODE_7028_length_979_cov_19.480682	436	516	5	18	80	0.2250000
NODE_7028_length_979_cov_19.480682	436	516	6	14	80	0.1750000
NODE_7028_length_979_cov_19.480682	436	516	7	48	80	0.6000000
NODE_7028_length_979_cov_19.480682	489	569	5	8	80	0.1000000
NODE_7028_length_979_cov_19.480682	489	569	6	29	80	0.3625000
NODE_7028_length_979_cov_19.480682	489	569	7	30	80	0.3750000
NODE_7028_length_979_cov_19.480682	489	569	8	13	80	0.1625000
NODE_7028_length_979_cov_19.480682	565	645	5	3	80	0.0375000
NODE_7028_length_979_cov_19.480682	565	645	6	43	80	0.5375000
NODE_7028_length_979_cov_19.480682	565	645	7	4	80	0.0500000
NODE_7028_length_979_cov_19.480682	565	645	8	30	80	0.3750000
NODE_7028_length_979_cov_19.480682	618	698	1	8	80	0.1000000
NODE_7028_length_979_cov_19.480682	618	698	3	9	80	0.1125000
NODE_7028_length_979_cov_19.480682	618	698	4	30	80	0.3750000
NODE_7028_length_979_cov_19.480682	618	698	5	9	80	0.1125000
NODE_7028_length_979_cov_19.480682	618	698	6	24	80	0.3000000
NODE_7029_length_979_cov_18.901136	470	550	6	80	80	1.0000000
NODE_7029_length_979_cov_18.901136	523	603	1	1	80	0.0125000
NODE_7029_length_979_cov_18.901136	523	603	2	19	80	0.2375000
NODE_7029_length_979_cov_18.901136	523	603	3	13	80	0.1625000
NODE_7029_length_979_cov_18.901136	523	603	4	10	80	0.1250000
NODE_7029_length_979_cov_18.901136	523	603	6	37	80	0.4625000
NODE_7031_length_979_cov_3.519318	101	168	0	25	67	0.3731343
NODE_7031_length_979_cov_3.519318	101	168	2	42	67	0.6268657
NODE_7040_length_978_cov_23.195677	424	504	4	15	80	0.1875000
NODE_7040_length_978_cov_23.195677	424	504	5	19	80	0.2375000
NODE_7040_length_978_cov_23.195677	424	504	6	38	80	0.4750000
NODE_7040_length_978_cov_23.195677	424	504	7	8	80	0.1000000
NODE_7040_length_978_cov_23.195677	477	557	3	31	80	0.3875000
NODE_7040_length_978_cov_23.195677	477	557	4	14	80	0.1750000
NODE_7040_length_978_cov_23.195677	477	557	5	4	80	0.0500000
NODE_7040_length_978_cov_23.195677	477	557	6	23	80	0.2875000
NODE_7040_length_978_cov_23.195677	477	557	7	8	80	0.1000000
NODE_7041_length_978_cov_18.866894	440	520	1	20	80	0.2500000
NODE_7041_length_978_cov_18.866894	440	520	2	21	80	0.2625000
NODE_7041_length_978_cov_18.866894	440	520	3	37	80	0.4625000
NODE_7041_length_978_cov_18.866894	440	520	4	2	80	0.0250000
NODE_7041_length_978_cov_18.866894	493	573	3	25	80	0.3125000
NODE_7041_length_978_cov_18.866894	493	573	4	55	80	0.6875000
NODE_7042_length_978_cov_15.614334	341	421	2	1	80	0.0125000
NODE_7042_length_978_cov_15.614334	341	421	4	79	80	0.9875000
NODE_7042_length_978_cov_15.614334	394	474	2	26	80	0.3250000
NODE_7042_length_978_cov_15.614334	394	474	3	20	80	0.2500000
NODE_7042_length_978_cov_15.614334	394	474	4	26	80	0.3250000
NODE_7042_length_978_cov_15.614334	394	474	5	8	80	0.1000000
NODE_7042_length_978_cov_15.614334	470	550	4	74	80	0.9250000
NODE_7042_length_978_cov_15.614334	470	550	5	5	80	0.0625000
NODE_7042_length_978_cov_15.614334	470	550	6	1	80	0.0125000
NODE_7042_length_978_cov_15.614334	523	603	4	37	80	0.4625000
NODE_7042_length_978_cov_15.614334	523	603	5	16	80	0.2000000
NODE_7042_length_978_cov_15.614334	523	603	6	27	80	0.3375000
NODE_7043_length_978_cov_15.253697	327	407	1	18	80	0.2250000
NODE_7043_length_978_cov_15.253697	327	407	2	10	80	0.1250000
NODE_7043_length_978_cov_15.253697	327	407	3	6	80	0.0750000
NODE_7043_length_978_cov_15.253697	327	407	4	11	80	0.1375000
NODE_7043_length_978_cov_15.253697	327	407	5	30	80	0.3750000
NODE_7043_length_978_cov_15.253697	327	407	6	5	80	0.0625000
NODE_7043_length_978_cov_15.253697	380	460	5	22	80	0.2750000
NODE_7043_length_978_cov_15.253697	380	460	6	24	80	0.3000000
NODE_7043_length_978_cov_15.253697	380	460	7	11	80	0.1375000
NODE_7043_length_978_cov_15.253697	380	460	8	23	80	0.2875000
NODE_7043_length_978_cov_15.253697	456	536	4	10	80	0.1250000
NODE_7043_length_978_cov_15.253697	456	536	5	16	80	0.2000000
NODE_7043_length_978_cov_15.253697	456	536	6	15	80	0.1875000
NODE_7043_length_978_cov_15.253697	456	536	7	28	80	0.3500000
NODE_7043_length_978_cov_15.253697	456	536	8	11	80	0.1375000
NODE_7043_length_978_cov_15.253697	509	589	2	2	80	0.0250000
NODE_7043_length_978_cov_15.253697	509	589	3	11	80	0.1375000
NODE_7043_length_978_cov_15.253697	509	589	4	34	80	0.4250000
NODE_7043_length_978_cov_15.253697	509	589	5	31	80	0.3875000
NODE_7043_length_978_cov_15.253697	509	589	6	2	80	0.0250000
NODE_7044_length_978_cov_14.730375	407	487	3	2	80	0.0250000
NODE_7044_length_978_cov_14.730375	407	487	5	78	80	0.9750000
NODE_7044_length_978_cov_14.730375	460	540	1	6	80	0.0750000
NODE_7044_length_978_cov_14.730375	460	540	2	17	80	0.2125000
NODE_7044_length_978_cov_14.730375	460	540	3	32	80	0.4000000
NODE_7044_length_978_cov_14.730375	460	540	5	25	80	0.3125000
NODE_7045_length_978_cov_7.257110	571	651	0	80	80	1.0000000
NODE_7045_length_978_cov_7.257110	624	704	0	80	80	1.0000000
NODE_7062_length_977_cov_47.484055	427	507	13	3	80	0.0375000
NODE_7062_length_977_cov_47.484055	427	507	14	5	80	0.0625000
NODE_7062_length_977_cov_47.484055	427	507	15	6	80	0.0750000
NODE_7062_length_977_cov_47.484055	427	507	16	12	80	0.1500000
NODE_7062_length_977_cov_47.484055	427	507	17	16	80	0.2000000
NODE_7062_length_977_cov_47.484055	427	507	18	15	80	0.1875000
NODE_7062_length_977_cov_47.484055	427	507	19	7	80	0.0875000
NODE_7062_length_977_cov_47.484055	427	507	20	16	80	0.2000000
NODE_7062_length_977_cov_47.484055	480	560	12	2	80	0.0250000
NODE_7062_length_977_cov_47.484055	480	560	13	6	80	0.0750000
NODE_7062_length_977_cov_47.484055	480	560	14	8	80	0.1000000
NODE_7062_length_977_cov_47.484055	480	560	15	7	80	0.0875000
NODE_7062_length_977_cov_47.484055	480	560	16	3	80	0.0375000
NODE_7062_length_977_cov_47.484055	480	560	17	11	80	0.1375000
NODE_7062_length_977_cov_47.484055	480	560	18	2	80	0.0250000
NODE_7062_length_977_cov_47.484055	480	560	19	19	80	0.2375000
NODE_7062_length_977_cov_47.484055	480	560	20	22	80	0.2750000
NODE_7063_length_977_cov_47.116173	428	508	9	6	80	0.0750000
NODE_7063_length_977_cov_47.116173	428	508	10	2	80	0.0250000
NODE_7063_length_977_cov_47.116173	428	508	11	53	80	0.6625000
NODE_7063_length_977_cov_47.116173	428	508	13	19	80	0.2375000
NODE_7063_length_977_cov_47.116173	481	561	7	24	80	0.3000000
NODE_7063_length_977_cov_47.116173	481	561	8	25	80	0.3125000
NODE_7063_length_977_cov_47.116173	481	561	9	3	80	0.0375000
NODE_7063_length_977_cov_47.116173	481	561	10	1	80	0.0125000
NODE_7063_length_977_cov_47.116173	481	561	11	8	80	0.1000000
NODE_7063_length_977_cov_47.116173	481	561	13	19	80	0.2375000
NODE_7063_length_977_cov_47.116173	557	637	1	9	80	0.1125000
NODE_7063_length_977_cov_47.116173	557	637	3	42	80	0.5250000
NODE_7063_length_977_cov_47.116173	557	637	4	2	80	0.0250000
NODE_7063_length_977_cov_47.116173	557	637	5	11	80	0.1375000
NODE_7063_length_977_cov_47.116173	557	637	6	8	80	0.1000000
NODE_7063_length_977_cov_47.116173	557	637	7	8	80	0.1000000
NODE_7063_length_977_cov_47.116173	610	690	0	15	80	0.1875000
NODE_7063_length_977_cov_47.116173	610	690	1	47	80	0.5875000
NODE_7063_length_977_cov_47.116173	610	690	3	18	80	0.2250000
NODE_7064_length_977_cov_32.542141	486	566	8	10	80	0.1250000
NODE_7064_length_977_cov_32.542141	486	566	9	2	80	0.0250000
NODE_7064_length_977_cov_32.542141	486	566	11	20	80	0.2500000
NODE_7064_length_977_cov_32.542141	486	566	12	6	80	0.0750000
NODE_7064_length_977_cov_32.542141	486	566	13	4	80	0.0500000
NODE_7064_length_977_cov_32.542141	486	566	14	21	80	0.2625000
NODE_7064_length_977_cov_32.542141	486	566	15	17	80	0.2125000
NODE_7064_length_977_cov_32.542141	539	619	7	24	80	0.3000000
NODE_7064_length_977_cov_32.542141	539	619	8	19	80	0.2375000
NODE_7064_length_977_cov_32.542141	539	619	10	2	80	0.0250000
NODE_7064_length_977_cov_32.542141	539	619	11	15	80	0.1875000
NODE_7064_length_977_cov_32.542141	539	619	12	13	80	0.1625000
NODE_7064_length_977_cov_32.542141	539	619	13	4	80	0.0500000
NODE_7064_length_977_cov_32.542141	539	619	14	3	80	0.0375000
NODE_7065_length_977_cov_30.676538	361	441	13	13	80	0.1625000
NODE_7065_length_977_cov_30.676538	361	441	14	1	80	0.0125000
NODE_7065_length_977_cov_30.676538	361	441	15	2	80	0.0250000
NODE_7065_length_977_cov_30.676538	361	441	17	5	80	0.0625000
NODE_7065_length_977_cov_30.676538	361	441	18	5	80	0.0625000
NODE_7065_length_977_cov_30.676538	361	441	19	5	80	0.0625000
NODE_7065_length_977_cov_30.676538	361	441	20	9	80	0.1125000
NODE_7065_length_977_cov_30.676538	361	441	21	18	80	0.2250000
NODE_7065_length_977_cov_30.676538	361	441	22	8	80	0.1000000
NODE_7065_length_977_cov_30.676538	361	441	23	14	80	0.1750000
NODE_7065_length_977_cov_30.676538	414	494	15	3	80	0.0375000
NODE_7065_length_977_cov_30.676538	414	494	16	4	80	0.0500000
NODE_7065_length_977_cov_30.676538	414	494	17	1	80	0.0125000
NODE_7065_length_977_cov_30.676538	414	494	18	2	80	0.0250000
NODE_7065_length_977_cov_30.676538	414	494	20	9	80	0.1125000
NODE_7065_length_977_cov_30.676538	414	494	21	10	80	0.1250000
NODE_7065_length_977_cov_30.676538	414	494	22	14	80	0.1750000
NODE_7065_length_977_cov_30.676538	414	494	23	37	80	0.4625000
NODE_7066_length_977_cov_28.348519	455	535	8	43	80	0.5375000
NODE_7066_length_977_cov_28.348519	455	535	9	18	80	0.2250000
NODE_7066_length_977_cov_28.348519	455	535	10	19	80	0.2375000
NODE_7066_length_977_cov_28.348519	508	588	2	16	80	0.2000000
NODE_7066_length_977_cov_28.348519	508	588	4	10	80	0.1250000
NODE_7066_length_977_cov_28.348519	508	588	5	14	80	0.1750000
NODE_7066_length_977_cov_28.348519	508	588	7	2	80	0.0250000
NODE_7066_length_977_cov_28.348519	508	588	8	28	80	0.3500000
NODE_7066_length_977_cov_28.348519	508	588	10	10	80	0.1250000
NODE_7067_length_977_cov_26.571754	343	423	1	1	80	0.0125000
NODE_7067_length_977_cov_26.571754	343	423	2	17	80	0.2125000
NODE_7067_length_977_cov_26.571754	343	423	3	62	80	0.7750000
NODE_7067_length_977_cov_26.571754	396	476	2	26	80	0.3250000
NODE_7067_length_977_cov_26.571754	396	476	3	54	80	0.6750000
NODE_7067_length_977_cov_26.571754	472	552	0	41	80	0.5125000
NODE_7067_length_977_cov_26.571754	472	552	1	17	80	0.2125000
NODE_7067_length_977_cov_26.571754	472	552	2	22	80	0.2750000
NODE_7067_length_977_cov_26.571754	525	600	0	75	75	1.0000000
NODE_7068_length_977_cov_24.898633	470	550	3	10	80	0.1250000
NODE_7068_length_977_cov_24.898633	470	550	4	29	80	0.3625000
NODE_7068_length_977_cov_24.898633	470	550	5	39	80	0.4875000
NODE_7068_length_977_cov_24.898633	470	550	6	2	80	0.0250000
NODE_7068_length_977_cov_24.898633	523	603	3	7	80	0.0875000
NODE_7068_length_977_cov_24.898633	523	603	4	6	80	0.0750000
NODE_7068_length_977_cov_24.898633	523	603	5	67	80	0.8375000
NODE_7069_length_977_cov_22.986333	313	393	8	4	80	0.0500000
NODE_7069_length_977_cov_22.986333	313	393	9	33	80	0.4125000
NODE_7069_length_977_cov_22.986333	313	393	10	11	80	0.1375000
NODE_7069_length_977_cov_22.986333	313	393	11	21	80	0.2625000
NODE_7069_length_977_cov_22.986333	313	393	12	11	80	0.1375000
NODE_7069_length_977_cov_22.986333	366	446	4	3	80	0.0375000
NODE_7069_length_977_cov_22.986333	366	446	5	14	80	0.1750000
NODE_7069_length_977_cov_22.986333	366	446	7	28	80	0.3500000
NODE_7069_length_977_cov_22.986333	366	446	9	35	80	0.4375000
NODE_7069_length_977_cov_22.986333	442	522	2	22	80	0.2750000
NODE_7069_length_977_cov_22.986333	442	522	3	13	80	0.1625000
NODE_7069_length_977_cov_22.986333	442	522	4	15	80	0.1875000
NODE_7069_length_977_cov_22.986333	442	522	5	1	80	0.0125000
NODE_7069_length_977_cov_22.986333	442	522	6	29	80	0.3625000
NODE_7069_length_977_cov_22.986333	495	575	4	21	80	0.2625000
NODE_7069_length_977_cov_22.986333	495	575	6	59	80	0.7375000
NODE_7070_length_977_cov_10.753986	290	370	1	6	80	0.0750000
NODE_7070_length_977_cov_10.753986	290	370	2	74	80	0.9250000
NODE_7070_length_977_cov_10.753986	343	423	0	45	80	0.5625000
NODE_7070_length_977_cov_10.753986	343	423	1	14	80	0.1750000
NODE_7070_length_977_cov_10.753986	343	423	2	21	80	0.2625000
NODE_7071_length_977_cov_9.924829	401	456	0	55	55	1.0000000
NODE_7073_length_977_cov_6.391800	483	563	0	80	80	1.0000000
NODE_7073_length_977_cov_6.391800	536	616	0	80	80	1.0000000
NODE_7075_length_977_cov_2.907745	191	241	0	22	50	0.4400000
NODE_7075_length_977_cov_2.907745	191	241	1	28	50	0.5600000
NODE_7085_length_976_cov_38.192702	326	406	1	45	80	0.5625000
NODE_7085_length_976_cov_38.192702	326	406	2	6	80	0.0750000
NODE_7085_length_976_cov_38.192702	326	406	4	29	80	0.3625000
NODE_7085_length_976_cov_38.192702	379	459	3	25	80	0.3125000
NODE_7085_length_976_cov_38.192702	379	459	4	34	80	0.4250000
NODE_7085_length_976_cov_38.192702	379	459	5	9	80	0.1125000
NODE_7085_length_976_cov_38.192702	379	459	7	7	80	0.0875000
NODE_7085_length_976_cov_38.192702	379	459	8	5	80	0.0625000
NODE_7085_length_976_cov_38.192702	455	535	5	11	80	0.1375000
NODE_7085_length_976_cov_38.192702	455	535	6	22	80	0.2750000
NODE_7085_length_976_cov_38.192702	455	535	7	3	80	0.0375000
NODE_7085_length_976_cov_38.192702	455	535	8	44	80	0.5500000
NODE_7085_length_976_cov_38.192702	455	536	5	11	81	0.1358025
NODE_7085_length_976_cov_38.192702	455	536	6	22	81	0.2716049
NODE_7085_length_976_cov_38.192702	455	536	7	4	81	0.0493827
NODE_7085_length_976_cov_38.192702	455	536	8	44	81	0.5432099
NODE_7085_length_976_cov_38.192702	455	519	6	20	64	0.3125000
NODE_7085_length_976_cov_38.192702	455	519	8	44	64	0.6875000
NODE_7085_length_976_cov_38.192702	508	588	3	11	80	0.1375000
NODE_7085_length_976_cov_38.192702	508	588	5	40	80	0.5000000
NODE_7085_length_976_cov_38.192702	508	588	6	13	80	0.1625000
NODE_7085_length_976_cov_38.192702	508	588	7	16	80	0.2000000
NODE_7086_length_976_cov_26.275941	499	579	2	5	80	0.0625000
NODE_7086_length_976_cov_26.275941	499	579	4	36	80	0.4500000
NODE_7086_length_976_cov_26.275941	499	579	5	1	80	0.0125000
NODE_7086_length_976_cov_26.275941	499	579	6	18	80	0.2250000
NODE_7086_length_976_cov_26.275941	499	579	7	20	80	0.2500000
NODE_7086_length_976_cov_26.275941	552	632	4	22	80	0.2750000
NODE_7086_length_976_cov_26.275941	552	632	6	8	80	0.1000000
NODE_7086_length_976_cov_26.275941	552	632	7	50	80	0.6250000
NODE_7087_length_976_cov_25.559863	376	456	5	1	80	0.0125000
NODE_7087_length_976_cov_25.559863	376	456	6	2	80	0.0250000
NODE_7087_length_976_cov_25.559863	376	456	7	13	80	0.1625000
NODE_7087_length_976_cov_25.559863	376	456	8	10	80	0.1250000
NODE_7087_length_976_cov_25.559863	376	456	10	54	80	0.6750000
NODE_7087_length_976_cov_25.559863	429	509	4	7	80	0.0875000
NODE_7087_length_976_cov_25.559863	429	509	5	21	80	0.2625000
NODE_7087_length_976_cov_25.559863	429	509	7	20	80	0.2500000
NODE_7087_length_976_cov_25.559863	429	509	8	11	80	0.1375000
NODE_7087_length_976_cov_25.559863	429	509	10	21	80	0.2625000
NODE_7088_length_976_cov_17.961231	572	652	6	14	80	0.1750000
NODE_7088_length_976_cov_17.961231	572	652	7	15	80	0.1875000
NODE_7088_length_976_cov_17.961231	572	652	8	51	80	0.6375000
NODE_7088_length_976_cov_17.961231	625	705	3	3	80	0.0375000
NODE_7088_length_976_cov_17.961231	625	705	4	13	80	0.1625000
NODE_7088_length_976_cov_17.961231	625	705	5	11	80	0.1375000
NODE_7088_length_976_cov_17.961231	625	705	6	8	80	0.1000000
NODE_7088_length_976_cov_17.961231	625	705	7	20	80	0.2500000
NODE_7088_length_976_cov_17.961231	625	705	8	25	80	0.3125000
NODE_7089_length_976_cov_5.567845	789	851	0	38	62	0.6129032
NODE_7089_length_976_cov_5.567845	789	851	2	24	62	0.3870968
NODE_7089_length_976_cov_5.567845	842	904	0	62	62	1.0000000
NODE_7101_length_975_cov_192.211187	722	802	34	4	80	0.0500000
NODE_7101_length_975_cov_192.211187	722	802	35	7	80	0.0875000
NODE_7101_length_975_cov_192.211187	722	802	36	6	80	0.0750000
NODE_7101_length_975_cov_192.211187	722	802	37	3	80	0.0375000
NODE_7101_length_975_cov_192.211187	722	802	38	3	80	0.0375000
NODE_7101_length_975_cov_192.211187	722	802	39	14	80	0.1750000
NODE_7101_length_975_cov_192.211187	722	802	41	5	80	0.0625000
NODE_7101_length_975_cov_192.211187	722	802	43	12	80	0.1500000
NODE_7101_length_975_cov_192.211187	722	802	44	5	80	0.0625000
NODE_7101_length_975_cov_192.211187	722	802	45	12	80	0.1500000
NODE_7101_length_975_cov_192.211187	722	802	46	8	80	0.1000000
NODE_7101_length_975_cov_192.211187	722	802	47	1	80	0.0125000
NODE_7102_length_975_cov_41.446347	414	494	1	4	80	0.0500000
NODE_7102_length_975_cov_41.446347	414	494	2	54	80	0.6750000
NODE_7102_length_975_cov_41.446347	414	494	3	5	80	0.0625000
NODE_7102_length_975_cov_41.446347	414	494	4	17	80	0.2125000
NODE_7102_length_975_cov_41.446347	467	547	2	5	80	0.0625000
NODE_7102_length_975_cov_41.446347	467	547	3	5	80	0.0625000
NODE_7102_length_975_cov_41.446347	467	547	4	17	80	0.2125000
NODE_7102_length_975_cov_41.446347	467	547	6	1	80	0.0125000
NODE_7102_length_975_cov_41.446347	467	547	7	52	80	0.6500000
NODE_7103_length_975_cov_37.618721	375	455	4	12	80	0.1500000
NODE_7103_length_975_cov_37.618721	375	455	6	32	80	0.4000000
NODE_7103_length_975_cov_37.618721	375	455	7	13	80	0.1625000
NODE_7103_length_975_cov_37.618721	375	455	8	23	80	0.2875000
NODE_7103_length_975_cov_37.618721	428	508	5	4	80	0.0500000
NODE_7103_length_975_cov_37.618721	428	508	6	47	80	0.5875000
NODE_7103_length_975_cov_37.618721	428	508	7	19	80	0.2375000
NODE_7103_length_975_cov_37.618721	428	508	8	10	80	0.1250000
NODE_7104_length_975_cov_34.265982	424	504	4	13	80	0.1625000
NODE_7104_length_975_cov_34.265982	424	504	5	19	80	0.2375000
NODE_7104_length_975_cov_34.265982	424	504	6	29	80	0.3625000
NODE_7104_length_975_cov_34.265982	424	504	7	14	80	0.1750000
NODE_7104_length_975_cov_34.265982	424	504	8	5	80	0.0625000
NODE_7104_length_975_cov_34.265982	477	557	5	19	80	0.2375000
NODE_7104_length_975_cov_34.265982	477	557	6	12	80	0.1500000
NODE_7104_length_975_cov_34.265982	477	557	7	26	80	0.3250000
NODE_7104_length_975_cov_34.265982	477	557	8	23	80	0.2875000
NODE_7105_length_975_cov_31.888128	461	541	7	15	80	0.1875000
NODE_7105_length_975_cov_31.888128	461	541	8	2	80	0.0250000
NODE_7105_length_975_cov_31.888128	461	541	9	63	80	0.7875000
NODE_7105_length_975_cov_31.888128	514	594	6	8	80	0.1000000
NODE_7105_length_975_cov_31.888128	514	594	7	6	80	0.0750000
NODE_7105_length_975_cov_31.888128	514	594	9	60	80	0.7500000
NODE_7105_length_975_cov_31.888128	514	594	10	6	80	0.0750000
NODE_7106_length_975_cov_22.093607	392	472	6	52	80	0.6500000
NODE_7106_length_975_cov_22.093607	392	472	7	1	80	0.0125000
NODE_7106_length_975_cov_22.093607	392	472	8	25	80	0.3125000
NODE_7106_length_975_cov_22.093607	392	472	9	2	80	0.0250000
NODE_7106_length_975_cov_22.093607	445	525	3	13	80	0.1625000
NODE_7106_length_975_cov_22.093607	445	525	5	35	80	0.4375000
NODE_7106_length_975_cov_22.093607	445	525	6	14	80	0.1750000
NODE_7106_length_975_cov_22.093607	445	525	8	16	80	0.2000000
NODE_7106_length_975_cov_22.093607	445	525	9	2	80	0.0250000
NODE_7107_length_975_cov_15.091324	403	483	3	9	80	0.1125000
NODE_7107_length_975_cov_15.091324	403	483	5	4	80	0.0500000
NODE_7107_length_975_cov_15.091324	403	483	6	61	80	0.7625000
NODE_7107_length_975_cov_15.091324	403	483	7	6	80	0.0750000
NODE_7107_length_975_cov_15.091324	456	536	0	10	80	0.1250000
NODE_7107_length_975_cov_15.091324	456	536	1	14	80	0.1750000
NODE_7107_length_975_cov_15.091324	456	536	2	27	80	0.3375000
NODE_7107_length_975_cov_15.091324	456	536	3	11	80	0.1375000
NODE_7107_length_975_cov_15.091324	456	536	5	4	80	0.0500000
NODE_7107_length_975_cov_15.091324	456	536	6	14	80	0.1750000
NODE_7108_length_975_cov_15.046804	63	143	4	7	80	0.0875000
NODE_7108_length_975_cov_15.046804	63	143	5	15	80	0.1875000
NODE_7108_length_975_cov_15.046804	63	143	6	42	80	0.5250000
NODE_7108_length_975_cov_15.046804	63	143	7	16	80	0.2000000
NODE_7108_length_975_cov_15.046804	116	196	6	11	80	0.1375000
NODE_7108_length_975_cov_15.046804	116	196	7	20	80	0.2500000
NODE_7108_length_975_cov_15.046804	116	196	8	9	80	0.1125000
NODE_7108_length_975_cov_15.046804	116	196	9	32	80	0.4000000
NODE_7108_length_975_cov_15.046804	116	196	10	8	80	0.1000000
NODE_7109_length_975_cov_12.043379	535	615	0	29	80	0.3625000
NODE_7109_length_975_cov_12.043379	535	615	2	51	80	0.6375000
NODE_7109_length_975_cov_12.043379	588	668	0	19	80	0.2375000
NODE_7109_length_975_cov_12.043379	588	668	2	61	80	0.7625000
NODE_7110_length_975_cov_11.772831	276	354	1	35	78	0.4487180
NODE_7110_length_975_cov_11.772831	276	354	3	11	78	0.1410256
NODE_7110_length_975_cov_11.772831	276	354	4	32	78	0.4102564
NODE_7110_length_975_cov_11.772831	327	407	4	31	80	0.3875000
NODE_7110_length_975_cov_11.772831	327	407	5	4	80	0.0500000
NODE_7110_length_975_cov_11.772831	327	407	6	45	80	0.5625000
NODE_7111_length_975_cov_10.599315	405	485	7	12	80	0.1500000
NODE_7111_length_975_cov_10.599315	405	485	8	47	80	0.5875000
NODE_7111_length_975_cov_10.599315	405	485	10	11	80	0.1375000
NODE_7111_length_975_cov_10.599315	405	485	11	10	80	0.1250000
NODE_7111_length_975_cov_10.599315	458	538	2	13	80	0.1625000
NODE_7111_length_975_cov_10.599315	458	538	3	6	80	0.0750000
NODE_7111_length_975_cov_10.599315	458	538	4	11	80	0.1375000
NODE_7111_length_975_cov_10.599315	458	538	5	19	80	0.2375000
NODE_7111_length_975_cov_10.599315	458	538	6	4	80	0.0500000
NODE_7111_length_975_cov_10.599315	458	538	7	12	80	0.1500000
NODE_7111_length_975_cov_10.599315	458	538	8	15	80	0.1875000
NODE_7112_length_975_cov_8.089041	430	510	0	18	80	0.2250000
NODE_7112_length_975_cov_8.089041	430	510	1	30	80	0.3750000
NODE_7112_length_975_cov_8.089041	430	510	3	32	80	0.4000000
NODE_7112_length_975_cov_8.089041	483	563	3	80	80	1.0000000
NODE_7114_length_975_cov_3.728311	254	334	1	29	80	0.3625000
NODE_7114_length_975_cov_3.728311	254	334	2	43	80	0.5375000
NODE_7114_length_975_cov_3.728311	254	334	3	8	80	0.1000000
NODE_7114_length_975_cov_3.728311	307	387	2	72	80	0.9000000
NODE_7114_length_975_cov_3.728311	307	387	3	8	80	0.1000000
NODE_7125_length_974_cov_293.334857	564	642	32	1	78	0.0128205
NODE_7125_length_974_cov_293.334857	564	642	34	8	78	0.1025641
NODE_7125_length_974_cov_293.334857	564	642	35	6	78	0.0769231
NODE_7125_length_974_cov_293.334857	564	642	36	7	78	0.0897436
NODE_7125_length_974_cov_293.334857	564	642	37	2	78	0.0256410
NODE_7125_length_974_cov_293.334857	564	642	38	16	78	0.2051282
NODE_7125_length_974_cov_293.334857	564	642	39	1	78	0.0128205
NODE_7125_length_974_cov_293.334857	564	642	40	10	78	0.1282051
NODE_7125_length_974_cov_293.334857	564	642	41	6	78	0.0769231
NODE_7125_length_974_cov_293.334857	564	642	42	3	78	0.0384615
NODE_7125_length_974_cov_293.334857	564	642	43	4	78	0.0512821
NODE_7125_length_974_cov_293.334857	564	642	44	2	78	0.0256410
NODE_7125_length_974_cov_293.334857	564	642	45	5	78	0.0641026
NODE_7125_length_974_cov_293.334857	564	642	46	6	78	0.0769231
NODE_7125_length_974_cov_293.334857	564	642	47	1	78	0.0128205
NODE_7125_length_974_cov_293.334857	564	642	32	1	78	0.0128205
NODE_7125_length_974_cov_293.334857	564	642	34	8	78	0.1025641
NODE_7125_length_974_cov_293.334857	564	642	35	6	78	0.0769231
NODE_7125_length_974_cov_293.334857	564	642	36	7	78	0.0897436
NODE_7125_length_974_cov_293.334857	564	642	37	2	78	0.0256410
NODE_7125_length_974_cov_293.334857	564	642	38	16	78	0.2051282
NODE_7125_length_974_cov_293.334857	564	642	39	1	78	0.0128205
NODE_7125_length_974_cov_293.334857	564	642	40	10	78	0.1282051
NODE_7125_length_974_cov_293.334857	564	642	41	6	78	0.0769231
NODE_7125_length_974_cov_293.334857	564	642	42	3	78	0.0384615
NODE_7125_length_974_cov_293.334857	564	642	43	4	78	0.0512821
NODE_7125_length_974_cov_293.334857	564	642	44	2	78	0.0256410
NODE_7125_length_974_cov_293.334857	564	642	45	5	78	0.0641026
NODE_7125_length_974_cov_293.334857	564	642	46	6	78	0.0769231
NODE_7125_length_974_cov_293.334857	564	642	47	1	78	0.0128205
NODE_7125_length_974_cov_293.334857	564	633	32	1	69	0.0144928
NODE_7125_length_974_cov_293.334857	564	633	34	8	69	0.1159420
NODE_7125_length_974_cov_293.334857	564	633	35	6	69	0.0869565
NODE_7125_length_974_cov_293.334857	564	633	36	7	69	0.1014493
NODE_7125_length_974_cov_293.334857	564	633	37	2	69	0.0289855
NODE_7125_length_974_cov_293.334857	564	633	38	16	69	0.2318841
NODE_7125_length_974_cov_293.334857	564	633	39	1	69	0.0144928
NODE_7125_length_974_cov_293.334857	564	633	40	10	69	0.1449275
NODE_7125_length_974_cov_293.334857	564	633	41	5	69	0.0724638
NODE_7125_length_974_cov_293.334857	564	633	42	3	69	0.0434783
NODE_7125_length_974_cov_293.334857	564	633	43	2	69	0.0289855
NODE_7125_length_974_cov_293.334857	564	633	45	1	69	0.0144928
NODE_7125_length_974_cov_293.334857	564	633	46	6	69	0.0869565
NODE_7125_length_974_cov_293.334857	564	633	47	1	69	0.0144928
NODE_7126_length_974_cov_49.884571	459	539	4	1	80	0.0125000
NODE_7126_length_974_cov_49.884571	459	539	6	41	80	0.5125000
NODE_7126_length_974_cov_49.884571	459	539	7	2	80	0.0250000
NODE_7126_length_974_cov_49.884571	459	539	8	5	80	0.0625000
NODE_7126_length_974_cov_49.884571	459	539	9	31	80	0.3875000
NODE_7126_length_974_cov_49.884571	512	592	0	12	80	0.1500000
NODE_7126_length_974_cov_49.884571	512	592	2	13	80	0.1625000
NODE_7126_length_974_cov_49.884571	512	592	3	14	80	0.1750000
NODE_7126_length_974_cov_49.884571	512	592	4	15	80	0.1875000
NODE_7126_length_974_cov_49.884571	512	592	6	26	80	0.3250000
NODE_7127_length_974_cov_38.384000	430	508	10	18	78	0.2307692
NODE_7127_length_974_cov_38.384000	430	508	11	2	78	0.0256410
NODE_7127_length_974_cov_38.384000	430	508	12	12	78	0.1538462
NODE_7127_length_974_cov_38.384000	430	508	13	16	78	0.2051282
NODE_7127_length_974_cov_38.384000	430	508	14	8	78	0.1025641
NODE_7127_length_974_cov_38.384000	430	508	15	21	78	0.2692308
NODE_7127_length_974_cov_38.384000	430	508	16	1	78	0.0128205
NODE_7127_length_974_cov_38.384000	483	561	5	1	78	0.0128205
NODE_7127_length_974_cov_38.384000	483	561	7	17	78	0.2179487
NODE_7127_length_974_cov_38.384000	483	561	8	4	78	0.0512821
NODE_7127_length_974_cov_38.384000	483	561	9	1	78	0.0128205
NODE_7127_length_974_cov_38.384000	483	561	10	20	78	0.2564103
NODE_7127_length_974_cov_38.384000	483	561	11	3	78	0.0384615
NODE_7127_length_974_cov_38.384000	483	561	12	17	78	0.2179487
NODE_7127_length_974_cov_38.384000	483	561	13	15	78	0.1923077
NODE_7128_length_974_cov_26.008000	391	471	2	59	80	0.7375000
NODE_7128_length_974_cov_26.008000	391	471	3	19	80	0.2375000
NODE_7128_length_974_cov_26.008000	391	471	5	2	80	0.0250000
NODE_7128_length_974_cov_26.008000	444	524	2	6	80	0.0750000
NODE_7128_length_974_cov_26.008000	444	524	3	19	80	0.2375000
NODE_7128_length_974_cov_26.008000	444	524	4	2	80	0.0250000
NODE_7128_length_974_cov_26.008000	444	524	5	53	80	0.6625000
NODE_7128_length_974_cov_26.008000	520	600	5	78	80	0.9750000
NODE_7128_length_974_cov_26.008000	520	600	7	2	80	0.0250000
NODE_7128_length_974_cov_26.008000	573	653	1	1	80	0.0125000
NODE_7128_length_974_cov_26.008000	573	653	2	21	80	0.2625000
NODE_7128_length_974_cov_26.008000	573	653	4	31	80	0.3875000
NODE_7128_length_974_cov_26.008000	573	653	5	27	80	0.3375000
NODE_7129_length_974_cov_21.160000	460	540	1	11	80	0.1375000
NODE_7129_length_974_cov_21.160000	460	540	3	1	80	0.0125000
NODE_7129_length_974_cov_21.160000	460	540	5	68	80	0.8500000
NODE_7129_length_974_cov_21.160000	513	593	1	10	80	0.1250000
NODE_7129_length_974_cov_21.160000	513	593	2	11	80	0.1375000
NODE_7129_length_974_cov_21.160000	513	593	3	13	80	0.1625000
NODE_7129_length_974_cov_21.160000	513	593	5	46	80	0.5750000
NODE_7131_length_974_cov_11.384000	290	370	0	80	80	1.0000000
NODE_7131_length_974_cov_11.384000	343	423	0	80	80	1.0000000
NODE_7132_length_974_cov_11.216000	543	623	1	66	80	0.8250000
NODE_7132_length_974_cov_11.216000	543	623	2	14	80	0.1750000
NODE_7132_length_974_cov_11.216000	596	668	0	4	72	0.0555556
NODE_7132_length_974_cov_11.216000	596	668	1	68	72	0.9444444
NODE_7133_length_974_cov_9.601143	436	516	2	41	80	0.5125000
NODE_7133_length_974_cov_9.601143	436	516	3	22	80	0.2750000
NODE_7133_length_974_cov_9.601143	436	516	4	17	80	0.2125000
NODE_7133_length_974_cov_9.601143	489	569	2	48	80	0.6000000
NODE_7133_length_974_cov_9.601143	489	569	3	28	80	0.3500000
NODE_7133_length_974_cov_9.601143	489	569	4	4	80	0.0500000
NODE_7134_length_974_cov_7.436571	382	462	3	45	80	0.5625000
NODE_7134_length_974_cov_7.436571	382	462	4	22	80	0.2750000
NODE_7134_length_974_cov_7.436571	382	462	5	13	80	0.1625000
NODE_7134_length_974_cov_7.436571	436	515	1	13	79	0.1645570
NODE_7134_length_974_cov_7.436571	436	515	2	24	79	0.3037975
NODE_7134_length_974_cov_7.436571	436	515	3	42	79	0.5316456
NODE_7147_length_973_cov_46.012586	349	429	3	7	80	0.0875000
NODE_7147_length_973_cov_46.012586	349	429	5	53	80	0.6625000
NODE_7147_length_973_cov_46.012586	349	429	6	9	80	0.1125000
NODE_7147_length_973_cov_46.012586	349	429	7	11	80	0.1375000
NODE_7147_length_973_cov_46.012586	402	482	3	19	80	0.2375000
NODE_7147_length_973_cov_46.012586	402	482	5	29	80	0.3625000
NODE_7147_length_973_cov_46.012586	402	482	6	21	80	0.2625000
NODE_7147_length_973_cov_46.012586	402	482	7	11	80	0.1375000
NODE_7147_length_973_cov_46.012586	478	558	2	74	80	0.9250000
NODE_7147_length_973_cov_46.012586	478	558	3	6	80	0.0750000
NODE_7147_length_973_cov_46.012586	531	611	2	30	80	0.3750000
NODE_7147_length_973_cov_46.012586	531	611	3	40	80	0.5000000
NODE_7147_length_973_cov_46.012586	531	611	5	10	80	0.1250000
NODE_7148_length_973_cov_40.305492	364	444	10	9	80	0.1125000
NODE_7148_length_973_cov_40.305492	364	444	12	5	80	0.0625000
NODE_7148_length_973_cov_40.305492	364	444	13	1	80	0.0125000
NODE_7148_length_973_cov_40.305492	364	444	15	6	80	0.0750000
NODE_7148_length_973_cov_40.305492	364	444	16	39	80	0.4875000
NODE_7148_length_973_cov_40.305492	364	444	17	2	80	0.0250000
NODE_7148_length_973_cov_40.305492	364	444	18	13	80	0.1625000
NODE_7148_length_973_cov_40.305492	364	444	19	5	80	0.0625000
NODE_7148_length_973_cov_40.305492	417	497	8	2	80	0.0250000
NODE_7148_length_973_cov_40.305492	417	497	9	3	80	0.0375000
NODE_7148_length_973_cov_40.305492	417	497	11	18	80	0.2250000
NODE_7148_length_973_cov_40.305492	417	497	13	1	80	0.0125000
NODE_7148_length_973_cov_40.305492	417	497	15	12	80	0.1500000
NODE_7148_length_973_cov_40.305492	417	497	16	22	80	0.2750000
NODE_7148_length_973_cov_40.305492	417	497	18	17	80	0.2125000
NODE_7148_length_973_cov_40.305492	417	497	19	5	80	0.0625000
NODE_7149_length_973_cov_24.105263	460	540	7	4	80	0.0500000
NODE_7149_length_973_cov_24.105263	460	540	8	5	80	0.0625000
NODE_7149_length_973_cov_24.105263	460	540	10	53	80	0.6625000
NODE_7149_length_973_cov_24.105263	460	540	11	11	80	0.1375000
NODE_7149_length_973_cov_24.105263	460	540	14	7	80	0.0875000
NODE_7149_length_973_cov_24.105263	513	593	5	20	80	0.2500000
NODE_7149_length_973_cov_24.105263	513	593	8	16	80	0.2000000
NODE_7149_length_973_cov_24.105263	513	593	10	20	80	0.2500000
NODE_7149_length_973_cov_24.105263	513	593	11	4	80	0.0500000
NODE_7149_length_973_cov_24.105263	513	593	13	1	80	0.0125000
NODE_7149_length_973_cov_24.105263	513	593	14	19	80	0.2375000
NODE_7150_length_973_cov_22.106407	342	422	1	15	80	0.1875000
NODE_7150_length_973_cov_22.106407	342	422	2	18	80	0.2250000
NODE_7150_length_973_cov_22.106407	342	422	4	22	80	0.2750000
NODE_7150_length_973_cov_22.106407	342	422	5	25	80	0.3125000
NODE_7150_length_973_cov_22.106407	395	475	4	17	80	0.2125000
NODE_7150_length_973_cov_22.106407	395	475	5	31	80	0.3875000
NODE_7150_length_973_cov_22.106407	395	475	6	32	80	0.4000000
NODE_7150_length_973_cov_22.106407	471	550	3	2	79	0.0253165
NODE_7150_length_973_cov_22.106407	471	550	4	25	79	0.3164557
NODE_7150_length_973_cov_22.106407	471	550	5	40	79	0.5063291
NODE_7150_length_973_cov_22.106407	471	550	6	12	79	0.1518987
NODE_7150_length_973_cov_22.106407	526	604	3	26	78	0.3333333
NODE_7150_length_973_cov_22.106407	526	604	4	31	78	0.3974359
NODE_7150_length_973_cov_22.106407	526	604	5	21	78	0.2692308
NODE_7151_length_973_cov_10.994279	430	510	4	59	80	0.7375000
NODE_7151_length_973_cov_10.994279	430	510	5	21	80	0.2625000
NODE_7151_length_973_cov_10.994279	483	563	2	14	80	0.1750000
NODE_7151_length_973_cov_10.994279	483	563	3	2	80	0.0250000
NODE_7151_length_973_cov_10.994279	483	563	4	43	80	0.5375000
NODE_7151_length_973_cov_10.994279	483	563	6	21	80	0.2625000
NODE_7151_length_973_cov_10.994279	559	635	2	5	76	0.0657895
NODE_7151_length_973_cov_10.994279	559	635	4	42	76	0.5526316
NODE_7151_length_973_cov_10.994279	559	635	5	15	76	0.1973684
NODE_7151_length_973_cov_10.994279	559	635	6	14	76	0.1842105
NODE_7151_length_973_cov_10.994279	608	688	0	1	80	0.0125000
NODE_7151_length_973_cov_10.994279	608	688	2	57	80	0.7125000
NODE_7151_length_973_cov_10.994279	608	688	4	22	80	0.2750000
NODE_7153_length_973_cov_2.973684	734	814	0	80	80	1.0000000
NODE_7153_length_973_cov_2.973684	820	890	0	70	70	1.0000000
NODE_7153_length_973_cov_2.973684	863	944	0	81	81	1.0000000
NODE_7166_length_972_cov_32.547537	299	379	3	13	80	0.1625000
NODE_7166_length_972_cov_32.547537	299	379	5	29	80	0.3625000
NODE_7166_length_972_cov_32.547537	299	379	6	4	80	0.0500000
NODE_7166_length_972_cov_32.547537	299	379	7	16	80	0.2000000
NODE_7166_length_972_cov_32.547537	299	379	9	18	80	0.2250000
NODE_7166_length_972_cov_32.547537	352	432	6	3	80	0.0375000
NODE_7166_length_972_cov_32.547537	352	432	7	14	80	0.1750000
NODE_7166_length_972_cov_32.547537	352	432	9	41	80	0.5125000
NODE_7166_length_972_cov_32.547537	352	432	10	6	80	0.0750000
NODE_7166_length_972_cov_32.547537	352	432	11	13	80	0.1625000
NODE_7166_length_972_cov_32.547537	352	432	12	3	80	0.0375000
NODE_7166_length_972_cov_32.547537	428	508	6	22	80	0.2750000
NODE_7166_length_972_cov_32.547537	428	508	7	24	80	0.3000000
NODE_7166_length_972_cov_32.547537	428	508	8	7	80	0.0875000
NODE_7166_length_972_cov_32.547537	428	508	9	3	80	0.0375000
NODE_7166_length_972_cov_32.547537	428	508	10	11	80	0.1375000
NODE_7166_length_972_cov_32.547537	428	508	11	13	80	0.1625000
NODE_7166_length_972_cov_32.547537	481	561	5	17	80	0.2125000
NODE_7166_length_972_cov_32.547537	481	561	6	58	80	0.7250000
NODE_7166_length_972_cov_32.547537	481	561	7	5	80	0.0625000
NODE_7167_length_972_cov_31.010309	474	554	3	2	80	0.0250000
NODE_7167_length_972_cov_31.010309	474	554	5	8	80	0.1000000
NODE_7167_length_972_cov_31.010309	474	554	6	10	80	0.1250000
NODE_7167_length_972_cov_31.010309	474	554	7	13	80	0.1625000
NODE_7167_length_972_cov_31.010309	474	554	8	42	80	0.5250000
NODE_7167_length_972_cov_31.010309	474	554	9	5	80	0.0625000
NODE_7167_length_972_cov_31.010309	527	607	5	21	80	0.2625000
NODE_7167_length_972_cov_31.010309	527	607	6	3	80	0.0375000
NODE_7167_length_972_cov_31.010309	527	607	8	56	80	0.7000000
NODE_7168_length_972_cov_29.810997	481	561	1	80	80	1.0000000
NODE_7168_length_972_cov_29.810997	534	614	0	29	80	0.3625000
NODE_7168_length_972_cov_29.810997	534	614	1	51	80	0.6375000
NODE_7169_length_972_cov_23.438717	442	522	0	10	80	0.1250000
NODE_7169_length_972_cov_23.438717	442	522	2	15	80	0.1875000
NODE_7169_length_972_cov_23.438717	442	522	3	4	80	0.0500000
NODE_7169_length_972_cov_23.438717	442	522	4	22	80	0.2750000
NODE_7169_length_972_cov_23.438717	442	522	5	28	80	0.3500000
NODE_7169_length_972_cov_23.438717	442	522	6	1	80	0.0125000
NODE_7169_length_972_cov_23.438717	495	575	5	26	80	0.3250000
NODE_7169_length_972_cov_23.438717	495	575	6	54	80	0.6750000
NODE_7170_length_972_cov_18.886598	453	533	2	4	80	0.0500000
NODE_7170_length_972_cov_18.886598	453	533	4	5	80	0.0625000
NODE_7170_length_972_cov_18.886598	453	533	5	12	80	0.1500000
NODE_7170_length_972_cov_18.886598	453	533	6	9	80	0.1125000
NODE_7170_length_972_cov_18.886598	453	533	7	46	80	0.5750000
NODE_7170_length_972_cov_18.886598	453	533	8	4	80	0.0500000
NODE_7170_length_972_cov_18.886598	506	585	5	15	79	0.1898734
NODE_7170_length_972_cov_18.886598	506	585	6	32	79	0.4050633
NODE_7170_length_972_cov_18.886598	506	585	7	23	79	0.2911392
NODE_7170_length_972_cov_18.886598	506	585	8	9	79	0.1139240
NODE_7171_length_972_cov_15.100802	329	409	3	5	80	0.0625000
NODE_7171_length_972_cov_15.100802	329	409	4	3	80	0.0375000
NODE_7171_length_972_cov_15.100802	329	409	5	7	80	0.0875000
NODE_7171_length_972_cov_15.100802	329	409	6	50	80	0.6250000
NODE_7171_length_972_cov_15.100802	329	409	7	15	80	0.1875000
NODE_7171_length_972_cov_15.100802	382	462	1	45	80	0.5625000
NODE_7171_length_972_cov_15.100802	382	462	3	13	80	0.1625000
NODE_7171_length_972_cov_15.100802	382	462	5	7	80	0.0875000
NODE_7171_length_972_cov_15.100802	382	462	6	15	80	0.1875000
NODE_7172_length_972_cov_12.674685	444	524	7	1	80	0.0125000
NODE_7172_length_972_cov_12.674685	444	524	9	40	80	0.5000000
NODE_7172_length_972_cov_12.674685	444	524	10	36	80	0.4500000
NODE_7172_length_972_cov_12.674685	444	524	11	3	80	0.0375000
NODE_7172_length_972_cov_12.674685	497	577	4	19	80	0.2375000
NODE_7172_length_972_cov_12.674685	497	577	5	26	80	0.3250000
NODE_7172_length_972_cov_12.674685	497	577	6	5	80	0.0625000
NODE_7172_length_972_cov_12.674685	497	577	7	4	80	0.0500000
NODE_7172_length_972_cov_12.674685	497	577	9	14	80	0.1750000
NODE_7172_length_972_cov_12.674685	497	577	10	9	80	0.1125000
NODE_7172_length_972_cov_12.674685	497	577	11	3	80	0.0375000
NODE_7173_length_972_cov_11.235968	504	584	2	14	80	0.1750000
NODE_7173_length_972_cov_11.235968	504	584	3	11	80	0.1375000
NODE_7173_length_972_cov_11.235968	504	584	4	52	80	0.6500000
NODE_7173_length_972_cov_11.235968	504	584	5	3	80	0.0375000
NODE_7173_length_972_cov_11.235968	557	637	4	24	80	0.3000000
NODE_7173_length_972_cov_11.235968	557	637	5	36	80	0.4500000
NODE_7173_length_972_cov_11.235968	557	637	6	20	80	0.2500000
NODE_7174_length_972_cov_10.983963	402	482	0	1	80	0.0125000
NODE_7174_length_972_cov_10.983963	402	482	2	79	80	0.9875000
NODE_7174_length_972_cov_10.983963	455	535	0	6	80	0.0750000
NODE_7174_length_972_cov_10.983963	455	535	2	74	80	0.9250000
NODE_7175_length_972_cov_8.887743	302	382	0	71	80	0.8875000
NODE_7175_length_972_cov_8.887743	302	382	1	3	80	0.0375000
NODE_7175_length_972_cov_8.887743	302	382	2	6	80	0.0750000
NODE_7175_length_972_cov_8.887743	355	430	0	18	75	0.2400000
NODE_7175_length_972_cov_8.887743	355	430	1	3	75	0.0400000
NODE_7175_length_972_cov_8.887743	355	430	2	54	75	0.7200000
NODE_7176_length_972_cov_8.265750	488	568	3	56	80	0.7000000
NODE_7176_length_972_cov_8.265750	488	568	4	1	80	0.0125000
NODE_7176_length_972_cov_8.265750	488	568	5	23	80	0.2875000
NODE_7176_length_972_cov_8.265750	541	621	3	5	80	0.0625000
NODE_7176_length_972_cov_8.265750	541	621	4	2	80	0.0250000
NODE_7176_length_972_cov_8.265750	541	621	5	73	80	0.9125000
NODE_7182_length_972_cov_2.714777	165	241	0	9	76	0.1184211
NODE_7182_length_972_cov_2.714777	165	241	2	67	76	0.8815789
NODE_7195_length_971_cov_52.575688	398	478	3	2	80	0.0250000
NODE_7195_length_971_cov_52.575688	398	478	5	5	80	0.0625000
NODE_7195_length_971_cov_52.575688	398	478	6	4	80	0.0500000
NODE_7195_length_971_cov_52.575688	398	478	7	21	80	0.2625000
NODE_7195_length_971_cov_52.575688	398	478	8	2	80	0.0250000
NODE_7195_length_971_cov_52.575688	398	478	9	41	80	0.5125000
NODE_7195_length_971_cov_52.575688	398	478	11	5	80	0.0625000
NODE_7195_length_971_cov_52.575688	451	531	9	22	80	0.2750000
NODE_7195_length_971_cov_52.575688	451	531	10	24	80	0.3000000
NODE_7195_length_971_cov_52.575688	451	531	11	34	80	0.4250000
NODE_7195_length_971_cov_52.575688	527	607	2	13	80	0.1625000
NODE_7195_length_971_cov_52.575688	527	607	4	12	80	0.1500000
NODE_7195_length_971_cov_52.575688	527	607	5	8	80	0.1000000
NODE_7195_length_971_cov_52.575688	527	607	6	19	80	0.2375000
NODE_7195_length_971_cov_52.575688	527	607	7	21	80	0.2625000
NODE_7195_length_971_cov_52.575688	527	607	10	7	80	0.0875000
NODE_7195_length_971_cov_52.575688	580	660	2	59	80	0.7375000
NODE_7195_length_971_cov_52.575688	580	660	3	7	80	0.0875000
NODE_7195_length_971_cov_52.575688	580	660	4	12	80	0.1500000
NODE_7195_length_971_cov_52.575688	580	660	5	2	80	0.0250000
NODE_7196_length_971_cov_44.464450	280	360	0	80	80	1.0000000
NODE_7196_length_971_cov_44.464450	333	413	0	80	80	1.0000000
NODE_7196_length_971_cov_44.464450	409	489	0	33	80	0.4125000
NODE_7196_length_971_cov_44.464450	409	489	2	47	80	0.5875000
NODE_7196_length_971_cov_44.464450	462	542	0	23	80	0.2875000
NODE_7196_length_971_cov_44.464450	462	542	2	57	80	0.7125000
NODE_7197_length_971_cov_32.721330	509	589	2	3	80	0.0375000
NODE_7197_length_971_cov_32.721330	509	589	4	4	80	0.0500000
NODE_7197_length_971_cov_32.721330	509	589	6	31	80	0.3875000
NODE_7197_length_971_cov_32.721330	509	589	7	19	80	0.2375000
NODE_7197_length_971_cov_32.721330	509	589	8	23	80	0.2875000
NODE_7197_length_971_cov_32.721330	562	642	6	19	80	0.2375000
NODE_7197_length_971_cov_32.721330	562	642	7	53	80	0.6625000
NODE_7197_length_971_cov_32.721330	562	642	8	8	80	0.1000000
NODE_7198_length_971_cov_30.264908	474	554	6	13	80	0.1625000
NODE_7198_length_971_cov_30.264908	474	554	7	7	80	0.0875000
NODE_7198_length_971_cov_30.264908	474	554	8	8	80	0.1000000
NODE_7198_length_971_cov_30.264908	474	554	9	8	80	0.1000000
NODE_7198_length_971_cov_30.264908	474	554	10	6	80	0.0750000
NODE_7198_length_971_cov_30.264908	474	554	11	3	80	0.0375000
NODE_7198_length_971_cov_30.264908	474	554	12	7	80	0.0875000
NODE_7198_length_971_cov_30.264908	474	554	13	28	80	0.3500000
NODE_7198_length_971_cov_30.264908	527	607	8	3	80	0.0375000
NODE_7198_length_971_cov_30.264908	527	607	9	43	80	0.5375000
NODE_7198_length_971_cov_30.264908	527	607	10	18	80	0.2250000
NODE_7198_length_971_cov_30.264908	527	607	12	7	80	0.0875000
NODE_7198_length_971_cov_30.264908	527	607	13	9	80	0.1125000
NODE_7199_length_971_cov_26.631881	434	514	1	67	80	0.8375000
NODE_7199_length_971_cov_26.631881	434	514	2	13	80	0.1625000
NODE_7199_length_971_cov_26.631881	487	567	1	14	80	0.1750000
NODE_7199_length_971_cov_26.631881	487	567	2	63	80	0.7875000
NODE_7199_length_971_cov_26.631881	487	567	3	3	80	0.0375000
NODE_7200_length_971_cov_25.635321	404	484	5	6	80	0.0750000
NODE_7200_length_971_cov_25.635321	404	484	6	8	80	0.1000000
NODE_7200_length_971_cov_25.635321	404	484	8	63	80	0.7875000
NODE_7200_length_971_cov_25.635321	404	484	9	3	80	0.0375000
NODE_7200_length_971_cov_25.635321	457	537	1	14	80	0.1750000
NODE_7200_length_971_cov_25.635321	457	537	3	20	80	0.2500000
NODE_7200_length_971_cov_25.635321	457	537	5	25	80	0.3125000
NODE_7200_length_971_cov_25.635321	457	537	6	8	80	0.1000000
NODE_7200_length_971_cov_25.635321	457	537	8	10	80	0.1250000
NODE_7200_length_971_cov_25.635321	457	537	9	3	80	0.0375000
NODE_7201_length_971_cov_23.334862	363	443	3	3	80	0.0375000
NODE_7201_length_971_cov_23.334862	363	443	4	6	80	0.0750000
NODE_7201_length_971_cov_23.334862	363	443	5	13	80	0.1625000
NODE_7201_length_971_cov_23.334862	363	443	6	8	80	0.1000000
NODE_7201_length_971_cov_23.334862	363	443	7	4	80	0.0500000
NODE_7201_length_971_cov_23.334862	363	443	9	46	80	0.5750000
NODE_7201_length_971_cov_23.334862	416	497	7	35	81	0.4320988
NODE_7201_length_971_cov_23.334862	416	497	9	46	81	0.5679013
NODE_7202_length_971_cov_18.254587	468	548	0	3	80	0.0375000
NODE_7202_length_971_cov_18.254587	468	548	1	18	80	0.2250000
NODE_7202_length_971_cov_18.254587	468	548	2	31	80	0.3875000
NODE_7202_length_971_cov_18.254587	468	548	3	28	80	0.3500000
NODE_7202_length_971_cov_18.254587	521	601	3	80	80	1.0000000
NODE_7203_length_971_cov_18.229358	392	472	2	80	80	1.0000000
NODE_7203_length_971_cov_18.229358	445	525	0	23	80	0.2875000
NODE_7203_length_971_cov_18.229358	445	525	2	57	80	0.7125000
NODE_7204_length_971_cov_16.591743	481	561	4	12	80	0.1500000
NODE_7204_length_971_cov_16.591743	481	561	6	42	80	0.5250000
NODE_7204_length_971_cov_16.591743	481	561	7	26	80	0.3250000
NODE_7204_length_971_cov_16.591743	534	614	3	1	80	0.0125000
NODE_7204_length_971_cov_16.591743	534	614	4	64	80	0.8000000
NODE_7204_length_971_cov_16.591743	534	614	6	14	80	0.1750000
NODE_7204_length_971_cov_16.591743	534	614	7	1	80	0.0125000
NODE_7205_length_971_cov_15.563073	463	543	2	11	80	0.1375000
NODE_7205_length_971_cov_15.563073	463	543	3	36	80	0.4500000
NODE_7205_length_971_cov_15.563073	463	543	4	31	80	0.3875000
NODE_7205_length_971_cov_15.563073	463	543	6	2	80	0.0250000
NODE_7205_length_971_cov_15.563073	516	596	4	78	80	0.9750000
NODE_7205_length_971_cov_15.563073	516	596	6	2	80	0.0250000
NODE_7206_length_971_cov_12.141055	415	495	1	80	80	1.0000000
NODE_7206_length_971_cov_12.141055	468	548	0	34	80	0.4250000
NODE_7206_length_971_cov_12.141055	468	548	1	46	80	0.5750000
NODE_7222_length_970_cov_34.928817	438	518	7	3	80	0.0375000
NODE_7222_length_970_cov_34.928817	438	518	8	49	80	0.6125000
NODE_7222_length_970_cov_34.928817	438	518	11	28	80	0.3500000
NODE_7222_length_970_cov_34.928817	491	571	8	5	80	0.0625000
NODE_7222_length_970_cov_34.928817	491	571	9	37	80	0.4625000
NODE_7222_length_970_cov_34.928817	491	571	10	3	80	0.0375000
NODE_7222_length_970_cov_34.928817	491	571	11	35	80	0.4375000
NODE_7223_length_970_cov_34.445465	540	620	5	28	80	0.3500000
NODE_7223_length_970_cov_34.445465	540	620	6	3	80	0.0375000
NODE_7223_length_970_cov_34.445465	540	620	7	39	80	0.4875000
NODE_7223_length_970_cov_34.445465	540	620	8	10	80	0.1250000
NODE_7223_length_970_cov_34.445465	593	673	5	32	80	0.4000000
NODE_7223_length_970_cov_34.445465	593	673	6	11	80	0.1375000
NODE_7223_length_970_cov_34.445465	593	673	7	24	80	0.3000000
NODE_7223_length_970_cov_34.445465	593	673	8	13	80	0.1625000
NODE_7224_length_970_cov_34.257176	352	432	1	9	80	0.1125000
NODE_7224_length_970_cov_34.257176	352	432	2	71	80	0.8875000
NODE_7224_length_970_cov_34.257176	405	485	1	55	80	0.6875000
NODE_7224_length_970_cov_34.257176	405	485	2	25	80	0.3125000
NODE_7225_length_970_cov_26.904707	297	372	1	48	75	0.6400000
NODE_7225_length_970_cov_26.904707	297	372	2	12	75	0.1600000
NODE_7225_length_970_cov_26.904707	297	372	3	15	75	0.2000000
NODE_7225_length_970_cov_26.904707	303	376	1	48	73	0.6575342
NODE_7225_length_970_cov_26.904707	303	376	2	16	73	0.2191781
NODE_7225_length_970_cov_26.904707	303	376	3	9	73	0.1232877
NODE_7225_length_970_cov_26.904707	311	377	1	48	66	0.7272727
NODE_7225_length_970_cov_26.904707	311	377	2	17	66	0.2575758
NODE_7225_length_970_cov_26.904707	311	377	3	1	66	0.0151515
NODE_7225_length_970_cov_26.904707	350	429	1	39	79	0.4936709
NODE_7225_length_970_cov_26.904707	350	429	2	40	79	0.5063291
NODE_7225_length_970_cov_26.904707	350	429	1	39	79	0.4936709
NODE_7225_length_970_cov_26.904707	350	429	2	40	79	0.5063291
NODE_7225_length_970_cov_26.904707	350	429	1	39	79	0.4936709
NODE_7225_length_970_cov_26.904707	350	429	2	40	79	0.5063291
NODE_7226_length_970_cov_26.040184	266	346	0	80	80	1.0000000
NODE_7226_length_970_cov_26.040184	319	399	0	54	80	0.6750000
NODE_7226_length_970_cov_26.040184	319	399	1	26	80	0.3250000
NODE_7226_length_970_cov_26.040184	395	475	1	4	80	0.0500000
NODE_7226_length_970_cov_26.040184	395	475	2	8	80	0.1000000
NODE_7226_length_970_cov_26.040184	395	475	3	13	80	0.1625000
NODE_7226_length_970_cov_26.040184	395	475	4	32	80	0.4000000
NODE_7226_length_970_cov_26.040184	395	475	5	19	80	0.2375000
NODE_7226_length_970_cov_26.040184	395	475	7	4	80	0.0500000
NODE_7226_length_970_cov_26.040184	448	528	4	4	80	0.0500000
NODE_7226_length_970_cov_26.040184	448	528	5	19	80	0.2375000
NODE_7226_length_970_cov_26.040184	448	528	7	10	80	0.1250000
NODE_7226_length_970_cov_26.040184	448	528	8	47	80	0.5875000
NODE_7227_length_970_cov_19.291619	415	495	0	30	80	0.3750000
NODE_7227_length_970_cov_19.291619	415	495	2	50	80	0.6250000
NODE_7227_length_970_cov_19.291619	468	548	0	10	80	0.1250000
NODE_7227_length_970_cov_19.291619	468	548	2	70	80	0.8750000
NODE_7228_length_970_cov_17.731343	557	637	0	21	80	0.2625000
NODE_7228_length_970_cov_17.731343	557	637	1	57	80	0.7125000
NODE_7228_length_970_cov_17.731343	557	637	2	2	80	0.0250000
NODE_7228_length_970_cov_17.731343	610	690	1	25	80	0.3125000
NODE_7228_length_970_cov_17.731343	610	690	2	55	80	0.6875000
NODE_7229_length_970_cov_15.135476	407	487	4	1	80	0.0125000
NODE_7229_length_970_cov_15.135476	407	487	5	38	80	0.4750000
NODE_7229_length_970_cov_15.135476	407	487	7	19	80	0.2375000
NODE_7229_length_970_cov_15.135476	407	487	8	17	80	0.2125000
NODE_7229_length_970_cov_15.135476	407	487	9	5	80	0.0625000
NODE_7229_length_970_cov_15.135476	460	540	5	17	80	0.2125000
NODE_7229_length_970_cov_15.135476	460	540	7	16	80	0.2000000
NODE_7229_length_970_cov_15.135476	460	540	8	42	80	0.5250000
NODE_7229_length_970_cov_15.135476	460	540	9	5	80	0.0625000
NODE_7230_length_970_cov_12.675086	534	614	3	14	80	0.1750000
NODE_7230_length_970_cov_12.675086	534	614	4	66	80	0.8250000
NODE_7230_length_970_cov_12.675086	587	667	2	12	80	0.1500000
NODE_7230_length_970_cov_12.675086	587	667	3	32	80	0.4000000
NODE_7230_length_970_cov_12.675086	587	667	4	36	80	0.4500000
NODE_7231_length_970_cov_8.095293	487	567	2	80	80	1.0000000
NODE_7231_length_970_cov_8.095293	540	620	0	37	80	0.4625000
NODE_7231_length_970_cov_8.095293	540	620	2	43	80	0.5375000
NODE_7233_length_970_cov_7.127440	336	416	2	27	80	0.3375000
NODE_7233_length_970_cov_7.127440	336	416	4	53	80	0.6625000
NODE_7233_length_970_cov_7.127440	389	469	4	80	80	1.0000000
NODE_7234_length_970_cov_5.824340	0	56	0	56	56	1.0000000
NODE_7246_length_969_cov_47.172414	419	499	3	1	80	0.0125000
NODE_7246_length_969_cov_47.172414	419	499	5	68	80	0.8500000
NODE_7246_length_969_cov_47.172414	419	499	6	4	80	0.0500000
NODE_7246_length_969_cov_47.172414	419	499	7	7	80	0.0875000
NODE_7246_length_969_cov_47.172414	472	552	3	19	80	0.2375000
NODE_7246_length_969_cov_47.172414	472	552	4	6	80	0.0750000
NODE_7246_length_969_cov_47.172414	472	552	5	19	80	0.2375000
NODE_7246_length_969_cov_47.172414	472	552	6	4	80	0.0500000
NODE_7246_length_969_cov_47.172414	472	552	7	32	80	0.4000000
NODE_7247_length_969_cov_28.234483	327	407	8	1	80	0.0125000
NODE_7247_length_969_cov_28.234483	327	407	10	40	80	0.5000000
NODE_7247_length_969_cov_28.234483	327	407	11	19	80	0.2375000
NODE_7247_length_969_cov_28.234483	327	407	12	18	80	0.2250000
NODE_7247_length_969_cov_28.234483	327	407	14	2	80	0.0250000
NODE_7247_length_969_cov_28.234483	380	460	8	38	80	0.4750000
NODE_7247_length_969_cov_28.234483	380	460	9	8	80	0.1000000
NODE_7247_length_969_cov_28.234483	380	460	10	21	80	0.2625000
NODE_7247_length_969_cov_28.234483	380	460	11	4	80	0.0500000
NODE_7247_length_969_cov_28.234483	380	460	12	7	80	0.0875000
NODE_7247_length_969_cov_28.234483	380	460	14	2	80	0.0250000
NODE_7248_length_969_cov_27.131034	392	472	12	8	80	0.1000000
NODE_7248_length_969_cov_27.131034	392	472	13	16	80	0.2000000
NODE_7248_length_969_cov_27.131034	392	472	14	14	80	0.1750000
NODE_7248_length_969_cov_27.131034	392	472	15	13	80	0.1625000
NODE_7248_length_969_cov_27.131034	392	472	16	28	80	0.3500000
NODE_7248_length_969_cov_27.131034	392	472	17	1	80	0.0125000
NODE_7248_length_969_cov_27.131034	445	525	10	1	80	0.0125000
NODE_7248_length_969_cov_27.131034	445	525	11	22	80	0.2750000
NODE_7248_length_969_cov_27.131034	445	525	12	9	80	0.1125000
NODE_7248_length_969_cov_27.131034	445	525	14	10	80	0.1250000
NODE_7248_length_969_cov_27.131034	445	525	15	5	80	0.0625000
NODE_7248_length_969_cov_27.131034	445	525	16	33	80	0.4125000
NODE_7249_length_969_cov_26.345977	466	542	0	11	76	0.1447368
NODE_7249_length_969_cov_26.345977	466	542	2	6	76	0.0789474
NODE_7249_length_969_cov_26.345977	466	542	3	23	76	0.3026316
NODE_7249_length_969_cov_26.345977	466	542	4	36	76	0.4736842
NODE_7249_length_969_cov_26.345977	515	595	2	37	80	0.4625000
NODE_7249_length_969_cov_26.345977	515	595	4	43	80	0.5375000
NODE_7250_length_969_cov_18.954023	274	354	5	13	80	0.1625000
NODE_7250_length_969_cov_18.954023	274	354	6	6	80	0.0750000
NODE_7250_length_969_cov_18.954023	274	354	7	58	80	0.7250000
NODE_7250_length_969_cov_18.954023	274	354	8	3	80	0.0375000
NODE_7250_length_969_cov_18.954023	327	407	5	20	80	0.2500000
NODE_7250_length_969_cov_18.954023	327	407	6	15	80	0.1875000
NODE_7250_length_969_cov_18.954023	327	407	7	41	80	0.5125000
NODE_7250_length_969_cov_18.954023	327	407	8	4	80	0.0500000
NODE_7251_length_969_cov_17.952874	410	490	0	23	80	0.2875000
NODE_7251_length_969_cov_17.952874	410	490	1	57	80	0.7125000
NODE_7251_length_969_cov_17.952874	463	543	1	80	80	1.0000000
NODE_7251_length_969_cov_17.952874	693	773	0	2	80	0.0250000
NODE_7251_length_969_cov_17.952874	693	773	1	78	80	0.9750000
NODE_7251_length_969_cov_17.952874	746	826	0	55	80	0.6875000
NODE_7251_length_969_cov_17.952874	746	826	1	25	80	0.3125000
NODE_7252_length_969_cov_15.942529	446	526	6	36	80	0.4500000
NODE_7252_length_969_cov_15.942529	446	526	7	16	80	0.2000000
NODE_7252_length_969_cov_15.942529	446	526	8	28	80	0.3500000
NODE_7252_length_969_cov_15.942529	499	579	2	34	80	0.4250000
NODE_7252_length_969_cov_15.942529	499	579	4	8	80	0.1000000
NODE_7252_length_969_cov_15.942529	499	579	6	38	80	0.4750000
NODE_7253_length_969_cov_9.926437	573	653	2	21	80	0.2625000
NODE_7253_length_969_cov_9.926437	573	653	3	22	80	0.2750000
NODE_7253_length_969_cov_9.926437	573	653	4	37	80	0.4625000
NODE_7253_length_969_cov_9.926437	626	706	1	21	80	0.2625000
NODE_7253_length_969_cov_9.926437	626	706	2	19	80	0.2375000
NODE_7253_length_969_cov_9.926437	626	706	3	40	80	0.5000000
NODE_7265_length_968_cov_59.162255	376	456	6	43	80	0.5375000
NODE_7265_length_968_cov_59.162255	376	456	7	6	80	0.0750000
NODE_7265_length_968_cov_59.162255	376	456	9	15	80	0.1875000
NODE_7265_length_968_cov_59.162255	376	456	10	16	80	0.2000000
NODE_7265_length_968_cov_59.162255	429	509	9	11	80	0.1375000
NODE_7265_length_968_cov_59.162255	429	509	10	25	80	0.3125000
NODE_7265_length_968_cov_59.162255	429	509	11	27	80	0.3375000
NODE_7265_length_968_cov_59.162255	429	509	12	12	80	0.1500000
NODE_7265_length_968_cov_59.162255	429	509	13	5	80	0.0625000
NODE_7265_length_968_cov_59.162255	505	585	8	9	80	0.1125000
NODE_7265_length_968_cov_59.162255	505	585	9	29	80	0.3625000
NODE_7265_length_968_cov_59.162255	505	585	10	21	80	0.2625000
NODE_7265_length_968_cov_59.162255	505	585	11	20	80	0.2500000
NODE_7265_length_968_cov_59.162255	505	585	12	1	80	0.0125000
NODE_7265_length_968_cov_59.162255	558	638	6	16	80	0.2000000
NODE_7265_length_968_cov_59.162255	558	638	7	37	80	0.4625000
NODE_7265_length_968_cov_59.162255	558	638	9	10	80	0.1250000
NODE_7265_length_968_cov_59.162255	558	638	10	4	80	0.0500000
NODE_7265_length_968_cov_59.162255	558	638	11	13	80	0.1625000
NODE_7266_length_968_cov_40.005754	514	594	0	15	80	0.1875000
NODE_7266_length_968_cov_40.005754	514	594	2	65	80	0.8125000
NODE_7266_length_968_cov_40.005754	567	647	0	26	80	0.3250000
NODE_7266_length_968_cov_40.005754	567	647	2	54	80	0.6750000
NODE_7267_length_968_cov_36.521289	450	530	7	58	80	0.7250000
NODE_7267_length_968_cov_36.521289	450	530	8	14	80	0.1750000
NODE_7267_length_968_cov_36.521289	450	530	9	8	80	0.1000000
NODE_7267_length_968_cov_36.521289	503	583	7	22	80	0.2750000
NODE_7267_length_968_cov_36.521289	503	583	8	24	80	0.3000000
NODE_7267_length_968_cov_36.521289	503	583	9	18	80	0.2250000
NODE_7267_length_968_cov_36.521289	503	583	10	6	80	0.0750000
NODE_7267_length_968_cov_36.521289	503	583	11	10	80	0.1250000
NODE_7268_length_968_cov_34.799770	474	554	8	2	80	0.0250000
NODE_7268_length_968_cov_34.799770	474	554	10	10	80	0.1250000
NODE_7268_length_968_cov_34.799770	474	554	11	5	80	0.0625000
NODE_7268_length_968_cov_34.799770	474	554	12	25	80	0.3125000
NODE_7268_length_968_cov_34.799770	474	554	13	1	80	0.0125000
NODE_7268_length_968_cov_34.799770	474	554	14	31	80	0.3875000
NODE_7268_length_968_cov_34.799770	474	554	15	5	80	0.0625000
NODE_7268_length_968_cov_34.799770	474	554	16	1	80	0.0125000
NODE_7268_length_968_cov_34.799770	527	607	9	23	80	0.2875000
NODE_7268_length_968_cov_34.799770	527	607	10	3	80	0.0375000
NODE_7268_length_968_cov_34.799770	527	607	11	2	80	0.0250000
NODE_7268_length_968_cov_34.799770	527	607	12	3	80	0.0375000
NODE_7268_length_968_cov_34.799770	527	607	13	9	80	0.1125000
NODE_7268_length_968_cov_34.799770	527	607	14	40	80	0.5000000
NODE_7269_length_968_cov_26.929804	293	372	0	21	79	0.2658228
NODE_7269_length_968_cov_26.929804	293	372	1	38	79	0.4810127
NODE_7269_length_968_cov_26.929804	293	372	2	19	79	0.2405063
NODE_7269_length_968_cov_26.929804	293	372	3	1	79	0.0126582
NODE_7269_length_968_cov_26.929804	345	425	1	7	80	0.0875000
NODE_7269_length_968_cov_26.929804	345	425	2	19	80	0.2375000
NODE_7269_length_968_cov_26.929804	345	425	3	12	80	0.1500000
NODE_7269_length_968_cov_26.929804	345	425	4	24	80	0.3000000
NODE_7269_length_968_cov_26.929804	345	425	5	18	80	0.2250000
NODE_7269_length_968_cov_26.929804	421	501	4	37	80	0.4625000
NODE_7269_length_968_cov_26.929804	421	501	5	43	80	0.5375000
NODE_7269_length_968_cov_26.929804	474	554	1	21	80	0.2625000
NODE_7269_length_968_cov_26.929804	474	554	2	12	80	0.1500000
NODE_7269_length_968_cov_26.929804	474	554	3	19	80	0.2375000
NODE_7269_length_968_cov_26.929804	474	554	4	28	80	0.3500000
NODE_7270_length_968_cov_24.468354	434	514	8	15	80	0.1875000
NODE_7270_length_968_cov_24.468354	434	514	9	30	80	0.3750000
NODE_7270_length_968_cov_24.468354	434	514	10	16	80	0.2000000
NODE_7270_length_968_cov_24.468354	434	514	11	19	80	0.2375000
NODE_7270_length_968_cov_24.468354	487	567	2	32	80	0.4000000
NODE_7270_length_968_cov_24.468354	487	567	5	1	80	0.0125000
NODE_7270_length_968_cov_24.468354	487	567	7	15	80	0.1875000
NODE_7270_length_968_cov_24.468354	487	567	8	1	80	0.0125000
NODE_7270_length_968_cov_24.468354	487	567	9	7	80	0.0875000
NODE_7270_length_968_cov_24.468354	487	567	10	5	80	0.0625000
NODE_7270_length_968_cov_24.468354	487	567	11	19	80	0.2375000
NODE_7271_length_968_cov_23.204833	344	424	5	31	80	0.3875000
NODE_7271_length_968_cov_23.204833	344	424	6	25	80	0.3125000
NODE_7271_length_968_cov_23.204833	344	424	7	1	80	0.0125000
NODE_7271_length_968_cov_23.204833	344	424	8	23	80	0.2875000
NODE_7271_length_968_cov_23.204833	397	477	6	3	80	0.0375000
NODE_7271_length_968_cov_23.204833	397	477	7	1	80	0.0125000
NODE_7271_length_968_cov_23.204833	397	477	8	26	80	0.3250000
NODE_7271_length_968_cov_23.204833	397	477	9	14	80	0.1750000
NODE_7271_length_968_cov_23.204833	397	477	10	36	80	0.4500000
NODE_7271_length_968_cov_23.204833	473	553	4	8	80	0.1000000
NODE_7271_length_968_cov_23.204833	473	553	5	33	80	0.4125000
NODE_7271_length_968_cov_23.204833	473	553	6	20	80	0.2500000
NODE_7271_length_968_cov_23.204833	473	553	7	7	80	0.0875000
NODE_7271_length_968_cov_23.204833	473	553	8	7	80	0.0875000
NODE_7271_length_968_cov_23.204833	473	553	10	5	80	0.0625000
NODE_7271_length_968_cov_23.204833	526	606	3	25	80	0.3125000
NODE_7271_length_968_cov_23.204833	526	606	4	30	80	0.3750000
NODE_7271_length_968_cov_23.204833	526	606	5	13	80	0.1625000
NODE_7271_length_968_cov_23.204833	526	606	6	12	80	0.1500000
NODE_7272_length_968_cov_22.321059	417	497	6	5	80	0.0625000
NODE_7272_length_968_cov_22.321059	417	497	7	5	80	0.0625000
NODE_7272_length_968_cov_22.321059	417	497	8	11	80	0.1375000
NODE_7272_length_968_cov_22.321059	417	497	10	13	80	0.1625000
NODE_7272_length_968_cov_22.321059	417	497	12	3	80	0.0375000
NODE_7272_length_968_cov_22.321059	417	497	13	10	80	0.1250000
NODE_7272_length_968_cov_22.321059	417	497	14	3	80	0.0375000
NODE_7272_length_968_cov_22.321059	417	497	15	30	80	0.3750000
NODE_7272_length_968_cov_22.321059	470	550	6	12	80	0.1500000
NODE_7272_length_968_cov_22.321059	470	550	7	10	80	0.1250000
NODE_7272_length_968_cov_22.321059	470	550	8	11	80	0.1375000
NODE_7272_length_968_cov_22.321059	470	550	10	2	80	0.0250000
NODE_7272_length_968_cov_22.321059	470	550	11	7	80	0.0875000
NODE_7272_length_968_cov_22.321059	470	550	13	5	80	0.0625000
NODE_7272_length_968_cov_22.321059	470	550	14	3	80	0.0375000
NODE_7272_length_968_cov_22.321059	470	550	15	30	80	0.3750000
NODE_7273_length_968_cov_20.897583	313	393	0	80	80	1.0000000
NODE_7273_length_968_cov_20.897583	366	446	0	80	80	1.0000000
NODE_7274_length_968_cov_19.296893	401	481	3	33	80	0.4125000
NODE_7274_length_968_cov_19.296893	401	481	4	2	80	0.0250000
NODE_7274_length_968_cov_19.296893	401	481	5	5	80	0.0625000
NODE_7274_length_968_cov_19.296893	401	481	9	3	80	0.0375000
NODE_7274_length_968_cov_19.296893	401	481	10	37	80	0.4625000
NODE_7274_length_968_cov_19.296893	454	534	8	10	80	0.1250000
NODE_7274_length_968_cov_19.296893	454	534	9	33	80	0.4125000
NODE_7274_length_968_cov_19.296893	454	534	10	37	80	0.4625000
NODE_7275_length_968_cov_18.100115	573	653	5	1	80	0.0125000
NODE_7275_length_968_cov_18.100115	573	653	6	59	80	0.7375000
NODE_7275_length_968_cov_18.100115	573	653	7	20	80	0.2500000
NODE_7275_length_968_cov_18.100115	626	706	4	11	80	0.1375000
NODE_7275_length_968_cov_18.100115	626	706	5	41	80	0.5125000
NODE_7275_length_968_cov_18.100115	626	706	6	24	80	0.3000000
NODE_7275_length_968_cov_18.100115	626	706	7	4	80	0.0500000
NODE_7276_length_968_cov_15.576525	472	552	4	19	80	0.2375000
NODE_7276_length_968_cov_15.576525	472	552	5	30	80	0.3750000
NODE_7276_length_968_cov_15.576525	472	552	6	30	80	0.3750000
NODE_7276_length_968_cov_15.576525	472	552	7	1	80	0.0125000
NODE_7276_length_968_cov_15.576525	525	605	3	45	80	0.5625000
NODE_7276_length_968_cov_15.576525	525	605	4	27	80	0.3375000
NODE_7276_length_968_cov_15.576525	525	605	5	7	80	0.0875000
NODE_7276_length_968_cov_15.576525	525	605	7	1	80	0.0125000
NODE_7277_length_968_cov_15.024166	329	409	2	25	80	0.3125000
NODE_7277_length_968_cov_15.024166	329	409	3	33	80	0.4125000
NODE_7277_length_968_cov_15.024166	329	409	4	22	80	0.2750000
NODE_7277_length_968_cov_15.024166	382	462	1	4	80	0.0500000
NODE_7277_length_968_cov_15.024166	382	462	2	74	80	0.9250000
NODE_7277_length_968_cov_15.024166	382	462	3	2	80	0.0250000
NODE_7277_length_968_cov_15.024166	458	538	0	70	80	0.8750000
NODE_7277_length_968_cov_15.024166	458	538	1	10	80	0.1250000
NODE_7277_length_968_cov_15.024166	511	591	0	80	80	1.0000000
NODE_7278_length_968_cov_13.911392	674	754	9	4	80	0.0500000
NODE_7278_length_968_cov_13.911392	674	754	10	3	80	0.0375000
NODE_7278_length_968_cov_13.911392	674	754	11	16	80	0.2000000
NODE_7278_length_968_cov_13.911392	674	754	13	37	80	0.4625000
NODE_7278_length_968_cov_13.911392	674	754	14	3	80	0.0375000
NODE_7278_length_968_cov_13.911392	674	754	15	14	80	0.1750000
NODE_7278_length_968_cov_13.911392	674	754	16	3	80	0.0375000
NODE_7278_length_968_cov_13.911392	727	807	7	4	80	0.0500000
NODE_7278_length_968_cov_13.911392	727	807	8	12	80	0.1500000
NODE_7278_length_968_cov_13.911392	727	807	9	1	80	0.0125000
NODE_7278_length_968_cov_13.911392	727	807	11	14	80	0.1750000
NODE_7278_length_968_cov_13.911392	727	807	13	17	80	0.2125000
NODE_7278_length_968_cov_13.911392	727	807	14	10	80	0.1250000
NODE_7278_length_968_cov_13.911392	727	807	15	14	80	0.1750000
NODE_7278_length_968_cov_13.911392	727	807	16	8	80	0.1000000
NODE_7279_length_968_cov_11.698504	598	678	3	24	80	0.3000000
NODE_7279_length_968_cov_11.698504	598	678	4	25	80	0.3125000
NODE_7279_length_968_cov_11.698504	598	678	5	27	80	0.3375000
NODE_7279_length_968_cov_11.698504	598	678	7	4	80	0.0500000
NODE_7279_length_968_cov_11.698504	651	731	4	10	80	0.1250000
NODE_7279_length_968_cov_11.698504	651	731	5	39	80	0.4875000
NODE_7279_length_968_cov_11.698504	651	731	6	17	80	0.2125000
NODE_7279_length_968_cov_11.698504	651	731	7	14	80	0.1750000
NODE_7280_length_968_cov_6.490219	538	618	4	80	80	1.0000000
NODE_7280_length_968_cov_6.490219	591	671	1	30	80	0.3750000
NODE_7280_length_968_cov_6.490219	591	671	2	17	80	0.2125000
NODE_7280_length_968_cov_6.490219	591	671	4	33	80	0.4125000
NODE_7294_length_967_cov_25.572581	332	412	6	68	80	0.8500000
NODE_7294_length_967_cov_25.572581	332	412	7	10	80	0.1250000
NODE_7294_length_967_cov_25.572581	332	412	9	2	80	0.0250000
NODE_7294_length_967_cov_25.572581	385	465	3	5	80	0.0625000
NODE_7294_length_967_cov_25.572581	385	465	4	10	80	0.1250000
NODE_7294_length_967_cov_25.572581	385	465	5	24	80	0.3000000
NODE_7294_length_967_cov_25.572581	385	465	6	41	80	0.5125000
NODE_7295_length_967_cov_24.919355	396	476	0	12	80	0.1500000
NODE_7295_length_967_cov_24.919355	396	476	2	60	80	0.7500000
NODE_7295_length_967_cov_24.919355	396	476	3	8	80	0.1000000
NODE_7295_length_967_cov_24.919355	449	529	2	19	80	0.2375000
NODE_7295_length_967_cov_24.919355	449	529	3	61	80	0.7625000
NODE_7296_length_967_cov_19.137097	374	454	3	24	80	0.3000000
NODE_7296_length_967_cov_19.137097	374	454	4	56	80	0.7000000
NODE_7296_length_967_cov_19.137097	427	507	3	63	80	0.7875000
NODE_7296_length_967_cov_19.137097	427	507	4	17	80	0.2125000
NODE_7296_length_967_cov_19.137097	503	583	0	45	80	0.5625000
NODE_7296_length_967_cov_19.137097	503	583	1	22	80	0.2750000
NODE_7296_length_967_cov_19.137097	503	583	2	5	80	0.0625000
NODE_7296_length_967_cov_19.137097	503	583	3	8	80	0.1000000
NODE_7296_length_967_cov_19.137097	556	636	0	80	80	1.0000000
NODE_7297_length_967_cov_14.654378	453	533	3	29	80	0.3625000
NODE_7297_length_967_cov_14.654378	453	533	4	51	80	0.6375000
NODE_7297_length_967_cov_14.654378	506	586	1	4	80	0.0500000
NODE_7297_length_967_cov_14.654378	506	586	3	2	80	0.0250000
NODE_7297_length_967_cov_14.654378	506	586	4	74	80	0.9250000
NODE_7298_length_967_cov_8.027650	280	360	1	21	80	0.2625000
NODE_7298_length_967_cov_8.027650	280	360	3	34	80	0.4250000
NODE_7298_length_967_cov_8.027650	280	360	5	15	80	0.1875000
NODE_7298_length_967_cov_8.027650	280	360	6	10	80	0.1250000
NODE_7298_length_967_cov_8.027650	333	413	3	2	80	0.0250000
NODE_7298_length_967_cov_8.027650	333	413	5	55	80	0.6875000
NODE_7298_length_967_cov_8.027650	333	413	6	23	80	0.2875000
NODE_7310_length_966_cov_43.154556	401	474	4	11	73	0.1506849
NODE_7310_length_966_cov_43.154556	401	474	7	60	73	0.8219178
NODE_7310_length_966_cov_43.154556	401	474	8	2	73	0.0273973
NODE_7310_length_966_cov_43.154556	447	527	7	34	80	0.4250000
NODE_7310_length_966_cov_43.154556	447	527	8	32	80	0.4000000
NODE_7310_length_966_cov_43.154556	447	527	9	14	80	0.1750000
NODE_7311_length_966_cov_42.877739	477	557	3	5	80	0.0625000
NODE_7311_length_966_cov_42.877739	477	557	4	10	80	0.1250000
NODE_7311_length_966_cov_42.877739	477	557	5	4	80	0.0500000
NODE_7311_length_966_cov_42.877739	477	557	6	20	80	0.2500000
NODE_7311_length_966_cov_42.877739	477	557	7	5	80	0.0625000
NODE_7311_length_966_cov_42.877739	477	557	8	36	80	0.4500000
NODE_7311_length_966_cov_42.877739	530	610	2	40	80	0.5000000
NODE_7311_length_966_cov_42.877739	530	610	3	9	80	0.1125000
NODE_7311_length_966_cov_42.877739	530	610	4	19	80	0.2375000
NODE_7311_length_966_cov_42.877739	530	610	5	4	80	0.0500000
NODE_7311_length_966_cov_42.877739	530	610	6	8	80	0.1000000
NODE_7312_length_966_cov_39.956171	283	363	2	12	80	0.1500000
NODE_7312_length_966_cov_39.956171	283	363	3	38	80	0.4750000
NODE_7312_length_966_cov_39.956171	283	363	4	30	80	0.3750000
NODE_7312_length_966_cov_39.956171	336	416	3	12	80	0.1500000
NODE_7312_length_966_cov_39.956171	336	416	4	30	80	0.3750000
NODE_7312_length_966_cov_39.956171	336	416	5	38	80	0.4750000
NODE_7312_length_966_cov_39.956171	412	494	2	15	82	0.1829268
NODE_7312_length_966_cov_39.956171	412	494	3	34	82	0.4146341
NODE_7312_length_966_cov_39.956171	412	494	4	22	82	0.2682927
NODE_7312_length_966_cov_39.956171	412	494	5	11	82	0.1341463
NODE_7312_length_966_cov_39.956171	467	547	2	34	80	0.4250000
NODE_7312_length_966_cov_39.956171	467	547	3	19	80	0.2375000
NODE_7312_length_966_cov_39.956171	467	547	4	27	80	0.3375000
NODE_7313_length_966_cov_36.160323	461	541	9	3	80	0.0375000
NODE_7313_length_966_cov_36.160323	461	541	10	10	80	0.1250000
NODE_7313_length_966_cov_36.160323	461	541	11	6	80	0.0750000
NODE_7313_length_966_cov_36.160323	461	541	12	27	80	0.3375000
NODE_7313_length_966_cov_36.160323	461	541	13	24	80	0.3000000
NODE_7313_length_966_cov_36.160323	461	541	14	10	80	0.1250000
NODE_7313_length_966_cov_36.160323	461	541	9	3	80	0.0375000
NODE_7313_length_966_cov_36.160323	461	541	10	10	80	0.1250000
NODE_7313_length_966_cov_36.160323	461	541	11	6	80	0.0750000
NODE_7313_length_966_cov_36.160323	461	541	12	27	80	0.3375000
NODE_7313_length_966_cov_36.160323	461	541	13	24	80	0.3000000
NODE_7313_length_966_cov_36.160323	461	541	14	10	80	0.1250000
NODE_7313_length_966_cov_36.160323	514	594	3	20	80	0.2500000
NODE_7313_length_966_cov_36.160323	514	594	7	28	80	0.3500000
NODE_7313_length_966_cov_36.160323	514	594	9	8	80	0.1000000
NODE_7313_length_966_cov_36.160323	514	594	10	10	80	0.1250000
NODE_7313_length_966_cov_36.160323	514	594	11	3	80	0.0375000
NODE_7313_length_966_cov_36.160323	514	594	13	11	80	0.1375000
NODE_7314_length_966_cov_18.658593	408	488	1	47	80	0.5875000
NODE_7314_length_966_cov_18.658593	408	488	3	30	80	0.3750000
NODE_7314_length_966_cov_18.658593	408	488	5	3	80	0.0375000
NODE_7314_length_966_cov_18.658593	461	541	3	24	80	0.3000000
NODE_7314_length_966_cov_18.658593	461	541	4	40	80	0.5000000
NODE_7314_length_966_cov_18.658593	461	541	5	16	80	0.2000000
NODE_7315_length_966_cov_17.606690	341	421	0	78	80	0.9750000
NODE_7315_length_966_cov_17.606690	341	421	2	2	80	0.0250000
NODE_7315_length_966_cov_17.606690	394	474	0	49	80	0.6125000
NODE_7315_length_966_cov_17.606690	394	474	2	31	80	0.3875000
NODE_7316_length_966_cov_16.064591	296	376	4	8	80	0.1000000
NODE_7316_length_966_cov_16.064591	296	376	5	18	80	0.2250000
NODE_7316_length_966_cov_16.064591	296	376	6	19	80	0.2375000
NODE_7316_length_966_cov_16.064591	296	376	7	1	80	0.0125000
NODE_7316_length_966_cov_16.064591	296	376	8	8	80	0.1000000
NODE_7316_length_966_cov_16.064591	296	376	9	12	80	0.1500000
NODE_7316_length_966_cov_16.064591	296	376	10	14	80	0.1750000
NODE_7316_length_966_cov_16.064591	349	429	8	2	80	0.0250000
NODE_7316_length_966_cov_16.064591	349	429	9	34	80	0.4250000
NODE_7316_length_966_cov_16.064591	349	429	10	44	80	0.5500000
NODE_7317_length_966_cov_15.155709	562	642	4	29	80	0.3625000
NODE_7317_length_966_cov_15.155709	562	642	5	17	80	0.2125000
NODE_7317_length_966_cov_15.155709	562	642	6	34	80	0.4250000
NODE_7317_length_966_cov_15.155709	615	695	0	29	80	0.3625000
NODE_7317_length_966_cov_15.155709	615	695	1	3	80	0.0375000
NODE_7317_length_966_cov_15.155709	615	695	3	17	80	0.2125000
NODE_7317_length_966_cov_15.155709	615	695	4	31	80	0.3875000
NODE_7318_length_966_cov_7.726644	280	360	2	80	80	1.0000000
NODE_7318_length_966_cov_7.726644	334	414	0	4	80	0.0500000
NODE_7318_length_966_cov_7.726644	334	414	1	24	80	0.3000000
NODE_7318_length_966_cov_7.726644	334	414	2	33	80	0.4125000
NODE_7318_length_966_cov_7.726644	334	414	3	19	80	0.2375000
NODE_7335_length_965_cov_51.524249	197	277	2	12	80	0.1500000
NODE_7335_length_965_cov_51.524249	197	277	3	9	80	0.1125000
NODE_7335_length_965_cov_51.524249	197	277	5	11	80	0.1375000
NODE_7335_length_965_cov_51.524249	197	277	7	14	80	0.1750000
NODE_7335_length_965_cov_51.524249	197	277	8	25	80	0.3125000
NODE_7335_length_965_cov_51.524249	197	277	9	5	80	0.0625000
NODE_7335_length_965_cov_51.524249	197	277	10	4	80	0.0500000
NODE_7335_length_965_cov_51.524249	250	327	8	18	77	0.2337662
NODE_7335_length_965_cov_51.524249	250	327	9	5	77	0.0649351
NODE_7335_length_965_cov_51.524249	250	327	10	13	77	0.1688312
NODE_7335_length_965_cov_51.524249	250	327	11	4	77	0.0519481
NODE_7335_length_965_cov_51.524249	250	327	12	10	77	0.1298701
NODE_7335_length_965_cov_51.524249	250	327	13	1	77	0.0129870
NODE_7335_length_965_cov_51.524249	250	327	14	10	77	0.1298701
NODE_7335_length_965_cov_51.524249	250	327	15	16	77	0.2077922
NODE_7335_length_965_cov_51.524249	329	406	10	24	77	0.3116883
NODE_7335_length_965_cov_51.524249	329	406	11	4	77	0.0519481
NODE_7335_length_965_cov_51.524249	329	406	12	22	77	0.2857143
NODE_7335_length_965_cov_51.524249	329	406	13	17	77	0.2207792
NODE_7335_length_965_cov_51.524249	329	406	14	10	77	0.1298701
NODE_7335_length_965_cov_51.524249	379	459	9	16	80	0.2000000
NODE_7335_length_965_cov_51.524249	379	459	11	3	80	0.0375000
NODE_7335_length_965_cov_51.524249	379	459	12	28	80	0.3500000
NODE_7335_length_965_cov_51.524249	379	459	13	31	80	0.3875000
NODE_7335_length_965_cov_51.524249	379	459	14	2	80	0.0250000
NODE_7336_length_965_cov_18.072748	515	595	3	21	80	0.2625000
NODE_7336_length_965_cov_18.072748	515	595	5	18	80	0.2250000
NODE_7336_length_965_cov_18.072748	515	595	6	31	80	0.3875000
NODE_7336_length_965_cov_18.072748	515	595	7	1	80	0.0125000
NODE_7336_length_965_cov_18.072748	515	595	9	9	80	0.1125000
NODE_7336_length_965_cov_18.072748	568	648	6	17	80	0.2125000
NODE_7336_length_965_cov_18.072748	568	648	7	1	80	0.0125000
NODE_7336_length_965_cov_18.072748	568	648	8	42	80	0.5250000
NODE_7336_length_965_cov_18.072748	568	648	9	20	80	0.2500000
NODE_7337_length_965_cov_14.277136	342	422	5	15	80	0.1875000
NODE_7337_length_965_cov_14.277136	342	422	6	65	80	0.8125000
NODE_7337_length_965_cov_14.277136	395	470	4	10	75	0.1333333
NODE_7337_length_965_cov_14.277136	395	470	5	29	75	0.3866667
NODE_7337_length_965_cov_14.277136	395	470	6	36	75	0.4800000
NODE_7338_length_965_cov_7.808314	567	647	0	80	80	1.0000000
NODE_7338_length_965_cov_7.808314	620	700	0	80	80	1.0000000
NODE_7344_length_964_cov_60.153757	197	277	10	1	80	0.0125000
NODE_7344_length_964_cov_60.153757	197	277	11	5	80	0.0625000
NODE_7344_length_964_cov_60.153757	197	277	12	14	80	0.1750000
NODE_7344_length_964_cov_60.153757	197	277	14	6	80	0.0750000
NODE_7344_length_964_cov_60.153757	197	277	15	7	80	0.0875000
NODE_7344_length_964_cov_60.153757	197	277	16	11	80	0.1375000
NODE_7344_length_964_cov_60.153757	197	277	18	3	80	0.0375000
NODE_7344_length_964_cov_60.153757	197	277	19	3	80	0.0375000
NODE_7344_length_964_cov_60.153757	197	277	21	10	80	0.1250000
NODE_7344_length_964_cov_60.153757	197	277	22	4	80	0.0500000
NODE_7344_length_964_cov_60.153757	197	277	25	3	80	0.0375000
NODE_7344_length_964_cov_60.153757	197	277	27	3	80	0.0375000
NODE_7344_length_964_cov_60.153757	197	277	28	1	80	0.0125000
NODE_7344_length_964_cov_60.153757	197	277	30	2	80	0.0250000
NODE_7344_length_964_cov_60.153757	197	277	32	4	80	0.0500000
NODE_7344_length_964_cov_60.153757	197	277	35	1	80	0.0125000
NODE_7344_length_964_cov_60.153757	197	277	36	2	80	0.0250000
NODE_7344_length_964_cov_60.153757	250	314	5	14	64	0.2187500
NODE_7344_length_964_cov_60.153757	250	314	7	7	64	0.1093750
NODE_7344_length_964_cov_60.153757	250	314	9	5	64	0.0781250
NODE_7344_length_964_cov_60.153757	250	314	10	12	64	0.1875000
NODE_7344_length_964_cov_60.153757	250	314	11	5	64	0.0781250
NODE_7344_length_964_cov_60.153757	250	314	12	14	64	0.2187500
NODE_7344_length_964_cov_60.153757	250	314	14	2	64	0.0312500
NODE_7344_length_964_cov_60.153757	250	314	16	5	64	0.0781250
NODE_7344_length_964_cov_60.153757	672	752	0	27	80	0.3375000
NODE_7344_length_964_cov_60.153757	672	752	2	53	80	0.6625000
NODE_7344_length_964_cov_60.153757	725	805	0	75	80	0.9375000
NODE_7344_length_964_cov_60.153757	725	805	2	5	80	0.0625000
NODE_7345_length_964_cov_45.564162	314	394	12	16	80	0.2000000
NODE_7345_length_964_cov_45.564162	314	394	14	3	80	0.0375000
NODE_7345_length_964_cov_45.564162	314	394	15	16	80	0.2000000
NODE_7345_length_964_cov_45.564162	314	394	16	10	80	0.1250000
NODE_7345_length_964_cov_45.564162	314	394	17	22	80	0.2750000
NODE_7345_length_964_cov_45.564162	314	394	18	13	80	0.1625000
NODE_7345_length_964_cov_45.564162	367	447	12	4	80	0.0500000
NODE_7345_length_964_cov_45.564162	367	447	13	2	80	0.0250000
NODE_7345_length_964_cov_45.564162	367	447	14	15	80	0.1875000
NODE_7345_length_964_cov_45.564162	367	447	15	6	80	0.0750000
NODE_7345_length_964_cov_45.564162	367	447	16	5	80	0.0625000
NODE_7345_length_964_cov_45.564162	367	447	17	30	80	0.3750000
NODE_7345_length_964_cov_45.564162	367	447	18	18	80	0.2250000
NODE_7345_length_964_cov_45.564162	443	523	6	17	80	0.2125000
NODE_7345_length_964_cov_45.564162	443	523	7	15	80	0.1875000
NODE_7345_length_964_cov_45.564162	443	523	8	15	80	0.1875000
NODE_7345_length_964_cov_45.564162	443	523	9	9	80	0.1125000
NODE_7345_length_964_cov_45.564162	443	523	10	18	80	0.2250000
NODE_7345_length_964_cov_45.564162	443	523	12	6	80	0.0750000
NODE_7345_length_964_cov_45.564162	496	566	4	6	70	0.0857143
NODE_7345_length_964_cov_45.564162	496	566	5	3	70	0.0428571
NODE_7345_length_964_cov_45.564162	496	566	6	16	70	0.2285714
NODE_7345_length_964_cov_45.564162	496	566	7	17	70	0.2428571
NODE_7345_length_964_cov_45.564162	496	566	8	19	70	0.2714286
NODE_7345_length_964_cov_45.564162	496	566	9	9	70	0.1285714
NODE_7346_length_964_cov_33.487861	363	443	11	1	80	0.0125000
NODE_7346_length_964_cov_33.487861	363	443	15	3	80	0.0375000
NODE_7346_length_964_cov_33.487861	363	443	17	3	80	0.0375000
NODE_7346_length_964_cov_33.487861	363	443	18	12	80	0.1500000
NODE_7346_length_964_cov_33.487861	363	443	19	19	80	0.2375000
NODE_7346_length_964_cov_33.487861	363	443	20	30	80	0.3750000
NODE_7346_length_964_cov_33.487861	363	443	21	10	80	0.1250000
NODE_7346_length_964_cov_33.487861	363	443	22	2	80	0.0250000
NODE_7346_length_964_cov_33.487861	416	496	15	6	80	0.0750000
NODE_7346_length_964_cov_33.487861	416	496	16	5	80	0.0625000
NODE_7346_length_964_cov_33.487861	416	496	17	5	80	0.0625000
NODE_7346_length_964_cov_33.487861	416	496	18	31	80	0.3875000
NODE_7346_length_964_cov_33.487861	416	496	20	30	80	0.3750000
NODE_7346_length_964_cov_33.487861	416	496	21	1	80	0.0125000
NODE_7346_length_964_cov_33.487861	416	496	22	2	80	0.0250000
NODE_7347_length_964_cov_33.077457	408	488	0	80	80	1.0000000
NODE_7347_length_964_cov_33.077457	461	541	0	80	80	1.0000000
NODE_7347_length_964_cov_33.077457	537	617	0	80	80	1.0000000
NODE_7347_length_964_cov_33.077457	590	670	0	80	80	1.0000000
NODE_7348_length_964_cov_29.250867	419	499	7	8	80	0.1000000
NODE_7348_length_964_cov_29.250867	419	499	8	12	80	0.1500000
NODE_7348_length_964_cov_29.250867	419	499	9	34	80	0.4250000
NODE_7348_length_964_cov_29.250867	419	499	10	26	80	0.3250000
NODE_7348_length_964_cov_29.250867	472	552	7	3	80	0.0375000
NODE_7348_length_964_cov_29.250867	472	552	8	2	80	0.0250000
NODE_7348_length_964_cov_29.250867	472	552	9	11	80	0.1375000
NODE_7348_length_964_cov_29.250867	472	552	10	63	80	0.7875000
NODE_7348_length_964_cov_29.250867	472	552	11	1	80	0.0125000
NODE_7349_length_964_cov_20.191908	228	301	1	58	73	0.7945206
NODE_7349_length_964_cov_20.191908	228	301	2	15	73	0.2054795
NODE_7349_length_964_cov_20.191908	349	429	1	21	80	0.2625000
NODE_7349_length_964_cov_20.191908	349	429	3	59	80	0.7375000
NODE_7349_length_964_cov_20.191908	402	482	2	46	80	0.5750000
NODE_7349_length_964_cov_20.191908	402	482	3	34	80	0.4250000
NODE_7350_length_964_cov_18.510983	486	566	0	10	80	0.1250000
NODE_7350_length_964_cov_18.510983	486	566	2	70	80	0.8750000
NODE_7350_length_964_cov_18.510983	539	619	0	54	80	0.6750000
NODE_7350_length_964_cov_18.510983	539	619	1	9	80	0.1125000
NODE_7350_length_964_cov_18.510983	539	619	2	17	80	0.2125000
NODE_7351_length_964_cov_16.613873	464	544	1	26	80	0.3250000
NODE_7351_length_964_cov_16.613873	464	544	2	29	80	0.3625000
NODE_7351_length_964_cov_16.613873	464	544	3	9	80	0.1125000
NODE_7351_length_964_cov_16.613873	464	544	5	16	80	0.2000000
NODE_7351_length_964_cov_16.613873	517	597	2	2	80	0.0250000
NODE_7351_length_964_cov_16.613873	517	597	3	9	80	0.1125000
NODE_7351_length_964_cov_16.613873	517	597	5	69	80	0.8625000
NODE_7352_length_964_cov_15.717919	411	491	0	40	80	0.5000000
NODE_7352_length_964_cov_15.717919	411	491	1	19	80	0.2375000
NODE_7352_length_964_cov_15.717919	411	491	2	21	80	0.2625000
NODE_7352_length_964_cov_15.717919	464	544	1	6	80	0.0750000
NODE_7352_length_964_cov_15.717919	464	544	2	74	80	0.9250000
NODE_7352_length_964_cov_15.717919	540	620	1	19	80	0.2375000
NODE_7352_length_964_cov_15.717919	540	620	2	61	80	0.7625000
NODE_7352_length_964_cov_15.717919	593	668	0	48	75	0.6400000
NODE_7352_length_964_cov_15.717919	593	668	1	19	75	0.2533333
NODE_7352_length_964_cov_15.717919	593	668	2	8	75	0.1066667
NODE_7353_length_964_cov_14.591908	521	601	1	80	80	1.0000000
NODE_7353_length_964_cov_14.591908	574	654	1	80	80	1.0000000
NODE_7354_length_964_cov_11.589595	475	555	1	34	80	0.4250000
NODE_7354_length_964_cov_11.589595	475	555	2	46	80	0.5750000
NODE_7354_length_964_cov_11.589595	528	608	1	59	80	0.7375000
NODE_7354_length_964_cov_11.589595	528	608	2	21	80	0.2625000
NODE_7355_length_964_cov_7.639306	420	500	2	36	80	0.4500000
NODE_7355_length_964_cov_7.639306	420	500	4	44	80	0.5500000
NODE_7355_length_964_cov_7.639306	473	553	0	38	80	0.4750000
NODE_7355_length_964_cov_7.639306	473	553	2	42	80	0.5250000
NODE_7356_length_964_cov_7.596532	534	614	3	32	80	0.4000000
NODE_7356_length_964_cov_7.596532	534	614	4	23	80	0.2875000
NODE_7356_length_964_cov_7.596532	534	614	5	11	80	0.1375000
NODE_7356_length_964_cov_7.596532	534	614	6	14	80	0.1750000
NODE_7356_length_964_cov_7.596532	587	667	3	25	80	0.3125000
NODE_7356_length_964_cov_7.596532	587	667	4	14	80	0.1750000
NODE_7356_length_964_cov_7.596532	587	667	5	27	80	0.3375000
NODE_7356_length_964_cov_7.596532	587	667	6	14	80	0.1750000
NODE_7357_length_964_cov_6.568786	368	448	2	16	80	0.2000000
NODE_7357_length_964_cov_6.568786	368	448	3	15	80	0.1875000
NODE_7357_length_964_cov_6.568786	368	448	4	49	80	0.6125000
NODE_7357_length_964_cov_6.568786	421	501	1	39	80	0.4875000
NODE_7357_length_964_cov_6.568786	421	501	2	30	80	0.3750000
NODE_7357_length_964_cov_6.568786	421	501	3	11	80	0.1375000
NODE_7359_length_964_cov_6.027746	890	940	4	7	50	0.1400000
NODE_7359_length_964_cov_6.027746	890	940	6	43	50	0.8600000
NODE_7361_length_964_cov_4.665896	706	772	0	66	66	1.0000000
NODE_7376_length_963_cov_66.251157	456	536	8	11	80	0.1375000
NODE_7376_length_963_cov_66.251157	456	536	9	1	80	0.0125000
NODE_7376_length_963_cov_66.251157	456	536	10	6	80	0.0750000
NODE_7376_length_963_cov_66.251157	456	536	11	8	80	0.1000000
NODE_7376_length_963_cov_66.251157	456	536	12	1	80	0.0125000
NODE_7376_length_963_cov_66.251157	456	536	13	11	80	0.1375000
NODE_7376_length_963_cov_66.251157	456	536	14	5	80	0.0625000
NODE_7376_length_963_cov_66.251157	456	536	15	17	80	0.2125000
NODE_7376_length_963_cov_66.251157	456	536	16	1	80	0.0125000
NODE_7376_length_963_cov_66.251157	456	536	17	19	80	0.2375000
NODE_7376_length_963_cov_66.251157	509	589	8	24	80	0.3000000
NODE_7376_length_963_cov_66.251157	509	589	9	4	80	0.0500000
NODE_7376_length_963_cov_66.251157	509	589	10	20	80	0.2500000
NODE_7376_length_963_cov_66.251157	509	589	11	7	80	0.0875000
NODE_7376_length_963_cov_66.251157	509	589	12	12	80	0.1500000
NODE_7376_length_963_cov_66.251157	509	589	13	9	80	0.1125000
NODE_7376_length_963_cov_66.251157	509	589	14	2	80	0.0250000
NODE_7376_length_963_cov_66.251157	509	589	15	2	80	0.0250000
NODE_7376_length_963_cov_66.251157	585	665	8	1	80	0.0125000
NODE_7376_length_963_cov_66.251157	585	665	9	24	80	0.3000000
NODE_7376_length_963_cov_66.251157	585	665	10	29	80	0.3625000
NODE_7376_length_963_cov_66.251157	585	665	12	26	80	0.3250000
NODE_7376_length_963_cov_66.251157	638	718	7	2	80	0.0250000
NODE_7376_length_963_cov_66.251157	638	718	8	21	80	0.2625000
NODE_7376_length_963_cov_66.251157	638	718	9	44	80	0.5500000
NODE_7376_length_963_cov_66.251157	638	718	10	13	80	0.1625000
NODE_7377_length_963_cov_35.638889	381	461	7	9	80	0.1125000
NODE_7377_length_963_cov_35.638889	381	461	8	30	80	0.3750000
NODE_7377_length_963_cov_35.638889	381	461	9	9	80	0.1125000
NODE_7377_length_963_cov_35.638889	381	461	10	32	80	0.4000000
NODE_7377_length_963_cov_35.638889	434	514	5	9	80	0.1125000
NODE_7377_length_963_cov_35.638889	434	514	6	5	80	0.0625000
NODE_7377_length_963_cov_35.638889	434	514	7	1	80	0.0125000
NODE_7377_length_963_cov_35.638889	434	514	8	33	80	0.4125000
NODE_7377_length_963_cov_35.638889	434	514	9	7	80	0.0875000
NODE_7377_length_963_cov_35.638889	434	514	10	25	80	0.3125000
NODE_7377_length_963_cov_35.638889	510	590	3	13	80	0.1625000
NODE_7377_length_963_cov_35.638889	510	590	4	29	80	0.3625000
NODE_7377_length_963_cov_35.638889	510	590	5	26	80	0.3250000
NODE_7377_length_963_cov_35.638889	510	590	6	12	80	0.1500000
NODE_7377_length_963_cov_35.638889	563	643	2	33	80	0.4125000
NODE_7377_length_963_cov_35.638889	563	643	3	33	80	0.4125000
NODE_7377_length_963_cov_35.638889	563	643	4	8	80	0.1000000
NODE_7377_length_963_cov_35.638889	563	643	5	6	80	0.0750000
NODE_7378_length_963_cov_33.642361	347	427	2	5	80	0.0625000
NODE_7378_length_963_cov_33.642361	347	427	3	13	80	0.1625000
NODE_7378_length_963_cov_33.642361	347	427	5	8	80	0.1000000
NODE_7378_length_963_cov_33.642361	347	427	7	54	80	0.6750000
NODE_7378_length_963_cov_33.642361	400	480	3	10	80	0.1250000
NODE_7378_length_963_cov_33.642361	400	480	5	35	80	0.4375000
NODE_7378_length_963_cov_33.642361	400	480	6	5	80	0.0625000
NODE_7378_length_963_cov_33.642361	400	480	7	30	80	0.3750000
NODE_7379_length_963_cov_18.626157	392	472	2	7	80	0.0875000
NODE_7379_length_963_cov_18.626157	392	472	4	10	80	0.1250000
NODE_7379_length_963_cov_18.626157	392	472	6	63	80	0.7875000
NODE_7379_length_963_cov_18.626157	445	525	0	1	80	0.0125000
NODE_7379_length_963_cov_18.626157	445	525	1	3	80	0.0375000
NODE_7379_length_963_cov_18.626157	445	525	2	17	80	0.2125000
NODE_7379_length_963_cov_18.626157	445	525	4	3	80	0.0375000
NODE_7379_length_963_cov_18.626157	445	525	6	56	80	0.7000000
NODE_7380_length_963_cov_17.750000	402	482	0	80	80	1.0000000
NODE_7380_length_963_cov_17.750000	455	535	0	80	80	1.0000000
NODE_7381_length_963_cov_17.023148	542	622	1	3	80	0.0375000
NODE_7381_length_963_cov_17.023148	542	622	2	30	80	0.3750000
NODE_7381_length_963_cov_17.023148	542	622	4	12	80	0.1500000
NODE_7381_length_963_cov_17.023148	542	622	6	30	80	0.3750000
NODE_7381_length_963_cov_17.023148	542	622	7	5	80	0.0625000
NODE_7381_length_963_cov_17.023148	595	675	6	22	80	0.2750000
NODE_7381_length_963_cov_17.023148	595	675	7	58	80	0.7250000
NODE_7382_length_963_cov_16.642361	481	561	0	61	80	0.7625000
NODE_7382_length_963_cov_16.642361	481	561	1	19	80	0.2375000
NODE_7382_length_963_cov_16.642361	534	614	0	80	80	1.0000000
NODE_7382_length_963_cov_16.642361	572	629	0	57	57	1.0000000
NODE_7383_length_963_cov_14.961806	283	363	3	5	80	0.0625000
NODE_7383_length_963_cov_14.961806	283	363	4	75	80	0.9375000
NODE_7383_length_963_cov_14.961806	336	416	1	32	80	0.4000000
NODE_7383_length_963_cov_14.961806	336	416	3	9	80	0.1125000
NODE_7383_length_963_cov_14.961806	336	416	4	39	80	0.4875000
NODE_7384_length_963_cov_13.341435	558	638	2	34	80	0.4250000
NODE_7384_length_963_cov_13.341435	558	638	4	46	80	0.5750000
NODE_7384_length_963_cov_13.341435	611	691	2	12	80	0.1500000
NODE_7384_length_963_cov_13.341435	611	691	3	20	80	0.2500000
NODE_7384_length_963_cov_13.341435	611	691	4	48	80	0.6000000
NODE_7386_length_963_cov_9.520833	459	539	0	30	80	0.3750000
NODE_7386_length_963_cov_9.520833	459	539	1	1	80	0.0125000
NODE_7386_length_963_cov_9.520833	459	539	3	49	80	0.6125000
NODE_7386_length_963_cov_9.520833	512	592	0	80	80	1.0000000
NODE_7386_length_963_cov_9.520833	588	662	0	74	74	1.0000000
NODE_7386_length_963_cov_9.520833	641	724	0	83	83	1.0000000
NODE_7388_length_963_cov_7.510417	781	842	1	29	61	0.4754098
NODE_7388_length_963_cov_7.510417	781	842	2	25	61	0.4098361
NODE_7388_length_963_cov_7.510417	781	842	3	4	61	0.0655738
NODE_7388_length_963_cov_7.510417	781	842	4	3	61	0.0491803
NODE_7388_length_963_cov_7.510417	815	894	2	20	79	0.2531646
NODE_7388_length_963_cov_7.510417	815	894	3	4	79	0.0506329
NODE_7388_length_963_cov_7.510417	815	894	4	55	79	0.6962025
NODE_7392_length_963_cov_3.755787	378	458	2	23	80	0.2875000
NODE_7392_length_963_cov_3.755787	378	458	3	56	80	0.7000000
NODE_7392_length_963_cov_3.755787	378	458	4	1	80	0.0125000
NODE_7392_length_963_cov_3.755787	431	511	3	76	80	0.9500000
NODE_7392_length_963_cov_3.755787	431	511	4	4	80	0.0500000
NODE_7397_length_963_cov_1.931713	426	485	0	59	59	1.0000000
NODE_7404_length_962_cov_37.169177	356	436	0	33	80	0.4125000
NODE_7404_length_962_cov_37.169177	356	436	3	22	80	0.2750000
NODE_7404_length_962_cov_37.169177	356	436	4	25	80	0.3125000
NODE_7404_length_962_cov_37.169177	409	489	3	2	80	0.0250000
NODE_7404_length_962_cov_37.169177	409	489	4	78	80	0.9750000
NODE_7405_length_962_cov_28.852839	474	554	5	16	80	0.2000000
NODE_7405_length_962_cov_28.852839	474	554	6	12	80	0.1500000
NODE_7405_length_962_cov_28.852839	474	554	7	39	80	0.4875000
NODE_7405_length_962_cov_28.852839	474	554	8	6	80	0.0750000
NODE_7405_length_962_cov_28.852839	474	554	9	7	80	0.0875000
NODE_7405_length_962_cov_28.852839	527	607	6	5	80	0.0625000
NODE_7405_length_962_cov_28.852839	527	607	7	39	80	0.4875000
NODE_7405_length_962_cov_28.852839	527	607	8	36	80	0.4500000
NODE_7405_length_962_cov_28.852839	603	683	3	27	80	0.3375000
NODE_7405_length_962_cov_28.852839	603	683	4	48	80	0.6000000
NODE_7405_length_962_cov_28.852839	603	683	8	5	80	0.0625000
NODE_7405_length_962_cov_28.852839	656	736	2	15	80	0.1875000
NODE_7405_length_962_cov_28.852839	656	736	3	24	80	0.3000000
NODE_7405_length_962_cov_28.852839	656	736	4	41	80	0.5125000
NODE_7406_length_962_cov_27.859791	441	521	5	30	80	0.3750000
NODE_7406_length_962_cov_27.859791	441	521	6	33	80	0.4125000
NODE_7406_length_962_cov_27.859791	441	521	8	14	80	0.1750000
NODE_7406_length_962_cov_27.859791	441	521	10	3	80	0.0375000
NODE_7406_length_962_cov_27.859791	494	574	5	10	80	0.1250000
NODE_7406_length_962_cov_27.859791	494	574	7	8	80	0.1000000
NODE_7406_length_962_cov_27.859791	494	574	8	22	80	0.2750000
NODE_7406_length_962_cov_27.859791	494	574	10	40	80	0.5000000
NODE_7407_length_962_cov_21.019699	318	398	0	47	80	0.5875000
NODE_7407_length_962_cov_21.019699	318	398	2	1	80	0.0125000
NODE_7407_length_962_cov_21.019699	318	398	3	32	80	0.4000000
NODE_7407_length_962_cov_21.019699	371	451	3	80	80	1.0000000
NODE_7408_length_962_cov_16.792584	350	430	6	11	80	0.1375000
NODE_7408_length_962_cov_16.792584	350	430	7	13	80	0.1625000
NODE_7408_length_962_cov_16.792584	350	430	8	52	80	0.6500000
NODE_7408_length_962_cov_16.792584	350	430	9	4	80	0.0500000
NODE_7408_length_962_cov_16.792584	403	483	4	5	80	0.0625000
NODE_7408_length_962_cov_16.792584	403	483	5	13	80	0.1625000
NODE_7408_length_962_cov_16.792584	403	483	6	28	80	0.3500000
NODE_7408_length_962_cov_16.792584	403	483	7	12	80	0.1500000
NODE_7408_length_962_cov_16.792584	403	483	8	22	80	0.2750000
NODE_7409_length_962_cov_14.650058	477	557	5	8	80	0.1000000
NODE_7409_length_962_cov_14.650058	477	557	6	23	80	0.2875000
NODE_7409_length_962_cov_14.650058	477	557	7	25	80	0.3125000
NODE_7409_length_962_cov_14.650058	477	557	8	24	80	0.3000000
NODE_7409_length_962_cov_14.650058	530	610	4	2	80	0.0250000
NODE_7409_length_962_cov_14.650058	530	610	5	15	80	0.1875000
NODE_7409_length_962_cov_14.650058	530	610	6	10	80	0.1250000
NODE_7409_length_962_cov_14.650058	530	610	7	30	80	0.3750000
NODE_7409_length_962_cov_14.650058	530	610	8	23	80	0.2875000
NODE_7410_length_962_cov_7.993048	308	345	0	37	37	1.0000000
NODE_7411_length_962_cov_7.835458	447	527	4	35	80	0.4375000
NODE_7411_length_962_cov_7.835458	447	527	6	45	80	0.5625000
NODE_7411_length_962_cov_7.835458	500	580	2	27	80	0.3375000
NODE_7411_length_962_cov_7.835458	500	580	4	14	80	0.1750000
NODE_7411_length_962_cov_7.835458	500	580	6	39	80	0.4875000
NODE_7412_length_962_cov_6.855156	490	570	0	18	80	0.2250000
NODE_7412_length_962_cov_6.855156	490	570	2	62	80	0.7750000
NODE_7412_length_962_cov_6.855156	543	623	0	71	80	0.8875000
NODE_7412_length_962_cov_6.855156	543	623	2	9	80	0.1125000
NODE_7417_length_962_cov_1.840093	88	151	0	3	63	0.0476190
NODE_7417_length_962_cov_1.840093	88	151	2	1	63	0.0158730
NODE_7417_length_962_cov_1.840093	88	151	4	42	63	0.6666667
NODE_7417_length_962_cov_1.840093	88	151	6	17	63	0.2698413
NODE_7422_length_961_cov_61.019722	453	533	2	12	80	0.1500000
NODE_7422_length_961_cov_61.019722	453	533	4	44	80	0.5500000
NODE_7422_length_961_cov_61.019722	453	533	5	8	80	0.1000000
NODE_7422_length_961_cov_61.019722	453	533	7	16	80	0.2000000
NODE_7422_length_961_cov_61.019722	506	586	4	3	80	0.0375000
NODE_7422_length_961_cov_61.019722	506	586	5	8	80	0.1000000
NODE_7422_length_961_cov_61.019722	506	586	6	47	80	0.5875000
NODE_7422_length_961_cov_61.019722	506	586	7	22	80	0.2750000
NODE_7422_length_961_cov_61.019722	614	672	1	13	58	0.2241379
NODE_7422_length_961_cov_61.019722	614	672	2	16	58	0.2758621
NODE_7422_length_961_cov_61.019722	614	672	4	29	58	0.5000000
NODE_7423_length_961_cov_51.005800	334	414	9	5	80	0.0625000
NODE_7423_length_961_cov_51.005800	334	414	10	7	80	0.0875000
NODE_7423_length_961_cov_51.005800	334	414	11	5	80	0.0625000
NODE_7423_length_961_cov_51.005800	334	414	12	63	80	0.7875000
NODE_7423_length_961_cov_51.005800	387	467	4	12	80	0.1500000
NODE_7423_length_961_cov_51.005800	387	467	5	4	80	0.0500000
NODE_7423_length_961_cov_51.005800	387	467	6	2	80	0.0250000
NODE_7423_length_961_cov_51.005800	387	467	7	3	80	0.0375000
NODE_7423_length_961_cov_51.005800	387	467	8	5	80	0.0625000
NODE_7423_length_961_cov_51.005800	387	467	9	27	80	0.3375000
NODE_7423_length_961_cov_51.005800	387	467	10	7	80	0.0875000
NODE_7423_length_961_cov_51.005800	387	467	11	5	80	0.0625000
NODE_7423_length_961_cov_51.005800	387	467	12	15	80	0.1875000
NODE_7424_length_961_cov_45.923434	391	471	12	14	80	0.1750000
NODE_7424_length_961_cov_45.923434	391	471	13	6	80	0.0750000
NODE_7424_length_961_cov_45.923434	391	471	14	16	80	0.2000000
NODE_7424_length_961_cov_45.923434	391	471	15	7	80	0.0875000
NODE_7424_length_961_cov_45.923434	391	471	16	10	80	0.1250000
NODE_7424_length_961_cov_45.923434	391	471	17	9	80	0.1125000
NODE_7424_length_961_cov_45.923434	391	471	18	14	80	0.1750000
NODE_7424_length_961_cov_45.923434	391	471	19	4	80	0.0500000
NODE_7424_length_961_cov_45.923434	444	524	13	2	80	0.0250000
NODE_7424_length_961_cov_45.923434	444	524	14	2	80	0.0250000
NODE_7424_length_961_cov_45.923434	444	524	15	8	80	0.1000000
NODE_7424_length_961_cov_45.923434	444	524	16	8	80	0.1000000
NODE_7424_length_961_cov_45.923434	444	524	17	42	80	0.5250000
NODE_7424_length_961_cov_45.923434	444	524	18	14	80	0.1750000
NODE_7424_length_961_cov_45.923434	444	524	19	4	80	0.0500000
NODE_7426_length_961_cov_21.410673	313	393	10	27	80	0.3375000
NODE_7426_length_961_cov_21.410673	313	393	11	23	80	0.2875000
NODE_7426_length_961_cov_21.410673	313	393	12	14	80	0.1750000
NODE_7426_length_961_cov_21.410673	313	393	13	16	80	0.2000000
NODE_7426_length_961_cov_21.410673	366	446	5	18	80	0.2250000
NODE_7426_length_961_cov_21.410673	366	446	8	10	80	0.1250000
NODE_7426_length_961_cov_21.410673	366	446	9	6	80	0.0750000
NODE_7426_length_961_cov_21.410673	366	446	10	31	80	0.3875000
NODE_7426_length_961_cov_21.410673	366	446	11	7	80	0.0875000
NODE_7426_length_961_cov_21.410673	366	446	12	8	80	0.1000000
NODE_7427_length_961_cov_18.592807	403	483	1	33	80	0.4125000
NODE_7427_length_961_cov_18.592807	403	483	2	22	80	0.2750000
NODE_7427_length_961_cov_18.592807	403	483	3	25	80	0.3125000
NODE_7427_length_961_cov_18.592807	456	536	1	21	80	0.2625000
NODE_7427_length_961_cov_18.592807	456	536	3	59	80	0.7375000
NODE_7428_length_961_cov_17.701856	433	513	9	29	80	0.3625000
NODE_7428_length_961_cov_17.701856	433	513	10	28	80	0.3500000
NODE_7428_length_961_cov_17.701856	433	513	11	21	80	0.2625000
NODE_7428_length_961_cov_17.701856	433	513	12	2	80	0.0250000
NODE_7428_length_961_cov_17.701856	486	566	6	11	80	0.1375000
NODE_7428_length_961_cov_17.701856	486	566	7	1	80	0.0125000
NODE_7428_length_961_cov_17.701856	486	566	8	4	80	0.0500000
NODE_7428_length_961_cov_17.701856	486	566	9	47	80	0.5875000
NODE_7428_length_961_cov_17.701856	486	566	10	17	80	0.2125000
NODE_7429_length_961_cov_17.020882	505	585	4	24	80	0.3000000
NODE_7429_length_961_cov_17.020882	505	585	5	6	80	0.0750000
NODE_7429_length_961_cov_17.020882	505	585	7	3	80	0.0375000
NODE_7429_length_961_cov_17.020882	505	585	8	41	80	0.5125000
NODE_7429_length_961_cov_17.020882	505	585	10	6	80	0.0750000
NODE_7429_length_961_cov_17.020882	558	638	4	32	80	0.4000000
NODE_7429_length_961_cov_17.020882	558	638	5	45	80	0.5625000
NODE_7429_length_961_cov_17.020882	558	638	8	3	80	0.0375000
NODE_7430_length_961_cov_16.235499	328	408	1	13	80	0.1625000
NODE_7430_length_961_cov_16.235499	328	408	3	6	80	0.0750000
NODE_7430_length_961_cov_16.235499	328	408	5	24	80	0.3000000
NODE_7430_length_961_cov_16.235499	328	408	6	9	80	0.1125000
NODE_7430_length_961_cov_16.235499	328	408	8	12	80	0.1500000
NODE_7430_length_961_cov_16.235499	328	408	9	16	80	0.2000000
NODE_7430_length_961_cov_16.235499	381	461	7	3	80	0.0375000
NODE_7430_length_961_cov_16.235499	381	461	8	11	80	0.1375000
NODE_7430_length_961_cov_16.235499	381	461	9	66	80	0.8250000
NODE_7432_length_961_cov_12.968677	347	427	2	43	80	0.5375000
NODE_7432_length_961_cov_12.968677	347	427	3	1	80	0.0125000
NODE_7432_length_961_cov_12.968677	347	427	4	14	80	0.1750000
NODE_7432_length_961_cov_12.968677	347	427	6	22	80	0.2750000
NODE_7432_length_961_cov_12.968677	400	480	4	8	80	0.1000000
NODE_7432_length_961_cov_12.968677	400	480	6	72	80	0.9000000
NODE_7433_length_961_cov_9.875870	439	519	3	80	80	1.0000000
NODE_7433_length_961_cov_9.875870	492	572	1	4	80	0.0500000
NODE_7433_length_961_cov_9.875870	492	572	2	32	80	0.4000000
NODE_7433_length_961_cov_9.875870	492	572	3	44	80	0.5500000
NODE_7434_length_961_cov_6.172854	624	704	4	63	80	0.7875000
NODE_7434_length_961_cov_6.172854	624	704	5	17	80	0.2125000
NODE_7434_length_961_cov_6.172854	677	757	1	48	80	0.6000000
NODE_7434_length_961_cov_6.172854	677	757	3	2	80	0.0250000
NODE_7434_length_961_cov_6.172854	677	757	4	30	80	0.3750000
NODE_7435_length_961_cov_4.553364	451	531	0	80	80	1.0000000
NODE_7435_length_961_cov_4.553364	504	584	0	80	80	1.0000000
NODE_7440_length_960_cov_35.649245	65	145	1	61	80	0.7625000
NODE_7440_length_960_cov_35.649245	65	145	3	19	80	0.2375000
NODE_7440_length_960_cov_35.649245	118	198	1	8	80	0.1000000
NODE_7440_length_960_cov_35.649245	118	198	2	46	80	0.5750000
NODE_7440_length_960_cov_35.649245	118	198	3	26	80	0.3250000
NODE_7440_length_960_cov_35.649245	446	526	10	1	80	0.0125000
NODE_7440_length_960_cov_35.649245	446	526	11	10	80	0.1250000
NODE_7440_length_960_cov_35.649245	446	526	12	2	80	0.0250000
NODE_7440_length_960_cov_35.649245	446	526	13	4	80	0.0500000
NODE_7440_length_960_cov_35.649245	446	526	14	4	80	0.0500000
NODE_7440_length_960_cov_35.649245	446	526	15	8	80	0.1000000
NODE_7440_length_960_cov_35.649245	446	526	17	9	80	0.1125000
NODE_7440_length_960_cov_35.649245	446	526	18	1	80	0.0125000
NODE_7440_length_960_cov_35.649245	446	526	19	24	80	0.3000000
NODE_7440_length_960_cov_35.649245	446	526	20	12	80	0.1500000
NODE_7440_length_960_cov_35.649245	446	526	21	1	80	0.0125000
NODE_7440_length_960_cov_35.649245	446	526	22	4	80	0.0500000
NODE_7440_length_960_cov_35.649245	499	579	18	3	80	0.0375000
NODE_7440_length_960_cov_35.649245	499	579	19	30	80	0.3750000
NODE_7440_length_960_cov_35.649245	499	579	20	42	80	0.5250000
NODE_7440_length_960_cov_35.649245	499	579	21	1	80	0.0125000
NODE_7440_length_960_cov_35.649245	499	579	22	4	80	0.0500000
NODE_7441_length_960_cov_34.886179	386	466	9	6	80	0.0750000
NODE_7441_length_960_cov_34.886179	386	466	11	14	80	0.1750000
NODE_7441_length_960_cov_34.886179	386	466	12	34	80	0.4250000
NODE_7441_length_960_cov_34.886179	386	466	13	26	80	0.3250000
NODE_7441_length_960_cov_34.886179	439	519	8	28	80	0.3500000
NODE_7441_length_960_cov_34.886179	439	519	9	16	80	0.2000000
NODE_7441_length_960_cov_34.886179	439	519	10	4	80	0.0500000
NODE_7441_length_960_cov_34.886179	439	519	12	30	80	0.3750000
NODE_7441_length_960_cov_34.886179	439	519	13	2	80	0.0250000
NODE_7443_length_960_cov_25.133566	413	493	4	34	80	0.4250000
NODE_7443_length_960_cov_25.133566	413	493	6	46	80	0.5750000
NODE_7443_length_960_cov_25.133566	466	546	5	8	80	0.1000000
NODE_7443_length_960_cov_25.133566	466	546	6	72	80	0.9000000
NODE_7444_length_960_cov_19.336818	385	465	0	80	80	1.0000000
NODE_7444_length_960_cov_19.336818	438	518	0	80	80	1.0000000
NODE_7445_length_960_cov_13.221835	460	539	0	79	79	1.0000000
NODE_7445_length_960_cov_13.221835	512	592	0	80	80	1.0000000
NODE_7446_length_960_cov_12.804878	347	427	3	19	80	0.2375000
NODE_7446_length_960_cov_12.804878	347	427	4	30	80	0.3750000
NODE_7446_length_960_cov_12.804878	347	427	6	31	80	0.3875000
NODE_7446_length_960_cov_12.804878	400	480	5	13	80	0.1625000
NODE_7446_length_960_cov_12.804878	400	480	6	57	80	0.7125000
NODE_7446_length_960_cov_12.804878	400	480	7	10	80	0.1250000
NODE_7462_length_959_cov_39.394186	326	406	3	9	80	0.1125000
NODE_7462_length_959_cov_39.394186	326	406	5	32	80	0.4000000
NODE_7462_length_959_cov_39.394186	326	406	6	39	80	0.4875000
NODE_7462_length_959_cov_39.394186	379	459	4	38	80	0.4750000
NODE_7462_length_959_cov_39.394186	379	459	6	34	80	0.4250000
NODE_7462_length_959_cov_39.394186	379	459	8	8	80	0.1000000
NODE_7463_length_959_cov_28.895349	327	407	2	15	80	0.1875000
NODE_7463_length_959_cov_28.895349	327	407	3	65	80	0.8125000
NODE_7463_length_959_cov_28.895349	380	460	0	17	80	0.2125000
NODE_7463_length_959_cov_28.895349	380	460	1	1	80	0.0125000
NODE_7463_length_959_cov_28.895349	380	460	2	50	80	0.6250000
NODE_7463_length_959_cov_28.895349	380	460	3	12	80	0.1500000
NODE_7464_length_959_cov_26.634884	563	643	3	73	80	0.9125000
NODE_7464_length_959_cov_26.634884	563	643	4	7	80	0.0875000
NODE_7464_length_959_cov_26.634884	616	696	0	35	80	0.4375000
NODE_7464_length_959_cov_26.634884	616	696	2	14	80	0.1750000
NODE_7464_length_959_cov_26.634884	616	696	3	31	80	0.3875000
NODE_7464_length_959_cov_26.634884	692	772	0	80	80	1.0000000
NODE_7464_length_959_cov_26.634884	745	825	0	80	80	1.0000000
NODE_7465_length_959_cov_18.862791	320	400	4	2	80	0.0250000
NODE_7465_length_959_cov_18.862791	320	400	5	14	80	0.1750000
NODE_7465_length_959_cov_18.862791	320	400	7	11	80	0.1375000
NODE_7465_length_959_cov_18.862791	320	400	9	27	80	0.3375000
NODE_7465_length_959_cov_18.862791	320	400	10	26	80	0.3250000
NODE_7465_length_959_cov_18.862791	373	453	9	1	80	0.0125000
NODE_7465_length_959_cov_18.862791	373	453	10	79	80	0.9875000
NODE_7466_length_959_cov_17.910465	358	438	4	13	80	0.1625000
NODE_7466_length_959_cov_17.910465	358	438	5	19	80	0.2375000
NODE_7466_length_959_cov_17.910465	358	438	6	48	80	0.6000000
NODE_7466_length_959_cov_17.910465	411	491	1	7	80	0.0875000
NODE_7466_length_959_cov_17.910465	411	491	2	5	80	0.0625000
NODE_7466_length_959_cov_17.910465	411	491	3	9	80	0.1125000
NODE_7466_length_959_cov_17.910465	411	491	4	45	80	0.5625000
NODE_7466_length_959_cov_17.910465	411	491	5	14	80	0.1750000
NODE_7467_length_959_cov_15.337209	267	347	0	73	80	0.9125000
NODE_7467_length_959_cov_15.337209	267	347	2	7	80	0.0875000
NODE_7467_length_959_cov_15.337209	320	400	0	20	80	0.2500000
NODE_7467_length_959_cov_15.337209	320	400	2	19	80	0.2375000
NODE_7467_length_959_cov_15.337209	320	400	3	32	80	0.4000000
NODE_7467_length_959_cov_15.337209	320	400	4	9	80	0.1125000
NODE_7468_length_959_cov_9.005814	529	609	5	4	80	0.0500000
NODE_7468_length_959_cov_9.005814	529	609	6	2	80	0.0250000
NODE_7468_length_959_cov_9.005814	529	609	7	7	80	0.0875000
NODE_7468_length_959_cov_9.005814	529	609	9	67	80	0.8375000
NODE_7468_length_959_cov_9.005814	582	662	3	14	80	0.1750000
NODE_7468_length_959_cov_9.005814	582	662	4	19	80	0.2375000
NODE_7468_length_959_cov_9.005814	582	662	6	9	80	0.1125000
NODE_7468_length_959_cov_9.005814	582	662	8	10	80	0.1250000
NODE_7468_length_959_cov_9.005814	582	662	9	28	80	0.3500000
NODE_7469_length_959_cov_8.163953	392	472	2	35	80	0.4375000
NODE_7469_length_959_cov_8.163953	392	472	3	24	80	0.3000000
NODE_7469_length_959_cov_8.163953	392	472	4	21	80	0.2625000
NODE_7469_length_959_cov_8.163953	445	525	0	37	80	0.4625000
NODE_7469_length_959_cov_8.163953	445	525	1	1	80	0.0125000
NODE_7469_length_959_cov_8.163953	445	525	2	42	80	0.5250000
NODE_7470_length_959_cov_7.097674	401	481	2	40	80	0.5000000
NODE_7470_length_959_cov_7.097674	401	481	4	40	80	0.5000000
NODE_7470_length_959_cov_7.097674	454	534	2	33	80	0.4125000
NODE_7470_length_959_cov_7.097674	454	534	4	47	80	0.5875000
NODE_7472_length_959_cov_4.603488	596	676	0	9	80	0.1125000
NODE_7472_length_959_cov_4.603488	596	676	1	18	80	0.2250000
NODE_7472_length_959_cov_4.603488	596	676	2	28	80	0.3500000
NODE_7472_length_959_cov_4.603488	596	676	3	25	80	0.3125000
NODE_7472_length_959_cov_4.603488	649	729	1	14	80	0.1750000
NODE_7472_length_959_cov_4.603488	649	729	3	66	80	0.8250000
NODE_7486_length_958_cov_57.015134	328	408	0	55	80	0.6875000
NODE_7486_length_958_cov_57.015134	328	408	1	25	80	0.3125000
NODE_7486_length_958_cov_57.015134	381	461	0	2	80	0.0250000
NODE_7486_length_958_cov_57.015134	381	461	1	62	80	0.7750000
NODE_7486_length_958_cov_57.015134	381	461	2	3	80	0.0375000
NODE_7486_length_958_cov_57.015134	381	461	3	2	80	0.0250000
NODE_7486_length_958_cov_57.015134	381	461	6	11	80	0.1375000
NODE_7486_length_958_cov_57.015134	457	537	6	21	80	0.2625000
NODE_7486_length_958_cov_57.015134	457	537	7	2	80	0.0250000
NODE_7486_length_958_cov_57.015134	457	537	8	12	80	0.1500000
NODE_7486_length_958_cov_57.015134	457	537	9	45	80	0.5625000
NODE_7486_length_958_cov_57.015134	510	590	3	3	80	0.0375000
NODE_7486_length_958_cov_57.015134	510	590	7	4	80	0.0500000
NODE_7486_length_958_cov_57.015134	510	590	8	29	80	0.3625000
NODE_7486_length_958_cov_57.015134	510	590	9	44	80	0.5500000
NODE_7487_length_958_cov_42.265425	418	498	6	6	80	0.0750000
NODE_7487_length_958_cov_42.265425	418	498	7	5	80	0.0625000
NODE_7487_length_958_cov_42.265425	418	498	8	1	80	0.0125000
NODE_7487_length_958_cov_42.265425	418	498	9	10	80	0.1250000
NODE_7487_length_958_cov_42.265425	418	498	10	3	80	0.0375000
NODE_7487_length_958_cov_42.265425	418	498	11	7	80	0.0875000
NODE_7487_length_958_cov_42.265425	418	498	12	24	80	0.3000000
NODE_7487_length_958_cov_42.265425	418	498	13	2	80	0.0250000
NODE_7487_length_958_cov_42.265425	418	498	14	22	80	0.2750000
NODE_7487_length_958_cov_42.265425	471	551	11	29	80	0.3625000
NODE_7487_length_958_cov_42.265425	471	551	12	23	80	0.2875000
NODE_7487_length_958_cov_42.265425	471	551	13	9	80	0.1125000
NODE_7487_length_958_cov_42.265425	471	551	14	19	80	0.2375000
NODE_7488_length_958_cov_28.618161	336	416	1	6	80	0.0750000
NODE_7488_length_958_cov_28.618161	336	416	2	5	80	0.0625000
NODE_7488_length_958_cov_28.618161	336	416	3	59	80	0.7375000
NODE_7488_length_958_cov_28.618161	336	416	4	10	80	0.1250000
NODE_7488_length_958_cov_28.618161	389	469	3	66	80	0.8250000
NODE_7488_length_958_cov_28.618161	389	469	5	14	80	0.1750000
NODE_7488_length_958_cov_28.618161	465	545	4	13	80	0.1625000
NODE_7488_length_958_cov_28.618161	465	545	5	23	80	0.2875000
NODE_7488_length_958_cov_28.618161	465	545	6	39	80	0.4875000
NODE_7488_length_958_cov_28.618161	465	545	7	5	80	0.0625000
NODE_7488_length_958_cov_28.618161	518	598	4	43	80	0.5375000
NODE_7488_length_958_cov_28.618161	518	598	6	37	80	0.4625000
NODE_7489_length_958_cov_16.452852	446	526	4	1	80	0.0125000
NODE_7489_length_958_cov_16.452852	446	526	5	3	80	0.0375000
NODE_7489_length_958_cov_16.452852	446	526	6	31	80	0.3875000
NODE_7489_length_958_cov_16.452852	446	526	7	45	80	0.5625000
NODE_7489_length_958_cov_16.452852	499	579	2	4	80	0.0500000
NODE_7489_length_958_cov_16.452852	499	579	4	29	80	0.3625000
NODE_7489_length_958_cov_16.452852	499	579	5	23	80	0.2875000
NODE_7489_length_958_cov_16.452852	499	579	6	8	80	0.1000000
NODE_7489_length_958_cov_16.452852	499	579	7	16	80	0.2000000
NODE_7490_length_958_cov_16.008149	446	526	2	80	80	1.0000000
NODE_7490_length_958_cov_16.008149	499	579	2	80	80	1.0000000
NODE_7491_length_958_cov_14.154831	516	596	2	20	80	0.2500000
NODE_7491_length_958_cov_14.154831	516	596	4	60	80	0.7500000
NODE_7491_length_958_cov_14.154831	569	649	0	19	80	0.2375000
NODE_7491_length_958_cov_14.154831	569	649	1	6	80	0.0750000
NODE_7491_length_958_cov_14.154831	569	649	2	14	80	0.1750000
NODE_7491_length_958_cov_14.154831	569	649	4	41	80	0.5125000
NODE_7492_length_958_cov_12.381839	454	534	2	61	80	0.7625000
NODE_7492_length_958_cov_12.381839	454	534	4	19	80	0.2375000
NODE_7492_length_958_cov_12.381839	507	587	0	6	80	0.0750000
NODE_7492_length_958_cov_12.381839	507	587	1	22	80	0.2750000
NODE_7492_length_958_cov_12.381839	507	587	2	52	80	0.6500000
NODE_7493_length_958_cov_11.782305	479	559	6	61	80	0.7625000
NODE_7493_length_958_cov_11.782305	479	559	7	5	80	0.0625000
NODE_7493_length_958_cov_11.782305	479	559	8	14	80	0.1750000
NODE_7493_length_958_cov_11.782305	532	612	3	19	80	0.2375000
NODE_7493_length_958_cov_11.782305	532	612	4	2	80	0.0250000
NODE_7493_length_958_cov_11.782305	532	612	5	12	80	0.1500000
NODE_7493_length_958_cov_11.782305	532	612	6	17	80	0.2125000
NODE_7493_length_958_cov_11.782305	532	612	8	30	80	0.3750000
NODE_7501_length_957_cov_40.837995	746	826	4	6	80	0.0750000
NODE_7501_length_957_cov_40.837995	746	826	5	8	80	0.1000000
NODE_7501_length_957_cov_40.837995	746	826	7	18	80	0.2250000
NODE_7501_length_957_cov_40.837995	746	826	8	7	80	0.0875000
NODE_7501_length_957_cov_40.837995	746	826	9	18	80	0.2250000
NODE_7501_length_957_cov_40.837995	746	826	10	23	80	0.2875000
NODE_7501_length_957_cov_40.837995	799	879	4	10	80	0.1250000
NODE_7501_length_957_cov_40.837995	799	879	5	9	80	0.1125000
NODE_7501_length_957_cov_40.837995	799	879	7	6	80	0.0750000
NODE_7501_length_957_cov_40.837995	799	879	8	4	80	0.0500000
NODE_7501_length_957_cov_40.837995	799	879	9	1	80	0.0125000
NODE_7501_length_957_cov_40.837995	799	879	10	50	80	0.6250000
NODE_7502_length_957_cov_25.976690	631	711	2	7	80	0.0875000
NODE_7502_length_957_cov_25.976690	631	711	3	61	80	0.7625000
NODE_7502_length_957_cov_25.976690	631	711	4	12	80	0.1500000
NODE_7502_length_957_cov_25.976690	684	764	3	65	80	0.8125000
NODE_7502_length_957_cov_25.976690	684	764	4	15	80	0.1875000
NODE_7503_length_957_cov_25.855478	57	131	0	74	74	1.0000000
NODE_7503_length_957_cov_25.855478	414	494	2	10	80	0.1250000
NODE_7503_length_957_cov_25.855478	414	494	3	2	80	0.0250000
NODE_7503_length_957_cov_25.855478	414	494	4	36	80	0.4500000
NODE_7503_length_957_cov_25.855478	414	494	6	17	80	0.2125000
NODE_7503_length_957_cov_25.855478	414	494	7	15	80	0.1875000
NODE_7503_length_957_cov_25.855478	467	547	6	12	80	0.1500000
NODE_7503_length_957_cov_25.855478	467	547	7	24	80	0.3000000
NODE_7503_length_957_cov_25.855478	467	547	8	24	80	0.3000000
NODE_7503_length_957_cov_25.855478	467	547	9	8	80	0.1000000
NODE_7503_length_957_cov_25.855478	467	547	10	12	80	0.1500000
NODE_7504_length_957_cov_24.625874	445	525	10	30	80	0.3750000
NODE_7504_length_957_cov_24.625874	445	525	11	27	80	0.3375000
NODE_7504_length_957_cov_24.625874	445	525	12	23	80	0.2875000
NODE_7504_length_957_cov_24.625874	498	578	5	5	80	0.0625000
NODE_7504_length_957_cov_24.625874	498	578	6	6	80	0.0750000
NODE_7504_length_957_cov_24.625874	498	578	7	23	80	0.2875000
NODE_7504_length_957_cov_24.625874	498	578	8	3	80	0.0375000
NODE_7504_length_957_cov_24.625874	498	578	10	20	80	0.2500000
NODE_7504_length_957_cov_24.625874	498	578	11	20	80	0.2500000
NODE_7504_length_957_cov_24.625874	498	578	12	3	80	0.0375000
NODE_7505_length_957_cov_19.955711	286	366	2	2	80	0.0250000
NODE_7505_length_957_cov_19.955711	286	366	3	33	80	0.4125000
NODE_7505_length_957_cov_19.955711	286	366	4	3	80	0.0375000
NODE_7505_length_957_cov_19.955711	286	366	5	42	80	0.5250000
NODE_7505_length_957_cov_19.955711	339	419	0	26	80	0.3250000
NODE_7505_length_957_cov_19.955711	339	419	2	29	80	0.3625000
NODE_7505_length_957_cov_19.955711	339	419	3	25	80	0.3125000
NODE_7506_length_957_cov_18.861305	414	494	7	14	80	0.1750000
NODE_7506_length_957_cov_18.861305	414	494	8	7	80	0.0875000
NODE_7506_length_957_cov_18.861305	414	494	10	15	80	0.1875000
NODE_7506_length_957_cov_18.861305	414	494	11	44	80	0.5500000
NODE_7506_length_957_cov_18.861305	467	547	6	17	80	0.2125000
NODE_7506_length_957_cov_18.861305	467	547	7	6	80	0.0750000
NODE_7506_length_957_cov_18.861305	467	547	8	24	80	0.3000000
NODE_7506_length_957_cov_18.861305	467	547	9	6	80	0.0750000
NODE_7506_length_957_cov_18.861305	467	547	11	27	80	0.3375000
NODE_7507_length_957_cov_17.356643	361	441	2	80	80	1.0000000
NODE_7507_length_957_cov_17.356643	414	494	0	13	80	0.1625000
NODE_7507_length_957_cov_17.356643	414	494	2	67	80	0.8375000
NODE_7508_length_957_cov_13.569930	162	242	3	8	80	0.1000000
NODE_7508_length_957_cov_13.569930	162	242	4	72	80	0.9000000
NODE_7508_length_957_cov_13.569930	215	299	1	8	84	0.0952381
NODE_7508_length_957_cov_13.569930	215	299	2	1	84	0.0119048
NODE_7508_length_957_cov_13.569930	215	299	4	75	84	0.8928571
NODE_7509_length_957_cov_12.334499	314	394	2	14	80	0.1750000
NODE_7509_length_957_cov_12.334499	314	394	3	2	80	0.0250000
NODE_7509_length_957_cov_12.334499	314	394	4	24	80	0.3000000
NODE_7509_length_957_cov_12.334499	314	394	5	28	80	0.3500000
NODE_7509_length_957_cov_12.334499	314	394	6	12	80	0.1500000
NODE_7509_length_957_cov_12.334499	367	447	2	14	80	0.1750000
NODE_7509_length_957_cov_12.334499	367	447	3	55	80	0.6875000
NODE_7509_length_957_cov_12.334499	367	447	4	11	80	0.1375000
NODE_7510_length_957_cov_12.017483	173	253	0	56	80	0.7000000
NODE_7510_length_957_cov_12.017483	173	253	2	24	80	0.3000000
NODE_7510_length_957_cov_12.017483	226	306	0	4	80	0.0500000
NODE_7510_length_957_cov_12.017483	226	306	2	76	80	0.9500000
NODE_7511_length_957_cov_10.026807	446	526	0	80	80	1.0000000
NODE_7511_length_957_cov_10.026807	499	579	0	80	80	1.0000000
NODE_7529_length_956_cov_48.047841	479	559	17	2	80	0.0250000
NODE_7529_length_956_cov_48.047841	479	559	18	21	80	0.2625000
NODE_7529_length_956_cov_48.047841	479	559	19	28	80	0.3500000
NODE_7529_length_956_cov_48.047841	479	559	20	5	80	0.0625000
NODE_7529_length_956_cov_48.047841	479	559	21	12	80	0.1500000
NODE_7529_length_956_cov_48.047841	479	559	22	12	80	0.1500000
NODE_7529_length_956_cov_48.047841	532	612	14	16	80	0.2000000
NODE_7529_length_956_cov_48.047841	532	612	16	2	80	0.0250000
NODE_7529_length_956_cov_48.047841	532	612	17	18	80	0.2250000
NODE_7529_length_956_cov_48.047841	532	612	18	12	80	0.1500000
NODE_7529_length_956_cov_48.047841	532	612	19	16	80	0.2000000
NODE_7529_length_956_cov_48.047841	532	612	20	7	80	0.0875000
NODE_7529_length_956_cov_48.047841	532	612	22	9	80	0.1125000
NODE_7529_length_956_cov_48.047841	608	688	9	7	80	0.0875000
NODE_7529_length_956_cov_48.047841	608	688	10	6	80	0.0750000
NODE_7529_length_956_cov_48.047841	608	688	11	9	80	0.1125000
NODE_7529_length_956_cov_48.047841	608	688	12	17	80	0.2125000
NODE_7529_length_956_cov_48.047841	608	688	13	18	80	0.2250000
NODE_7529_length_956_cov_48.047841	608	688	14	12	80	0.1500000
NODE_7529_length_956_cov_48.047841	608	688	15	10	80	0.1250000
NODE_7529_length_956_cov_48.047841	608	688	16	1	80	0.0125000
NODE_7529_length_956_cov_48.047841	661	741	2	4	80	0.0500000
NODE_7529_length_956_cov_48.047841	661	741	4	3	80	0.0375000
NODE_7529_length_956_cov_48.047841	661	741	6	6	80	0.0750000
NODE_7529_length_956_cov_48.047841	661	741	7	8	80	0.1000000
NODE_7529_length_956_cov_48.047841	661	741	8	12	80	0.1500000
NODE_7529_length_956_cov_48.047841	661	741	9	27	80	0.3375000
NODE_7529_length_956_cov_48.047841	661	741	10	6	80	0.0750000
NODE_7529_length_956_cov_48.047841	661	741	11	9	80	0.1125000
NODE_7529_length_956_cov_48.047841	661	741	12	5	80	0.0625000
NODE_7530_length_956_cov_34.539090	298	378	5	19	80	0.2375000
NODE_7530_length_956_cov_34.539090	298	378	6	11	80	0.1375000
NODE_7530_length_956_cov_34.539090	298	378	7	1	80	0.0125000
NODE_7530_length_956_cov_34.539090	298	378	8	4	80	0.0500000
NODE_7530_length_956_cov_34.539090	298	378	9	17	80	0.2125000
NODE_7530_length_956_cov_34.539090	298	378	10	3	80	0.0375000
NODE_7530_length_956_cov_34.539090	298	378	11	25	80	0.3125000
NODE_7530_length_956_cov_34.539090	351	431	10	11	80	0.1375000
NODE_7530_length_956_cov_34.539090	351	431	11	34	80	0.4250000
NODE_7530_length_956_cov_34.539090	351	431	12	35	80	0.4375000
NODE_7530_length_956_cov_34.539090	427	507	5	24	80	0.3000000
NODE_7530_length_956_cov_34.539090	427	507	8	4	80	0.0500000
NODE_7530_length_956_cov_34.539090	427	507	9	1	80	0.0125000
NODE_7530_length_956_cov_34.539090	427	507	10	25	80	0.3125000
NODE_7530_length_956_cov_34.539090	427	507	11	15	80	0.1875000
NODE_7530_length_956_cov_34.539090	427	507	12	11	80	0.1375000
NODE_7530_length_956_cov_34.539090	480	560	1	7	80	0.0875000
NODE_7530_length_956_cov_34.539090	480	560	3	19	80	0.2375000
NODE_7530_length_956_cov_34.539090	480	560	4	2	80	0.0250000
NODE_7530_length_956_cov_34.539090	480	560	5	49	80	0.6125000
NODE_7530_length_956_cov_34.539090	480	560	8	3	80	0.0375000
NODE_7531_length_956_cov_24.355893	398	478	4	26	80	0.3250000
NODE_7531_length_956_cov_24.355893	398	478	5	11	80	0.1375000
NODE_7531_length_956_cov_24.355893	398	478	6	3	80	0.0375000
NODE_7531_length_956_cov_24.355893	398	478	7	20	80	0.2500000
NODE_7531_length_956_cov_24.355893	398	478	9	5	80	0.0625000
NODE_7531_length_956_cov_24.355893	398	478	11	15	80	0.1875000
NODE_7531_length_956_cov_24.355893	451	531	7	7	80	0.0875000
NODE_7531_length_956_cov_24.355893	451	531	9	8	80	0.1000000
NODE_7531_length_956_cov_24.355893	451	531	11	46	80	0.5750000
NODE_7531_length_956_cov_24.355893	451	531	13	19	80	0.2375000
NODE_7532_length_956_cov_21.940490	373	453	1	30	80	0.3750000
NODE_7532_length_956_cov_21.940490	373	453	2	11	80	0.1375000
NODE_7532_length_956_cov_21.940490	373	453	3	39	80	0.4875000
NODE_7532_length_956_cov_21.940490	426	506	0	44	80	0.5500000
NODE_7532_length_956_cov_21.940490	426	506	1	36	80	0.4500000
NODE_7532_length_956_cov_21.940490	502	582	0	80	80	1.0000000
NODE_7532_length_956_cov_21.940490	555	635	0	80	80	1.0000000
NODE_7533_length_956_cov_19.435239	274	354	5	26	80	0.3250000
NODE_7533_length_956_cov_19.435239	274	354	6	1	80	0.0125000
NODE_7533_length_956_cov_19.435239	274	354	7	26	80	0.3250000
NODE_7533_length_956_cov_19.435239	274	354	9	27	80	0.3375000
NODE_7533_length_956_cov_19.435239	274	301	5	26	27	0.9629630
NODE_7533_length_956_cov_19.435239	274	301	6	1	27	0.0370370
NODE_7534_length_956_cov_17.819137	378	458	0	80	80	1.0000000
NODE_7534_length_956_cov_17.819137	431	511	0	80	80	1.0000000
NODE_7535_length_956_cov_16.098016	551	631	3	9	80	0.1125000
NODE_7535_length_956_cov_16.098016	551	631	4	51	80	0.6375000
NODE_7535_length_956_cov_16.098016	551	631	5	6	80	0.0750000
NODE_7535_length_956_cov_16.098016	551	631	6	14	80	0.1750000
NODE_7535_length_956_cov_16.098016	604	684	4	7	80	0.0875000
NODE_7535_length_956_cov_16.098016	604	684	5	6	80	0.0750000
NODE_7535_length_956_cov_16.098016	604	684	6	32	80	0.4000000
NODE_7535_length_956_cov_16.098016	604	684	7	35	80	0.4375000
NODE_7536_length_956_cov_15.229872	490	570	6	21	80	0.2625000
NODE_7536_length_956_cov_15.229872	490	570	7	59	80	0.7375000
NODE_7536_length_956_cov_15.229872	543	623	3	17	80	0.2125000
NODE_7536_length_956_cov_15.229872	543	623	6	29	80	0.3625000
NODE_7536_length_956_cov_15.229872	543	623	7	25	80	0.3125000
NODE_7536_length_956_cov_15.229872	543	623	8	9	80	0.1125000
NODE_7537_length_956_cov_7.533256	439	519	0	80	80	1.0000000
NODE_7537_length_956_cov_7.533256	497	572	0	75	75	1.0000000
NODE_7545_length_955_cov_30.821262	438	518	2	54	80	0.6750000
NODE_7545_length_955_cov_30.821262	438	518	3	26	80	0.3250000
NODE_7545_length_955_cov_30.821262	491	571	1	12	80	0.1500000
NODE_7545_length_955_cov_30.821262	491	571	2	40	80	0.5000000
NODE_7545_length_955_cov_30.821262	491	571	3	28	80	0.3500000
NODE_7546_length_955_cov_30.574766	380	460	2	17	80	0.2125000
NODE_7546_length_955_cov_30.574766	380	460	3	40	80	0.5000000
NODE_7546_length_955_cov_30.574766	380	460	7	23	80	0.2875000
NODE_7546_length_955_cov_30.574766	433	513	3	4	80	0.0500000
NODE_7546_length_955_cov_30.574766	433	513	6	35	80	0.4375000
NODE_7546_length_955_cov_30.574766	433	513	7	32	80	0.4000000
NODE_7546_length_955_cov_30.574766	433	513	8	9	80	0.1125000
NODE_7546_length_955_cov_30.574766	509	589	1	34	80	0.4250000
NODE_7546_length_955_cov_30.574766	509	589	5	8	80	0.1000000
NODE_7546_length_955_cov_30.574766	509	589	6	38	80	0.4750000
NODE_7546_length_955_cov_30.574766	562	642	0	23	80	0.2875000
NODE_7546_length_955_cov_30.574766	562	642	1	57	80	0.7125000
NODE_7547_length_955_cov_27.734813	373	453	3	2	80	0.0250000
NODE_7547_length_955_cov_27.734813	373	453	5	3	80	0.0375000
NODE_7547_length_955_cov_27.734813	373	453	7	4	80	0.0500000
NODE_7547_length_955_cov_27.734813	373	453	9	52	80	0.6500000
NODE_7547_length_955_cov_27.734813	373	453	10	19	80	0.2375000
NODE_7547_length_955_cov_27.734813	426	506	7	42	80	0.5250000
NODE_7547_length_955_cov_27.734813	426	506	9	38	80	0.4750000
NODE_7548_length_955_cov_24.475467	439	519	3	12	80	0.1500000
NODE_7548_length_955_cov_24.475467	439	519	4	5	80	0.0625000
NODE_7548_length_955_cov_24.475467	439	519	5	2	80	0.0250000
NODE_7548_length_955_cov_24.475467	439	519	7	29	80	0.3625000
NODE_7548_length_955_cov_24.475467	439	519	8	5	80	0.0625000
NODE_7548_length_955_cov_24.475467	439	519	9	4	80	0.0500000
NODE_7548_length_955_cov_24.475467	439	519	10	15	80	0.1875000
NODE_7548_length_955_cov_24.475467	439	519	11	8	80	0.1000000
NODE_7548_length_955_cov_24.475467	492	572	6	4	80	0.0500000
NODE_7548_length_955_cov_24.475467	492	572	8	30	80	0.3750000
NODE_7548_length_955_cov_24.475467	492	572	9	23	80	0.2875000
NODE_7548_length_955_cov_24.475467	492	572	10	15	80	0.1875000
NODE_7548_length_955_cov_24.475467	492	572	11	8	80	0.1000000
NODE_7549_length_955_cov_22.146028	351	431	2	36	80	0.4500000
NODE_7549_length_955_cov_22.146028	351	431	3	1	80	0.0125000
NODE_7549_length_955_cov_22.146028	351	431	4	39	80	0.4875000
NODE_7549_length_955_cov_22.146028	351	431	5	4	80	0.0500000
NODE_7549_length_955_cov_22.146028	404	484	3	5	80	0.0625000
NODE_7549_length_955_cov_22.146028	404	484	4	71	80	0.8875000
NODE_7549_length_955_cov_22.146028	404	484	5	4	80	0.0500000
NODE_7550_length_955_cov_16.212617	441	521	2	37	80	0.4625000
NODE_7550_length_955_cov_16.212617	441	521	3	43	80	0.5375000
NODE_7550_length_955_cov_16.212617	494	574	1	4	80	0.0500000
NODE_7550_length_955_cov_16.212617	494	574	2	43	80	0.5375000
NODE_7550_length_955_cov_16.212617	494	574	3	33	80	0.4125000
NODE_7551_length_955_cov_13.334112	269	349	3	45	80	0.5625000
NODE_7551_length_955_cov_13.334112	269	349	4	15	80	0.1875000
NODE_7551_length_955_cov_13.334112	269	349	5	20	80	0.2500000
NODE_7551_length_955_cov_13.334112	322	402	3	9	80	0.1125000
NODE_7551_length_955_cov_13.334112	322	402	5	71	80	0.8875000
NODE_7552_length_955_cov_12.544393	363	443	2	15	80	0.1875000
NODE_7552_length_955_cov_12.544393	363	443	4	65	80	0.8125000
NODE_7552_length_955_cov_12.544393	416	496	2	49	80	0.6125000
NODE_7552_length_955_cov_12.544393	416	496	4	31	80	0.3875000
NODE_7553_length_955_cov_8.204439	358	438	2	80	80	1.0000000
NODE_7553_length_955_cov_8.204439	411	491	1	21	80	0.2625000
NODE_7553_length_955_cov_8.204439	411	491	2	43	80	0.5375000
NODE_7553_length_955_cov_8.204439	411	491	3	16	80	0.2000000
NODE_7563_length_954_cov_35.691228	381	461	4	7	80	0.0875000
NODE_7563_length_954_cov_35.691228	381	461	5	11	80	0.1375000
NODE_7563_length_954_cov_35.691228	381	461	6	34	80	0.4250000
NODE_7563_length_954_cov_35.691228	381	461	7	13	80	0.1625000
NODE_7563_length_954_cov_35.691228	381	461	8	15	80	0.1875000
NODE_7563_length_954_cov_35.691228	434	514	0	1	80	0.0125000
NODE_7563_length_954_cov_35.691228	434	514	2	1	80	0.0125000
NODE_7563_length_954_cov_35.691228	434	514	3	20	80	0.2500000
NODE_7563_length_954_cov_35.691228	434	514	4	2	80	0.0250000
NODE_7563_length_954_cov_35.691228	434	514	5	42	80	0.5250000
NODE_7563_length_954_cov_35.691228	434	514	6	14	80	0.1750000
NODE_7564_length_954_cov_30.769591	408	488	7	1	80	0.0125000
NODE_7564_length_954_cov_30.769591	408	488	9	15	80	0.1875000
NODE_7564_length_954_cov_30.769591	408	488	10	32	80	0.4000000
NODE_7564_length_954_cov_30.769591	408	488	11	1	80	0.0125000
NODE_7564_length_954_cov_30.769591	408	488	12	16	80	0.2000000
NODE_7564_length_954_cov_30.769591	408	488	13	15	80	0.1875000
NODE_7564_length_954_cov_30.769591	461	541	5	4	80	0.0500000
NODE_7564_length_954_cov_30.769591	461	541	6	6	80	0.0750000
NODE_7564_length_954_cov_30.769591	461	541	7	14	80	0.1750000
NODE_7564_length_954_cov_30.769591	461	541	9	11	80	0.1375000
NODE_7564_length_954_cov_30.769591	461	541	10	28	80	0.3500000
NODE_7564_length_954_cov_30.769591	461	541	11	16	80	0.2000000
NODE_7564_length_954_cov_30.769591	461	541	12	1	80	0.0125000
NODE_7565_length_954_cov_27.247953	418	498	1	6	80	0.0750000
NODE_7565_length_954_cov_27.247953	418	498	2	10	80	0.1250000
NODE_7565_length_954_cov_27.247953	418	498	5	8	80	0.1000000
NODE_7565_length_954_cov_27.247953	418	498	6	6	80	0.0750000
NODE_7565_length_954_cov_27.247953	418	498	8	10	80	0.1250000
NODE_7565_length_954_cov_27.247953	418	498	9	14	80	0.1750000
NODE_7565_length_954_cov_27.247953	418	498	10	26	80	0.3250000
NODE_7565_length_954_cov_27.247953	471	551	9	14	80	0.1750000
NODE_7565_length_954_cov_27.247953	471	551	10	37	80	0.4625000
NODE_7565_length_954_cov_27.247953	471	551	11	6	80	0.0750000
NODE_7565_length_954_cov_27.247953	471	551	12	23	80	0.2875000
NODE_7566_length_954_cov_22.796491	270	350	1	11	80	0.1375000
NODE_7566_length_954_cov_22.796491	270	350	2	36	80	0.4500000
NODE_7566_length_954_cov_22.796491	270	350	3	33	80	0.4125000
NODE_7566_length_954_cov_22.796491	323	403	1	64	80	0.8000000
NODE_7566_length_954_cov_22.796491	323	403	2	16	80	0.2000000
NODE_7567_length_954_cov_15.645614	337	417	6	38	80	0.4750000
NODE_7567_length_954_cov_15.645614	337	417	7	2	80	0.0250000
NODE_7567_length_954_cov_15.645614	337	417	8	24	80	0.3000000
NODE_7567_length_954_cov_15.645614	337	417	9	16	80	0.2000000
NODE_7567_length_954_cov_15.645614	390	470	3	8	80	0.1000000
NODE_7567_length_954_cov_15.645614	390	470	5	1	80	0.0125000
NODE_7567_length_954_cov_15.645614	390	470	6	1	80	0.0125000
NODE_7567_length_954_cov_15.645614	390	470	7	24	80	0.3000000
NODE_7567_length_954_cov_15.645614	390	470	8	11	80	0.1375000
NODE_7567_length_954_cov_15.645614	390	470	9	35	80	0.4375000
NODE_7568_length_954_cov_13.538012	346	426	8	4	80	0.0500000
NODE_7568_length_954_cov_13.538012	346	426	9	10	80	0.1250000
NODE_7568_length_954_cov_13.538012	346	426	11	8	80	0.1000000
NODE_7568_length_954_cov_13.538012	346	426	13	11	80	0.1375000
NODE_7568_length_954_cov_13.538012	346	426	14	2	80	0.0250000
NODE_7568_length_954_cov_13.538012	346	426	16	12	80	0.1500000
NODE_7568_length_954_cov_13.538012	346	426	18	33	80	0.4125000
NODE_7568_length_954_cov_13.538012	399	479	9	3	80	0.0375000
NODE_7568_length_954_cov_13.538012	399	479	11	2	80	0.0250000
NODE_7568_length_954_cov_13.538012	399	479	12	8	80	0.1000000
NODE_7568_length_954_cov_13.538012	399	479	13	1	80	0.0125000
NODE_7568_length_954_cov_13.538012	399	479	15	13	80	0.1625000
NODE_7568_length_954_cov_13.538012	399	479	17	23	80	0.2875000
NODE_7568_length_954_cov_13.538012	399	479	18	30	80	0.3750000
NODE_7569_length_954_cov_12.162573	155	217	0	62	62	1.0000000
NODE_7570_length_954_cov_10.714620	239	319	1	14	80	0.1750000
NODE_7570_length_954_cov_10.714620	239	319	3	66	80	0.8250000
NODE_7570_length_954_cov_10.714620	292	372	0	6	80	0.0750000
NODE_7570_length_954_cov_10.714620	292	372	2	27	80	0.3375000
NODE_7570_length_954_cov_10.714620	292	372	3	47	80	0.5875000
NODE_7571_length_954_cov_5.670175	431	511	2	32	80	0.4000000
NODE_7571_length_954_cov_5.670175	431	511	3	6	80	0.0750000
NODE_7571_length_954_cov_5.670175	431	511	5	24	80	0.3000000
NODE_7571_length_954_cov_5.670175	431	511	6	18	80	0.2250000
NODE_7571_length_954_cov_5.670175	484	564	5	45	80	0.5625000
NODE_7571_length_954_cov_5.670175	484	564	6	35	80	0.4375000
NODE_7582_length_953_cov_35.789227	425	505	2	8	80	0.1000000
NODE_7582_length_953_cov_35.789227	425	505	3	24	80	0.3000000
NODE_7582_length_953_cov_35.789227	425	505	4	27	80	0.3375000
NODE_7582_length_953_cov_35.789227	425	505	5	21	80	0.2625000
NODE_7582_length_953_cov_35.789227	478	558	1	10	80	0.1250000
NODE_7582_length_953_cov_35.789227	478	558	2	3	80	0.0375000
NODE_7582_length_953_cov_35.789227	478	558	4	67	80	0.8375000
NODE_7583_length_953_cov_33.940281	430	510	7	6	80	0.0750000
NODE_7583_length_953_cov_33.940281	430	510	8	17	80	0.2125000
NODE_7583_length_953_cov_33.940281	430	510	9	57	80	0.7125000
NODE_7583_length_953_cov_33.940281	483	563	6	19	80	0.2375000
NODE_7583_length_953_cov_33.940281	483	563	7	24	80	0.3000000
NODE_7583_length_953_cov_33.940281	483	563	8	16	80	0.2000000
NODE_7583_length_953_cov_33.940281	483	563	9	21	80	0.2625000
NODE_7584_length_953_cov_26.844262	333	413	2	64	80	0.8000000
NODE_7584_length_953_cov_26.844262	333	413	3	14	80	0.1750000
NODE_7584_length_953_cov_26.844262	333	413	4	2	80	0.0250000
NODE_7584_length_953_cov_26.844262	386	466	2	11	80	0.1375000
NODE_7584_length_953_cov_26.844262	386	466	3	25	80	0.3125000
NODE_7584_length_953_cov_26.844262	386	466	4	14	80	0.1750000
NODE_7584_length_953_cov_26.844262	386	466	5	30	80	0.3750000
NODE_7584_length_953_cov_26.844262	462	542	5	11	80	0.1375000
NODE_7584_length_953_cov_26.844262	462	542	6	10	80	0.1250000
NODE_7584_length_953_cov_26.844262	462	542	7	36	80	0.4500000
NODE_7584_length_953_cov_26.844262	462	542	8	12	80	0.1500000
NODE_7584_length_953_cov_26.844262	462	542	10	11	80	0.1375000
NODE_7584_length_953_cov_26.844262	515	595	6	11	80	0.1375000
NODE_7584_length_953_cov_26.844262	515	595	7	14	80	0.1750000
NODE_7584_length_953_cov_26.844262	515	595	8	29	80	0.3625000
NODE_7584_length_953_cov_26.844262	515	595	9	10	80	0.1250000
NODE_7584_length_953_cov_26.844262	515	595	10	16	80	0.2000000
NODE_7585_length_953_cov_20.770492	301	381	3	10	80	0.1250000
NODE_7585_length_953_cov_20.770492	301	381	4	12	80	0.1500000
NODE_7585_length_953_cov_20.770492	301	381	5	58	80	0.7250000
NODE_7585_length_953_cov_20.770492	354	434	0	8	80	0.1000000
NODE_7585_length_953_cov_20.770492	354	434	2	4	80	0.0500000
NODE_7585_length_953_cov_20.770492	354	434	4	53	80	0.6625000
NODE_7585_length_953_cov_20.770492	354	434	5	15	80	0.1875000
NODE_7586_length_953_cov_17.514052	421	501	3	7	80	0.0875000
NODE_7586_length_953_cov_17.514052	421	501	4	73	80	0.9125000
NODE_7586_length_953_cov_17.514052	474	554	2	27	80	0.3375000
NODE_7586_length_953_cov_17.514052	474	554	3	10	80	0.1250000
NODE_7586_length_953_cov_17.514052	474	554	4	43	80	0.5375000
NODE_7586_length_953_cov_17.514052	550	630	2	6	80	0.0750000
NODE_7586_length_953_cov_17.514052	550	630	3	36	80	0.4500000
NODE_7586_length_953_cov_17.514052	550	630	4	38	80	0.4750000
NODE_7586_length_953_cov_17.514052	603	683	2	10	80	0.1250000
NODE_7586_length_953_cov_17.514052	603	683	3	70	80	0.8750000
NODE_7587_length_953_cov_11.579625	332	412	2	71	80	0.8875000
NODE_7587_length_953_cov_11.579625	332	412	3	9	80	0.1125000
NODE_7587_length_953_cov_11.579625	385	465	1	13	80	0.1625000
NODE_7587_length_953_cov_11.579625	385	465	2	18	80	0.2250000
NODE_7587_length_953_cov_11.579625	385	465	3	49	80	0.6125000
NODE_7588_length_953_cov_7.281030	276	356	1	80	80	1.0000000
NODE_7588_length_953_cov_7.281030	329	409	1	80	80	1.0000000
NODE_7599_length_952_cov_44.880422	447	527	3	2	80	0.0250000
NODE_7599_length_952_cov_44.880422	447	527	4	60	80	0.7500000
NODE_7599_length_952_cov_44.880422	447	527	5	18	80	0.2250000
NODE_7599_length_952_cov_44.880422	500	580	2	11	80	0.1375000
NODE_7599_length_952_cov_44.880422	500	580	3	3	80	0.0375000
NODE_7599_length_952_cov_44.880422	500	580	4	40	80	0.5000000
NODE_7599_length_952_cov_44.880422	500	580	5	26	80	0.3250000
NODE_7599_length_952_cov_44.880422	871	951	0	80	80	1.0000000
NODE_7600_length_952_cov_42.485346	402	482	9	10	80	0.1250000
NODE_7600_length_952_cov_42.485346	402	482	10	14	80	0.1750000
NODE_7600_length_952_cov_42.485346	402	482	11	28	80	0.3500000
NODE_7600_length_952_cov_42.485346	402	482	12	21	80	0.2625000
NODE_7600_length_952_cov_42.485346	402	482	14	5	80	0.0625000
NODE_7600_length_952_cov_42.485346	402	482	15	2	80	0.0250000
NODE_7600_length_952_cov_42.485346	455	535	7	3	80	0.0375000
NODE_7600_length_952_cov_42.485346	455	535	8	14	80	0.1750000
NODE_7600_length_952_cov_42.485346	455	535	9	12	80	0.1500000
NODE_7600_length_952_cov_42.485346	455	535	11	4	80	0.0500000
NODE_7600_length_952_cov_42.485346	455	535	12	18	80	0.2250000
NODE_7600_length_952_cov_42.485346	455	535	13	10	80	0.1250000
NODE_7600_length_952_cov_42.485346	455	535	14	6	80	0.0750000
NODE_7600_length_952_cov_42.485346	455	535	15	13	80	0.1625000
NODE_7601_length_952_cov_40.065651	422	502	10	13	80	0.1625000
NODE_7601_length_952_cov_40.065651	422	502	11	2	80	0.0250000
NODE_7601_length_952_cov_40.065651	422	502	12	2	80	0.0250000
NODE_7601_length_952_cov_40.065651	422	502	13	15	80	0.1875000
NODE_7601_length_952_cov_40.065651	422	502	14	15	80	0.1875000
NODE_7601_length_952_cov_40.065651	422	502	15	33	80	0.4125000
NODE_7601_length_952_cov_40.065651	475	555	6	9	80	0.1125000
NODE_7601_length_952_cov_40.065651	475	555	7	1	80	0.0125000
NODE_7601_length_952_cov_40.065651	475	555	8	11	80	0.1375000
NODE_7601_length_952_cov_40.065651	475	555	10	14	80	0.1750000
NODE_7601_length_952_cov_40.065651	475	555	11	3	80	0.0375000
NODE_7601_length_952_cov_40.065651	475	555	12	17	80	0.2125000
NODE_7601_length_952_cov_40.065651	475	555	13	3	80	0.0375000
NODE_7601_length_952_cov_40.065651	475	555	15	22	80	0.2750000
NODE_7602_length_952_cov_34.813599	308	388	6	80	80	1.0000000
NODE_7602_length_952_cov_34.813599	361	441	2	10	80	0.1250000
NODE_7602_length_952_cov_34.813599	361	441	3	14	80	0.1750000
NODE_7602_length_952_cov_34.813599	361	441	4	7	80	0.0875000
NODE_7602_length_952_cov_34.813599	361	441	6	49	80	0.6125000
NODE_7603_length_952_cov_28.055100	661	741	0	80	80	1.0000000
NODE_7603_length_952_cov_28.055100	714	794	0	80	80	1.0000000
NODE_7604_length_952_cov_23.739742	435	515	4	1	80	0.0125000
NODE_7604_length_952_cov_23.739742	435	515	5	3	80	0.0375000
NODE_7604_length_952_cov_23.739742	435	515	6	14	80	0.1750000
NODE_7604_length_952_cov_23.739742	435	515	7	5	80	0.0625000
NODE_7604_length_952_cov_23.739742	435	515	8	24	80	0.3000000
NODE_7604_length_952_cov_23.739742	435	515	9	33	80	0.4125000
NODE_7604_length_952_cov_23.739742	488	568	7	1	80	0.0125000
NODE_7604_length_952_cov_23.739742	488	568	8	24	80	0.3000000
NODE_7604_length_952_cov_23.739742	488	568	9	55	80	0.6875000
NODE_7606_length_952_cov_11.478312	245	324	2	1	79	0.0126582
NODE_7606_length_952_cov_11.478312	245	324	3	14	79	0.1772152
NODE_7606_length_952_cov_11.478312	245	324	4	39	79	0.4936709
NODE_7606_length_952_cov_11.478312	245	324	5	5	79	0.0632911
NODE_7606_length_952_cov_11.478312	245	324	6	20	79	0.2531646
NODE_7606_length_952_cov_11.478312	297	377	1	1	80	0.0125000
NODE_7606_length_952_cov_11.478312	297	377	2	53	80	0.6625000
NODE_7606_length_952_cov_11.478312	297	377	3	14	80	0.1750000
NODE_7606_length_952_cov_11.478312	297	377	4	12	80	0.1500000
NODE_7607_length_952_cov_11.284877	272	352	0	45	80	0.5625000
NODE_7607_length_952_cov_11.284877	272	352	2	35	80	0.4375000
NODE_7607_length_952_cov_11.284877	325	405	2	80	80	1.0000000
NODE_7608_length_952_cov_10.807737	458	538	0	6	80	0.0750000
NODE_7608_length_952_cov_10.807737	458	538	1	74	80	0.9250000
NODE_7608_length_952_cov_10.807737	511	591	1	80	80	1.0000000
NODE_7609_length_952_cov_8.770223	375	455	0	7	80	0.0875000
NODE_7609_length_952_cov_8.770223	375	455	1	73	80	0.9125000
NODE_7609_length_952_cov_8.770223	428	508	1	80	80	1.0000000
NODE_7623_length_951_cov_54.397887	354	434	6	15	80	0.1875000
NODE_7623_length_951_cov_54.397887	354	434	7	63	80	0.7875000
NODE_7623_length_951_cov_54.397887	354	434	8	2	80	0.0250000
NODE_7623_length_951_cov_54.397887	407	487	3	10	80	0.1250000
NODE_7623_length_951_cov_54.397887	407	487	5	11	80	0.1375000
NODE_7623_length_951_cov_54.397887	407	487	6	10	80	0.1250000
NODE_7623_length_951_cov_54.397887	407	487	7	37	80	0.4625000
NODE_7623_length_951_cov_54.397887	407	487	8	12	80	0.1500000
NODE_7623_length_951_cov_54.397887	483	563	3	18	80	0.2250000
NODE_7623_length_951_cov_54.397887	483	563	4	1	80	0.0125000
NODE_7623_length_951_cov_54.397887	483	563	5	9	80	0.1125000
NODE_7623_length_951_cov_54.397887	483	563	6	10	80	0.1250000
NODE_7623_length_951_cov_54.397887	483	563	7	4	80	0.0500000
NODE_7623_length_951_cov_54.397887	483	563	8	34	80	0.4250000
NODE_7623_length_951_cov_54.397887	483	563	9	4	80	0.0500000
NODE_7623_length_951_cov_54.397887	544	616	7	11	72	0.1527778
NODE_7623_length_951_cov_54.397887	544	616	8	29	72	0.4027778
NODE_7623_length_951_cov_54.397887	544	616	9	32	72	0.4444444
NODE_7624_length_951_cov_47.881455	355	435	6	7	80	0.0875000
NODE_7624_length_951_cov_47.881455	355	435	7	13	80	0.1625000
NODE_7624_length_951_cov_47.881455	355	435	10	4	80	0.0500000
NODE_7624_length_951_cov_47.881455	355	435	11	5	80	0.0625000
NODE_7624_length_951_cov_47.881455	355	435	12	7	80	0.0875000
NODE_7624_length_951_cov_47.881455	355	435	13	34	80	0.4250000
NODE_7624_length_951_cov_47.881455	355	435	14	10	80	0.1250000
NODE_7624_length_951_cov_47.881455	408	488	11	24	80	0.3000000
NODE_7624_length_951_cov_47.881455	408	488	12	19	80	0.2375000
NODE_7624_length_951_cov_47.881455	408	488	13	18	80	0.2250000
NODE_7624_length_951_cov_47.881455	408	488	14	11	80	0.1375000
NODE_7624_length_951_cov_47.881455	408	488	15	8	80	0.1000000
NODE_7624_length_951_cov_47.881455	484	564	7	23	80	0.2875000
NODE_7624_length_951_cov_47.881455	484	564	8	9	80	0.1125000
NODE_7624_length_951_cov_47.881455	484	564	9	21	80	0.2625000
NODE_7624_length_951_cov_47.881455	484	564	10	4	80	0.0500000
NODE_7624_length_951_cov_47.881455	484	564	11	6	80	0.0750000
NODE_7624_length_951_cov_47.881455	484	564	12	1	80	0.0125000
NODE_7624_length_951_cov_47.881455	484	564	15	16	80	0.2000000
NODE_7624_length_951_cov_47.881455	537	617	5	1	80	0.0125000
NODE_7624_length_951_cov_47.881455	537	617	6	52	80	0.6500000
NODE_7624_length_951_cov_47.881455	537	617	7	23	80	0.2875000
NODE_7624_length_951_cov_47.881455	537	617	8	4	80	0.0500000
NODE_7625_length_951_cov_24.322770	479	559	1	12	80	0.1500000
NODE_7625_length_951_cov_24.322770	479	559	3	60	80	0.7500000
NODE_7625_length_951_cov_24.322770	479	559	4	8	80	0.1000000
NODE_7625_length_951_cov_24.322770	532	612	1	65	80	0.8125000
NODE_7625_length_951_cov_24.322770	532	612	3	15	80	0.1875000
NODE_7626_length_951_cov_23.001174	470	550	7	16	80	0.2000000
NODE_7626_length_951_cov_23.001174	470	550	8	4	80	0.0500000
NODE_7626_length_951_cov_23.001174	470	550	9	26	80	0.3250000
NODE_7626_length_951_cov_23.001174	470	550	10	26	80	0.3250000
NODE_7626_length_951_cov_23.001174	470	550	11	8	80	0.1000000
NODE_7626_length_951_cov_23.001174	523	603	5	4	80	0.0500000
NODE_7626_length_951_cov_23.001174	523	603	6	23	80	0.2875000
NODE_7626_length_951_cov_23.001174	523	603	8	14	80	0.1750000
NODE_7626_length_951_cov_23.001174	523	603	9	8	80	0.1000000
NODE_7626_length_951_cov_23.001174	523	603	10	23	80	0.2875000
NODE_7626_length_951_cov_23.001174	523	603	11	8	80	0.1000000
NODE_7627_length_951_cov_22.059859	562	642	4	1	80	0.0125000
NODE_7627_length_951_cov_22.059859	562	642	5	15	80	0.1875000
NODE_7627_length_951_cov_22.059859	562	642	6	64	80	0.8000000
NODE_7627_length_951_cov_22.059859	615	695	2	1	80	0.0125000
NODE_7627_length_951_cov_22.059859	615	695	3	45	80	0.5625000
NODE_7627_length_951_cov_22.059859	615	695	5	14	80	0.1750000
NODE_7627_length_951_cov_22.059859	615	695	6	20	80	0.2500000
NODE_7628_length_951_cov_19.413146	456	536	5	15	80	0.1875000
NODE_7628_length_951_cov_19.413146	456	536	7	26	80	0.3250000
NODE_7628_length_951_cov_19.413146	456	536	8	39	80	0.4875000
NODE_7628_length_951_cov_19.413146	509	589	7	63	80	0.7875000
NODE_7628_length_951_cov_19.413146	509	589	8	17	80	0.2125000
NODE_7628_length_951_cov_19.413146	830	877	1	47	47	1.0000000
NODE_7629_length_951_cov_18.970657	384	464	1	15	80	0.1875000
NODE_7629_length_951_cov_18.970657	384	464	2	9	80	0.1125000
NODE_7629_length_951_cov_18.970657	384	464	6	52	80	0.6500000
NODE_7629_length_951_cov_18.970657	384	464	7	4	80	0.0500000
NODE_7629_length_951_cov_18.970657	437	517	6	23	80	0.2875000
NODE_7629_length_951_cov_18.970657	437	517	7	57	80	0.7125000
NODE_7629_length_951_cov_18.970657	513	593	2	3	80	0.0375000
NODE_7629_length_951_cov_18.970657	513	593	3	6	80	0.0750000
NODE_7629_length_951_cov_18.970657	513	593	5	19	80	0.2375000
NODE_7629_length_951_cov_18.970657	513	593	6	22	80	0.2750000
NODE_7629_length_951_cov_18.970657	513	593	7	30	80	0.3750000
NODE_7629_length_951_cov_18.970657	566	646	3	1	80	0.0125000
NODE_7629_length_951_cov_18.970657	566	646	5	19	80	0.2375000
NODE_7629_length_951_cov_18.970657	566	646	6	36	80	0.4500000
NODE_7629_length_951_cov_18.970657	566	646	7	24	80	0.3000000
NODE_7630_length_951_cov_17.164319	409	490	3	7	81	0.0864198
NODE_7630_length_951_cov_17.164319	409	490	4	71	81	0.8765432
NODE_7630_length_951_cov_17.164319	409	490	6	3	81	0.0370370
NODE_7630_length_951_cov_17.164319	463	543	3	7	80	0.0875000
NODE_7630_length_951_cov_17.164319	463	543	4	17	80	0.2125000
NODE_7630_length_951_cov_17.164319	463	543	5	13	80	0.1625000
NODE_7630_length_951_cov_17.164319	463	543	6	25	80	0.3125000
NODE_7630_length_951_cov_17.164319	463	543	7	15	80	0.1875000
NODE_7630_length_951_cov_17.164319	463	543	8	3	80	0.0375000
NODE_7631_length_951_cov_17.009390	393	473	0	19	80	0.2375000
NODE_7631_length_951_cov_17.009390	393	473	1	3	80	0.0375000
NODE_7631_length_951_cov_17.009390	393	473	3	3	80	0.0375000
NODE_7631_length_951_cov_17.009390	393	473	5	29	80	0.3625000
NODE_7631_length_951_cov_17.009390	393	473	7	26	80	0.3250000
NODE_7631_length_951_cov_17.009390	446	526	5	1	80	0.0125000
NODE_7631_length_951_cov_17.009390	446	526	7	79	80	0.9875000
NODE_7632_length_951_cov_15.551643	520	600	10	28	80	0.3500000
NODE_7632_length_951_cov_15.551643	520	600	11	17	80	0.2125000
NODE_7632_length_951_cov_15.551643	520	600	12	27	80	0.3375000
NODE_7632_length_951_cov_15.551643	520	600	13	4	80	0.0500000
NODE_7632_length_951_cov_15.551643	520	600	14	4	80	0.0500000
NODE_7632_length_951_cov_15.551643	573	653	3	15	80	0.1875000
NODE_7632_length_951_cov_15.551643	573	653	4	1	80	0.0125000
NODE_7632_length_951_cov_15.551643	573	653	6	21	80	0.2625000
NODE_7632_length_951_cov_15.551643	573	653	8	10	80	0.1250000
NODE_7632_length_951_cov_15.551643	573	653	10	33	80	0.4125000
NODE_7633_length_951_cov_13.562207	364	444	3	26	80	0.3250000
NODE_7633_length_951_cov_13.562207	364	444	4	14	80	0.1750000
NODE_7633_length_951_cov_13.562207	364	444	5	4	80	0.0500000
NODE_7633_length_951_cov_13.562207	364	444	6	36	80	0.4500000
NODE_7633_length_951_cov_13.562207	417	497	1	15	80	0.1875000
NODE_7633_length_951_cov_13.562207	417	497	3	61	80	0.7625000
NODE_7633_length_951_cov_13.562207	417	497	4	4	80	0.0500000
NODE_7634_length_951_cov_13.086854	450	530	3	3	80	0.0375000
NODE_7634_length_951_cov_13.086854	450	530	4	38	80	0.4750000
NODE_7634_length_951_cov_13.086854	450	530	5	2	80	0.0250000
NODE_7634_length_951_cov_13.086854	450	530	6	11	80	0.1375000
NODE_7634_length_951_cov_13.086854	450	530	7	26	80	0.3250000
NODE_7634_length_951_cov_13.086854	503	583	5	17	80	0.2125000
NODE_7634_length_951_cov_13.086854	503	583	6	47	80	0.5875000
NODE_7634_length_951_cov_13.086854	503	583	7	16	80	0.2000000
NODE_7635_length_951_cov_6.812207	350	430	2	39	80	0.4875000
NODE_7635_length_951_cov_6.812207	350	430	3	41	80	0.5125000
NODE_7635_length_951_cov_6.812207	403	483	2	13	80	0.1625000
NODE_7635_length_951_cov_6.812207	403	483	3	61	80	0.7625000
NODE_7635_length_951_cov_6.812207	403	483	4	6	80	0.0750000
NODE_7636_length_951_cov_5.076291	80	160	1	18	80	0.2250000
NODE_7636_length_951_cov_5.076291	80	160	2	62	80	0.7750000
NODE_7636_length_951_cov_5.076291	133	213	1	54	80	0.6750000
NODE_7636_length_951_cov_5.076291	133	213	2	26	80	0.3250000
NODE_7649_length_950_cov_62.151586	731	794	2	21	63	0.3333333
NODE_7649_length_950_cov_62.151586	731	794	3	17	63	0.2698413
NODE_7649_length_950_cov_62.151586	731	794	4	11	63	0.1746032
NODE_7649_length_950_cov_62.151586	731	794	5	14	63	0.2222222
NODE_7650_length_950_cov_56.088132	354	434	6	4	80	0.0500000
NODE_7650_length_950_cov_56.088132	354	434	7	22	80	0.2750000
NODE_7650_length_950_cov_56.088132	354	434	8	38	80	0.4750000
NODE_7650_length_950_cov_56.088132	354	434	9	14	80	0.1750000
NODE_7650_length_950_cov_56.088132	354	434	10	2	80	0.0250000
NODE_7650_length_950_cov_56.088132	407	487	7	3	80	0.0375000
NODE_7650_length_950_cov_56.088132	407	487	8	8	80	0.1000000
NODE_7650_length_950_cov_56.088132	407	487	9	18	80	0.2250000
NODE_7650_length_950_cov_56.088132	407	487	10	48	80	0.6000000
NODE_7650_length_950_cov_56.088132	407	487	11	3	80	0.0375000
NODE_7650_length_950_cov_56.088132	483	563	9	7	80	0.0875000
NODE_7650_length_950_cov_56.088132	483	563	10	5	80	0.0625000
NODE_7650_length_950_cov_56.088132	483	563	11	35	80	0.4375000
NODE_7650_length_950_cov_56.088132	483	563	12	4	80	0.0500000
NODE_7650_length_950_cov_56.088132	483	563	13	16	80	0.2000000
NODE_7650_length_950_cov_56.088132	483	563	14	4	80	0.0500000
NODE_7650_length_950_cov_56.088132	483	563	15	9	80	0.1125000
NODE_7650_length_950_cov_56.088132	536	616	8	5	80	0.0625000
NODE_7650_length_950_cov_56.088132	536	616	9	23	80	0.2875000
NODE_7650_length_950_cov_56.088132	536	616	11	52	80	0.6500000
NODE_7651_length_950_cov_29.780259	501	581	1	80	80	1.0000000
NODE_7651_length_950_cov_29.780259	554	634	0	26	80	0.3250000
NODE_7651_length_950_cov_29.780259	554	634	1	54	80	0.6750000
NODE_7652_length_950_cov_27.278496	388	468	0	80	80	1.0000000
NODE_7652_length_950_cov_27.278496	441	519	0	78	78	1.0000000
NODE_7653_length_950_cov_26.766157	322	402	4	36	80	0.4500000
NODE_7653_length_950_cov_26.766157	322	402	6	15	80	0.1875000
NODE_7653_length_950_cov_26.766157	322	402	7	11	80	0.1375000
NODE_7653_length_950_cov_26.766157	322	402	8	18	80	0.2250000
NODE_7653_length_950_cov_26.766157	375	455	5	10	80	0.1250000
NODE_7653_length_950_cov_26.766157	375	455	6	14	80	0.1750000
NODE_7653_length_950_cov_26.766157	375	455	7	36	80	0.4500000
NODE_7653_length_950_cov_26.766157	375	455	8	20	80	0.2500000
NODE_7653_length_950_cov_26.766157	451	531	5	6	80	0.0750000
NODE_7653_length_950_cov_26.766157	451	531	6	32	80	0.4000000
NODE_7653_length_950_cov_26.766157	451	531	7	27	80	0.3375000
NODE_7653_length_950_cov_26.766157	451	531	8	15	80	0.1875000
NODE_7653_length_950_cov_26.766157	504	584	6	36	80	0.4500000
NODE_7653_length_950_cov_26.766157	504	584	7	33	80	0.4125000
NODE_7653_length_950_cov_26.766157	504	584	8	11	80	0.1375000
NODE_7654_length_950_cov_19.638073	421	501	6	12	80	0.1500000
NODE_7654_length_950_cov_19.638073	421	501	7	2	80	0.0250000
NODE_7654_length_950_cov_19.638073	421	501	8	12	80	0.1500000
NODE_7654_length_950_cov_19.638073	421	501	9	12	80	0.1500000
NODE_7654_length_950_cov_19.638073	421	501	10	4	80	0.0500000
NODE_7654_length_950_cov_19.638073	421	501	11	9	80	0.1125000
NODE_7654_length_950_cov_19.638073	421	501	13	16	80	0.2000000
NODE_7654_length_950_cov_19.638073	421	501	14	5	80	0.0625000
NODE_7654_length_950_cov_19.638073	421	501	15	8	80	0.1000000
NODE_7654_length_950_cov_19.638073	474	554	13	14	80	0.1750000
NODE_7654_length_950_cov_19.638073	474	554	14	5	80	0.0625000
NODE_7654_length_950_cov_19.638073	474	554	15	14	80	0.1750000
NODE_7654_length_950_cov_19.638073	474	554	16	16	80	0.2000000
NODE_7654_length_950_cov_19.638073	474	554	17	24	80	0.3000000
NODE_7654_length_950_cov_19.638073	474	554	18	7	80	0.0875000
NODE_7654_length_950_cov_19.638073	550	630	8	17	80	0.2125000
NODE_7654_length_950_cov_19.638073	550	630	9	4	80	0.0500000
NODE_7654_length_950_cov_19.638073	550	630	10	12	80	0.1500000
NODE_7654_length_950_cov_19.638073	550	630	11	12	80	0.1500000
NODE_7654_length_950_cov_19.638073	550	630	12	2	80	0.0250000
NODE_7654_length_950_cov_19.638073	550	630	13	6	80	0.0750000
NODE_7654_length_950_cov_19.638073	550	630	14	6	80	0.0750000
NODE_7654_length_950_cov_19.638073	550	630	15	16	80	0.2000000
NODE_7654_length_950_cov_19.638073	550	630	16	2	80	0.0250000
NODE_7654_length_950_cov_19.638073	550	630	17	3	80	0.0375000
NODE_7654_length_950_cov_19.638073	603	683	3	3	80	0.0375000
NODE_7654_length_950_cov_19.638073	603	683	4	8	80	0.1000000
NODE_7654_length_950_cov_19.638073	603	683	5	15	80	0.1875000
NODE_7654_length_950_cov_19.638073	603	683	6	14	80	0.1750000
NODE_7654_length_950_cov_19.638073	603	683	7	5	80	0.0625000
NODE_7654_length_950_cov_19.638073	603	683	8	25	80	0.3125000
NODE_7654_length_950_cov_19.638073	603	683	9	4	80	0.0500000
NODE_7654_length_950_cov_19.638073	603	683	10	6	80	0.0750000
NODE_7655_length_950_cov_14.686251	376	456	3	10	80	0.1250000
NODE_7655_length_950_cov_14.686251	376	456	4	20	80	0.2500000
NODE_7655_length_950_cov_14.686251	376	456	5	4	80	0.0500000
NODE_7655_length_950_cov_14.686251	376	456	6	46	80	0.5750000
NODE_7655_length_950_cov_14.686251	429	509	4	56	80	0.7000000
NODE_7655_length_950_cov_14.686251	429	509	5	4	80	0.0500000
NODE_7655_length_950_cov_14.686251	429	509	6	20	80	0.2500000
NODE_7656_length_950_cov_14.215041	339	419	0	80	80	1.0000000
NODE_7656_length_950_cov_14.215041	392	472	0	80	80	1.0000000
NODE_7657_length_950_cov_6.397180	370	450	0	75	80	0.9375000
NODE_7657_length_950_cov_6.397180	370	450	2	5	80	0.0625000
NODE_7657_length_950_cov_6.397180	423	504	0	24	81	0.2962963
NODE_7657_length_950_cov_6.397180	423	504	2	57	81	0.7037037
NODE_7659_length_950_cov_4.430082	594	674	2	48	80	0.6000000
NODE_7659_length_950_cov_4.430082	594	674	3	27	80	0.3375000
NODE_7659_length_950_cov_4.430082	594	674	4	5	80	0.0625000
NODE_7659_length_950_cov_4.430082	647	727	2	1	80	0.0125000
NODE_7659_length_950_cov_4.430082	647	727	3	22	80	0.2750000
NODE_7659_length_950_cov_4.430082	647	727	4	57	80	0.7125000
NODE_7672_length_949_cov_25.550588	371	451	0	23	80	0.2875000
NODE_7672_length_949_cov_25.550588	371	451	1	57	80	0.7125000
NODE_7672_length_949_cov_25.550588	500	580	2	53	80	0.6625000
NODE_7672_length_949_cov_25.550588	500	580	3	8	80	0.1000000
NODE_7672_length_949_cov_25.550588	500	580	4	19	80	0.2375000
NODE_7672_length_949_cov_25.550588	553	633	2	8	80	0.1000000
NODE_7672_length_949_cov_25.550588	553	633	4	35	80	0.4375000
NODE_7672_length_949_cov_25.550588	553	633	5	37	80	0.4625000
NODE_7673_length_949_cov_20.949412	252	332	2	33	80	0.4125000
NODE_7673_length_949_cov_20.949412	252	332	3	35	80	0.4375000
NODE_7673_length_949_cov_20.949412	252	332	4	12	80	0.1500000
NODE_7673_length_949_cov_20.949412	305	385	2	48	80	0.6000000
NODE_7673_length_949_cov_20.949412	305	385	4	5	80	0.0625000
NODE_7673_length_949_cov_20.949412	305	385	5	27	80	0.3375000
NODE_7674_length_949_cov_20.601176	364	444	3	35	80	0.4375000
NODE_7674_length_949_cov_20.601176	364	444	5	45	80	0.5625000
NODE_7674_length_949_cov_20.601176	417	497	0	24	80	0.3000000
NODE_7674_length_949_cov_20.601176	417	497	2	10	80	0.1250000
NODE_7674_length_949_cov_20.601176	417	497	3	26	80	0.3250000
NODE_7674_length_949_cov_20.601176	417	497	5	20	80	0.2500000
NODE_7674_length_949_cov_20.601176	493	573	0	4	80	0.0500000
NODE_7674_length_949_cov_20.601176	493	573	1	6	80	0.0750000
NODE_7674_length_949_cov_20.601176	493	573	2	39	80	0.4875000
NODE_7674_length_949_cov_20.601176	493	573	3	31	80	0.3875000
NODE_7674_length_949_cov_20.601176	546	626	3	43	80	0.5375000
NODE_7674_length_949_cov_20.601176	546	626	4	37	80	0.4625000
NODE_7675_length_949_cov_20.575294	481	561	0	80	80	1.0000000
NODE_7675_length_949_cov_20.575294	534	614	0	80	80	1.0000000
NODE_7676_length_949_cov_19.483529	340	420	7	4	80	0.0500000
NODE_7676_length_949_cov_19.483529	340	420	8	2	80	0.0250000
NODE_7676_length_949_cov_19.483529	340	420	9	7	80	0.0875000
NODE_7676_length_949_cov_19.483529	340	420	10	4	80	0.0500000
NODE_7676_length_949_cov_19.483529	340	420	11	13	80	0.1625000
NODE_7676_length_949_cov_19.483529	340	420	12	46	80	0.5750000
NODE_7676_length_949_cov_19.483529	340	420	13	4	80	0.0500000
NODE_7676_length_949_cov_19.483529	393	473	4	13	80	0.1625000
NODE_7676_length_949_cov_19.483529	393	473	6	12	80	0.1500000
NODE_7676_length_949_cov_19.483529	393	473	8	10	80	0.1250000
NODE_7676_length_949_cov_19.483529	393	473	10	22	80	0.2750000
NODE_7676_length_949_cov_19.483529	393	473	11	7	80	0.0875000
NODE_7676_length_949_cov_19.483529	393	473	12	12	80	0.1500000
NODE_7676_length_949_cov_19.483529	393	473	13	4	80	0.0500000
NODE_7676_length_949_cov_19.483529	469	549	2	8	80	0.1000000
NODE_7676_length_949_cov_19.483529	469	549	3	47	80	0.5875000
NODE_7676_length_949_cov_19.483529	469	549	4	25	80	0.3125000
NODE_7676_length_949_cov_19.483529	522	602	2	27	80	0.3375000
NODE_7676_length_949_cov_19.483529	522	602	3	53	80	0.6625000
NODE_7677_length_949_cov_19.407059	433	513	2	14	80	0.1750000
NODE_7677_length_949_cov_19.407059	433	513	3	15	80	0.1875000
NODE_7677_length_949_cov_19.407059	433	513	4	51	80	0.6375000
NODE_7677_length_949_cov_19.407059	486	566	2	33	80	0.4125000
NODE_7677_length_949_cov_19.407059	486	566	3	33	80	0.4125000
NODE_7677_length_949_cov_19.407059	486	566	4	14	80	0.1750000
NODE_7677_length_949_cov_19.407059	562	642	2	57	80	0.7125000
NODE_7677_length_949_cov_19.407059	562	642	3	2	80	0.0250000
NODE_7677_length_949_cov_19.407059	562	642	4	21	80	0.2625000
NODE_7677_length_949_cov_19.407059	615	695	2	8	80	0.1000000
NODE_7677_length_949_cov_19.407059	615	695	4	59	80	0.7375000
NODE_7677_length_949_cov_19.407059	615	695	6	13	80	0.1625000
NODE_7678_length_949_cov_10.903529	561	641	1	17	80	0.2125000
NODE_7678_length_949_cov_10.903529	561	641	2	51	80	0.6375000
NODE_7678_length_949_cov_10.903529	561	641	3	12	80	0.1500000
NODE_7678_length_949_cov_10.903529	614	694	2	53	80	0.6625000
NODE_7678_length_949_cov_10.903529	614	694	3	27	80	0.3375000
NODE_7679_length_949_cov_7.245882	0	71	0	71	71	1.0000000
NODE_7679_length_949_cov_7.245882	0	71	0	71	71	1.0000000
NODE_7679_length_949_cov_7.245882	44	124	0	80	80	1.0000000
NODE_7680_length_949_cov_6.998824	494	574	2	20	80	0.2500000
NODE_7680_length_949_cov_6.998824	494	574	3	60	80	0.7500000
NODE_7680_length_949_cov_6.998824	547	627	3	80	80	1.0000000
NODE_7702_length_948_cov_37.201413	510	590	5	29	80	0.3625000
NODE_7702_length_948_cov_37.201413	510	590	6	51	80	0.6375000
NODE_7702_length_948_cov_37.201413	563	643	3	20	80	0.2500000
NODE_7702_length_948_cov_37.201413	563	643	4	19	80	0.2375000
NODE_7702_length_948_cov_37.201413	563	643	5	41	80	0.5125000
NODE_7703_length_948_cov_20.082450	58	99	2	41	41	1.0000000
NODE_7703_length_948_cov_20.082450	113	193	10	15	80	0.1875000
NODE_7703_length_948_cov_20.082450	113	193	13	11	80	0.1375000
NODE_7703_length_948_cov_20.082450	113	193	14	29	80	0.3625000
NODE_7703_length_948_cov_20.082450	113	193	15	25	80	0.3125000
NODE_7703_length_948_cov_20.082450	166	246	13	3	80	0.0375000
NODE_7703_length_948_cov_20.082450	166	246	14	18	80	0.2250000
NODE_7703_length_948_cov_20.082450	166	246	15	13	80	0.1625000
NODE_7703_length_948_cov_20.082450	166	246	16	11	80	0.1375000
NODE_7703_length_948_cov_20.082450	166	246	17	19	80	0.2375000
NODE_7703_length_948_cov_20.082450	166	246	19	16	80	0.2000000
NODE_7704_length_948_cov_16.785630	308	388	2	75	80	0.9375000
NODE_7704_length_948_cov_16.785630	308	388	3	5	80	0.0625000
NODE_7704_length_948_cov_16.785630	361	441	2	59	80	0.7375000
NODE_7704_length_948_cov_16.785630	361	441	3	20	80	0.2500000
NODE_7704_length_948_cov_16.785630	361	441	4	1	80	0.0125000
NODE_7704_length_948_cov_16.785630	437	517	3	51	80	0.6375000
NODE_7704_length_948_cov_16.785630	437	517	4	29	80	0.3625000
NODE_7704_length_948_cov_16.785630	490	570	3	1	80	0.0125000
NODE_7704_length_948_cov_16.785630	490	570	4	78	80	0.9750000
NODE_7704_length_948_cov_16.785630	490	570	5	1	80	0.0125000
NODE_7705_length_948_cov_12.740872	400	480	0	80	80	1.0000000
NODE_7705_length_948_cov_12.740872	453	533	0	80	80	1.0000000
NODE_7706_length_948_cov_10.220259	465	545	5	18	80	0.2250000
NODE_7706_length_948_cov_10.220259	465	545	6	14	80	0.1750000
NODE_7706_length_948_cov_10.220259	465	545	7	2	80	0.0250000
NODE_7706_length_948_cov_10.220259	465	545	8	3	80	0.0375000
NODE_7706_length_948_cov_10.220259	465	545	9	8	80	0.1000000
NODE_7706_length_948_cov_10.220259	465	545	10	24	80	0.3000000
NODE_7706_length_948_cov_10.220259	465	545	11	11	80	0.1375000
NODE_7706_length_948_cov_10.220259	518	598	6	11	80	0.1375000
NODE_7706_length_948_cov_10.220259	518	598	7	1	80	0.0125000
NODE_7706_length_948_cov_10.220259	518	598	8	10	80	0.1250000
NODE_7706_length_948_cov_10.220259	518	598	10	17	80	0.2125000
NODE_7706_length_948_cov_10.220259	518	598	11	41	80	0.5125000
NODE_7707_length_948_cov_8.504122	456	536	0	5	80	0.0625000
NODE_7707_length_948_cov_8.504122	456	536	1	52	80	0.6500000
NODE_7707_length_948_cov_8.504122	456	536	2	23	80	0.2875000
NODE_7707_length_948_cov_8.504122	509	589	1	4	80	0.0500000
NODE_7707_length_948_cov_8.504122	509	589	2	76	80	0.9500000
NODE_7709_length_948_cov_5.425206	641	721	1	41	80	0.5125000
NODE_7709_length_948_cov_5.425206	641	721	2	12	80	0.1500000
NODE_7709_length_948_cov_5.425206	641	721	3	5	80	0.0625000
NODE_7709_length_948_cov_5.425206	641	721	4	12	80	0.1500000
NODE_7709_length_948_cov_5.425206	641	721	5	10	80	0.1250000
NODE_7709_length_948_cov_5.425206	694	774	3	5	80	0.0625000
NODE_7709_length_948_cov_5.425206	694	774	4	12	80	0.1500000
NODE_7709_length_948_cov_5.425206	694	774	5	63	80	0.7875000
NODE_7711_length_948_cov_3.586572	696	776	0	80	80	1.0000000
NODE_7715_length_948_cov_2.786808	259	324	0	65	65	1.0000000
NODE_7715_length_948_cov_2.786808	297	377	0	80	80	1.0000000
NODE_7721_length_947_cov_91.466981	393	473	16	24	80	0.3000000
NODE_7721_length_947_cov_91.466981	393	473	17	13	80	0.1625000
NODE_7721_length_947_cov_91.466981	393	473	18	14	80	0.1750000
NODE_7721_length_947_cov_91.466981	393	473	20	12	80	0.1500000
NODE_7721_length_947_cov_91.466981	393	473	21	11	80	0.1375000
NODE_7721_length_947_cov_91.466981	393	473	23	6	80	0.0750000
NODE_7721_length_947_cov_91.466981	446	526	14	2	80	0.0250000
NODE_7721_length_947_cov_91.466981	446	526	18	2	80	0.0250000
NODE_7721_length_947_cov_91.466981	446	526	19	12	80	0.1500000
NODE_7721_length_947_cov_91.466981	446	526	20	11	80	0.1375000
NODE_7721_length_947_cov_91.466981	446	526	21	14	80	0.1750000
NODE_7721_length_947_cov_91.466981	446	526	22	8	80	0.1000000
NODE_7721_length_947_cov_91.466981	446	526	23	19	80	0.2375000
NODE_7721_length_947_cov_91.466981	446	526	25	9	80	0.1125000
NODE_7721_length_947_cov_91.466981	446	526	26	3	80	0.0375000
NODE_7722_length_947_cov_61.139151	402	482	4	14	80	0.1750000
NODE_7722_length_947_cov_61.139151	402	482	6	4	80	0.0500000
NODE_7722_length_947_cov_61.139151	402	482	8	19	80	0.2375000
NODE_7722_length_947_cov_61.139151	402	482	9	12	80	0.1500000
NODE_7722_length_947_cov_61.139151	402	482	10	6	80	0.0750000
NODE_7722_length_947_cov_61.139151	402	482	11	4	80	0.0500000
NODE_7722_length_947_cov_61.139151	402	482	12	16	80	0.2000000
NODE_7722_length_947_cov_61.139151	402	482	13	5	80	0.0625000
NODE_7722_length_947_cov_61.139151	455	535	9	6	80	0.0750000
NODE_7722_length_947_cov_61.139151	455	535	10	2	80	0.0250000
NODE_7722_length_947_cov_61.139151	455	535	11	48	80	0.6000000
NODE_7722_length_947_cov_61.139151	455	535	12	16	80	0.2000000
NODE_7722_length_947_cov_61.139151	455	535	13	8	80	0.1000000
NODE_7723_length_947_cov_50.009434	488	568	10	10	80	0.1250000
NODE_7723_length_947_cov_50.009434	488	568	11	3	80	0.0375000
NODE_7723_length_947_cov_50.009434	488	568	12	2	80	0.0250000
NODE_7723_length_947_cov_50.009434	488	568	14	26	80	0.3250000
NODE_7723_length_947_cov_50.009434	488	568	15	12	80	0.1500000
NODE_7723_length_947_cov_50.009434	488	568	16	15	80	0.1875000
NODE_7723_length_947_cov_50.009434	488	568	17	8	80	0.1000000
NODE_7723_length_947_cov_50.009434	488	568	18	1	80	0.0125000
NODE_7723_length_947_cov_50.009434	488	568	19	3	80	0.0375000
NODE_7723_length_947_cov_50.009434	541	621	13	6	80	0.0750000
NODE_7723_length_947_cov_50.009434	541	621	15	7	80	0.0875000
NODE_7723_length_947_cov_50.009434	541	621	16	25	80	0.3125000
NODE_7723_length_947_cov_50.009434	541	621	17	33	80	0.4125000
NODE_7723_length_947_cov_50.009434	541	621	18	3	80	0.0375000
NODE_7723_length_947_cov_50.009434	541	621	19	6	80	0.0750000
NODE_7724_length_947_cov_36.271226	511	591	6	28	80	0.3500000
NODE_7724_length_947_cov_36.271226	511	591	7	10	80	0.1250000
NODE_7724_length_947_cov_36.271226	511	591	9	3	80	0.0375000
NODE_7724_length_947_cov_36.271226	511	591	10	7	80	0.0875000
NODE_7724_length_947_cov_36.271226	511	591	11	16	80	0.2000000
NODE_7724_length_947_cov_36.271226	511	591	12	16	80	0.2000000
NODE_7724_length_947_cov_36.271226	564	644	10	11	80	0.1375000
NODE_7724_length_947_cov_36.271226	564	644	11	16	80	0.2000000
NODE_7724_length_947_cov_36.271226	564	644	12	16	80	0.2000000
NODE_7724_length_947_cov_36.271226	564	644	13	37	80	0.4625000
NODE_7725_length_947_cov_23.384434	425	505	5	8	80	0.1000000
NODE_7725_length_947_cov_23.384434	425	505	6	4	80	0.0500000
NODE_7725_length_947_cov_23.384434	425	505	7	20	80	0.2500000
NODE_7725_length_947_cov_23.384434	425	505	8	48	80	0.6000000
NODE_7725_length_947_cov_23.384434	478	558	6	17	80	0.2125000
NODE_7725_length_947_cov_23.384434	478	558	7	20	80	0.2500000
NODE_7725_length_947_cov_23.384434	478	558	8	37	80	0.4625000
NODE_7725_length_947_cov_23.384434	478	558	9	6	80	0.0750000
NODE_7726_length_947_cov_19.103774	316	396	0	16	80	0.2000000
NODE_7726_length_947_cov_19.103774	316	396	1	24	80	0.3000000
NODE_7726_length_947_cov_19.103774	316	396	2	12	80	0.1500000
NODE_7726_length_947_cov_19.103774	316	396	3	25	80	0.3125000
NODE_7726_length_947_cov_19.103774	316	396	4	3	80	0.0375000
NODE_7726_length_947_cov_19.103774	369	449	3	24	80	0.3000000
NODE_7726_length_947_cov_19.103774	369	449	4	56	80	0.7000000
NODE_7727_length_947_cov_18.853774	516	596	4	21	80	0.2625000
NODE_7727_length_947_cov_18.853774	516	596	7	4	80	0.0500000
NODE_7727_length_947_cov_18.853774	516	596	9	15	80	0.1875000
NODE_7727_length_947_cov_18.853774	516	596	10	3	80	0.0375000
NODE_7727_length_947_cov_18.853774	516	596	11	22	80	0.2750000
NODE_7727_length_947_cov_18.853774	516	596	12	15	80	0.1875000
NODE_7727_length_947_cov_18.853774	569	649	10	56	80	0.7000000
NODE_7727_length_947_cov_18.853774	569	649	11	19	80	0.2375000
NODE_7727_length_947_cov_18.853774	569	649	12	5	80	0.0625000
NODE_7728_length_947_cov_18.077830	315	395	2	80	80	1.0000000
NODE_7728_length_947_cov_18.077830	368	448	0	6	80	0.0750000
NODE_7728_length_947_cov_18.077830	368	448	1	44	80	0.5500000
NODE_7728_length_947_cov_18.077830	368	448	2	30	80	0.3750000
NODE_7729_length_947_cov_17.713443	403	483	4	1	80	0.0125000
NODE_7729_length_947_cov_17.713443	403	483	5	4	80	0.0500000
NODE_7729_length_947_cov_17.713443	403	483	6	75	80	0.9375000
NODE_7729_length_947_cov_17.713443	456	536	4	32	80	0.4000000
NODE_7729_length_947_cov_17.713443	456	536	5	22	80	0.2750000
NODE_7729_length_947_cov_17.713443	456	536	6	26	80	0.3250000
NODE_7730_length_947_cov_14.492925	358	438	1	64	80	0.8000000
NODE_7730_length_947_cov_14.492925	358	438	2	16	80	0.2000000
NODE_7730_length_947_cov_14.492925	411	491	1	50	80	0.6250000
NODE_7730_length_947_cov_14.492925	411	491	2	30	80	0.3750000
NODE_7730_length_947_cov_14.492925	487	567	1	71	80	0.8875000
NODE_7730_length_947_cov_14.492925	487	567	3	9	80	0.1125000
NODE_7730_length_947_cov_14.492925	540	620	1	18	80	0.2250000
NODE_7730_length_947_cov_14.492925	540	620	2	48	80	0.6000000
NODE_7730_length_947_cov_14.492925	540	620	3	14	80	0.1750000
NODE_7731_length_947_cov_10.573113	550	630	0	80	80	1.0000000
NODE_7731_length_947_cov_10.573113	603	683	0	80	80	1.0000000
NODE_7732_length_947_cov_7.762972	550	630	8	4	80	0.0500000
NODE_7732_length_947_cov_7.762972	550	630	9	71	80	0.8875000
NODE_7732_length_947_cov_7.762972	550	630	10	5	80	0.0625000
NODE_7732_length_947_cov_7.762972	607	683	1	25	76	0.3289474
NODE_7732_length_947_cov_7.762972	607	683	3	13	76	0.1710526
NODE_7732_length_947_cov_7.762972	607	683	5	10	76	0.1315790
NODE_7732_length_947_cov_7.762972	607	683	9	28	76	0.3684210
NODE_7747_length_946_cov_39.726092	378	458	3	23	80	0.2875000
NODE_7747_length_946_cov_39.726092	378	458	5	6	80	0.0750000
NODE_7747_length_946_cov_39.726092	378	458	6	26	80	0.3250000
NODE_7747_length_946_cov_39.726092	378	458	7	18	80	0.2250000
NODE_7747_length_946_cov_39.726092	378	458	8	7	80	0.0875000
NODE_7747_length_946_cov_39.726092	431	511	6	2	80	0.0250000
NODE_7747_length_946_cov_39.726092	431	511	7	22	80	0.2750000
NODE_7747_length_946_cov_39.726092	431	511	8	51	80	0.6375000
NODE_7747_length_946_cov_39.726092	431	511	9	5	80	0.0625000
NODE_7747_length_946_cov_39.726092	507	587	5	17	80	0.2125000
NODE_7747_length_946_cov_39.726092	507	587	6	25	80	0.3125000
NODE_7747_length_946_cov_39.726092	507	587	7	10	80	0.1250000
NODE_7747_length_946_cov_39.726092	507	587	8	12	80	0.1500000
NODE_7747_length_946_cov_39.726092	507	587	11	4	80	0.0500000
NODE_7747_length_946_cov_39.726092	507	587	12	12	80	0.1500000
NODE_7747_length_946_cov_39.726092	560	640	8	11	80	0.1375000
NODE_7747_length_946_cov_39.726092	560	640	9	21	80	0.2625000
NODE_7747_length_946_cov_39.726092	560	640	10	18	80	0.2250000
NODE_7747_length_946_cov_39.726092	560	640	11	18	80	0.2250000
NODE_7747_length_946_cov_39.726092	560	640	12	12	80	0.1500000
NODE_7748_length_946_cov_32.728453	404	484	4	1	80	0.0125000
NODE_7748_length_946_cov_32.728453	404	484	5	58	80	0.7250000
NODE_7748_length_946_cov_32.728453	404	484	6	21	80	0.2625000
NODE_7748_length_946_cov_32.728453	457	537	1	5	80	0.0625000
NODE_7748_length_946_cov_32.728453	457	537	2	17	80	0.2125000
NODE_7748_length_946_cov_32.728453	457	537	3	2	80	0.0250000
NODE_7748_length_946_cov_32.728453	457	537	5	56	80	0.7000000
NODE_7749_length_946_cov_27.548996	280	360	4	9	80	0.1125000
NODE_7749_length_946_cov_27.548996	280	360	5	38	80	0.4750000
NODE_7749_length_946_cov_27.548996	280	360	6	19	80	0.2375000
NODE_7749_length_946_cov_27.548996	280	360	7	14	80	0.1750000
NODE_7749_length_946_cov_27.548996	333	413	3	2	80	0.0250000
NODE_7749_length_946_cov_27.548996	333	413	4	56	80	0.7000000
NODE_7749_length_946_cov_27.548996	333	413	6	18	80	0.2250000
NODE_7749_length_946_cov_27.548996	333	413	7	4	80	0.0500000
NODE_7750_length_946_cov_24.622196	352	432	1	10	80	0.1250000
NODE_7750_length_946_cov_24.622196	352	432	3	14	80	0.1750000
NODE_7750_length_946_cov_24.622196	352	432	4	31	80	0.3875000
NODE_7750_length_946_cov_24.622196	352	432	6	2	80	0.0250000
NODE_7750_length_946_cov_24.622196	352	432	7	1	80	0.0125000
NODE_7750_length_946_cov_24.622196	352	432	9	12	80	0.1500000
NODE_7750_length_946_cov_24.622196	352	432	10	10	80	0.1250000
NODE_7750_length_946_cov_24.622196	405	486	4	2	81	0.0246914
NODE_7750_length_946_cov_24.622196	405	486	6	2	81	0.0246914
NODE_7750_length_946_cov_24.622196	405	486	7	1	81	0.0123457
NODE_7750_length_946_cov_24.622196	405	486	8	16	81	0.1975309
NODE_7750_length_946_cov_24.622196	405	486	9	12	81	0.1481481
NODE_7750_length_946_cov_24.622196	405	486	10	48	81	0.5925926
NODE_7751_length_946_cov_18.082645	492	572	5	3	80	0.0375000
NODE_7751_length_946_cov_18.082645	492	572	6	49	80	0.6125000
NODE_7751_length_946_cov_18.082645	492	572	7	15	80	0.1875000
NODE_7751_length_946_cov_18.082645	492	572	8	13	80	0.1625000
NODE_7751_length_946_cov_18.082645	545	625	5	3	80	0.0375000
NODE_7751_length_946_cov_18.082645	545	625	6	8	80	0.1000000
NODE_7751_length_946_cov_18.082645	545	625	7	3	80	0.0375000
NODE_7751_length_946_cov_18.082645	545	625	8	49	80	0.6125000
NODE_7751_length_946_cov_18.082645	545	625	9	1	80	0.0125000
NODE_7751_length_946_cov_18.082645	545	625	10	16	80	0.2000000
NODE_7752_length_946_cov_18.031877	433	513	1	54	80	0.6750000
NODE_7752_length_946_cov_18.031877	433	513	2	26	80	0.3250000
NODE_7752_length_946_cov_18.031877	486	566	1	80	80	1.0000000
NODE_7753_length_946_cov_15.188902	472	552	3	11	80	0.1375000
NODE_7753_length_946_cov_15.188902	472	552	5	69	80	0.8625000
NODE_7753_length_946_cov_15.188902	525	605	2	11	80	0.1375000
NODE_7753_length_946_cov_15.188902	525	605	3	9	80	0.1125000
NODE_7753_length_946_cov_15.188902	525	605	4	1	80	0.0125000
NODE_7753_length_946_cov_15.188902	525	605	5	59	80	0.7375000
NODE_7754_length_946_cov_11.201889	408	488	4	80	80	1.0000000
NODE_7754_length_946_cov_11.201889	461	541	1	8	80	0.1000000
NODE_7754_length_946_cov_11.201889	461	541	3	13	80	0.1625000
NODE_7754_length_946_cov_11.201889	461	541	4	59	80	0.7375000
NODE_7768_length_945_cov_42.997636	361	441	2	41	80	0.5125000
NODE_7768_length_945_cov_42.997636	361	441	3	4	80	0.0500000
NODE_7768_length_945_cov_42.997636	361	441	5	35	80	0.4375000
NODE_7768_length_945_cov_42.997636	414	494	2	43	80	0.5375000
NODE_7768_length_945_cov_42.997636	414	494	3	10	80	0.1250000
NODE_7768_length_945_cov_42.997636	414	494	4	27	80	0.3375000
NODE_7769_length_945_cov_31.223404	357	437	3	45	80	0.5625000
NODE_7769_length_945_cov_31.223404	357	437	4	35	80	0.4375000
NODE_7769_length_945_cov_31.223404	410	490	1	16	80	0.2000000
NODE_7769_length_945_cov_31.223404	410	490	3	16	80	0.2000000
NODE_7769_length_945_cov_31.223404	410	490	4	48	80	0.6000000
NODE_7770_length_945_cov_26.348700	331	411	6	2	80	0.0250000
NODE_7770_length_945_cov_26.348700	331	411	7	5	80	0.0625000
NODE_7770_length_945_cov_26.348700	331	411	8	38	80	0.4750000
NODE_7770_length_945_cov_26.348700	331	411	9	28	80	0.3500000
NODE_7770_length_945_cov_26.348700	331	411	10	7	80	0.0875000
NODE_7770_length_945_cov_26.348700	384	464	7	3	80	0.0375000
NODE_7770_length_945_cov_26.348700	384	464	8	64	80	0.8000000
NODE_7770_length_945_cov_26.348700	384	464	9	7	80	0.0875000
NODE_7770_length_945_cov_26.348700	384	464	10	6	80	0.0750000
NODE_7771_length_945_cov_20.349882	435	515	3	34	80	0.4250000
NODE_7771_length_945_cov_20.349882	435	515	4	46	80	0.5750000
NODE_7771_length_945_cov_20.349882	488	568	2	34	80	0.4250000
NODE_7771_length_945_cov_20.349882	488	568	3	46	80	0.5750000
NODE_7772_length_945_cov_14.771868	386	466	2	7	80	0.0875000
NODE_7772_length_945_cov_14.771868	386	466	3	28	80	0.3500000
NODE_7772_length_945_cov_14.771868	386	466	4	45	80	0.5625000
NODE_7772_length_945_cov_14.771868	439	519	0	46	80	0.5750000
NODE_7772_length_945_cov_14.771868	439	519	2	14	80	0.1750000
NODE_7772_length_945_cov_14.771868	439	519	3	20	80	0.2500000
NODE_7773_length_945_cov_10.158392	599	679	4	2	80	0.0250000
NODE_7773_length_945_cov_10.158392	599	679	5	9	80	0.1125000
NODE_7773_length_945_cov_10.158392	599	679	6	27	80	0.3375000
NODE_7773_length_945_cov_10.158392	599	679	7	16	80	0.2000000
NODE_7773_length_945_cov_10.158392	599	679	8	25	80	0.3125000
NODE_7773_length_945_cov_10.158392	599	679	9	1	80	0.0125000
NODE_7773_length_945_cov_10.158392	652	732	5	9	80	0.1125000
NODE_7773_length_945_cov_10.158392	652	732	7	40	80	0.5000000
NODE_7773_length_945_cov_10.158392	652	732	8	30	80	0.3750000
NODE_7773_length_945_cov_10.158392	652	732	9	1	80	0.0125000
NODE_7775_length_945_cov_5.403073	357	437	0	80	80	1.0000000
NODE_7775_length_945_cov_5.403073	410	490	0	80	80	1.0000000
NODE_7785_length_944_cov_42.401183	358	438	5	22	80	0.2750000
NODE_7785_length_944_cov_42.401183	358	438	7	7	80	0.0875000
NODE_7785_length_944_cov_42.401183	358	438	8	21	80	0.2625000
NODE_7785_length_944_cov_42.401183	358	438	9	11	80	0.1375000
NODE_7785_length_944_cov_42.401183	358	438	10	19	80	0.2375000
NODE_7785_length_944_cov_42.401183	411	498	7	13	87	0.1494253
NODE_7785_length_944_cov_42.401183	411	498	8	27	87	0.3103448
NODE_7785_length_944_cov_42.401183	411	498	9	20	87	0.2298851
NODE_7785_length_944_cov_42.401183	411	498	10	22	87	0.2528736
NODE_7785_length_944_cov_42.401183	411	498	11	5	87	0.0574713
NODE_7786_length_944_cov_32.712426	377	457	9	12	80	0.1500000
NODE_7786_length_944_cov_32.712426	377	457	10	22	80	0.2750000
NODE_7786_length_944_cov_32.712426	377	457	11	33	80	0.4125000
NODE_7786_length_944_cov_32.712426	377	457	12	13	80	0.1625000
NODE_7786_length_944_cov_32.712426	430	510	9	34	80	0.4250000
NODE_7786_length_944_cov_32.712426	430	510	10	23	80	0.2875000
NODE_7786_length_944_cov_32.712426	430	510	11	23	80	0.2875000
NODE_7787_length_944_cov_27.839053	417	497	13	2	80	0.0250000
NODE_7787_length_944_cov_27.839053	417	497	15	26	80	0.3250000
NODE_7787_length_944_cov_27.839053	417	497	16	3	80	0.0375000
NODE_7787_length_944_cov_27.839053	417	497	17	13	80	0.1625000
NODE_7787_length_944_cov_27.839053	417	497	18	6	80	0.0750000
NODE_7787_length_944_cov_27.839053	417	497	19	18	80	0.2250000
NODE_7787_length_944_cov_27.839053	417	497	20	12	80	0.1500000
NODE_7787_length_944_cov_27.839053	470	550	12	5	80	0.0625000
NODE_7787_length_944_cov_27.839053	470	550	14	3	80	0.0375000
NODE_7787_length_944_cov_27.839053	470	550	15	4	80	0.0500000
NODE_7787_length_944_cov_27.839053	470	550	16	13	80	0.1625000
NODE_7787_length_944_cov_27.839053	470	550	17	23	80	0.2875000
NODE_7787_length_944_cov_27.839053	470	550	18	7	80	0.0875000
NODE_7787_length_944_cov_27.839053	470	550	19	18	80	0.2250000
NODE_7787_length_944_cov_27.839053	470	550	20	7	80	0.0875000
NODE_7788_length_944_cov_24.702959	413	493	0	80	80	1.0000000
NODE_7788_length_944_cov_24.702959	466	546	0	80	80	1.0000000
NODE_7789_length_944_cov_11.951479	347	427	0	8	80	0.1000000
NODE_7789_length_944_cov_11.951479	347	427	2	72	80	0.9000000
NODE_7789_length_944_cov_11.951479	400	480	2	80	80	1.0000000
NODE_7789_length_944_cov_11.951479	476	556	0	16	80	0.2000000
NODE_7789_length_944_cov_11.951479	476	556	1	53	80	0.6625000
NODE_7789_length_944_cov_11.951479	476	556	2	11	80	0.1375000
NODE_7789_length_944_cov_11.951479	529	609	1	80	80	1.0000000
NODE_7790_length_944_cov_6.745562	366	446	0	16	80	0.2000000
NODE_7790_length_944_cov_6.745562	366	446	2	64	80	0.8000000
NODE_7790_length_944_cov_6.745562	419	499	2	80	80	1.0000000
NODE_7792_length_944_cov_4.420118	236	316	0	80	80	1.0000000
NODE_7792_length_944_cov_4.420118	289	369	0	80	80	1.0000000
NODE_7800_length_943_cov_40.111374	536	614	5	1	78	0.0128205
NODE_7800_length_943_cov_40.111374	536	614	7	22	78	0.2820513
NODE_7800_length_943_cov_40.111374	536	614	8	16	78	0.2051282
NODE_7800_length_943_cov_40.111374	536	614	9	14	78	0.1794872
NODE_7800_length_943_cov_40.111374	536	614	10	3	78	0.0384615
NODE_7800_length_943_cov_40.111374	536	614	11	13	78	0.1666667
NODE_7800_length_943_cov_40.111374	536	614	12	6	78	0.0769231
NODE_7800_length_943_cov_40.111374	536	614	13	2	78	0.0256410
NODE_7800_length_943_cov_40.111374	536	614	14	1	78	0.0128205
NODE_7800_length_943_cov_40.111374	587	667	5	27	80	0.3375000
NODE_7800_length_943_cov_40.111374	587	667	7	4	80	0.0500000
NODE_7800_length_943_cov_40.111374	587	667	8	8	80	0.1000000
NODE_7800_length_943_cov_40.111374	587	667	9	41	80	0.5125000
NODE_7801_length_943_cov_29.446682	338	418	1	59	80	0.7375000
NODE_7801_length_943_cov_29.446682	338	418	2	21	80	0.2625000
NODE_7801_length_943_cov_29.446682	391	471	1	15	80	0.1875000
NODE_7801_length_943_cov_29.446682	391	471	2	65	80	0.8125000
NODE_7802_length_943_cov_28.289100	393	473	8	33	80	0.4125000
NODE_7802_length_943_cov_28.289100	393	473	9	38	80	0.4750000
NODE_7802_length_943_cov_28.289100	393	473	11	9	80	0.1125000
NODE_7802_length_943_cov_28.289100	446	526	5	9	80	0.1125000
NODE_7802_length_943_cov_28.289100	446	526	6	6	80	0.0750000
NODE_7802_length_943_cov_28.289100	446	526	7	4	80	0.0500000
NODE_7802_length_943_cov_28.289100	446	526	8	10	80	0.1250000
NODE_7802_length_943_cov_28.289100	446	526	9	42	80	0.5250000
NODE_7802_length_943_cov_28.289100	446	526	11	9	80	0.1125000
NODE_7803_length_943_cov_27.225118	343	423	1	41	80	0.5125000
NODE_7803_length_943_cov_27.225118	343	423	2	39	80	0.4875000
NODE_7803_length_943_cov_27.225118	396	476	1	36	80	0.4500000
NODE_7803_length_943_cov_27.225118	396	476	2	44	80	0.5500000
NODE_7804_length_943_cov_26.536730	275	303	4	28	28	1.0000000
NODE_7804_length_943_cov_26.536730	299	379	4	25	80	0.3125000
NODE_7804_length_943_cov_26.536730	299	379	6	8	80	0.1000000
NODE_7804_length_943_cov_26.536730	299	379	8	47	80	0.5875000
NODE_7804_length_943_cov_26.536730	352	432	4	4	80	0.0500000
NODE_7804_length_943_cov_26.536730	352	432	6	25	80	0.3125000
NODE_7804_length_943_cov_26.536730	352	432	8	51	80	0.6375000
NODE_7805_length_943_cov_24.992891	374	454	4	2	80	0.0250000
NODE_7805_length_943_cov_24.992891	374	454	5	5	80	0.0625000
NODE_7805_length_943_cov_24.992891	374	454	6	2	80	0.0250000
NODE_7805_length_943_cov_24.992891	374	454	8	1	80	0.0125000
NODE_7805_length_943_cov_24.992891	374	454	9	7	80	0.0875000
NODE_7805_length_943_cov_24.992891	374	454	10	31	80	0.3875000
NODE_7805_length_943_cov_24.992891	374	454	11	2	80	0.0250000
NODE_7805_length_943_cov_24.992891	374	454	13	16	80	0.2000000
NODE_7805_length_943_cov_24.992891	374	454	14	14	80	0.1750000
NODE_7805_length_943_cov_24.992891	427	507	11	2	80	0.0250000
NODE_7805_length_943_cov_24.992891	427	507	12	18	80	0.2250000
NODE_7805_length_943_cov_24.992891	427	507	13	41	80	0.5125000
NODE_7805_length_943_cov_24.992891	427	507	14	14	80	0.1750000
NODE_7805_length_943_cov_24.992891	427	507	15	3	80	0.0375000
NODE_7805_length_943_cov_24.992891	427	507	17	2	80	0.0250000
NODE_7805_length_943_cov_24.992891	503	583	12	6	80	0.0750000
NODE_7805_length_943_cov_24.992891	503	583	13	23	80	0.2875000
NODE_7805_length_943_cov_24.992891	503	583	14	17	80	0.2125000
NODE_7805_length_943_cov_24.992891	503	583	15	20	80	0.2500000
NODE_7805_length_943_cov_24.992891	503	583	16	4	80	0.0500000
NODE_7805_length_943_cov_24.992891	503	583	17	10	80	0.1250000
NODE_7805_length_943_cov_24.992891	556	636	11	3	80	0.0375000
NODE_7805_length_943_cov_24.992891	556	636	12	8	80	0.1000000
NODE_7805_length_943_cov_24.992891	556	636	13	14	80	0.1750000
NODE_7805_length_943_cov_24.992891	556	636	14	37	80	0.4625000
NODE_7805_length_943_cov_24.992891	556	636	15	6	80	0.0750000
NODE_7805_length_943_cov_24.992891	556	636	16	4	80	0.0500000
NODE_7805_length_943_cov_24.992891	556	636	17	8	80	0.1000000
NODE_7806_length_943_cov_24.758294	403	483	2	23	80	0.2875000
NODE_7806_length_943_cov_24.758294	403	483	3	57	80	0.7125000
NODE_7806_length_943_cov_24.758294	456	536	1	20	80	0.2500000
NODE_7806_length_943_cov_24.758294	456	536	2	29	80	0.3625000
NODE_7806_length_943_cov_24.758294	456	536	3	31	80	0.3875000
NODE_7807_length_943_cov_22.316351	432	512	4	39	80	0.4875000
NODE_7807_length_943_cov_22.316351	432	512	6	41	80	0.5125000
NODE_7807_length_943_cov_22.316351	485	565	2	6	80	0.0750000
NODE_7807_length_943_cov_22.316351	485	565	4	48	80	0.6000000
NODE_7807_length_943_cov_22.316351	485	565	6	26	80	0.3250000
NODE_7808_length_943_cov_22.149289	393	473	11	15	80	0.1875000
NODE_7808_length_943_cov_22.149289	393	473	12	49	80	0.6125000
NODE_7808_length_943_cov_22.149289	393	473	13	14	80	0.1750000
NODE_7808_length_943_cov_22.149289	393	473	14	2	80	0.0250000
NODE_7808_length_943_cov_22.149289	446	526	8	16	80	0.2000000
NODE_7808_length_943_cov_22.149289	446	526	9	15	80	0.1875000
NODE_7808_length_943_cov_22.149289	446	526	11	18	80	0.2250000
NODE_7808_length_943_cov_22.149289	446	526	12	17	80	0.2125000
NODE_7808_length_943_cov_22.149289	446	526	13	14	80	0.1750000
NODE_7809_length_943_cov_20.055687	412	492	0	40	80	0.5000000
NODE_7809_length_943_cov_20.055687	412	492	1	26	80	0.3250000
NODE_7809_length_943_cov_20.055687	412	492	3	11	80	0.1375000
NODE_7809_length_943_cov_20.055687	412	492	4	3	80	0.0375000
NODE_7809_length_943_cov_20.055687	465	545	1	13	80	0.1625000
NODE_7809_length_943_cov_20.055687	465	545	3	11	80	0.1375000
NODE_7809_length_943_cov_20.055687	465	545	4	56	80	0.7000000
NODE_7810_length_943_cov_16.022512	338	418	0	32	80	0.4000000
NODE_7810_length_943_cov_16.022512	338	418	1	44	80	0.5500000
NODE_7810_length_943_cov_16.022512	338	418	2	4	80	0.0500000
NODE_7810_length_943_cov_16.022512	391	471	1	23	80	0.2875000
NODE_7810_length_943_cov_16.022512	391	471	2	57	80	0.7125000
NODE_7811_length_943_cov_10.939573	474	554	8	10	80	0.1250000
NODE_7811_length_943_cov_10.939573	474	554	12	1	80	0.0125000
NODE_7811_length_943_cov_10.939573	474	554	13	5	80	0.0625000
NODE_7811_length_943_cov_10.939573	474	554	14	28	80	0.3500000
NODE_7811_length_943_cov_10.939573	474	554	16	8	80	0.1000000
NODE_7811_length_943_cov_10.939573	474	554	17	7	80	0.0875000
NODE_7811_length_943_cov_10.939573	474	554	18	21	80	0.2625000
NODE_7811_length_943_cov_10.939573	527	607	11	9	80	0.1125000
NODE_7811_length_943_cov_10.939573	527	607	12	2	80	0.0250000
NODE_7811_length_943_cov_10.939573	527	607	14	5	80	0.0625000
NODE_7811_length_943_cov_10.939573	527	607	15	24	80	0.3000000
NODE_7811_length_943_cov_10.939573	527	607	16	5	80	0.0625000
NODE_7811_length_943_cov_10.939573	527	607	17	12	80	0.1500000
NODE_7811_length_943_cov_10.939573	527	607	18	23	80	0.2875000
NODE_7812_length_943_cov_9.483412	422	502	3	9	80	0.1125000
NODE_7812_length_943_cov_9.483412	422	502	4	62	80	0.7750000
NODE_7812_length_943_cov_9.483412	422	502	5	9	80	0.1125000
NODE_7812_length_943_cov_9.483412	475	555	2	7	80	0.0875000
NODE_7812_length_943_cov_9.483412	475	555	3	38	80	0.4750000
NODE_7812_length_943_cov_9.483412	475	555	4	35	80	0.4375000
NODE_7830_length_942_cov_58.088968	384	464	12	21	80	0.2625000
NODE_7830_length_942_cov_58.088968	384	464	13	16	80	0.2000000
NODE_7830_length_942_cov_58.088968	384	464	14	3	80	0.0375000
NODE_7830_length_942_cov_58.088968	384	464	15	40	80	0.5000000
NODE_7830_length_942_cov_58.088968	437	517	4	36	80	0.4500000
NODE_7830_length_942_cov_58.088968	437	517	6	2	80	0.0250000
NODE_7830_length_942_cov_58.088968	437	517	7	4	80	0.0500000
NODE_7830_length_942_cov_58.088968	437	517	9	2	80	0.0250000
NODE_7830_length_942_cov_58.088968	437	517	11	7	80	0.0875000
NODE_7830_length_942_cov_58.088968	437	517	13	10	80	0.1250000
NODE_7830_length_942_cov_58.088968	437	517	14	3	80	0.0375000
NODE_7830_length_942_cov_58.088968	437	517	15	16	80	0.2000000
NODE_7832_length_942_cov_27.466192	360	440	2	68	80	0.8500000
NODE_7832_length_942_cov_27.466192	360	440	3	12	80	0.1500000
NODE_7832_length_942_cov_27.466192	413	493	2	15	80	0.1875000
NODE_7832_length_942_cov_27.466192	413	493	3	65	80	0.8125000
NODE_7833_length_942_cov_26.914591	346	426	0	33	80	0.4125000
NODE_7833_length_942_cov_26.914591	346	426	1	39	80	0.4875000
NODE_7833_length_942_cov_26.914591	346	426	3	8	80	0.1000000
NODE_7833_length_942_cov_26.914591	399	479	1	19	80	0.2375000
NODE_7833_length_942_cov_26.914591	399	479	3	28	80	0.3500000
NODE_7833_length_942_cov_26.914591	399	479	4	21	80	0.2625000
NODE_7833_length_942_cov_26.914591	399	479	5	12	80	0.1500000
NODE_7834_length_942_cov_17.911032	390	470	2	60	80	0.7500000
NODE_7834_length_942_cov_17.911032	390	470	3	20	80	0.2500000
NODE_7834_length_942_cov_17.911032	443	523	2	55	80	0.6875000
NODE_7834_length_942_cov_17.911032	443	523	3	25	80	0.3125000
NODE_7835_length_942_cov_14.695136	442	522	0	80	80	1.0000000
NODE_7835_length_942_cov_14.695136	495	575	0	80	80	1.0000000
NODE_7836_length_942_cov_14.097272	547	627	1	80	80	1.0000000
NODE_7836_length_942_cov_14.097272	600	680	0	13	80	0.1625000
NODE_7836_length_942_cov_14.097272	600	680	1	67	80	0.8375000
NODE_7837_length_942_cov_13.174377	322	402	6	27	80	0.3375000
NODE_7837_length_942_cov_13.174377	322	402	7	53	80	0.6625000
NODE_7837_length_942_cov_13.174377	375	455	2	24	80	0.3000000
NODE_7837_length_942_cov_13.174377	375	455	3	10	80	0.1250000
NODE_7837_length_942_cov_13.174377	375	455	5	15	80	0.1875000
NODE_7837_length_942_cov_13.174377	375	455	6	2	80	0.0250000
NODE_7837_length_942_cov_13.174377	375	455	7	29	80	0.3625000
NODE_7858_length_941_cov_36.592637	259	339	4	20	80	0.2500000
NODE_7858_length_941_cov_36.592637	259	339	5	37	80	0.4625000
NODE_7858_length_941_cov_36.592637	259	339	6	10	80	0.1250000
NODE_7858_length_941_cov_36.592637	259	339	7	13	80	0.1625000
NODE_7858_length_941_cov_36.592637	312	392	5	9	80	0.1125000
NODE_7858_length_941_cov_36.592637	312	392	6	14	80	0.1750000
NODE_7858_length_941_cov_36.592637	312	392	7	57	80	0.7125000
NODE_7858_length_941_cov_36.592637	388	468	4	13	80	0.1625000
NODE_7858_length_941_cov_36.592637	388	468	5	46	80	0.5750000
NODE_7858_length_941_cov_36.592637	388	468	6	20	80	0.2500000
NODE_7858_length_941_cov_36.592637	388	468	7	1	80	0.0125000
NODE_7858_length_941_cov_36.592637	441	521	4	55	80	0.6875000
NODE_7858_length_941_cov_36.592637	441	521	5	12	80	0.1500000
NODE_7858_length_941_cov_36.592637	441	521	6	12	80	0.1500000
NODE_7858_length_941_cov_36.592637	441	521	7	1	80	0.0125000
NODE_7859_length_941_cov_35.375297	352	432	4	25	80	0.3125000
NODE_7859_length_941_cov_35.375297	352	432	5	32	80	0.4000000
NODE_7859_length_941_cov_35.375297	352	432	6	15	80	0.1875000
NODE_7859_length_941_cov_35.375297	352	432	7	8	80	0.1000000
NODE_7859_length_941_cov_35.375297	405	485	5	15	80	0.1875000
NODE_7859_length_941_cov_35.375297	405	485	6	57	80	0.7125000
NODE_7859_length_941_cov_35.375297	405	485	7	8	80	0.1000000
NODE_7859_length_941_cov_35.375297	481	561	3	7	80	0.0875000
NODE_7859_length_941_cov_35.375297	481	561	4	25	80	0.3125000
NODE_7859_length_941_cov_35.375297	481	561	5	6	80	0.0750000
NODE_7859_length_941_cov_35.375297	481	561	6	42	80	0.5250000
NODE_7859_length_941_cov_35.375297	534	614	0	21	80	0.2625000
NODE_7859_length_941_cov_35.375297	534	614	1	17	80	0.2125000
NODE_7859_length_941_cov_35.375297	534	614	2	13	80	0.1625000
NODE_7859_length_941_cov_35.375297	534	614	3	9	80	0.1125000
NODE_7859_length_941_cov_35.375297	534	614	4	20	80	0.2500000
NODE_7860_length_941_cov_32.222090	407	487	1	11	80	0.1375000
NODE_7860_length_941_cov_32.222090	407	487	2	34	80	0.4250000
NODE_7860_length_941_cov_32.222090	407	487	3	31	80	0.3875000
NODE_7860_length_941_cov_32.222090	407	487	4	4	80	0.0500000
NODE_7860_length_941_cov_32.222090	460	540	3	23	80	0.2875000
NODE_7860_length_941_cov_32.222090	460	540	4	20	80	0.2500000
NODE_7860_length_941_cov_32.222090	460	540	5	37	80	0.4625000
NODE_7861_length_941_cov_28.442993	391	471	2	3	80	0.0375000
NODE_7861_length_941_cov_28.442993	391	471	4	77	80	0.9625000
NODE_7861_length_941_cov_28.442993	444	524	1	11	80	0.1375000
NODE_7861_length_941_cov_28.442993	444	524	2	24	80	0.3000000
NODE_7861_length_941_cov_28.442993	444	524	3	11	80	0.1375000
NODE_7861_length_941_cov_28.442993	444	524	4	34	80	0.4250000
NODE_7862_length_941_cov_20.788599	341	421	0	80	80	1.0000000
NODE_7862_length_941_cov_20.788599	394	474	0	32	80	0.4000000
NODE_7862_length_941_cov_20.788599	394	474	1	48	80	0.6000000
NODE_7863_length_941_cov_18.000000	364	444	3	2	80	0.0250000
NODE_7863_length_941_cov_18.000000	364	444	4	74	80	0.9250000
NODE_7863_length_941_cov_18.000000	364	444	5	4	80	0.0500000
NODE_7863_length_941_cov_18.000000	417	497	2	43	80	0.5375000
NODE_7863_length_941_cov_18.000000	417	497	4	37	80	0.4625000
NODE_7864_length_941_cov_11.020190	325	405	0	80	80	1.0000000
NODE_7864_length_941_cov_11.020190	378	458	0	80	80	1.0000000
NODE_7865_length_941_cov_6.020190	260	287	0	27	27	1.0000000
NODE_7865_length_941_cov_6.020190	260	340	0	73	80	0.9125000
NODE_7865_length_941_cov_6.020190	260	340	2	7	80	0.0875000
NODE_7867_length_941_cov_3.745843	867	941	0	74	74	1.0000000
NODE_7877_length_940_cov_43.954816	243	323	1	80	80	1.0000000
NODE_7877_length_940_cov_43.954816	296	376	0	24	80	0.3000000
NODE_7877_length_940_cov_43.954816	296	376	1	30	80	0.3750000
NODE_7877_length_940_cov_43.954816	296	376	2	26	80	0.3250000
NODE_7877_length_940_cov_43.954816	372	452	2	80	80	1.0000000
NODE_7877_length_940_cov_43.954816	425	505	0	52	80	0.6500000
NODE_7877_length_940_cov_43.954816	425	505	2	28	80	0.3500000
NODE_7878_length_940_cov_27.763377	423	503	2	80	80	1.0000000
NODE_7878_length_940_cov_27.763377	476	556	0	7	80	0.0875000
NODE_7878_length_940_cov_27.763377	476	556	1	6	80	0.0750000
NODE_7878_length_940_cov_27.763377	476	556	2	67	80	0.8375000
NODE_7897_length_939_cov_58.982143	363	443	11	2	80	0.0250000
NODE_7897_length_939_cov_58.982143	363	443	12	2	80	0.0250000
NODE_7897_length_939_cov_58.982143	363	443	13	1	80	0.0125000
NODE_7897_length_939_cov_58.982143	363	443	14	1	80	0.0125000
NODE_7897_length_939_cov_58.982143	363	443	16	16	80	0.2000000
NODE_7897_length_939_cov_58.982143	363	443	17	14	80	0.1750000
NODE_7897_length_939_cov_58.982143	363	443	18	6	80	0.0750000
NODE_7897_length_939_cov_58.982143	363	443	20	13	80	0.1625000
NODE_7897_length_939_cov_58.982143	363	443	21	23	80	0.2875000
NODE_7897_length_939_cov_58.982143	363	443	22	2	80	0.0250000
NODE_7897_length_939_cov_58.982143	416	496	16	1	80	0.0125000
NODE_7897_length_939_cov_58.982143	416	496	17	5	80	0.0625000
NODE_7897_length_939_cov_58.982143	416	496	19	16	80	0.2000000
NODE_7897_length_939_cov_58.982143	416	496	20	5	80	0.0625000
NODE_7897_length_939_cov_58.982143	416	496	21	40	80	0.5000000
NODE_7897_length_939_cov_58.982143	416	496	22	10	80	0.1250000
NODE_7897_length_939_cov_58.982143	416	496	23	3	80	0.0375000
NODE_7898_length_939_cov_32.469048	327	407	2	2	80	0.0250000
NODE_7898_length_939_cov_32.469048	327	407	3	13	80	0.1625000
NODE_7898_length_939_cov_32.469048	327	407	4	21	80	0.2625000
NODE_7898_length_939_cov_32.469048	327	407	5	13	80	0.1625000
NODE_7898_length_939_cov_32.469048	327	407	6	21	80	0.2625000
NODE_7898_length_939_cov_32.469048	327	407	7	10	80	0.1250000
NODE_7898_length_939_cov_32.469048	380	460	5	22	80	0.2750000
NODE_7898_length_939_cov_32.469048	380	460	6	48	80	0.6000000
NODE_7898_length_939_cov_32.469048	380	460	7	10	80	0.1250000
NODE_7899_length_939_cov_31.895238	265	345	4	29	80	0.3625000
NODE_7899_length_939_cov_31.895238	265	345	6	51	80	0.6375000
NODE_7899_length_939_cov_31.895238	318	398	2	15	80	0.1875000
NODE_7899_length_939_cov_31.895238	318	398	4	1	80	0.0125000
NODE_7899_length_939_cov_31.895238	318	398	5	34	80	0.4250000
NODE_7899_length_939_cov_31.895238	318	398	6	30	80	0.3750000
NODE_7900_length_939_cov_25.354762	439	519	6	9	80	0.1125000
NODE_7900_length_939_cov_25.354762	439	519	7	10	80	0.1250000
NODE_7900_length_939_cov_25.354762	439	519	8	6	80	0.0750000
NODE_7900_length_939_cov_25.354762	439	519	9	35	80	0.4375000
NODE_7900_length_939_cov_25.354762	439	519	10	20	80	0.2500000
NODE_7900_length_939_cov_25.354762	492	572	6	38	80	0.4750000
NODE_7900_length_939_cov_25.354762	492	572	7	24	80	0.3000000
NODE_7900_length_939_cov_25.354762	492	572	8	4	80	0.0500000
NODE_7900_length_939_cov_25.354762	492	572	9	13	80	0.1625000
NODE_7900_length_939_cov_25.354762	492	572	10	1	80	0.0125000
NODE_7901_length_939_cov_24.892857	370	450	2	80	80	1.0000000
NODE_7901_length_939_cov_24.892857	423	503	0	23	80	0.2875000
NODE_7901_length_939_cov_24.892857	423	503	2	57	80	0.7125000
NODE_7902_length_939_cov_24.246429	422	502	2	22	80	0.2750000
NODE_7902_length_939_cov_24.246429	422	502	3	44	80	0.5500000
NODE_7902_length_939_cov_24.246429	422	502	4	14	80	0.1750000
NODE_7902_length_939_cov_24.246429	475	555	3	13	80	0.1625000
NODE_7902_length_939_cov_24.246429	475	555	4	36	80	0.4500000
NODE_7902_length_939_cov_24.246429	475	555	5	29	80	0.3625000
NODE_7902_length_939_cov_24.246429	475	555	6	2	80	0.0250000
NODE_7902_length_939_cov_24.246429	551	631	4	1	80	0.0125000
NODE_7902_length_939_cov_24.246429	551	631	5	11	80	0.1375000
NODE_7902_length_939_cov_24.246429	551	631	6	63	80	0.7875000
NODE_7902_length_939_cov_24.246429	551	631	7	5	80	0.0625000
NODE_7902_length_939_cov_24.246429	604	684	5	22	80	0.2750000
NODE_7902_length_939_cov_24.246429	604	684	6	58	80	0.7250000
NODE_7903_length_939_cov_21.141667	368	448	4	39	80	0.4875000
NODE_7903_length_939_cov_21.141667	368	448	5	27	80	0.3375000
NODE_7903_length_939_cov_21.141667	368	448	6	2	80	0.0250000
NODE_7903_length_939_cov_21.141667	368	448	7	12	80	0.1500000
NODE_7903_length_939_cov_21.141667	421	501	4	18	80	0.2250000
NODE_7903_length_939_cov_21.141667	421	501	5	50	80	0.6250000
NODE_7903_length_939_cov_21.141667	421	501	7	12	80	0.1500000
NODE_7904_length_939_cov_16.425000	327	407	3	3	80	0.0375000
NODE_7904_length_939_cov_16.425000	327	407	4	5	80	0.0625000
NODE_7904_length_939_cov_16.425000	327	407	5	72	80	0.9000000
NODE_7904_length_939_cov_16.425000	380	460	3	5	80	0.0625000
NODE_7904_length_939_cov_16.425000	380	460	4	15	80	0.1875000
NODE_7904_length_939_cov_16.425000	380	460	5	60	80	0.7500000
NODE_7905_length_939_cov_13.828571	469	548	0	2	79	0.0253165
NODE_7905_length_939_cov_13.828571	469	548	1	1	79	0.0126582
NODE_7905_length_939_cov_13.828571	469	548	3	17	79	0.2151899
NODE_7905_length_939_cov_13.828571	469	548	4	59	79	0.7468355
NODE_7905_length_939_cov_13.828571	522	603	2	35	81	0.4320988
NODE_7905_length_939_cov_13.828571	522	603	4	46	81	0.5679013
NODE_7906_length_939_cov_13.521429	402	482	1	80	80	1.0000000
NODE_7906_length_939_cov_13.521429	455	535	0	52	80	0.6500000
NODE_7906_length_939_cov_13.521429	455	535	1	28	80	0.3500000
NODE_7907_length_939_cov_12.955952	398	478	3	61	80	0.7625000
NODE_7907_length_939_cov_12.955952	398	478	4	19	80	0.2375000
NODE_7907_length_939_cov_12.955952	451	531	1	6	80	0.0750000
NODE_7907_length_939_cov_12.955952	451	531	2	33	80	0.4125000
NODE_7907_length_939_cov_12.955952	451	531	3	22	80	0.2750000
NODE_7907_length_939_cov_12.955952	451	531	4	19	80	0.2375000
NODE_7908_length_939_cov_6.564286	523	545	0	22	22	1.0000000
NODE_7922_length_938_cov_44.458880	362	442	5	12	80	0.1500000
NODE_7922_length_938_cov_44.458880	362	442	7	8	80	0.1000000
NODE_7922_length_938_cov_44.458880	362	442	8	23	80	0.2875000
NODE_7922_length_938_cov_44.458880	362	442	9	6	80	0.0750000
NODE_7922_length_938_cov_44.458880	362	442	10	23	80	0.2875000
NODE_7922_length_938_cov_44.458880	362	442	11	8	80	0.1000000
NODE_7922_length_938_cov_44.458880	415	495	6	7	80	0.0875000
NODE_7922_length_938_cov_44.458880	415	495	7	4	80	0.0500000
NODE_7922_length_938_cov_44.458880	415	495	8	3	80	0.0375000
NODE_7922_length_938_cov_44.458880	415	495	9	33	80	0.4125000
NODE_7922_length_938_cov_44.458880	415	495	10	25	80	0.3125000
NODE_7922_length_938_cov_44.458880	415	495	11	8	80	0.1000000
NODE_7923_length_938_cov_44.435042	748	815	3	57	67	0.8507463
NODE_7923_length_938_cov_44.435042	748	815	4	3	67	0.0447761
NODE_7923_length_938_cov_44.435042	748	815	5	3	67	0.0447761
NODE_7923_length_938_cov_44.435042	748	815	6	4	67	0.0597015
NODE_7924_length_938_cov_32.177592	466	546	5	15	80	0.1875000
NODE_7924_length_938_cov_32.177592	466	546	6	28	80	0.3500000
NODE_7924_length_938_cov_32.177592	466	546	8	37	80	0.4625000
NODE_7924_length_938_cov_32.177592	519	599	5	30	80	0.3750000
NODE_7924_length_938_cov_32.177592	519	599	6	17	80	0.2125000
NODE_7924_length_938_cov_32.177592	519	599	8	33	80	0.4125000
NODE_7925_length_938_cov_21.139452	474	554	2	22	80	0.2750000
NODE_7925_length_938_cov_21.139452	474	554	4	27	80	0.3375000
NODE_7925_length_938_cov_21.139452	474	554	5	11	80	0.1375000
NODE_7925_length_938_cov_21.139452	474	554	6	20	80	0.2500000
NODE_7925_length_938_cov_21.139452	527	607	5	7	80	0.0875000
NODE_7925_length_938_cov_21.139452	527	607	6	33	80	0.4125000
NODE_7925_length_938_cov_21.139452	527	607	7	13	80	0.1625000
NODE_7925_length_938_cov_21.139452	527	607	8	9	80	0.1125000
NODE_7925_length_938_cov_21.139452	527	607	9	17	80	0.2125000
NODE_7925_length_938_cov_21.139452	527	607	10	1	80	0.0125000
NODE_7927_length_938_cov_8.791418	300	380	0	80	80	1.0000000
NODE_7927_length_938_cov_8.791418	353	433	0	64	80	0.8000000
NODE_7927_length_938_cov_8.791418	353	433	1	16	80	0.2000000
NODE_7932_length_938_cov_2.693683	59	139	2	4	80	0.0500000
NODE_7932_length_938_cov_2.693683	59	139	4	9	80	0.1125000
NODE_7932_length_938_cov_2.693683	59	139	5	7	80	0.0875000
NODE_7932_length_938_cov_2.693683	59	139	6	60	80	0.7500000
NODE_7932_length_938_cov_2.693683	112	192	0	12	80	0.1500000
NODE_7932_length_938_cov_2.693683	112	192	2	17	80	0.2125000
NODE_7932_length_938_cov_2.693683	112	192	4	29	80	0.3625000
NODE_7932_length_938_cov_2.693683	112	192	6	22	80	0.2750000
NODE_7946_length_937_cov_31.890215	407	487	6	34	80	0.4250000
NODE_7946_length_937_cov_31.890215	407	487	7	6	80	0.0750000
NODE_7946_length_937_cov_31.890215	407	487	8	5	80	0.0625000
NODE_7946_length_937_cov_31.890215	407	487	10	10	80	0.1250000
NODE_7946_length_937_cov_31.890215	407	487	11	8	80	0.1000000
NODE_7946_length_937_cov_31.890215	407	487	13	17	80	0.2125000
NODE_7946_length_937_cov_31.890215	460	536	10	2	76	0.0263158
NODE_7946_length_937_cov_31.890215	460	536	11	13	76	0.1710526
NODE_7946_length_937_cov_31.890215	460	536	13	40	76	0.5263158
NODE_7946_length_937_cov_31.890215	460	536	14	19	76	0.2500000
NODE_7946_length_937_cov_31.890215	460	536	15	2	76	0.0263158
NODE_7947_length_937_cov_31.198091	425	505	4	26	80	0.3250000
NODE_7947_length_937_cov_31.198091	425	505	5	9	80	0.1125000
NODE_7947_length_937_cov_31.198091	425	505	6	18	80	0.2250000
NODE_7947_length_937_cov_31.198091	425	505	7	7	80	0.0875000
NODE_7947_length_937_cov_31.198091	425	505	8	20	80	0.2500000
NODE_7947_length_937_cov_31.198091	478	558	6	39	80	0.4875000
NODE_7947_length_937_cov_31.198091	478	558	7	18	80	0.2250000
NODE_7947_length_937_cov_31.198091	478	558	8	23	80	0.2875000
NODE_7948_length_937_cov_29.742243	296	376	0	80	80	1.0000000
NODE_7948_length_937_cov_29.742243	349	429	0	28	80	0.3500000
NODE_7948_length_937_cov_29.742243	349	429	2	47	80	0.5875000
NODE_7948_length_937_cov_29.742243	349	429	4	5	80	0.0625000
NODE_7948_length_937_cov_29.742243	425	505	4	80	80	1.0000000
NODE_7948_length_937_cov_29.742243	478	558	0	14	80	0.1750000
NODE_7948_length_937_cov_29.742243	478	558	2	25	80	0.3125000
NODE_7948_length_937_cov_29.742243	478	558	4	41	80	0.5125000
NODE_7950_length_937_cov_26.153938	487	567	0	76	80	0.9500000
NODE_7950_length_937_cov_26.153938	487	567	1	4	80	0.0500000
NODE_7950_length_937_cov_26.153938	540	620	0	41	80	0.5125000
NODE_7950_length_937_cov_26.153938	540	620	1	39	80	0.4875000
NODE_7951_length_937_cov_20.898568	515	595	6	46	80	0.5750000
NODE_7951_length_937_cov_20.898568	515	595	7	14	80	0.1750000
NODE_7951_length_937_cov_20.898568	515	595	8	20	80	0.2500000
NODE_7951_length_937_cov_20.898568	568	648	5	17	80	0.2125000
NODE_7951_length_937_cov_20.898568	568	648	6	48	80	0.6000000
NODE_7951_length_937_cov_20.898568	568	648	7	7	80	0.0875000
NODE_7951_length_937_cov_20.898568	568	648	8	8	80	0.1000000
NODE_7952_length_937_cov_20.502387	181	261	8	17	80	0.2125000
NODE_7952_length_937_cov_20.502387	181	261	9	50	80	0.6250000
NODE_7952_length_937_cov_20.502387	181	261	10	13	80	0.1625000
NODE_7952_length_937_cov_20.502387	234	314	2	15	80	0.1875000
NODE_7952_length_937_cov_20.502387	234	314	4	4	80	0.0500000
NODE_7952_length_937_cov_20.502387	234	314	5	2	80	0.0250000
NODE_7952_length_937_cov_20.502387	234	314	7	3	80	0.0375000
NODE_7952_length_937_cov_20.502387	234	314	8	35	80	0.4375000
NODE_7952_length_937_cov_20.502387	234	314	9	21	80	0.2625000
NODE_7952_length_937_cov_20.502387	310	390	0	30	80	0.3750000
NODE_7952_length_937_cov_20.502387	310	390	1	18	80	0.2250000
NODE_7952_length_937_cov_20.502387	310	390	2	32	80	0.4000000
NODE_7952_length_937_cov_20.502387	363	443	0	36	80	0.4500000
NODE_7952_length_937_cov_20.502387	363	443	1	44	80	0.5500000
NODE_7953_length_937_cov_15.219570	526	606	8	16	80	0.2000000
NODE_7953_length_937_cov_15.219570	526	606	10	21	80	0.2625000
NODE_7953_length_937_cov_15.219570	526	606	11	34	80	0.4250000
NODE_7953_length_937_cov_15.219570	526	606	12	9	80	0.1125000
NODE_7953_length_937_cov_15.219570	579	659	4	2	80	0.0250000
NODE_7953_length_937_cov_15.219570	579	659	6	3	80	0.0375000
NODE_7953_length_937_cov_15.219570	579	659	7	11	80	0.1375000
NODE_7953_length_937_cov_15.219570	579	659	8	14	80	0.1750000
NODE_7953_length_937_cov_15.219570	579	659	9	8	80	0.1000000
NODE_7953_length_937_cov_15.219570	579	659	11	33	80	0.4125000
NODE_7953_length_937_cov_15.219570	579	659	12	9	80	0.1125000
NODE_7954_length_937_cov_9.633652	521	601	3	80	80	1.0000000
NODE_7954_length_937_cov_9.633652	574	654	1	36	80	0.4500000
NODE_7954_length_937_cov_9.633652	574	654	3	44	80	0.5500000
NODE_7956_length_937_cov_6.630072	305	385	4	41	80	0.5125000
NODE_7956_length_937_cov_6.630072	305	385	5	4	80	0.0500000
NODE_7956_length_937_cov_6.630072	305	385	6	13	80	0.1625000
NODE_7956_length_937_cov_6.630072	305	385	7	19	80	0.2375000
NODE_7956_length_937_cov_6.630072	305	385	8	3	80	0.0375000
NODE_7956_length_937_cov_6.630072	358	438	4	2	80	0.0250000
NODE_7956_length_937_cov_6.630072	358	438	6	14	80	0.1750000
NODE_7956_length_937_cov_6.630072	358	438	7	50	80	0.6250000
NODE_7956_length_937_cov_6.630072	358	438	8	14	80	0.1750000
NODE_7957_length_937_cov_4.649165	470	550	0	2	80	0.0250000
NODE_7957_length_937_cov_4.649165	470	550	1	20	80	0.2500000
NODE_7957_length_937_cov_4.649165	470	550	3	58	80	0.7250000
NODE_7957_length_937_cov_4.649165	523	603	3	60	80	0.7500000
NODE_7957_length_937_cov_4.649165	523	603	4	20	80	0.2500000
NODE_7969_length_936_cov_57.105137	267	347	5	43	80	0.5375000
NODE_7969_length_936_cov_57.105137	267	347	6	12	80	0.1500000
NODE_7969_length_936_cov_57.105137	267	347	7	10	80	0.1250000
NODE_7969_length_936_cov_57.105137	267	347	8	6	80	0.0750000
NODE_7969_length_936_cov_57.105137	267	347	9	9	80	0.1125000
NODE_7969_length_936_cov_57.105137	320	400	6	2	80	0.0250000
NODE_7969_length_936_cov_57.105137	320	400	7	10	80	0.1250000
NODE_7969_length_936_cov_57.105137	320	400	8	6	80	0.0750000
NODE_7969_length_936_cov_57.105137	320	400	9	23	80	0.2875000
NODE_7969_length_936_cov_57.105137	320	400	10	3	80	0.0375000
NODE_7969_length_936_cov_57.105137	320	400	11	12	80	0.1500000
NODE_7969_length_936_cov_57.105137	320	400	12	24	80	0.3000000
NODE_7969_length_936_cov_57.105137	396	476	7	1	80	0.0125000
NODE_7969_length_936_cov_57.105137	396	476	8	3	80	0.0375000
NODE_7969_length_936_cov_57.105137	396	476	9	10	80	0.1250000
NODE_7969_length_936_cov_57.105137	396	476	11	12	80	0.1500000
NODE_7969_length_936_cov_57.105137	396	476	12	46	80	0.5750000
NODE_7969_length_936_cov_57.105137	396	476	13	8	80	0.1000000
NODE_7969_length_936_cov_57.105137	449	529	2	18	80	0.2250000
NODE_7969_length_936_cov_57.105137	449	529	3	21	80	0.2625000
NODE_7969_length_936_cov_57.105137	449	529	5	2	80	0.0250000
NODE_7969_length_936_cov_57.105137	449	529	6	6	80	0.0750000
NODE_7969_length_936_cov_57.105137	449	529	7	7	80	0.0875000
NODE_7969_length_936_cov_57.105137	449	529	8	3	80	0.0375000
NODE_7969_length_936_cov_57.105137	449	529	9	10	80	0.1250000
NODE_7969_length_936_cov_57.105137	449	529	11	10	80	0.1250000
NODE_7969_length_936_cov_57.105137	449	529	12	3	80	0.0375000
NODE_7970_length_936_cov_39.983274	433	513	5	19	80	0.2375000
NODE_7970_length_936_cov_39.983274	433	513	6	17	80	0.2125000
NODE_7970_length_936_cov_39.983274	433	513	7	44	80	0.5500000
NODE_7970_length_936_cov_39.983274	486	566	4	41	80	0.5125000
NODE_7970_length_936_cov_39.983274	486	566	5	31	80	0.3875000
NODE_7970_length_936_cov_39.983274	486	566	7	8	80	0.1000000
NODE_7971_length_936_cov_22.486260	534	614	0	10	80	0.1250000
NODE_7971_length_936_cov_22.486260	534	614	1	37	80	0.4625000
NODE_7971_length_936_cov_22.486260	534	614	3	8	80	0.1000000
NODE_7971_length_936_cov_22.486260	534	614	4	25	80	0.3125000
NODE_7971_length_936_cov_22.486260	587	667	3	2	80	0.0250000
NODE_7971_length_936_cov_22.486260	587	667	4	78	80	0.9750000
NODE_7972_length_936_cov_19.639188	409	489	4	35	80	0.4375000
NODE_7972_length_936_cov_19.639188	409	489	5	1	80	0.0125000
NODE_7972_length_936_cov_19.639188	409	489	6	44	80	0.5500000
NODE_7972_length_936_cov_19.639188	462	542	1	6	80	0.0750000
NODE_7972_length_936_cov_19.639188	462	542	2	34	80	0.4250000
NODE_7972_length_936_cov_19.639188	462	542	3	2	80	0.0250000
NODE_7972_length_936_cov_19.639188	462	542	4	38	80	0.4750000
NODE_7973_length_936_cov_15.083632	322	402	1	30	80	0.3750000
NODE_7973_length_936_cov_15.083632	322	402	2	12	80	0.1500000
NODE_7973_length_936_cov_15.083632	322	402	3	18	80	0.2250000
NODE_7973_length_936_cov_15.083632	322	402	4	20	80	0.2500000
NODE_7973_length_936_cov_15.083632	375	455	3	7	80	0.0875000
NODE_7973_length_936_cov_15.083632	375	455	4	29	80	0.3625000
NODE_7973_length_936_cov_15.083632	375	455	5	23	80	0.2875000
NODE_7973_length_936_cov_15.083632	375	455	6	21	80	0.2625000
NODE_7974_length_936_cov_13.962963	356	424	4	6	68	0.0882353
NODE_7974_length_936_cov_13.962963	356	424	5	10	68	0.1470588
NODE_7974_length_936_cov_13.962963	356	424	6	52	68	0.7647059
NODE_7975_length_936_cov_12.502987	447	527	2	39	80	0.4875000
NODE_7975_length_936_cov_12.502987	447	527	3	4	80	0.0500000
NODE_7975_length_936_cov_12.502987	447	527	4	37	80	0.4625000
NODE_7975_length_936_cov_12.502987	500	580	3	30	80	0.3750000
NODE_7975_length_936_cov_12.502987	500	580	4	50	80	0.6250000
NODE_7976_length_936_cov_12.279570	340	420	2	3	80	0.0375000
NODE_7976_length_936_cov_12.279570	340	420	3	10	80	0.1250000
NODE_7976_length_936_cov_12.279570	340	420	4	58	80	0.7250000
NODE_7976_length_936_cov_12.279570	340	420	5	9	80	0.1125000
NODE_7976_length_936_cov_12.279570	393	473	2	48	80	0.6000000
NODE_7976_length_936_cov_12.279570	393	473	3	18	80	0.2250000
NODE_7976_length_936_cov_12.279570	393	473	4	14	80	0.1750000
NODE_7977_length_936_cov_7.906810	587	667	0	80	80	1.0000000
NODE_7977_length_936_cov_7.906810	640	720	0	80	80	1.0000000
NODE_7978_length_936_cov_6.845878	322	402	2	60	80	0.7500000
NODE_7978_length_936_cov_6.845878	322	402	3	20	80	0.2500000
NODE_7978_length_936_cov_6.845878	375	455	2	39	80	0.4875000
NODE_7978_length_936_cov_6.845878	375	455	3	41	80	0.5125000
NODE_7979_length_936_cov_6.434886	556	635	2	55	79	0.6962025
NODE_7979_length_936_cov_6.434886	556	635	4	13	79	0.1645570
NODE_7979_length_936_cov_6.434886	556	635	6	11	79	0.1392405
NODE_7979_length_936_cov_6.434886	608	688	2	4	80	0.0500000
NODE_7979_length_936_cov_6.434886	608	688	4	65	80	0.8125000
NODE_7979_length_936_cov_6.434886	608	688	6	11	80	0.1375000
NODE_7993_length_935_cov_38.209330	57	137	20	1	80	0.0125000
NODE_7993_length_935_cov_38.209330	57	137	22	12	80	0.1500000
NODE_7993_length_935_cov_38.209330	57	137	24	67	80	0.8375000
NODE_7994_length_935_cov_27.306220	439	519	4	9	80	0.1125000
NODE_7994_length_935_cov_27.306220	439	519	5	60	80	0.7500000
NODE_7994_length_935_cov_27.306220	439	519	6	11	80	0.1375000
NODE_7994_length_935_cov_27.306220	492	572	2	11	80	0.1375000
NODE_7994_length_935_cov_27.306220	492	572	4	6	80	0.0750000
NODE_7994_length_935_cov_27.306220	492	572	5	63	80	0.7875000
NODE_7995_length_935_cov_26.562201	321	401	1	1	80	0.0125000
NODE_7995_length_935_cov_26.562201	321	401	2	6	80	0.0750000
NODE_7995_length_935_cov_26.562201	321	401	3	21	80	0.2625000
NODE_7995_length_935_cov_26.562201	321	401	4	52	80	0.6500000
NODE_7995_length_935_cov_26.562201	374	454	3	29	80	0.3625000
NODE_7995_length_935_cov_26.562201	374	454	4	51	80	0.6375000
NODE_7995_length_935_cov_26.562201	450	530	1	34	80	0.4250000
NODE_7995_length_935_cov_26.562201	450	530	2	24	80	0.3000000
NODE_7995_length_935_cov_26.562201	450	530	3	22	80	0.2750000
NODE_7995_length_935_cov_26.562201	503	583	1	80	80	1.0000000
NODE_7996_length_935_cov_25.098086	356	436	5	15	80	0.1875000
NODE_7996_length_935_cov_25.098086	356	436	6	8	80	0.1000000
NODE_7996_length_935_cov_25.098086	356	436	7	9	80	0.1125000
NODE_7996_length_935_cov_25.098086	356	436	8	10	80	0.1250000
NODE_7996_length_935_cov_25.098086	356	436	9	21	80	0.2625000
NODE_7996_length_935_cov_25.098086	356	436	10	17	80	0.2125000
NODE_7996_length_935_cov_25.098086	409	489	4	3	80	0.0375000
NODE_7996_length_935_cov_25.098086	409	489	5	3	80	0.0375000
NODE_7996_length_935_cov_25.098086	409	489	6	15	80	0.1875000
NODE_7996_length_935_cov_25.098086	409	489	7	22	80	0.2750000
NODE_7996_length_935_cov_25.098086	409	489	8	5	80	0.0625000
NODE_7996_length_935_cov_25.098086	409	489	9	21	80	0.2625000
NODE_7996_length_935_cov_25.098086	409	489	10	11	80	0.1375000
NODE_7997_length_935_cov_24.316986	467	547	4	7	80	0.0875000
NODE_7997_length_935_cov_24.316986	467	547	5	28	80	0.3500000
NODE_7997_length_935_cov_24.316986	467	547	6	37	80	0.4625000
NODE_7997_length_935_cov_24.316986	467	547	7	5	80	0.0625000
NODE_7997_length_935_cov_24.316986	467	547	8	1	80	0.0125000
NODE_7997_length_935_cov_24.316986	467	547	9	2	80	0.0250000
NODE_7997_length_935_cov_24.316986	520	600	6	19	80	0.2375000
NODE_7997_length_935_cov_24.316986	520	600	7	5	80	0.0625000
NODE_7997_length_935_cov_24.316986	520	600	8	23	80	0.2875000
NODE_7997_length_935_cov_24.316986	520	600	9	26	80	0.3250000
NODE_7997_length_935_cov_24.316986	520	600	10	7	80	0.0875000
NODE_7998_length_935_cov_19.221292	397	477	0	80	80	1.0000000
NODE_7998_length_935_cov_19.221292	450	530	0	80	80	1.0000000
NODE_7999_length_935_cov_15.016746	404	484	3	73	80	0.9125000
NODE_7999_length_935_cov_15.016746	404	484	5	7	80	0.0875000
NODE_7999_length_935_cov_15.016746	457	537	2	44	80	0.5500000
NODE_7999_length_935_cov_15.016746	457	537	3	36	80	0.4500000
NODE_8000_length_935_cov_13.138756	341	421	0	34	80	0.4250000
NODE_8000_length_935_cov_13.138756	341	421	1	46	80	0.5750000
NODE_8000_length_935_cov_13.138756	394	474	0	18	80	0.2250000
NODE_8000_length_935_cov_13.138756	394	474	1	62	80	0.7750000
NODE_8002_length_935_cov_6.485646	512	592	0	80	80	1.0000000
NODE_8002_length_935_cov_6.485646	565	645	0	80	80	1.0000000
NODE_8003_length_935_cov_6.467703	250	330	1	1	80	0.0125000
NODE_8003_length_935_cov_6.467703	250	330	2	79	80	0.9875000
NODE_8003_length_935_cov_6.467703	303	383	1	45	80	0.5625000
NODE_8003_length_935_cov_6.467703	303	383	2	35	80	0.4375000
NODE_8004_length_935_cov_6.144737	478	558	0	2	80	0.0250000
NODE_8004_length_935_cov_6.144737	478	558	2	78	80	0.9750000
NODE_8004_length_935_cov_6.144737	531	611	2	80	80	1.0000000
NODE_8005_length_935_cov_3.905502	39	119	4	22	80	0.2750000
NODE_8005_length_935_cov_3.905502	39	119	5	14	80	0.1750000
NODE_8005_length_935_cov_3.905502	39	119	6	44	80	0.5500000
NODE_8005_length_935_cov_3.905502	92	166	0	31	74	0.4189189
NODE_8005_length_935_cov_3.905502	92	166	2	8	74	0.1081081
NODE_8005_length_935_cov_3.905502	92	166	4	28	74	0.3783784
NODE_8005_length_935_cov_3.905502	92	166	6	7	74	0.0945946
NODE_8028_length_934_cov_22.898204	403	483	2	11	80	0.1375000
NODE_8028_length_934_cov_22.898204	403	483	3	29	80	0.3625000
NODE_8028_length_934_cov_22.898204	403	483	4	8	80	0.1000000
NODE_8028_length_934_cov_22.898204	403	483	5	5	80	0.0625000
NODE_8028_length_934_cov_22.898204	403	483	6	2	80	0.0250000
NODE_8028_length_934_cov_22.898204	403	483	8	10	80	0.1250000
NODE_8028_length_934_cov_22.898204	403	483	9	15	80	0.1875000
NODE_8028_length_934_cov_22.898204	456	536	6	2	80	0.0250000
NODE_8028_length_934_cov_22.898204	456	536	7	14	80	0.1750000
NODE_8028_length_934_cov_22.898204	456	536	8	10	80	0.1250000
NODE_8028_length_934_cov_22.898204	456	536	9	54	80	0.6750000
NODE_8029_length_934_cov_17.746108	246	326	6	25	80	0.3125000
NODE_8029_length_934_cov_17.746108	246	326	7	18	80	0.2250000
NODE_8029_length_934_cov_17.746108	246	326	8	15	80	0.1875000
NODE_8029_length_934_cov_17.746108	246	326	9	22	80	0.2750000
NODE_8029_length_934_cov_17.746108	299	379	4	40	80	0.5000000
NODE_8029_length_934_cov_17.746108	299	379	6	15	80	0.1875000
NODE_8029_length_934_cov_17.746108	299	379	7	10	80	0.1250000
NODE_8029_length_934_cov_17.746108	299	379	8	15	80	0.1875000
NODE_8030_length_934_cov_16.049102	367	447	10	39	80	0.4875000
NODE_8030_length_934_cov_16.049102	367	447	11	20	80	0.2500000
NODE_8030_length_934_cov_16.049102	367	447	12	21	80	0.2625000
NODE_8030_length_934_cov_16.049102	420	500	5	4	80	0.0500000
NODE_8030_length_934_cov_16.049102	420	500	6	9	80	0.1125000
NODE_8030_length_934_cov_16.049102	420	500	7	4	80	0.0500000
NODE_8030_length_934_cov_16.049102	420	500	9	21	80	0.2625000
NODE_8030_length_934_cov_16.049102	420	500	10	19	80	0.2375000
NODE_8030_length_934_cov_16.049102	420	500	11	2	80	0.0250000
NODE_8030_length_934_cov_16.049102	420	500	12	21	80	0.2625000
NODE_8031_length_934_cov_13.738922	379	459	1	12	80	0.1500000
NODE_8031_length_934_cov_13.738922	379	459	2	26	80	0.3250000
NODE_8031_length_934_cov_13.738922	379	459	3	23	80	0.2875000
NODE_8031_length_934_cov_13.738922	379	459	4	19	80	0.2375000
NODE_8031_length_934_cov_13.738922	432	459	3	8	27	0.2962963
NODE_8031_length_934_cov_13.738922	432	459	4	19	27	0.7037037
NODE_8031_length_934_cov_13.738922	470	512	5	42	42	1.0000000
NODE_8032_length_934_cov_9.091018	407	487	0	3	80	0.0375000
NODE_8032_length_934_cov_9.091018	407	487	2	77	80	0.9625000
NODE_8032_length_934_cov_9.091018	460	540	0	24	80	0.3000000
NODE_8032_length_934_cov_9.091018	460	540	2	56	80	0.7000000
NODE_8034_length_934_cov_5.349701	583	663	2	46	80	0.5750000
NODE_8034_length_934_cov_5.349701	583	663	3	34	80	0.4250000
NODE_8050_length_933_cov_36.557554	462	542	1	22	80	0.2750000
NODE_8050_length_933_cov_36.557554	462	542	2	6	80	0.0750000
NODE_8050_length_933_cov_36.557554	462	542	3	52	80	0.6500000
NODE_8050_length_933_cov_36.557554	515	595	1	21	80	0.2625000
NODE_8050_length_933_cov_36.557554	515	595	2	19	80	0.2375000
NODE_8050_length_933_cov_36.557554	515	595	3	15	80	0.1875000
NODE_8050_length_933_cov_36.557554	515	595	4	25	80	0.3125000
NODE_8051_length_933_cov_27.645084	476	556	11	9	80	0.1125000
NODE_8051_length_933_cov_27.645084	476	556	13	11	80	0.1375000
NODE_8051_length_933_cov_27.645084	476	556	14	60	80	0.7500000
NODE_8051_length_933_cov_27.645084	529	609	4	5	80	0.0625000
NODE_8051_length_933_cov_27.645084	529	609	6	1	80	0.0125000
NODE_8051_length_933_cov_27.645084	529	609	7	1	80	0.0125000
NODE_8051_length_933_cov_27.645084	529	609	10	1	80	0.0125000
NODE_8051_length_933_cov_27.645084	529	609	11	12	80	0.1500000
NODE_8051_length_933_cov_27.645084	529	609	12	31	80	0.3875000
NODE_8051_length_933_cov_27.645084	529	609	13	1	80	0.0125000
NODE_8051_length_933_cov_27.645084	529	609	14	28	80	0.3500000
NODE_8052_length_933_cov_26.749400	611	691	6	20	80	0.2500000
NODE_8052_length_933_cov_26.749400	611	691	7	27	80	0.3375000
NODE_8052_length_933_cov_26.749400	611	691	8	33	80	0.4125000
NODE_8052_length_933_cov_26.749400	664	744	5	10	80	0.1250000
NODE_8052_length_933_cov_26.749400	664	744	6	11	80	0.1375000
NODE_8052_length_933_cov_26.749400	664	744	7	12	80	0.1500000
NODE_8052_length_933_cov_26.749400	664	744	8	47	80	0.5875000
NODE_8053_length_933_cov_26.308153	430	510	4	69	80	0.8625000
NODE_8053_length_933_cov_26.308153	430	510	5	11	80	0.1375000
NODE_8053_length_933_cov_26.308153	483	563	1	4	80	0.0500000
NODE_8053_length_933_cov_26.308153	483	563	2	21	80	0.2625000
NODE_8053_length_933_cov_26.308153	483	563	3	23	80	0.2875000
NODE_8053_length_933_cov_26.308153	483	563	4	16	80	0.2000000
NODE_8053_length_933_cov_26.308153	483	563	5	16	80	0.2000000
NODE_8054_length_933_cov_19.966427	444	530	0	86	86	1.0000000
NODE_8054_length_933_cov_19.966427	497	583	0	86	86	1.0000000
NODE_8055_length_933_cov_16.870504	284	364	3	20	80	0.2500000
NODE_8055_length_933_cov_16.870504	284	364	5	16	80	0.2000000
NODE_8055_length_933_cov_16.870504	284	364	6	44	80	0.5500000
NODE_8055_length_933_cov_16.870504	337	415	3	58	78	0.7435898
NODE_8055_length_933_cov_16.870504	337	415	5	11	78	0.1410256
NODE_8055_length_933_cov_16.870504	337	415	6	9	78	0.1153846
NODE_8056_length_933_cov_16.699041	366	446	3	1	80	0.0125000
NODE_8056_length_933_cov_16.699041	366	446	4	79	80	0.9875000
NODE_8056_length_933_cov_16.699041	419	499	0	7	80	0.0875000
NODE_8056_length_933_cov_16.699041	419	499	1	26	80	0.3250000
NODE_8056_length_933_cov_16.699041	419	499	2	11	80	0.1375000
NODE_8056_length_933_cov_16.699041	419	499	3	10	80	0.1250000
NODE_8056_length_933_cov_16.699041	419	499	4	26	80	0.3250000
NODE_8057_length_933_cov_11.171463	197	277	0	20	80	0.2500000
NODE_8057_length_933_cov_11.171463	197	277	2	60	80	0.7500000
NODE_8057_length_933_cov_11.171463	250	330	0	73	80	0.9125000
NODE_8057_length_933_cov_11.171463	250	330	2	7	80	0.0875000
NODE_8073_length_932_cov_26.656663	397	477	3	24	80	0.3000000
NODE_8073_length_932_cov_26.656663	397	477	4	3	80	0.0375000
NODE_8073_length_932_cov_26.656663	397	477	5	1	80	0.0125000
NODE_8073_length_932_cov_26.656663	397	477	6	19	80	0.2375000
NODE_8073_length_932_cov_26.656663	397	477	8	33	80	0.4125000
NODE_8073_length_932_cov_26.656663	450	530	5	25	80	0.3125000
NODE_8073_length_932_cov_26.656663	450	530	6	15	80	0.1875000
NODE_8073_length_932_cov_26.656663	450	530	7	9	80	0.1125000
NODE_8073_length_932_cov_26.656663	450	530	8	31	80	0.3875000
NODE_8074_length_932_cov_16.581032	407	485	1	16	78	0.2051282
NODE_8074_length_932_cov_16.581032	407	485	2	62	78	0.7948718
NODE_8074_length_932_cov_16.581032	460	538	2	78	78	1.0000000
NODE_8075_length_932_cov_13.462185	413	493	3	13	80	0.1625000
NODE_8075_length_932_cov_13.462185	413	493	4	1	80	0.0125000
NODE_8075_length_932_cov_13.462185	413	493	5	8	80	0.1000000
NODE_8075_length_932_cov_13.462185	413	493	7	12	80	0.1500000
NODE_8075_length_932_cov_13.462185	413	493	8	31	80	0.3875000
NODE_8075_length_932_cov_13.462185	413	493	9	15	80	0.1875000
NODE_8075_length_932_cov_13.462185	466	546	3	22	80	0.2750000
NODE_8075_length_932_cov_13.462185	466	546	4	2	80	0.0250000
NODE_8075_length_932_cov_13.462185	466	546	5	13	80	0.1625000
NODE_8075_length_932_cov_13.462185	466	546	6	2	80	0.0250000
NODE_8075_length_932_cov_13.462185	466	546	7	15	80	0.1875000
NODE_8075_length_932_cov_13.462185	466	546	8	26	80	0.3250000
NODE_8076_length_932_cov_13.442977	386	466	2	12	80	0.1500000
NODE_8076_length_932_cov_13.442977	386	466	3	66	80	0.8250000
NODE_8076_length_932_cov_13.442977	386	466	4	2	80	0.0250000
NODE_8076_length_932_cov_13.442977	439	519	2	13	80	0.1625000
NODE_8076_length_932_cov_13.442977	439	519	3	67	80	0.8375000
NODE_8077_length_932_cov_11.947179	344	424	0	6	80	0.0750000
NODE_8077_length_932_cov_11.947179	344	424	1	74	80	0.9250000
NODE_8077_length_932_cov_11.947179	397	477	0	59	80	0.7375000
NODE_8077_length_932_cov_11.947179	397	477	1	21	80	0.2625000
NODE_8079_length_932_cov_10.849940	409	489	1	80	80	1.0000000
NODE_8079_length_932_cov_10.849940	462	542	1	73	80	0.9125000
NODE_8079_length_932_cov_10.849940	462	542	2	7	80	0.0875000
NODE_8080_length_932_cov_10.174070	342	422	6	15	80	0.1875000
NODE_8080_length_932_cov_10.174070	342	422	7	20	80	0.2500000
NODE_8080_length_932_cov_10.174070	342	422	8	17	80	0.2125000
NODE_8080_length_932_cov_10.174070	342	422	10	24	80	0.3000000
NODE_8080_length_932_cov_10.174070	342	422	11	4	80	0.0500000
NODE_8080_length_932_cov_10.174070	395	475	6	1	80	0.0125000
NODE_8080_length_932_cov_10.174070	395	475	7	24	80	0.3000000
NODE_8080_length_932_cov_10.174070	395	475	10	35	80	0.4375000
NODE_8080_length_932_cov_10.174070	395	475	11	20	80	0.2500000
NODE_8082_length_932_cov_9.200480	184	264	2	47	80	0.5875000
NODE_8082_length_932_cov_9.200480	184	264	3	24	80	0.3000000
NODE_8082_length_932_cov_9.200480	184	264	5	3	80	0.0375000
NODE_8082_length_932_cov_9.200480	184	264	7	6	80	0.0750000
NODE_8082_length_932_cov_9.200480	237	317	3	18	80	0.2250000
NODE_8082_length_932_cov_9.200480	237	317	5	18	80	0.2250000
NODE_8082_length_932_cov_9.200480	237	317	6	26	80	0.3250000
NODE_8082_length_932_cov_9.200480	237	317	7	18	80	0.2250000
NODE_8090_length_932_cov_2.689076	598	676	0	36	78	0.4615385
NODE_8090_length_932_cov_2.689076	598	676	2	42	78	0.5384616
NODE_8090_length_932_cov_2.689076	798	845	0	47	47	1.0000000
NODE_8103_length_931_cov_51.451923	320	400	4	4	80	0.0500000
NODE_8103_length_931_cov_51.451923	320	400	8	5	80	0.0625000
NODE_8103_length_931_cov_51.451923	320	400	9	8	80	0.1000000
NODE_8103_length_931_cov_51.451923	320	400	10	14	80	0.1750000
NODE_8103_length_931_cov_51.451923	320	400	11	39	80	0.4875000
NODE_8103_length_931_cov_51.451923	320	400	12	10	80	0.1250000
NODE_8103_length_931_cov_51.451923	373	453	4	3	80	0.0375000
NODE_8103_length_931_cov_51.451923	373	453	8	12	80	0.1500000
NODE_8103_length_931_cov_51.451923	373	453	9	3	80	0.0375000
NODE_8103_length_931_cov_51.451923	373	453	10	44	80	0.5500000
NODE_8103_length_931_cov_51.451923	373	453	11	8	80	0.1000000
NODE_8103_length_931_cov_51.451923	373	453	12	10	80	0.1250000
NODE_8104_length_931_cov_46.621394	527	607	9	1	80	0.0125000
NODE_8104_length_931_cov_46.621394	527	607	10	13	80	0.1625000
NODE_8104_length_931_cov_46.621394	527	607	12	14	80	0.1750000
NODE_8104_length_931_cov_46.621394	527	607	13	5	80	0.0625000
NODE_8104_length_931_cov_46.621394	527	607	15	8	80	0.1000000
NODE_8104_length_931_cov_46.621394	527	607	16	16	80	0.2000000
NODE_8104_length_931_cov_46.621394	527	607	17	23	80	0.2875000
NODE_8104_length_931_cov_46.621394	580	660	7	3	80	0.0375000
NODE_8104_length_931_cov_46.621394	580	660	8	15	80	0.1875000
NODE_8104_length_931_cov_46.621394	580	660	9	4	80	0.0500000
NODE_8104_length_931_cov_46.621394	580	660	10	11	80	0.1375000
NODE_8104_length_931_cov_46.621394	580	660	13	2	80	0.0250000
NODE_8104_length_931_cov_46.621394	580	660	15	10	80	0.1250000
NODE_8104_length_931_cov_46.621394	580	660	16	16	80	0.2000000
NODE_8104_length_931_cov_46.621394	580	660	17	19	80	0.2375000
NODE_8105_length_931_cov_36.334135	347	427	1	80	80	1.0000000
NODE_8105_length_931_cov_36.334135	400	480	1	34	80	0.4250000
NODE_8105_length_931_cov_36.334135	400	480	2	33	80	0.4125000
NODE_8105_length_931_cov_36.334135	400	480	3	13	80	0.1625000
NODE_8106_length_931_cov_32.495192	482	562	4	10	80	0.1250000
NODE_8106_length_931_cov_32.495192	482	562	6	15	80	0.1875000
NODE_8106_length_931_cov_32.495192	482	562	7	20	80	0.2500000
NODE_8106_length_931_cov_32.495192	482	562	9	35	80	0.4375000
NODE_8106_length_931_cov_32.495192	535	617	9	55	82	0.6707317
NODE_8106_length_931_cov_32.495192	535	617	11	27	82	0.3292683
NODE_8107_length_931_cov_22.100962	375	455	5	13	80	0.1625000
NODE_8107_length_931_cov_22.100962	375	455	6	47	80	0.5875000
NODE_8107_length_931_cov_22.100962	375	455	7	20	80	0.2500000
NODE_8107_length_931_cov_22.100962	428	508	1	29	80	0.3625000
NODE_8107_length_931_cov_22.100962	428	508	3	3	80	0.0375000
NODE_8107_length_931_cov_22.100962	428	508	5	34	80	0.4250000
NODE_8107_length_931_cov_22.100962	428	508	6	14	80	0.1750000
NODE_8108_length_931_cov_21.781250	347	427	2	2	80	0.0250000
NODE_8108_length_931_cov_21.781250	347	427	3	72	80	0.9000000
NODE_8108_length_931_cov_21.781250	347	427	5	6	80	0.0750000
NODE_8108_length_931_cov_21.781250	400	480	3	37	80	0.4625000
NODE_8108_length_931_cov_21.781250	400	480	5	43	80	0.5375000
NODE_8109_length_931_cov_19.084135	411	491	4	14	80	0.1750000
NODE_8109_length_931_cov_19.084135	411	491	5	41	80	0.5125000
NODE_8109_length_931_cov_19.084135	411	491	6	9	80	0.1125000
NODE_8109_length_931_cov_19.084135	411	491	7	8	80	0.1000000
NODE_8109_length_931_cov_19.084135	411	491	9	8	80	0.1000000
NODE_8109_length_931_cov_19.084135	464	544	5	2	80	0.0250000
NODE_8109_length_931_cov_19.084135	464	544	6	9	80	0.1125000
NODE_8109_length_931_cov_19.084135	464	544	7	8	80	0.1000000
NODE_8109_length_931_cov_19.084135	464	544	8	2	80	0.0250000
NODE_8109_length_931_cov_19.084135	464	544	9	20	80	0.2500000
NODE_8109_length_931_cov_19.084135	464	544	10	30	80	0.3750000
NODE_8109_length_931_cov_19.084135	464	544	11	9	80	0.1125000
NODE_8110_length_931_cov_14.879808	444	524	3	10	80	0.1250000
NODE_8110_length_931_cov_14.879808	444	524	4	1	80	0.0125000
NODE_8110_length_931_cov_14.879808	444	524	5	9	80	0.1125000
NODE_8110_length_931_cov_14.879808	444	524	6	60	80	0.7500000
NODE_8110_length_931_cov_14.879808	497	577	1	22	80	0.2750000
NODE_8110_length_931_cov_14.879808	497	577	3	40	80	0.5000000
NODE_8110_length_931_cov_14.879808	497	577	4	2	80	0.0250000
NODE_8110_length_931_cov_14.879808	497	577	5	9	80	0.1125000
NODE_8110_length_931_cov_14.879808	497	577	6	7	80	0.0875000
NODE_8111_length_931_cov_13.087740	759	800	0	41	41	1.0000000
NODE_8112_length_931_cov_10.534856	399	479	3	1	80	0.0125000
NODE_8112_length_931_cov_10.534856	399	479	4	41	80	0.5125000
NODE_8112_length_931_cov_10.534856	399	479	5	8	80	0.1000000
NODE_8112_length_931_cov_10.534856	399	479	6	30	80	0.3750000
NODE_8112_length_931_cov_10.534856	452	532	4	6	80	0.0750000
NODE_8112_length_931_cov_10.534856	452	532	5	17	80	0.2125000
NODE_8112_length_931_cov_10.534856	452	532	6	57	80	0.7125000
NODE_8113_length_931_cov_9.865385	236	316	0	41	80	0.5125000
NODE_8113_length_931_cov_9.865385	236	316	2	39	80	0.4875000
NODE_8113_length_931_cov_9.865385	289	369	2	80	80	1.0000000
NODE_8115_length_931_cov_6.201923	479	559	2	9	80	0.1125000
NODE_8115_length_931_cov_6.201923	479	559	3	71	80	0.8875000
NODE_8115_length_931_cov_6.201923	532	612	1	3	80	0.0375000
NODE_8115_length_931_cov_6.201923	532	612	2	21	80	0.2625000
NODE_8115_length_931_cov_6.201923	532	612	3	56	80	0.7000000
NODE_8124_length_931_cov_1.780048	832	902	0	70	70	1.0000000
NODE_8126_length_931_cov_1.433894	220	284	2	33	64	0.5156250
NODE_8126_length_931_cov_1.433894	220	284	3	3	64	0.0468750
NODE_8126_length_931_cov_1.433894	220	284	4	28	64	0.4375000
NODE_8131_length_930_cov_49.052948	252	332	1	5	80	0.0625000
NODE_8131_length_930_cov_49.052948	252	332	2	22	80	0.2750000
NODE_8131_length_930_cov_49.052948	252	332	3	53	80	0.6625000
NODE_8131_length_930_cov_49.052948	305	385	3	68	80	0.8500000
NODE_8131_length_930_cov_49.052948	305	385	4	9	80	0.1125000
NODE_8131_length_930_cov_49.052948	305	385	5	3	80	0.0375000
NODE_8131_length_930_cov_49.052948	381	462	4	4	81	0.0493827
NODE_8131_length_930_cov_49.052948	381	462	6	2	81	0.0246914
NODE_8131_length_930_cov_49.052948	381	462	8	53	81	0.6543210
NODE_8131_length_930_cov_49.052948	381	462	9	18	81	0.2222222
NODE_8131_length_930_cov_49.052948	381	462	10	4	81	0.0493827
NODE_8131_length_930_cov_49.052948	435	515	7	12	80	0.1500000
NODE_8131_length_930_cov_49.052948	435	515	8	61	80	0.7625000
NODE_8131_length_930_cov_49.052948	435	515	9	7	80	0.0875000
NODE_8132_length_930_cov_31.510229	400	482	12	1	82	0.0121951
NODE_8132_length_930_cov_31.510229	400	482	13	5	82	0.0609756
NODE_8132_length_930_cov_31.510229	400	482	14	8	82	0.0975610
NODE_8132_length_930_cov_31.510229	400	482	15	6	82	0.0731707
NODE_8132_length_930_cov_31.510229	400	482	16	2	82	0.0243902
NODE_8132_length_930_cov_31.510229	400	482	17	7	82	0.0853659
NODE_8132_length_930_cov_31.510229	400	482	18	27	82	0.3292683
NODE_8132_length_930_cov_31.510229	400	482	19	26	82	0.3170732
NODE_8132_length_930_cov_31.510229	453	535	7	1	82	0.0121951
NODE_8132_length_930_cov_31.510229	453	535	8	16	82	0.1951219
NODE_8132_length_930_cov_31.510229	453	535	9	18	82	0.2195122
NODE_8132_length_930_cov_31.510229	453	535	10	15	82	0.1829268
NODE_8132_length_930_cov_31.510229	453	535	11	3	82	0.0365854
NODE_8132_length_930_cov_31.510229	453	535	12	1	82	0.0121951
NODE_8132_length_930_cov_31.510229	453	535	13	5	82	0.0609756
NODE_8132_length_930_cov_31.510229	453	535	14	8	82	0.0975610
NODE_8132_length_930_cov_31.510229	453	535	15	6	82	0.0731707
NODE_8132_length_930_cov_31.510229	453	535	16	2	82	0.0243902
NODE_8132_length_930_cov_31.510229	453	535	18	7	82	0.0853659
NODE_8133_length_930_cov_29.139591	329	409	15	9	80	0.1125000
NODE_8133_length_930_cov_29.139591	329	409	17	58	80	0.7250000
NODE_8133_length_930_cov_29.139591	329	409	18	8	80	0.1000000
NODE_8133_length_930_cov_29.139591	329	409	19	5	80	0.0625000
NODE_8133_length_930_cov_29.139591	382	462	9	6	80	0.0750000
NODE_8133_length_930_cov_29.139591	382	462	10	8	80	0.1000000
NODE_8133_length_930_cov_29.139591	382	462	11	16	80	0.2000000
NODE_8133_length_930_cov_29.139591	382	462	13	4	80	0.0500000
NODE_8133_length_930_cov_29.139591	382	462	17	46	80	0.5750000
NODE_8134_length_930_cov_24.787004	518	598	2	1	80	0.0125000
NODE_8134_length_930_cov_24.787004	518	598	3	22	80	0.2750000
NODE_8134_length_930_cov_24.787004	518	598	4	32	80	0.4000000
NODE_8134_length_930_cov_24.787004	518	598	6	21	80	0.2625000
NODE_8134_length_930_cov_24.787004	518	598	8	4	80	0.0500000
NODE_8134_length_930_cov_24.787004	571	651	4	2	80	0.0250000
NODE_8134_length_930_cov_24.787004	571	651	6	74	80	0.9250000
NODE_8134_length_930_cov_24.787004	571	651	8	4	80	0.0500000
NODE_8135_length_930_cov_24.608905	300	380	0	80	80	1.0000000
NODE_8135_length_930_cov_24.608905	353	433	0	80	80	1.0000000
NODE_8136_length_930_cov_16.494585	482	562	8	43	80	0.5375000
NODE_8136_length_930_cov_16.494585	482	562	9	8	80	0.1000000
NODE_8136_length_930_cov_16.494585	482	562	10	1	80	0.0125000
NODE_8136_length_930_cov_16.494585	482	562	11	7	80	0.0875000
NODE_8136_length_930_cov_16.494585	482	562	12	21	80	0.2625000
NODE_8136_length_930_cov_16.494585	535	615	6	1	80	0.0125000
NODE_8136_length_930_cov_16.494585	535	615	7	3	80	0.0375000
NODE_8136_length_930_cov_16.494585	535	615	8	2	80	0.0250000
NODE_8136_length_930_cov_16.494585	535	615	9	24	80	0.3000000
NODE_8136_length_930_cov_16.494585	535	615	10	7	80	0.0875000
NODE_8136_length_930_cov_16.494585	535	615	11	14	80	0.1750000
NODE_8136_length_930_cov_16.494585	535	615	12	29	80	0.3625000
NODE_8137_length_930_cov_13.296029	249	329	0	8	80	0.1000000
NODE_8137_length_930_cov_13.296029	249	329	1	59	80	0.7375000
NODE_8137_length_930_cov_13.296029	249	329	2	7	80	0.0875000
NODE_8137_length_930_cov_13.296029	249	329	3	6	80	0.0750000
NODE_8137_length_930_cov_13.296029	302	382	1	14	80	0.1750000
NODE_8137_length_930_cov_13.296029	302	382	2	7	80	0.0875000
NODE_8137_length_930_cov_13.296029	302	382	3	59	80	0.7375000
NODE_8137_length_930_cov_13.296029	378	458	3	24	80	0.3000000
NODE_8137_length_930_cov_13.296029	378	458	4	56	80	0.7000000
NODE_8137_length_930_cov_13.296029	431	511	2	38	80	0.4750000
NODE_8137_length_930_cov_13.296029	431	511	3	8	80	0.1000000
NODE_8137_length_930_cov_13.296029	431	511	4	34	80	0.4250000
NODE_8138_length_930_cov_11.758123	463	543	1	55	80	0.6875000
NODE_8138_length_930_cov_11.758123	463	543	2	25	80	0.3125000
NODE_8138_length_930_cov_11.758123	516	596	1	69	80	0.8625000
NODE_8138_length_930_cov_11.758123	516	596	2	11	80	0.1375000
NODE_8139_length_930_cov_7.576414	531	611	0	80	80	1.0000000
NODE_8139_length_930_cov_7.576414	584	664	0	80	80	1.0000000
NODE_8156_length_930_cov_0.821901	676	736	0	60	60	1.0000000
NODE_8157_length_929_cov_54.485542	313	393	12	1	80	0.0125000
NODE_8157_length_929_cov_54.485542	313	393	13	19	80	0.2375000
NODE_8157_length_929_cov_54.485542	313	393	14	12	80	0.1500000
NODE_8157_length_929_cov_54.485542	313	393	15	12	80	0.1500000
NODE_8157_length_929_cov_54.485542	313	393	16	8	80	0.1000000
NODE_8157_length_929_cov_54.485542	313	393	17	23	80	0.2875000
NODE_8157_length_929_cov_54.485542	313	393	18	5	80	0.0625000
NODE_8157_length_929_cov_54.485542	366	446	14	52	80	0.6500000
NODE_8157_length_929_cov_54.485542	366	446	15	12	80	0.1500000
NODE_8157_length_929_cov_54.485542	366	446	16	8	80	0.1000000
NODE_8157_length_929_cov_54.485542	366	446	17	8	80	0.1000000
NODE_8157_length_929_cov_54.485542	442	522	5	1	80	0.0125000
NODE_8157_length_929_cov_54.485542	442	522	6	2	80	0.0250000
NODE_8157_length_929_cov_54.485542	442	522	7	14	80	0.1750000
NODE_8157_length_929_cov_54.485542	442	522	8	9	80	0.1125000
NODE_8157_length_929_cov_54.485542	442	522	9	1	80	0.0125000
NODE_8157_length_929_cov_54.485542	442	522	10	4	80	0.0500000
NODE_8157_length_929_cov_54.485542	442	522	11	2	80	0.0250000
NODE_8157_length_929_cov_54.485542	442	522	12	24	80	0.3000000
NODE_8157_length_929_cov_54.485542	442	522	13	9	80	0.1125000
NODE_8157_length_929_cov_54.485542	442	522	14	14	80	0.1750000
NODE_8157_length_929_cov_54.485542	495	575	0	7	80	0.0875000
NODE_8157_length_929_cov_54.485542	495	575	1	24	80	0.3000000
NODE_8157_length_929_cov_54.485542	495	575	3	4	80	0.0500000
NODE_8157_length_929_cov_54.485542	495	575	4	6	80	0.0750000
NODE_8157_length_929_cov_54.485542	495	575	5	13	80	0.1625000
NODE_8157_length_929_cov_54.485542	495	575	6	2	80	0.0250000
NODE_8157_length_929_cov_54.485542	495	575	7	14	80	0.1750000
NODE_8157_length_929_cov_54.485542	495	575	8	9	80	0.1125000
NODE_8157_length_929_cov_54.485542	495	575	9	1	80	0.0125000
NODE_8158_length_929_cov_49.865060	429	509	0	57	80	0.7125000
NODE_8158_length_929_cov_49.865060	429	509	3	4	80	0.0500000
NODE_8158_length_929_cov_49.865060	429	509	4	19	80	0.2375000
NODE_8158_length_929_cov_49.865060	482	562	0	4	80	0.0500000
NODE_8158_length_929_cov_49.865060	482	562	3	4	80	0.0500000
NODE_8158_length_929_cov_49.865060	482	562	4	57	80	0.7125000
NODE_8158_length_929_cov_49.865060	482	562	5	15	80	0.1875000
NODE_8159_length_929_cov_34.634940	358	438	4	2	80	0.0250000
NODE_8159_length_929_cov_34.634940	358	438	6	3	80	0.0375000
NODE_8159_length_929_cov_34.634940	358	438	7	15	80	0.1875000
NODE_8159_length_929_cov_34.634940	358	438	8	60	80	0.7500000
NODE_8159_length_929_cov_34.634940	411	491	4	44	80	0.5500000
NODE_8159_length_929_cov_34.634940	411	491	6	11	80	0.1375000
NODE_8159_length_929_cov_34.634940	411	491	7	15	80	0.1875000
NODE_8159_length_929_cov_34.634940	411	491	8	10	80	0.1250000
NODE_8161_length_929_cov_20.815663	365	445	0	7	80	0.0875000
NODE_8161_length_929_cov_20.815663	365	445	2	11	80	0.1375000
NODE_8161_length_929_cov_20.815663	365	445	4	62	80	0.7750000
NODE_8161_length_929_cov_20.815663	418	498	0	4	80	0.0500000
NODE_8161_length_929_cov_20.815663	418	498	2	37	80	0.4625000
NODE_8161_length_929_cov_20.815663	418	498	4	39	80	0.4875000
NODE_8162_length_929_cov_17.798795	376	456	3	8	80	0.1000000
NODE_8162_length_929_cov_17.798795	376	456	4	72	80	0.9000000
NODE_8162_length_929_cov_17.798795	429	509	4	49	80	0.6125000
NODE_8162_length_929_cov_17.798795	429	509	5	31	80	0.3875000
NODE_8163_length_929_cov_16.622892	331	408	3	77	77	1.0000000
NODE_8163_length_929_cov_16.622892	381	461	2	36	80	0.4500000
NODE_8163_length_929_cov_16.622892	381	461	3	39	80	0.4875000
NODE_8163_length_929_cov_16.622892	381	461	4	5	80	0.0625000
NODE_8163_length_929_cov_16.622892	457	537	2	80	80	1.0000000
NODE_8163_length_929_cov_16.622892	510	590	0	4	80	0.0500000
NODE_8163_length_929_cov_16.622892	510	590	1	26	80	0.3250000
NODE_8163_length_929_cov_16.622892	510	590	2	50	80	0.6250000
NODE_8164_length_929_cov_15.242169	302	382	1	1	80	0.0125000
NODE_8164_length_929_cov_15.242169	302	382	2	3	80	0.0375000
NODE_8164_length_929_cov_15.242169	302	382	3	13	80	0.1625000
NODE_8164_length_929_cov_15.242169	302	382	4	63	80	0.7875000
NODE_8164_length_929_cov_15.242169	355	435	1	1	80	0.0125000
NODE_8164_length_929_cov_15.242169	355	435	2	3	80	0.0375000
NODE_8164_length_929_cov_15.242169	355	435	3	41	80	0.5125000
NODE_8164_length_929_cov_15.242169	355	435	4	35	80	0.4375000
NODE_8164_length_929_cov_15.242169	431	511	3	67	80	0.8375000
NODE_8164_length_929_cov_15.242169	431	511	4	13	80	0.1625000
NODE_8164_length_929_cov_15.242169	484	564	0	4	80	0.0500000
NODE_8164_length_929_cov_15.242169	484	564	1	46	80	0.5750000
NODE_8164_length_929_cov_15.242169	484	564	3	30	80	0.3750000
NODE_8165_length_929_cov_13.197590	259	339	5	71	80	0.8875000
NODE_8165_length_929_cov_13.197590	259	339	6	5	80	0.0625000
NODE_8165_length_929_cov_13.197590	259	339	7	4	80	0.0500000
NODE_8165_length_929_cov_13.197590	312	392	2	4	80	0.0500000
NODE_8165_length_929_cov_13.197590	312	392	3	16	80	0.2000000
NODE_8165_length_929_cov_13.197590	312	392	5	48	80	0.6000000
NODE_8165_length_929_cov_13.197590	312	392	6	8	80	0.1000000
NODE_8165_length_929_cov_13.197590	312	392	7	4	80	0.0500000
NODE_8167_length_929_cov_7.766265	385	465	0	80	80	1.0000000
NODE_8167_length_929_cov_7.766265	438	518	0	80	80	1.0000000
NODE_8168_length_929_cov_5.750602	382	462	2	28	80	0.3500000
NODE_8168_length_929_cov_5.750602	382	462	3	52	80	0.6500000
NODE_8168_length_929_cov_5.750602	435	515	2	5	80	0.0625000
NODE_8168_length_929_cov_5.750602	435	515	3	75	80	0.9375000
NODE_8181_length_928_cov_35.226779	273	353	0	15	80	0.1875000
NODE_8181_length_928_cov_35.226779	273	353	2	1	80	0.0125000
NODE_8181_length_928_cov_35.226779	273	353	4	64	80	0.8000000
NODE_8181_length_928_cov_35.226779	326	406	2	5	80	0.0625000
NODE_8181_length_928_cov_35.226779	326	406	4	75	80	0.9375000
NODE_8181_length_928_cov_35.226779	402	482	0	11	80	0.1375000
NODE_8181_length_928_cov_35.226779	402	482	1	41	80	0.5125000
NODE_8181_length_928_cov_35.226779	402	482	2	28	80	0.3500000
NODE_8181_length_928_cov_35.226779	455	535	1	11	80	0.1375000
NODE_8181_length_928_cov_35.226779	455	535	2	69	80	0.8625000
NODE_8182_length_928_cov_25.218335	299	379	0	27	80	0.3375000
NODE_8182_length_928_cov_25.218335	299	379	1	53	80	0.6625000
NODE_8182_length_928_cov_25.218335	352	432	1	33	80	0.4125000
NODE_8182_length_928_cov_25.218335	352	432	2	47	80	0.5875000
NODE_8183_length_928_cov_22.815440	342	422	3	80	80	1.0000000
NODE_8183_length_928_cov_22.815440	395	475	0	7	80	0.0875000
NODE_8183_length_928_cov_22.815440	395	475	1	11	80	0.1375000
NODE_8183_length_928_cov_22.815440	395	475	2	4	80	0.0500000
NODE_8183_length_928_cov_22.815440	395	475	3	58	80	0.7250000
NODE_8183_length_928_cov_22.815440	471	551	1	23	80	0.2875000
NODE_8183_length_928_cov_22.815440	471	551	2	22	80	0.2750000
NODE_8183_length_928_cov_22.815440	471	551	4	7	80	0.0875000
NODE_8183_length_928_cov_22.815440	471	551	5	2	80	0.0250000
NODE_8183_length_928_cov_22.815440	471	551	7	26	80	0.3250000
NODE_8183_length_928_cov_22.815440	524	604	5	1	80	0.0125000
NODE_8183_length_928_cov_22.815440	524	604	7	56	80	0.7000000
NODE_8183_length_928_cov_22.815440	524	604	8	23	80	0.2875000
NODE_8184_length_928_cov_20.718938	365	445	1	39	80	0.4875000
NODE_8184_length_928_cov_20.718938	365	445	2	2	80	0.0250000
NODE_8184_length_928_cov_20.718938	365	445	3	4	80	0.0500000
NODE_8184_length_928_cov_20.718938	365	445	4	2	80	0.0250000
NODE_8184_length_928_cov_20.718938	365	445	5	33	80	0.4125000
NODE_8184_length_928_cov_20.718938	418	498	2	38	80	0.4750000
NODE_8184_length_928_cov_20.718938	418	498	4	17	80	0.2125000
NODE_8184_length_928_cov_20.718938	418	498	5	25	80	0.3125000
NODE_8185_length_928_cov_19.418577	420	500	3	80	80	1.0000000
NODE_8185_length_928_cov_19.418577	473	553	0	32	80	0.4000000
NODE_8185_length_928_cov_19.418577	473	553	1	17	80	0.2125000
NODE_8185_length_928_cov_19.418577	473	553	2	3	80	0.0375000
NODE_8185_length_928_cov_19.418577	473	553	3	28	80	0.3500000
NODE_8185_length_928_cov_19.418577	549	591	0	11	42	0.2619048
NODE_8185_length_928_cov_19.418577	549	591	2	31	42	0.7380952
NODE_8186_length_928_cov_13.354644	323	403	2	80	80	1.0000000
NODE_8186_length_928_cov_13.354644	376	456	2	41	80	0.5125000
NODE_8186_length_928_cov_13.354644	376	456	3	39	80	0.4875000
NODE_8187_length_928_cov_13.096502	361	441	2	39	80	0.4875000
NODE_8187_length_928_cov_13.096502	361	441	3	5	80	0.0625000
NODE_8187_length_928_cov_13.096502	361	441	4	6	80	0.0750000
NODE_8187_length_928_cov_13.096502	361	441	5	11	80	0.1375000
NODE_8187_length_928_cov_13.096502	361	441	6	13	80	0.1625000
NODE_8187_length_928_cov_13.096502	361	441	7	6	80	0.0750000
NODE_8187_length_928_cov_13.096502	414	494	5	8	80	0.1000000
NODE_8187_length_928_cov_13.096502	414	494	6	38	80	0.4750000
NODE_8187_length_928_cov_13.096502	414	494	7	34	80	0.4250000
NODE_8189_length_928_cov_10.399276	447	527	1	47	80	0.5875000
NODE_8189_length_928_cov_10.399276	447	527	2	33	80	0.4125000
NODE_8189_length_928_cov_10.399276	500	580	0	47	80	0.5875000
NODE_8189_length_928_cov_10.399276	500	580	1	33	80	0.4125000
NODE_8207_length_927_cov_19.516908	398	478	4	20	80	0.2500000
NODE_8207_length_927_cov_19.516908	398	478	6	60	80	0.7500000
NODE_8207_length_927_cov_19.516908	451	531	1	15	80	0.1875000
NODE_8207_length_927_cov_19.516908	451	531	3	27	80	0.3375000
NODE_8207_length_927_cov_19.516908	451	531	5	8	80	0.1000000
NODE_8207_length_927_cov_19.516908	451	531	6	30	80	0.3750000
NODE_8208_length_927_cov_11.190821	358	438	0	80	80	1.0000000
NODE_8208_length_927_cov_11.190821	411	491	0	80	80	1.0000000
NODE_8209_length_927_cov_8.123188	239	319	2	4	80	0.0500000
NODE_8209_length_927_cov_8.123188	239	319	3	28	80	0.3500000
NODE_8209_length_927_cov_8.123188	239	319	4	48	80	0.6000000
NODE_8209_length_927_cov_8.123188	292	372	2	27	80	0.3375000
NODE_8209_length_927_cov_8.123188	292	372	4	53	80	0.6625000
NODE_8210_length_927_cov_4.585749	515	595	2	17	80	0.2125000
NODE_8210_length_927_cov_4.585749	515	595	3	21	80	0.2625000
NODE_8210_length_927_cov_4.585749	515	595	4	6	80	0.0750000
NODE_8210_length_927_cov_4.585749	515	595	6	36	80	0.4500000
NODE_8210_length_927_cov_4.585749	568	648	4	17	80	0.2125000
NODE_8210_length_927_cov_4.585749	568	648	6	63	80	0.7875000
NODE_8222_length_927_cov_1.250000	626	706	3	1	80	0.0125000
NODE_8222_length_927_cov_1.250000	626	706	4	16	80	0.2000000
NODE_8222_length_927_cov_1.250000	626	706	5	24	80	0.3000000
NODE_8222_length_927_cov_1.250000	626	706	6	17	80	0.2125000
NODE_8222_length_927_cov_1.250000	626	706	7	22	80	0.2750000
NODE_8222_length_927_cov_1.250000	679	759	6	5	80	0.0625000
NODE_8222_length_927_cov_1.250000	679	759	7	35	80	0.4375000
NODE_8222_length_927_cov_1.250000	679	759	9	40	80	0.5000000
NODE_8227_length_926_cov_78.382104	433	513	7	2	80	0.0250000
NODE_8227_length_926_cov_78.382104	433	513	8	3	80	0.0375000
NODE_8227_length_926_cov_78.382104	433	513	9	19	80	0.2375000
NODE_8227_length_926_cov_78.382104	433	513	10	3	80	0.0375000
NODE_8227_length_926_cov_78.382104	433	513	11	11	80	0.1375000
NODE_8227_length_926_cov_78.382104	433	513	12	17	80	0.2125000
NODE_8227_length_926_cov_78.382104	433	513	13	25	80	0.3125000
NODE_8227_length_926_cov_78.382104	486	566	12	3	80	0.0375000
NODE_8227_length_926_cov_78.382104	486	566	13	46	80	0.5750000
NODE_8227_length_926_cov_78.382104	486	566	14	26	80	0.3250000
NODE_8227_length_926_cov_78.382104	486	566	15	5	80	0.0625000
NODE_8228_length_926_cov_44.385732	383	463	10	4	80	0.0500000
NODE_8228_length_926_cov_44.385732	383	463	12	4	80	0.0500000
NODE_8228_length_926_cov_44.385732	383	463	13	3	80	0.0375000
NODE_8228_length_926_cov_44.385732	383	463	14	8	80	0.1000000
NODE_8228_length_926_cov_44.385732	383	463	16	4	80	0.0500000
NODE_8228_length_926_cov_44.385732	383	463	17	6	80	0.0750000
NODE_8228_length_926_cov_44.385732	383	463	18	2	80	0.0250000
NODE_8228_length_926_cov_44.385732	383	463	19	49	80	0.6125000
NODE_8228_length_926_cov_44.385732	436	516	4	27	80	0.3375000
NODE_8228_length_926_cov_44.385732	436	516	5	7	80	0.0875000
NODE_8228_length_926_cov_44.385732	436	516	6	2	80	0.0250000
NODE_8228_length_926_cov_44.385732	436	516	7	1	80	0.0125000
NODE_8228_length_926_cov_44.385732	436	516	9	9	80	0.1125000
NODE_8228_length_926_cov_44.385732	436	516	10	11	80	0.1375000
NODE_8228_length_926_cov_44.385732	436	516	12	4	80	0.0500000
NODE_8228_length_926_cov_44.385732	436	516	13	3	80	0.0375000
NODE_8228_length_926_cov_44.385732	436	516	14	8	80	0.1000000
NODE_8228_length_926_cov_44.385732	436	516	16	1	80	0.0125000
NODE_8228_length_926_cov_44.385732	436	516	17	2	80	0.0250000
NODE_8228_length_926_cov_44.385732	436	516	19	5	80	0.0625000
NODE_8229_length_926_cov_43.446191	362	442	2	6	80	0.0750000
NODE_8229_length_926_cov_43.446191	362	442	4	6	80	0.0750000
NODE_8229_length_926_cov_43.446191	362	442	5	18	80	0.2250000
NODE_8229_length_926_cov_43.446191	362	442	6	3	80	0.0375000
NODE_8229_length_926_cov_43.446191	362	442	7	2	80	0.0250000
NODE_8229_length_926_cov_43.446191	362	442	8	2	80	0.0250000
NODE_8229_length_926_cov_43.446191	362	442	10	37	80	0.4625000
NODE_8229_length_926_cov_43.446191	362	442	11	6	80	0.0750000
NODE_8229_length_926_cov_43.446191	415	495	9	4	80	0.0500000
NODE_8229_length_926_cov_43.446191	415	495	10	21	80	0.2625000
NODE_8229_length_926_cov_43.446191	415	495	11	22	80	0.2750000
NODE_8229_length_926_cov_43.446191	415	495	12	33	80	0.4125000
NODE_8229_length_926_cov_43.446191	491	571	8	5	80	0.0625000
NODE_8229_length_926_cov_43.446191	491	571	9	15	80	0.1875000
NODE_8229_length_926_cov_43.446191	491	571	10	31	80	0.3875000
NODE_8229_length_926_cov_43.446191	491	571	11	7	80	0.0875000
NODE_8229_length_926_cov_43.446191	491	571	12	11	80	0.1375000
NODE_8229_length_926_cov_43.446191	491	571	13	11	80	0.1375000
NODE_8229_length_926_cov_43.446191	544	624	8	17	80	0.2125000
NODE_8229_length_926_cov_43.446191	544	624	9	2	80	0.0250000
NODE_8229_length_926_cov_43.446191	544	624	10	27	80	0.3375000
NODE_8229_length_926_cov_43.446191	544	624	11	34	80	0.4250000
NODE_8230_length_926_cov_40.163241	42	61	0	19	19	1.0000000
NODE_8230_length_926_cov_40.163241	279	359	5	21	80	0.2625000
NODE_8230_length_926_cov_40.163241	279	359	6	18	80	0.2250000
NODE_8230_length_926_cov_40.163241	279	359	7	14	80	0.1750000
NODE_8230_length_926_cov_40.163241	279	359	8	13	80	0.1625000
NODE_8230_length_926_cov_40.163241	279	359	9	14	80	0.1750000
NODE_8230_length_926_cov_40.163241	332	412	8	13	80	0.1625000
NODE_8230_length_926_cov_40.163241	332	412	9	15	80	0.1875000
NODE_8230_length_926_cov_40.163241	332	412	10	35	80	0.4375000
NODE_8230_length_926_cov_40.163241	332	412	11	16	80	0.2000000
NODE_8230_length_926_cov_40.163241	332	412	12	1	80	0.0125000
NODE_8230_length_926_cov_40.163241	408	488	6	4	80	0.0500000
NODE_8230_length_926_cov_40.163241	408	488	7	16	80	0.2000000
NODE_8230_length_926_cov_40.163241	408	488	8	10	80	0.1250000
NODE_8230_length_926_cov_40.163241	408	488	9	8	80	0.1000000
NODE_8230_length_926_cov_40.163241	408	488	10	27	80	0.3375000
NODE_8230_length_926_cov_40.163241	408	488	11	15	80	0.1875000
NODE_8230_length_926_cov_40.163241	461	541	6	8	80	0.1000000
NODE_8230_length_926_cov_40.163241	461	541	7	45	80	0.5625000
NODE_8230_length_926_cov_40.163241	461	541	8	27	80	0.3375000
NODE_8231_length_926_cov_29.923821	372	452	1	12	80	0.1500000
NODE_8231_length_926_cov_29.923821	372	452	4	6	80	0.0750000
NODE_8231_length_926_cov_29.923821	372	452	5	3	80	0.0375000
NODE_8231_length_926_cov_29.923821	372	452	7	23	80	0.2875000
NODE_8231_length_926_cov_29.923821	372	452	8	10	80	0.1250000
NODE_8231_length_926_cov_29.923821	372	452	11	21	80	0.2625000
NODE_8231_length_926_cov_29.923821	372	452	12	5	80	0.0625000
NODE_8231_length_926_cov_29.923821	425	505	8	1	80	0.0125000
NODE_8231_length_926_cov_29.923821	425	505	9	17	80	0.2125000
NODE_8231_length_926_cov_29.923821	425	505	11	37	80	0.4625000
NODE_8231_length_926_cov_29.923821	425	505	12	25	80	0.3125000
NODE_8232_length_926_cov_24.657799	350	430	2	80	80	1.0000000
NODE_8232_length_926_cov_24.657799	403	483	1	15	80	0.1875000
NODE_8232_length_926_cov_24.657799	403	483	2	30	80	0.3750000
NODE_8232_length_926_cov_24.657799	403	483	3	35	80	0.4375000
NODE_8233_length_926_cov_17.438936	360	440	2	80	80	1.0000000
NODE_8233_length_926_cov_17.438936	413	493	0	37	80	0.4625000
NODE_8233_length_926_cov_17.438936	413	493	2	43	80	0.5375000
NODE_8234_length_926_cov_12.413543	418	491	0	24	73	0.3287671
NODE_8234_length_926_cov_12.413543	418	491	2	49	73	0.6712329
NODE_8234_length_926_cov_12.413543	464	544	2	45	80	0.5625000
NODE_8234_length_926_cov_12.413543	464	544	3	3	80	0.0375000
NODE_8234_length_926_cov_12.413543	464	544	4	32	80	0.4000000
NODE_8235_length_926_cov_5.771463	453	533	0	80	80	1.0000000
NODE_8235_length_926_cov_5.771463	505	586	0	81	81	1.0000000
NODE_8236_length_926_cov_5.209190	435	515	0	5	80	0.0625000
NODE_8236_length_926_cov_5.209190	435	515	1	3	80	0.0375000
NODE_8236_length_926_cov_5.209190	435	515	2	72	80	0.9000000
NODE_8236_length_926_cov_5.209190	488	568	2	40	80	0.5000000
NODE_8236_length_926_cov_5.209190	488	568	4	40	80	0.5000000
NODE_8247_length_925_cov_40.767554	514	594	3	12	80	0.1500000
NODE_8247_length_925_cov_40.767554	514	594	5	5	80	0.0625000
NODE_8247_length_925_cov_40.767554	514	594	7	1	80	0.0125000
NODE_8247_length_925_cov_40.767554	514	594	9	30	80	0.3750000
NODE_8247_length_925_cov_40.767554	514	594	11	1	80	0.0125000
NODE_8247_length_925_cov_40.767554	514	594	12	20	80	0.2500000
NODE_8247_length_925_cov_40.767554	514	594	13	11	80	0.1375000
NODE_8247_length_925_cov_40.767554	567	647	9	20	80	0.2500000
NODE_8247_length_925_cov_40.767554	567	647	11	4	80	0.0500000
NODE_8247_length_925_cov_40.767554	567	647	12	49	80	0.6125000
NODE_8247_length_925_cov_40.767554	567	647	13	7	80	0.0875000
NODE_8248_length_925_cov_30.226392	262	342	4	12	80	0.1500000
NODE_8248_length_925_cov_30.226392	262	342	6	21	80	0.2625000
NODE_8248_length_925_cov_30.226392	262	342	8	47	80	0.5875000
NODE_8248_length_925_cov_30.226392	315	395	6	10	80	0.1250000
NODE_8248_length_925_cov_30.226392	315	395	7	13	80	0.1625000
NODE_8248_length_925_cov_30.226392	315	395	8	57	80	0.7125000
NODE_8248_length_925_cov_30.226392	391	471	2	52	80	0.6500000
NODE_8248_length_925_cov_30.226392	391	471	4	3	80	0.0375000
NODE_8248_length_925_cov_30.226392	391	471	6	11	80	0.1375000
NODE_8248_length_925_cov_30.226392	391	471	8	14	80	0.1750000
NODE_8248_length_925_cov_30.226392	444	524	2	42	80	0.5250000
NODE_8248_length_925_cov_30.226392	444	524	3	38	80	0.4750000
NODE_8249_length_925_cov_22.075061	334	414	1	27	80	0.3375000
NODE_8249_length_925_cov_22.075061	334	414	2	53	80	0.6625000
NODE_8249_length_925_cov_22.075061	387	467	2	35	80	0.4375000
NODE_8249_length_925_cov_22.075061	387	467	3	4	80	0.0500000
NODE_8249_length_925_cov_22.075061	387	467	4	41	80	0.5125000
NODE_8250_length_925_cov_18.164649	410	490	3	38	80	0.4750000
NODE_8250_length_925_cov_18.164649	410	490	4	42	80	0.5250000
NODE_8250_length_925_cov_18.164649	464	543	2	37	79	0.4683544
NODE_8250_length_925_cov_18.164649	464	543	3	32	79	0.4050633
NODE_8250_length_925_cov_18.164649	464	543	4	10	79	0.1265823
NODE_8251_length_925_cov_14.067797	472	548	5	7	76	0.0921053
NODE_8251_length_925_cov_14.067797	472	548	6	6	76	0.0789474
NODE_8251_length_925_cov_14.067797	472	548	7	22	76	0.2894737
NODE_8251_length_925_cov_14.067797	472	548	8	41	76	0.5394737
NODE_8251_length_925_cov_14.067797	525	601	4	9	76	0.1184211
NODE_8251_length_925_cov_14.067797	525	601	5	25	76	0.3289474
NODE_8251_length_925_cov_14.067797	525	601	6	32	76	0.4210526
NODE_8251_length_925_cov_14.067797	525	601	7	10	76	0.1315790
NODE_8252_length_925_cov_7.098063	418	498	1	18	80	0.2250000
NODE_8252_length_925_cov_7.098063	418	498	2	62	80	0.7750000
NODE_8252_length_925_cov_7.098063	471	551	2	59	80	0.7375000
NODE_8252_length_925_cov_7.098063	471	551	3	21	80	0.2625000
NODE_8266_length_924_cov_61.292121	397	477	4	4	80	0.0500000
NODE_8266_length_924_cov_61.292121	397	477	5	5	80	0.0625000
NODE_8266_length_924_cov_61.292121	397	477	6	8	80	0.1000000
NODE_8266_length_924_cov_61.292121	397	477	7	3	80	0.0375000
NODE_8266_length_924_cov_61.292121	397	477	8	6	80	0.0750000
NODE_8266_length_924_cov_61.292121	397	477	9	7	80	0.0875000
NODE_8266_length_924_cov_61.292121	397	477	10	7	80	0.0875000
NODE_8266_length_924_cov_61.292121	397	477	11	1	80	0.0125000
NODE_8266_length_924_cov_61.292121	397	477	13	7	80	0.0875000
NODE_8266_length_924_cov_61.292121	397	477	15	16	80	0.2000000
NODE_8266_length_924_cov_61.292121	397	477	16	4	80	0.0500000
NODE_8266_length_924_cov_61.292121	397	477	17	12	80	0.1500000
NODE_8266_length_924_cov_61.292121	450	530	15	34	80	0.4250000
NODE_8266_length_924_cov_61.292121	450	530	16	4	80	0.0500000
NODE_8266_length_924_cov_61.292121	450	530	17	22	80	0.2750000
NODE_8266_length_924_cov_61.292121	450	530	18	2	80	0.0250000
NODE_8266_length_924_cov_61.292121	450	530	19	18	80	0.2250000
NODE_8267_length_924_cov_31.522424	375	455	3	10	80	0.1250000
NODE_8267_length_924_cov_31.522424	375	455	4	26	80	0.3250000
NODE_8267_length_924_cov_31.522424	375	455	5	44	80	0.5500000
NODE_8267_length_924_cov_31.522424	428	508	3	8	80	0.1000000
NODE_8267_length_924_cov_31.522424	428	508	4	8	80	0.1000000
NODE_8267_length_924_cov_31.522424	428	508	5	38	80	0.4750000
NODE_8267_length_924_cov_31.522424	428	508	6	26	80	0.3250000
NODE_8268_length_924_cov_30.446061	299	379	1	32	80	0.4000000
NODE_8268_length_924_cov_30.446061	299	379	2	48	80	0.6000000
NODE_8268_length_924_cov_30.446061	352	432	0	33	80	0.4125000
NODE_8268_length_924_cov_30.446061	352	432	1	47	80	0.5875000
NODE_8268_length_924_cov_30.446061	428	508	0	28	80	0.3500000
NODE_8268_length_924_cov_30.446061	428	508	2	28	80	0.3500000
NODE_8268_length_924_cov_30.446061	428	508	4	24	80	0.3000000
NODE_8268_length_924_cov_30.446061	481	561	2	3	80	0.0375000
NODE_8268_length_924_cov_30.446061	481	561	4	77	80	0.9625000
NODE_8269_length_924_cov_28.877576	542	622	2	5	80	0.0625000
NODE_8269_length_924_cov_28.877576	542	622	3	21	80	0.2625000
NODE_8269_length_924_cov_28.877576	542	622	5	13	80	0.1625000
NODE_8269_length_924_cov_28.877576	542	622	6	26	80	0.3250000
NODE_8269_length_924_cov_28.877576	542	622	7	15	80	0.1875000
NODE_8269_length_924_cov_28.877576	595	675	6	15	80	0.1875000
NODE_8269_length_924_cov_28.877576	595	675	7	42	80	0.5250000
NODE_8269_length_924_cov_28.877576	595	675	8	23	80	0.2875000
NODE_8270_length_924_cov_27.261818	506	586	5	8	80	0.1000000
NODE_8270_length_924_cov_27.261818	506	586	7	6	80	0.0750000
NODE_8270_length_924_cov_27.261818	506	586	9	63	80	0.7875000
NODE_8270_length_924_cov_27.261818	506	586	10	3	80	0.0375000
NODE_8270_length_924_cov_27.261818	559	639	3	13	80	0.1625000
NODE_8270_length_924_cov_27.261818	559	639	6	17	80	0.2125000
NODE_8270_length_924_cov_27.261818	559	639	7	4	80	0.0500000
NODE_8270_length_924_cov_27.261818	559	639	8	11	80	0.1375000
NODE_8270_length_924_cov_27.261818	559	639	9	35	80	0.4375000
NODE_8271_length_924_cov_25.946667	371	451	0	11	80	0.1375000
NODE_8271_length_924_cov_25.946667	371	451	2	69	80	0.8625000
NODE_8271_length_924_cov_25.946667	424	504	1	1	80	0.0125000
NODE_8271_length_924_cov_25.946667	424	504	2	56	80	0.7000000
NODE_8271_length_924_cov_25.946667	424	504	3	23	80	0.2875000
NODE_8271_length_924_cov_25.946667	500	580	1	15	80	0.1875000
NODE_8271_length_924_cov_25.946667	500	580	2	62	80	0.7750000
NODE_8271_length_924_cov_25.946667	500	580	3	3	80	0.0375000
NODE_8271_length_924_cov_25.946667	553	633	2	67	80	0.8375000
NODE_8271_length_924_cov_25.946667	553	633	3	13	80	0.1625000
NODE_8272_length_924_cov_25.113939	305	385	1	80	80	1.0000000
NODE_8272_length_924_cov_25.113939	358	438	0	31	80	0.3875000
NODE_8272_length_924_cov_25.113939	358	438	1	49	80	0.6125000
NODE_8272_length_924_cov_25.113939	434	514	0	80	80	1.0000000
NODE_8272_length_924_cov_25.113939	487	567	0	80	80	1.0000000
NODE_8273_length_924_cov_16.343030	481	561	2	24	80	0.3000000
NODE_8273_length_924_cov_16.343030	481	561	4	44	80	0.5500000
NODE_8273_length_924_cov_16.343030	481	561	5	12	80	0.1500000
NODE_8273_length_924_cov_16.343030	534	614	4	47	80	0.5875000
NODE_8273_length_924_cov_16.343030	534	614	5	33	80	0.4125000
NODE_8274_length_924_cov_14.793939	299	379	0	80	80	1.0000000
NODE_8274_length_924_cov_14.793939	352	432	0	80	80	1.0000000
NODE_8275_length_924_cov_14.209697	485	562	2	13	77	0.1688312
NODE_8275_length_924_cov_14.209697	485	562	3	11	77	0.1428571
NODE_8275_length_924_cov_14.209697	485	562	4	53	77	0.6883117
NODE_8275_length_924_cov_14.209697	535	615	1	30	80	0.3750000
NODE_8275_length_924_cov_14.209697	535	615	2	36	80	0.4500000
NODE_8275_length_924_cov_14.209697	535	615	4	14	80	0.1750000
NODE_8276_length_924_cov_13.423030	287	367	2	70	80	0.8750000
NODE_8276_length_924_cov_13.423030	287	367	3	10	80	0.1250000
NODE_8276_length_924_cov_13.423030	340	420	1	49	80	0.6125000
NODE_8276_length_924_cov_13.423030	340	420	2	31	80	0.3875000
NODE_8277_length_924_cov_12.008485	237	307	0	63	70	0.9000000
NODE_8277_length_924_cov_12.008485	237	307	1	7	70	0.1000000
NODE_8279_length_924_cov_8.619394	560	640	1	39	80	0.4875000
NODE_8279_length_924_cov_8.619394	560	640	2	10	80	0.1250000
NODE_8279_length_924_cov_8.619394	560	640	3	31	80	0.3875000
NODE_8279_length_924_cov_8.619394	613	693	0	7	80	0.0875000
NODE_8279_length_924_cov_8.619394	613	693	1	73	80	0.9125000
NODE_8280_length_924_cov_4.640000	426	506	7	6	80	0.0750000
NODE_8280_length_924_cov_4.640000	426	506	8	45	80	0.5625000
NODE_8280_length_924_cov_4.640000	426	506	9	27	80	0.3375000
NODE_8280_length_924_cov_4.640000	426	506	10	2	80	0.0250000
NODE_8280_length_924_cov_4.640000	479	559	6	1	80	0.0125000
NODE_8280_length_924_cov_4.640000	479	559	7	29	80	0.3625000
NODE_8280_length_924_cov_4.640000	479	559	8	23	80	0.2875000
NODE_8280_length_924_cov_4.640000	479	559	9	25	80	0.3125000
NODE_8280_length_924_cov_4.640000	479	559	10	2	80	0.0250000
NODE_8290_length_924_cov_1.467879	352	381	0	29	29	1.0000000
NODE_8296_length_924_cov_0.648485	830	890	0	60	60	1.0000000
NODE_8296_length_924_cov_0.648485	863	924	0	61	61	1.0000000
NODE_8297_length_923_cov_43.213592	371	451	2	11	80	0.1375000
NODE_8297_length_923_cov_43.213592	371	451	4	5	80	0.0625000
NODE_8297_length_923_cov_43.213592	371	451	6	10	80	0.1250000
NODE_8297_length_923_cov_43.213592	371	451	9	49	80	0.6125000
NODE_8297_length_923_cov_43.213592	371	451	10	5	80	0.0625000
NODE_8297_length_923_cov_43.213592	424	504	6	41	80	0.5125000
NODE_8297_length_923_cov_43.213592	424	504	8	9	80	0.1125000
NODE_8297_length_923_cov_43.213592	424	504	9	30	80	0.3750000
NODE_8297_length_923_cov_43.213592	500	580	2	37	80	0.4625000
NODE_8297_length_923_cov_43.213592	500	580	4	12	80	0.1500000
NODE_8297_length_923_cov_43.213592	500	580	6	31	80	0.3875000
NODE_8297_length_923_cov_43.213592	553	633	2	80	80	1.0000000
NODE_8298_length_923_cov_34.108010	370	450	5	12	80	0.1500000
NODE_8298_length_923_cov_34.108010	370	450	6	49	80	0.6125000
NODE_8298_length_923_cov_34.108010	370	450	7	19	80	0.2375000
NODE_8298_length_923_cov_34.108010	423	503	3	44	80	0.5500000
NODE_8298_length_923_cov_34.108010	423	503	4	8	80	0.1000000
NODE_8298_length_923_cov_34.108010	423	503	5	12	80	0.1500000
NODE_8298_length_923_cov_34.108010	423	503	7	16	80	0.2000000
NODE_8299_length_923_cov_29.163835	392	472	2	10	80	0.1250000
NODE_8299_length_923_cov_29.163835	392	472	4	9	80	0.1125000
NODE_8299_length_923_cov_29.163835	392	472	5	12	80	0.1500000
NODE_8299_length_923_cov_29.163835	392	472	6	3	80	0.0375000
NODE_8299_length_923_cov_29.163835	392	472	7	42	80	0.5250000
NODE_8299_length_923_cov_29.163835	392	472	8	4	80	0.0500000
NODE_8299_length_923_cov_29.163835	445	525	6	6	80	0.0750000
NODE_8299_length_923_cov_29.163835	445	525	7	70	80	0.8750000
NODE_8299_length_923_cov_29.163835	445	525	8	4	80	0.0500000
NODE_8300_length_923_cov_19.139563	375	455	7	17	80	0.2125000
NODE_8300_length_923_cov_19.139563	375	455	8	36	80	0.4500000
NODE_8300_length_923_cov_19.139563	375	455	9	7	80	0.0875000
NODE_8300_length_923_cov_19.139563	375	455	10	20	80	0.2500000
NODE_8300_length_923_cov_19.139563	428	508	3	16	80	0.2000000
NODE_8300_length_923_cov_19.139563	428	508	4	4	80	0.0500000
NODE_8300_length_923_cov_19.139563	428	508	6	1	80	0.0125000
NODE_8300_length_923_cov_19.139563	428	508	7	44	80	0.5500000
NODE_8300_length_923_cov_19.139563	428	508	8	15	80	0.1875000
NODE_8301_length_923_cov_17.433252	512	592	12	1	80	0.0125000
NODE_8301_length_923_cov_17.433252	512	592	13	6	80	0.0750000
NODE_8301_length_923_cov_17.433252	512	592	14	1	80	0.0125000
NODE_8301_length_923_cov_17.433252	512	592	15	16	80	0.2000000
NODE_8301_length_923_cov_17.433252	512	592	16	7	80	0.0875000
NODE_8301_length_923_cov_17.433252	512	592	17	11	80	0.1375000
NODE_8301_length_923_cov_17.433252	512	592	18	38	80	0.4750000
NODE_8301_length_923_cov_17.433252	565	645	7	4	80	0.0500000
NODE_8301_length_923_cov_17.433252	565	645	8	3	80	0.0375000
NODE_8301_length_923_cov_17.433252	565	645	9	2	80	0.0250000
NODE_8301_length_923_cov_17.433252	565	645	10	10	80	0.1250000
NODE_8301_length_923_cov_17.433252	565	645	11	13	80	0.1625000
NODE_8301_length_923_cov_17.433252	565	645	13	11	80	0.1375000
NODE_8301_length_923_cov_17.433252	565	645	15	12	80	0.1500000
NODE_8301_length_923_cov_17.433252	565	645	16	17	80	0.2125000
NODE_8301_length_923_cov_17.433252	565	645	17	4	80	0.0500000
NODE_8301_length_923_cov_17.433252	565	645	18	4	80	0.0500000
NODE_8302_length_923_cov_16.597087	279	359	0	21	80	0.2625000
NODE_8302_length_923_cov_16.597087	279	359	1	59	80	0.7375000
NODE_8302_length_923_cov_16.597087	332	412	1	50	80	0.6250000
NODE_8302_length_923_cov_16.597087	332	412	2	30	80	0.3750000
NODE_8303_length_923_cov_15.229369	446	526	0	53	80	0.6625000
NODE_8303_length_923_cov_15.229369	446	526	1	3	80	0.0375000
NODE_8303_length_923_cov_15.229369	446	526	2	24	80	0.3000000
NODE_8303_length_923_cov_15.229369	499	579	1	3	80	0.0375000
NODE_8303_length_923_cov_15.229369	499	579	2	77	80	0.9625000
NODE_8304_length_923_cov_14.007282	304	349	0	35	45	0.7777778
NODE_8304_length_923_cov_14.007282	304	349	1	10	45	0.2222222
NODE_8304_length_923_cov_14.007282	345	427	1	78	82	0.9512195
NODE_8304_length_923_cov_14.007282	345	427	2	4	82	0.0487805
NODE_8304_length_923_cov_14.007282	397	480	1	26	83	0.3132530
NODE_8304_length_923_cov_14.007282	397	480	2	57	83	0.6867470
NODE_8305_length_923_cov_6.500000	308	388	2	23	80	0.2875000
NODE_8305_length_923_cov_6.500000	308	388	3	6	80	0.0750000
NODE_8305_length_923_cov_6.500000	308	388	4	40	80	0.5000000
NODE_8305_length_923_cov_6.500000	308	388	5	11	80	0.1375000
NODE_8305_length_923_cov_6.500000	361	441	4	80	80	1.0000000
NODE_8307_length_923_cov_6.115291	447	527	3	30	80	0.3750000
NODE_8307_length_923_cov_6.115291	447	527	4	8	80	0.1000000
NODE_8307_length_923_cov_6.115291	447	527	6	23	80	0.2875000
NODE_8307_length_923_cov_6.115291	447	527	7	6	80	0.0750000
NODE_8307_length_923_cov_6.115291	447	527	8	13	80	0.1625000
NODE_8307_length_923_cov_6.115291	500	580	6	19	80	0.2375000
NODE_8307_length_923_cov_6.115291	500	580	7	6	80	0.0750000
NODE_8307_length_923_cov_6.115291	500	580	8	42	80	0.5250000
NODE_8307_length_923_cov_6.115291	500	580	9	13	80	0.1625000
NODE_8308_length_923_cov_5.351942	363	445	1	82	82	1.0000000
NODE_8308_length_923_cov_5.351942	365	445	1	80	80	1.0000000
NODE_8317_length_923_cov_1.059466	63	143	0	80	80	1.0000000
NODE_8320_length_922_cov_40.331713	243	289	21	2	46	0.0434783
NODE_8320_length_922_cov_40.331713	243	289	22	4	46	0.0869565
NODE_8320_length_922_cov_40.331713	243	289	23	5	46	0.1086956
NODE_8320_length_922_cov_40.331713	243	289	24	14	46	0.3043478
NODE_8320_length_922_cov_40.331713	243	289	25	5	46	0.1086956
NODE_8320_length_922_cov_40.331713	243	289	26	1	46	0.0217391
NODE_8320_length_922_cov_40.331713	243	289	28	2	46	0.0434783
NODE_8320_length_922_cov_40.331713	243	289	29	1	46	0.0217391
NODE_8320_length_922_cov_40.331713	243	289	31	1	46	0.0217391
NODE_8320_length_922_cov_40.331713	243	289	32	1	46	0.0217391
NODE_8320_length_922_cov_40.331713	243	289	33	4	46	0.0869565
NODE_8320_length_922_cov_40.331713	243	289	34	6	46	0.1304348
NODE_8320_length_922_cov_40.331713	262	342	21	2	80	0.0250000
NODE_8320_length_922_cov_40.331713	262	342	22	3	80	0.0375000
NODE_8320_length_922_cov_40.331713	262	342	23	2	80	0.0250000
NODE_8320_length_922_cov_40.331713	262	342	25	4	80	0.0500000
NODE_8320_length_922_cov_40.331713	262	342	26	1	80	0.0125000
NODE_8320_length_922_cov_40.331713	262	342	28	2	80	0.0250000
NODE_8320_length_922_cov_40.331713	262	342	29	1	80	0.0125000
NODE_8320_length_922_cov_40.331713	262	342	31	1	80	0.0125000
NODE_8320_length_922_cov_40.331713	262	342	32	1	80	0.0125000
NODE_8320_length_922_cov_40.331713	262	342	33	4	80	0.0500000
NODE_8320_length_922_cov_40.331713	262	342	34	6	80	0.0750000
NODE_8320_length_922_cov_40.331713	262	342	39	1	80	0.0125000
NODE_8320_length_922_cov_40.331713	262	342	40	2	80	0.0250000
NODE_8320_length_922_cov_40.331713	262	342	41	2	80	0.0250000
NODE_8320_length_922_cov_40.331713	262	342	42	12	80	0.1500000
NODE_8320_length_922_cov_40.331713	262	342	43	4	80	0.0500000
NODE_8320_length_922_cov_40.331713	262	342	44	5	80	0.0625000
NODE_8320_length_922_cov_40.331713	262	342	45	2	80	0.0250000
NODE_8320_length_922_cov_40.331713	262	342	46	4	80	0.0500000
NODE_8320_length_922_cov_40.331713	262	342	48	4	80	0.0500000
NODE_8320_length_922_cov_40.331713	262	342	49	1	80	0.0125000
NODE_8320_length_922_cov_40.331713	262	342	51	4	80	0.0500000
NODE_8320_length_922_cov_40.331713	262	342	52	1	80	0.0125000
NODE_8320_length_922_cov_40.331713	262	342	53	4	80	0.0500000
NODE_8320_length_922_cov_40.331713	262	342	57	2	80	0.0250000
NODE_8320_length_922_cov_40.331713	262	342	58	2	80	0.0250000
NODE_8320_length_922_cov_40.331713	262	342	60	3	80	0.0375000
NODE_8320_length_922_cov_40.331713	780	860	0	80	80	1.0000000
NODE_8320_length_922_cov_40.331713	833	913	0	80	80	1.0000000
NODE_8321_length_922_cov_38.549210	126	177	20	2	51	0.0392157
NODE_8321_length_922_cov_38.549210	126	177	22	2	51	0.0392157
NODE_8321_length_922_cov_38.549210	126	177	23	3	51	0.0588235
NODE_8321_length_922_cov_38.549210	126	177	25	1	51	0.0196078
NODE_8321_length_922_cov_38.549210	126	177	27	4	51	0.0784314
NODE_8321_length_922_cov_38.549210	126	177	29	1	51	0.0196078
NODE_8321_length_922_cov_38.549210	126	177	31	1	51	0.0196078
NODE_8321_length_922_cov_38.549210	126	177	36	1	51	0.0196078
NODE_8321_length_922_cov_38.549210	126	177	38	2	51	0.0392157
NODE_8321_length_922_cov_38.549210	126	177	39	1	51	0.0196078
NODE_8321_length_922_cov_38.549210	126	177	41	1	51	0.0196078
NODE_8321_length_922_cov_38.549210	126	177	43	3	51	0.0588235
NODE_8321_length_922_cov_38.549210	126	177	44	1	51	0.0196078
NODE_8321_length_922_cov_38.549210	126	177	45	1	51	0.0196078
NODE_8321_length_922_cov_38.549210	126	177	46	2	51	0.0392157
NODE_8321_length_922_cov_38.549210	126	177	47	2	51	0.0392157
NODE_8321_length_922_cov_38.549210	126	177	48	2	51	0.0392157
NODE_8321_length_922_cov_38.549210	126	177	51	1	51	0.0196078
NODE_8321_length_922_cov_38.549210	126	177	52	12	51	0.2352941
NODE_8321_length_922_cov_38.549210	126	177	53	4	51	0.0784314
NODE_8321_length_922_cov_38.549210	126	177	54	1	51	0.0196078
NODE_8321_length_922_cov_38.549210	126	177	55	3	51	0.0588235
NODE_8321_length_922_cov_38.549210	308	383	1	75	75	1.0000000
NODE_8321_length_922_cov_38.549210	356	393	1	37	37	1.0000000
NODE_8321_length_922_cov_38.549210	818	898	0	80	80	1.0000000
NODE_8321_length_922_cov_38.549210	871	908	0	37	37	1.0000000
NODE_8322_length_922_cov_35.041312	385	465	0	7	80	0.0875000
NODE_8322_length_922_cov_35.041312	385	465	2	73	80	0.9125000
NODE_8322_length_922_cov_35.041312	438	518	0	4	80	0.0500000
NODE_8322_length_922_cov_35.041312	438	518	2	76	80	0.9500000
NODE_8323_length_922_cov_30.749696	426	506	4	24	80	0.3000000
NODE_8323_length_922_cov_30.749696	426	506	5	40	80	0.5000000
NODE_8323_length_922_cov_30.749696	426	506	6	3	80	0.0375000
NODE_8323_length_922_cov_30.749696	426	506	7	13	80	0.1625000
NODE_8323_length_922_cov_30.749696	479	559	4	11	80	0.1375000
NODE_8323_length_922_cov_30.749696	479	559	5	17	80	0.2125000
NODE_8323_length_922_cov_30.749696	479	559	6	39	80	0.4875000
NODE_8323_length_922_cov_30.749696	479	559	7	13	80	0.1625000
NODE_8324_length_922_cov_25.558931	291	370	3	1	79	0.0126582
NODE_8324_length_922_cov_25.558931	291	370	4	18	79	0.2278481
NODE_8324_length_922_cov_25.558931	291	370	5	4	79	0.0506329
NODE_8324_length_922_cov_25.558931	291	370	6	3	79	0.0379747
NODE_8324_length_922_cov_25.558931	291	370	7	11	79	0.1392405
NODE_8324_length_922_cov_25.558931	291	370	8	39	79	0.4936709
NODE_8324_length_922_cov_25.558931	291	370	9	2	79	0.0253165
NODE_8324_length_922_cov_25.558931	291	370	10	1	79	0.0126582
NODE_8324_length_922_cov_25.558931	344	423	8	23	79	0.2911392
NODE_8324_length_922_cov_25.558931	344	423	9	2	79	0.0253165
NODE_8324_length_922_cov_25.558931	344	423	10	22	79	0.2784810
NODE_8324_length_922_cov_25.558931	344	423	11	32	79	0.4050633
NODE_8325_length_922_cov_25.527339	391	471	0	80	80	1.0000000
NODE_8325_length_922_cov_25.527339	444	524	0	80	80	1.0000000
NODE_8326_length_922_cov_23.630620	224	304	6	11	80	0.1375000
NODE_8326_length_922_cov_23.630620	224	304	7	3	80	0.0375000
NODE_8326_length_922_cov_23.630620	224	304	8	19	80	0.2375000
NODE_8326_length_922_cov_23.630620	224	304	10	15	80	0.1875000
NODE_8326_length_922_cov_23.630620	224	304	11	32	80	0.4000000
NODE_8326_length_922_cov_23.630620	277	357	7	12	80	0.1500000
NODE_8326_length_922_cov_23.630620	277	357	8	9	80	0.1125000
NODE_8326_length_922_cov_23.630620	277	357	9	13	80	0.1625000
NODE_8326_length_922_cov_23.630620	277	357	11	46	80	0.5750000
NODE_8326_length_922_cov_23.630620	353	433	1	11	80	0.1375000
NODE_8326_length_922_cov_23.630620	353	433	2	35	80	0.4375000
NODE_8326_length_922_cov_23.630620	353	433	3	2	80	0.0250000
NODE_8326_length_922_cov_23.630620	353	433	4	16	80	0.2000000
NODE_8326_length_922_cov_23.630620	353	433	6	10	80	0.1250000
NODE_8326_length_922_cov_23.630620	353	433	7	6	80	0.0750000
NODE_8326_length_922_cov_23.630620	406	486	1	64	80	0.8000000
NODE_8326_length_922_cov_23.630620	406	486	2	16	80	0.2000000
NODE_8327_length_922_cov_22.388821	465	545	3	28	80	0.3500000
NODE_8327_length_922_cov_22.388821	465	545	5	52	80	0.6500000
NODE_8327_length_922_cov_22.388821	518	598	2	9	80	0.1125000
NODE_8327_length_922_cov_22.388821	518	598	3	33	80	0.4125000
NODE_8327_length_922_cov_22.388821	518	598	4	8	80	0.1000000
NODE_8327_length_922_cov_22.388821	518	598	5	30	80	0.3750000
NODE_8328_length_922_cov_20.320778	421	501	0	80	80	1.0000000
NODE_8328_length_922_cov_20.320778	474	554	0	80	80	1.0000000
NODE_8329_length_922_cov_17.645200	413	479	1	61	66	0.9242424
NODE_8329_length_922_cov_17.645200	413	479	3	5	66	0.0757576
NODE_8330_length_922_cov_12.574727	454	534	6	8	80	0.1000000
NODE_8330_length_922_cov_12.574727	454	534	7	5	80	0.0625000
NODE_8330_length_922_cov_12.574727	454	534	8	3	80	0.0375000
NODE_8330_length_922_cov_12.574727	454	534	9	6	80	0.0750000
NODE_8330_length_922_cov_12.574727	454	534	10	5	80	0.0625000
NODE_8330_length_922_cov_12.574727	454	534	12	7	80	0.0875000
NODE_8330_length_922_cov_12.574727	454	534	13	11	80	0.1375000
NODE_8330_length_922_cov_12.574727	454	534	14	19	80	0.2375000
NODE_8330_length_922_cov_12.574727	454	534	16	1	80	0.0125000
NODE_8330_length_922_cov_12.574727	454	534	17	2	80	0.0250000
NODE_8330_length_922_cov_12.574727	454	534	18	1	80	0.0125000
NODE_8330_length_922_cov_12.574727	454	534	19	2	80	0.0250000
NODE_8330_length_922_cov_12.574727	454	534	20	10	80	0.1250000
NODE_8330_length_922_cov_12.574727	507	587	14	11	80	0.1375000
NODE_8330_length_922_cov_12.574727	507	587	16	7	80	0.0875000
NODE_8330_length_922_cov_12.574727	507	587	17	2	80	0.0250000
NODE_8330_length_922_cov_12.574727	507	587	18	4	80	0.0500000
NODE_8330_length_922_cov_12.574727	507	587	19	23	80	0.2875000
NODE_8330_length_922_cov_12.574727	507	587	20	33	80	0.4125000
NODE_8331_length_922_cov_11.934386	255	335	2	36	80	0.4500000
NODE_8331_length_922_cov_11.934386	255	335	6	44	80	0.5500000
NODE_8331_length_922_cov_11.934386	308	388	4	4	80	0.0500000
NODE_8331_length_922_cov_11.934386	308	388	5	41	80	0.5125000
NODE_8331_length_922_cov_11.934386	308	388	6	35	80	0.4375000
NODE_8332_length_922_cov_11.068044	423	503	2	30	80	0.3750000
NODE_8332_length_922_cov_11.068044	423	503	4	50	80	0.6250000
NODE_8332_length_922_cov_11.068044	476	557	2	17	81	0.2098765
NODE_8332_length_922_cov_11.068044	476	557	3	24	81	0.2962963
NODE_8332_length_922_cov_11.068044	476	557	4	40	81	0.4938272
NODE_8333_length_922_cov_7.907655	441	521	1	7	80	0.0875000
NODE_8333_length_922_cov_7.907655	441	521	2	73	80	0.9125000
NODE_8333_length_922_cov_7.907655	494	574	2	80	80	1.0000000
NODE_8334_length_922_cov_7.737546	463	543	0	80	80	1.0000000
NODE_8334_length_922_cov_7.737546	516	596	0	39	80	0.4875000
NODE_8334_length_922_cov_7.737546	516	596	2	41	80	0.5125000
NODE_8335_length_922_cov_7.241798	298	378	3	17	80	0.2125000
NODE_8335_length_922_cov_7.241798	298	378	4	42	80	0.5250000
NODE_8335_length_922_cov_7.241798	298	378	5	21	80	0.2625000
NODE_8335_length_922_cov_7.241798	351	431	3	70	80	0.8750000
NODE_8335_length_922_cov_7.241798	351	431	4	10	80	0.1250000
NODE_8347_length_921_cov_21.317518	457	537	0	80	80	1.0000000
NODE_8347_length_921_cov_21.317518	510	590	0	80	80	1.0000000
NODE_8348_length_921_cov_18.462287	519	599	2	80	80	1.0000000
NODE_8348_length_921_cov_18.462287	572	652	2	28	80	0.3500000
NODE_8348_length_921_cov_18.462287	572	652	3	33	80	0.4125000
NODE_8348_length_921_cov_18.462287	572	652	4	19	80	0.2375000
NODE_8349_length_921_cov_15.440389	373	453	10	10	80	0.1250000
NODE_8349_length_921_cov_15.440389	373	453	11	7	80	0.0875000
NODE_8349_length_921_cov_15.440389	373	453	12	46	80	0.5750000
NODE_8349_length_921_cov_15.440389	373	453	13	17	80	0.2125000
NODE_8349_length_921_cov_15.440389	426	506	6	1	80	0.0125000
NODE_8349_length_921_cov_15.440389	426	506	8	19	80	0.2375000
NODE_8349_length_921_cov_15.440389	426	506	9	14	80	0.1750000
NODE_8349_length_921_cov_15.440389	426	506	10	2	80	0.0250000
NODE_8349_length_921_cov_15.440389	426	506	11	9	80	0.1125000
NODE_8349_length_921_cov_15.440389	426	506	12	18	80	0.2250000
NODE_8349_length_921_cov_15.440389	426	506	13	17	80	0.2125000
NODE_8350_length_921_cov_13.216545	465	545	3	50	80	0.6250000
NODE_8350_length_921_cov_13.216545	465	545	4	30	80	0.3750000
NODE_8350_length_921_cov_13.216545	518	598	2	5	80	0.0625000
NODE_8350_length_921_cov_13.216545	518	598	3	18	80	0.2250000
NODE_8350_length_921_cov_13.216545	518	598	4	31	80	0.3875000
NODE_8350_length_921_cov_13.216545	518	598	5	26	80	0.3250000
NODE_8351_length_921_cov_9.283455	399	439	0	40	40	1.0000000
NODE_8351_length_921_cov_9.283455	532	612	0	80	80	1.0000000
NODE_8351_length_921_cov_9.283455	585	665	0	80	80	1.0000000
NODE_8352_length_921_cov_8.253041	289	369	2	80	80	1.0000000
NODE_8352_length_921_cov_8.253041	342	422	1	40	80	0.5000000
NODE_8352_length_921_cov_8.253041	342	422	2	40	80	0.5000000
NODE_8364_length_920_cov_47.493301	543	623	3	18	80	0.2250000
NODE_8364_length_920_cov_47.493301	543	623	4	7	80	0.0875000
NODE_8364_length_920_cov_47.493301	543	623	5	19	80	0.2375000
NODE_8364_length_920_cov_47.493301	543	623	7	36	80	0.4500000
NODE_8364_length_920_cov_47.493301	596	676	4	26	80	0.3250000
NODE_8364_length_920_cov_47.493301	596	676	5	44	80	0.5500000
NODE_8364_length_920_cov_47.493301	596	676	7	10	80	0.1250000
NODE_8365_length_920_cov_30.404385	543	623	3	47	80	0.5875000
NODE_8365_length_920_cov_30.404385	543	623	5	1	80	0.0125000
NODE_8365_length_920_cov_30.404385	543	623	7	8	80	0.1000000
NODE_8365_length_920_cov_30.404385	543	623	8	3	80	0.0375000
NODE_8365_length_920_cov_30.404385	543	623	10	11	80	0.1375000
NODE_8365_length_920_cov_30.404385	543	623	12	10	80	0.1250000
NODE_8365_length_920_cov_30.404385	596	676	7	3	80	0.0375000
NODE_8365_length_920_cov_30.404385	596	676	8	3	80	0.0375000
NODE_8365_length_920_cov_30.404385	596	676	10	19	80	0.2375000
NODE_8365_length_920_cov_30.404385	596	676	12	55	80	0.6875000
NODE_8366_length_920_cov_25.360536	413	493	4	7	80	0.0875000
NODE_8366_length_920_cov_25.360536	413	493	5	2	80	0.0250000
NODE_8366_length_920_cov_25.360536	413	493	6	71	80	0.8875000
NODE_8366_length_920_cov_25.360536	466	546	0	16	80	0.2000000
NODE_8366_length_920_cov_25.360536	466	546	1	7	80	0.0875000
NODE_8366_length_920_cov_25.360536	466	546	3	10	80	0.1250000
NODE_8366_length_920_cov_25.360536	466	546	4	4	80	0.0500000
NODE_8366_length_920_cov_25.360536	466	546	5	18	80	0.2250000
NODE_8366_length_920_cov_25.360536	466	546	6	25	80	0.3125000
NODE_8366_length_920_cov_25.360536	542	615	0	18	73	0.2465753
NODE_8366_length_920_cov_25.360536	542	615	1	36	73	0.4931507
NODE_8366_length_920_cov_25.360536	542	615	3	1	73	0.0136986
NODE_8366_length_920_cov_25.360536	542	615	4	18	73	0.2465753
NODE_8366_length_920_cov_25.360536	588	668	1	8	80	0.1000000
NODE_8366_length_920_cov_25.360536	588	668	3	1	80	0.0125000
NODE_8366_length_920_cov_25.360536	588	668	4	19	80	0.2375000
NODE_8366_length_920_cov_25.360536	588	668	6	52	80	0.6500000
NODE_8367_length_920_cov_24.918392	403	483	5	1	80	0.0125000
NODE_8367_length_920_cov_24.918392	403	483	6	1	80	0.0125000
NODE_8367_length_920_cov_24.918392	403	483	7	22	80	0.2750000
NODE_8367_length_920_cov_24.918392	403	483	8	23	80	0.2875000
NODE_8367_length_920_cov_24.918392	403	483	9	1	80	0.0125000
NODE_8367_length_920_cov_24.918392	403	483	10	32	80	0.4000000
NODE_8367_length_920_cov_24.918392	456	536	7	14	80	0.1750000
NODE_8367_length_920_cov_24.918392	456	536	8	17	80	0.2125000
NODE_8367_length_920_cov_24.918392	456	536	9	1	80	0.0125000
NODE_8367_length_920_cov_24.918392	456	536	10	48	80	0.6000000
NODE_8368_length_920_cov_18.517661	353	433	4	27	80	0.3375000
NODE_8368_length_920_cov_18.517661	353	433	6	13	80	0.1625000
NODE_8368_length_920_cov_18.517661	353	433	7	40	80	0.5000000
NODE_8368_length_920_cov_18.517661	406	486	5	39	80	0.4875000
NODE_8368_length_920_cov_18.517661	406	486	6	8	80	0.1000000
NODE_8368_length_920_cov_18.517661	406	486	7	33	80	0.4125000
NODE_8369_length_920_cov_17.710110	310	390	1	19	80	0.2375000
NODE_8369_length_920_cov_17.710110	310	390	2	16	80	0.2000000
NODE_8369_length_920_cov_17.710110	310	390	3	45	80	0.5625000
NODE_8369_length_920_cov_17.710110	363	443	2	16	80	0.2000000
NODE_8369_length_920_cov_17.710110	363	443	3	11	80	0.1375000
NODE_8369_length_920_cov_17.710110	363	443	4	31	80	0.3875000
NODE_8369_length_920_cov_17.710110	363	443	6	22	80	0.2750000
NODE_8370_length_920_cov_15.650426	403	458	1	24	55	0.4363636
NODE_8370_length_920_cov_15.650426	403	458	3	21	55	0.3818182
NODE_8370_length_920_cov_15.650426	403	458	4	10	55	0.1818182
NODE_8371_length_920_cov_12.588307	454	534	5	23	80	0.2875000
NODE_8371_length_920_cov_12.588307	454	534	6	9	80	0.1125000
NODE_8371_length_920_cov_12.588307	454	534	7	3	80	0.0375000
NODE_8371_length_920_cov_12.588307	454	534	8	45	80	0.5625000
NODE_8371_length_920_cov_12.588307	507	586	3	8	79	0.1012658
NODE_8371_length_920_cov_12.588307	507	586	4	31	79	0.3924051
NODE_8371_length_920_cov_12.588307	507	586	5	3	79	0.0379747
NODE_8371_length_920_cov_12.588307	507	586	6	6	79	0.0759494
NODE_8371_length_920_cov_12.588307	507	586	8	31	79	0.3924051
NODE_8372_length_920_cov_10.822168	354	434	2	80	80	1.0000000
NODE_8372_length_920_cov_10.822168	407	487	2	80	80	1.0000000
NODE_8374_length_920_cov_8.297199	453	533	0	80	80	1.0000000
NODE_8374_length_920_cov_8.297199	506	583	0	77	77	1.0000000
NODE_8378_length_920_cov_2.992692	501	581	1	25	80	0.3125000
NODE_8378_length_920_cov_2.992692	501	581	2	55	80	0.6875000
NODE_8378_length_920_cov_2.992692	554	634	1	27	80	0.3375000
NODE_8378_length_920_cov_2.992692	554	634	2	53	80	0.6625000
NODE_8389_length_919_cov_44.813415	338	418	1	28	80	0.3500000
NODE_8389_length_919_cov_44.813415	338	418	3	52	80	0.6500000
NODE_8389_length_919_cov_44.813415	391	471	0	7	80	0.0875000
NODE_8389_length_919_cov_44.813415	391	471	1	14	80	0.1750000
NODE_8389_length_919_cov_44.813415	391	471	3	59	80	0.7375000
NODE_8389_length_919_cov_44.813415	467	547	0	80	80	1.0000000
NODE_8389_length_919_cov_44.813415	520	600	0	80	80	1.0000000
NODE_8390_length_919_cov_37.459756	389	469	8	4	80	0.0500000
NODE_8390_length_919_cov_37.459756	389	469	9	12	80	0.1500000
NODE_8390_length_919_cov_37.459756	389	469	10	16	80	0.2000000
NODE_8390_length_919_cov_37.459756	389	469	11	20	80	0.2500000
NODE_8390_length_919_cov_37.459756	389	469	12	14	80	0.1750000
NODE_8390_length_919_cov_37.459756	389	469	13	14	80	0.1750000
NODE_8390_length_919_cov_37.459756	442	522	6	4	80	0.0500000
NODE_8390_length_919_cov_37.459756	442	522	8	2	80	0.0250000
NODE_8390_length_919_cov_37.459756	442	522	9	14	80	0.1750000
NODE_8390_length_919_cov_37.459756	442	522	10	15	80	0.1875000
NODE_8390_length_919_cov_37.459756	442	522	11	41	80	0.5125000
NODE_8390_length_919_cov_37.459756	442	522	12	4	80	0.0500000
NODE_8390_length_919_cov_37.459756	518	598	3	11	80	0.1375000
NODE_8390_length_919_cov_37.459756	518	598	4	20	80	0.2500000
NODE_8390_length_919_cov_37.459756	518	598	5	23	80	0.2875000
NODE_8390_length_919_cov_37.459756	518	598	6	13	80	0.1625000
NODE_8390_length_919_cov_37.459756	518	598	7	13	80	0.1625000
NODE_8390_length_919_cov_37.459756	571	651	3	45	80	0.5625000
NODE_8390_length_919_cov_37.459756	571	651	4	4	80	0.0500000
NODE_8390_length_919_cov_37.459756	571	651	5	31	80	0.3875000
NODE_8391_length_919_cov_35.002439	474	554	0	24	80	0.3000000
NODE_8391_length_919_cov_35.002439	474	554	2	56	80	0.7000000
NODE_8391_length_919_cov_35.002439	527	607	2	80	80	1.0000000
NODE_8392_length_919_cov_29.935366	246	326	1	80	80	1.0000000
NODE_8392_length_919_cov_29.935366	299	379	1	28	80	0.3500000
NODE_8392_length_919_cov_29.935366	299	379	5	52	80	0.6500000
NODE_8393_length_919_cov_28.190244	470	550	5	5	80	0.0625000
NODE_8393_length_919_cov_28.190244	470	550	6	14	80	0.1750000
NODE_8393_length_919_cov_28.190244	470	550	7	61	80	0.7625000
NODE_8393_length_919_cov_28.190244	523	603	1	17	80	0.2125000
NODE_8393_length_919_cov_28.190244	523	603	2	6	80	0.0750000
NODE_8393_length_919_cov_28.190244	523	603	3	4	80	0.0500000
NODE_8393_length_919_cov_28.190244	523	603	4	22	80	0.2750000
NODE_8393_length_919_cov_28.190244	523	603	5	9	80	0.1125000
NODE_8393_length_919_cov_28.190244	523	603	6	14	80	0.1750000
NODE_8393_length_919_cov_28.190244	523	603	7	8	80	0.1000000
NODE_8394_length_919_cov_27.119512	454	534	7	8	80	0.1000000
NODE_8394_length_919_cov_27.119512	454	534	8	21	80	0.2625000
NODE_8394_length_919_cov_27.119512	454	534	9	36	80	0.4500000
NODE_8394_length_919_cov_27.119512	454	534	10	6	80	0.0750000
NODE_8394_length_919_cov_27.119512	454	534	11	9	80	0.1125000
NODE_8394_length_919_cov_27.119512	507	587	5	4	80	0.0500000
NODE_8394_length_919_cov_27.119512	507	587	6	7	80	0.0875000
NODE_8394_length_919_cov_27.119512	507	587	7	3	80	0.0375000
NODE_8394_length_919_cov_27.119512	507	587	8	21	80	0.2625000
NODE_8394_length_919_cov_27.119512	507	587	9	32	80	0.4000000
NODE_8394_length_919_cov_27.119512	507	587	10	6	80	0.0750000
NODE_8394_length_919_cov_27.119512	507	587	11	7	80	0.0875000
NODE_8395_length_919_cov_21.836585	545	625	3	5	80	0.0625000
NODE_8395_length_919_cov_21.836585	545	625	4	49	80	0.6125000
NODE_8395_length_919_cov_21.836585	545	625	5	22	80	0.2750000
NODE_8395_length_919_cov_21.836585	545	625	6	4	80	0.0500000
NODE_8395_length_919_cov_21.836585	598	677	4	1	79	0.0126582
NODE_8395_length_919_cov_21.836585	598	677	5	22	79	0.2784810
NODE_8395_length_919_cov_21.836585	598	677	6	4	79	0.0506329
NODE_8395_length_919_cov_21.836585	598	677	9	40	79	0.5063291
NODE_8395_length_919_cov_21.836585	598	677	10	12	79	0.1518987
NODE_8396_length_919_cov_17.442683	385	465	5	10	80	0.1250000
NODE_8396_length_919_cov_17.442683	385	465	6	4	80	0.0500000
NODE_8396_length_919_cov_17.442683	385	465	7	30	80	0.3750000
NODE_8396_length_919_cov_17.442683	385	465	8	22	80	0.2750000
NODE_8396_length_919_cov_17.442683	385	465	9	14	80	0.1750000
NODE_8396_length_919_cov_17.442683	438	518	7	8	80	0.1000000
NODE_8396_length_919_cov_17.442683	438	518	8	45	80	0.5625000
NODE_8396_length_919_cov_17.442683	438	518	9	27	80	0.3375000
NODE_8397_length_919_cov_16.685366	309	389	5	10	80	0.1250000
NODE_8397_length_919_cov_16.685366	309	389	6	48	80	0.6000000
NODE_8397_length_919_cov_16.685366	309	389	7	22	80	0.2750000
NODE_8397_length_919_cov_16.685366	362	442	2	17	80	0.2125000
NODE_8397_length_919_cov_16.685366	362	442	3	4	80	0.0500000
NODE_8397_length_919_cov_16.685366	362	442	4	16	80	0.2000000
NODE_8397_length_919_cov_16.685366	362	442	5	19	80	0.2375000
NODE_8397_length_919_cov_16.685366	362	442	6	13	80	0.1625000
NODE_8397_length_919_cov_16.685366	362	442	7	11	80	0.1375000
NODE_8398_length_919_cov_14.013415	435	515	0	80	80	1.0000000
NODE_8398_length_919_cov_14.013415	488	568	0	80	80	1.0000000
NODE_8399_length_919_cov_12.013415	340	420	2	3	80	0.0375000
NODE_8399_length_919_cov_12.013415	340	420	3	28	80	0.3500000
NODE_8399_length_919_cov_12.013415	340	420	4	49	80	0.6125000
NODE_8399_length_919_cov_12.013415	393	473	3	36	80	0.4500000
NODE_8399_length_919_cov_12.013415	393	473	4	44	80	0.5500000
NODE_8403_length_919_cov_3.529268	424	504	0	2	80	0.0250000
NODE_8403_length_919_cov_3.529268	424	504	2	78	80	0.9750000
NODE_8403_length_919_cov_3.529268	477	557	0	13	80	0.1625000
NODE_8403_length_919_cov_3.529268	477	557	2	67	80	0.8375000
NODE_8404_length_919_cov_3.200000	444	524	0	80	80	1.0000000
NODE_8404_length_919_cov_3.200000	497	577	0	80	80	1.0000000
NODE_8415_length_918_cov_41.115995	387	467	14	4	80	0.0500000
NODE_8415_length_918_cov_41.115995	387	467	15	4	80	0.0500000
NODE_8415_length_918_cov_41.115995	387	467	16	17	80	0.2125000
NODE_8415_length_918_cov_41.115995	387	467	17	1	80	0.0125000
NODE_8415_length_918_cov_41.115995	387	467	18	2	80	0.0250000
NODE_8415_length_918_cov_41.115995	387	467	19	4	80	0.0500000
NODE_8415_length_918_cov_41.115995	387	467	20	24	80	0.3000000
NODE_8415_length_918_cov_41.115995	387	467	21	7	80	0.0875000
NODE_8415_length_918_cov_41.115995	387	467	22	17	80	0.2125000
NODE_8415_length_918_cov_41.115995	440	520	14	9	80	0.1125000
NODE_8415_length_918_cov_41.115995	440	520	15	9	80	0.1125000
NODE_8415_length_918_cov_41.115995	440	520	16	3	80	0.0375000
NODE_8415_length_918_cov_41.115995	440	520	18	28	80	0.3500000
NODE_8415_length_918_cov_41.115995	440	520	19	6	80	0.0750000
NODE_8415_length_918_cov_41.115995	440	520	20	19	80	0.2375000
NODE_8415_length_918_cov_41.115995	440	520	21	3	80	0.0375000
NODE_8415_length_918_cov_41.115995	440	520	22	3	80	0.0375000
NODE_8416_length_918_cov_37.405372	427	507	5	11	80	0.1375000
NODE_8416_length_918_cov_37.405372	427	507	6	68	80	0.8500000
NODE_8416_length_918_cov_37.405372	427	507	7	1	80	0.0125000
NODE_8416_length_918_cov_37.405372	480	560	4	38	80	0.4750000
NODE_8416_length_918_cov_37.405372	480	560	5	6	80	0.0750000
NODE_8416_length_918_cov_37.405372	480	560	6	35	80	0.4375000
NODE_8416_length_918_cov_37.405372	480	560	7	1	80	0.0125000
NODE_8417_length_918_cov_31.559219	289	369	2	10	80	0.1250000
NODE_8417_length_918_cov_31.559219	289	369	3	70	80	0.8750000
NODE_8417_length_918_cov_31.559219	342	422	3	29	80	0.3625000
NODE_8417_length_918_cov_31.559219	342	422	4	21	80	0.2625000
NODE_8417_length_918_cov_31.559219	342	422	5	2	80	0.0250000
NODE_8417_length_918_cov_31.559219	342	422	6	28	80	0.3500000
NODE_8417_length_918_cov_31.559219	418	498	4	1	80	0.0125000
NODE_8417_length_918_cov_31.559219	418	498	6	63	80	0.7875000
NODE_8417_length_918_cov_31.559219	418	498	7	16	80	0.2000000
NODE_8417_length_918_cov_31.559219	471	551	4	1	80	0.0125000
NODE_8417_length_918_cov_31.559219	471	551	5	1	80	0.0125000
NODE_8417_length_918_cov_31.559219	471	551	6	72	80	0.9000000
NODE_8417_length_918_cov_31.559219	471	551	7	6	80	0.0750000
NODE_8418_length_918_cov_25.195360	429	509	5	23	80	0.2875000
NODE_8418_length_918_cov_25.195360	429	509	6	37	80	0.4625000
NODE_8418_length_918_cov_25.195360	429	509	8	16	80	0.2000000
NODE_8418_length_918_cov_25.195360	429	509	10	4	80	0.0500000
NODE_8418_length_918_cov_25.195360	482	562	5	4	80	0.0500000
NODE_8418_length_918_cov_25.195360	482	562	6	3	80	0.0375000
NODE_8418_length_918_cov_25.195360	482	562	8	43	80	0.5375000
NODE_8418_length_918_cov_25.195360	482	562	9	6	80	0.0750000
NODE_8418_length_918_cov_25.195360	482	562	10	24	80	0.3000000
NODE_8420_length_918_cov_10.537241	361	441	3	50	80	0.6250000
NODE_8420_length_918_cov_10.537241	361	441	4	30	80	0.3750000
NODE_8420_length_918_cov_10.537241	414	492	2	21	78	0.2692308
NODE_8420_length_918_cov_10.537241	414	492	4	57	78	0.7307692
NODE_8421_length_918_cov_9.821734	283	363	0	34	80	0.4250000
NODE_8421_length_918_cov_9.821734	283	363	3	45	80	0.5625000
NODE_8421_length_918_cov_9.821734	283	363	4	1	80	0.0125000
NODE_8421_length_918_cov_9.821734	336	416	3	26	80	0.3250000
NODE_8421_length_918_cov_9.821734	336	416	4	54	80	0.6750000
NODE_8422_length_918_cov_9.714286	365	445	3	2	80	0.0250000
NODE_8422_length_918_cov_9.714286	365	445	4	13	80	0.1625000
NODE_8422_length_918_cov_9.714286	365	445	7	17	80	0.2125000
NODE_8422_length_918_cov_9.714286	365	445	8	3	80	0.0375000
NODE_8422_length_918_cov_9.714286	365	445	9	38	80	0.4750000
NODE_8422_length_918_cov_9.714286	365	445	12	7	80	0.0875000
NODE_8422_length_918_cov_9.714286	418	498	9	22	80	0.2750000
NODE_8422_length_918_cov_9.714286	418	498	10	9	80	0.1125000
NODE_8422_length_918_cov_9.714286	418	498	12	49	80	0.6125000
NODE_8441_length_917_cov_38.845966	405	476	7	21	71	0.2957746
NODE_8441_length_917_cov_38.845966	405	476	8	33	71	0.4647887
NODE_8441_length_917_cov_38.845966	405	476	9	13	71	0.1830986
NODE_8441_length_917_cov_38.845966	405	476	10	3	71	0.0422535
NODE_8441_length_917_cov_38.845966	405	476	11	1	71	0.0140845
NODE_8441_length_917_cov_38.845966	458	538	6	3	80	0.0375000
NODE_8441_length_917_cov_38.845966	458	538	7	24	80	0.3000000
NODE_8441_length_917_cov_38.845966	458	538	8	25	80	0.3125000
NODE_8441_length_917_cov_38.845966	458	538	9	24	80	0.3000000
NODE_8441_length_917_cov_38.845966	458	538	10	3	80	0.0375000
NODE_8441_length_917_cov_38.845966	458	538	11	1	80	0.0125000
NODE_8442_length_917_cov_37.775061	505	585	4	12	80	0.1500000
NODE_8442_length_917_cov_37.775061	505	585	5	26	80	0.3250000
NODE_8442_length_917_cov_37.775061	505	585	6	6	80	0.0750000
NODE_8442_length_917_cov_37.775061	505	585	7	36	80	0.4500000
NODE_8442_length_917_cov_37.775061	558	638	3	48	80	0.6000000
NODE_8442_length_917_cov_37.775061	558	638	5	25	80	0.3125000
NODE_8442_length_917_cov_37.775061	558	638	6	2	80	0.0250000
NODE_8442_length_917_cov_37.775061	558	638	7	5	80	0.0625000
NODE_8443_length_917_cov_33.195599	335	415	0	46	80	0.5750000
NODE_8443_length_917_cov_33.195599	335	415	1	34	80	0.4250000
NODE_8443_length_917_cov_33.195599	388	468	0	30	80	0.3750000
NODE_8443_length_917_cov_33.195599	388	468	1	12	80	0.1500000
NODE_8443_length_917_cov_33.195599	388	468	2	11	80	0.1375000
NODE_8443_length_917_cov_33.195599	388	468	4	21	80	0.2625000
NODE_8443_length_917_cov_33.195599	388	468	5	6	80	0.0750000
NODE_8443_length_917_cov_33.195599	464	544	5	38	80	0.4750000
NODE_8443_length_917_cov_33.195599	464	544	7	3	80	0.0375000
NODE_8443_length_917_cov_33.195599	464	544	8	7	80	0.0875000
NODE_8443_length_917_cov_33.195599	464	544	10	32	80	0.4000000
NODE_8443_length_917_cov_33.195599	517	597	4	7	80	0.0875000
NODE_8443_length_917_cov_33.195599	517	597	6	10	80	0.1250000
NODE_8443_length_917_cov_33.195599	517	597	7	8	80	0.1000000
NODE_8443_length_917_cov_33.195599	517	597	9	4	80	0.0500000
NODE_8443_length_917_cov_33.195599	517	597	10	51	80	0.6375000
NODE_8444_length_917_cov_22.871638	463	543	4	3	80	0.0375000
NODE_8444_length_917_cov_22.871638	463	543	6	1	80	0.0125000
NODE_8444_length_917_cov_22.871638	463	543	7	44	80	0.5500000
NODE_8444_length_917_cov_22.871638	463	543	8	32	80	0.4000000
NODE_8444_length_917_cov_22.871638	516	593	4	3	77	0.0389610
NODE_8444_length_917_cov_22.871638	516	593	6	24	77	0.3116883
NODE_8444_length_917_cov_22.871638	516	593	7	36	77	0.4675325
NODE_8444_length_917_cov_22.871638	516	593	8	14	77	0.1818182
NODE_8445_length_917_cov_16.899756	321	401	3	36	80	0.4500000
NODE_8445_length_917_cov_16.899756	321	401	4	44	80	0.5500000
NODE_8445_length_917_cov_16.899756	374	454	1	26	80	0.3250000
NODE_8445_length_917_cov_16.899756	374	454	2	25	80	0.3125000
NODE_8445_length_917_cov_16.899756	374	454	4	29	80	0.3625000
NODE_8446_length_917_cov_12.283619	397	477	4	15	80	0.1875000
NODE_8446_length_917_cov_12.283619	397	477	6	65	80	0.8125000
NODE_8446_length_917_cov_12.283619	450	530	0	8	80	0.1000000
NODE_8446_length_917_cov_12.283619	450	530	1	11	80	0.1375000
NODE_8446_length_917_cov_12.283619	450	530	3	26	80	0.3250000
NODE_8446_length_917_cov_12.283619	450	530	4	5	80	0.0625000
NODE_8446_length_917_cov_12.283619	450	530	6	30	80	0.3750000
NODE_8447_length_917_cov_12.172372	380	460	4	41	80	0.5125000
NODE_8447_length_917_cov_12.172372	380	460	6	11	80	0.1375000
NODE_8447_length_917_cov_12.172372	380	460	8	2	80	0.0250000
NODE_8447_length_917_cov_12.172372	380	460	10	6	80	0.0750000
NODE_8447_length_917_cov_12.172372	380	460	11	6	80	0.0750000
NODE_8447_length_917_cov_12.172372	380	460	12	4	80	0.0500000
NODE_8447_length_917_cov_12.172372	380	460	13	1	80	0.0125000
NODE_8447_length_917_cov_12.172372	380	460	14	9	80	0.1125000
NODE_8447_length_917_cov_12.172372	433	513	8	1	80	0.0125000
NODE_8447_length_917_cov_12.172372	433	513	10	6	80	0.0750000
NODE_8447_length_917_cov_12.172372	433	513	11	6	80	0.0750000
NODE_8447_length_917_cov_12.172372	433	513	12	4	80	0.0500000
NODE_8447_length_917_cov_12.172372	433	513	13	26	80	0.3250000
NODE_8447_length_917_cov_12.172372	433	513	14	27	80	0.3375000
NODE_8447_length_917_cov_12.172372	433	513	15	5	80	0.0625000
NODE_8447_length_917_cov_12.172372	433	513	16	5	80	0.0625000
NODE_8447_length_917_cov_12.172372	545	597	5	11	52	0.2115385
NODE_8447_length_917_cov_12.172372	545	597	6	2	52	0.0384615
NODE_8447_length_917_cov_12.172372	545	597	7	11	52	0.2115385
NODE_8447_length_917_cov_12.172372	545	597	8	1	52	0.0192308
NODE_8447_length_917_cov_12.172372	545	597	9	14	52	0.2692308
NODE_8447_length_917_cov_12.172372	545	597	11	9	52	0.1730769
NODE_8447_length_917_cov_12.172372	545	597	13	4	52	0.0769231
NODE_8448_length_917_cov_8.277506	564	644	0	14	80	0.1750000
NODE_8448_length_917_cov_8.277506	564	644	2	11	80	0.1375000
NODE_8448_length_917_cov_8.277506	564	644	3	55	80	0.6875000
NODE_8448_length_917_cov_8.277506	617	697	3	49	80	0.6125000
NODE_8448_length_917_cov_8.277506	617	697	4	31	80	0.3875000
NODE_8449_length_917_cov_8.145477	155	235	4	80	80	1.0000000
NODE_8449_length_917_cov_8.145477	208	288	1	24	80	0.3000000
NODE_8449_length_917_cov_8.145477	208	288	2	29	80	0.3625000
NODE_8449_length_917_cov_8.145477	208	288	4	27	80	0.3375000
NODE_8451_length_917_cov_6.073350	366	446	0	46	80	0.5750000
NODE_8451_length_917_cov_6.073350	366	446	1	34	80	0.4250000
NODE_8451_length_917_cov_6.073350	419	499	1	80	80	1.0000000
NODE_8463_length_916_cov_32.867809	347	427	0	69	80	0.8625000
NODE_8463_length_916_cov_32.867809	347	427	1	11	80	0.1375000
NODE_8463_length_916_cov_32.867809	400	480	0	16	80	0.2000000
NODE_8463_length_916_cov_32.867809	400	480	1	64	80	0.8000000
NODE_8464_length_916_cov_27.673195	450	530	1	18	80	0.2250000
NODE_8464_length_916_cov_27.673195	450	530	2	43	80	0.5375000
NODE_8464_length_916_cov_27.673195	450	530	3	19	80	0.2375000
NODE_8464_length_916_cov_27.673195	503	583	2	8	80	0.1000000
NODE_8464_length_916_cov_27.673195	503	583	3	72	80	0.9000000
NODE_8465_length_916_cov_27.146879	223	303	6	3	80	0.0375000
NODE_8465_length_916_cov_27.146879	223	303	7	9	80	0.1125000
NODE_8465_length_916_cov_27.146879	223	303	8	68	80	0.8500000
NODE_8465_length_916_cov_27.146879	276	356	5	10	80	0.1250000
NODE_8465_length_916_cov_27.146879	276	356	6	39	80	0.4875000
NODE_8465_length_916_cov_27.146879	276	356	7	7	80	0.0875000
NODE_8465_length_916_cov_27.146879	276	356	8	24	80	0.3000000
NODE_8466_length_916_cov_25.604651	398	478	2	10	80	0.1250000
NODE_8466_length_916_cov_25.604651	398	478	3	56	80	0.7000000
NODE_8466_length_916_cov_25.604651	398	478	5	14	80	0.1750000
NODE_8466_length_916_cov_25.604651	451	531	3	13	80	0.1625000
NODE_8466_length_916_cov_25.604651	451	531	5	67	80	0.8375000
NODE_8467_length_916_cov_18.035496	456	536	7	7	80	0.0875000
NODE_8467_length_916_cov_18.035496	456	536	8	31	80	0.3875000
NODE_8467_length_916_cov_18.035496	456	536	9	42	80	0.5250000
NODE_8467_length_916_cov_18.035496	509	589	5	10	80	0.1250000
NODE_8467_length_916_cov_18.035496	509	589	6	12	80	0.1500000
NODE_8467_length_916_cov_18.035496	509	589	7	1	80	0.0125000
NODE_8467_length_916_cov_18.035496	509	589	8	6	80	0.0750000
NODE_8467_length_916_cov_18.035496	509	589	9	44	80	0.5500000
NODE_8467_length_916_cov_18.035496	509	589	10	7	80	0.0875000
NODE_8468_length_916_cov_12.651163	500	580	3	42	80	0.5250000
NODE_8468_length_916_cov_12.651163	500	580	4	38	80	0.4750000
NODE_8468_length_916_cov_12.651163	553	633	0	30	80	0.3750000
NODE_8468_length_916_cov_12.651163	553	633	2	10	80	0.1250000
NODE_8468_length_916_cov_12.651163	553	633	3	40	80	0.5000000
NODE_8469_length_916_cov_11.337821	530	610	3	6	80	0.0750000
NODE_8469_length_916_cov_11.337821	530	610	4	15	80	0.1875000
NODE_8469_length_916_cov_11.337821	530	610	5	59	80	0.7375000
NODE_8469_length_916_cov_11.337821	583	663	1	10	80	0.1250000
NODE_8469_length_916_cov_11.337821	583	663	3	7	80	0.0875000
NODE_8469_length_916_cov_11.337821	583	663	4	51	80	0.6375000
NODE_8469_length_916_cov_11.337821	583	663	5	12	80	0.1500000
NODE_8470_length_916_cov_9.640147	293	373	0	80	80	1.0000000
NODE_8470_length_916_cov_9.640147	346	426	0	80	80	1.0000000
NODE_8472_length_916_cov_8.042840	426	506	1	80	80	1.0000000
NODE_8472_length_916_cov_8.042840	479	559	0	43	80	0.5375000
NODE_8472_length_916_cov_8.042840	479	559	1	37	80	0.4625000
NODE_8473_length_916_cov_7.123623	785	847	2	62	62	1.0000000
NODE_8473_length_916_cov_7.123623	820	900	2	80	80	1.0000000
NODE_8481_length_915_cov_59.289216	398	478	8	3	80	0.0375000
NODE_8481_length_915_cov_59.289216	398	478	9	47	80	0.5875000
NODE_8481_length_915_cov_59.289216	398	478	10	8	80	0.1000000
NODE_8481_length_915_cov_59.289216	398	478	11	22	80	0.2750000
NODE_8481_length_915_cov_59.289216	451	531	5	27	80	0.3375000
NODE_8481_length_915_cov_59.289216	451	531	6	17	80	0.2125000
NODE_8481_length_915_cov_59.289216	451	531	7	1	80	0.0125000
NODE_8481_length_915_cov_59.289216	451	531	8	11	80	0.1375000
NODE_8481_length_915_cov_59.289216	451	531	9	23	80	0.2875000
NODE_8481_length_915_cov_59.289216	451	531	11	1	80	0.0125000
NODE_8481_length_915_cov_59.289216	527	607	2	28	80	0.3500000
NODE_8481_length_915_cov_59.289216	527	607	3	7	80	0.0875000
NODE_8481_length_915_cov_59.289216	527	607	4	39	80	0.4875000
NODE_8481_length_915_cov_59.289216	527	607	6	6	80	0.0750000
NODE_8481_length_915_cov_59.289216	580	660	2	46	80	0.5750000
NODE_8481_length_915_cov_59.289216	580	660	3	10	80	0.1250000
NODE_8481_length_915_cov_59.289216	580	660	4	4	80	0.0500000
NODE_8481_length_915_cov_59.289216	580	660	5	20	80	0.2500000
NODE_8482_length_915_cov_45.104167	153	228	0	52	75	0.6933333
NODE_8482_length_915_cov_45.104167	153	228	1	4	75	0.0533333
NODE_8482_length_915_cov_45.104167	153	228	2	2	75	0.0266667
NODE_8482_length_915_cov_45.104167	153	228	3	17	75	0.2266667
NODE_8482_length_915_cov_45.104167	206	286	1	3	80	0.0375000
NODE_8482_length_915_cov_45.104167	206	286	2	2	80	0.0250000
NODE_8482_length_915_cov_45.104167	206	286	3	20	80	0.2500000
NODE_8482_length_915_cov_45.104167	206	286	4	50	80	0.6250000
NODE_8482_length_915_cov_45.104167	206	286	6	5	80	0.0625000
NODE_8482_length_915_cov_45.104167	282	362	6	13	80	0.1625000
NODE_8482_length_915_cov_45.104167	282	362	7	5	80	0.0625000
NODE_8482_length_915_cov_45.104167	282	362	9	5	80	0.0625000
NODE_8482_length_915_cov_45.104167	282	362	10	23	80	0.2875000
NODE_8482_length_915_cov_45.104167	282	362	11	18	80	0.2250000
NODE_8482_length_915_cov_45.104167	282	362	12	13	80	0.1625000
NODE_8482_length_915_cov_45.104167	282	362	13	3	80	0.0375000
NODE_8482_length_915_cov_45.104167	335	415	11	23	80	0.2875000
NODE_8482_length_915_cov_45.104167	335	415	12	14	80	0.1750000
NODE_8482_length_915_cov_45.104167	335	415	13	26	80	0.3250000
NODE_8482_length_915_cov_45.104167	335	415	14	12	80	0.1500000
NODE_8482_length_915_cov_45.104167	335	415	15	3	80	0.0375000
NODE_8482_length_915_cov_45.104167	335	415	16	2	80	0.0250000
NODE_8483_length_915_cov_37.599265	397	477	4	10	80	0.1250000
NODE_8483_length_915_cov_37.599265	397	477	5	10	80	0.1250000
NODE_8483_length_915_cov_37.599265	397	477	6	1	80	0.0125000
NODE_8483_length_915_cov_37.599265	397	477	8	4	80	0.0500000
NODE_8483_length_915_cov_37.599265	397	477	10	9	80	0.1125000
NODE_8483_length_915_cov_37.599265	397	477	11	16	80	0.2000000
NODE_8483_length_915_cov_37.599265	397	477	13	6	80	0.0750000
NODE_8483_length_915_cov_37.599265	397	477	14	15	80	0.1875000
NODE_8483_length_915_cov_37.599265	397	477	15	9	80	0.1125000
NODE_8483_length_915_cov_37.599265	450	530	13	3	80	0.0375000
NODE_8483_length_915_cov_37.599265	450	530	14	36	80	0.4500000
NODE_8483_length_915_cov_37.599265	450	530	15	41	80	0.5125000
NODE_8485_length_915_cov_20.458333	297	377	2	23	80	0.2875000
NODE_8485_length_915_cov_20.458333	297	377	3	10	80	0.1250000
NODE_8485_length_915_cov_20.458333	297	377	4	36	80	0.4500000
NODE_8485_length_915_cov_20.458333	297	377	5	11	80	0.1375000
NODE_8485_length_915_cov_20.458333	350	430	4	27	80	0.3375000
NODE_8485_length_915_cov_20.458333	350	430	5	23	80	0.2875000
NODE_8485_length_915_cov_20.458333	350	430	6	13	80	0.1625000
NODE_8485_length_915_cov_20.458333	350	430	7	17	80	0.2125000
NODE_8485_length_915_cov_20.458333	426	506	6	7	80	0.0875000
NODE_8485_length_915_cov_20.458333	426	506	7	22	80	0.2750000
NODE_8485_length_915_cov_20.458333	426	506	8	51	80	0.6375000
NODE_8485_length_915_cov_20.458333	479	559	5	13	80	0.1625000
NODE_8485_length_915_cov_20.458333	479	559	6	8	80	0.1000000
NODE_8485_length_915_cov_20.458333	479	559	7	38	80	0.4750000
NODE_8485_length_915_cov_20.458333	479	559	8	21	80	0.2625000
NODE_8486_length_915_cov_14.397059	175	255	3	5	80	0.0625000
NODE_8486_length_915_cov_14.397059	175	255	4	15	80	0.1875000
NODE_8486_length_915_cov_14.397059	175	255	5	2	80	0.0250000
NODE_8486_length_915_cov_14.397059	175	255	6	17	80	0.2125000
NODE_8486_length_915_cov_14.397059	175	255	8	12	80	0.1500000
NODE_8486_length_915_cov_14.397059	175	255	10	1	80	0.0125000
NODE_8486_length_915_cov_14.397059	175	255	11	28	80	0.3500000
NODE_8486_length_915_cov_14.397059	228	308	11	77	80	0.9625000
NODE_8486_length_915_cov_14.397059	228	308	12	3	80	0.0375000
NODE_8487_length_915_cov_8.741422	295	375	0	80	80	1.0000000
NODE_8487_length_915_cov_8.741422	348	428	0	80	80	1.0000000
NODE_8488_length_915_cov_7.719363	823	894	0	71	71	1.0000000
NODE_8488_length_915_cov_7.719363	828	894	0	66	66	1.0000000
NODE_8488_length_915_cov_7.719363	867	915	0	48	48	1.0000000
NODE_8488_length_915_cov_7.719363	867	915	0	48	48	1.0000000
NODE_8488_length_915_cov_7.719363	867	915	0	48	48	1.0000000
NODE_8489_length_915_cov_7.648284	370	450	0	32	80	0.4000000
NODE_8489_length_915_cov_7.648284	370	450	1	10	80	0.1250000
NODE_8489_length_915_cov_7.648284	370	450	3	13	80	0.1625000
NODE_8489_length_915_cov_7.648284	370	450	4	25	80	0.3125000
NODE_8489_length_915_cov_7.648284	423	503	2	4	80	0.0500000
NODE_8489_length_915_cov_7.648284	423	503	3	2	80	0.0250000
NODE_8489_length_915_cov_7.648284	423	503	4	74	80	0.9250000
NODE_8490_length_915_cov_6.848039	434	514	7	9	80	0.1125000
NODE_8490_length_915_cov_6.848039	434	514	8	20	80	0.2500000
NODE_8490_length_915_cov_6.848039	434	514	9	15	80	0.1875000
NODE_8490_length_915_cov_6.848039	434	514	10	12	80	0.1500000
NODE_8490_length_915_cov_6.848039	434	514	11	24	80	0.3000000
NODE_8490_length_915_cov_6.848039	487	567	6	10	80	0.1250000
NODE_8490_length_915_cov_6.848039	487	567	7	14	80	0.1750000
NODE_8490_length_915_cov_6.848039	487	567	8	10	80	0.1250000
NODE_8490_length_915_cov_6.848039	487	567	9	1	80	0.0125000
NODE_8490_length_915_cov_6.848039	487	567	10	21	80	0.2625000
NODE_8490_length_915_cov_6.848039	487	567	11	24	80	0.3000000
NODE_8497_length_915_cov_2.011029	24	99	0	75	75	1.0000000
NODE_8505_length_914_cov_89.814724	0	41	12	2	41	0.0487805
NODE_8505_length_914_cov_89.814724	0	41	14	4	41	0.0975610
NODE_8505_length_914_cov_89.814724	0	41	15	1	41	0.0243902
NODE_8505_length_914_cov_89.814724	0	41	16	2	41	0.0487805
NODE_8505_length_914_cov_89.814724	0	41	19	1	41	0.0243902
NODE_8505_length_914_cov_89.814724	0	41	21	1	41	0.0243902
NODE_8505_length_914_cov_89.814724	0	41	24	4	41	0.0975610
NODE_8505_length_914_cov_89.814724	0	41	25	4	41	0.0975610
NODE_8505_length_914_cov_89.814724	0	41	26	5	41	0.1219512
NODE_8505_length_914_cov_89.814724	0	41	29	5	41	0.1219512
NODE_8505_length_914_cov_89.814724	0	41	30	3	41	0.0731707
NODE_8505_length_914_cov_89.814724	0	41	31	1	41	0.0243902
NODE_8505_length_914_cov_89.814724	0	41	33	3	41	0.0731707
NODE_8505_length_914_cov_89.814724	0	41	34	2	41	0.0487805
NODE_8505_length_914_cov_89.814724	0	41	36	1	41	0.0243902
NODE_8505_length_914_cov_89.814724	0	41	38	2	41	0.0487805
NODE_8505_length_914_cov_89.814724	19	94	26	5	75	0.0666667
NODE_8505_length_914_cov_89.814724	19	94	29	5	75	0.0666667
NODE_8505_length_914_cov_89.814724	19	94	30	3	75	0.0400000
NODE_8505_length_914_cov_89.814724	19	94	31	1	75	0.0133333
NODE_8505_length_914_cov_89.814724	19	94	33	3	75	0.0400000
NODE_8505_length_914_cov_89.814724	19	94	34	2	75	0.0266667
NODE_8505_length_914_cov_89.814724	19	94	36	1	75	0.0133333
NODE_8505_length_914_cov_89.814724	19	94	38	4	75	0.0533333
NODE_8505_length_914_cov_89.814724	19	94	39	1	75	0.0133333
NODE_8505_length_914_cov_89.814724	19	94	41	2	75	0.0266667
NODE_8505_length_914_cov_89.814724	19	94	42	5	75	0.0666667
NODE_8505_length_914_cov_89.814724	19	94	43	9	75	0.1200000
NODE_8505_length_914_cov_89.814724	19	94	44	14	75	0.1866667
NODE_8505_length_914_cov_89.814724	19	94	47	1	75	0.0133333
NODE_8505_length_914_cov_89.814724	19	94	48	2	75	0.0266667
NODE_8505_length_914_cov_89.814724	19	94	49	1	75	0.0133333
NODE_8505_length_914_cov_89.814724	19	94	50	12	75	0.1600000
NODE_8505_length_914_cov_89.814724	19	94	51	3	75	0.0400000
NODE_8505_length_914_cov_89.814724	19	94	52	1	75	0.0133333
NODE_8506_length_914_cov_33.755828	400	480	2	29	80	0.3625000
NODE_8506_length_914_cov_33.755828	400	480	4	1	80	0.0125000
NODE_8506_length_914_cov_33.755828	400	480	6	14	80	0.1750000
NODE_8506_length_914_cov_33.755828	400	480	7	22	80	0.2750000
NODE_8506_length_914_cov_33.755828	400	480	8	14	80	0.1750000
NODE_8506_length_914_cov_33.755828	453	533	6	28	80	0.3500000
NODE_8506_length_914_cov_33.755828	453	533	7	22	80	0.2750000
NODE_8506_length_914_cov_33.755828	453	533	8	30	80	0.3750000
NODE_8507_length_914_cov_31.557055	368	448	10	10	80	0.1250000
NODE_8507_length_914_cov_31.557055	368	448	11	10	80	0.1250000
NODE_8507_length_914_cov_31.557055	368	448	12	33	80	0.4125000
NODE_8507_length_914_cov_31.557055	368	448	13	27	80	0.3375000
NODE_8507_length_914_cov_31.557055	421	501	6	8	80	0.1000000
NODE_8507_length_914_cov_31.557055	421	501	8	4	80	0.0500000
NODE_8507_length_914_cov_31.557055	421	501	9	19	80	0.2375000
NODE_8507_length_914_cov_31.557055	421	501	11	16	80	0.2000000
NODE_8507_length_914_cov_31.557055	421	501	12	22	80	0.2750000
NODE_8507_length_914_cov_31.557055	421	501	13	11	80	0.1375000
NODE_8508_length_914_cov_29.087117	331	411	6	24	80	0.3000000
NODE_8508_length_914_cov_29.087117	331	411	7	7	80	0.0875000
NODE_8508_length_914_cov_29.087117	331	411	8	49	80	0.6125000
NODE_8508_length_914_cov_29.087117	384	464	0	23	80	0.2875000
NODE_8508_length_914_cov_29.087117	384	464	2	5	80	0.0625000
NODE_8508_length_914_cov_29.087117	384	464	4	12	80	0.1500000
NODE_8508_length_914_cov_29.087117	384	464	6	1	80	0.0125000
NODE_8508_length_914_cov_29.087117	384	464	7	19	80	0.2375000
NODE_8508_length_914_cov_29.087117	384	464	8	20	80	0.2500000
NODE_8509_length_914_cov_28.490798	273	353	2	13	80	0.1625000
NODE_8509_length_914_cov_28.490798	273	353	3	11	80	0.1375000
NODE_8509_length_914_cov_28.490798	273	353	4	56	80	0.7000000
NODE_8509_length_914_cov_28.490798	326	406	3	2	80	0.0250000
NODE_8509_length_914_cov_28.490798	326	406	4	78	80	0.9750000
NODE_8509_length_914_cov_28.490798	402	482	4	7	80	0.0875000
NODE_8509_length_914_cov_28.490798	402	482	5	24	80	0.3000000
NODE_8509_length_914_cov_28.490798	402	482	6	49	80	0.6125000
NODE_8509_length_914_cov_28.490798	455	535	5	25	80	0.3125000
NODE_8509_length_914_cov_28.490798	455	535	6	55	80	0.6875000
NODE_8510_length_914_cov_25.429448	393	473	6	5	80	0.0625000
NODE_8510_length_914_cov_25.429448	393	473	7	1	80	0.0125000
NODE_8510_length_914_cov_25.429448	393	473	8	14	80	0.1750000
NODE_8510_length_914_cov_25.429448	393	473	9	2	80	0.0250000
NODE_8510_length_914_cov_25.429448	393	473	10	53	80	0.6625000
NODE_8510_length_914_cov_25.429448	393	473	11	5	80	0.0625000
NODE_8510_length_914_cov_25.429448	446	526	4	19	80	0.2375000
NODE_8510_length_914_cov_25.429448	446	526	5	32	80	0.4000000
NODE_8510_length_914_cov_25.429448	446	526	6	7	80	0.0875000
NODE_8510_length_914_cov_25.429448	446	526	7	1	80	0.0125000
NODE_8510_length_914_cov_25.429448	446	526	8	2	80	0.0250000
NODE_8510_length_914_cov_25.429448	446	526	10	19	80	0.2375000
NODE_8510_length_914_cov_25.429448	522	602	0	11	80	0.1375000
NODE_8510_length_914_cov_25.429448	522	602	1	24	80	0.3000000
NODE_8510_length_914_cov_25.429448	522	602	2	12	80	0.1500000
NODE_8510_length_914_cov_25.429448	522	602	4	33	80	0.4125000
NODE_8510_length_914_cov_25.429448	575	655	0	42	80	0.5250000
NODE_8510_length_914_cov_25.429448	575	655	1	16	80	0.2000000
NODE_8510_length_914_cov_25.429448	575	655	2	22	80	0.2750000
NODE_8511_length_914_cov_19.111656	354	434	7	22	80	0.2750000
NODE_8511_length_914_cov_19.111656	354	434	8	29	80	0.3625000
NODE_8511_length_914_cov_19.111656	354	434	9	29	80	0.3625000
NODE_8511_length_914_cov_19.111656	407	487	5	18	80	0.2250000
NODE_8511_length_914_cov_19.111656	407	487	7	22	80	0.2750000
NODE_8511_length_914_cov_19.111656	407	487	8	40	80	0.5000000
NODE_8512_length_914_cov_13.423313	603	683	1	5	80	0.0625000
NODE_8512_length_914_cov_13.423313	603	683	2	14	80	0.1750000
NODE_8512_length_914_cov_13.423313	603	683	3	28	80	0.3500000
NODE_8512_length_914_cov_13.423313	603	683	4	33	80	0.4125000
NODE_8512_length_914_cov_13.423313	656	736	3	12	80	0.1500000
NODE_8512_length_914_cov_13.423313	656	736	4	68	80	0.8500000
NODE_8513_length_914_cov_10.947239	341	411	4	25	70	0.3571429
NODE_8513_length_914_cov_10.947239	341	411	5	45	70	0.6428571
NODE_8513_length_914_cov_10.947239	384	464	1	14	80	0.1750000
NODE_8513_length_914_cov_10.947239	384	464	4	44	80	0.5500000
NODE_8513_length_914_cov_10.947239	384	464	5	22	80	0.2750000
NODE_8518_length_914_cov_1.931288	833	873	2	10	40	0.2500000
NODE_8518_length_914_cov_1.931288	833	873	4	30	40	0.7500000
NODE_8526_length_913_cov_49.665848	31	111	8	4	80	0.0500000
NODE_8526_length_913_cov_49.665848	31	111	10	4	80	0.0500000
NODE_8526_length_913_cov_49.665848	31	111	11	20	80	0.2500000
NODE_8526_length_913_cov_49.665848	31	111	12	10	80	0.1250000
NODE_8526_length_913_cov_49.665848	31	111	17	1	80	0.0125000
NODE_8526_length_913_cov_49.665848	31	111	19	5	80	0.0625000
NODE_8526_length_913_cov_49.665848	31	111	20	6	80	0.0750000
NODE_8526_length_913_cov_49.665848	31	111	22	11	80	0.1375000
NODE_8526_length_913_cov_49.665848	31	111	23	1	80	0.0125000
NODE_8526_length_913_cov_49.665848	31	111	25	1	80	0.0125000
NODE_8526_length_913_cov_49.665848	31	111	27	7	80	0.0875000
NODE_8526_length_913_cov_49.665848	31	111	28	10	80	0.1250000
NODE_8526_length_913_cov_49.665848	136	155	30	15	19	0.7894737
NODE_8526_length_913_cov_49.665848	136	155	31	4	19	0.2105263
NODE_8527_length_913_cov_47.115479	367	447	9	30	80	0.3750000
NODE_8527_length_913_cov_47.115479	367	447	10	12	80	0.1500000
NODE_8527_length_913_cov_47.115479	367	447	11	19	80	0.2375000
NODE_8527_length_913_cov_47.115479	367	447	12	19	80	0.2375000
NODE_8527_length_913_cov_47.115479	420	500	5	18	80	0.2250000
NODE_8527_length_913_cov_47.115479	420	500	6	1	80	0.0125000
NODE_8527_length_913_cov_47.115479	420	500	8	12	80	0.1500000
NODE_8527_length_913_cov_47.115479	420	500	10	1	80	0.0125000
NODE_8527_length_913_cov_47.115479	420	500	11	40	80	0.5000000
NODE_8527_length_913_cov_47.115479	420	500	12	8	80	0.1000000
NODE_8528_length_913_cov_36.541769	502	582	13	5	80	0.0625000
NODE_8528_length_913_cov_36.541769	502	582	14	9	80	0.1125000
NODE_8528_length_913_cov_36.541769	502	582	17	39	80	0.4875000
NODE_8528_length_913_cov_36.541769	502	582	18	27	80	0.3375000
NODE_8528_length_913_cov_36.541769	555	635	5	15	80	0.1875000
NODE_8528_length_913_cov_36.541769	555	635	7	5	80	0.0625000
NODE_8528_length_913_cov_36.541769	555	635	9	1	80	0.0125000
NODE_8528_length_913_cov_36.541769	555	635	11	4	80	0.0500000
NODE_8528_length_913_cov_36.541769	555	635	12	4	80	0.0500000
NODE_8528_length_913_cov_36.541769	555	635	13	14	80	0.1750000
NODE_8528_length_913_cov_36.541769	555	635	14	24	80	0.3000000
NODE_8528_length_913_cov_36.541769	555	635	18	13	80	0.1625000
NODE_8529_length_913_cov_33.679361	433	513	10	11	80	0.1375000
NODE_8529_length_913_cov_33.679361	433	513	11	4	80	0.0500000
NODE_8529_length_913_cov_33.679361	433	513	14	5	80	0.0625000
NODE_8529_length_913_cov_33.679361	433	513	15	33	80	0.4125000
NODE_8529_length_913_cov_33.679361	433	513	16	19	80	0.2375000
NODE_8529_length_913_cov_33.679361	433	513	17	5	80	0.0625000
NODE_8529_length_913_cov_33.679361	433	513	18	3	80	0.0375000
NODE_8529_length_913_cov_33.679361	486	566	11	4	80	0.0500000
NODE_8529_length_913_cov_33.679361	486	566	12	2	80	0.0250000
NODE_8529_length_913_cov_33.679361	486	566	13	32	80	0.4000000
NODE_8529_length_913_cov_33.679361	486	566	14	17	80	0.2125000
NODE_8529_length_913_cov_33.679361	486	566	15	13	80	0.1625000
NODE_8529_length_913_cov_33.679361	486	566	16	5	80	0.0625000
NODE_8529_length_913_cov_33.679361	486	566	17	5	80	0.0625000
NODE_8529_length_913_cov_33.679361	486	566	18	2	80	0.0250000
NODE_8530_length_913_cov_29.675676	408	488	0	16	80	0.2000000
NODE_8530_length_913_cov_29.675676	408	488	2	57	80	0.7125000
NODE_8530_length_913_cov_29.675676	408	488	3	7	80	0.0875000
NODE_8530_length_913_cov_29.675676	461	541	2	20	80	0.2500000
NODE_8530_length_913_cov_29.675676	461	541	3	9	80	0.1125000
NODE_8530_length_913_cov_29.675676	461	541	4	51	80	0.6375000
NODE_8531_length_913_cov_24.901720	342	422	1	16	80	0.2000000
NODE_8531_length_913_cov_24.901720	342	422	2	7	80	0.0875000
NODE_8531_length_913_cov_24.901720	342	422	3	30	80	0.3750000
NODE_8531_length_913_cov_24.901720	342	422	5	7	80	0.0875000
NODE_8531_length_913_cov_24.901720	342	422	7	20	80	0.2500000
NODE_8531_length_913_cov_24.901720	395	475	1	42	80	0.5250000
NODE_8531_length_913_cov_24.901720	395	475	2	15	80	0.1875000
NODE_8531_length_913_cov_24.901720	395	475	3	11	80	0.1375000
NODE_8531_length_913_cov_24.901720	395	475	4	12	80	0.1500000
NODE_8532_length_913_cov_24.625307	396	476	6	26	80	0.3250000
NODE_8532_length_913_cov_24.625307	396	476	7	54	80	0.6750000
NODE_8532_length_913_cov_24.625307	449	529	2	29	80	0.3625000
NODE_8532_length_913_cov_24.625307	449	529	4	2	80	0.0250000
NODE_8532_length_913_cov_24.625307	449	529	6	30	80	0.3750000
NODE_8532_length_913_cov_24.625307	449	529	7	19	80	0.2375000
NODE_8533_length_913_cov_15.094595	525	589	1	64	64	1.0000000
NODE_8533_length_913_cov_15.094595	562	642	0	53	80	0.6625000
NODE_8533_length_913_cov_15.094595	562	642	1	27	80	0.3375000
NODE_8534_length_913_cov_8.633907	305	385	1	7	80	0.0875000
NODE_8534_length_913_cov_8.633907	305	385	3	59	80	0.7375000
NODE_8534_length_913_cov_8.633907	305	385	4	14	80	0.1750000
NODE_8534_length_913_cov_8.633907	358	429	0	19	71	0.2676056
NODE_8534_length_913_cov_8.633907	358	429	1	32	71	0.4507042
NODE_8534_length_913_cov_8.633907	358	429	3	20	71	0.2816902
NODE_8546_length_912_cov_25.110701	419	499	5	24	80	0.3000000
NODE_8546_length_912_cov_25.110701	419	499	6	52	80	0.6500000
NODE_8546_length_912_cov_25.110701	419	499	7	4	80	0.0500000
NODE_8546_length_912_cov_25.110701	472	552	3	10	80	0.1250000
NODE_8546_length_912_cov_25.110701	472	552	4	18	80	0.2250000
NODE_8546_length_912_cov_25.110701	472	552	5	1	80	0.0125000
NODE_8546_length_912_cov_25.110701	472	552	6	47	80	0.5875000
NODE_8546_length_912_cov_25.110701	472	552	7	4	80	0.0500000
NODE_8547_length_912_cov_20.045510	306	386	3	60	80	0.7500000
NODE_8547_length_912_cov_20.045510	306	386	4	20	80	0.2500000
NODE_8547_length_912_cov_20.045510	359	439	1	33	80	0.4125000
NODE_8547_length_912_cov_20.045510	359	439	2	13	80	0.1625000
NODE_8547_length_912_cov_20.045510	359	439	3	12	80	0.1500000
NODE_8547_length_912_cov_20.045510	359	439	4	22	80	0.2750000
NODE_8548_length_912_cov_19.635916	326	406	0	8	80	0.1000000
NODE_8548_length_912_cov_19.635916	326	406	1	15	80	0.1875000
NODE_8548_length_912_cov_19.635916	326	406	2	57	80	0.7125000
NODE_8548_length_912_cov_19.635916	379	459	0	61	80	0.7625000
NODE_8548_length_912_cov_19.635916	379	459	1	15	80	0.1875000
NODE_8548_length_912_cov_19.635916	379	459	2	4	80	0.0500000
NODE_8549_length_912_cov_17.714637	395	475	0	80	80	1.0000000
NODE_8549_length_912_cov_17.714637	448	528	0	80	80	1.0000000
NODE_8550_length_912_cov_15.546125	355	435	5	12	80	0.1500000
NODE_8550_length_912_cov_15.546125	355	435	6	5	80	0.0625000
NODE_8550_length_912_cov_15.546125	355	435	8	34	80	0.4250000
NODE_8550_length_912_cov_15.546125	355	435	9	23	80	0.2875000
NODE_8550_length_912_cov_15.546125	355	435	10	6	80	0.0750000
NODE_8550_length_912_cov_15.546125	408	488	8	39	80	0.4875000
NODE_8550_length_912_cov_15.546125	408	488	9	22	80	0.2750000
NODE_8550_length_912_cov_15.546125	408	488	10	19	80	0.2375000
NODE_8551_length_912_cov_15.077491	255	291	0	36	36	1.0000000
NODE_8551_length_912_cov_15.077491	264	328	0	64	64	1.0000000
NODE_8551_length_912_cov_15.077491	415	495	0	80	80	1.0000000
NODE_8551_length_912_cov_15.077491	468	548	0	80	80	1.0000000
NODE_8552_length_912_cov_15.023370	361	441	5	52	80	0.6500000
NODE_8552_length_912_cov_15.023370	361	441	7	6	80	0.0750000
NODE_8552_length_912_cov_15.023370	361	441	9	3	80	0.0375000
NODE_8552_length_912_cov_15.023370	361	441	10	11	80	0.1375000
NODE_8552_length_912_cov_15.023370	361	441	11	8	80	0.1000000
NODE_8552_length_912_cov_15.023370	414	494	7	13	80	0.1625000
NODE_8552_length_912_cov_15.023370	414	494	9	3	80	0.0375000
NODE_8552_length_912_cov_15.023370	414	494	10	32	80	0.4000000
NODE_8552_length_912_cov_15.023370	414	494	11	9	80	0.1125000
NODE_8552_length_912_cov_15.023370	414	494	12	23	80	0.2875000
NODE_8553_length_912_cov_13.600246	61	141	0	80	80	1.0000000
NODE_8553_length_912_cov_13.600246	460	540	1	14	80	0.1750000
NODE_8553_length_912_cov_13.600246	460	540	2	66	80	0.8250000
NODE_8553_length_912_cov_13.600246	513	593	1	20	80	0.2500000
NODE_8553_length_912_cov_13.600246	513	593	2	60	80	0.7500000
NODE_8554_length_912_cov_13.113161	385	465	2	43	80	0.5375000
NODE_8554_length_912_cov_13.113161	385	465	3	37	80	0.4625000
NODE_8554_length_912_cov_13.113161	438	518	2	57	80	0.7125000
NODE_8554_length_912_cov_13.113161	438	518	3	23	80	0.2875000
NODE_8555_length_912_cov_11.110701	353	433	4	80	80	1.0000000
NODE_8555_length_912_cov_11.110701	406	486	0	14	80	0.1750000
NODE_8555_length_912_cov_11.110701	406	486	4	66	80	0.8250000
NODE_8555_length_912_cov_11.110701	827	907	0	80	80	1.0000000
NODE_8555_length_912_cov_11.110701	831	854	0	23	23	1.0000000
NODE_8584_length_911_cov_173.171182	580	660	100	1	80	0.0125000
NODE_8584_length_911_cov_173.171182	580	660	101	1	80	0.0125000
NODE_8584_length_911_cov_173.171182	580	660	102	1	80	0.0125000
NODE_8584_length_911_cov_173.171182	580	660	105	2	80	0.0250000
NODE_8584_length_911_cov_173.171182	580	660	106	2	80	0.0250000
NODE_8584_length_911_cov_173.171182	580	660	107	1	80	0.0125000
NODE_8584_length_911_cov_173.171182	580	660	108	4	80	0.0500000
NODE_8584_length_911_cov_173.171182	580	660	109	7	80	0.0875000
NODE_8584_length_911_cov_173.171182	580	660	110	13	80	0.1625000
NODE_8584_length_911_cov_173.171182	580	660	111	3	80	0.0375000
NODE_8584_length_911_cov_173.171182	580	660	112	7	80	0.0875000
NODE_8584_length_911_cov_173.171182	580	660	113	4	80	0.0500000
NODE_8584_length_911_cov_173.171182	580	660	114	4	80	0.0500000
NODE_8584_length_911_cov_173.171182	580	660	116	2	80	0.0250000
NODE_8584_length_911_cov_173.171182	580	660	119	2	80	0.0250000
NODE_8584_length_911_cov_173.171182	580	660	121	1	80	0.0125000
NODE_8584_length_911_cov_173.171182	580	660	122	1	80	0.0125000
NODE_8584_length_911_cov_173.171182	580	660	123	1	80	0.0125000
NODE_8584_length_911_cov_173.171182	580	660	124	2	80	0.0250000
NODE_8584_length_911_cov_173.171182	580	660	126	1	80	0.0125000
NODE_8584_length_911_cov_173.171182	580	660	127	2	80	0.0250000
NODE_8584_length_911_cov_173.171182	580	660	128	2	80	0.0250000
NODE_8584_length_911_cov_173.171182	580	660	131	1	80	0.0125000
NODE_8584_length_911_cov_173.171182	580	660	132	1	80	0.0125000
NODE_8584_length_911_cov_173.171182	580	660	133	4	80	0.0500000
NODE_8584_length_911_cov_173.171182	580	660	135	1	80	0.0125000
NODE_8584_length_911_cov_173.171182	580	660	136	4	80	0.0500000
NODE_8584_length_911_cov_173.171182	580	660	137	5	80	0.0625000
NODE_8584_length_911_cov_173.171182	633	713	100	1	80	0.0125000
NODE_8584_length_911_cov_173.171182	633	713	101	1	80	0.0125000
NODE_8584_length_911_cov_173.171182	633	713	102	1	80	0.0125000
NODE_8584_length_911_cov_173.171182	633	713	105	2	80	0.0250000
NODE_8584_length_911_cov_173.171182	633	713	106	2	80	0.0250000
NODE_8584_length_911_cov_173.171182	633	713	108	2	80	0.0250000
NODE_8584_length_911_cov_173.171182	633	713	109	8	80	0.1000000
NODE_8584_length_911_cov_173.171182	633	713	110	11	80	0.1375000
NODE_8584_length_911_cov_173.171182	633	713	111	2	80	0.0250000
NODE_8584_length_911_cov_173.171182	633	713	112	2	80	0.0250000
NODE_8584_length_911_cov_173.171182	633	713	116	1	80	0.0125000
NODE_8584_length_911_cov_173.171182	633	713	118	2	80	0.0250000
NODE_8584_length_911_cov_173.171182	633	713	119	2	80	0.0250000
NODE_8584_length_911_cov_173.171182	633	713	120	1	80	0.0125000
NODE_8584_length_911_cov_173.171182	633	713	121	2	80	0.0250000
NODE_8584_length_911_cov_173.171182	633	713	122	6	80	0.0750000
NODE_8584_length_911_cov_173.171182	633	713	123	3	80	0.0375000
NODE_8584_length_911_cov_173.171182	633	713	124	4	80	0.0500000
NODE_8584_length_911_cov_173.171182	633	713	125	2	80	0.0250000
NODE_8584_length_911_cov_173.171182	633	713	126	5	80	0.0625000
NODE_8584_length_911_cov_173.171182	633	713	127	1	80	0.0125000
NODE_8584_length_911_cov_173.171182	633	713	128	6	80	0.0750000
NODE_8584_length_911_cov_173.171182	633	713	129	2	80	0.0250000
NODE_8584_length_911_cov_173.171182	633	713	132	1	80	0.0125000
NODE_8584_length_911_cov_173.171182	633	713	133	1	80	0.0125000
NODE_8584_length_911_cov_173.171182	633	713	136	1	80	0.0125000
NODE_8584_length_911_cov_173.171182	633	713	140	1	80	0.0125000
NODE_8584_length_911_cov_173.171182	633	713	141	3	80	0.0375000
NODE_8584_length_911_cov_173.171182	633	713	142	1	80	0.0125000
NODE_8584_length_911_cov_173.171182	633	713	143	2	80	0.0250000
NODE_8584_length_911_cov_173.171182	633	713	145	1	80	0.0125000
NODE_8585_length_911_cov_88.250000	525	605	14	1	80	0.0125000
NODE_8585_length_911_cov_88.250000	525	605	15	8	80	0.1000000
NODE_8585_length_911_cov_88.250000	525	605	16	27	80	0.3375000
NODE_8585_length_911_cov_88.250000	525	605	17	31	80	0.3875000
NODE_8585_length_911_cov_88.250000	525	605	18	13	80	0.1625000
NODE_8585_length_911_cov_88.250000	578	658	11	36	80	0.4500000
NODE_8585_length_911_cov_88.250000	578	658	13	2	80	0.0250000
NODE_8585_length_911_cov_88.250000	578	658	14	6	80	0.0750000
NODE_8585_length_911_cov_88.250000	578	658	16	19	80	0.2375000
NODE_8585_length_911_cov_88.250000	578	658	17	4	80	0.0500000
NODE_8585_length_911_cov_88.250000	578	658	18	13	80	0.1625000
NODE_8586_length_911_cov_46.854680	255	335	8	14	80	0.1750000
NODE_8586_length_911_cov_46.854680	255	335	9	10	80	0.1250000
NODE_8586_length_911_cov_46.854680	255	335	10	9	80	0.1125000
NODE_8586_length_911_cov_46.854680	255	335	11	47	80	0.5875000
NODE_8586_length_911_cov_46.854680	308	388	6	24	80	0.3000000
NODE_8586_length_911_cov_46.854680	308	388	7	28	80	0.3500000
NODE_8586_length_911_cov_46.854680	308	388	8	15	80	0.1875000
NODE_8586_length_911_cov_46.854680	308	388	9	10	80	0.1250000
NODE_8586_length_911_cov_46.854680	308	388	11	3	80	0.0375000
NODE_8586_length_911_cov_46.854680	384	464	3	6	80	0.0750000
NODE_8586_length_911_cov_46.854680	384	464	4	38	80	0.4750000
NODE_8586_length_911_cov_46.854680	384	464	5	17	80	0.2125000
NODE_8586_length_911_cov_46.854680	384	464	7	19	80	0.2375000
NODE_8586_length_911_cov_46.854680	437	517	2	43	80	0.5375000
NODE_8586_length_911_cov_46.854680	437	517	3	16	80	0.2000000
NODE_8586_length_911_cov_46.854680	437	517	4	9	80	0.1125000
NODE_8586_length_911_cov_46.854680	437	517	5	12	80	0.1500000
NODE_8587_length_911_cov_31.362069	301	381	1	28	80	0.3500000
NODE_8587_length_911_cov_31.362069	301	381	3	32	80	0.4000000
NODE_8587_length_911_cov_31.362069	301	381	5	7	80	0.0875000
NODE_8587_length_911_cov_31.362069	301	381	6	13	80	0.1625000
NODE_8587_length_911_cov_31.362069	354	434	3	7	80	0.0875000
NODE_8587_length_911_cov_31.362069	354	434	5	7	80	0.0875000
NODE_8587_length_911_cov_31.362069	354	434	6	66	80	0.8250000
NODE_8588_length_911_cov_19.235222	445	525	4	14	80	0.1750000
NODE_8588_length_911_cov_19.235222	445	525	5	39	80	0.4875000
NODE_8588_length_911_cov_19.235222	445	525	6	2	80	0.0250000
NODE_8588_length_911_cov_19.235222	445	525	7	25	80	0.3125000
NODE_8588_length_911_cov_19.235222	498	578	3	44	80	0.5500000
NODE_8588_length_911_cov_19.235222	498	578	4	8	80	0.1000000
NODE_8588_length_911_cov_19.235222	498	578	5	16	80	0.2000000
NODE_8588_length_911_cov_19.235222	498	578	6	2	80	0.0250000
NODE_8588_length_911_cov_19.235222	498	578	7	10	80	0.1250000
NODE_8589_length_911_cov_16.230296	233	313	1	29	80	0.3625000
NODE_8589_length_911_cov_16.230296	233	313	2	3	80	0.0375000
NODE_8589_length_911_cov_16.230296	233	313	4	7	80	0.0875000
NODE_8589_length_911_cov_16.230296	233	313	5	41	80	0.5125000
NODE_8589_length_911_cov_16.230296	286	366	5	80	80	1.0000000
NODE_8590_length_911_cov_14.979064	472	552	0	11	80	0.1375000
NODE_8590_length_911_cov_14.979064	472	552	1	10	80	0.1250000
NODE_8590_length_911_cov_14.979064	472	552	2	42	80	0.5250000
NODE_8590_length_911_cov_14.979064	472	552	3	17	80	0.2125000
NODE_8590_length_911_cov_14.979064	525	605	2	10	80	0.1250000
NODE_8590_length_911_cov_14.979064	525	605	3	70	80	0.8750000
NODE_8591_length_911_cov_12.089901	357	409	4	52	52	1.0000000
NODE_8591_length_911_cov_12.089901	401	462	0	24	61	0.3934426
NODE_8591_length_911_cov_12.089901	401	462	2	9	61	0.1475410
NODE_8591_length_911_cov_12.089901	401	462	4	28	61	0.4590164
NODE_8606_length_910_cov_27.838471	347	427	3	9	80	0.1125000
NODE_8606_length_910_cov_27.838471	347	427	4	65	80	0.8125000
NODE_8606_length_910_cov_27.838471	347	427	5	6	80	0.0750000
NODE_8606_length_910_cov_27.838471	400	480	4	80	80	1.0000000
NODE_8607_length_910_cov_25.895191	361	441	4	9	80	0.1125000
NODE_8607_length_910_cov_25.895191	361	441	6	24	80	0.3000000
NODE_8607_length_910_cov_25.895191	361	441	7	7	80	0.0875000
NODE_8607_length_910_cov_25.895191	361	441	9	36	80	0.4500000
NODE_8607_length_910_cov_25.895191	361	441	10	4	80	0.0500000
NODE_8607_length_910_cov_25.895191	414	494	9	80	80	1.0000000
NODE_8608_length_910_cov_25.604192	294	374	2	2	80	0.0250000
NODE_8608_length_910_cov_25.604192	294	374	4	70	80	0.8750000
NODE_8608_length_910_cov_25.604192	294	374	5	8	80	0.1000000
NODE_8608_length_910_cov_25.604192	347	427	2	10	80	0.1250000
NODE_8608_length_910_cov_25.604192	347	427	3	12	80	0.1500000
NODE_8608_length_910_cov_25.604192	347	427	4	41	80	0.5125000
NODE_8608_length_910_cov_25.604192	347	427	5	17	80	0.2125000
NODE_8608_length_910_cov_25.604192	423	503	3	34	80	0.4250000
NODE_8608_length_910_cov_25.604192	423	503	4	10	80	0.1250000
NODE_8608_length_910_cov_25.604192	423	503	5	36	80	0.4500000
NODE_8608_length_910_cov_25.604192	476	556	2	20	80	0.2500000
NODE_8608_length_910_cov_25.604192	476	556	4	20	80	0.2500000
NODE_8608_length_910_cov_25.604192	476	556	5	40	80	0.5000000
NODE_8609_length_910_cov_16.066584	656	736	0	80	80	1.0000000
NODE_8609_length_910_cov_16.066584	709	789	0	80	80	1.0000000
NODE_8610_length_910_cov_14.696671	417	497	4	17	80	0.2125000
NODE_8610_length_910_cov_14.696671	417	497	5	43	80	0.5375000
NODE_8610_length_910_cov_14.696671	417	497	6	20	80	0.2500000
NODE_8610_length_910_cov_14.696671	470	550	4	49	80	0.6125000
NODE_8610_length_910_cov_14.696671	470	550	5	29	80	0.3625000
NODE_8610_length_910_cov_14.696671	470	550	6	2	80	0.0250000
NODE_8612_length_910_cov_7.114673	442	522	0	80	80	1.0000000
NODE_8612_length_910_cov_7.114673	495	575	0	80	80	1.0000000
NODE_8614_length_910_cov_2.992602	196	269	5	2	73	0.0273973
NODE_8614_length_910_cov_2.992602	196	269	7	4	73	0.0547945
NODE_8614_length_910_cov_2.992602	196	269	8	7	73	0.0958904
NODE_8614_length_910_cov_2.992602	196	269	9	4	73	0.0547945
NODE_8614_length_910_cov_2.992602	196	269	11	8	73	0.1095890
NODE_8614_length_910_cov_2.992602	196	269	12	12	73	0.1643836
NODE_8614_length_910_cov_2.992602	196	269	14	1	73	0.0136986
NODE_8614_length_910_cov_2.992602	196	269	16	32	73	0.4383562
NODE_8614_length_910_cov_2.992602	196	269	17	1	73	0.0136986
NODE_8614_length_910_cov_2.992602	196	269	18	2	73	0.0273973
NODE_8614_length_910_cov_2.992602	249	329	12	3	80	0.0375000
NODE_8614_length_910_cov_2.992602	249	329	13	2	80	0.0250000
NODE_8614_length_910_cov_2.992602	249	329	14	24	80	0.3000000
NODE_8614_length_910_cov_2.992602	249	329	16	41	80	0.5125000
NODE_8614_length_910_cov_2.992602	249	329	17	10	80	0.1250000
NODE_8614_length_910_cov_2.992602	386	439	3	44	53	0.8301887
NODE_8614_length_910_cov_2.992602	386	439	4	5	53	0.0943396
NODE_8614_length_910_cov_2.992602	386	439	5	4	53	0.0754717
NODE_8623_length_909_cov_35.291358	426	506	0	39	80	0.4875000
NODE_8623_length_909_cov_35.291358	426	506	1	41	80	0.5125000
NODE_8623_length_909_cov_35.291358	479	559	1	30	80	0.3750000
NODE_8623_length_909_cov_35.291358	479	559	2	20	80	0.2500000
NODE_8623_length_909_cov_35.291358	479	559	3	8	80	0.1000000
NODE_8623_length_909_cov_35.291358	479	559	4	22	80	0.2750000
NODE_8624_length_909_cov_27.449383	311	391	0	10	80	0.1250000
NODE_8624_length_909_cov_27.449383	311	391	2	70	80	0.8750000
NODE_8624_length_909_cov_27.449383	364	444	2	80	80	1.0000000
NODE_8625_length_909_cov_25.212346	295	375	6	27	80	0.3375000
NODE_8625_length_909_cov_25.212346	295	375	7	8	80	0.1000000
NODE_8625_length_909_cov_25.212346	295	375	8	5	80	0.0625000
NODE_8625_length_909_cov_25.212346	295	375	9	40	80	0.5000000
NODE_8625_length_909_cov_25.212346	348	428	5	5	80	0.0625000
NODE_8625_length_909_cov_25.212346	348	428	6	10	80	0.1250000
NODE_8625_length_909_cov_25.212346	348	428	8	13	80	0.1625000
NODE_8625_length_909_cov_25.212346	348	428	9	52	80	0.6500000
NODE_8626_length_909_cov_23.604938	403	483	1	34	80	0.4250000
NODE_8626_length_909_cov_23.604938	403	483	2	6	80	0.0750000
NODE_8626_length_909_cov_23.604938	403	483	4	40	80	0.5000000
NODE_8626_length_909_cov_23.604938	456	536	3	27	80	0.3375000
NODE_8626_length_909_cov_23.604938	456	536	4	53	80	0.6625000
NODE_8627_length_909_cov_19.070370	441	521	5	70	80	0.8750000
NODE_8627_length_909_cov_19.070370	441	521	6	10	80	0.1250000
NODE_8627_length_909_cov_19.070370	494	574	4	10	80	0.1250000
NODE_8627_length_909_cov_19.070370	494	574	5	57	80	0.7125000
NODE_8627_length_909_cov_19.070370	494	574	6	13	80	0.1625000
NODE_8628_length_909_cov_11.533333	332	412	1	17	80	0.2125000
NODE_8628_length_909_cov_11.533333	332	412	2	6	80	0.0750000
NODE_8628_length_909_cov_11.533333	332	412	3	9	80	0.1125000
NODE_8628_length_909_cov_11.533333	332	412	4	48	80	0.6000000
NODE_8628_length_909_cov_11.533333	385	465	3	12	80	0.1500000
NODE_8628_length_909_cov_11.533333	385	465	4	68	80	0.8500000
NODE_8629_length_909_cov_10.229630	497	577	2	25	80	0.3125000
NODE_8629_length_909_cov_10.229630	497	577	3	5	80	0.0625000
NODE_8629_length_909_cov_10.229630	497	577	4	50	80	0.6250000
NODE_8629_length_909_cov_10.229630	550	622	0	12	72	0.1666667
NODE_8629_length_909_cov_10.229630	550	622	2	58	72	0.8055556
NODE_8629_length_909_cov_10.229630	550	622	3	2	72	0.0277778
NODE_8631_length_909_cov_7.122222	328	408	1	13	80	0.1625000
NODE_8631_length_909_cov_7.122222	328	408	2	2	80	0.0250000
NODE_8631_length_909_cov_7.122222	328	408	3	10	80	0.1250000
NODE_8631_length_909_cov_7.122222	328	408	4	8	80	0.1000000
NODE_8631_length_909_cov_7.122222	328	408	5	47	80	0.5875000
NODE_8631_length_909_cov_7.122222	381	461	5	42	80	0.5250000
NODE_8631_length_909_cov_7.122222	381	461	6	38	80	0.4750000
NODE_8632_length_909_cov_4.664198	775	855	0	20	80	0.2500000
NODE_8632_length_909_cov_4.664198	775	855	1	12	80	0.1500000
NODE_8632_length_909_cov_4.664198	775	855	2	6	80	0.0750000
NODE_8632_length_909_cov_4.664198	775	855	4	16	80	0.2000000
NODE_8632_length_909_cov_4.664198	775	855	5	5	80	0.0625000
NODE_8632_length_909_cov_4.664198	775	855	6	21	80	0.2625000
NODE_8632_length_909_cov_4.664198	828	885	0	50	57	0.8771930
NODE_8632_length_909_cov_4.664198	828	885	1	7	57	0.1228070
NODE_8644_length_908_cov_55.546354	409	489	18	6	80	0.0750000
NODE_8644_length_908_cov_55.546354	409	489	20	3	80	0.0375000
NODE_8644_length_908_cov_55.546354	409	489	21	3	80	0.0375000
NODE_8644_length_908_cov_55.546354	409	489	22	9	80	0.1125000
NODE_8644_length_908_cov_55.546354	409	489	24	18	80	0.2250000
NODE_8644_length_908_cov_55.546354	409	489	25	9	80	0.1125000
NODE_8644_length_908_cov_55.546354	409	489	27	2	80	0.0250000
NODE_8644_length_908_cov_55.546354	409	489	30	2	80	0.0250000
NODE_8644_length_908_cov_55.546354	409	489	31	5	80	0.0625000
NODE_8644_length_908_cov_55.546354	409	489	32	20	80	0.2500000
NODE_8644_length_908_cov_55.546354	409	489	34	3	80	0.0375000
NODE_8644_length_908_cov_55.546354	462	542	19	6	80	0.0750000
NODE_8644_length_908_cov_55.546354	462	542	20	12	80	0.1500000
NODE_8644_length_908_cov_55.546354	462	542	21	9	80	0.1125000
NODE_8644_length_908_cov_55.546354	462	542	22	1	80	0.0125000
NODE_8644_length_908_cov_55.546354	462	542	26	2	80	0.0250000
NODE_8644_length_908_cov_55.546354	462	542	28	6	80	0.0750000
NODE_8644_length_908_cov_55.546354	462	542	29	6	80	0.0750000
NODE_8644_length_908_cov_55.546354	462	542	30	11	80	0.1375000
NODE_8644_length_908_cov_55.546354	462	542	31	4	80	0.0500000
NODE_8644_length_908_cov_55.546354	462	542	32	20	80	0.2500000
NODE_8644_length_908_cov_55.546354	462	542	34	3	80	0.0375000
NODE_8645_length_908_cov_18.720643	329	409	9	9	80	0.1125000
NODE_8645_length_908_cov_18.720643	329	409	11	12	80	0.1500000
NODE_8645_length_908_cov_18.720643	329	409	13	9	80	0.1125000
NODE_8645_length_908_cov_18.720643	329	409	15	2	80	0.0250000
NODE_8645_length_908_cov_18.720643	329	409	16	13	80	0.1625000
NODE_8645_length_908_cov_18.720643	329	409	17	3	80	0.0375000
NODE_8645_length_908_cov_18.720643	329	409	19	32	80	0.4000000
NODE_8645_length_908_cov_18.720643	382	462	11	13	80	0.1625000
NODE_8645_length_908_cov_18.720643	382	462	13	12	80	0.1500000
NODE_8645_length_908_cov_18.720643	382	462	14	1	80	0.0125000
NODE_8645_length_908_cov_18.720643	382	462	19	30	80	0.3750000
NODE_8645_length_908_cov_18.720643	382	462	20	24	80	0.3000000
NODE_8646_length_908_cov_14.640297	430	510	0	10	80	0.1250000
NODE_8646_length_908_cov_14.640297	430	510	1	70	80	0.8750000
NODE_8646_length_908_cov_14.640297	483	562	1	79	79	1.0000000
NODE_8648_length_908_cov_10.789864	370	450	4	5	80	0.0625000
NODE_8648_length_908_cov_10.789864	370	450	5	75	80	0.9375000
NODE_8648_length_908_cov_10.789864	423	503	3	33	80	0.4125000
NODE_8648_length_908_cov_10.789864	423	503	4	18	80	0.2250000
NODE_8648_length_908_cov_10.789864	423	503	5	29	80	0.3625000
NODE_8651_length_908_cov_3.737948	251	331	1	80	80	1.0000000
NODE_8651_length_908_cov_3.737948	304	384	0	51	80	0.6375000
NODE_8651_length_908_cov_3.737948	304	384	1	29	80	0.3625000
NODE_8664_length_907_cov_22.110149	459	539	2	4	80	0.0500000
NODE_8664_length_907_cov_22.110149	459	539	3	30	80	0.3750000
NODE_8664_length_907_cov_22.110149	459	539	4	29	80	0.3625000
NODE_8664_length_907_cov_22.110149	459	539	5	17	80	0.2125000
NODE_8664_length_907_cov_22.110149	512	592	2	26	80	0.3250000
NODE_8664_length_907_cov_22.110149	512	592	3	52	80	0.6500000
NODE_8664_length_907_cov_22.110149	512	592	4	2	80	0.0250000
NODE_8665_length_907_cov_20.943069	410	490	3	2	80	0.0250000
NODE_8665_length_907_cov_20.943069	410	490	4	63	80	0.7875000
NODE_8665_length_907_cov_20.943069	410	490	6	15	80	0.1875000
NODE_8665_length_907_cov_20.943069	463	543	4	53	80	0.6625000
NODE_8665_length_907_cov_20.943069	463	543	6	27	80	0.3375000
NODE_8666_length_907_cov_19.519802	411	488	2	77	77	1.0000000
NODE_8666_length_907_cov_19.519802	461	541	2	43	80	0.5375000
NODE_8666_length_907_cov_19.519802	461	541	4	37	80	0.4625000
NODE_8667_length_907_cov_17.928218	329	405	7	76	76	1.0000000
NODE_8667_length_907_cov_17.928218	382	462	2	4	80	0.0500000
NODE_8667_length_907_cov_17.928218	382	462	4	15	80	0.1875000
NODE_8667_length_907_cov_17.928218	382	462	5	18	80	0.2250000
NODE_8667_length_907_cov_17.928218	382	462	6	17	80	0.2125000
NODE_8667_length_907_cov_17.928218	382	462	7	26	80	0.3250000
NODE_8668_length_907_cov_13.060644	293	373	0	2	80	0.0250000
NODE_8668_length_907_cov_13.060644	293	373	2	52	80	0.6500000
NODE_8668_length_907_cov_13.060644	293	373	3	26	80	0.3250000
NODE_8668_length_907_cov_13.060644	346	426	1	18	80	0.2250000
NODE_8668_length_907_cov_13.060644	346	426	2	1	80	0.0125000
NODE_8668_length_907_cov_13.060644	346	426	3	61	80	0.7625000
NODE_8669_length_907_cov_11.155941	401	462	5	3	61	0.0491803
NODE_8669_length_907_cov_11.155941	401	462	6	10	61	0.1639344
NODE_8669_length_907_cov_11.155941	401	462	7	40	61	0.6557377
NODE_8669_length_907_cov_11.155941	401	462	8	8	61	0.1311475
NODE_8669_length_907_cov_11.155941	607	687	0	80	80	1.0000000
NODE_8670_length_907_cov_9.237624	247	327	4	80	80	1.0000000
NODE_8670_length_907_cov_9.237624	300	380	0	8	80	0.1000000
NODE_8670_length_907_cov_9.237624	300	380	2	27	80	0.3375000
NODE_8670_length_907_cov_9.237624	300	380	4	45	80	0.5625000
NODE_8671_length_907_cov_8.686881	275	365	4	90	90	1.0000000
NODE_8671_length_907_cov_8.686881	338	418	2	5	80	0.0625000
NODE_8671_length_907_cov_8.686881	338	418	3	33	80	0.4125000
NODE_8671_length_907_cov_8.686881	338	418	4	42	80	0.5250000
NODE_8680_length_907_cov_2.949257	503	526	0	23	23	1.0000000
NODE_8686_length_906_cov_32.369269	447	527	6	27	80	0.3375000
NODE_8686_length_906_cov_32.369269	447	527	7	16	80	0.2000000
NODE_8686_length_906_cov_32.369269	447	527	8	27	80	0.3375000
NODE_8686_length_906_cov_32.369269	447	527	9	10	80	0.1250000
NODE_8686_length_906_cov_32.369269	500	580	5	13	80	0.1625000
NODE_8686_length_906_cov_32.369269	500	580	7	35	80	0.4375000
NODE_8686_length_906_cov_32.369269	500	580	8	32	80	0.4000000
NODE_8687_length_906_cov_23.594796	196	276	5	12	80	0.1500000
NODE_8687_length_906_cov_23.594796	196	276	6	1	80	0.0125000
NODE_8687_length_906_cov_23.594796	196	276	7	4	80	0.0500000
NODE_8687_length_906_cov_23.594796	196	276	8	15	80	0.1875000
NODE_8687_length_906_cov_23.594796	196	276	9	22	80	0.2750000
NODE_8687_length_906_cov_23.594796	196	276	10	6	80	0.0750000
NODE_8687_length_906_cov_23.594796	196	276	11	20	80	0.2500000
NODE_8687_length_906_cov_23.594796	249	329	6	6	80	0.0750000
NODE_8687_length_906_cov_23.594796	249	329	7	7	80	0.0875000
NODE_8687_length_906_cov_23.594796	249	329	8	37	80	0.4625000
NODE_8687_length_906_cov_23.594796	249	329	9	1	80	0.0125000
NODE_8687_length_906_cov_23.594796	249	329	10	8	80	0.1000000
NODE_8687_length_906_cov_23.594796	249	329	11	21	80	0.2625000
NODE_8688_length_906_cov_21.443618	404	484	3	5	80	0.0625000
NODE_8688_length_906_cov_21.443618	404	484	5	46	80	0.5750000
NODE_8688_length_906_cov_21.443618	404	484	7	4	80	0.0500000
NODE_8688_length_906_cov_21.443618	404	484	9	3	80	0.0375000
NODE_8688_length_906_cov_21.443618	404	484	11	2	80	0.0250000
NODE_8688_length_906_cov_21.443618	404	484	13	4	80	0.0500000
NODE_8688_length_906_cov_21.443618	404	484	14	16	80	0.2000000
NODE_8688_length_906_cov_21.443618	457	537	7	2	80	0.0250000
NODE_8688_length_906_cov_21.443618	457	537	9	3	80	0.0375000
NODE_8688_length_906_cov_21.443618	457	537	11	45	80	0.5625000
NODE_8688_length_906_cov_21.443618	457	537	12	7	80	0.0875000
NODE_8688_length_906_cov_21.443618	457	537	13	7	80	0.0875000
NODE_8688_length_906_cov_21.443618	457	537	14	16	80	0.2000000
NODE_8689_length_906_cov_20.596035	593	634	0	10	41	0.2439024
NODE_8689_length_906_cov_20.596035	593	634	2	31	41	0.7560976
NODE_8690_length_906_cov_20.429988	410	490	5	69	80	0.8625000
NODE_8690_length_906_cov_20.429988	410	490	8	11	80	0.1375000
NODE_8690_length_906_cov_20.429988	463	543	5	16	80	0.2000000
NODE_8690_length_906_cov_20.429988	463	543	6	11	80	0.1375000
NODE_8690_length_906_cov_20.429988	463	543	8	53	80	0.6625000
NODE_8691_length_906_cov_20.395291	523	603	0	16	80	0.2000000
NODE_8691_length_906_cov_20.395291	523	603	2	10	80	0.1250000
NODE_8691_length_906_cov_20.395291	523	603	4	54	80	0.6750000
NODE_8691_length_906_cov_20.395291	576	656	2	44	80	0.5500000
NODE_8691_length_906_cov_20.395291	576	656	4	36	80	0.4500000
NODE_8692_length_906_cov_19.297398	255	335	0	80	80	1.0000000
NODE_8692_length_906_cov_19.297398	308	388	0	80	80	1.0000000
NODE_8693_length_906_cov_18.505576	357	437	6	3	80	0.0375000
NODE_8693_length_906_cov_18.505576	357	437	7	17	80	0.2125000
NODE_8693_length_906_cov_18.505576	357	437	8	53	80	0.6625000
NODE_8693_length_906_cov_18.505576	357	437	9	7	80	0.0875000
NODE_8693_length_906_cov_18.505576	410	490	4	2	80	0.0250000
NODE_8693_length_906_cov_18.505576	410	490	5	30	80	0.3750000
NODE_8693_length_906_cov_18.505576	410	490	6	24	80	0.3000000
NODE_8693_length_906_cov_18.505576	410	490	7	17	80	0.2125000
NODE_8693_length_906_cov_18.505576	410	490	9	7	80	0.0875000
NODE_8694_length_906_cov_10.068154	191	271	0	13	80	0.1625000
NODE_8694_length_906_cov_10.068154	191	271	1	62	80	0.7750000
NODE_8694_length_906_cov_10.068154	191	271	3	5	80	0.0625000
NODE_8694_length_906_cov_10.068154	244	324	1	22	80	0.2750000
NODE_8694_length_906_cov_10.068154	244	324	3	58	80	0.7250000
NODE_8695_length_906_cov_10.006196	304	384	1	11	80	0.1375000
NODE_8695_length_906_cov_10.006196	304	384	3	69	80	0.8625000
NODE_8695_length_906_cov_10.006196	357	437	3	80	80	1.0000000
NODE_8696_length_906_cov_8.562577	370	454	2	35	84	0.4166667
NODE_8696_length_906_cov_8.562577	370	454	3	49	84	0.5833333
NODE_8696_length_906_cov_8.562577	423	507	2	32	84	0.3809524
NODE_8696_length_906_cov_8.562577	423	507	3	52	84	0.6190476
NODE_8716_length_905_cov_39.203474	406	486	2	7	80	0.0875000
NODE_8716_length_905_cov_39.203474	406	486	3	28	80	0.3500000
NODE_8716_length_905_cov_39.203474	406	486	5	22	80	0.2750000
NODE_8716_length_905_cov_39.203474	406	486	6	13	80	0.1625000
NODE_8716_length_905_cov_39.203474	406	486	8	10	80	0.1250000
NODE_8716_length_905_cov_39.203474	459	539	5	4	80	0.0500000
NODE_8716_length_905_cov_39.203474	459	539	6	13	80	0.1625000
NODE_8716_length_905_cov_39.203474	459	539	8	63	80	0.7875000
NODE_8717_length_905_cov_37.053350	411	491	1	3	80	0.0375000
NODE_8717_length_905_cov_37.053350	411	491	2	14	80	0.1750000
NODE_8717_length_905_cov_37.053350	411	491	3	63	80	0.7875000
NODE_8717_length_905_cov_37.053350	464	544	1	1	80	0.0125000
NODE_8717_length_905_cov_37.053350	464	544	2	28	80	0.3500000
NODE_8717_length_905_cov_37.053350	464	544	3	43	80	0.5375000
NODE_8717_length_905_cov_37.053350	464	544	4	8	80	0.1000000
NODE_8718_length_905_cov_27.426799	288	368	2	13	80	0.1625000
NODE_8718_length_905_cov_27.426799	288	368	4	67	80	0.8375000
NODE_8718_length_905_cov_27.426799	341	421	3	45	80	0.5625000
NODE_8718_length_905_cov_27.426799	341	421	4	35	80	0.4375000
NODE_8719_length_905_cov_26.332506	375	455	6	5	80	0.0625000
NODE_8719_length_905_cov_26.332506	375	455	7	75	80	0.9375000
NODE_8719_length_905_cov_26.332506	428	508	2	5	80	0.0625000
NODE_8719_length_905_cov_26.332506	428	508	3	8	80	0.1000000
NODE_8719_length_905_cov_26.332506	428	508	4	6	80	0.0750000
NODE_8719_length_905_cov_26.332506	428	508	6	7	80	0.0875000
NODE_8719_length_905_cov_26.332506	428	508	7	54	80	0.6750000
NODE_8720_length_905_cov_20.651365	377	457	2	44	80	0.5500000
NODE_8720_length_905_cov_20.651365	377	457	3	36	80	0.4500000
NODE_8720_length_905_cov_20.651365	430	510	1	10	80	0.1250000
NODE_8720_length_905_cov_20.651365	430	510	3	70	80	0.8750000
NODE_8721_length_905_cov_19.718362	365	445	5	6	80	0.0750000
NODE_8721_length_905_cov_19.718362	365	445	7	26	80	0.3250000
NODE_8721_length_905_cov_19.718362	365	445	8	21	80	0.2625000
NODE_8721_length_905_cov_19.718362	365	445	9	27	80	0.3375000
NODE_8721_length_905_cov_19.718362	418	498	0	15	80	0.1875000
NODE_8721_length_905_cov_19.718362	418	498	1	2	80	0.0250000
NODE_8721_length_905_cov_19.718362	418	498	3	28	80	0.3500000
NODE_8721_length_905_cov_19.718362	418	498	4	8	80	0.1000000
NODE_8721_length_905_cov_19.718362	418	498	5	6	80	0.0750000
NODE_8721_length_905_cov_19.718362	418	498	7	21	80	0.2625000
NODE_8722_length_905_cov_13.696030	366	420	3	54	54	1.0000000
NODE_8723_length_905_cov_9.978908	222	302	1	80	80	1.0000000
NODE_8723_length_905_cov_9.978908	275	355	1	80	80	1.0000000
NODE_8725_length_905_cov_7.980149	321	401	0	80	80	1.0000000
NODE_8725_length_905_cov_7.980149	374	454	0	80	80	1.0000000
NODE_8727_length_905_cov_6.064516	459	539	2	1	80	0.0125000
NODE_8727_length_905_cov_6.064516	459	539	3	41	80	0.5125000
NODE_8727_length_905_cov_6.064516	459	539	4	34	80	0.4250000
NODE_8727_length_905_cov_6.064516	459	539	5	4	80	0.0500000
NODE_8727_length_905_cov_6.064516	512	592	2	54	80	0.6750000
NODE_8727_length_905_cov_6.064516	512	592	4	26	80	0.3250000
NODE_8742_length_905_cov_1.040943	73	119	0	46	46	1.0000000
NODE_8742_length_905_cov_1.040943	126	172	0	46	46	1.0000000
NODE_8743_length_904_cov_29.532919	338	418	1	22	80	0.2750000
NODE_8743_length_904_cov_29.532919	338	418	2	58	80	0.7250000
NODE_8743_length_904_cov_29.532919	391	471	1	39	80	0.4875000
NODE_8743_length_904_cov_29.532919	391	471	2	28	80	0.3500000
NODE_8743_length_904_cov_29.532919	391	471	3	11	80	0.1375000
NODE_8743_length_904_cov_29.532919	391	471	4	2	80	0.0250000
NODE_8743_length_904_cov_29.532919	467	547	3	2	80	0.0250000
NODE_8743_length_904_cov_29.532919	467	547	4	44	80	0.5500000
NODE_8743_length_904_cov_29.532919	467	547	5	27	80	0.3375000
NODE_8743_length_904_cov_29.532919	467	547	6	7	80	0.0875000
NODE_8743_length_904_cov_29.532919	520	600	2	16	80	0.2000000
NODE_8743_length_904_cov_29.532919	520	600	3	9	80	0.1125000
NODE_8743_length_904_cov_29.532919	520	600	4	38	80	0.4750000
NODE_8743_length_904_cov_29.532919	520	600	5	17	80	0.2125000
NODE_8744_length_904_cov_28.844720	371	451	2	2	80	0.0250000
NODE_8744_length_904_cov_28.844720	371	451	3	34	80	0.4250000
NODE_8744_length_904_cov_28.844720	371	451	4	30	80	0.3750000
NODE_8744_length_904_cov_28.844720	371	451	5	14	80	0.1750000
NODE_8744_length_904_cov_28.844720	424	504	2	2	80	0.0250000
NODE_8744_length_904_cov_28.844720	424	504	3	30	80	0.3750000
NODE_8744_length_904_cov_28.844720	424	504	4	48	80	0.6000000
NODE_8745_length_904_cov_26.977640	488	568	10	5	80	0.0625000
NODE_8745_length_904_cov_26.977640	488	568	11	21	80	0.2625000
NODE_8745_length_904_cov_26.977640	488	568	13	2	80	0.0250000
NODE_8745_length_904_cov_26.977640	488	568	14	1	80	0.0125000
NODE_8745_length_904_cov_26.977640	488	568	15	51	80	0.6375000
NODE_8745_length_904_cov_26.977640	541	621	3	11	80	0.1375000
NODE_8745_length_904_cov_26.977640	541	621	7	17	80	0.2125000
NODE_8745_length_904_cov_26.977640	541	621	9	7	80	0.0875000
NODE_8745_length_904_cov_26.977640	541	621	10	6	80	0.0750000
NODE_8745_length_904_cov_26.977640	541	621	11	22	80	0.2750000
NODE_8745_length_904_cov_26.977640	541	621	13	2	80	0.0250000
NODE_8745_length_904_cov_26.977640	541	621	14	1	80	0.0125000
NODE_8745_length_904_cov_26.977640	541	621	15	14	80	0.1750000
NODE_8746_length_904_cov_24.529193	464	544	4	16	80	0.2000000
NODE_8746_length_904_cov_24.529193	464	544	5	64	80	0.8000000
NODE_8746_length_904_cov_24.529193	517	597	2	3	80	0.0375000
NODE_8746_length_904_cov_24.529193	517	597	3	3	80	0.0375000
NODE_8746_length_904_cov_24.529193	517	597	4	18	80	0.2250000
NODE_8746_length_904_cov_24.529193	517	597	5	56	80	0.7000000
NODE_8747_length_904_cov_24.452174	507	587	4	24	80	0.3000000
NODE_8747_length_904_cov_24.452174	507	587	5	23	80	0.2875000
NODE_8747_length_904_cov_24.452174	507	587	6	33	80	0.4125000
NODE_8747_length_904_cov_24.452174	560	640	3	29	80	0.3625000
NODE_8747_length_904_cov_24.452174	560	640	4	45	80	0.5625000
NODE_8747_length_904_cov_24.452174	560	640	5	6	80	0.0750000
NODE_8748_length_904_cov_19.649689	307	387	4	16	80	0.2000000
NODE_8748_length_904_cov_19.649689	307	387	5	12	80	0.1500000
NODE_8748_length_904_cov_19.649689	307	387	6	52	80	0.6500000
NODE_8748_length_904_cov_19.649689	360	440	1	52	80	0.6500000
NODE_8748_length_904_cov_19.649689	360	440	3	1	80	0.0125000
NODE_8748_length_904_cov_19.649689	360	440	4	16	80	0.2000000
NODE_8748_length_904_cov_19.649689	360	440	6	11	80	0.1375000
NODE_8748_length_904_cov_19.649689	595	675	3	80	80	1.0000000
NODE_8748_length_904_cov_19.649689	648	728	0	5	80	0.0625000
NODE_8748_length_904_cov_19.649689	648	728	1	2	80	0.0250000
NODE_8748_length_904_cov_19.649689	648	728	2	25	80	0.3125000
NODE_8748_length_904_cov_19.649689	648	728	3	48	80	0.6000000
NODE_8750_length_904_cov_16.608696	252	332	0	51	80	0.6375000
NODE_8750_length_904_cov_16.608696	252	332	1	1	80	0.0125000
NODE_8750_length_904_cov_16.608696	252	332	3	28	80	0.3500000
NODE_8750_length_904_cov_16.608696	305	385	3	80	80	1.0000000
NODE_8750_length_904_cov_16.608696	381	461	0	8	80	0.1000000
NODE_8750_length_904_cov_16.608696	381	461	1	11	80	0.1375000
NODE_8750_length_904_cov_16.608696	381	461	3	61	80	0.7625000
NODE_8750_length_904_cov_16.608696	434	514	0	61	80	0.7625000
NODE_8750_length_904_cov_16.608696	434	514	1	11	80	0.1375000
NODE_8750_length_904_cov_16.608696	434	514	3	8	80	0.1000000
NODE_8751_length_904_cov_15.811180	431	511	4	10	80	0.1250000
NODE_8751_length_904_cov_15.811180	431	511	5	14	80	0.1750000
NODE_8751_length_904_cov_15.811180	431	511	6	16	80	0.2000000
NODE_8751_length_904_cov_15.811180	431	511	7	40	80	0.5000000
NODE_8751_length_904_cov_15.811180	484	564	4	2	80	0.0250000
NODE_8751_length_904_cov_15.811180	484	564	5	29	80	0.3625000
NODE_8751_length_904_cov_15.811180	484	564	6	38	80	0.4750000
NODE_8751_length_904_cov_15.811180	484	564	7	11	80	0.1375000
NODE_8752_length_904_cov_9.249689	581	661	0	80	80	1.0000000
NODE_8752_length_904_cov_9.249689	634	714	0	80	80	1.0000000
NODE_8756_length_904_cov_4.772671	318	398	1	34	80	0.4250000
NODE_8756_length_904_cov_4.772671	318	398	2	46	80	0.5750000
NODE_8756_length_904_cov_4.772671	371	451	1	4	80	0.0500000
NODE_8756_length_904_cov_4.772671	371	451	2	76	80	0.9500000
NODE_8773_length_903_cov_58.723881	386	466	1	6	80	0.0750000
NODE_8773_length_903_cov_58.723881	386	466	2	7	80	0.0875000
NODE_8773_length_903_cov_58.723881	386	466	3	23	80	0.2875000
NODE_8773_length_903_cov_58.723881	386	466	4	6	80	0.0750000
NODE_8773_length_903_cov_58.723881	386	466	5	7	80	0.0875000
NODE_8773_length_903_cov_58.723881	386	466	6	31	80	0.3875000
NODE_8773_length_903_cov_58.723881	439	519	6	38	80	0.4750000
NODE_8773_length_903_cov_58.723881	439	519	7	42	80	0.5250000
NODE_8773_length_903_cov_58.723881	515	595	3	9	80	0.1125000
NODE_8773_length_903_cov_58.723881	515	595	4	7	80	0.0875000
NODE_8773_length_903_cov_58.723881	515	595	5	7	80	0.0875000
NODE_8773_length_903_cov_58.723881	515	595	6	28	80	0.3500000
NODE_8773_length_903_cov_58.723881	515	595	7	29	80	0.3625000
NODE_8773_length_903_cov_58.723881	568	648	3	47	80	0.5875000
NODE_8773_length_903_cov_58.723881	568	648	4	22	80	0.2750000
NODE_8773_length_903_cov_58.723881	568	648	5	7	80	0.0875000
NODE_8773_length_903_cov_58.723881	568	648	6	4	80	0.0500000
NODE_8774_length_903_cov_41.298507	397	477	2	2	80	0.0250000
NODE_8774_length_903_cov_41.298507	397	477	4	78	80	0.9750000
NODE_8774_length_903_cov_41.298507	450	530	2	24	80	0.3000000
NODE_8774_length_903_cov_41.298507	450	530	3	23	80	0.2875000
NODE_8774_length_903_cov_41.298507	450	530	4	33	80	0.4125000
NODE_8775_length_903_cov_28.691542	394	474	5	12	80	0.1500000
NODE_8775_length_903_cov_28.691542	394	474	7	1	80	0.0125000
NODE_8775_length_903_cov_28.691542	394	474	8	21	80	0.2625000
NODE_8775_length_903_cov_28.691542	394	474	9	9	80	0.1125000
NODE_8775_length_903_cov_28.691542	394	474	10	25	80	0.3125000
NODE_8775_length_903_cov_28.691542	394	474	11	5	80	0.0625000
NODE_8775_length_903_cov_28.691542	394	474	12	7	80	0.0875000
NODE_8775_length_903_cov_28.691542	447	527	9	1	80	0.0125000
NODE_8775_length_903_cov_28.691542	447	527	10	23	80	0.2875000
NODE_8775_length_903_cov_28.691542	447	527	11	5	80	0.0625000
NODE_8775_length_903_cov_28.691542	447	527	12	39	80	0.4875000
NODE_8775_length_903_cov_28.691542	447	527	13	1	80	0.0125000
NODE_8775_length_903_cov_28.691542	447	527	14	11	80	0.1375000
NODE_8776_length_903_cov_26.276119	441	521	1	56	80	0.7000000
NODE_8776_length_903_cov_26.276119	441	521	2	24	80	0.3000000
NODE_8776_length_903_cov_26.276119	494	574	1	3	80	0.0375000
NODE_8776_length_903_cov_26.276119	494	574	2	57	80	0.7125000
NODE_8776_length_903_cov_26.276119	494	574	3	20	80	0.2500000
NODE_8778_length_903_cov_18.166667	351	431	0	34	80	0.4250000
NODE_8778_length_903_cov_18.166667	351	431	2	16	80	0.2000000
NODE_8778_length_903_cov_18.166667	351	431	4	30	80	0.3750000
NODE_8778_length_903_cov_18.166667	404	484	2	9	80	0.1125000
NODE_8778_length_903_cov_18.166667	404	484	4	71	80	0.8875000
NODE_8779_length_903_cov_15.460199	440	520	5	30	80	0.3750000
NODE_8779_length_903_cov_15.460199	440	520	6	23	80	0.2875000
NODE_8779_length_903_cov_15.460199	440	520	8	18	80	0.2250000
NODE_8779_length_903_cov_15.460199	440	520	9	9	80	0.1125000
NODE_8779_length_903_cov_15.460199	493	573	4	18	80	0.2250000
NODE_8779_length_903_cov_15.460199	493	573	5	6	80	0.0750000
NODE_8779_length_903_cov_15.460199	493	573	6	9	80	0.1125000
NODE_8779_length_903_cov_15.460199	493	573	8	38	80	0.4750000
NODE_8779_length_903_cov_15.460199	493	573	9	9	80	0.1125000
NODE_8780_length_903_cov_15.084577	352	432	2	2	80	0.0250000
NODE_8780_length_903_cov_15.084577	352	432	3	8	80	0.1000000
NODE_8780_length_903_cov_15.084577	352	432	4	31	80	0.3875000
NODE_8780_length_903_cov_15.084577	352	432	5	39	80	0.4875000
NODE_8780_length_903_cov_15.084577	405	485	3	3	80	0.0375000
NODE_8780_length_903_cov_15.084577	405	485	4	74	80	0.9250000
NODE_8780_length_903_cov_15.084577	405	485	5	3	80	0.0375000
NODE_8781_length_903_cov_15.070896	367	447	3	9	80	0.1125000
NODE_8781_length_903_cov_15.070896	367	447	4	22	80	0.2750000
NODE_8781_length_903_cov_15.070896	367	447	5	49	80	0.6125000
NODE_8781_length_903_cov_15.070896	420	500	2	27	80	0.3375000
NODE_8781_length_903_cov_15.070896	420	500	3	35	80	0.4375000
NODE_8781_length_903_cov_15.070896	420	500	4	18	80	0.2250000
NODE_8782_length_903_cov_14.004975	318	399	0	19	81	0.2345679
NODE_8782_length_903_cov_14.004975	318	399	1	52	81	0.6419753
NODE_8782_length_903_cov_14.004975	318	399	3	10	81	0.1234568
NODE_8782_length_903_cov_14.004975	372	452	1	80	80	1.0000000
NODE_8783_length_903_cov_10.546020	150	230	0	30	80	0.3750000
NODE_8783_length_903_cov_10.546020	150	230	2	50	80	0.6250000
NODE_8783_length_903_cov_10.546020	203	283	2	80	80	1.0000000
NODE_8784_length_903_cov_9.288557	373	453	0	80	80	1.0000000
NODE_8784_length_903_cov_9.288557	426	506	0	80	80	1.0000000
NODE_8785_length_903_cov_8.052239	439	519	3	30	80	0.3750000
NODE_8785_length_903_cov_8.052239	439	519	5	50	80	0.6250000
NODE_8785_length_903_cov_8.052239	492	572	4	45	80	0.5625000
NODE_8785_length_903_cov_8.052239	492	572	5	27	80	0.3375000
NODE_8785_length_903_cov_8.052239	492	572	6	8	80	0.1000000
NODE_8798_length_902_cov_64.459527	355	435	8	2	80	0.0250000
NODE_8798_length_902_cov_64.459527	355	435	9	6	80	0.0750000
NODE_8798_length_902_cov_64.459527	355	435	10	21	80	0.2625000
NODE_8798_length_902_cov_64.459527	355	435	12	1	80	0.0125000
NODE_8798_length_902_cov_64.459527	355	435	13	1	80	0.0125000
NODE_8798_length_902_cov_64.459527	355	435	14	38	80	0.4750000
NODE_8798_length_902_cov_64.459527	355	435	15	11	80	0.1375000
NODE_8798_length_902_cov_64.459527	408	488	6	3	80	0.0375000
NODE_8798_length_902_cov_64.459527	408	488	7	19	80	0.2375000
NODE_8798_length_902_cov_64.459527	408	488	8	6	80	0.0750000
NODE_8798_length_902_cov_64.459527	408	488	9	17	80	0.2125000
NODE_8798_length_902_cov_64.459527	408	488	10	22	80	0.2750000
NODE_8798_length_902_cov_64.459527	408	488	11	5	80	0.0625000
NODE_8798_length_902_cov_64.459527	408	488	12	8	80	0.1000000
NODE_8798_length_902_cov_64.459527	484	564	10	4	80	0.0500000
NODE_8798_length_902_cov_64.459527	484	564	11	28	80	0.3500000
NODE_8798_length_902_cov_64.459527	484	564	12	33	80	0.4125000
NODE_8798_length_902_cov_64.459527	484	564	13	15	80	0.1875000
NODE_8798_length_902_cov_64.459527	537	617	9	6	80	0.0750000
NODE_8798_length_902_cov_64.459527	537	617	10	4	80	0.0500000
NODE_8798_length_902_cov_64.459527	537	617	11	11	80	0.1375000
NODE_8798_length_902_cov_64.459527	537	617	12	26	80	0.3250000
NODE_8798_length_902_cov_64.459527	537	617	13	33	80	0.4125000
NODE_8799_length_902_cov_60.823163	395	475	7	1	80	0.0125000
NODE_8799_length_902_cov_60.823163	395	475	9	12	80	0.1500000
NODE_8799_length_902_cov_60.823163	395	475	10	29	80	0.3625000
NODE_8799_length_902_cov_60.823163	395	475	11	22	80	0.2750000
NODE_8799_length_902_cov_60.823163	395	475	12	5	80	0.0625000
NODE_8799_length_902_cov_60.823163	395	475	13	11	80	0.1375000
NODE_8799_length_902_cov_60.823163	448	528	4	29	80	0.3625000
NODE_8799_length_902_cov_60.823163	448	528	6	8	80	0.1000000
NODE_8799_length_902_cov_60.823163	448	528	8	3	80	0.0375000
NODE_8799_length_902_cov_60.823163	448	528	9	8	80	0.1000000
NODE_8799_length_902_cov_60.823163	448	528	10	20	80	0.2500000
NODE_8799_length_902_cov_60.823163	448	528	11	12	80	0.1500000
NODE_8800_length_902_cov_44.002491	383	463	4	19	80	0.2375000
NODE_8800_length_902_cov_44.002491	383	463	5	61	80	0.7625000
NODE_8800_length_902_cov_44.002491	436	516	3	20	80	0.2500000
NODE_8800_length_902_cov_44.002491	436	516	4	52	80	0.6500000
NODE_8800_length_902_cov_44.002491	436	516	5	8	80	0.1000000
NODE_8801_length_902_cov_41.059776	378	458	7	4	80	0.0500000
NODE_8801_length_902_cov_41.059776	378	458	9	43	80	0.5375000
NODE_8801_length_902_cov_41.059776	378	458	10	25	80	0.3125000
NODE_8801_length_902_cov_41.059776	378	458	11	8	80	0.1000000
NODE_8801_length_902_cov_41.059776	431	511	4	8	80	0.1000000
NODE_8801_length_902_cov_41.059776	431	511	5	8	80	0.1000000
NODE_8801_length_902_cov_41.059776	431	511	6	11	80	0.1375000
NODE_8801_length_902_cov_41.059776	431	511	7	30	80	0.3750000
NODE_8801_length_902_cov_41.059776	431	511	9	13	80	0.1625000
NODE_8801_length_902_cov_41.059776	431	511	10	10	80	0.1250000
NODE_8802_length_902_cov_38.952677	372	452	1	9	80	0.1125000
NODE_8802_length_902_cov_38.952677	372	452	2	1	80	0.0125000
NODE_8802_length_902_cov_38.952677	372	452	3	12	80	0.1500000
NODE_8802_length_902_cov_38.952677	372	452	4	10	80	0.1250000
NODE_8802_length_902_cov_38.952677	372	452	5	30	80	0.3750000
NODE_8802_length_902_cov_38.952677	372	452	6	11	80	0.1375000
NODE_8802_length_902_cov_38.952677	372	452	7	7	80	0.0875000
NODE_8802_length_902_cov_38.952677	425	505	5	9	80	0.1125000
NODE_8802_length_902_cov_38.952677	425	505	6	20	80	0.2500000
NODE_8802_length_902_cov_38.952677	425	505	7	51	80	0.6375000
NODE_8803_length_902_cov_34.156912	373	453	3	27	80	0.3375000
NODE_8803_length_902_cov_34.156912	373	453	4	31	80	0.3875000
NODE_8803_length_902_cov_34.156912	373	453	5	22	80	0.2750000
NODE_8803_length_902_cov_34.156912	426	506	4	5	80	0.0625000
NODE_8803_length_902_cov_34.156912	426	506	5	52	80	0.6500000
NODE_8803_length_902_cov_34.156912	426	506	6	23	80	0.2875000
NODE_8804_length_902_cov_23.007472	295	375	8	13	80	0.1625000
NODE_8804_length_902_cov_23.007472	295	375	9	23	80	0.2875000
NODE_8804_length_902_cov_23.007472	295	375	11	18	80	0.2250000
NODE_8804_length_902_cov_23.007472	295	375	13	26	80	0.3250000
NODE_8804_length_902_cov_23.007472	348	428	9	9	80	0.1125000
NODE_8804_length_902_cov_23.007472	348	428	10	4	80	0.0500000
NODE_8804_length_902_cov_23.007472	348	428	11	1	80	0.0125000
NODE_8804_length_902_cov_23.007472	348	428	12	35	80	0.4375000
NODE_8804_length_902_cov_23.007472	348	428	13	31	80	0.3875000
NODE_8805_length_902_cov_19.491905	238	291	3	1	53	0.0188679
NODE_8805_length_902_cov_19.491905	238	291	4	27	53	0.5094340
NODE_8805_length_902_cov_19.491905	238	291	5	3	53	0.0566038
NODE_8805_length_902_cov_19.491905	238	291	6	1	53	0.0188679
NODE_8805_length_902_cov_19.491905	238	291	7	2	53	0.0377358
NODE_8805_length_902_cov_19.491905	238	291	8	1	53	0.0188679
NODE_8805_length_902_cov_19.491905	238	291	9	17	53	0.3207547
NODE_8805_length_902_cov_19.491905	238	291	10	1	53	0.0188679
NODE_8805_length_902_cov_19.491905	264	344	4	2	80	0.0250000
NODE_8805_length_902_cov_19.491905	264	344	5	3	80	0.0375000
NODE_8805_length_902_cov_19.491905	264	344	6	1	80	0.0125000
NODE_8805_length_902_cov_19.491905	264	344	7	2	80	0.0250000
NODE_8805_length_902_cov_19.491905	264	344	8	1	80	0.0125000
NODE_8805_length_902_cov_19.491905	264	344	9	17	80	0.2125000
NODE_8805_length_902_cov_19.491905	264	344	10	54	80	0.6750000
NODE_8806_length_902_cov_10.794521	214	294	0	30	80	0.3750000
NODE_8806_length_902_cov_10.794521	214	294	2	50	80	0.6250000
NODE_8806_length_902_cov_10.794521	267	347	2	80	80	1.0000000
NODE_8807_length_902_cov_9.520548	518	598	0	80	80	1.0000000
NODE_8807_length_902_cov_9.520548	571	651	0	80	80	1.0000000
NODE_8808_length_902_cov_8.323786	337	417	2	20	80	0.2500000
NODE_8808_length_902_cov_8.323786	337	417	3	50	80	0.6250000
NODE_8808_length_902_cov_8.323786	337	417	4	10	80	0.1250000
NODE_8808_length_902_cov_8.323786	390	470	2	70	80	0.8750000
NODE_8808_length_902_cov_8.323786	390	470	3	7	80	0.0875000
NODE_8808_length_902_cov_8.323786	390	470	4	3	80	0.0375000
NODE_8811_length_902_cov_7.300125	434	514	0	80	80	1.0000000
NODE_8811_length_902_cov_7.300125	487	567	0	80	80	1.0000000
NODE_8812_length_902_cov_4.185554	505	585	0	14	80	0.1750000
NODE_8812_length_902_cov_4.185554	505	585	1	29	80	0.3625000
NODE_8812_length_902_cov_4.185554	505	585	2	37	80	0.4625000
NODE_8812_length_902_cov_4.185554	558	588	2	30	30	1.0000000
NODE_8812_length_902_cov_4.185554	610	662	2	52	52	1.0000000
NODE_8830_length_902_cov_0.963885	82	106	0	24	24	1.0000000
NODE_8832_length_901_cov_36.066085	412	490	0	25	78	0.3205128
NODE_8832_length_901_cov_36.066085	412	490	2	16	78	0.2051282
NODE_8832_length_901_cov_36.066085	412	490	4	4	78	0.0512821
NODE_8832_length_901_cov_36.066085	412	490	6	33	78	0.4230769
NODE_8832_length_901_cov_36.066085	463	543	6	33	80	0.4125000
NODE_8832_length_901_cov_36.066085	463	543	7	47	80	0.5875000
NODE_8833_length_901_cov_28.129676	377	457	5	18	80	0.2250000
NODE_8833_length_901_cov_28.129676	377	457	6	15	80	0.1875000
NODE_8833_length_901_cov_28.129676	377	457	7	47	80	0.5875000
NODE_8833_length_901_cov_28.129676	430	510	0	1	80	0.0125000
NODE_8833_length_901_cov_28.129676	430	510	1	52	80	0.6500000
NODE_8833_length_901_cov_28.129676	430	510	6	15	80	0.1875000
NODE_8833_length_901_cov_28.129676	430	510	7	12	80	0.1500000
NODE_8834_length_901_cov_26.763092	272	352	2	10	80	0.1250000
NODE_8834_length_901_cov_26.763092	272	352	3	43	80	0.5375000
NODE_8834_length_901_cov_26.763092	272	352	4	27	80	0.3375000
NODE_8834_length_901_cov_26.763092	325	405	2	10	80	0.1250000
NODE_8834_length_901_cov_26.763092	325	405	3	30	80	0.3750000
NODE_8834_length_901_cov_26.763092	325	405	4	30	80	0.3750000
NODE_8834_length_901_cov_26.763092	325	405	5	10	80	0.1250000
NODE_8834_length_901_cov_26.763092	401	481	1	4	80	0.0500000
NODE_8834_length_901_cov_26.763092	401	481	2	3	80	0.0375000
NODE_8834_length_901_cov_26.763092	401	481	3	46	80	0.5750000
NODE_8834_length_901_cov_26.763092	401	481	4	27	80	0.3375000
NODE_8834_length_901_cov_26.763092	454	534	1	16	80	0.2000000
NODE_8834_length_901_cov_26.763092	454	534	2	44	80	0.5500000
NODE_8834_length_901_cov_26.763092	454	534	3	20	80	0.2500000
NODE_8835_length_901_cov_25.628429	369	449	7	37	80	0.4625000
NODE_8835_length_901_cov_25.628429	369	449	8	43	80	0.5375000
NODE_8835_length_901_cov_25.628429	422	502	5	1	80	0.0125000
NODE_8835_length_901_cov_25.628429	422	502	6	13	80	0.1625000
NODE_8835_length_901_cov_25.628429	422	502	7	5	80	0.0625000
NODE_8835_length_901_cov_25.628429	422	502	8	48	80	0.6000000
NODE_8835_length_901_cov_25.628429	422	502	9	13	80	0.1625000
NODE_8836_length_901_cov_17.857855	408	488	1	29	80	0.3625000
NODE_8836_length_901_cov_17.857855	408	488	2	51	80	0.6375000
NODE_8836_length_901_cov_17.857855	461	541	1	21	80	0.2625000
NODE_8836_length_901_cov_17.857855	461	541	2	59	80	0.7375000
NODE_8837_length_901_cov_16.254364	362	442	2	23	80	0.2875000
NODE_8837_length_901_cov_16.254364	362	442	3	9	80	0.1125000
NODE_8837_length_901_cov_16.254364	362	442	4	45	80	0.5625000
NODE_8837_length_901_cov_16.254364	362	442	5	3	80	0.0375000
NODE_8837_length_901_cov_16.254364	415	495	4	24	80	0.3000000
NODE_8837_length_901_cov_16.254364	415	495	5	56	80	0.7000000
NODE_8838_length_901_cov_8.346633	321	401	1	10	80	0.1250000
NODE_8838_length_901_cov_8.346633	321	401	4	21	80	0.2625000
NODE_8838_length_901_cov_8.346633	321	401	5	49	80	0.6125000
NODE_8838_length_901_cov_8.346633	374	454	5	80	80	1.0000000
NODE_8840_length_901_cov_6.044888	363	443	6	1	80	0.0125000
NODE_8840_length_901_cov_6.044888	363	443	8	3	80	0.0375000
NODE_8840_length_901_cov_6.044888	363	443	9	38	80	0.4750000
NODE_8840_length_901_cov_6.044888	363	443	10	15	80	0.1875000
NODE_8840_length_901_cov_6.044888	363	443	11	23	80	0.2875000
NODE_8840_length_901_cov_6.044888	416	496	6	8	80	0.1000000
NODE_8840_length_901_cov_6.044888	416	496	7	8	80	0.1000000
NODE_8840_length_901_cov_6.044888	416	496	8	4	80	0.0500000
NODE_8840_length_901_cov_6.044888	416	496	10	39	80	0.4875000
NODE_8840_length_901_cov_6.044888	416	496	11	21	80	0.2625000
NODE_8845_length_901_cov_3.814214	194	274	0	80	80	1.0000000
NODE_8845_length_901_cov_3.814214	247	326	0	79	79	1.0000000
NODE_8857_length_900_cov_30.284644	407	487	7	8	80	0.1000000
NODE_8857_length_900_cov_30.284644	407	487	9	34	80	0.4250000
NODE_8857_length_900_cov_30.284644	407	487	10	28	80	0.3500000
NODE_8857_length_900_cov_30.284644	407	487	11	10	80	0.1250000
NODE_8857_length_900_cov_30.284644	460	540	6	23	80	0.2875000
NODE_8857_length_900_cov_30.284644	460	540	7	8	80	0.1000000
NODE_8857_length_900_cov_30.284644	460	540	8	17	80	0.2125000
NODE_8857_length_900_cov_30.284644	460	540	9	11	80	0.1375000
NODE_8857_length_900_cov_30.284644	460	540	10	19	80	0.2375000
NODE_8857_length_900_cov_30.284644	460	540	11	2	80	0.0250000
NODE_8858_length_900_cov_29.679151	425	505	1	3	80	0.0375000
NODE_8858_length_900_cov_29.679151	425	505	2	51	80	0.6375000
NODE_8858_length_900_cov_29.679151	425	505	3	26	80	0.3250000
NODE_8858_length_900_cov_29.679151	478	558	2	80	80	1.0000000
NODE_8859_length_900_cov_25.963795	321	401	6	6	80	0.0750000
NODE_8859_length_900_cov_25.963795	321	401	7	14	80	0.1750000
NODE_8859_length_900_cov_25.963795	321	401	8	5	80	0.0625000
NODE_8859_length_900_cov_25.963795	321	401	9	7	80	0.0875000
NODE_8859_length_900_cov_25.963795	321	401	10	4	80	0.0500000
NODE_8859_length_900_cov_25.963795	321	401	11	30	80	0.3750000
NODE_8859_length_900_cov_25.963795	321	401	13	14	80	0.1750000
NODE_8859_length_900_cov_25.963795	374	454	10	21	80	0.2625000
NODE_8859_length_900_cov_25.963795	374	454	11	30	80	0.3750000
NODE_8859_length_900_cov_25.963795	374	454	13	29	80	0.3625000
NODE_8860_length_900_cov_17.681648	530	606	5	9	76	0.1184211
NODE_8860_length_900_cov_17.681648	530	606	6	18	76	0.2368421
NODE_8860_length_900_cov_17.681648	530	606	7	47	76	0.6184211
NODE_8860_length_900_cov_17.681648	530	606	8	2	76	0.0263158
NODE_8860_length_900_cov_17.681648	583	659	4	7	76	0.0921053
NODE_8860_length_900_cov_17.681648	583	659	5	55	76	0.7236842
NODE_8860_length_900_cov_17.681648	583	659	6	14	76	0.1842105
NODE_8861_length_900_cov_16.294632	316	396	1	21	80	0.2625000
NODE_8861_length_900_cov_16.294632	316	396	2	9	80	0.1125000
NODE_8861_length_900_cov_16.294632	316	396	3	23	80	0.2875000
NODE_8861_length_900_cov_16.294632	316	396	4	27	80	0.3375000
NODE_8861_length_900_cov_16.294632	369	449	3	76	80	0.9500000
NODE_8861_length_900_cov_16.294632	369	449	4	4	80	0.0500000
NODE_8863_length_900_cov_5.962547	0	70	0	70	70	1.0000000
NODE_8863_length_900_cov_5.962547	43	108	0	65	65	1.0000000
NODE_8870_length_900_cov_2.521848	85	165	0	80	80	1.0000000
NODE_8870_length_900_cov_2.521848	138	218	0	80	80	1.0000000
NODE_8879_length_899_cov_45.853750	380	460	6	14	80	0.1750000
NODE_8879_length_899_cov_45.853750	380	460	7	1	80	0.0125000
NODE_8879_length_899_cov_45.853750	380	460	8	6	80	0.0750000
NODE_8879_length_899_cov_45.853750	380	460	9	5	80	0.0625000
NODE_8879_length_899_cov_45.853750	380	460	10	15	80	0.1875000
NODE_8879_length_899_cov_45.853750	380	460	11	12	80	0.1500000
NODE_8879_length_899_cov_45.853750	380	460	12	2	80	0.0250000
NODE_8879_length_899_cov_45.853750	380	460	13	25	80	0.3125000
NODE_8879_length_899_cov_45.853750	433	516	9	3	83	0.0361446
NODE_8879_length_899_cov_45.853750	433	516	10	14	83	0.1686747
NODE_8879_length_899_cov_45.853750	433	516	11	34	83	0.4096386
NODE_8879_length_899_cov_45.853750	433	516	12	16	83	0.1927711
NODE_8879_length_899_cov_45.853750	433	516	13	16	83	0.1927711
NODE_8880_length_899_cov_37.758750	381	461	2	17	80	0.2125000
NODE_8880_length_899_cov_37.758750	381	461	3	63	80	0.7875000
NODE_8880_length_899_cov_37.758750	434	514	0	3	80	0.0375000
NODE_8880_length_899_cov_37.758750	434	514	1	14	80	0.1750000
NODE_8880_length_899_cov_37.758750	434	514	2	53	80	0.6625000
NODE_8880_length_899_cov_37.758750	434	514	3	10	80	0.1250000
NODE_8881_length_899_cov_27.362500	413	493	1	21	80	0.2625000
NODE_8881_length_899_cov_27.362500	413	493	2	29	80	0.3625000
NODE_8881_length_899_cov_27.362500	413	493	3	2	80	0.0250000
NODE_8881_length_899_cov_27.362500	413	493	4	28	80	0.3500000
NODE_8881_length_899_cov_27.362500	466	546	3	55	80	0.6875000
NODE_8881_length_899_cov_27.362500	466	546	4	25	80	0.3125000
NODE_8882_length_899_cov_20.563750	379	459	2	10	80	0.1250000
NODE_8882_length_899_cov_20.563750	379	459	4	47	80	0.5875000
NODE_8882_length_899_cov_20.563750	379	459	6	23	80	0.2875000
NODE_8882_length_899_cov_20.563750	432	507	3	17	75	0.2266667
NODE_8882_length_899_cov_20.563750	432	507	4	11	75	0.1466667
NODE_8882_length_899_cov_20.563750	432	507	6	42	75	0.5600000
NODE_8882_length_899_cov_20.563750	432	507	7	5	75	0.0666667
NODE_8884_length_899_cov_17.130000	319	399	2	2	80	0.0250000
NODE_8884_length_899_cov_17.130000	319	399	4	8	80	0.1000000
NODE_8884_length_899_cov_17.130000	319	399	5	47	80	0.5875000
NODE_8884_length_899_cov_17.130000	319	399	6	23	80	0.2875000
NODE_8884_length_899_cov_17.130000	372	452	5	4	80	0.0500000
NODE_8884_length_899_cov_17.130000	372	452	6	76	80	0.9500000
NODE_8885_length_899_cov_16.317500	270	350	3	20	80	0.2500000
NODE_8885_length_899_cov_16.317500	270	350	4	8	80	0.1000000
NODE_8885_length_899_cov_16.317500	270	350	6	9	80	0.1125000
NODE_8885_length_899_cov_16.317500	270	350	7	10	80	0.1250000
NODE_8885_length_899_cov_16.317500	270	350	9	33	80	0.4125000
NODE_8885_length_899_cov_16.317500	323	403	7	1	80	0.0125000
NODE_8885_length_899_cov_16.317500	323	403	8	14	80	0.1750000
NODE_8885_length_899_cov_16.317500	323	403	9	65	80	0.8125000
NODE_8886_length_899_cov_16.190000	284	364	0	8	80	0.1000000
NODE_8886_length_899_cov_16.190000	284	364	2	72	80	0.9000000
NODE_8886_length_899_cov_16.190000	337	417	0	61	80	0.7625000
NODE_8886_length_899_cov_16.190000	337	417	2	19	80	0.2375000
NODE_8887_length_899_cov_13.873750	317	397	4	7	80	0.0875000
NODE_8887_length_899_cov_13.873750	317	397	5	31	80	0.3875000
NODE_8887_length_899_cov_13.873750	317	397	6	35	80	0.4375000
NODE_8887_length_899_cov_13.873750	317	397	7	7	80	0.0875000
NODE_8887_length_899_cov_13.873750	370	450	4	29	80	0.3625000
NODE_8887_length_899_cov_13.873750	370	450	5	20	80	0.2500000
NODE_8887_length_899_cov_13.873750	370	450	6	6	80	0.0750000
NODE_8887_length_899_cov_13.873750	370	450	7	25	80	0.3125000
NODE_8888_length_899_cov_12.957500	240	320	0	24	80	0.3000000
NODE_8888_length_899_cov_12.957500	240	320	1	16	80	0.2000000
NODE_8888_length_899_cov_12.957500	240	320	2	40	80	0.5000000
NODE_8888_length_899_cov_12.957500	293	373	2	80	80	1.0000000
NODE_8889_length_899_cov_12.516250	387	467	2	22	80	0.2750000
NODE_8889_length_899_cov_12.516250	387	467	3	58	80	0.7250000
NODE_8889_length_899_cov_12.516250	440	520	1	5	80	0.0625000
NODE_8889_length_899_cov_12.516250	440	520	2	51	80	0.6375000
NODE_8889_length_899_cov_12.516250	440	520	3	24	80	0.3000000
NODE_8890_length_899_cov_10.846250	348	428	0	80	80	1.0000000
NODE_8890_length_899_cov_10.846250	401	485	0	84	84	1.0000000
NODE_8891_length_899_cov_9.185000	347	427	3	53	80	0.6625000
NODE_8891_length_899_cov_9.185000	347	427	4	16	80	0.2000000
NODE_8891_length_899_cov_9.185000	347	427	5	11	80	0.1375000
NODE_8891_length_899_cov_9.185000	400	480	1	10	80	0.1250000
NODE_8891_length_899_cov_9.185000	400	480	2	9	80	0.1125000
NODE_8891_length_899_cov_9.185000	400	480	3	61	80	0.7625000
NODE_8892_length_899_cov_8.655000	498	578	2	2	80	0.0250000
NODE_8892_length_899_cov_8.655000	498	578	3	68	80	0.8500000
NODE_8892_length_899_cov_8.655000	498	578	4	10	80	0.1250000
NODE_8892_length_899_cov_8.655000	551	631	1	31	80	0.3875000
NODE_8892_length_899_cov_8.655000	551	631	2	24	80	0.3000000
NODE_8892_length_899_cov_8.655000	551	631	3	25	80	0.3125000
NODE_8893_length_899_cov_3.551250	0	54	0	54	54	1.0000000
NODE_8893_length_899_cov_3.551250	27	107	0	27	80	0.3375000
NODE_8893_length_899_cov_3.551250	27	107	2	16	80	0.2000000
NODE_8893_length_899_cov_3.551250	27	107	4	37	80	0.4625000
NODE_8893_length_899_cov_3.551250	103	183	4	11	80	0.1375000
NODE_8893_length_899_cov_3.551250	103	183	5	42	80	0.5250000
NODE_8893_length_899_cov_3.551250	103	183	6	15	80	0.1875000
NODE_8893_length_899_cov_3.551250	103	183	7	4	80	0.0500000
NODE_8893_length_899_cov_3.551250	103	183	8	2	80	0.0250000
NODE_8893_length_899_cov_3.551250	103	183	9	6	80	0.0750000
NODE_8893_length_899_cov_3.551250	156	179	5	8	23	0.3478261
NODE_8893_length_899_cov_3.551250	156	179	6	3	23	0.1304348
NODE_8893_length_899_cov_3.551250	156	179	7	4	23	0.1739130
NODE_8893_length_899_cov_3.551250	156	179	8	2	23	0.0869565
NODE_8893_length_899_cov_3.551250	156	179	9	6	23	0.2608696
NODE_8914_length_898_cov_52.405507	299	379	4	15	80	0.1875000
NODE_8914_length_898_cov_52.405507	299	379	5	45	80	0.5625000
NODE_8914_length_898_cov_52.405507	299	379	6	18	80	0.2250000
NODE_8914_length_898_cov_52.405507	299	379	7	2	80	0.0250000
NODE_8914_length_898_cov_52.405507	352	432	4	15	80	0.1875000
NODE_8914_length_898_cov_52.405507	352	432	5	18	80	0.2250000
NODE_8914_length_898_cov_52.405507	352	432	6	10	80	0.1250000
NODE_8914_length_898_cov_52.405507	352	432	7	21	80	0.2625000
NODE_8914_length_898_cov_52.405507	352	432	8	16	80	0.2000000
NODE_8914_length_898_cov_52.405507	428	508	5	5	80	0.0625000
NODE_8914_length_898_cov_52.405507	428	508	6	28	80	0.3500000
NODE_8914_length_898_cov_52.405507	428	508	7	47	80	0.5875000
NODE_8914_length_898_cov_52.405507	481	561	1	6	80	0.0750000
NODE_8914_length_898_cov_52.405507	481	561	2	35	80	0.4375000
NODE_8914_length_898_cov_52.405507	481	561	3	6	80	0.0750000
NODE_8914_length_898_cov_52.405507	481	561	5	11	80	0.1375000
NODE_8914_length_898_cov_52.405507	481	561	6	18	80	0.2250000
NODE_8914_length_898_cov_52.405507	481	561	7	4	80	0.0500000
NODE_8915_length_898_cov_44.973717	363	443	2	80	80	1.0000000
NODE_8915_length_898_cov_44.973717	416	496	0	20	80	0.2500000
NODE_8915_length_898_cov_44.973717	416	496	1	5	80	0.0625000
NODE_8915_length_898_cov_44.973717	416	496	2	55	80	0.6875000
NODE_8916_length_898_cov_38.269086	425	505	8	41	80	0.5125000
NODE_8916_length_898_cov_38.269086	425	505	9	27	80	0.3375000
NODE_8916_length_898_cov_38.269086	425	505	10	12	80	0.1500000
NODE_8916_length_898_cov_38.269086	478	558	5	16	80	0.2000000
NODE_8916_length_898_cov_38.269086	478	558	7	5	80	0.0625000
NODE_8916_length_898_cov_38.269086	478	558	8	2	80	0.0250000
NODE_8916_length_898_cov_38.269086	478	558	9	33	80	0.4125000
NODE_8916_length_898_cov_38.269086	478	558	10	13	80	0.1625000
NODE_8916_length_898_cov_38.269086	478	558	11	4	80	0.0500000
NODE_8916_length_898_cov_38.269086	478	558	12	7	80	0.0875000
NODE_8917_length_898_cov_27.006258	465	545	5	12	80	0.1500000
NODE_8917_length_898_cov_27.006258	465	545	6	10	80	0.1250000
NODE_8917_length_898_cov_27.006258	465	545	7	8	80	0.1000000
NODE_8917_length_898_cov_27.006258	465	545	8	22	80	0.2750000
NODE_8917_length_898_cov_27.006258	465	545	9	28	80	0.3500000
NODE_8917_length_898_cov_27.006258	518	598	7	8	80	0.1000000
NODE_8917_length_898_cov_27.006258	518	598	8	54	80	0.6750000
NODE_8917_length_898_cov_27.006258	518	598	9	18	80	0.2250000
NODE_8918_length_898_cov_25.902378	185	265	3	42	80	0.5250000
NODE_8918_length_898_cov_25.902378	185	265	5	38	80	0.4750000
NODE_8918_length_898_cov_25.902378	238	318	1	25	80	0.3125000
NODE_8918_length_898_cov_25.902378	238	318	3	55	80	0.6875000
NODE_8918_length_898_cov_25.902378	314	394	2	26	80	0.3250000
NODE_8918_length_898_cov_25.902378	314	394	3	14	80	0.1750000
NODE_8918_length_898_cov_25.902378	314	394	4	40	80	0.5000000
NODE_8918_length_898_cov_25.902378	367	447	2	26	80	0.3250000
NODE_8918_length_898_cov_25.902378	367	447	4	54	80	0.6750000
NODE_8919_length_898_cov_25.209011	368	448	2	37	80	0.4625000
NODE_8919_length_898_cov_25.209011	368	448	3	3	80	0.0375000
NODE_8919_length_898_cov_25.209011	368	448	4	4	80	0.0500000
NODE_8919_length_898_cov_25.209011	368	448	6	36	80	0.4500000
NODE_8919_length_898_cov_25.209011	421	501	5	9	80	0.1125000
NODE_8919_length_898_cov_25.209011	421	501	6	71	80	0.8875000
NODE_8920_length_898_cov_21.923655	325	405	0	24	80	0.3000000
NODE_8920_length_898_cov_21.923655	325	405	1	56	80	0.7000000
NODE_8920_length_898_cov_21.923655	378	458	1	80	80	1.0000000
NODE_8921_length_898_cov_21.065081	306	386	2	41	80	0.5125000
NODE_8921_length_898_cov_21.065081	306	386	3	16	80	0.2000000
NODE_8921_length_898_cov_21.065081	306	386	4	23	80	0.2875000
NODE_8921_length_898_cov_21.065081	359	439	2	4	80	0.0500000
NODE_8921_length_898_cov_21.065081	359	439	3	2	80	0.0250000
NODE_8921_length_898_cov_21.065081	359	439	4	74	80	0.9250000
NODE_8922_length_898_cov_20.954944	374	454	0	7	80	0.0875000
NODE_8922_length_898_cov_20.954944	374	454	2	56	80	0.7000000
NODE_8922_length_898_cov_20.954944	374	454	3	17	80	0.2125000
NODE_8922_length_898_cov_20.954944	427	507	2	10	80	0.1250000
NODE_8922_length_898_cov_20.954944	427	507	3	70	80	0.8750000
NODE_8923_length_898_cov_17.387985	398	478	2	19	80	0.2375000
NODE_8923_length_898_cov_17.387985	398	478	3	61	80	0.7625000
NODE_8923_length_898_cov_17.387985	451	531	2	43	80	0.5375000
NODE_8923_length_898_cov_17.387985	451	531	3	37	80	0.4625000
NODE_8924_length_898_cov_17.252816	265	345	1	7	80	0.0875000
NODE_8924_length_898_cov_17.252816	265	345	2	70	80	0.8750000
NODE_8924_length_898_cov_17.252816	265	345	3	3	80	0.0375000
NODE_8924_length_898_cov_17.252816	318	398	1	60	80	0.7500000
NODE_8924_length_898_cov_17.252816	318	398	2	20	80	0.2500000
NODE_8926_length_898_cov_13.152691	455	535	0	16	80	0.2000000
NODE_8926_length_898_cov_13.152691	455	535	2	64	80	0.8000000
NODE_8926_length_898_cov_13.152691	508	588	0	69	80	0.8625000
NODE_8926_length_898_cov_13.152691	508	588	2	11	80	0.1375000
NODE_8927_length_898_cov_12.612015	375	455	2	1	80	0.0125000
NODE_8927_length_898_cov_12.612015	375	455	3	12	80	0.1500000
NODE_8927_length_898_cov_12.612015	375	455	4	29	80	0.3625000
NODE_8927_length_898_cov_12.612015	375	455	5	38	80	0.4750000
NODE_8927_length_898_cov_12.612015	428	508	0	49	80	0.6125000
NODE_8927_length_898_cov_12.612015	428	508	2	5	80	0.0625000
NODE_8927_length_898_cov_12.612015	428	508	3	12	80	0.1500000
NODE_8927_length_898_cov_12.612015	428	508	4	14	80	0.1750000
NODE_8928_length_898_cov_12.498123	428	508	3	26	80	0.3250000
NODE_8928_length_898_cov_12.498123	428	508	4	25	80	0.3125000
NODE_8928_length_898_cov_12.498123	428	508	5	29	80	0.3625000
NODE_8928_length_898_cov_12.498123	481	561	3	20	80	0.2500000
NODE_8928_length_898_cov_12.498123	481	561	4	17	80	0.2125000
NODE_8928_length_898_cov_12.498123	481	561	5	43	80	0.5375000
NODE_8932_length_898_cov_1.790989	0	56	0	56	56	1.0000000
NODE_8932_length_898_cov_1.790989	29	93	0	64	64	1.0000000
NODE_8944_length_897_cov_63.921053	350	430	4	27	80	0.3375000
NODE_8944_length_897_cov_63.921053	350	430	5	53	80	0.6625000
NODE_8944_length_897_cov_63.921053	403	483	2	17	80	0.2125000
NODE_8944_length_897_cov_63.921053	403	483	3	5	80	0.0625000
NODE_8944_length_897_cov_63.921053	403	483	4	30	80	0.3750000
NODE_8944_length_897_cov_63.921053	403	483	5	28	80	0.3500000
NODE_8945_length_897_cov_58.921053	316	396	11	4	80	0.0500000
NODE_8945_length_897_cov_58.921053	316	396	12	7	80	0.0875000
NODE_8945_length_897_cov_58.921053	316	396	13	1	80	0.0125000
NODE_8945_length_897_cov_58.921053	316	396	14	1	80	0.0125000
NODE_8945_length_897_cov_58.921053	316	396	15	8	80	0.1000000
NODE_8945_length_897_cov_58.921053	316	396	16	1	80	0.0125000
NODE_8945_length_897_cov_58.921053	316	396	17	6	80	0.0750000
NODE_8945_length_897_cov_58.921053	316	396	18	5	80	0.0625000
NODE_8945_length_897_cov_58.921053	316	396	19	44	80	0.5500000
NODE_8945_length_897_cov_58.921053	316	396	20	3	80	0.0375000
NODE_8945_length_897_cov_58.921053	369	449	11	4	80	0.0500000
NODE_8945_length_897_cov_58.921053	369	449	13	14	80	0.1750000
NODE_8945_length_897_cov_58.921053	369	449	14	8	80	0.1000000
NODE_8945_length_897_cov_58.921053	369	449	15	1	80	0.0125000
NODE_8945_length_897_cov_58.921053	369	449	16	8	80	0.1000000
NODE_8945_length_897_cov_58.921053	369	449	17	3	80	0.0375000
NODE_8945_length_897_cov_58.921053	369	449	18	3	80	0.0375000
NODE_8945_length_897_cov_58.921053	369	449	19	36	80	0.4500000
NODE_8945_length_897_cov_58.921053	369	449	20	3	80	0.0375000
NODE_8946_length_897_cov_35.946115	324	404	4	1	80	0.0125000
NODE_8946_length_897_cov_35.946115	324	404	5	7	80	0.0875000
NODE_8946_length_897_cov_35.946115	324	404	6	18	80	0.2250000
NODE_8946_length_897_cov_35.946115	324	404	7	54	80	0.6750000
NODE_8946_length_897_cov_35.946115	377	457	5	59	80	0.7375000
NODE_8946_length_897_cov_35.946115	377	457	6	7	80	0.0875000
NODE_8946_length_897_cov_35.946115	377	457	7	14	80	0.1750000
NODE_8947_length_897_cov_25.548872	238	318	6	2	80	0.0250000
NODE_8947_length_897_cov_25.548872	238	318	7	14	80	0.1750000
NODE_8947_length_897_cov_25.548872	238	318	8	50	80	0.6250000
NODE_8947_length_897_cov_25.548872	238	318	9	14	80	0.1750000
NODE_8947_length_897_cov_25.548872	291	371	1	25	80	0.3125000
NODE_8947_length_897_cov_25.548872	291	371	3	2	80	0.0250000
NODE_8947_length_897_cov_25.548872	291	371	4	1	80	0.0125000
NODE_8947_length_897_cov_25.548872	291	371	5	10	80	0.1250000
NODE_8947_length_897_cov_25.548872	291	371	6	17	80	0.2125000
NODE_8947_length_897_cov_25.548872	291	371	7	14	80	0.1750000
NODE_8947_length_897_cov_25.548872	291	371	8	11	80	0.1375000
NODE_8948_length_897_cov_24.913534	399	479	2	5	80	0.0625000
NODE_8948_length_897_cov_24.913534	399	479	4	45	80	0.5625000
NODE_8948_length_897_cov_24.913534	399	479	5	30	80	0.3750000
NODE_8948_length_897_cov_24.913534	452	532	5	58	80	0.7250000
NODE_8948_length_897_cov_24.913534	452	532	6	22	80	0.2750000
NODE_8949_length_897_cov_21.839599	308	388	0	35	80	0.4375000
NODE_8949_length_897_cov_21.839599	308	388	2	2	80	0.0250000
NODE_8949_length_897_cov_21.839599	308	388	3	27	80	0.3375000
NODE_8949_length_897_cov_21.839599	308	388	4	16	80	0.2000000
NODE_8949_length_897_cov_21.839599	361	441	3	11	80	0.1375000
NODE_8949_length_897_cov_21.839599	361	441	4	32	80	0.4000000
NODE_8949_length_897_cov_21.839599	361	441	5	4	80	0.0500000
NODE_8949_length_897_cov_21.839599	361	441	6	33	80	0.4125000
NODE_8950_length_897_cov_19.355890	489	569	5	5	80	0.0625000
NODE_8950_length_897_cov_19.355890	489	569	6	14	80	0.1750000
NODE_8950_length_897_cov_19.355890	489	569	7	10	80	0.1250000
NODE_8950_length_897_cov_19.355890	489	569	8	19	80	0.2375000
NODE_8950_length_897_cov_19.355890	489	569	9	32	80	0.4000000
NODE_8950_length_897_cov_19.355890	542	622	2	4	80	0.0500000
NODE_8950_length_897_cov_19.355890	542	622	3	6	80	0.0750000
NODE_8950_length_897_cov_19.355890	542	622	4	6	80	0.0750000
NODE_8950_length_897_cov_19.355890	542	622	5	10	80	0.1250000
NODE_8950_length_897_cov_19.355890	542	622	8	46	80	0.5750000
NODE_8950_length_897_cov_19.355890	542	622	9	8	80	0.1000000
NODE_8951_length_897_cov_16.295739	209	289	0	80	80	1.0000000
NODE_8951_length_897_cov_16.295739	262	342	0	80	80	1.0000000
NODE_8952_length_897_cov_14.766917	395	475	0	3	80	0.0375000
NODE_8952_length_897_cov_14.766917	395	475	1	53	80	0.6625000
NODE_8952_length_897_cov_14.766917	395	475	2	24	80	0.3000000
NODE_8952_length_897_cov_14.766917	448	528	0	56	80	0.7000000
NODE_8952_length_897_cov_14.766917	448	528	1	24	80	0.3000000
NODE_8953_length_897_cov_14.219298	253	333	1	32	80	0.4000000
NODE_8953_length_897_cov_14.219298	253	333	2	4	80	0.0500000
NODE_8953_length_897_cov_14.219298	253	333	5	23	80	0.2875000
NODE_8953_length_897_cov_14.219298	253	333	6	21	80	0.2625000
NODE_8953_length_897_cov_14.219298	306	386	5	76	80	0.9500000
NODE_8953_length_897_cov_14.219298	306	386	6	4	80	0.0500000
NODE_8954_length_897_cov_11.116541	182	262	0	34	80	0.4250000
NODE_8954_length_897_cov_11.116541	182	262	1	32	80	0.4000000
NODE_8954_length_897_cov_11.116541	182	262	2	2	80	0.0250000
NODE_8954_length_897_cov_11.116541	182	262	3	12	80	0.1500000
NODE_8954_length_897_cov_11.116541	235	315	1	13	80	0.1625000
NODE_8954_length_897_cov_11.116541	235	315	2	2	80	0.0250000
NODE_8954_length_897_cov_11.116541	235	315	3	24	80	0.3000000
NODE_8954_length_897_cov_11.116541	235	315	5	5	80	0.0625000
NODE_8954_length_897_cov_11.116541	235	315	6	36	80	0.4500000
NODE_8955_length_897_cov_8.211779	303	383	5	37	80	0.4625000
NODE_8955_length_897_cov_8.211779	303	383	6	43	80	0.5375000
NODE_8955_length_897_cov_8.211779	356	436	0	29	80	0.3625000
NODE_8955_length_897_cov_8.211779	356	436	1	5	80	0.0625000
NODE_8955_length_897_cov_8.211779	356	436	3	11	80	0.1375000
NODE_8955_length_897_cov_8.211779	356	436	5	35	80	0.4375000
NODE_8973_length_896_cov_48.249686	397	477	2	80	80	1.0000000
NODE_8973_length_896_cov_48.249686	450	530	0	6	80	0.0750000
NODE_8973_length_896_cov_48.249686	450	530	1	23	80	0.2875000
NODE_8973_length_896_cov_48.249686	450	530	2	51	80	0.6375000
NODE_8974_length_896_cov_24.824341	213	293	2	15	80	0.1875000
NODE_8974_length_896_cov_24.824341	213	293	3	15	80	0.1875000
NODE_8974_length_896_cov_24.824341	213	293	4	28	80	0.3500000
NODE_8974_length_896_cov_24.824341	213	293	5	22	80	0.2750000
NODE_8974_length_896_cov_24.824341	266	346	4	56	80	0.7000000
NODE_8974_length_896_cov_24.824341	266	346	5	24	80	0.3000000
NODE_8975_length_896_cov_23.130489	333	413	0	80	80	1.0000000
NODE_8975_length_896_cov_23.130489	386	466	0	80	80	1.0000000
NODE_8975_length_896_cov_23.130489	462	542	0	63	80	0.7875000
NODE_8975_length_896_cov_23.130489	462	542	1	17	80	0.2125000
NODE_8975_length_896_cov_23.130489	515	595	0	10	80	0.1250000
NODE_8975_length_896_cov_23.130489	515	595	1	19	80	0.2375000
NODE_8975_length_896_cov_23.130489	515	595	2	51	80	0.6375000
NODE_8976_length_896_cov_20.673777	361	441	2	35	80	0.4375000
NODE_8976_length_896_cov_20.673777	361	441	4	45	80	0.5625000
NODE_8976_length_896_cov_20.673777	414	497	2	12	83	0.1445783
NODE_8976_length_896_cov_20.673777	414	497	3	18	83	0.2168675
NODE_8976_length_896_cov_20.673777	414	497	4	53	83	0.6385542
NODE_8977_length_896_cov_18.979925	418	498	5	4	80	0.0500000
NODE_8977_length_896_cov_18.979925	418	498	7	51	80	0.6375000
NODE_8977_length_896_cov_18.979925	418	498	8	25	80	0.3125000
NODE_8977_length_896_cov_18.979925	471	551	3	37	80	0.4625000
NODE_8977_length_896_cov_18.979925	471	551	4	1	80	0.0125000
NODE_8977_length_896_cov_18.979925	471	551	5	8	80	0.1000000
NODE_8977_length_896_cov_18.979925	471	551	6	7	80	0.0875000
NODE_8977_length_896_cov_18.979925	471	551	7	27	80	0.3375000
NODE_8978_length_896_cov_15.875784	340	420	2	9	80	0.1125000
NODE_8978_length_896_cov_15.875784	340	420	3	35	80	0.4375000
NODE_8978_length_896_cov_15.875784	340	420	4	16	80	0.2000000
NODE_8978_length_896_cov_15.875784	340	420	5	20	80	0.2500000
NODE_8978_length_896_cov_15.875784	393	473	4	7	80	0.0875000
NODE_8978_length_896_cov_15.875784	393	473	5	62	80	0.7750000
NODE_8978_length_896_cov_15.875784	393	473	6	11	80	0.1375000
NODE_8980_length_896_cov_10.646173	337	417	0	77	80	0.9625000
NODE_8980_length_896_cov_10.646173	337	417	1	3	80	0.0375000
NODE_8980_length_896_cov_10.646173	390	470	0	27	80	0.3375000
NODE_8980_length_896_cov_10.646173	390	470	2	53	80	0.6625000
NODE_8981_length_896_cov_10.351317	327	407	6	10	80	0.1250000
NODE_8981_length_896_cov_10.351317	327	407	7	39	80	0.4875000
NODE_8981_length_896_cov_10.351317	327	407	8	9	80	0.1125000
NODE_8981_length_896_cov_10.351317	327	407	9	22	80	0.2750000
NODE_8981_length_896_cov_10.351317	380	460	2	1	80	0.0125000
NODE_8981_length_896_cov_10.351317	380	460	4	1	80	0.0125000
NODE_8981_length_896_cov_10.351317	380	460	5	1	80	0.0125000
NODE_8981_length_896_cov_10.351317	380	460	6	20	80	0.2500000
NODE_8981_length_896_cov_10.351317	380	460	7	41	80	0.5125000
NODE_8981_length_896_cov_10.351317	380	460	9	16	80	0.2000000
NODE_8982_length_896_cov_9.754078	411	491	2	80	80	1.0000000
NODE_8982_length_896_cov_9.754078	464	544	0	10	80	0.1250000
NODE_8982_length_896_cov_9.754078	464	544	1	37	80	0.4625000
NODE_8982_length_896_cov_9.754078	464	544	2	33	80	0.4125000
NODE_8983_length_896_cov_8.069009	340	422	1	15	82	0.1829268
NODE_8983_length_896_cov_8.069009	340	422	2	67	82	0.8170732
NODE_8983_length_896_cov_8.069009	395	475	2	80	80	1.0000000
NODE_8986_length_896_cov_4.939774	384	464	0	80	80	1.0000000
NODE_8986_length_896_cov_4.939774	437	517	0	80	80	1.0000000
NODE_9005_length_895_cov_54.949749	378	458	7	16	80	0.2000000
NODE_9005_length_895_cov_54.949749	378	458	8	26	80	0.3250000
NODE_9005_length_895_cov_54.949749	378	458	9	17	80	0.2125000
NODE_9005_length_895_cov_54.949749	378	458	10	2	80	0.0250000
NODE_9005_length_895_cov_54.949749	378	458	12	3	80	0.0375000
NODE_9005_length_895_cov_54.949749	378	458	13	16	80	0.2000000
NODE_9005_length_895_cov_54.949749	431	511	8	13	80	0.1625000
NODE_9005_length_895_cov_54.949749	431	511	9	21	80	0.2625000
NODE_9005_length_895_cov_54.949749	431	511	10	15	80	0.1875000
NODE_9005_length_895_cov_54.949749	431	511	11	1	80	0.0125000
NODE_9005_length_895_cov_54.949749	431	511	12	6	80	0.0750000
NODE_9005_length_895_cov_54.949749	431	511	13	18	80	0.2250000
NODE_9005_length_895_cov_54.949749	431	511	14	6	80	0.0750000
NODE_9006_length_895_cov_53.945980	306	386	1	5	80	0.0625000
NODE_9006_length_895_cov_53.945980	306	386	3	11	80	0.1375000
NODE_9006_length_895_cov_53.945980	306	386	4	46	80	0.5750000
NODE_9006_length_895_cov_53.945980	306	386	6	4	80	0.0500000
NODE_9006_length_895_cov_53.945980	306	386	7	14	80	0.1750000
NODE_9006_length_895_cov_53.945980	359	439	4	9	80	0.1125000
NODE_9006_length_895_cov_53.945980	359	439	6	12	80	0.1500000
NODE_9006_length_895_cov_53.945980	359	439	7	28	80	0.3500000
NODE_9006_length_895_cov_53.945980	359	439	8	31	80	0.3875000
NODE_9007_length_895_cov_48.915829	369	449	10	3	80	0.0375000
NODE_9007_length_895_cov_48.915829	369	449	12	46	80	0.5750000
NODE_9007_length_895_cov_48.915829	369	449	13	31	80	0.3875000
NODE_9007_length_895_cov_48.915829	422	502	8	2	80	0.0250000
NODE_9007_length_895_cov_48.915829	422	502	9	14	80	0.1750000
NODE_9007_length_895_cov_48.915829	422	502	10	27	80	0.3375000
NODE_9007_length_895_cov_48.915829	422	502	11	9	80	0.1125000
NODE_9007_length_895_cov_48.915829	422	502	12	25	80	0.3125000
NODE_9007_length_895_cov_48.915829	422	502	13	3	80	0.0375000
NODE_9007_length_895_cov_48.915829	498	578	5	19	80	0.2375000
NODE_9007_length_895_cov_48.915829	498	578	6	13	80	0.1625000
NODE_9007_length_895_cov_48.915829	498	578	7	18	80	0.2250000
NODE_9007_length_895_cov_48.915829	498	578	8	24	80	0.3000000
NODE_9007_length_895_cov_48.915829	498	578	9	2	80	0.0250000
NODE_9007_length_895_cov_48.915829	498	578	10	4	80	0.0500000
NODE_9007_length_895_cov_48.915829	551	631	4	16	80	0.2000000
NODE_9007_length_895_cov_48.915829	551	631	6	2	80	0.0250000
NODE_9007_length_895_cov_48.915829	551	631	7	3	80	0.0375000
NODE_9007_length_895_cov_48.915829	551	631	8	59	80	0.7375000
NODE_9008_length_895_cov_38.347990	452	532	7	26	80	0.3250000
NODE_9008_length_895_cov_38.347990	452	532	8	27	80	0.3375000
NODE_9008_length_895_cov_38.347990	452	532	9	13	80	0.1625000
NODE_9008_length_895_cov_38.347990	452	532	11	14	80	0.1750000
NODE_9008_length_895_cov_38.347990	505	585	7	1	80	0.0125000
NODE_9008_length_895_cov_38.347990	505	585	8	12	80	0.1500000
NODE_9008_length_895_cov_38.347990	505	585	9	18	80	0.2250000
NODE_9008_length_895_cov_38.347990	505	585	11	20	80	0.2500000
NODE_9008_length_895_cov_38.347990	505	585	12	29	80	0.3625000
NODE_9009_length_895_cov_33.716080	418	499	0	36	81	0.4444444
NODE_9009_length_895_cov_33.716080	418	499	1	37	81	0.4567901
NODE_9009_length_895_cov_33.716080	418	499	2	8	81	0.0987654
NODE_9009_length_895_cov_33.716080	472	552	0	14	80	0.1750000
NODE_9009_length_895_cov_33.716080	472	552	1	5	80	0.0625000
NODE_9009_length_895_cov_33.716080	472	552	2	61	80	0.7625000
NODE_9010_length_895_cov_21.630653	392	468	3	40	76	0.5263158
NODE_9010_length_895_cov_21.630653	392	468	4	22	76	0.2894737
NODE_9010_length_895_cov_21.630653	392	468	5	14	76	0.1842105
NODE_9010_length_895_cov_21.630653	441	521	3	2	80	0.0250000
NODE_9010_length_895_cov_21.630653	441	521	4	17	80	0.2125000
NODE_9010_length_895_cov_21.630653	441	521	5	61	80	0.7625000
NODE_9011_length_895_cov_19.932161	331	411	0	36	80	0.4500000
NODE_9011_length_895_cov_19.932161	331	411	1	43	80	0.5375000
NODE_9011_length_895_cov_19.932161	331	411	2	1	80	0.0125000
NODE_9011_length_895_cov_19.932161	384	464	1	26	80	0.3250000
NODE_9011_length_895_cov_19.932161	384	464	2	26	80	0.3250000
NODE_9011_length_895_cov_19.932161	384	464	3	27	80	0.3375000
NODE_9011_length_895_cov_19.932161	384	464	4	1	80	0.0125000
NODE_9011_length_895_cov_19.932161	460	540	3	3	80	0.0375000
NODE_9011_length_895_cov_19.932161	460	540	4	18	80	0.2250000
NODE_9011_length_895_cov_19.932161	460	540	5	36	80	0.4500000
NODE_9011_length_895_cov_19.932161	460	540	6	11	80	0.1375000
NODE_9011_length_895_cov_19.932161	460	540	7	12	80	0.1500000
NODE_9011_length_895_cov_19.932161	513	593	5	18	80	0.2250000
NODE_9011_length_895_cov_19.932161	513	593	6	30	80	0.3750000
NODE_9011_length_895_cov_19.932161	513	593	7	32	80	0.4000000
NODE_9012_length_895_cov_16.037688	403	479	5	33	76	0.4342105
NODE_9012_length_895_cov_16.037688	403	479	6	21	76	0.2763158
NODE_9012_length_895_cov_16.037688	403	479	7	1	76	0.0131579
NODE_9012_length_895_cov_16.037688	403	479	8	9	76	0.1184211
NODE_9012_length_895_cov_16.037688	403	479	9	2	76	0.0263158
NODE_9012_length_895_cov_16.037688	403	479	10	10	76	0.1315790
NODE_9012_length_895_cov_16.037688	452	532	6	26	80	0.3250000
NODE_9012_length_895_cov_16.037688	452	532	7	15	80	0.1875000
NODE_9012_length_895_cov_16.037688	452	532	8	27	80	0.3375000
NODE_9012_length_895_cov_16.037688	452	532	9	2	80	0.0250000
NODE_9012_length_895_cov_16.037688	452	532	10	10	80	0.1250000
NODE_9013_length_895_cov_13.003769	372	452	5	32	80	0.4000000
NODE_9013_length_895_cov_13.003769	372	452	6	48	80	0.6000000
NODE_9013_length_895_cov_13.003769	425	491	2	2	66	0.0303030
NODE_9013_length_895_cov_13.003769	425	491	3	6	66	0.0909091
NODE_9013_length_895_cov_13.003769	425	491	4	29	66	0.4393939
NODE_9013_length_895_cov_13.003769	425	491	5	29	66	0.4393939
NODE_9014_length_895_cov_12.736181	280	360	1	36	80	0.4500000
NODE_9014_length_895_cov_12.736181	280	360	2	17	80	0.2125000
NODE_9014_length_895_cov_12.736181	280	360	3	27	80	0.3375000
NODE_9014_length_895_cov_12.736181	333	413	2	40	80	0.5000000
NODE_9014_length_895_cov_12.736181	333	413	3	40	80	0.5000000
NODE_9015_length_895_cov_11.090452	505	585	0	21	80	0.2625000
NODE_9015_length_895_cov_11.090452	505	585	2	18	80	0.2250000
NODE_9015_length_895_cov_11.090452	505	585	4	28	80	0.3500000
NODE_9015_length_895_cov_11.090452	505	585	7	13	80	0.1625000
NODE_9015_length_895_cov_11.090452	558	638	4	14	80	0.1750000
NODE_9015_length_895_cov_11.090452	558	638	7	66	80	0.8250000
NODE_9016_length_895_cov_9.266332	468	548	3	63	80	0.7875000
NODE_9016_length_895_cov_9.266332	468	548	4	17	80	0.2125000
NODE_9016_length_895_cov_9.266332	521	601	1	10	80	0.1250000
NODE_9016_length_895_cov_9.266332	521	601	2	41	80	0.5125000
NODE_9016_length_895_cov_9.266332	521	601	3	29	80	0.3625000
NODE_9018_length_895_cov_5.659548	472	552	2	14	80	0.1750000
NODE_9018_length_895_cov_5.659548	472	552	3	4	80	0.0500000
NODE_9018_length_895_cov_5.659548	472	552	4	62	80	0.7750000
NODE_9018_length_895_cov_5.659548	525	605	0	9	80	0.1125000
NODE_9018_length_895_cov_5.659548	525	605	2	48	80	0.6000000
NODE_9018_length_895_cov_5.659548	525	605	3	4	80	0.0500000
NODE_9018_length_895_cov_5.659548	525	605	4	19	80	0.2375000
NODE_9019_length_895_cov_5.383166	42	123	1	81	81	1.0000000
NODE_9030_length_894_cov_60.153459	446	526	1	2	80	0.0250000
NODE_9030_length_894_cov_60.153459	446	526	2	6	80	0.0750000
NODE_9030_length_894_cov_60.153459	446	526	3	30	80	0.3750000
NODE_9030_length_894_cov_60.153459	446	526	5	13	80	0.1625000
NODE_9030_length_894_cov_60.153459	446	526	7	29	80	0.3625000
NODE_9030_length_894_cov_60.153459	499	579	4	4	80	0.0500000
NODE_9030_length_894_cov_60.153459	499	579	6	37	80	0.4625000
NODE_9030_length_894_cov_60.153459	499	579	7	39	80	0.4875000
NODE_9031_length_894_cov_49.618868	373	453	4	7	80	0.0875000
NODE_9031_length_894_cov_49.618868	373	453	6	10	80	0.1250000
NODE_9031_length_894_cov_49.618868	373	453	8	1	80	0.0125000
NODE_9031_length_894_cov_49.618868	373	453	9	30	80	0.3750000
NODE_9031_length_894_cov_49.618868	373	453	10	32	80	0.4000000
NODE_9031_length_894_cov_49.618868	426	506	5	3	80	0.0375000
NODE_9031_length_894_cov_49.618868	426	506	6	17	80	0.2125000
NODE_9031_length_894_cov_49.618868	426	506	7	9	80	0.1125000
NODE_9031_length_894_cov_49.618868	426	506	8	19	80	0.2375000
NODE_9031_length_894_cov_49.618868	426	506	9	1	80	0.0125000
NODE_9031_length_894_cov_49.618868	426	506	10	31	80	0.3875000
NODE_9032_length_894_cov_33.228931	459	539	2	16	80	0.2000000
NODE_9032_length_894_cov_33.228931	459	539	4	12	80	0.1500000
NODE_9032_length_894_cov_33.228931	459	539	6	52	80	0.6500000
NODE_9032_length_894_cov_33.228931	512	592	0	9	80	0.1125000
NODE_9032_length_894_cov_33.228931	512	592	1	33	80	0.4125000
NODE_9032_length_894_cov_33.228931	512	592	2	27	80	0.3375000
NODE_9032_length_894_cov_33.228931	512	592	4	11	80	0.1375000
NODE_9033_length_894_cov_31.933333	411	491	2	28	80	0.3500000
NODE_9033_length_894_cov_31.933333	411	491	3	45	80	0.5625000
NODE_9033_length_894_cov_31.933333	411	491	4	7	80	0.0875000
NODE_9033_length_894_cov_31.933333	464	544	3	35	80	0.4375000
NODE_9033_length_894_cov_31.933333	464	544	4	45	80	0.5625000
NODE_9034_length_894_cov_30.499371	270	350	2	4	80	0.0500000
NODE_9034_length_894_cov_30.499371	270	350	4	12	80	0.1500000
NODE_9034_length_894_cov_30.499371	270	350	6	25	80	0.3125000
NODE_9034_length_894_cov_30.499371	270	350	7	22	80	0.2750000
NODE_9034_length_894_cov_30.499371	270	350	8	11	80	0.1375000
NODE_9034_length_894_cov_30.499371	270	350	9	6	80	0.0750000
NODE_9034_length_894_cov_30.499371	323	403	7	10	80	0.1250000
NODE_9034_length_894_cov_30.499371	323	403	8	11	80	0.1375000
NODE_9034_length_894_cov_30.499371	323	403	9	32	80	0.4000000
NODE_9034_length_894_cov_30.499371	323	403	10	27	80	0.3375000
NODE_9034_length_894_cov_30.499371	399	479	5	11	80	0.1375000
NODE_9034_length_894_cov_30.499371	399	479	6	10	80	0.1250000
NODE_9034_length_894_cov_30.499371	399	479	7	42	80	0.5250000
NODE_9034_length_894_cov_30.499371	399	479	8	2	80	0.0250000
NODE_9034_length_894_cov_30.499371	399	479	10	11	80	0.1375000
NODE_9034_length_894_cov_30.499371	399	479	11	4	80	0.0500000
NODE_9034_length_894_cov_30.499371	452	532	2	5	80	0.0625000
NODE_9034_length_894_cov_30.499371	452	532	4	1	80	0.0125000
NODE_9034_length_894_cov_30.499371	452	532	5	32	80	0.4000000
NODE_9034_length_894_cov_30.499371	452	532	6	21	80	0.2625000
NODE_9034_length_894_cov_30.499371	452	532	7	21	80	0.2625000
NODE_9035_length_894_cov_23.046541	79	159	1	25	80	0.3125000
NODE_9035_length_894_cov_23.046541	79	159	2	55	80	0.6875000
NODE_9035_length_894_cov_23.046541	132	212	1	2	80	0.0250000
NODE_9035_length_894_cov_23.046541	132	212	2	78	80	0.9750000
NODE_9036_length_894_cov_22.266667	381	461	7	18	80	0.2250000
NODE_9036_length_894_cov_22.266667	381	461	8	9	80	0.1125000
NODE_9036_length_894_cov_22.266667	381	461	9	41	80	0.5125000
NODE_9036_length_894_cov_22.266667	381	461	10	12	80	0.1500000
NODE_9036_length_894_cov_22.266667	434	514	3	5	80	0.0625000
NODE_9036_length_894_cov_22.266667	434	514	6	21	80	0.2625000
NODE_9036_length_894_cov_22.266667	434	514	8	9	80	0.1125000
NODE_9036_length_894_cov_22.266667	434	514	9	45	80	0.5625000
NODE_9037_length_894_cov_21.997484	332	412	4	23	80	0.2875000
NODE_9037_length_894_cov_21.997484	332	412	5	14	80	0.1750000
NODE_9037_length_894_cov_21.997484	332	412	7	43	80	0.5375000
NODE_9037_length_894_cov_21.997484	385	465	7	32	80	0.4000000
NODE_9037_length_894_cov_21.997484	385	465	9	48	80	0.6000000
NODE_9038_length_894_cov_21.205031	319	399	2	31	80	0.3875000
NODE_9038_length_894_cov_21.205031	319	399	3	8	80	0.1000000
NODE_9038_length_894_cov_21.205031	319	399	4	41	80	0.5125000
NODE_9038_length_894_cov_21.205031	372	452	3	27	80	0.3375000
NODE_9038_length_894_cov_21.205031	372	452	4	35	80	0.4375000
NODE_9038_length_894_cov_21.205031	372	452	5	18	80	0.2250000
NODE_9038_length_894_cov_21.205031	448	528	2	20	80	0.2500000
NODE_9038_length_894_cov_21.205031	448	528	3	37	80	0.4625000
NODE_9038_length_894_cov_21.205031	448	528	4	23	80	0.2875000
NODE_9038_length_894_cov_21.205031	501	581	1	25	80	0.3125000
NODE_9038_length_894_cov_21.205031	501	581	2	48	80	0.6000000
NODE_9038_length_894_cov_21.205031	501	581	3	7	80	0.0875000
NODE_9039_length_894_cov_21.132075	422	502	0	5	80	0.0625000
NODE_9039_length_894_cov_21.132075	422	502	2	70	80	0.8750000
NODE_9039_length_894_cov_21.132075	422	502	3	5	80	0.0625000
NODE_9039_length_894_cov_21.132075	475	555	2	22	80	0.2750000
NODE_9039_length_894_cov_21.132075	475	555	3	48	80	0.6000000
NODE_9039_length_894_cov_21.132075	475	555	4	10	80	0.1250000
NODE_9040_length_894_cov_15.598742	338	418	0	11	80	0.1375000
NODE_9040_length_894_cov_15.598742	338	418	1	4	80	0.0500000
NODE_9040_length_894_cov_15.598742	338	418	3	20	80	0.2500000
NODE_9040_length_894_cov_15.598742	338	418	4	45	80	0.5625000
NODE_9040_length_894_cov_15.598742	391	471	4	80	80	1.0000000
NODE_9041_length_894_cov_14.079245	344	424	2	9	80	0.1125000
NODE_9041_length_894_cov_14.079245	344	424	3	43	80	0.5375000
NODE_9041_length_894_cov_14.079245	344	424	5	28	80	0.3500000
NODE_9041_length_894_cov_14.079245	397	477	4	24	80	0.3000000
NODE_9041_length_894_cov_14.079245	397	477	5	30	80	0.3750000
NODE_9041_length_894_cov_14.079245	397	477	6	21	80	0.2625000
NODE_9041_length_894_cov_14.079245	397	477	7	5	80	0.0625000
NODE_9042_length_894_cov_13.031447	336	416	0	80	80	1.0000000
NODE_9042_length_894_cov_13.031447	389	469	0	80	80	1.0000000
NODE_9043_length_894_cov_13.031447	353	433	4	16	80	0.2000000
NODE_9043_length_894_cov_13.031447	353	433	5	5	80	0.0625000
NODE_9043_length_894_cov_13.031447	353	433	6	8	80	0.1000000
NODE_9043_length_894_cov_13.031447	353	433	7	8	80	0.1000000
NODE_9043_length_894_cov_13.031447	353	433	9	31	80	0.3875000
NODE_9043_length_894_cov_13.031447	353	433	11	12	80	0.1500000
NODE_9043_length_894_cov_13.031447	406	486	9	28	80	0.3500000
NODE_9043_length_894_cov_13.031447	406	486	11	52	80	0.6500000
NODE_9044_length_894_cov_9.706918	330	410	6	14	80	0.1750000
NODE_9044_length_894_cov_9.706918	330	410	8	15	80	0.1875000
NODE_9044_length_894_cov_9.706918	330	410	9	12	80	0.1500000
NODE_9044_length_894_cov_9.706918	330	410	10	20	80	0.2500000
NODE_9044_length_894_cov_9.706918	330	410	11	17	80	0.2125000
NODE_9044_length_894_cov_9.706918	330	410	12	2	80	0.0250000
NODE_9045_length_894_cov_6.963522	378	458	3	80	80	1.0000000
NODE_9045_length_894_cov_6.963522	431	511	1	15	80	0.1875000
NODE_9045_length_894_cov_6.963522	431	511	2	4	80	0.0500000
NODE_9045_length_894_cov_6.963522	431	511	3	61	80	0.7625000
NODE_9046_length_894_cov_4.993711	365	445	2	80	80	1.0000000
NODE_9046_length_894_cov_4.993711	418	498	0	36	80	0.4500000
NODE_9046_length_894_cov_4.993711	418	498	2	44	80	0.5500000
NODE_9066_length_893_cov_59.134761	261	341	5	8	80	0.1000000
NODE_9066_length_893_cov_59.134761	261	341	6	5	80	0.0625000
NODE_9066_length_893_cov_59.134761	261	341	9	1	80	0.0125000
NODE_9066_length_893_cov_59.134761	261	341	11	7	80	0.0875000
NODE_9066_length_893_cov_59.134761	261	341	14	19	80	0.2375000
NODE_9066_length_893_cov_59.134761	261	341	15	1	80	0.0125000
NODE_9066_length_893_cov_59.134761	261	341	16	11	80	0.1375000
NODE_9066_length_893_cov_59.134761	261	341	17	21	80	0.2625000
NODE_9066_length_893_cov_59.134761	261	341	19	7	80	0.0875000
NODE_9066_length_893_cov_59.134761	314	394	16	18	80	0.2250000
NODE_9066_length_893_cov_59.134761	314	394	17	41	80	0.5125000
NODE_9066_length_893_cov_59.134761	314	394	19	21	80	0.2625000
NODE_9067_length_893_cov_58.991184	388	468	1	13	80	0.1625000
NODE_9067_length_893_cov_58.991184	388	468	2	43	80	0.5375000
NODE_9067_length_893_cov_58.991184	388	468	3	24	80	0.3000000
NODE_9067_length_893_cov_58.991184	441	521	2	3	80	0.0375000
NODE_9067_length_893_cov_58.991184	441	521	3	33	80	0.4125000
NODE_9067_length_893_cov_58.991184	441	521	4	17	80	0.2125000
NODE_9067_length_893_cov_58.991184	441	521	5	3	80	0.0375000
NODE_9067_length_893_cov_58.991184	441	521	6	2	80	0.0250000
NODE_9067_length_893_cov_58.991184	441	521	7	22	80	0.2750000
NODE_9067_length_893_cov_58.991184	517	597	7	4	80	0.0500000
NODE_9067_length_893_cov_58.991184	517	597	8	8	80	0.1000000
NODE_9067_length_893_cov_58.991184	517	597	9	20	80	0.2500000
NODE_9067_length_893_cov_58.991184	517	597	10	11	80	0.1375000
NODE_9067_length_893_cov_58.991184	517	597	11	37	80	0.4625000
NODE_9067_length_893_cov_58.991184	570	650	0	10	80	0.1250000
NODE_9067_length_893_cov_58.991184	570	650	2	21	80	0.2625000
NODE_9067_length_893_cov_58.991184	570	650	9	25	80	0.3125000
NODE_9067_length_893_cov_58.991184	570	650	10	11	80	0.1375000
NODE_9067_length_893_cov_58.991184	570	650	11	13	80	0.1625000
NODE_9068_length_893_cov_55.644836	434	514	4	7	80	0.0875000
NODE_9068_length_893_cov_55.644836	434	514	5	9	80	0.1125000
NODE_9068_length_893_cov_55.644836	434	514	6	13	80	0.1625000
NODE_9068_length_893_cov_55.644836	434	514	7	10	80	0.1250000
NODE_9068_length_893_cov_55.644836	434	514	8	2	80	0.0250000
NODE_9068_length_893_cov_55.644836	434	514	9	39	80	0.4875000
NODE_9068_length_893_cov_55.644836	487	567	6	13	80	0.1625000
NODE_9068_length_893_cov_55.644836	487	567	7	17	80	0.2125000
NODE_9068_length_893_cov_55.644836	487	567	8	2	80	0.0250000
NODE_9068_length_893_cov_55.644836	487	567	9	22	80	0.2750000
NODE_9068_length_893_cov_55.644836	487	567	10	14	80	0.1750000
NODE_9068_length_893_cov_55.644836	487	567	11	12	80	0.1500000
NODE_9068_length_893_cov_55.644836	563	643	5	19	80	0.2375000
NODE_9068_length_893_cov_55.644836	563	643	7	33	80	0.4125000
NODE_9068_length_893_cov_55.644836	563	643	10	28	80	0.3500000
NODE_9068_length_893_cov_55.644836	616	696	4	38	80	0.4750000
NODE_9068_length_893_cov_55.644836	616	696	5	15	80	0.1875000
NODE_9068_length_893_cov_55.644836	616	696	7	27	80	0.3375000
NODE_9069_length_893_cov_54.803526	479	559	8	7	80	0.0875000
NODE_9069_length_893_cov_54.803526	479	559	9	8	80	0.1000000
NODE_9069_length_893_cov_54.803526	479	559	11	28	80	0.3500000
NODE_9069_length_893_cov_54.803526	479	559	12	14	80	0.1750000
NODE_9069_length_893_cov_54.803526	479	559	13	20	80	0.2500000
NODE_9069_length_893_cov_54.803526	479	559	14	3	80	0.0375000
NODE_9069_length_893_cov_54.803526	532	612	6	1	80	0.0125000
NODE_9069_length_893_cov_54.803526	532	612	7	4	80	0.0500000
NODE_9069_length_893_cov_54.803526	532	612	8	39	80	0.4875000
NODE_9069_length_893_cov_54.803526	532	612	10	9	80	0.1125000
NODE_9069_length_893_cov_54.803526	532	612	11	27	80	0.3375000
NODE_9070_length_893_cov_38.147355	391	471	0	80	80	1.0000000
NODE_9070_length_893_cov_38.147355	444	524	0	80	80	1.0000000
NODE_9071_length_893_cov_33.690176	387	467	8	6	80	0.0750000
NODE_9071_length_893_cov_33.690176	387	467	9	24	80	0.3000000
NODE_9071_length_893_cov_33.690176	387	467	11	16	80	0.2000000
NODE_9071_length_893_cov_33.690176	387	467	12	9	80	0.1125000
NODE_9071_length_893_cov_33.690176	387	467	13	23	80	0.2875000
NODE_9071_length_893_cov_33.690176	387	467	14	2	80	0.0250000
NODE_9071_length_893_cov_33.690176	440	520	9	9	80	0.1125000
NODE_9071_length_893_cov_33.690176	440	520	10	15	80	0.1875000
NODE_9071_length_893_cov_33.690176	440	520	11	16	80	0.2000000
NODE_9071_length_893_cov_33.690176	440	520	12	22	80	0.2750000
NODE_9071_length_893_cov_33.690176	440	520	13	16	80	0.2000000
NODE_9071_length_893_cov_33.690176	440	520	14	2	80	0.0250000
NODE_9072_length_893_cov_32.162469	524	604	3	21	80	0.2625000
NODE_9072_length_893_cov_32.162469	524	604	4	59	80	0.7375000
NODE_9072_length_893_cov_32.162469	577	657	0	8	80	0.1000000
NODE_9072_length_893_cov_32.162469	577	657	1	33	80	0.4125000
NODE_9072_length_893_cov_32.162469	577	657	2	10	80	0.1250000
NODE_9072_length_893_cov_32.162469	577	657	3	23	80	0.2875000
NODE_9072_length_893_cov_32.162469	577	657	4	6	80	0.0750000
NODE_9073_length_893_cov_31.916877	344	424	1	21	80	0.2625000
NODE_9073_length_893_cov_31.916877	344	424	2	13	80	0.1625000
NODE_9073_length_893_cov_31.916877	344	424	3	5	80	0.0625000
NODE_9073_length_893_cov_31.916877	344	424	4	41	80	0.5125000
NODE_9073_length_893_cov_31.916877	397	477	4	62	80	0.7750000
NODE_9073_length_893_cov_31.916877	397	477	5	18	80	0.2250000
NODE_9074_length_893_cov_28.693955	437	517	5	4	80	0.0500000
NODE_9074_length_893_cov_28.693955	437	517	7	10	80	0.1250000
NODE_9074_length_893_cov_28.693955	437	517	8	58	80	0.7250000
NODE_9074_length_893_cov_28.693955	437	517	9	8	80	0.1000000
NODE_9074_length_893_cov_28.693955	490	570	5	10	80	0.1250000
NODE_9074_length_893_cov_28.693955	490	570	6	33	80	0.4125000
NODE_9074_length_893_cov_28.693955	490	570	7	10	80	0.1250000
NODE_9074_length_893_cov_28.693955	490	570	8	27	80	0.3375000
NODE_9075_length_893_cov_23.564232	363	443	1	9	80	0.1125000
NODE_9075_length_893_cov_23.564232	363	443	3	60	80	0.7500000
NODE_9075_length_893_cov_23.564232	363	443	4	11	80	0.1375000
NODE_9075_length_893_cov_23.564232	416	496	1	26	80	0.3250000
NODE_9075_length_893_cov_23.564232	416	496	3	54	80	0.6750000
NODE_9076_length_893_cov_22.633501	272	352	0	80	80	1.0000000
NODE_9076_length_893_cov_22.633501	272	352	0	80	80	1.0000000
NODE_9076_length_893_cov_22.633501	272	352	0	80	80	1.0000000
NODE_9076_length_893_cov_22.633501	325	405	0	80	80	1.0000000
NODE_9076_length_893_cov_22.633501	325	405	0	80	80	1.0000000
NODE_9076_length_893_cov_22.633501	325	405	0	80	80	1.0000000
NODE_9076_length_893_cov_22.633501	401	481	0	36	80	0.4500000
NODE_9076_length_893_cov_22.633501	401	481	1	23	80	0.2875000
NODE_9076_length_893_cov_22.633501	401	481	3	21	80	0.2625000
NODE_9076_length_893_cov_22.633501	454	534	1	6	80	0.0750000
NODE_9076_length_893_cov_22.633501	454	534	3	37	80	0.4625000
NODE_9076_length_893_cov_22.633501	454	534	4	37	80	0.4625000
NODE_9077_length_893_cov_22.403023	453	533	9	7	80	0.0875000
NODE_9077_length_893_cov_22.403023	453	533	10	35	80	0.4375000
NODE_9077_length_893_cov_22.403023	453	533	11	28	80	0.3500000
NODE_9077_length_893_cov_22.403023	453	533	12	10	80	0.1250000
NODE_9077_length_893_cov_22.403023	506	586	7	19	80	0.2375000
NODE_9077_length_893_cov_22.403023	506	586	8	18	80	0.2250000
NODE_9077_length_893_cov_22.403023	506	586	10	6	80	0.0750000
NODE_9077_length_893_cov_22.403023	506	586	11	26	80	0.3250000
NODE_9077_length_893_cov_22.403023	506	586	12	11	80	0.1375000
NODE_9078_length_893_cov_19.423174	298	378	0	80	80	1.0000000
NODE_9078_length_893_cov_19.423174	351	431	0	80	80	1.0000000
NODE_9078_length_893_cov_19.423174	427	507	0	80	80	1.0000000
NODE_9078_length_893_cov_19.423174	480	560	0	80	80	1.0000000
NODE_9079_length_893_cov_19.389169	360	440	0	80	80	1.0000000
NODE_9079_length_893_cov_19.389169	413	493	0	80	80	1.0000000
NODE_9079_length_893_cov_19.389169	489	569	0	18	80	0.2250000
NODE_9079_length_893_cov_19.389169	489	569	2	62	80	0.7750000
NODE_9079_length_893_cov_19.389169	542	622	0	19	80	0.2375000
NODE_9079_length_893_cov_19.389169	542	622	2	61	80	0.7625000
NODE_9080_length_893_cov_18.152393	394	474	0	80	80	1.0000000
NODE_9080_length_893_cov_18.152393	447	527	0	80	80	1.0000000
NODE_9081_length_893_cov_15.960957	442	522	1	8	80	0.1000000
NODE_9081_length_893_cov_15.960957	442	522	2	43	80	0.5375000
NODE_9081_length_893_cov_15.960957	442	522	4	29	80	0.3625000
NODE_9081_length_893_cov_15.960957	495	575	3	7	80	0.0875000
NODE_9081_length_893_cov_15.960957	495	575	4	73	80	0.9125000
NODE_9082_length_893_cov_13.119647	473	553	1	19	80	0.2375000
NODE_9082_length_893_cov_13.119647	473	553	2	61	80	0.7625000
NODE_9082_length_893_cov_13.119647	526	606	0	33	80	0.4125000
NODE_9082_length_893_cov_13.119647	526	606	1	39	80	0.4875000
NODE_9082_length_893_cov_13.119647	526	606	2	8	80	0.1000000
NODE_9084_length_893_cov_5.549118	353	415	2	32	62	0.5161290
NODE_9084_length_893_cov_5.549118	353	415	3	8	62	0.1290323
NODE_9084_length_893_cov_5.549118	353	415	4	22	62	0.3548387
NODE_9100_length_893_cov_1.141058	28	108	2	77	80	0.9625000
NODE_9100_length_893_cov_1.141058	28	108	3	3	80	0.0375000
NODE_9104_length_892_cov_74.968474	333	413	14	6	80	0.0750000
NODE_9104_length_892_cov_74.968474	333	413	15	5	80	0.0625000
NODE_9104_length_892_cov_74.968474	333	413	17	2	80	0.0250000
NODE_9104_length_892_cov_74.968474	333	413	18	3	80	0.0375000
NODE_9104_length_892_cov_74.968474	333	413	19	1	80	0.0125000
NODE_9104_length_892_cov_74.968474	333	413	20	38	80	0.4750000
NODE_9104_length_892_cov_74.968474	333	413	21	9	80	0.1125000
NODE_9104_length_892_cov_74.968474	333	413	22	8	80	0.1000000
NODE_9104_length_892_cov_74.968474	333	413	23	1	80	0.0125000
NODE_9104_length_892_cov_74.968474	333	413	24	7	80	0.0875000
NODE_9104_length_892_cov_74.968474	386	466	18	2	80	0.0250000
NODE_9104_length_892_cov_74.968474	386	466	20	60	80	0.7500000
NODE_9104_length_892_cov_74.968474	386	466	21	9	80	0.1125000
NODE_9104_length_892_cov_74.968474	386	466	22	6	80	0.0750000
NODE_9104_length_892_cov_74.968474	386	466	23	1	80	0.0125000
NODE_9104_length_892_cov_74.968474	386	466	24	2	80	0.0250000
NODE_9104_length_892_cov_74.968474	462	542	8	11	80	0.1375000
NODE_9104_length_892_cov_74.968474	462	542	10	7	80	0.0875000
NODE_9104_length_892_cov_74.968474	462	542	11	2	80	0.0250000
NODE_9104_length_892_cov_74.968474	462	542	12	22	80	0.2750000
NODE_9104_length_892_cov_74.968474	462	542	13	1	80	0.0125000
NODE_9104_length_892_cov_74.968474	462	542	14	3	80	0.0375000
NODE_9104_length_892_cov_74.968474	462	542	15	7	80	0.0875000
NODE_9104_length_892_cov_74.968474	462	542	16	8	80	0.1000000
NODE_9104_length_892_cov_74.968474	462	542	18	6	80	0.0750000
NODE_9104_length_892_cov_74.968474	462	542	19	3	80	0.0375000
NODE_9104_length_892_cov_74.968474	462	542	20	5	80	0.0625000
NODE_9104_length_892_cov_74.968474	462	542	21	2	80	0.0250000
NODE_9104_length_892_cov_74.968474	462	542	22	3	80	0.0375000
NODE_9104_length_892_cov_74.968474	515	595	4	33	80	0.4125000
NODE_9104_length_892_cov_74.968474	515	595	5	7	80	0.0875000
NODE_9104_length_892_cov_74.968474	515	595	6	6	80	0.0750000
NODE_9104_length_892_cov_74.968474	515	595	8	18	80	0.2250000
NODE_9104_length_892_cov_74.968474	515	595	10	7	80	0.0875000
NODE_9104_length_892_cov_74.968474	515	595	11	2	80	0.0250000
NODE_9104_length_892_cov_74.968474	515	595	12	7	80	0.0875000
NODE_9105_length_892_cov_54.549811	463	550	2	87	87	1.0000000
NODE_9105_length_892_cov_54.549811	523	603	0	16	80	0.2000000
NODE_9105_length_892_cov_54.549811	523	603	1	1	80	0.0125000
NODE_9105_length_892_cov_54.549811	523	603	2	63	80	0.7875000
NODE_9105_length_892_cov_54.549811	599	679	0	80	80	1.0000000
NODE_9106_length_892_cov_37.887768	373	453	2	2	80	0.0250000
NODE_9106_length_892_cov_37.887768	373	453	3	5	80	0.0625000
NODE_9106_length_892_cov_37.887768	373	453	4	15	80	0.1875000
NODE_9106_length_892_cov_37.887768	373	453	5	2	80	0.0250000
NODE_9106_length_892_cov_37.887768	373	453	6	1	80	0.0125000
NODE_9106_length_892_cov_37.887768	373	453	7	28	80	0.3500000
NODE_9106_length_892_cov_37.887768	373	453	8	5	80	0.0625000
NODE_9106_length_892_cov_37.887768	373	453	9	3	80	0.0375000
NODE_9106_length_892_cov_37.887768	373	453	10	19	80	0.2375000
NODE_9106_length_892_cov_37.887768	426	506	8	5	80	0.0625000
NODE_9106_length_892_cov_37.887768	426	506	9	3	80	0.0375000
NODE_9106_length_892_cov_37.887768	426	506	10	60	80	0.7500000
NODE_9106_length_892_cov_37.887768	426	506	11	12	80	0.1500000
NODE_9107_length_892_cov_19.732661	361	441	2	61	80	0.7625000
NODE_9107_length_892_cov_19.732661	361	441	4	19	80	0.2375000
NODE_9107_length_892_cov_19.732661	414	494	2	45	80	0.5625000
NODE_9107_length_892_cov_19.732661	414	494	4	35	80	0.4375000
NODE_9108_length_892_cov_19.052963	290	370	2	51	80	0.6375000
NODE_9108_length_892_cov_19.052963	290	370	4	29	80	0.3625000
NODE_9108_length_892_cov_19.052963	343	423	2	46	80	0.5750000
NODE_9108_length_892_cov_19.052963	343	423	3	7	80	0.0875000
NODE_9108_length_892_cov_19.052963	343	423	4	27	80	0.3375000
NODE_9108_length_892_cov_19.052963	419	499	2	31	80	0.3875000
NODE_9108_length_892_cov_19.052963	419	499	3	44	80	0.5500000
NODE_9108_length_892_cov_19.052963	419	499	4	5	80	0.0625000
NODE_9108_length_892_cov_19.052963	472	552	2	80	80	1.0000000
NODE_9109_length_892_cov_17.276166	341	421	1	9	80	0.1125000
NODE_9109_length_892_cov_17.276166	341	421	2	71	80	0.8875000
NODE_9109_length_892_cov_17.276166	394	474	1	7	80	0.0875000
NODE_9109_length_892_cov_17.276166	394	474	2	73	80	0.9125000
NODE_9110_length_892_cov_16.312736	411	491	1	20	80	0.2500000
NODE_9110_length_892_cov_16.312736	411	491	2	10	80	0.1250000
NODE_9110_length_892_cov_16.312736	411	491	4	5	80	0.0625000
NODE_9110_length_892_cov_16.312736	411	491	5	45	80	0.5625000
NODE_9110_length_892_cov_16.312736	464	544	4	19	80	0.2375000
NODE_9110_length_892_cov_16.312736	464	544	5	61	80	0.7625000
NODE_9111_length_892_cov_15.808323	395	475	2	9	80	0.1125000
NODE_9111_length_892_cov_15.808323	395	475	4	71	80	0.8875000
NODE_9111_length_892_cov_15.808323	448	528	0	48	80	0.6000000
NODE_9111_length_892_cov_15.808323	448	528	2	14	80	0.1750000
NODE_9111_length_892_cov_15.808323	448	528	4	18	80	0.2250000
NODE_9112_length_892_cov_14.020177	522	602	4	80	80	1.0000000
NODE_9112_length_892_cov_14.020177	575	655	1	35	80	0.4375000
NODE_9112_length_892_cov_14.020177	575	655	2	4	80	0.0500000
NODE_9112_length_892_cov_14.020177	575	655	3	1	80	0.0125000
NODE_9112_length_892_cov_14.020177	575	655	4	40	80	0.5000000
NODE_9114_length_892_cov_8.798235	400	480	4	60	80	0.7500000
NODE_9114_length_892_cov_8.798235	400	480	5	7	80	0.0875000
NODE_9114_length_892_cov_8.798235	400	480	6	13	80	0.1625000
NODE_9114_length_892_cov_8.798235	453	533	3	18	80	0.2250000
NODE_9114_length_892_cov_8.798235	453	533	4	10	80	0.1250000
NODE_9114_length_892_cov_8.798235	453	533	5	42	80	0.5250000
NODE_9114_length_892_cov_8.798235	453	533	6	10	80	0.1250000
NODE_9115_length_892_cov_8.413619	428	508	3	6	80	0.0750000
NODE_9115_length_892_cov_8.413619	428	508	5	3	80	0.0375000
NODE_9115_length_892_cov_8.413619	428	508	6	25	80	0.3125000
NODE_9115_length_892_cov_8.413619	428	508	7	46	80	0.5750000
NODE_9115_length_892_cov_8.413619	481	561	3	36	80	0.4500000
NODE_9115_length_892_cov_8.413619	481	561	4	5	80	0.0625000
NODE_9115_length_892_cov_8.413619	481	561	5	3	80	0.0375000
NODE_9115_length_892_cov_8.413619	481	561	6	34	80	0.4250000
NODE_9115_length_892_cov_8.413619	481	561	7	2	80	0.0250000
NODE_9116_length_892_cov_6.694830	374	454	1	6	80	0.0750000
NODE_9116_length_892_cov_6.694830	374	454	2	36	80	0.4500000
NODE_9116_length_892_cov_6.694830	374	454	3	38	80	0.4750000
NODE_9116_length_892_cov_6.694830	427	507	2	5	80	0.0625000
NODE_9116_length_892_cov_6.694830	427	507	3	55	80	0.6875000
NODE_9116_length_892_cov_6.694830	427	507	4	20	80	0.2500000
NODE_9134_length_891_cov_30.166667	295	375	1	13	80	0.1625000
NODE_9134_length_891_cov_30.166667	295	375	2	14	80	0.1750000
NODE_9134_length_891_cov_30.166667	295	375	3	10	80	0.1250000
NODE_9134_length_891_cov_30.166667	295	375	4	19	80	0.2375000
NODE_9134_length_891_cov_30.166667	295	375	5	2	80	0.0250000
NODE_9134_length_891_cov_30.166667	295	375	7	16	80	0.2000000
NODE_9134_length_891_cov_30.166667	295	375	8	6	80	0.0750000
NODE_9134_length_891_cov_30.166667	348	428	4	3	80	0.0375000
NODE_9134_length_891_cov_30.166667	348	428	5	2	80	0.0250000
NODE_9134_length_891_cov_30.166667	348	428	7	23	80	0.2875000
NODE_9134_length_891_cov_30.166667	348	428	8	48	80	0.6000000
NODE_9134_length_891_cov_30.166667	348	428	9	4	80	0.0500000
NODE_9135_length_891_cov_26.333333	319	399	4	6	80	0.0750000
NODE_9135_length_891_cov_26.333333	319	399	5	26	80	0.3250000
NODE_9135_length_891_cov_26.333333	319	399	7	10	80	0.1250000
NODE_9135_length_891_cov_26.333333	319	399	8	38	80	0.4750000
NODE_9135_length_891_cov_26.333333	372	452	3	11	80	0.1375000
NODE_9135_length_891_cov_26.333333	372	452	4	14	80	0.1750000
NODE_9135_length_891_cov_26.333333	372	452	5	55	80	0.6875000
NODE_9136_length_891_cov_22.228535	336	416	6	13	80	0.1625000
NODE_9136_length_891_cov_22.228535	336	416	7	1	80	0.0125000
NODE_9136_length_891_cov_22.228535	336	416	8	5	80	0.0625000
NODE_9136_length_891_cov_22.228535	336	416	9	28	80	0.3500000
NODE_9136_length_891_cov_22.228535	336	416	10	22	80	0.2750000
NODE_9136_length_891_cov_22.228535	336	416	11	11	80	0.1375000
NODE_9136_length_891_cov_22.228535	389	469	8	34	80	0.4250000
NODE_9136_length_891_cov_22.228535	389	469	9	35	80	0.4375000
NODE_9136_length_891_cov_22.228535	389	469	10	10	80	0.1250000
NODE_9136_length_891_cov_22.228535	389	469	11	1	80	0.0125000
NODE_9137_length_891_cov_20.446970	377	457	3	53	80	0.6625000
NODE_9137_length_891_cov_20.446970	377	457	4	9	80	0.1125000
NODE_9137_length_891_cov_20.446970	377	457	5	18	80	0.2250000
NODE_9137_length_891_cov_20.446970	430	510	3	15	80	0.1875000
NODE_9137_length_891_cov_20.446970	430	510	4	9	80	0.1125000
NODE_9137_length_891_cov_20.446970	430	510	5	56	80	0.7000000
NODE_9138_length_891_cov_20.226010	310	390	0	19	80	0.2375000
NODE_9138_length_891_cov_20.226010	310	390	2	61	80	0.7625000
NODE_9138_length_891_cov_20.226010	363	443	0	3	80	0.0375000
NODE_9138_length_891_cov_20.226010	363	443	2	77	80	0.9625000
NODE_9140_length_891_cov_13.207071	392	472	3	50	80	0.6250000
NODE_9140_length_891_cov_13.207071	392	472	4	30	80	0.3750000
NODE_9140_length_891_cov_13.207071	445	525	2	27	80	0.3375000
NODE_9140_length_891_cov_13.207071	445	525	3	18	80	0.2250000
NODE_9140_length_891_cov_13.207071	445	525	4	35	80	0.4375000
NODE_9141_length_891_cov_11.579545	379	459	1	29	80	0.3625000
NODE_9141_length_891_cov_11.579545	379	459	2	24	80	0.3000000
NODE_9141_length_891_cov_11.579545	379	459	3	27	80	0.3375000
NODE_9141_length_891_cov_11.579545	432	512	3	80	80	1.0000000
NODE_9142_length_891_cov_11.117424	499	579	1	9	80	0.1125000
NODE_9142_length_891_cov_11.117424	499	579	2	71	80	0.8875000
NODE_9142_length_891_cov_11.117424	552	632	1	44	80	0.5500000
NODE_9142_length_891_cov_11.117424	552	632	2	36	80	0.4500000
NODE_9153_length_890_cov_29.070796	284	364	2	36	80	0.4500000
NODE_9153_length_890_cov_29.070796	284	364	4	44	80	0.5500000
NODE_9153_length_890_cov_29.070796	337	417	2	69	80	0.8625000
NODE_9153_length_890_cov_29.070796	337	417	4	11	80	0.1375000
NODE_9153_length_890_cov_29.070796	413	497	0	27	84	0.3214286
NODE_9153_length_890_cov_29.070796	413	497	1	11	84	0.1309524
NODE_9153_length_890_cov_29.070796	413	497	2	46	84	0.5476190
NODE_9153_length_890_cov_29.070796	470	550	0	11	80	0.1375000
NODE_9153_length_890_cov_29.070796	470	550	1	11	80	0.1375000
NODE_9153_length_890_cov_29.070796	470	550	2	58	80	0.7250000
NODE_9154_length_890_cov_27.295828	550	630	4	2	80	0.0250000
NODE_9154_length_890_cov_27.295828	550	630	6	5	80	0.0625000
NODE_9154_length_890_cov_27.295828	550	630	7	40	80	0.5000000
NODE_9154_length_890_cov_27.295828	550	630	8	12	80	0.1500000
NODE_9154_length_890_cov_27.295828	550	630	9	12	80	0.1500000
NODE_9154_length_890_cov_27.295828	550	630	10	9	80	0.1125000
NODE_9154_length_890_cov_27.295828	603	683	3	44	80	0.5500000
NODE_9154_length_890_cov_27.295828	603	683	4	11	80	0.1375000
NODE_9154_length_890_cov_27.295828	603	683	6	5	80	0.0625000
NODE_9154_length_890_cov_27.295828	603	683	7	20	80	0.2500000
NODE_9155_length_890_cov_18.088496	80	135	0	55	55	1.0000000
NODE_9155_length_890_cov_18.088496	276	356	2	8	80	0.1000000
NODE_9155_length_890_cov_18.088496	276	356	3	72	80	0.9000000
NODE_9155_length_890_cov_18.088496	329	406	3	40	77	0.5194805
NODE_9155_length_890_cov_18.088496	329	406	4	37	77	0.4805195
NODE_9156_length_890_cov_16.831858	402	482	7	24	80	0.3000000
NODE_9156_length_890_cov_16.831858	402	482	8	14	80	0.1750000
NODE_9156_length_890_cov_16.831858	402	482	9	9	80	0.1125000
NODE_9156_length_890_cov_16.831858	402	482	10	26	80	0.3250000
NODE_9156_length_890_cov_16.831858	402	482	11	7	80	0.0875000
NODE_9156_length_890_cov_16.831858	455	535	5	27	80	0.3375000
NODE_9156_length_890_cov_16.831858	455	535	6	1	80	0.0125000
NODE_9156_length_890_cov_16.831858	455	535	8	23	80	0.2875000
NODE_9156_length_890_cov_16.831858	455	535	10	28	80	0.3500000
NODE_9156_length_890_cov_16.831858	455	535	11	1	80	0.0125000
NODE_9157_length_890_cov_11.881163	222	302	4	26	80	0.3250000
NODE_9157_length_890_cov_11.881163	222	302	5	33	80	0.4125000
NODE_9157_length_890_cov_11.881163	222	302	6	21	80	0.2625000
NODE_9157_length_890_cov_11.881163	275	355	4	40	80	0.5000000
NODE_9157_length_890_cov_11.881163	275	355	5	16	80	0.2000000
NODE_9157_length_890_cov_11.881163	275	355	6	24	80	0.3000000
NODE_9158_length_890_cov_8.676359	335	415	6	10	80	0.1250000
NODE_9158_length_890_cov_8.676359	335	415	8	40	80	0.5000000
NODE_9158_length_890_cov_8.676359	335	415	9	30	80	0.3750000
NODE_9158_length_890_cov_8.676359	388	468	3	3	80	0.0375000
NODE_9158_length_890_cov_8.676359	388	468	4	34	80	0.4250000
NODE_9158_length_890_cov_8.676359	388	468	5	7	80	0.0875000
NODE_9158_length_890_cov_8.676359	388	468	7	4	80	0.0500000
NODE_9158_length_890_cov_8.676359	388	468	8	32	80	0.4000000
NODE_9183_length_889_cov_61.520253	334	414	2	24	80	0.3000000
NODE_9183_length_889_cov_61.520253	334	414	3	2	80	0.0250000
NODE_9183_length_889_cov_61.520253	334	414	4	29	80	0.3625000
NODE_9183_length_889_cov_61.520253	334	414	5	12	80	0.1500000
NODE_9183_length_889_cov_61.520253	334	414	6	7	80	0.0875000
NODE_9183_length_889_cov_61.520253	334	414	7	6	80	0.0750000
NODE_9183_length_889_cov_61.520253	387	467	4	2	80	0.0250000
NODE_9183_length_889_cov_61.520253	387	467	5	12	80	0.1500000
NODE_9183_length_889_cov_61.520253	387	467	6	7	80	0.0875000
NODE_9183_length_889_cov_61.520253	387	467	7	22	80	0.2750000
NODE_9183_length_889_cov_61.520253	387	467	8	19	80	0.2375000
NODE_9183_length_889_cov_61.520253	387	467	9	18	80	0.2250000
NODE_9183_length_889_cov_61.520253	463	543	7	8	80	0.1000000
NODE_9183_length_889_cov_61.520253	463	543	8	3	80	0.0375000
NODE_9183_length_889_cov_61.520253	463	543	9	7	80	0.0875000
NODE_9183_length_889_cov_61.520253	463	543	10	4	80	0.0500000
NODE_9183_length_889_cov_61.520253	463	543	11	34	80	0.4250000
NODE_9183_length_889_cov_61.520253	463	543	12	2	80	0.0250000
NODE_9183_length_889_cov_61.520253	463	543	13	22	80	0.2750000
NODE_9183_length_889_cov_61.520253	516	596	0	15	80	0.1875000
NODE_9183_length_889_cov_61.520253	516	596	2	2	80	0.0250000
NODE_9183_length_889_cov_61.520253	516	596	3	5	80	0.0625000
NODE_9183_length_889_cov_61.520253	516	596	5	4	80	0.0500000
NODE_9183_length_889_cov_61.520253	516	596	7	12	80	0.1500000
NODE_9183_length_889_cov_61.520253	516	596	8	7	80	0.0875000
NODE_9183_length_889_cov_61.520253	516	596	9	2	80	0.0250000
NODE_9183_length_889_cov_61.520253	516	596	10	10	80	0.1250000
NODE_9183_length_889_cov_61.520253	516	596	11	23	80	0.2875000
NODE_9184_length_889_cov_30.012658	311	391	1	2	80	0.0250000
NODE_9184_length_889_cov_30.012658	311	391	2	3	80	0.0375000
NODE_9184_length_889_cov_30.012658	311	391	3	28	80	0.3500000
NODE_9184_length_889_cov_30.012658	311	391	4	32	80	0.4000000
NODE_9184_length_889_cov_30.012658	311	391	5	9	80	0.1125000
NODE_9184_length_889_cov_30.012658	311	391	6	6	80	0.0750000
NODE_9184_length_889_cov_30.012658	364	444	4	12	80	0.1500000
NODE_9184_length_889_cov_30.012658	364	444	5	9	80	0.1125000
NODE_9184_length_889_cov_30.012658	364	444	6	59	80	0.7375000
NODE_9185_length_889_cov_28.217722	413	483	3	4	70	0.0571429
NODE_9185_length_889_cov_28.217722	413	483	5	32	70	0.4571429
NODE_9185_length_889_cov_28.217722	413	483	7	11	70	0.1571429
NODE_9185_length_889_cov_28.217722	413	483	8	23	70	0.3285714
NODE_9185_length_889_cov_28.217722	466	542	7	4	76	0.0526316
NODE_9185_length_889_cov_28.217722	466	542	8	50	76	0.6578947
NODE_9185_length_889_cov_28.217722	466	542	9	22	76	0.2894737
NODE_9186_length_889_cov_27.924051	379	449	2	16	70	0.2285714
NODE_9186_length_889_cov_27.924051	379	449	4	54	70	0.7714286
NODE_9186_length_889_cov_27.924051	432	512	1	15	80	0.1875000
NODE_9186_length_889_cov_27.924051	432	512	3	37	80	0.4625000
NODE_9186_length_889_cov_27.924051	432	512	4	28	80	0.3500000
NODE_9187_length_889_cov_25.887342	227	285	3	15	58	0.2586207
NODE_9187_length_889_cov_25.887342	227	285	4	7	58	0.1206897
NODE_9187_length_889_cov_25.887342	227	285	8	22	58	0.3793103
NODE_9187_length_889_cov_25.887342	227	285	9	14	58	0.2413793
NODE_9187_length_889_cov_25.887342	258	337	8	15	79	0.1898734
NODE_9187_length_889_cov_25.887342	258	337	9	40	79	0.5063291
NODE_9187_length_889_cov_25.887342	258	337	10	22	79	0.2784810
NODE_9187_length_889_cov_25.887342	258	337	11	2	79	0.0253165
NODE_9188_length_889_cov_22.992405	451	531	7	2	80	0.0250000
NODE_9188_length_889_cov_22.992405	451	531	8	23	80	0.2875000
NODE_9188_length_889_cov_22.992405	451	531	9	45	80	0.5625000
NODE_9188_length_889_cov_22.992405	451	531	10	10	80	0.1250000
NODE_9188_length_889_cov_22.992405	504	584	6	6	80	0.0750000
NODE_9188_length_889_cov_22.992405	504	584	8	24	80	0.3000000
NODE_9188_length_889_cov_22.992405	504	584	9	38	80	0.4750000
NODE_9188_length_889_cov_22.992405	504	584	10	12	80	0.1500000
NODE_9189_length_889_cov_20.703797	331	411	5	44	80	0.5500000
NODE_9189_length_889_cov_20.703797	331	411	7	36	80	0.4500000
NODE_9189_length_889_cov_20.703797	384	464	0	5	80	0.0625000
NODE_9189_length_889_cov_20.703797	384	464	2	28	80	0.3500000
NODE_9189_length_889_cov_20.703797	384	464	4	20	80	0.2500000
NODE_9189_length_889_cov_20.703797	384	464	5	4	80	0.0500000
NODE_9189_length_889_cov_20.703797	384	464	7	23	80	0.2875000
NODE_9190_length_889_cov_20.226582	234	314	4	2	80	0.0250000
NODE_9190_length_889_cov_20.226582	234	314	5	25	80	0.3125000
NODE_9190_length_889_cov_20.226582	234	314	6	53	80	0.6625000
NODE_9190_length_889_cov_20.226582	287	367	2	7	80	0.0875000
NODE_9190_length_889_cov_20.226582	287	367	3	4	80	0.0500000
NODE_9190_length_889_cov_20.226582	287	367	4	42	80	0.5250000
NODE_9190_length_889_cov_20.226582	287	367	5	12	80	0.1500000
NODE_9190_length_889_cov_20.226582	287	367	6	15	80	0.1875000
NODE_9191_length_889_cov_15.587342	407	487	5	16	80	0.2000000
NODE_9191_length_889_cov_15.587342	407	487	7	48	80	0.6000000
NODE_9191_length_889_cov_15.587342	407	487	8	16	80	0.2000000
NODE_9191_length_889_cov_15.587342	460	540	3	5	80	0.0625000
NODE_9191_length_889_cov_15.587342	460	540	4	30	80	0.3750000
NODE_9191_length_889_cov_15.587342	460	540	5	34	80	0.4250000
NODE_9191_length_889_cov_15.587342	460	540	7	11	80	0.1375000
NODE_9192_length_889_cov_12.669620	313	393	2	19	80	0.2375000
NODE_9192_length_889_cov_12.669620	313	393	3	3	80	0.0375000
NODE_9192_length_889_cov_12.669620	313	393	4	16	80	0.2000000
NODE_9192_length_889_cov_12.669620	313	393	5	42	80	0.5250000
NODE_9192_length_889_cov_12.669620	366	446	3	48	80	0.6000000
NODE_9192_length_889_cov_12.669620	366	446	4	4	80	0.0500000
NODE_9192_length_889_cov_12.669620	366	446	5	28	80	0.3500000
NODE_9193_length_889_cov_12.198734	399	479	2	39	80	0.4875000
NODE_9193_length_889_cov_12.198734	399	479	4	41	80	0.5125000
NODE_9193_length_889_cov_12.198734	452	532	0	39	80	0.4875000
NODE_9193_length_889_cov_12.198734	452	532	2	41	80	0.5125000
NODE_9197_length_889_cov_3.841772	187	267	1	4	80	0.0500000
NODE_9197_length_889_cov_3.841772	187	267	2	9	80	0.1125000
NODE_9197_length_889_cov_3.841772	187	267	3	31	80	0.3875000
NODE_9197_length_889_cov_3.841772	187	267	4	36	80	0.4500000
NODE_9197_length_889_cov_3.841772	240	320	2	37	80	0.4625000
NODE_9197_length_889_cov_3.841772	240	320	4	43	80	0.5375000
NODE_9213_length_888_cov_37.102662	490	570	4	14	80	0.1750000
NODE_9213_length_888_cov_37.102662	490	570	5	10	80	0.1250000
NODE_9213_length_888_cov_37.102662	490	570	6	31	80	0.3875000
NODE_9213_length_888_cov_37.102662	490	570	7	20	80	0.2500000
NODE_9213_length_888_cov_37.102662	490	570	9	5	80	0.0625000
NODE_9213_length_888_cov_37.102662	543	623	6	2	80	0.0250000
NODE_9213_length_888_cov_37.102662	543	623	7	37	80	0.4625000
NODE_9213_length_888_cov_37.102662	543	623	8	25	80	0.3125000
NODE_9213_length_888_cov_37.102662	543	623	9	16	80	0.2000000
NODE_9214_length_888_cov_28.230672	366	446	7	5	80	0.0625000
NODE_9214_length_888_cov_28.230672	366	446	8	34	80	0.4250000
NODE_9214_length_888_cov_28.230672	366	446	9	11	80	0.1375000
NODE_9214_length_888_cov_28.230672	366	446	10	9	80	0.1125000
NODE_9214_length_888_cov_28.230672	366	446	11	9	80	0.1125000
NODE_9214_length_888_cov_28.230672	366	446	12	12	80	0.1500000
NODE_9214_length_888_cov_28.230672	419	499	5	7	80	0.0875000
NODE_9214_length_888_cov_28.230672	419	499	7	46	80	0.5750000
NODE_9214_length_888_cov_28.230672	419	499	8	12	80	0.1500000
NODE_9214_length_888_cov_28.230672	419	499	9	2	80	0.0250000
NODE_9214_length_888_cov_28.230672	419	499	10	1	80	0.0125000
NODE_9214_length_888_cov_28.230672	419	499	12	12	80	0.1500000
NODE_9215_length_888_cov_25.243346	391	471	7	11	80	0.1375000
NODE_9215_length_888_cov_25.243346	391	471	9	2	80	0.0250000
NODE_9215_length_888_cov_25.243346	391	471	10	21	80	0.2625000
NODE_9215_length_888_cov_25.243346	391	471	11	40	80	0.5000000
NODE_9215_length_888_cov_25.243346	391	471	12	6	80	0.0750000
NODE_9215_length_888_cov_25.243346	444	524	5	1	80	0.0125000
NODE_9215_length_888_cov_25.243346	444	524	6	12	80	0.1500000
NODE_9215_length_888_cov_25.243346	444	524	8	5	80	0.0625000
NODE_9215_length_888_cov_25.243346	444	524	9	2	80	0.0250000
NODE_9215_length_888_cov_25.243346	444	524	10	47	80	0.5875000
NODE_9215_length_888_cov_25.243346	444	524	11	13	80	0.1625000
NODE_9216_length_888_cov_21.045627	236	316	3	11	80	0.1375000
NODE_9216_length_888_cov_21.045627	236	316	4	69	80	0.8625000
NODE_9216_length_888_cov_21.045627	289	367	1	23	78	0.2948718
NODE_9216_length_888_cov_21.045627	289	367	2	5	78	0.0641026
NODE_9216_length_888_cov_21.045627	289	367	4	50	78	0.6410257
NODE_9218_length_888_cov_13.447402	515	595	1	15	80	0.1875000
NODE_9218_length_888_cov_13.447402	515	595	3	60	80	0.7500000
NODE_9218_length_888_cov_13.447402	515	595	4	5	80	0.0625000
NODE_9218_length_888_cov_13.447402	568	648	1	44	80	0.5500000
NODE_9218_length_888_cov_13.447402	568	648	2	24	80	0.3000000
NODE_9218_length_888_cov_13.447402	568	648	3	12	80	0.1500000
NODE_9219_length_888_cov_12.806084	179	259	3	17	80	0.2125000
NODE_9219_length_888_cov_12.806084	179	259	4	63	80	0.7875000
NODE_9219_length_888_cov_12.806084	232	312	1	3	80	0.0375000
NODE_9219_length_888_cov_12.806084	232	312	2	41	80	0.5125000
NODE_9219_length_888_cov_12.806084	232	312	3	26	80	0.3250000
NODE_9219_length_888_cov_12.806084	232	312	4	10	80	0.1250000
NODE_9219_length_888_cov_12.806084	308	388	0	12	80	0.1500000
NODE_9219_length_888_cov_12.806084	308	388	1	8	80	0.1000000
NODE_9219_length_888_cov_12.806084	308	388	2	18	80	0.2250000
NODE_9219_length_888_cov_12.806084	308	388	3	9	80	0.1125000
NODE_9219_length_888_cov_12.806084	308	388	5	8	80	0.1000000
NODE_9219_length_888_cov_12.806084	308	388	6	15	80	0.1875000
NODE_9219_length_888_cov_12.806084	308	388	8	10	80	0.1250000
NODE_9219_length_888_cov_12.806084	361	441	5	2	80	0.0250000
NODE_9219_length_888_cov_12.806084	361	441	6	15	80	0.1875000
NODE_9219_length_888_cov_12.806084	361	441	8	63	80	0.7875000
NODE_9220_length_888_cov_12.551331	365	445	3	3	80	0.0375000
NODE_9220_length_888_cov_12.551331	365	445	5	39	80	0.4875000
NODE_9220_length_888_cov_12.551331	365	445	6	38	80	0.4750000
NODE_9220_length_888_cov_12.551331	418	498	1	32	80	0.4000000
NODE_9220_length_888_cov_12.551331	418	498	2	1	80	0.0125000
NODE_9220_length_888_cov_12.551331	418	498	5	10	80	0.1250000
NODE_9220_length_888_cov_12.551331	418	498	6	37	80	0.4625000
NODE_9228_length_888_cov_2.041825	42	102	2	60	60	1.0000000
NODE_9237_length_887_cov_32.927665	514	594	5	44	80	0.5500000
NODE_9237_length_887_cov_32.927665	514	594	7	17	80	0.2125000
NODE_9237_length_887_cov_32.927665	514	594	8	16	80	0.2000000
NODE_9237_length_887_cov_32.927665	514	594	9	3	80	0.0375000
NODE_9237_length_887_cov_32.927665	567	647	6	29	80	0.3625000
NODE_9237_length_887_cov_32.927665	567	647	7	23	80	0.2875000
NODE_9237_length_887_cov_32.927665	567	647	8	25	80	0.3125000
NODE_9237_length_887_cov_32.927665	567	647	9	3	80	0.0375000
NODE_9238_length_887_cov_26.920051	358	438	8	5	80	0.0625000
NODE_9238_length_887_cov_26.920051	358	438	9	3	80	0.0375000
NODE_9238_length_887_cov_26.920051	358	438	10	24	80	0.3000000
NODE_9238_length_887_cov_26.920051	358	438	11	48	80	0.6000000
NODE_9238_length_887_cov_26.920051	411	491	3	4	80	0.0500000
NODE_9238_length_887_cov_26.920051	411	491	4	17	80	0.2125000
NODE_9238_length_887_cov_26.920051	411	491	5	2	80	0.0250000
NODE_9238_length_887_cov_26.920051	411	491	8	20	80	0.2500000
NODE_9238_length_887_cov_26.920051	411	491	9	13	80	0.1625000
NODE_9238_length_887_cov_26.920051	411	491	11	24	80	0.3000000
NODE_9239_length_887_cov_20.714467	304	384	2	20	80	0.2500000
NODE_9239_length_887_cov_20.714467	304	384	4	15	80	0.1875000
NODE_9239_length_887_cov_20.714467	304	384	6	45	80	0.5625000
NODE_9239_length_887_cov_20.714467	357	433	4	25	76	0.3289474
NODE_9239_length_887_cov_20.714467	357	433	6	51	76	0.6710526
NODE_9240_length_887_cov_19.771574	407	487	4	29	80	0.3625000
NODE_9240_length_887_cov_19.771574	407	487	5	2	80	0.0250000
NODE_9240_length_887_cov_19.771574	407	487	6	49	80	0.6125000
NODE_9240_length_887_cov_19.771574	460	540	4	71	80	0.8875000
NODE_9240_length_887_cov_19.771574	460	540	5	5	80	0.0625000
NODE_9240_length_887_cov_19.771574	460	540	6	4	80	0.0500000
NODE_9241_length_887_cov_14.535533	333	413	3	1	80	0.0125000
NODE_9241_length_887_cov_14.535533	333	413	4	75	80	0.9375000
NODE_9241_length_887_cov_14.535533	333	413	5	4	80	0.0500000
NODE_9241_length_887_cov_14.535533	386	466	1	7	80	0.0875000
NODE_9241_length_887_cov_14.535533	386	466	2	4	80	0.0500000
NODE_9241_length_887_cov_14.535533	386	466	3	5	80	0.0625000
NODE_9241_length_887_cov_14.535533	386	466	4	44	80	0.5500000
NODE_9241_length_887_cov_14.535533	386	466	5	20	80	0.2500000
NODE_9242_length_887_cov_14.114213	345	425	0	80	80	1.0000000
NODE_9242_length_887_cov_14.114213	398	478	0	80	80	1.0000000
NODE_9243_length_887_cov_9.451777	406	486	0	80	80	1.0000000
NODE_9243_length_887_cov_9.451777	459	539	0	80	80	1.0000000
NODE_9245_length_887_cov_6.656091	473	553	1	14	80	0.1750000
NODE_9245_length_887_cov_6.656091	473	553	3	31	80	0.3875000
NODE_9245_length_887_cov_6.656091	473	553	5	10	80	0.1250000
NODE_9245_length_887_cov_6.656091	473	553	6	2	80	0.0250000
NODE_9245_length_887_cov_6.656091	473	553	7	23	80	0.2875000
NODE_9245_length_887_cov_6.656091	526	606	5	5	80	0.0625000
NODE_9245_length_887_cov_6.656091	526	606	6	38	80	0.4750000
NODE_9245_length_887_cov_6.656091	526	606	7	37	80	0.4625000
NODE_9246_length_887_cov_4.719543	420	500	1	2	80	0.0250000
NODE_9246_length_887_cov_4.719543	420	500	2	6	80	0.0750000
NODE_9246_length_887_cov_4.719543	420	500	3	21	80	0.2625000
NODE_9246_length_887_cov_4.719543	420	500	4	51	80	0.6375000
NODE_9246_length_887_cov_4.719543	473	553	4	80	80	1.0000000
NODE_9250_length_887_cov_2.583756	385	429	0	44	44	1.0000000
NODE_9250_length_887_cov_2.583756	393	428	0	35	35	1.0000000
NODE_9261_length_887_cov_1.087563	754	829	0	75	75	1.0000000
NODE_9264_length_886_cov_35.482846	365	445	3	20	80	0.2500000
NODE_9264_length_886_cov_35.482846	365	445	5	12	80	0.1500000
NODE_9264_length_886_cov_35.482846	365	445	6	5	80	0.0625000
NODE_9264_length_886_cov_35.482846	365	445	8	38	80	0.4750000
NODE_9264_length_886_cov_35.482846	365	445	9	5	80	0.0625000
NODE_9264_length_886_cov_35.482846	418	498	6	5	80	0.0625000
NODE_9264_length_886_cov_35.482846	418	498	7	9	80	0.1125000
NODE_9264_length_886_cov_35.482846	418	498	8	58	80	0.7250000
NODE_9264_length_886_cov_35.482846	418	498	9	8	80	0.1000000
NODE_9265_length_886_cov_31.939009	438	518	0	42	80	0.5250000
NODE_9265_length_886_cov_31.939009	438	518	2	38	80	0.4750000
NODE_9265_length_886_cov_31.939009	491	571	2	36	80	0.4500000
NODE_9265_length_886_cov_31.939009	491	571	4	44	80	0.5500000
NODE_9266_length_886_cov_25.301144	326	406	3	70	80	0.8750000
NODE_9266_length_886_cov_25.301144	326	406	5	10	80	0.1250000
NODE_9266_length_886_cov_25.301144	326	406	3	70	80	0.8750000
NODE_9266_length_886_cov_25.301144	326	406	5	10	80	0.1250000
NODE_9266_length_886_cov_25.301144	379	459	2	26	80	0.3250000
NODE_9266_length_886_cov_25.301144	379	459	3	17	80	0.2125000
NODE_9266_length_886_cov_25.301144	379	459	4	8	80	0.1000000
NODE_9266_length_886_cov_25.301144	379	459	5	29	80	0.3625000
NODE_9266_length_886_cov_25.301144	379	459	2	26	80	0.3250000
NODE_9266_length_886_cov_25.301144	379	459	3	17	80	0.2125000
NODE_9266_length_886_cov_25.301144	379	459	4	8	80	0.1000000
NODE_9266_length_886_cov_25.301144	379	459	5	29	80	0.3625000
NODE_9267_length_886_cov_14.463787	327	407	7	21	80	0.2625000
NODE_9267_length_886_cov_14.463787	327	407	8	49	80	0.6125000
NODE_9267_length_886_cov_14.463787	327	407	9	10	80	0.1250000
NODE_9267_length_886_cov_14.463787	380	460	4	19	80	0.2375000
NODE_9267_length_886_cov_14.463787	380	460	5	11	80	0.1375000
NODE_9267_length_886_cov_14.463787	380	460	6	1	80	0.0125000
NODE_9267_length_886_cov_14.463787	380	460	7	17	80	0.2125000
NODE_9267_length_886_cov_14.463787	380	460	8	22	80	0.2750000
NODE_9267_length_886_cov_14.463787	380	460	9	10	80	0.1250000
NODE_9286_length_885_cov_35.510178	373	453	3	38	80	0.4750000
NODE_9286_length_885_cov_35.510178	373	453	5	23	80	0.2875000
NODE_9286_length_885_cov_35.510178	373	453	6	19	80	0.2375000
NODE_9286_length_885_cov_35.510178	426	506	4	20	80	0.2500000
NODE_9286_length_885_cov_35.510178	426	506	5	8	80	0.1000000
NODE_9286_length_885_cov_35.510178	426	506	6	52	80	0.6500000
NODE_9287_length_885_cov_31.857506	368	448	2	3	80	0.0375000
NODE_9287_length_885_cov_31.857506	368	448	4	77	80	0.9625000
NODE_9287_length_885_cov_31.857506	421	501	2	38	80	0.4750000
NODE_9287_length_885_cov_31.857506	421	501	3	12	80	0.1500000
NODE_9287_length_885_cov_31.857506	421	501	4	30	80	0.3750000
NODE_9288_length_885_cov_31.195929	395	475	0	37	80	0.4625000
NODE_9288_length_885_cov_31.195929	395	475	2	3	80	0.0375000
NODE_9288_length_885_cov_31.195929	395	475	4	40	80	0.5000000
NODE_9288_length_885_cov_31.195929	448	528	0	80	80	1.0000000
NODE_9289_length_885_cov_23.735369	356	436	0	80	80	1.0000000
NODE_9289_length_885_cov_23.735369	409	489	0	80	80	1.0000000
NODE_9289_length_885_cov_23.735369	485	565	0	80	80	1.0000000
NODE_9289_length_885_cov_23.735369	538	618	0	80	80	1.0000000
NODE_9290_length_885_cov_22.174300	340	420	0	24	80	0.3000000
NODE_9290_length_885_cov_22.174300	340	420	1	8	80	0.1000000
NODE_9290_length_885_cov_22.174300	340	420	2	9	80	0.1125000
NODE_9290_length_885_cov_22.174300	340	420	3	18	80	0.2250000
NODE_9290_length_885_cov_22.174300	340	420	4	21	80	0.2625000
NODE_9290_length_885_cov_22.174300	393	473	3	6	80	0.0750000
NODE_9290_length_885_cov_22.174300	393	473	4	33	80	0.4125000
NODE_9290_length_885_cov_22.174300	393	473	5	28	80	0.3500000
NODE_9290_length_885_cov_22.174300	393	473	6	13	80	0.1625000
NODE_9290_length_885_cov_22.174300	469	549	6	42	80	0.5250000
NODE_9290_length_885_cov_22.174300	469	549	7	13	80	0.1625000
NODE_9290_length_885_cov_22.174300	469	549	8	25	80	0.3125000
NODE_9290_length_885_cov_22.174300	522	602	7	44	80	0.5500000
NODE_9290_length_885_cov_22.174300	522	602	8	36	80	0.4500000
NODE_9291_length_885_cov_17.852417	413	493	1	54	80	0.6750000
NODE_9291_length_885_cov_17.852417	413	493	2	26	80	0.3250000
NODE_9291_length_885_cov_17.852417	466	546	1	1	80	0.0125000
NODE_9291_length_885_cov_17.852417	466	546	2	79	80	0.9875000
NODE_9292_length_885_cov_15.652672	346	426	0	1	80	0.0125000
NODE_9292_length_885_cov_15.652672	346	426	1	64	80	0.8000000
NODE_9292_length_885_cov_15.652672	346	426	2	15	80	0.1875000
NODE_9292_length_885_cov_15.652672	399	479	1	12	80	0.1500000
NODE_9292_length_885_cov_15.652672	399	479	2	68	80	0.8500000
NODE_9292_length_885_cov_15.652672	475	555	1	58	80	0.7250000
NODE_9292_length_885_cov_15.652672	475	555	2	22	80	0.2750000
NODE_9292_length_885_cov_15.652672	528	608	0	47	80	0.5875000
NODE_9292_length_885_cov_15.652672	528	608	1	33	80	0.4125000
NODE_9293_length_885_cov_11.648855	530	610	3	26	80	0.3250000
NODE_9293_length_885_cov_11.648855	530	610	5	2	80	0.0250000
NODE_9293_length_885_cov_11.648855	530	610	6	24	80	0.3000000
NODE_9293_length_885_cov_11.648855	530	610	7	28	80	0.3500000
NODE_9293_length_885_cov_11.648855	583	663	4	10	80	0.1250000
NODE_9293_length_885_cov_11.648855	583	663	5	27	80	0.3375000
NODE_9293_length_885_cov_11.648855	583	663	6	40	80	0.5000000
NODE_9293_length_885_cov_11.648855	583	663	7	3	80	0.0375000
NODE_9294_length_885_cov_9.707379	611	691	2	22	80	0.2750000
NODE_9294_length_885_cov_9.707379	611	691	3	58	80	0.7250000
NODE_9294_length_885_cov_9.707379	664	744	1	7	80	0.0875000
NODE_9294_length_885_cov_9.707379	664	744	2	38	80	0.4750000
NODE_9294_length_885_cov_9.707379	664	744	3	35	80	0.4375000
NODE_9311_length_884_cov_73.050955	536	616	14	3	80	0.0375000
NODE_9311_length_884_cov_73.050955	536	616	15	9	80	0.1125000
NODE_9311_length_884_cov_73.050955	536	616	16	8	80	0.1000000
NODE_9311_length_884_cov_73.050955	536	616	18	12	80	0.1500000
NODE_9311_length_884_cov_73.050955	536	616	19	1	80	0.0125000
NODE_9311_length_884_cov_73.050955	536	616	20	14	80	0.1750000
NODE_9311_length_884_cov_73.050955	536	616	21	15	80	0.1875000
NODE_9311_length_884_cov_73.050955	536	616	22	3	80	0.0375000
NODE_9311_length_884_cov_73.050955	536	616	24	15	80	0.1875000
NODE_9311_length_884_cov_73.050955	589	669	14	9	80	0.1125000
NODE_9311_length_884_cov_73.050955	589	669	16	15	80	0.1875000
NODE_9311_length_884_cov_73.050955	589	669	17	1	80	0.0125000
NODE_9311_length_884_cov_73.050955	589	669	18	20	80	0.2500000
NODE_9311_length_884_cov_73.050955	589	669	20	7	80	0.0875000
NODE_9311_length_884_cov_73.050955	589	669	21	6	80	0.0750000
NODE_9311_length_884_cov_73.050955	589	669	22	7	80	0.0875000
NODE_9311_length_884_cov_73.050955	589	669	24	15	80	0.1875000
NODE_9312_length_884_cov_28.373248	381	461	1	38	80	0.4750000
NODE_9312_length_884_cov_28.373248	381	461	2	42	80	0.5250000
NODE_9312_length_884_cov_28.373248	434	514	1	11	80	0.1375000
NODE_9312_length_884_cov_28.373248	434	514	2	69	80	0.8625000
NODE_9313_length_884_cov_20.649682	463	543	2	28	80	0.3500000
NODE_9313_length_884_cov_20.649682	463	543	4	45	80	0.5625000
NODE_9313_length_884_cov_20.649682	463	543	6	7	80	0.0875000
NODE_9313_length_884_cov_20.649682	516	596	4	40	80	0.5000000
NODE_9313_length_884_cov_20.649682	516	596	6	40	80	0.5000000
NODE_9314_length_884_cov_13.391083	225	305	0	37	80	0.4625000
NODE_9314_length_884_cov_13.391083	225	305	1	43	80	0.5375000
NODE_9314_length_884_cov_13.391083	278	358	0	80	80	1.0000000
NODE_9315_length_884_cov_9.192357	278	358	0	80	80	1.0000000
NODE_9315_length_884_cov_9.192357	331	411	0	80	80	1.0000000
NODE_9315_length_884_cov_9.192357	407	487	0	34	80	0.4250000
NODE_9315_length_884_cov_9.192357	407	487	2	46	80	0.5750000
NODE_9315_length_884_cov_9.192357	460	540	2	27	80	0.3375000
NODE_9315_length_884_cov_9.192357	460	540	4	41	80	0.5125000
NODE_9315_length_884_cov_9.192357	460	540	5	12	80	0.1500000
NODE_9335_length_883_cov_46.780612	344	424	8	4	80	0.0500000
NODE_9335_length_883_cov_46.780612	344	424	9	17	80	0.2125000
NODE_9335_length_883_cov_46.780612	344	424	11	46	80	0.5750000
NODE_9335_length_883_cov_46.780612	344	424	12	13	80	0.1625000
NODE_9335_length_883_cov_46.780612	397	477	2	4	80	0.0500000
NODE_9335_length_883_cov_46.780612	397	477	3	14	80	0.1750000
NODE_9335_length_883_cov_46.780612	397	477	5	10	80	0.1250000
NODE_9335_length_883_cov_46.780612	397	477	6	24	80	0.3000000
NODE_9335_length_883_cov_46.780612	397	477	8	5	80	0.0625000
NODE_9335_length_883_cov_46.780612	397	477	9	17	80	0.2125000
NODE_9335_length_883_cov_46.780612	397	477	11	4	80	0.0500000
NODE_9335_length_883_cov_46.780612	397	477	12	2	80	0.0250000
NODE_9336_length_883_cov_46.304847	387	467	9	8	80	0.1000000
NODE_9336_length_883_cov_46.304847	387	467	10	17	80	0.2125000
NODE_9336_length_883_cov_46.304847	387	467	11	35	80	0.4375000
NODE_9336_length_883_cov_46.304847	387	467	12	20	80	0.2500000
NODE_9336_length_883_cov_46.304847	440	520	3	2	80	0.0250000
NODE_9336_length_883_cov_46.304847	440	520	4	7	80	0.0875000
NODE_9336_length_883_cov_46.304847	440	520	6	32	80	0.4000000
NODE_9336_length_883_cov_46.304847	440	520	7	1	80	0.0125000
NODE_9336_length_883_cov_46.304847	440	520	9	5	80	0.0625000
NODE_9336_length_883_cov_46.304847	440	520	11	33	80	0.4125000
NODE_9337_length_883_cov_39.579082	410	490	2	68	80	0.8500000
NODE_9337_length_883_cov_39.579082	410	490	4	12	80	0.1500000
NODE_9337_length_883_cov_39.579082	463	543	2	80	80	1.0000000
NODE_9338_length_883_cov_28.307398	379	459	4	4	80	0.0500000
NODE_9338_length_883_cov_28.307398	379	459	6	72	80	0.9000000
NODE_9338_length_883_cov_28.307398	379	459	8	4	80	0.0500000
NODE_9338_length_883_cov_28.307398	432	512	4	38	80	0.4750000
NODE_9338_length_883_cov_28.307398	432	512	6	42	80	0.5250000
NODE_9339_length_883_cov_24.927296	429	509	1	7	80	0.0875000
NODE_9339_length_883_cov_24.927296	429	509	2	34	80	0.4250000
NODE_9339_length_883_cov_24.927296	429	509	3	39	80	0.4875000
NODE_9339_length_883_cov_24.927296	482	562	3	53	80	0.6625000
NODE_9339_length_883_cov_24.927296	482	562	4	27	80	0.3375000
NODE_9341_length_883_cov_17.445153	326	406	0	14	80	0.1750000
NODE_9341_length_883_cov_17.445153	326	406	1	10	80	0.1250000
NODE_9341_length_883_cov_17.445153	326	406	3	56	80	0.7000000
NODE_9341_length_883_cov_17.445153	379	459	3	80	80	1.0000000
NODE_9342_length_883_cov_14.660714	319	395	0	47	76	0.6184211
NODE_9342_length_883_cov_14.660714	319	395	2	29	76	0.3815790
NODE_9342_length_883_cov_14.660714	740	816	0	76	76	1.0000000
NODE_9343_length_883_cov_11.052296	223	303	1	7	80	0.0875000
NODE_9343_length_883_cov_11.052296	223	303	2	73	80	0.9125000
NODE_9343_length_883_cov_11.052296	276	356	1	2	80	0.0250000
NODE_9343_length_883_cov_11.052296	276	356	2	78	80	0.9750000
NODE_9344_length_883_cov_6.873724	0	66	0	16	66	0.2424242
NODE_9344_length_883_cov_6.873724	0	66	3	12	66	0.1818182
NODE_9344_length_883_cov_6.873724	0	66	6	14	66	0.2121212
NODE_9344_length_883_cov_6.873724	0	66	8	24	66	0.3636364
NODE_9345_length_883_cov_3.873724	471	551	0	80	80	1.0000000
NODE_9345_length_883_cov_3.873724	524	604	0	80	80	1.0000000
NODE_9346_length_883_cov_3.247449	294	374	0	80	80	1.0000000
NODE_9346_length_883_cov_3.247449	347	427	0	80	80	1.0000000
NODE_9370_length_882_cov_24.241379	438	518	5	21	80	0.2625000
NODE_9370_length_882_cov_24.241379	438	518	6	13	80	0.1625000
NODE_9370_length_882_cov_24.241379	438	518	7	4	80	0.0500000
NODE_9370_length_882_cov_24.241379	438	518	8	42	80	0.5250000
NODE_9370_length_882_cov_24.241379	491	571	5	2	80	0.0250000
NODE_9370_length_882_cov_24.241379	491	571	6	46	80	0.5750000
NODE_9370_length_882_cov_24.241379	491	571	7	14	80	0.1750000
NODE_9370_length_882_cov_24.241379	491	571	8	18	80	0.2250000
NODE_9371_length_882_cov_23.145594	355	435	2	3	80	0.0375000
NODE_9371_length_882_cov_23.145594	355	435	3	11	80	0.1375000
NODE_9371_length_882_cov_23.145594	355	435	4	1	80	0.0125000
NODE_9371_length_882_cov_23.145594	355	435	5	5	80	0.0625000
NODE_9371_length_882_cov_23.145594	355	435	6	3	80	0.0375000
NODE_9371_length_882_cov_23.145594	355	435	7	57	80	0.7125000
NODE_9371_length_882_cov_23.145594	408	488	5	13	80	0.1625000
NODE_9371_length_882_cov_23.145594	408	488	6	16	80	0.2000000
NODE_9371_length_882_cov_23.145594	408	488	7	51	80	0.6375000
NODE_9372_length_882_cov_21.401022	335	415	2	13	80	0.1625000
NODE_9372_length_882_cov_21.401022	335	415	3	17	80	0.2125000
NODE_9372_length_882_cov_21.401022	335	415	4	2	80	0.0250000
NODE_9372_length_882_cov_21.401022	335	415	5	23	80	0.2875000
NODE_9372_length_882_cov_21.401022	335	415	6	20	80	0.2500000
NODE_9372_length_882_cov_21.401022	335	415	7	5	80	0.0625000
NODE_9372_length_882_cov_21.401022	388	468	5	7	80	0.0875000
NODE_9372_length_882_cov_21.401022	388	468	6	68	80	0.8500000
NODE_9372_length_882_cov_21.401022	388	468	7	5	80	0.0625000
NODE_9373_length_882_cov_19.579821	456	511	3	2	55	0.0363636
NODE_9373_length_882_cov_19.579821	456	511	4	7	55	0.1272727
NODE_9373_length_882_cov_19.579821	456	511	5	17	55	0.3090909
NODE_9373_length_882_cov_19.579821	456	511	7	29	55	0.5272727
NODE_9373_length_882_cov_19.579821	506	586	7	30	80	0.3750000
NODE_9373_length_882_cov_19.579821	506	586	8	50	80	0.6250000
NODE_9373_length_882_cov_19.579821	559	639	1	23	80	0.2875000
NODE_9373_length_882_cov_19.579821	559	639	3	1	80	0.0125000
NODE_9373_length_882_cov_19.579821	559	639	4	7	80	0.0875000
NODE_9373_length_882_cov_19.579821	559	639	5	5	80	0.0625000
NODE_9373_length_882_cov_19.579821	559	639	7	42	80	0.5250000
NODE_9373_length_882_cov_19.579821	559	639	8	2	80	0.0250000
NODE_9374_length_882_cov_19.342273	298	378	2	11	80	0.1375000
NODE_9374_length_882_cov_19.342273	298	378	3	56	80	0.7000000
NODE_9374_length_882_cov_19.342273	298	378	4	5	80	0.0625000
NODE_9374_length_882_cov_19.342273	298	378	5	8	80	0.1000000
NODE_9374_length_882_cov_19.342273	351	431	3	14	80	0.1750000
NODE_9374_length_882_cov_19.342273	351	431	4	5	80	0.0625000
NODE_9374_length_882_cov_19.342273	351	431	5	61	80	0.7625000
NODE_9374_length_882_cov_19.342273	427	508	2	1	81	0.0123457
NODE_9374_length_882_cov_19.342273	427	508	3	71	81	0.8765432
NODE_9374_length_882_cov_19.342273	427	508	4	2	81	0.0246914
NODE_9374_length_882_cov_19.342273	427	508	5	7	81	0.0864198
NODE_9374_length_882_cov_19.342273	481	561	1	40	80	0.5000000
NODE_9374_length_882_cov_19.342273	481	561	2	7	80	0.0875000
NODE_9374_length_882_cov_19.342273	481	561	3	33	80	0.4125000
NODE_9375_length_882_cov_11.873563	267	347	1	11	80	0.1375000
NODE_9375_length_882_cov_11.873563	267	347	2	11	80	0.1375000
NODE_9375_length_882_cov_11.873563	267	347	3	36	80	0.4500000
NODE_9375_length_882_cov_11.873563	267	347	4	22	80	0.2750000
NODE_9375_length_882_cov_11.873563	320	400	3	5	80	0.0625000
NODE_9375_length_882_cov_11.873563	320	400	4	75	80	0.9375000
NODE_9376_length_882_cov_8.794381	430	510	0	80	80	1.0000000
NODE_9376_length_882_cov_8.794381	483	563	0	80	80	1.0000000
NODE_9377_length_882_cov_7.537676	527	608	0	8	81	0.0987654
NODE_9377_length_882_cov_7.537676	527	608	2	30	81	0.3703704
NODE_9377_length_882_cov_7.537676	527	608	3	43	81	0.5308642
NODE_9379_length_882_cov_6.696041	355	435	3	11	80	0.1375000
NODE_9379_length_882_cov_6.696041	355	435	4	4	80	0.0500000
NODE_9379_length_882_cov_6.696041	355	435	6	65	80	0.8125000
NODE_9379_length_882_cov_6.696041	408	488	5	24	80	0.3000000
NODE_9379_length_882_cov_6.696041	408	488	6	51	80	0.6375000
NODE_9379_length_882_cov_6.696041	408	488	7	5	80	0.0625000
NODE_9380_length_882_cov_4.734355	585	665	0	80	80	1.0000000
NODE_9380_length_882_cov_4.734355	638	718	0	80	80	1.0000000
NODE_9398_length_881_cov_32.875959	444	524	8	3	80	0.0375000
NODE_9398_length_881_cov_32.875959	444	524	9	56	80	0.7000000
NODE_9398_length_881_cov_32.875959	444	524	10	13	80	0.1625000
NODE_9398_length_881_cov_32.875959	444	524	11	8	80	0.1000000
NODE_9398_length_881_cov_32.875959	497	577	7	28	80	0.3500000
NODE_9398_length_881_cov_32.875959	497	577	8	6	80	0.0750000
NODE_9398_length_881_cov_32.875959	497	577	9	34	80	0.4250000
NODE_9398_length_881_cov_32.875959	497	577	10	8	80	0.1000000
NODE_9398_length_881_cov_32.875959	497	577	11	4	80	0.0500000
NODE_9399_length_881_cov_25.750639	43	117	2	74	74	1.0000000
NODE_9399_length_881_cov_25.750639	116	193	0	8	77	0.1038961
NODE_9399_length_881_cov_25.750639	116	193	2	69	77	0.8961039
NODE_9400_length_881_cov_23.897698	286	365	8	24	79	0.3037975
NODE_9400_length_881_cov_23.897698	286	365	9	44	79	0.5569620
NODE_9400_length_881_cov_23.897698	286	365	10	11	79	0.1392405
NODE_9400_length_881_cov_23.897698	338	418	2	4	80	0.0500000
NODE_9400_length_881_cov_23.897698	338	418	4	1	80	0.0125000
NODE_9400_length_881_cov_23.897698	338	418	8	29	80	0.3625000
NODE_9400_length_881_cov_23.897698	338	418	9	41	80	0.5125000
NODE_9400_length_881_cov_23.897698	338	418	10	5	80	0.0625000
NODE_9401_length_881_cov_20.656010	359	439	0	64	80	0.8000000
NODE_9401_length_881_cov_20.656010	359	439	2	16	80	0.2000000
NODE_9401_length_881_cov_20.656010	412	492	0	11	80	0.1375000
NODE_9401_length_881_cov_20.656010	412	492	2	69	80	0.8625000
NODE_9402_length_881_cov_20.340153	242	322	5	3	80	0.0375000
NODE_9402_length_881_cov_20.340153	242	322	6	50	80	0.6250000
NODE_9402_length_881_cov_20.340153	242	322	7	27	80	0.3375000
NODE_9402_length_881_cov_20.340153	295	375	1	30	80	0.3750000
NODE_9402_length_881_cov_20.340153	295	375	3	4	80	0.0500000
NODE_9402_length_881_cov_20.340153	295	375	4	14	80	0.1750000
NODE_9402_length_881_cov_20.340153	295	375	5	3	80	0.0375000
NODE_9402_length_881_cov_20.340153	295	375	6	27	80	0.3375000
NODE_9402_length_881_cov_20.340153	295	375	7	2	80	0.0250000
NODE_9403_length_881_cov_18.234015	420	500	2	18	80	0.2250000
NODE_9403_length_881_cov_18.234015	420	500	3	18	80	0.2250000
NODE_9403_length_881_cov_18.234015	420	500	4	44	80	0.5500000
NODE_9403_length_881_cov_18.234015	473	553	2	1	80	0.0125000
NODE_9403_length_881_cov_18.234015	473	553	4	79	80	0.9875000
NODE_9404_length_881_cov_17.748082	291	371	1	44	80	0.5500000
NODE_9404_length_881_cov_17.748082	291	371	2	36	80	0.4500000
NODE_9404_length_881_cov_17.748082	344	424	0	12	80	0.1500000
NODE_9404_length_881_cov_17.748082	344	424	1	68	80	0.8500000
NODE_9405_length_881_cov_12.884910	332	412	0	38	80	0.4750000
NODE_9405_length_881_cov_12.884910	332	412	1	42	80	0.5250000
NODE_9405_length_881_cov_12.884910	385	465	1	80	80	1.0000000
NODE_9406_length_881_cov_6.473146	474	553	0	79	79	1.0000000
NODE_9406_length_881_cov_6.473146	514	594	0	80	80	1.0000000
NODE_9406_length_881_cov_6.473146	526	565	0	39	39	1.0000000
NODE_9406_length_881_cov_6.473146	555	606	0	51	51	1.0000000
NODE_9406_length_881_cov_6.473146	567	647	0	80	80	1.0000000
NODE_9407_length_881_cov_5.615090	547	627	1	5	80	0.0625000
NODE_9407_length_881_cov_5.615090	547	627	2	61	80	0.7625000
NODE_9407_length_881_cov_5.615090	547	627	3	14	80	0.1750000
NODE_9407_length_881_cov_5.615090	600	680	2	80	80	1.0000000
NODE_9424_length_880_cov_26.663252	320	400	3	14	80	0.1750000
NODE_9424_length_880_cov_26.663252	320	400	4	8	80	0.1000000
NODE_9424_length_880_cov_26.663252	320	400	5	15	80	0.1875000
NODE_9424_length_880_cov_26.663252	320	400	6	1	80	0.0125000
NODE_9424_length_880_cov_26.663252	320	400	8	36	80	0.4500000
NODE_9424_length_880_cov_26.663252	320	400	9	6	80	0.0750000
NODE_9424_length_880_cov_26.663252	373	453	3	14	80	0.1750000
NODE_9424_length_880_cov_26.663252	373	453	4	32	80	0.4000000
NODE_9424_length_880_cov_26.663252	373	453	5	23	80	0.2875000
NODE_9424_length_880_cov_26.663252	373	453	6	11	80	0.1375000
NODE_9425_length_880_cov_21.828425	328	408	3	16	80	0.2000000
NODE_9425_length_880_cov_21.828425	328	408	4	20	80	0.2500000
NODE_9425_length_880_cov_21.828425	328	408	5	32	80	0.4000000
NODE_9425_length_880_cov_21.828425	328	408	6	12	80	0.1500000
NODE_9425_length_880_cov_21.828425	381	461	4	4	80	0.0500000
NODE_9425_length_880_cov_21.828425	381	461	5	24	80	0.3000000
NODE_9425_length_880_cov_21.828425	381	461	6	52	80	0.6500000
NODE_9426_length_880_cov_20.245839	427	507	1	11	80	0.1375000
NODE_9426_length_880_cov_20.245839	427	507	2	11	80	0.1375000
NODE_9426_length_880_cov_20.245839	427	507	3	21	80	0.2625000
NODE_9426_length_880_cov_20.245839	427	507	5	37	80	0.4625000
NODE_9426_length_880_cov_20.245839	480	560	5	32	80	0.4000000
NODE_9426_length_880_cov_20.245839	480	560	6	15	80	0.1875000
NODE_9426_length_880_cov_20.245839	480	560	8	33	80	0.4125000
NODE_9427_length_880_cov_19.434059	0	69	0	69	69	1.0000000
NODE_9428_length_880_cov_11.843790	363	430	0	35	67	0.5223880
NODE_9428_length_880_cov_11.843790	363	430	1	17	67	0.2537313
NODE_9428_length_880_cov_11.843790	363	430	2	15	67	0.2238806
NODE_9429_length_880_cov_11.544174	185	265	1	24	80	0.3000000
NODE_9429_length_880_cov_11.544174	185	265	2	41	80	0.5125000
NODE_9429_length_880_cov_11.544174	185	265	3	15	80	0.1875000
NODE_9429_length_880_cov_11.544174	238	318	2	12	80	0.1500000
NODE_9429_length_880_cov_11.544174	238	318	3	47	80	0.5875000
NODE_9429_length_880_cov_11.544174	238	318	4	21	80	0.2625000
NODE_9430_length_880_cov_10.956466	354	434	2	46	80	0.5750000
NODE_9430_length_880_cov_10.956466	354	434	3	34	80	0.4250000
NODE_9430_length_880_cov_10.956466	407	487	2	30	80	0.3750000
NODE_9430_length_880_cov_10.956466	407	487	3	28	80	0.3500000
NODE_9430_length_880_cov_10.956466	407	487	4	22	80	0.2750000
NODE_9431_length_880_cov_10.008963	395	474	2	79	79	1.0000000
NODE_9431_length_880_cov_10.008963	448	527	0	24	79	0.3037975
NODE_9431_length_880_cov_10.008963	448	527	1	18	79	0.2278481
NODE_9431_length_880_cov_10.008963	448	527	2	37	79	0.4683544
NODE_9453_length_879_cov_23.565385	326	406	5	66	80	0.8250000
NODE_9453_length_879_cov_23.565385	326	406	6	14	80	0.1750000
NODE_9453_length_879_cov_23.565385	379	459	3	3	80	0.0375000
NODE_9453_length_879_cov_23.565385	379	459	5	28	80	0.3500000
NODE_9453_length_879_cov_23.565385	379	459	6	23	80	0.2875000
NODE_9453_length_879_cov_23.565385	379	459	7	26	80	0.3250000
NODE_9453_length_879_cov_23.565385	455	535	6	10	80	0.1250000
NODE_9453_length_879_cov_23.565385	455	535	7	32	80	0.4000000
NODE_9453_length_879_cov_23.565385	455	535	8	6	80	0.0750000
NODE_9453_length_879_cov_23.565385	455	535	9	32	80	0.4000000
NODE_9453_length_879_cov_23.565385	508	586	4	3	78	0.0384615
NODE_9453_length_879_cov_23.565385	508	586	5	9	78	0.1153846
NODE_9453_length_879_cov_23.565385	508	586	6	24	78	0.3076923
NODE_9453_length_879_cov_23.565385	508	586	8	14	78	0.1794872
NODE_9453_length_879_cov_23.565385	508	586	9	28	78	0.3589744
NODE_9454_length_879_cov_20.758974	355	439	5	24	84	0.2857143
NODE_9454_length_879_cov_20.758974	355	439	6	10	84	0.1190476
NODE_9454_length_879_cov_20.758974	355	439	8	50	84	0.5952381
NODE_9454_length_879_cov_20.758974	412	492	4	4	80	0.0500000
NODE_9454_length_879_cov_20.758974	412	492	5	58	80	0.7250000
NODE_9454_length_879_cov_20.758974	412	492	6	2	80	0.0250000
NODE_9454_length_879_cov_20.758974	412	492	8	16	80	0.2000000
NODE_9455_length_879_cov_19.685897	295	375	2	53	80	0.6625000
NODE_9455_length_879_cov_19.685897	295	375	3	12	80	0.1500000
NODE_9455_length_879_cov_19.685897	295	375	4	15	80	0.1875000
NODE_9455_length_879_cov_19.685897	348	428	3	35	80	0.4375000
NODE_9455_length_879_cov_19.685897	348	428	4	45	80	0.5625000
NODE_9456_length_879_cov_17.738462	413	488	4	15	75	0.2000000
NODE_9456_length_879_cov_17.738462	413	488	5	60	75	0.8000000
NODE_9456_length_879_cov_17.738462	569	649	1	7	80	0.0875000
NODE_9456_length_879_cov_17.738462	569	649	3	73	80	0.9125000
NODE_9456_length_879_cov_17.738462	569	649	1	7	80	0.0875000
NODE_9456_length_879_cov_17.738462	569	649	3	73	80	0.9125000
NODE_9456_length_879_cov_17.738462	569	649	1	7	80	0.0875000
NODE_9456_length_879_cov_17.738462	569	649	3	73	80	0.9125000
NODE_9456_length_879_cov_17.738462	622	676	1	34	54	0.6296296
NODE_9456_length_879_cov_17.738462	622	676	3	20	54	0.3703704
NODE_9458_length_879_cov_10.756410	335	415	3	14	80	0.1750000
NODE_9458_length_879_cov_10.756410	335	415	4	50	80	0.6250000
NODE_9458_length_879_cov_10.756410	335	415	6	16	80	0.2000000
NODE_9458_length_879_cov_10.756410	388	468	3	10	80	0.1250000
NODE_9458_length_879_cov_10.756410	388	468	4	70	80	0.8750000
NODE_9459_length_879_cov_7.432051	234	314	4	25	80	0.3125000
NODE_9459_length_879_cov_7.432051	234	314	5	40	80	0.5000000
NODE_9459_length_879_cov_7.432051	234	314	6	15	80	0.1875000
NODE_9459_length_879_cov_7.432051	288	367	3	29	79	0.3670886
NODE_9459_length_879_cov_7.432051	288	367	4	9	79	0.1139240
NODE_9459_length_879_cov_7.432051	288	367	5	39	79	0.4936709
NODE_9459_length_879_cov_7.432051	288	367	6	2	79	0.0253165
NODE_9473_length_878_cov_230.436457	415	495	22	5	80	0.0625000
NODE_9473_length_878_cov_230.436457	415	495	23	2	80	0.0250000
NODE_9473_length_878_cov_230.436457	415	495	25	1	80	0.0125000
NODE_9473_length_878_cov_230.436457	415	495	27	3	80	0.0375000
NODE_9473_length_878_cov_230.436457	415	495	30	8	80	0.1000000
NODE_9473_length_878_cov_230.436457	415	495	32	3	80	0.0375000
NODE_9473_length_878_cov_230.436457	415	495	33	5	80	0.0625000
NODE_9473_length_878_cov_230.436457	415	495	35	1	80	0.0125000
NODE_9473_length_878_cov_230.436457	415	495	37	1	80	0.0125000
NODE_9473_length_878_cov_230.436457	415	495	38	2	80	0.0250000
NODE_9473_length_878_cov_230.436457	415	495	40	5	80	0.0625000
NODE_9473_length_878_cov_230.436457	415	495	41	4	80	0.0500000
NODE_9473_length_878_cov_230.436457	415	495	45	3	80	0.0375000
NODE_9473_length_878_cov_230.436457	415	495	46	3	80	0.0375000
NODE_9473_length_878_cov_230.436457	415	495	48	9	80	0.1125000
NODE_9473_length_878_cov_230.436457	415	495	49	9	80	0.1125000
NODE_9473_length_878_cov_230.436457	415	495	50	3	80	0.0375000
NODE_9473_length_878_cov_230.436457	415	495	51	13	80	0.1625000
NODE_9473_length_878_cov_230.436457	468	548	36	1	80	0.0125000
NODE_9473_length_878_cov_230.436457	468	548	38	1	80	0.0125000
NODE_9473_length_878_cov_230.436457	468	548	40	1	80	0.0125000
NODE_9473_length_878_cov_230.436457	468	548	42	4	80	0.0500000
NODE_9473_length_878_cov_230.436457	468	548	43	11	80	0.1375000
NODE_9473_length_878_cov_230.436457	468	548	45	1	80	0.0125000
NODE_9473_length_878_cov_230.436457	468	548	46	18	80	0.2250000
NODE_9473_length_878_cov_230.436457	468	548	47	8	80	0.1000000
NODE_9473_length_878_cov_230.436457	468	548	48	7	80	0.0875000
NODE_9473_length_878_cov_230.436457	468	548	49	9	80	0.1125000
NODE_9473_length_878_cov_230.436457	468	548	50	2	80	0.0250000
NODE_9473_length_878_cov_230.436457	468	548	51	17	80	0.2125000
NODE_9474_length_878_cov_49.514763	410	490	8	26	80	0.3250000
NODE_9474_length_878_cov_49.514763	410	490	9	17	80	0.2125000
NODE_9474_length_878_cov_49.514763	410	490	10	7	80	0.0875000
NODE_9474_length_878_cov_49.514763	410	490	11	3	80	0.0375000
NODE_9474_length_878_cov_49.514763	410	490	12	23	80	0.2875000
NODE_9474_length_878_cov_49.514763	410	490	13	4	80	0.0500000
NODE_9474_length_878_cov_49.514763	463	543	7	12	80	0.1500000
NODE_9474_length_878_cov_49.514763	463	543	9	3	80	0.0375000
NODE_9474_length_878_cov_49.514763	463	543	10	23	80	0.2875000
NODE_9474_length_878_cov_49.514763	463	543	11	4	80	0.0500000
NODE_9474_length_878_cov_49.514763	463	543	12	27	80	0.3375000
NODE_9474_length_878_cov_49.514763	463	543	13	11	80	0.1375000
NODE_9475_length_878_cov_38.862644	365	445	8	6	80	0.0750000
NODE_9475_length_878_cov_38.862644	365	445	9	7	80	0.0875000
NODE_9475_length_878_cov_38.862644	365	445	10	29	80	0.3625000
NODE_9475_length_878_cov_38.862644	365	445	11	38	80	0.4750000
NODE_9475_length_878_cov_38.862644	418	498	4	7	80	0.0875000
NODE_9475_length_878_cov_38.862644	418	498	5	12	80	0.1500000
NODE_9475_length_878_cov_38.862644	418	498	6	16	80	0.2000000
NODE_9475_length_878_cov_38.862644	418	498	7	6	80	0.0750000
NODE_9475_length_878_cov_38.862644	418	498	9	6	80	0.0750000
NODE_9475_length_878_cov_38.862644	418	498	11	33	80	0.4125000
NODE_9476_length_878_cov_36.517330	346	426	2	60	80	0.7500000
NODE_9476_length_878_cov_36.517330	346	426	3	20	80	0.2500000
NODE_9476_length_878_cov_36.517330	399	479	1	47	80	0.5875000
NODE_9476_length_878_cov_36.517330	399	479	2	7	80	0.0875000
NODE_9476_length_878_cov_36.517330	399	479	3	26	80	0.3250000
NODE_9476_length_878_cov_36.517330	475	555	1	80	80	1.0000000
NODE_9476_length_878_cov_36.517330	528	608	0	52	80	0.6500000
NODE_9476_length_878_cov_36.517330	528	608	1	28	80	0.3500000
NODE_9477_length_878_cov_34.404365	627	707	8	26	80	0.3250000
NODE_9477_length_878_cov_34.404365	627	707	9	32	80	0.4000000
NODE_9477_length_878_cov_34.404365	627	707	10	22	80	0.2750000
NODE_9477_length_878_cov_34.404365	627	695	8	14	68	0.2058824
NODE_9477_length_878_cov_34.404365	627	695	9	32	68	0.4705882
NODE_9477_length_878_cov_34.404365	627	695	10	22	68	0.3235294
NODE_9477_length_878_cov_34.404365	680	760	5	2	80	0.0250000
NODE_9477_length_878_cov_34.404365	680	760	6	10	80	0.1250000
NODE_9477_length_878_cov_34.404365	680	760	7	1	80	0.0125000
NODE_9477_length_878_cov_34.404365	680	760	8	19	80	0.2375000
NODE_9477_length_878_cov_34.404365	680	760	9	10	80	0.1250000
NODE_9477_length_878_cov_34.404365	680	760	12	1	80	0.0125000
NODE_9477_length_878_cov_34.404365	680	760	14	14	80	0.1750000
NODE_9477_length_878_cov_34.404365	680	760	15	10	80	0.1250000
NODE_9477_length_878_cov_34.404365	680	760	16	2	80	0.0250000
NODE_9477_length_878_cov_34.404365	680	760	17	11	80	0.1375000
NODE_9478_length_878_cov_28.761232	467	547	0	8	80	0.1000000
NODE_9478_length_878_cov_28.761232	467	547	2	10	80	0.1250000
NODE_9478_length_878_cov_28.761232	467	547	4	17	80	0.2125000
NODE_9478_length_878_cov_28.761232	467	547	6	12	80	0.1500000
NODE_9478_length_878_cov_28.761232	467	547	8	33	80	0.4125000
NODE_9478_length_878_cov_28.761232	520	600	7	18	80	0.2250000
NODE_9478_length_878_cov_28.761232	520	600	8	37	80	0.4625000
NODE_9478_length_878_cov_28.761232	520	600	9	25	80	0.3125000
NODE_9479_length_878_cov_24.899872	316	396	0	24	80	0.3000000
NODE_9479_length_878_cov_24.899872	316	396	2	23	80	0.2875000
NODE_9479_length_878_cov_24.899872	316	396	4	33	80	0.4125000
NODE_9479_length_878_cov_24.899872	369	449	4	80	80	1.0000000
NODE_9479_length_878_cov_24.899872	445	525	2	20	80	0.2500000
NODE_9479_length_878_cov_24.899872	445	525	4	46	80	0.5750000
NODE_9479_length_878_cov_24.899872	445	525	6	14	80	0.1750000
NODE_9479_length_878_cov_24.899872	498	578	2	34	80	0.4250000
NODE_9479_length_878_cov_24.899872	498	578	4	46	80	0.5750000
NODE_9480_length_878_cov_21.446727	377	457	7	25	80	0.3125000
NODE_9480_length_878_cov_21.446727	377	457	8	55	80	0.6875000
NODE_9480_length_878_cov_21.446727	430	510	2	26	80	0.3250000
NODE_9480_length_878_cov_21.446727	430	510	5	23	80	0.2875000
NODE_9480_length_878_cov_21.446727	430	510	7	6	80	0.0750000
NODE_9480_length_878_cov_21.446727	430	510	8	25	80	0.3125000
NODE_9481_length_878_cov_20.553273	424	504	1	80	80	1.0000000
NODE_9481_length_878_cov_20.553273	477	557	0	14	80	0.1750000
NODE_9481_length_878_cov_20.553273	477	557	1	66	80	0.8250000
NODE_9482_length_878_cov_14.016688	214	294	3	72	80	0.9000000
NODE_9482_length_878_cov_14.016688	214	294	4	8	80	0.1000000
NODE_9482_length_878_cov_14.016688	267	347	0	20	80	0.2500000
NODE_9482_length_878_cov_14.016688	267	347	1	5	80	0.0625000
NODE_9482_length_878_cov_14.016688	267	347	2	24	80	0.3000000
NODE_9482_length_878_cov_14.016688	267	347	3	31	80	0.3875000
NODE_9483_length_878_cov_9.252888	423	503	1	28	80	0.3500000
NODE_9483_length_878_cov_9.252888	423	503	2	9	80	0.1125000
NODE_9483_length_878_cov_9.252888	423	503	3	43	80	0.5375000
NODE_9483_length_878_cov_9.252888	476	556	2	10	80	0.1250000
NODE_9483_length_878_cov_9.252888	476	556	3	70	80	0.8750000
NODE_9484_length_878_cov_8.695764	333	413	0	80	80	1.0000000
NODE_9484_length_878_cov_8.695764	386	466	0	80	80	1.0000000
NODE_9485_length_878_cov_6.686778	65	145	0	80	80	1.0000000
NODE_9485_length_878_cov_6.686778	118	198	0	80	80	1.0000000
NODE_9487_length_878_cov_6.328626	426	506	0	28	80	0.3500000
NODE_9487_length_878_cov_6.328626	426	506	1	28	80	0.3500000
NODE_9487_length_878_cov_6.328626	426	506	3	4	80	0.0500000
NODE_9487_length_878_cov_6.328626	426	506	4	20	80	0.2500000
NODE_9487_length_878_cov_6.328626	479	559	1	3	80	0.0375000
NODE_9487_length_878_cov_6.328626	479	559	3	4	80	0.0500000
NODE_9487_length_878_cov_6.328626	479	559	4	73	80	0.9125000
NODE_9488_length_878_cov_5.771502	470	513	0	43	43	1.0000000
NODE_9490_length_878_cov_2.672657	499	579	2	6	80	0.0750000
NODE_9490_length_878_cov_2.672657	499	579	3	8	80	0.1000000
NODE_9490_length_878_cov_2.672657	499	579	4	27	80	0.3375000
NODE_9490_length_878_cov_2.672657	499	579	5	15	80	0.1875000
NODE_9490_length_878_cov_2.672657	499	579	6	1	80	0.0125000
NODE_9490_length_878_cov_2.672657	499	579	8	23	80	0.2875000
NODE_9490_length_878_cov_2.672657	552	631	5	3	79	0.0379747
NODE_9490_length_878_cov_2.672657	552	631	6	1	79	0.0126582
NODE_9490_length_878_cov_2.672657	552	631	8	75	79	0.9493671
NODE_9507_length_877_cov_59.021851	324	404	1	17	80	0.2125000
NODE_9507_length_877_cov_59.021851	324	404	2	63	80	0.7875000
NODE_9507_length_877_cov_59.021851	377	457	0	4	80	0.0500000
NODE_9507_length_877_cov_59.021851	377	457	1	66	80	0.8250000
NODE_9507_length_877_cov_59.021851	377	457	2	10	80	0.1250000
NODE_9508_length_877_cov_54.422879	418	498	5	47	80	0.5875000
NODE_9508_length_877_cov_54.422879	418	498	7	33	80	0.4125000
NODE_9508_length_877_cov_54.422879	471	551	3	41	80	0.5125000
NODE_9508_length_877_cov_54.422879	471	551	5	39	80	0.4875000
NODE_9509_length_877_cov_47.672237	451	527	0	1	76	0.0131579
NODE_9509_length_877_cov_47.672237	451	527	2	75	76	0.9868421
NODE_9509_length_877_cov_47.672237	500	580	0	54	80	0.6750000
NODE_9509_length_877_cov_47.672237	500	580	2	26	80	0.3250000
NODE_9510_length_877_cov_29.884319	349	429	8	55	80	0.6875000
NODE_9510_length_877_cov_29.884319	349	429	9	25	80	0.3125000
NODE_9510_length_877_cov_29.884319	402	482	4	21	80	0.2625000
NODE_9510_length_877_cov_29.884319	402	482	5	22	80	0.2750000
NODE_9510_length_877_cov_29.884319	402	482	7	8	80	0.1000000
NODE_9510_length_877_cov_29.884319	402	482	8	29	80	0.3625000
NODE_9511_length_877_cov_17.681234	423	503	0	23	80	0.2875000
NODE_9511_length_877_cov_17.681234	423	503	1	57	80	0.7125000
NODE_9511_length_877_cov_17.681234	476	556	1	47	80	0.5875000
NODE_9511_length_877_cov_17.681234	476	556	2	7	80	0.0875000
NODE_9511_length_877_cov_17.681234	476	556	3	14	80	0.1750000
NODE_9511_length_877_cov_17.681234	476	556	4	12	80	0.1500000
NODE_9512_length_877_cov_17.520566	228	308	2	36	80	0.4500000
NODE_9512_length_877_cov_17.520566	228	308	5	44	80	0.5500000
NODE_9512_length_877_cov_17.520566	281	361	4	51	80	0.6375000
NODE_9512_length_877_cov_17.520566	281	361	5	29	80	0.3625000
NODE_9513_length_877_cov_17.374036	362	442	1	2	80	0.0250000
NODE_9513_length_877_cov_17.374036	362	442	3	13	80	0.1625000
NODE_9513_length_877_cov_17.374036	362	442	5	3	80	0.0375000
NODE_9513_length_877_cov_17.374036	362	442	6	49	80	0.6125000
NODE_9513_length_877_cov_17.374036	362	442	8	13	80	0.1625000
NODE_9513_length_877_cov_17.374036	415	495	5	2	80	0.0250000
NODE_9513_length_877_cov_17.374036	415	495	6	14	80	0.1750000
NODE_9513_length_877_cov_17.374036	415	495	7	13	80	0.1625000
NODE_9513_length_877_cov_17.374036	415	495	8	51	80	0.6375000
NODE_9515_length_877_cov_9.320051	395	475	3	63	80	0.7875000
NODE_9515_length_877_cov_9.320051	395	475	4	17	80	0.2125000
NODE_9515_length_877_cov_9.320051	448	528	0	25	80	0.3125000
NODE_9515_length_877_cov_9.320051	448	528	1	28	80	0.3500000
NODE_9515_length_877_cov_9.320051	448	528	3	27	80	0.3375000
NODE_9517_length_877_cov_6.755784	222	302	2	80	80	1.0000000
NODE_9517_length_877_cov_6.755784	275	354	1	25	79	0.3164557
NODE_9517_length_877_cov_6.755784	275	354	2	54	79	0.6835443
NODE_9537_length_876_cov_46.021879	389	469	5	12	80	0.1500000
NODE_9537_length_876_cov_46.021879	389	469	6	39	80	0.4875000
NODE_9537_length_876_cov_46.021879	389	469	7	29	80	0.3625000
NODE_9537_length_876_cov_46.021879	442	522	3	30	80	0.3750000
NODE_9537_length_876_cov_46.021879	442	522	4	5	80	0.0625000
NODE_9537_length_876_cov_46.021879	442	522	6	21	80	0.2625000
NODE_9537_length_876_cov_46.021879	442	522	7	24	80	0.3000000
NODE_9538_length_876_cov_34.441441	379	459	5	52	80	0.6500000
NODE_9538_length_876_cov_34.441441	379	459	6	28	80	0.3500000
NODE_9538_length_876_cov_34.441441	432	512	2	18	80	0.2250000
NODE_9538_length_876_cov_34.441441	432	512	3	1	80	0.0125000
NODE_9538_length_876_cov_34.441441	432	512	4	4	80	0.0500000
NODE_9538_length_876_cov_34.441441	432	512	6	51	80	0.6375000
NODE_9538_length_876_cov_34.441441	432	512	7	6	80	0.0750000
NODE_9539_length_876_cov_30.742600	344	424	0	51	80	0.6375000
NODE_9539_length_876_cov_30.742600	344	424	1	29	80	0.3625000
NODE_9539_length_876_cov_30.742600	397	477	1	80	80	1.0000000
NODE_9540_length_876_cov_28.476190	345	425	9	4	80	0.0500000
NODE_9540_length_876_cov_28.476190	345	425	11	7	80	0.0875000
NODE_9540_length_876_cov_28.476190	345	425	12	44	80	0.5500000
NODE_9540_length_876_cov_28.476190	345	425	13	14	80	0.1750000
NODE_9540_length_876_cov_28.476190	345	425	14	7	80	0.0875000
NODE_9540_length_876_cov_28.476190	345	425	15	4	80	0.0500000
NODE_9540_length_876_cov_28.476190	398	478	8	3	80	0.0375000
NODE_9540_length_876_cov_28.476190	398	478	10	5	80	0.0625000
NODE_9540_length_876_cov_28.476190	398	478	11	12	80	0.1500000
NODE_9540_length_876_cov_28.476190	398	478	12	14	80	0.1750000
NODE_9540_length_876_cov_28.476190	398	478	13	26	80	0.3250000
NODE_9540_length_876_cov_28.476190	398	478	14	16	80	0.2000000
NODE_9540_length_876_cov_28.476190	398	478	15	4	80	0.0500000
NODE_9541_length_876_cov_22.722008	324	404	0	80	80	1.0000000
NODE_9541_length_876_cov_22.722008	377	457	0	27	80	0.3375000
NODE_9541_length_876_cov_22.722008	377	457	1	53	80	0.6625000
NODE_9542_length_876_cov_17.458172	367	447	2	80	80	1.0000000
NODE_9542_length_876_cov_17.458172	420	500	1	8	80	0.1000000
NODE_9542_length_876_cov_17.458172	420	500	2	72	80	0.9000000
NODE_9561_length_875_cov_52.965206	190	270	0	52	80	0.6500000
NODE_9561_length_875_cov_52.965206	190	270	1	28	80	0.3500000
NODE_9561_length_875_cov_52.965206	243	323	1	62	80	0.7750000
NODE_9561_length_875_cov_52.965206	243	323	2	18	80	0.2250000
NODE_9561_length_875_cov_52.965206	319	399	2	9	80	0.1125000
NODE_9561_length_875_cov_52.965206	319	399	3	1	80	0.0125000
NODE_9561_length_875_cov_52.965206	319	399	5	8	80	0.1000000
NODE_9561_length_875_cov_52.965206	319	399	6	34	80	0.4250000
NODE_9561_length_875_cov_52.965206	319	399	7	18	80	0.2250000
NODE_9561_length_875_cov_52.965206	319	399	8	10	80	0.1250000
NODE_9561_length_875_cov_52.965206	372	447	7	55	75	0.7333333
NODE_9561_length_875_cov_52.965206	372	447	8	20	75	0.2666667
NODE_9562_length_875_cov_35.634021	260	340	7	19	80	0.2375000
NODE_9562_length_875_cov_35.634021	260	340	8	23	80	0.2875000
NODE_9562_length_875_cov_35.634021	260	340	9	38	80	0.4750000
NODE_9562_length_875_cov_35.634021	313	393	8	9	80	0.1125000
NODE_9562_length_875_cov_35.634021	313	393	9	20	80	0.2500000
NODE_9562_length_875_cov_35.634021	313	393	10	29	80	0.3625000
NODE_9562_length_875_cov_35.634021	313	393	12	18	80	0.2250000
NODE_9562_length_875_cov_35.634021	313	393	13	4	80	0.0500000
NODE_9562_length_875_cov_35.634021	389	469	10	22	80	0.2750000
NODE_9562_length_875_cov_35.634021	389	469	11	9	80	0.1125000
NODE_9562_length_875_cov_35.634021	389	469	12	48	80	0.6000000
NODE_9562_length_875_cov_35.634021	389	469	13	1	80	0.0125000
NODE_9562_length_875_cov_35.634021	442	522	7	4	80	0.0500000
NODE_9562_length_875_cov_35.634021	442	522	9	7	80	0.0875000
NODE_9562_length_875_cov_35.634021	442	522	10	16	80	0.2000000
NODE_9562_length_875_cov_35.634021	442	522	12	37	80	0.4625000
NODE_9562_length_875_cov_35.634021	442	522	13	13	80	0.1625000
NODE_9562_length_875_cov_35.634021	442	522	14	3	80	0.0375000
NODE_9563_length_875_cov_33.771907	363	441	0	19	78	0.2435897
NODE_9563_length_875_cov_33.771907	363	441	1	4	78	0.0512821
NODE_9563_length_875_cov_33.771907	363	441	3	10	78	0.1282051
NODE_9563_length_875_cov_33.771907	363	441	4	15	78	0.1923077
NODE_9563_length_875_cov_33.771907	363	441	5	30	78	0.3846154
NODE_9563_length_875_cov_33.771907	414	494	5	80	80	1.0000000
NODE_9564_length_875_cov_29.698454	322	402	4	10	80	0.1250000
NODE_9564_length_875_cov_29.698454	322	402	5	21	80	0.2625000
NODE_9564_length_875_cov_29.698454	322	402	6	15	80	0.1875000
NODE_9564_length_875_cov_29.698454	322	402	7	1	80	0.0125000
NODE_9564_length_875_cov_29.698454	322	402	9	20	80	0.2500000
NODE_9564_length_875_cov_29.698454	322	402	11	7	80	0.0875000
NODE_9564_length_875_cov_29.698454	322	402	12	6	80	0.0750000
NODE_9564_length_875_cov_29.698454	375	455	9	20	80	0.2500000
NODE_9564_length_875_cov_29.698454	375	455	10	11	80	0.1375000
NODE_9564_length_875_cov_29.698454	375	455	11	7	80	0.0875000
NODE_9564_length_875_cov_29.698454	375	455	12	42	80	0.5250000
NODE_9565_length_875_cov_23.041237	364	444	4	14	80	0.1750000
NODE_9565_length_875_cov_23.041237	364	444	6	9	80	0.1125000
NODE_9565_length_875_cov_23.041237	364	444	7	13	80	0.1625000
NODE_9565_length_875_cov_23.041237	364	444	9	44	80	0.5500000
NODE_9565_length_875_cov_23.041237	417	497	8	1	80	0.0125000
NODE_9565_length_875_cov_23.041237	417	497	9	57	80	0.7125000
NODE_9565_length_875_cov_23.041237	417	497	10	13	80	0.1625000
NODE_9565_length_875_cov_23.041237	417	497	11	9	80	0.1125000
NODE_9565_length_875_cov_23.041237	493	573	3	6	80	0.0750000
NODE_9565_length_875_cov_23.041237	493	573	4	19	80	0.2375000
NODE_9565_length_875_cov_23.041237	493	573	5	16	80	0.2000000
NODE_9565_length_875_cov_23.041237	493	573	6	18	80	0.2250000
NODE_9565_length_875_cov_23.041237	493	573	7	14	80	0.1750000
NODE_9565_length_875_cov_23.041237	493	573	9	7	80	0.0875000
NODE_9565_length_875_cov_23.041237	546	626	3	20	80	0.2500000
NODE_9565_length_875_cov_23.041237	546	626	5	17	80	0.2125000
NODE_9565_length_875_cov_23.041237	546	626	6	43	80	0.5375000
NODE_9566_length_875_cov_9.800258	242	322	0	69	80	0.8625000
NODE_9566_length_875_cov_9.800258	242	322	1	11	80	0.1375000
NODE_9566_length_875_cov_9.800258	295	376	0	16	81	0.1975309
NODE_9566_length_875_cov_9.800258	295	376	1	51	81	0.6296296
NODE_9566_length_875_cov_9.800258	295	376	2	14	81	0.1728395
NODE_9567_length_875_cov_8.195876	407	487	0	4	80	0.0500000
NODE_9567_length_875_cov_8.195876	407	487	1	76	80	0.9500000
NODE_9567_length_875_cov_8.195876	460	540	1	80	80	1.0000000
NODE_9585_length_874_cov_48.925161	185	265	5	22	80	0.2750000
NODE_9585_length_874_cov_48.925161	185	265	6	4	80	0.0500000
NODE_9585_length_874_cov_48.925161	185	265	8	22	80	0.2750000
NODE_9585_length_874_cov_48.925161	185	265	9	24	80	0.3000000
NODE_9585_length_874_cov_48.925161	185	265	10	8	80	0.1000000
NODE_9585_length_874_cov_48.925161	238	318	7	43	80	0.5375000
NODE_9585_length_874_cov_48.925161	238	318	8	28	80	0.3500000
NODE_9585_length_874_cov_48.925161	238	318	9	9	80	0.1125000
NODE_9587_length_874_cov_37.354839	199	279	0	42	80	0.5250000
NODE_9587_length_874_cov_37.354839	199	279	1	38	80	0.4750000
NODE_9587_length_874_cov_37.354839	252	332	1	41	80	0.5125000
NODE_9587_length_874_cov_37.354839	252	332	3	7	80	0.0875000
NODE_9587_length_874_cov_37.354839	252	332	4	32	80	0.4000000
NODE_9588_length_874_cov_35.040000	231	311	6	18	80	0.2250000
NODE_9588_length_874_cov_35.040000	231	311	7	11	80	0.1375000
NODE_9588_length_874_cov_35.040000	231	311	8	51	80	0.6375000
NODE_9588_length_874_cov_35.040000	284	364	0	6	80	0.0750000
NODE_9588_length_874_cov_35.040000	284	364	2	22	80	0.2750000
NODE_9588_length_874_cov_35.040000	284	364	3	17	80	0.2125000
NODE_9588_length_874_cov_35.040000	284	364	4	2	80	0.0250000
NODE_9588_length_874_cov_35.040000	284	364	8	33	80	0.4125000
NODE_9589_length_874_cov_23.415484	327	407	1	16	80	0.2000000
NODE_9589_length_874_cov_23.415484	327	407	2	64	80	0.8000000
NODE_9589_length_874_cov_23.415484	380	460	1	13	80	0.1625000
NODE_9589_length_874_cov_23.415484	380	460	2	25	80	0.3125000
NODE_9589_length_874_cov_23.415484	380	460	3	6	80	0.0750000
NODE_9589_length_874_cov_23.415484	380	460	5	36	80	0.4500000
NODE_9589_length_874_cov_23.415484	456	536	4	56	80	0.7000000
NODE_9589_length_874_cov_23.415484	456	536	5	24	80	0.3000000
NODE_9589_length_874_cov_23.415484	509	589	0	21	80	0.2625000
NODE_9589_length_874_cov_23.415484	509	589	1	15	80	0.1875000
NODE_9589_length_874_cov_23.415484	509	589	2	10	80	0.1250000
NODE_9589_length_874_cov_23.415484	509	589	4	34	80	0.4250000
NODE_9590_length_874_cov_21.885161	279	359	2	8	80	0.1000000
NODE_9590_length_874_cov_21.885161	279	359	4	22	80	0.2750000
NODE_9590_length_874_cov_21.885161	279	359	5	14	80	0.1750000
NODE_9590_length_874_cov_21.885161	279	359	6	36	80	0.4500000
NODE_9590_length_874_cov_21.885161	332	412	4	3	80	0.0375000
NODE_9590_length_874_cov_21.885161	332	412	5	1	80	0.0125000
NODE_9590_length_874_cov_21.885161	332	412	6	52	80	0.6500000
NODE_9590_length_874_cov_21.885161	332	412	7	24	80	0.3000000
NODE_9591_length_874_cov_11.172903	67	147	3	19	80	0.2375000
NODE_9591_length_874_cov_11.172903	67	147	4	9	80	0.1125000
NODE_9591_length_874_cov_11.172903	67	147	5	22	80	0.2750000
NODE_9591_length_874_cov_11.172903	67	147	6	30	80	0.3750000
NODE_9591_length_874_cov_11.172903	120	200	3	5	80	0.0625000
NODE_9591_length_874_cov_11.172903	120	200	4	15	80	0.1875000
NODE_9591_length_874_cov_11.172903	120	200	5	4	80	0.0500000
NODE_9591_length_874_cov_11.172903	120	200	6	56	80	0.7000000
NODE_9592_length_874_cov_9.645161	424	504	0	80	80	1.0000000
NODE_9592_length_874_cov_9.645161	477	557	0	80	80	1.0000000
NODE_9593_length_874_cov_8.637419	359	439	5	35	80	0.4375000
NODE_9593_length_874_cov_8.637419	359	439	6	22	80	0.2750000
NODE_9593_length_874_cov_8.637419	359	439	7	23	80	0.2875000
NODE_9593_length_874_cov_8.637419	412	499	2	24	87	0.2758621
NODE_9593_length_874_cov_8.637419	412	499	4	19	87	0.2183908
NODE_9593_length_874_cov_8.637419	412	499	5	6	87	0.0689655
NODE_9593_length_874_cov_8.637419	412	499	6	33	87	0.3793103
NODE_9593_length_874_cov_8.637419	412	499	7	5	87	0.0574713
NODE_9596_length_874_cov_4.785806	829	874	0	45	45	1.0000000
NODE_9618_length_873_cov_100.625323	50	130	4	80	80	1.0000000
NODE_9619_length_873_cov_45.633075	226	306	7	6	80	0.0750000
NODE_9619_length_873_cov_45.633075	226	306	8	74	80	0.9250000
NODE_9619_length_873_cov_45.633075	279	359	3	2	80	0.0250000
NODE_9619_length_873_cov_45.633075	279	359	4	8	80	0.1000000
NODE_9619_length_873_cov_45.633075	279	359	5	21	80	0.2625000
NODE_9619_length_873_cov_45.633075	279	359	6	5	80	0.0625000
NODE_9619_length_873_cov_45.633075	279	359	7	6	80	0.0750000
NODE_9619_length_873_cov_45.633075	279	359	8	34	80	0.4250000
NODE_9619_length_873_cov_45.633075	279	359	9	4	80	0.0500000
NODE_9619_length_873_cov_45.633075	693	773	13	45	80	0.5625000
NODE_9619_length_873_cov_45.633075	693	773	14	31	80	0.3875000
NODE_9619_length_873_cov_45.633075	693	773	15	4	80	0.0500000
NODE_9619_length_873_cov_45.633075	746	826	10	7	80	0.0875000
NODE_9619_length_873_cov_45.633075	746	826	11	27	80	0.3375000
NODE_9619_length_873_cov_45.633075	746	826	13	34	80	0.4250000
NODE_9619_length_873_cov_45.633075	746	826	14	12	80	0.1500000
NODE_9620_length_873_cov_39.224806	190	270	0	80	80	1.0000000
NODE_9620_length_873_cov_39.224806	243	307	0	64	64	1.0000000
NODE_9620_length_873_cov_39.224806	390	470	3	1	80	0.0125000
NODE_9620_length_873_cov_39.224806	390	470	4	33	80	0.4125000
NODE_9620_length_873_cov_39.224806	390	470	6	46	80	0.5750000
NODE_9620_length_873_cov_39.224806	443	523	3	10	80	0.1250000
NODE_9620_length_873_cov_39.224806	443	523	4	1	80	0.0125000
NODE_9620_length_873_cov_39.224806	443	523	5	18	80	0.2250000
NODE_9620_length_873_cov_39.224806	443	523	6	51	80	0.6375000
NODE_9620_length_873_cov_39.224806	504	523	3	10	19	0.5263158
NODE_9620_length_873_cov_39.224806	504	523	4	1	19	0.0526316
NODE_9620_length_873_cov_39.224806	504	523	5	8	19	0.4210526
NODE_9620_length_873_cov_39.224806	519	599	0	25	80	0.3125000
NODE_9620_length_873_cov_39.224806	519	599	2	33	80	0.4125000
NODE_9620_length_873_cov_39.224806	519	599	3	22	80	0.2750000
NODE_9620_length_873_cov_39.224806	572	652	0	78	80	0.9750000
NODE_9620_length_873_cov_39.224806	572	652	2	2	80	0.0250000
NODE_9621_length_873_cov_27.992248	372	452	0	9	80	0.1125000
NODE_9621_length_873_cov_27.992248	372	452	1	60	80	0.7500000
NODE_9621_length_873_cov_27.992248	372	452	2	6	80	0.0750000
NODE_9621_length_873_cov_27.992248	372	452	3	5	80	0.0625000
NODE_9621_length_873_cov_27.992248	425	505	1	16	80	0.2000000
NODE_9621_length_873_cov_27.992248	425	505	2	6	80	0.0750000
NODE_9621_length_873_cov_27.992248	425	505	3	58	80	0.7250000
NODE_9622_length_873_cov_23.270026	390	470	1	31	80	0.3875000
NODE_9622_length_873_cov_23.270026	390	470	2	49	80	0.6125000
NODE_9622_length_873_cov_23.270026	443	528	0	33	85	0.3882353
NODE_9622_length_873_cov_23.270026	443	528	1	52	85	0.6117647
NODE_9623_length_873_cov_23.197674	293	373	2	80	80	1.0000000
NODE_9623_length_873_cov_23.197674	346	426	0	47	80	0.5875000
NODE_9623_length_873_cov_23.197674	346	426	2	33	80	0.4125000
NODE_9624_length_873_cov_20.432817	347	427	2	12	80	0.1500000
NODE_9624_length_873_cov_20.432817	347	427	3	1	80	0.0125000
NODE_9624_length_873_cov_20.432817	347	427	4	67	80	0.8375000
NODE_9624_length_873_cov_20.432817	400	480	4	31	80	0.3875000
NODE_9624_length_873_cov_20.432817	400	480	5	28	80	0.3500000
NODE_9624_length_873_cov_20.432817	400	480	6	21	80	0.2625000
NODE_9624_length_873_cov_20.432817	476	556	4	47	80	0.5875000
NODE_9624_length_873_cov_20.432817	476	556	5	33	80	0.4125000
NODE_9624_length_873_cov_20.432817	529	609	0	9	80	0.1125000
NODE_9624_length_873_cov_20.432817	529	609	1	22	80	0.2750000
NODE_9624_length_873_cov_20.432817	529	609	2	18	80	0.2250000
NODE_9624_length_873_cov_20.432817	529	609	4	31	80	0.3875000
NODE_9625_length_873_cov_19.913437	445	525	5	71	80	0.8875000
NODE_9625_length_873_cov_19.913437	445	525	6	9	80	0.1125000
NODE_9625_length_873_cov_19.913437	498	578	1	26	80	0.3250000
NODE_9625_length_873_cov_19.913437	498	578	2	15	80	0.1875000
NODE_9625_length_873_cov_19.913437	498	578	3	1	80	0.0125000
NODE_9625_length_873_cov_19.913437	498	578	4	9	80	0.1125000
NODE_9625_length_873_cov_19.913437	498	578	5	29	80	0.3625000
NODE_9626_length_873_cov_16.718346	276	356	2	25	80	0.3125000
NODE_9626_length_873_cov_16.718346	276	356	4	37	80	0.4625000
NODE_9626_length_873_cov_16.718346	276	356	6	18	80	0.2250000
NODE_9626_length_873_cov_16.718346	329	409	4	13	80	0.1625000
NODE_9626_length_873_cov_16.718346	329	409	6	67	80	0.8375000
NODE_9627_length_873_cov_16.422481	423	503	0	12	80	0.1500000
NODE_9627_length_873_cov_16.422481	423	503	1	68	80	0.8500000
NODE_9627_length_873_cov_16.422481	476	556	0	12	80	0.1500000
NODE_9627_length_873_cov_16.422481	476	556	1	68	80	0.8500000
NODE_9628_length_873_cov_11.198966	410	490	2	2	80	0.0250000
NODE_9628_length_873_cov_11.198966	410	490	3	78	80	0.9750000
NODE_9628_length_873_cov_11.198966	463	543	3	48	80	0.6000000
NODE_9628_length_873_cov_11.198966	463	543	4	32	80	0.4000000
NODE_9629_length_873_cov_9.799742	334	414	2	1	80	0.0125000
NODE_9629_length_873_cov_9.799742	334	414	6	12	80	0.1500000
NODE_9629_length_873_cov_9.799742	334	414	7	4	80	0.0500000
NODE_9629_length_873_cov_9.799742	334	414	8	21	80	0.2625000
NODE_9629_length_873_cov_9.799742	334	414	9	28	80	0.3500000
NODE_9629_length_873_cov_9.799742	334	414	10	11	80	0.1375000
NODE_9629_length_873_cov_9.799742	334	414	11	1	80	0.0125000
NODE_9629_length_873_cov_9.799742	334	414	12	2	80	0.0250000
NODE_9629_length_873_cov_9.799742	387	467	8	3	80	0.0375000
NODE_9629_length_873_cov_9.799742	387	467	9	13	80	0.1625000
NODE_9629_length_873_cov_9.799742	387	467	10	11	80	0.1375000
NODE_9629_length_873_cov_9.799742	387	467	11	1	80	0.0125000
NODE_9629_length_873_cov_9.799742	387	467	12	52	80	0.6500000
NODE_9632_length_873_cov_3.828165	490	570	0	80	80	1.0000000
NODE_9632_length_873_cov_3.828165	543	583	0	40	40	1.0000000
NODE_9632_length_873_cov_3.828165	690	735	0	45	45	1.0000000
NODE_9633_length_873_cov_3.443152	716	746	0	30	30	1.0000000
NODE_9647_length_873_cov_1.239018	593	658	1	16	65	0.2461538
NODE_9647_length_873_cov_1.239018	593	658	2	6	65	0.0923077
NODE_9647_length_873_cov_1.239018	593	658	4	2	65	0.0307692
NODE_9647_length_873_cov_1.239018	593	658	5	41	65	0.6307693
NODE_9651_length_872_cov_47.732212	432	512	3	3	80	0.0375000
NODE_9651_length_872_cov_47.732212	432	512	4	67	80	0.8375000
NODE_9651_length_872_cov_47.732212	432	512	5	10	80	0.1250000
NODE_9651_length_872_cov_47.732212	484	564	3	50	80	0.6250000
NODE_9651_length_872_cov_47.732212	484	564	4	18	80	0.2250000
NODE_9651_length_872_cov_47.732212	484	564	5	12	80	0.1500000
NODE_9651_length_872_cov_47.732212	560	640	1	55	80	0.6875000
NODE_9651_length_872_cov_47.732212	560	640	2	5	80	0.0625000
NODE_9651_length_872_cov_47.732212	560	640	3	20	80	0.2500000
NODE_9651_length_872_cov_47.732212	613	693	0	41	80	0.5125000
NODE_9651_length_872_cov_47.732212	613	693	1	39	80	0.4875000
NODE_9652_length_872_cov_16.204398	349	429	1	3	80	0.0375000
NODE_9652_length_872_cov_16.204398	349	429	2	39	80	0.4875000
NODE_9652_length_872_cov_16.204398	349	429	3	38	80	0.4750000
NODE_9652_length_872_cov_16.204398	402	482	1	46	80	0.5750000
NODE_9652_length_872_cov_16.204398	402	482	2	34	80	0.4250000
NODE_9652_length_872_cov_16.204398	478	558	1	50	80	0.6250000
NODE_9652_length_872_cov_16.204398	478	558	2	1	80	0.0125000
NODE_9652_length_872_cov_16.204398	478	558	3	29	80	0.3625000
NODE_9652_length_872_cov_16.204398	531	611	2	54	80	0.6750000
NODE_9652_length_872_cov_16.204398	531	611	3	26	80	0.3250000
NODE_9653_length_872_cov_12.835705	376	456	6	32	80	0.4000000
NODE_9653_length_872_cov_12.835705	376	456	7	6	80	0.0750000
NODE_9653_length_872_cov_12.835705	376	456	8	9	80	0.1125000
NODE_9653_length_872_cov_12.835705	376	456	9	18	80	0.2250000
NODE_9653_length_872_cov_12.835705	376	456	10	10	80	0.1250000
NODE_9653_length_872_cov_12.835705	376	456	11	5	80	0.0625000
NODE_9653_length_872_cov_12.835705	429	509	7	1	80	0.0125000
NODE_9653_length_872_cov_12.835705	429	509	8	34	80	0.4250000
NODE_9653_length_872_cov_12.835705	429	509	9	35	80	0.4375000
NODE_9653_length_872_cov_12.835705	429	509	10	10	80	0.1250000
NODE_9654_length_872_cov_9.657180	356	431	2	24	75	0.3200000
NODE_9654_length_872_cov_9.657180	356	431	3	51	75	0.6800000
NODE_9660_length_872_cov_3.531695	425	505	1	48	80	0.6000000
NODE_9660_length_872_cov_3.531695	425	505	2	22	80	0.2750000
NODE_9660_length_872_cov_3.531695	425	505	4	10	80	0.1250000
NODE_9660_length_872_cov_3.531695	478	559	2	17	81	0.2098765
NODE_9660_length_872_cov_3.531695	478	559	3	8	81	0.0987654
NODE_9660_length_872_cov_3.531695	478	559	4	56	81	0.6913580
NODE_9673_length_871_cov_56.841969	265	345	1	80	80	1.0000000
NODE_9673_length_871_cov_56.841969	318	398	0	18	80	0.2250000
NODE_9673_length_871_cov_56.841969	318	398	1	62	80	0.7750000
NODE_9673_length_871_cov_56.841969	394	474	0	52	80	0.6500000
NODE_9673_length_871_cov_56.841969	394	474	2	28	80	0.3500000
NODE_9673_length_871_cov_56.841969	447	527	0	23	80	0.2875000
NODE_9673_length_871_cov_56.841969	447	527	2	57	80	0.7125000
NODE_9674_length_871_cov_47.528497	461	541	2	4	80	0.0500000
NODE_9674_length_871_cov_47.528497	461	541	4	13	80	0.1625000
NODE_9674_length_871_cov_47.528497	461	541	6	18	80	0.2250000
NODE_9674_length_871_cov_47.528497	461	541	7	41	80	0.5125000
NODE_9674_length_871_cov_47.528497	461	541	8	4	80	0.0500000
NODE_9674_length_871_cov_47.528497	514	594	5	4	80	0.0500000
NODE_9674_length_871_cov_47.528497	514	594	7	54	80	0.6750000
NODE_9674_length_871_cov_47.528497	514	594	8	5	80	0.0625000
NODE_9674_length_871_cov_47.528497	514	594	9	17	80	0.2125000
NODE_9675_length_871_cov_31.145078	326	406	8	6	80	0.0750000
NODE_9675_length_871_cov_31.145078	326	406	9	1	80	0.0125000
NODE_9675_length_871_cov_31.145078	326	406	10	3	80	0.0375000
NODE_9675_length_871_cov_31.145078	326	406	12	2	80	0.0250000
NODE_9675_length_871_cov_31.145078	326	406	13	7	80	0.0875000
NODE_9675_length_871_cov_31.145078	326	406	14	24	80	0.3000000
NODE_9675_length_871_cov_31.145078	326	406	15	36	80	0.4500000
NODE_9675_length_871_cov_31.145078	326	406	16	1	80	0.0125000
NODE_9675_length_871_cov_31.145078	379	459	13	15	80	0.1875000
NODE_9675_length_871_cov_31.145078	379	459	14	5	80	0.0625000
NODE_9675_length_871_cov_31.145078	379	459	15	28	80	0.3500000
NODE_9675_length_871_cov_31.145078	379	459	16	7	80	0.0875000
NODE_9675_length_871_cov_31.145078	379	459	17	25	80	0.3125000
NODE_9676_length_871_cov_27.993523	379	459	5	8	80	0.1000000
NODE_9676_length_871_cov_27.993523	379	459	6	31	80	0.3875000
NODE_9676_length_871_cov_27.993523	379	459	7	41	80	0.5125000
NODE_9676_length_871_cov_27.993523	432	512	1	29	80	0.3625000
NODE_9676_length_871_cov_27.993523	432	512	2	1	80	0.0125000
NODE_9676_length_871_cov_27.993523	432	512	3	12	80	0.1500000
NODE_9676_length_871_cov_27.993523	432	512	5	19	80	0.2375000
NODE_9676_length_871_cov_27.993523	432	512	6	1	80	0.0125000
NODE_9676_length_871_cov_27.993523	432	512	7	18	80	0.2250000
NODE_9677_length_871_cov_25.954663	463	543	4	2	80	0.0250000
NODE_9677_length_871_cov_25.954663	463	543	5	19	80	0.2375000
NODE_9677_length_871_cov_25.954663	463	543	6	59	80	0.7375000
NODE_9677_length_871_cov_25.954663	516	596	2	21	80	0.2625000
NODE_9677_length_871_cov_25.954663	516	596	4	22	80	0.2750000
NODE_9677_length_871_cov_25.954663	516	596	6	37	80	0.4625000
NODE_9678_length_871_cov_24.069948	492	558	3	24	66	0.3636364
NODE_9678_length_871_cov_24.069948	492	558	4	15	66	0.2272727
NODE_9678_length_871_cov_24.069948	492	558	5	23	66	0.3484848
NODE_9678_length_871_cov_24.069948	492	558	6	4	66	0.0606061
NODE_9678_length_871_cov_24.069948	558	634	1	20	76	0.2631579
NODE_9678_length_871_cov_24.069948	558	634	3	56	76	0.7368421
NODE_9679_length_871_cov_23.953368	445	522	0	38	77	0.4935065
NODE_9679_length_871_cov_23.953368	445	522	1	39	77	0.5064935
NODE_9680_length_871_cov_19.304404	335	415	3	47	80	0.5875000
NODE_9680_length_871_cov_19.304404	335	415	4	23	80	0.2875000
NODE_9680_length_871_cov_19.304404	335	415	5	10	80	0.1250000
NODE_9680_length_871_cov_19.304404	388	468	1	35	80	0.4375000
NODE_9680_length_871_cov_19.304404	388	468	2	9	80	0.1125000
NODE_9680_length_871_cov_19.304404	388	468	3	36	80	0.4500000
NODE_9682_length_871_cov_18.108808	370	450	3	36	80	0.4500000
NODE_9682_length_871_cov_18.108808	370	450	4	44	80	0.5500000
NODE_9682_length_871_cov_18.108808	423	503	1	2	80	0.0250000
NODE_9682_length_871_cov_18.108808	423	503	2	47	80	0.5875000
NODE_9682_length_871_cov_18.108808	423	503	3	31	80	0.3875000
NODE_9683_length_871_cov_17.034974	362	442	3	10	80	0.1250000
NODE_9683_length_871_cov_17.034974	362	442	4	16	80	0.2000000
NODE_9683_length_871_cov_17.034974	362	442	6	2	80	0.0250000
NODE_9683_length_871_cov_17.034974	362	442	7	52	80	0.6500000
NODE_9683_length_871_cov_17.034974	415	495	6	6	80	0.0750000
NODE_9683_length_871_cov_17.034974	415	495	7	74	80	0.9250000
NODE_9684_length_871_cov_16.768135	374	454	1	50	80	0.6250000
NODE_9684_length_871_cov_16.768135	374	454	5	30	80	0.3750000
NODE_9685_length_871_cov_14.196891	267	347	1	22	80	0.2750000
NODE_9685_length_871_cov_14.196891	267	347	2	58	80	0.7250000
NODE_9685_length_871_cov_14.196891	320	400	0	22	80	0.2750000
NODE_9685_length_871_cov_14.196891	320	400	1	53	80	0.6625000
NODE_9685_length_871_cov_14.196891	320	400	2	5	80	0.0625000
NODE_9686_length_871_cov_13.443005	246	326	6	80	80	1.0000000
NODE_9686_length_871_cov_13.443005	299	322	6	23	23	1.0000000
NODE_9687_length_871_cov_11.839378	29	109	2	67	80	0.8375000
NODE_9687_length_871_cov_11.839378	29	109	4	13	80	0.1625000
NODE_9687_length_871_cov_11.839378	82	149	2	27	67	0.4029851
NODE_9687_length_871_cov_11.839378	82	149	4	40	67	0.5970149
NODE_9687_length_871_cov_11.839378	331	411	4	21	80	0.2625000
NODE_9687_length_871_cov_11.839378	331	411	5	29	80	0.3625000
NODE_9687_length_871_cov_11.839378	331	411	7	30	80	0.3750000
NODE_9687_length_871_cov_11.839378	384	464	6	14	80	0.1750000
NODE_9687_length_871_cov_11.839378	384	464	7	66	80	0.8250000
NODE_9689_length_871_cov_5.730570	316	373	0	17	57	0.2982456
NODE_9689_length_871_cov_5.730570	316	373	4	40	57	0.7017544
NODE_9694_length_871_cov_3.544041	428	508	0	42	80	0.5250000
NODE_9694_length_871_cov_3.544041	428	508	1	38	80	0.4750000
NODE_9694_length_871_cov_3.544041	481	561	1	80	80	1.0000000
NODE_9716_length_870_cov_43.400778	542	622	4	1	80	0.0125000
NODE_9716_length_870_cov_43.400778	542	622	5	14	80	0.1750000
NODE_9716_length_870_cov_43.400778	542	622	6	34	80	0.4250000
NODE_9716_length_870_cov_43.400778	542	622	7	31	80	0.3875000
NODE_9716_length_870_cov_43.400778	595	675	6	11	80	0.1375000
NODE_9716_length_870_cov_43.400778	595	675	7	48	80	0.6000000
NODE_9716_length_870_cov_43.400778	595	675	8	21	80	0.2625000
NODE_9719_length_870_cov_28.249027	442	524	2	82	82	1.0000000
NODE_9719_length_870_cov_28.249027	497	577	0	21	80	0.2625000
NODE_9719_length_870_cov_28.249027	497	577	2	59	80	0.7375000
NODE_9720_length_870_cov_26.992218	240	320	0	56	80	0.7000000
NODE_9720_length_870_cov_26.992218	240	320	1	24	80	0.3000000
NODE_9720_length_870_cov_26.992218	293	373	0	3	80	0.0375000
NODE_9720_length_870_cov_26.992218	293	373	1	61	80	0.7625000
NODE_9720_length_870_cov_26.992218	293	373	3	16	80	0.2000000
NODE_9720_length_870_cov_26.992218	369	449	3	21	80	0.2625000
NODE_9720_length_870_cov_26.992218	369	449	4	49	80	0.6125000
NODE_9720_length_870_cov_26.992218	369	449	5	10	80	0.1250000
NODE_9720_length_870_cov_26.992218	422	502	4	47	80	0.5875000
NODE_9720_length_870_cov_26.992218	422	502	5	30	80	0.3750000
NODE_9720_length_870_cov_26.992218	422	502	6	3	80	0.0375000
NODE_9721_length_870_cov_25.806744	186	237	1	26	51	0.5098040
NODE_9721_length_870_cov_25.806744	186	237	2	17	51	0.3333333
NODE_9721_length_870_cov_25.806744	186	237	3	8	51	0.1568628
NODE_9721_length_870_cov_25.806744	391	471	3	5	80	0.0625000
NODE_9721_length_870_cov_25.806744	391	471	4	17	80	0.2125000
NODE_9721_length_870_cov_25.806744	391	471	5	22	80	0.2750000
NODE_9721_length_870_cov_25.806744	391	471	6	27	80	0.3375000
NODE_9721_length_870_cov_25.806744	391	471	7	4	80	0.0500000
NODE_9721_length_870_cov_25.806744	391	471	8	5	80	0.0625000
NODE_9721_length_870_cov_25.806744	444	524	6	25	80	0.3125000
NODE_9721_length_870_cov_25.806744	444	524	8	55	80	0.6875000
NODE_9722_length_870_cov_18.862516	345	425	2	28	80	0.3500000
NODE_9722_length_870_cov_18.862516	345	425	4	10	80	0.1250000
NODE_9722_length_870_cov_18.862516	345	425	5	42	80	0.5250000
NODE_9722_length_870_cov_18.862516	398	478	4	49	80	0.6125000
NODE_9722_length_870_cov_18.862516	398	478	5	31	80	0.3875000
NODE_9723_length_870_cov_15.686122	330	410	0	32	80	0.4000000
NODE_9723_length_870_cov_15.686122	330	410	2	48	80	0.6000000
NODE_9723_length_870_cov_15.686122	383	463	2	80	80	1.0000000
NODE_9725_length_870_cov_13.334630	479	559	1	2	80	0.0250000
NODE_9725_length_870_cov_13.334630	479	559	2	3	80	0.0375000
NODE_9725_length_870_cov_13.334630	479	559	4	60	80	0.7500000
NODE_9725_length_870_cov_13.334630	479	559	5	15	80	0.1875000
NODE_9725_length_870_cov_13.334630	532	612	0	7	80	0.0875000
NODE_9725_length_870_cov_13.334630	532	612	1	48	80	0.6000000
NODE_9725_length_870_cov_13.334630	532	612	2	3	80	0.0375000
NODE_9725_length_870_cov_13.334630	532	612	4	22	80	0.2750000
NODE_9726_length_870_cov_9.712062	410	490	0	80	80	1.0000000
NODE_9726_length_870_cov_9.712062	463	542	0	79	79	1.0000000
NODE_9728_length_870_cov_7.556420	448	528	2	80	80	1.0000000
NODE_9728_length_870_cov_7.556420	501	581	0	45	80	0.5625000
NODE_9728_length_870_cov_7.556420	501	581	1	1	80	0.0125000
NODE_9728_length_870_cov_7.556420	501	581	2	34	80	0.4250000
NODE_9746_length_869_cov_42.784416	395	475	3	5	80	0.0625000
NODE_9746_length_869_cov_42.784416	395	475	4	75	80	0.9375000
NODE_9746_length_869_cov_42.784416	448	528	3	31	80	0.3875000
NODE_9746_length_869_cov_42.784416	448	528	4	49	80	0.6125000
NODE_9747_length_869_cov_29.525974	211	291	9	21	80	0.2625000
NODE_9747_length_869_cov_29.525974	211	291	10	15	80	0.1875000
NODE_9747_length_869_cov_29.525974	211	291	11	37	80	0.4625000
NODE_9747_length_869_cov_29.525974	211	291	12	7	80	0.0875000
NODE_9747_length_869_cov_29.525974	264	344	9	10	80	0.1250000
NODE_9747_length_869_cov_29.525974	264	344	10	8	80	0.1000000
NODE_9747_length_869_cov_29.525974	264	344	11	49	80	0.6125000
NODE_9747_length_869_cov_29.525974	264	344	12	8	80	0.1000000
NODE_9747_length_869_cov_29.525974	264	344	13	5	80	0.0625000
NODE_9748_length_869_cov_16.258442	389	469	3	10	80	0.1250000
NODE_9748_length_869_cov_16.258442	389	469	4	30	80	0.3750000
NODE_9748_length_869_cov_16.258442	389	469	5	32	80	0.4000000
NODE_9748_length_869_cov_16.258442	389	469	6	8	80	0.1000000
NODE_9748_length_869_cov_16.258442	442	522	4	42	80	0.5250000
NODE_9748_length_869_cov_16.258442	442	522	5	28	80	0.3500000
NODE_9748_length_869_cov_16.258442	442	522	6	10	80	0.1250000
NODE_9749_length_869_cov_15.940260	321	401	0	25	80	0.3125000
NODE_9749_length_869_cov_15.940260	321	401	2	55	80	0.6875000
NODE_9749_length_869_cov_15.940260	374	454	2	80	80	1.0000000
NODE_9750_length_869_cov_9.619481	402	442	30	1	40	0.0250000
NODE_9750_length_869_cov_9.619481	402	442	31	4	40	0.1000000
NODE_9750_length_869_cov_9.619481	402	442	32	3	40	0.0750000
NODE_9750_length_869_cov_9.619481	402	442	33	1	40	0.0250000
NODE_9750_length_869_cov_9.619481	402	442	36	6	40	0.1500000
NODE_9750_length_869_cov_9.619481	402	442	37	9	40	0.2250000
NODE_9750_length_869_cov_9.619481	402	442	38	3	40	0.0750000
NODE_9750_length_869_cov_9.619481	402	442	39	5	40	0.1250000
NODE_9750_length_869_cov_9.619481	402	442	40	3	40	0.0750000
NODE_9750_length_869_cov_9.619481	402	442	43	2	40	0.0500000
NODE_9750_length_869_cov_9.619481	402	442	44	3	40	0.0750000
NODE_9751_length_869_cov_7.123377	392	472	0	80	80	1.0000000
NODE_9751_length_869_cov_7.123377	445	525	0	80	80	1.0000000
NODE_9753_length_869_cov_3.658442	310	378	0	68	68	1.0000000
NODE_9777_length_868_cov_57.465540	355	435	12	6	80	0.0750000
NODE_9777_length_868_cov_57.465540	355	435	14	6	80	0.0750000
NODE_9777_length_868_cov_57.465540	355	435	15	2	80	0.0250000
NODE_9777_length_868_cov_57.465540	355	435	16	38	80	0.4750000
NODE_9777_length_868_cov_57.465540	355	435	17	17	80	0.2125000
NODE_9777_length_868_cov_57.465540	355	435	18	11	80	0.1375000
NODE_9778_length_868_cov_46.509753	0	65	0	12	65	0.1846154
NODE_9778_length_868_cov_46.509753	0	65	1	22	65	0.3384615
NODE_9778_length_868_cov_46.509753	0	65	2	31	65	0.4769231
NODE_9778_length_868_cov_46.509753	0	65	0	12	65	0.1846154
NODE_9778_length_868_cov_46.509753	0	65	1	22	65	0.3384615
NODE_9778_length_868_cov_46.509753	0	65	2	31	65	0.4769231
NODE_9778_length_868_cov_46.509753	0	65	0	12	65	0.1846154
NODE_9778_length_868_cov_46.509753	0	65	1	22	65	0.3384615
NODE_9778_length_868_cov_46.509753	0	65	2	31	65	0.4769231
NODE_9778_length_868_cov_46.509753	0	65	0	12	65	0.1846154
NODE_9778_length_868_cov_46.509753	0	65	1	22	65	0.3384615
NODE_9778_length_868_cov_46.509753	0	65	2	31	65	0.4769231
NODE_9778_length_868_cov_46.509753	61	141	2	80	80	1.0000000
NODE_9778_length_868_cov_46.509753	61	141	2	80	80	1.0000000
NODE_9778_length_868_cov_46.509753	114	194	0	10	80	0.1250000
NODE_9778_length_868_cov_46.509753	114	194	1	22	80	0.2750000
NODE_9778_length_868_cov_46.509753	114	194	2	48	80	0.6000000
NODE_9778_length_868_cov_46.509753	114	194	0	10	80	0.1250000
NODE_9778_length_868_cov_46.509753	114	194	1	22	80	0.2750000
NODE_9778_length_868_cov_46.509753	114	194	2	48	80	0.6000000
NODE_9779_length_868_cov_26.092328	318	398	1	43	80	0.5375000
NODE_9779_length_868_cov_26.092328	318	398	2	9	80	0.1125000
NODE_9779_length_868_cov_26.092328	318	398	3	28	80	0.3500000
NODE_9779_length_868_cov_26.092328	371	451	1	28	80	0.3500000
NODE_9779_length_868_cov_26.092328	371	451	2	52	80	0.6500000
NODE_9781_length_868_cov_22.555267	377	457	0	43	80	0.5375000
NODE_9781_length_868_cov_22.555267	377	457	1	37	80	0.4625000
NODE_9781_length_868_cov_22.555267	430	510	0	80	80	1.0000000
NODE_9782_length_868_cov_20.466840	259	339	1	38	80	0.4750000
NODE_9782_length_868_cov_20.466840	259	339	2	33	80	0.4125000
NODE_9782_length_868_cov_20.466840	259	339	3	9	80	0.1125000
NODE_9782_length_868_cov_20.466840	312	392	1	18	80	0.2250000
NODE_9782_length_868_cov_20.466840	312	392	3	33	80	0.4125000
NODE_9782_length_868_cov_20.466840	312	392	5	29	80	0.3625000
NODE_9782_length_868_cov_20.466840	388	468	4	58	80	0.7250000
NODE_9782_length_868_cov_20.466840	388	468	5	22	80	0.2750000
NODE_9782_length_868_cov_20.466840	441	521	0	37	80	0.4625000
NODE_9782_length_868_cov_20.466840	441	521	2	8	80	0.1000000
NODE_9782_length_868_cov_20.466840	441	521	4	35	80	0.4375000
NODE_9783_length_868_cov_20.414824	311	391	4	25	80	0.3125000
NODE_9783_length_868_cov_20.414824	311	391	5	28	80	0.3500000
NODE_9783_length_868_cov_20.414824	311	391	6	11	80	0.1375000
NODE_9783_length_868_cov_20.414824	311	391	7	16	80	0.2000000
NODE_9783_length_868_cov_20.414824	364	444	5	7	80	0.0875000
NODE_9783_length_868_cov_20.414824	364	444	6	9	80	0.1125000
NODE_9783_length_868_cov_20.414824	364	444	7	64	80	0.8000000
NODE_9784_length_868_cov_17.613784	340	420	8	39	80	0.4875000
NODE_9784_length_868_cov_17.613784	340	420	9	1	80	0.0125000
NODE_9784_length_868_cov_17.613784	340	420	10	40	80	0.5000000
NODE_9784_length_868_cov_17.613784	393	473	3	6	80	0.0750000
NODE_9784_length_868_cov_17.613784	393	473	4	3	80	0.0375000
NODE_9784_length_868_cov_17.613784	393	473	5	16	80	0.2000000
NODE_9784_length_868_cov_17.613784	393	473	6	14	80	0.1750000
NODE_9784_length_868_cov_17.613784	393	473	8	33	80	0.4125000
NODE_9784_length_868_cov_17.613784	393	473	10	8	80	0.1000000
NODE_9785_length_868_cov_15.768531	353	433	4	29	80	0.3625000
NODE_9785_length_868_cov_15.768531	353	433	6	51	80	0.6375000
NODE_9785_length_868_cov_15.768531	406	486	4	7	80	0.0875000
NODE_9785_length_868_cov_15.768531	406	486	6	69	80	0.8625000
NODE_9785_length_868_cov_15.768531	406	486	8	4	80	0.0500000
NODE_9786_length_868_cov_13.997399	611	691	1	27	80	0.3375000
NODE_9786_length_868_cov_13.997399	611	691	2	53	80	0.6625000
NODE_9786_length_868_cov_13.997399	664	744	0	45	80	0.5625000
NODE_9786_length_868_cov_13.997399	664	744	1	35	80	0.4375000
NODE_9787_length_868_cov_13.224967	451	531	0	37	80	0.4625000
NODE_9787_length_868_cov_13.224967	451	531	2	4	80	0.0500000
NODE_9787_length_868_cov_13.224967	451	531	3	39	80	0.4875000
NODE_9787_length_868_cov_13.224967	504	583	3	46	79	0.5822785
NODE_9787_length_868_cov_13.224967	504	583	4	33	79	0.4177215
NODE_9788_length_868_cov_11.851756	363	422	0	59	59	1.0000000
NODE_9788_length_868_cov_11.851756	395	475	0	80	80	1.0000000
NODE_9789_length_868_cov_11.352406	361	441	0	80	80	1.0000000
NODE_9789_length_868_cov_11.352406	414	494	0	76	80	0.9500000
NODE_9789_length_868_cov_11.352406	414	494	1	4	80	0.0500000
NODE_9790_length_868_cov_11.335501	289	369	0	2	80	0.0250000
NODE_9790_length_868_cov_11.335501	289	369	2	78	80	0.9750000
NODE_9790_length_868_cov_11.335501	342	422	0	55	80	0.6875000
NODE_9790_length_868_cov_11.335501	342	422	2	25	80	0.3125000
NODE_9791_length_868_cov_8.455137	401	481	0	1	80	0.0125000
NODE_9791_length_868_cov_8.455137	401	481	1	43	80	0.5375000
NODE_9791_length_868_cov_8.455137	401	481	2	5	80	0.0625000
NODE_9791_length_868_cov_8.455137	401	481	3	31	80	0.3875000
NODE_9791_length_868_cov_8.455137	454	534	3	80	80	1.0000000
NODE_9816_length_867_cov_27.756510	333	376	0	32	43	0.7441860
NODE_9816_length_867_cov_27.756510	333	376	1	6	43	0.1395349
NODE_9816_length_867_cov_27.756510	333	376	2	5	43	0.1162791
NODE_9816_length_867_cov_27.756510	349	429	0	21	80	0.2625000
NODE_9816_length_867_cov_27.756510	349	429	1	18	80	0.2250000
NODE_9816_length_867_cov_27.756510	349	429	2	41	80	0.5125000
NODE_9816_length_867_cov_27.756510	425	505	2	19	80	0.2375000
NODE_9816_length_867_cov_27.756510	425	505	3	42	80	0.5250000
NODE_9816_length_867_cov_27.756510	425	505	5	19	80	0.2375000
NODE_9816_length_867_cov_27.756510	478	542	3	12	64	0.1875000
NODE_9816_length_867_cov_27.756510	478	542	4	18	64	0.2812500
NODE_9816_length_867_cov_27.756510	478	542	5	34	64	0.5312500
NODE_9817_length_867_cov_25.354167	280	345	5	14	65	0.2153846
NODE_9817_length_867_cov_25.354167	280	345	6	15	65	0.2307692
NODE_9817_length_867_cov_25.354167	280	345	7	36	65	0.5538462
NODE_9817_length_867_cov_25.354167	325	397	4	15	72	0.2083333
NODE_9817_length_867_cov_25.354167	325	397	5	35	72	0.4861111
NODE_9817_length_867_cov_25.354167	325	397	6	1	72	0.0138889
NODE_9817_length_867_cov_25.354167	325	397	7	21	72	0.2916667
NODE_9818_length_867_cov_23.968750	369	449	3	50	80	0.6250000
NODE_9818_length_867_cov_23.968750	369	449	4	30	80	0.3750000
NODE_9818_length_867_cov_23.968750	422	502	1	9	80	0.1125000
NODE_9818_length_867_cov_23.968750	422	502	2	3	80	0.0375000
NODE_9818_length_867_cov_23.968750	422	502	3	68	80	0.8500000
NODE_9819_length_867_cov_21.220052	524	604	4	11	80	0.1375000
NODE_9819_length_867_cov_21.220052	524	604	5	69	80	0.8625000
NODE_9819_length_867_cov_21.220052	577	657	3	3	80	0.0375000
NODE_9819_length_867_cov_21.220052	577	657	4	33	80	0.4125000
NODE_9819_length_867_cov_21.220052	577	657	5	44	80	0.5500000
NODE_9820_length_867_cov_15.042969	287	364	2	77	77	1.0000000
NODE_9821_length_867_cov_11.057292	305	373	2	68	68	1.0000000
NODE_9821_length_867_cov_11.057292	346	426	2	59	80	0.7375000
NODE_9821_length_867_cov_11.057292	346	426	3	21	80	0.2625000
NODE_9821_length_867_cov_11.057292	475	555	2	80	80	1.0000000
NODE_9822_length_867_cov_8.127604	347	427	3	39	80	0.4875000
NODE_9822_length_867_cov_8.127604	347	427	4	41	80	0.5125000
NODE_9822_length_867_cov_8.127604	400	480	4	49	80	0.6125000
NODE_9822_length_867_cov_8.127604	400	480	5	31	80	0.3875000
NODE_9823_length_867_cov_7.621094	292	372	1	54	80	0.6750000
NODE_9823_length_867_cov_7.621094	292	372	2	26	80	0.3250000
NODE_9823_length_867_cov_7.621094	345	425	1	80	80	1.0000000
NODE_9826_length_867_cov_5.494792	445	525	0	80	80	1.0000000
NODE_9826_length_867_cov_5.494792	498	578	0	80	80	1.0000000
NODE_9857_length_866_cov_49.224250	269	349	0	53	80	0.6625000
NODE_9857_length_866_cov_49.224250	269	349	2	27	80	0.3375000
NODE_9857_length_866_cov_49.224250	322	402	2	80	80	1.0000000
NODE_9858_length_866_cov_47.160365	428	508	6	53	80	0.6625000
NODE_9858_length_866_cov_47.160365	428	508	7	23	80	0.2875000
NODE_9858_length_866_cov_47.160365	428	508	8	4	80	0.0500000
NODE_9858_length_866_cov_47.160365	481	561	2	12	80	0.1500000
NODE_9858_length_866_cov_47.160365	481	561	3	1	80	0.0125000
NODE_9858_length_866_cov_47.160365	481	561	4	34	80	0.4250000
NODE_9858_length_866_cov_47.160365	481	561	6	33	80	0.4125000
NODE_9858_length_866_cov_47.160365	557	637	3	2	80	0.0250000
NODE_9858_length_866_cov_47.160365	557	637	4	39	80	0.4875000
NODE_9858_length_866_cov_47.160365	557	637	5	12	80	0.1500000
NODE_9858_length_866_cov_47.160365	557	637	6	27	80	0.3375000
NODE_9858_length_866_cov_47.160365	610	690	6	80	80	1.0000000
NODE_9859_length_866_cov_23.398957	281	361	3	7	80	0.0875000
NODE_9859_length_866_cov_23.398957	281	361	4	12	80	0.1500000
NODE_9859_length_866_cov_23.398957	281	361	5	41	80	0.5125000
NODE_9859_length_866_cov_23.398957	281	361	6	9	80	0.1125000
NODE_9859_length_866_cov_23.398957	281	361	7	11	80	0.1375000
NODE_9859_length_866_cov_23.398957	334	414	5	53	80	0.6625000
NODE_9859_length_866_cov_23.398957	334	414	6	25	80	0.3125000
NODE_9859_length_866_cov_23.398957	334	414	7	2	80	0.0250000
NODE_9860_length_866_cov_22.186441	455	535	4	26	80	0.3250000
NODE_9860_length_866_cov_22.186441	455	535	5	35	80	0.4375000
NODE_9860_length_866_cov_22.186441	455	535	6	19	80	0.2375000
NODE_9860_length_866_cov_22.186441	508	588	2	44	80	0.5500000
NODE_9860_length_866_cov_22.186441	508	588	3	6	80	0.0750000
NODE_9860_length_866_cov_22.186441	508	588	4	27	80	0.3375000
NODE_9860_length_866_cov_22.186441	508	588	5	2	80	0.0250000
NODE_9860_length_866_cov_22.186441	508	588	6	1	80	0.0125000
NODE_9861_length_866_cov_18.362451	451	531	4	15	80	0.1875000
NODE_9861_length_866_cov_18.362451	451	531	5	4	80	0.0500000
NODE_9861_length_866_cov_18.362451	451	531	7	3	80	0.0375000
NODE_9861_length_866_cov_18.362451	451	531	8	56	80	0.7000000
NODE_9861_length_866_cov_18.362451	451	531	9	2	80	0.0250000
NODE_9861_length_866_cov_18.362451	504	584	3	26	80	0.3250000
NODE_9861_length_866_cov_18.362451	504	584	6	9	80	0.1125000
NODE_9861_length_866_cov_18.362451	504	584	7	6	80	0.0750000
NODE_9861_length_866_cov_18.362451	504	584	8	39	80	0.4875000
NODE_9862_length_866_cov_16.830508	372	452	0	7	80	0.0875000
NODE_9862_length_866_cov_16.830508	372	452	1	30	80	0.3750000
NODE_9862_length_866_cov_16.830508	372	452	3	19	80	0.2375000
NODE_9862_length_866_cov_16.830508	372	452	4	24	80	0.3000000
NODE_9862_length_866_cov_16.830508	425	505	3	3	80	0.0375000
NODE_9862_length_866_cov_16.830508	425	505	4	77	80	0.9625000
NODE_9882_length_865_cov_63.137076	288	368	5	35	80	0.4375000
NODE_9882_length_865_cov_63.137076	288	368	6	45	80	0.5625000
NODE_9882_length_865_cov_63.137076	341	421	1	20	80	0.2500000
NODE_9882_length_865_cov_63.137076	341	421	2	16	80	0.2000000
NODE_9882_length_865_cov_63.137076	341	421	3	12	80	0.1500000
NODE_9882_length_865_cov_63.137076	341	421	5	32	80	0.4000000
NODE_9883_length_865_cov_19.882507	335	415	2	25	80	0.3125000
NODE_9883_length_865_cov_19.882507	335	415	4	55	80	0.6875000
NODE_9883_length_865_cov_19.882507	388	468	2	65	80	0.8125000
NODE_9883_length_865_cov_19.882507	388	468	3	5	80	0.0625000
NODE_9883_length_865_cov_19.882507	388	468	4	10	80	0.1250000
NODE_9884_length_865_cov_17.784595	306	386	5	2	80	0.0250000
NODE_9884_length_865_cov_17.784595	306	386	6	4	80	0.0500000
NODE_9884_length_865_cov_17.784595	306	386	7	1	80	0.0125000
NODE_9884_length_865_cov_17.784595	306	386	8	23	80	0.2875000
NODE_9884_length_865_cov_17.784595	306	386	9	1	80	0.0125000
NODE_9884_length_865_cov_17.784595	306	386	10	13	80	0.1625000
NODE_9884_length_865_cov_17.784595	306	386	11	3	80	0.0375000
NODE_9884_length_865_cov_17.784595	306	386	12	33	80	0.4125000
NODE_9884_length_865_cov_17.784595	359	439	10	20	80	0.2500000
NODE_9884_length_865_cov_17.784595	359	439	11	12	80	0.1500000
NODE_9884_length_865_cov_17.784595	359	439	12	48	80	0.6000000
NODE_9885_length_865_cov_16.150131	451	531	0	80	80	1.0000000
NODE_9885_length_865_cov_16.150131	504	584	0	33	80	0.4125000
NODE_9885_length_865_cov_16.150131	504	584	2	47	80	0.5875000
NODE_9886_length_865_cov_14.751958	473	553	0	27	80	0.3375000
NODE_9886_length_865_cov_14.751958	473	553	1	53	80	0.6625000
NODE_9886_length_865_cov_14.751958	473	553	0	27	80	0.3375000
NODE_9886_length_865_cov_14.751958	473	553	1	53	80	0.6625000
NODE_9886_length_865_cov_14.751958	526	589	1	55	63	0.8730159
NODE_9886_length_865_cov_14.751958	526	589	2	8	63	0.1269841
NODE_9886_length_865_cov_14.751958	526	606	1	55	80	0.6875000
NODE_9886_length_865_cov_14.751958	526	606	2	8	80	0.1000000
NODE_9886_length_865_cov_14.751958	526	606	3	17	80	0.2125000
NODE_9887_length_865_cov_10.937337	422	502	3	14	80	0.1750000
NODE_9887_length_865_cov_10.937337	422	502	4	13	80	0.1625000
NODE_9887_length_865_cov_10.937337	422	502	5	53	80	0.6625000
NODE_9887_length_865_cov_10.937337	475	555	4	9	80	0.1125000
NODE_9887_length_865_cov_10.937337	475	555	5	71	80	0.8875000
NODE_9889_length_865_cov_9.167102	389	469	1	80	80	1.0000000
NODE_9889_length_865_cov_9.167102	442	522	0	35	80	0.4375000
NODE_9889_length_865_cov_9.167102	442	522	1	45	80	0.5625000
NODE_9912_length_864_cov_13.398693	491	571	3	76	80	0.9500000
NODE_9912_length_864_cov_13.398693	491	571	4	4	80	0.0500000
NODE_9912_length_864_cov_13.398693	544	624	2	22	80	0.2750000
NODE_9912_length_864_cov_13.398693	544	624	3	58	80	0.7250000
NODE_9913_length_864_cov_8.466667	308	388	0	15	80	0.1875000
NODE_9913_length_864_cov_8.466667	308	388	1	13	80	0.1625000
NODE_9913_length_864_cov_8.466667	308	388	2	52	80	0.6500000
NODE_9913_length_864_cov_8.466667	361	441	2	32	80	0.4000000
NODE_9913_length_864_cov_8.466667	361	441	3	48	80	0.6000000
NODE_9917_length_864_cov_3.947712	651	676	2	25	25	1.0000000
NODE_9917_length_864_cov_3.947712	725	805	0	37	80	0.4625000
NODE_9917_length_864_cov_3.947712	725	805	2	43	80	0.5375000
NODE_9917_length_864_cov_3.947712	778	844	0	66	66	1.0000000
NODE_9931_length_863_cov_72.856021	241	321	5	12	80	0.1500000
NODE_9931_length_863_cov_72.856021	241	321	6	2	80	0.0250000
NODE_9931_length_863_cov_72.856021	241	321	7	4	80	0.0500000
NODE_9931_length_863_cov_72.856021	241	321	8	15	80	0.1875000
NODE_9931_length_863_cov_72.856021	241	321	9	3	80	0.0375000
NODE_9931_length_863_cov_72.856021	241	321	11	10	80	0.1250000
NODE_9931_length_863_cov_72.856021	241	321	12	2	80	0.0250000
NODE_9931_length_863_cov_72.856021	241	321	13	14	80	0.1750000
NODE_9931_length_863_cov_72.856021	241	321	14	1	80	0.0125000
NODE_9931_length_863_cov_72.856021	241	321	16	17	80	0.2125000
NODE_9931_length_863_cov_72.856021	294	374	13	9	80	0.1125000
NODE_9931_length_863_cov_72.856021	294	374	14	1	80	0.0125000
NODE_9931_length_863_cov_72.856021	294	374	16	19	80	0.2375000
NODE_9931_length_863_cov_72.856021	294	374	17	12	80	0.1500000
NODE_9931_length_863_cov_72.856021	294	374	18	2	80	0.0250000
NODE_9931_length_863_cov_72.856021	294	374	20	3	80	0.0375000
NODE_9931_length_863_cov_72.856021	294	374	21	14	80	0.1750000
NODE_9931_length_863_cov_72.856021	294	374	23	5	80	0.0625000
NODE_9931_length_863_cov_72.856021	294	374	24	9	80	0.1125000
NODE_9931_length_863_cov_72.856021	294	374	25	6	80	0.0750000
NODE_9931_length_863_cov_72.856021	370	450	20	3	80	0.0375000
NODE_9931_length_863_cov_72.856021	370	450	21	9	80	0.1125000
NODE_9931_length_863_cov_72.856021	370	450	22	24	80	0.3000000
NODE_9931_length_863_cov_72.856021	370	450	23	4	80	0.0500000
NODE_9931_length_863_cov_72.856021	370	450	24	17	80	0.2125000
NODE_9931_length_863_cov_72.856021	370	450	25	3	80	0.0375000
NODE_9931_length_863_cov_72.856021	370	450	26	10	80	0.1250000
NODE_9931_length_863_cov_72.856021	370	450	27	4	80	0.0500000
NODE_9931_length_863_cov_72.856021	370	450	28	6	80	0.0750000
NODE_9931_length_863_cov_72.856021	423	503	11	4	80	0.0500000
NODE_9931_length_863_cov_72.856021	423	503	12	4	80	0.0500000
NODE_9931_length_863_cov_72.856021	423	503	14	6	80	0.0750000
NODE_9931_length_863_cov_72.856021	423	503	15	2	80	0.0250000
NODE_9931_length_863_cov_72.856021	423	503	17	2	80	0.0250000
NODE_9931_length_863_cov_72.856021	423	503	18	9	80	0.1125000
NODE_9931_length_863_cov_72.856021	423	503	20	3	80	0.0375000
NODE_9931_length_863_cov_72.856021	423	503	21	19	80	0.2375000
NODE_9931_length_863_cov_72.856021	423	503	23	1	80	0.0125000
NODE_9931_length_863_cov_72.856021	423	503	24	14	80	0.1750000
NODE_9931_length_863_cov_72.856021	423	503	25	2	80	0.0250000
NODE_9931_length_863_cov_72.856021	423	503	26	10	80	0.1250000
NODE_9931_length_863_cov_72.856021	423	503	27	1	80	0.0125000
NODE_9931_length_863_cov_72.856021	423	503	28	3	80	0.0375000
NODE_9932_length_863_cov_37.130890	363	443	3	19	80	0.2375000
NODE_9932_length_863_cov_37.130890	363	443	4	58	80	0.7250000
NODE_9932_length_863_cov_37.130890	363	443	5	3	80	0.0375000
NODE_9932_length_863_cov_37.130890	416	496	3	50	80	0.6250000
NODE_9932_length_863_cov_37.130890	416	496	4	20	80	0.2500000
NODE_9932_length_863_cov_37.130890	416	496	5	10	80	0.1250000
NODE_9932_length_863_cov_37.130890	492	572	1	7	80	0.0875000
NODE_9932_length_863_cov_37.130890	492	572	3	70	80	0.8750000
NODE_9932_length_863_cov_37.130890	492	572	4	3	80	0.0375000
NODE_9932_length_863_cov_37.130890	545	617	1	49	72	0.6805556
NODE_9932_length_863_cov_37.130890	545	617	3	22	72	0.3055556
NODE_9932_length_863_cov_37.130890	545	617	4	1	72	0.0138889
NODE_9933_length_863_cov_33.159686	287	367	3	17	80	0.2125000
NODE_9933_length_863_cov_33.159686	287	367	5	24	80	0.3000000
NODE_9933_length_863_cov_33.159686	287	367	7	39	80	0.4875000
NODE_9933_length_863_cov_33.159686	340	420	4	20	80	0.2500000
NODE_9933_length_863_cov_33.159686	340	420	5	1	80	0.0125000
NODE_9933_length_863_cov_33.159686	340	420	6	13	80	0.1625000
NODE_9933_length_863_cov_33.159686	340	420	7	46	80	0.5750000
NODE_9934_length_863_cov_24.714660	370	450	4	8	80	0.1000000
NODE_9934_length_863_cov_24.714660	370	450	6	72	80	0.9000000
NODE_9934_length_863_cov_24.714660	423	503	4	12	80	0.1500000
NODE_9934_length_863_cov_24.714660	423	503	5	8	80	0.1000000
NODE_9934_length_863_cov_24.714660	423	503	6	60	80	0.7500000
NODE_9935_length_863_cov_21.945026	341	421	2	2	80	0.0250000
NODE_9935_length_863_cov_21.945026	341	421	3	78	80	0.9750000
NODE_9935_length_863_cov_21.945026	394	474	1	31	80	0.3875000
NODE_9935_length_863_cov_21.945026	394	474	2	8	80	0.1000000
NODE_9935_length_863_cov_21.945026	394	474	3	41	80	0.5125000
NODE_9936_length_863_cov_19.794503	393	473	0	64	80	0.8000000
NODE_9936_length_863_cov_19.794503	393	473	2	16	80	0.2000000
NODE_9936_length_863_cov_19.794503	446	526	0	11	80	0.1375000
NODE_9936_length_863_cov_19.794503	446	526	2	53	80	0.6625000
NODE_9936_length_863_cov_19.794503	446	526	3	16	80	0.2000000
NODE_9937_length_863_cov_11.778796	303	383	1	77	80	0.9625000
NODE_9937_length_863_cov_11.778796	303	383	2	3	80	0.0375000
NODE_9937_length_863_cov_11.778796	356	436	1	30	80	0.3750000
NODE_9937_length_863_cov_11.778796	356	436	2	50	80	0.6250000
NODE_9938_length_863_cov_10.026178	283	363	6	2	80	0.0250000
NODE_9938_length_863_cov_10.026178	283	363	7	2	80	0.0250000
NODE_9938_length_863_cov_10.026178	283	363	8	4	80	0.0500000
NODE_9938_length_863_cov_10.026178	283	363	9	19	80	0.2375000
NODE_9938_length_863_cov_10.026178	283	363	10	53	80	0.6625000
NODE_9938_length_863_cov_10.026178	336	416	6	3	80	0.0375000
NODE_9938_length_863_cov_10.026178	336	416	7	20	80	0.2500000
NODE_9938_length_863_cov_10.026178	336	416	8	10	80	0.1250000
NODE_9938_length_863_cov_10.026178	336	416	10	47	80	0.5875000
NODE_9957_length_862_cov_46.811271	272	352	0	80	80	1.0000000
NODE_9957_length_862_cov_46.811271	325	405	0	80	80	1.0000000
NODE_9957_length_862_cov_46.811271	401	481	0	80	80	1.0000000
NODE_9957_length_862_cov_46.811271	454	534	0	80	80	1.0000000
NODE_9958_length_862_cov_34.638270	259	339	2	21	80	0.2625000
NODE_9958_length_862_cov_34.638270	259	339	4	59	80	0.7375000
NODE_9958_length_862_cov_34.638270	312	392	3	14	80	0.1750000
NODE_9958_length_862_cov_34.638270	312	392	4	66	80	0.8250000
NODE_9958_length_862_cov_34.638270	388	468	1	23	80	0.2875000
NODE_9958_length_862_cov_34.638270	388	468	2	40	80	0.5000000
NODE_9958_length_862_cov_34.638270	388	468	3	8	80	0.1000000
NODE_9958_length_862_cov_34.638270	388	468	4	9	80	0.1125000
NODE_9958_length_862_cov_34.638270	441	521	2	80	80	1.0000000
NODE_9959_length_862_cov_32.068152	468	548	6	65	80	0.8125000
NODE_9959_length_862_cov_32.068152	468	548	7	15	80	0.1875000
NODE_9959_length_862_cov_32.068152	521	601	2	12	80	0.1500000
NODE_9959_length_862_cov_32.068152	521	601	3	1	80	0.0125000
NODE_9959_length_862_cov_32.068152	521	601	4	37	80	0.4625000
NODE_9959_length_862_cov_32.068152	521	601	6	15	80	0.1875000
NODE_9959_length_862_cov_32.068152	521	601	7	15	80	0.1875000
NODE_9960_length_862_cov_23.584535	526	606	3	16	80	0.2000000
NODE_9960_length_862_cov_23.584535	526	606	5	12	80	0.1500000
NODE_9960_length_862_cov_23.584535	526	606	8	21	80	0.2625000
NODE_9960_length_862_cov_23.584535	526	606	10	31	80	0.3875000
NODE_9960_length_862_cov_23.584535	579	659	8	70	80	0.8750000
NODE_9960_length_862_cov_23.584535	579	659	10	10	80	0.1250000
NODE_9961_length_862_cov_19.980341	347	427	0	46	80	0.5750000
NODE_9961_length_862_cov_19.980341	347	427	2	34	80	0.4250000
NODE_9961_length_862_cov_19.980341	400	480	0	8	80	0.1000000
NODE_9961_length_862_cov_19.980341	400	480	2	72	80	0.9000000
NODE_9962_length_862_cov_19.079948	379	459	2	80	80	1.0000000
NODE_9962_length_862_cov_19.079948	432	512	1	13	80	0.1625000
NODE_9962_length_862_cov_19.079948	432	512	2	67	80	0.8375000
NODE_9963_length_862_cov_18.425950	94	174	0	80	80	1.0000000
NODE_9963_length_862_cov_18.425950	147	201	0	54	54	1.0000000
NODE_9963_length_862_cov_18.425950	392	472	3	30	80	0.3750000
NODE_9963_length_862_cov_18.425950	392	472	4	50	80	0.6250000
NODE_9963_length_862_cov_18.425950	445	525	1	27	80	0.3375000
NODE_9963_length_862_cov_18.425950	445	525	2	23	80	0.2875000
NODE_9963_length_862_cov_18.425950	445	525	3	30	80	0.3750000
NODE_9964_length_862_cov_11.740498	348	428	6	7	80	0.0875000
NODE_9964_length_862_cov_11.740498	348	428	7	46	80	0.5750000
NODE_9964_length_862_cov_11.740498	348	428	8	27	80	0.3375000
NODE_9964_length_862_cov_11.740498	401	481	2	1	80	0.0125000
NODE_9964_length_862_cov_11.740498	401	481	3	3	80	0.0375000
NODE_9964_length_862_cov_11.740498	401	481	4	18	80	0.2250000
NODE_9964_length_862_cov_11.740498	401	481	6	13	80	0.1625000
NODE_9964_length_862_cov_11.740498	401	481	7	17	80	0.2125000
NODE_9964_length_862_cov_11.740498	401	481	8	28	80	0.3500000
NODE_9965_length_862_cov_11.685452	292	372	1	80	80	1.0000000
NODE_9965_length_862_cov_11.685452	345	425	1	80	80	1.0000000
NODE_9966_length_862_cov_8.259502	385	465	2	28	80	0.3500000
NODE_9966_length_862_cov_8.259502	385	465	3	4	80	0.0500000
NODE_9966_length_862_cov_8.259502	385	465	4	34	80	0.4250000
NODE_9966_length_862_cov_8.259502	385	465	5	3	80	0.0375000
NODE_9966_length_862_cov_8.259502	385	465	6	11	80	0.1375000
NODE_9966_length_862_cov_8.259502	438	518	4	42	80	0.5250000
NODE_9966_length_862_cov_8.259502	438	518	5	38	80	0.4750000
NODE_9970_length_862_cov_2.895151	388	468	1	80	80	1.0000000
NODE_9970_length_862_cov_2.895151	441	521	0	44	80	0.5500000
NODE_9970_length_862_cov_2.895151	441	521	1	36	80	0.4500000
NODE_9984_length_861_cov_52.679790	450	530	4	2	80	0.0250000
NODE_9984_length_861_cov_52.679790	450	530	5	17	80	0.2125000
NODE_9984_length_861_cov_52.679790	450	530	6	33	80	0.4125000
NODE_9984_length_861_cov_52.679790	450	530	7	20	80	0.2500000
NODE_9984_length_861_cov_52.679790	450	530	8	8	80	0.1000000
NODE_9984_length_861_cov_52.679790	503	583	4	40	80	0.5000000
NODE_9984_length_861_cov_52.679790	503	583	5	1	80	0.0125000
NODE_9984_length_861_cov_52.679790	503	583	7	19	80	0.2375000
NODE_9984_length_861_cov_52.679790	503	583	8	20	80	0.2500000
NODE_9985_length_861_cov_34.868766	470	550	6	14	80	0.1750000
NODE_9985_length_861_cov_34.868766	470	550	7	10	80	0.1250000
NODE_9985_length_861_cov_34.868766	470	550	8	5	80	0.0625000
NODE_9985_length_861_cov_34.868766	470	550	9	17	80	0.2125000
NODE_9985_length_861_cov_34.868766	470	550	10	34	80	0.4250000
NODE_9985_length_861_cov_34.868766	523	603	1	11	80	0.1375000
NODE_9985_length_861_cov_34.868766	523	603	3	22	80	0.2750000
NODE_9985_length_861_cov_34.868766	523	603	4	19	80	0.2375000
NODE_9985_length_861_cov_34.868766	523	603	6	15	80	0.1875000
NODE_9985_length_861_cov_34.868766	523	603	7	10	80	0.1250000
NODE_9985_length_861_cov_34.868766	523	603	8	3	80	0.0375000
NODE_9986_length_861_cov_25.622047	145	225	5	7	80	0.0875000
NODE_9986_length_861_cov_25.622047	145	225	6	30	80	0.3750000
NODE_9986_length_861_cov_25.622047	145	225	7	11	80	0.1375000
NODE_9986_length_861_cov_25.622047	145	225	8	32	80	0.4000000
NODE_9986_length_861_cov_25.622047	198	278	4	16	80	0.2000000
NODE_9986_length_861_cov_25.622047	198	278	5	15	80	0.1875000
NODE_9986_length_861_cov_25.622047	198	278	6	9	80	0.1125000
NODE_9986_length_861_cov_25.622047	198	278	7	13	80	0.1625000
NODE_9986_length_861_cov_25.622047	198	278	8	27	80	0.3375000
NODE_9987_length_861_cov_22.052493	401	481	8	10	80	0.1250000
NODE_9987_length_861_cov_22.052493	401	481	9	23	80	0.2875000
NODE_9987_length_861_cov_22.052493	401	481	10	4	80	0.0500000
NODE_9987_length_861_cov_22.052493	401	481	11	39	80	0.4875000
NODE_9987_length_861_cov_22.052493	401	481	12	4	80	0.0500000
NODE_9987_length_861_cov_22.052493	454	534	5	11	80	0.1375000
NODE_9987_length_861_cov_22.052493	454	534	6	15	80	0.1875000
NODE_9987_length_861_cov_22.052493	454	534	8	7	80	0.0875000
NODE_9987_length_861_cov_22.052493	454	534	9	9	80	0.1125000
NODE_9987_length_861_cov_22.052493	454	534	10	11	80	0.1375000
NODE_9987_length_861_cov_22.052493	454	534	11	27	80	0.3375000
NODE_9988_length_861_cov_19.913386	400	480	1	38	80	0.4750000
NODE_9988_length_861_cov_19.913386	400	480	2	6	80	0.0750000
NODE_9988_length_861_cov_19.913386	400	480	3	36	80	0.4500000
NODE_9988_length_861_cov_19.913386	453	533	3	64	80	0.8000000
NODE_9988_length_861_cov_19.913386	453	533	4	16	80	0.2000000
NODE_9989_length_861_cov_15.237533	492	572	0	71	80	0.8875000
NODE_9989_length_861_cov_15.237533	492	572	1	9	80	0.1125000
NODE_9989_length_861_cov_15.237533	545	625	0	18	80	0.2250000
NODE_9989_length_861_cov_15.237533	545	625	1	62	80	0.7750000
NODE_9990_length_861_cov_12.460630	451	531	0	80	80	1.0000000
NODE_9990_length_861_cov_12.460630	504	584	0	80	80	1.0000000
NODE_9991_length_861_cov_9.463255	446	526	0	49	80	0.6125000
NODE_9991_length_861_cov_9.463255	446	526	1	31	80	0.3875000
NODE_9991_length_861_cov_9.463255	499	579	0	23	80	0.2875000
NODE_9991_length_861_cov_9.463255	499	579	1	57	80	0.7125000
NODE_9992_length_861_cov_9.435696	348	423	0	6	75	0.0800000
NODE_9992_length_861_cov_9.435696	348	423	1	69	75	0.9200000
NODE_9993_length_861_cov_7.009186	51	91	0	40	40	1.0000000
NODE_9993_length_861_cov_7.009186	185	265	0	80	80	1.0000000
NODE_9993_length_861_cov_7.009186	238	318	0	80	80	1.0000000
NODE_10019_length_860_cov_54.315375	245	325	0	8	80	0.1000000
NODE_10019_length_860_cov_54.315375	245	325	1	37	80	0.4625000
NODE_10019_length_860_cov_54.315375	245	325	2	6	80	0.0750000
NODE_10019_length_860_cov_54.315375	245	325	3	16	80	0.2000000
NODE_10019_length_860_cov_54.315375	245	325	5	13	80	0.1625000
NODE_10019_length_860_cov_54.315375	298	378	3	14	80	0.1750000
NODE_10019_length_860_cov_54.315375	298	378	5	45	80	0.5625000
NODE_10019_length_860_cov_54.315375	298	378	6	9	80	0.1125000
NODE_10019_length_860_cov_54.315375	298	378	7	7	80	0.0875000
NODE_10019_length_860_cov_54.315375	298	378	9	5	80	0.0625000
NODE_10019_length_860_cov_54.315375	374	454	6	8	80	0.1000000
NODE_10019_length_860_cov_54.315375	374	454	7	9	80	0.1125000
NODE_10019_length_860_cov_54.315375	374	454	8	8	80	0.1000000
NODE_10019_length_860_cov_54.315375	374	454	9	44	80	0.5500000
NODE_10019_length_860_cov_54.315375	374	454	10	11	80	0.1375000
NODE_10019_length_860_cov_54.315375	427	507	5	8	80	0.1000000
NODE_10019_length_860_cov_54.315375	427	507	6	46	80	0.5750000
NODE_10019_length_860_cov_54.315375	427	507	7	16	80	0.2000000
NODE_10019_length_860_cov_54.315375	427	507	8	4	80	0.0500000
NODE_10019_length_860_cov_54.315375	427	507	10	6	80	0.0750000
NODE_10020_length_860_cov_29.618922	356	436	3	14	80	0.1750000
NODE_10020_length_860_cov_29.618922	356	436	4	55	80	0.6875000
NODE_10020_length_860_cov_29.618922	356	436	6	11	80	0.1375000
NODE_10020_length_860_cov_29.618922	409	489	3	29	80	0.3625000
NODE_10020_length_860_cov_29.618922	409	489	4	17	80	0.2125000
NODE_10020_length_860_cov_29.618922	409	489	5	9	80	0.1125000
NODE_10020_length_860_cov_29.618922	409	489	6	25	80	0.3125000
NODE_10021_length_860_cov_15.152431	393	473	3	20	80	0.2500000
NODE_10021_length_860_cov_15.152431	393	473	4	3	80	0.0375000
NODE_10021_length_860_cov_15.152431	393	473	6	54	80	0.6750000
NODE_10021_length_860_cov_15.152431	393	473	7	3	80	0.0375000
NODE_10021_length_860_cov_15.152431	446	526	2	4	80	0.0500000
NODE_10021_length_860_cov_15.152431	446	526	4	6	80	0.0750000
NODE_10021_length_860_cov_15.152431	446	526	5	32	80	0.4000000
NODE_10021_length_860_cov_15.152431	446	526	6	38	80	0.4750000
NODE_10022_length_860_cov_11.320631	343	423	0	80	80	1.0000000
NODE_10022_length_860_cov_11.320631	396	476	0	67	80	0.8375000
NODE_10022_length_860_cov_11.320631	396	476	1	7	80	0.0875000
NODE_10022_length_860_cov_11.320631	396	476	2	6	80	0.0750000
NODE_10049_length_859_cov_48.173684	432	512	4	12	80	0.1500000
NODE_10049_length_859_cov_48.173684	432	512	5	64	80	0.8000000
NODE_10049_length_859_cov_48.173684	432	512	6	4	80	0.0500000
NODE_10049_length_859_cov_48.173684	485	565	5	42	80	0.5250000
NODE_10049_length_859_cov_48.173684	485	565	6	16	80	0.2000000
NODE_10049_length_859_cov_48.173684	485	565	7	22	80	0.2750000
NODE_10050_length_859_cov_24.957895	402	482	5	25	80	0.3125000
NODE_10050_length_859_cov_24.957895	402	482	6	6	80	0.0750000
NODE_10050_length_859_cov_24.957895	402	482	7	49	80	0.6125000
NODE_10050_length_859_cov_24.957895	455	535	2	15	80	0.1875000
NODE_10050_length_859_cov_24.957895	455	535	3	30	80	0.3750000
NODE_10050_length_859_cov_24.957895	455	535	4	2	80	0.0250000
NODE_10050_length_859_cov_24.957895	455	535	5	31	80	0.3875000
NODE_10050_length_859_cov_24.957895	455	535	7	2	80	0.0250000
NODE_10051_length_859_cov_23.431579	251	331	3	8	80	0.1000000
NODE_10051_length_859_cov_23.431579	251	331	5	6	80	0.0750000
NODE_10051_length_859_cov_23.431579	251	331	7	6	80	0.0750000
NODE_10051_length_859_cov_23.431579	251	331	8	8	80	0.1000000
NODE_10051_length_859_cov_23.431579	251	331	9	1	80	0.0125000
NODE_10051_length_859_cov_23.431579	251	331	10	37	80	0.4625000
NODE_10051_length_859_cov_23.431579	251	331	12	14	80	0.1750000
NODE_10051_length_859_cov_23.431579	304	384	10	19	80	0.2375000
NODE_10051_length_859_cov_23.431579	304	384	12	32	80	0.4000000
NODE_10051_length_859_cov_23.431579	304	384	13	29	80	0.3625000
NODE_10052_length_859_cov_20.523684	341	421	6	4	80	0.0500000
NODE_10052_length_859_cov_20.523684	341	421	7	5	80	0.0625000
NODE_10052_length_859_cov_20.523684	341	421	8	17	80	0.2125000
NODE_10052_length_859_cov_20.523684	341	421	9	44	80	0.5500000
NODE_10052_length_859_cov_20.523684	341	421	11	10	80	0.1250000
NODE_10052_length_859_cov_20.523684	394	474	7	35	80	0.4375000
NODE_10052_length_859_cov_20.523684	394	474	8	21	80	0.2625000
NODE_10052_length_859_cov_20.523684	394	474	9	15	80	0.1875000
NODE_10052_length_859_cov_20.523684	394	474	10	9	80	0.1125000
NODE_10053_length_859_cov_17.996053	316	396	5	18	80	0.2250000
NODE_10053_length_859_cov_17.996053	316	396	6	8	80	0.1000000
NODE_10053_length_859_cov_17.996053	316	396	7	54	80	0.6750000
NODE_10053_length_859_cov_17.996053	369	449	4	19	80	0.2375000
NODE_10053_length_859_cov_17.996053	369	449	5	33	80	0.4125000
NODE_10053_length_859_cov_17.996053	369	449	6	1	80	0.0125000
NODE_10053_length_859_cov_17.996053	369	449	7	27	80	0.3375000
NODE_10054_length_859_cov_16.757895	404	484	0	80	80	1.0000000
NODE_10054_length_859_cov_16.757895	457	537	0	80	80	1.0000000
NODE_10055_length_859_cov_15.852632	346	426	2	26	80	0.3250000
NODE_10055_length_859_cov_15.852632	346	426	3	54	80	0.6750000
NODE_10055_length_859_cov_15.852632	399	479	1	17	80	0.2125000
NODE_10055_length_859_cov_15.852632	399	479	2	20	80	0.2500000
NODE_10055_length_859_cov_15.852632	399	479	3	43	80	0.5375000
NODE_10056_length_859_cov_11.584211	407	487	0	20	80	0.2500000
NODE_10056_length_859_cov_11.584211	407	487	2	60	80	0.7500000
NODE_10056_length_859_cov_11.584211	460	540	2	63	80	0.7875000
NODE_10056_length_859_cov_11.584211	460	540	3	3	80	0.0375000
NODE_10056_length_859_cov_11.584211	460	540	4	14	80	0.1750000
NODE_10057_length_859_cov_10.296053	368	448	0	80	80	1.0000000
NODE_10057_length_859_cov_10.296053	421	501	0	80	80	1.0000000
NODE_10066_length_859_cov_2.359211	498	578	0	80	80	1.0000000
NODE_10066_length_859_cov_2.359211	551	631	0	80	80	1.0000000
NODE_10079_length_858_cov_54.677207	277	357	0	66	80	0.8250000
NODE_10079_length_858_cov_54.677207	277	357	1	14	80	0.1750000
NODE_10079_length_858_cov_54.677207	330	410	0	13	80	0.1625000
NODE_10079_length_858_cov_54.677207	330	410	1	64	80	0.8000000
NODE_10079_length_858_cov_54.677207	330	410	2	3	80	0.0375000
NODE_10080_length_858_cov_40.584980	500	580	7	67	80	0.8375000
NODE_10080_length_858_cov_40.584980	500	580	8	13	80	0.1625000
NODE_10080_length_858_cov_40.584980	553	633	2	13	80	0.1625000
NODE_10080_length_858_cov_40.584980	553	633	4	13	80	0.1625000
NODE_10080_length_858_cov_40.584980	553	633	5	10	80	0.1250000
NODE_10080_length_858_cov_40.584980	553	633	7	44	80	0.5500000
NODE_10081_length_858_cov_30.177866	363	443	9	12	80	0.1500000
NODE_10081_length_858_cov_30.177866	363	443	10	6	80	0.0750000
NODE_10081_length_858_cov_30.177866	363	443	11	4	80	0.0500000
NODE_10081_length_858_cov_30.177866	363	443	12	58	80	0.7250000
NODE_10081_length_858_cov_30.177866	416	496	1	8	80	0.1000000
NODE_10081_length_858_cov_30.177866	416	496	3	9	80	0.1125000
NODE_10081_length_858_cov_30.177866	416	496	4	7	80	0.0875000
NODE_10081_length_858_cov_30.177866	416	496	7	16	80	0.2000000
NODE_10081_length_858_cov_30.177866	416	496	9	10	80	0.1250000
NODE_10081_length_858_cov_30.177866	416	496	10	7	80	0.0875000
NODE_10081_length_858_cov_30.177866	416	496	12	23	80	0.2875000
NODE_10081_length_858_cov_30.177866	492	572	0	44	80	0.5500000
NODE_10081_length_858_cov_30.177866	492	572	1	36	80	0.4500000
NODE_10081_length_858_cov_30.177866	545	625	0	80	80	1.0000000
NODE_10082_length_858_cov_18.534914	371	451	6	17	80	0.2125000
NODE_10082_length_858_cov_18.534914	371	451	8	47	80	0.5875000
NODE_10082_length_858_cov_18.534914	371	451	10	16	80	0.2000000
NODE_10082_length_858_cov_18.534914	424	504	4	7	80	0.0875000
NODE_10082_length_858_cov_18.534914	424	504	6	4	80	0.0500000
NODE_10082_length_858_cov_18.534914	424	504	8	16	80	0.2000000
NODE_10082_length_858_cov_18.534914	424	504	9	4	80	0.0500000
NODE_10082_length_858_cov_18.534914	424	504	10	49	80	0.6125000
NODE_10083_length_858_cov_15.378129	232	312	1	80	80	1.0000000
NODE_10083_length_858_cov_15.378129	285	365	1	80	80	1.0000000
NODE_10084_length_858_cov_12.310935	335	415	1	50	80	0.6250000
NODE_10084_length_858_cov_12.310935	335	415	3	30	80	0.3750000
NODE_10084_length_858_cov_12.310935	388	468	2	28	80	0.3500000
NODE_10084_length_858_cov_12.310935	388	468	3	52	80	0.6500000
NODE_10085_length_858_cov_7.835310	396	479	1	9	83	0.1084337
NODE_10085_length_858_cov_7.835310	396	479	2	54	83	0.6506024
NODE_10085_length_858_cov_7.835310	396	479	3	20	83	0.2409639
NODE_10085_length_858_cov_7.835310	452	532	2	7	80	0.0875000
NODE_10085_length_858_cov_7.835310	452	532	3	31	80	0.3875000
NODE_10085_length_858_cov_7.835310	452	532	5	26	80	0.3250000
NODE_10085_length_858_cov_7.835310	452	532	6	16	80	0.2000000
NODE_10088_length_858_cov_4.953887	474	554	0	16	80	0.2000000
NODE_10088_length_858_cov_4.953887	474	554	2	4	80	0.0500000
NODE_10088_length_858_cov_4.953887	474	554	3	60	80	0.7500000
NODE_10088_length_858_cov_4.953887	527	607	3	73	80	0.9125000
NODE_10088_length_858_cov_4.953887	527	607	4	7	80	0.0875000
NODE_10091_length_858_cov_3.475626	428	502	0	74	74	1.0000000
NODE_10091_length_858_cov_3.475626	498	578	0	80	80	1.0000000
NODE_10091_length_858_cov_3.475626	551	631	0	52	80	0.6500000
NODE_10091_length_858_cov_3.475626	551	631	2	28	80	0.3500000
NODE_10108_length_857_cov_33.449868	384	455	5	5	71	0.0704225
NODE_10108_length_857_cov_33.449868	384	455	7	46	71	0.6478873
NODE_10108_length_857_cov_33.449868	384	455	8	9	71	0.1267606
NODE_10108_length_857_cov_33.449868	384	455	9	11	71	0.1549296
NODE_10108_length_857_cov_33.449868	437	518	2	6	81	0.0740741
NODE_10108_length_857_cov_33.449868	437	518	3	51	81	0.6296296
NODE_10108_length_857_cov_33.449868	437	518	5	11	81	0.1358025
NODE_10108_length_857_cov_33.449868	437	518	7	13	81	0.1604938
NODE_10109_length_857_cov_32.527704	391	471	0	1	80	0.0125000
NODE_10109_length_857_cov_32.527704	391	471	2	76	80	0.9500000
NODE_10109_length_857_cov_32.527704	391	471	4	3	80	0.0375000
NODE_10109_length_857_cov_32.527704	444	524	0	11	80	0.1375000
NODE_10109_length_857_cov_32.527704	444	524	2	69	80	0.8625000
NODE_10110_length_857_cov_27.853562	310	390	3	4	80	0.0500000
NODE_10110_length_857_cov_27.853562	310	390	4	13	80	0.1625000
NODE_10110_length_857_cov_27.853562	310	390	5	63	80	0.7875000
NODE_10110_length_857_cov_27.853562	363	443	3	13	80	0.1625000
NODE_10110_length_857_cov_27.853562	363	443	4	41	80	0.5125000
NODE_10110_length_857_cov_27.853562	363	443	5	26	80	0.3250000
NODE_10111_length_857_cov_24.654354	282	362	0	9	80	0.1125000
NODE_10111_length_857_cov_24.654354	282	362	1	10	80	0.1250000
NODE_10111_length_857_cov_24.654354	282	362	2	61	80	0.7625000
NODE_10111_length_857_cov_24.654354	335	415	2	80	80	1.0000000
NODE_10112_length_857_cov_22.604222	374	456	4	33	82	0.4024390
NODE_10112_length_857_cov_22.604222	374	456	5	6	82	0.0731707
NODE_10112_length_857_cov_22.604222	374	456	6	17	82	0.2073171
NODE_10112_length_857_cov_22.604222	374	456	7	26	82	0.3170732
NODE_10112_length_857_cov_22.604222	427	509	3	13	82	0.1585366
NODE_10112_length_857_cov_22.604222	427	509	5	42	82	0.5121951
NODE_10112_length_857_cov_22.604222	427	509	6	18	82	0.2195122
NODE_10112_length_857_cov_22.604222	427	509	7	9	82	0.1097561
NODE_10113_length_857_cov_17.399736	320	400	2	30	80	0.3750000
NODE_10113_length_857_cov_17.399736	320	400	3	47	80	0.5875000
NODE_10113_length_857_cov_17.399736	320	400	4	3	80	0.0375000
NODE_10113_length_857_cov_17.399736	373	453	2	13	80	0.1625000
NODE_10113_length_857_cov_17.399736	373	453	3	28	80	0.3500000
NODE_10113_length_857_cov_17.399736	373	453	4	39	80	0.4875000
NODE_10114_length_857_cov_17.069921	388	468	1	73	80	0.9125000
NODE_10114_length_857_cov_17.069921	388	468	2	7	80	0.0875000
NODE_10114_length_857_cov_17.069921	441	521	1	42	80	0.5250000
NODE_10114_length_857_cov_17.069921	441	521	2	38	80	0.4750000
NODE_10115_length_857_cov_11.816623	433	513	3	10	80	0.1250000
NODE_10115_length_857_cov_11.816623	433	513	4	70	80	0.8750000
NODE_10115_length_857_cov_11.816623	486	566	1	38	80	0.4750000
NODE_10115_length_857_cov_11.816623	486	566	2	1	80	0.0125000
NODE_10115_length_857_cov_11.816623	486	566	3	19	80	0.2375000
NODE_10115_length_857_cov_11.816623	486	566	4	22	80	0.2750000
NODE_10116_length_857_cov_6.733509	513	593	0	80	80	1.0000000
NODE_10117_length_857_cov_6.251979	298	378	0	80	80	1.0000000
NODE_10117_length_857_cov_6.251979	351	431	0	80	80	1.0000000
NODE_10118_length_857_cov_5.827177	323	403	0	31	80	0.3875000
NODE_10118_length_857_cov_5.827177	323	403	1	29	80	0.3625000
NODE_10118_length_857_cov_5.827177	323	403	3	20	80	0.2500000
NODE_10118_length_857_cov_5.827177	376	456	1	7	80	0.0875000
NODE_10118_length_857_cov_5.827177	376	456	3	73	80	0.9125000
NODE_10120_length_857_cov_4.530343	362	442	3	6	80	0.0750000
NODE_10120_length_857_cov_4.530343	362	442	4	34	80	0.4250000
NODE_10120_length_857_cov_4.530343	362	442	6	40	80	0.5000000
NODE_10120_length_857_cov_4.530343	415	495	3	1	80	0.0125000
NODE_10120_length_857_cov_4.530343	415	495	5	23	80	0.2875000
NODE_10120_length_857_cov_4.530343	415	495	6	56	80	0.7000000
NODE_10128_length_857_cov_1.464380	179	249	1	20	70	0.2857143
NODE_10128_length_857_cov_1.464380	179	249	3	50	70	0.7142857
NODE_10128_length_857_cov_1.464380	222	288	1	59	66	0.8939394
NODE_10128_length_857_cov_1.464380	222	288	3	7	66	0.1060606
NODE_10138_length_856_cov_39.147952	157	237	4	10	80	0.1250000
NODE_10138_length_856_cov_39.147952	157	237	5	23	80	0.2875000
NODE_10138_length_856_cov_39.147952	157	237	7	22	80	0.2750000
NODE_10138_length_856_cov_39.147952	157	237	8	1	80	0.0125000
NODE_10138_length_856_cov_39.147952	157	237	9	4	80	0.0500000
NODE_10138_length_856_cov_39.147952	157	237	10	8	80	0.1000000
NODE_10138_length_856_cov_39.147952	157	237	11	10	80	0.1250000
NODE_10138_length_856_cov_39.147952	157	237	12	2	80	0.0250000
NODE_10138_length_856_cov_39.147952	210	290	7	2	80	0.0250000
NODE_10138_length_856_cov_39.147952	210	290	8	1	80	0.0125000
NODE_10138_length_856_cov_39.147952	210	290	9	13	80	0.1625000
NODE_10138_length_856_cov_39.147952	210	290	10	35	80	0.4375000
NODE_10138_length_856_cov_39.147952	210	290	11	19	80	0.2375000
NODE_10138_length_856_cov_39.147952	210	290	12	10	80	0.1250000
NODE_10138_length_856_cov_39.147952	286	366	9	12	80	0.1500000
NODE_10138_length_856_cov_39.147952	286	366	10	36	80	0.4500000
NODE_10138_length_856_cov_39.147952	286	366	11	32	80	0.4000000
NODE_10138_length_856_cov_39.147952	339	419	6	34	80	0.4250000
NODE_10138_length_856_cov_39.147952	339	419	7	10	80	0.1250000
NODE_10138_length_856_cov_39.147952	339	419	8	8	80	0.1000000
NODE_10138_length_856_cov_39.147952	339	419	9	5	80	0.0625000
NODE_10138_length_856_cov_39.147952	339	419	10	15	80	0.1875000
NODE_10138_length_856_cov_39.147952	339	419	11	8	80	0.1000000
NODE_10139_length_856_cov_21.937913	353	433	2	11	80	0.1375000
NODE_10139_length_856_cov_21.937913	353	433	3	40	80	0.5000000
NODE_10139_length_856_cov_21.937913	353	433	4	8	80	0.1000000
NODE_10139_length_856_cov_21.937913	353	433	5	21	80	0.2625000
NODE_10139_length_856_cov_21.937913	406	486	3	3	80	0.0375000
NODE_10139_length_856_cov_21.937913	406	486	4	51	80	0.6375000
NODE_10139_length_856_cov_21.937913	406	486	5	26	80	0.3250000
NODE_10140_length_856_cov_20.227213	375	459	1	35	84	0.4166667
NODE_10140_length_856_cov_20.227213	375	459	2	49	84	0.5833333
NODE_10140_length_856_cov_20.227213	432	512	1	43	80	0.5375000
NODE_10140_length_856_cov_20.227213	432	512	2	37	80	0.4625000
NODE_10141_length_856_cov_18.445178	340	420	0	7	80	0.0875000
NODE_10141_length_856_cov_18.445178	340	420	1	22	80	0.2750000
NODE_10141_length_856_cov_18.445178	340	420	2	51	80	0.6375000
NODE_10141_length_856_cov_18.445178	393	473	2	49	80	0.6125000
NODE_10141_length_856_cov_18.445178	393	473	3	31	80	0.3875000
NODE_10142_length_856_cov_16.564069	462	543	1	81	81	1.0000000
NODE_10142_length_856_cov_16.564069	516	596	0	47	80	0.5875000
NODE_10142_length_856_cov_16.564069	516	596	1	33	80	0.4125000
NODE_10142_length_856_cov_16.564069	516	593	0	44	77	0.5714286
NODE_10142_length_856_cov_16.564069	516	593	1	33	77	0.4285714
NODE_10143_length_856_cov_15.803170	403	483	3	10	80	0.1250000
NODE_10143_length_856_cov_15.803170	403	483	5	70	80	0.8750000
NODE_10143_length_856_cov_15.803170	456	536	0	6	80	0.0750000
NODE_10143_length_856_cov_15.803170	456	536	3	57	80	0.7125000
NODE_10143_length_856_cov_15.803170	456	536	5	17	80	0.2125000
NODE_10144_length_856_cov_12.904888	345	425	2	10	80	0.1250000
NODE_10144_length_856_cov_12.904888	345	425	3	5	80	0.0625000
NODE_10144_length_856_cov_12.904888	345	425	6	19	80	0.2375000
NODE_10144_length_856_cov_12.904888	345	425	7	2	80	0.0250000
NODE_10144_length_856_cov_12.904888	345	425	8	27	80	0.3375000
NODE_10144_length_856_cov_12.904888	345	425	9	15	80	0.1875000
NODE_10144_length_856_cov_12.904888	345	425	11	2	80	0.0250000
NODE_10144_length_856_cov_12.904888	398	478	7	1	80	0.0125000
NODE_10144_length_856_cov_12.904888	398	478	8	9	80	0.1125000
NODE_10144_length_856_cov_12.904888	398	478	9	15	80	0.1875000
NODE_10144_length_856_cov_12.904888	398	478	11	55	80	0.6875000
NODE_10145_length_856_cov_9.881110	338	418	2	59	80	0.7375000
NODE_10145_length_856_cov_9.881110	338	418	3	21	80	0.2625000
NODE_10145_length_856_cov_9.881110	391	471	1	8	80	0.1000000
NODE_10145_length_856_cov_9.881110	391	471	2	36	80	0.4500000
NODE_10145_length_856_cov_9.881110	391	471	3	36	80	0.4500000
NODE_10146_length_856_cov_5.875826	405	485	0	25	80	0.3125000
NODE_10146_length_856_cov_5.875826	405	485	1	33	80	0.4125000
NODE_10146_length_856_cov_5.875826	405	485	3	22	80	0.2750000
NODE_10146_length_856_cov_5.875826	458	538	1	5	80	0.0625000
NODE_10146_length_856_cov_5.875826	458	538	3	38	80	0.4750000
NODE_10146_length_856_cov_5.875826	458	538	4	37	80	0.4625000
NODE_10149_length_856_cov_4.821664	466	546	0	80	80	1.0000000
NODE_10149_length_856_cov_4.821664	519	599	0	80	80	1.0000000
NODE_10151_length_856_cov_4.195509	248	328	2	23	80	0.2875000
NODE_10151_length_856_cov_4.195509	248	328	3	57	80	0.7125000
NODE_10151_length_856_cov_4.195509	301	381	2	29	80	0.3625000
NODE_10151_length_856_cov_4.195509	301	381	3	28	80	0.3500000
NODE_10151_length_856_cov_4.195509	301	381	4	23	80	0.2875000
NODE_10152_length_856_cov_3.899604	262	339	0	22	77	0.2857143
NODE_10152_length_856_cov_3.899604	262	339	1	55	77	0.7142857
NODE_10152_length_856_cov_3.899604	312	392	0	53	80	0.6625000
NODE_10152_length_856_cov_3.899604	312	392	1	5	80	0.0625000
NODE_10152_length_856_cov_3.899604	312	392	2	22	80	0.2750000
NODE_10176_length_855_cov_28.312169	541	621	3	43	80	0.5375000
NODE_10176_length_855_cov_28.312169	541	621	4	37	80	0.4625000
NODE_10176_length_855_cov_28.312169	594	674	3	12	80	0.1500000
NODE_10176_length_855_cov_28.312169	594	674	4	44	80	0.5500000
NODE_10176_length_855_cov_28.312169	594	674	5	24	80	0.3000000
NODE_10177_length_855_cov_19.392857	692	772	0	22	80	0.2750000
NODE_10177_length_855_cov_19.392857	692	772	2	58	80	0.7250000
NODE_10177_length_855_cov_19.392857	745	825	0	75	80	0.9375000
NODE_10177_length_855_cov_19.392857	745	825	2	5	80	0.0625000
NODE_10178_length_855_cov_13.402116	343	423	3	13	80	0.1625000
NODE_10178_length_855_cov_13.402116	343	423	4	18	80	0.2250000
NODE_10178_length_855_cov_13.402116	343	423	6	49	80	0.6125000
NODE_10178_length_855_cov_13.402116	396	476	3	29	80	0.3625000
NODE_10178_length_855_cov_13.402116	396	476	4	19	80	0.2375000
NODE_10178_length_855_cov_13.402116	396	476	6	32	80	0.4000000
NODE_10179_length_855_cov_13.116402	295	375	0	37	80	0.4625000
NODE_10179_length_855_cov_13.116402	295	375	4	9	80	0.1125000
NODE_10179_length_855_cov_13.116402	295	375	5	34	80	0.4250000
NODE_10179_length_855_cov_13.116402	348	428	5	80	80	1.0000000
NODE_10180_length_855_cov_11.179894	360	436	1	76	76	1.0000000
NODE_10180_length_855_cov_11.179894	409	489	1	80	80	1.0000000
NODE_10183_length_855_cov_8.593915	339	419	2	10	80	0.1250000
NODE_10183_length_855_cov_8.593915	339	419	3	70	80	0.8750000
NODE_10183_length_855_cov_8.593915	392	472	0	39	80	0.4875000
NODE_10183_length_855_cov_8.593915	392	472	1	9	80	0.1125000
NODE_10183_length_855_cov_8.593915	392	472	2	15	80	0.1875000
NODE_10183_length_855_cov_8.593915	392	472	3	17	80	0.2125000
NODE_10206_length_854_cov_64.200000	586	666	15	3	80	0.0375000
NODE_10206_length_854_cov_64.200000	586	666	16	15	80	0.1875000
NODE_10206_length_854_cov_64.200000	586	666	17	14	80	0.1750000
NODE_10206_length_854_cov_64.200000	586	666	18	6	80	0.0750000
NODE_10206_length_854_cov_64.200000	586	666	19	3	80	0.0375000
NODE_10206_length_854_cov_64.200000	586	666	20	7	80	0.0875000
NODE_10206_length_854_cov_64.200000	586	666	21	7	80	0.0875000
NODE_10206_length_854_cov_64.200000	586	666	22	12	80	0.1500000
NODE_10206_length_854_cov_64.200000	586	666	23	13	80	0.1625000
NODE_10206_length_854_cov_64.200000	639	719	14	11	80	0.1375000
NODE_10206_length_854_cov_64.200000	639	719	16	18	80	0.2250000
NODE_10206_length_854_cov_64.200000	639	719	18	6	80	0.0750000
NODE_10206_length_854_cov_64.200000	639	719	19	9	80	0.1125000
NODE_10206_length_854_cov_64.200000	639	719	21	6	80	0.0750000
NODE_10206_length_854_cov_64.200000	639	719	22	11	80	0.1375000
NODE_10206_length_854_cov_64.200000	639	719	23	19	80	0.2375000
NODE_10207_length_854_cov_46.037086	348	428	3	77	80	0.9625000
NODE_10207_length_854_cov_46.037086	348	428	4	3	80	0.0375000
NODE_10207_length_854_cov_46.037086	401	481	3	34	80	0.4250000
NODE_10207_length_854_cov_46.037086	401	481	5	10	80	0.1250000
NODE_10207_length_854_cov_46.037086	401	481	6	30	80	0.3750000
NODE_10207_length_854_cov_46.037086	401	481	7	6	80	0.0750000
NODE_10207_length_854_cov_46.037086	458	481	5	4	23	0.1739130
NODE_10207_length_854_cov_46.037086	458	481	6	13	23	0.5652174
NODE_10207_length_854_cov_46.037086	458	481	7	6	23	0.2608696
NODE_10208_length_854_cov_45.633113	393	473	7	10	80	0.1250000
NODE_10208_length_854_cov_45.633113	393	473	8	29	80	0.3625000
NODE_10208_length_854_cov_45.633113	393	473	9	9	80	0.1125000
NODE_10208_length_854_cov_45.633113	393	473	10	30	80	0.3750000
NODE_10208_length_854_cov_45.633113	393	473	11	2	80	0.0250000
NODE_10208_length_854_cov_45.633113	446	526	7	36	80	0.4500000
NODE_10208_length_854_cov_45.633113	446	526	8	35	80	0.4375000
NODE_10208_length_854_cov_45.633113	446	526	9	1	80	0.0125000
NODE_10208_length_854_cov_45.633113	446	526	10	8	80	0.1000000
NODE_10209_length_854_cov_40.407947	489	569	3	14	80	0.1750000
NODE_10209_length_854_cov_40.407947	489	569	4	16	80	0.2000000
NODE_10209_length_854_cov_40.407947	489	569	5	12	80	0.1500000
NODE_10209_length_854_cov_40.407947	489	569	6	35	80	0.4375000
NODE_10209_length_854_cov_40.407947	489	569	7	3	80	0.0375000
NODE_10209_length_854_cov_40.407947	542	622	6	41	80	0.5125000
NODE_10209_length_854_cov_40.407947	542	622	7	11	80	0.1375000
NODE_10209_length_854_cov_40.407947	542	622	8	28	80	0.3500000
NODE_10210_length_854_cov_29.773510	450	530	2	2	80	0.0250000
NODE_10210_length_854_cov_29.773510	450	530	3	19	80	0.2375000
NODE_10210_length_854_cov_29.773510	450	530	4	59	80	0.7375000
NODE_10210_length_854_cov_29.773510	503	583	3	32	80	0.4000000
NODE_10210_length_854_cov_29.773510	503	583	4	48	80	0.6000000
NODE_10211_length_854_cov_22.968212	318	398	3	5	80	0.0625000
NODE_10211_length_854_cov_22.968212	318	398	4	5	80	0.0625000
NODE_10211_length_854_cov_22.968212	318	398	6	12	80	0.1500000
NODE_10211_length_854_cov_22.968212	318	398	8	58	80	0.7250000
NODE_10211_length_854_cov_22.968212	371	451	5	12	80	0.1500000
NODE_10211_length_854_cov_22.968212	371	451	6	17	80	0.2125000
NODE_10211_length_854_cov_22.968212	371	451	7	8	80	0.1000000
NODE_10211_length_854_cov_22.968212	371	451	8	40	80	0.5000000
NODE_10211_length_854_cov_22.968212	371	451	9	3	80	0.0375000
NODE_10212_length_854_cov_18.038411	387	467	1	5	80	0.0625000
NODE_10212_length_854_cov_18.038411	387	467	2	22	80	0.2750000
NODE_10212_length_854_cov_18.038411	387	467	3	1	80	0.0125000
NODE_10212_length_854_cov_18.038411	387	467	5	52	80	0.6500000
NODE_10212_length_854_cov_18.038411	440	520	5	55	80	0.6875000
NODE_10212_length_854_cov_18.038411	440	520	6	25	80	0.3125000
NODE_10213_length_854_cov_13.774834	330	410	1	52	80	0.6500000
NODE_10213_length_854_cov_13.774834	330	410	2	18	80	0.2250000
NODE_10213_length_854_cov_13.774834	330	410	3	10	80	0.1250000
NODE_10213_length_854_cov_13.774834	383	463	2	70	80	0.8750000
NODE_10213_length_854_cov_13.774834	383	463	3	10	80	0.1250000
NODE_10214_length_854_cov_11.998675	366	446	0	23	80	0.2875000
NODE_10214_length_854_cov_11.998675	366	446	2	57	80	0.7125000
NODE_10214_length_854_cov_11.998675	419	499	0	19	80	0.2375000
NODE_10214_length_854_cov_11.998675	419	499	2	61	80	0.7625000
NODE_10215_length_854_cov_7.600000	298	378	2	9	80	0.1125000
NODE_10215_length_854_cov_7.600000	298	378	3	14	80	0.1750000
NODE_10215_length_854_cov_7.600000	298	378	4	57	80	0.7125000
NODE_10215_length_854_cov_7.600000	351	431	2	44	80	0.5500000
NODE_10215_length_854_cov_7.600000	351	431	3	5	80	0.0625000
NODE_10215_length_854_cov_7.600000	351	431	4	31	80	0.3875000
NODE_10218_length_854_cov_4.939073	603	633	0	7	30	0.2333333
NODE_10218_length_854_cov_4.939073	603	633	2	23	30	0.7666667
NODE_10226_length_854_cov_2.354967	613	633	0	20	20	1.0000000
NODE_10239_length_853_cov_61.988064	380	460	7	8	80	0.1000000
NODE_10239_length_853_cov_61.988064	380	460	8	9	80	0.1125000
NODE_10239_length_853_cov_61.988064	380	460	9	26	80	0.3250000
NODE_10239_length_853_cov_61.988064	380	460	11	1	80	0.0125000
NODE_10239_length_853_cov_61.988064	380	460	12	15	80	0.1875000
NODE_10239_length_853_cov_61.988064	380	460	13	9	80	0.1125000
NODE_10239_length_853_cov_61.988064	380	460	14	12	80	0.1500000
NODE_10239_length_853_cov_61.988064	433	513	12	15	80	0.1875000
NODE_10239_length_853_cov_61.988064	433	513	13	13	80	0.1625000
NODE_10239_length_853_cov_61.988064	433	513	14	52	80	0.6500000
NODE_10240_length_853_cov_33.683024	384	464	1	5	80	0.0625000
NODE_10240_length_853_cov_33.683024	384	464	2	6	80	0.0750000
NODE_10240_length_853_cov_33.683024	384	464	3	6	80	0.0750000
NODE_10240_length_853_cov_33.683024	384	464	4	7	80	0.0875000
NODE_10240_length_853_cov_33.683024	384	464	6	22	80	0.2750000
NODE_10240_length_853_cov_33.683024	384	464	8	14	80	0.1750000
NODE_10240_length_853_cov_33.683024	384	464	9	10	80	0.1250000
NODE_10240_length_853_cov_33.683024	384	464	10	7	80	0.0875000
NODE_10240_length_853_cov_33.683024	384	464	11	3	80	0.0375000
NODE_10240_length_853_cov_33.683024	437	517	8	7	80	0.0875000
NODE_10240_length_853_cov_33.683024	437	517	9	10	80	0.1250000
NODE_10240_length_853_cov_33.683024	437	517	10	7	80	0.0875000
NODE_10240_length_853_cov_33.683024	437	517	11	17	80	0.2125000
NODE_10240_length_853_cov_33.683024	437	517	12	17	80	0.2125000
NODE_10240_length_853_cov_33.683024	437	517	13	22	80	0.2750000
NODE_10241_length_853_cov_31.965517	224	305	3	9	81	0.1111111
NODE_10241_length_853_cov_31.965517	224	305	4	13	81	0.1604938
NODE_10241_length_853_cov_31.965517	224	305	6	7	81	0.0864198
NODE_10241_length_853_cov_31.965517	224	305	7	16	81	0.1975309
NODE_10241_length_853_cov_31.965517	224	305	8	9	81	0.1111111
NODE_10241_length_853_cov_31.965517	224	305	10	27	81	0.3333333
NODE_10241_length_853_cov_31.965517	278	358	6	1	80	0.0125000
NODE_10241_length_853_cov_31.965517	278	358	7	25	80	0.3125000
NODE_10241_length_853_cov_31.965517	278	358	9	18	80	0.2250000
NODE_10241_length_853_cov_31.965517	278	358	10	36	80	0.4500000
NODE_10241_length_853_cov_31.965517	354	434	3	20	80	0.2500000
NODE_10241_length_853_cov_31.965517	354	434	4	3	80	0.0375000
NODE_10241_length_853_cov_31.965517	354	434	5	24	80	0.3000000
NODE_10241_length_853_cov_31.965517	354	434	6	19	80	0.2375000
NODE_10241_length_853_cov_31.965517	354	434	7	14	80	0.1750000
NODE_10241_length_853_cov_31.965517	407	466	3	52	59	0.8813559
NODE_10241_length_853_cov_31.965517	407	466	4	3	59	0.0508475
NODE_10241_length_853_cov_31.965517	407	466	5	4	59	0.0677966
NODE_10242_length_853_cov_16.551724	247	327	2	20	80	0.2500000
NODE_10242_length_853_cov_16.551724	247	327	3	5	80	0.0625000
NODE_10242_length_853_cov_16.551724	247	327	4	11	80	0.1375000
NODE_10242_length_853_cov_16.551724	247	327	5	44	80	0.5500000
NODE_10242_length_853_cov_16.551724	300	380	2	47	80	0.5875000
NODE_10242_length_853_cov_16.551724	300	380	3	24	80	0.3000000
NODE_10242_length_853_cov_16.551724	300	380	4	7	80	0.0875000
NODE_10242_length_853_cov_16.551724	300	380	5	2	80	0.0250000
NODE_10242_length_853_cov_16.551724	376	456	3	33	80	0.4125000
NODE_10242_length_853_cov_16.551724	376	456	4	47	80	0.5875000
NODE_10242_length_853_cov_16.551724	429	509	2	11	80	0.1375000
NODE_10242_length_853_cov_16.551724	429	509	3	47	80	0.5875000
NODE_10242_length_853_cov_16.551724	429	509	5	22	80	0.2750000
NODE_10243_length_853_cov_15.395225	395	475	0	19	80	0.2375000
NODE_10243_length_853_cov_15.395225	395	475	1	30	80	0.3750000
NODE_10243_length_853_cov_15.395225	395	475	2	31	80	0.3875000
NODE_10243_length_853_cov_15.395225	448	528	2	80	80	1.0000000
NODE_10244_length_853_cov_15.086207	355	434	0	79	79	1.0000000
NODE_10244_length_853_cov_15.086207	408	488	0	80	80	1.0000000
NODE_10245_length_853_cov_14.929708	160	240	6	11	80	0.1375000
NODE_10245_length_853_cov_14.929708	160	240	8	12	80	0.1500000
NODE_10245_length_853_cov_14.929708	160	240	9	11	80	0.1375000
NODE_10245_length_853_cov_14.929708	160	240	10	35	80	0.4375000
NODE_10245_length_853_cov_14.929708	160	240	11	11	80	0.1375000
NODE_10245_length_853_cov_14.929708	213	293	4	20	80	0.2500000
NODE_10245_length_853_cov_14.929708	213	293	6	3	80	0.0375000
NODE_10245_length_853_cov_14.929708	213	293	8	26	80	0.3250000
NODE_10245_length_853_cov_14.929708	213	293	9	1	80	0.0125000
NODE_10245_length_853_cov_14.929708	213	293	10	19	80	0.2375000
NODE_10245_length_853_cov_14.929708	213	293	11	11	80	0.1375000
NODE_10246_length_853_cov_11.299735	395	475	1	69	80	0.8625000
NODE_10246_length_853_cov_11.299735	395	475	2	3	80	0.0375000
NODE_10246_length_853_cov_11.299735	395	475	3	8	80	0.1000000
NODE_10246_length_853_cov_11.299735	448	528	1	19	80	0.2375000
NODE_10246_length_853_cov_11.299735	448	528	3	61	80	0.7625000
NODE_10247_length_853_cov_9.571618	479	559	1	6	80	0.0750000
NODE_10247_length_853_cov_9.571618	479	559	3	39	80	0.4875000
NODE_10247_length_853_cov_9.571618	479	559	4	35	80	0.4375000
NODE_10247_length_853_cov_9.571618	532	612	4	80	80	1.0000000
NODE_10248_length_853_cov_7.828912	265	345	2	33	80	0.4125000
NODE_10248_length_853_cov_7.828912	265	345	3	35	80	0.4375000
NODE_10248_length_853_cov_7.828912	265	345	4	12	80	0.1500000
NODE_10248_length_853_cov_7.828912	318	398	3	77	80	0.9625000
NODE_10248_length_853_cov_7.828912	318	398	4	3	80	0.0375000
NODE_10249_length_853_cov_7.623342	255	335	8	80	80	1.0000000
NODE_10249_length_853_cov_7.623342	308	388	3	12	80	0.1500000
NODE_10249_length_853_cov_7.623342	308	388	4	19	80	0.2375000
NODE_10249_length_853_cov_7.623342	308	388	6	2	80	0.0250000
NODE_10249_length_853_cov_7.623342	308	388	8	47	80	0.5875000
NODE_10253_length_853_cov_3.173740	212	292	0	80	80	1.0000000
NODE_10253_length_853_cov_3.173740	265	343	0	78	78	1.0000000
NODE_10258_length_853_cov_1.823607	710	773	0	63	63	1.0000000
NODE_10258_length_853_cov_1.823607	711	773	0	62	62	1.0000000
NODE_10258_length_853_cov_1.823607	711	773	0	62	62	1.0000000
NODE_10258_length_853_cov_1.823607	746	826	0	80	80	1.0000000
NODE_10267_length_852_cov_30.022576	279	359	4	9	80	0.1125000
NODE_10267_length_852_cov_30.022576	279	359	5	3	80	0.0375000
NODE_10267_length_852_cov_30.022576	279	359	6	9	80	0.1125000
NODE_10267_length_852_cov_30.022576	279	359	8	11	80	0.1375000
NODE_10267_length_852_cov_30.022576	279	359	9	45	80	0.5625000
NODE_10267_length_852_cov_30.022576	279	359	10	3	80	0.0375000
NODE_10267_length_852_cov_30.022576	332	412	2	17	80	0.2125000
NODE_10267_length_852_cov_30.022576	332	412	4	3	80	0.0375000
NODE_10267_length_852_cov_30.022576	332	412	5	12	80	0.1500000
NODE_10267_length_852_cov_30.022576	332	412	6	1	80	0.0125000
NODE_10267_length_852_cov_30.022576	332	412	7	14	80	0.1750000
NODE_10267_length_852_cov_30.022576	332	412	9	30	80	0.3750000
NODE_10267_length_852_cov_30.022576	332	412	10	3	80	0.0375000
NODE_10268_length_852_cov_19.373174	353	433	1	42	80	0.5250000
NODE_10268_length_852_cov_19.373174	353	433	3	38	80	0.4750000
NODE_10268_length_852_cov_19.373174	406	486	2	37	80	0.4625000
NODE_10268_length_852_cov_19.373174	406	486	3	43	80	0.5375000
NODE_10269_length_852_cov_18.853918	297	377	6	23	80	0.2875000
NODE_10269_length_852_cov_18.853918	297	377	7	23	80	0.2875000
NODE_10269_length_852_cov_18.853918	297	377	8	1	80	0.0125000
NODE_10269_length_852_cov_18.853918	297	377	9	20	80	0.2500000
NODE_10269_length_852_cov_18.853918	297	377	10	13	80	0.1625000
NODE_10269_length_852_cov_18.853918	350	430	4	5	80	0.0625000
NODE_10269_length_852_cov_18.853918	350	430	5	25	80	0.3125000
NODE_10269_length_852_cov_18.853918	350	430	6	39	80	0.4875000
NODE_10269_length_852_cov_18.853918	350	430	7	11	80	0.1375000
NODE_10269_length_852_cov_18.853918	426	506	5	32	80	0.4000000
NODE_10269_length_852_cov_18.853918	426	506	6	48	80	0.6000000
NODE_10269_length_852_cov_18.853918	489	559	4	13	70	0.1857143
NODE_10269_length_852_cov_18.853918	489	559	5	6	70	0.0857143
NODE_10269_length_852_cov_18.853918	489	559	6	51	70	0.7285714
NODE_10270_length_852_cov_17.391766	472	552	4	5	80	0.0625000
NODE_10270_length_852_cov_17.391766	472	552	5	32	80	0.4000000
NODE_10270_length_852_cov_17.391766	472	552	6	13	80	0.1625000
NODE_10270_length_852_cov_17.391766	472	552	8	12	80	0.1500000
NODE_10270_length_852_cov_17.391766	472	552	9	8	80	0.1000000
NODE_10270_length_852_cov_17.391766	472	552	10	10	80	0.1250000
NODE_10270_length_852_cov_17.391766	525	605	8	9	80	0.1125000
NODE_10270_length_852_cov_17.391766	525	605	9	12	80	0.1500000
NODE_10270_length_852_cov_17.391766	525	605	10	59	80	0.7375000
NODE_10271_length_852_cov_8.818061	513	593	1	63	80	0.7875000
NODE_10271_length_852_cov_8.818061	513	593	2	17	80	0.2125000
NODE_10271_length_852_cov_8.818061	566	646	1	15	80	0.1875000
NODE_10271_length_852_cov_8.818061	566	646	2	65	80	0.8125000
NODE_10274_length_852_cov_4.403718	493	573	0	17	80	0.2125000
NODE_10274_length_852_cov_4.403718	493	573	2	63	80	0.7875000
NODE_10274_length_852_cov_4.403718	546	626	2	80	80	1.0000000
NODE_10285_length_851_cov_33.953457	329	409	9	11	80	0.1375000
NODE_10285_length_851_cov_33.953457	329	409	11	19	80	0.2375000
NODE_10285_length_851_cov_33.953457	329	409	12	50	80	0.6250000
NODE_10285_length_851_cov_33.953457	382	462	5	13	80	0.1625000
NODE_10285_length_851_cov_33.953457	382	462	7	3	80	0.0375000
NODE_10285_length_851_cov_33.953457	382	462	8	8	80	0.1000000
NODE_10285_length_851_cov_33.953457	382	462	9	16	80	0.2000000
NODE_10285_length_851_cov_33.953457	382	462	11	12	80	0.1500000
NODE_10285_length_851_cov_33.953457	382	462	12	28	80	0.3500000
NODE_10286_length_851_cov_30.488032	395	475	3	33	80	0.4125000
NODE_10286_length_851_cov_30.488032	395	475	4	47	80	0.5875000
NODE_10286_length_851_cov_30.488032	448	528	2	5	80	0.0625000
NODE_10286_length_851_cov_30.488032	448	528	3	9	80	0.1125000
NODE_10286_length_851_cov_30.488032	448	528	4	56	80	0.7000000
NODE_10286_length_851_cov_30.488032	448	528	5	10	80	0.1250000
NODE_10287_length_851_cov_27.481383	353	433	5	72	80	0.9000000
NODE_10287_length_851_cov_27.481383	353	433	6	6	80	0.0750000
NODE_10287_length_851_cov_27.481383	353	433	7	2	80	0.0250000
NODE_10287_length_851_cov_27.481383	406	486	4	15	80	0.1875000
NODE_10287_length_851_cov_27.481383	406	486	5	54	80	0.6750000
NODE_10287_length_851_cov_27.481383	406	486	6	1	80	0.0125000
NODE_10287_length_851_cov_27.481383	406	486	7	10	80	0.1250000
NODE_10288_length_851_cov_23.656915	345	425	2	1	80	0.0125000
NODE_10288_length_851_cov_23.656915	345	425	3	27	80	0.3375000
NODE_10288_length_851_cov_23.656915	345	425	5	41	80	0.5125000
NODE_10288_length_851_cov_23.656915	345	425	6	11	80	0.1375000
NODE_10288_length_851_cov_23.656915	398	478	4	25	80	0.3125000
NODE_10288_length_851_cov_23.656915	398	478	5	32	80	0.4000000
NODE_10288_length_851_cov_23.656915	398	478	6	23	80	0.2875000
NODE_10289_length_851_cov_19.769947	298	378	4	13	80	0.1625000
NODE_10289_length_851_cov_19.769947	298	378	6	67	80	0.8375000
NODE_10289_length_851_cov_19.769947	351	431	2	37	80	0.4625000
NODE_10289_length_851_cov_19.769947	351	431	4	18	80	0.2250000
NODE_10289_length_851_cov_19.769947	351	431	6	25	80	0.3125000
NODE_10290_length_851_cov_17.386968	459	539	0	80	80	1.0000000
NODE_10290_length_851_cov_17.386968	512	592	0	80	80	1.0000000
NODE_10291_length_851_cov_13.519947	323	403	0	80	80	1.0000000
NODE_10291_length_851_cov_13.519947	376	456	0	80	80	1.0000000
NODE_10292_length_851_cov_11.771277	403	483	0	33	80	0.4125000
NODE_10292_length_851_cov_11.771277	403	483	2	47	80	0.5875000
NODE_10292_length_851_cov_11.771277	456	536	0	17	80	0.2125000
NODE_10292_length_851_cov_11.771277	456	536	2	63	80	0.7875000
NODE_10293_length_851_cov_11.698138	227	307	0	80	80	1.0000000
NODE_10293_length_851_cov_11.698138	280	360	0	80	80	1.0000000
NODE_10293_length_851_cov_11.698138	356	436	0	80	80	1.0000000
NODE_10293_length_851_cov_11.698138	409	489	0	80	80	1.0000000
NODE_10294_length_851_cov_11.672872	372	452	2	42	80	0.5250000
NODE_10294_length_851_cov_11.672872	372	452	3	31	80	0.3875000
NODE_10294_length_851_cov_11.672872	372	452	4	7	80	0.0875000
NODE_10294_length_851_cov_11.672872	425	505	2	32	80	0.4000000
NODE_10294_length_851_cov_11.672872	425	505	3	20	80	0.2500000
NODE_10294_length_851_cov_11.672872	425	505	4	28	80	0.3500000
NODE_10295_length_851_cov_10.938830	418	499	2	22	81	0.2716049
NODE_10295_length_851_cov_10.938830	418	499	4	59	81	0.7283950
NODE_10296_length_851_cov_10.074468	454	534	3	72	80	0.9000000
NODE_10296_length_851_cov_10.074468	454	534	4	8	80	0.1000000
NODE_10296_length_851_cov_10.074468	507	587	2	3	80	0.0375000
NODE_10296_length_851_cov_10.074468	507	587	3	38	80	0.4750000
NODE_10296_length_851_cov_10.074468	507	587	4	39	80	0.4875000
NODE_10297_length_851_cov_7.599734	330	410	0	80	80	1.0000000
NODE_10297_length_851_cov_7.599734	383	463	0	80	80	1.0000000
NODE_10298_length_851_cov_5.639628	379	459	0	40	80	0.5000000
NODE_10298_length_851_cov_5.639628	379	459	2	40	80	0.5000000
NODE_10298_length_851_cov_5.639628	432	512	2	80	80	1.0000000
NODE_10300_length_851_cov_3.880319	729	765	0	36	36	1.0000000
NODE_10300_length_851_cov_3.880319	743	824	0	81	81	1.0000000
NODE_10301_length_851_cov_3.823138	380	460	0	80	80	1.0000000
NODE_10301_length_851_cov_3.823138	433	513	0	80	80	1.0000000
NODE_10318_length_851_cov_1.130319	33	103	0	70	70	1.0000000
NODE_10326_length_850_cov_36.527297	360	440	11	8	80	0.1000000
NODE_10326_length_850_cov_36.527297	360	440	12	42	80	0.5250000
NODE_10326_length_850_cov_36.527297	360	440	13	30	80	0.3750000
NODE_10326_length_850_cov_36.527297	413	493	1	1	80	0.0125000
NODE_10326_length_850_cov_36.527297	413	493	2	1	80	0.0125000
NODE_10326_length_850_cov_36.527297	413	493	3	2	80	0.0250000
NODE_10326_length_850_cov_36.527297	413	493	4	7	80	0.0875000
NODE_10326_length_850_cov_36.527297	413	493	6	4	80	0.0500000
NODE_10326_length_850_cov_36.527297	413	493	7	3	80	0.0375000
NODE_10326_length_850_cov_36.527297	413	493	8	15	80	0.1875000
NODE_10326_length_850_cov_36.527297	413	493	9	18	80	0.2250000
NODE_10326_length_850_cov_36.527297	413	493	11	2	80	0.0250000
NODE_10326_length_850_cov_36.527297	413	493	12	27	80	0.3375000
NODE_10327_length_850_cov_31.006658	330	410	1	27	80	0.3375000
NODE_10327_length_850_cov_31.006658	330	410	3	8	80	0.1000000
NODE_10327_length_850_cov_31.006658	330	410	4	45	80	0.5625000
NODE_10327_length_850_cov_31.006658	383	463	3	7	80	0.0875000
NODE_10327_length_850_cov_31.006658	383	463	4	73	80	0.9125000
NODE_10328_length_850_cov_30.460719	251	331	0	49	80	0.6125000
NODE_10328_length_850_cov_30.460719	251	331	2	31	80	0.3875000
NODE_10328_length_850_cov_30.460719	304	384	2	35	80	0.4375000
NODE_10328_length_850_cov_30.460719	304	384	4	45	80	0.5625000
NODE_10329_length_850_cov_25.263648	355	435	4	25	80	0.3125000
NODE_10329_length_850_cov_25.263648	355	435	5	22	80	0.2750000
NODE_10329_length_850_cov_25.263648	355	435	6	30	80	0.3750000
NODE_10329_length_850_cov_25.263648	355	435	7	3	80	0.0375000
NODE_10329_length_850_cov_25.263648	408	488	3	11	80	0.1375000
NODE_10329_length_850_cov_25.263648	408	488	4	57	80	0.7125000
NODE_10329_length_850_cov_25.263648	408	488	5	12	80	0.1500000
NODE_10330_length_850_cov_21.368842	290	370	4	6	80	0.0750000
NODE_10330_length_850_cov_21.368842	290	370	5	23	80	0.2875000
NODE_10330_length_850_cov_21.368842	290	370	6	12	80	0.1500000
NODE_10330_length_850_cov_21.368842	290	370	7	2	80	0.0250000
NODE_10330_length_850_cov_21.368842	290	370	8	8	80	0.1000000
NODE_10330_length_850_cov_21.368842	290	370	9	29	80	0.3625000
NODE_10330_length_850_cov_21.368842	343	423	7	13	80	0.1625000
NODE_10330_length_850_cov_21.368842	343	423	8	19	80	0.2375000
NODE_10330_length_850_cov_21.368842	343	423	9	48	80	0.6000000
NODE_10331_length_850_cov_20.500666	318	398	3	34	80	0.4250000
NODE_10331_length_850_cov_20.500666	318	398	4	45	80	0.5625000
NODE_10331_length_850_cov_20.500666	318	398	5	1	80	0.0125000
NODE_10331_length_850_cov_20.500666	371	451	3	26	80	0.3250000
NODE_10331_length_850_cov_20.500666	371	451	4	15	80	0.1875000
NODE_10331_length_850_cov_20.500666	371	451	5	39	80	0.4875000
NODE_10332_length_850_cov_17.268975	398	478	0	80	80	1.0000000
NODE_10332_length_850_cov_17.268975	451	531	0	80	80	1.0000000
NODE_10333_length_850_cov_14.728362	379	459	2	3	80	0.0375000
NODE_10333_length_850_cov_14.728362	379	459	3	77	80	0.9625000
NODE_10333_length_850_cov_14.728362	432	512	1	5	80	0.0625000
NODE_10333_length_850_cov_14.728362	432	512	2	51	80	0.6375000
NODE_10333_length_850_cov_14.728362	432	512	3	24	80	0.3000000
NODE_10334_length_850_cov_14.230360	313	393	2	17	80	0.2125000
NODE_10334_length_850_cov_14.230360	313	393	4	63	80	0.7875000
NODE_10334_length_850_cov_14.230360	366	446	0	12	80	0.1500000
NODE_10334_length_850_cov_14.230360	366	446	1	19	80	0.2375000
NODE_10334_length_850_cov_14.230360	366	446	4	49	80	0.6125000
NODE_10335_length_850_cov_12.387483	337	417	0	80	80	1.0000000
NODE_10335_length_850_cov_12.387483	390	470	0	59	80	0.7375000
NODE_10335_length_850_cov_12.387483	390	470	1	21	80	0.2625000
NODE_10335_length_850_cov_12.387483	466	545	1	64	79	0.8101266
NODE_10335_length_850_cov_12.387483	466	545	2	15	79	0.1898734
NODE_10335_length_850_cov_12.387483	518	598	1	12	80	0.1500000
NODE_10335_length_850_cov_12.387483	518	598	2	68	80	0.8500000
NODE_10336_length_850_cov_11.402130	329	409	4	23	80	0.2875000
NODE_10336_length_850_cov_11.402130	329	409	5	56	80	0.7000000
NODE_10336_length_850_cov_11.402130	329	409	6	1	80	0.0125000
NODE_10336_length_850_cov_11.402130	382	462	3	20	80	0.2500000
NODE_10336_length_850_cov_11.402130	382	462	4	11	80	0.1375000
NODE_10336_length_850_cov_11.402130	382	462	5	49	80	0.6125000
NODE_10337_length_850_cov_10.326232	330	410	0	2	80	0.0250000
NODE_10337_length_850_cov_10.326232	330	410	2	78	80	0.9750000
NODE_10337_length_850_cov_10.326232	383	463	0	55	80	0.6875000
NODE_10337_length_850_cov_10.326232	383	463	2	25	80	0.3125000
NODE_10338_length_850_cov_9.675100	464	544	4	46	80	0.5750000
NODE_10338_length_850_cov_9.675100	464	544	5	7	80	0.0875000
NODE_10338_length_850_cov_9.675100	464	544	6	27	80	0.3375000
NODE_10338_length_850_cov_9.675100	517	597	3	15	80	0.1875000
NODE_10338_length_850_cov_9.675100	517	597	4	23	80	0.2875000
NODE_10338_length_850_cov_9.675100	517	597	5	9	80	0.1125000
NODE_10338_length_850_cov_9.675100	517	597	6	33	80	0.4125000
NODE_10367_length_849_cov_43.137333	336	416	1	63	80	0.7875000
NODE_10367_length_849_cov_43.137333	336	416	2	17	80	0.2125000
NODE_10367_length_849_cov_43.137333	389	469	1	10	80	0.1250000
NODE_10367_length_849_cov_43.137333	389	469	2	50	80	0.6250000
NODE_10367_length_849_cov_43.137333	389	469	3	20	80	0.2500000
NODE_10368_length_849_cov_36.562667	326	406	0	31	80	0.3875000
NODE_10368_length_849_cov_36.562667	326	406	1	49	80	0.6125000
NODE_10368_length_849_cov_36.562667	379	459	1	41	80	0.5125000
NODE_10368_length_849_cov_36.562667	379	459	2	39	80	0.4875000
NODE_10369_length_849_cov_35.449333	408	488	9	2	80	0.0250000
NODE_10369_length_849_cov_35.449333	408	488	10	2	80	0.0250000
NODE_10369_length_849_cov_35.449333	408	488	11	3	80	0.0375000
NODE_10369_length_849_cov_35.449333	408	488	12	8	80	0.1000000
NODE_10369_length_849_cov_35.449333	408	488	13	34	80	0.4250000
NODE_10369_length_849_cov_35.449333	408	488	14	2	80	0.0250000
NODE_10369_length_849_cov_35.449333	408	488	15	29	80	0.3625000
NODE_10369_length_849_cov_35.449333	461	541	8	1	80	0.0125000
NODE_10369_length_849_cov_35.449333	461	541	9	14	80	0.1750000
NODE_10369_length_849_cov_35.449333	461	541	10	5	80	0.0625000
NODE_10369_length_849_cov_35.449333	461	541	12	37	80	0.4625000
NODE_10369_length_849_cov_35.449333	461	541	13	19	80	0.2375000
NODE_10369_length_849_cov_35.449333	461	541	15	4	80	0.0500000
NODE_10370_length_849_cov_29.989333	332	412	2	62	80	0.7750000
NODE_10370_length_849_cov_29.989333	332	412	3	18	80	0.2250000
NODE_10370_length_849_cov_29.989333	385	465	1	22	80	0.2750000
NODE_10370_length_849_cov_29.989333	385	465	2	9	80	0.1125000
NODE_10370_length_849_cov_29.989333	385	465	3	49	80	0.6125000
NODE_10371_length_849_cov_17.974667	343	423	3	61	80	0.7625000
NODE_10371_length_849_cov_17.974667	343	423	5	10	80	0.1250000
NODE_10371_length_849_cov_17.974667	343	423	6	9	80	0.1125000
NODE_10371_length_849_cov_17.974667	396	476	3	69	80	0.8625000
NODE_10371_length_849_cov_17.974667	396	476	5	10	80	0.1250000
NODE_10371_length_849_cov_17.974667	396	476	6	1	80	0.0125000
NODE_10372_length_849_cov_17.018667	360	440	3	58	80	0.7250000
NODE_10372_length_849_cov_17.018667	360	440	4	22	80	0.2750000
NODE_10372_length_849_cov_17.018667	416	493	3	55	77	0.7142857
NODE_10372_length_849_cov_17.018667	416	493	4	22	77	0.2857143
NODE_10373_length_849_cov_15.581333	287	367	0	69	80	0.8625000
NODE_10373_length_849_cov_15.581333	287	367	1	2	80	0.0250000
NODE_10373_length_849_cov_15.581333	287	367	2	9	80	0.1125000
NODE_10373_length_849_cov_15.581333	340	420	0	16	80	0.2000000
NODE_10373_length_849_cov_15.581333	340	420	1	2	80	0.0250000
NODE_10373_length_849_cov_15.581333	340	420	2	54	80	0.6750000
NODE_10373_length_849_cov_15.581333	340	420	3	8	80	0.1000000
NODE_10373_length_849_cov_15.581333	416	496	3	64	80	0.8000000
NODE_10373_length_849_cov_15.581333	416	496	4	16	80	0.2000000
NODE_10373_length_849_cov_15.581333	469	549	2	16	80	0.2000000
NODE_10373_length_849_cov_15.581333	469	549	3	38	80	0.4750000
NODE_10373_length_849_cov_15.581333	469	549	4	26	80	0.3250000
NODE_10374_length_849_cov_9.460000	370	450	1	16	80	0.2000000
NODE_10374_length_849_cov_9.460000	370	450	2	64	80	0.8000000
NODE_10374_length_849_cov_9.460000	423	503	1	38	80	0.4750000
NODE_10374_length_849_cov_9.460000	423	503	2	42	80	0.5250000
NODE_10375_length_849_cov_4.893333	427	507	0	80	80	1.0000000
NODE_10375_length_849_cov_4.893333	480	560	0	80	80	1.0000000
NODE_10376_length_849_cov_4.860000	380	460	0	80	80	1.0000000
NODE_10376_length_849_cov_4.860000	433	513	0	80	80	1.0000000
NODE_10379_length_849_cov_2.761333	254	334	0	80	80	1.0000000
NODE_10396_length_848_cov_27.287049	253	333	0	51	80	0.6375000
NODE_10396_length_848_cov_27.287049	253	333	1	29	80	0.3625000
NODE_10396_length_848_cov_27.287049	306	386	1	80	80	1.0000000
NODE_10396_length_848_cov_27.287049	382	458	1	10	76	0.1315790
NODE_10396_length_848_cov_27.287049	382	458	2	7	76	0.0921053
NODE_10396_length_848_cov_27.287049	382	458	4	5	76	0.0657895
NODE_10396_length_848_cov_27.287049	382	458	5	2	76	0.0263158
NODE_10396_length_848_cov_27.287049	382	458	6	4	76	0.0526316
NODE_10396_length_848_cov_27.287049	382	458	7	4	76	0.0526316
NODE_10396_length_848_cov_27.287049	382	458	8	44	76	0.5789474
NODE_10396_length_848_cov_27.287049	435	513	6	3	78	0.0384615
NODE_10396_length_848_cov_27.287049	435	513	7	37	78	0.4743590
NODE_10396_length_848_cov_27.287049	435	513	8	38	78	0.4871795
NODE_10397_length_848_cov_23.511348	248	328	2	52	80	0.6500000
NODE_10397_length_848_cov_23.511348	248	328	3	2	80	0.0250000
NODE_10397_length_848_cov_23.511348	248	328	5	10	80	0.1250000
NODE_10397_length_848_cov_23.511348	248	328	6	16	80	0.2000000
NODE_10397_length_848_cov_23.511348	301	381	3	1	80	0.0125000
NODE_10397_length_848_cov_23.511348	301	381	5	10	80	0.1250000
NODE_10397_length_848_cov_23.511348	301	381	6	21	80	0.2625000
NODE_10397_length_848_cov_23.511348	301	381	7	23	80	0.2875000
NODE_10397_length_848_cov_23.511348	301	381	9	16	80	0.2000000
NODE_10397_length_848_cov_23.511348	301	381	10	9	80	0.1125000
NODE_10397_length_848_cov_23.511348	377	457	6	16	80	0.2000000
NODE_10397_length_848_cov_23.511348	377	457	7	7	80	0.0875000
NODE_10397_length_848_cov_23.511348	377	457	8	45	80	0.5625000
NODE_10397_length_848_cov_23.511348	377	457	9	10	80	0.1250000
NODE_10397_length_848_cov_23.511348	377	457	10	2	80	0.0250000
NODE_10397_length_848_cov_23.511348	430	508	3	2	78	0.0256410
NODE_10397_length_848_cov_23.511348	430	508	5	23	78	0.2948718
NODE_10397_length_848_cov_23.511348	430	508	6	21	78	0.2692308
NODE_10397_length_848_cov_23.511348	430	508	7	12	78	0.1538462
NODE_10397_length_848_cov_23.511348	430	508	8	20	78	0.2564103
NODE_10398_length_848_cov_21.939920	295	375	4	20	80	0.2500000
NODE_10398_length_848_cov_21.939920	295	375	5	60	80	0.7500000
NODE_10398_length_848_cov_21.939920	348	428	3	15	80	0.1875000
NODE_10398_length_848_cov_21.939920	348	428	4	38	80	0.4750000
NODE_10398_length_848_cov_21.939920	348	428	5	27	80	0.3375000
NODE_10399_length_848_cov_21.937250	434	514	3	2	80	0.0250000
NODE_10399_length_848_cov_21.937250	434	514	4	25	80	0.3125000
NODE_10399_length_848_cov_21.937250	434	514	5	3	80	0.0375000
NODE_10399_length_848_cov_21.937250	434	514	6	49	80	0.6125000
NODE_10399_length_848_cov_21.937250	434	514	7	1	80	0.0125000
NODE_10399_length_848_cov_21.937250	487	567	3	2	80	0.0250000
NODE_10399_length_848_cov_21.937250	487	567	4	78	80	0.9750000
NODE_10400_length_848_cov_19.500668	367	392	0	25	25	1.0000000
NODE_10400_length_848_cov_19.500668	388	468	0	44	80	0.5500000
NODE_10400_length_848_cov_19.500668	388	468	1	36	80	0.4500000
NODE_10400_length_848_cov_19.500668	441	521	1	51	80	0.6375000
NODE_10400_length_848_cov_19.500668	441	521	2	29	80	0.3625000
NODE_10400_length_848_cov_19.500668	443	512	1	49	69	0.7101449
NODE_10400_length_848_cov_19.500668	443	512	2	20	69	0.2898551
NODE_10400_length_848_cov_19.500668	443	472	1	29	29	1.0000000
NODE_10401_length_848_cov_16.566088	323	403	0	80	80	1.0000000
NODE_10401_length_848_cov_16.566088	376	456	0	80	80	1.0000000
NODE_10402_length_848_cov_16.109479	256	336	0	80	80	1.0000000
NODE_10402_length_848_cov_16.109479	309	389	0	76	80	0.9500000
NODE_10402_length_848_cov_16.109479	309	389	1	1	80	0.0125000
NODE_10402_length_848_cov_16.109479	309	389	3	3	80	0.0375000
NODE_10402_length_848_cov_16.109479	385	465	1	1	80	0.0125000
NODE_10402_length_848_cov_16.109479	385	465	3	19	80	0.2375000
NODE_10402_length_848_cov_16.109479	385	465	4	60	80	0.7500000
NODE_10402_length_848_cov_16.109479	438	518	4	80	80	1.0000000
NODE_10403_length_848_cov_15.919893	492	568	3	20	76	0.2631579
NODE_10403_length_848_cov_15.919893	492	568	4	56	76	0.7368421
NODE_10403_length_848_cov_15.919893	541	621	1	9	80	0.1125000
NODE_10403_length_848_cov_15.919893	541	621	2	3	80	0.0375000
NODE_10403_length_848_cov_15.919893	541	621	4	68	80	0.8500000
NODE_10404_length_848_cov_13.979973	269	349	0	80	80	1.0000000
NODE_10404_length_848_cov_13.979973	322	402	0	80	80	1.0000000
NODE_10405_length_848_cov_13.073431	343	423	4	2	80	0.0250000
NODE_10405_length_848_cov_13.073431	343	423	6	27	80	0.3375000
NODE_10405_length_848_cov_13.073431	343	423	8	51	80	0.6375000
NODE_10405_length_848_cov_13.073431	396	476	6	13	80	0.1625000
NODE_10405_length_848_cov_13.073431	396	476	7	25	80	0.3125000
NODE_10405_length_848_cov_13.073431	396	476	8	42	80	0.5250000
NODE_10406_length_848_cov_8.523364	232	312	2	17	80	0.2125000
NODE_10406_length_848_cov_8.523364	232	312	3	61	80	0.7625000
NODE_10406_length_848_cov_8.523364	232	312	4	2	80	0.0250000
NODE_10406_length_848_cov_8.523364	285	365	2	25	80	0.3125000
NODE_10406_length_848_cov_8.523364	285	365	3	25	80	0.3125000
NODE_10406_length_848_cov_8.523364	285	365	4	30	80	0.3750000
NODE_10406_length_848_cov_8.523364	361	441	1	42	80	0.5250000
NODE_10406_length_848_cov_8.523364	361	441	2	38	80	0.4750000
NODE_10406_length_848_cov_8.523364	414	494	0	34	80	0.4250000
NODE_10406_length_848_cov_8.523364	414	494	1	46	80	0.5750000
NODE_10408_length_848_cov_5.903872	251	331	0	33	80	0.4125000
NODE_10408_length_848_cov_5.903872	251	331	2	47	80	0.5875000
NODE_10408_length_848_cov_5.903872	304	383	0	29	79	0.3670886
NODE_10408_length_848_cov_5.903872	304	383	2	50	79	0.6329114
NODE_10409_length_848_cov_5.236315	378	458	0	80	80	1.0000000
NODE_10409_length_848_cov_5.236315	431	507	0	76	76	1.0000000
NODE_10424_length_847_cov_56.417112	576	656	15	14	80	0.1750000
NODE_10424_length_847_cov_56.417112	576	656	16	20	80	0.2500000
NODE_10424_length_847_cov_56.417112	576	656	17	2	80	0.0250000
NODE_10424_length_847_cov_56.417112	576	656	19	10	80	0.1250000
NODE_10424_length_847_cov_56.417112	576	656	20	34	80	0.4250000
NODE_10424_length_847_cov_56.417112	629	709	10	9	80	0.1125000
NODE_10424_length_847_cov_56.417112	629	709	11	1	80	0.0125000
NODE_10424_length_847_cov_56.417112	629	709	12	16	80	0.2000000
NODE_10424_length_847_cov_56.417112	629	709	13	19	80	0.2375000
NODE_10424_length_847_cov_56.417112	629	709	14	5	80	0.0625000
NODE_10424_length_847_cov_56.417112	629	709	15	6	80	0.0750000
NODE_10424_length_847_cov_56.417112	629	709	16	15	80	0.1875000
NODE_10424_length_847_cov_56.417112	629	709	17	2	80	0.0250000
NODE_10424_length_847_cov_56.417112	629	709	19	7	80	0.0875000
NODE_10425_length_847_cov_27.292781	390	470	12	3	80	0.0375000
NODE_10425_length_847_cov_27.292781	390	470	13	2	80	0.0250000
NODE_10425_length_847_cov_27.292781	390	470	14	14	80	0.1750000
NODE_10425_length_847_cov_27.292781	390	470	15	24	80	0.3000000
NODE_10425_length_847_cov_27.292781	390	470	16	12	80	0.1500000
NODE_10425_length_847_cov_27.292781	390	470	17	25	80	0.3125000
NODE_10425_length_847_cov_27.292781	443	523	6	4	80	0.0500000
NODE_10425_length_847_cov_27.292781	443	523	7	14	80	0.1750000
NODE_10425_length_847_cov_27.292781	443	523	8	3	80	0.0375000
NODE_10425_length_847_cov_27.292781	443	523	9	13	80	0.1625000
NODE_10425_length_847_cov_27.292781	443	523	10	8	80	0.1000000
NODE_10425_length_847_cov_27.292781	443	523	12	8	80	0.1000000
NODE_10425_length_847_cov_27.292781	443	523	14	17	80	0.2125000
NODE_10425_length_847_cov_27.292781	443	523	15	13	80	0.1625000
NODE_10426_length_847_cov_24.954545	342	422	7	12	80	0.1500000
NODE_10426_length_847_cov_24.954545	342	422	8	6	80	0.0750000
NODE_10426_length_847_cov_24.954545	342	422	9	13	80	0.1625000
NODE_10426_length_847_cov_24.954545	342	422	10	23	80	0.2875000
NODE_10426_length_847_cov_24.954545	342	422	11	9	80	0.1125000
NODE_10426_length_847_cov_24.954545	342	422	12	9	80	0.1125000
NODE_10426_length_847_cov_24.954545	342	422	13	7	80	0.0875000
NODE_10426_length_847_cov_24.954545	342	422	14	1	80	0.0125000
NODE_10426_length_847_cov_24.954545	395	475	8	11	80	0.1375000
NODE_10426_length_847_cov_24.954545	395	475	9	45	80	0.5625000
NODE_10426_length_847_cov_24.954545	395	475	10	24	80	0.3000000
NODE_10427_length_847_cov_20.310160	341	421	3	2	80	0.0250000
NODE_10427_length_847_cov_20.310160	341	421	4	78	80	0.9750000
NODE_10427_length_847_cov_20.310160	394	474	1	22	80	0.2750000
NODE_10427_length_847_cov_20.310160	394	474	2	15	80	0.1875000
NODE_10427_length_847_cov_20.310160	394	474	4	43	80	0.5375000
NODE_10428_length_847_cov_19.002674	368	448	1	19	80	0.2375000
NODE_10428_length_847_cov_19.002674	368	448	2	61	80	0.7625000
NODE_10428_length_847_cov_19.002674	421	501	1	72	80	0.9000000
NODE_10428_length_847_cov_19.002674	421	501	2	8	80	0.1000000
NODE_10429_length_847_cov_16.879679	218	298	6	50	80	0.6250000
NODE_10429_length_847_cov_16.879679	218	298	7	30	80	0.3750000
NODE_10429_length_847_cov_16.879679	271	351	4	14	80	0.1750000
NODE_10429_length_847_cov_16.879679	271	351	6	34	80	0.4250000
NODE_10429_length_847_cov_16.879679	271	351	7	32	80	0.4000000
NODE_10431_length_847_cov_11.784759	298	378	1	4	80	0.0500000
NODE_10431_length_847_cov_11.784759	298	378	2	51	80	0.6375000
NODE_10431_length_847_cov_11.784759	298	378	3	21	80	0.2625000
NODE_10431_length_847_cov_11.784759	298	378	4	4	80	0.0500000
NODE_10431_length_847_cov_11.784759	351	431	1	40	80	0.5000000
NODE_10431_length_847_cov_11.784759	351	431	2	40	80	0.5000000
NODE_10431_length_847_cov_11.784759	427	507	1	80	80	1.0000000
NODE_10431_length_847_cov_11.784759	480	560	0	15	80	0.1875000
NODE_10431_length_847_cov_11.784759	480	560	1	65	80	0.8125000
NODE_10432_length_847_cov_11.604278	407	487	0	15	80	0.1875000
NODE_10432_length_847_cov_11.604278	407	487	1	65	80	0.8125000
NODE_10432_length_847_cov_11.604278	460	540	1	80	80	1.0000000
NODE_10433_length_847_cov_10.221925	395	475	1	13	80	0.1625000
NODE_10433_length_847_cov_10.221925	395	475	2	5	80	0.0625000
NODE_10433_length_847_cov_10.221925	395	475	3	8	80	0.1000000
NODE_10433_length_847_cov_10.221925	395	475	4	54	80	0.6750000
NODE_10433_length_847_cov_10.221925	448	528	0	51	80	0.6375000
NODE_10433_length_847_cov_10.221925	448	528	1	15	80	0.1875000
NODE_10433_length_847_cov_10.221925	448	528	2	5	80	0.0625000
NODE_10433_length_847_cov_10.221925	448	528	3	8	80	0.1000000
NODE_10433_length_847_cov_10.221925	448	528	4	1	80	0.0125000
NODE_10434_length_847_cov_4.602941	97	154	2	5	57	0.0877193
NODE_10434_length_847_cov_4.602941	97	154	4	52	57	0.9122807
NODE_10434_length_847_cov_4.602941	127	207	0	19	80	0.2375000
NODE_10434_length_847_cov_4.602941	127	207	2	28	80	0.3500000
NODE_10434_length_847_cov_4.602941	127	207	4	33	80	0.4125000
NODE_10456_length_846_cov_39.476573	336	416	0	8	80	0.1000000
NODE_10456_length_846_cov_39.476573	336	416	2	61	80	0.7625000
NODE_10456_length_846_cov_39.476573	336	416	4	11	80	0.1375000
NODE_10456_length_846_cov_39.476573	389	469	2	16	80	0.2000000
NODE_10456_length_846_cov_39.476573	389	469	4	59	80	0.7375000
NODE_10456_length_846_cov_39.476573	389	469	5	5	80	0.0625000
NODE_10456_length_846_cov_39.476573	465	545	5	22	80	0.2750000
NODE_10456_length_846_cov_39.476573	465	545	6	36	80	0.4500000
NODE_10456_length_846_cov_39.476573	465	545	7	15	80	0.1875000
NODE_10456_length_846_cov_39.476573	465	545	8	2	80	0.0250000
NODE_10456_length_846_cov_39.476573	465	545	9	5	80	0.0625000
NODE_10456_length_846_cov_39.476573	518	598	4	1	80	0.0125000
NODE_10456_length_846_cov_39.476573	518	598	6	79	80	0.9875000
NODE_10457_length_846_cov_37.297189	312	392	9	13	80	0.1625000
NODE_10457_length_846_cov_37.297189	312	392	11	31	80	0.3875000
NODE_10457_length_846_cov_37.297189	312	392	12	2	80	0.0250000
NODE_10457_length_846_cov_37.297189	312	392	13	27	80	0.3375000
NODE_10457_length_846_cov_37.297189	312	392	14	7	80	0.0875000
NODE_10457_length_846_cov_37.297189	365	445	8	12	80	0.1500000
NODE_10457_length_846_cov_37.297189	365	445	11	11	80	0.1375000
NODE_10457_length_846_cov_37.297189	365	445	13	38	80	0.4750000
NODE_10457_length_846_cov_37.297189	365	445	14	19	80	0.2375000
NODE_10458_length_846_cov_32.852744	279	359	3	9	80	0.1125000
NODE_10458_length_846_cov_32.852744	279	359	4	10	80	0.1250000
NODE_10458_length_846_cov_32.852744	279	359	5	18	80	0.2250000
NODE_10458_length_846_cov_32.852744	279	359	6	3	80	0.0375000
NODE_10458_length_846_cov_32.852744	279	359	7	10	80	0.1250000
NODE_10458_length_846_cov_32.852744	279	359	9	30	80	0.3750000
NODE_10458_length_846_cov_32.852744	332	412	1	10	80	0.1250000
NODE_10458_length_846_cov_32.852744	332	412	2	4	80	0.0500000
NODE_10458_length_846_cov_32.852744	332	412	3	11	80	0.1375000
NODE_10458_length_846_cov_32.852744	332	412	4	47	80	0.5875000
NODE_10458_length_846_cov_32.852744	332	412	5	8	80	0.1000000
NODE_10459_length_846_cov_31.717537	290	370	3	48	80	0.6000000
NODE_10459_length_846_cov_31.717537	290	370	4	32	80	0.4000000
NODE_10459_length_846_cov_31.717537	343	423	2	6	80	0.0750000
NODE_10459_length_846_cov_31.717537	343	423	3	27	80	0.3375000
NODE_10459_length_846_cov_31.717537	343	423	4	47	80	0.5875000
NODE_10460_length_846_cov_24.380187	350	430	1	32	80	0.4000000
NODE_10460_length_846_cov_24.380187	350	430	2	40	80	0.5000000
NODE_10460_length_846_cov_24.380187	350	430	3	8	80	0.1000000
NODE_10460_length_846_cov_24.380187	403	483	2	55	80	0.6875000
NODE_10460_length_846_cov_24.380187	403	483	3	25	80	0.3125000
NODE_10461_length_846_cov_16.155288	364	444	6	9	80	0.1125000
NODE_10461_length_846_cov_16.155288	364	444	7	7	80	0.0875000
NODE_10461_length_846_cov_16.155288	364	444	8	19	80	0.2375000
NODE_10461_length_846_cov_16.155288	364	444	9	45	80	0.5625000
NODE_10461_length_846_cov_16.155288	417	497	2	2	80	0.0250000
NODE_10461_length_846_cov_16.155288	417	497	3	17	80	0.2125000
NODE_10461_length_846_cov_16.155288	417	497	4	6	80	0.0750000
NODE_10461_length_846_cov_16.155288	417	497	6	26	80	0.3250000
NODE_10461_length_846_cov_16.155288	417	497	7	1	80	0.0125000
NODE_10461_length_846_cov_16.155288	417	497	8	20	80	0.2500000
NODE_10461_length_846_cov_16.155288	417	497	9	8	80	0.1000000
NODE_10462_length_846_cov_15.917001	398	478	1	64	80	0.8000000
NODE_10462_length_846_cov_15.917001	398	478	2	16	80	0.2000000
NODE_10462_length_846_cov_15.917001	451	531	1	80	80	1.0000000
NODE_10463_length_846_cov_15.275770	355	435	2	5	80	0.0625000
NODE_10463_length_846_cov_15.275770	355	435	4	70	80	0.8750000
NODE_10463_length_846_cov_15.275770	355	435	5	5	80	0.0625000
NODE_10463_length_846_cov_15.275770	408	488	4	27	80	0.3375000
NODE_10463_length_846_cov_15.275770	408	488	5	46	80	0.5750000
NODE_10463_length_846_cov_15.275770	408	488	6	7	80	0.0875000
NODE_10464_length_846_cov_13.618474	216	296	1	3	80	0.0375000
NODE_10464_length_846_cov_13.618474	216	296	2	6	80	0.0750000
NODE_10464_length_846_cov_13.618474	216	296	3	2	80	0.0250000
NODE_10464_length_846_cov_13.618474	216	296	4	20	80	0.2500000
NODE_10464_length_846_cov_13.618474	216	296	5	27	80	0.3375000
NODE_10464_length_846_cov_13.618474	216	296	6	22	80	0.2750000
NODE_10464_length_846_cov_13.618474	269	349	5	24	80	0.3000000
NODE_10464_length_846_cov_13.618474	269	349	6	30	80	0.3750000
NODE_10464_length_846_cov_13.618474	269	349	7	26	80	0.3250000
NODE_10464_length_846_cov_13.618474	345	425	3	8	80	0.1000000
NODE_10464_length_846_cov_13.618474	345	425	4	40	80	0.5000000
NODE_10464_length_846_cov_13.618474	345	425	5	2	80	0.0250000
NODE_10464_length_846_cov_13.618474	345	425	6	6	80	0.0750000
NODE_10464_length_846_cov_13.618474	345	425	7	24	80	0.3000000
NODE_10464_length_846_cov_13.618474	398	478	1	5	80	0.0625000
NODE_10464_length_846_cov_13.618474	398	478	2	6	80	0.0750000
NODE_10464_length_846_cov_13.618474	398	478	3	47	80	0.5875000
NODE_10464_length_846_cov_13.618474	398	478	4	22	80	0.2750000
NODE_10465_length_846_cov_12.878179	425	505	2	3	80	0.0375000
NODE_10465_length_846_cov_12.878179	425	505	3	22	80	0.2750000
NODE_10465_length_846_cov_12.878179	425	505	4	55	80	0.6875000
NODE_10465_length_846_cov_12.878179	478	558	2	56	80	0.7000000
NODE_10465_length_846_cov_12.878179	478	558	3	22	80	0.2750000
NODE_10465_length_846_cov_12.878179	478	558	4	2	80	0.0250000
NODE_10467_length_846_cov_7.232932	407	487	3	22	80	0.2750000
NODE_10467_length_846_cov_7.232932	407	487	4	58	80	0.7250000
NODE_10467_length_846_cov_7.232932	460	540	2	5	80	0.0625000
NODE_10467_length_846_cov_7.232932	460	540	4	70	80	0.8750000
NODE_10467_length_846_cov_7.232932	460	540	5	5	80	0.0625000
NODE_10468_length_846_cov_6.776439	320	400	1	32	80	0.4000000
NODE_10468_length_846_cov_6.776439	320	400	2	39	80	0.4875000
NODE_10468_length_846_cov_6.776439	320	400	3	9	80	0.1125000
NODE_10468_length_846_cov_6.776439	373	453	2	80	80	1.0000000
NODE_10472_length_846_cov_3.025435	190	270	0	18	80	0.2250000
NODE_10472_length_846_cov_3.025435	190	270	1	62	80	0.7750000
NODE_10472_length_846_cov_3.025435	243	323	1	80	80	1.0000000
NODE_10488_length_845_cov_34.458445	213	293	1	8	80	0.1000000
NODE_10488_length_845_cov_34.458445	213	293	2	14	80	0.1750000
NODE_10488_length_845_cov_34.458445	213	293	3	2	80	0.0250000
NODE_10488_length_845_cov_34.458445	213	293	4	11	80	0.1375000
NODE_10488_length_845_cov_34.458445	213	293	6	2	80	0.0250000
NODE_10488_length_845_cov_34.458445	213	293	7	8	80	0.1000000
NODE_10488_length_845_cov_34.458445	213	293	8	6	80	0.0750000
NODE_10488_length_845_cov_34.458445	213	293	9	29	80	0.3625000
NODE_10488_length_845_cov_34.458445	266	346	9	34	80	0.4250000
NODE_10488_length_845_cov_34.458445	266	346	10	39	80	0.4875000
NODE_10488_length_845_cov_34.458445	266	346	11	7	80	0.0875000
NODE_10489_length_845_cov_33.025469	309	389	5	76	80	0.9500000
NODE_10489_length_845_cov_33.025469	309	389	6	4	80	0.0500000
NODE_10489_length_845_cov_33.025469	362	442	3	20	80	0.2500000
NODE_10489_length_845_cov_33.025469	362	442	4	14	80	0.1750000
NODE_10489_length_845_cov_33.025469	362	442	5	46	80	0.5750000
NODE_10490_length_845_cov_30.331099	288	368	7	8	80	0.1000000
NODE_10490_length_845_cov_30.331099	288	368	8	5	80	0.0625000
NODE_10490_length_845_cov_30.331099	288	368	9	67	80	0.8375000
NODE_10490_length_845_cov_30.331099	341	421	0	13	80	0.1625000
NODE_10490_length_845_cov_30.331099	341	421	4	4	80	0.0500000
NODE_10490_length_845_cov_30.331099	341	421	6	13	80	0.1625000
NODE_10490_length_845_cov_30.331099	341	421	8	28	80	0.3500000
NODE_10490_length_845_cov_30.331099	341	421	9	22	80	0.2750000
NODE_10491_length_845_cov_22.042895	455	535	7	28	80	0.3500000
NODE_10491_length_845_cov_22.042895	455	535	8	35	80	0.4375000
NODE_10491_length_845_cov_22.042895	455	535	9	10	80	0.1250000
NODE_10491_length_845_cov_22.042895	455	535	10	7	80	0.0875000
NODE_10491_length_845_cov_22.042895	508	588	3	7	80	0.0875000
NODE_10491_length_845_cov_22.042895	508	588	5	20	80	0.2500000
NODE_10491_length_845_cov_22.042895	508	588	6	9	80	0.1125000
NODE_10491_length_845_cov_22.042895	508	588	7	12	80	0.1500000
NODE_10491_length_845_cov_22.042895	508	588	8	10	80	0.1250000
NODE_10491_length_845_cov_22.042895	508	588	9	15	80	0.1875000
NODE_10491_length_845_cov_22.042895	508	588	10	7	80	0.0875000
NODE_10492_length_845_cov_20.662198	325	406	1	11	81	0.1358025
NODE_10492_length_845_cov_20.662198	325	406	2	5	81	0.0617284
NODE_10492_length_845_cov_20.662198	325	406	3	14	81	0.1728395
NODE_10492_length_845_cov_20.662198	325	406	5	51	81	0.6296296
NODE_10492_length_845_cov_20.662198	379	459	4	16	80	0.2000000
NODE_10492_length_845_cov_20.662198	379	459	5	64	80	0.8000000
NODE_10493_length_845_cov_17.214477	352	432	2	80	80	1.0000000
NODE_10493_length_845_cov_17.214477	405	485	2	31	80	0.3875000
NODE_10493_length_845_cov_17.214477	405	485	3	44	80	0.5500000
NODE_10493_length_845_cov_17.214477	405	485	4	5	80	0.0625000
NODE_10494_length_845_cov_15.805630	409	489	2	14	80	0.1750000
NODE_10494_length_845_cov_15.805630	409	489	3	51	80	0.6375000
NODE_10494_length_845_cov_15.805630	409	489	4	15	80	0.1875000
NODE_10494_length_845_cov_15.805630	462	542	2	23	80	0.2875000
NODE_10494_length_845_cov_15.805630	462	542	3	29	80	0.3625000
NODE_10494_length_845_cov_15.805630	462	542	4	28	80	0.3500000
NODE_10495_length_845_cov_13.443700	329	409	4	17	80	0.2125000
NODE_10495_length_845_cov_13.443700	329	409	5	11	80	0.1375000
NODE_10495_length_845_cov_13.443700	329	409	6	29	80	0.3625000
NODE_10495_length_845_cov_13.443700	329	409	7	23	80	0.2875000
NODE_10495_length_845_cov_13.443700	382	462	3	4	80	0.0500000
NODE_10495_length_845_cov_13.443700	382	462	4	30	80	0.3750000
NODE_10495_length_845_cov_13.443700	382	462	6	46	80	0.5750000
NODE_10496_length_845_cov_12.301609	334	414	5	80	80	1.0000000
NODE_10496_length_845_cov_12.301609	387	467	0	7	80	0.0875000
NODE_10496_length_845_cov_12.301609	387	467	1	11	80	0.1375000
NODE_10496_length_845_cov_12.301609	387	467	3	23	80	0.2875000
NODE_10496_length_845_cov_12.301609	387	467	4	1	80	0.0125000
NODE_10496_length_845_cov_12.301609	387	467	5	38	80	0.4750000
NODE_10497_length_845_cov_11.836461	389	469	2	19	80	0.2375000
NODE_10497_length_845_cov_11.836461	389	469	4	61	80	0.7625000
NODE_10497_length_845_cov_11.836461	442	522	1	10	80	0.1250000
NODE_10497_length_845_cov_11.836461	442	522	2	15	80	0.1875000
NODE_10497_length_845_cov_11.836461	442	522	4	55	80	0.6875000
NODE_10499_length_845_cov_8.140751	439	519	2	36	80	0.4500000
NODE_10499_length_845_cov_8.140751	439	519	4	44	80	0.5500000
NODE_10499_length_845_cov_8.140751	492	572	2	23	80	0.2875000
NODE_10499_length_845_cov_8.140751	492	572	3	2	80	0.0250000
NODE_10499_length_845_cov_8.140751	492	572	4	55	80	0.6875000
NODE_10516_length_845_cov_1.680965	447	491	0	44	44	1.0000000
NODE_10528_length_844_cov_43.778523	313	393	3	8	80	0.1000000
NODE_10528_length_844_cov_43.778523	313	393	4	6	80	0.0750000
NODE_10528_length_844_cov_43.778523	313	393	5	12	80	0.1500000
NODE_10528_length_844_cov_43.778523	313	393	6	38	80	0.4750000
NODE_10528_length_844_cov_43.778523	313	393	7	1	80	0.0125000
NODE_10528_length_844_cov_43.778523	313	393	9	1	80	0.0125000
NODE_10528_length_844_cov_43.778523	313	393	10	14	80	0.1750000
NODE_10528_length_844_cov_43.778523	366	446	6	11	80	0.1375000
NODE_10528_length_844_cov_43.778523	366	446	7	1	80	0.0125000
NODE_10528_length_844_cov_43.778523	366	446	9	1	80	0.0125000
NODE_10528_length_844_cov_43.778523	366	446	10	31	80	0.3875000
NODE_10528_length_844_cov_43.778523	366	446	11	11	80	0.1375000
NODE_10528_length_844_cov_43.778523	366	446	12	13	80	0.1625000
NODE_10528_length_844_cov_43.778523	366	446	13	12	80	0.1500000
NODE_10528_length_844_cov_43.778523	442	522	10	13	80	0.1625000
NODE_10528_length_844_cov_43.778523	442	522	11	3	80	0.0375000
NODE_10528_length_844_cov_43.778523	442	522	12	9	80	0.1125000
NODE_10528_length_844_cov_43.778523	442	522	13	4	80	0.0500000
NODE_10528_length_844_cov_43.778523	442	522	14	2	80	0.0250000
NODE_10528_length_844_cov_43.778523	442	522	15	41	80	0.5125000
NODE_10528_length_844_cov_43.778523	442	522	16	8	80	0.1000000
NODE_10528_length_844_cov_43.778523	495	575	9	5	80	0.0625000
NODE_10528_length_844_cov_43.778523	495	575	10	3	80	0.0375000
NODE_10528_length_844_cov_43.778523	495	575	12	7	80	0.0875000
NODE_10528_length_844_cov_43.778523	495	575	13	31	80	0.3875000
NODE_10528_length_844_cov_43.778523	495	575	14	3	80	0.0375000
NODE_10528_length_844_cov_43.778523	495	575	15	31	80	0.3875000
NODE_10529_length_844_cov_36.762416	381	461	1	29	80	0.3625000
NODE_10529_length_844_cov_36.762416	381	461	2	49	80	0.6125000
NODE_10529_length_844_cov_36.762416	381	461	3	2	80	0.0250000
NODE_10529_length_844_cov_36.762416	434	514	2	25	80	0.3125000
NODE_10529_length_844_cov_36.762416	434	514	3	5	80	0.0625000
NODE_10529_length_844_cov_36.762416	434	514	4	7	80	0.0875000
NODE_10529_length_844_cov_36.762416	434	514	5	7	80	0.0875000
NODE_10529_length_844_cov_36.762416	434	514	6	6	80	0.0750000
NODE_10529_length_844_cov_36.762416	434	514	8	13	80	0.1625000
NODE_10529_length_844_cov_36.762416	434	514	9	17	80	0.2125000
NODE_10529_length_844_cov_36.762416	510	590	9	22	80	0.2750000
NODE_10529_length_844_cov_36.762416	510	590	10	23	80	0.2875000
NODE_10529_length_844_cov_36.762416	510	590	11	17	80	0.2125000
NODE_10529_length_844_cov_36.762416	510	590	12	18	80	0.2250000
NODE_10529_length_844_cov_36.762416	563	644	5	10	81	0.1234568
NODE_10529_length_844_cov_36.762416	563	644	7	6	81	0.0740741
NODE_10529_length_844_cov_36.762416	563	644	8	9	81	0.1111111
NODE_10529_length_844_cov_36.762416	563	644	9	6	81	0.0740741
NODE_10529_length_844_cov_36.762416	563	644	10	8	81	0.0987654
NODE_10529_length_844_cov_36.762416	563	644	11	24	81	0.2962963
NODE_10529_length_844_cov_36.762416	563	644	12	18	81	0.2222222
NODE_10530_length_844_cov_35.765101	424	504	1	49	80	0.6125000
NODE_10530_length_844_cov_35.765101	424	504	2	31	80	0.3875000
NODE_10530_length_844_cov_35.765101	477	557	1	42	80	0.5250000
NODE_10530_length_844_cov_35.765101	477	557	2	38	80	0.4750000
NODE_10531_length_844_cov_18.445638	353	420	7	7	67	0.1044776
NODE_10531_length_844_cov_18.445638	353	420	8	17	67	0.2537313
NODE_10531_length_844_cov_18.445638	353	420	9	15	67	0.2238806
NODE_10531_length_844_cov_18.445638	353	420	10	3	67	0.0447761
NODE_10531_length_844_cov_18.445638	353	420	11	25	67	0.3731343
NODE_10531_length_844_cov_18.445638	393	473	4	29	80	0.3625000
NODE_10531_length_844_cov_18.445638	393	473	5	6	80	0.0750000
NODE_10531_length_844_cov_18.445638	393	473	7	19	80	0.2375000
NODE_10531_length_844_cov_18.445638	393	473	8	23	80	0.2875000
NODE_10531_length_844_cov_18.445638	393	473	9	3	80	0.0375000
NODE_10532_length_844_cov_12.616107	363	443	1	11	80	0.1375000
NODE_10532_length_844_cov_12.616107	363	443	3	3	80	0.0375000
NODE_10532_length_844_cov_12.616107	363	443	4	1	80	0.0125000
NODE_10532_length_844_cov_12.616107	363	443	5	22	80	0.2750000
NODE_10532_length_844_cov_12.616107	363	443	6	43	80	0.5375000
NODE_10532_length_844_cov_12.616107	416	496	4	36	80	0.4500000
NODE_10532_length_844_cov_12.616107	416	496	6	44	80	0.5500000
NODE_10533_length_844_cov_12.092617	171	251	1	39	80	0.4875000
NODE_10533_length_844_cov_12.092617	171	251	2	6	80	0.0750000
NODE_10533_length_844_cov_12.092617	171	251	5	30	80	0.3750000
NODE_10533_length_844_cov_12.092617	171	251	6	5	80	0.0625000
NODE_10533_length_844_cov_12.092617	224	304	5	80	80	1.0000000
NODE_10534_length_844_cov_11.883221	341	421	0	80	80	1.0000000
NODE_10534_length_844_cov_11.883221	394	474	0	80	80	1.0000000
NODE_10535_length_844_cov_10.571812	390	448	6	58	58	1.0000000
NODE_10537_length_844_cov_9.357047	370	450	3	34	80	0.4250000
NODE_10537_length_844_cov_9.357047	370	450	5	46	80	0.5750000
NODE_10537_length_844_cov_9.357047	423	503	3	4	80	0.0500000
NODE_10537_length_844_cov_9.357047	423	503	5	76	80	0.9500000
NODE_10538_length_844_cov_8.975839	355	435	1	76	80	0.9500000
NODE_10538_length_844_cov_8.975839	355	435	2	4	80	0.0500000
NODE_10538_length_844_cov_8.975839	408	488	1	76	80	0.9500000
NODE_10538_length_844_cov_8.975839	408	488	2	4	80	0.0500000
NODE_10539_length_844_cov_7.347651	357	438	1	48	81	0.5925926
NODE_10539_length_844_cov_7.347651	357	438	2	14	81	0.1728395
NODE_10539_length_844_cov_7.347651	357	438	3	19	81	0.2345679
NODE_10539_length_844_cov_7.347651	410	491	1	9	81	0.1111111
NODE_10539_length_844_cov_7.347651	410	491	3	72	81	0.8888889
NODE_10540_length_844_cov_6.975839	444	524	0	80	80	1.0000000
NODE_10540_length_844_cov_6.975839	497	577	0	80	80	1.0000000
NODE_10567_length_843_cov_48.258065	203	262	32	1	59	0.0169492
NODE_10567_length_843_cov_48.258065	203	262	33	8	59	0.1355932
NODE_10567_length_843_cov_48.258065	203	262	34	6	59	0.1016949
NODE_10567_length_843_cov_48.258065	203	262	36	5	59	0.0847458
NODE_10567_length_843_cov_48.258065	203	262	39	5	59	0.0847458
NODE_10567_length_843_cov_48.258065	203	262	42	7	59	0.1186441
NODE_10567_length_843_cov_48.258065	203	262	43	5	59	0.0847458
NODE_10567_length_843_cov_48.258065	203	262	44	3	59	0.0508475
NODE_10567_length_843_cov_48.258065	203	262	45	3	59	0.0508475
NODE_10567_length_843_cov_48.258065	203	262	46	3	59	0.0508475
NODE_10567_length_843_cov_48.258065	203	262	47	2	59	0.0338983
NODE_10567_length_843_cov_48.258065	203	262	49	11	59	0.1864407
NODE_10568_length_843_cov_31.279570	351	431	1	1	80	0.0125000
NODE_10568_length_843_cov_31.279570	351	431	3	22	80	0.2750000
NODE_10568_length_843_cov_31.279570	351	431	6	9	80	0.1125000
NODE_10568_length_843_cov_31.279570	351	431	8	5	80	0.0625000
NODE_10568_length_843_cov_31.279570	351	431	10	23	80	0.2875000
NODE_10568_length_843_cov_31.279570	351	431	12	20	80	0.2500000
NODE_10568_length_843_cov_31.279570	404	484	10	41	80	0.5125000
NODE_10568_length_843_cov_31.279570	404	484	12	39	80	0.4875000
NODE_10569_length_843_cov_27.060484	423	503	0	20	80	0.2500000
NODE_10569_length_843_cov_27.060484	423	503	1	10	80	0.1250000
NODE_10569_length_843_cov_27.060484	423	503	2	4	80	0.0500000
NODE_10569_length_843_cov_27.060484	423	503	3	46	80	0.5750000
NODE_10569_length_843_cov_27.060484	476	556	3	50	80	0.6250000
NODE_10569_length_843_cov_27.060484	476	556	4	30	80	0.3750000
NODE_10570_length_843_cov_22.725806	334	414	2	80	80	1.0000000
NODE_10570_length_843_cov_22.725806	339	396	2	57	57	1.0000000
NODE_10570_length_843_cov_22.725806	356	427	2	71	71	1.0000000
NODE_10570_length_843_cov_22.725806	387	455	1	16	68	0.2352941
NODE_10570_length_843_cov_22.725806	387	455	2	52	68	0.7647059
NODE_10570_length_843_cov_22.725806	401	476	0	12	75	0.1600000
NODE_10570_length_843_cov_22.725806	401	476	1	25	75	0.3333333
NODE_10570_length_843_cov_22.725806	401	476	2	38	75	0.5066667
NODE_10570_length_843_cov_22.725806	418	486	0	22	68	0.3235294
NODE_10570_length_843_cov_22.725806	418	486	1	25	68	0.3676471
NODE_10570_length_843_cov_22.725806	418	486	2	21	68	0.3088235
NODE_10570_length_843_cov_22.725806	449	529	0	65	80	0.8125000
NODE_10570_length_843_cov_22.725806	449	529	1	15	80	0.1875000
NODE_10571_length_843_cov_22.387097	412	492	12	17	80	0.2125000
NODE_10571_length_843_cov_22.387097	412	492	13	6	80	0.0750000
NODE_10571_length_843_cov_22.387097	412	492	14	30	80	0.3750000
NODE_10571_length_843_cov_22.387097	412	492	15	6	80	0.0750000
NODE_10571_length_843_cov_22.387097	412	492	16	18	80	0.2250000
NODE_10571_length_843_cov_22.387097	412	492	17	3	80	0.0375000
NODE_10571_length_843_cov_22.387097	465	545	11	2	80	0.0250000
NODE_10571_length_843_cov_22.387097	465	545	12	6	80	0.0750000
NODE_10571_length_843_cov_22.387097	465	545	13	5	80	0.0625000
NODE_10571_length_843_cov_22.387097	465	545	14	18	80	0.2250000
NODE_10571_length_843_cov_22.387097	465	545	15	26	80	0.3250000
NODE_10571_length_843_cov_22.387097	465	545	16	20	80	0.2500000
NODE_10571_length_843_cov_22.387097	465	545	17	3	80	0.0375000
NODE_10572_length_843_cov_16.326613	551	631	2	51	80	0.6375000
NODE_10572_length_843_cov_16.326613	551	631	3	29	80	0.3625000
NODE_10572_length_843_cov_16.326613	604	684	1	6	80	0.0750000
NODE_10572_length_843_cov_16.326613	604	684	2	46	80	0.5750000
NODE_10572_length_843_cov_16.326613	604	684	3	28	80	0.3500000
NODE_10573_length_843_cov_13.478495	381	461	2	42	80	0.5250000
NODE_10573_length_843_cov_13.478495	381	461	3	1	80	0.0125000
NODE_10573_length_843_cov_13.478495	381	461	4	32	80	0.4000000
NODE_10573_length_843_cov_13.478495	381	461	6	3	80	0.0375000
NODE_10573_length_843_cov_13.478495	381	461	8	2	80	0.0250000
NODE_10573_length_843_cov_13.478495	434	514	4	22	80	0.2750000
NODE_10573_length_843_cov_13.478495	434	514	6	14	80	0.1750000
NODE_10573_length_843_cov_13.478495	434	514	7	5	80	0.0625000
NODE_10573_length_843_cov_13.478495	434	514	8	39	80	0.4875000
NODE_10574_length_843_cov_13.150538	448	528	3	3	80	0.0375000
NODE_10574_length_843_cov_13.150538	448	528	5	36	80	0.4500000
NODE_10574_length_843_cov_13.150538	448	528	6	41	80	0.5125000
NODE_10574_length_843_cov_13.150538	501	581	5	65	80	0.8125000
NODE_10574_length_843_cov_13.150538	501	581	6	15	80	0.1875000
NODE_10575_length_843_cov_12.510753	360	440	4	11	80	0.1375000
NODE_10575_length_843_cov_12.510753	360	440	5	61	80	0.7625000
NODE_10575_length_843_cov_12.510753	360	440	7	8	80	0.1000000
NODE_10575_length_843_cov_12.510753	413	493	4	15	80	0.1875000
NODE_10575_length_843_cov_12.510753	413	493	5	19	80	0.2375000
NODE_10575_length_843_cov_12.510753	413	493	6	6	80	0.0750000
NODE_10575_length_843_cov_12.510753	413	493	7	40	80	0.5000000
NODE_10576_length_843_cov_11.090054	457	537	3	66	80	0.8250000
NODE_10576_length_843_cov_11.090054	457	537	4	14	80	0.1750000
NODE_10576_length_843_cov_11.090054	510	590	1	16	80	0.2000000
NODE_10576_length_843_cov_11.090054	510	590	2	18	80	0.2250000
NODE_10576_length_843_cov_11.090054	510	590	3	13	80	0.1625000
NODE_10576_length_843_cov_11.090054	510	590	4	33	80	0.4125000
NODE_10577_length_843_cov_7.672043	472	552	0	80	80	1.0000000
NODE_10577_length_843_cov_7.672043	525	605	0	80	80	1.0000000
NODE_10601_length_842_cov_39.518170	390	470	3	16	80	0.2000000
NODE_10601_length_842_cov_39.518170	390	470	4	64	80	0.8000000
NODE_10601_length_842_cov_39.518170	443	523	2	6	80	0.0750000
NODE_10601_length_842_cov_39.518170	443	523	3	60	80	0.7500000
NODE_10601_length_842_cov_39.518170	443	523	4	14	80	0.1750000
NODE_10602_length_842_cov_21.567968	331	411	0	34	80	0.4250000
NODE_10602_length_842_cov_21.567968	331	411	1	46	80	0.5750000
NODE_10602_length_842_cov_21.567968	384	464	1	61	80	0.7625000
NODE_10602_length_842_cov_21.567968	384	464	2	4	80	0.0500000
NODE_10602_length_842_cov_21.567968	384	464	3	15	80	0.1875000
NODE_10603_length_842_cov_19.761777	228	308	4	13	80	0.1625000
NODE_10603_length_842_cov_19.761777	228	308	5	53	80	0.6625000
NODE_10603_length_842_cov_19.761777	228	308	6	14	80	0.1750000
NODE_10603_length_842_cov_19.761777	281	361	5	46	80	0.5750000
NODE_10603_length_842_cov_19.761777	281	361	6	28	80	0.3500000
NODE_10603_length_842_cov_19.761777	281	361	7	6	80	0.0750000
NODE_10605_length_842_cov_8.703903	641	722	0	53	81	0.6543210
NODE_10605_length_842_cov_8.703903	641	722	2	28	81	0.3456790
NODE_10608_length_842_cov_5.305518	287	367	5	44	80	0.5500000
NODE_10608_length_842_cov_5.305518	287	367	6	34	80	0.4250000
NODE_10608_length_842_cov_5.305518	287	367	7	2	80	0.0250000
NODE_10608_length_842_cov_5.305518	340	420	2	29	80	0.3625000
NODE_10608_length_842_cov_5.305518	340	420	5	22	80	0.2750000
NODE_10608_length_842_cov_5.305518	340	420	6	29	80	0.3625000
NODE_10617_length_842_cov_1.751009	35	66	0	31	31	1.0000000
NODE_10622_length_841_cov_23.815364	292	372	2	9	80	0.1125000
NODE_10622_length_841_cov_23.815364	292	372	4	8	80	0.1000000
NODE_10622_length_841_cov_23.815364	292	372	5	16	80	0.2000000
NODE_10622_length_841_cov_23.815364	292	372	6	21	80	0.2625000
NODE_10622_length_841_cov_23.815364	292	372	7	5	80	0.0625000
NODE_10622_length_841_cov_23.815364	292	372	8	21	80	0.2625000
NODE_10622_length_841_cov_23.815364	345	425	5	1	80	0.0125000
NODE_10622_length_841_cov_23.815364	345	425	7	46	80	0.5750000
NODE_10622_length_841_cov_23.815364	345	425	8	33	80	0.4125000
NODE_10623_length_841_cov_18.871968	338	418	7	37	80	0.4625000
NODE_10623_length_841_cov_18.871968	338	418	8	28	80	0.3500000
NODE_10623_length_841_cov_18.871968	338	418	9	15	80	0.1875000
NODE_10623_length_841_cov_18.871968	391	471	3	4	80	0.0500000
NODE_10623_length_841_cov_18.871968	391	471	5	10	80	0.1250000
NODE_10623_length_841_cov_18.871968	391	471	6	14	80	0.1750000
NODE_10623_length_841_cov_18.871968	391	471	7	14	80	0.1750000
NODE_10623_length_841_cov_18.871968	391	471	8	13	80	0.1625000
NODE_10623_length_841_cov_18.871968	391	471	9	25	80	0.3125000
NODE_10624_length_841_cov_14.663073	345	425	2	14	80	0.1750000
NODE_10624_length_841_cov_14.663073	345	425	3	53	80	0.6625000
NODE_10624_length_841_cov_14.663073	345	425	4	13	80	0.1625000
NODE_10624_length_841_cov_14.663073	398	478	1	15	80	0.1875000
NODE_10624_length_841_cov_14.663073	398	478	2	52	80	0.6500000
NODE_10624_length_841_cov_14.663073	398	478	3	13	80	0.1625000
NODE_10625_length_841_cov_14.149596	341	421	3	36	80	0.4500000
NODE_10625_length_841_cov_14.149596	341	421	5	32	80	0.4000000
NODE_10625_length_841_cov_14.149596	341	421	6	5	80	0.0625000
NODE_10625_length_841_cov_14.149596	341	421	7	7	80	0.0875000
NODE_10625_length_841_cov_14.149596	394	474	5	15	80	0.1875000
NODE_10625_length_841_cov_14.149596	394	474	6	55	80	0.6875000
NODE_10625_length_841_cov_14.149596	394	474	7	10	80	0.1250000
NODE_10626_length_841_cov_12.452830	240	320	5	18	80	0.2250000
NODE_10626_length_841_cov_12.452830	240	320	6	33	80	0.4125000
NODE_10626_length_841_cov_12.452830	240	320	7	17	80	0.2125000
NODE_10626_length_841_cov_12.452830	240	320	8	12	80	0.1500000
NODE_10626_length_841_cov_12.452830	293	373	3	23	80	0.2875000
NODE_10626_length_841_cov_12.452830	293	373	5	13	80	0.1625000
NODE_10626_length_841_cov_12.452830	293	373	6	36	80	0.4500000
NODE_10626_length_841_cov_12.452830	293	373	8	8	80	0.1000000
NODE_10628_length_841_cov_9.925876	394	474	0	80	80	1.0000000
NODE_10628_length_841_cov_9.925876	447	527	0	80	80	1.0000000
NODE_10629_length_841_cov_7.407008	317	397	0	33	80	0.4125000
NODE_10629_length_841_cov_7.407008	317	397	2	47	80	0.5875000
NODE_10629_length_841_cov_7.407008	370	450	0	35	80	0.4375000
NODE_10629_length_841_cov_7.407008	370	450	2	45	80	0.5625000
NODE_10632_length_841_cov_3.865229	305	356	2	51	51	1.0000000
NODE_10651_length_840_cov_63.726046	461	541	2	31	80	0.3875000
NODE_10651_length_840_cov_63.726046	461	541	4	49	80	0.6125000
NODE_10651_length_840_cov_63.726046	514	594	0	41	80	0.5125000
NODE_10651_length_840_cov_63.726046	514	594	2	39	80	0.4875000
NODE_10652_length_840_cov_35.874494	486	566	4	12	80	0.1500000
NODE_10652_length_840_cov_35.874494	486	566	6	14	80	0.1750000
NODE_10652_length_840_cov_35.874494	486	566	8	2	80	0.0250000
NODE_10652_length_840_cov_35.874494	486	566	9	7	80	0.0875000
NODE_10652_length_840_cov_35.874494	486	566	10	45	80	0.5625000
NODE_10652_length_840_cov_35.874494	539	619	6	5	80	0.0625000
NODE_10652_length_840_cov_35.874494	539	619	7	16	80	0.2000000
NODE_10652_length_840_cov_35.874494	539	619	9	20	80	0.2500000
NODE_10652_length_840_cov_35.874494	539	619	10	39	80	0.4875000
NODE_10653_length_840_cov_24.499325	224	304	1	32	80	0.4000000
NODE_10653_length_840_cov_24.499325	224	304	4	40	80	0.5000000
NODE_10653_length_840_cov_24.499325	224	304	5	8	80	0.1000000
NODE_10653_length_840_cov_24.499325	277	357	0	18	80	0.2250000
NODE_10653_length_840_cov_24.499325	277	357	1	62	80	0.7750000
NODE_10653_length_840_cov_24.499325	353	433	0	9	80	0.1125000
NODE_10653_length_840_cov_24.499325	353	433	2	33	80	0.4125000
NODE_10653_length_840_cov_24.499325	353	433	4	38	80	0.4750000
NODE_10653_length_840_cov_24.499325	406	486	4	80	80	1.0000000
NODE_10654_length_840_cov_23.272605	309	389	5	80	80	1.0000000
NODE_10654_length_840_cov_23.272605	362	442	0	12	80	0.1500000
NODE_10654_length_840_cov_23.272605	362	442	1	19	80	0.2375000
NODE_10654_length_840_cov_23.272605	362	442	2	4	80	0.0500000
NODE_10654_length_840_cov_23.272605	362	442	4	18	80	0.2250000
NODE_10654_length_840_cov_23.272605	362	442	5	27	80	0.3375000
NODE_10655_length_840_cov_22.221323	293	373	1	7	80	0.0875000
NODE_10655_length_840_cov_22.221323	293	373	2	4	80	0.0500000
NODE_10655_length_840_cov_22.221323	293	373	3	5	80	0.0625000
NODE_10655_length_840_cov_22.221323	293	373	5	8	80	0.1000000
NODE_10655_length_840_cov_22.221323	293	373	7	8	80	0.1000000
NODE_10655_length_840_cov_22.221323	293	373	8	15	80	0.1875000
NODE_10655_length_840_cov_22.221323	293	373	9	2	80	0.0250000
NODE_10655_length_840_cov_22.221323	293	373	10	15	80	0.1875000
NODE_10655_length_840_cov_22.221323	293	373	12	16	80	0.2000000
NODE_10655_length_840_cov_22.221323	346	426	10	11	80	0.1375000
NODE_10655_length_840_cov_22.221323	346	426	12	36	80	0.4500000
NODE_10655_length_840_cov_22.221323	346	426	13	33	80	0.4125000
NODE_10656_length_840_cov_17.026991	348	432	0	84	84	1.0000000
NODE_10656_length_840_cov_17.026991	405	485	0	80	80	1.0000000
NODE_10657_length_840_cov_16.635628	347	427	1	6	80	0.0750000
NODE_10657_length_840_cov_16.635628	347	427	3	49	80	0.6125000
NODE_10657_length_840_cov_16.635628	347	427	4	25	80	0.3125000
NODE_10657_length_840_cov_16.635628	400	480	1	12	80	0.1500000
NODE_10657_length_840_cov_16.635628	400	480	2	47	80	0.5875000
NODE_10657_length_840_cov_16.635628	400	480	3	21	80	0.2625000
NODE_10658_length_840_cov_12.133603	336	416	4	3	80	0.0375000
NODE_10658_length_840_cov_12.133603	336	416	5	21	80	0.2625000
NODE_10658_length_840_cov_12.133603	336	416	6	25	80	0.3125000
NODE_10658_length_840_cov_12.133603	336	416	7	31	80	0.3875000
NODE_10658_length_840_cov_12.133603	389	469	2	11	80	0.1375000
NODE_10658_length_840_cov_12.133603	389	469	3	34	80	0.4250000
NODE_10658_length_840_cov_12.133603	389	469	4	11	80	0.1375000
NODE_10658_length_840_cov_12.133603	389	469	5	21	80	0.2625000
NODE_10658_length_840_cov_12.133603	389	469	6	3	80	0.0375000
NODE_10659_length_840_cov_12.041835	332	412	0	80	80	1.0000000
NODE_10659_length_840_cov_12.041835	385	465	0	80	80	1.0000000
NODE_10660_length_840_cov_10.719298	275	354	0	79	79	1.0000000
NODE_10660_length_840_cov_10.719298	327	407	0	80	80	1.0000000
NODE_10663_length_840_cov_5.207827	427	507	1	67	80	0.8375000
NODE_10663_length_840_cov_5.207827	427	507	2	13	80	0.1625000
NODE_10663_length_840_cov_5.207827	480	560	1	42	80	0.5250000
NODE_10663_length_840_cov_5.207827	480	560	2	38	80	0.4750000
NODE_10683_length_839_cov_274.987838	450	530	21	4	80	0.0500000
NODE_10683_length_839_cov_274.987838	450	530	23	2	80	0.0250000
NODE_10683_length_839_cov_274.987838	450	530	24	2	80	0.0250000
NODE_10683_length_839_cov_274.987838	450	530	25	2	80	0.0250000
NODE_10683_length_839_cov_274.987838	450	530	27	5	80	0.0625000
NODE_10683_length_839_cov_274.987838	450	530	28	1	80	0.0125000
NODE_10683_length_839_cov_274.987838	450	530	29	8	80	0.1000000
NODE_10683_length_839_cov_274.987838	450	530	30	2	80	0.0250000
NODE_10683_length_839_cov_274.987838	450	530	31	1	80	0.0125000
NODE_10683_length_839_cov_274.987838	450	530	35	5	80	0.0625000
NODE_10683_length_839_cov_274.987838	450	530	36	3	80	0.0375000
NODE_10683_length_839_cov_274.987838	450	530	37	3	80	0.0375000
NODE_10683_length_839_cov_274.987838	450	530	38	4	80	0.0500000
NODE_10683_length_839_cov_274.987838	450	530	39	7	80	0.0875000
NODE_10683_length_839_cov_274.987838	450	530	40	1	80	0.0125000
NODE_10683_length_839_cov_274.987838	450	530	41	4	80	0.0500000
NODE_10683_length_839_cov_274.987838	450	530	42	1	80	0.0125000
NODE_10683_length_839_cov_274.987838	450	530	43	1	80	0.0125000
NODE_10683_length_839_cov_274.987838	450	530	44	1	80	0.0125000
NODE_10683_length_839_cov_274.987838	450	530	45	2	80	0.0250000
NODE_10683_length_839_cov_274.987838	450	530	46	2	80	0.0250000
NODE_10683_length_839_cov_274.987838	450	530	47	2	80	0.0250000
NODE_10683_length_839_cov_274.987838	450	530	50	4	80	0.0500000
NODE_10683_length_839_cov_274.987838	450	530	51	10	80	0.1250000
NODE_10683_length_839_cov_274.987838	450	530	52	1	80	0.0125000
NODE_10683_length_839_cov_274.987838	450	530	53	2	80	0.0250000
NODE_10683_length_839_cov_274.987838	503	583	41	1	80	0.0125000
NODE_10683_length_839_cov_274.987838	503	583	42	1	80	0.0125000
NODE_10683_length_839_cov_274.987838	503	583	43	1	80	0.0125000
NODE_10683_length_839_cov_274.987838	503	583	44	1	80	0.0125000
NODE_10683_length_839_cov_274.987838	503	583	45	2	80	0.0250000
NODE_10683_length_839_cov_274.987838	503	583	46	2	80	0.0250000
NODE_10683_length_839_cov_274.987838	503	583	47	2	80	0.0250000
NODE_10683_length_839_cov_274.987838	503	583	50	4	80	0.0500000
NODE_10683_length_839_cov_274.987838	503	583	51	10	80	0.1250000
NODE_10683_length_839_cov_274.987838	503	583	52	1	80	0.0125000
NODE_10683_length_839_cov_274.987838	503	583	53	3	80	0.0375000
NODE_10683_length_839_cov_274.987838	503	583	55	1	80	0.0125000
NODE_10683_length_839_cov_274.987838	503	583	57	2	80	0.0250000
NODE_10683_length_839_cov_274.987838	503	583	58	1	80	0.0125000
NODE_10683_length_839_cov_274.987838	503	583	60	1	80	0.0125000
NODE_10683_length_839_cov_274.987838	503	583	62	2	80	0.0250000
NODE_10683_length_839_cov_274.987838	503	583	63	1	80	0.0125000
NODE_10683_length_839_cov_274.987838	503	583	65	1	80	0.0125000
NODE_10683_length_839_cov_274.987838	503	583	66	1	80	0.0125000
NODE_10683_length_839_cov_274.987838	503	583	69	1	80	0.0125000
NODE_10683_length_839_cov_274.987838	503	583	70	3	80	0.0375000
NODE_10683_length_839_cov_274.987838	503	583	72	2	80	0.0250000
NODE_10683_length_839_cov_274.987838	503	583	75	1	80	0.0125000
NODE_10683_length_839_cov_274.987838	503	583	76	4	80	0.0500000
NODE_10683_length_839_cov_274.987838	503	583	77	4	80	0.0500000
NODE_10683_length_839_cov_274.987838	503	583	78	7	80	0.0875000
NODE_10683_length_839_cov_274.987838	503	583	79	3	80	0.0375000
NODE_10683_length_839_cov_274.987838	503	583	80	3	80	0.0375000
NODE_10683_length_839_cov_274.987838	503	583	81	7	80	0.0875000
NODE_10683_length_839_cov_274.987838	503	583	82	4	80	0.0500000
NODE_10683_length_839_cov_274.987838	503	583	83	2	80	0.0250000
NODE_10683_length_839_cov_274.987838	503	583	84	1	80	0.0125000
NODE_10684_length_839_cov_24.500000	303	383	3	1	80	0.0125000
NODE_10684_length_839_cov_24.500000	303	383	5	13	80	0.1625000
NODE_10684_length_839_cov_24.500000	303	383	7	8	80	0.1000000
NODE_10684_length_839_cov_24.500000	303	383	9	22	80	0.2750000
NODE_10684_length_839_cov_24.500000	303	383	11	4	80	0.0500000
NODE_10684_length_839_cov_24.500000	303	383	12	17	80	0.2125000
NODE_10684_length_839_cov_24.500000	303	383	14	15	80	0.1875000
NODE_10684_length_839_cov_24.500000	356	436	7	2	80	0.0250000
NODE_10684_length_839_cov_24.500000	356	436	8	17	80	0.2125000
NODE_10684_length_839_cov_24.500000	356	436	10	7	80	0.0875000
NODE_10684_length_839_cov_24.500000	356	436	12	16	80	0.2000000
NODE_10684_length_839_cov_24.500000	356	436	14	38	80	0.4750000
NODE_10685_length_839_cov_16.390541	477	557	2	5	80	0.0625000
NODE_10685_length_839_cov_16.390541	477	557	3	4	80	0.0500000
NODE_10685_length_839_cov_16.390541	477	557	4	2	80	0.0250000
NODE_10685_length_839_cov_16.390541	477	557	5	60	80	0.7500000
NODE_10685_length_839_cov_16.390541	477	557	6	9	80	0.1125000
NODE_10685_length_839_cov_16.390541	530	610	1	39	80	0.4875000
NODE_10685_length_839_cov_16.390541	530	610	2	19	80	0.2375000
NODE_10685_length_839_cov_16.390541	530	610	3	4	80	0.0500000
NODE_10685_length_839_cov_16.390541	530	610	4	2	80	0.0250000
NODE_10685_length_839_cov_16.390541	530	610	5	14	80	0.1750000
NODE_10685_length_839_cov_16.390541	530	610	6	2	80	0.0250000
NODE_10686_length_839_cov_10.006757	383	463	1	33	80	0.4125000
NODE_10686_length_839_cov_10.006757	383	463	2	36	80	0.4500000
NODE_10686_length_839_cov_10.006757	383	463	3	11	80	0.1375000
NODE_10686_length_839_cov_10.006757	436	516	2	33	80	0.4125000
NODE_10686_length_839_cov_10.006757	436	516	3	47	80	0.5875000
NODE_10688_length_839_cov_7.612162	308	388	3	4	80	0.0500000
NODE_10688_length_839_cov_7.612162	308	388	4	53	80	0.6625000
NODE_10688_length_839_cov_7.612162	308	388	5	19	80	0.2375000
NODE_10688_length_839_cov_7.612162	308	388	7	4	80	0.0500000
NODE_10688_length_839_cov_7.612162	361	441	3	4	80	0.0500000
NODE_10688_length_839_cov_7.612162	361	441	5	19	80	0.2375000
NODE_10688_length_839_cov_7.612162	361	441	7	28	80	0.3500000
NODE_10688_length_839_cov_7.612162	361	441	8	2	80	0.0250000
NODE_10688_length_839_cov_7.612162	361	441	9	27	80	0.3375000
NODE_10689_length_839_cov_6.693243	343	423	0	80	80	1.0000000
NODE_10706_length_838_cov_39.263870	383	463	12	41	80	0.5125000
NODE_10706_length_838_cov_39.263870	383	463	13	18	80	0.2250000
NODE_10706_length_838_cov_39.263870	383	463	14	21	80	0.2625000
NODE_10706_length_838_cov_39.263870	436	516	2	9	80	0.1125000
NODE_10706_length_838_cov_39.263870	436	516	3	6	80	0.0750000
NODE_10706_length_838_cov_39.263870	436	516	4	9	80	0.1125000
NODE_10706_length_838_cov_39.263870	436	516	5	1	80	0.0125000
NODE_10706_length_838_cov_39.263870	436	516	6	15	80	0.1875000
NODE_10706_length_838_cov_39.263870	436	516	8	11	80	0.1375000
NODE_10706_length_838_cov_39.263870	436	516	10	1	80	0.0125000
NODE_10706_length_838_cov_39.263870	436	516	12	10	80	0.1250000
NODE_10706_length_838_cov_39.263870	436	516	13	18	80	0.2250000
NODE_10707_length_838_cov_27.843031	473	553	3	54	80	0.6750000
NODE_10707_length_838_cov_27.843031	473	553	6	21	80	0.2625000
NODE_10707_length_838_cov_27.843031	473	553	7	5	80	0.0625000
NODE_10707_length_838_cov_27.843031	526	606	3	1	80	0.0125000
NODE_10707_length_838_cov_27.843031	526	606	6	45	80	0.5625000
NODE_10707_length_838_cov_27.843031	526	606	7	34	80	0.4250000
NODE_10708_length_838_cov_27.238160	432	512	0	3	80	0.0375000
NODE_10708_length_838_cov_27.238160	432	512	1	65	80	0.8125000
NODE_10708_length_838_cov_27.238160	432	512	2	12	80	0.1500000
NODE_10708_length_838_cov_27.238160	485	565	1	15	80	0.1875000
NODE_10708_length_838_cov_27.238160	485	565	2	65	80	0.8125000
NODE_10709_length_838_cov_22.691475	380	460	6	16	80	0.2000000
NODE_10709_length_838_cov_22.691475	380	460	7	29	80	0.3625000
NODE_10709_length_838_cov_22.691475	380	460	8	32	80	0.4000000
NODE_10709_length_838_cov_22.691475	380	460	9	3	80	0.0375000
NODE_10709_length_838_cov_22.691475	433	513	5	44	80	0.5500000
NODE_10709_length_838_cov_22.691475	433	513	6	16	80	0.2000000
NODE_10709_length_838_cov_22.691475	433	513	7	20	80	0.2500000
NODE_10710_length_838_cov_16.169147	312	392	0	12	80	0.1500000
NODE_10710_length_838_cov_16.169147	312	392	2	1	80	0.0125000
NODE_10710_length_838_cov_16.169147	312	392	3	67	80	0.8375000
NODE_10710_length_838_cov_16.169147	365	445	1	25	80	0.3125000
NODE_10710_length_838_cov_16.169147	365	445	3	55	80	0.6875000
NODE_10711_length_838_cov_15.753721	328	408	2	35	80	0.4375000
NODE_10711_length_838_cov_15.753721	328	408	3	45	80	0.5625000
NODE_10711_length_838_cov_15.753721	381	461	3	80	80	1.0000000
NODE_10712_length_838_cov_15.514208	294	374	0	78	80	0.9750000
NODE_10712_length_838_cov_15.514208	294	374	2	2	80	0.0250000
NODE_10712_length_838_cov_15.514208	347	427	0	25	80	0.3125000
NODE_10712_length_838_cov_15.514208	347	427	2	55	80	0.6875000
NODE_10713_length_838_cov_7.733424	350	430	0	25	80	0.3125000
NODE_10713_length_838_cov_7.733424	350	430	1	55	80	0.6875000
NODE_10713_length_838_cov_7.733424	403	483	0	78	80	0.9750000
NODE_10713_length_838_cov_7.733424	403	483	1	2	80	0.0250000
NODE_10716_length_838_cov_4.511502	131	213	0	64	82	0.7804878
NODE_10716_length_838_cov_4.511502	131	213	1	18	82	0.2195122
NODE_10716_length_838_cov_4.511502	184	252	0	11	68	0.1617647
NODE_10716_length_838_cov_4.511502	184	252	1	57	68	0.8382353
NODE_10722_length_838_cov_2.247632	359	405	0	46	46	1.0000000
NODE_10727_length_838_cov_1.843031	732	752	0	20	20	1.0000000
NODE_10740_length_837_cov_32.691057	401	481	2	17	80	0.2125000
NODE_10740_length_837_cov_32.691057	401	481	3	20	80	0.2500000
NODE_10740_length_837_cov_32.691057	401	481	4	43	80	0.5375000
NODE_10740_length_837_cov_32.691057	454	534	1	38	80	0.4750000
NODE_10740_length_837_cov_32.691057	454	534	2	32	80	0.4000000
NODE_10740_length_837_cov_32.691057	454	534	4	10	80	0.1250000
NODE_10741_length_837_cov_30.995935	399	479	4	15	80	0.1875000
NODE_10741_length_837_cov_30.995935	399	479	6	7	80	0.0875000
NODE_10741_length_837_cov_30.995935	399	479	7	16	80	0.2000000
NODE_10741_length_837_cov_30.995935	399	479	8	6	80	0.0750000
NODE_10741_length_837_cov_30.995935	399	479	10	9	80	0.1125000
NODE_10741_length_837_cov_30.995935	399	479	12	1	80	0.0125000
NODE_10741_length_837_cov_30.995935	399	479	13	21	80	0.2625000
NODE_10741_length_837_cov_30.995935	399	479	14	5	80	0.0625000
NODE_10741_length_837_cov_30.995935	452	532	9	2	80	0.0250000
NODE_10741_length_837_cov_30.995935	452	532	11	12	80	0.1500000
NODE_10741_length_837_cov_30.995935	452	532	12	9	80	0.1125000
NODE_10741_length_837_cov_30.995935	452	532	13	25	80	0.3125000
NODE_10741_length_837_cov_30.995935	452	532	14	6	80	0.0750000
NODE_10741_length_837_cov_30.995935	452	532	15	26	80	0.3250000
NODE_10742_length_837_cov_30.883469	278	358	3	33	80	0.4125000
NODE_10742_length_837_cov_30.883469	278	358	4	24	80	0.3000000
NODE_10742_length_837_cov_30.883469	278	358	5	23	80	0.2875000
NODE_10742_length_837_cov_30.883469	331	411	4	10	80	0.1250000
NODE_10742_length_837_cov_30.883469	331	411	5	70	80	0.8750000
NODE_10742_length_837_cov_30.883469	407	487	2	52	80	0.6500000
NODE_10742_length_837_cov_30.883469	407	487	3	2	80	0.0250000
NODE_10742_length_837_cov_30.883469	407	487	4	10	80	0.1250000
NODE_10742_length_837_cov_30.883469	407	487	5	16	80	0.2000000
NODE_10742_length_837_cov_30.883469	460	540	1	29	80	0.3625000
NODE_10742_length_837_cov_30.883469	460	540	2	51	80	0.6375000
NODE_10743_length_837_cov_14.573171	205	280	2	75	75	1.0000000
NODE_10743_length_837_cov_14.573171	258	337	1	23	79	0.2911392
NODE_10743_length_837_cov_14.573171	258	337	2	56	79	0.7088608
NODE_10743_length_837_cov_14.573171	333	413	1	50	80	0.6250000
NODE_10743_length_837_cov_14.573171	333	413	2	30	80	0.3750000
NODE_10743_length_837_cov_14.573171	386	466	1	4	80	0.0500000
NODE_10743_length_837_cov_14.573171	386	466	2	76	80	0.9500000
NODE_10744_length_837_cov_12.582656	226	306	2	14	80	0.1750000
NODE_10744_length_837_cov_12.582656	226	306	3	11	80	0.1375000
NODE_10744_length_837_cov_12.582656	226	306	4	55	80	0.6875000
NODE_10744_length_837_cov_12.582656	279	359	0	16	80	0.2000000
NODE_10744_length_837_cov_12.582656	279	359	1	36	80	0.4500000
NODE_10744_length_837_cov_12.582656	279	359	2	15	80	0.1875000
NODE_10744_length_837_cov_12.582656	279	359	3	11	80	0.1375000
NODE_10744_length_837_cov_12.582656	279	359	4	2	80	0.0250000
NODE_10745_length_837_cov_6.998645	389	474	0	85	85	1.0000000
NODE_10745_length_837_cov_6.998645	447	527	0	80	80	1.0000000
NODE_10750_length_837_cov_3.119241	373	453	0	80	80	1.0000000
NODE_10750_length_837_cov_3.119241	426	506	0	80	80	1.0000000
NODE_10769_length_836_cov_40.141113	224	304	6	45	80	0.5625000
NODE_10769_length_836_cov_40.141113	224	304	7	33	80	0.4125000
NODE_10769_length_836_cov_40.141113	224	304	8	2	80	0.0250000
NODE_10769_length_836_cov_40.141113	277	357	3	2	80	0.0250000
NODE_10769_length_836_cov_40.141113	277	357	5	35	80	0.4375000
NODE_10769_length_836_cov_40.141113	277	357	6	11	80	0.1375000
NODE_10769_length_836_cov_40.141113	277	357	7	32	80	0.4000000
NODE_10769_length_836_cov_40.141113	353	433	2	14	80	0.1750000
NODE_10769_length_836_cov_40.141113	353	433	4	58	80	0.7250000
NODE_10769_length_836_cov_40.141113	353	433	5	8	80	0.1000000
NODE_10769_length_836_cov_40.141113	406	486	2	67	80	0.8375000
NODE_10769_length_836_cov_40.141113	406	486	4	13	80	0.1625000
NODE_10770_length_836_cov_27.610583	344	424	2	9	80	0.1125000
NODE_10770_length_836_cov_27.610583	344	424	3	31	80	0.3875000
NODE_10770_length_836_cov_27.610583	344	424	4	40	80	0.5000000
NODE_10770_length_836_cov_27.610583	397	477	3	54	80	0.6750000
NODE_10770_length_836_cov_27.610583	397	477	4	26	80	0.3250000
NODE_10771_length_836_cov_15.719132	295	375	0	80	80	1.0000000
NODE_10771_length_836_cov_15.719132	348	428	0	41	80	0.5125000
NODE_10771_length_836_cov_15.719132	348	428	1	39	80	0.4875000
NODE_10772_length_836_cov_9.309362	295	375	6	4	80	0.0500000
NODE_10772_length_836_cov_9.309362	295	375	7	21	80	0.2625000
NODE_10772_length_836_cov_9.309362	295	375	8	51	80	0.6375000
NODE_10772_length_836_cov_9.309362	295	375	9	4	80	0.0500000
NODE_10772_length_836_cov_9.309362	348	428	7	8	80	0.1000000
NODE_10772_length_836_cov_9.309362	348	428	8	59	80	0.7375000
NODE_10772_length_836_cov_9.309362	348	428	9	13	80	0.1625000
NODE_10773_length_836_cov_6.283582	336	416	0	16	80	0.2000000
NODE_10773_length_836_cov_6.283582	336	416	2	56	80	0.7000000
NODE_10773_length_836_cov_6.283582	336	416	4	8	80	0.1000000
NODE_10773_length_836_cov_6.283582	389	469	2	26	80	0.3250000
NODE_10773_length_836_cov_6.283582	389	469	4	54	80	0.6750000
NODE_10774_length_836_cov_4.979647	371	451	5	12	80	0.1500000
NODE_10774_length_836_cov_4.979647	371	451	6	12	80	0.1500000
NODE_10774_length_836_cov_4.979647	371	451	7	7	80	0.0875000
NODE_10774_length_836_cov_4.979647	371	451	8	16	80	0.2000000
NODE_10774_length_836_cov_4.979647	371	451	10	33	80	0.4125000
NODE_10774_length_836_cov_4.979647	424	504	3	43	80	0.5375000
NODE_10774_length_836_cov_4.979647	424	504	4	2	80	0.0250000
NODE_10774_length_836_cov_4.979647	424	504	6	18	80	0.2250000
NODE_10774_length_836_cov_4.979647	424	504	7	7	80	0.0875000
NODE_10774_length_836_cov_4.979647	424	504	8	6	80	0.0750000
NODE_10774_length_836_cov_4.979647	424	504	10	4	80	0.0500000
NODE_10787_length_835_cov_61.033967	253	333	11	3	80	0.0375000
NODE_10787_length_835_cov_61.033967	253	333	12	9	80	0.1125000
NODE_10787_length_835_cov_61.033967	253	333	13	13	80	0.1625000
NODE_10787_length_835_cov_61.033967	253	333	14	10	80	0.1250000
NODE_10787_length_835_cov_61.033967	253	333	15	22	80	0.2750000
NODE_10787_length_835_cov_61.033967	253	333	16	5	80	0.0625000
NODE_10787_length_835_cov_61.033967	253	333	17	1	80	0.0125000
NODE_10787_length_835_cov_61.033967	253	333	18	17	80	0.2125000
NODE_10787_length_835_cov_61.033967	306	386	14	4	80	0.0500000
NODE_10787_length_835_cov_61.033967	306	386	16	5	80	0.0625000
NODE_10787_length_835_cov_61.033967	306	386	17	14	80	0.1750000
NODE_10787_length_835_cov_61.033967	306	386	18	35	80	0.4375000
NODE_10787_length_835_cov_61.033967	306	386	19	10	80	0.1250000
NODE_10787_length_835_cov_61.033967	306	386	20	12	80	0.1500000
NODE_10788_length_835_cov_32.380435	390	470	10	10	80	0.1250000
NODE_10788_length_835_cov_32.380435	390	470	11	19	80	0.2375000
NODE_10788_length_835_cov_32.380435	390	470	12	49	80	0.6125000
NODE_10788_length_835_cov_32.380435	390	470	13	2	80	0.0250000
NODE_10788_length_835_cov_32.380435	443	523	6	14	80	0.1750000
NODE_10788_length_835_cov_32.380435	443	523	7	7	80	0.0875000
NODE_10788_length_835_cov_32.380435	443	523	8	13	80	0.1625000
NODE_10788_length_835_cov_32.380435	443	523	9	11	80	0.1375000
NODE_10788_length_835_cov_32.380435	443	523	10	14	80	0.1750000
NODE_10788_length_835_cov_32.380435	443	523	12	21	80	0.2625000
NODE_10789_length_835_cov_20.779891	415	495	6	10	80	0.1250000
NODE_10789_length_835_cov_20.779891	415	495	7	3	80	0.0375000
NODE_10789_length_835_cov_20.779891	415	495	8	8	80	0.1000000
NODE_10789_length_835_cov_20.779891	415	495	10	17	80	0.2125000
NODE_10789_length_835_cov_20.779891	415	495	11	17	80	0.2125000
NODE_10789_length_835_cov_20.779891	415	495	12	25	80	0.3125000
NODE_10789_length_835_cov_20.779891	468	548	9	3	80	0.0375000
NODE_10789_length_835_cov_20.779891	468	548	10	17	80	0.2125000
NODE_10789_length_835_cov_20.779891	468	548	11	33	80	0.4125000
NODE_10789_length_835_cov_20.779891	468	548	12	27	80	0.3375000
NODE_10808_length_835_cov_1.694293	18	80	0	62	62	1.0000000
NODE_10820_length_834_cov_13.689796	213	293	0	80	80	1.0000000
NODE_10820_length_834_cov_13.689796	266	346	0	80	80	1.0000000
NODE_10822_length_834_cov_12.609524	406	486	2	44	80	0.5500000
NODE_10822_length_834_cov_12.609524	406	486	3	1	80	0.0125000
NODE_10822_length_834_cov_12.609524	406	486	4	35	80	0.4375000
NODE_10822_length_834_cov_12.609524	459	539	1	10	80	0.1250000
NODE_10822_length_834_cov_12.609524	459	539	2	70	80	0.8750000
NODE_10823_length_834_cov_11.492517	248	328	3	6	80	0.0750000
NODE_10823_length_834_cov_11.492517	248	328	5	48	80	0.6000000
NODE_10823_length_834_cov_11.492517	248	328	6	26	80	0.3250000
NODE_10823_length_834_cov_11.492517	301	381	4	2	80	0.0250000
NODE_10823_length_834_cov_11.492517	301	381	5	1	80	0.0125000
NODE_10823_length_834_cov_11.492517	301	381	6	77	80	0.9625000
NODE_10824_length_834_cov_9.957823	212	292	0	30	80	0.3750000
NODE_10824_length_834_cov_9.957823	212	292	2	50	80	0.6250000
NODE_10824_length_834_cov_9.957823	265	345	2	80	80	1.0000000
NODE_10825_length_834_cov_6.448980	482	546	1	64	64	1.0000000
NODE_10833_length_834_cov_2.658503	589	641	0	52	52	1.0000000
NODE_10846_length_833_cov_57.702997	338	418	2	80	80	1.0000000
NODE_10846_length_833_cov_57.702997	391	471	0	9	80	0.1125000
NODE_10846_length_833_cov_57.702997	391	471	2	71	80	0.8875000
NODE_10847_length_833_cov_38.153951	364	444	3	5	80	0.0625000
NODE_10847_length_833_cov_38.153951	364	444	5	44	80	0.5500000
NODE_10847_length_833_cov_38.153951	364	444	6	31	80	0.3875000
NODE_10847_length_833_cov_38.153951	417	497	2	3	80	0.0375000
NODE_10847_length_833_cov_38.153951	417	497	3	45	80	0.5625000
NODE_10847_length_833_cov_38.153951	417	497	5	32	80	0.4000000
NODE_10848_length_833_cov_34.302452	368	448	3	43	80	0.5375000
NODE_10848_length_833_cov_34.302452	368	448	4	37	80	0.4625000
NODE_10848_length_833_cov_34.302452	421	501	2	6	80	0.0750000
NODE_10848_length_833_cov_34.302452	421	501	3	38	80	0.4750000
NODE_10848_length_833_cov_34.302452	421	501	4	36	80	0.4500000
NODE_10849_length_833_cov_20.452316	311	392	5	1	81	0.0123457
NODE_10849_length_833_cov_20.452316	311	392	6	25	81	0.3086420
NODE_10849_length_833_cov_20.452316	311	392	7	23	81	0.2839506
NODE_10849_length_833_cov_20.452316	311	392	8	32	81	0.3950617
NODE_10849_length_833_cov_20.452316	365	445	4	8	80	0.1000000
NODE_10849_length_833_cov_20.452316	365	445	5	32	80	0.4000000
NODE_10849_length_833_cov_20.452316	365	445	6	14	80	0.1750000
NODE_10849_length_833_cov_20.452316	365	445	7	13	80	0.1625000
NODE_10849_length_833_cov_20.452316	365	445	8	13	80	0.1625000
NODE_10850_length_833_cov_16.643052	238	318	2	80	80	1.0000000
NODE_10851_length_833_cov_16.536785	84	164	5	19	80	0.2375000
NODE_10851_length_833_cov_16.536785	84	164	6	61	80	0.7625000
NODE_10851_length_833_cov_16.536785	137	217	1	32	80	0.4000000
NODE_10851_length_833_cov_16.536785	137	217	2	2	80	0.0250000
NODE_10851_length_833_cov_16.536785	137	217	4	13	80	0.1625000
NODE_10851_length_833_cov_16.536785	137	217	5	25	80	0.3125000
NODE_10851_length_833_cov_16.536785	137	217	6	8	80	0.1000000
NODE_10865_length_833_cov_3.089918	467	547	3	80	80	1.0000000
NODE_10865_length_833_cov_3.089918	520	600	0	31	80	0.3875000
NODE_10865_length_833_cov_3.089918	520	600	2	18	80	0.2250000
NODE_10865_length_833_cov_3.089918	520	600	3	31	80	0.3875000
NODE_10891_length_832_cov_35.728513	460	540	4	80	80	1.0000000
NODE_10891_length_832_cov_35.728513	513	593	1	19	80	0.2375000
NODE_10891_length_832_cov_35.728513	513	593	2	3	80	0.0375000
NODE_10891_length_832_cov_35.728513	513	593	3	2	80	0.0250000
NODE_10891_length_832_cov_35.728513	513	593	4	56	80	0.7000000
NODE_10892_length_832_cov_25.450205	292	372	0	5	80	0.0625000
NODE_10892_length_832_cov_25.450205	292	372	1	26	80	0.3250000
NODE_10892_length_832_cov_25.450205	292	372	5	13	80	0.1625000
NODE_10892_length_832_cov_25.450205	292	372	7	26	80	0.3250000
NODE_10892_length_832_cov_25.450205	292	372	8	10	80	0.1250000
NODE_10892_length_832_cov_25.450205	345	425	7	17	80	0.2125000
NODE_10892_length_832_cov_25.450205	345	425	8	34	80	0.4250000
NODE_10892_length_832_cov_25.450205	345	425	9	7	80	0.0875000
NODE_10892_length_832_cov_25.450205	345	425	10	22	80	0.2750000
NODE_10893_length_832_cov_18.858117	428	508	0	34	80	0.4250000
NODE_10893_length_832_cov_18.858117	428	508	2	23	80	0.2875000
NODE_10893_length_832_cov_18.858117	428	508	4	23	80	0.2875000
NODE_10893_length_832_cov_18.858117	481	561	2	4	80	0.0500000
NODE_10893_length_832_cov_18.858117	481	561	4	76	80	0.9500000
NODE_10894_length_832_cov_17.799454	314	394	0	12	80	0.1500000
NODE_10894_length_832_cov_17.799454	314	394	1	7	80	0.0875000
NODE_10894_length_832_cov_17.799454	314	394	2	27	80	0.3375000
NODE_10894_length_832_cov_17.799454	314	394	3	4	80	0.0500000
NODE_10894_length_832_cov_17.799454	314	394	5	30	80	0.3750000
NODE_10894_length_832_cov_17.799454	367	447	5	80	80	1.0000000
NODE_10895_length_832_cov_14.811733	353	433	10	16	80	0.2000000
NODE_10895_length_832_cov_14.811733	353	433	11	24	80	0.3000000
NODE_10895_length_832_cov_14.811733	353	433	12	12	80	0.1500000
NODE_10895_length_832_cov_14.811733	353	433	14	26	80	0.3250000
NODE_10895_length_832_cov_14.811733	353	433	16	2	80	0.0250000
NODE_10896_length_832_cov_14.770805	259	339	3	18	80	0.2250000
NODE_10896_length_832_cov_14.770805	259	339	4	62	80	0.7750000
NODE_10896_length_832_cov_14.770805	312	392	1	24	80	0.3000000
NODE_10896_length_832_cov_14.770805	312	392	2	3	80	0.0375000
NODE_10896_length_832_cov_14.770805	312	392	4	53	80	0.6625000
NODE_10897_length_832_cov_8.305593	266	346	0	80	80	1.0000000
NODE_10897_length_832_cov_8.305593	319	399	0	80	80	1.0000000
NODE_10918_length_831_cov_18.403005	371	451	0	40	80	0.5000000
NODE_10918_length_831_cov_18.403005	371	451	1	18	80	0.2250000
NODE_10918_length_831_cov_18.403005	371	451	2	22	80	0.2750000
NODE_10918_length_831_cov_18.403005	424	504	1	5	80	0.0625000
NODE_10918_length_831_cov_18.403005	424	504	2	75	80	0.9375000
NODE_10919_length_831_cov_16.017760	357	437	2	69	80	0.8625000
NODE_10919_length_831_cov_16.017760	357	437	3	11	80	0.1375000
NODE_10919_length_831_cov_16.017760	410	490	2	33	80	0.4125000
NODE_10919_length_831_cov_16.017760	410	490	3	37	80	0.4625000
NODE_10919_length_831_cov_16.017760	410	490	4	10	80	0.1250000
NODE_10920_length_831_cov_13.740437	405	485	0	50	80	0.6250000
NODE_10920_length_831_cov_13.740437	405	485	1	30	80	0.3750000
NODE_10920_length_831_cov_13.740437	458	538	1	34	80	0.4250000
NODE_10920_length_831_cov_13.740437	458	538	2	46	80	0.5750000
NODE_10921_length_831_cov_9.595628	281	361	2	34	80	0.4250000
NODE_10921_length_831_cov_9.595628	281	361	4	44	80	0.5500000
NODE_10921_length_831_cov_9.595628	281	361	6	2	80	0.0250000
NODE_10921_length_831_cov_9.595628	334	414	4	64	80	0.8000000
NODE_10921_length_831_cov_9.595628	334	414	6	16	80	0.2000000
NODE_10922_length_831_cov_8.199454	433	482	5	1	49	0.0204082
NODE_10922_length_831_cov_8.199454	433	482	6	20	49	0.4081633
NODE_10922_length_831_cov_8.199454	433	482	7	8	49	0.1632653
NODE_10922_length_831_cov_8.199454	433	482	8	20	49	0.4081633
NODE_10923_length_831_cov_7.607923	216	296	0	52	80	0.6500000
NODE_10923_length_831_cov_7.607923	216	296	1	28	80	0.3500000
NODE_10923_length_831_cov_7.607923	269	349	1	68	80	0.8500000
NODE_10923_length_831_cov_7.607923	269	349	2	12	80	0.1500000
NODE_10924_length_831_cov_6.454918	334	409	2	15	75	0.2000000
NODE_10924_length_831_cov_6.454918	334	409	3	17	75	0.2266667
NODE_10924_length_831_cov_6.454918	334	409	5	42	75	0.5600000
NODE_10924_length_831_cov_6.454918	334	409	6	1	75	0.0133333
NODE_10924_length_831_cov_6.454918	382	462	4	41	80	0.5125000
NODE_10924_length_831_cov_6.454918	382	462	5	39	80	0.4875000
NODE_10960_length_830_cov_40.856361	238	318	9	31	80	0.3875000
NODE_10960_length_830_cov_40.856361	238	318	10	10	80	0.1250000
NODE_10960_length_830_cov_40.856361	238	318	11	1	80	0.0125000
NODE_10960_length_830_cov_40.856361	238	318	12	20	80	0.2500000
NODE_10960_length_830_cov_40.856361	238	318	14	8	80	0.1000000
NODE_10960_length_830_cov_40.856361	238	318	15	1	80	0.0125000
NODE_10960_length_830_cov_40.856361	238	318	16	9	80	0.1125000
NODE_10960_length_830_cov_40.856361	291	371	6	5	80	0.0625000
NODE_10960_length_830_cov_40.856361	291	371	8	5	80	0.0625000
NODE_10960_length_830_cov_40.856361	291	371	10	2	80	0.0250000
NODE_10960_length_830_cov_40.856361	291	371	11	1	80	0.0125000
NODE_10960_length_830_cov_40.856361	291	371	12	11	80	0.1375000
NODE_10960_length_830_cov_40.856361	291	371	14	17	80	0.2125000
NODE_10960_length_830_cov_40.856361	291	371	15	4	80	0.0500000
NODE_10960_length_830_cov_40.856361	291	371	16	35	80	0.4375000
NODE_10961_length_830_cov_32.170999	302	378	4	34	76	0.4473684
NODE_10961_length_830_cov_32.170999	302	378	5	18	76	0.2368421
NODE_10961_length_830_cov_32.170999	302	378	6	13	76	0.1710526
NODE_10961_length_830_cov_32.170999	302	378	7	11	76	0.1447368
NODE_10961_length_830_cov_32.170999	303	383	4	33	80	0.4125000
NODE_10961_length_830_cov_32.170999	303	383	5	18	80	0.2250000
NODE_10961_length_830_cov_32.170999	303	383	6	13	80	0.1625000
NODE_10961_length_830_cov_32.170999	303	383	7	16	80	0.2000000
NODE_10961_length_830_cov_32.170999	356	436	3	11	80	0.1375000
NODE_10961_length_830_cov_32.170999	356	436	5	31	80	0.3875000
NODE_10961_length_830_cov_32.170999	356	436	6	21	80	0.2625000
NODE_10961_length_830_cov_32.170999	356	436	7	17	80	0.2125000
NODE_10962_length_830_cov_28.041040	393	473	3	37	80	0.4625000
NODE_10962_length_830_cov_28.041040	393	473	4	14	80	0.1750000
NODE_10962_length_830_cov_28.041040	393	473	5	29	80	0.3625000
NODE_10962_length_830_cov_28.041040	446	526	0	29	80	0.3625000
NODE_10962_length_830_cov_28.041040	446	526	1	9	80	0.1125000
NODE_10962_length_830_cov_28.041040	446	526	2	14	80	0.1750000
NODE_10962_length_830_cov_28.041040	446	526	3	28	80	0.3500000
NODE_10963_length_830_cov_20.280438	360	440	0	80	80	1.0000000
NODE_10963_length_830_cov_20.280438	413	492	0	79	79	1.0000000
NODE_10964_length_830_cov_19.495212	274	354	5	2	80	0.0250000
NODE_10964_length_830_cov_19.495212	274	354	6	7	80	0.0875000
NODE_10964_length_830_cov_19.495212	274	354	8	31	80	0.3875000
NODE_10964_length_830_cov_19.495212	274	354	9	24	80	0.3000000
NODE_10964_length_830_cov_19.495212	274	354	10	15	80	0.1875000
NODE_10964_length_830_cov_19.495212	274	354	12	1	80	0.0125000
NODE_10964_length_830_cov_19.495212	327	407	5	10	80	0.1250000
NODE_10964_length_830_cov_19.495212	327	407	7	11	80	0.1375000
NODE_10964_length_830_cov_19.495212	327	407	8	24	80	0.3000000
NODE_10964_length_830_cov_19.495212	327	407	9	13	80	0.1625000
NODE_10964_length_830_cov_19.495212	327	407	10	21	80	0.2625000
NODE_10964_length_830_cov_19.495212	327	407	12	1	80	0.0125000
NODE_10965_length_830_cov_18.522572	368	448	0	16	80	0.2000000
NODE_10965_length_830_cov_18.522572	368	448	1	8	80	0.1000000
NODE_10965_length_830_cov_18.522572	368	448	2	7	80	0.0875000
NODE_10965_length_830_cov_18.522572	368	448	3	28	80	0.3500000
NODE_10965_length_830_cov_18.522572	368	448	4	21	80	0.2625000
NODE_10965_length_830_cov_18.522572	421	501	3	6	80	0.0750000
NODE_10965_length_830_cov_18.522572	421	501	4	74	80	0.9250000
NODE_10966_length_830_cov_13.830369	278	358	2	80	80	1.0000000
NODE_10966_length_830_cov_13.830369	331	411	0	10	80	0.1250000
NODE_10966_length_830_cov_13.830369	331	411	1	35	80	0.4375000
NODE_10966_length_830_cov_13.830369	331	411	2	35	80	0.4375000
NODE_10967_length_830_cov_12.459644	201	281	5	13	80	0.1625000
NODE_10967_length_830_cov_12.459644	201	281	6	38	80	0.4750000
NODE_10967_length_830_cov_12.459644	201	281	7	10	80	0.1250000
NODE_10967_length_830_cov_12.459644	201	281	8	19	80	0.2375000
NODE_10967_length_830_cov_12.459644	254	334	4	9	80	0.1125000
NODE_10967_length_830_cov_12.459644	254	334	5	8	80	0.1000000
NODE_10967_length_830_cov_12.459644	254	334	6	15	80	0.1875000
NODE_10967_length_830_cov_12.459644	254	334	7	10	80	0.1250000
NODE_10967_length_830_cov_12.459644	254	334	8	24	80	0.3000000
NODE_10967_length_830_cov_12.459644	254	334	9	14	80	0.1750000
NODE_10968_length_830_cov_8.344733	450	530	3	18	80	0.2250000
NODE_10968_length_830_cov_8.344733	450	530	4	15	80	0.1875000
NODE_10968_length_830_cov_8.344733	450	530	5	9	80	0.1125000
NODE_10968_length_830_cov_8.344733	450	530	6	38	80	0.4750000
NODE_10968_length_830_cov_8.344733	503	583	2	25	80	0.3125000
NODE_10968_length_830_cov_8.344733	503	583	3	46	80	0.5750000
NODE_10968_length_830_cov_8.344733	503	583	5	9	80	0.1125000
NODE_10969_length_830_cov_8.227086	634	714	1	80	80	1.0000000
NODE_10969_length_830_cov_8.227086	687	767	1	80	80	1.0000000
NODE_10995_length_829_cov_74.910959	271	351	5	1	80	0.0125000
NODE_10995_length_829_cov_74.910959	271	351	6	3	80	0.0375000
NODE_10995_length_829_cov_74.910959	271	351	7	57	80	0.7125000
NODE_10995_length_829_cov_74.910959	271	351	8	19	80	0.2375000
NODE_10995_length_829_cov_74.910959	324	404	6	21	80	0.2625000
NODE_10995_length_829_cov_74.910959	324	404	7	26	80	0.3250000
NODE_10995_length_829_cov_74.910959	324	404	8	33	80	0.4125000
NODE_10996_length_829_cov_34.068493	302	382	4	51	80	0.6375000
NODE_10996_length_829_cov_34.068493	302	382	5	16	80	0.2000000
NODE_10996_length_829_cov_34.068493	302	382	6	7	80	0.0875000
NODE_10996_length_829_cov_34.068493	302	382	7	6	80	0.0750000
NODE_10996_length_829_cov_34.068493	355	435	3	33	80	0.4125000
NODE_10996_length_829_cov_34.068493	355	435	4	45	80	0.5625000
NODE_10996_length_829_cov_34.068493	355	435	6	2	80	0.0250000
NODE_10997_length_829_cov_24.027397	441	521	1	58	80	0.7250000
NODE_10997_length_829_cov_24.027397	441	521	2	22	80	0.2750000
NODE_10997_length_829_cov_24.027397	494	574	1	65	80	0.8125000
NODE_10997_length_829_cov_24.027397	494	574	2	15	80	0.1875000
NODE_10998_length_829_cov_21.735616	420	500	1	19	80	0.2375000
NODE_10998_length_829_cov_21.735616	420	500	2	61	80	0.7625000
NODE_10998_length_829_cov_21.735616	473	553	2	80	80	1.0000000
NODE_10999_length_829_cov_18.446575	407	487	3	6	80	0.0750000
NODE_10999_length_829_cov_18.446575	407	487	4	3	80	0.0375000
NODE_10999_length_829_cov_18.446575	407	487	5	58	80	0.7250000
NODE_10999_length_829_cov_18.446575	407	487	6	13	80	0.1625000
NODE_10999_length_829_cov_18.446575	460	540	3	10	80	0.1250000
NODE_10999_length_829_cov_18.446575	460	540	4	13	80	0.1625000
NODE_10999_length_829_cov_18.446575	460	540	5	32	80	0.4000000
NODE_10999_length_829_cov_18.446575	460	540	6	25	80	0.3125000
NODE_11000_length_829_cov_10.971233	368	448	0	48	80	0.6000000
NODE_11000_length_829_cov_10.971233	368	448	1	20	80	0.2500000
NODE_11000_length_829_cov_10.971233	368	448	2	12	80	0.1500000
NODE_11000_length_829_cov_10.971233	421	501	0	80	80	1.0000000
NODE_11001_length_829_cov_10.035616	387	467	1	48	80	0.6000000
NODE_11001_length_829_cov_10.035616	387	467	2	32	80	0.4000000
NODE_11001_length_829_cov_10.035616	440	520	2	73	80	0.9125000
NODE_11001_length_829_cov_10.035616	440	520	3	7	80	0.0875000
NODE_11002_length_829_cov_9.906849	326	406	0	39	80	0.4875000
NODE_11002_length_829_cov_9.906849	326	406	1	41	80	0.5125000
NODE_11002_length_829_cov_9.906849	379	459	1	80	80	1.0000000
NODE_11003_length_829_cov_8.809589	450	530	1	80	80	1.0000000
NODE_11003_length_829_cov_8.809589	503	583	0	25	80	0.3125000
NODE_11003_length_829_cov_8.809589	503	583	1	55	80	0.6875000
NODE_11006_length_829_cov_4.310959	473	553	1	71	80	0.8875000
NODE_11006_length_829_cov_4.310959	473	553	2	9	80	0.1125000
NODE_11006_length_829_cov_4.310959	526	606	1	18	80	0.2250000
NODE_11006_length_829_cov_4.310959	526	606	2	62	80	0.7750000
NODE_11008_length_829_cov_3.079452	507	587	0	24	80	0.3000000
NODE_11008_length_829_cov_3.079452	507	587	2	16	80	0.2000000
NODE_11008_length_829_cov_3.079452	507	587	3	37	80	0.4625000
NODE_11008_length_829_cov_3.079452	507	587	4	3	80	0.0375000
NODE_11008_length_829_cov_3.079452	507	587	0	24	80	0.3000000
NODE_11008_length_829_cov_3.079452	507	587	2	16	80	0.2000000
NODE_11008_length_829_cov_3.079452	507	587	3	37	80	0.4625000
NODE_11008_length_829_cov_3.079452	507	587	4	3	80	0.0375000
NODE_11008_length_829_cov_3.079452	560	640	3	24	80	0.3000000
NODE_11008_length_829_cov_3.079452	560	640	4	56	80	0.7000000
NODE_11025_length_828_cov_41.116598	436	516	3	16	80	0.2000000
NODE_11025_length_828_cov_41.116598	436	516	4	5	80	0.0625000
NODE_11025_length_828_cov_41.116598	436	516	5	9	80	0.1125000
NODE_11025_length_828_cov_41.116598	436	516	7	16	80	0.2000000
NODE_11025_length_828_cov_41.116598	436	516	8	2	80	0.0250000
NODE_11025_length_828_cov_41.116598	436	516	9	9	80	0.1125000
NODE_11025_length_828_cov_41.116598	436	516	10	23	80	0.2875000
NODE_11025_length_828_cov_41.116598	489	569	9	4	80	0.0500000
NODE_11025_length_828_cov_41.116598	489	569	10	34	80	0.4250000
NODE_11025_length_828_cov_41.116598	489	569	11	27	80	0.3375000
NODE_11025_length_828_cov_41.116598	489	569	12	15	80	0.1875000
NODE_11026_length_828_cov_36.459534	372	452	5	20	80	0.2500000
NODE_11026_length_828_cov_36.459534	372	452	6	16	80	0.2000000
NODE_11026_length_828_cov_36.459534	372	452	7	39	80	0.4875000
NODE_11026_length_828_cov_36.459534	372	452	8	5	80	0.0625000
NODE_11026_length_828_cov_36.459534	425	505	3	10	80	0.1250000
NODE_11026_length_828_cov_36.459534	425	505	5	17	80	0.2125000
NODE_11026_length_828_cov_36.459534	425	505	6	18	80	0.2250000
NODE_11026_length_828_cov_36.459534	425	505	7	30	80	0.3750000
NODE_11026_length_828_cov_36.459534	425	505	8	5	80	0.0625000
NODE_11027_length_828_cov_33.515775	443	523	5	38	80	0.4750000
NODE_11027_length_828_cov_33.515775	443	523	7	42	80	0.5250000
NODE_11027_length_828_cov_33.515775	496	576	0	10	80	0.1250000
NODE_11027_length_828_cov_33.515775	496	576	1	9	80	0.1125000
NODE_11027_length_828_cov_33.515775	496	576	2	8	80	0.1000000
NODE_11027_length_828_cov_33.515775	496	576	3	15	80	0.1875000
NODE_11027_length_828_cov_33.515775	496	576	4	9	80	0.1125000
NODE_11027_length_828_cov_33.515775	496	576	5	29	80	0.3625000
NODE_11028_length_828_cov_21.123457	380	460	4	1	80	0.0125000
NODE_11028_length_828_cov_21.123457	380	460	5	47	80	0.5875000
NODE_11028_length_828_cov_21.123457	380	460	6	32	80	0.4000000
NODE_11028_length_828_cov_21.123457	433	513	0	35	80	0.4375000
NODE_11028_length_828_cov_21.123457	433	513	1	17	80	0.2125000
NODE_11028_length_828_cov_21.123457	433	513	3	1	80	0.0125000
NODE_11028_length_828_cov_21.123457	433	513	4	1	80	0.0125000
NODE_11028_length_828_cov_21.123457	433	513	5	26	80	0.3250000
NODE_11029_length_828_cov_17.406036	304	392	4	5	88	0.0568182
NODE_11029_length_828_cov_17.406036	304	392	5	42	88	0.4772727
NODE_11029_length_828_cov_17.406036	304	392	6	11	88	0.1250000
NODE_11029_length_828_cov_17.406036	304	392	7	19	88	0.2159091
NODE_11029_length_828_cov_17.406036	304	392	8	8	88	0.0909091
NODE_11029_length_828_cov_17.406036	304	392	9	3	88	0.0340909
NODE_11029_length_828_cov_17.406036	369	445	6	11	76	0.1447368
NODE_11029_length_828_cov_17.406036	369	445	7	1	76	0.0131579
NODE_11029_length_828_cov_17.406036	369	445	8	55	76	0.7236842
NODE_11029_length_828_cov_17.406036	369	445	9	9	76	0.1184211
NODE_11030_length_828_cov_14.606310	287	367	2	21	80	0.2625000
NODE_11030_length_828_cov_14.606310	287	367	3	15	80	0.1875000
NODE_11030_length_828_cov_14.606310	287	367	7	39	80	0.4875000
NODE_11030_length_828_cov_14.606310	287	367	9	5	80	0.0625000
NODE_11030_length_828_cov_14.606310	340	420	5	9	80	0.1125000
NODE_11030_length_828_cov_14.606310	340	420	7	25	80	0.3125000
NODE_11030_length_828_cov_14.606310	340	420	9	46	80	0.5750000
NODE_11031_length_828_cov_14.493827	326	406	1	17	80	0.2125000
NODE_11031_length_828_cov_14.493827	326	406	2	28	80	0.3500000
NODE_11031_length_828_cov_14.493827	326	406	3	35	80	0.4375000
NODE_11031_length_828_cov_14.493827	379	459	1	19	80	0.2375000
NODE_11031_length_828_cov_14.493827	379	459	2	32	80	0.4000000
NODE_11031_length_828_cov_14.493827	379	459	3	29	80	0.3625000
NODE_11031_length_828_cov_14.493827	455	535	1	80	80	1.0000000
NODE_11031_length_828_cov_14.493827	508	588	0	27	80	0.3375000
NODE_11031_length_828_cov_14.493827	508	588	1	53	80	0.6625000
NODE_11032_length_828_cov_10.550069	280	360	2	55	80	0.6875000
NODE_11032_length_828_cov_10.550069	280	360	3	25	80	0.3125000
NODE_11032_length_828_cov_10.550069	333	413	2	10	80	0.1250000
NODE_11032_length_828_cov_10.550069	333	413	3	70	80	0.8750000
NODE_11033_length_828_cov_9.292181	594	674	0	80	80	1.0000000
NODE_11033_length_828_cov_9.292181	647	727	0	80	80	1.0000000
NODE_11034_length_828_cov_8.747599	298	378	6	47	80	0.5875000
NODE_11034_length_828_cov_8.747599	298	378	7	33	80	0.4125000
NODE_11034_length_828_cov_8.747599	351	431	5	40	80	0.5000000
NODE_11034_length_828_cov_8.747599	351	431	7	40	80	0.5000000
NODE_11035_length_828_cov_8.098765	199	279	4	3	80	0.0375000
NODE_11035_length_828_cov_8.098765	199	279	6	77	80	0.9625000
NODE_11035_length_828_cov_8.098765	252	332	0	23	80	0.2875000
NODE_11035_length_828_cov_8.098765	252	332	2	21	80	0.2625000
NODE_11035_length_828_cov_8.098765	252	332	4	9	80	0.1125000
NODE_11035_length_828_cov_8.098765	252	332	6	27	80	0.3375000
NODE_11037_length_828_cov_7.473251	300	380	2	19	80	0.2375000
NODE_11037_length_828_cov_7.473251	300	380	4	13	80	0.1625000
NODE_11037_length_828_cov_7.473251	300	380	6	48	80	0.6000000
NODE_11037_length_828_cov_7.473251	353	433	4	4	80	0.0500000
NODE_11037_length_828_cov_7.473251	353	433	6	76	80	0.9500000
NODE_11039_length_828_cov_5.481481	543	623	0	80	80	1.0000000
NODE_11039_length_828_cov_5.481481	596	676	0	80	80	1.0000000
NODE_11041_length_828_cov_5.069959	259	339	0	80	80	1.0000000
NODE_11066_length_827_cov_34.567308	269	349	7	22	80	0.2750000
NODE_11066_length_827_cov_34.567308	269	349	8	20	80	0.2500000
NODE_11066_length_827_cov_34.567308	269	349	9	25	80	0.3125000
NODE_11066_length_827_cov_34.567308	269	349	10	11	80	0.1375000
NODE_11066_length_827_cov_34.567308	269	349	11	2	80	0.0250000
NODE_11066_length_827_cov_34.567308	322	402	5	2	80	0.0250000
NODE_11066_length_827_cov_34.567308	322	402	6	4	80	0.0500000
NODE_11066_length_827_cov_34.567308	322	402	7	24	80	0.3000000
NODE_11066_length_827_cov_34.567308	322	402	8	26	80	0.3250000
NODE_11066_length_827_cov_34.567308	322	402	9	11	80	0.1375000
NODE_11066_length_827_cov_34.567308	322	402	10	11	80	0.1375000
NODE_11066_length_827_cov_34.567308	322	402	11	2	80	0.0250000
NODE_11066_length_827_cov_34.567308	398	478	4	3	80	0.0375000
NODE_11066_length_827_cov_34.567308	398	478	5	46	80	0.5750000
NODE_11066_length_827_cov_34.567308	398	478	6	22	80	0.2750000
NODE_11066_length_827_cov_34.567308	398	478	7	9	80	0.1125000
NODE_11066_length_827_cov_34.567308	451	531	2	6	80	0.0750000
NODE_11066_length_827_cov_34.567308	451	531	3	39	80	0.4875000
NODE_11066_length_827_cov_34.567308	451	531	4	11	80	0.1375000
NODE_11066_length_827_cov_34.567308	451	531	5	24	80	0.3000000
NODE_11067_length_827_cov_31.538462	320	400	5	5	80	0.0625000
NODE_11067_length_827_cov_31.538462	320	400	6	1	80	0.0125000
NODE_11067_length_827_cov_31.538462	320	400	8	2	80	0.0250000
NODE_11067_length_827_cov_31.538462	320	400	9	4	80	0.0500000
NODE_11067_length_827_cov_31.538462	320	400	10	10	80	0.1250000
NODE_11067_length_827_cov_31.538462	320	400	11	36	80	0.4500000
NODE_11067_length_827_cov_31.538462	320	400	12	14	80	0.1750000
NODE_11067_length_827_cov_31.538462	320	400	13	8	80	0.1000000
NODE_11067_length_827_cov_31.538462	373	453	11	15	80	0.1875000
NODE_11067_length_827_cov_31.538462	373	453	12	22	80	0.2750000
NODE_11067_length_827_cov_31.538462	373	453	13	12	80	0.1500000
NODE_11067_length_827_cov_31.538462	373	453	14	30	80	0.3750000
NODE_11067_length_827_cov_31.538462	373	453	15	1	80	0.0125000
NODE_11068_length_827_cov_19.548077	464	544	3	9	80	0.1125000
NODE_11068_length_827_cov_19.548077	464	544	5	12	80	0.1500000
NODE_11068_length_827_cov_19.548077	464	544	6	54	80	0.6750000
NODE_11068_length_827_cov_19.548077	464	544	7	5	80	0.0625000
NODE_11068_length_827_cov_19.548077	517	597	5	8	80	0.1000000
NODE_11068_length_827_cov_19.548077	517	597	6	67	80	0.8375000
NODE_11068_length_827_cov_19.548077	517	597	7	5	80	0.0625000
NODE_11069_length_827_cov_17.490385	320	400	1	43	80	0.5375000
NODE_11069_length_827_cov_17.490385	320	400	2	37	80	0.4625000
NODE_11069_length_827_cov_17.490385	373	453	1	80	80	1.0000000
NODE_11070_length_827_cov_15.247253	205	285	3	9	80	0.1125000
NODE_11070_length_827_cov_15.247253	205	285	4	32	80	0.4000000
NODE_11070_length_827_cov_15.247253	205	285	5	4	80	0.0500000
NODE_11070_length_827_cov_15.247253	205	285	6	35	80	0.4375000
NODE_11070_length_827_cov_15.247253	258	338	5	3	80	0.0375000
NODE_11070_length_827_cov_15.247253	258	338	6	63	80	0.7875000
NODE_11070_length_827_cov_15.247253	258	338	7	14	80	0.1750000
NODE_11071_length_827_cov_14.151099	372	452	2	80	80	1.0000000
NODE_11071_length_827_cov_14.151099	425	505	0	41	80	0.5125000
NODE_11071_length_827_cov_14.151099	425	505	2	39	80	0.4875000
NODE_11072_length_827_cov_12.157967	262	342	5	10	80	0.1250000
NODE_11072_length_827_cov_12.157967	262	342	6	4	80	0.0500000
NODE_11072_length_827_cov_12.157967	262	342	7	66	80	0.8250000
NODE_11072_length_827_cov_12.157967	315	395	2	17	80	0.2125000
NODE_11072_length_827_cov_12.157967	315	395	3	4	80	0.0500000
NODE_11072_length_827_cov_12.157967	315	395	4	1	80	0.0125000
NODE_11072_length_827_cov_12.157967	315	395	5	23	80	0.2875000
NODE_11072_length_827_cov_12.157967	315	395	6	6	80	0.0750000
NODE_11072_length_827_cov_12.157967	315	395	7	29	80	0.3625000
NODE_11073_length_827_cov_11.777473	316	396	0	80	80	1.0000000
NODE_11073_length_827_cov_11.777473	369	449	0	80	80	1.0000000
NODE_11074_length_827_cov_11.651099	393	473	0	4	80	0.0500000
NODE_11074_length_827_cov_11.651099	393	473	2	76	80	0.9500000
NODE_11074_length_827_cov_11.651099	446	526	0	57	80	0.7125000
NODE_11074_length_827_cov_11.651099	446	526	2	23	80	0.2875000
NODE_11075_length_827_cov_10.711538	286	366	0	8	80	0.1000000
NODE_11075_length_827_cov_10.711538	286	366	1	72	80	0.9000000
NODE_11075_length_827_cov_10.711538	339	419	1	80	80	1.0000000
NODE_11076_length_827_cov_10.262363	273	353	1	24	80	0.3000000
NODE_11076_length_827_cov_10.262363	273	353	3	56	80	0.7000000
NODE_11076_length_827_cov_10.262363	326	406	2	18	80	0.2250000
NODE_11076_length_827_cov_10.262363	326	406	3	62	80	0.7750000
NODE_11077_length_827_cov_10.221154	256	336	0	80	80	1.0000000
NODE_11078_length_827_cov_9.576923	359	439	1	2	80	0.0250000
NODE_11078_length_827_cov_9.576923	359	439	2	7	80	0.0875000
NODE_11078_length_827_cov_9.576923	359	439	4	71	80	0.8875000
NODE_11078_length_827_cov_9.576923	412	492	1	26	80	0.3250000
NODE_11078_length_827_cov_9.576923	412	492	2	5	80	0.0625000
NODE_11078_length_827_cov_9.576923	412	492	4	49	80	0.6125000
NODE_11079_length_827_cov_8.780220	361	441	1	11	80	0.1375000
NODE_11079_length_827_cov_8.780220	361	441	2	69	80	0.8625000
NODE_11079_length_827_cov_8.780220	414	494	0	6	80	0.0750000
NODE_11079_length_827_cov_8.780220	414	494	1	58	80	0.7250000
NODE_11079_length_827_cov_8.780220	414	494	2	16	80	0.2000000
NODE_11093_length_827_cov_1.412088	736	784	0	39	48	0.8125000
NODE_11093_length_827_cov_1.412088	736	784	1	9	48	0.1875000
NODE_11106_length_826_cov_34.026135	211	291	1	5	80	0.0625000
NODE_11106_length_826_cov_34.026135	211	291	2	25	80	0.3125000
NODE_11106_length_826_cov_34.026135	211	291	3	4	80	0.0500000
NODE_11106_length_826_cov_34.026135	211	291	4	26	80	0.3250000
NODE_11106_length_826_cov_34.026135	211	291	5	19	80	0.2375000
NODE_11106_length_826_cov_34.026135	211	291	6	1	80	0.0125000
NODE_11106_length_826_cov_34.026135	264	344	4	7	80	0.0875000
NODE_11106_length_826_cov_34.026135	264	344	5	24	80	0.3000000
NODE_11106_length_826_cov_34.026135	264	344	6	23	80	0.2875000
NODE_11106_length_826_cov_34.026135	264	344	7	26	80	0.3250000
NODE_11107_length_826_cov_24.093535	282	362	3	37	80	0.4625000
NODE_11107_length_826_cov_24.093535	282	362	4	5	80	0.0625000
NODE_11107_length_826_cov_24.093535	282	362	5	18	80	0.2250000
NODE_11107_length_826_cov_24.093535	282	362	6	20	80	0.2500000
NODE_11107_length_826_cov_24.093535	335	415	3	28	80	0.3500000
NODE_11107_length_826_cov_24.093535	335	415	4	52	80	0.6500000
NODE_11108_length_826_cov_20.943604	207	287	3	52	80	0.6500000
NODE_11108_length_826_cov_20.943604	207	287	4	28	80	0.3500000
NODE_11108_length_826_cov_20.943604	260	340	1	50	80	0.6250000
NODE_11108_length_826_cov_20.943604	260	340	3	30	80	0.3750000
NODE_11109_length_826_cov_20.437414	413	493	8	20	80	0.2500000
NODE_11109_length_826_cov_20.437414	413	493	9	7	80	0.0875000
NODE_11109_length_826_cov_20.437414	413	493	10	17	80	0.2125000
NODE_11109_length_826_cov_20.437414	413	493	11	9	80	0.1125000
NODE_11109_length_826_cov_20.437414	413	493	12	7	80	0.0875000
NODE_11109_length_826_cov_20.437414	413	493	13	20	80	0.2500000
NODE_11109_length_826_cov_20.437414	466	546	3	2	80	0.0250000
NODE_11109_length_826_cov_20.437414	466	546	4	2	80	0.0250000
NODE_11109_length_826_cov_20.437414	466	546	5	6	80	0.0750000
NODE_11109_length_826_cov_20.437414	466	546	7	8	80	0.1000000
NODE_11109_length_826_cov_20.437414	466	546	8	17	80	0.2125000
NODE_11109_length_826_cov_20.437414	466	546	9	20	80	0.2500000
NODE_11109_length_826_cov_20.437414	466	546	10	15	80	0.1875000
NODE_11109_length_826_cov_20.437414	466	546	12	7	80	0.0875000
NODE_11109_length_826_cov_20.437414	466	546	13	3	80	0.0375000
NODE_11110_length_826_cov_20.200825	432	512	0	80	80	1.0000000
NODE_11110_length_826_cov_20.200825	485	565	0	80	80	1.0000000
NODE_11111_length_826_cov_18.489684	345	425	0	36	80	0.4500000
NODE_11111_length_826_cov_18.489684	345	425	1	16	80	0.2000000
NODE_11111_length_826_cov_18.489684	345	425	2	28	80	0.3500000
NODE_11111_length_826_cov_18.489684	398	478	2	80	80	1.0000000
NODE_11112_length_826_cov_17.998624	336	416	0	9	80	0.1125000
NODE_11112_length_826_cov_17.998624	336	416	1	30	80	0.3750000
NODE_11112_length_826_cov_17.998624	336	416	3	41	80	0.5125000
NODE_11112_length_826_cov_17.998624	389	469	3	80	80	1.0000000
NODE_11113_length_826_cov_17.038514	358	438	1	2	80	0.0250000
NODE_11113_length_826_cov_17.038514	358	438	2	22	80	0.2750000
NODE_11113_length_826_cov_17.038514	358	438	3	21	80	0.2625000
NODE_11113_length_826_cov_17.038514	358	438	4	35	80	0.4375000
NODE_11113_length_826_cov_17.038514	411	491	3	22	80	0.2750000
NODE_11113_length_826_cov_17.038514	411	491	4	58	80	0.7250000
NODE_11114_length_826_cov_16.777166	514	603	0	89	89	1.0000000
NODE_11115_length_826_cov_16.177442	361	441	0	80	80	1.0000000
NODE_11115_length_826_cov_16.177442	414	494	0	80	80	1.0000000
NODE_11116_length_826_cov_15.134801	346	426	5	12	80	0.1500000
NODE_11116_length_826_cov_15.134801	346	426	6	13	80	0.1625000
NODE_11116_length_826_cov_15.134801	346	426	7	16	80	0.2000000
NODE_11116_length_826_cov_15.134801	346	426	8	28	80	0.3500000
NODE_11116_length_826_cov_15.134801	346	426	9	11	80	0.1375000
NODE_11116_length_826_cov_15.134801	399	479	6	9	80	0.1125000
NODE_11116_length_826_cov_15.134801	399	479	7	53	80	0.6625000
NODE_11116_length_826_cov_15.134801	399	479	8	18	80	0.2250000
NODE_11117_length_826_cov_9.943604	320	400	2	4	80	0.0500000
NODE_11117_length_826_cov_9.943604	320	400	4	76	80	0.9500000
NODE_11117_length_826_cov_9.943604	373	453	0	10	80	0.1250000
NODE_11117_length_826_cov_9.943604	373	453	2	23	80	0.2875000
NODE_11117_length_826_cov_9.943604	373	453	4	47	80	0.5875000
NODE_11120_length_826_cov_4.852820	501	579	1	45	78	0.5769231
NODE_11120_length_826_cov_4.852820	501	579	5	8	78	0.1025641
NODE_11120_length_826_cov_4.852820	501	579	6	17	78	0.2179487
NODE_11120_length_826_cov_4.852820	501	579	7	8	78	0.1025641
NODE_11120_length_826_cov_4.852820	552	632	5	2	80	0.0250000
NODE_11120_length_826_cov_4.852820	552	632	6	70	80	0.8750000
NODE_11120_length_826_cov_4.852820	552	632	7	8	80	0.1000000
NODE_11161_length_825_cov_61.804408	382	462	1	35	80	0.4375000
NODE_11161_length_825_cov_61.804408	382	462	2	12	80	0.1500000
NODE_11161_length_825_cov_61.804408	382	462	3	33	80	0.4125000
NODE_11161_length_825_cov_61.804408	435	514	2	22	79	0.2784810
NODE_11161_length_825_cov_61.804408	435	514	3	57	79	0.7215190
NODE_11162_length_825_cov_43.825069	488	568	4	24	80	0.3000000
NODE_11162_length_825_cov_43.825069	488	568	5	7	80	0.0875000
NODE_11162_length_825_cov_43.825069	488	568	6	22	80	0.2750000
NODE_11162_length_825_cov_43.825069	488	568	7	27	80	0.3375000
NODE_11162_length_825_cov_43.825069	541	621	2	4	80	0.0500000
NODE_11162_length_825_cov_43.825069	541	621	3	12	80	0.1500000
NODE_11162_length_825_cov_43.825069	541	621	4	42	80	0.5250000
NODE_11162_length_825_cov_43.825069	541	621	5	18	80	0.2250000
NODE_11162_length_825_cov_43.825069	541	621	6	4	80	0.0500000
NODE_11162_length_825_cov_43.825069	617	697	5	13	80	0.1625000
NODE_11162_length_825_cov_43.825069	617	697	6	20	80	0.2500000
NODE_11162_length_825_cov_43.825069	617	697	8	6	80	0.0750000
NODE_11162_length_825_cov_43.825069	617	697	9	10	80	0.1250000
NODE_11162_length_825_cov_43.825069	617	697	11	20	80	0.2500000
NODE_11162_length_825_cov_43.825069	617	697	12	11	80	0.1375000
NODE_11162_length_825_cov_43.825069	670	750	7	1	80	0.0125000
NODE_11162_length_825_cov_43.825069	670	750	9	13	80	0.1625000
NODE_11162_length_825_cov_43.825069	670	750	10	8	80	0.1000000
NODE_11162_length_825_cov_43.825069	670	750	11	30	80	0.3750000
NODE_11162_length_825_cov_43.825069	670	750	12	11	80	0.1375000
NODE_11162_length_825_cov_43.825069	670	750	13	17	80	0.2125000
NODE_11163_length_825_cov_43.389807	496	576	9	11	80	0.1375000
NODE_11163_length_825_cov_43.389807	496	576	10	10	80	0.1250000
NODE_11163_length_825_cov_43.389807	496	576	11	29	80	0.3625000
NODE_11163_length_825_cov_43.389807	496	576	12	30	80	0.3750000
NODE_11163_length_825_cov_43.389807	549	629	3	9	80	0.1125000
NODE_11163_length_825_cov_43.389807	549	629	5	1	80	0.0125000
NODE_11163_length_825_cov_43.389807	549	629	7	11	80	0.1375000
NODE_11163_length_825_cov_43.389807	549	629	8	6	80	0.0750000
NODE_11163_length_825_cov_43.389807	549	629	9	19	80	0.2375000
NODE_11163_length_825_cov_43.389807	549	629	10	17	80	0.2125000
NODE_11163_length_825_cov_43.389807	549	629	11	17	80	0.2125000
NODE_11164_length_825_cov_39.603306	386	466	3	26	80	0.3250000
NODE_11164_length_825_cov_39.603306	386	466	4	13	80	0.1625000
NODE_11164_length_825_cov_39.603306	386	466	5	26	80	0.3250000
NODE_11164_length_825_cov_39.603306	386	466	6	15	80	0.1875000
NODE_11164_length_825_cov_39.603306	439	519	5	46	80	0.5750000
NODE_11164_length_825_cov_39.603306	439	519	6	34	80	0.4250000
NODE_11165_length_825_cov_32.205234	354	434	6	1	80	0.0125000
NODE_11165_length_825_cov_32.205234	354	434	7	7	80	0.0875000
NODE_11165_length_825_cov_32.205234	354	434	8	15	80	0.1875000
NODE_11165_length_825_cov_32.205234	354	434	9	16	80	0.2000000
NODE_11165_length_825_cov_32.205234	354	434	10	23	80	0.2875000
NODE_11165_length_825_cov_32.205234	354	434	11	2	80	0.0250000
NODE_11165_length_825_cov_32.205234	354	434	12	16	80	0.2000000
NODE_11165_length_825_cov_32.205234	407	487	6	3	80	0.0375000
NODE_11165_length_825_cov_32.205234	407	487	7	5	80	0.0625000
NODE_11165_length_825_cov_32.205234	407	487	8	3	80	0.0375000
NODE_11165_length_825_cov_32.205234	407	487	10	12	80	0.1500000
NODE_11165_length_825_cov_32.205234	407	487	11	10	80	0.1250000
NODE_11165_length_825_cov_32.205234	407	487	12	28	80	0.3500000
NODE_11165_length_825_cov_32.205234	407	487	13	19	80	0.2375000
NODE_11166_length_825_cov_29.411846	503	583	4	66	80	0.8250000
NODE_11166_length_825_cov_29.411846	503	583	5	14	80	0.1750000
NODE_11166_length_825_cov_29.411846	556	636	4	13	80	0.1625000
NODE_11166_length_825_cov_29.411846	556	636	5	23	80	0.2875000
NODE_11166_length_825_cov_29.411846	556	636	6	44	80	0.5500000
NODE_11167_length_825_cov_22.428375	312	392	0	80	80	1.0000000
NODE_11167_length_825_cov_22.428375	365	445	0	80	80	1.0000000
NODE_11167_length_825_cov_22.428375	441	521	0	80	80	1.0000000
NODE_11167_length_825_cov_22.428375	494	574	0	80	80	1.0000000
NODE_11168_length_825_cov_19.964187	249	329	7	25	80	0.3125000
NODE_11168_length_825_cov_19.964187	249	329	8	20	80	0.2500000
NODE_11168_length_825_cov_19.964187	249	329	9	35	80	0.4375000
NODE_11168_length_825_cov_19.964187	302	382	3	15	80	0.1875000
NODE_11168_length_825_cov_19.964187	302	382	4	6	80	0.0750000
NODE_11168_length_825_cov_19.964187	302	382	5	7	80	0.0875000
NODE_11168_length_825_cov_19.964187	302	382	6	7	80	0.0875000
NODE_11168_length_825_cov_19.964187	302	382	7	9	80	0.1125000
NODE_11168_length_825_cov_19.964187	302	382	8	26	80	0.3250000
NODE_11168_length_825_cov_19.964187	302	382	9	10	80	0.1250000
NODE_11169_length_825_cov_13.790634	273	353	0	23	80	0.2875000
NODE_11169_length_825_cov_13.790634	273	353	2	11	80	0.1375000
NODE_11169_length_825_cov_13.790634	273	353	4	46	80	0.5750000
NODE_11169_length_825_cov_13.790634	326	406	0	2	80	0.0250000
NODE_11169_length_825_cov_13.790634	326	406	2	56	80	0.7000000
NODE_11169_length_825_cov_13.790634	326	406	4	22	80	0.2750000
NODE_11170_length_825_cov_11.834711	331	411	1	26	80	0.3250000
NODE_11170_length_825_cov_11.834711	331	411	2	54	80	0.6750000
NODE_11170_length_825_cov_11.834711	384	464	2	47	80	0.5875000
NODE_11170_length_825_cov_11.834711	384	464	3	33	80	0.4125000
NODE_11171_length_825_cov_11.477961	392	472	0	80	80	1.0000000
NODE_11172_length_825_cov_8.947658	259	339	2	2	80	0.0250000
NODE_11172_length_825_cov_8.947658	259	339	3	34	80	0.4250000
NODE_11172_length_825_cov_8.947658	259	339	4	37	80	0.4625000
NODE_11172_length_825_cov_8.947658	259	339	5	7	80	0.0875000
NODE_11172_length_825_cov_8.947658	312	392	3	20	80	0.2500000
NODE_11172_length_825_cov_8.947658	312	392	4	60	80	0.7500000
NODE_11173_length_825_cov_7.811295	379	459	2	80	80	1.0000000
NODE_11173_length_825_cov_7.811295	432	512	2	41	80	0.5125000
NODE_11173_length_825_cov_7.811295	432	512	3	25	80	0.3125000
NODE_11173_length_825_cov_7.811295	432	512	5	14	80	0.1750000
NODE_11174_length_825_cov_7.104683	464	544	1	40	80	0.5000000
NODE_11174_length_825_cov_7.104683	464	544	2	40	80	0.5000000
NODE_11174_length_825_cov_7.104683	517	597	1	28	80	0.3500000
NODE_11174_length_825_cov_7.104683	517	597	2	52	80	0.6500000
NODE_11176_length_825_cov_6.252066	542	622	0	80	80	1.0000000
NODE_11176_length_825_cov_6.252066	595	675	0	80	80	1.0000000
NODE_11178_length_825_cov_5.230028	264	344	0	80	80	1.0000000
NODE_11178_length_825_cov_5.230028	317	372	0	55	55	1.0000000
NODE_11178_length_825_cov_5.230028	383	463	0	80	80	1.0000000
NODE_11178_length_825_cov_5.230028	436	516	0	80	80	1.0000000
NODE_11205_length_825_cov_0.765840	0	50	0	50	50	1.0000000
NODE_11207_length_824_cov_27.074483	337	412	2	25	75	0.3333333
NODE_11207_length_824_cov_27.074483	337	412	3	2	75	0.0266667
NODE_11207_length_824_cov_27.074483	337	412	4	36	75	0.4800000
NODE_11207_length_824_cov_27.074483	337	412	5	12	75	0.1600000
NODE_11207_length_824_cov_27.074483	390	470	4	39	80	0.4875000
NODE_11207_length_824_cov_27.074483	390	470	5	41	80	0.5125000
NODE_11208_length_824_cov_23.936552	365	445	1	2	80	0.0250000
NODE_11208_length_824_cov_23.936552	365	445	3	78	80	0.9750000
NODE_11208_length_824_cov_23.936552	418	493	0	5	75	0.0666667
NODE_11208_length_824_cov_23.936552	418	493	1	34	75	0.4533333
NODE_11208_length_824_cov_23.936552	418	493	3	36	75	0.4800000
NODE_11209_length_824_cov_22.129655	377	457	5	10	80	0.1250000
NODE_11209_length_824_cov_22.129655	377	457	7	30	80	0.3750000
NODE_11209_length_824_cov_22.129655	377	457	8	22	80	0.2750000
NODE_11209_length_824_cov_22.129655	377	457	9	1	80	0.0125000
NODE_11209_length_824_cov_22.129655	377	457	10	17	80	0.2125000
NODE_11209_length_824_cov_22.129655	430	510	0	6	80	0.0750000
NODE_11209_length_824_cov_22.129655	430	510	2	13	80	0.1625000
NODE_11209_length_824_cov_22.129655	430	510	3	11	80	0.1375000
NODE_11209_length_824_cov_22.129655	430	510	5	33	80	0.4125000
NODE_11209_length_824_cov_22.129655	430	510	7	17	80	0.2125000
NODE_11210_length_824_cov_17.914483	387	467	0	80	80	1.0000000
NODE_11210_length_824_cov_17.914483	440	520	0	80	80	1.0000000
NODE_11211_length_824_cov_16.662069	362	442	4	46	80	0.5750000
NODE_11211_length_824_cov_16.662069	362	442	5	2	80	0.0250000
NODE_11211_length_824_cov_16.662069	362	442	6	32	80	0.4000000
NODE_11211_length_824_cov_16.662069	415	495	2	1	80	0.0125000
NODE_11211_length_824_cov_16.662069	415	495	3	27	80	0.3375000
NODE_11211_length_824_cov_16.662069	415	495	4	1	80	0.0125000
NODE_11211_length_824_cov_16.662069	415	495	5	14	80	0.1750000
NODE_11211_length_824_cov_16.662069	415	495	6	37	80	0.4625000
NODE_11212_length_824_cov_16.306207	352	432	10	10	80	0.1250000
NODE_11212_length_824_cov_16.306207	352	432	11	48	80	0.6000000
NODE_11212_length_824_cov_16.306207	352	432	12	4	80	0.0500000
NODE_11212_length_824_cov_16.306207	352	432	13	11	80	0.1375000
NODE_11212_length_824_cov_16.306207	352	432	14	7	80	0.0875000
NODE_11212_length_824_cov_16.306207	405	485	7	2	80	0.0250000
NODE_11212_length_824_cov_16.306207	405	485	8	2	80	0.0250000
NODE_11212_length_824_cov_16.306207	405	485	9	8	80	0.1000000
NODE_11212_length_824_cov_16.306207	405	485	10	7	80	0.0875000
NODE_11212_length_824_cov_16.306207	405	485	11	13	80	0.1625000
NODE_11212_length_824_cov_16.306207	405	485	12	11	80	0.1375000
NODE_11212_length_824_cov_16.306207	405	485	13	30	80	0.3750000
NODE_11212_length_824_cov_16.306207	405	485	14	7	80	0.0875000
NODE_11213_length_824_cov_15.891034	342	422	0	3	80	0.0375000
NODE_11213_length_824_cov_15.891034	342	422	2	77	80	0.9625000
NODE_11213_length_824_cov_15.891034	395	475	0	56	80	0.7000000
NODE_11213_length_824_cov_15.891034	395	475	2	24	80	0.3000000
NODE_11214_length_824_cov_12.485517	280	360	0	58	80	0.7250000
NODE_11214_length_824_cov_12.485517	280	360	2	22	80	0.2750000
NODE_11214_length_824_cov_12.485517	333	413	0	5	80	0.0625000
NODE_11214_length_824_cov_12.485517	333	413	2	75	80	0.9375000
NODE_11216_length_824_cov_5.924138	269	349	0	80	80	1.0000000
NODE_11216_length_824_cov_5.924138	322	402	0	80	80	1.0000000
NODE_11222_length_824_cov_3.849655	191	271	2	54	80	0.6750000
NODE_11222_length_824_cov_3.849655	191	271	3	26	80	0.3250000
NODE_11251_length_823_cov_75.169890	207	287	11	2	80	0.0250000
NODE_11251_length_823_cov_75.169890	207	287	12	8	80	0.1000000
NODE_11251_length_823_cov_75.169890	207	287	13	17	80	0.2125000
NODE_11251_length_823_cov_75.169890	207	287	14	24	80	0.3000000
NODE_11251_length_823_cov_75.169890	207	287	15	8	80	0.1000000
NODE_11251_length_823_cov_75.169890	207	287	16	18	80	0.2250000
NODE_11251_length_823_cov_75.169890	207	287	17	3	80	0.0375000
NODE_11251_length_823_cov_75.169890	260	340	10	10	80	0.1250000
NODE_11251_length_823_cov_75.169890	260	340	11	13	80	0.1625000
NODE_11251_length_823_cov_75.169890	260	340	12	19	80	0.2375000
NODE_11251_length_823_cov_75.169890	260	340	13	1	80	0.0125000
NODE_11251_length_823_cov_75.169890	260	340	14	6	80	0.0750000
NODE_11251_length_823_cov_75.169890	260	340	15	5	80	0.0625000
NODE_11251_length_823_cov_75.169890	260	340	16	23	80	0.2875000
NODE_11251_length_823_cov_75.169890	260	340	17	3	80	0.0375000
NODE_11251_length_823_cov_75.169890	336	416	9	18	80	0.2250000
NODE_11251_length_823_cov_75.169890	336	416	10	24	80	0.3000000
NODE_11251_length_823_cov_75.169890	336	416	11	15	80	0.1875000
NODE_11251_length_823_cov_75.169890	336	416	12	15	80	0.1875000
NODE_11251_length_823_cov_75.169890	336	416	13	8	80	0.1000000
NODE_11251_length_823_cov_75.169890	389	469	5	17	80	0.2125000
NODE_11251_length_823_cov_75.169890	389	469	7	27	80	0.3375000
NODE_11251_length_823_cov_75.169890	389	469	8	9	80	0.1125000
NODE_11251_length_823_cov_75.169890	389	469	9	15	80	0.1875000
NODE_11251_length_823_cov_75.169890	389	469	10	12	80	0.1500000
NODE_11253_length_823_cov_37.738950	332	412	8	12	80	0.1500000
NODE_11253_length_823_cov_37.738950	332	412	9	8	80	0.1000000
NODE_11253_length_823_cov_37.738950	332	412	10	7	80	0.0875000
NODE_11253_length_823_cov_37.738950	332	412	11	24	80	0.3000000
NODE_11253_length_823_cov_37.738950	332	412	12	13	80	0.1625000
NODE_11253_length_823_cov_37.738950	332	412	13	16	80	0.2000000
NODE_11253_length_823_cov_37.738950	385	466	5	34	81	0.4197531
NODE_11253_length_823_cov_37.738950	385	466	6	10	81	0.1234568
NODE_11253_length_823_cov_37.738950	385	466	7	9	81	0.1111111
NODE_11253_length_823_cov_37.738950	385	466	8	13	81	0.1604938
NODE_11253_length_823_cov_37.738950	385	466	9	8	81	0.0987654
NODE_11253_length_823_cov_37.738950	385	466	10	1	81	0.0123457
NODE_11253_length_823_cov_37.738950	385	466	11	6	81	0.0740741
NODE_11254_length_823_cov_29.349448	400	480	5	14	80	0.1750000
NODE_11254_length_823_cov_29.349448	400	480	6	53	80	0.6625000
NODE_11254_length_823_cov_29.349448	400	480	7	13	80	0.1625000
NODE_11254_length_823_cov_29.349448	453	533	5	8	80	0.1000000
NODE_11254_length_823_cov_29.349448	453	533	6	50	80	0.6250000
NODE_11254_length_823_cov_29.349448	453	533	7	22	80	0.2750000
NODE_11255_length_823_cov_25.730663	338	418	6	10	80	0.1250000
NODE_11255_length_823_cov_25.730663	338	418	7	3	80	0.0375000
NODE_11255_length_823_cov_25.730663	338	418	8	1	80	0.0125000
NODE_11255_length_823_cov_25.730663	338	418	9	10	80	0.1250000
NODE_11255_length_823_cov_25.730663	338	418	10	56	80	0.7000000
NODE_11255_length_823_cov_25.730663	391	471	7	3	80	0.0375000
NODE_11255_length_823_cov_25.730663	391	471	8	31	80	0.3875000
NODE_11255_length_823_cov_25.730663	391	471	9	18	80	0.2250000
NODE_11255_length_823_cov_25.730663	391	471	10	28	80	0.3500000
NODE_11256_length_823_cov_24.599448	349	429	4	10	80	0.1250000
NODE_11256_length_823_cov_24.599448	349	429	5	41	80	0.5125000
NODE_11256_length_823_cov_24.599448	349	429	6	29	80	0.3625000
NODE_11256_length_823_cov_24.599448	402	482	1	15	80	0.1875000
NODE_11256_length_823_cov_24.599448	402	482	2	2	80	0.0250000
NODE_11256_length_823_cov_24.599448	402	482	3	14	80	0.1750000
NODE_11256_length_823_cov_24.599448	402	482	4	32	80	0.4000000
NODE_11256_length_823_cov_24.599448	402	482	6	17	80	0.2125000
NODE_11257_length_823_cov_22.149171	356	436	3	13	80	0.1625000
NODE_11257_length_823_cov_22.149171	356	436	4	55	80	0.6875000
NODE_11257_length_823_cov_22.149171	356	436	6	12	80	0.1500000
NODE_11257_length_823_cov_22.149171	409	489	3	25	80	0.3125000
NODE_11257_length_823_cov_22.149171	409	489	4	55	80	0.6875000
NODE_11257_length_823_cov_22.149171	485	565	1	30	80	0.3750000
NODE_11257_length_823_cov_22.149171	485	565	2	39	80	0.4875000
NODE_11257_length_823_cov_22.149171	485	565	4	11	80	0.1375000
NODE_11257_length_823_cov_22.149171	538	618	1	60	80	0.7500000
NODE_11257_length_823_cov_22.149171	538	618	2	20	80	0.2500000
NODE_11258_length_823_cov_20.892265	329	409	7	18	80	0.2250000
NODE_11258_length_823_cov_20.892265	329	409	8	24	80	0.3000000
NODE_11258_length_823_cov_20.892265	329	409	9	17	80	0.2125000
NODE_11258_length_823_cov_20.892265	329	409	10	21	80	0.2625000
NODE_11258_length_823_cov_20.892265	382	462	7	1	80	0.0125000
NODE_11258_length_823_cov_20.892265	382	462	8	3	80	0.0375000
NODE_11258_length_823_cov_20.892265	382	462	9	3	80	0.0375000
NODE_11258_length_823_cov_20.892265	382	462	10	48	80	0.6000000
NODE_11258_length_823_cov_20.892265	382	462	11	25	80	0.3125000
NODE_11259_length_823_cov_19.281768	305	385	2	80	80	1.0000000
NODE_11259_length_823_cov_19.281768	358	438	1	2	80	0.0250000
NODE_11259_length_823_cov_19.281768	358	438	2	46	80	0.5750000
NODE_11259_length_823_cov_19.281768	358	438	3	32	80	0.4000000
NODE_11260_length_823_cov_15.738950	409	489	0	60	80	0.7500000
NODE_11260_length_823_cov_15.738950	409	489	1	20	80	0.2500000
NODE_11260_length_823_cov_15.738950	462	542	0	80	80	1.0000000
NODE_11261_length_823_cov_10.729282	362	437	0	75	75	1.0000000
NODE_11261_length_823_cov_10.729282	410	484	0	74	74	1.0000000
NODE_11262_length_823_cov_9.110497	394	474	2	80	80	1.0000000
NODE_11262_length_823_cov_9.110497	447	527	1	14	80	0.1750000
NODE_11262_length_823_cov_9.110497	447	527	2	66	80	0.8250000
NODE_11265_length_823_cov_5.511050	168	248	0	47	80	0.5875000
NODE_11265_length_823_cov_5.511050	168	248	2	33	80	0.4125000
NODE_11265_length_823_cov_5.511050	434	485	0	51	51	1.0000000
NODE_11292_length_823_cov_0.968232	86	154	0	5	68	0.0735294
NODE_11292_length_823_cov_0.968232	86	154	2	63	68	0.9264706
NODE_11298_length_822_cov_25.423237	377	459	4	6	82	0.0731707
NODE_11298_length_822_cov_25.423237	377	459	6	32	82	0.3902439
NODE_11298_length_822_cov_25.423237	377	459	8	44	82	0.5365854
NODE_11298_length_822_cov_25.423237	432	512	3	2	80	0.0250000
NODE_11298_length_822_cov_25.423237	432	512	4	57	80	0.7125000
NODE_11298_length_822_cov_25.423237	432	512	8	21	80	0.2625000
NODE_11299_length_822_cov_16.381743	394	474	3	80	80	1.0000000
NODE_11299_length_822_cov_16.381743	447	527	0	8	80	0.1000000
NODE_11299_length_822_cov_16.381743	447	527	1	7	80	0.0875000
NODE_11299_length_822_cov_16.381743	447	527	3	65	80	0.8125000
NODE_11300_length_822_cov_12.426003	223	296	0	73	73	1.0000000
NODE_11300_length_822_cov_12.426003	278	349	0	71	71	1.0000000
NODE_11301_length_822_cov_10.608575	464	544	3	80	80	1.0000000
NODE_11301_length_822_cov_10.608575	517	597	0	13	80	0.1625000
NODE_11301_length_822_cov_10.608575	517	597	2	36	80	0.4500000
NODE_11301_length_822_cov_10.608575	517	597	3	31	80	0.3875000
NODE_11302_length_822_cov_9.496542	363	443	8	23	80	0.2875000
NODE_11302_length_822_cov_9.496542	363	443	9	31	80	0.3875000
NODE_11302_length_822_cov_9.496542	363	443	10	2	80	0.0250000
NODE_11302_length_822_cov_9.496542	363	443	11	24	80	0.3000000
NODE_11302_length_822_cov_9.496542	416	496	9	35	80	0.4375000
NODE_11302_length_822_cov_9.496542	416	496	10	11	80	0.1375000
NODE_11302_length_822_cov_9.496542	416	496	11	34	80	0.4250000
NODE_11333_length_821_cov_39.818560	341	420	0	79	79	1.0000000
NODE_11333_length_821_cov_39.818560	393	473	0	80	80	1.0000000
NODE_11334_length_821_cov_27.721607	299	379	0	8	80	0.1000000
NODE_11334_length_821_cov_27.721607	299	379	1	11	80	0.1375000
NODE_11334_length_821_cov_27.721607	299	379	2	33	80	0.4125000
NODE_11334_length_821_cov_27.721607	299	379	3	12	80	0.1500000
NODE_11334_length_821_cov_27.721607	299	379	4	16	80	0.2000000
NODE_11334_length_821_cov_27.721607	352	432	3	11	80	0.1375000
NODE_11334_length_821_cov_27.721607	352	432	4	69	80	0.8625000
NODE_11335_length_821_cov_26.252078	386	466	6	12	80	0.1500000
NODE_11335_length_821_cov_26.252078	386	466	7	11	80	0.1375000
NODE_11335_length_821_cov_26.252078	386	466	8	41	80	0.5125000
NODE_11335_length_821_cov_26.252078	386	466	9	16	80	0.2000000
NODE_11335_length_821_cov_26.252078	439	519	6	65	80	0.8125000
NODE_11335_length_821_cov_26.252078	439	519	7	4	80	0.0500000
NODE_11335_length_821_cov_26.252078	439	519	8	4	80	0.0500000
NODE_11335_length_821_cov_26.252078	439	519	9	7	80	0.0875000
NODE_11336_length_821_cov_19.603878	353	433	3	2	80	0.0250000
NODE_11336_length_821_cov_19.603878	353	433	5	7	80	0.0875000
NODE_11336_length_821_cov_19.603878	353	433	6	11	80	0.1375000
NODE_11336_length_821_cov_19.603878	353	433	7	60	80	0.7500000
NODE_11336_length_821_cov_19.603878	406	486	2	27	80	0.3375000
NODE_11336_length_821_cov_19.603878	406	486	3	28	80	0.3500000
NODE_11336_length_821_cov_19.603878	406	486	5	7	80	0.0875000
NODE_11336_length_821_cov_19.603878	406	486	6	11	80	0.1375000
NODE_11336_length_821_cov_19.603878	406	486	7	7	80	0.0875000
NODE_11337_length_821_cov_15.945983	310	390	1	32	80	0.4000000
NODE_11337_length_821_cov_15.945983	310	390	2	48	80	0.6000000
NODE_11337_length_821_cov_15.945983	363	443	1	41	80	0.5125000
NODE_11337_length_821_cov_15.945983	363	443	2	39	80	0.4875000
NODE_11339_length_821_cov_8.711911	288	368	2	80	80	1.0000000
NODE_11339_length_821_cov_8.711911	341	421	1	29	80	0.3625000
NODE_11339_length_821_cov_8.711911	341	421	2	51	80	0.6375000
NODE_11349_length_821_cov_3.026316	310	390	2	80	80	1.0000000
NODE_11349_length_821_cov_3.026316	363	443	2	52	80	0.6500000
NODE_11349_length_821_cov_3.026316	363	443	3	1	80	0.0125000
NODE_11349_length_821_cov_3.026316	363	443	4	27	80	0.3375000
NODE_11361_length_820_cov_67.292649	328	408	5	27	80	0.3375000
NODE_11361_length_820_cov_67.292649	328	408	6	17	80	0.2125000
NODE_11361_length_820_cov_67.292649	328	408	7	22	80	0.2750000
NODE_11361_length_820_cov_67.292649	328	408	8	14	80	0.1750000
NODE_11361_length_820_cov_67.292649	381	461	6	4	80	0.0500000
NODE_11361_length_820_cov_67.292649	381	461	7	13	80	0.1625000
NODE_11361_length_820_cov_67.292649	381	461	8	34	80	0.4250000
NODE_11361_length_820_cov_67.292649	381	461	9	29	80	0.3625000
NODE_11362_length_820_cov_26.915395	308	388	0	80	80	1.0000000
NODE_11363_length_820_cov_25.253814	301	381	2	6	80	0.0750000
NODE_11363_length_820_cov_25.253814	301	381	3	59	80	0.7375000
NODE_11363_length_820_cov_25.253814	301	381	4	15	80	0.1875000
NODE_11363_length_820_cov_25.253814	354	434	2	13	80	0.1625000
NODE_11363_length_820_cov_25.253814	354	434	3	37	80	0.4625000
NODE_11363_length_820_cov_25.253814	354	434	4	30	80	0.3750000
NODE_11363_length_820_cov_25.253814	430	510	2	53	80	0.6625000
NODE_11363_length_820_cov_25.253814	430	510	3	27	80	0.3375000
NODE_11363_length_820_cov_25.253814	483	563	0	4	80	0.0500000
NODE_11363_length_820_cov_25.253814	483	563	1	48	80	0.6000000
NODE_11363_length_820_cov_25.253814	483	563	2	28	80	0.3500000
NODE_11364_length_820_cov_16.015257	325	405	1	22	80	0.2750000
NODE_11364_length_820_cov_16.015257	325	405	2	6	80	0.0750000
NODE_11364_length_820_cov_16.015257	325	405	4	52	80	0.6500000
NODE_11364_length_820_cov_16.015257	378	458	1	45	80	0.5625000
NODE_11364_length_820_cov_16.015257	378	458	2	35	80	0.4375000
NODE_11365_length_820_cov_14.703190	371	451	0	25	80	0.3125000
NODE_11365_length_820_cov_14.703190	371	451	2	55	80	0.6875000
NODE_11365_length_820_cov_14.703190	424	504	0	5	80	0.0625000
NODE_11365_length_820_cov_14.703190	424	504	2	43	80	0.5375000
NODE_11365_length_820_cov_14.703190	424	504	4	29	80	0.3625000
NODE_11365_length_820_cov_14.703190	424	504	6	3	80	0.0375000
NODE_11366_length_820_cov_14.527046	249	329	0	51	80	0.6375000
NODE_11366_length_820_cov_14.527046	249	329	2	1	80	0.0125000
NODE_11366_length_820_cov_14.527046	249	329	3	4	80	0.0500000
NODE_11366_length_820_cov_14.527046	249	329	4	24	80	0.3000000
NODE_11366_length_820_cov_14.527046	302	382	3	3	80	0.0375000
NODE_11366_length_820_cov_14.527046	302	382	4	77	80	0.9625000
NODE_11367_length_820_cov_14.284327	286	366	3	49	80	0.6125000
NODE_11367_length_820_cov_14.284327	286	366	4	31	80	0.3875000
NODE_11367_length_820_cov_14.284327	339	419	3	29	80	0.3625000
NODE_11367_length_820_cov_14.284327	339	419	4	51	80	0.6375000
NODE_11367_length_820_cov_14.284327	619	699	0	80	80	1.0000000
NODE_11368_length_820_cov_13.036061	364	444	0	80	80	1.0000000
NODE_11368_length_820_cov_13.036061	417	497	0	80	80	1.0000000
NODE_11369_length_820_cov_12.830791	313	393	0	42	80	0.5250000
NODE_11369_length_820_cov_12.830791	313	393	2	9	80	0.1125000
NODE_11369_length_820_cov_12.830791	313	393	3	19	80	0.2375000
NODE_11369_length_820_cov_12.830791	313	393	4	3	80	0.0375000
NODE_11369_length_820_cov_12.830791	313	393	6	7	80	0.0875000
NODE_11369_length_820_cov_12.830791	366	446	3	17	80	0.2125000
NODE_11369_length_820_cov_12.830791	366	446	4	3	80	0.0375000
NODE_11369_length_820_cov_12.830791	366	446	6	60	80	0.7500000
NODE_11370_length_820_cov_12.768377	366	443	0	39	77	0.5064935
NODE_11370_length_820_cov_12.768377	366	443	1	18	77	0.2337662
NODE_11370_length_820_cov_12.768377	366	443	2	20	77	0.2597403
NODE_11370_length_820_cov_12.768377	496	525	0	29	29	1.0000000
NODE_11371_length_820_cov_12.223301	452	519	1	50	67	0.7462686
NODE_11371_length_820_cov_12.223301	452	519	2	17	67	0.2537313
NODE_11371_length_820_cov_12.223301	492	572	1	17	80	0.2125000
NODE_11371_length_820_cov_12.223301	492	572	2	63	80	0.7875000
NODE_11396_length_819_cov_43.027778	403	483	0	2	80	0.0250000
NODE_11396_length_819_cov_43.027778	403	483	1	5	80	0.0625000
NODE_11396_length_819_cov_43.027778	403	483	3	6	80	0.0750000
NODE_11396_length_819_cov_43.027778	403	483	4	7	80	0.0875000
NODE_11396_length_819_cov_43.027778	403	483	5	29	80	0.3625000
NODE_11396_length_819_cov_43.027778	403	483	6	10	80	0.1250000
NODE_11396_length_819_cov_43.027778	403	483	7	21	80	0.2625000
NODE_11396_length_819_cov_43.027778	456	536	6	6	80	0.0750000
NODE_11396_length_819_cov_43.027778	456	536	7	48	80	0.6000000
NODE_11396_length_819_cov_43.027778	456	536	8	26	80	0.3250000
NODE_11396_length_819_cov_43.027778	532	612	5	1	80	0.0125000
NODE_11396_length_819_cov_43.027778	532	612	6	8	80	0.1000000
NODE_11396_length_819_cov_43.027778	532	612	7	39	80	0.4875000
NODE_11396_length_819_cov_43.027778	532	612	8	25	80	0.3125000
NODE_11396_length_819_cov_43.027778	532	612	9	7	80	0.0875000
NODE_11396_length_819_cov_43.027778	585	665	5	1	80	0.0125000
NODE_11396_length_819_cov_43.027778	585	665	6	58	80	0.7250000
NODE_11396_length_819_cov_43.027778	585	665	7	21	80	0.2625000
NODE_11397_length_819_cov_42.758333	391	471	2	10	80	0.1250000
NODE_11397_length_819_cov_42.758333	391	471	3	23	80	0.2875000
NODE_11397_length_819_cov_42.758333	391	471	4	47	80	0.5875000
NODE_11397_length_819_cov_42.758333	444	524	2	20	80	0.2500000
NODE_11397_length_819_cov_42.758333	444	524	3	17	80	0.2125000
NODE_11397_length_819_cov_42.758333	444	524	4	43	80	0.5375000
NODE_11398_length_819_cov_41.341667	86	166	3	1	80	0.0125000
NODE_11398_length_819_cov_41.341667	86	166	5	13	80	0.1625000
NODE_11398_length_819_cov_41.341667	86	166	6	3	80	0.0375000
NODE_11398_length_819_cov_41.341667	86	166	7	50	80	0.6250000
NODE_11398_length_819_cov_41.341667	86	166	8	8	80	0.1000000
NODE_11398_length_819_cov_41.341667	86	166	9	1	80	0.0125000
NODE_11398_length_819_cov_41.341667	86	166	10	4	80	0.0500000
NODE_11398_length_819_cov_41.341667	139	219	7	14	80	0.1750000
NODE_11398_length_819_cov_41.341667	139	219	8	8	80	0.1000000
NODE_11398_length_819_cov_41.341667	139	219	9	1	80	0.0125000
NODE_11398_length_819_cov_41.341667	139	219	10	18	80	0.2250000
NODE_11398_length_819_cov_41.341667	139	219	11	2	80	0.0250000
NODE_11398_length_819_cov_41.341667	139	219	12	21	80	0.2625000
NODE_11398_length_819_cov_41.341667	139	219	13	16	80	0.2000000
NODE_11398_length_819_cov_41.341667	215	295	9	5	80	0.0625000
NODE_11398_length_819_cov_41.341667	215	295	10	38	80	0.4750000
NODE_11398_length_819_cov_41.341667	215	295	11	34	80	0.4250000
NODE_11398_length_819_cov_41.341667	215	295	13	3	80	0.0375000
NODE_11398_length_819_cov_41.341667	268	348	6	17	80	0.2125000
NODE_11398_length_819_cov_41.341667	268	348	7	1	80	0.0125000
NODE_11398_length_819_cov_41.341667	268	348	8	17	80	0.2125000
NODE_11398_length_819_cov_41.341667	268	348	9	1	80	0.0125000
NODE_11398_length_819_cov_41.341667	268	348	10	12	80	0.1500000
NODE_11398_length_819_cov_41.341667	268	348	11	32	80	0.4000000
NODE_11399_length_819_cov_23.656944	335	415	6	37	80	0.4625000
NODE_11399_length_819_cov_23.656944	335	415	7	10	80	0.1250000
NODE_11399_length_819_cov_23.656944	335	415	8	33	80	0.4125000
NODE_11399_length_819_cov_23.656944	388	468	2	1	80	0.0125000
NODE_11399_length_819_cov_23.656944	388	468	4	5	80	0.0625000
NODE_11399_length_819_cov_23.656944	388	468	6	44	80	0.5500000
NODE_11399_length_819_cov_23.656944	388	468	7	13	80	0.1625000
NODE_11399_length_819_cov_23.656944	388	468	8	17	80	0.2125000
NODE_11400_length_819_cov_20.633333	475	555	9	3	80	0.0375000
NODE_11400_length_819_cov_20.633333	475	555	10	70	80	0.8750000
NODE_11400_length_819_cov_20.633333	475	555	11	2	80	0.0250000
NODE_11400_length_819_cov_20.633333	475	555	12	5	80	0.0625000
NODE_11400_length_819_cov_20.633333	528	608	3	11	80	0.1375000
NODE_11400_length_819_cov_20.633333	528	608	4	4	80	0.0500000
NODE_11400_length_819_cov_20.633333	528	608	5	8	80	0.1000000
NODE_11400_length_819_cov_20.633333	528	608	6	6	80	0.0750000
NODE_11400_length_819_cov_20.633333	528	608	7	17	80	0.2125000
NODE_11400_length_819_cov_20.633333	528	608	9	10	80	0.1250000
NODE_11400_length_819_cov_20.633333	528	608	10	24	80	0.3000000
NODE_11401_length_819_cov_18.941667	307	387	0	80	80	1.0000000
NODE_11401_length_819_cov_18.941667	360	440	0	80	80	1.0000000
NODE_11401_length_819_cov_18.941667	436	516	0	80	80	1.0000000
NODE_11401_length_819_cov_18.941667	489	569	0	80	80	1.0000000
NODE_11402_length_819_cov_12.225000	431	511	2	80	80	1.0000000
NODE_11402_length_819_cov_12.225000	484	564	0	3	80	0.0375000
NODE_11402_length_819_cov_12.225000	484	564	2	77	80	0.9625000
NODE_11403_length_819_cov_11.562500	273	353	0	73	80	0.9125000
NODE_11403_length_819_cov_11.562500	273	353	1	7	80	0.0875000
NODE_11403_length_819_cov_11.562500	326	406	0	20	80	0.2500000
NODE_11403_length_819_cov_11.562500	326	406	1	16	80	0.2000000
NODE_11403_length_819_cov_11.562500	326	406	3	44	80	0.5500000
NODE_11404_length_819_cov_8.905556	477	557	2	17	80	0.2125000
NODE_11404_length_819_cov_8.905556	477	557	3	63	80	0.7875000
NODE_11404_length_819_cov_8.905556	530	610	0	36	80	0.4500000
NODE_11404_length_819_cov_8.905556	530	610	2	34	80	0.4250000
NODE_11404_length_819_cov_8.905556	530	610	3	10	80	0.1250000
NODE_11405_length_819_cov_5.675000	232	312	0	80	80	1.0000000
NODE_11405_length_819_cov_5.675000	285	365	0	80	80	1.0000000
NODE_11431_length_818_cov_21.979138	342	422	2	6	80	0.0750000
NODE_11431_length_818_cov_21.979138	342	422	3	29	80	0.3625000
NODE_11431_length_818_cov_21.979138	342	422	4	17	80	0.2125000
NODE_11431_length_818_cov_21.979138	342	422	5	19	80	0.2375000
NODE_11431_length_818_cov_21.979138	342	422	6	9	80	0.1125000
NODE_11431_length_818_cov_21.979138	395	475	4	5	80	0.0625000
NODE_11431_length_818_cov_21.979138	395	475	5	66	80	0.8250000
NODE_11431_length_818_cov_21.979138	395	475	6	9	80	0.1125000
NODE_11432_length_818_cov_15.326843	334	414	0	80	80	1.0000000
NODE_11432_length_818_cov_15.326843	387	467	0	80	80	1.0000000
NODE_11433_length_818_cov_14.880389	392	472	2	33	80	0.4125000
NODE_11433_length_818_cov_14.880389	392	472	3	25	80	0.3125000
NODE_11433_length_818_cov_14.880389	392	472	4	22	80	0.2750000
NODE_11433_length_818_cov_14.880389	445	525	2	14	80	0.1750000
NODE_11433_length_818_cov_14.880389	445	525	3	64	80	0.8000000
NODE_11433_length_818_cov_14.880389	445	525	4	2	80	0.0250000
NODE_11434_length_818_cov_12.369958	390	470	0	38	80	0.4750000
NODE_11434_length_818_cov_12.369958	390	470	2	42	80	0.5250000
NODE_11434_length_818_cov_12.369958	443	523	0	80	80	1.0000000
NODE_11436_length_818_cov_8.421419	370	450	0	80	80	1.0000000
NODE_11436_length_818_cov_8.421419	423	503	0	80	80	1.0000000
NODE_11437_length_818_cov_6.439499	706	741	0	33	35	0.9428571
NODE_11437_length_818_cov_6.439499	706	741	3	1	35	0.0285714
NODE_11437_length_818_cov_6.439499	706	741	5	1	35	0.0285714
NODE_11439_length_818_cov_4.098748	320	390	0	70	70	1.0000000
NODE_11439_length_818_cov_4.098748	416	472	0	56	56	1.0000000
NODE_11457_length_817_cov_7.238162	494	574	1	47	80	0.5875000
NODE_11457_length_817_cov_7.238162	494	574	2	33	80	0.4125000
NODE_11457_length_817_cov_7.238162	547	627	1	77	80	0.9625000
NODE_11457_length_817_cov_7.238162	547	627	2	3	80	0.0375000
NODE_11458_length_817_cov_5.789694	400	480	2	80	80	1.0000000
NODE_11458_length_817_cov_5.789694	476	555	0	73	79	0.9240506
NODE_11458_length_817_cov_5.789694	476	555	1	2	79	0.0253165
NODE_11458_length_817_cov_5.789694	476	555	2	4	79	0.0506329
NODE_11458_length_817_cov_5.789694	528	608	0	80	80	1.0000000
NODE_11462_length_817_cov_4.357939	433	513	1	80	80	1.0000000
NODE_11462_length_817_cov_4.357939	486	566	0	23	80	0.2875000
NODE_11462_length_817_cov_4.357939	486	566	1	57	80	0.7125000
NODE_11486_length_817_cov_0.692201	626	696	0	70	70	1.0000000
NODE_11488_length_816_cov_69.800558	395	475	5	9	80	0.1125000
NODE_11488_length_816_cov_69.800558	395	475	6	1	80	0.0125000
NODE_11488_length_816_cov_69.800558	395	475	8	20	80	0.2500000
NODE_11488_length_816_cov_69.800558	395	475	9	10	80	0.1250000
NODE_11488_length_816_cov_69.800558	395	475	10	40	80	0.5000000
NODE_11488_length_816_cov_69.800558	448	520	4	1	72	0.0138889
NODE_11488_length_816_cov_69.800558	448	520	5	3	72	0.0416667
NODE_11488_length_816_cov_69.800558	448	520	6	3	72	0.0416667
NODE_11488_length_816_cov_69.800558	448	520	8	20	72	0.2777778
NODE_11488_length_816_cov_69.800558	448	520	9	8	72	0.1111111
NODE_11488_length_816_cov_69.800558	448	520	10	37	72	0.5138889
NODE_11489_length_816_cov_19.044630	77	154	1	4	77	0.0519481
NODE_11489_length_816_cov_19.044630	77	154	2	1	77	0.0129870
NODE_11489_length_816_cov_19.044630	77	154	4	15	77	0.1948052
NODE_11489_length_816_cov_19.044630	77	154	6	24	77	0.3116883
NODE_11489_length_816_cov_19.044630	77	154	7	33	77	0.4285714
NODE_11489_length_816_cov_19.044630	130	212	6	32	82	0.3902439
NODE_11489_length_816_cov_19.044630	130	212	7	41	82	0.5000000
NODE_11489_length_816_cov_19.044630	130	212	8	9	82	0.1097561
NODE_11490_length_816_cov_16.418410	381	461	0	80	80	1.0000000
NODE_11490_length_816_cov_16.418410	434	514	0	80	80	1.0000000
NODE_11491_length_816_cov_15.945607	319	399	3	22	80	0.2750000
NODE_11491_length_816_cov_15.945607	319	399	4	30	80	0.3750000
NODE_11491_length_816_cov_15.945607	319	399	5	12	80	0.1500000
NODE_11491_length_816_cov_15.945607	319	399	6	16	80	0.2000000
NODE_11491_length_816_cov_15.945607	372	452	5	56	80	0.7000000
NODE_11491_length_816_cov_15.945607	372	452	6	24	80	0.3000000
NODE_11492_length_816_cov_12.797768	358	438	2	29	80	0.3625000
NODE_11492_length_816_cov_12.797768	358	438	3	51	80	0.6375000
NODE_11492_length_816_cov_12.797768	411	491	1	27	80	0.3375000
NODE_11492_length_816_cov_12.797768	411	491	2	48	80	0.6000000
NODE_11492_length_816_cov_12.797768	411	491	3	5	80	0.0625000
NODE_11493_length_816_cov_12.086471	242	322	0	47	80	0.5875000
NODE_11493_length_816_cov_12.086471	242	322	1	3	80	0.0375000
NODE_11493_length_816_cov_12.086471	242	322	2	30	80	0.3750000
NODE_11493_length_816_cov_12.086471	295	375	2	80	80	1.0000000
NODE_11495_length_816_cov_3.873082	412	492	0	80	80	1.0000000
NODE_11495_length_816_cov_3.873082	465	545	0	80	80	1.0000000
NODE_11516_length_815_cov_48.090782	334	414	4	10	80	0.1250000
NODE_11516_length_815_cov_48.090782	334	414	6	70	80	0.8750000
NODE_11516_length_815_cov_48.090782	387	467	4	23	80	0.2875000
NODE_11516_length_815_cov_48.090782	387	467	5	5	80	0.0625000
NODE_11516_length_815_cov_48.090782	387	467	6	52	80	0.6500000
NODE_11517_length_815_cov_27.748603	290	370	0	7	80	0.0875000
NODE_11517_length_815_cov_27.748603	290	370	1	73	80	0.9125000
NODE_11517_length_815_cov_27.748603	343	423	1	47	80	0.5875000
NODE_11517_length_815_cov_27.748603	343	423	2	33	80	0.4125000
NODE_11518_length_815_cov_23.748603	429	509	4	17	80	0.2125000
NODE_11518_length_815_cov_23.748603	429	509	5	1	80	0.0125000
NODE_11518_length_815_cov_23.748603	429	509	6	62	80	0.7750000
NODE_11518_length_815_cov_23.748603	482	562	2	31	80	0.3875000
NODE_11518_length_815_cov_23.748603	482	562	3	9	80	0.1125000
NODE_11518_length_815_cov_23.748603	482	562	5	13	80	0.1625000
NODE_11518_length_815_cov_23.748603	482	562	6	27	80	0.3375000
NODE_11519_length_815_cov_14.870112	318	398	0	80	80	1.0000000
NODE_11519_length_815_cov_14.870112	371	451	0	80	80	1.0000000
NODE_11520_length_815_cov_13.317039	338	418	2	80	80	1.0000000
NODE_11520_length_815_cov_13.317039	391	471	2	80	80	1.0000000
NODE_11521_length_815_cov_12.270950	315	395	0	2	80	0.0250000
NODE_11521_length_815_cov_12.270950	315	395	1	6	80	0.0750000
NODE_11521_length_815_cov_12.270950	315	395	2	7	80	0.0875000
NODE_11521_length_815_cov_12.270950	315	395	3	2	80	0.0250000
NODE_11521_length_815_cov_12.270950	315	395	4	12	80	0.1500000
NODE_11521_length_815_cov_12.270950	315	395	5	51	80	0.6375000
NODE_11521_length_815_cov_12.270950	368	448	0	55	80	0.6875000
NODE_11521_length_815_cov_12.270950	368	448	1	6	80	0.0750000
NODE_11521_length_815_cov_12.270950	368	448	2	7	80	0.0875000
NODE_11521_length_815_cov_12.270950	368	448	3	2	80	0.0250000
NODE_11521_length_815_cov_12.270950	368	448	4	10	80	0.1250000
NODE_11522_length_815_cov_9.304469	150	230	0	80	80	1.0000000
NODE_11522_length_815_cov_9.304469	203	283	0	80	80	1.0000000
NODE_11524_length_815_cov_8.117318	437	517	0	40	80	0.5000000
NODE_11524_length_815_cov_8.117318	437	517	2	40	80	0.5000000
NODE_11524_length_815_cov_8.117318	490	570	2	80	80	1.0000000
NODE_11530_length_815_cov_3.963687	275	355	1	14	80	0.1750000
NODE_11530_length_815_cov_3.963687	275	355	2	66	80	0.8250000
NODE_11530_length_815_cov_3.963687	328	408	1	67	80	0.8375000
NODE_11530_length_815_cov_3.963687	328	408	2	13	80	0.1625000
NODE_11532_length_815_cov_2.976257	441	508	0	67	67	1.0000000
NODE_11554_length_814_cov_55.545455	304	384	5	4	80	0.0500000
NODE_11554_length_814_cov_55.545455	304	384	7	17	80	0.2125000
NODE_11554_length_814_cov_55.545455	304	384	8	8	80	0.1000000
NODE_11554_length_814_cov_55.545455	304	384	9	27	80	0.3375000
NODE_11554_length_814_cov_55.545455	304	384	10	24	80	0.3000000
NODE_11554_length_814_cov_55.545455	357	437	0	4	80	0.0500000
NODE_11554_length_814_cov_55.545455	357	437	2	39	80	0.4875000
NODE_11554_length_814_cov_55.545455	357	437	3	10	80	0.1250000
NODE_11554_length_814_cov_55.545455	357	437	5	4	80	0.0500000
NODE_11554_length_814_cov_55.545455	357	437	7	17	80	0.2125000
NODE_11554_length_814_cov_55.545455	357	437	8	6	80	0.0750000
NODE_11554_length_814_cov_55.545455	517	559	0	42	42	1.0000000
NODE_11554_length_814_cov_55.545455	724	804	1	16	80	0.2000000
NODE_11554_length_814_cov_55.545455	724	804	2	2	80	0.0250000
NODE_11554_length_814_cov_55.545455	724	804	3	4	80	0.0500000
NODE_11554_length_814_cov_55.545455	724	804	5	1	80	0.0125000
NODE_11554_length_814_cov_55.545455	724	804	7	1	80	0.0125000
NODE_11554_length_814_cov_55.545455	724	804	9	1	80	0.0125000
NODE_11554_length_814_cov_55.545455	724	804	12	2	80	0.0250000
NODE_11554_length_814_cov_55.545455	724	804	14	53	80	0.6625000
NODE_11555_length_814_cov_32.216783	317	397	5	10	80	0.1250000
NODE_11555_length_814_cov_32.216783	317	397	7	70	80	0.8750000
NODE_11555_length_814_cov_32.216783	370	450	3	13	80	0.1625000
NODE_11555_length_814_cov_32.216783	370	450	4	4	80	0.0500000
NODE_11555_length_814_cov_32.216783	370	450	5	32	80	0.4000000
NODE_11555_length_814_cov_32.216783	370	450	6	2	80	0.0250000
NODE_11555_length_814_cov_32.216783	370	450	7	29	80	0.3625000
NODE_11556_length_814_cov_19.507692	174	254	0	68	80	0.8500000
NODE_11556_length_814_cov_19.507692	174	254	1	12	80	0.1500000
NODE_11556_length_814_cov_19.507692	227	307	0	15	80	0.1875000
NODE_11556_length_814_cov_19.507692	227	307	1	53	80	0.6625000
NODE_11556_length_814_cov_19.507692	227	307	3	12	80	0.1500000
NODE_11556_length_814_cov_19.507692	303	383	3	9	80	0.1125000
NODE_11556_length_814_cov_19.507692	303	383	4	1	80	0.0125000
NODE_11556_length_814_cov_19.507692	303	383	6	70	80	0.8750000
NODE_11556_length_814_cov_19.507692	356	436	3	16	80	0.2000000
NODE_11556_length_814_cov_19.507692	356	436	5	28	80	0.3500000
NODE_11556_length_814_cov_19.507692	356	436	6	36	80	0.4500000
NODE_11557_length_814_cov_18.579021	433	513	2	18	80	0.2250000
NODE_11557_length_814_cov_18.579021	433	513	3	62	80	0.7750000
NODE_11557_length_814_cov_18.579021	486	566	1	41	80	0.5125000
NODE_11557_length_814_cov_18.579021	486	566	2	19	80	0.2375000
NODE_11557_length_814_cov_18.579021	486	566	3	20	80	0.2500000
NODE_11558_length_814_cov_17.183217	339	419	5	9	80	0.1125000
NODE_11558_length_814_cov_17.183217	339	419	7	63	80	0.7875000
NODE_11558_length_814_cov_17.183217	339	419	8	8	80	0.1000000
NODE_11558_length_814_cov_17.183217	392	472	2	10	80	0.1250000
NODE_11558_length_814_cov_17.183217	392	472	4	43	80	0.5375000
NODE_11558_length_814_cov_17.183217	392	472	5	9	80	0.1125000
NODE_11558_length_814_cov_17.183217	392	472	7	18	80	0.2250000
NODE_11559_length_814_cov_15.306294	238	318	1	22	80	0.2750000
NODE_11559_length_814_cov_15.306294	238	318	3	58	80	0.7250000
NODE_11559_length_814_cov_15.306294	291	371	2	6	80	0.0750000
NODE_11559_length_814_cov_15.306294	291	371	3	52	80	0.6500000
NODE_11559_length_814_cov_15.306294	291	371	4	22	80	0.2750000
NODE_11560_length_814_cov_11.511888	397	477	3	65	80	0.8125000
NODE_11560_length_814_cov_11.511888	397	477	4	15	80	0.1875000
NODE_11560_length_814_cov_11.511888	459	530	2	45	71	0.6338028
NODE_11560_length_814_cov_11.511888	459	530	3	4	71	0.0563380
NODE_11560_length_814_cov_11.511888	459	530	4	22	71	0.3098592
NODE_11561_length_814_cov_10.395804	305	385	0	19	80	0.2375000
NODE_11561_length_814_cov_10.395804	305	385	2	22	80	0.2750000
NODE_11561_length_814_cov_10.395804	305	385	4	39	80	0.4875000
NODE_11561_length_814_cov_10.395804	358	438	4	80	80	1.0000000
NODE_11562_length_814_cov_9.692308	347	427	0	80	80	1.0000000
NODE_11562_length_814_cov_9.692308	400	480	0	80	80	1.0000000
NODE_11564_length_814_cov_9.274126	245	325	1	15	80	0.1875000
NODE_11564_length_814_cov_9.274126	245	325	2	65	80	0.8125000
NODE_11564_length_814_cov_9.274126	298	378	1	68	80	0.8500000
NODE_11564_length_814_cov_9.274126	298	378	2	12	80	0.1500000
NODE_11565_length_814_cov_8.973427	271	351	0	12	80	0.1500000
NODE_11565_length_814_cov_8.973427	271	351	1	19	80	0.2375000
NODE_11565_length_814_cov_8.973427	271	351	2	13	80	0.1625000
NODE_11565_length_814_cov_8.973427	271	351	3	36	80	0.4500000
NODE_11565_length_814_cov_8.973427	324	404	3	80	80	1.0000000
NODE_11573_length_814_cov_2.145455	273	327	1	54	54	1.0000000
NODE_11573_length_814_cov_2.145455	307	371	0	9	64	0.1406250
NODE_11573_length_814_cov_2.145455	307	371	1	42	64	0.6562500
NODE_11573_length_814_cov_2.145455	307	371	3	13	64	0.2031250
NODE_11587_length_813_cov_39.228291	225	305	5	17	80	0.2125000
NODE_11587_length_813_cov_39.228291	225	305	7	11	80	0.1375000
NODE_11587_length_813_cov_39.228291	225	305	8	27	80	0.3375000
NODE_11587_length_813_cov_39.228291	225	305	9	16	80	0.2000000
NODE_11587_length_813_cov_39.228291	225	305	10	9	80	0.1125000
NODE_11587_length_813_cov_39.228291	278	358	4	1	80	0.0125000
NODE_11587_length_813_cov_39.228291	278	358	6	13	80	0.1625000
NODE_11587_length_813_cov_39.228291	278	358	7	14	80	0.1750000
NODE_11587_length_813_cov_39.228291	278	358	8	2	80	0.0250000
NODE_11587_length_813_cov_39.228291	278	358	9	41	80	0.5125000
NODE_11587_length_813_cov_39.228291	278	358	10	9	80	0.1125000
NODE_11588_length_813_cov_36.570028	406	486	11	4	80	0.0500000
NODE_11588_length_813_cov_36.570028	406	486	13	5	80	0.0625000
NODE_11588_length_813_cov_36.570028	406	486	14	4	80	0.0500000
NODE_11588_length_813_cov_36.570028	406	486	15	66	80	0.8250000
NODE_11588_length_813_cov_36.570028	406	486	16	1	80	0.0125000
NODE_11588_length_813_cov_36.570028	459	539	5	8	80	0.1000000
NODE_11588_length_813_cov_36.570028	459	539	6	2	80	0.0250000
NODE_11588_length_813_cov_36.570028	459	539	7	9	80	0.1125000
NODE_11588_length_813_cov_36.570028	459	539	10	14	80	0.1750000
NODE_11588_length_813_cov_36.570028	459	539	12	13	80	0.1625000
NODE_11588_length_813_cov_36.570028	459	539	13	1	80	0.0125000
NODE_11588_length_813_cov_36.570028	459	539	14	10	80	0.1250000
NODE_11588_length_813_cov_36.570028	459	539	15	22	80	0.2750000
NODE_11588_length_813_cov_36.570028	459	539	16	1	80	0.0125000
NODE_11589_length_813_cov_26.718487	209	289	6	36	80	0.4500000
NODE_11589_length_813_cov_26.718487	209	289	8	28	80	0.3500000
NODE_11589_length_813_cov_26.718487	209	289	9	16	80	0.2000000
NODE_11589_length_813_cov_26.718487	262	342	1	3	80	0.0375000
NODE_11589_length_813_cov_26.718487	262	342	3	11	80	0.1375000
NODE_11589_length_813_cov_26.718487	262	342	4	19	80	0.2375000
NODE_11589_length_813_cov_26.718487	262	342	6	47	80	0.5875000
NODE_11590_length_813_cov_17.537815	335	415	5	30	80	0.3750000
NODE_11590_length_813_cov_17.537815	335	415	6	5	80	0.0625000
NODE_11590_length_813_cov_17.537815	335	415	7	28	80	0.3500000
NODE_11590_length_813_cov_17.537815	335	415	8	17	80	0.2125000
NODE_11590_length_813_cov_17.537815	388	468	7	62	80	0.7750000
NODE_11590_length_813_cov_17.537815	388	468	8	18	80	0.2250000
NODE_11591_length_813_cov_14.243697	279	359	0	29	80	0.3625000
NODE_11591_length_813_cov_14.243697	279	359	1	10	80	0.1250000
NODE_11591_length_813_cov_14.243697	279	359	2	41	80	0.5125000
NODE_11591_length_813_cov_14.243697	332	412	2	80	80	1.0000000
NODE_11592_length_813_cov_13.984594	307	387	2	8	80	0.1000000
NODE_11592_length_813_cov_13.984594	307	387	3	54	80	0.6750000
NODE_11592_length_813_cov_13.984594	307	387	4	18	80	0.2250000
NODE_11592_length_813_cov_13.984594	360	440	1	9	80	0.1125000
NODE_11592_length_813_cov_13.984594	360	440	2	28	80	0.3500000
NODE_11592_length_813_cov_13.984594	360	440	3	39	80	0.4875000
NODE_11592_length_813_cov_13.984594	360	440	4	4	80	0.0500000
NODE_11593_length_813_cov_13.242297	336	416	4	8	80	0.1000000
NODE_11593_length_813_cov_13.242297	336	416	5	8	80	0.1000000
NODE_11593_length_813_cov_13.242297	336	416	6	40	80	0.5000000
NODE_11593_length_813_cov_13.242297	336	416	7	19	80	0.2375000
NODE_11593_length_813_cov_13.242297	336	416	8	5	80	0.0625000
NODE_11593_length_813_cov_13.242297	389	469	4	61	80	0.7625000
NODE_11593_length_813_cov_13.242297	389	469	5	6	80	0.0750000
NODE_11593_length_813_cov_13.242297	389	469	7	13	80	0.1625000
NODE_11594_length_813_cov_11.985994	374	454	1	33	80	0.4125000
NODE_11594_length_813_cov_11.985994	374	454	2	47	80	0.5875000
NODE_11594_length_813_cov_11.985994	427	507	0	19	80	0.2375000
NODE_11594_length_813_cov_11.985994	427	507	1	61	80	0.7625000
NODE_11595_length_813_cov_11.668067	279	359	0	80	80	1.0000000
NODE_11595_length_813_cov_11.668067	332	412	0	80	80	1.0000000
NODE_11596_length_813_cov_8.149860	538	618	2	80	80	1.0000000
NODE_11596_length_813_cov_8.149860	591	671	0	16	80	0.2000000
NODE_11596_length_813_cov_8.149860	591	671	2	64	80	0.8000000
NODE_11597_length_813_cov_7.098039	234	314	0	80	80	1.0000000
NODE_11597_length_813_cov_7.098039	287	367	0	80	80	1.0000000
NODE_11613_length_812_cov_45.183731	435	515	7	45	80	0.5625000
NODE_11613_length_812_cov_45.183731	435	515	8	35	80	0.4375000
NODE_11613_length_812_cov_45.183731	488	568	1	17	80	0.2125000
NODE_11613_length_812_cov_45.183731	488	568	3	23	80	0.2875000
NODE_11613_length_812_cov_45.183731	488	568	4	3	80	0.0375000
NODE_11613_length_812_cov_45.183731	488	568	7	37	80	0.4625000
NODE_11614_length_812_cov_23.862553	386	466	2	1	80	0.0125000
NODE_11614_length_812_cov_23.862553	386	466	3	35	80	0.4375000
NODE_11614_length_812_cov_23.862553	386	466	4	30	80	0.3750000
NODE_11614_length_812_cov_23.862553	386	466	5	14	80	0.1750000
NODE_11614_length_812_cov_23.862553	439	519	4	13	80	0.1625000
NODE_11614_length_812_cov_23.862553	439	519	5	61	80	0.7625000
NODE_11614_length_812_cov_23.862553	439	519	6	6	80	0.0750000
NODE_11615_length_812_cov_23.516129	295	375	0	44	80	0.5500000
NODE_11615_length_812_cov_23.516129	295	375	2	36	80	0.4500000
NODE_11615_length_812_cov_23.516129	348	428	2	80	80	1.0000000
NODE_11616_length_812_cov_15.577840	509	589	5	54	80	0.6750000
NODE_11616_length_812_cov_15.577840	509	589	6	3	80	0.0375000
NODE_11616_length_812_cov_15.577840	509	589	7	8	80	0.1000000
NODE_11616_length_812_cov_15.577840	509	589	8	15	80	0.1875000
NODE_11616_length_812_cov_15.577840	562	644	3	1	82	0.0121951
NODE_11616_length_812_cov_15.577840	562	644	5	72	82	0.8780488
NODE_11616_length_812_cov_15.577840	562	644	7	8	82	0.0975610
NODE_11616_length_812_cov_15.577840	562	644	8	1	82	0.0121951
NODE_11617_length_812_cov_13.277700	257	331	1	12	74	0.1621622
NODE_11617_length_812_cov_13.277700	257	331	2	59	74	0.7972973
NODE_11617_length_812_cov_13.277700	257	331	4	3	74	0.0405405
NODE_11617_length_812_cov_13.277700	304	384	2	24	80	0.3000000
NODE_11617_length_812_cov_13.277700	304	384	4	56	80	0.7000000
NODE_11619_length_812_cov_6.697055	309	389	1	71	80	0.8875000
NODE_11619_length_812_cov_6.697055	309	389	2	9	80	0.1125000
NODE_11619_length_812_cov_6.697055	362	442	1	80	80	1.0000000
NODE_11642_length_811_cov_65.762640	418	492	3	21	74	0.2837838
NODE_11642_length_811_cov_65.762640	418	492	5	15	74	0.2027027
NODE_11642_length_811_cov_65.762640	418	492	6	11	74	0.1486486
NODE_11642_length_811_cov_65.762640	418	492	7	27	74	0.3648649
NODE_11642_length_811_cov_65.762640	471	545	0	19	74	0.2567568
NODE_11642_length_811_cov_65.762640	471	545	1	4	74	0.0540541
NODE_11642_length_811_cov_65.762640	471	545	4	1	74	0.0135135
NODE_11642_length_811_cov_65.762640	471	545	5	44	74	0.5945946
NODE_11642_length_811_cov_65.762640	471	545	6	6	74	0.0810811
NODE_11643_length_811_cov_62.933989	457	537	6	2	80	0.0250000
NODE_11643_length_811_cov_62.933989	457	537	10	43	80	0.5375000
NODE_11643_length_811_cov_62.933989	457	537	11	9	80	0.1125000
NODE_11643_length_811_cov_62.933989	457	537	12	4	80	0.0500000
NODE_11643_length_811_cov_62.933989	457	537	13	10	80	0.1250000
NODE_11643_length_811_cov_62.933989	457	537	14	12	80	0.1500000
NODE_11643_length_811_cov_62.933989	510	590	7	1	80	0.0125000
NODE_11643_length_811_cov_62.933989	510	590	9	32	80	0.4000000
NODE_11643_length_811_cov_62.933989	510	590	11	7	80	0.0875000
NODE_11643_length_811_cov_62.933989	510	590	12	9	80	0.1125000
NODE_11643_length_811_cov_62.933989	510	590	13	19	80	0.2375000
NODE_11643_length_811_cov_62.933989	510	590	14	12	80	0.1500000
NODE_11644_length_811_cov_26.401685	397	477	4	10	80	0.1250000
NODE_11644_length_811_cov_26.401685	397	477	5	16	80	0.2000000
NODE_11644_length_811_cov_26.401685	397	477	7	29	80	0.3625000
NODE_11644_length_811_cov_26.401685	397	477	9	18	80	0.2250000
NODE_11644_length_811_cov_26.401685	397	477	10	7	80	0.0875000
NODE_11644_length_811_cov_26.401685	450	530	7	2	80	0.0250000
NODE_11644_length_811_cov_26.401685	450	530	8	10	80	0.1250000
NODE_11644_length_811_cov_26.401685	450	530	9	28	80	0.3500000
NODE_11644_length_811_cov_26.401685	450	530	10	40	80	0.5000000
NODE_11645_length_811_cov_23.009831	189	269	1	10	80	0.1250000
NODE_11645_length_811_cov_23.009831	189	269	3	70	80	0.8750000
NODE_11645_length_811_cov_23.009831	242	322	2	33	80	0.4125000
NODE_11645_length_811_cov_23.009831	242	322	3	47	80	0.5875000
NODE_11646_length_811_cov_20.523876	375	455	2	80	80	1.0000000
NODE_11646_length_811_cov_20.523876	428	508	1	14	80	0.1750000
NODE_11646_length_811_cov_20.523876	428	508	2	59	80	0.7375000
NODE_11646_length_811_cov_20.523876	428	508	3	7	80	0.0875000
NODE_11647_length_811_cov_17.386236	421	501	0	68	80	0.8500000
NODE_11647_length_811_cov_17.386236	421	501	1	12	80	0.1500000
NODE_11647_length_811_cov_17.386236	474	554	0	80	80	1.0000000
NODE_11648_length_811_cov_15.279494	368	448	1	53	80	0.6625000
NODE_11648_length_811_cov_15.279494	368	448	2	19	80	0.2375000
NODE_11648_length_811_cov_15.279494	368	448	3	8	80	0.1000000
NODE_11648_length_811_cov_15.279494	421	502	2	19	81	0.2345679
NODE_11648_length_811_cov_15.279494	421	502	3	40	81	0.4938272
NODE_11648_length_811_cov_15.279494	421	502	4	22	81	0.2716049
NODE_11649_length_811_cov_14.543539	222	302	1	1	80	0.0125000
NODE_11649_length_811_cov_14.543539	222	302	2	35	80	0.4375000
NODE_11649_length_811_cov_14.543539	222	302	3	44	80	0.5500000
NODE_11649_length_811_cov_14.543539	275	355	1	41	80	0.5125000
NODE_11649_length_811_cov_14.543539	275	355	2	30	80	0.3750000
NODE_11649_length_811_cov_14.543539	275	355	3	9	80	0.1125000
NODE_11650_length_811_cov_12.196629	402	482	2	22	80	0.2750000
NODE_11650_length_811_cov_12.196629	402	482	4	58	80	0.7250000
NODE_11650_length_811_cov_12.196629	455	535	0	25	80	0.3125000
NODE_11650_length_811_cov_12.196629	455	535	2	46	80	0.5750000
NODE_11650_length_811_cov_12.196629	455	535	4	9	80	0.1125000
NODE_11651_length_811_cov_12.117978	289	369	3	77	80	0.9625000
NODE_11651_length_811_cov_12.117978	289	369	4	3	80	0.0375000
NODE_11651_length_811_cov_12.117978	342	422	2	40	80	0.5000000
NODE_11651_length_811_cov_12.117978	342	422	3	40	80	0.5000000
NODE_11652_length_811_cov_11.886236	330	410	0	7	80	0.0875000
NODE_11652_length_811_cov_11.886236	330	410	1	73	80	0.9125000
NODE_11652_length_811_cov_11.886236	383	463	1	36	80	0.4500000
NODE_11652_length_811_cov_11.886236	383	463	2	44	80	0.5500000
NODE_11653_length_811_cov_10.602528	342	422	4	61	80	0.7625000
NODE_11653_length_811_cov_10.602528	342	422	6	19	80	0.2375000
NODE_11653_length_811_cov_10.602528	395	461	3	11	66	0.1666667
NODE_11653_length_811_cov_10.602528	395	461	4	29	66	0.4393939
NODE_11653_length_811_cov_10.602528	395	461	6	26	66	0.3939394
NODE_11653_length_811_cov_10.602528	452	519	3	62	67	0.9253731
NODE_11653_length_811_cov_10.602528	452	519	4	5	67	0.0746269
NODE_11653_length_811_cov_10.602528	492	572	3	61	80	0.7625000
NODE_11653_length_811_cov_10.602528	492	572	5	19	80	0.2375000
NODE_11654_length_811_cov_7.539326	324	404	0	7	80	0.0875000
NODE_11654_length_811_cov_7.539326	324	404	1	29	80	0.3625000
NODE_11654_length_811_cov_7.539326	324	404	2	5	80	0.0625000
NODE_11654_length_811_cov_7.539326	324	404	3	39	80	0.4875000
NODE_11654_length_811_cov_7.539326	377	457	0	26	80	0.3250000
NODE_11654_length_811_cov_7.539326	377	457	1	54	80	0.6750000
NODE_11655_length_811_cov_6.398876	419	499	4	27	80	0.3375000
NODE_11655_length_811_cov_6.398876	419	499	5	29	80	0.3625000
NODE_11655_length_811_cov_6.398876	419	499	6	24	80	0.3000000
NODE_11655_length_811_cov_6.398876	472	552	4	38	80	0.4750000
NODE_11655_length_811_cov_6.398876	472	552	5	14	80	0.1750000
NODE_11655_length_811_cov_6.398876	472	552	6	28	80	0.3500000
NODE_11657_length_811_cov_5.939607	496	527	2	2	31	0.0645161
NODE_11657_length_811_cov_5.939607	496	527	4	29	31	0.9354839
NODE_11657_length_811_cov_5.939607	528	603	2	5	75	0.0666667
NODE_11657_length_811_cov_5.939607	528	603	3	1	75	0.0133333
NODE_11657_length_811_cov_5.939607	528	603	4	69	75	0.9200000
NODE_11669_length_811_cov_1.501404	645	676	0	31	31	1.0000000
NODE_11684_length_810_cov_42.358650	484	564	0	1	80	0.0125000
NODE_11684_length_810_cov_42.358650	484	564	2	79	80	0.9875000
NODE_11684_length_810_cov_42.358650	537	617	0	36	80	0.4500000
NODE_11684_length_810_cov_42.358650	537	617	2	44	80	0.5500000
NODE_11685_length_810_cov_38.604782	370	450	3	46	80	0.5750000
NODE_11685_length_810_cov_38.604782	370	450	4	5	80	0.0625000
NODE_11685_length_810_cov_38.604782	370	450	5	29	80	0.3625000
NODE_11685_length_810_cov_38.604782	423	499	5	41	76	0.5394737
NODE_11685_length_810_cov_38.604782	423	499	6	23	76	0.3026316
NODE_11685_length_810_cov_38.604782	423	499	7	12	76	0.1578947
NODE_11686_length_810_cov_20.354430	338	418	0	80	80	1.0000000
NODE_11686_length_810_cov_20.354430	391	471	0	80	80	1.0000000
NODE_11688_length_810_cov_12.367089	144	224	3	20	80	0.2500000
NODE_11688_length_810_cov_12.367089	144	224	4	11	80	0.1375000
NODE_11688_length_810_cov_12.367089	144	224	6	4	80	0.0500000
NODE_11688_length_810_cov_12.367089	144	224	7	10	80	0.1250000
NODE_11688_length_810_cov_12.367089	144	224	8	8	80	0.1000000
NODE_11688_length_810_cov_12.367089	144	224	9	27	80	0.3375000
NODE_11688_length_810_cov_12.367089	197	277	7	6	80	0.0750000
NODE_11688_length_810_cov_12.367089	197	277	9	74	80	0.9250000
NODE_11689_length_810_cov_8.886076	333	399	1	23	66	0.3484848
NODE_11689_length_810_cov_8.886076	333	399	2	43	66	0.6515151
NODE_11690_length_810_cov_8.291139	446	526	0	40	80	0.5000000
NODE_11690_length_810_cov_8.291139	446	526	1	15	80	0.1875000
NODE_11690_length_810_cov_8.291139	446	526	2	25	80	0.3125000
NODE_11690_length_810_cov_8.291139	499	579	1	2	80	0.0250000
NODE_11690_length_810_cov_8.291139	499	579	2	26	80	0.3250000
NODE_11690_length_810_cov_8.291139	499	579	4	52	80	0.6500000
NODE_11692_length_810_cov_7.213783	335	406	0	30	71	0.4225352
NODE_11692_length_810_cov_7.213783	335	406	2	41	71	0.5774648
NODE_11692_length_810_cov_7.213783	335	416	0	30	81	0.3703704
NODE_11692_length_810_cov_7.213783	335	416	2	51	81	0.6296296
NODE_11692_length_810_cov_7.213783	379	459	2	80	80	1.0000000
NODE_11714_length_809_cov_40.536620	428	500	0	47	72	0.6527778
NODE_11714_length_809_cov_40.536620	428	500	1	4	72	0.0555556
NODE_11714_length_809_cov_40.536620	428	500	3	21	72	0.2916667
NODE_11714_length_809_cov_40.536620	473	553	0	2	80	0.0250000
NODE_11714_length_809_cov_40.536620	473	553	1	4	80	0.0500000
NODE_11714_length_809_cov_40.536620	473	553	3	69	80	0.8625000
NODE_11714_length_809_cov_40.536620	473	553	4	1	80	0.0125000
NODE_11714_length_809_cov_40.536620	473	553	6	4	80	0.0500000
NODE_11715_length_809_cov_15.871831	385	465	0	19	80	0.2375000
NODE_11715_length_809_cov_15.871831	385	465	2	6	80	0.0750000
NODE_11715_length_809_cov_15.871831	385	465	4	55	80	0.6875000
NODE_11715_length_809_cov_15.871831	402	465	0	19	63	0.3015873
NODE_11715_length_809_cov_15.871831	402	465	2	6	63	0.0952381
NODE_11715_length_809_cov_15.871831	402	465	4	38	63	0.6031746
NODE_11715_length_809_cov_15.871831	438	518	0	72	80	0.9000000
NODE_11715_length_809_cov_15.871831	438	518	2	6	80	0.0750000
NODE_11715_length_809_cov_15.871831	438	518	4	2	80	0.0250000
NODE_11715_length_809_cov_15.871831	438	518	0	72	80	0.9000000
NODE_11715_length_809_cov_15.871831	438	518	2	6	80	0.0750000
NODE_11715_length_809_cov_15.871831	438	518	4	2	80	0.0250000
NODE_11716_length_809_cov_15.019718	286	366	2	80	80	1.0000000
NODE_11716_length_809_cov_15.019718	339	419	0	5	80	0.0625000
NODE_11716_length_809_cov_15.019718	339	419	2	75	80	0.9375000
NODE_11718_length_809_cov_4.483099	244	324	0	80	80	1.0000000
NODE_11718_length_809_cov_4.483099	278	324	0	46	46	1.0000000
NODE_11718_length_809_cov_4.483099	298	377	0	79	79	1.0000000
NODE_11718_length_809_cov_4.483099	308	377	0	69	69	1.0000000
NODE_11738_length_808_cov_45.023977	325	405	0	48	80	0.6000000
NODE_11738_length_808_cov_45.023977	325	405	1	32	80	0.4000000
NODE_11738_length_808_cov_45.023977	378	458	1	80	80	1.0000000
NODE_11739_length_808_cov_24.087447	287	367	3	8	80	0.1000000
NODE_11739_length_808_cov_24.087447	287	367	4	72	80	0.9000000
NODE_11739_length_808_cov_24.087447	340	420	1	18	80	0.2250000
NODE_11739_length_808_cov_24.087447	340	420	3	14	80	0.1750000
NODE_11739_length_808_cov_24.087447	340	420	4	48	80	0.6000000
NODE_11740_length_808_cov_21.867419	324	404	1	16	80	0.2000000
NODE_11740_length_808_cov_21.867419	324	404	2	18	80	0.2250000
NODE_11740_length_808_cov_21.867419	324	404	3	42	80	0.5250000
NODE_11740_length_808_cov_21.867419	324	404	4	4	80	0.0500000
NODE_11740_length_808_cov_21.867419	377	457	3	56	80	0.7000000
NODE_11740_length_808_cov_21.867419	377	457	4	24	80	0.3000000
NODE_11741_length_808_cov_16.289140	333	413	3	13	80	0.1625000
NODE_11741_length_808_cov_16.289140	333	413	4	2	80	0.0250000
NODE_11741_length_808_cov_16.289140	333	413	5	28	80	0.3500000
NODE_11741_length_808_cov_16.289140	333	413	6	37	80	0.4625000
NODE_11741_length_808_cov_16.289140	386	466	3	40	80	0.5000000
NODE_11741_length_808_cov_16.289140	386	466	5	10	80	0.1250000
NODE_11741_length_808_cov_16.289140	386	466	6	30	80	0.3750000
NODE_11742_length_808_cov_14.489422	307	387	6	44	80	0.5500000
NODE_11742_length_808_cov_14.489422	307	387	7	36	80	0.4500000
NODE_11742_length_808_cov_14.489422	360	440	0	1	80	0.0125000
NODE_11742_length_808_cov_14.489422	360	440	1	14	80	0.1750000
NODE_11742_length_808_cov_14.489422	360	440	2	1	80	0.0125000
NODE_11742_length_808_cov_14.489422	360	440	3	31	80	0.3875000
NODE_11742_length_808_cov_14.489422	360	440	5	5	80	0.0625000
NODE_11742_length_808_cov_14.489422	360	440	6	21	80	0.2625000
NODE_11742_length_808_cov_14.489422	360	440	7	7	80	0.0875000
NODE_11744_length_808_cov_10.507757	317	397	1	21	80	0.2625000
NODE_11744_length_808_cov_10.507757	317	397	2	18	80	0.2250000
NODE_11744_length_808_cov_10.507757	317	397	4	12	80	0.1500000
NODE_11744_length_808_cov_10.507757	317	397	5	29	80	0.3625000
NODE_11744_length_808_cov_10.507757	370	450	5	31	80	0.3875000
NODE_11744_length_808_cov_10.507757	370	450	6	49	80	0.6125000
NODE_11745_length_808_cov_10.066291	483	563	0	80	80	1.0000000
NODE_11745_length_808_cov_10.066291	536	616	0	80	80	1.0000000
NODE_11746_length_808_cov_7.581100	358	438	1	27	80	0.3375000
NODE_11746_length_808_cov_7.581100	358	438	2	3	80	0.0375000
NODE_11746_length_808_cov_7.581100	358	438	3	41	80	0.5125000
NODE_11746_length_808_cov_7.581100	358	438	4	9	80	0.1125000
NODE_11746_length_808_cov_7.581100	411	491	1	80	80	1.0000000
NODE_11756_length_808_cov_3.283498	471	551	1	43	80	0.5375000
NODE_11756_length_808_cov_3.283498	471	551	2	37	80	0.4625000
NODE_11756_length_808_cov_3.283498	524	604	2	80	80	1.0000000
NODE_11783_length_807_cov_67.341808	2	25	12	1	23	0.0434783
NODE_11783_length_807_cov_67.341808	2	25	15	2	23	0.0869565
NODE_11783_length_807_cov_67.341808	2	25	18	2	23	0.0869565
NODE_11783_length_807_cov_67.341808	2	25	21	11	23	0.4782609
NODE_11783_length_807_cov_67.341808	2	25	22	1	23	0.0434783
NODE_11783_length_807_cov_67.341808	2	25	23	1	23	0.0434783
NODE_11783_length_807_cov_67.341808	2	25	24	1	23	0.0434783
NODE_11783_length_807_cov_67.341808	2	25	30	4	23	0.1739130
NODE_11783_length_807_cov_67.341808	339	370	43	3	31	0.0967742
NODE_11783_length_807_cov_67.341808	339	370	44	3	31	0.0967742
NODE_11783_length_807_cov_67.341808	339	370	45	1	31	0.0322581
NODE_11783_length_807_cov_67.341808	339	370	46	4	31	0.1290323
NODE_11783_length_807_cov_67.341808	339	370	47	9	31	0.2903226
NODE_11783_length_807_cov_67.341808	339	370	48	5	31	0.1612903
NODE_11783_length_807_cov_67.341808	339	370	49	5	31	0.1612903
NODE_11783_length_807_cov_67.341808	339	370	51	1	31	0.0322581
NODE_11783_length_807_cov_67.341808	343	423	43	3	80	0.0375000
NODE_11783_length_807_cov_67.341808	343	423	44	3	80	0.0375000
NODE_11783_length_807_cov_67.341808	343	423	45	1	80	0.0125000
NODE_11783_length_807_cov_67.341808	343	423	46	4	80	0.0500000
NODE_11783_length_807_cov_67.341808	343	423	47	5	80	0.0625000
NODE_11783_length_807_cov_67.341808	343	423	48	5	80	0.0625000
NODE_11783_length_807_cov_67.341808	343	423	49	7	80	0.0875000
NODE_11783_length_807_cov_67.341808	343	423	51	2	80	0.0250000
NODE_11783_length_807_cov_67.341808	343	423	53	2	80	0.0250000
NODE_11783_length_807_cov_67.341808	343	423	54	2	80	0.0250000
NODE_11783_length_807_cov_67.341808	343	423	56	1	80	0.0125000
NODE_11783_length_807_cov_67.341808	343	423	57	3	80	0.0375000
NODE_11783_length_807_cov_67.341808	343	423	59	2	80	0.0250000
NODE_11783_length_807_cov_67.341808	343	423	60	3	80	0.0375000
NODE_11783_length_807_cov_67.341808	343	423	61	2	80	0.0250000
NODE_11783_length_807_cov_67.341808	343	423	62	4	80	0.0500000
NODE_11783_length_807_cov_67.341808	343	423	63	3	80	0.0375000
NODE_11783_length_807_cov_67.341808	343	423	66	1	80	0.0125000
NODE_11783_length_807_cov_67.341808	343	423	67	1	80	0.0125000
NODE_11783_length_807_cov_67.341808	343	423	68	4	80	0.0500000
NODE_11783_length_807_cov_67.341808	343	423	70	1	80	0.0125000
NODE_11783_length_807_cov_67.341808	343	423	71	2	80	0.0250000
NODE_11783_length_807_cov_67.341808	343	423	72	1	80	0.0125000
NODE_11783_length_807_cov_67.341808	343	423	73	4	80	0.0500000
NODE_11783_length_807_cov_67.341808	343	423	74	1	80	0.0125000
NODE_11783_length_807_cov_67.341808	343	423	75	1	80	0.0125000
NODE_11783_length_807_cov_67.341808	343	423	76	1	80	0.0125000
NODE_11783_length_807_cov_67.341808	343	423	77	3	80	0.0375000
NODE_11783_length_807_cov_67.341808	343	423	79	4	80	0.0500000
NODE_11783_length_807_cov_67.341808	343	423	81	4	80	0.0500000
NODE_11784_length_807_cov_54.980226	683	749	30	5	66	0.0757576
NODE_11784_length_807_cov_54.980226	683	749	31	12	66	0.1818182
NODE_11784_length_807_cov_54.980226	683	749	32	30	66	0.4545455
NODE_11784_length_807_cov_54.980226	683	749	35	2	66	0.0303030
NODE_11784_length_807_cov_54.980226	683	749	36	10	66	0.1515152
NODE_11784_length_807_cov_54.980226	683	749	37	1	66	0.0151515
NODE_11784_length_807_cov_54.980226	683	749	38	6	66	0.0909091
NODE_11784_length_807_cov_54.980226	727	802	9	3	75	0.0400000
NODE_11784_length_807_cov_54.980226	727	802	10	5	75	0.0666667
NODE_11784_length_807_cov_54.980226	727	802	14	1	75	0.0133333
NODE_11784_length_807_cov_54.980226	727	802	15	4	75	0.0533333
NODE_11784_length_807_cov_54.980226	727	802	19	3	75	0.0400000
NODE_11784_length_807_cov_54.980226	727	802	21	6	75	0.0800000
NODE_11784_length_807_cov_54.980226	727	802	24	10	75	0.1333333
NODE_11784_length_807_cov_54.980226	727	802	25	1	75	0.0133333
NODE_11784_length_807_cov_54.980226	727	802	26	3	75	0.0400000
NODE_11784_length_807_cov_54.980226	727	802	27	4	75	0.0533333
NODE_11784_length_807_cov_54.980226	727	802	28	6	75	0.0800000
NODE_11784_length_807_cov_54.980226	727	802	29	4	75	0.0533333
NODE_11784_length_807_cov_54.980226	727	802	30	8	75	0.1066667
NODE_11784_length_807_cov_54.980226	727	802	31	12	75	0.1600000
NODE_11784_length_807_cov_54.980226	727	802	32	5	75	0.0666667
NODE_11785_length_807_cov_37.306497	435	515	5	42	80	0.5250000
NODE_11785_length_807_cov_37.306497	435	515	6	8	80	0.1000000
NODE_11785_length_807_cov_37.306497	435	515	7	30	80	0.3750000
NODE_11785_length_807_cov_37.306497	488	568	2	1	80	0.0125000
NODE_11785_length_807_cov_37.306497	488	568	3	10	80	0.1250000
NODE_11785_length_807_cov_37.306497	488	568	4	1	80	0.0125000
NODE_11785_length_807_cov_37.306497	488	568	5	68	80	0.8500000
NODE_11786_length_807_cov_31.177966	287	367	0	13	80	0.1625000
NODE_11786_length_807_cov_31.177966	287	367	1	11	80	0.1375000
NODE_11786_length_807_cov_31.177966	287	367	2	2	80	0.0250000
NODE_11786_length_807_cov_31.177966	287	367	3	14	80	0.1750000
NODE_11786_length_807_cov_31.177966	287	367	4	24	80	0.3000000
NODE_11786_length_807_cov_31.177966	287	367	6	2	80	0.0250000
NODE_11786_length_807_cov_31.177966	287	367	8	10	80	0.1250000
NODE_11786_length_807_cov_31.177966	287	367	9	1	80	0.0125000
NODE_11786_length_807_cov_31.177966	287	367	10	3	80	0.0375000
NODE_11786_length_807_cov_31.177966	340	420	4	11	80	0.1375000
NODE_11786_length_807_cov_31.177966	340	420	6	2	80	0.0250000
NODE_11786_length_807_cov_31.177966	340	420	8	10	80	0.1250000
NODE_11786_length_807_cov_31.177966	340	420	9	1	80	0.0125000
NODE_11786_length_807_cov_31.177966	340	420	10	40	80	0.5000000
NODE_11786_length_807_cov_31.177966	340	420	11	16	80	0.2000000
NODE_11787_length_807_cov_30.638418	250	329	3	2	79	0.0253165
NODE_11787_length_807_cov_30.638418	250	329	4	9	79	0.1139240
NODE_11787_length_807_cov_30.638418	250	329	5	7	79	0.0886076
NODE_11787_length_807_cov_30.638418	250	329	6	19	79	0.2405063
NODE_11787_length_807_cov_30.638418	250	329	7	42	79	0.5316456
NODE_11787_length_807_cov_30.638418	302	382	5	51	80	0.6375000
NODE_11787_length_807_cov_30.638418	302	382	6	5	80	0.0625000
NODE_11787_length_807_cov_30.638418	302	382	7	24	80	0.3000000
NODE_11787_length_807_cov_30.638418	378	458	3	24	80	0.3000000
NODE_11787_length_807_cov_30.638418	378	458	4	19	80	0.2375000
NODE_11787_length_807_cov_30.638418	378	458	5	14	80	0.1750000
NODE_11787_length_807_cov_30.638418	378	458	6	18	80	0.2250000
NODE_11787_length_807_cov_30.638418	378	458	7	5	80	0.0625000
NODE_11787_length_807_cov_30.638418	431	511	3	77	80	0.9625000
NODE_11787_length_807_cov_30.638418	431	511	4	3	80	0.0375000
NODE_11788_length_807_cov_29.725989	362	442	4	73	80	0.9125000
NODE_11788_length_807_cov_29.725989	362	442	6	7	80	0.0875000
NODE_11788_length_807_cov_29.725989	415	495	0	6	80	0.0750000
NODE_11788_length_807_cov_29.725989	415	495	1	41	80	0.5125000
NODE_11788_length_807_cov_29.725989	415	495	3	4	80	0.0500000
NODE_11788_length_807_cov_29.725989	415	495	4	29	80	0.3625000
NODE_11789_length_807_cov_23.200565	441	521	6	15	80	0.1875000
NODE_11789_length_807_cov_23.200565	441	521	8	6	80	0.0750000
NODE_11789_length_807_cov_23.200565	441	521	10	43	80	0.5375000
NODE_11789_length_807_cov_23.200565	441	521	11	2	80	0.0250000
NODE_11789_length_807_cov_23.200565	441	521	12	14	80	0.1750000
NODE_11789_length_807_cov_23.200565	494	574	2	19	80	0.2375000
NODE_11789_length_807_cov_23.200565	494	574	3	1	80	0.0125000
NODE_11789_length_807_cov_23.200565	494	574	4	13	80	0.1625000
NODE_11789_length_807_cov_23.200565	494	574	6	5	80	0.0625000
NODE_11789_length_807_cov_23.200565	494	574	7	1	80	0.0125000
NODE_11789_length_807_cov_23.200565	494	574	8	1	80	0.0125000
NODE_11789_length_807_cov_23.200565	494	574	10	40	80	0.5000000
NODE_11790_length_807_cov_21.888418	319	386	0	67	67	1.0000000
NODE_11790_length_807_cov_21.888418	390	440	0	19	50	0.3800000
NODE_11790_length_807_cov_21.888418	390	440	1	31	50	0.6200000
NODE_11791_length_807_cov_17.480226	339	419	0	18	80	0.2250000
NODE_11791_length_807_cov_17.480226	339	419	2	62	80	0.7750000
NODE_11791_length_807_cov_17.480226	392	472	0	71	80	0.8875000
NODE_11791_length_807_cov_17.480226	392	472	2	9	80	0.1125000
NODE_11792_length_807_cov_14.895480	350	430	0	15	80	0.1875000
NODE_11792_length_807_cov_14.895480	350	430	1	2	80	0.0250000
NODE_11792_length_807_cov_14.895480	350	430	2	63	80	0.7875000
NODE_11792_length_807_cov_14.895480	403	483	2	80	80	1.0000000
NODE_11794_length_807_cov_12.255650	440	520	5	13	80	0.1625000
NODE_11794_length_807_cov_12.255650	440	520	6	55	80	0.6875000
NODE_11794_length_807_cov_12.255650	440	520	7	12	80	0.1500000
NODE_11794_length_807_cov_12.255650	493	573	2	3	80	0.0375000
NODE_11794_length_807_cov_12.255650	493	573	3	21	80	0.2625000
NODE_11794_length_807_cov_12.255650	493	573	5	42	80	0.5250000
NODE_11794_length_807_cov_12.255650	493	573	6	2	80	0.0250000
NODE_11794_length_807_cov_12.255650	493	573	7	12	80	0.1500000
NODE_11795_length_807_cov_11.129944	359	439	3	23	80	0.2875000
NODE_11795_length_807_cov_11.129944	359	439	4	40	80	0.5000000
NODE_11795_length_807_cov_11.129944	359	439	5	17	80	0.2125000
NODE_11795_length_807_cov_11.129944	412	492	3	52	80	0.6500000
NODE_11795_length_807_cov_11.129944	412	492	4	14	80	0.1750000
NODE_11795_length_807_cov_11.129944	412	492	5	14	80	0.1750000
NODE_11801_length_807_cov_3.847458	322	385	0	15	63	0.2380952
NODE_11801_length_807_cov_3.847458	322	385	1	48	63	0.7619048
NODE_11822_length_806_cov_35.650636	397	477	4	14	80	0.1750000
NODE_11822_length_806_cov_35.650636	397	477	5	11	80	0.1375000
NODE_11822_length_806_cov_35.650636	397	477	6	55	80	0.6875000
NODE_11822_length_806_cov_35.650636	450	530	4	35	80	0.4375000
NODE_11822_length_806_cov_35.650636	450	530	5	32	80	0.4000000
NODE_11822_length_806_cov_35.650636	450	530	6	13	80	0.1625000
NODE_11822_length_806_cov_35.650636	526	606	5	13	80	0.1625000
NODE_11822_length_806_cov_35.650636	526	606	6	12	80	0.1500000
NODE_11822_length_806_cov_35.650636	526	606	7	13	80	0.1625000
NODE_11822_length_806_cov_35.650636	526	606	8	11	80	0.1375000
NODE_11822_length_806_cov_35.650636	526	606	9	2	80	0.0250000
NODE_11822_length_806_cov_35.650636	526	606	11	29	80	0.3625000
NODE_11822_length_806_cov_35.650636	579	667	7	36	88	0.4090909
NODE_11822_length_806_cov_35.650636	579	667	8	11	88	0.1250000
NODE_11822_length_806_cov_35.650636	579	667	9	8	88	0.0909091
NODE_11822_length_806_cov_35.650636	579	667	11	33	88	0.3750000
NODE_11823_length_806_cov_29.615276	377	457	4	62	80	0.7750000
NODE_11823_length_806_cov_29.615276	377	457	6	18	80	0.2250000
NODE_11823_length_806_cov_29.615276	430	510	3	36	80	0.4500000
NODE_11823_length_806_cov_29.615276	430	510	4	26	80	0.3250000
NODE_11823_length_806_cov_29.615276	430	510	6	18	80	0.2250000
NODE_11824_length_806_cov_23.680339	394	474	3	15	80	0.1875000
NODE_11824_length_806_cov_23.680339	394	474	4	12	80	0.1500000
NODE_11824_length_806_cov_23.680339	394	474	5	31	80	0.3875000
NODE_11824_length_806_cov_23.680339	394	474	6	22	80	0.2750000
NODE_11824_length_806_cov_23.680339	447	527	3	33	80	0.4125000
NODE_11824_length_806_cov_23.680339	447	527	4	14	80	0.1750000
NODE_11824_length_806_cov_23.680339	447	527	5	21	80	0.2625000
NODE_11824_length_806_cov_23.680339	447	527	6	12	80	0.1500000
NODE_11825_length_806_cov_19.107496	239	293	0	54	54	1.0000000
NODE_11825_length_806_cov_19.107496	248	293	0	45	45	1.0000000
NODE_11825_length_806_cov_19.107496	266	345	0	62	79	0.7848101
NODE_11825_length_806_cov_19.107496	266	345	1	6	79	0.0759494
NODE_11825_length_806_cov_19.107496	266	345	2	11	79	0.1392405
NODE_11825_length_806_cov_19.107496	266	345	0	62	79	0.7848101
NODE_11825_length_806_cov_19.107496	266	345	1	6	79	0.0759494
NODE_11825_length_806_cov_19.107496	266	345	2	11	79	0.1392405
NODE_11825_length_806_cov_19.107496	421	501	6	11	80	0.1375000
NODE_11825_length_806_cov_19.107496	421	501	7	14	80	0.1750000
NODE_11825_length_806_cov_19.107496	421	501	8	10	80	0.1250000
NODE_11825_length_806_cov_19.107496	421	501	9	6	80	0.0750000
NODE_11825_length_806_cov_19.107496	421	501	10	39	80	0.4875000
NODE_11826_length_806_cov_17.551627	308	388	1	80	80	1.0000000
NODE_11826_length_806_cov_17.551627	361	441	1	80	80	1.0000000
NODE_11827_length_806_cov_15.608204	408	488	4	5	80	0.0625000
NODE_11827_length_806_cov_15.608204	408	488	5	32	80	0.4000000
NODE_11827_length_806_cov_15.608204	408	488	6	43	80	0.5375000
NODE_11827_length_806_cov_15.608204	461	543	0	17	82	0.2073171
NODE_11827_length_806_cov_15.608204	461	543	1	19	82	0.2317073
NODE_11827_length_806_cov_15.608204	461	543	3	11	82	0.1341463
NODE_11827_length_806_cov_15.608204	461	543	4	13	82	0.1585366
NODE_11827_length_806_cov_15.608204	461	543	5	22	82	0.2682927
NODE_11864_length_805_cov_94.121813	398	478	5	6	80	0.0750000
NODE_11864_length_805_cov_94.121813	398	478	6	9	80	0.1125000
NODE_11864_length_805_cov_94.121813	398	478	8	10	80	0.1250000
NODE_11864_length_805_cov_94.121813	398	478	9	13	80	0.1625000
NODE_11864_length_805_cov_94.121813	398	478	11	5	80	0.0625000
NODE_11864_length_805_cov_94.121813	398	478	12	3	80	0.0375000
NODE_11864_length_805_cov_94.121813	398	478	13	34	80	0.4250000
NODE_11864_length_805_cov_94.121813	451	531	12	7	80	0.0875000
NODE_11864_length_805_cov_94.121813	451	531	13	41	80	0.5125000
NODE_11864_length_805_cov_94.121813	451	531	14	1	80	0.0125000
NODE_11864_length_805_cov_94.121813	451	531	15	31	80	0.3875000
NODE_11865_length_805_cov_54.001416	284	364	1	25	80	0.3125000
NODE_11865_length_805_cov_54.001416	284	364	2	55	80	0.6875000
NODE_11865_length_805_cov_54.001416	337	417	0	50	80	0.6250000
NODE_11865_length_805_cov_54.001416	337	417	1	28	80	0.3500000
NODE_11865_length_805_cov_54.001416	337	417	2	2	80	0.0250000
NODE_11865_length_805_cov_54.001416	413	493	0	80	80	1.0000000
NODE_11865_length_805_cov_54.001416	466	546	0	80	80	1.0000000
NODE_11866_length_805_cov_42.325779	377	457	1	27	80	0.3375000
NODE_11866_length_805_cov_42.325779	377	457	2	35	80	0.4375000
NODE_11866_length_805_cov_42.325779	377	457	3	18	80	0.2250000
NODE_11866_length_805_cov_42.325779	430	510	2	9	80	0.1125000
NODE_11866_length_805_cov_42.325779	430	510	3	71	80	0.8875000
NODE_11867_length_805_cov_36.742210	345	425	2	15	80	0.1875000
NODE_11867_length_805_cov_36.742210	345	425	3	9	80	0.1125000
NODE_11867_length_805_cov_36.742210	345	425	4	14	80	0.1750000
NODE_11867_length_805_cov_36.742210	345	425	5	10	80	0.1250000
NODE_11867_length_805_cov_36.742210	345	425	7	32	80	0.4000000
NODE_11867_length_805_cov_36.742210	398	478	6	25	80	0.3125000
NODE_11867_length_805_cov_36.742210	398	478	7	55	80	0.6875000
NODE_11868_length_805_cov_25.879603	361	441	10	21	80	0.2625000
NODE_11868_length_805_cov_25.879603	361	441	11	4	80	0.0500000
NODE_11868_length_805_cov_25.879603	361	441	13	55	80	0.6875000
NODE_11868_length_805_cov_25.879603	414	494	6	6	80	0.0750000
NODE_11868_length_805_cov_25.879603	414	494	8	1	80	0.0125000
NODE_11868_length_805_cov_25.879603	414	494	9	2	80	0.0250000
NODE_11868_length_805_cov_25.879603	414	494	11	30	80	0.3750000
NODE_11868_length_805_cov_25.879603	414	494	13	41	80	0.5125000
NODE_11869_length_805_cov_25.048159	306	386	2	1	80	0.0125000
NODE_11869_length_805_cov_25.048159	306	386	4	1	80	0.0125000
NODE_11869_length_805_cov_25.048159	306	386	5	13	80	0.1625000
NODE_11869_length_805_cov_25.048159	306	386	6	35	80	0.4375000
NODE_11869_length_805_cov_25.048159	306	386	7	30	80	0.3750000
NODE_11869_length_805_cov_25.048159	359	439	6	2	80	0.0250000
NODE_11869_length_805_cov_25.048159	359	439	7	78	80	0.9750000
NODE_11870_length_805_cov_15.453258	311	391	1	25	80	0.3125000
NODE_11870_length_805_cov_15.453258	311	391	2	4	80	0.0500000
NODE_11870_length_805_cov_15.453258	311	391	3	23	80	0.2875000
NODE_11870_length_805_cov_15.453258	311	391	4	28	80	0.3500000
NODE_11870_length_805_cov_15.453258	364	444	3	58	80	0.7250000
NODE_11870_length_805_cov_15.453258	364	444	4	22	80	0.2750000
NODE_11871_length_805_cov_14.930595	264	344	6	33	80	0.4125000
NODE_11871_length_805_cov_14.930595	264	344	8	47	80	0.5875000
NODE_11871_length_805_cov_14.930595	317	397	3	5	80	0.0625000
NODE_11871_length_805_cov_14.930595	317	397	4	41	80	0.5125000
NODE_11871_length_805_cov_14.930595	317	397	6	22	80	0.2750000
NODE_11871_length_805_cov_14.930595	317	397	8	12	80	0.1500000
NODE_11872_length_805_cov_10.888102	259	339	0	22	80	0.2750000
NODE_11872_length_805_cov_10.888102	259	339	2	58	80	0.7250000
NODE_11872_length_805_cov_10.888102	312	392	2	80	80	1.0000000
NODE_11873_length_805_cov_10.716714	348	428	1	76	80	0.9500000
NODE_11873_length_805_cov_10.716714	348	428	2	4	80	0.0500000
NODE_11873_length_805_cov_10.716714	401	481	1	24	80	0.3000000
NODE_11873_length_805_cov_10.716714	401	481	2	56	80	0.7000000
NODE_11876_length_805_cov_7.212465	374	454	1	15	80	0.1875000
NODE_11876_length_805_cov_7.212465	374	454	2	17	80	0.2125000
NODE_11876_length_805_cov_7.212465	374	454	3	48	80	0.6000000
NODE_11876_length_805_cov_7.212465	427	507	2	25	80	0.3125000
NODE_11876_length_805_cov_7.212465	427	507	3	55	80	0.6875000
NODE_11877_length_805_cov_5.637394	323	403	2	13	80	0.1625000
NODE_11877_length_805_cov_5.637394	323	403	3	31	80	0.3875000
NODE_11877_length_805_cov_5.637394	323	403	4	6	80	0.0750000
NODE_11877_length_805_cov_5.637394	323	403	5	30	80	0.3750000
NODE_11877_length_805_cov_5.637394	376	456	4	59	80	0.7375000
NODE_11877_length_805_cov_5.637394	376	456	5	21	80	0.2625000
NODE_11878_length_805_cov_4.001416	304	384	0	80	80	1.0000000
NODE_11878_length_805_cov_4.001416	357	437	0	80	80	1.0000000
NODE_11903_length_804_cov_26.204255	319	399	2	1	80	0.0125000
NODE_11903_length_804_cov_26.204255	319	399	3	62	80	0.7750000
NODE_11903_length_804_cov_26.204255	319	399	4	15	80	0.1875000
NODE_11903_length_804_cov_26.204255	319	399	5	2	80	0.0250000
NODE_11903_length_804_cov_26.204255	372	452	3	10	80	0.1250000
NODE_11903_length_804_cov_26.204255	372	452	4	46	80	0.5750000
NODE_11903_length_804_cov_26.204255	372	452	5	24	80	0.3000000
NODE_11904_length_804_cov_25.978723	242	322	0	80	80	1.0000000
NODE_11904_length_804_cov_25.978723	295	375	0	43	80	0.5375000
NODE_11904_length_804_cov_25.978723	295	375	2	37	80	0.4625000
NODE_11904_length_804_cov_25.978723	371	451	2	36	80	0.4500000
NODE_11904_length_804_cov_25.978723	371	451	4	19	80	0.2375000
NODE_11904_length_804_cov_25.978723	371	451	6	25	80	0.3125000
NODE_11904_length_804_cov_25.978723	424	504	2	12	80	0.1500000
NODE_11904_length_804_cov_25.978723	424	504	4	10	80	0.1250000
NODE_11904_length_804_cov_25.978723	424	504	6	58	80	0.7250000
NODE_11905_length_804_cov_25.628369	444	524	3	22	80	0.2750000
NODE_11905_length_804_cov_25.628369	444	524	5	31	80	0.3875000
NODE_11905_length_804_cov_25.628369	444	524	6	27	80	0.3375000
NODE_11905_length_804_cov_25.628369	497	577	3	14	80	0.1750000
NODE_11905_length_804_cov_25.628369	497	577	5	66	80	0.8250000
NODE_11906_length_804_cov_22.438298	269	349	5	48	80	0.6000000
NODE_11906_length_804_cov_22.438298	269	349	7	32	80	0.4000000
NODE_11906_length_804_cov_22.438298	322	402	2	12	80	0.1500000
NODE_11906_length_804_cov_22.438298	322	402	3	8	80	0.1000000
NODE_11906_length_804_cov_22.438298	322	402	5	30	80	0.3750000
NODE_11906_length_804_cov_22.438298	322	402	7	30	80	0.3750000
NODE_11907_length_804_cov_17.425532	273	353	0	21	80	0.2625000
NODE_11907_length_804_cov_17.425532	273	353	1	59	80	0.7375000
NODE_11907_length_804_cov_17.425532	326	406	1	80	80	1.0000000
NODE_11908_length_804_cov_16.849645	229	309	2	6	80	0.0750000
NODE_11908_length_804_cov_16.849645	229	309	3	21	80	0.2625000
NODE_11908_length_804_cov_16.849645	229	309	4	5	80	0.0625000
NODE_11908_length_804_cov_16.849645	229	309	6	3	80	0.0375000
NODE_11908_length_804_cov_16.849645	229	309	7	45	80	0.5625000
NODE_11908_length_804_cov_16.849645	282	362	5	17	80	0.2125000
NODE_11908_length_804_cov_16.849645	282	362	6	22	80	0.2750000
NODE_11908_length_804_cov_16.849645	282	362	7	41	80	0.5125000
NODE_11909_length_804_cov_16.024113	499	579	2	5	80	0.0625000
NODE_11909_length_804_cov_16.024113	499	579	3	7	80	0.0875000
NODE_11909_length_804_cov_16.024113	499	579	4	8	80	0.1000000
NODE_11909_length_804_cov_16.024113	499	579	5	30	80	0.3750000
NODE_11909_length_804_cov_16.024113	499	579	6	30	80	0.3750000
NODE_11909_length_804_cov_16.024113	552	632	4	44	80	0.5500000
NODE_11909_length_804_cov_16.024113	552	632	5	36	80	0.4500000
NODE_11910_length_804_cov_14.567376	375	455	2	1	80	0.0125000
NODE_11910_length_804_cov_14.567376	375	455	3	14	80	0.1750000
NODE_11910_length_804_cov_14.567376	375	455	4	59	80	0.7375000
NODE_11910_length_804_cov_14.567376	375	455	5	6	80	0.0750000
NODE_11910_length_804_cov_14.567376	428	508	4	47	80	0.5875000
NODE_11910_length_804_cov_14.567376	428	508	5	33	80	0.4125000
NODE_11911_length_804_cov_14.011348	262	342	2	65	80	0.8125000
NODE_11911_length_804_cov_14.011348	262	342	3	15	80	0.1875000
NODE_11911_length_804_cov_14.011348	315	395	2	13	80	0.1625000
NODE_11911_length_804_cov_14.011348	315	395	3	54	80	0.6750000
NODE_11911_length_804_cov_14.011348	315	395	4	13	80	0.1625000
NODE_11912_length_804_cov_13.800000	289	318	0	29	29	1.0000000
NODE_11913_length_804_cov_12.585816	396	476	0	8	80	0.1000000
NODE_11913_length_804_cov_12.585816	396	476	1	72	80	0.9000000
NODE_11913_length_804_cov_12.585816	449	529	0	61	80	0.7625000
NODE_11913_length_804_cov_12.585816	449	529	1	19	80	0.2375000
NODE_11914_length_804_cov_12.375887	190	270	1	8	80	0.1000000
NODE_11914_length_804_cov_12.375887	190	270	2	72	80	0.9000000
NODE_11914_length_804_cov_12.375887	243	323	0	10	80	0.1250000
NODE_11914_length_804_cov_12.375887	243	323	1	51	80	0.6375000
NODE_11914_length_804_cov_12.375887	243	323	2	19	80	0.2375000
NODE_11915_length_804_cov_10.947518	363	443	0	57	80	0.7125000
NODE_11915_length_804_cov_10.947518	363	443	2	23	80	0.2875000
NODE_11915_length_804_cov_10.947518	416	496	0	80	80	1.0000000
NODE_11916_length_804_cov_8.164539	427	507	0	11	80	0.1375000
NODE_11916_length_804_cov_8.164539	427	507	1	2	80	0.0250000
NODE_11916_length_804_cov_8.164539	427	507	2	9	80	0.1125000
NODE_11916_length_804_cov_8.164539	427	507	3	58	80	0.7250000
NODE_11916_length_804_cov_8.164539	480	560	3	80	80	1.0000000
NODE_11917_length_804_cov_7.462411	345	425	1	40	80	0.5000000
NODE_11917_length_804_cov_7.462411	345	425	3	13	80	0.1625000
NODE_11917_length_804_cov_7.462411	345	425	5	8	80	0.1000000
NODE_11917_length_804_cov_7.462411	345	425	6	19	80	0.2375000
NODE_11917_length_804_cov_7.462411	398	478	5	8	80	0.1000000
NODE_11917_length_804_cov_7.462411	398	478	6	72	80	0.9000000
NODE_11919_length_804_cov_3.663830	736	799	0	63	63	1.0000000
NODE_11933_length_804_cov_1.303546	480	560	3	2	80	0.0250000
NODE_11933_length_804_cov_1.303546	480	560	4	32	80	0.4000000
NODE_11933_length_804_cov_1.303546	480	560	5	46	80	0.5750000
NODE_11933_length_804_cov_1.303546	533	613	3	39	80	0.4875000
NODE_11933_length_804_cov_1.303546	533	613	4	11	80	0.1375000
NODE_11933_length_804_cov_1.303546	533	613	5	30	80	0.3750000
NODE_11942_length_803_cov_40.930398	374	454	2	80	80	1.0000000
NODE_11942_length_803_cov_40.930398	427	507	1	8	80	0.1000000
NODE_11942_length_803_cov_40.930398	427	507	2	53	80	0.6625000
NODE_11942_length_803_cov_40.930398	427	507	3	19	80	0.2375000
NODE_11944_length_803_cov_28.346591	242	322	1	5	80	0.0625000
NODE_11944_length_803_cov_28.346591	242	322	2	8	80	0.1000000
NODE_11944_length_803_cov_28.346591	242	322	3	5	80	0.0625000
NODE_11944_length_803_cov_28.346591	242	322	5	55	80	0.6875000
NODE_11944_length_803_cov_28.346591	242	322	6	7	80	0.0875000
NODE_11944_length_803_cov_28.346591	295	375	3	17	80	0.2125000
NODE_11944_length_803_cov_28.346591	295	375	4	1	80	0.0125000
NODE_11944_length_803_cov_28.346591	295	375	5	41	80	0.5125000
NODE_11944_length_803_cov_28.346591	295	375	6	21	80	0.2625000
NODE_11945_length_803_cov_23.420455	288	368	5	8	80	0.1000000
NODE_11945_length_803_cov_23.420455	288	368	6	28	80	0.3500000
NODE_11945_length_803_cov_23.420455	288	368	7	3	80	0.0375000
NODE_11945_length_803_cov_23.420455	288	368	8	41	80	0.5125000
NODE_11945_length_803_cov_23.420455	341	421	3	47	80	0.5875000
NODE_11945_length_803_cov_23.420455	341	421	5	14	80	0.1750000
NODE_11945_length_803_cov_23.420455	341	421	6	19	80	0.2375000
NODE_11946_length_803_cov_20.977273	316	396	2	2	80	0.0250000
NODE_11946_length_803_cov_20.977273	316	396	4	3	80	0.0375000
NODE_11946_length_803_cov_20.977273	316	396	5	65	80	0.8125000
NODE_11946_length_803_cov_20.977273	316	396	7	10	80	0.1250000
NODE_11946_length_803_cov_20.977273	369	449	1	7	80	0.0875000
NODE_11946_length_803_cov_20.977273	369	449	2	31	80	0.3875000
NODE_11946_length_803_cov_20.977273	369	449	3	17	80	0.2125000
NODE_11946_length_803_cov_20.977273	369	449	4	3	80	0.0375000
NODE_11946_length_803_cov_20.977273	369	449	5	22	80	0.2750000
NODE_11947_length_803_cov_18.458807	307	387	6	2	80	0.0250000
NODE_11947_length_803_cov_18.458807	307	387	7	52	80	0.6500000
NODE_11947_length_803_cov_18.458807	307	387	8	26	80	0.3250000
NODE_11947_length_803_cov_18.458807	360	440	4	6	80	0.0750000
NODE_11947_length_803_cov_18.458807	360	440	5	40	80	0.5000000
NODE_11947_length_803_cov_18.458807	360	440	6	5	80	0.0625000
NODE_11947_length_803_cov_18.458807	360	440	7	29	80	0.3625000
NODE_11948_length_803_cov_14.411932	386	466	0	22	80	0.2750000
NODE_11948_length_803_cov_14.411932	386	466	2	58	80	0.7250000
NODE_11948_length_803_cov_14.411932	439	519	0	41	80	0.5125000
NODE_11948_length_803_cov_14.411932	439	519	2	39	80	0.4875000
NODE_11949_length_803_cov_10.157670	319	399	0	80	80	1.0000000
NODE_11949_length_803_cov_10.157670	372	452	0	80	80	1.0000000
NODE_11950_length_803_cov_8.977273	362	442	1	16	80	0.2000000
NODE_11950_length_803_cov_8.977273	362	442	2	64	80	0.8000000
NODE_11950_length_803_cov_8.977273	415	485	0	6	70	0.0857143
NODE_11950_length_803_cov_8.977273	415	485	1	53	70	0.7571428
NODE_11950_length_803_cov_8.977273	415	485	2	11	70	0.1571429
NODE_11951_length_803_cov_7.735795	195	275	0	2	80	0.0250000
NODE_11951_length_803_cov_7.735795	195	275	2	17	80	0.2125000
NODE_11951_length_803_cov_7.735795	195	275	3	17	80	0.2125000
NODE_11951_length_803_cov_7.735795	195	275	4	19	80	0.2375000
NODE_11951_length_803_cov_7.735795	195	275	5	22	80	0.2750000
NODE_11951_length_803_cov_7.735795	195	275	6	3	80	0.0375000
NODE_11951_length_803_cov_7.735795	248	328	4	33	80	0.4125000
NODE_11951_length_803_cov_7.735795	248	328	5	22	80	0.2750000
NODE_11951_length_803_cov_7.735795	248	328	6	25	80	0.3125000
NODE_11955_length_803_cov_4.613636	266	346	0	80	80	1.0000000
NODE_11955_length_803_cov_4.613636	319	399	0	80	80	1.0000000
NODE_11957_length_803_cov_4.220170	72	152	0	80	80	1.0000000
NODE_11957_length_803_cov_4.220170	130	207	0	77	77	1.0000000
NODE_11985_length_802_cov_42.294452	289	369	0	4	80	0.0500000
NODE_11985_length_802_cov_42.294452	289	369	1	17	80	0.2125000
NODE_11985_length_802_cov_42.294452	289	369	2	16	80	0.2000000
NODE_11985_length_802_cov_42.294452	289	369	4	43	80	0.5375000
NODE_11985_length_802_cov_42.294452	342	422	4	80	80	1.0000000
NODE_11986_length_802_cov_31.896159	246	326	5	28	80	0.3500000
NODE_11986_length_802_cov_31.896159	246	326	6	34	80	0.4250000
NODE_11986_length_802_cov_31.896159	246	326	7	18	80	0.2250000
NODE_11986_length_802_cov_31.896159	299	379	4	32	80	0.4000000
NODE_11986_length_802_cov_31.896159	299	379	6	24	80	0.3000000
NODE_11986_length_802_cov_31.896159	299	379	7	24	80	0.3000000
NODE_11987_length_802_cov_30.786629	419	499	2	80	80	1.0000000
NODE_11987_length_802_cov_30.786629	472	552	0	43	80	0.5375000
NODE_11987_length_802_cov_30.786629	472	552	1	7	80	0.0875000
NODE_11987_length_802_cov_30.786629	472	552	2	30	80	0.3750000
NODE_11988_length_802_cov_19.540541	368	448	8	9	80	0.1125000
NODE_11988_length_802_cov_19.540541	368	448	9	2	80	0.0250000
NODE_11988_length_802_cov_19.540541	368	448	10	20	80	0.2500000
NODE_11988_length_802_cov_19.540541	368	448	11	49	80	0.6125000
NODE_11988_length_802_cov_19.540541	421	501	5	16	80	0.2000000
NODE_11988_length_802_cov_19.540541	421	501	7	8	80	0.1000000
NODE_11988_length_802_cov_19.540541	421	501	8	20	80	0.2500000
NODE_11988_length_802_cov_19.540541	421	501	9	5	80	0.0625000
NODE_11988_length_802_cov_19.540541	421	501	10	20	80	0.2500000
NODE_11988_length_802_cov_19.540541	421	501	11	11	80	0.1375000
NODE_11989_length_802_cov_17.689900	268	348	3	9	80	0.1125000
NODE_11989_length_802_cov_17.689900	268	348	4	43	80	0.5375000
NODE_11989_length_802_cov_17.689900	268	348	5	2	80	0.0250000
NODE_11989_length_802_cov_17.689900	268	348	6	26	80	0.3250000
NODE_11989_length_802_cov_17.689900	321	401	4	2	80	0.0250000
NODE_11989_length_802_cov_17.689900	321	401	5	53	80	0.6625000
NODE_11989_length_802_cov_17.689900	321	401	6	25	80	0.3125000
NODE_11990_length_802_cov_16.432432	364	444	2	8	80	0.1000000
NODE_11990_length_802_cov_16.432432	364	444	3	44	80	0.5500000
NODE_11990_length_802_cov_16.432432	364	444	4	28	80	0.3500000
NODE_11990_length_802_cov_16.432432	417	497	0	14	80	0.1750000
NODE_11990_length_802_cov_16.432432	417	497	1	2	80	0.0250000
NODE_11990_length_802_cov_16.432432	417	497	2	45	80	0.5625000
NODE_11990_length_802_cov_16.432432	417	497	3	19	80	0.2375000
NODE_11991_length_802_cov_15.409673	317	397	4	1	80	0.0125000
NODE_11991_length_802_cov_15.409673	317	397	5	5	80	0.0625000
NODE_11991_length_802_cov_15.409673	317	397	7	17	80	0.2125000
NODE_11991_length_802_cov_15.409673	317	397	8	28	80	0.3500000
NODE_11991_length_802_cov_15.409673	317	397	9	29	80	0.3625000
NODE_11991_length_802_cov_15.409673	370	450	4	11	80	0.1375000
NODE_11991_length_802_cov_15.409673	370	450	5	22	80	0.2750000
NODE_11991_length_802_cov_15.409673	370	450	6	2	80	0.0250000
NODE_11991_length_802_cov_15.409673	370	450	8	32	80	0.4000000
NODE_11991_length_802_cov_15.409673	370	450	9	13	80	0.1625000
NODE_11992_length_802_cov_12.507824	340	420	2	80	80	1.0000000
NODE_11992_length_802_cov_12.507824	393	473	2	40	80	0.5000000
NODE_11992_length_802_cov_12.507824	393	473	3	40	80	0.5000000
NODE_11993_length_802_cov_9.310100	374	454	2	42	80	0.5250000
NODE_11993_length_802_cov_9.310100	374	454	3	14	80	0.1750000
NODE_11993_length_802_cov_9.310100	374	454	4	24	80	0.3000000
NODE_11993_length_802_cov_9.310100	427	507	2	29	80	0.3625000
NODE_11993_length_802_cov_9.310100	427	507	3	26	80	0.3250000
NODE_11993_length_802_cov_9.310100	427	507	4	25	80	0.3125000
NODE_11994_length_802_cov_8.421053	272	351	1	12	79	0.1518987
NODE_11994_length_802_cov_8.421053	272	351	2	37	79	0.4683544
NODE_11994_length_802_cov_8.421053	272	351	3	30	79	0.3797468
NODE_11994_length_802_cov_8.421053	324	404	2	16	80	0.2000000
NODE_11994_length_802_cov_8.421053	324	404	3	64	80	0.8000000
NODE_11997_length_802_cov_5.576102	294	374	0	80	80	1.0000000
NODE_11997_length_802_cov_5.576102	347	427	0	80	80	1.0000000
NODE_12025_length_801_cov_35.199430	334	414	5	33	80	0.4125000
NODE_12025_length_801_cov_35.199430	334	414	6	28	80	0.3500000
NODE_12025_length_801_cov_35.199430	334	414	7	19	80	0.2375000
NODE_12025_length_801_cov_35.199430	387	467	4	11	80	0.1375000
NODE_12025_length_801_cov_35.199430	387	467	5	20	80	0.2500000
NODE_12025_length_801_cov_35.199430	387	467	6	8	80	0.1000000
NODE_12025_length_801_cov_35.199430	387	467	7	41	80	0.5125000
NODE_12026_length_801_cov_20.096866	347	427	2	16	80	0.2000000
NODE_12026_length_801_cov_20.096866	347	427	4	19	80	0.2375000
NODE_12026_length_801_cov_20.096866	347	427	6	11	80	0.1375000
NODE_12026_length_801_cov_20.096866	347	427	7	34	80	0.4250000
NODE_12026_length_801_cov_20.096866	400	480	6	30	80	0.3750000
NODE_12026_length_801_cov_20.096866	400	480	7	50	80	0.6250000
NODE_12027_length_801_cov_18.643875	355	435	7	1	80	0.0125000
NODE_12027_length_801_cov_18.643875	355	435	8	32	80	0.4000000
NODE_12027_length_801_cov_18.643875	355	435	9	16	80	0.2000000
NODE_12027_length_801_cov_18.643875	355	435	10	12	80	0.1500000
NODE_12027_length_801_cov_18.643875	355	435	12	4	80	0.0500000
NODE_12027_length_801_cov_18.643875	355	435	13	15	80	0.1875000
NODE_12027_length_801_cov_18.643875	408	488	8	12	80	0.1500000
NODE_12027_length_801_cov_18.643875	408	488	9	7	80	0.0875000
NODE_12027_length_801_cov_18.643875	408	488	10	21	80	0.2625000
NODE_12027_length_801_cov_18.643875	408	488	12	7	80	0.0875000
NODE_12027_length_801_cov_18.643875	408	488	13	25	80	0.3125000
NODE_12027_length_801_cov_18.643875	408	488	14	8	80	0.1000000
NODE_12028_length_801_cov_16.099715	427	507	0	80	80	1.0000000
NODE_12028_length_801_cov_16.099715	480	560	0	80	80	1.0000000
NODE_12029_length_801_cov_12.307692	332	412	2	4	80	0.0500000
NODE_12029_length_801_cov_12.307692	332	412	3	76	80	0.9500000
NODE_12029_length_801_cov_12.307692	385	465	2	18	80	0.2250000
NODE_12029_length_801_cov_12.307692	385	465	3	62	80	0.7750000
NODE_12030_length_801_cov_11.464387	293	373	4	35	80	0.4375000
NODE_12030_length_801_cov_11.464387	293	373	6	18	80	0.2250000
NODE_12030_length_801_cov_11.464387	293	373	7	15	80	0.1875000
NODE_12030_length_801_cov_11.464387	293	373	8	4	80	0.0500000
NODE_12030_length_801_cov_11.464387	293	373	9	8	80	0.1000000
NODE_12030_length_801_cov_11.464387	346	426	7	35	80	0.4375000
NODE_12030_length_801_cov_11.464387	346	426	8	16	80	0.2000000
NODE_12030_length_801_cov_11.464387	346	426	9	29	80	0.3625000
NODE_12031_length_801_cov_8.562678	309	389	4	25	80	0.3125000
NODE_12031_length_801_cov_8.562678	309	389	6	55	80	0.6875000
NODE_12031_length_801_cov_8.562678	362	442	2	7	80	0.0875000
NODE_12031_length_801_cov_8.562678	362	442	3	2	80	0.0250000
NODE_12031_length_801_cov_8.562678	362	442	4	13	80	0.1625000
NODE_12031_length_801_cov_8.562678	362	442	5	9	80	0.1125000
NODE_12031_length_801_cov_8.562678	362	442	6	49	80	0.6125000
NODE_12032_length_801_cov_3.927350	339	419	0	80	80	1.0000000
NODE_12032_length_801_cov_3.927350	392	472	0	80	80	1.0000000
NODE_12053_length_800_cov_72.029957	245	325	16	4	80	0.0500000
NODE_12053_length_800_cov_72.029957	245	325	17	3	80	0.0375000
NODE_12053_length_800_cov_72.029957	245	325	18	4	80	0.0500000
NODE_12053_length_800_cov_72.029957	245	325	19	1	80	0.0125000
NODE_12053_length_800_cov_72.029957	245	325	20	18	80	0.2250000
NODE_12053_length_800_cov_72.029957	245	325	22	18	80	0.2250000
NODE_12053_length_800_cov_72.029957	245	325	23	32	80	0.4000000
NODE_12053_length_800_cov_72.029957	298	378	15	8	80	0.1000000
NODE_12053_length_800_cov_72.029957	298	378	16	28	80	0.3500000
NODE_12053_length_800_cov_72.029957	298	378	17	12	80	0.1500000
NODE_12053_length_800_cov_72.029957	298	378	18	7	80	0.0875000
NODE_12053_length_800_cov_72.029957	298	378	19	4	80	0.0500000
NODE_12053_length_800_cov_72.029957	298	378	20	18	80	0.2250000
NODE_12053_length_800_cov_72.029957	298	378	22	3	80	0.0375000
NODE_12054_length_800_cov_22.631954	297	377	4	8	80	0.1000000
NODE_12054_length_800_cov_22.631954	297	377	6	7	80	0.0875000
NODE_12054_length_800_cov_22.631954	297	377	7	65	80	0.8125000
NODE_12054_length_800_cov_22.631954	350	430	2	12	80	0.1500000
NODE_12054_length_800_cov_22.631954	350	430	4	25	80	0.3125000
NODE_12054_length_800_cov_22.631954	350	430	5	12	80	0.1500000
NODE_12054_length_800_cov_22.631954	350	430	6	19	80	0.2375000
NODE_12054_length_800_cov_22.631954	350	430	7	12	80	0.1500000
NODE_12055_length_800_cov_9.457917	409	489	1	5	80	0.0625000
NODE_12055_length_800_cov_9.457917	409	489	2	3	80	0.0375000
NODE_12055_length_800_cov_9.457917	409	489	4	17	80	0.2125000
NODE_12055_length_800_cov_9.457917	409	489	5	3	80	0.0375000
NODE_12055_length_800_cov_9.457917	409	489	6	39	80	0.4875000
NODE_12055_length_800_cov_9.457917	409	489	7	13	80	0.1625000
NODE_12055_length_800_cov_9.457917	462	542	6	25	80	0.3125000
NODE_12055_length_800_cov_9.457917	462	542	7	27	80	0.3375000
NODE_12055_length_800_cov_9.457917	462	542	8	28	80	0.3500000
NODE_12084_length_799_cov_101.640000	101	132	25	1	31	0.0322581
NODE_12084_length_799_cov_101.640000	101	132	27	1	31	0.0322581
NODE_12084_length_799_cov_101.640000	101	132	29	1	31	0.0322581
NODE_12084_length_799_cov_101.640000	101	132	30	3	31	0.0967742
NODE_12084_length_799_cov_101.640000	101	132	31	1	31	0.0322581
NODE_12084_length_799_cov_101.640000	101	132	33	2	31	0.0645161
NODE_12084_length_799_cov_101.640000	101	132	34	1	31	0.0322581
NODE_12084_length_799_cov_101.640000	101	132	35	1	31	0.0322581
NODE_12084_length_799_cov_101.640000	101	132	38	1	31	0.0322581
NODE_12084_length_799_cov_101.640000	101	132	39	1	31	0.0322581
NODE_12084_length_799_cov_101.640000	101	132	40	1	31	0.0322581
NODE_12084_length_799_cov_101.640000	101	132	41	1	31	0.0322581
NODE_12084_length_799_cov_101.640000	101	132	42	1	31	0.0322581
NODE_12084_length_799_cov_101.640000	101	132	43	1	31	0.0322581
NODE_12084_length_799_cov_101.640000	101	132	45	1	31	0.0322581
NODE_12084_length_799_cov_101.640000	101	132	48	1	31	0.0322581
NODE_12084_length_799_cov_101.640000	101	132	49	1	31	0.0322581
NODE_12084_length_799_cov_101.640000	101	132	51	2	31	0.0645161
NODE_12084_length_799_cov_101.640000	101	132	53	1	31	0.0322581
NODE_12084_length_799_cov_101.640000	101	132	55	2	31	0.0645161
NODE_12084_length_799_cov_101.640000	101	132	57	2	31	0.0645161
NODE_12084_length_799_cov_101.640000	101	132	58	4	31	0.1290323
NODE_12085_length_799_cov_33.630000	367	447	4	3	80	0.0375000
NODE_12085_length_799_cov_33.630000	367	447	6	30	80	0.3750000
NODE_12085_length_799_cov_33.630000	367	447	7	47	80	0.5875000
NODE_12085_length_799_cov_33.630000	420	500	6	14	80	0.1750000
NODE_12085_length_799_cov_33.630000	420	500	7	66	80	0.8250000
NODE_12086_length_799_cov_15.717143	408	488	3	8	80	0.1000000
NODE_12086_length_799_cov_15.717143	408	488	4	11	80	0.1375000
NODE_12086_length_799_cov_15.717143	408	488	5	48	80	0.6000000
NODE_12086_length_799_cov_15.717143	408	488	6	12	80	0.1500000
NODE_12086_length_799_cov_15.717143	408	488	7	1	80	0.0125000
NODE_12086_length_799_cov_15.717143	461	541	4	1	80	0.0125000
NODE_12086_length_799_cov_15.717143	461	541	5	39	80	0.4875000
NODE_12086_length_799_cov_15.717143	461	541	6	21	80	0.2625000
NODE_12086_length_799_cov_15.717143	461	541	7	19	80	0.2375000
NODE_12087_length_799_cov_15.175714	293	373	5	38	80	0.4750000
NODE_12087_length_799_cov_15.175714	293	373	6	30	80	0.3750000
NODE_12087_length_799_cov_15.175714	293	373	7	12	80	0.1500000
NODE_12087_length_799_cov_15.175714	346	426	5	5	80	0.0625000
NODE_12087_length_799_cov_15.175714	346	426	6	10	80	0.1250000
NODE_12087_length_799_cov_15.175714	346	426	7	18	80	0.2250000
NODE_12087_length_799_cov_15.175714	346	426	8	42	80	0.5250000
NODE_12087_length_799_cov_15.175714	346	426	9	5	80	0.0625000
NODE_12088_length_799_cov_8.444286	408	488	1	28	80	0.3500000
NODE_12088_length_799_cov_8.444286	408	488	2	52	80	0.6500000
NODE_12088_length_799_cov_8.444286	461	541	0	15	80	0.1875000
NODE_12088_length_799_cov_8.444286	461	541	1	29	80	0.3625000
NODE_12088_length_799_cov_8.444286	461	541	2	36	80	0.4500000
NODE_12120_length_798_cov_42.629471	148	228	9	8	80	0.1000000
NODE_12120_length_798_cov_42.629471	148	228	10	5	80	0.0625000
NODE_12120_length_798_cov_42.629471	148	228	11	12	80	0.1500000
NODE_12120_length_798_cov_42.629471	148	228	12	32	80	0.4000000
NODE_12120_length_798_cov_42.629471	148	228	13	18	80	0.2250000
NODE_12120_length_798_cov_42.629471	148	228	14	5	80	0.0625000
NODE_12120_length_798_cov_42.629471	201	281	4	1	80	0.0125000
NODE_12120_length_798_cov_42.629471	201	281	5	18	80	0.2250000
NODE_12120_length_798_cov_42.629471	201	281	6	22	80	0.2750000
NODE_12120_length_798_cov_42.629471	201	281	8	2	80	0.0250000
NODE_12120_length_798_cov_42.629471	201	281	9	18	80	0.2250000
NODE_12120_length_798_cov_42.629471	201	281	10	5	80	0.0625000
NODE_12120_length_798_cov_42.629471	201	281	11	2	80	0.0250000
NODE_12120_length_798_cov_42.629471	201	281	13	12	80	0.1500000
NODE_12121_length_798_cov_23.658083	368	448	3	3	80	0.0375000
NODE_12121_length_798_cov_23.658083	368	448	5	50	80	0.6250000
NODE_12121_length_798_cov_23.658083	368	448	6	2	80	0.0250000
NODE_12121_length_798_cov_23.658083	368	448	7	14	80	0.1750000
NODE_12121_length_798_cov_23.658083	368	448	8	11	80	0.1375000
NODE_12121_length_798_cov_23.658083	421	501	6	18	80	0.2250000
NODE_12121_length_798_cov_23.658083	421	501	7	50	80	0.6250000
NODE_12121_length_798_cov_23.658083	421	501	8	12	80	0.1500000
NODE_12122_length_798_cov_15.037196	341	421	1	9	80	0.1125000
NODE_12122_length_798_cov_15.037196	341	421	2	4	80	0.0500000
NODE_12122_length_798_cov_15.037196	341	421	3	27	80	0.3375000
NODE_12122_length_798_cov_15.037196	341	421	4	10	80	0.1250000
NODE_12122_length_798_cov_15.037196	341	421	6	30	80	0.3750000
NODE_12122_length_798_cov_15.037196	394	474	5	5	80	0.0625000
NODE_12122_length_798_cov_15.037196	394	474	6	75	80	0.9375000
NODE_12123_length_798_cov_6.816881	404	483	0	10	79	0.1265823
NODE_12123_length_798_cov_6.816881	404	483	2	69	79	0.8734177
NODE_12123_length_798_cov_6.816881	457	536	2	79	79	1.0000000
NODE_12129_length_798_cov_2.796853	246	326	1	80	80	1.0000000
NODE_12129_length_798_cov_2.796853	299	379	0	16	80	0.2000000
NODE_12129_length_798_cov_2.796853	299	379	1	64	80	0.8000000
NODE_12151_length_797_cov_24.340974	207	287	6	14	80	0.1750000
NODE_12151_length_797_cov_24.340974	207	287	7	11	80	0.1375000
NODE_12151_length_797_cov_24.340974	207	287	8	6	80	0.0750000
NODE_12151_length_797_cov_24.340974	207	287	10	5	80	0.0625000
NODE_12151_length_797_cov_24.340974	207	287	11	7	80	0.0875000
NODE_12151_length_797_cov_24.340974	207	287	12	7	80	0.0875000
NODE_12151_length_797_cov_24.340974	207	287	13	26	80	0.3250000
NODE_12151_length_797_cov_24.340974	207	287	14	4	80	0.0500000
NODE_12151_length_797_cov_24.340974	260	340	11	38	80	0.4750000
NODE_12151_length_797_cov_24.340974	260	340	12	7	80	0.0875000
NODE_12151_length_797_cov_24.340974	260	340	13	29	80	0.3625000
NODE_12151_length_797_cov_24.340974	260	340	14	6	80	0.0750000
NODE_12152_length_797_cov_21.071633	372	452	0	29	80	0.3625000
NODE_12152_length_797_cov_21.071633	372	452	1	3	80	0.0375000
NODE_12152_length_797_cov_21.071633	372	452	2	5	80	0.0625000
NODE_12152_length_797_cov_21.071633	372	452	4	2	80	0.0250000
NODE_12152_length_797_cov_21.071633	372	452	5	23	80	0.2875000
NODE_12152_length_797_cov_21.071633	372	452	6	18	80	0.2250000
NODE_12152_length_797_cov_21.071633	425	505	4	9	80	0.1125000
NODE_12152_length_797_cov_21.071633	425	505	5	9	80	0.1125000
NODE_12152_length_797_cov_21.071633	425	505	6	62	80	0.7750000
NODE_12153_length_797_cov_18.286533	346	426	2	32	80	0.4000000
NODE_12153_length_797_cov_18.286533	346	426	3	45	80	0.5625000
NODE_12153_length_797_cov_18.286533	346	426	4	3	80	0.0375000
NODE_12153_length_797_cov_18.286533	399	479	2	66	80	0.8250000
NODE_12153_length_797_cov_18.286533	399	479	3	11	80	0.1375000
NODE_12153_length_797_cov_18.286533	399	479	4	3	80	0.0375000
NODE_12154_length_797_cov_16.628940	322	402	3	73	80	0.9125000
NODE_12154_length_797_cov_16.628940	322	402	5	7	80	0.0875000
NODE_12154_length_797_cov_16.628940	375	455	0	8	80	0.1000000
NODE_12154_length_797_cov_16.628940	375	455	1	16	80	0.2000000
NODE_12154_length_797_cov_16.628940	375	455	2	27	80	0.3375000
NODE_12154_length_797_cov_16.628940	375	455	3	29	80	0.3625000
NODE_12155_length_797_cov_15.266476	299	379	2	19	80	0.2375000
NODE_12155_length_797_cov_15.266476	299	379	3	46	80	0.5750000
NODE_12155_length_797_cov_15.266476	299	379	4	15	80	0.1875000
NODE_12155_length_797_cov_15.266476	352	432	3	29	80	0.3625000
NODE_12155_length_797_cov_15.266476	352	432	4	25	80	0.3125000
NODE_12155_length_797_cov_15.266476	352	432	5	26	80	0.3250000
NODE_12156_length_797_cov_15.035817	263	343	2	43	80	0.5375000
NODE_12156_length_797_cov_15.035817	263	343	4	37	80	0.4625000
NODE_12156_length_797_cov_15.035817	316	396	2	54	80	0.6750000
NODE_12156_length_797_cov_15.035817	316	396	4	26	80	0.3250000
NODE_12157_length_797_cov_12.934097	403	484	3	60	81	0.7407407
NODE_12157_length_797_cov_12.934097	403	484	5	18	81	0.2222222
NODE_12157_length_797_cov_12.934097	403	484	6	3	81	0.0370370
NODE_12157_length_797_cov_12.934097	457	537	2	15	80	0.1875000
NODE_12157_length_797_cov_12.934097	457	537	3	65	80	0.8125000
NODE_12158_length_797_cov_11.140401	201	281	0	80	80	1.0000000
NODE_12158_length_797_cov_11.140401	254	334	0	80	80	1.0000000
NODE_12159_length_797_cov_8.681948	284	364	2	80	80	1.0000000
NODE_12159_length_797_cov_8.681948	337	417	0	36	80	0.4500000
NODE_12159_length_797_cov_8.681948	337	417	2	44	80	0.5500000
NODE_12160_length_797_cov_7.616046	314	397	3	1	83	0.0120482
NODE_12160_length_797_cov_7.616046	314	397	4	67	83	0.8072289
NODE_12160_length_797_cov_7.616046	314	397	5	15	83	0.1807229
NODE_12160_length_797_cov_7.616046	370	450	4	42	80	0.5250000
NODE_12160_length_797_cov_7.616046	370	450	5	38	80	0.4750000
NODE_12161_length_797_cov_7.487106	275	347	0	30	72	0.4166667
NODE_12161_length_797_cov_7.487106	275	347	1	42	72	0.5833333
NODE_12161_length_797_cov_7.487106	320	400	0	80	80	1.0000000
NODE_12163_length_797_cov_6.068768	357	437	2	53	80	0.6625000
NODE_12163_length_797_cov_6.068768	357	437	3	27	80	0.3375000
NODE_12163_length_797_cov_6.068768	410	490	3	51	80	0.6375000
NODE_12163_length_797_cov_6.068768	410	490	4	29	80	0.3625000
NODE_12186_length_796_cov_20.862267	262	342	1	17	80	0.2125000
NODE_12186_length_796_cov_20.862267	262	342	2	4	80	0.0500000
NODE_12186_length_796_cov_20.862267	262	342	3	59	80	0.7375000
NODE_12186_length_796_cov_20.862267	315	395	2	37	80	0.4625000
NODE_12186_length_796_cov_20.862267	315	395	3	43	80	0.5375000
NODE_12187_length_796_cov_18.291248	283	363	3	12	80	0.1500000
NODE_12187_length_796_cov_18.291248	283	363	7	5	80	0.0625000
NODE_12187_length_796_cov_18.291248	283	363	8	30	80	0.3750000
NODE_12187_length_796_cov_18.291248	283	363	12	12	80	0.1500000
NODE_12187_length_796_cov_18.291248	283	363	13	21	80	0.2625000
NODE_12187_length_796_cov_18.291248	336	416	8	14	80	0.1750000
NODE_12187_length_796_cov_18.291248	336	416	9	7	80	0.0875000
NODE_12187_length_796_cov_18.291248	336	416	10	18	80	0.2250000
NODE_12187_length_796_cov_18.291248	336	416	11	6	80	0.0750000
NODE_12187_length_796_cov_18.291248	336	416	12	16	80	0.2000000
NODE_12187_length_796_cov_18.291248	336	416	13	19	80	0.2375000
NODE_12189_length_796_cov_7.880918	388	460	1	19	72	0.2638889
NODE_12189_length_796_cov_7.880918	388	460	2	53	72	0.7361111
NODE_12189_length_796_cov_7.880918	442	513	1	64	71	0.9014084
NODE_12189_length_796_cov_7.880918	442	513	2	7	71	0.0985916
NODE_12216_length_795_cov_31.729885	298	378	5	10	80	0.1250000
NODE_12216_length_795_cov_31.729885	298	378	6	8	80	0.1000000
NODE_12216_length_795_cov_31.729885	298	378	7	26	80	0.3250000
NODE_12216_length_795_cov_31.729885	298	378	8	12	80	0.1500000
NODE_12216_length_795_cov_31.729885	298	378	10	24	80	0.3000000
NODE_12216_length_795_cov_31.729885	351	431	2	2	80	0.0250000
NODE_12216_length_795_cov_31.729885	351	431	3	28	80	0.3500000
NODE_12216_length_795_cov_31.729885	351	431	4	7	80	0.0875000
NODE_12216_length_795_cov_31.729885	351	431	5	26	80	0.3250000
NODE_12216_length_795_cov_31.729885	351	431	6	8	80	0.1000000
NODE_12216_length_795_cov_31.729885	351	431	7	9	80	0.1125000
NODE_12217_length_795_cov_26.760057	367	447	6	20	80	0.2500000
NODE_12217_length_795_cov_26.760057	367	447	7	22	80	0.2750000
NODE_12217_length_795_cov_26.760057	367	447	8	38	80	0.4750000
NODE_12217_length_795_cov_26.760057	420	500	3	12	80	0.1500000
NODE_12217_length_795_cov_26.760057	420	500	5	3	80	0.0375000
NODE_12217_length_795_cov_26.760057	420	500	6	7	80	0.0875000
NODE_12217_length_795_cov_26.760057	420	500	7	30	80	0.3750000
NODE_12217_length_795_cov_26.760057	420	500	8	28	80	0.3500000
NODE_12218_length_795_cov_24.522989	352	432	1	23	80	0.2875000
NODE_12218_length_795_cov_24.522989	352	432	2	1	80	0.0125000
NODE_12218_length_795_cov_24.522989	352	432	3	56	80	0.7000000
NODE_12218_length_795_cov_24.522989	405	485	2	54	80	0.6750000
NODE_12218_length_795_cov_24.522989	405	485	3	26	80	0.3250000
NODE_12219_length_795_cov_22.747126	363	443	3	38	80	0.4750000
NODE_12219_length_795_cov_22.747126	363	443	4	2	80	0.0250000
NODE_12219_length_795_cov_22.747126	363	443	5	20	80	0.2500000
NODE_12219_length_795_cov_22.747126	363	443	6	20	80	0.2500000
NODE_12219_length_795_cov_22.747126	416	496	4	36	80	0.4500000
NODE_12219_length_795_cov_22.747126	416	496	5	24	80	0.3000000
NODE_12219_length_795_cov_22.747126	416	496	6	20	80	0.2500000
NODE_12220_length_795_cov_9.439655	425	505	2	18	80	0.2250000
NODE_12220_length_795_cov_9.439655	425	505	3	61	80	0.7625000
NODE_12220_length_795_cov_9.439655	425	505	4	1	80	0.0125000
NODE_12220_length_795_cov_9.439655	478	558	2	30	80	0.3750000
NODE_12220_length_795_cov_9.439655	478	558	3	50	80	0.6250000
NODE_12232_length_795_cov_3.359195	349	429	0	80	80	1.0000000
NODE_12232_length_795_cov_3.359195	402	482	0	80	80	1.0000000
NODE_12256_length_794_cov_24.680576	326	406	3	19	80	0.2375000
NODE_12256_length_794_cov_24.680576	326	406	5	18	80	0.2250000
NODE_12256_length_794_cov_24.680576	326	406	6	14	80	0.1750000
NODE_12256_length_794_cov_24.680576	326	406	7	8	80	0.1000000
NODE_12256_length_794_cov_24.680576	326	406	8	21	80	0.2625000
NODE_12256_length_794_cov_24.680576	379	459	3	72	80	0.9000000
NODE_12256_length_794_cov_24.680576	379	459	5	4	80	0.0500000
NODE_12256_length_794_cov_24.680576	379	459	7	4	80	0.0500000
NODE_12257_length_794_cov_20.057554	153	233	0	80	80	1.0000000
NODE_12257_length_794_cov_20.057554	206	286	0	80	80	1.0000000
NODE_12257_length_794_cov_20.057554	282	362	0	50	80	0.6250000
NODE_12257_length_794_cov_20.057554	282	362	2	30	80	0.3750000
NODE_12257_length_794_cov_20.057554	335	415	0	3	80	0.0375000
NODE_12257_length_794_cov_20.057554	335	415	2	77	80	0.9625000
NODE_12258_length_794_cov_16.602878	361	441	3	80	80	1.0000000
NODE_12258_length_794_cov_16.602878	414	494	1	11	80	0.1375000
NODE_12258_length_794_cov_16.602878	414	494	2	11	80	0.1375000
NODE_12258_length_794_cov_16.602878	414	494	3	58	80	0.7250000
NODE_12259_length_794_cov_16.362590	337	417	0	37	80	0.4625000
NODE_12259_length_794_cov_16.362590	337	417	1	43	80	0.5375000
NODE_12259_length_794_cov_16.362590	390	470	1	40	80	0.5000000
NODE_12259_length_794_cov_16.362590	390	470	2	40	80	0.5000000
NODE_12260_length_794_cov_14.444604	101	160	0	59	59	1.0000000
NODE_12260_length_794_cov_14.444604	409	489	0	80	80	1.0000000
NODE_12260_length_794_cov_14.444604	462	542	0	80	80	1.0000000
NODE_12261_length_794_cov_12.866187	442	522	3	34	80	0.4250000
NODE_12261_length_794_cov_12.866187	442	522	4	37	80	0.4625000
NODE_12261_length_794_cov_12.866187	442	522	5	9	80	0.1125000
NODE_12261_length_794_cov_12.866187	495	575	2	23	80	0.2875000
NODE_12261_length_794_cov_12.866187	495	575	3	33	80	0.4125000
NODE_12261_length_794_cov_12.866187	495	575	4	24	80	0.3000000
NODE_12262_length_794_cov_12.287770	235	315	2	40	80	0.5000000
NODE_12262_length_794_cov_12.287770	235	315	3	40	80	0.5000000
NODE_12262_length_794_cov_12.287770	288	368	0	39	80	0.4875000
NODE_12262_length_794_cov_12.287770	288	368	2	41	80	0.5125000
NODE_12263_length_794_cov_11.210072	315	395	1	79	80	0.9875000
NODE_12263_length_794_cov_11.210072	315	395	2	1	80	0.0125000
NODE_12263_length_794_cov_11.210072	368	448	0	4	80	0.0500000
NODE_12263_length_794_cov_11.210072	368	448	1	76	80	0.9500000
NODE_12264_length_794_cov_10.638849	325	406	7	81	81	1.0000000
NODE_12264_length_794_cov_10.638849	379	459	0	6	80	0.0750000
NODE_12264_length_794_cov_10.638849	379	459	1	45	80	0.5625000
NODE_12264_length_794_cov_10.638849	379	459	2	1	80	0.0125000
NODE_12264_length_794_cov_10.638849	379	459	7	28	80	0.3500000
NODE_12266_length_794_cov_6.274820	412	492	1	45	80	0.5625000
NODE_12266_length_794_cov_6.274820	412	492	2	35	80	0.4375000
NODE_12266_length_794_cov_6.274820	465	545	0	52	80	0.6500000
NODE_12266_length_794_cov_6.274820	465	545	1	28	80	0.3500000
NODE_12271_length_794_cov_3.197122	273	338	0	65	65	1.0000000
NODE_12282_length_794_cov_1.848921	246	326	0	80	80	1.0000000
NODE_12282_length_794_cov_1.848921	299	379	0	80	80	1.0000000
NODE_12295_length_793_cov_29.878963	326	406	4	16	80	0.2000000
NODE_12295_length_793_cov_29.878963	326	406	5	48	80	0.6000000
NODE_12295_length_793_cov_29.878963	326	406	6	16	80	0.2000000
NODE_12295_length_793_cov_29.878963	379	459	2	7	80	0.0875000
NODE_12295_length_793_cov_29.878963	379	459	3	25	80	0.3125000
NODE_12295_length_793_cov_29.878963	379	459	4	7	80	0.0875000
NODE_12295_length_793_cov_29.878963	379	459	5	41	80	0.5125000
NODE_12296_length_793_cov_25.981268	310	390	2	7	80	0.0875000
NODE_12296_length_793_cov_25.981268	310	390	4	2	80	0.0250000
NODE_12296_length_793_cov_25.981268	310	390	5	35	80	0.4375000
NODE_12296_length_793_cov_25.981268	310	390	7	36	80	0.4500000
NODE_12296_length_793_cov_25.981268	363	445	4	16	82	0.1951219
NODE_12296_length_793_cov_25.981268	363	445	6	11	82	0.1341463
NODE_12296_length_793_cov_25.981268	363	445	7	55	82	0.6707317
NODE_12297_length_793_cov_24.840058	331	411	1	4	80	0.0500000
NODE_12297_length_793_cov_24.840058	331	411	2	4	80	0.0500000
NODE_12297_length_793_cov_24.840058	331	411	3	1	80	0.0125000
NODE_12297_length_793_cov_24.840058	331	411	5	23	80	0.2875000
NODE_12297_length_793_cov_24.840058	331	411	6	48	80	0.6000000
NODE_12297_length_793_cov_24.840058	384	464	5	49	80	0.6125000
NODE_12297_length_793_cov_24.840058	384	464	6	30	80	0.3750000
NODE_12297_length_793_cov_24.840058	384	464	7	1	80	0.0125000
NODE_12298_length_793_cov_21.707493	398	478	6	10	80	0.1250000
NODE_12298_length_793_cov_21.707493	398	478	7	1	80	0.0125000
NODE_12298_length_793_cov_21.707493	398	478	8	47	80	0.5875000
NODE_12298_length_793_cov_21.707493	398	478	10	22	80	0.2750000
NODE_12298_length_793_cov_21.707493	451	531	4	9	80	0.1125000
NODE_12298_length_793_cov_21.707493	451	531	5	1	80	0.0125000
NODE_12298_length_793_cov_21.707493	451	531	6	9	80	0.1125000
NODE_12298_length_793_cov_21.707493	451	531	7	41	80	0.5125000
NODE_12298_length_793_cov_21.707493	451	531	10	20	80	0.2500000
NODE_12299_length_793_cov_8.358790	257	337	0	24	80	0.3000000
NODE_12299_length_793_cov_8.358790	257	337	1	56	80	0.7000000
NODE_12299_length_793_cov_8.358790	310	390	0	77	80	0.9625000
NODE_12299_length_793_cov_8.358790	310	390	1	3	80	0.0375000
NODE_12300_length_793_cov_8.236311	477	557	0	80	80	1.0000000
NODE_12300_length_793_cov_8.236311	530	610	0	80	80	1.0000000
NODE_12302_length_793_cov_6.763689	461	541	0	80	80	1.0000000
NODE_12302_length_793_cov_6.763689	514	594	0	80	80	1.0000000
NODE_12307_length_793_cov_4.465418	501	549	0	48	48	1.0000000
NODE_12311_length_793_cov_4.138329	174	254	0	80	80	1.0000000
NODE_12311_length_793_cov_4.138329	227	307	0	80	80	1.0000000
NODE_12338_length_792_cov_40.025974	198	278	0	50	80	0.6250000
NODE_12338_length_792_cov_40.025974	198	278	1	30	80	0.3750000
NODE_12338_length_792_cov_40.025974	251	331	1	60	80	0.7500000
NODE_12338_length_792_cov_40.025974	251	331	3	20	80	0.2500000
NODE_12338_length_792_cov_40.025974	327	408	3	76	81	0.9382716
NODE_12338_length_792_cov_40.025974	327	408	4	4	81	0.0493827
NODE_12338_length_792_cov_40.025974	327	408	5	1	81	0.0123457
NODE_12338_length_792_cov_40.025974	381	461	3	46	80	0.5750000
NODE_12338_length_792_cov_40.025974	381	461	4	4	80	0.0500000
NODE_12338_length_792_cov_40.025974	381	461	5	30	80	0.3750000
NODE_12339_length_792_cov_31.176046	331	411	1	80	80	1.0000000
NODE_12339_length_792_cov_31.176046	384	463	0	48	79	0.6075949
NODE_12339_length_792_cov_31.176046	384	463	1	31	79	0.3924051
NODE_12339_length_792_cov_31.176046	459	539	0	18	80	0.2250000
NODE_12339_length_792_cov_31.176046	459	539	1	62	80	0.7750000
NODE_12339_length_792_cov_31.176046	512	546	1	34	34	1.0000000
NODE_12340_length_792_cov_21.347763	303	383	3	19	80	0.2375000
NODE_12340_length_792_cov_21.347763	303	383	4	16	80	0.2000000
NODE_12340_length_792_cov_21.347763	303	383	5	45	80	0.5625000
NODE_12340_length_792_cov_21.347763	356	436	0	13	80	0.1625000
NODE_12340_length_792_cov_21.347763	356	436	2	38	80	0.4750000
NODE_12340_length_792_cov_21.347763	356	436	3	21	80	0.2625000
NODE_12340_length_792_cov_21.347763	356	436	4	8	80	0.1000000
NODE_12341_length_792_cov_20.142857	361	441	2	68	80	0.8500000
NODE_12341_length_792_cov_20.142857	361	441	3	12	80	0.1500000
NODE_12341_length_792_cov_20.142857	414	494	2	54	80	0.6750000
NODE_12341_length_792_cov_20.142857	414	494	3	26	80	0.3250000
NODE_12342_length_792_cov_18.733045	320	400	4	3	80	0.0375000
NODE_12342_length_792_cov_18.733045	320	400	5	5	80	0.0625000
NODE_12342_length_792_cov_18.733045	320	400	6	70	80	0.8750000
NODE_12342_length_792_cov_18.733045	320	400	7	2	80	0.0250000
NODE_12342_length_792_cov_18.733045	373	453	2	6	80	0.0750000
NODE_12342_length_792_cov_18.733045	373	453	3	23	80	0.2875000
NODE_12342_length_792_cov_18.733045	373	453	5	17	80	0.2125000
NODE_12342_length_792_cov_18.733045	373	453	6	32	80	0.4000000
NODE_12342_length_792_cov_18.733045	373	453	7	2	80	0.0250000
NODE_12343_length_792_cov_12.024531	369	449	4	80	80	1.0000000
NODE_12343_length_792_cov_12.024531	422	502	1	43	80	0.5375000
NODE_12343_length_792_cov_12.024531	422	502	3	6	80	0.0750000
NODE_12343_length_792_cov_12.024531	422	502	4	31	80	0.3875000
NODE_12372_length_791_cov_53.573699	287	359	7	1	72	0.0138889
NODE_12372_length_791_cov_53.573699	287	359	8	11	72	0.1527778
NODE_12372_length_791_cov_53.573699	287	359	9	44	72	0.6111111
NODE_12372_length_791_cov_53.573699	287	359	11	3	72	0.0416667
NODE_12372_length_791_cov_53.573699	287	359	12	2	72	0.0277778
NODE_12372_length_791_cov_53.573699	287	359	14	11	72	0.1527778
NODE_12372_length_791_cov_53.573699	332	412	8	10	80	0.1250000
NODE_12372_length_791_cov_53.573699	332	412	9	13	80	0.1625000
NODE_12372_length_791_cov_53.573699	332	412	11	3	80	0.0375000
NODE_12372_length_791_cov_53.573699	332	412	12	2	80	0.0250000
NODE_12372_length_791_cov_53.573699	332	412	13	16	80	0.2000000
NODE_12372_length_791_cov_53.573699	332	412	14	28	80	0.3500000
NODE_12372_length_791_cov_53.573699	332	412	15	8	80	0.1000000
NODE_12373_length_791_cov_40.416185	238	318	7	26	80	0.3250000
NODE_12373_length_791_cov_40.416185	238	318	8	8	80	0.1000000
NODE_12373_length_791_cov_40.416185	238	318	9	11	80	0.1375000
NODE_12373_length_791_cov_40.416185	238	318	10	35	80	0.4375000
NODE_12373_length_791_cov_40.416185	291	371	7	15	80	0.1875000
NODE_12373_length_791_cov_40.416185	291	371	9	25	80	0.3125000
NODE_12373_length_791_cov_40.416185	291	371	10	40	80	0.5000000
NODE_12374_length_791_cov_38.791908	309	389	2	1	80	0.0125000
NODE_12374_length_791_cov_38.791908	309	389	3	10	80	0.1250000
NODE_12374_length_791_cov_38.791908	309	389	4	7	80	0.0875000
NODE_12374_length_791_cov_38.791908	309	389	5	8	80	0.1000000
NODE_12374_length_791_cov_38.791908	309	389	6	10	80	0.1250000
NODE_12374_length_791_cov_38.791908	309	389	7	23	80	0.2875000
NODE_12374_length_791_cov_38.791908	309	389	8	21	80	0.2625000
NODE_12374_length_791_cov_38.791908	362	442	7	6	80	0.0750000
NODE_12374_length_791_cov_38.791908	362	442	8	74	80	0.9250000
NODE_12375_length_791_cov_23.468208	328	408	3	42	80	0.5250000
NODE_12375_length_791_cov_23.468208	328	408	4	38	80	0.4750000
NODE_12375_length_791_cov_23.468208	381	461	2	27	80	0.3375000
NODE_12375_length_791_cov_23.468208	381	461	3	37	80	0.4625000
NODE_12375_length_791_cov_23.468208	381	461	4	16	80	0.2000000
NODE_12376_length_791_cov_20.897399	299	379	1	8	80	0.1000000
NODE_12376_length_791_cov_20.897399	299	379	2	34	80	0.4250000
NODE_12376_length_791_cov_20.897399	299	379	3	12	80	0.1500000
NODE_12376_length_791_cov_20.897399	299	379	4	26	80	0.3250000
NODE_12376_length_791_cov_20.897399	352	432	3	64	80	0.8000000
NODE_12376_length_791_cov_20.897399	352	432	4	16	80	0.2000000
NODE_12377_length_791_cov_13.504335	339	419	0	80	80	1.0000000
NODE_12377_length_791_cov_13.504335	392	472	0	80	80	1.0000000
NODE_12379_length_791_cov_12.547688	338	418	0	80	80	1.0000000
NODE_12379_length_791_cov_12.547688	391	471	0	80	80	1.0000000
NODE_12380_length_791_cov_11.791908	440	520	3	10	80	0.1250000
NODE_12380_length_791_cov_11.791908	440	520	4	52	80	0.6500000
NODE_12380_length_791_cov_11.791908	440	520	5	18	80	0.2250000
NODE_12380_length_791_cov_11.791908	493	573	2	32	80	0.4000000
NODE_12380_length_791_cov_11.791908	493	573	4	9	80	0.1125000
NODE_12380_length_791_cov_11.791908	493	573	5	39	80	0.4875000
NODE_12381_length_791_cov_11.011561	337	417	0	46	80	0.5750000
NODE_12381_length_791_cov_11.011561	337	417	1	2	80	0.0250000
NODE_12381_length_791_cov_11.011561	337	417	2	32	80	0.4000000
NODE_12381_length_791_cov_11.011561	390	470	2	80	80	1.0000000
NODE_12382_length_791_cov_8.757225	325	405	0	80	80	1.0000000
NODE_12382_length_791_cov_8.757225	378	458	0	80	80	1.0000000
NODE_12384_length_791_cov_8.125723	416	496	2	22	80	0.2750000
NODE_12384_length_791_cov_8.125723	416	496	3	9	80	0.1125000
NODE_12384_length_791_cov_8.125723	416	496	4	49	80	0.6125000
NODE_12384_length_791_cov_8.125723	469	549	1	48	80	0.6000000
NODE_12384_length_791_cov_8.125723	469	549	2	27	80	0.3375000
NODE_12384_length_791_cov_8.125723	469	549	3	1	80	0.0125000
NODE_12384_length_791_cov_8.125723	469	549	4	4	80	0.0500000
NODE_12409_length_790_cov_48.021708	526	606	4	9	80	0.1125000
NODE_12409_length_790_cov_48.021708	526	606	5	7	80	0.0875000
NODE_12409_length_790_cov_48.021708	526	606	6	2	80	0.0250000
NODE_12409_length_790_cov_48.021708	526	606	7	53	80	0.6625000
NODE_12409_length_790_cov_48.021708	526	606	8	9	80	0.1125000
NODE_12409_length_790_cov_48.021708	579	659	6	40	80	0.5000000
NODE_12409_length_790_cov_48.021708	579	659	7	25	80	0.3125000
NODE_12409_length_790_cov_48.021708	579	659	8	15	80	0.1875000
NODE_12410_length_790_cov_44.151954	343	423	0	80	80	1.0000000
NODE_12410_length_790_cov_44.151954	396	438	0	42	42	1.0000000
NODE_12410_length_790_cov_44.151954	696	776	0	5	80	0.0625000
NODE_12410_length_790_cov_44.151954	696	776	1	3	80	0.0375000
NODE_12410_length_790_cov_44.151954	696	776	2	31	80	0.3875000
NODE_12410_length_790_cov_44.151954	696	776	3	7	80	0.0875000
NODE_12410_length_790_cov_44.151954	696	776	4	10	80	0.1250000
NODE_12410_length_790_cov_44.151954	696	776	6	11	80	0.1375000
NODE_12410_length_790_cov_44.151954	696	776	8	13	80	0.1625000
NODE_12411_length_790_cov_27.144718	291	371	2	7	80	0.0875000
NODE_12411_length_790_cov_27.144718	291	371	3	28	80	0.3500000
NODE_12411_length_790_cov_27.144718	291	371	5	5	80	0.0625000
NODE_12411_length_790_cov_27.144718	291	371	6	9	80	0.1125000
NODE_12411_length_790_cov_27.144718	291	371	7	31	80	0.3875000
NODE_12411_length_790_cov_27.144718	344	424	6	8	80	0.1000000
NODE_12411_length_790_cov_27.144718	344	424	7	52	80	0.6500000
NODE_12411_length_790_cov_27.144718	344	424	8	7	80	0.0875000
NODE_12411_length_790_cov_27.144718	344	424	9	13	80	0.1625000
NODE_12412_length_790_cov_16.973951	232	312	1	3	80	0.0375000
NODE_12412_length_790_cov_16.973951	232	312	3	15	80	0.1875000
NODE_12412_length_790_cov_16.973951	232	312	7	18	80	0.2250000
NODE_12412_length_790_cov_16.973951	232	312	8	14	80	0.1750000
NODE_12412_length_790_cov_16.973951	232	312	10	6	80	0.0750000
NODE_12412_length_790_cov_16.973951	232	312	12	24	80	0.3000000
NODE_12412_length_790_cov_16.973951	285	365	10	3	80	0.0375000
NODE_12412_length_790_cov_16.973951	285	365	12	53	80	0.6625000
NODE_12412_length_790_cov_16.973951	285	365	14	24	80	0.3000000
NODE_12413_length_790_cov_13.374819	204	284	7	7	80	0.0875000
NODE_12413_length_790_cov_13.374819	204	284	8	37	80	0.4625000
NODE_12413_length_790_cov_13.374819	204	284	9	25	80	0.3125000
NODE_12413_length_790_cov_13.374819	204	284	10	2	80	0.0250000
NODE_12413_length_790_cov_13.374819	204	284	11	9	80	0.1125000
NODE_12413_length_790_cov_13.374819	257	337	7	37	80	0.4625000
NODE_12413_length_790_cov_13.374819	257	337	8	4	80	0.0500000
NODE_12413_length_790_cov_13.374819	257	337	9	28	80	0.3500000
NODE_12413_length_790_cov_13.374819	257	337	10	2	80	0.0250000
NODE_12413_length_790_cov_13.374819	257	337	11	9	80	0.1125000
NODE_12415_length_790_cov_10.613603	302	382	2	29	80	0.3625000
NODE_12415_length_790_cov_10.613603	302	382	3	32	80	0.4000000
NODE_12415_length_790_cov_10.613603	302	382	4	19	80	0.2375000
NODE_12415_length_790_cov_10.613603	355	435	2	13	80	0.1625000
NODE_12415_length_790_cov_10.613603	355	435	3	67	80	0.8375000
NODE_12418_length_790_cov_5.493488	271	351	0	80	80	1.0000000
NODE_12418_length_790_cov_5.493488	324	404	0	80	80	1.0000000
NODE_12434_length_790_cov_1.463097	313	376	0	63	63	1.0000000
NODE_12452_length_789_cov_39.123188	226	306	3	21	80	0.2625000
NODE_12452_length_789_cov_39.123188	226	306	4	2	80	0.0250000
NODE_12452_length_789_cov_39.123188	226	306	5	1	80	0.0125000
NODE_12452_length_789_cov_39.123188	226	306	6	22	80	0.2750000
NODE_12452_length_789_cov_39.123188	226	306	7	34	80	0.4250000
NODE_12452_length_789_cov_39.123188	279	359	5	47	80	0.5875000
NODE_12452_length_789_cov_39.123188	279	359	6	9	80	0.1125000
NODE_12452_length_789_cov_39.123188	279	359	7	24	80	0.3000000
NODE_12453_length_789_cov_37.205797	423	503	0	80	80	1.0000000
NODE_12453_length_789_cov_37.205797	476	556	0	80	80	1.0000000
NODE_12454_length_789_cov_31.311594	223	303	3	19	80	0.2375000
NODE_12454_length_789_cov_31.311594	223	303	5	20	80	0.2500000
NODE_12454_length_789_cov_31.311594	223	303	7	2	80	0.0250000
NODE_12454_length_789_cov_31.311594	223	303	8	26	80	0.3250000
NODE_12454_length_789_cov_31.311594	223	303	9	13	80	0.1625000
NODE_12454_length_789_cov_31.311594	276	356	7	22	80	0.2750000
NODE_12454_length_789_cov_31.311594	276	356	8	39	80	0.4875000
NODE_12454_length_789_cov_31.311594	276	356	9	19	80	0.2375000
NODE_12455_length_789_cov_30.536232	306	386	7	13	80	0.1625000
NODE_12455_length_789_cov_30.536232	306	386	8	18	80	0.2250000
NODE_12455_length_789_cov_30.536232	306	386	9	47	80	0.5875000
NODE_12455_length_789_cov_30.536232	306	386	10	2	80	0.0250000
NODE_12455_length_789_cov_30.536232	359	439	7	21	80	0.2625000
NODE_12455_length_789_cov_30.536232	359	439	8	45	80	0.5625000
NODE_12455_length_789_cov_30.536232	359	439	9	14	80	0.1750000
NODE_12456_length_789_cov_24.886957	343	423	2	80	80	1.0000000
NODE_12456_length_789_cov_24.886957	396	476	0	6	80	0.0750000
NODE_12456_length_789_cov_24.886957	396	476	2	74	80	0.9250000
NODE_12457_length_789_cov_23.539130	357	437	2	80	80	1.0000000
NODE_12457_length_789_cov_23.539130	410	490	0	28	80	0.3500000
NODE_12457_length_789_cov_23.539130	410	490	1	6	80	0.0750000
NODE_12457_length_789_cov_23.539130	410	490	2	46	80	0.5750000
NODE_12458_length_789_cov_16.169565	392	472	0	22	80	0.2750000
NODE_12458_length_789_cov_16.169565	392	472	1	24	80	0.3000000
NODE_12458_length_789_cov_16.169565	392	472	2	34	80	0.4250000
NODE_12458_length_789_cov_16.169565	445	525	2	40	80	0.5000000
NODE_12458_length_789_cov_16.169565	445	525	3	40	80	0.5000000
NODE_12459_length_789_cov_15.175362	242	322	0	7	80	0.0875000
NODE_12459_length_789_cov_15.175362	242	322	2	31	80	0.3875000
NODE_12459_length_789_cov_15.175362	242	322	3	24	80	0.3000000
NODE_12459_length_789_cov_15.175362	242	322	4	18	80	0.2250000
NODE_12459_length_789_cov_15.175362	295	375	2	9	80	0.1125000
NODE_12459_length_789_cov_15.175362	295	375	3	9	80	0.1125000
NODE_12459_length_789_cov_15.175362	295	375	4	62	80	0.7750000
NODE_12459_length_789_cov_15.175362	371	451	2	4	80	0.0500000
NODE_12459_length_789_cov_15.175362	371	451	3	59	80	0.7375000
NODE_12459_length_789_cov_15.175362	371	451	4	17	80	0.2125000
NODE_12459_length_789_cov_15.175362	424	504	2	50	80	0.6250000
NODE_12459_length_789_cov_15.175362	424	504	3	24	80	0.3000000
NODE_12459_length_789_cov_15.175362	424	504	4	6	80	0.0750000
NODE_12460_length_789_cov_7.276812	306	386	1	3	80	0.0375000
NODE_12460_length_789_cov_7.276812	306	386	2	14	80	0.1750000
NODE_12460_length_789_cov_7.276812	306	386	3	25	80	0.3125000
NODE_12460_length_789_cov_7.276812	306	386	4	38	80	0.4750000
NODE_12460_length_789_cov_7.276812	359	439	1	5	80	0.0625000
NODE_12460_length_789_cov_7.276812	359	439	2	65	80	0.8125000
NODE_12460_length_789_cov_7.276812	359	439	3	10	80	0.1250000
NODE_12482_length_788_cov_43.091437	335	415	4	51	80	0.6375000
NODE_12482_length_788_cov_43.091437	335	415	5	25	80	0.3125000
NODE_12482_length_788_cov_43.091437	335	415	6	4	80	0.0500000
NODE_12482_length_788_cov_43.091437	388	460	3	10	72	0.1388889
NODE_12482_length_788_cov_43.091437	388	460	4	51	72	0.7083333
NODE_12482_length_788_cov_43.091437	388	460	5	7	72	0.0972222
NODE_12482_length_788_cov_43.091437	388	460	6	4	72	0.0555556
NODE_12483_length_788_cov_38.914369	345	425	12	3	80	0.0375000
NODE_12483_length_788_cov_38.914369	345	425	14	22	80	0.2750000
NODE_12483_length_788_cov_38.914369	345	425	15	19	80	0.2375000
NODE_12483_length_788_cov_38.914369	345	425	16	17	80	0.2125000
NODE_12483_length_788_cov_38.914369	345	425	17	19	80	0.2375000
NODE_12483_length_788_cov_38.914369	398	478	5	12	80	0.1500000
NODE_12483_length_788_cov_38.914369	398	478	7	1	80	0.0125000
NODE_12483_length_788_cov_38.914369	398	478	8	3	80	0.0375000
NODE_12483_length_788_cov_38.914369	398	478	9	4	80	0.0500000
NODE_12483_length_788_cov_38.914369	398	478	10	4	80	0.0500000
NODE_12483_length_788_cov_38.914369	398	478	11	10	80	0.1250000
NODE_12483_length_788_cov_38.914369	398	478	13	14	80	0.1750000
NODE_12483_length_788_cov_38.914369	398	478	14	16	80	0.2000000
NODE_12483_length_788_cov_38.914369	398	478	16	11	80	0.1375000
NODE_12483_length_788_cov_38.914369	398	478	17	5	80	0.0625000
NODE_12484_length_788_cov_36.148041	320	400	5	22	80	0.2750000
NODE_12484_length_788_cov_36.148041	320	400	7	19	80	0.2375000
NODE_12484_length_788_cov_36.148041	320	400	8	37	80	0.4625000
NODE_12484_length_788_cov_36.148041	320	400	9	2	80	0.0250000
NODE_12484_length_788_cov_36.148041	373	453	7	4	80	0.0500000
NODE_12484_length_788_cov_36.148041	373	453	8	34	80	0.4250000
NODE_12484_length_788_cov_36.148041	373	453	9	42	80	0.5250000
NODE_12485_length_788_cov_35.460087	346	426	3	35	80	0.4375000
NODE_12485_length_788_cov_35.460087	346	426	5	34	80	0.4250000
NODE_12485_length_788_cov_35.460087	346	426	6	11	80	0.1375000
NODE_12485_length_788_cov_35.460087	399	479	2	47	80	0.5875000
NODE_12485_length_788_cov_35.460087	399	479	3	33	80	0.4125000
NODE_12486_length_788_cov_30.785196	278	358	0	29	80	0.3625000
NODE_12486_length_788_cov_30.785196	278	358	1	22	80	0.2750000
NODE_12486_length_788_cov_30.785196	278	358	2	29	80	0.3625000
NODE_12486_length_788_cov_30.785196	331	411	2	39	80	0.4875000
NODE_12486_length_788_cov_30.785196	331	411	3	41	80	0.5125000
NODE_12488_length_788_cov_20.867925	300	380	2	15	80	0.1875000
NODE_12488_length_788_cov_20.867925	300	380	3	14	80	0.1750000
NODE_12488_length_788_cov_20.867925	300	380	4	51	80	0.6375000
NODE_12488_length_788_cov_20.867925	353	430	2	16	77	0.2077922
NODE_12488_length_788_cov_20.867925	353	430	3	10	77	0.1298701
NODE_12488_length_788_cov_20.867925	353	430	4	51	77	0.6623377
NODE_12489_length_788_cov_20.821480	322	402	2	4	80	0.0500000
NODE_12489_length_788_cov_20.821480	322	402	3	28	80	0.3500000
NODE_12489_length_788_cov_20.821480	322	402	4	26	80	0.3250000
NODE_12489_length_788_cov_20.821480	322	402	5	22	80	0.2750000
NODE_12489_length_788_cov_20.821480	375	455	2	57	80	0.7125000
NODE_12489_length_788_cov_20.821480	375	455	3	23	80	0.2875000
NODE_12490_length_788_cov_15.570392	342	422	0	80	80	1.0000000
NODE_12490_length_788_cov_15.570392	395	475	0	80	80	1.0000000
NODE_12491_length_788_cov_12.235123	241	321	1	1	80	0.0125000
NODE_12491_length_788_cov_12.235123	241	321	2	79	80	0.9875000
NODE_12491_length_788_cov_12.235123	294	374	1	7	80	0.0875000
NODE_12491_length_788_cov_12.235123	294	374	2	69	80	0.8625000
NODE_12491_length_788_cov_12.235123	294	374	3	4	80	0.0500000
NODE_12492_length_788_cov_10.509434	405	480	1	35	75	0.4666667
NODE_12492_length_788_cov_10.509434	405	480	2	17	75	0.2266667
NODE_12492_length_788_cov_10.509434	405	480	3	4	75	0.0533333
NODE_12492_length_788_cov_10.509434	405	480	4	10	75	0.1333333
NODE_12492_length_788_cov_10.509434	405	480	5	9	75	0.1200000
NODE_12493_length_788_cov_9.737300	310	390	1	54	80	0.6750000
NODE_12493_length_788_cov_9.737300	310	390	2	26	80	0.3250000
NODE_12493_length_788_cov_9.737300	363	443	0	2	80	0.0250000
NODE_12493_length_788_cov_9.737300	363	443	1	78	80	0.9750000
NODE_12494_length_788_cov_8.872279	280	360	0	25	80	0.3125000
NODE_12494_length_788_cov_8.872279	280	360	1	5	80	0.0625000
NODE_12494_length_788_cov_8.872279	280	360	2	12	80	0.1500000
NODE_12494_length_788_cov_8.872279	280	360	3	15	80	0.1875000
NODE_12494_length_788_cov_8.872279	280	360	5	23	80	0.2875000
NODE_12494_length_788_cov_8.872279	333	413	3	4	80	0.0500000
NODE_12494_length_788_cov_8.872279	333	413	5	72	80	0.9000000
NODE_12494_length_788_cov_8.872279	333	413	7	4	80	0.0500000
NODE_12516_length_787_cov_34.683140	274	335	0	2	61	0.0327869
NODE_12516_length_787_cov_34.683140	274	335	1	7	61	0.1147541
NODE_12516_length_787_cov_34.683140	274	335	3	28	61	0.4590164
NODE_12516_length_787_cov_34.683140	274	335	4	24	61	0.3934426
NODE_12516_length_787_cov_34.683140	319	380	0	41	61	0.6721311
NODE_12516_length_787_cov_34.683140	319	380	1	13	61	0.2131148
NODE_12516_length_787_cov_34.683140	319	380	3	7	61	0.1147541
NODE_12517_length_787_cov_28.039244	252	329	8	48	77	0.6233766
NODE_12517_length_787_cov_28.039244	252	329	9	16	77	0.2077922
NODE_12517_length_787_cov_28.039244	252	329	11	12	77	0.1558442
NODE_12517_length_787_cov_28.039244	252	329	12	1	77	0.0129870
NODE_12517_length_787_cov_28.039244	302	370	8	11	68	0.1617647
NODE_12517_length_787_cov_28.039244	302	370	9	11	68	0.1617647
NODE_12517_length_787_cov_28.039244	302	370	10	18	68	0.2647059
NODE_12517_length_787_cov_28.039244	302	370	11	14	68	0.2058824
NODE_12517_length_787_cov_28.039244	302	370	12	14	68	0.2058824
NODE_12518_length_787_cov_25.422965	351	431	4	80	80	1.0000000
NODE_12518_length_787_cov_25.422965	404	484	0	5	80	0.0625000
NODE_12518_length_787_cov_25.422965	404	484	4	75	80	0.9375000
NODE_12519_length_787_cov_24.857558	319	399	8	4	80	0.0500000
NODE_12519_length_787_cov_24.857558	319	399	10	2	80	0.0250000
NODE_12519_length_787_cov_24.857558	319	399	11	20	80	0.2500000
NODE_12519_length_787_cov_24.857558	319	399	12	10	80	0.1250000
NODE_12519_length_787_cov_24.857558	319	399	14	7	80	0.0875000
NODE_12519_length_787_cov_24.857558	319	399	15	7	80	0.0875000
NODE_12519_length_787_cov_24.857558	319	399	16	10	80	0.1250000
NODE_12519_length_787_cov_24.857558	319	399	17	20	80	0.2500000
NODE_12519_length_787_cov_24.857558	372	452	9	3	80	0.0375000
NODE_12519_length_787_cov_24.857558	372	452	10	16	80	0.2000000
NODE_12519_length_787_cov_24.857558	372	452	12	20	80	0.2500000
NODE_12519_length_787_cov_24.857558	372	452	15	10	80	0.1250000
NODE_12519_length_787_cov_24.857558	372	452	16	14	80	0.1750000
NODE_12519_length_787_cov_24.857558	372	452	17	17	80	0.2125000
NODE_12520_length_787_cov_21.357558	291	371	2	63	80	0.7875000
NODE_12520_length_787_cov_21.357558	291	371	3	9	80	0.1125000
NODE_12520_length_787_cov_21.357558	291	371	4	8	80	0.1000000
NODE_12520_length_787_cov_21.357558	344	424	2	10	80	0.1250000
NODE_12520_length_787_cov_21.357558	344	424	3	9	80	0.1125000
NODE_12520_length_787_cov_21.357558	344	424	4	47	80	0.5875000
NODE_12520_length_787_cov_21.357558	344	424	5	14	80	0.1750000
NODE_12521_length_787_cov_17.360465	396	476	1	54	80	0.6750000
NODE_12521_length_787_cov_17.360465	396	476	2	26	80	0.3250000
NODE_12521_length_787_cov_17.360465	449	529	1	34	80	0.4250000
NODE_12521_length_787_cov_17.360465	449	529	2	46	80	0.5750000
NODE_12522_length_787_cov_14.677326	178	258	1	25	80	0.3125000
NODE_12522_length_787_cov_14.677326	178	258	2	35	80	0.4375000
NODE_12522_length_787_cov_14.677326	178	258	3	5	80	0.0625000
NODE_12522_length_787_cov_14.677326	178	258	4	6	80	0.0750000
NODE_12522_length_787_cov_14.677326	178	258	5	9	80	0.1125000
NODE_12522_length_787_cov_14.677326	231	311	2	7	80	0.0875000
NODE_12522_length_787_cov_14.677326	231	311	3	5	80	0.0625000
NODE_12522_length_787_cov_14.677326	231	311	4	6	80	0.0750000
NODE_12522_length_787_cov_14.677326	231	311	5	62	80	0.7750000
NODE_12523_length_787_cov_12.959302	331	411	0	80	80	1.0000000
NODE_12523_length_787_cov_12.959302	384	464	0	80	80	1.0000000
NODE_12524_length_787_cov_12.748547	426	506	3	80	80	1.0000000
NODE_12524_length_787_cov_12.748547	479	559	0	9	80	0.1125000
NODE_12524_length_787_cov_12.748547	479	559	2	29	80	0.3625000
NODE_12524_length_787_cov_12.748547	479	559	3	42	80	0.5250000
NODE_12525_length_787_cov_12.369186	338	418	0	20	80	0.2500000
NODE_12525_length_787_cov_12.369186	338	418	2	60	80	0.7500000
NODE_12525_length_787_cov_12.369186	391	471	0	15	80	0.1875000
NODE_12525_length_787_cov_12.369186	391	471	2	65	80	0.8125000
NODE_12526_length_787_cov_9.213663	376	456	0	14	80	0.1750000
NODE_12526_length_787_cov_9.213663	376	456	1	15	80	0.1875000
NODE_12526_length_787_cov_9.213663	376	456	2	51	80	0.6375000
NODE_12527_length_787_cov_8.857558	344	424	0	80	80	1.0000000
NODE_12527_length_787_cov_8.857558	397	477	0	80	80	1.0000000
NODE_12529_length_787_cov_8.186047	508	552	0	44	44	1.0000000
NODE_12541_length_787_cov_2.188953	505	552	0	47	47	1.0000000
NODE_12562_length_786_cov_36.441048	431	511	1	16	80	0.2000000
NODE_12562_length_786_cov_36.441048	431	511	2	38	80	0.4750000
NODE_12562_length_786_cov_36.441048	431	511	3	26	80	0.3250000
NODE_12562_length_786_cov_36.441048	484	564	1	1	80	0.0125000
NODE_12562_length_786_cov_36.441048	484	564	2	13	80	0.1625000
NODE_12562_length_786_cov_36.441048	484	564	3	66	80	0.8250000
NODE_12563_length_786_cov_23.771470	235	315	2	22	80	0.2750000
NODE_12563_length_786_cov_23.771470	235	315	3	58	80	0.7250000
NODE_12563_length_786_cov_23.771470	288	368	2	9	80	0.1125000
NODE_12563_length_786_cov_23.771470	288	368	3	71	80	0.8875000
NODE_12564_length_786_cov_23.333333	361	436	0	75	75	1.0000000
NODE_12564_length_786_cov_23.333333	362	436	0	74	74	1.0000000
NODE_12564_length_786_cov_23.333333	375	436	0	61	61	1.0000000
NODE_12564_length_786_cov_23.333333	414	489	0	75	75	1.0000000
NODE_12564_length_786_cov_23.333333	414	489	0	75	75	1.0000000
NODE_12564_length_786_cov_23.333333	414	489	0	75	75	1.0000000
NODE_12564_length_786_cov_23.333333	490	564	0	74	74	1.0000000
NODE_12565_length_786_cov_19.279476	310	375	2	65	65	1.0000000
NODE_12565_length_786_cov_19.279476	371	441	2	8	70	0.1142857
NODE_12565_length_786_cov_19.279476	371	441	3	29	70	0.4142857
NODE_12565_length_786_cov_19.279476	371	441	4	28	70	0.4000000
NODE_12565_length_786_cov_19.279476	371	441	5	5	70	0.0714286
NODE_12565_length_786_cov_19.279476	371	451	2	8	80	0.1000000
NODE_12565_length_786_cov_19.279476	371	451	3	39	80	0.4875000
NODE_12565_length_786_cov_19.279476	371	451	4	28	80	0.3500000
NODE_12565_length_786_cov_19.279476	371	451	5	5	80	0.0625000
NODE_12565_length_786_cov_19.279476	424	491	3	37	67	0.5522388
NODE_12565_length_786_cov_19.279476	424	491	4	30	67	0.4477612
NODE_12566_length_786_cov_18.652111	251	331	2	2	80	0.0250000
NODE_12566_length_786_cov_18.652111	251	331	4	2	80	0.0250000
NODE_12566_length_786_cov_18.652111	251	331	10	1	80	0.0125000
NODE_12566_length_786_cov_18.652111	251	331	11	16	80	0.2000000
NODE_12566_length_786_cov_18.652111	251	331	12	6	80	0.0750000
NODE_12566_length_786_cov_18.652111	251	331	14	53	80	0.6625000
NODE_12566_length_786_cov_18.652111	304	384	10	3	80	0.0375000
NODE_12566_length_786_cov_18.652111	304	384	11	10	80	0.1250000
NODE_12566_length_786_cov_18.652111	304	384	12	2	80	0.0250000
NODE_12566_length_786_cov_18.652111	304	384	14	65	80	0.8125000
NODE_12567_length_786_cov_16.704512	319	399	1	31	80	0.3875000
NODE_12567_length_786_cov_16.704512	319	399	2	49	80	0.6125000
NODE_12567_length_786_cov_16.704512	372	452	2	80	80	1.0000000
NODE_12568_length_786_cov_16.254731	378	458	2	80	80	1.0000000
NODE_12568_length_786_cov_16.254731	431	511	0	8	80	0.1000000
NODE_12568_length_786_cov_16.254731	431	511	2	72	80	0.9000000
NODE_12571_length_786_cov_10.053857	381	461	0	10	80	0.1250000
NODE_12571_length_786_cov_10.053857	381	461	1	70	80	0.8750000
NODE_12571_length_786_cov_10.053857	434	514	1	80	80	1.0000000
NODE_12572_length_786_cov_7.455604	400	473	1	73	73	1.0000000
NODE_12572_length_786_cov_7.455604	453	533	0	53	80	0.6625000
NODE_12572_length_786_cov_7.455604	453	533	1	27	80	0.3375000
NODE_12573_length_786_cov_7.119360	276	356	0	61	80	0.7625000
NODE_12573_length_786_cov_7.119360	276	356	1	19	80	0.2375000
NODE_12573_length_786_cov_7.119360	329	409	0	8	80	0.1000000
NODE_12573_length_786_cov_7.119360	329	409	1	23	80	0.2875000
NODE_12573_length_786_cov_7.119360	329	409	2	6	80	0.0750000
NODE_12573_length_786_cov_7.119360	329	409	4	17	80	0.2125000
NODE_12573_length_786_cov_7.119360	329	409	6	26	80	0.3250000
NODE_12575_length_786_cov_6.771470	382	462	0	80	80	1.0000000
NODE_12575_length_786_cov_6.771470	435	515	0	80	80	1.0000000
NODE_12603_length_785_cov_83.972303	315	395	9	11	80	0.1375000
NODE_12603_length_785_cov_83.972303	315	395	10	3	80	0.0375000
NODE_12603_length_785_cov_83.972303	315	395	12	1	80	0.0125000
NODE_12603_length_785_cov_83.972303	315	395	13	4	80	0.0500000
NODE_12603_length_785_cov_83.972303	315	395	14	15	80	0.1875000
NODE_12603_length_785_cov_83.972303	315	395	16	20	80	0.2500000
NODE_12603_length_785_cov_83.972303	315	395	17	5	80	0.0625000
NODE_12603_length_785_cov_83.972303	315	395	18	21	80	0.2625000
NODE_12603_length_785_cov_83.972303	368	448	6	13	80	0.1625000
NODE_12603_length_785_cov_83.972303	368	448	10	2	80	0.0250000
NODE_12603_length_785_cov_83.972303	368	448	12	7	80	0.0875000
NODE_12603_length_785_cov_83.972303	368	448	13	26	80	0.3250000
NODE_12603_length_785_cov_83.972303	368	448	14	11	80	0.1375000
NODE_12603_length_785_cov_83.972303	368	448	16	16	80	0.2000000
NODE_12603_length_785_cov_83.972303	368	448	17	5	80	0.0625000
NODE_12604_length_785_cov_33.911079	477	557	5	7	80	0.0875000
NODE_12604_length_785_cov_33.911079	477	557	6	23	80	0.2875000
NODE_12604_length_785_cov_33.911079	477	557	7	50	80	0.6250000
NODE_12604_length_785_cov_33.911079	530	610	5	14	80	0.1750000
NODE_12604_length_785_cov_33.911079	530	610	6	32	80	0.4000000
NODE_12604_length_785_cov_33.911079	530	610	7	32	80	0.4000000
NODE_12604_length_785_cov_33.911079	530	610	8	2	80	0.0250000
NODE_12605_length_785_cov_21.174927	265	299	0	34	34	1.0000000
NODE_12605_length_785_cov_21.174927	295	375	0	20	80	0.2500000
NODE_12605_length_785_cov_21.174927	295	375	1	27	80	0.3375000
NODE_12605_length_785_cov_21.174927	295	375	2	33	80	0.4125000
NODE_12605_length_785_cov_21.174927	348	428	2	58	80	0.7250000
NODE_12605_length_785_cov_21.174927	348	428	3	3	80	0.0375000
NODE_12605_length_785_cov_21.174927	348	428	4	19	80	0.2375000
NODE_12606_length_785_cov_18.612245	291	371	1	13	80	0.1625000
NODE_12606_length_785_cov_18.612245	291	371	2	36	80	0.4500000
NODE_12606_length_785_cov_18.612245	291	371	3	31	80	0.3875000
NODE_12606_length_785_cov_18.612245	344	424	2	55	80	0.6875000
NODE_12606_length_785_cov_18.612245	344	424	3	25	80	0.3125000
NODE_12606_length_785_cov_18.612245	684	705	0	1	21	0.0476190
NODE_12606_length_785_cov_18.612245	684	705	1	20	21	0.9523810
NODE_12607_length_785_cov_9.893586	153	233	1	63	80	0.7875000
NODE_12607_length_785_cov_9.893586	153	233	2	17	80	0.2125000
NODE_12607_length_785_cov_9.893586	206	286	1	34	80	0.4250000
NODE_12607_length_785_cov_9.893586	206	286	2	46	80	0.5750000
NODE_12645_length_784_cov_203.604380	5	85	2	2	80	0.0250000
NODE_12645_length_784_cov_203.604380	5	85	3	4	80	0.0500000
NODE_12645_length_784_cov_203.604380	5	85	4	2	80	0.0250000
NODE_12645_length_784_cov_203.604380	5	85	6	3	80	0.0375000
NODE_12645_length_784_cov_203.604380	5	85	9	2	80	0.0250000
NODE_12645_length_784_cov_203.604380	5	85	10	4	80	0.0500000
NODE_12645_length_784_cov_203.604380	5	85	11	2	80	0.0250000
NODE_12645_length_784_cov_203.604380	5	85	13	12	80	0.1500000
NODE_12645_length_784_cov_203.604380	5	85	14	1	80	0.0125000
NODE_12645_length_784_cov_203.604380	5	85	15	4	80	0.0500000
NODE_12645_length_784_cov_203.604380	5	85	16	5	80	0.0625000
NODE_12645_length_784_cov_203.604380	5	85	20	4	80	0.0500000
NODE_12645_length_784_cov_203.604380	5	85	21	1	80	0.0125000
NODE_12645_length_784_cov_203.604380	5	85	22	1	80	0.0125000
NODE_12645_length_784_cov_203.604380	5	85	24	18	80	0.2250000
NODE_12645_length_784_cov_203.604380	5	85	25	4	80	0.0500000
NODE_12645_length_784_cov_203.604380	5	85	26	2	80	0.0250000
NODE_12645_length_784_cov_203.604380	5	85	27	5	80	0.0625000
NODE_12645_length_784_cov_203.604380	5	85	28	4	80	0.0500000
NODE_12645_length_784_cov_203.604380	58	138	24	12	80	0.1500000
NODE_12645_length_784_cov_203.604380	58	138	25	4	80	0.0500000
NODE_12645_length_784_cov_203.604380	58	138	26	2	80	0.0250000
NODE_12645_length_784_cov_203.604380	58	138	27	5	80	0.0625000
NODE_12645_length_784_cov_203.604380	58	138	28	14	80	0.1750000
NODE_12645_length_784_cov_203.604380	58	138	29	8	80	0.1000000
NODE_12645_length_784_cov_203.604380	58	138	33	1	80	0.0125000
NODE_12645_length_784_cov_203.604380	58	138	34	10	80	0.1250000
NODE_12645_length_784_cov_203.604380	58	138	36	4	80	0.0500000
NODE_12645_length_784_cov_203.604380	58	138	37	2	80	0.0250000
NODE_12645_length_784_cov_203.604380	58	138	38	10	80	0.1250000
NODE_12645_length_784_cov_203.604380	58	138	39	3	80	0.0375000
NODE_12645_length_784_cov_203.604380	58	138	40	2	80	0.0250000
NODE_12645_length_784_cov_203.604380	58	138	41	3	80	0.0375000
NODE_12646_length_784_cov_45.210219	49	129	2	80	80	1.0000000
NODE_12646_length_784_cov_45.210219	102	182	0	48	80	0.6000000
NODE_12646_length_784_cov_45.210219	102	182	2	32	80	0.4000000
NODE_12646_length_784_cov_45.210219	218	298	0	80	80	1.0000000
NODE_12646_length_784_cov_45.210219	271	351	0	80	80	1.0000000
NODE_12646_length_784_cov_45.210219	347	427	0	80	80	1.0000000
NODE_12646_length_784_cov_45.210219	347	427	0	80	80	1.0000000
NODE_12646_length_784_cov_45.210219	347	427	0	80	80	1.0000000
NODE_12646_length_784_cov_45.210219	400	447	0	47	47	1.0000000
NODE_12646_length_784_cov_45.210219	400	480	0	80	80	1.0000000
NODE_12646_length_784_cov_45.210219	400	455	0	55	55	1.0000000
NODE_12647_length_784_cov_33.543066	405	485	0	72	80	0.9000000
NODE_12647_length_784_cov_33.543066	405	485	2	8	80	0.1000000
NODE_12647_length_784_cov_33.543066	458	538	0	80	80	1.0000000
NODE_12648_length_784_cov_21.762044	318	398	3	2	80	0.0250000
NODE_12648_length_784_cov_21.762044	318	398	6	46	80	0.5750000
NODE_12648_length_784_cov_21.762044	318	398	7	20	80	0.2500000
NODE_12648_length_784_cov_21.762044	318	398	8	12	80	0.1500000
NODE_12648_length_784_cov_21.762044	371	451	1	38	80	0.4750000
NODE_12648_length_784_cov_21.762044	371	451	2	14	80	0.1750000
NODE_12648_length_784_cov_21.762044	371	451	3	3	80	0.0375000
NODE_12648_length_784_cov_21.762044	371	451	6	25	80	0.3125000
NODE_12649_length_784_cov_20.583942	286	366	0	56	80	0.7000000
NODE_12649_length_784_cov_20.583942	286	366	2	24	80	0.3000000
NODE_12649_length_784_cov_20.583942	339	419	0	3	80	0.0375000
NODE_12649_length_784_cov_20.583942	339	419	2	31	80	0.3875000
NODE_12649_length_784_cov_20.583942	339	419	3	46	80	0.5750000
NODE_12649_length_784_cov_20.583942	415	495	1	35	80	0.4375000
NODE_12649_length_784_cov_20.583942	415	495	3	45	80	0.5625000
NODE_12649_length_784_cov_20.583942	468	548	0	25	80	0.3125000
NODE_12649_length_784_cov_20.583942	468	548	1	55	80	0.6875000
NODE_12650_length_784_cov_19.448175	217	297	2	16	80	0.2000000
NODE_12650_length_784_cov_19.448175	217	297	6	60	80	0.7500000
NODE_12650_length_784_cov_19.448175	217	297	7	4	80	0.0500000
NODE_12650_length_784_cov_19.448175	270	350	3	8	80	0.1000000
NODE_12650_length_784_cov_19.448175	270	350	6	33	80	0.4125000
NODE_12650_length_784_cov_19.448175	270	350	7	39	80	0.4875000
NODE_12652_length_784_cov_12.480292	297	377	1	76	80	0.9500000
NODE_12652_length_784_cov_12.480292	297	377	2	4	80	0.0500000
NODE_12652_length_784_cov_12.480292	350	430	0	51	80	0.6375000
NODE_12652_length_784_cov_12.480292	350	430	1	29	80	0.3625000
NODE_12653_length_784_cov_9.296350	250	330	1	40	80	0.5000000
NODE_12653_length_784_cov_9.296350	250	330	3	40	80	0.5000000
NODE_12653_length_784_cov_9.296350	303	383	2	12	80	0.1500000
NODE_12653_length_784_cov_9.296350	303	383	3	28	80	0.3500000
NODE_12653_length_784_cov_9.296350	303	383	4	40	80	0.5000000
NODE_12653_length_784_cov_9.296350	379	459	1	1	80	0.0125000
NODE_12653_length_784_cov_9.296350	379	459	2	20	80	0.2500000
NODE_12653_length_784_cov_9.296350	379	459	3	6	80	0.0750000
NODE_12653_length_784_cov_9.296350	379	459	4	16	80	0.2000000
NODE_12653_length_784_cov_9.296350	379	459	5	2	80	0.0250000
NODE_12653_length_784_cov_9.296350	379	459	7	34	80	0.4250000
NODE_12653_length_784_cov_9.296350	379	459	8	1	80	0.0125000
NODE_12653_length_784_cov_9.296350	432	512	7	26	80	0.3250000
NODE_12653_length_784_cov_9.296350	432	512	8	48	80	0.6000000
NODE_12653_length_784_cov_9.296350	432	512	9	6	80	0.0750000
NODE_12654_length_784_cov_6.316788	274	354	1	71	80	0.8875000
NODE_12654_length_784_cov_6.316788	274	354	2	9	80	0.1125000
NODE_12654_length_784_cov_6.316788	327	407	1	78	80	0.9750000
NODE_12654_length_784_cov_6.316788	327	407	2	2	80	0.0250000
NODE_12688_length_783_cov_41.849415	459	539	5	12	80	0.1500000
NODE_12688_length_783_cov_41.849415	459	539	6	12	80	0.1500000
NODE_12688_length_783_cov_41.849415	459	539	7	55	80	0.6875000
NODE_12688_length_783_cov_41.849415	459	539	8	1	80	0.0125000
NODE_12688_length_783_cov_41.849415	512	592	1	9	80	0.1125000
NODE_12688_length_783_cov_41.849415	512	592	3	6	80	0.0750000
NODE_12688_length_783_cov_41.849415	512	592	5	20	80	0.2500000
NODE_12688_length_783_cov_41.849415	512	592	6	30	80	0.3750000
NODE_12688_length_783_cov_41.849415	512	592	7	15	80	0.1875000
NODE_12689_length_783_cov_39.881579	230	310	2	14	80	0.1750000
NODE_12689_length_783_cov_39.881579	230	310	3	11	80	0.1375000
NODE_12689_length_783_cov_39.881579	230	310	4	18	80	0.2250000
NODE_12689_length_783_cov_39.881579	230	310	5	37	80	0.4625000
NODE_12689_length_783_cov_39.881579	283	363	4	56	80	0.7000000
NODE_12689_length_783_cov_39.881579	283	363	5	19	80	0.2375000
NODE_12689_length_783_cov_39.881579	283	363	6	5	80	0.0625000
NODE_12689_length_783_cov_39.881579	359	439	4	7	80	0.0875000
NODE_12689_length_783_cov_39.881579	359	439	6	4	80	0.0500000
NODE_12689_length_783_cov_39.881579	359	439	7	2	80	0.0250000
NODE_12689_length_783_cov_39.881579	359	439	8	50	80	0.6250000
NODE_12689_length_783_cov_39.881579	359	439	9	17	80	0.2125000
NODE_12689_length_783_cov_39.881579	412	492	5	15	80	0.1875000
NODE_12689_length_783_cov_39.881579	412	492	7	6	80	0.0750000
NODE_12689_length_783_cov_39.881579	412	492	8	59	80	0.7375000
NODE_12690_length_783_cov_35.967836	229	309	2	42	80	0.5250000
NODE_12690_length_783_cov_35.967836	229	309	3	10	80	0.1250000
NODE_12690_length_783_cov_35.967836	229	309	4	28	80	0.3500000
NODE_12690_length_783_cov_35.967836	282	362	2	32	80	0.4000000
NODE_12690_length_783_cov_35.967836	282	362	3	31	80	0.3875000
NODE_12690_length_783_cov_35.967836	282	362	4	17	80	0.2125000
NODE_12691_length_783_cov_28.203216	292	372	0	33	80	0.4125000
NODE_12691_length_783_cov_28.203216	292	372	1	26	80	0.3250000
NODE_12691_length_783_cov_28.203216	292	372	3	21	80	0.2625000
NODE_12691_length_783_cov_28.203216	345	425	1	6	80	0.0750000
NODE_12691_length_783_cov_28.203216	345	425	3	74	80	0.9250000
NODE_12692_length_783_cov_16.695906	393	473	2	80	80	1.0000000
NODE_12692_length_783_cov_16.695906	446	526	0	2	80	0.0250000
NODE_12692_length_783_cov_16.695906	446	526	1	24	80	0.3000000
NODE_12692_length_783_cov_16.695906	446	526	2	54	80	0.6750000
NODE_12693_length_783_cov_15.656433	418	498	4	17	80	0.2125000
NODE_12693_length_783_cov_15.656433	418	498	5	6	80	0.0750000
NODE_12693_length_783_cov_15.656433	418	498	6	11	80	0.1375000
NODE_12693_length_783_cov_15.656433	418	498	7	15	80	0.1875000
NODE_12693_length_783_cov_15.656433	418	498	8	31	80	0.3875000
NODE_12693_length_783_cov_15.656433	471	551	5	28	80	0.3500000
NODE_12693_length_783_cov_15.656433	471	551	6	8	80	0.1000000
NODE_12693_length_783_cov_15.656433	471	551	8	44	80	0.5500000
NODE_12694_length_783_cov_14.904971	321	401	2	22	80	0.2750000
NODE_12694_length_783_cov_14.904971	321	401	4	46	80	0.5750000
NODE_12694_length_783_cov_14.904971	321	401	5	8	80	0.1000000
NODE_12694_length_783_cov_14.904971	321	401	6	4	80	0.0500000
NODE_12694_length_783_cov_14.904971	374	454	4	80	80	1.0000000
NODE_12728_length_782_cov_22.461201	347	427	2	75	80	0.9375000
NODE_12728_length_782_cov_22.461201	347	427	3	5	80	0.0625000
NODE_12728_length_782_cov_22.461201	400	480	1	35	80	0.4375000
NODE_12728_length_782_cov_22.461201	400	480	2	45	80	0.5625000
NODE_12729_length_782_cov_19.163982	306	386	0	80	80	1.0000000
NODE_12729_length_782_cov_19.163982	382	462	0	39	80	0.4875000
NODE_12729_length_782_cov_19.163982	382	462	1	41	80	0.5125000
NODE_12729_length_782_cov_19.163982	435	515	1	80	80	1.0000000
NODE_12730_length_782_cov_19.090776	295	375	12	6	80	0.0750000
NODE_12730_length_782_cov_19.090776	295	375	13	49	80	0.6125000
NODE_12730_length_782_cov_19.090776	295	375	14	23	80	0.2875000
NODE_12730_length_782_cov_19.090776	295	375	15	2	80	0.0250000
NODE_12730_length_782_cov_19.090776	348	428	6	3	80	0.0375000
NODE_12730_length_782_cov_19.090776	348	428	7	13	80	0.1625000
NODE_12730_length_782_cov_19.090776	348	428	8	3	80	0.0375000
NODE_12730_length_782_cov_19.090776	348	428	10	4	80	0.0500000
NODE_12730_length_782_cov_19.090776	348	428	11	11	80	0.1375000
NODE_12730_length_782_cov_19.090776	348	428	12	6	80	0.0750000
NODE_12730_length_782_cov_19.090776	348	428	13	4	80	0.0500000
NODE_12730_length_782_cov_19.090776	348	428	14	26	80	0.3250000
NODE_12730_length_782_cov_19.090776	348	428	15	10	80	0.1250000
NODE_12731_length_782_cov_13.509517	323	403	0	19	80	0.2375000
NODE_12731_length_782_cov_13.509517	323	403	2	36	80	0.4500000
NODE_12731_length_782_cov_13.509517	323	403	3	25	80	0.3125000
NODE_12731_length_782_cov_13.509517	376	456	1	8	80	0.1000000
NODE_12731_length_782_cov_13.509517	376	456	2	2	80	0.0250000
NODE_12731_length_782_cov_13.509517	376	456	3	70	80	0.8750000
NODE_12732_length_782_cov_11.364568	367	447	0	80	80	1.0000000
NODE_12732_length_782_cov_11.364568	420	500	0	80	80	1.0000000
NODE_12735_length_782_cov_7.976574	245	325	1	40	80	0.5000000
NODE_12735_length_782_cov_7.976574	245	325	2	40	80	0.5000000
NODE_12735_length_782_cov_7.976574	298	378	2	42	80	0.5250000
NODE_12735_length_782_cov_7.976574	298	378	3	30	80	0.3750000
NODE_12735_length_782_cov_7.976574	298	378	4	8	80	0.1000000
NODE_12737_length_782_cov_5.500732	384	464	0	80	80	1.0000000
NODE_12737_length_782_cov_5.500732	437	517	0	80	80	1.0000000
NODE_12739_length_782_cov_4.434846	309	389	0	80	80	1.0000000
NODE_12739_length_782_cov_4.434846	362	442	0	80	80	1.0000000
NODE_12740_length_782_cov_3.352855	177	196	0	19	19	1.0000000
NODE_12741_length_782_cov_3.231332	160	240	0	80	80	1.0000000
NODE_12741_length_782_cov_3.231332	213	298	0	85	85	1.0000000
NODE_12765_length_781_cov_34.247801	174	254	4	9	80	0.1125000
NODE_12765_length_781_cov_34.247801	174	254	5	7	80	0.0875000
NODE_12765_length_781_cov_34.247801	174	254	6	34	80	0.4250000
NODE_12765_length_781_cov_34.247801	174	254	7	30	80	0.3750000
NODE_12765_length_781_cov_34.247801	227	307	2	5	80	0.0625000
NODE_12765_length_781_cov_34.247801	227	307	4	11	80	0.1375000
NODE_12765_length_781_cov_34.247801	227	307	6	1	80	0.0125000
NODE_12765_length_781_cov_34.247801	227	307	7	36	80	0.4500000
NODE_12765_length_781_cov_34.247801	227	307	8	27	80	0.3375000
NODE_12766_length_781_cov_27.530792	490	570	17	14	80	0.1750000
NODE_12766_length_781_cov_27.530792	490	570	18	5	80	0.0625000
NODE_12766_length_781_cov_27.530792	490	570	20	4	80	0.0500000
NODE_12766_length_781_cov_27.530792	490	570	21	8	80	0.1000000
NODE_12766_length_781_cov_27.530792	490	570	22	4	80	0.0500000
NODE_12766_length_781_cov_27.530792	490	570	23	15	80	0.1875000
NODE_12766_length_781_cov_27.530792	490	570	24	13	80	0.1625000
NODE_12766_length_781_cov_27.530792	490	570	25	2	80	0.0250000
NODE_12766_length_781_cov_27.530792	490	570	26	15	80	0.1875000
NODE_12766_length_781_cov_27.530792	543	623	13	4	80	0.0500000
NODE_12766_length_781_cov_27.530792	543	623	14	6	80	0.0750000
NODE_12766_length_781_cov_27.530792	543	623	15	1	80	0.0125000
NODE_12766_length_781_cov_27.530792	543	623	17	9	80	0.1125000
NODE_12766_length_781_cov_27.530792	543	623	18	4	80	0.0500000
NODE_12766_length_781_cov_27.530792	543	623	19	6	80	0.0750000
NODE_12766_length_781_cov_27.530792	543	623	20	5	80	0.0625000
NODE_12766_length_781_cov_27.530792	543	623	21	12	80	0.1500000
NODE_12766_length_781_cov_27.530792	543	623	23	10	80	0.1250000
NODE_12766_length_781_cov_27.530792	543	623	24	2	80	0.0250000
NODE_12766_length_781_cov_27.530792	543	623	25	4	80	0.0500000
NODE_12766_length_781_cov_27.530792	543	623	26	17	80	0.2125000
NODE_12766_length_781_cov_27.530792	619	699	4	7	80	0.0875000
NODE_12766_length_781_cov_27.530792	619	699	6	20	80	0.2500000
NODE_12766_length_781_cov_27.530792	619	699	7	4	80	0.0500000
NODE_12766_length_781_cov_27.530792	619	699	8	2	80	0.0250000
NODE_12766_length_781_cov_27.530792	619	699	9	4	80	0.0500000
NODE_12766_length_781_cov_27.530792	619	699	10	33	80	0.4125000
NODE_12766_length_781_cov_27.530792	619	699	11	6	80	0.0750000
NODE_12766_length_781_cov_27.530792	619	699	13	4	80	0.0500000
NODE_12766_length_781_cov_27.530792	672	752	0	15	80	0.1875000
NODE_12766_length_781_cov_27.530792	672	752	1	33	80	0.4125000
NODE_12766_length_781_cov_27.530792	672	752	2	1	80	0.0125000
NODE_12766_length_781_cov_27.530792	672	752	3	2	80	0.0250000
NODE_12766_length_781_cov_27.530792	672	752	4	9	80	0.1125000
NODE_12766_length_781_cov_27.530792	672	752	6	20	80	0.2500000
NODE_12767_length_781_cov_22.768328	427	507	8	39	80	0.4875000
NODE_12767_length_781_cov_22.768328	427	507	9	33	80	0.4125000
NODE_12767_length_781_cov_22.768328	427	507	10	8	80	0.1000000
NODE_12767_length_781_cov_22.768328	480	560	6	5	80	0.0625000
NODE_12767_length_781_cov_22.768328	480	560	7	22	80	0.2750000
NODE_12767_length_781_cov_22.768328	480	560	8	27	80	0.3375000
NODE_12767_length_781_cov_22.768328	480	560	9	21	80	0.2625000
NODE_12767_length_781_cov_22.768328	480	560	10	5	80	0.0625000
NODE_12768_length_781_cov_17.894428	411	491	2	80	80	1.0000000
NODE_12768_length_781_cov_17.894428	464	544	0	24	80	0.3000000
NODE_12768_length_781_cov_17.894428	464	544	2	56	80	0.7000000
NODE_12769_length_781_cov_14.922287	486	565	6	8	79	0.1012658
NODE_12769_length_781_cov_14.922287	486	565	7	16	79	0.2025317
NODE_12769_length_781_cov_14.922287	486	565	8	22	79	0.2784810
NODE_12769_length_781_cov_14.922287	486	565	10	33	79	0.4177215
NODE_12769_length_781_cov_14.922287	538	618	1	15	80	0.1875000
NODE_12769_length_781_cov_14.922287	538	618	3	5	80	0.0625000
NODE_12769_length_781_cov_14.922287	538	618	5	12	80	0.1500000
NODE_12769_length_781_cov_14.922287	538	618	6	29	80	0.3625000
NODE_12769_length_781_cov_14.922287	538	618	7	16	80	0.2000000
NODE_12769_length_781_cov_14.922287	538	618	8	3	80	0.0375000
NODE_12770_length_781_cov_12.529326	318	398	6	3	80	0.0375000
NODE_12770_length_781_cov_12.529326	318	398	7	41	80	0.5125000
NODE_12770_length_781_cov_12.529326	318	398	8	36	80	0.4500000
NODE_12770_length_781_cov_12.529326	371	451	4	3	80	0.0375000
NODE_12770_length_781_cov_12.529326	371	451	5	25	80	0.3125000
NODE_12770_length_781_cov_12.529326	371	451	7	37	80	0.4625000
NODE_12770_length_781_cov_12.529326	371	451	8	15	80	0.1875000
NODE_12771_length_781_cov_10.303519	444	524	2	80	80	1.0000000
NODE_12772_length_781_cov_9.851906	374	454	0	80	80	1.0000000
NODE_12772_length_781_cov_9.851906	427	507	0	80	80	1.0000000
NODE_12775_length_781_cov_8.557185	113	194	1	23	81	0.2839506
NODE_12775_length_781_cov_8.557185	113	194	2	11	81	0.1358025
NODE_12775_length_781_cov_8.557185	113	194	3	24	81	0.2962963
NODE_12775_length_781_cov_8.557185	113	194	4	23	81	0.2839506
NODE_12775_length_781_cov_8.557185	166	239	2	4	73	0.0547945
NODE_12775_length_781_cov_8.557185	166	239	3	24	73	0.3287671
NODE_12775_length_781_cov_8.557185	166	239	4	45	73	0.6164383
NODE_12778_length_781_cov_4.734604	30	110	0	80	80	1.0000000
NODE_12778_length_781_cov_4.734604	83	163	0	80	80	1.0000000
NODE_12780_length_781_cov_4.077713	269	349	1	80	80	1.0000000
NODE_12780_length_781_cov_4.077713	322	402	1	59	80	0.7375000
NODE_12780_length_781_cov_4.077713	322	402	2	21	80	0.2625000
NODE_12812_length_780_cov_37.693098	165	245	5	18	80	0.2250000
NODE_12812_length_780_cov_37.693098	165	245	6	23	80	0.2875000
NODE_12812_length_780_cov_37.693098	165	245	7	2	80	0.0250000
NODE_12812_length_780_cov_37.693098	165	245	8	31	80	0.3875000
NODE_12812_length_780_cov_37.693098	165	245	9	6	80	0.0750000
NODE_12812_length_780_cov_37.693098	218	298	7	27	80	0.3375000
NODE_12812_length_780_cov_37.693098	218	298	8	25	80	0.3125000
NODE_12812_length_780_cov_37.693098	218	298	9	28	80	0.3500000
NODE_12813_length_780_cov_22.132159	407	487	3	11	80	0.1375000
NODE_12813_length_780_cov_22.132159	407	487	4	16	80	0.2000000
NODE_12813_length_780_cov_22.132159	407	487	5	53	80	0.6625000
NODE_12813_length_780_cov_22.132159	460	540	3	57	80	0.7125000
NODE_12813_length_780_cov_22.132159	460	540	5	23	80	0.2875000
NODE_12814_length_780_cov_21.831131	299	379	6	21	80	0.2625000
NODE_12814_length_780_cov_21.831131	299	379	7	14	80	0.1750000
NODE_12814_length_780_cov_21.831131	299	379	8	35	80	0.4375000
NODE_12814_length_780_cov_21.831131	299	379	9	10	80	0.1250000
NODE_12814_length_780_cov_21.831131	352	432	1	3	80	0.0375000
NODE_12814_length_780_cov_21.831131	352	432	3	8	80	0.1000000
NODE_12814_length_780_cov_21.831131	352	432	4	26	80	0.3250000
NODE_12814_length_780_cov_21.831131	352	432	6	37	80	0.4625000
NODE_12814_length_780_cov_21.831131	352	432	7	5	80	0.0625000
NODE_12814_length_780_cov_21.831131	352	432	8	1	80	0.0125000
NODE_12815_length_780_cov_16.722467	165	245	1	40	80	0.5000000
NODE_12815_length_780_cov_16.722467	165	245	2	6	80	0.0750000
NODE_12815_length_780_cov_16.722467	165	245	3	34	80	0.4250000
NODE_12815_length_780_cov_16.722467	218	298	2	59	80	0.7375000
NODE_12815_length_780_cov_16.722467	218	298	3	21	80	0.2625000
NODE_12816_length_780_cov_13.189427	150	254	0	104	104	1.0000000
NODE_12816_length_780_cov_13.189427	227	307	0	80	80	1.0000000
NODE_12817_length_780_cov_12.910426	276	356	0	41	80	0.5125000
NODE_12817_length_780_cov_12.910426	276	356	1	39	80	0.4875000
NODE_12817_length_780_cov_12.910426	329	409	0	58	80	0.7250000
NODE_12817_length_780_cov_12.910426	329	409	1	22	80	0.2750000
NODE_12818_length_780_cov_8.455213	141	221	0	6	80	0.0750000
NODE_12818_length_780_cov_8.455213	141	221	2	19	80	0.2375000
NODE_12818_length_780_cov_8.455213	141	221	4	36	80	0.4500000
NODE_12818_length_780_cov_8.455213	141	221	6	19	80	0.2375000
NODE_12818_length_780_cov_8.455213	194	274	2	21	80	0.2625000
NODE_12818_length_780_cov_8.455213	194	274	4	12	80	0.1500000
NODE_12818_length_780_cov_8.455213	194	274	6	47	80	0.5875000
NODE_12848_length_779_cov_51.022059	8	43	0	34	35	0.9714286
NODE_12848_length_779_cov_51.022059	8	43	1	1	35	0.0285714
NODE_12848_length_779_cov_51.022059	53	96	1	30	43	0.6976744
NODE_12848_length_779_cov_51.022059	53	96	2	2	43	0.0465116
NODE_12848_length_779_cov_51.022059	53	96	4	11	43	0.2558140
NODE_12848_length_779_cov_51.022059	97	177	4	19	80	0.2375000
NODE_12848_length_779_cov_51.022059	97	177	5	30	80	0.3750000
NODE_12848_length_779_cov_51.022059	97	177	6	23	80	0.2875000
NODE_12848_length_779_cov_51.022059	97	177	7	8	80	0.1000000
NODE_12848_length_779_cov_51.022059	150	230	4	31	80	0.3875000
NODE_12848_length_779_cov_51.022059	150	230	5	2	80	0.0250000
NODE_12848_length_779_cov_51.022059	150	230	6	24	80	0.3000000
NODE_12848_length_779_cov_51.022059	150	230	7	23	80	0.2875000
NODE_12849_length_779_cov_23.682353	362	442	3	21	80	0.2625000
NODE_12849_length_779_cov_23.682353	362	442	4	13	80	0.1625000
NODE_12849_length_779_cov_23.682353	362	442	5	14	80	0.1750000
NODE_12849_length_779_cov_23.682353	362	442	7	32	80	0.4000000
NODE_12849_length_779_cov_23.682353	415	495	5	51	80	0.6375000
NODE_12849_length_779_cov_23.682353	415	495	7	29	80	0.3625000
NODE_12850_length_779_cov_15.994118	320	400	1	7	80	0.0875000
NODE_12850_length_779_cov_15.994118	320	400	2	16	80	0.2000000
NODE_12850_length_779_cov_15.994118	320	400	3	57	80	0.7125000
NODE_12850_length_779_cov_15.994118	373	453	2	69	80	0.8625000
NODE_12850_length_779_cov_15.994118	373	453	3	11	80	0.1375000
NODE_12851_length_779_cov_14.386765	258	320	1	62	62	1.0000000
NODE_12851_length_779_cov_14.386765	293	368	0	2	75	0.0266667
NODE_12851_length_779_cov_14.386765	293	368	1	73	75	0.9733334
NODE_12851_length_779_cov_14.386765	369	443	0	19	74	0.2567568
NODE_12851_length_779_cov_14.386765	369	443	1	1	74	0.0135135
NODE_12851_length_779_cov_14.386765	369	443	2	54	74	0.7297297
NODE_12852_length_779_cov_11.861765	180	263	1	64	83	0.7710843
NODE_12852_length_779_cov_11.861765	180	263	2	19	83	0.2289157
NODE_12852_length_779_cov_11.861765	236	316	1	18	80	0.2250000
NODE_12852_length_779_cov_11.861765	236	316	2	20	80	0.2500000
NODE_12852_length_779_cov_11.861765	236	316	3	32	80	0.4000000
NODE_12852_length_779_cov_11.861765	236	316	4	10	80	0.1250000
NODE_12852_length_779_cov_11.861765	312	392	3	10	80	0.1250000
NODE_12852_length_779_cov_11.861765	312	392	4	70	80	0.8750000
NODE_12852_length_779_cov_11.861765	365	445	2	20	80	0.2500000
NODE_12852_length_779_cov_11.861765	365	445	3	18	80	0.2250000
NODE_12852_length_779_cov_11.861765	365	445	4	42	80	0.5250000
NODE_12853_length_779_cov_11.735294	285	365	0	13	80	0.1625000
NODE_12853_length_779_cov_11.735294	285	365	2	16	80	0.2000000
NODE_12853_length_779_cov_11.735294	285	365	3	47	80	0.5875000
NODE_12853_length_779_cov_11.735294	285	365	4	4	80	0.0500000
NODE_12853_length_779_cov_11.735294	338	418	3	23	80	0.2875000
NODE_12853_length_779_cov_11.735294	338	418	4	57	80	0.7125000
NODE_12854_length_779_cov_7.211765	333	413	0	1	80	0.0125000
NODE_12854_length_779_cov_7.211765	333	413	1	10	80	0.1250000
NODE_12854_length_779_cov_7.211765	333	413	2	8	80	0.1000000
NODE_12854_length_779_cov_7.211765	333	413	3	13	80	0.1625000
NODE_12854_length_779_cov_7.211765	333	413	4	48	80	0.6000000
NODE_12854_length_779_cov_7.211765	386	466	0	54	80	0.6750000
NODE_12854_length_779_cov_7.211765	386	466	1	10	80	0.1250000
NODE_12854_length_779_cov_7.211765	386	466	2	8	80	0.1000000
NODE_12854_length_779_cov_7.211765	386	466	3	8	80	0.1000000
NODE_12857_length_779_cov_5.611765	271	351	0	80	80	1.0000000
NODE_12857_length_779_cov_5.611765	324	404	0	80	80	1.0000000
NODE_12859_length_779_cov_4.695588	216	296	0	80	80	1.0000000
NODE_12859_length_779_cov_4.695588	269	349	0	80	80	1.0000000
NODE_12863_length_779_cov_2.329412	615	672	1	29	57	0.5087720
NODE_12863_length_779_cov_2.329412	615	672	2	28	57	0.4912281
NODE_12883_length_778_cov_21.615611	325	405	1	40	80	0.5000000
NODE_12883_length_778_cov_21.615611	325	405	2	40	80	0.5000000
NODE_12883_length_778_cov_21.615611	378	458	1	77	80	0.9625000
NODE_12883_length_778_cov_21.615611	378	458	2	3	80	0.0375000
NODE_12884_length_778_cov_19.549337	348	428	0	80	80	1.0000000
NODE_12884_length_778_cov_19.549337	401	481	0	80	80	1.0000000
NODE_12885_length_778_cov_15.403535	312	392	4	37	80	0.4625000
NODE_12885_length_778_cov_15.403535	312	392	5	43	80	0.5375000
NODE_12885_length_778_cov_15.403535	365	445	2	28	80	0.3500000
NODE_12885_length_778_cov_15.403535	365	445	4	4	80	0.0500000
NODE_12885_length_778_cov_15.403535	365	445	5	48	80	0.6000000
NODE_12886_length_778_cov_14.614138	101	181	7	3	80	0.0375000
NODE_12886_length_778_cov_14.614138	101	181	9	13	80	0.1625000
NODE_12886_length_778_cov_14.614138	101	181	10	4	80	0.0500000
NODE_12886_length_778_cov_14.614138	101	181	11	1	80	0.0125000
NODE_12886_length_778_cov_14.614138	101	181	12	10	80	0.1250000
NODE_12886_length_778_cov_14.614138	101	181	13	49	80	0.6125000
NODE_12886_length_778_cov_14.614138	154	234	9	10	80	0.1250000
NODE_12886_length_778_cov_14.614138	154	234	11	33	80	0.4125000
NODE_12886_length_778_cov_14.614138	154	234	12	17	80	0.2125000
NODE_12886_length_778_cov_14.614138	154	234	13	20	80	0.2500000
NODE_12887_length_778_cov_13.368189	256	336	1	4	80	0.0500000
NODE_12887_length_778_cov_13.368189	256	336	2	76	80	0.9500000
NODE_12887_length_778_cov_13.368189	309	389	2	38	80	0.4750000
NODE_12887_length_778_cov_13.368189	309	389	3	42	80	0.5250000
NODE_12891_length_778_cov_6.307806	349	429	7	38	80	0.4750000
NODE_12891_length_778_cov_6.307806	349	429	9	20	80	0.2500000
NODE_12891_length_778_cov_6.307806	349	429	11	10	80	0.1250000
NODE_12891_length_778_cov_6.307806	349	429	12	12	80	0.1500000
NODE_12891_length_778_cov_6.307806	402	482	3	15	80	0.1875000
NODE_12891_length_778_cov_6.307806	402	482	4	17	80	0.2125000
NODE_12891_length_778_cov_6.307806	402	482	6	2	80	0.0250000
NODE_12891_length_778_cov_6.307806	402	482	8	16	80	0.2000000
NODE_12891_length_778_cov_6.307806	402	482	9	5	80	0.0625000
NODE_12891_length_778_cov_6.307806	402	482	11	10	80	0.1250000
NODE_12891_length_778_cov_6.307806	402	482	12	15	80	0.1875000
NODE_12893_length_778_cov_5.985272	385	465	0	2	80	0.0250000
NODE_12893_length_778_cov_5.985272	385	465	1	13	80	0.1625000
NODE_12893_length_778_cov_5.985272	385	465	2	3	80	0.0375000
NODE_12893_length_778_cov_5.985272	385	465	3	62	80	0.7750000
NODE_12893_length_778_cov_5.985272	438	518	0	19	80	0.2375000
NODE_12893_length_778_cov_5.985272	438	518	1	27	80	0.3375000
NODE_12893_length_778_cov_5.985272	438	518	2	12	80	0.1500000
NODE_12893_length_778_cov_5.985272	438	518	3	22	80	0.2750000
NODE_12928_length_777_cov_25.504425	323	403	2	64	80	0.8000000
NODE_12928_length_777_cov_25.504425	323	403	4	16	80	0.2000000
NODE_12928_length_777_cov_25.504425	376	456	2	48	80	0.6000000
NODE_12928_length_777_cov_25.504425	376	456	3	8	80	0.1000000
NODE_12928_length_777_cov_25.504425	376	456	4	24	80	0.3000000
NODE_12929_length_777_cov_25.410029	346	426	3	59	80	0.7375000
NODE_12929_length_777_cov_25.410029	346	426	4	21	80	0.2625000
NODE_12929_length_777_cov_25.410029	399	479	2	22	80	0.2750000
NODE_12929_length_777_cov_25.410029	399	479	3	58	80	0.7250000
NODE_12930_length_777_cov_25.333333	97	177	1	22	80	0.2750000
NODE_12930_length_777_cov_25.333333	97	177	2	58	80	0.7250000
NODE_12930_length_777_cov_25.333333	150	230	1	21	80	0.2625000
NODE_12930_length_777_cov_25.333333	150	230	2	59	80	0.7375000
NODE_12931_length_777_cov_21.600295	408	485	7	2	77	0.0259740
NODE_12931_length_777_cov_21.600295	408	485	8	7	77	0.0909091
NODE_12931_length_777_cov_21.600295	408	485	10	9	77	0.1168831
NODE_12931_length_777_cov_21.600295	408	485	11	30	77	0.3896104
NODE_12931_length_777_cov_21.600295	408	485	12	13	77	0.1688312
NODE_12931_length_777_cov_21.600295	408	485	13	16	77	0.2077922
NODE_12931_length_777_cov_21.600295	458	538	3	1	80	0.0125000
NODE_12931_length_777_cov_21.600295	458	538	4	26	80	0.3250000
NODE_12931_length_777_cov_21.600295	458	538	5	4	80	0.0500000
NODE_12931_length_777_cov_21.600295	458	538	6	8	80	0.1000000
NODE_12931_length_777_cov_21.600295	458	538	7	16	80	0.2000000
NODE_12931_length_777_cov_21.600295	458	538	8	7	80	0.0875000
NODE_12931_length_777_cov_21.600295	458	538	10	9	80	0.1125000
NODE_12931_length_777_cov_21.600295	458	538	12	8	80	0.1000000
NODE_12931_length_777_cov_21.600295	458	538	13	1	80	0.0125000
NODE_12932_length_777_cov_19.561947	343	423	10	7	80	0.0875000
NODE_12932_length_777_cov_19.561947	343	423	11	12	80	0.1500000
NODE_12932_length_777_cov_19.561947	343	423	12	50	80	0.6250000
NODE_12932_length_777_cov_19.561947	343	423	13	11	80	0.1375000
NODE_12932_length_777_cov_19.561947	396	476	4	20	80	0.2500000
NODE_12932_length_777_cov_19.561947	396	476	5	3	80	0.0375000
NODE_12932_length_777_cov_19.561947	396	476	6	4	80	0.0500000
NODE_12932_length_777_cov_19.561947	396	476	8	19	80	0.2375000
NODE_12932_length_777_cov_19.561947	396	476	9	6	80	0.0750000
NODE_12932_length_777_cov_19.561947	396	476	10	8	80	0.1000000
NODE_12932_length_777_cov_19.561947	396	476	11	10	80	0.1250000
NODE_12932_length_777_cov_19.561947	396	476	12	10	80	0.1250000
NODE_12933_length_777_cov_16.961652	264	344	0	60	80	0.7500000
NODE_12933_length_777_cov_16.961652	264	344	2	20	80	0.2500000
NODE_12933_length_777_cov_16.961652	317	397	0	7	80	0.0875000
NODE_12933_length_777_cov_16.961652	317	397	2	73	80	0.9125000
NODE_12934_length_777_cov_16.081121	299	379	0	20	80	0.2500000
NODE_12934_length_777_cov_16.081121	299	379	4	13	80	0.1625000
NODE_12934_length_777_cov_16.081121	299	379	5	46	80	0.5750000
NODE_12934_length_777_cov_16.081121	299	379	6	1	80	0.0125000
NODE_12934_length_777_cov_16.081121	352	432	5	45	80	0.5625000
NODE_12934_length_777_cov_16.081121	352	432	6	35	80	0.4375000
NODE_12935_length_777_cov_13.827434	380	460	0	80	80	1.0000000
NODE_12935_length_777_cov_13.827434	433	513	0	80	80	1.0000000
NODE_12936_length_777_cov_12.497050	413	493	3	36	80	0.4500000
NODE_12936_length_777_cov_12.497050	413	493	4	19	80	0.2375000
NODE_12936_length_777_cov_12.497050	413	493	5	4	80	0.0500000
NODE_12936_length_777_cov_12.497050	413	493	6	21	80	0.2625000
NODE_12936_length_777_cov_12.497050	466	546	4	2	80	0.0250000
NODE_12936_length_777_cov_12.497050	466	546	5	11	80	0.1375000
NODE_12936_length_777_cov_12.497050	466	546	6	67	80	0.8375000
NODE_12937_length_777_cov_10.787611	213	286	1	3	73	0.0410959
NODE_12937_length_777_cov_10.787611	213	286	2	43	73	0.5890411
NODE_12937_length_777_cov_10.787611	213	286	3	16	73	0.2191781
NODE_12937_length_777_cov_10.787611	213	286	4	11	73	0.1506849
NODE_12938_length_777_cov_8.530973	362	422	0	60	60	1.0000000
NODE_12939_length_777_cov_7.634218	79	159	3	6	80	0.0750000
NODE_12939_length_777_cov_7.634218	79	159	5	35	80	0.4375000
NODE_12939_length_777_cov_7.634218	79	159	7	39	80	0.4875000
NODE_12939_length_777_cov_7.634218	132	212	1	6	80	0.0750000
NODE_12939_length_777_cov_7.634218	132	212	3	12	80	0.1500000
NODE_12939_length_777_cov_7.634218	132	212	5	58	80	0.7250000
NODE_12939_length_777_cov_7.634218	132	212	7	4	80	0.0500000
NODE_12940_length_777_cov_6.963127	256	336	0	80	80	1.0000000
NODE_12940_length_777_cov_6.963127	309	389	0	80	80	1.0000000
NODE_12941_length_777_cov_6.417404	565	638	0	73	73	1.0000000
NODE_12942_length_777_cov_5.868732	443	523	2	80	80	1.0000000
NODE_12942_length_777_cov_5.868732	496	576	1	53	80	0.6625000
NODE_12942_length_777_cov_5.868732	496	576	2	27	80	0.3375000
NODE_12971_length_776_cov_81.002954	237	317	0	68	80	0.8500000
NODE_12971_length_776_cov_81.002954	237	317	1	3	80	0.0375000
NODE_12971_length_776_cov_81.002954	237	317	3	8	80	0.1000000
NODE_12971_length_776_cov_81.002954	237	317	5	1	80	0.0125000
NODE_12971_length_776_cov_81.002954	290	370	0	80	80	1.0000000
NODE_12972_length_776_cov_40.502216	345	425	5	24	80	0.3000000
NODE_12972_length_776_cov_40.502216	345	425	6	56	80	0.7000000
NODE_12972_length_776_cov_40.502216	398	478	1	35	80	0.4375000
NODE_12972_length_776_cov_40.502216	398	478	2	4	80	0.0500000
NODE_12972_length_776_cov_40.502216	398	478	4	14	80	0.1750000
NODE_12972_length_776_cov_40.502216	398	478	5	17	80	0.2125000
NODE_12972_length_776_cov_40.502216	398	478	6	10	80	0.1250000
NODE_12973_length_776_cov_34.921713	204	284	5	5	80	0.0625000
NODE_12973_length_776_cov_34.921713	204	284	6	7	80	0.0875000
NODE_12973_length_776_cov_34.921713	204	284	7	10	80	0.1250000
NODE_12973_length_776_cov_34.921713	204	284	9	8	80	0.1000000
NODE_12973_length_776_cov_34.921713	204	284	10	13	80	0.1625000
NODE_12973_length_776_cov_34.921713	204	284	11	6	80	0.0750000
NODE_12973_length_776_cov_34.921713	204	284	12	31	80	0.3875000
NODE_12973_length_776_cov_34.921713	257	337	10	16	80	0.2000000
NODE_12973_length_776_cov_34.921713	257	337	11	14	80	0.1750000
NODE_12973_length_776_cov_34.921713	257	337	12	50	80	0.6250000
NODE_12974_length_776_cov_29.998523	177	257	2	14	80	0.1750000
NODE_12974_length_776_cov_29.998523	177	257	3	18	80	0.2250000
NODE_12974_length_776_cov_29.998523	177	257	4	2	80	0.0250000
NODE_12974_length_776_cov_29.998523	177	257	5	28	80	0.3500000
NODE_12974_length_776_cov_29.998523	177	257	10	1	80	0.0125000
NODE_12974_length_776_cov_29.998523	177	257	11	17	80	0.2125000
NODE_12974_length_776_cov_29.998523	230	310	5	9	80	0.1125000
NODE_12974_length_776_cov_29.998523	230	310	10	17	80	0.2125000
NODE_12974_length_776_cov_29.998523	230	310	11	54	80	0.6750000
NODE_12975_length_776_cov_25.683900	417	497	10	80	80	1.0000000
NODE_12975_length_776_cov_25.683900	470	550	6	3	80	0.0375000
NODE_12975_length_776_cov_25.683900	470	550	8	1	80	0.0125000
NODE_12975_length_776_cov_25.683900	470	550	10	76	80	0.9500000
NODE_12976_length_776_cov_22.276219	367	447	0	15	80	0.1875000
NODE_12976_length_776_cov_22.276219	367	447	1	11	80	0.1375000
NODE_12976_length_776_cov_22.276219	367	447	2	18	80	0.2250000
NODE_12976_length_776_cov_22.276219	367	447	3	14	80	0.1750000
NODE_12976_length_776_cov_22.276219	367	447	5	22	80	0.2750000
NODE_12976_length_776_cov_22.276219	420	500	3	5	80	0.0625000
NODE_12976_length_776_cov_22.276219	420	500	5	74	80	0.9250000
NODE_12976_length_776_cov_22.276219	420	500	6	1	80	0.0125000
NODE_12977_length_776_cov_19.574594	242	322	4	7	80	0.0875000
NODE_12977_length_776_cov_19.574594	242	322	6	14	80	0.1750000
NODE_12977_length_776_cov_19.574594	242	322	7	22	80	0.2750000
NODE_12977_length_776_cov_19.574594	242	322	8	37	80	0.4625000
NODE_12977_length_776_cov_19.574594	295	375	4	27	80	0.3375000
NODE_12977_length_776_cov_19.574594	295	375	6	22	80	0.2750000
NODE_12977_length_776_cov_19.574594	295	375	7	27	80	0.3375000
NODE_12977_length_776_cov_19.574594	295	375	8	4	80	0.0500000
NODE_12978_length_776_cov_18.262925	384	464	0	33	80	0.4125000
NODE_12978_length_776_cov_18.262925	384	464	1	47	80	0.5875000
NODE_12978_length_776_cov_18.262925	437	517	1	80	80	1.0000000
NODE_12979_length_776_cov_16.023634	334	414	4	80	80	1.0000000
NODE_12979_length_776_cov_16.023634	387	467	0	12	80	0.1500000
NODE_12979_length_776_cov_16.023634	387	467	2	21	80	0.2625000
NODE_12979_length_776_cov_16.023634	387	467	4	47	80	0.5875000
NODE_12980_length_776_cov_15.841950	282	362	7	7	80	0.0875000
NODE_12980_length_776_cov_15.841950	282	362	8	73	80	0.9125000
NODE_12980_length_776_cov_15.841950	335	415	2	25	80	0.3125000
NODE_12980_length_776_cov_15.841950	335	415	3	14	80	0.1750000
NODE_12980_length_776_cov_15.841950	335	415	4	9	80	0.1125000
NODE_12980_length_776_cov_15.841950	335	415	6	2	80	0.0250000
NODE_12980_length_776_cov_15.841950	335	415	7	10	80	0.1250000
NODE_12980_length_776_cov_15.841950	335	415	8	20	80	0.2500000
NODE_12981_length_776_cov_14.131462	240	320	5	15	80	0.1875000
NODE_12981_length_776_cov_14.131462	240	320	7	5	80	0.0625000
NODE_12981_length_776_cov_14.131462	240	320	8	1	80	0.0125000
NODE_12981_length_776_cov_14.131462	240	320	9	7	80	0.0875000
NODE_12981_length_776_cov_14.131462	240	320	10	25	80	0.3125000
NODE_12981_length_776_cov_14.131462	240	320	11	27	80	0.3375000
NODE_12981_length_776_cov_14.131462	293	373	7	19	80	0.2375000
NODE_12981_length_776_cov_14.131462	293	373	8	12	80	0.1500000
NODE_12981_length_776_cov_14.131462	293	373	10	2	80	0.0250000
NODE_12981_length_776_cov_14.131462	293	373	11	30	80	0.3750000
NODE_12981_length_776_cov_14.131462	293	373	12	11	80	0.1375000
NODE_12981_length_776_cov_14.131462	293	373	13	6	80	0.0750000
NODE_12981_length_776_cov_14.131462	369	449	2	6	80	0.0750000
NODE_12981_length_776_cov_14.131462	369	449	3	25	80	0.3125000
NODE_12981_length_776_cov_14.131462	369	449	4	7	80	0.0875000
NODE_12981_length_776_cov_14.131462	369	449	5	1	80	0.0125000
NODE_12981_length_776_cov_14.131462	369	449	6	30	80	0.3750000
NODE_12981_length_776_cov_14.131462	369	449	7	11	80	0.1375000
NODE_12981_length_776_cov_14.131462	422	502	1	25	80	0.3125000
NODE_12981_length_776_cov_14.131462	422	502	2	30	80	0.3750000
NODE_12981_length_776_cov_14.131462	422	502	3	25	80	0.3125000
NODE_12983_length_776_cov_13.890694	302	382	3	25	80	0.3125000
NODE_12983_length_776_cov_13.890694	302	382	4	26	80	0.3250000
NODE_12983_length_776_cov_13.890694	302	382	5	1	80	0.0125000
NODE_12983_length_776_cov_13.890694	302	382	6	16	80	0.2000000
NODE_12983_length_776_cov_13.890694	302	382	7	12	80	0.1500000
NODE_12983_length_776_cov_13.890694	355	435	4	15	80	0.1875000
NODE_12983_length_776_cov_13.890694	355	435	6	19	80	0.2375000
NODE_12983_length_776_cov_13.890694	355	435	7	46	80	0.5750000
NODE_12984_length_776_cov_12.097489	488	568	2	6	80	0.0750000
NODE_12984_length_776_cov_12.097489	488	568	3	14	80	0.1750000
NODE_12984_length_776_cov_12.097489	488	568	5	60	80	0.7500000
NODE_12984_length_776_cov_12.097489	541	621	2	28	80	0.3500000
NODE_12984_length_776_cov_12.097489	541	621	3	39	80	0.4875000
NODE_12984_length_776_cov_12.097489	541	621	5	13	80	0.1625000
NODE_12985_length_776_cov_11.923191	422	498	2	46	76	0.6052632
NODE_12985_length_776_cov_11.923191	422	498	3	25	76	0.3289474
NODE_12985_length_776_cov_11.923191	422	498	4	5	76	0.0657895
NODE_12985_length_776_cov_11.923191	475	551	2	51	76	0.6710526
NODE_12985_length_776_cov_11.923191	475	551	3	25	76	0.3289474
NODE_12986_length_776_cov_11.163959	312	392	3	10	80	0.1250000
NODE_12986_length_776_cov_11.163959	312	392	4	8	80	0.1000000
NODE_12986_length_776_cov_11.163959	312	392	5	20	80	0.2500000
NODE_12986_length_776_cov_11.163959	312	392	6	42	80	0.5250000
NODE_12986_length_776_cov_11.163959	365	445	5	6	80	0.0750000
NODE_12986_length_776_cov_11.163959	365	445	6	74	80	0.9250000
NODE_12987_length_776_cov_9.754801	370	450	0	80	80	1.0000000
NODE_12987_length_776_cov_9.754801	423	503	0	80	80	1.0000000
NODE_12989_length_776_cov_8.271787	332	412	3	7	80	0.0875000
NODE_12989_length_776_cov_8.271787	332	412	6	1	80	0.0125000
NODE_12989_length_776_cov_8.271787	332	412	7	3	80	0.0375000
NODE_12989_length_776_cov_8.271787	332	412	8	69	80	0.8625000
NODE_12989_length_776_cov_8.271787	385	465	1	25	80	0.3125000
NODE_12989_length_776_cov_8.271787	385	465	3	35	80	0.4375000
NODE_12989_length_776_cov_8.271787	385	465	6	1	80	0.0125000
NODE_12989_length_776_cov_8.271787	385	465	8	19	80	0.2375000
NODE_12990_length_776_cov_4.874446	330	410	0	80	80	1.0000000
NODE_12990_length_776_cov_4.874446	383	463	0	80	80	1.0000000
NODE_13022_length_775_cov_33.612426	372	452	3	65	80	0.8125000
NODE_13022_length_775_cov_33.612426	372	452	4	15	80	0.1875000
NODE_13022_length_775_cov_33.612426	425	505	0	15	80	0.1875000
NODE_13022_length_775_cov_33.612426	425	505	1	33	80	0.4125000
NODE_13022_length_775_cov_33.612426	425	505	2	2	80	0.0250000
NODE_13022_length_775_cov_33.612426	425	505	3	30	80	0.3750000
NODE_13023_length_775_cov_25.500000	361	434	5	31	73	0.4246575
NODE_13023_length_775_cov_25.500000	361	434	7	20	73	0.2739726
NODE_13023_length_775_cov_25.500000	361	434	8	22	73	0.3013699
NODE_13023_length_775_cov_25.500000	413	487	1	4	74	0.0540541
NODE_13023_length_775_cov_25.500000	413	487	3	12	74	0.1621622
NODE_13023_length_775_cov_25.500000	413	487	4	2	74	0.0270270
NODE_13023_length_775_cov_25.500000	413	487	5	4	74	0.0540541
NODE_13023_length_775_cov_25.500000	413	487	7	8	74	0.1081081
NODE_13023_length_775_cov_25.500000	413	487	8	44	74	0.5945946
NODE_13024_length_775_cov_24.128698	220	300	5	35	80	0.4375000
NODE_13024_length_775_cov_24.128698	220	300	6	9	80	0.1125000
NODE_13024_length_775_cov_24.128698	220	300	7	29	80	0.3625000
NODE_13024_length_775_cov_24.128698	220	300	8	7	80	0.0875000
NODE_13024_length_775_cov_24.128698	273	353	2	17	80	0.2125000
NODE_13024_length_775_cov_24.128698	273	353	4	28	80	0.3500000
NODE_13024_length_775_cov_24.128698	273	353	5	17	80	0.2125000
NODE_13024_length_775_cov_24.128698	273	353	6	9	80	0.1125000
NODE_13024_length_775_cov_24.128698	273	353	7	9	80	0.1125000
NODE_13026_length_775_cov_16.165680	358	438	0	39	80	0.4875000
NODE_13026_length_775_cov_16.165680	358	438	1	41	80	0.5125000
NODE_13026_length_775_cov_16.165680	411	491	1	57	80	0.7125000
NODE_13026_length_775_cov_16.165680	411	491	2	23	80	0.2875000
NODE_13027_length_775_cov_8.522189	440	520	1	15	80	0.1875000
NODE_13027_length_775_cov_8.522189	440	520	3	16	80	0.2000000
NODE_13027_length_775_cov_8.522189	440	520	4	49	80	0.6125000
NODE_13027_length_775_cov_8.522189	493	573	1	36	80	0.4500000
NODE_13027_length_775_cov_8.522189	493	573	2	10	80	0.1250000
NODE_13027_length_775_cov_8.522189	493	573	4	34	80	0.4250000
NODE_13028_length_775_cov_8.258876	247	327	0	55	80	0.6875000
NODE_13028_length_775_cov_8.258876	247	327	1	3	80	0.0375000
NODE_13028_length_775_cov_8.258876	247	327	2	8	80	0.1000000
NODE_13028_length_775_cov_8.258876	247	327	4	14	80	0.1750000
NODE_13028_length_775_cov_8.258876	300	380	0	2	80	0.0250000
NODE_13028_length_775_cov_8.258876	300	380	1	3	80	0.0375000
NODE_13028_length_775_cov_8.258876	300	380	2	8	80	0.1000000
NODE_13028_length_775_cov_8.258876	300	380	4	24	80	0.3000000
NODE_13028_length_775_cov_8.258876	300	380	6	43	80	0.5375000
NODE_13031_length_775_cov_3.786982	299	379	1	32	80	0.4000000
NODE_13031_length_775_cov_3.786982	299	379	2	48	80	0.6000000
NODE_13031_length_775_cov_3.786982	352	432	1	63	80	0.7875000
NODE_13031_length_775_cov_3.786982	352	432	2	17	80	0.2125000
NODE_13059_length_774_cov_27.386667	433	514	6	4	81	0.0493827
NODE_13059_length_774_cov_27.386667	433	514	8	4	81	0.0493827
NODE_13059_length_774_cov_27.386667	433	514	9	19	81	0.2345679
NODE_13059_length_774_cov_27.386667	433	514	11	24	81	0.2962963
NODE_13059_length_774_cov_27.386667	433	514	13	1	81	0.0123457
NODE_13059_length_774_cov_27.386667	433	514	14	11	81	0.1358025
NODE_13059_length_774_cov_27.386667	433	514	15	14	81	0.1728395
NODE_13059_length_774_cov_27.386667	433	514	16	4	81	0.0493827
NODE_13059_length_774_cov_27.386667	487	567	14	9	80	0.1125000
NODE_13059_length_774_cov_27.386667	487	567	15	14	80	0.1750000
NODE_13059_length_774_cov_27.386667	487	567	16	57	80	0.7125000
NODE_13060_length_774_cov_19.721481	239	319	4	1	80	0.0125000
NODE_13060_length_774_cov_19.721481	239	319	5	21	80	0.2625000
NODE_13060_length_774_cov_19.721481	239	319	6	15	80	0.1875000
NODE_13060_length_774_cov_19.721481	239	319	7	3	80	0.0375000
NODE_13060_length_774_cov_19.721481	239	319	8	14	80	0.1750000
NODE_13060_length_774_cov_19.721481	239	319	9	21	80	0.2625000
NODE_13060_length_774_cov_19.721481	239	319	10	5	80	0.0625000
NODE_13060_length_774_cov_19.721481	292	372	8	16	80	0.2000000
NODE_13060_length_774_cov_19.721481	292	372	9	46	80	0.5750000
NODE_13060_length_774_cov_19.721481	292	372	10	18	80	0.2250000
NODE_13063_length_774_cov_4.594074	216	294	0	73	78	0.9358974
NODE_13063_length_774_cov_4.594074	216	294	2	5	78	0.0641026
NODE_13063_length_774_cov_4.594074	269	347	0	78	78	1.0000000
NODE_13063_length_774_cov_4.594074	405	485	0	80	80	1.0000000
NODE_13103_length_773_cov_60.566766	249	328	5	16	79	0.2025317
NODE_13103_length_773_cov_60.566766	249	328	6	3	79	0.0379747
NODE_13103_length_773_cov_60.566766	249	328	7	2	79	0.0253165
NODE_13103_length_773_cov_60.566766	249	328	8	10	79	0.1265823
NODE_13103_length_773_cov_60.566766	249	328	10	26	79	0.3291139
NODE_13103_length_773_cov_60.566766	249	328	11	9	79	0.1139240
NODE_13103_length_773_cov_60.566766	249	328	12	13	79	0.1645570
NODE_13103_length_773_cov_60.566766	304	381	7	18	77	0.2337662
NODE_13103_length_773_cov_60.566766	304	381	9	22	77	0.2857143
NODE_13103_length_773_cov_60.566766	304	381	10	15	77	0.1948052
NODE_13103_length_773_cov_60.566766	304	381	11	9	77	0.1168831
NODE_13103_length_773_cov_60.566766	304	381	12	13	77	0.1688312
NODE_13104_length_773_cov_27.299703	230	310	4	15	80	0.1875000
NODE_13104_length_773_cov_27.299703	230	310	5	44	80	0.5500000
NODE_13104_length_773_cov_27.299703	230	310	6	21	80	0.2625000
NODE_13104_length_773_cov_27.299703	283	363	4	17	80	0.2125000
NODE_13104_length_773_cov_27.299703	283	363	5	55	80	0.6875000
NODE_13104_length_773_cov_27.299703	283	363	6	8	80	0.1000000
NODE_13105_length_773_cov_24.250742	392	470	2	78	78	1.0000000
NODE_13105_length_773_cov_24.250742	443	523	0	21	80	0.2625000
NODE_13105_length_773_cov_24.250742	443	523	1	27	80	0.3375000
NODE_13105_length_773_cov_24.250742	443	523	2	32	80	0.4000000
NODE_13106_length_773_cov_20.683976	367	447	8	71	80	0.8875000
NODE_13106_length_773_cov_20.683976	367	447	9	9	80	0.1125000
NODE_13106_length_773_cov_20.683976	420	500	3	21	80	0.2625000
NODE_13106_length_773_cov_20.683976	420	500	4	4	80	0.0500000
NODE_13106_length_773_cov_20.683976	420	500	5	2	80	0.0250000
NODE_13106_length_773_cov_20.683976	420	500	7	16	80	0.2000000
NODE_13106_length_773_cov_20.683976	420	500	8	37	80	0.4625000
NODE_13107_length_773_cov_18.498516	248	328	1	44	80	0.5500000
NODE_13107_length_773_cov_18.498516	248	328	2	36	80	0.4500000
NODE_13107_length_773_cov_18.498516	301	381	1	2	80	0.0250000
NODE_13107_length_773_cov_18.498516	301	381	2	78	80	0.9750000
NODE_13108_length_773_cov_14.063798	405	485	5	8	80	0.1000000
NODE_13108_length_773_cov_14.063798	405	485	7	25	80	0.3125000
NODE_13108_length_773_cov_14.063798	405	485	8	6	80	0.0750000
NODE_13108_length_773_cov_14.063798	405	485	9	5	80	0.0625000
NODE_13108_length_773_cov_14.063798	405	485	10	36	80	0.4500000
NODE_13108_length_773_cov_14.063798	458	538	1	3	80	0.0375000
NODE_13108_length_773_cov_14.063798	458	538	3	1	80	0.0125000
NODE_13108_length_773_cov_14.063798	458	538	5	14	80	0.1750000
NODE_13108_length_773_cov_14.063798	458	538	6	21	80	0.2625000
NODE_13108_length_773_cov_14.063798	458	538	7	21	80	0.2625000
NODE_13108_length_773_cov_14.063798	458	538	8	1	80	0.0125000
NODE_13108_length_773_cov_14.063798	458	538	9	5	80	0.0625000
NODE_13108_length_773_cov_14.063798	458	538	10	14	80	0.1750000
NODE_13109_length_773_cov_12.482196	421	501	3	16	80	0.2000000
NODE_13109_length_773_cov_12.482196	421	501	4	57	80	0.7125000
NODE_13109_length_773_cov_12.482196	421	501	5	7	80	0.0875000
NODE_13109_length_773_cov_12.482196	474	554	0	30	80	0.3750000
NODE_13109_length_773_cov_12.482196	474	554	1	4	80	0.0500000
NODE_13109_length_773_cov_12.482196	474	554	2	2	80	0.0250000
NODE_13109_length_773_cov_12.482196	474	554	3	33	80	0.4125000
NODE_13109_length_773_cov_12.482196	474	554	4	11	80	0.1375000
NODE_13114_length_773_cov_9.136499	214	294	0	37	80	0.4625000
NODE_13114_length_773_cov_9.136499	214	294	2	40	80	0.5000000
NODE_13114_length_773_cov_9.136499	214	294	3	3	80	0.0375000
NODE_13114_length_773_cov_9.136499	267	347	2	24	80	0.3000000
NODE_13114_length_773_cov_9.136499	267	347	3	43	80	0.5375000
NODE_13114_length_773_cov_9.136499	267	347	4	13	80	0.1625000
NODE_13115_length_773_cov_8.609792	461	541	0	80	80	1.0000000
NODE_13115_length_773_cov_8.609792	514	594	0	80	80	1.0000000
NODE_13116_length_773_cov_7.224036	200	280	5	5	80	0.0625000
NODE_13116_length_773_cov_7.224036	200	280	7	10	80	0.1250000
NODE_13116_length_773_cov_7.224036	200	280	8	65	80	0.8125000
NODE_13116_length_773_cov_7.224036	253	333	1	4	80	0.0500000
NODE_13116_length_773_cov_7.224036	253	333	2	8	80	0.1000000
NODE_13116_length_773_cov_7.224036	253	333	3	17	80	0.2125000
NODE_13116_length_773_cov_7.224036	253	333	5	29	80	0.3625000
NODE_13116_length_773_cov_7.224036	253	333	7	9	80	0.1125000
NODE_13116_length_773_cov_7.224036	253	333	8	13	80	0.1625000
NODE_13117_length_773_cov_6.910979	522	615	1	29	93	0.3118280
NODE_13117_length_773_cov_6.910979	522	615	3	11	93	0.1182796
NODE_13117_length_773_cov_6.910979	522	615	4	53	93	0.5698925
NODE_13117_length_773_cov_6.910979	588	668	1	1	80	0.0125000
NODE_13117_length_773_cov_6.910979	588	668	3	15	80	0.1875000
NODE_13117_length_773_cov_6.910979	588	668	4	64	80	0.8000000
NODE_13147_length_772_cov_28.044577	231	311	5	15	80	0.1875000
NODE_13147_length_772_cov_28.044577	231	311	6	29	80	0.3625000
NODE_13147_length_772_cov_28.044577	231	311	7	4	80	0.0500000
NODE_13147_length_772_cov_28.044577	231	311	8	22	80	0.2750000
NODE_13147_length_772_cov_28.044577	231	311	9	10	80	0.1250000
NODE_13147_length_772_cov_28.044577	284	364	3	5	80	0.0625000
NODE_13147_length_772_cov_28.044577	284	364	4	14	80	0.1750000
NODE_13147_length_772_cov_28.044577	284	364	5	49	80	0.6125000
NODE_13147_length_772_cov_28.044577	284	364	6	11	80	0.1375000
NODE_13147_length_772_cov_28.044577	284	364	7	1	80	0.0125000
NODE_13149_length_772_cov_9.523031	288	368	3	28	80	0.3500000
NODE_13149_length_772_cov_9.523031	288	368	4	8	80	0.1000000
NODE_13149_length_772_cov_9.523031	288	368	5	39	80	0.4875000
NODE_13149_length_772_cov_9.523031	288	368	6	5	80	0.0625000
NODE_13149_length_772_cov_9.523031	341	421	5	80	80	1.0000000
NODE_13150_length_772_cov_8.778603	133	213	2	5	80	0.0625000
NODE_13150_length_772_cov_8.778603	133	213	4	75	80	0.9375000
NODE_13150_length_772_cov_8.778603	186	266	2	49	80	0.6125000
NODE_13150_length_772_cov_8.778603	186	266	4	31	80	0.3875000
NODE_13151_length_772_cov_7.921248	351	431	1	80	80	1.0000000
NODE_13151_length_772_cov_7.921248	404	480	0	20	76	0.2631579
NODE_13151_length_772_cov_7.921248	404	480	1	56	76	0.7368421
NODE_13152_length_772_cov_7.059435	276	356	0	46	80	0.5750000
NODE_13152_length_772_cov_7.059435	276	356	1	34	80	0.4250000
NODE_13152_length_772_cov_7.059435	329	409	0	80	80	1.0000000
NODE_13153_length_772_cov_5.536404	269	299	0	30	30	1.0000000
NODE_13153_length_772_cov_5.536404	272	341	0	69	69	1.0000000
NODE_13156_length_772_cov_4.838039	430	510	0	3	80	0.0375000
NODE_13156_length_772_cov_4.838039	430	510	2	77	80	0.9625000
NODE_13156_length_772_cov_4.838039	483	563	0	8	80	0.1000000
NODE_13156_length_772_cov_4.838039	483	563	2	72	80	0.9000000
NODE_13162_length_772_cov_3.041605	339	419	0	80	80	1.0000000
NODE_13162_length_772_cov_3.041605	392	472	0	80	80	1.0000000
NODE_13195_length_771_cov_36.729167	223	304	0	81	81	1.0000000
NODE_13195_length_771_cov_36.729167	277	357	0	80	80	1.0000000
NODE_13195_length_771_cov_36.729167	353	434	0	28	81	0.3456790
NODE_13195_length_771_cov_36.729167	353	434	1	6	81	0.0740741
NODE_13195_length_771_cov_36.729167	353	434	2	47	81	0.5802469
NODE_13195_length_771_cov_36.729167	407	487	2	80	80	1.0000000
NODE_13196_length_771_cov_28.903274	337	417	6	6	80	0.0750000
NODE_13196_length_771_cov_28.903274	337	417	7	9	80	0.1125000
NODE_13196_length_771_cov_28.903274	337	417	8	5	80	0.0625000
NODE_13196_length_771_cov_28.903274	337	417	9	49	80	0.6125000
NODE_13196_length_771_cov_28.903274	337	417	10	11	80	0.1375000
NODE_13196_length_771_cov_28.903274	390	470	1	12	80	0.1500000
NODE_13196_length_771_cov_28.903274	390	470	3	6	80	0.0750000
NODE_13196_length_771_cov_28.903274	390	470	4	18	80	0.2250000
NODE_13196_length_771_cov_28.903274	390	470	5	7	80	0.0875000
NODE_13196_length_771_cov_28.903274	390	470	6	16	80	0.2000000
NODE_13196_length_771_cov_28.903274	390	470	7	9	80	0.1125000
NODE_13196_length_771_cov_28.903274	390	470	8	5	80	0.0625000
NODE_13196_length_771_cov_28.903274	390	470	9	7	80	0.0875000
NODE_13197_length_771_cov_28.165179	453	533	5	9	80	0.1125000
NODE_13197_length_771_cov_28.165179	453	533	6	40	80	0.5000000
NODE_13197_length_771_cov_28.165179	453	533	7	2	80	0.0250000
NODE_13197_length_771_cov_28.165179	453	533	9	1	80	0.0125000
NODE_13197_length_771_cov_28.165179	453	533	10	2	80	0.0250000
NODE_13197_length_771_cov_28.165179	453	533	11	26	80	0.3250000
NODE_13197_length_771_cov_28.165179	506	586	8	7	80	0.0875000
NODE_13197_length_771_cov_28.165179	506	586	9	9	80	0.1125000
NODE_13197_length_771_cov_28.165179	506	586	10	32	80	0.4000000
NODE_13197_length_771_cov_28.165179	506	586	11	32	80	0.4000000
NODE_13198_length_771_cov_14.336310	259	339	1	17	80	0.2125000
NODE_13198_length_771_cov_14.336310	259	339	2	40	80	0.5000000
NODE_13198_length_771_cov_14.336310	259	339	4	1	80	0.0125000
NODE_13198_length_771_cov_14.336310	259	339	5	22	80	0.2750000
NODE_13198_length_771_cov_14.336310	312	392	1	4	80	0.0500000
NODE_13198_length_771_cov_14.336310	312	392	4	1	80	0.0125000
NODE_13198_length_771_cov_14.336310	312	392	5	51	80	0.6375000
NODE_13198_length_771_cov_14.336310	312	392	6	14	80	0.1750000
NODE_13198_length_771_cov_14.336310	312	392	7	10	80	0.1250000
NODE_13199_length_771_cov_13.592262	428	508	8	3	80	0.0375000
NODE_13199_length_771_cov_13.592262	428	508	9	11	80	0.1375000
NODE_13199_length_771_cov_13.592262	428	508	10	30	80	0.3750000
NODE_13199_length_771_cov_13.592262	428	508	11	6	80	0.0750000
NODE_13199_length_771_cov_13.592262	428	508	12	19	80	0.2375000
NODE_13199_length_771_cov_13.592262	428	508	13	11	80	0.1375000
NODE_13199_length_771_cov_13.592262	481	561	5	30	80	0.3750000
NODE_13199_length_771_cov_13.592262	481	561	7	9	80	0.1125000
NODE_13199_length_771_cov_13.592262	481	561	9	25	80	0.3125000
NODE_13199_length_771_cov_13.592262	481	561	10	4	80	0.0500000
NODE_13199_length_771_cov_13.592262	481	561	11	4	80	0.0500000
NODE_13199_length_771_cov_13.592262	481	561	13	8	80	0.1000000
NODE_13200_length_771_cov_12.226190	407	487	0	25	80	0.3125000
NODE_13200_length_771_cov_12.226190	407	487	2	55	80	0.6875000
NODE_13200_length_771_cov_12.226190	460	540	0	13	80	0.1625000
NODE_13200_length_771_cov_12.226190	460	540	2	67	80	0.8375000
NODE_13201_length_771_cov_11.188988	348	428	0	80	80	1.0000000
NODE_13201_length_771_cov_11.188988	401	481	0	80	80	1.0000000
NODE_13202_length_771_cov_10.525298	171	251	4	11	80	0.1375000
NODE_13202_length_771_cov_10.525298	171	251	5	13	80	0.1625000
NODE_13202_length_771_cov_10.525298	171	251	7	16	80	0.2000000
NODE_13202_length_771_cov_10.525298	171	251	8	40	80	0.5000000
NODE_13202_length_771_cov_10.525298	224	304	5	24	80	0.3000000
NODE_13202_length_771_cov_10.525298	224	304	6	7	80	0.0875000
NODE_13202_length_771_cov_10.525298	224	304	7	5	80	0.0625000
NODE_13202_length_771_cov_10.525298	224	304	8	31	80	0.3875000
NODE_13202_length_771_cov_10.525298	224	304	9	13	80	0.1625000
NODE_13207_length_771_cov_3.357143	238	318	0	80	80	1.0000000
NODE_13207_length_771_cov_3.357143	291	371	0	80	80	1.0000000
NODE_13209_length_771_cov_3.129464	476	518	0	42	42	1.0000000
NODE_13238_length_770_cov_45.312966	212	292	4	18	80	0.2250000
NODE_13238_length_770_cov_45.312966	212	292	6	20	80	0.2500000
NODE_13238_length_770_cov_45.312966	212	292	7	31	80	0.3875000
NODE_13238_length_770_cov_45.312966	212	292	8	9	80	0.1125000
NODE_13238_length_770_cov_45.312966	212	292	9	2	80	0.0250000
NODE_13238_length_770_cov_45.312966	265	345	6	73	80	0.9125000
NODE_13238_length_770_cov_45.312966	265	345	7	5	80	0.0625000
NODE_13238_length_770_cov_45.312966	265	345	8	2	80	0.0250000
NODE_13239_length_770_cov_23.153502	348	428	1	54	80	0.6750000
NODE_13239_length_770_cov_23.153502	348	428	2	26	80	0.3250000
NODE_13239_length_770_cov_23.153502	401	481	1	1	80	0.0125000
NODE_13239_length_770_cov_23.153502	401	481	2	29	80	0.3625000
NODE_13239_length_770_cov_23.153502	401	481	4	50	80	0.6250000
NODE_13240_length_770_cov_22.463487	340	420	2	4	80	0.0500000
NODE_13240_length_770_cov_22.463487	340	420	4	76	80	0.9500000
NODE_13240_length_770_cov_22.463487	393	473	0	14	80	0.1750000
NODE_13240_length_770_cov_22.463487	393	473	1	33	80	0.4125000
NODE_13240_length_770_cov_22.463487	393	473	2	10	80	0.1250000
NODE_13240_length_770_cov_22.463487	393	473	4	23	80	0.2875000
NODE_13241_length_770_cov_18.594635	335	416	3	52	81	0.6419753
NODE_13241_length_770_cov_18.594635	335	416	4	29	81	0.3580247
NODE_13241_length_770_cov_18.594635	389	469	0	28	80	0.3500000
NODE_13241_length_770_cov_18.594635	389	469	2	23	80	0.2875000
NODE_13241_length_770_cov_18.594635	389	469	3	29	80	0.3625000
NODE_13242_length_770_cov_18.092399	292	372	0	27	80	0.3375000
NODE_13242_length_770_cov_18.092399	292	372	2	53	80	0.6625000
NODE_13242_length_770_cov_18.092399	345	425	2	47	80	0.5875000
NODE_13242_length_770_cov_18.092399	345	425	3	1	80	0.0125000
NODE_13242_length_770_cov_18.092399	345	425	4	32	80	0.4000000
NODE_13243_length_770_cov_7.064083	294	374	1	13	80	0.1625000
NODE_13243_length_770_cov_7.064083	294	374	2	41	80	0.5125000
NODE_13243_length_770_cov_7.064083	294	374	4	11	80	0.1375000
NODE_13243_length_770_cov_7.064083	294	374	6	12	80	0.1500000
NODE_13243_length_770_cov_7.064083	294	374	7	3	80	0.0375000
NODE_13243_length_770_cov_7.064083	347	426	2	1	79	0.0126582
NODE_13243_length_770_cov_7.064083	347	426	4	11	79	0.1392405
NODE_13243_length_770_cov_7.064083	347	426	6	12	79	0.1518987
NODE_13243_length_770_cov_7.064083	347	426	7	6	79	0.0759494
NODE_13243_length_770_cov_7.064083	347	426	8	49	79	0.6202531
NODE_13246_length_770_cov_5.184799	341	421	0	80	80	1.0000000
NODE_13246_length_770_cov_5.184799	394	474	0	80	80	1.0000000
NODE_13250_length_770_cov_4.120715	325	405	0	80	80	1.0000000
NODE_13250_length_770_cov_4.120715	378	458	0	80	80	1.0000000
NODE_13272_length_769_cov_11.008955	355	435	1	2	80	0.0250000
NODE_13272_length_769_cov_11.008955	355	435	2	78	80	0.9750000
NODE_13272_length_769_cov_11.008955	408	488	0	52	80	0.6500000
NODE_13272_length_769_cov_11.008955	408	488	1	3	80	0.0375000
NODE_13272_length_769_cov_11.008955	408	488	2	25	80	0.3125000
NODE_13274_length_769_cov_9.077612	263	343	0	80	80	1.0000000
NODE_13274_length_769_cov_9.077612	316	396	0	80	80	1.0000000
NODE_13275_length_769_cov_7.034328	289	367	0	27	78	0.3461539
NODE_13275_length_769_cov_7.034328	289	367	2	7	78	0.0897436
NODE_13275_length_769_cov_7.034328	289	367	3	35	78	0.4487180
NODE_13275_length_769_cov_7.034328	289	367	4	9	78	0.1153846
NODE_13275_length_769_cov_7.034328	340	420	2	8	80	0.1000000
NODE_13275_length_769_cov_7.034328	340	420	3	18	80	0.2250000
NODE_13275_length_769_cov_7.034328	340	420	4	54	80	0.6750000
NODE_13307_length_769_cov_1.262687	620	668	1	6	48	0.1250000
NODE_13307_length_769_cov_1.262687	620	668	2	7	48	0.1458333
NODE_13307_length_769_cov_1.262687	620	668	4	5	48	0.1041667
NODE_13307_length_769_cov_1.262687	620	668	5	21	48	0.4375000
NODE_13307_length_769_cov_1.262687	620	668	6	4	48	0.0833333
NODE_13307_length_769_cov_1.262687	620	668	7	5	48	0.1041667
NODE_13316_length_768_cov_19.195815	266	346	0	80	80	1.0000000
NODE_13316_length_768_cov_19.195815	319	399	0	80	80	1.0000000
NODE_13316_length_768_cov_19.195815	395	475	0	80	80	1.0000000
NODE_13316_length_768_cov_19.195815	448	528	0	80	80	1.0000000
NODE_13317_length_768_cov_16.420030	246	326	1	17	80	0.2125000
NODE_13317_length_768_cov_16.420030	246	326	2	45	80	0.5625000
NODE_13317_length_768_cov_16.420030	246	326	3	18	80	0.2250000
NODE_13317_length_768_cov_16.420030	299	379	1	9	80	0.1125000
NODE_13317_length_768_cov_16.420030	299	379	3	71	80	0.8875000
NODE_13318_length_768_cov_14.508221	309	389	4	29	80	0.3625000
NODE_13318_length_768_cov_14.508221	309	389	5	51	80	0.6375000
NODE_13318_length_768_cov_14.508221	362	442	2	24	80	0.3000000
NODE_13318_length_768_cov_14.508221	362	442	3	17	80	0.2125000
NODE_13318_length_768_cov_14.508221	362	442	4	15	80	0.1875000
NODE_13318_length_768_cov_14.508221	362	442	5	24	80	0.3000000
NODE_13319_length_768_cov_11.635277	309	389	1	62	80	0.7750000
NODE_13319_length_768_cov_11.635277	309	389	2	18	80	0.2250000
NODE_13319_length_768_cov_11.635277	362	442	1	9	80	0.1125000
NODE_13319_length_768_cov_11.635277	362	442	2	71	80	0.8875000
NODE_13321_length_768_cov_9.064275	392	472	1	13	80	0.1625000
NODE_13321_length_768_cov_9.064275	392	472	2	8	80	0.1000000
NODE_13321_length_768_cov_9.064275	392	472	3	3	80	0.0375000
NODE_13321_length_768_cov_9.064275	392	472	4	36	80	0.4500000
NODE_13321_length_768_cov_9.064275	392	472	5	3	80	0.0375000
NODE_13321_length_768_cov_9.064275	392	472	6	17	80	0.2125000
NODE_13321_length_768_cov_9.064275	445	525	4	7	80	0.0875000
NODE_13321_length_768_cov_9.064275	445	525	5	56	80	0.7000000
NODE_13321_length_768_cov_9.064275	445	525	6	17	80	0.2125000
NODE_13324_length_768_cov_3.605381	512	592	0	80	80	1.0000000
NODE_13324_length_768_cov_3.605381	565	645	0	80	80	1.0000000
NODE_13354_length_767_cov_38.161677	28	108	2	2	80	0.0250000
NODE_13354_length_767_cov_38.161677	28	108	3	78	80	0.9750000
NODE_13354_length_767_cov_38.161677	254	334	1	17	80	0.2125000
NODE_13354_length_767_cov_38.161677	254	334	3	28	80	0.3500000
NODE_13354_length_767_cov_38.161677	254	334	4	35	80	0.4375000
NODE_13354_length_767_cov_38.161677	307	387	4	30	80	0.3750000
NODE_13354_length_767_cov_38.161677	307	387	6	50	80	0.6250000
NODE_13355_length_767_cov_24.107784	279	359	0	5	80	0.0625000
NODE_13355_length_767_cov_24.107784	279	359	2	1	80	0.0125000
NODE_13355_length_767_cov_24.107784	279	359	3	6	80	0.0750000
NODE_13355_length_767_cov_24.107784	279	359	5	38	80	0.4750000
NODE_13355_length_767_cov_24.107784	279	359	7	30	80	0.3750000
NODE_13355_length_767_cov_24.107784	332	412	5	3	80	0.0375000
NODE_13355_length_767_cov_24.107784	332	412	6	41	80	0.5125000
NODE_13355_length_767_cov_24.107784	332	412	7	36	80	0.4500000
NODE_13356_length_767_cov_22.823353	286	366	1	20	80	0.2500000
NODE_13356_length_767_cov_22.823353	286	366	3	12	80	0.1500000
NODE_13356_length_767_cov_22.823353	286	366	5	29	80	0.3625000
NODE_13356_length_767_cov_22.823353	286	366	7	19	80	0.2375000
NODE_13356_length_767_cov_22.823353	339	419	5	8	80	0.1000000
NODE_13356_length_767_cov_22.823353	339	419	6	12	80	0.1500000
NODE_13356_length_767_cov_22.823353	339	419	7	60	80	0.7500000
NODE_13357_length_767_cov_20.898204	312	392	0	80	80	1.0000000
NODE_13357_length_767_cov_20.898204	365	445	0	30	80	0.3750000
NODE_13357_length_767_cov_20.898204	365	445	2	50	80	0.6250000
NODE_13358_length_767_cov_20.058383	357	439	0	16	82	0.1951219
NODE_13358_length_767_cov_20.058383	357	439	2	4	82	0.0487805
NODE_13358_length_767_cov_20.058383	357	439	3	2	82	0.0243902
NODE_13358_length_767_cov_20.058383	357	439	5	18	82	0.2195122
NODE_13358_length_767_cov_20.058383	357	439	7	42	82	0.5121951
NODE_13358_length_767_cov_20.058383	410	490	7	54	80	0.6750000
NODE_13358_length_767_cov_20.058383	410	490	9	26	80	0.3250000
NODE_13359_length_767_cov_20.020958	191	271	4	15	80	0.1875000
NODE_13359_length_767_cov_20.020958	191	271	5	7	80	0.0875000
NODE_13359_length_767_cov_20.020958	191	271	6	58	80	0.7250000
NODE_13359_length_767_cov_20.020958	244	324	2	4	80	0.0500000
NODE_13359_length_767_cov_20.020958	244	324	3	42	80	0.5250000
NODE_13359_length_767_cov_20.020958	244	324	5	11	80	0.1375000
NODE_13359_length_767_cov_20.020958	244	324	6	23	80	0.2875000
NODE_13360_length_767_cov_18.687126	270	350	2	2	80	0.0250000
NODE_13360_length_767_cov_18.687126	270	350	3	52	80	0.6500000
NODE_13360_length_767_cov_18.687126	270	350	4	26	80	0.3250000
NODE_13360_length_767_cov_18.687126	323	403	3	76	80	0.9500000
NODE_13360_length_767_cov_18.687126	323	403	5	4	80	0.0500000
NODE_13362_length_767_cov_13.323353	45	125	0	15	80	0.1875000
NODE_13362_length_767_cov_13.323353	45	125	1	25	80	0.3125000
NODE_13362_length_767_cov_13.323353	45	125	3	40	80	0.5000000
NODE_13362_length_767_cov_13.323353	98	178	3	80	80	1.0000000
NODE_13366_length_767_cov_8.787425	377	447	0	70	70	1.0000000
NODE_13366_length_767_cov_8.787425	420	500	0	80	80	1.0000000
NODE_13367_length_767_cov_7.206587	306	386	2	80	80	1.0000000
NODE_13367_length_767_cov_7.206587	359	440	0	19	81	0.2345679
NODE_13367_length_767_cov_7.206587	359	440	1	10	81	0.1234568
NODE_13367_length_767_cov_7.206587	359	440	2	52	81	0.6419753
NODE_13403_length_766_cov_59.388306	322	402	5	12	80	0.1500000
NODE_13403_length_766_cov_59.388306	322	402	6	3	80	0.0375000
NODE_13403_length_766_cov_59.388306	322	402	7	36	80	0.4500000
NODE_13403_length_766_cov_59.388306	322	402	8	29	80	0.3625000
NODE_13403_length_766_cov_59.388306	375	455	3	15	80	0.1875000
NODE_13403_length_766_cov_59.388306	375	455	4	33	80	0.4125000
NODE_13403_length_766_cov_59.388306	375	455	5	17	80	0.2125000
NODE_13403_length_766_cov_59.388306	375	455	7	15	80	0.1875000
NODE_13403_length_766_cov_59.388306	451	531	1	18	80	0.2250000
NODE_13403_length_766_cov_59.388306	451	531	2	4	80	0.0500000
NODE_13403_length_766_cov_59.388306	451	531	3	55	80	0.6875000
NODE_13403_length_766_cov_59.388306	451	531	4	3	80	0.0375000
NODE_13403_length_766_cov_59.388306	504	584	0	13	80	0.1625000
NODE_13403_length_766_cov_59.388306	504	584	1	58	80	0.7250000
NODE_13403_length_766_cov_59.388306	504	584	2	4	80	0.0500000
NODE_13403_length_766_cov_59.388306	504	584	3	5	80	0.0625000
NODE_13404_length_766_cov_23.361319	308	388	4	1	80	0.0125000
NODE_13404_length_766_cov_23.361319	308	388	5	2	80	0.0250000
NODE_13404_length_766_cov_23.361319	308	388	7	2	80	0.0250000
NODE_13404_length_766_cov_23.361319	308	388	8	25	80	0.3125000
NODE_13404_length_766_cov_23.361319	308	388	9	28	80	0.3500000
NODE_13404_length_766_cov_23.361319	308	388	10	22	80	0.2750000
NODE_13404_length_766_cov_23.361319	361	441	6	4	80	0.0500000
NODE_13404_length_766_cov_23.361319	361	441	7	16	80	0.2000000
NODE_13404_length_766_cov_23.361319	361	441	8	2	80	0.0250000
NODE_13404_length_766_cov_23.361319	361	441	9	40	80	0.5000000
NODE_13404_length_766_cov_23.361319	361	441	10	18	80	0.2250000
NODE_13405_length_766_cov_22.751124	229	309	6	9	80	0.1125000
NODE_13405_length_766_cov_22.751124	229	309	8	71	80	0.8875000
NODE_13405_length_766_cov_22.751124	282	362	6	7	80	0.0875000
NODE_13405_length_766_cov_22.751124	282	362	7	26	80	0.3250000
NODE_13405_length_766_cov_22.751124	282	362	8	47	80	0.5875000
NODE_13406_length_766_cov_20.011994	285	363	2	31	78	0.3974359
NODE_13406_length_766_cov_20.011994	285	363	3	47	78	0.6025641
NODE_13406_length_766_cov_20.011994	336	416	2	11	80	0.1375000
NODE_13406_length_766_cov_20.011994	336	416	3	67	80	0.8375000
NODE_13406_length_766_cov_20.011994	336	416	4	2	80	0.0250000
NODE_13407_length_766_cov_18.685157	288	368	1	49	80	0.6125000
NODE_13407_length_766_cov_18.685157	288	368	2	13	80	0.1625000
NODE_13407_length_766_cov_18.685157	288	368	3	18	80	0.2250000
NODE_13407_length_766_cov_18.685157	341	421	2	42	80	0.5250000
NODE_13407_length_766_cov_18.685157	341	421	3	38	80	0.4750000
NODE_13408_length_766_cov_13.131934	271	351	0	80	80	1.0000000
NODE_13408_length_766_cov_13.131934	324	404	0	80	80	1.0000000
NODE_13410_length_766_cov_9.479760	274	354	2	13	80	0.1625000
NODE_13410_length_766_cov_9.479760	274	354	4	66	80	0.8250000
NODE_13410_length_766_cov_9.479760	274	354	5	1	80	0.0125000
NODE_13410_length_766_cov_9.479760	327	407	2	6	80	0.0750000
NODE_13410_length_766_cov_9.479760	327	407	4	43	80	0.5375000
NODE_13410_length_766_cov_9.479760	327	407	5	31	80	0.3875000
NODE_13415_length_766_cov_4.500750	333	413	0	80	80	1.0000000
NODE_13415_length_766_cov_4.500750	369	404	0	35	35	1.0000000
NODE_13415_length_766_cov_4.500750	371	413	0	42	42	1.0000000
NODE_13415_length_766_cov_4.500750	397	466	0	69	69	1.0000000
NODE_13447_length_765_cov_92.851351	16	96	2	20	80	0.2500000
NODE_13447_length_765_cov_92.851351	16	96	3	1	80	0.0125000
NODE_13447_length_765_cov_92.851351	16	96	5	33	80	0.4125000
NODE_13447_length_765_cov_92.851351	16	96	6	7	80	0.0875000
NODE_13447_length_765_cov_92.851351	16	96	8	5	80	0.0625000
NODE_13447_length_765_cov_92.851351	16	96	9	14	80	0.1750000
NODE_13448_length_765_cov_36.345345	504	584	1	2	80	0.0250000
NODE_13448_length_765_cov_36.345345	504	584	2	26	80	0.3250000
NODE_13448_length_765_cov_36.345345	504	584	3	6	80	0.0750000
NODE_13448_length_765_cov_36.345345	504	584	4	46	80	0.5750000
NODE_13448_length_765_cov_36.345345	557	637	0	19	80	0.2375000
NODE_13448_length_765_cov_36.345345	557	637	1	36	80	0.4500000
NODE_13448_length_765_cov_36.345345	557	637	3	6	80	0.0750000
NODE_13448_length_765_cov_36.345345	557	637	4	19	80	0.2375000
NODE_13449_length_765_cov_27.334835	370	450	6	14	80	0.1750000
NODE_13449_length_765_cov_27.334835	370	450	7	33	80	0.4125000
NODE_13449_length_765_cov_27.334835	370	450	8	33	80	0.4125000
NODE_13449_length_765_cov_27.334835	423	503	5	9	80	0.1125000
NODE_13449_length_765_cov_27.334835	423	503	6	16	80	0.2000000
NODE_13449_length_765_cov_27.334835	423	503	7	44	80	0.5500000
NODE_13449_length_765_cov_27.334835	423	503	8	11	80	0.1375000
NODE_13450_length_765_cov_23.355856	251	331	4	16	80	0.2000000
NODE_13450_length_765_cov_23.355856	251	331	5	49	80	0.6125000
NODE_13450_length_765_cov_23.355856	251	331	6	15	80	0.1875000
NODE_13450_length_765_cov_23.355856	304	384	4	23	80	0.2875000
NODE_13450_length_765_cov_23.355856	304	384	5	4	80	0.0500000
NODE_13450_length_765_cov_23.355856	304	384	6	20	80	0.2500000
NODE_13450_length_765_cov_23.355856	304	384	7	13	80	0.1625000
NODE_13450_length_765_cov_23.355856	304	384	8	8	80	0.1000000
NODE_13450_length_765_cov_23.355856	304	384	9	5	80	0.0625000
NODE_13450_length_765_cov_23.355856	304	384	10	7	80	0.0875000
NODE_13450_length_765_cov_23.355856	380	460	9	11	80	0.1375000
NODE_13450_length_765_cov_23.355856	380	460	10	37	80	0.4625000
NODE_13450_length_765_cov_23.355856	380	460	11	7	80	0.0875000
NODE_13450_length_765_cov_23.355856	380	460	12	25	80	0.3125000
NODE_13450_length_765_cov_23.355856	433	506	8	5	73	0.0684932
NODE_13450_length_765_cov_23.355856	433	506	9	24	73	0.3287671
NODE_13450_length_765_cov_23.355856	433	506	11	19	73	0.2602740
NODE_13450_length_765_cov_23.355856	433	506	12	25	73	0.3424658
NODE_13451_length_765_cov_23.322823	256	336	1	19	80	0.2375000
NODE_13451_length_765_cov_23.322823	256	336	2	45	80	0.5625000
NODE_13451_length_765_cov_23.322823	256	336	3	16	80	0.2000000
NODE_13451_length_765_cov_23.322823	309	389	2	11	80	0.1375000
NODE_13451_length_765_cov_23.322823	309	389	3	51	80	0.6375000
NODE_13451_length_765_cov_23.322823	309	389	4	18	80	0.2250000
NODE_13452_length_765_cov_21.741742	379	452	2	18	73	0.2465753
NODE_13452_length_765_cov_21.741742	379	452	3	55	73	0.7534246
NODE_13452_length_765_cov_21.741742	425	505	3	74	80	0.9250000
NODE_13452_length_765_cov_21.741742	425	505	5	6	80	0.0750000
NODE_13453_length_765_cov_14.253754	450	530	1	61	80	0.7625000
NODE_13453_length_765_cov_14.253754	450	530	3	19	80	0.2375000
NODE_13453_length_765_cov_14.253754	503	583	1	8	80	0.1000000
NODE_13453_length_765_cov_14.253754	503	583	3	23	80	0.2875000
NODE_13453_length_765_cov_14.253754	503	583	4	49	80	0.6125000
NODE_13454_length_765_cov_13.627628	313	393	1	8	80	0.1000000
NODE_13454_length_765_cov_13.627628	313	393	2	72	80	0.9000000
NODE_13454_length_765_cov_13.627628	366	446	1	21	80	0.2625000
NODE_13454_length_765_cov_13.627628	366	446	2	59	80	0.7375000
NODE_13455_length_765_cov_5.561562	319	349	0	30	30	1.0000000
NODE_13458_length_765_cov_4.367868	433	513	0	56	80	0.7000000
NODE_13458_length_765_cov_4.367868	433	513	1	5	80	0.0625000
NODE_13458_length_765_cov_4.367868	433	513	2	19	80	0.2375000
NODE_13458_length_765_cov_4.367868	486	566	0	3	80	0.0375000
NODE_13458_length_765_cov_4.367868	486	566	1	5	80	0.0625000
NODE_13458_length_765_cov_4.367868	486	566	2	72	80	0.9000000
NODE_13483_length_764_cov_30.096241	436	516	0	7	80	0.0875000
NODE_13483_length_764_cov_30.096241	436	516	1	1	80	0.0125000
NODE_13483_length_764_cov_30.096241	436	516	2	33	80	0.4125000
NODE_13483_length_764_cov_30.096241	436	516	3	39	80	0.4875000
NODE_13483_length_764_cov_30.096241	489	569	0	34	80	0.4250000
NODE_13483_length_764_cov_30.096241	489	569	1	27	80	0.3375000
NODE_13483_length_764_cov_30.096241	489	569	2	19	80	0.2375000
NODE_13484_length_764_cov_29.218045	304	384	8	5	80	0.0625000
NODE_13484_length_764_cov_29.218045	304	384	9	21	80	0.2625000
NODE_13484_length_764_cov_29.218045	304	384	10	24	80	0.3000000
NODE_13484_length_764_cov_29.218045	304	384	11	27	80	0.3375000
NODE_13484_length_764_cov_29.218045	304	384	12	3	80	0.0375000
NODE_13484_length_764_cov_29.218045	357	437	7	2	80	0.0250000
NODE_13484_length_764_cov_29.218045	357	437	9	3	80	0.0375000
NODE_13484_length_764_cov_29.218045	357	437	10	69	80	0.8625000
NODE_13484_length_764_cov_29.218045	357	437	11	6	80	0.0750000
NODE_13485_length_764_cov_25.951880	421	501	2	17	80	0.2125000
NODE_13485_length_764_cov_25.951880	421	501	4	28	80	0.3500000
NODE_13485_length_764_cov_25.951880	421	501	5	19	80	0.2375000
NODE_13485_length_764_cov_25.951880	421	501	6	16	80	0.2000000
NODE_13485_length_764_cov_25.951880	474	554	1	19	80	0.2375000
NODE_13485_length_764_cov_25.951880	474	554	2	51	80	0.6375000
NODE_13485_length_764_cov_25.951880	474	554	4	10	80	0.1250000
NODE_13486_length_764_cov_23.590977	204	284	5	17	80	0.2125000
NODE_13486_length_764_cov_23.590977	204	284	7	37	80	0.4625000
NODE_13486_length_764_cov_23.590977	204	284	8	26	80	0.3250000
NODE_13486_length_764_cov_23.590977	257	337	5	1	80	0.0125000
NODE_13486_length_764_cov_23.590977	257	337	6	8	80	0.1000000
NODE_13486_length_764_cov_23.590977	257	337	7	27	80	0.3375000
NODE_13486_length_764_cov_23.590977	257	337	8	44	80	0.5500000
NODE_13488_length_764_cov_6.804511	281	361	0	80	80	1.0000000
NODE_13488_length_764_cov_6.804511	334	414	0	80	80	1.0000000
NODE_13489_length_764_cov_6.700752	392	458	0	66	66	1.0000000
NODE_13508_length_764_cov_1.171429	475	537	0	62	62	1.0000000
NODE_13520_length_763_cov_28.807229	311	391	8	14	80	0.1750000
NODE_13520_length_763_cov_28.807229	311	391	9	32	80	0.4000000
NODE_13520_length_763_cov_28.807229	311	391	10	34	80	0.4250000
NODE_13520_length_763_cov_28.807229	364	444	3	6	80	0.0750000
NODE_13520_length_763_cov_28.807229	364	444	4	1	80	0.0125000
NODE_13520_length_763_cov_28.807229	364	444	5	1	80	0.0125000
NODE_13520_length_763_cov_28.807229	364	444	6	23	80	0.2875000
NODE_13520_length_763_cov_28.807229	364	444	7	15	80	0.1875000
NODE_13520_length_763_cov_28.807229	364	444	8	6	80	0.0750000
NODE_13520_length_763_cov_28.807229	364	444	9	8	80	0.1000000
NODE_13520_length_763_cov_28.807229	364	444	10	20	80	0.2500000
NODE_13521_length_763_cov_25.299699	598	673	0	75	75	1.0000000
NODE_13521_length_763_cov_25.299699	598	678	0	80	80	1.0000000
NODE_13521_length_763_cov_25.299699	605	675	0	70	70	1.0000000
NODE_13521_length_763_cov_25.299699	607	678	0	71	71	1.0000000
NODE_13521_length_763_cov_25.299699	651	731	0	80	80	1.0000000
NODE_13521_length_763_cov_25.299699	651	731	0	80	80	1.0000000
NODE_13521_length_763_cov_25.299699	651	731	0	80	80	1.0000000
NODE_13521_length_763_cov_25.299699	651	731	0	80	80	1.0000000
NODE_13522_length_763_cov_12.887048	336	416	2	75	80	0.9375000
NODE_13522_length_763_cov_12.887048	336	416	3	5	80	0.0625000
NODE_13522_length_763_cov_12.887048	389	469	2	28	80	0.3500000
NODE_13522_length_763_cov_12.887048	389	469	3	25	80	0.3125000
NODE_13522_length_763_cov_12.887048	389	469	4	27	80	0.3375000
NODE_13523_length_763_cov_11.599398	547	627	3	50	80	0.6250000
NODE_13523_length_763_cov_11.599398	547	627	4	30	80	0.3750000
NODE_13523_length_763_cov_11.599398	600	680	2	16	80	0.2000000
NODE_13523_length_763_cov_11.599398	600	680	3	31	80	0.3875000
NODE_13523_length_763_cov_11.599398	600	680	4	21	80	0.2625000
NODE_13523_length_763_cov_11.599398	600	680	5	12	80	0.1500000
NODE_13524_length_763_cov_9.378012	297	377	2	80	80	1.0000000
NODE_13524_length_763_cov_9.378012	350	430	2	28	80	0.3500000
NODE_13524_length_763_cov_9.378012	350	430	4	52	80	0.6500000
NODE_13526_length_763_cov_7.246988	368	448	0	36	80	0.4500000
NODE_13526_length_763_cov_7.246988	368	448	1	8	80	0.1000000
NODE_13526_length_763_cov_7.246988	368	448	2	36	80	0.4500000
NODE_13526_length_763_cov_7.246988	421	501	2	80	80	1.0000000
NODE_13527_length_763_cov_6.414157	371	451	0	80	80	1.0000000
NODE_13527_length_763_cov_6.414157	424	504	0	80	80	1.0000000
NODE_13558_length_762_cov_21.236802	368	448	2	80	80	1.0000000
NODE_13558_length_762_cov_21.236802	421	501	1	10	80	0.1250000
NODE_13558_length_762_cov_21.236802	421	501	2	70	80	0.8750000
NODE_13559_length_762_cov_19.984917	327	407	0	16	80	0.2000000
NODE_13559_length_762_cov_19.984917	327	407	2	64	80	0.8000000
NODE_13559_length_762_cov_19.984917	380	460	0	6	80	0.0750000
NODE_13559_length_762_cov_19.984917	380	460	2	74	80	0.9250000
NODE_13560_length_762_cov_15.975867	318	398	2	8	80	0.1000000
NODE_13560_length_762_cov_15.975867	318	398	3	55	80	0.6875000
NODE_13560_length_762_cov_15.975867	318	398	4	17	80	0.2125000
NODE_13560_length_762_cov_15.975867	371	439	1	10	68	0.1470588
NODE_13560_length_762_cov_15.975867	371	439	2	39	68	0.5735294
NODE_13560_length_762_cov_15.975867	371	439	3	19	68	0.2794118
NODE_13561_length_762_cov_12.728507	381	461	1	2	80	0.0250000
NODE_13561_length_762_cov_12.728507	381	461	4	78	80	0.9750000
NODE_13561_length_762_cov_12.728507	434	514	0	4	80	0.0500000
NODE_13561_length_762_cov_12.728507	434	514	1	51	80	0.6375000
NODE_13561_length_762_cov_12.728507	434	514	4	25	80	0.3125000
NODE_13562_length_762_cov_10.078431	277	357	0	6	80	0.0750000
NODE_13562_length_762_cov_10.078431	277	357	1	57	80	0.7125000
NODE_13562_length_762_cov_10.078431	277	357	2	17	80	0.2125000
NODE_13562_length_762_cov_10.078431	330	410	1	10	80	0.1250000
NODE_13562_length_762_cov_10.078431	330	410	2	70	80	0.8750000
NODE_13563_length_762_cov_9.705882	339	419	2	80	80	1.0000000
NODE_13563_length_762_cov_9.705882	392	472	2	80	80	1.0000000
NODE_13564_length_762_cov_7.276018	316	395	0	79	79	1.0000000
NODE_13564_length_762_cov_7.276018	368	448	0	80	80	1.0000000
NODE_13565_length_762_cov_6.168929	222	302	1	80	80	1.0000000
NODE_13565_length_762_cov_6.168929	275	355	0	36	80	0.4500000
NODE_13565_length_762_cov_6.168929	275	355	1	44	80	0.5500000
NODE_13613_length_761_cov_44.243202	531	582	10	9	51	0.1764706
NODE_13613_length_761_cov_44.243202	531	582	12	31	51	0.6078432
NODE_13613_length_761_cov_44.243202	531	582	14	11	51	0.2156863
NODE_13614_length_761_cov_38.809668	342	422	2	18	80	0.2250000
NODE_13614_length_761_cov_38.809668	342	422	3	46	80	0.5750000
NODE_13614_length_761_cov_38.809668	342	422	4	16	80	0.2000000
NODE_13614_length_761_cov_38.809668	395	475	2	70	80	0.8750000
NODE_13614_length_761_cov_38.809668	395	475	3	4	80	0.0500000
NODE_13614_length_761_cov_38.809668	395	475	4	6	80	0.0750000
NODE_13615_length_761_cov_38.694864	314	394	5	22	80	0.2750000
NODE_13615_length_761_cov_38.694864	314	394	7	10	80	0.1250000
NODE_13615_length_761_cov_38.694864	314	394	8	33	80	0.4125000
NODE_13615_length_761_cov_38.694864	314	394	9	7	80	0.0875000
NODE_13615_length_761_cov_38.694864	314	394	10	8	80	0.1000000
NODE_13615_length_761_cov_38.694864	367	447	6	50	80	0.6250000
NODE_13615_length_761_cov_38.694864	367	447	7	4	80	0.0500000
NODE_13615_length_761_cov_38.694864	367	447	8	26	80	0.3250000
NODE_13616_length_761_cov_32.382175	432	512	7	1	80	0.0125000
NODE_13616_length_761_cov_32.382175	432	512	8	7	80	0.0875000
NODE_13616_length_761_cov_32.382175	432	512	9	20	80	0.2500000
NODE_13616_length_761_cov_32.382175	432	512	10	36	80	0.4500000
NODE_13616_length_761_cov_32.382175	432	512	12	16	80	0.2000000
NODE_13616_length_761_cov_32.382175	485	565	4	7	80	0.0875000
NODE_13616_length_761_cov_32.382175	485	565	5	18	80	0.2250000
NODE_13616_length_761_cov_32.382175	485	565	6	17	80	0.2125000
NODE_13616_length_761_cov_32.382175	485	565	7	1	80	0.0125000
NODE_13616_length_761_cov_32.382175	485	565	8	15	80	0.1875000
NODE_13616_length_761_cov_32.382175	485	565	9	18	80	0.2250000
NODE_13616_length_761_cov_32.382175	485	565	10	4	80	0.0500000
NODE_13617_length_761_cov_31.444109	323	403	4	4	80	0.0500000
NODE_13617_length_761_cov_31.444109	323	403	6	39	80	0.4875000
NODE_13617_length_761_cov_31.444109	323	403	7	23	80	0.2875000
NODE_13617_length_761_cov_31.444109	323	403	9	14	80	0.1750000
NODE_13617_length_761_cov_31.444109	376	467	5	11	91	0.1208791
NODE_13617_length_761_cov_31.444109	376	467	6	40	91	0.4395604
NODE_13617_length_761_cov_31.444109	376	467	7	13	91	0.1428571
NODE_13617_length_761_cov_31.444109	376	467	9	27	91	0.2967033
NODE_13618_length_761_cov_14.004532	366	446	4	49	80	0.6125000
NODE_13618_length_761_cov_14.004532	366	446	6	10	80	0.1250000
NODE_13618_length_761_cov_14.004532	366	446	8	21	80	0.2625000
NODE_13618_length_761_cov_14.004532	419	499	5	48	80	0.6000000
NODE_13618_length_761_cov_14.004532	419	499	6	6	80	0.0750000
NODE_13618_length_761_cov_14.004532	419	499	7	1	80	0.0125000
NODE_13618_length_761_cov_14.004532	419	499	8	25	80	0.3125000
NODE_13619_length_761_cov_13.287009	336	415	2	79	79	1.0000000
NODE_13619_length_761_cov_13.287009	388	468	2	78	80	0.9750000
NODE_13619_length_761_cov_13.287009	388	468	4	2	80	0.0250000
NODE_13621_length_761_cov_9.654079	274	354	1	15	80	0.1875000
NODE_13621_length_761_cov_9.654079	274	354	2	38	80	0.4750000
NODE_13621_length_761_cov_9.654079	274	354	3	25	80	0.3125000
NODE_13621_length_761_cov_9.654079	274	354	4	2	80	0.0250000
NODE_13621_length_761_cov_9.654079	327	407	3	25	80	0.3125000
NODE_13621_length_761_cov_9.654079	327	407	4	52	80	0.6500000
NODE_13621_length_761_cov_9.654079	327	407	5	3	80	0.0375000
NODE_13622_length_761_cov_7.306647	308	388	0	80	80	1.0000000
NODE_13622_length_761_cov_7.306647	361	441	0	80	80	1.0000000
NODE_13625_length_761_cov_4.314199	354	434	0	80	80	1.0000000
NODE_13625_length_761_cov_4.314199	407	487	0	80	80	1.0000000
NODE_13658_length_760_cov_48.290469	215	295	1	6	80	0.0750000
NODE_13658_length_760_cov_48.290469	215	295	2	7	80	0.0875000
NODE_13658_length_760_cov_48.290469	215	295	4	9	80	0.1125000
NODE_13658_length_760_cov_48.290469	215	295	5	9	80	0.1125000
NODE_13658_length_760_cov_48.290469	215	295	6	2	80	0.0250000
NODE_13658_length_760_cov_48.290469	215	295	7	35	80	0.4375000
NODE_13658_length_760_cov_48.290469	215	295	8	12	80	0.1500000
NODE_13658_length_760_cov_48.290469	268	348	1	22	80	0.2750000
NODE_13658_length_760_cov_48.290469	268	348	2	36	80	0.4500000
NODE_13658_length_760_cov_48.290469	268	348	3	8	80	0.1000000
NODE_13658_length_760_cov_48.290469	268	348	4	9	80	0.1125000
NODE_13658_length_760_cov_48.290469	268	348	5	5	80	0.0625000
NODE_13658_length_760_cov_48.290469	344	424	2	3	80	0.0375000
NODE_13658_length_760_cov_48.290469	344	424	3	6	80	0.0750000
NODE_13658_length_760_cov_48.290469	344	424	4	9	80	0.1125000
NODE_13658_length_760_cov_48.290469	344	424	6	20	80	0.2500000
NODE_13658_length_760_cov_48.290469	344	424	7	20	80	0.2500000
NODE_13658_length_760_cov_48.290469	344	424	8	15	80	0.1875000
NODE_13658_length_760_cov_48.290469	344	424	9	7	80	0.0875000
NODE_13658_length_760_cov_48.290469	397	477	7	6	80	0.0750000
NODE_13658_length_760_cov_48.290469	397	477	8	30	80	0.3750000
NODE_13658_length_760_cov_48.290469	397	477	9	44	80	0.5500000
NODE_13659_length_760_cov_28.314675	384	464	3	80	80	1.0000000
NODE_13659_length_760_cov_28.314675	437	517	3	60	80	0.7500000
NODE_13659_length_760_cov_28.314675	437	517	4	20	80	0.2500000
NODE_13660_length_760_cov_27.981846	432	512	1	12	80	0.1500000
NODE_13660_length_760_cov_27.981846	432	512	3	17	80	0.2125000
NODE_13660_length_760_cov_27.981846	432	512	4	21	80	0.2625000
NODE_13660_length_760_cov_27.981846	432	512	5	16	80	0.2000000
NODE_13660_length_760_cov_27.981846	432	512	6	14	80	0.1750000
NODE_13660_length_760_cov_27.981846	485	565	4	5	80	0.0625000
NODE_13660_length_760_cov_27.981846	485	565	5	8	80	0.1000000
NODE_13660_length_760_cov_27.981846	485	565	6	16	80	0.2000000
NODE_13660_length_760_cov_27.981846	485	565	7	1	80	0.0125000
NODE_13660_length_760_cov_27.981846	485	565	9	50	80	0.6250000
NODE_13661_length_760_cov_17.500756	372	452	6	4	80	0.0500000
NODE_13661_length_760_cov_17.500756	372	452	7	32	80	0.4000000
NODE_13661_length_760_cov_17.500756	372	452	8	23	80	0.2875000
NODE_13661_length_760_cov_17.500756	372	452	9	2	80	0.0250000
NODE_13661_length_760_cov_17.500756	372	452	10	10	80	0.1250000
NODE_13661_length_760_cov_17.500756	372	452	11	9	80	0.1125000
NODE_13661_length_760_cov_17.500756	425	505	4	25	80	0.3125000
NODE_13661_length_760_cov_17.500756	425	505	6	14	80	0.1750000
NODE_13661_length_760_cov_17.500756	425	505	7	7	80	0.0875000
NODE_13661_length_760_cov_17.500756	425	505	8	8	80	0.1000000
NODE_13661_length_760_cov_17.500756	425	505	9	2	80	0.0250000
NODE_13661_length_760_cov_17.500756	425	505	10	15	80	0.1875000
NODE_13661_length_760_cov_17.500756	425	505	11	9	80	0.1125000
NODE_13662_length_760_cov_17.420575	183	263	0	80	80	1.0000000
NODE_13662_length_760_cov_17.420575	236	316	0	80	80	1.0000000
NODE_13663_length_760_cov_13.444781	357	437	1	30	80	0.3750000
NODE_13663_length_760_cov_13.444781	357	437	3	9	80	0.1125000
NODE_13663_length_760_cov_13.444781	357	437	5	41	80	0.5125000
NODE_13663_length_760_cov_13.444781	410	490	4	20	80	0.2500000
NODE_13663_length_760_cov_13.444781	410	490	5	42	80	0.5250000
NODE_13663_length_760_cov_13.444781	410	490	6	18	80	0.2250000
NODE_13664_length_760_cov_13.196672	282	362	0	80	80	1.0000000
NODE_13664_length_760_cov_13.196672	335	415	0	45	80	0.5625000
NODE_13664_length_760_cov_13.196672	335	415	4	35	80	0.4375000
NODE_13665_length_760_cov_12.692890	295	375	0	27	80	0.3375000
NODE_13665_length_760_cov_12.692890	295	375	1	22	80	0.2750000
NODE_13665_length_760_cov_12.692890	295	375	2	31	80	0.3875000
NODE_13665_length_760_cov_12.692890	348	428	2	80	80	1.0000000
NODE_13671_length_760_cov_4.282905	388	468	0	80	80	1.0000000
NODE_13671_length_760_cov_4.282905	441	521	0	80	80	1.0000000
NODE_13671_length_760_cov_4.282905	517	597	0	20	80	0.2500000
NODE_13671_length_760_cov_4.282905	517	597	1	11	80	0.1375000
NODE_13671_length_760_cov_4.282905	517	597	2	49	80	0.6125000
NODE_13683_length_760_cov_1.990923	490	570	0	67	80	0.8375000
NODE_13683_length_760_cov_1.990923	490	570	1	13	80	0.1625000
NODE_13683_length_760_cov_1.990923	543	623	0	14	80	0.1750000
NODE_13683_length_760_cov_1.990923	543	623	1	35	80	0.4375000
NODE_13683_length_760_cov_1.990923	543	623	3	3	80	0.0375000
NODE_13683_length_760_cov_1.990923	543	623	5	28	80	0.3500000
NODE_13709_length_759_cov_24.757576	376	456	2	23	80	0.2875000
NODE_13709_length_759_cov_24.757576	376	456	3	57	80	0.7125000
NODE_13709_length_759_cov_24.757576	429	509	1	10	80	0.1250000
NODE_13709_length_759_cov_24.757576	429	509	2	13	80	0.1625000
NODE_13709_length_759_cov_24.757576	429	509	3	57	80	0.7125000
NODE_13710_length_759_cov_14.356061	210	290	2	80	80	1.0000000
NODE_13710_length_759_cov_14.356061	263	343	0	41	80	0.5125000
NODE_13710_length_759_cov_14.356061	263	343	2	39	80	0.4875000
NODE_13711_length_759_cov_10.956061	328	408	3	16	80	0.2000000
NODE_13711_length_759_cov_10.956061	328	408	4	53	80	0.6625000
NODE_13711_length_759_cov_10.956061	328	408	6	11	80	0.1375000
NODE_13711_length_759_cov_10.956061	381	461	4	73	80	0.9125000
NODE_13711_length_759_cov_10.956061	381	461	6	7	80	0.0875000
NODE_13712_length_759_cov_10.639394	330	410	2	6	80	0.0750000
NODE_13712_length_759_cov_10.639394	330	410	4	36	80	0.4500000
NODE_13712_length_759_cov_10.639394	330	410	6	2	80	0.0250000
NODE_13712_length_759_cov_10.639394	330	410	8	10	80	0.1250000
NODE_13712_length_759_cov_10.639394	330	410	10	26	80	0.3250000
NODE_13712_length_759_cov_10.639394	383	463	8	41	80	0.5125000
NODE_13712_length_759_cov_10.639394	383	463	10	39	80	0.4875000
NODE_13713_length_759_cov_9.192424	209	290	1	2	81	0.0246914
NODE_13713_length_759_cov_9.192424	209	290	3	1	81	0.0123457
NODE_13713_length_759_cov_9.192424	209	290	5	3	81	0.0370370
NODE_13713_length_759_cov_9.192424	209	290	7	7	81	0.0864198
NODE_13713_length_759_cov_9.192424	209	290	11	14	81	0.1728395
NODE_13713_length_759_cov_9.192424	209	290	12	9	81	0.1111111
NODE_13713_length_759_cov_9.192424	209	290	14	2	81	0.0246914
NODE_13713_length_759_cov_9.192424	209	290	16	33	81	0.4074074
NODE_13713_length_759_cov_9.192424	209	290	18	7	81	0.0864198
NODE_13713_length_759_cov_9.192424	209	290	19	2	81	0.0246914
NODE_13713_length_759_cov_9.192424	209	290	20	1	81	0.0123457
NODE_13713_length_759_cov_9.192424	262	310	1	22	48	0.4583333
NODE_13713_length_759_cov_9.192424	262	310	3	1	48	0.0208333
NODE_13713_length_759_cov_9.192424	262	310	5	3	48	0.0625000
NODE_13713_length_759_cov_9.192424	262	310	7	7	48	0.1458333
NODE_13713_length_759_cov_9.192424	262	310	11	14	48	0.2916667
NODE_13713_length_759_cov_9.192424	262	310	12	1	48	0.0208333
NODE_13714_length_759_cov_8.771212	292	372	3	45	80	0.5625000
NODE_13714_length_759_cov_8.771212	292	372	4	35	80	0.4375000
NODE_13714_length_759_cov_8.771212	345	425	4	42	80	0.5250000
NODE_13714_length_759_cov_8.771212	345	425	5	38	80	0.4750000
NODE_13715_length_759_cov_8.650000	324	404	2	62	80	0.7750000
NODE_13715_length_759_cov_8.650000	324	404	3	18	80	0.2250000
NODE_13715_length_759_cov_8.650000	377	457	2	55	80	0.6875000
NODE_13715_length_759_cov_8.650000	377	457	3	25	80	0.3125000
NODE_13716_length_759_cov_8.268182	604	684	2	76	80	0.9500000
NODE_13716_length_759_cov_8.268182	604	684	4	4	80	0.0500000
NODE_13716_length_759_cov_8.268182	657	737	2	42	80	0.5250000
NODE_13716_length_759_cov_8.268182	657	737	3	21	80	0.2625000
NODE_13716_length_759_cov_8.268182	657	737	4	17	80	0.2125000
NODE_13717_length_759_cov_6.833333	381	461	0	80	80	1.0000000
NODE_13717_length_759_cov_6.833333	434	515	0	81	81	1.0000000
NODE_13718_length_759_cov_6.407576	319	399	0	15	80	0.1875000
NODE_13718_length_759_cov_6.407576	319	399	1	26	80	0.3250000
NODE_13718_length_759_cov_6.407576	319	399	2	39	80	0.4875000
NODE_13718_length_759_cov_6.407576	372	452	2	80	80	1.0000000
NODE_13725_length_759_cov_3.400000	355	435	0	80	80	1.0000000
NODE_13725_length_759_cov_3.400000	408	488	0	80	80	1.0000000
NODE_13726_length_759_cov_3.346970	240	322	0	82	82	1.0000000
NODE_13760_length_758_cov_38.414264	215	295	0	31	80	0.3875000
NODE_13760_length_758_cov_38.414264	215	295	1	32	80	0.4000000
NODE_13760_length_758_cov_38.414264	215	295	2	1	80	0.0125000
NODE_13760_length_758_cov_38.414264	215	295	3	9	80	0.1125000
NODE_13760_length_758_cov_38.414264	215	295	4	7	80	0.0875000
NODE_13760_length_758_cov_38.414264	268	348	1	10	80	0.1250000
NODE_13760_length_758_cov_38.414264	268	348	2	1	80	0.0125000
NODE_13760_length_758_cov_38.414264	268	348	3	9	80	0.1125000
NODE_13760_length_758_cov_38.414264	268	348	4	10	80	0.1250000
NODE_13760_length_758_cov_38.414264	268	348	5	6	80	0.0750000
NODE_13760_length_758_cov_38.414264	268	348	6	44	80	0.5500000
NODE_13760_length_758_cov_38.414264	344	424	6	45	80	0.5625000
NODE_13760_length_758_cov_38.414264	344	424	7	35	80	0.4375000
NODE_13760_length_758_cov_38.414264	397	477	2	23	80	0.2875000
NODE_13760_length_758_cov_38.414264	397	477	3	6	80	0.0750000
NODE_13760_length_758_cov_38.414264	397	477	4	11	80	0.1375000
NODE_13760_length_758_cov_38.414264	397	477	5	9	80	0.1125000
NODE_13760_length_758_cov_38.414264	397	477	6	31	80	0.3875000
NODE_13761_length_758_cov_36.722307	331	411	7	2	80	0.0250000
NODE_13761_length_758_cov_36.722307	331	411	8	11	80	0.1375000
NODE_13761_length_758_cov_36.722307	331	411	9	44	80	0.5500000
NODE_13761_length_758_cov_36.722307	331	411	10	23	80	0.2875000
NODE_13761_length_758_cov_36.722307	384	464	6	7	80	0.0875000
NODE_13761_length_758_cov_36.722307	384	464	7	1	80	0.0125000
NODE_13761_length_758_cov_36.722307	384	464	8	4	80	0.0500000
NODE_13761_length_758_cov_36.722307	384	464	9	6	80	0.0750000
NODE_13761_length_758_cov_36.722307	384	464	10	55	80	0.6875000
NODE_13761_length_758_cov_36.722307	384	464	11	7	80	0.0875000
NODE_13762_length_758_cov_29.910470	235	315	8	5	80	0.0625000
NODE_13762_length_758_cov_29.910470	235	315	9	71	80	0.8875000
NODE_13762_length_758_cov_29.910470	235	315	11	4	80	0.0500000
NODE_13762_length_758_cov_29.910470	288	368	2	1	80	0.0125000
NODE_13762_length_758_cov_29.910470	288	368	4	5	80	0.0625000
NODE_13762_length_758_cov_29.910470	288	368	5	5	80	0.0625000
NODE_13762_length_758_cov_29.910470	288	368	6	14	80	0.1750000
NODE_13762_length_758_cov_29.910470	288	368	8	20	80	0.2500000
NODE_13762_length_758_cov_29.910470	288	368	9	35	80	0.4375000
NODE_13763_length_758_cov_16.226100	386	466	2	2	80	0.0250000
NODE_13763_length_758_cov_16.226100	386	466	4	39	80	0.4875000
NODE_13763_length_758_cov_16.226100	386	466	6	13	80	0.1625000
NODE_13763_length_758_cov_16.226100	386	466	8	26	80	0.3250000
NODE_13763_length_758_cov_16.226100	439	519	6	9	80	0.1125000
NODE_13763_length_758_cov_16.226100	439	519	7	2	80	0.0250000
NODE_13763_length_758_cov_16.226100	439	519	8	69	80	0.8625000
NODE_13764_length_758_cov_16.097117	311	391	3	59	80	0.7375000
NODE_13764_length_758_cov_16.097117	311	391	4	21	80	0.2625000
NODE_13764_length_758_cov_16.097117	364	444	2	18	80	0.2250000
NODE_13764_length_758_cov_16.097117	364	444	3	47	80	0.5875000
NODE_13764_length_758_cov_16.097117	364	444	4	15	80	0.1875000
NODE_13765_length_758_cov_15.525038	260	340	0	34	80	0.4250000
NODE_13765_length_758_cov_15.525038	260	340	1	46	80	0.5750000
NODE_13765_length_758_cov_15.525038	313	393	1	80	80	1.0000000
NODE_13768_length_758_cov_9.153263	224	299	0	53	75	0.7066666
NODE_13768_length_758_cov_9.153263	224	299	1	15	75	0.2000000
NODE_13768_length_758_cov_9.153263	224	299	2	7	75	0.0933333
NODE_13771_length_758_cov_4.241275	508	588	0	80	80	1.0000000
NODE_13772_length_758_cov_3.902883	346	426	0	80	80	1.0000000
NODE_13772_length_758_cov_3.902883	399	479	0	80	80	1.0000000
NODE_13794_length_757_cov_49.057751	155	235	1	16	80	0.2000000
NODE_13794_length_757_cov_49.057751	155	235	2	1	80	0.0125000
NODE_13794_length_757_cov_49.057751	155	235	3	63	80	0.7875000
NODE_13794_length_757_cov_49.057751	208	288	1	7	80	0.0875000
NODE_13794_length_757_cov_49.057751	208	288	3	73	80	0.9125000
NODE_13795_length_757_cov_29.954407	181	262	0	81	81	1.0000000
NODE_13795_length_757_cov_29.954407	235	315	0	39	80	0.4875000
NODE_13795_length_757_cov_29.954407	235	315	2	41	80	0.5125000
NODE_13795_length_757_cov_29.954407	311	391	0	14	80	0.1750000
NODE_13795_length_757_cov_29.954407	311	391	2	66	80	0.8250000
NODE_13795_length_757_cov_29.954407	364	444	0	67	80	0.8375000
NODE_13795_length_757_cov_29.954407	364	444	2	13	80	0.1625000
NODE_13796_length_757_cov_25.565350	352	432	2	33	80	0.4125000
NODE_13796_length_757_cov_25.565350	352	432	3	20	80	0.2500000
NODE_13796_length_757_cov_25.565350	352	432	4	27	80	0.3375000
NODE_13796_length_757_cov_25.565350	405	483	2	26	78	0.3333333
NODE_13796_length_757_cov_25.565350	405	483	4	52	78	0.6666667
NODE_13797_length_757_cov_18.338906	264	344	0	51	80	0.6375000
NODE_13797_length_757_cov_18.338906	264	344	1	29	80	0.3625000
NODE_13797_length_757_cov_18.338906	317	397	1	80	80	1.0000000
NODE_13798_length_757_cov_15.879939	58	138	0	15	80	0.1875000
NODE_13798_length_757_cov_15.879939	58	138	2	65	80	0.8125000
NODE_13798_length_757_cov_15.879939	111	191	0	28	80	0.3500000
NODE_13798_length_757_cov_15.879939	111	191	2	52	80	0.6500000
NODE_13800_length_757_cov_15.291793	314	394	0	34	80	0.4250000
NODE_13800_length_757_cov_15.291793	314	394	1	17	80	0.2125000
NODE_13800_length_757_cov_15.291793	314	394	3	29	80	0.3625000
NODE_13800_length_757_cov_15.291793	367	447	3	40	80	0.5000000
NODE_13800_length_757_cov_15.291793	367	447	4	40	80	0.5000000
NODE_13807_length_757_cov_3.182371	423	503	2	80	80	1.0000000
NODE_13807_length_757_cov_3.182371	476	556	1	4	80	0.0500000
NODE_13807_length_757_cov_3.182371	476	556	2	76	80	0.9500000
NODE_13832_length_756_cov_26.441400	287	367	2	8	80	0.1000000
NODE_13832_length_756_cov_26.441400	287	367	4	23	80	0.2875000
NODE_13832_length_756_cov_26.441400	287	367	6	49	80	0.6125000
NODE_13832_length_756_cov_26.441400	340	420	2	14	80	0.1750000
NODE_13832_length_756_cov_26.441400	340	420	3	15	80	0.1875000
NODE_13832_length_756_cov_26.441400	340	420	6	51	80	0.6375000
NODE_13834_length_756_cov_13.097412	154	234	3	33	80	0.4125000
NODE_13834_length_756_cov_13.097412	154	234	4	47	80	0.5875000
NODE_13834_length_756_cov_13.097412	207	287	2	43	80	0.5375000
NODE_13834_length_756_cov_13.097412	207	287	3	24	80	0.3000000
NODE_13834_length_756_cov_13.097412	207	287	4	13	80	0.1625000
NODE_13835_length_756_cov_12.732116	377	457	0	80	80	1.0000000
NODE_13836_length_756_cov_9.254186	241	321	1	8	80	0.1000000
NODE_13836_length_756_cov_9.254186	241	321	2	2	80	0.0250000
NODE_13836_length_756_cov_9.254186	241	321	3	61	80	0.7625000
NODE_13836_length_756_cov_9.254186	241	321	4	9	80	0.1125000
NODE_13836_length_756_cov_9.254186	294	374	1	1	80	0.0125000
NODE_13836_length_756_cov_9.254186	294	374	3	79	80	0.9875000
NODE_13837_length_756_cov_8.304414	363	409	0	46	46	1.0000000
NODE_13838_length_756_cov_8.105023	271	351	4	6	80	0.0750000
NODE_13838_length_756_cov_8.105023	271	351	5	14	80	0.1750000
NODE_13838_length_756_cov_8.105023	271	351	6	50	80	0.6250000
NODE_13838_length_756_cov_8.105023	271	351	7	10	80	0.1250000
NODE_13838_length_756_cov_8.105023	324	404	4	9	80	0.1125000
NODE_13838_length_756_cov_8.105023	324	404	5	43	80	0.5375000
NODE_13838_length_756_cov_8.105023	324	404	6	19	80	0.2375000
NODE_13838_length_756_cov_8.105023	324	404	7	9	80	0.1125000
NODE_13840_length_756_cov_6.622527	431	511	4	4	80	0.0500000
NODE_13840_length_756_cov_6.622527	431	511	5	5	80	0.0625000
NODE_13840_length_756_cov_6.622527	431	511	6	19	80	0.2375000
NODE_13840_length_756_cov_6.622527	431	511	7	27	80	0.3375000
NODE_13840_length_756_cov_6.622527	431	511	8	25	80	0.3125000
NODE_13840_length_756_cov_6.622527	484	565	2	34	81	0.4197531
NODE_13840_length_756_cov_6.622527	484	565	3	17	81	0.2098765
NODE_13840_length_756_cov_6.622527	484	565	4	7	81	0.0864198
NODE_13840_length_756_cov_6.622527	484	565	5	5	81	0.0617284
NODE_13840_length_756_cov_6.622527	484	565	7	18	81	0.2222222
NODE_13888_length_755_cov_64.705793	303	383	4	9	80	0.1125000
NODE_13888_length_755_cov_64.705793	303	383	5	19	80	0.2375000
NODE_13888_length_755_cov_64.705793	303	383	6	3	80	0.0375000
NODE_13888_length_755_cov_64.705793	303	383	7	42	80	0.5250000
NODE_13888_length_755_cov_64.705793	303	383	8	1	80	0.0125000
NODE_13888_length_755_cov_64.705793	303	383	10	6	80	0.0750000
NODE_13888_length_755_cov_64.705793	356	436	7	20	80	0.2500000
NODE_13888_length_755_cov_64.705793	356	436	8	1	80	0.0125000
NODE_13888_length_755_cov_64.705793	356	436	10	33	80	0.4125000
NODE_13888_length_755_cov_64.705793	356	436	11	9	80	0.1125000
NODE_13888_length_755_cov_64.705793	356	436	12	14	80	0.1750000
NODE_13888_length_755_cov_64.705793	356	436	13	3	80	0.0375000
NODE_13889_length_755_cov_58.214939	425	505	2	59	80	0.7375000
NODE_13889_length_755_cov_58.214939	425	505	4	21	80	0.2625000
NODE_13889_length_755_cov_58.214939	425	505	2	59	80	0.7375000
NODE_13889_length_755_cov_58.214939	425	505	4	21	80	0.2625000
NODE_13889_length_755_cov_58.214939	478	556	0	29	78	0.3717949
NODE_13889_length_755_cov_58.214939	478	556	2	49	78	0.6282051
NODE_13889_length_755_cov_58.214939	478	556	0	29	78	0.3717949
NODE_13889_length_755_cov_58.214939	478	556	2	49	78	0.6282051
NODE_13890_length_755_cov_25.945122	237	317	2	70	80	0.8750000
NODE_13890_length_755_cov_25.945122	237	317	4	10	80	0.1250000
NODE_13890_length_755_cov_25.945122	290	370	2	17	80	0.2125000
NODE_13890_length_755_cov_25.945122	290	370	3	45	80	0.5625000
NODE_13890_length_755_cov_25.945122	290	370	4	18	80	0.2250000
NODE_13891_length_755_cov_24.263720	334	414	7	1	80	0.0125000
NODE_13891_length_755_cov_24.263720	334	414	8	45	80	0.5625000
NODE_13891_length_755_cov_24.263720	334	414	9	14	80	0.1750000
NODE_13891_length_755_cov_24.263720	334	414	10	16	80	0.2000000
NODE_13891_length_755_cov_24.263720	334	414	11	4	80	0.0500000
NODE_13891_length_755_cov_24.263720	387	467	5	21	80	0.2625000
NODE_13891_length_755_cov_24.263720	387	467	6	12	80	0.1500000
NODE_13891_length_755_cov_24.263720	387	467	7	21	80	0.2625000
NODE_13891_length_755_cov_24.263720	387	467	8	10	80	0.1250000
NODE_13891_length_755_cov_24.263720	387	467	9	12	80	0.1500000
NODE_13891_length_755_cov_24.263720	387	467	10	4	80	0.0500000
NODE_13892_length_755_cov_15.559451	306	386	0	43	80	0.5375000
NODE_13892_length_755_cov_15.559451	306	386	4	37	80	0.4625000
NODE_13892_length_755_cov_15.559451	359	439	4	80	80	1.0000000
NODE_13894_length_755_cov_10.196646	332	412	4	21	80	0.2625000
NODE_13894_length_755_cov_10.196646	332	412	5	59	80	0.7375000
NODE_13894_length_755_cov_10.196646	385	465	1	22	80	0.2750000
NODE_13894_length_755_cov_10.196646	385	465	5	58	80	0.7250000
NODE_13895_length_755_cov_9.772866	210	290	0	80	80	1.0000000
NODE_13895_length_755_cov_9.772866	263	343	0	80	80	1.0000000
NODE_13936_length_754_cov_87.432061	208	288	2	13	80	0.1625000
NODE_13936_length_754_cov_87.432061	208	288	4	9	80	0.1125000
NODE_13936_length_754_cov_87.432061	208	288	5	1	80	0.0125000
NODE_13936_length_754_cov_87.432061	208	288	6	26	80	0.3250000
NODE_13936_length_754_cov_87.432061	208	288	7	14	80	0.1750000
NODE_13936_length_754_cov_87.432061	208	288	8	17	80	0.2125000
NODE_13936_length_754_cov_87.432061	261	341	5	2	80	0.0250000
NODE_13936_length_754_cov_87.432061	261	341	6	9	80	0.1125000
NODE_13936_length_754_cov_87.432061	261	341	7	39	80	0.4875000
NODE_13936_length_754_cov_87.432061	261	341	8	30	80	0.3750000
NODE_13937_length_754_cov_16.549618	156	236	3	3	80	0.0375000
NODE_13937_length_754_cov_16.549618	156	236	4	10	80	0.1250000
NODE_13937_length_754_cov_16.549618	156	236	5	35	80	0.4375000
NODE_13937_length_754_cov_16.549618	156	236	6	32	80	0.4000000
NODE_13937_length_754_cov_16.549618	209	289	3	1	80	0.0125000
NODE_13937_length_754_cov_16.549618	209	289	4	12	80	0.1500000
NODE_13937_length_754_cov_16.549618	209	289	5	35	80	0.4375000
NODE_13937_length_754_cov_16.549618	209	289	6	32	80	0.4000000
NODE_13939_length_754_cov_9.068702	316	396	4	29	80	0.3625000
NODE_13939_length_754_cov_9.068702	316	396	5	46	80	0.5750000
NODE_13939_length_754_cov_9.068702	316	396	6	5	80	0.0625000
NODE_13939_length_754_cov_9.068702	369	449	5	57	80	0.7125000
NODE_13939_length_754_cov_9.068702	369	449	6	23	80	0.2875000
NODE_13940_length_754_cov_5.925191	287	367	3	3	80	0.0375000
NODE_13940_length_754_cov_5.925191	287	367	4	10	80	0.1250000
NODE_13940_length_754_cov_5.925191	287	367	6	67	80	0.8375000
NODE_13940_length_754_cov_5.925191	340	420	0	32	80	0.4000000
NODE_13940_length_754_cov_5.925191	340	420	1	17	80	0.2125000
NODE_13940_length_754_cov_5.925191	340	420	3	7	80	0.0875000
NODE_13940_length_754_cov_5.925191	340	420	4	10	80	0.1250000
NODE_13940_length_754_cov_5.925191	340	420	6	14	80	0.1750000
NODE_13974_length_753_cov_10.434251	386	466	1	19	80	0.2375000
NODE_13974_length_753_cov_10.434251	386	466	6	30	80	0.3750000
NODE_13974_length_753_cov_10.434251	386	466	7	31	80	0.3875000
NODE_13974_length_753_cov_10.434251	439	519	6	64	80	0.8000000
NODE_13974_length_753_cov_10.434251	439	519	7	16	80	0.2000000
NODE_13976_length_753_cov_7.056575	344	424	0	80	80	1.0000000
NODE_13976_length_753_cov_7.056575	397	477	0	80	80	1.0000000
NODE_13977_length_753_cov_4.597859	321	401	0	80	80	1.0000000
NODE_13977_length_753_cov_4.597859	374	454	0	80	80	1.0000000
NODE_14003_length_752_cov_66.281776	617	697	13	2	80	0.0250000
NODE_14003_length_752_cov_66.281776	617	697	14	7	80	0.0875000
NODE_14003_length_752_cov_66.281776	617	697	15	5	80	0.0625000
NODE_14003_length_752_cov_66.281776	617	697	16	1	80	0.0125000
NODE_14003_length_752_cov_66.281776	617	697	17	1	80	0.0125000
NODE_14003_length_752_cov_66.281776	617	697	18	4	80	0.0500000
NODE_14003_length_752_cov_66.281776	617	697	19	29	80	0.3625000
NODE_14003_length_752_cov_66.281776	617	697	20	10	80	0.1250000
NODE_14003_length_752_cov_66.281776	617	697	21	21	80	0.2625000
NODE_14003_length_752_cov_66.281776	670	751	3	2	81	0.0246914
NODE_14003_length_752_cov_66.281776	670	751	4	1	81	0.0123457
NODE_14003_length_752_cov_66.281776	670	751	5	1	81	0.0123457
NODE_14003_length_752_cov_66.281776	670	751	6	5	81	0.0617284
NODE_14003_length_752_cov_66.281776	670	751	7	26	81	0.3209876
NODE_14003_length_752_cov_66.281776	670	751	9	3	81	0.0370370
NODE_14003_length_752_cov_66.281776	670	751	11	8	81	0.0987654
NODE_14003_length_752_cov_66.281776	670	751	13	10	81	0.1234568
NODE_14003_length_752_cov_66.281776	670	751	14	7	81	0.0864198
NODE_14003_length_752_cov_66.281776	670	751	15	5	81	0.0617284
NODE_14003_length_752_cov_66.281776	670	751	16	1	81	0.0123457
NODE_14003_length_752_cov_66.281776	670	751	17	1	81	0.0123457
NODE_14003_length_752_cov_66.281776	670	751	18	4	81	0.0493827
NODE_14003_length_752_cov_66.281776	670	751	19	7	81	0.0864198
NODE_14004_length_752_cov_60.274119	193	273	7	28	80	0.3500000
NODE_14004_length_752_cov_60.274119	193	273	11	19	80	0.2375000
NODE_14004_length_752_cov_60.274119	193	273	12	1	80	0.0125000
NODE_14004_length_752_cov_60.274119	193	273	13	3	80	0.0375000
NODE_14004_length_752_cov_60.274119	193	273	15	23	80	0.2875000
NODE_14004_length_752_cov_60.274119	193	273	17	6	80	0.0750000
NODE_14004_length_752_cov_60.274119	246	326	1	22	80	0.2750000
NODE_14004_length_752_cov_60.274119	246	326	4	25	80	0.3125000
NODE_14004_length_752_cov_60.274119	246	326	5	3	80	0.0375000
NODE_14004_length_752_cov_60.274119	246	326	7	30	80	0.3750000
NODE_14005_length_752_cov_19.811639	299	379	7	3	80	0.0375000
NODE_14005_length_752_cov_19.811639	299	379	8	29	80	0.3625000
NODE_14005_length_752_cov_19.811639	299	379	10	31	80	0.3875000
NODE_14005_length_752_cov_19.811639	299	379	11	17	80	0.2125000
NODE_14005_length_752_cov_19.811639	352	432	4	6	80	0.0750000
NODE_14005_length_752_cov_19.811639	352	432	5	12	80	0.1500000
NODE_14005_length_752_cov_19.811639	352	432	6	2	80	0.0250000
NODE_14005_length_752_cov_19.811639	352	432	7	4	80	0.0500000
NODE_14005_length_752_cov_19.811639	352	432	9	5	80	0.0625000
NODE_14005_length_752_cov_19.811639	352	432	10	50	80	0.6250000
NODE_14005_length_752_cov_19.811639	352	432	11	1	80	0.0125000
NODE_14006_length_752_cov_17.661562	118	198	2	5	80	0.0625000
NODE_14006_length_752_cov_17.661562	118	198	4	18	80	0.2250000
NODE_14006_length_752_cov_17.661562	118	198	6	5	80	0.0625000
NODE_14006_length_752_cov_17.661562	118	198	8	52	80	0.6500000
NODE_14006_length_752_cov_17.661562	171	251	2	10	80	0.1250000
NODE_14006_length_752_cov_17.661562	171	251	4	28	80	0.3500000
NODE_14006_length_752_cov_17.661562	171	251	6	2	80	0.0250000
NODE_14006_length_752_cov_17.661562	171	251	8	40	80	0.5000000
NODE_14007_length_752_cov_13.275651	241	321	1	11	80	0.1375000
NODE_14007_length_752_cov_13.275651	241	321	2	69	80	0.8625000
NODE_14007_length_752_cov_13.275651	294	374	1	5	80	0.0625000
NODE_14007_length_752_cov_13.275651	294	374	2	72	80	0.9000000
NODE_14007_length_752_cov_13.275651	294	374	3	3	80	0.0375000
NODE_14008_length_752_cov_10.928025	313	393	3	11	80	0.1375000
NODE_14008_length_752_cov_10.928025	313	393	4	6	80	0.0750000
NODE_14008_length_752_cov_10.928025	313	393	5	3	80	0.0375000
NODE_14008_length_752_cov_10.928025	313	393	7	21	80	0.2625000
NODE_14008_length_752_cov_10.928025	313	393	9	2	80	0.0250000
NODE_14008_length_752_cov_10.928025	313	393	10	37	80	0.4625000
NODE_14011_length_752_cov_9.558959	249	329	1	14	80	0.1750000
NODE_14011_length_752_cov_9.558959	249	329	2	66	80	0.8250000
NODE_14011_length_752_cov_9.558959	302	382	2	72	80	0.9000000
NODE_14011_length_752_cov_9.558959	302	382	3	8	80	0.1000000
NODE_14014_length_752_cov_8.281776	237	317	3	33	80	0.4125000
NODE_14014_length_752_cov_8.281776	237	317	4	24	80	0.3000000
NODE_14014_length_752_cov_8.281776	237	317	5	23	80	0.2875000
NODE_14014_length_752_cov_8.281776	290	370	3	15	80	0.1875000
NODE_14014_length_752_cov_8.281776	290	370	4	48	80	0.6000000
NODE_14014_length_752_cov_8.281776	290	370	5	17	80	0.2125000
NODE_14015_length_752_cov_8.082695	352	432	0	80	80	1.0000000
NODE_14015_length_752_cov_8.082695	405	485	0	37	80	0.4625000
NODE_14015_length_752_cov_8.082695	405	485	2	43	80	0.5375000
NODE_14044_length_751_cov_20.730061	238	318	2	10	80	0.1250000
NODE_14044_length_751_cov_20.730061	238	318	3	45	80	0.5625000
NODE_14044_length_751_cov_20.730061	238	318	4	1	80	0.0125000
NODE_14044_length_751_cov_20.730061	238	318	5	24	80	0.3000000
NODE_14044_length_751_cov_20.730061	291	371	3	3	80	0.0375000
NODE_14044_length_751_cov_20.730061	291	371	4	27	80	0.3375000
NODE_14044_length_751_cov_20.730061	291	371	5	50	80	0.6250000
NODE_14045_length_751_cov_18.478528	328	409	8	13	81	0.1604938
NODE_14045_length_751_cov_18.478528	328	409	9	28	81	0.3456790
NODE_14045_length_751_cov_18.478528	328	409	10	40	81	0.4938272
NODE_14045_length_751_cov_18.478528	382	462	6	32	80	0.4000000
NODE_14045_length_751_cov_18.478528	382	462	7	3	80	0.0375000
NODE_14045_length_751_cov_18.478528	382	462	8	20	80	0.2500000
NODE_14045_length_751_cov_18.478528	382	462	9	6	80	0.0750000
NODE_14045_length_751_cov_18.478528	382	462	10	19	80	0.2375000
NODE_14046_length_751_cov_13.016871	172	252	2	64	80	0.8000000
NODE_14046_length_751_cov_13.016871	172	252	3	9	80	0.1125000
NODE_14046_length_751_cov_13.016871	172	252	4	2	80	0.0250000
NODE_14046_length_751_cov_13.016871	172	252	5	5	80	0.0625000
NODE_14046_length_751_cov_13.016871	225	305	2	11	80	0.1375000
NODE_14046_length_751_cov_13.016871	225	305	3	9	80	0.1125000
NODE_14046_length_751_cov_13.016871	225	305	4	2	80	0.0250000
NODE_14046_length_751_cov_13.016871	225	305	5	57	80	0.7125000
NODE_14046_length_751_cov_13.016871	225	305	6	1	80	0.0125000
NODE_14047_length_751_cov_12.363497	397	477	0	78	80	0.9750000
NODE_14047_length_751_cov_12.363497	397	477	2	2	80	0.0250000
NODE_14047_length_751_cov_12.363497	450	530	0	25	80	0.3125000
NODE_14047_length_751_cov_12.363497	450	530	2	55	80	0.6875000
NODE_14085_length_750_cov_46.371736	396	476	2	18	80	0.2250000
NODE_14085_length_750_cov_46.371736	396	476	4	26	80	0.3250000
NODE_14085_length_750_cov_46.371736	396	476	8	36	80	0.4500000
NODE_14085_length_750_cov_46.371736	449	529	5	2	80	0.0250000
NODE_14085_length_750_cov_46.371736	449	529	7	5	80	0.0625000
NODE_14085_length_750_cov_46.371736	449	529	8	73	80	0.9125000
NODE_14086_length_750_cov_24.428571	524	604	4	2	80	0.0250000
NODE_14086_length_750_cov_24.428571	524	604	5	25	80	0.3125000
NODE_14086_length_750_cov_24.428571	524	604	7	23	80	0.2875000
NODE_14086_length_750_cov_24.428571	524	604	8	10	80	0.1250000
NODE_14086_length_750_cov_24.428571	524	604	9	20	80	0.2500000
NODE_14086_length_750_cov_24.428571	683	746	0	63	63	1.0000000
NODE_14087_length_750_cov_24.311828	325	405	1	16	80	0.2000000
NODE_14087_length_750_cov_24.311828	325	405	2	4	80	0.0500000
NODE_14087_length_750_cov_24.311828	325	405	4	60	80	0.7500000
NODE_14087_length_750_cov_24.311828	378	458	1	25	80	0.3125000
NODE_14087_length_750_cov_24.311828	378	458	3	18	80	0.2250000
NODE_14087_length_750_cov_24.311828	378	458	4	37	80	0.4625000
NODE_14089_length_750_cov_8.529954	336	416	2	14	80	0.1750000
NODE_14089_length_750_cov_8.529954	336	416	3	3	80	0.0375000
NODE_14089_length_750_cov_8.529954	336	416	4	12	80	0.1500000
NODE_14089_length_750_cov_8.529954	336	416	5	28	80	0.3500000
NODE_14089_length_750_cov_8.529954	336	416	6	4	80	0.0500000
NODE_14089_length_750_cov_8.529954	336	416	7	1	80	0.0125000
NODE_14089_length_750_cov_8.529954	336	416	9	18	80	0.2250000
NODE_14089_length_750_cov_8.529954	395	469	1	24	74	0.3243243
NODE_14089_length_750_cov_8.529954	395	469	2	43	74	0.5810811
NODE_14089_length_750_cov_8.529954	395	469	3	3	74	0.0405405
NODE_14089_length_750_cov_8.529954	395	469	4	4	74	0.0540541
NODE_14137_length_749_cov_18.986154	221	301	2	22	80	0.2750000
NODE_14137_length_749_cov_18.986154	221	301	3	3	80	0.0375000
NODE_14137_length_749_cov_18.986154	221	301	5	16	80	0.2000000
NODE_14137_length_749_cov_18.986154	221	301	6	5	80	0.0625000
NODE_14137_length_749_cov_18.986154	221	301	8	6	80	0.0750000
NODE_14137_length_749_cov_18.986154	221	301	9	28	80	0.3500000
NODE_14137_length_749_cov_18.986154	274	354	7	6	80	0.0750000
NODE_14137_length_749_cov_18.986154	274	354	8	5	80	0.0625000
NODE_14137_length_749_cov_18.986154	274	354	9	69	80	0.8625000
NODE_14138_length_749_cov_18.836923	273	355	4	8	82	0.0975610
NODE_14138_length_749_cov_18.836923	273	355	5	12	82	0.1463415
NODE_14138_length_749_cov_18.836923	273	355	6	24	82	0.2926829
NODE_14138_length_749_cov_18.836923	273	355	7	29	82	0.3536585
NODE_14138_length_749_cov_18.836923	273	355	8	9	82	0.1097561
NODE_14138_length_749_cov_18.836923	328	408	5	6	80	0.0750000
NODE_14138_length_749_cov_18.836923	328	408	6	44	80	0.5500000
NODE_14138_length_749_cov_18.836923	328	408	7	18	80	0.2250000
NODE_14138_length_749_cov_18.836923	328	408	8	12	80	0.1500000
NODE_14138_length_749_cov_18.836923	404	484	3	14	80	0.1750000
NODE_14138_length_749_cov_18.836923	404	484	4	52	80	0.6500000
NODE_14138_length_749_cov_18.836923	404	484	5	14	80	0.1750000
NODE_14138_length_749_cov_18.836923	457	535	2	12	78	0.1538462
NODE_14138_length_749_cov_18.836923	457	535	3	46	78	0.5897436
NODE_14138_length_749_cov_18.836923	457	535	4	20	78	0.2564103
NODE_14139_length_749_cov_16.160000	232	253	6	17	21	0.8095238
NODE_14139_length_749_cov_16.160000	232	253	7	4	21	0.1904762
NODE_14139_length_749_cov_16.160000	232	306	3	10	74	0.1351351
NODE_14139_length_749_cov_16.160000	232	306	5	16	74	0.2162162
NODE_14139_length_749_cov_16.160000	232	306	6	44	74	0.5945946
NODE_14139_length_749_cov_16.160000	232	306	7	4	74	0.0540541
NODE_14140_length_749_cov_16.115385	307	387	7	80	80	1.0000000
NODE_14140_length_749_cov_16.115385	360	440	1	2	80	0.0250000
NODE_14140_length_749_cov_16.115385	360	440	2	9	80	0.1125000
NODE_14140_length_749_cov_16.115385	360	440	4	13	80	0.1625000
NODE_14140_length_749_cov_16.115385	360	440	7	56	80	0.7000000
NODE_14141_length_749_cov_11.210769	340	420	0	80	80	1.0000000
NODE_14141_length_749_cov_11.210769	393	473	0	80	80	1.0000000
NODE_14142_length_749_cov_8.424615	372	452	0	80	80	1.0000000
NODE_14142_length_749_cov_8.424615	425	505	0	58	80	0.7250000
NODE_14142_length_749_cov_8.424615	425	505	2	22	80	0.2750000
NODE_14145_length_749_cov_4.521538	550	630	0	80	80	1.0000000
NODE_14145_length_749_cov_4.521538	603	683	0	80	80	1.0000000
NODE_14185_length_748_cov_55.348228	393	473	15	12	80	0.1500000
NODE_14185_length_748_cov_55.348228	393	473	16	8	80	0.1000000
NODE_14185_length_748_cov_55.348228	393	473	17	32	80	0.4000000
NODE_14185_length_748_cov_55.348228	393	473	18	20	80	0.2500000
NODE_14185_length_748_cov_55.348228	393	473	19	8	80	0.1000000
NODE_14185_length_748_cov_55.348228	446	526	8	8	80	0.1000000
NODE_14185_length_748_cov_55.348228	446	526	9	5	80	0.0625000
NODE_14185_length_748_cov_55.348228	446	526	11	3	80	0.0375000
NODE_14185_length_748_cov_55.348228	446	526	12	2	80	0.0250000
NODE_14185_length_748_cov_55.348228	446	526	13	12	80	0.1500000
NODE_14185_length_748_cov_55.348228	446	526	14	5	80	0.0625000
NODE_14185_length_748_cov_55.348228	446	526	16	10	80	0.1250000
NODE_14185_length_748_cov_55.348228	446	526	17	24	80	0.3000000
NODE_14185_length_748_cov_55.348228	446	526	18	3	80	0.0375000
NODE_14185_length_748_cov_55.348228	446	526	19	8	80	0.1000000
NODE_14186_length_748_cov_51.838213	369	449	6	4	80	0.0500000
NODE_14186_length_748_cov_51.838213	369	449	7	4	80	0.0500000
NODE_14186_length_748_cov_51.838213	369	449	9	24	80	0.3000000
NODE_14186_length_748_cov_51.838213	369	449	10	11	80	0.1375000
NODE_14186_length_748_cov_51.838213	369	449	11	14	80	0.1750000
NODE_14186_length_748_cov_51.838213	369	449	12	22	80	0.2750000
NODE_14186_length_748_cov_51.838213	369	449	13	1	80	0.0125000
NODE_14186_length_748_cov_51.838213	422	502	10	41	80	0.5125000
NODE_14186_length_748_cov_51.838213	422	502	11	12	80	0.1500000
NODE_14186_length_748_cov_51.838213	422	502	12	26	80	0.3250000
NODE_14186_length_748_cov_51.838213	422	502	13	1	80	0.0125000
NODE_14187_length_748_cov_46.952234	293	373	2	3	80	0.0375000
NODE_14187_length_748_cov_46.952234	293	373	3	66	80	0.8250000
NODE_14187_length_748_cov_46.952234	293	373	5	11	80	0.1375000
NODE_14187_length_748_cov_46.952234	346	426	3	16	80	0.2000000
NODE_14187_length_748_cov_46.952234	346	426	5	14	80	0.1750000
NODE_14187_length_748_cov_46.952234	346	426	6	37	80	0.4625000
NODE_14187_length_748_cov_46.952234	346	426	7	11	80	0.1375000
NODE_14187_length_748_cov_46.952234	346	426	8	2	80	0.0250000
NODE_14188_length_748_cov_45.001541	272	352	12	12	80	0.1500000
NODE_14188_length_748_cov_45.001541	272	352	13	23	80	0.2875000
NODE_14188_length_748_cov_45.001541	272	352	14	8	80	0.1000000
NODE_14188_length_748_cov_45.001541	272	352	15	1	80	0.0125000
NODE_14188_length_748_cov_45.001541	272	352	16	32	80	0.4000000
NODE_14188_length_748_cov_45.001541	272	352	17	3	80	0.0375000
NODE_14188_length_748_cov_45.001541	272	352	18	1	80	0.0125000
NODE_14188_length_748_cov_45.001541	325	405	5	7	80	0.0875000
NODE_14188_length_748_cov_45.001541	325	405	7	20	80	0.2500000
NODE_14188_length_748_cov_45.001541	325	405	8	4	80	0.0500000
NODE_14188_length_748_cov_45.001541	325	405	9	6	80	0.0750000
NODE_14188_length_748_cov_45.001541	325	405	10	3	80	0.0375000
NODE_14188_length_748_cov_45.001541	325	405	11	6	80	0.0750000
NODE_14188_length_748_cov_45.001541	325	405	12	18	80	0.2250000
NODE_14188_length_748_cov_45.001541	325	405	13	15	80	0.1875000
NODE_14188_length_748_cov_45.001541	325	405	14	1	80	0.0125000
NODE_14189_length_748_cov_34.355932	488	568	7	28	80	0.3500000
NODE_14189_length_748_cov_34.355932	488	568	9	3	80	0.0375000
NODE_14189_length_748_cov_34.355932	488	568	10	18	80	0.2250000
NODE_14189_length_748_cov_34.355932	488	568	11	31	80	0.3875000
NODE_14189_length_748_cov_34.355932	541	621	6	23	80	0.2875000
NODE_14189_length_748_cov_34.355932	541	621	7	10	80	0.1250000
NODE_14189_length_748_cov_34.355932	541	621	8	4	80	0.0500000
NODE_14189_length_748_cov_34.355932	541	621	10	33	80	0.4125000
NODE_14189_length_748_cov_34.355932	541	621	11	10	80	0.1250000
NODE_14190_length_748_cov_25.972265	297	377	4	43	80	0.5375000
NODE_14190_length_748_cov_25.972265	297	377	6	30	80	0.3750000
NODE_14190_length_748_cov_25.972265	297	377	7	7	80	0.0875000
NODE_14190_length_748_cov_25.972265	350	430	4	43	80	0.5375000
NODE_14190_length_748_cov_25.972265	350	430	5	3	80	0.0375000
NODE_14190_length_748_cov_25.972265	350	430	6	20	80	0.2500000
NODE_14190_length_748_cov_25.972265	350	430	7	14	80	0.1750000
NODE_14191_length_748_cov_21.050847	362	442	1	34	80	0.4250000
NODE_14191_length_748_cov_21.050847	362	442	2	30	80	0.3750000
NODE_14191_length_748_cov_21.050847	362	442	3	16	80	0.2000000
NODE_14191_length_748_cov_21.050847	415	495	2	80	80	1.0000000
NODE_14192_length_748_cov_20.682589	353	433	4	49	80	0.6125000
NODE_14192_length_748_cov_20.682589	353	433	5	5	80	0.0625000
NODE_14192_length_748_cov_20.682589	353	433	6	26	80	0.3250000
NODE_14192_length_748_cov_20.682589	406	486	2	9	80	0.1125000
NODE_14192_length_748_cov_20.682589	406	486	3	27	80	0.3375000
NODE_14192_length_748_cov_20.682589	406	486	4	13	80	0.1625000
NODE_14192_length_748_cov_20.682589	406	486	5	8	80	0.1000000
NODE_14192_length_748_cov_20.682589	406	486	6	23	80	0.2875000
NODE_14193_length_748_cov_19.081664	261	341	1	22	80	0.2750000
NODE_14193_length_748_cov_19.081664	261	341	2	10	80	0.1250000
NODE_14193_length_748_cov_19.081664	261	341	3	48	80	0.6000000
NODE_14193_length_748_cov_19.081664	314	394	3	80	80	1.0000000
NODE_14193_length_748_cov_19.081664	390	470	0	22	80	0.2750000
NODE_14193_length_748_cov_19.081664	390	470	1	47	80	0.5875000
NODE_14193_length_748_cov_19.081664	390	470	3	11	80	0.1375000
NODE_14193_length_748_cov_19.081664	443	522	0	74	79	0.9367089
NODE_14193_length_748_cov_19.081664	443	522	1	5	79	0.0632911
NODE_14194_length_748_cov_16.579353	81	161	0	80	80	1.0000000
NODE_14194_length_748_cov_16.579353	134	214	0	80	80	1.0000000
NODE_14194_length_748_cov_16.579353	210	290	0	80	80	1.0000000
NODE_14194_length_748_cov_16.579353	263	343	0	80	80	1.0000000
NODE_14196_length_748_cov_11.983051	375	455	2	5	80	0.0625000
NODE_14196_length_748_cov_11.983051	375	455	3	75	80	0.9375000
NODE_14196_length_748_cov_11.983051	428	508	1	7	80	0.0875000
NODE_14196_length_748_cov_11.983051	428	508	2	41	80	0.5125000
NODE_14196_length_748_cov_11.983051	428	508	3	32	80	0.4000000
NODE_14197_length_748_cov_11.474576	257	337	4	21	80	0.2625000
NODE_14197_length_748_cov_11.474576	257	337	5	23	80	0.2875000
NODE_14197_length_748_cov_11.474576	257	337	6	31	80	0.3875000
NODE_14197_length_748_cov_11.474576	257	337	7	5	80	0.0625000
NODE_14197_length_748_cov_11.474576	310	390	5	13	80	0.1625000
NODE_14197_length_748_cov_11.474576	310	390	6	21	80	0.2625000
NODE_14197_length_748_cov_11.474576	310	390	7	17	80	0.2125000
NODE_14197_length_748_cov_11.474576	310	390	8	29	80	0.3625000
NODE_14200_length_748_cov_7.979969	223	303	0	80	80	1.0000000
NODE_14200_length_748_cov_7.979969	276	356	0	80	80	1.0000000
NODE_14240_length_747_cov_24.279321	205	285	1	3	80	0.0375000
NODE_14240_length_747_cov_24.279321	205	285	2	4	80	0.0500000
NODE_14240_length_747_cov_24.279321	205	285	3	34	80	0.4250000
NODE_14240_length_747_cov_24.279321	205	285	5	5	80	0.0625000
NODE_14240_length_747_cov_24.279321	205	285	6	1	80	0.0125000
NODE_14240_length_747_cov_24.279321	205	285	7	11	80	0.1375000
NODE_14240_length_747_cov_24.279321	205	285	8	7	80	0.0875000
NODE_14240_length_747_cov_24.279321	205	285	9	7	80	0.0875000
NODE_14240_length_747_cov_24.279321	205	285	11	8	80	0.1000000
NODE_14240_length_747_cov_24.279321	258	338	6	1	80	0.0125000
NODE_14240_length_747_cov_24.279321	258	338	7	4	80	0.0500000
NODE_14240_length_747_cov_24.279321	258	338	8	7	80	0.0875000
NODE_14240_length_747_cov_24.279321	258	338	9	7	80	0.0875000
NODE_14240_length_747_cov_24.279321	258	338	11	38	80	0.4750000
NODE_14240_length_747_cov_24.279321	258	338	12	9	80	0.1125000
NODE_14240_length_747_cov_24.279321	258	338	13	14	80	0.1750000
NODE_14241_length_747_cov_15.438272	352	432	0	15	80	0.1875000
NODE_14241_length_747_cov_15.438272	352	432	1	26	80	0.3250000
NODE_14241_length_747_cov_15.438272	352	432	2	39	80	0.4875000
NODE_14241_length_747_cov_15.438272	405	485	0	68	80	0.8500000
NODE_14241_length_747_cov_15.438272	405	485	1	12	80	0.1500000
NODE_14244_length_747_cov_7.979938	237	317	1	41	80	0.5125000
NODE_14244_length_747_cov_7.979938	237	317	2	39	80	0.4875000
NODE_14244_length_747_cov_7.979938	290	370	1	51	80	0.6375000
NODE_14244_length_747_cov_7.979938	290	370	2	29	80	0.3625000
NODE_14248_length_747_cov_4.918210	157	237	6	53	80	0.6625000
NODE_14248_length_747_cov_4.918210	157	237	7	27	80	0.3375000
NODE_14248_length_747_cov_4.918210	210	290	1	9	80	0.1125000
NODE_14248_length_747_cov_4.918210	210	290	2	1	80	0.0125000
NODE_14248_length_747_cov_4.918210	210	290	3	6	80	0.0750000
NODE_14248_length_747_cov_4.918210	210	290	5	29	80	0.3625000
NODE_14248_length_747_cov_4.918210	210	290	6	30	80	0.3750000
NODE_14248_length_747_cov_4.918210	210	290	7	5	80	0.0625000
NODE_14277_length_746_cov_44.041731	153	233	4	4	80	0.0500000
NODE_14277_length_746_cov_44.041731	153	233	5	5	80	0.0625000
NODE_14277_length_746_cov_44.041731	153	233	6	1	80	0.0125000
NODE_14277_length_746_cov_44.041731	153	233	7	5	80	0.0625000
NODE_14277_length_746_cov_44.041731	153	233	8	30	80	0.3750000
NODE_14277_length_746_cov_44.041731	153	233	9	1	80	0.0125000
NODE_14277_length_746_cov_44.041731	153	233	10	34	80	0.4250000
NODE_14277_length_746_cov_44.041731	206	286	3	16	80	0.2000000
NODE_14277_length_746_cov_44.041731	206	286	4	6	80	0.0750000
NODE_14277_length_746_cov_44.041731	206	286	5	15	80	0.1875000
NODE_14277_length_746_cov_44.041731	206	286	8	25	80	0.3125000
NODE_14277_length_746_cov_44.041731	206	286	9	1	80	0.0125000
NODE_14277_length_746_cov_44.041731	206	286	10	17	80	0.2125000
NODE_14278_length_746_cov_24.435858	334	414	0	10	80	0.1250000
NODE_14278_length_746_cov_24.435858	334	414	1	22	80	0.2750000
NODE_14278_length_746_cov_24.435858	334	414	2	48	80	0.6000000
NODE_14278_length_746_cov_24.435858	387	467	2	80	80	1.0000000
NODE_14279_length_746_cov_20.225657	114	194	3	2	80	0.0250000
NODE_14279_length_746_cov_20.225657	114	194	4	5	80	0.0625000
NODE_14279_length_746_cov_20.225657	114	194	6	73	80	0.9125000
NODE_14279_length_746_cov_20.225657	167	247	1	1	80	0.0125000
NODE_14279_length_746_cov_20.225657	167	247	2	37	80	0.4625000
NODE_14279_length_746_cov_20.225657	167	247	3	17	80	0.2125000
NODE_14279_length_746_cov_20.225657	167	247	4	5	80	0.0625000
NODE_14279_length_746_cov_20.225657	167	247	6	20	80	0.2500000
NODE_14280_length_746_cov_17.919629	330	410	0	4	80	0.0500000
NODE_14280_length_746_cov_17.919629	330	410	1	45	80	0.5625000
NODE_14280_length_746_cov_17.919629	330	410	2	31	80	0.3875000
NODE_14280_length_746_cov_17.919629	383	463	2	80	80	1.0000000
NODE_14281_length_746_cov_17.523957	292	372	5	46	80	0.5750000
NODE_14281_length_746_cov_17.523957	292	372	7	34	80	0.4250000
NODE_14281_length_746_cov_17.523957	345	425	4	31	80	0.3875000
NODE_14281_length_746_cov_17.523957	345	425	5	37	80	0.4625000
NODE_14281_length_746_cov_17.523957	345	425	7	12	80	0.1500000
NODE_14282_length_746_cov_17.214838	306	386	5	9	80	0.1125000
NODE_14282_length_746_cov_17.214838	306	386	6	5	80	0.0625000
NODE_14282_length_746_cov_17.214838	306	386	7	20	80	0.2500000
NODE_14282_length_746_cov_17.214838	306	386	8	29	80	0.3625000
NODE_14282_length_746_cov_17.214838	306	386	9	3	80	0.0375000
NODE_14282_length_746_cov_17.214838	306	386	10	14	80	0.1750000
NODE_14282_length_746_cov_17.214838	359	439	5	23	80	0.2875000
NODE_14282_length_746_cov_17.214838	359	439	6	2	80	0.0250000
NODE_14282_length_746_cov_17.214838	359	439	7	14	80	0.1750000
NODE_14282_length_746_cov_17.214838	359	439	8	10	80	0.1250000
NODE_14282_length_746_cov_17.214838	359	439	9	17	80	0.2125000
NODE_14282_length_746_cov_17.214838	359	439	10	14	80	0.1750000
NODE_14283_length_746_cov_16.765070	344	424	4	36	80	0.4500000
NODE_14283_length_746_cov_16.765070	344	424	6	5	80	0.0625000
NODE_14283_length_746_cov_16.765070	344	424	7	32	80	0.4000000
NODE_14283_length_746_cov_16.765070	344	424	8	7	80	0.0875000
NODE_14283_length_746_cov_16.765070	397	477	5	7	80	0.0875000
NODE_14283_length_746_cov_16.765070	397	477	6	19	80	0.2375000
NODE_14283_length_746_cov_16.765070	397	477	7	47	80	0.5875000
NODE_14283_length_746_cov_16.765070	397	477	8	7	80	0.0875000
NODE_14284_length_746_cov_13.153014	126	206	2	20	80	0.2500000
NODE_14284_length_746_cov_13.153014	126	206	3	60	80	0.7500000
NODE_14284_length_746_cov_13.153014	179	259	0	24	80	0.3000000
NODE_14284_length_746_cov_13.153014	179	259	2	49	80	0.6125000
NODE_14284_length_746_cov_13.153014	179	259	3	7	80	0.0875000
NODE_14284_length_746_cov_13.153014	244	263	0	19	19	1.0000000
NODE_14285_length_746_cov_12.316847	364	442	0	78	78	1.0000000
NODE_14286_length_746_cov_11.301391	349	429	1	45	80	0.5625000
NODE_14286_length_746_cov_11.301391	349	429	3	35	80	0.4375000
NODE_14286_length_746_cov_11.301391	402	482	3	80	80	1.0000000
NODE_14302_length_746_cov_2.639876	331	411	0	80	80	1.0000000
NODE_14307_length_746_cov_1.879444	435	502	1	67	67	1.0000000
NODE_14310_length_746_cov_1.727975	65	121	0	56	56	1.0000000
NODE_14310_length_746_cov_1.727975	494	540	0	46	46	1.0000000
NODE_14329_length_745_cov_40.360681	257	337	7	15	80	0.1875000
NODE_14329_length_745_cov_40.360681	257	337	8	3	80	0.0375000
NODE_14329_length_745_cov_40.360681	257	337	10	24	80	0.3000000
NODE_14329_length_745_cov_40.360681	257	337	11	1	80	0.0125000
NODE_14329_length_745_cov_40.360681	257	337	12	9	80	0.1125000
NODE_14329_length_745_cov_40.360681	257	337	13	12	80	0.1500000
NODE_14329_length_745_cov_40.360681	257	337	14	16	80	0.2000000
NODE_14329_length_745_cov_40.360681	310	390	5	12	80	0.1500000
NODE_14329_length_745_cov_40.360681	310	390	7	56	80	0.7000000
NODE_14329_length_745_cov_40.360681	310	390	8	3	80	0.0375000
NODE_14329_length_745_cov_40.360681	310	390	10	8	80	0.1000000
NODE_14329_length_745_cov_40.360681	310	390	14	1	80	0.0125000
NODE_14330_length_745_cov_30.817337	339	419	1	17	80	0.2125000
NODE_14330_length_745_cov_30.817337	339	419	2	25	80	0.3125000
NODE_14330_length_745_cov_30.817337	339	419	3	38	80	0.4750000
NODE_14330_length_745_cov_30.817337	392	459	2	24	67	0.3582090
NODE_14330_length_745_cov_30.817337	392	459	3	13	67	0.1940299
NODE_14330_length_745_cov_30.817337	392	459	5	30	67	0.4477612
NODE_14335_length_745_cov_8.620743	225	275	6	2	50	0.0400000
NODE_14335_length_745_cov_8.620743	225	275	8	48	50	0.9600000
NODE_14335_length_745_cov_8.620743	248	328	6	29	80	0.3625000
NODE_14335_length_745_cov_8.620743	248	328	7	19	80	0.2375000
NODE_14335_length_745_cov_8.620743	248	328	8	32	80	0.4000000
NODE_14343_length_745_cov_3.922601	249	280	14	3	31	0.0967742
NODE_14343_length_745_cov_3.922601	249	280	15	4	31	0.1290323
NODE_14343_length_745_cov_3.922601	249	280	16	11	31	0.3548387
NODE_14343_length_745_cov_3.922601	249	280	17	13	31	0.4193548
NODE_14343_length_745_cov_3.922601	253	333	7	1	80	0.0125000
NODE_14343_length_745_cov_3.922601	253	333	8	12	80	0.1500000
NODE_14343_length_745_cov_3.922601	253	333	10	13	80	0.1625000
NODE_14343_length_745_cov_3.922601	253	333	11	8	80	0.1000000
NODE_14343_length_745_cov_3.922601	253	333	13	6	80	0.0750000
NODE_14343_length_745_cov_3.922601	253	333	14	3	80	0.0375000
NODE_14343_length_745_cov_3.922601	253	333	15	16	80	0.2000000
NODE_14343_length_745_cov_3.922601	253	333	16	12	80	0.1500000
NODE_14343_length_745_cov_3.922601	253	333	17	9	80	0.1125000
NODE_14381_length_744_cov_44.953488	553	633	0	10	80	0.1250000
NODE_14381_length_744_cov_44.953488	553	633	1	4	80	0.0500000
NODE_14381_length_744_cov_44.953488	553	633	3	66	80	0.8250000
NODE_14381_length_744_cov_44.953488	553	633	0	10	80	0.1250000
NODE_14381_length_744_cov_44.953488	553	633	1	4	80	0.0500000
NODE_14381_length_744_cov_44.953488	553	633	3	66	80	0.8250000
NODE_14381_length_744_cov_44.953488	553	633	0	10	80	0.1250000
NODE_14381_length_744_cov_44.953488	553	633	1	4	80	0.0500000
NODE_14381_length_744_cov_44.953488	553	633	3	66	80	0.8250000
NODE_14381_length_744_cov_44.953488	553	633	0	10	80	0.1250000
NODE_14381_length_744_cov_44.953488	553	633	1	4	80	0.0500000
NODE_14381_length_744_cov_44.953488	553	633	3	66	80	0.8250000
NODE_14382_length_744_cov_35.333333	163	243	4	14	80	0.1750000
NODE_14382_length_744_cov_35.333333	163	243	5	45	80	0.5625000
NODE_14382_length_744_cov_35.333333	163	243	6	4	80	0.0500000
NODE_14382_length_744_cov_35.333333	163	243	7	17	80	0.2125000
NODE_14382_length_744_cov_35.333333	216	296	3	10	80	0.1250000
NODE_14382_length_744_cov_35.333333	216	296	4	57	80	0.7125000
NODE_14382_length_744_cov_35.333333	216	296	6	4	80	0.0500000
NODE_14382_length_744_cov_35.333333	216	296	7	9	80	0.1125000
NODE_14382_length_744_cov_35.333333	292	372	1	56	80	0.7000000
NODE_14382_length_744_cov_35.333333	292	372	3	5	80	0.0625000
NODE_14382_length_744_cov_35.333333	292	372	4	19	80	0.2375000
NODE_14382_length_744_cov_35.333333	345	425	0	10	80	0.1250000
NODE_14382_length_744_cov_35.333333	345	425	1	70	80	0.8750000
NODE_14383_length_744_cov_34.503876	294	374	8	16	80	0.2000000
NODE_14383_length_744_cov_34.503876	294	374	9	3	80	0.0375000
NODE_14383_length_744_cov_34.503876	294	374	11	31	80	0.3875000
NODE_14383_length_744_cov_34.503876	294	374	13	30	80	0.3750000
NODE_14383_length_744_cov_34.503876	347	427	5	2	80	0.0250000
NODE_14383_length_744_cov_34.503876	347	427	6	8	80	0.1000000
NODE_14383_length_744_cov_34.503876	347	427	8	25	80	0.3125000
NODE_14383_length_744_cov_34.503876	347	427	10	11	80	0.1375000
NODE_14383_length_744_cov_34.503876	347	427	12	2	80	0.0250000
NODE_14383_length_744_cov_34.503876	347	427	13	32	80	0.4000000
NODE_14384_length_744_cov_32.282171	333	403	0	70	70	1.0000000
NODE_14384_length_744_cov_32.282171	440	520	0	80	80	1.0000000
NODE_14384_length_744_cov_32.282171	493	573	0	80	80	1.0000000
NODE_14390_length_744_cov_4.537984	260	340	0	55	80	0.6875000
NODE_14390_length_744_cov_4.537984	260	340	1	25	80	0.3125000
NODE_14390_length_744_cov_4.537984	313	393	0	2	80	0.0250000
NODE_14390_length_744_cov_4.537984	313	393	1	28	80	0.3500000
NODE_14390_length_744_cov_4.537984	313	393	2	2	80	0.0250000
NODE_14390_length_744_cov_4.537984	313	393	3	27	80	0.3375000
NODE_14390_length_744_cov_4.537984	313	393	5	21	80	0.2625000
NODE_14396_length_744_cov_2.784496	335	387	0	11	52	0.2115385
NODE_14396_length_744_cov_2.784496	335	387	2	41	52	0.7884616
NODE_14396_length_744_cov_2.784496	360	437	2	53	77	0.6883117
NODE_14396_length_744_cov_2.784496	360	437	4	24	77	0.3116883
NODE_14427_length_743_cov_26.369565	354	434	2	9	80	0.1125000
NODE_14427_length_743_cov_26.369565	354	434	4	6	80	0.0750000
NODE_14427_length_743_cov_26.369565	354	434	6	65	80	0.8125000
NODE_14427_length_743_cov_26.369565	407	487	4	3	80	0.0375000
NODE_14427_length_743_cov_26.369565	407	487	6	77	80	0.9625000
NODE_14428_length_743_cov_21.759317	138	218	4	66	80	0.8250000
NODE_14428_length_743_cov_21.759317	138	218	5	4	80	0.0500000
NODE_14428_length_743_cov_21.759317	138	218	6	10	80	0.1250000
NODE_14428_length_743_cov_21.759317	191	271	2	14	80	0.1750000
NODE_14428_length_743_cov_21.759317	191	271	3	37	80	0.4625000
NODE_14428_length_743_cov_21.759317	191	271	4	13	80	0.1625000
NODE_14428_length_743_cov_21.759317	191	271	5	6	80	0.0750000
NODE_14428_length_743_cov_21.759317	191	271	6	10	80	0.1250000
NODE_14429_length_743_cov_18.173913	213	293	2	21	80	0.2625000
NODE_14429_length_743_cov_18.173913	213	293	3	39	80	0.4875000
NODE_14429_length_743_cov_18.173913	213	293	4	20	80	0.2500000
NODE_14429_length_743_cov_18.173913	266	346	2	26	80	0.3250000
NODE_14429_length_743_cov_18.173913	266	346	3	7	80	0.0875000
NODE_14429_length_743_cov_18.173913	266	346	4	47	80	0.5875000
NODE_14431_length_743_cov_17.066770	400	480	1	24	80	0.3000000
NODE_14431_length_743_cov_17.066770	400	480	2	56	80	0.7000000
NODE_14431_length_743_cov_17.066770	453	532	0	27	79	0.3417721
NODE_14431_length_743_cov_17.066770	453	532	1	49	79	0.6202531
NODE_14431_length_743_cov_17.066770	453	532	2	3	79	0.0379747
NODE_14432_length_743_cov_16.354037	350	430	3	2	80	0.0250000
NODE_14432_length_743_cov_16.354037	350	430	4	4	80	0.0500000
NODE_14432_length_743_cov_16.354037	350	430	6	34	80	0.4250000
NODE_14432_length_743_cov_16.354037	350	430	7	40	80	0.5000000
NODE_14432_length_743_cov_16.354037	403	483	2	9	80	0.1125000
NODE_14432_length_743_cov_16.354037	403	483	4	28	80	0.3500000
NODE_14432_length_743_cov_16.354037	403	483	5	10	80	0.1250000
NODE_14432_length_743_cov_16.354037	403	483	6	33	80	0.4125000
NODE_14433_length_743_cov_15.667702	220	300	0	80	80	1.0000000
NODE_14433_length_743_cov_15.667702	273	353	0	80	80	1.0000000
NODE_14433_length_743_cov_15.667702	349	429	0	80	80	1.0000000
NODE_14433_length_743_cov_15.667702	402	482	0	80	80	1.0000000
NODE_14434_length_743_cov_14.975155	289	362	0	73	73	1.0000000
NODE_14435_length_743_cov_14.100932	232	312	0	4	80	0.0500000
NODE_14435_length_743_cov_14.100932	232	312	1	7	80	0.0875000
NODE_14435_length_743_cov_14.100932	232	312	2	69	80	0.8625000
NODE_14435_length_743_cov_14.100932	285	365	2	45	80	0.5625000
NODE_14435_length_743_cov_14.100932	285	365	3	35	80	0.4375000
NODE_14435_length_743_cov_14.100932	361	441	1	48	80	0.6000000
NODE_14435_length_743_cov_14.100932	361	441	2	7	80	0.0875000
NODE_14435_length_743_cov_14.100932	361	441	3	25	80	0.3125000
NODE_14435_length_743_cov_14.100932	414	494	0	15	80	0.1875000
NODE_14435_length_743_cov_14.100932	414	494	1	65	80	0.8125000
NODE_14436_length_743_cov_12.968944	268	348	1	50	80	0.6250000
NODE_14436_length_743_cov_12.968944	268	348	2	11	80	0.1375000
NODE_14436_length_743_cov_12.968944	268	348	3	19	80	0.2375000
NODE_14436_length_743_cov_12.968944	321	401	1	16	80	0.2000000
NODE_14436_length_743_cov_12.968944	321	401	2	23	80	0.2875000
NODE_14436_length_743_cov_12.968944	321	401	3	3	80	0.0375000
NODE_14436_length_743_cov_12.968944	321	401	4	38	80	0.4750000
NODE_14437_length_743_cov_12.847826	485	565	2	20	80	0.2500000
NODE_14437_length_743_cov_12.847826	485	565	3	1	80	0.0125000
NODE_14437_length_743_cov_12.847826	485	565	4	28	80	0.3500000
NODE_14437_length_743_cov_12.847826	485	565	6	3	80	0.0375000
NODE_14437_length_743_cov_12.847826	485	565	7	7	80	0.0875000
NODE_14437_length_743_cov_12.847826	485	565	9	21	80	0.2625000
NODE_14437_length_743_cov_12.847826	538	618	7	6	80	0.0750000
NODE_14437_length_743_cov_12.847826	538	618	9	54	80	0.6750000
NODE_14437_length_743_cov_12.847826	538	618	10	20	80	0.2500000
NODE_14438_length_743_cov_11.871118	403	483	0	80	80	1.0000000
NODE_14438_length_743_cov_11.871118	456	536	0	80	80	1.0000000
NODE_14439_length_743_cov_11.760870	337	417	5	26	80	0.3250000
NODE_14439_length_743_cov_11.760870	337	417	8	54	80	0.6750000
NODE_14439_length_743_cov_11.760870	390	470	5	3	80	0.0375000
NODE_14439_length_743_cov_11.760870	390	470	7	9	80	0.1125000
NODE_14439_length_743_cov_11.760870	390	470	8	68	80	0.8500000
NODE_14440_length_743_cov_9.006211	351	431	0	27	80	0.3375000
NODE_14440_length_743_cov_9.006211	351	431	2	24	80	0.3000000
NODE_14440_length_743_cov_9.006211	351	431	3	24	80	0.3000000
NODE_14440_length_743_cov_9.006211	351	431	4	5	80	0.0625000
NODE_14440_length_743_cov_9.006211	404	484	3	23	80	0.2875000
NODE_14440_length_743_cov_9.006211	404	484	4	5	80	0.0625000
NODE_14440_length_743_cov_9.006211	404	484	5	52	80	0.6500000
NODE_14441_length_743_cov_8.063665	290	370	0	12	80	0.1500000
NODE_14441_length_743_cov_8.063665	290	370	2	11	80	0.1375000
NODE_14441_length_743_cov_8.063665	290	370	3	45	80	0.5625000
NODE_14441_length_743_cov_8.063665	290	370	4	12	80	0.1500000
NODE_14441_length_743_cov_8.063665	343	423	3	15	80	0.1875000
NODE_14441_length_743_cov_8.063665	343	423	4	56	80	0.7000000
NODE_14441_length_743_cov_8.063665	343	423	5	9	80	0.1125000
NODE_14456_length_743_cov_2.029503	260	284	0	24	24	1.0000000
NODE_14456_length_743_cov_2.029503	301	363	0	62	62	1.0000000
NODE_14473_length_743_cov_0.989130	592	670	2	15	78	0.1923077
NODE_14473_length_743_cov_0.989130	592	670	4	13	78	0.1666667
NODE_14473_length_743_cov_0.989130	592	670	6	1	78	0.0128205
NODE_14473_length_743_cov_0.989130	592	670	8	7	78	0.0897436
NODE_14473_length_743_cov_0.989130	592	670	10	42	78	0.5384616
NODE_14477_length_742_cov_23.664075	271	351	4	18	80	0.2250000
NODE_14477_length_742_cov_23.664075	271	351	5	4	80	0.0500000
NODE_14477_length_742_cov_23.664075	271	351	6	3	80	0.0375000
NODE_14477_length_742_cov_23.664075	271	351	9	13	80	0.1625000
NODE_14477_length_742_cov_23.664075	271	351	11	4	80	0.0500000
NODE_14477_length_742_cov_23.664075	271	351	13	3	80	0.0375000
NODE_14477_length_742_cov_23.664075	271	351	14	2	80	0.0250000
NODE_14477_length_742_cov_23.664075	271	351	15	4	80	0.0500000
NODE_14477_length_742_cov_23.664075	271	351	16	1	80	0.0125000
NODE_14477_length_742_cov_23.664075	271	351	18	11	80	0.1375000
NODE_14477_length_742_cov_23.664075	271	351	20	17	80	0.2125000
NODE_14477_length_742_cov_23.664075	324	404	14	21	80	0.2625000
NODE_14477_length_742_cov_23.664075	324	404	16	10	80	0.1250000
NODE_14477_length_742_cov_23.664075	324	404	18	23	80	0.2875000
NODE_14477_length_742_cov_23.664075	324	404	20	26	80	0.3250000
NODE_14478_length_742_cov_19.488336	288	368	2	24	80	0.3000000
NODE_14478_length_742_cov_19.488336	288	368	3	37	80	0.4625000
NODE_14478_length_742_cov_19.488336	288	368	4	19	80	0.2375000
NODE_14478_length_742_cov_19.488336	341	421	0	25	80	0.3125000
NODE_14478_length_742_cov_19.488336	341	421	1	20	80	0.2500000
NODE_14478_length_742_cov_19.488336	341	421	2	32	80	0.4000000
NODE_14478_length_742_cov_19.488336	341	421	3	3	80	0.0375000
NODE_14479_length_742_cov_18.528771	319	399	1	80	80	1.0000000
NODE_14479_length_742_cov_18.528771	372	452	1	80	80	1.0000000
NODE_14480_length_742_cov_17.401244	126	206	1	8	80	0.1000000
NODE_14480_length_742_cov_17.401244	126	206	2	72	80	0.9000000
NODE_14480_length_742_cov_17.401244	179	259	1	12	80	0.1500000
NODE_14480_length_742_cov_17.401244	179	259	2	19	80	0.2375000
NODE_14480_length_742_cov_17.401244	179	259	3	10	80	0.1250000
NODE_14480_length_742_cov_17.401244	179	259	5	39	80	0.4875000
NODE_14482_length_742_cov_7.679627	274	354	0	80	80	1.0000000
NODE_14482_length_742_cov_7.679627	327	407	0	80	80	1.0000000
NODE_14521_length_741_cov_12.168224	316	392	2	10	76	0.1315790
NODE_14521_length_741_cov_12.168224	316	392	3	4	76	0.0526316
NODE_14521_length_741_cov_12.168224	316	392	4	62	76	0.8157895
NODE_14521_length_741_cov_12.168224	598	663	2	21	65	0.3230769
NODE_14521_length_741_cov_12.168224	598	663	3	24	65	0.3692308
NODE_14521_length_741_cov_12.168224	598	663	4	20	65	0.3076923
NODE_14522_length_741_cov_8.542056	198	278	0	80	80	1.0000000
NODE_14522_length_741_cov_8.542056	251	331	0	80	80	1.0000000
NODE_14525_length_741_cov_5.989097	457	538	2	12	81	0.1481481
NODE_14525_length_741_cov_5.989097	457	538	3	40	81	0.4938272
NODE_14525_length_741_cov_5.989097	457	538	4	29	81	0.3580247
NODE_14536_length_741_cov_2.556075	212	289	2	6	77	0.0779221
NODE_14536_length_741_cov_2.556075	212	289	4	23	77	0.2987013
NODE_14536_length_741_cov_2.556075	212	289	6	48	77	0.6233766
NODE_14571_length_740_cov_54.372855	192	272	5	6	80	0.0750000
NODE_14571_length_740_cov_54.372855	192	272	6	43	80	0.5375000
NODE_14571_length_740_cov_54.372855	192	272	7	2	80	0.0250000
NODE_14571_length_740_cov_54.372855	192	272	9	21	80	0.2625000
NODE_14571_length_740_cov_54.372855	192	272	10	8	80	0.1000000
NODE_14571_length_740_cov_54.372855	245	325	9	30	80	0.3750000
NODE_14571_length_740_cov_54.372855	245	325	10	37	80	0.4625000
NODE_14571_length_740_cov_54.372855	245	325	11	13	80	0.1625000
NODE_14571_length_740_cov_54.372855	321	401	3	3	80	0.0375000
NODE_14571_length_740_cov_54.372855	321	401	4	7	80	0.0875000
NODE_14571_length_740_cov_54.372855	321	401	5	43	80	0.5375000
NODE_14571_length_740_cov_54.372855	321	401	6	12	80	0.1500000
NODE_14571_length_740_cov_54.372855	321	401	8	7	80	0.0875000
NODE_14571_length_740_cov_54.372855	321	401	10	8	80	0.1000000
NODE_14571_length_740_cov_54.372855	374	454	1	1	80	0.0125000
NODE_14571_length_740_cov_54.372855	374	454	2	12	80	0.1500000
NODE_14571_length_740_cov_54.372855	374	454	3	30	80	0.3750000
NODE_14571_length_740_cov_54.372855	374	454	4	20	80	0.2500000
NODE_14571_length_740_cov_54.372855	374	454	5	17	80	0.2125000
NODE_14572_length_740_cov_51.758190	194	274	4	59	80	0.7375000
NODE_14572_length_740_cov_51.758190	194	274	5	19	80	0.2375000
NODE_14572_length_740_cov_51.758190	194	274	6	2	80	0.0250000
NODE_14572_length_740_cov_51.758190	247	327	3	11	80	0.1375000
NODE_14572_length_740_cov_51.758190	247	327	4	8	80	0.1000000
NODE_14572_length_740_cov_51.758190	247	327	5	59	80	0.7375000
NODE_14572_length_740_cov_51.758190	247	327	6	2	80	0.0250000
NODE_14573_length_740_cov_34.185647	359	439	3	11	80	0.1375000
NODE_14573_length_740_cov_34.185647	359	439	4	5	80	0.0625000
NODE_14573_length_740_cov_34.185647	359	439	5	13	80	0.1625000
NODE_14573_length_740_cov_34.185647	359	439	6	34	80	0.4250000
NODE_14573_length_740_cov_34.185647	359	439	7	17	80	0.2125000
NODE_14573_length_740_cov_34.185647	412	492	3	53	80	0.6625000
NODE_14573_length_740_cov_34.185647	412	492	4	16	80	0.2000000
NODE_14573_length_740_cov_34.185647	412	492	6	11	80	0.1375000
NODE_14574_length_740_cov_24.794072	286	366	3	5	80	0.0625000
NODE_14574_length_740_cov_24.794072	286	366	4	50	80	0.6250000
NODE_14574_length_740_cov_24.794072	286	366	5	25	80	0.3125000
NODE_14574_length_740_cov_24.794072	339	419	0	10	80	0.1250000
NODE_14574_length_740_cov_24.794072	339	419	2	1	80	0.0125000
NODE_14574_length_740_cov_24.794072	339	419	3	22	80	0.2750000
NODE_14574_length_740_cov_24.794072	339	419	4	47	80	0.5875000
NODE_14575_length_740_cov_20.361934	316	396	8	6	80	0.0750000
NODE_14575_length_740_cov_20.361934	316	396	10	13	80	0.1625000
NODE_14575_length_740_cov_20.361934	316	396	11	54	80	0.6750000
NODE_14575_length_740_cov_20.361934	316	396	13	7	80	0.0875000
NODE_14575_length_740_cov_20.361934	369	449	4	5	80	0.0625000
NODE_14575_length_740_cov_20.361934	369	449	5	4	80	0.0500000
NODE_14575_length_740_cov_20.361934	369	449	7	5	80	0.0625000
NODE_14575_length_740_cov_20.361934	369	449	8	8	80	0.1000000
NODE_14575_length_740_cov_20.361934	369	449	9	14	80	0.1750000
NODE_14575_length_740_cov_20.361934	369	449	10	10	80	0.1250000
NODE_14575_length_740_cov_20.361934	369	449	11	27	80	0.3375000
NODE_14575_length_740_cov_20.361934	369	449	13	7	80	0.0875000
NODE_14576_length_740_cov_18.982839	266	348	1	21	82	0.2560976
NODE_14576_length_740_cov_18.982839	266	348	3	10	82	0.1219512
NODE_14576_length_740_cov_18.982839	266	348	4	4	82	0.0487805
NODE_14576_length_740_cov_18.982839	266	348	5	1	82	0.0121951
NODE_14576_length_740_cov_18.982839	266	348	6	21	82	0.2560976
NODE_14576_length_740_cov_18.982839	266	348	9	25	82	0.3048781
NODE_14576_length_740_cov_18.982839	321	401	6	12	80	0.1500000
NODE_14576_length_740_cov_18.982839	321	401	7	4	80	0.0500000
NODE_14576_length_740_cov_18.982839	321	401	8	22	80	0.2750000
NODE_14576_length_740_cov_18.982839	321	401	9	42	80	0.5250000
NODE_14577_length_740_cov_16.755070	354	434	4	80	80	1.0000000
NODE_14577_length_740_cov_16.755070	407	487	0	6	80	0.0750000
NODE_14577_length_740_cov_16.755070	407	487	2	19	80	0.2375000
NODE_14577_length_740_cov_16.755070	407	487	4	55	80	0.6875000
NODE_14579_length_740_cov_7.585023	206	286	2	80	80	1.0000000
NODE_14579_length_740_cov_7.585023	259	339	0	46	80	0.5750000
NODE_14579_length_740_cov_7.585023	259	339	2	34	80	0.4250000
NODE_14580_length_740_cov_7.174727	165	245	0	55	80	0.6875000
NODE_14580_length_740_cov_7.174727	165	245	2	25	80	0.3125000
NODE_14580_length_740_cov_7.174727	218	298	0	2	80	0.0250000
NODE_14580_length_740_cov_7.174727	218	298	2	78	80	0.9750000
NODE_14614_length_739_cov_52.970312	346	426	12	4	80	0.0500000
NODE_14614_length_739_cov_52.970312	346	426	13	23	80	0.2875000
NODE_14614_length_739_cov_52.970312	346	426	14	21	80	0.2625000
NODE_14614_length_739_cov_52.970312	346	426	15	23	80	0.2875000
NODE_14614_length_739_cov_52.970312	346	426	16	4	80	0.0500000
NODE_14614_length_739_cov_52.970312	346	426	17	5	80	0.0625000
NODE_14614_length_739_cov_52.970312	399	479	11	11	80	0.1375000
NODE_14614_length_739_cov_52.970312	399	479	13	29	80	0.3625000
NODE_14614_length_739_cov_52.970312	399	479	14	24	80	0.3000000
NODE_14614_length_739_cov_52.970312	399	479	15	7	80	0.0875000
NODE_14614_length_739_cov_52.970312	399	479	16	4	80	0.0500000
NODE_14614_length_739_cov_52.970312	399	479	17	5	80	0.0625000
NODE_14615_length_739_cov_31.175000	204	284	9	9	80	0.1125000
NODE_14615_length_739_cov_31.175000	204	284	11	4	80	0.0500000
NODE_14615_length_739_cov_31.175000	204	284	12	4	80	0.0500000
NODE_14615_length_739_cov_31.175000	204	284	13	55	80	0.6875000
NODE_14615_length_739_cov_31.175000	204	284	14	8	80	0.1000000
NODE_14615_length_739_cov_31.175000	257	337	0	21	80	0.2625000
NODE_14615_length_739_cov_31.175000	257	337	1	1	80	0.0125000
NODE_14615_length_739_cov_31.175000	257	337	4	23	80	0.2875000
NODE_14615_length_739_cov_31.175000	257	337	6	3	80	0.0375000
NODE_14615_length_739_cov_31.175000	257	337	7	3	80	0.0375000
NODE_14615_length_739_cov_31.175000	257	337	8	1	80	0.0125000
NODE_14615_length_739_cov_31.175000	257	337	9	10	80	0.1250000
NODE_14615_length_739_cov_31.175000	257	337	11	4	80	0.0500000
NODE_14615_length_739_cov_31.175000	257	337	12	4	80	0.0500000
NODE_14615_length_739_cov_31.175000	257	337	13	10	80	0.1250000
NODE_14616_length_739_cov_25.482813	487	567	6	1	80	0.0125000
NODE_14616_length_739_cov_25.482813	487	567	7	10	80	0.1250000
NODE_14616_length_739_cov_25.482813	487	567	9	5	80	0.0625000
NODE_14616_length_739_cov_25.482813	487	567	11	1	80	0.0125000
NODE_14616_length_739_cov_25.482813	487	567	13	2	80	0.0250000
NODE_14616_length_739_cov_25.482813	487	567	14	29	80	0.3625000
NODE_14616_length_739_cov_25.482813	487	567	15	12	80	0.1500000
NODE_14616_length_739_cov_25.482813	487	567	16	20	80	0.2500000
NODE_14616_length_739_cov_25.482813	540	620	9	9	80	0.1125000
NODE_14616_length_739_cov_25.482813	540	620	11	4	80	0.0500000
NODE_14616_length_739_cov_25.482813	540	620	12	14	80	0.1750000
NODE_14616_length_739_cov_25.482813	540	620	13	10	80	0.1250000
NODE_14616_length_739_cov_25.482813	540	620	14	43	80	0.5375000
NODE_14617_length_739_cov_24.871875	191	271	6	68	80	0.8500000
NODE_14617_length_739_cov_24.871875	191	271	7	12	80	0.1500000
NODE_14617_length_739_cov_24.871875	244	324	3	17	80	0.2125000
NODE_14617_length_739_cov_24.871875	244	324	4	23	80	0.2875000
NODE_14617_length_739_cov_24.871875	244	324	5	10	80	0.1250000
NODE_14617_length_739_cov_24.871875	244	324	6	15	80	0.1875000
NODE_14617_length_739_cov_24.871875	244	324	7	15	80	0.1875000
NODE_14618_length_739_cov_18.360937	146	226	1	12	80	0.1500000
NODE_14618_length_739_cov_18.360937	146	226	2	55	80	0.6875000
NODE_14618_length_739_cov_18.360937	146	226	4	13	80	0.1625000
NODE_14618_length_739_cov_18.360937	199	279	2	14	80	0.1750000
NODE_14618_length_739_cov_18.360937	199	279	3	18	80	0.2250000
NODE_14618_length_739_cov_18.360937	199	279	4	48	80	0.6000000
NODE_14619_length_739_cov_13.195312	273	353	3	1	80	0.0125000
NODE_14619_length_739_cov_13.195312	273	353	4	3	80	0.0375000
NODE_14619_length_739_cov_13.195312	273	353	5	10	80	0.1250000
NODE_14619_length_739_cov_13.195312	273	353	6	45	80	0.5625000
NODE_14619_length_739_cov_13.195312	273	353	7	21	80	0.2625000
NODE_14619_length_739_cov_13.195312	326	406	5	40	80	0.5000000
NODE_14619_length_739_cov_13.195312	326	406	6	15	80	0.1875000
NODE_14619_length_739_cov_13.195312	326	406	7	25	80	0.3125000
NODE_14620_length_739_cov_10.314063	231	311	0	47	80	0.5875000
NODE_14620_length_739_cov_10.314063	231	311	2	33	80	0.4125000
NODE_14620_length_739_cov_10.314063	284	364	0	80	80	1.0000000
NODE_14622_length_739_cov_8.523438	468	548	0	80	80	1.0000000
NODE_14622_length_739_cov_8.523438	521	600	0	79	79	1.0000000
NODE_14623_length_739_cov_7.398438	342	422	0	80	80	1.0000000
NODE_14623_length_739_cov_7.398438	395	475	0	80	80	1.0000000
NODE_14625_length_739_cov_5.826562	252	332	0	80	80	1.0000000
NODE_14625_length_739_cov_5.826562	305	385	0	35	80	0.4375000
NODE_14625_length_739_cov_5.826562	305	385	2	45	80	0.5625000
NODE_14634_length_739_cov_3.232813	355	435	0	80	80	1.0000000
NODE_14634_length_739_cov_3.232813	408	488	0	80	80	1.0000000
NODE_14679_length_738_cov_35.278560	274	318	12	3	44	0.0681818
NODE_14679_length_738_cov_35.278560	274	318	13	1	44	0.0227273
NODE_14679_length_738_cov_35.278560	274	318	14	3	44	0.0681818
NODE_14679_length_738_cov_35.278560	274	318	15	2	44	0.0454545
NODE_14679_length_738_cov_35.278560	274	318	16	4	44	0.0909091
NODE_14679_length_738_cov_35.278560	274	318	17	15	44	0.3409091
NODE_14679_length_738_cov_35.278560	274	318	18	14	44	0.3181818
NODE_14679_length_738_cov_35.278560	274	318	19	1	44	0.0227273
NODE_14679_length_738_cov_35.278560	274	318	20	1	44	0.0227273
NODE_14680_length_738_cov_21.672926	208	288	5	57	80	0.7125000
NODE_14680_length_738_cov_21.672926	208	288	6	23	80	0.2875000
NODE_14680_length_738_cov_21.672926	261	341	1	18	80	0.2250000
NODE_14680_length_738_cov_21.672926	261	341	3	14	80	0.1750000
NODE_14680_length_738_cov_21.672926	261	341	4	2	80	0.0250000
NODE_14680_length_738_cov_21.672926	261	341	5	4	80	0.0500000
NODE_14680_length_738_cov_21.672926	261	341	6	42	80	0.5250000
NODE_14681_length_738_cov_15.665102	302	382	0	80	80	1.0000000
NODE_14681_length_738_cov_15.665102	355	435	0	80	80	1.0000000
NODE_14682_length_738_cov_15.661972	338	418	3	15	80	0.1875000
NODE_14682_length_738_cov_15.661972	338	418	4	1	80	0.0125000
NODE_14682_length_738_cov_15.661972	338	418	5	8	80	0.1000000
NODE_14682_length_738_cov_15.661972	338	418	7	4	80	0.0500000
NODE_14682_length_738_cov_15.661972	338	418	9	11	80	0.1375000
NODE_14682_length_738_cov_15.661972	338	418	11	8	80	0.1000000
NODE_14682_length_738_cov_15.661972	338	418	12	33	80	0.4125000
NODE_14682_length_738_cov_15.661972	391	471	7	6	80	0.0750000
NODE_14682_length_738_cov_15.661972	391	471	8	6	80	0.0750000
NODE_14682_length_738_cov_15.661972	391	471	10	27	80	0.3375000
NODE_14682_length_738_cov_15.661972	391	471	12	41	80	0.5125000
NODE_14683_length_738_cov_12.594679	49	129	0	80	80	1.0000000
NODE_14683_length_738_cov_12.594679	102	182	0	65	80	0.8125000
NODE_14683_length_738_cov_12.594679	102	182	1	14	80	0.1750000
NODE_14683_length_738_cov_12.594679	102	182	2	1	80	0.0125000
NODE_14683_length_738_cov_12.594679	178	258	1	3	80	0.0375000
NODE_14683_length_738_cov_12.594679	178	258	2	22	80	0.2750000
NODE_14683_length_738_cov_12.594679	178	258	4	55	80	0.6875000
NODE_14683_length_738_cov_12.594679	231	311	0	4	80	0.0500000
NODE_14683_length_738_cov_12.594679	231	311	2	22	80	0.2750000
NODE_14683_length_738_cov_12.594679	231	311	4	54	80	0.6750000
NODE_14691_length_738_cov_4.056338	254	326	0	72	72	1.0000000
NODE_14691_length_738_cov_4.056338	437	528	2	38	91	0.4175824
NODE_14691_length_738_cov_4.056338	437	528	3	24	91	0.2637363
NODE_14691_length_738_cov_4.056338	437	528	4	21	91	0.2307692
NODE_14691_length_738_cov_4.056338	437	528	6	8	91	0.0879121
NODE_14724_length_737_cov_22.363636	303	383	1	80	80	1.0000000
NODE_14724_length_737_cov_22.363636	356	436	1	53	80	0.6625000
NODE_14724_length_737_cov_22.363636	356	436	2	27	80	0.3375000
NODE_14725_length_737_cov_21.318182	208	288	3	14	80	0.1750000
NODE_14725_length_737_cov_21.318182	208	288	4	10	80	0.1250000
NODE_14725_length_737_cov_21.318182	208	288	6	36	80	0.4500000
NODE_14725_length_737_cov_21.318182	208	288	7	17	80	0.2125000
NODE_14725_length_737_cov_21.318182	208	288	9	3	80	0.0375000
NODE_14725_length_737_cov_21.318182	261	341	6	27	80	0.3375000
NODE_14725_length_737_cov_21.318182	261	341	7	53	80	0.6625000
NODE_14726_length_737_cov_17.161442	346	426	3	76	80	0.9500000
NODE_14726_length_737_cov_17.161442	346	426	4	4	80	0.0500000
NODE_14726_length_737_cov_17.161442	399	479	1	43	80	0.5375000
NODE_14726_length_737_cov_17.161442	399	479	2	3	80	0.0375000
NODE_14726_length_737_cov_17.161442	399	479	3	30	80	0.3750000
NODE_14726_length_737_cov_17.161442	399	479	4	4	80	0.0500000
NODE_14727_length_737_cov_11.835423	211	291	3	80	80	1.0000000
NODE_14727_length_737_cov_11.835423	264	344	1	14	80	0.1750000
NODE_14727_length_737_cov_11.835423	264	344	3	43	80	0.5375000
NODE_14727_length_737_cov_11.835423	264	344	4	23	80	0.2875000
NODE_14729_length_737_cov_6.782132	488	548	0	60	60	1.0000000
NODE_14732_length_737_cov_6.089342	241	321	0	18	80	0.2250000
NODE_14732_length_737_cov_6.089342	241	321	1	62	80	0.7750000
NODE_14732_length_737_cov_6.089342	294	374	1	29	80	0.3625000
NODE_14732_length_737_cov_6.089342	294	374	2	51	80	0.6375000
NODE_14747_length_737_cov_2.548589	386	416	0	30	30	1.0000000
NODE_14781_length_736_cov_46.601256	226	306	2	31	80	0.3875000
NODE_14781_length_736_cov_46.601256	226	306	3	49	80	0.6125000
NODE_14781_length_736_cov_46.601256	279	359	2	61	80	0.7625000
NODE_14781_length_736_cov_46.601256	279	359	3	19	80	0.2375000
NODE_14782_length_736_cov_32.442700	215	295	4	9	80	0.1125000
NODE_14782_length_736_cov_32.442700	215	295	5	71	80	0.8875000
NODE_14782_length_736_cov_32.442700	268	350	0	6	82	0.0731707
NODE_14782_length_736_cov_32.442700	268	350	1	16	82	0.1951219
NODE_14782_length_736_cov_32.442700	268	350	2	9	82	0.1097561
NODE_14782_length_736_cov_32.442700	268	350	4	33	82	0.4024390
NODE_14782_length_736_cov_32.442700	268	350	5	18	82	0.2195122
NODE_14783_length_736_cov_26.364207	220	300	1	30	80	0.3750000
NODE_14783_length_736_cov_26.364207	220	300	3	1	80	0.0125000
NODE_14783_length_736_cov_26.364207	220	300	5	13	80	0.1625000
NODE_14783_length_736_cov_26.364207	220	300	6	10	80	0.1250000
NODE_14783_length_736_cov_26.364207	220	300	7	26	80	0.3250000
NODE_14783_length_736_cov_26.364207	273	353	5	4	80	0.0500000
NODE_14783_length_736_cov_26.364207	273	353	6	1	80	0.0125000
NODE_14783_length_736_cov_26.364207	273	353	7	75	80	0.9375000
NODE_14785_length_736_cov_10.317111	313	393	1	16	80	0.2000000
NODE_14785_length_736_cov_10.317111	313	393	2	50	80	0.6250000
NODE_14785_length_736_cov_10.317111	313	393	3	14	80	0.1750000
NODE_14785_length_736_cov_10.317111	366	446	2	72	80	0.9000000
NODE_14785_length_736_cov_10.317111	366	446	3	8	80	0.1000000
NODE_14786_length_736_cov_9.188383	292	372	0	80	80	1.0000000
NODE_14786_length_736_cov_9.188383	345	425	0	80	80	1.0000000
NODE_14787_length_736_cov_8.149137	315	391	4	12	76	0.1578947
NODE_14787_length_736_cov_8.149137	315	391	5	25	76	0.3289474
NODE_14787_length_736_cov_8.149137	315	391	8	30	76	0.3947369
NODE_14787_length_736_cov_8.149137	315	391	9	9	76	0.1184211
NODE_14787_length_736_cov_8.149137	365	445	5	18	80	0.2250000
NODE_14787_length_736_cov_8.149137	365	445	6	5	80	0.0625000
NODE_14787_length_736_cov_8.149137	365	445	7	26	80	0.3250000
NODE_14787_length_736_cov_8.149137	365	445	8	31	80	0.3875000
NODE_14788_length_736_cov_8.103611	295	375	0	80	80	1.0000000
NODE_14788_length_736_cov_8.103611	348	428	0	80	80	1.0000000
NODE_14789_length_736_cov_7.513344	239	319	2	24	80	0.3000000
NODE_14789_length_736_cov_7.513344	239	319	4	56	80	0.7000000
NODE_14789_length_736_cov_7.513344	292	372	1	25	80	0.3125000
NODE_14789_length_736_cov_7.513344	292	372	2	52	80	0.6500000
NODE_14789_length_736_cov_7.513344	292	372	4	3	80	0.0375000
NODE_14792_length_736_cov_5.967033	253	333	0	80	80	1.0000000
NODE_14792_length_736_cov_5.967033	306	386	0	80	80	1.0000000
NODE_14795_length_736_cov_4.908948	258	338	5	17	80	0.2125000
NODE_14795_length_736_cov_4.908948	258	338	6	57	80	0.7125000
NODE_14795_length_736_cov_4.908948	258	338	7	6	80	0.0750000
NODE_14795_length_736_cov_4.908948	311	391	3	46	80	0.5750000
NODE_14795_length_736_cov_4.908948	311	391	5	24	80	0.3000000
NODE_14795_length_736_cov_4.908948	311	391	6	10	80	0.1250000
NODE_14825_length_735_cov_21.099057	265	345	2	6	80	0.0750000
NODE_14825_length_735_cov_21.099057	265	345	3	68	80	0.8500000
NODE_14825_length_735_cov_21.099057	265	345	4	6	80	0.0750000
NODE_14825_length_735_cov_21.099057	318	398	1	11	80	0.1375000
NODE_14825_length_735_cov_21.099057	318	398	3	64	80	0.8000000
NODE_14825_length_735_cov_21.099057	318	398	4	5	80	0.0625000
NODE_14826_length_735_cov_16.696541	190	270	3	5	80	0.0625000
NODE_14826_length_735_cov_16.696541	190	270	4	45	80	0.5625000
NODE_14826_length_735_cov_16.696541	190	270	5	25	80	0.3125000
NODE_14826_length_735_cov_16.696541	190	270	6	3	80	0.0375000
NODE_14826_length_735_cov_16.696541	190	270	7	2	80	0.0250000
NODE_14826_length_735_cov_16.696541	243	323	3	21	80	0.2625000
NODE_14826_length_735_cov_16.696541	243	323	4	59	80	0.7375000
NODE_14826_length_735_cov_16.696541	479	538	2	54	59	0.9152542
NODE_14826_length_735_cov_16.696541	479	538	3	5	59	0.0847458
NODE_14827_length_735_cov_13.143082	231	311	3	3	80	0.0375000
NODE_14827_length_735_cov_13.143082	231	311	5	19	80	0.2375000
NODE_14827_length_735_cov_13.143082	231	311	6	58	80	0.7250000
NODE_14827_length_735_cov_13.143082	284	364	3	12	80	0.1500000
NODE_14827_length_735_cov_13.143082	284	364	4	12	80	0.1500000
NODE_14827_length_735_cov_13.143082	284	364	5	40	80	0.5000000
NODE_14827_length_735_cov_13.143082	284	364	6	16	80	0.2000000
NODE_14828_length_735_cov_12.415094	434	514	0	48	80	0.6000000
NODE_14828_length_735_cov_12.415094	434	514	1	32	80	0.4000000
NODE_14828_length_735_cov_12.415094	487	567	1	31	80	0.3875000
NODE_14828_length_735_cov_12.415094	487	567	2	49	80	0.6125000
NODE_14836_length_735_cov_5.603774	326	394	0	68	68	1.0000000
NODE_14836_length_735_cov_5.603774	367	409	0	42	42	1.0000000
NODE_14880_length_734_cov_26.787402	209	289	1	10	80	0.1250000
NODE_14880_length_734_cov_26.787402	209	289	2	16	80	0.2000000
NODE_14880_length_734_cov_26.787402	209	289	3	24	80	0.3000000
NODE_14880_length_734_cov_26.787402	209	289	5	27	80	0.3375000
NODE_14880_length_734_cov_26.787402	209	289	6	3	80	0.0375000
NODE_14880_length_734_cov_26.787402	262	342	5	24	80	0.3000000
NODE_14880_length_734_cov_26.787402	262	342	6	56	80	0.7000000
NODE_14881_length_734_cov_23.214173	200	280	2	70	80	0.8750000
NODE_14881_length_734_cov_23.214173	200	280	3	10	80	0.1250000
NODE_14881_length_734_cov_23.214173	253	333	1	9	80	0.1125000
NODE_14881_length_734_cov_23.214173	253	333	2	61	80	0.7625000
NODE_14881_length_734_cov_23.214173	253	333	3	10	80	0.1250000
NODE_14883_length_734_cov_21.645669	245	325	4	5	80	0.0625000
NODE_14883_length_734_cov_21.645669	245	325	6	1	80	0.0125000
NODE_14883_length_734_cov_21.645669	245	325	7	22	80	0.2750000
NODE_14883_length_734_cov_21.645669	245	325	8	52	80	0.6500000
NODE_14883_length_734_cov_21.645669	298	378	2	24	80	0.3000000
NODE_14883_length_734_cov_21.645669	298	378	4	8	80	0.1000000
NODE_14883_length_734_cov_21.645669	298	378	5	26	80	0.3250000
NODE_14883_length_734_cov_21.645669	298	378	6	1	80	0.0125000
NODE_14883_length_734_cov_21.645669	298	378	7	18	80	0.2250000
NODE_14883_length_734_cov_21.645669	298	378	8	3	80	0.0375000
NODE_14884_length_734_cov_14.393701	249	329	3	75	80	0.9375000
NODE_14884_length_734_cov_14.393701	249	329	5	5	80	0.0625000
NODE_14884_length_734_cov_14.393701	302	382	2	12	80	0.1500000
NODE_14884_length_734_cov_14.393701	302	382	3	41	80	0.5125000
NODE_14884_length_734_cov_14.393701	302	382	4	27	80	0.3375000
NODE_14885_length_734_cov_11.324409	133	196	0	18	63	0.2857143
NODE_14885_length_734_cov_11.324409	133	196	2	45	63	0.7142857
NODE_14885_length_734_cov_11.324409	169	229	2	60	60	1.0000000
NODE_14886_length_734_cov_10.872441	302	331	0	29	29	1.0000000
NODE_14890_length_734_cov_6.352756	371	451	2	22	80	0.2750000
NODE_14890_length_734_cov_6.352756	371	451	4	58	80	0.7250000
NODE_14890_length_734_cov_6.352756	424	504	2	19	80	0.2375000
NODE_14890_length_734_cov_6.352756	424	504	4	61	80	0.7625000
NODE_14896_length_734_cov_2.705512	231	302	0	71	71	1.0000000
NODE_14934_length_733_cov_35.041009	268	348	2	2	80	0.0250000
NODE_14934_length_733_cov_35.041009	268	348	3	52	80	0.6500000
NODE_14934_length_733_cov_35.041009	268	348	4	26	80	0.3250000
NODE_14934_length_733_cov_35.041009	321	402	3	35	81	0.4320988
NODE_14934_length_733_cov_35.041009	321	402	4	46	81	0.5679013
NODE_14935_length_733_cov_29.810726	28	108	0	2	80	0.0250000
NODE_14935_length_733_cov_29.810726	28	108	1	2	80	0.0250000
NODE_14935_length_733_cov_29.810726	28	108	3	15	80	0.1875000
NODE_14935_length_733_cov_29.810726	28	108	4	51	80	0.6375000
NODE_14935_length_733_cov_29.810726	28	108	5	10	80	0.1250000
NODE_14935_length_733_cov_29.810726	81	161	4	17	80	0.2125000
NODE_14935_length_733_cov_29.810726	81	161	5	15	80	0.1875000
NODE_14935_length_733_cov_29.810726	81	161	6	19	80	0.2375000
NODE_14935_length_733_cov_29.810726	81	161	7	1	80	0.0125000
NODE_14935_length_733_cov_29.810726	81	161	8	15	80	0.1875000
NODE_14935_length_733_cov_29.810726	81	161	9	13	80	0.1625000
NODE_14935_length_733_cov_29.810726	157	237	7	2	80	0.0250000
NODE_14935_length_733_cov_29.810726	157	237	8	67	80	0.8375000
NODE_14935_length_733_cov_29.810726	157	237	9	10	80	0.1250000
NODE_14935_length_733_cov_29.810726	157	237	10	1	80	0.0125000
NODE_14935_length_733_cov_29.810726	210	290	4	7	80	0.0875000
NODE_14935_length_733_cov_29.810726	210	290	5	1	80	0.0125000
NODE_14935_length_733_cov_29.810726	210	290	6	19	80	0.2375000
NODE_14935_length_733_cov_29.810726	210	290	7	15	80	0.1875000
NODE_14935_length_733_cov_29.810726	210	290	8	38	80	0.4750000
NODE_14936_length_733_cov_13.738170	333	413	6	79	80	0.9875000
NODE_14936_length_733_cov_13.738170	333	413	7	1	80	0.0125000
NODE_14936_length_733_cov_13.738170	386	466	3	5	80	0.0625000
NODE_14936_length_733_cov_13.738170	386	466	4	3	80	0.0375000
NODE_14936_length_733_cov_13.738170	386	466	5	17	80	0.2125000
NODE_14936_length_733_cov_13.738170	386	466	6	55	80	0.6875000
NODE_14937_length_733_cov_11.471609	314	389	0	75	75	1.0000000
NODE_14938_length_733_cov_11.321767	245	325	1	24	80	0.3000000
NODE_14938_length_733_cov_11.321767	245	325	2	56	80	0.7000000
NODE_14938_length_733_cov_11.321767	298	378	0	6	80	0.0750000
NODE_14938_length_733_cov_11.321767	298	378	1	71	80	0.8875000
NODE_14938_length_733_cov_11.321767	298	378	2	3	80	0.0375000
NODE_14940_length_733_cov_8.481073	318	395	0	77	77	1.0000000
NODE_14940_length_733_cov_8.481073	371	451	0	80	80	1.0000000
NODE_14944_length_733_cov_5.485804	659	715	13	19	56	0.3392857
NODE_14944_length_733_cov_5.485804	659	715	14	3	56	0.0535714
NODE_14944_length_733_cov_5.485804	659	715	16	8	56	0.1428571
NODE_14944_length_733_cov_5.485804	659	715	17	4	56	0.0714286
NODE_14944_length_733_cov_5.485804	659	715	20	3	56	0.0535714
NODE_14944_length_733_cov_5.485804	659	715	21	9	56	0.1607143
NODE_14944_length_733_cov_5.485804	659	715	22	6	56	0.1071429
NODE_14944_length_733_cov_5.485804	659	715	24	4	56	0.0714286
NODE_14944_length_733_cov_5.485804	696	733	10	4	37	0.1081081
NODE_14944_length_733_cov_5.485804	696	733	13	33	37	0.8918919
NODE_14957_length_733_cov_2.272871	312	392	0	80	80	1.0000000
NODE_14957_length_733_cov_2.272871	365	445	0	80	80	1.0000000
NODE_14975_length_732_cov_19.519747	229	309	2	21	80	0.2625000
NODE_14975_length_732_cov_19.519747	229	309	4	20	80	0.2500000
NODE_14975_length_732_cov_19.519747	229	309	5	2	80	0.0250000
NODE_14975_length_732_cov_19.519747	229	309	6	37	80	0.4625000
NODE_14975_length_732_cov_19.519747	282	362	2	3	80	0.0375000
NODE_14975_length_732_cov_19.519747	282	362	4	36	80	0.4500000
NODE_14975_length_732_cov_19.519747	282	362	5	16	80	0.2000000
NODE_14975_length_732_cov_19.519747	282	362	6	25	80	0.3125000
NODE_14976_length_732_cov_10.846761	247	327	0	80	80	1.0000000
NODE_14976_length_732_cov_10.846761	300	380	0	80	80	1.0000000
NODE_14977_length_732_cov_9.807267	276	356	0	80	80	1.0000000
NODE_14977_length_732_cov_9.807267	329	409	0	80	80	1.0000000
NODE_14978_length_732_cov_8.053712	415	495	1	12	80	0.1500000
NODE_14978_length_732_cov_8.053712	415	495	2	23	80	0.2875000
NODE_14978_length_732_cov_8.053712	415	495	3	45	80	0.5625000
NODE_14978_length_732_cov_8.053712	468	548	2	3	80	0.0375000
NODE_14978_length_732_cov_8.053712	468	548	3	70	80	0.8750000
NODE_14978_length_732_cov_8.053712	468	548	4	7	80	0.0875000
NODE_14980_length_732_cov_5.194313	319	399	0	80	80	1.0000000
NODE_14980_length_732_cov_5.194313	372	452	0	80	80	1.0000000
NODE_14981_length_732_cov_4.998420	293	373	0	2	80	0.0250000
NODE_14981_length_732_cov_4.998420	293	373	1	66	80	0.8250000
NODE_14981_length_732_cov_4.998420	293	373	2	12	80	0.1500000
NODE_14981_length_732_cov_4.998420	346	426	1	15	80	0.1875000
NODE_14981_length_732_cov_4.998420	346	426	2	65	80	0.8125000
NODE_14983_length_732_cov_4.758294	483	524	0	41	41	1.0000000
NODE_15021_length_731_cov_36.123418	464	544	3	7	80	0.0875000
NODE_15021_length_731_cov_36.123418	464	544	4	11	80	0.1375000
NODE_15021_length_731_cov_36.123418	464	544	5	2	80	0.0250000
NODE_15021_length_731_cov_36.123418	464	544	6	25	80	0.3125000
NODE_15021_length_731_cov_36.123418	464	544	7	19	80	0.2375000
NODE_15021_length_731_cov_36.123418	464	544	9	8	80	0.1000000
NODE_15021_length_731_cov_36.123418	464	544	11	8	80	0.1000000
NODE_15021_length_731_cov_36.123418	517	597	7	11	80	0.1375000
NODE_15021_length_731_cov_36.123418	517	597	9	59	80	0.7375000
NODE_15021_length_731_cov_36.123418	517	597	11	10	80	0.1250000
NODE_15022_length_731_cov_27.721519	294	374	3	42	80	0.5250000
NODE_15022_length_731_cov_27.721519	294	374	4	2	80	0.0250000
NODE_15022_length_731_cov_27.721519	294	374	6	22	80	0.2750000
NODE_15022_length_731_cov_27.721519	294	374	8	14	80	0.1750000
NODE_15022_length_731_cov_27.721519	347	427	5	15	80	0.1875000
NODE_15022_length_731_cov_27.721519	347	427	6	51	80	0.6375000
NODE_15022_length_731_cov_27.721519	347	427	8	14	80	0.1750000
NODE_15023_length_731_cov_19.655063	394	474	10	31	80	0.3875000
NODE_15023_length_731_cov_19.655063	394	474	11	28	80	0.3500000
NODE_15023_length_731_cov_19.655063	394	474	12	21	80	0.2625000
NODE_15023_length_731_cov_19.655063	447	527	4	25	80	0.3125000
NODE_15023_length_731_cov_19.655063	447	527	5	7	80	0.0875000
NODE_15023_length_731_cov_19.655063	447	527	6	3	80	0.0375000
NODE_15023_length_731_cov_19.655063	447	527	7	1	80	0.0125000
NODE_15023_length_731_cov_19.655063	447	527	8	11	80	0.1375000
NODE_15023_length_731_cov_19.655063	447	527	10	24	80	0.3000000
NODE_15023_length_731_cov_19.655063	447	527	11	9	80	0.1125000
NODE_15024_length_731_cov_16.346519	429	509	1	1	80	0.0125000
NODE_15024_length_731_cov_16.346519	429	509	2	48	80	0.6000000
NODE_15024_length_731_cov_16.346519	429	509	3	4	80	0.0500000
NODE_15024_length_731_cov_16.346519	429	509	4	25	80	0.3125000
NODE_15024_length_731_cov_16.346519	429	509	5	2	80	0.0250000
NODE_15024_length_731_cov_16.346519	482	562	4	25	80	0.3125000
NODE_15024_length_731_cov_16.346519	482	562	5	17	80	0.2125000
NODE_15024_length_731_cov_16.346519	482	562	6	38	80	0.4750000
NODE_15025_length_731_cov_13.892405	321	401	3	7	80	0.0875000
NODE_15025_length_731_cov_13.892405	321	401	4	44	80	0.5500000
NODE_15025_length_731_cov_13.892405	321	401	5	29	80	0.3625000
NODE_15025_length_731_cov_13.892405	374	454	0	12	80	0.1500000
NODE_15025_length_731_cov_13.892405	374	454	2	3	80	0.0375000
NODE_15025_length_731_cov_13.892405	374	454	3	10	80	0.1250000
NODE_15025_length_731_cov_13.892405	374	454	4	43	80	0.5375000
NODE_15025_length_731_cov_13.892405	374	454	5	12	80	0.1500000
NODE_15027_length_731_cov_8.800633	218	298	4	12	80	0.1500000
NODE_15027_length_731_cov_8.800633	218	298	5	32	80	0.4000000
NODE_15027_length_731_cov_8.800633	218	298	6	6	80	0.0750000
NODE_15027_length_731_cov_8.800633	218	298	7	30	80	0.3750000
NODE_15027_length_731_cov_8.800633	271	352	3	5	81	0.0617284
NODE_15027_length_731_cov_8.800633	271	352	4	12	81	0.1481481
NODE_15027_length_731_cov_8.800633	271	352	5	48	81	0.5925926
NODE_15027_length_731_cov_8.800633	271	352	7	16	81	0.1975309
NODE_15028_length_731_cov_7.658228	335	406	2	71	71	1.0000000
NODE_15028_length_731_cov_7.658228	387	468	0	9	81	0.1111111
NODE_15028_length_731_cov_7.658228	387	468	2	72	81	0.8888889
NODE_15031_length_731_cov_5.471519	261	341	0	80	80	1.0000000
NODE_15031_length_731_cov_5.471519	314	394	0	80	80	1.0000000
NODE_15034_length_731_cov_4.083861	361	441	0	16	80	0.2000000
NODE_15034_length_731_cov_4.083861	361	441	1	64	80	0.8000000
NODE_15034_length_731_cov_4.083861	458	482	1	5	24	0.2083333
NODE_15034_length_731_cov_4.083861	458	482	2	19	24	0.7916667
NODE_15050_length_731_cov_2.226266	466	548	0	52	82	0.6341463
NODE_15050_length_731_cov_2.226266	466	548	1	30	82	0.3658537
NODE_15077_length_730_cov_51.556260	349	429	2	8	80	0.1000000
NODE_15077_length_730_cov_51.556260	349	429	3	37	80	0.4625000
NODE_15077_length_730_cov_51.556260	349	429	4	35	80	0.4375000
NODE_15077_length_730_cov_51.556260	402	482	1	42	80	0.5250000
NODE_15077_length_730_cov_51.556260	402	482	3	38	80	0.4750000
NODE_15078_length_730_cov_39.862124	370	450	5	22	80	0.2750000
NODE_15078_length_730_cov_39.862124	370	450	6	18	80	0.2250000
NODE_15078_length_730_cov_39.862124	370	450	7	40	80	0.5000000
NODE_15078_length_730_cov_39.862124	423	503	4	3	80	0.0375000
NODE_15078_length_730_cov_39.862124	423	503	6	10	80	0.1250000
NODE_15078_length_730_cov_39.862124	423	503	7	67	80	0.8375000
NODE_15079_length_730_cov_15.801902	261	341	0	80	80	1.0000000
NODE_15079_length_730_cov_15.801902	314	394	0	80	80	1.0000000
NODE_15080_length_730_cov_11.746434	242	322	1	80	80	1.0000000
NODE_15080_length_730_cov_11.746434	295	375	1	64	80	0.8000000
NODE_15080_length_730_cov_11.746434	295	375	2	8	80	0.1000000
NODE_15080_length_730_cov_11.746434	295	375	3	8	80	0.1000000
NODE_15081_length_730_cov_9.209192	358	438	1	55	80	0.6875000
NODE_15081_length_730_cov_9.209192	358	438	2	25	80	0.3125000
NODE_15081_length_730_cov_9.209192	411	483	0	5	72	0.0694444
NODE_15081_length_730_cov_9.209192	411	483	1	67	72	0.9305556
NODE_15131_length_729_cov_44.188889	418	498	4	14	80	0.1750000
NODE_15131_length_729_cov_44.188889	418	498	6	5	80	0.0625000
NODE_15131_length_729_cov_44.188889	418	498	7	17	80	0.2125000
NODE_15131_length_729_cov_44.188889	418	498	9	42	80	0.5250000
NODE_15131_length_729_cov_44.188889	418	498	10	2	80	0.0250000
NODE_15131_length_729_cov_44.188889	471	551	4	3	80	0.0375000
NODE_15131_length_729_cov_44.188889	471	551	5	18	80	0.2250000
NODE_15131_length_729_cov_44.188889	471	551	6	17	80	0.2125000
NODE_15131_length_729_cov_44.188889	471	551	7	21	80	0.2625000
NODE_15131_length_729_cov_44.188889	471	551	9	21	80	0.2625000
NODE_15132_length_729_cov_40.390476	330	410	5	1	80	0.0125000
NODE_15132_length_729_cov_40.390476	330	410	7	8	80	0.1000000
NODE_15132_length_729_cov_40.390476	330	410	8	6	80	0.0750000
NODE_15132_length_729_cov_40.390476	330	410	9	20	80	0.2500000
NODE_15132_length_729_cov_40.390476	330	410	10	45	80	0.5625000
NODE_15132_length_729_cov_40.390476	383	463	7	21	80	0.2625000
NODE_15132_length_729_cov_40.390476	383	463	9	13	80	0.1625000
NODE_15132_length_729_cov_40.390476	383	463	10	39	80	0.4875000
NODE_15132_length_729_cov_40.390476	383	463	11	7	80	0.0875000
NODE_15133_length_729_cov_35.973016	231	311	5	15	80	0.1875000
NODE_15133_length_729_cov_35.973016	231	311	6	2	80	0.0250000
NODE_15133_length_729_cov_35.973016	231	311	7	28	80	0.3500000
NODE_15133_length_729_cov_35.973016	231	311	8	35	80	0.4375000
NODE_15133_length_729_cov_35.973016	284	363	6	1	79	0.0126582
NODE_15133_length_729_cov_35.973016	284	363	7	34	79	0.4303797
NODE_15133_length_729_cov_35.973016	284	363	8	32	79	0.4050633
NODE_15133_length_729_cov_35.973016	284	363	9	12	79	0.1518987
NODE_15134_length_729_cov_18.357143	170	250	2	5	80	0.0625000
NODE_15134_length_729_cov_18.357143	170	250	4	22	80	0.2750000
NODE_15134_length_729_cov_18.357143	170	250	6	53	80	0.6625000
NODE_15134_length_729_cov_18.357143	223	303	2	6	80	0.0750000
NODE_15134_length_729_cov_18.357143	223	303	4	16	80	0.2000000
NODE_15134_length_729_cov_18.357143	223	303	6	58	80	0.7250000
NODE_15135_length_729_cov_17.928571	194	274	3	9	80	0.1125000
NODE_15135_length_729_cov_17.928571	194	274	4	53	80	0.6625000
NODE_15135_length_729_cov_17.928571	194	274	6	16	80	0.2000000
NODE_15135_length_729_cov_17.928571	194	274	7	2	80	0.0250000
NODE_15135_length_729_cov_17.928571	247	327	4	9	80	0.1125000
NODE_15135_length_729_cov_17.928571	247	327	5	2	80	0.0250000
NODE_15135_length_729_cov_17.928571	247	327	6	34	80	0.4250000
NODE_15135_length_729_cov_17.928571	247	327	7	35	80	0.4375000
NODE_15136_length_729_cov_17.373016	369	449	2	24	80	0.3000000
NODE_15136_length_729_cov_17.373016	369	449	3	9	80	0.1125000
NODE_15136_length_729_cov_17.373016	369	449	4	15	80	0.1875000
NODE_15136_length_729_cov_17.373016	369	449	5	19	80	0.2375000
NODE_15136_length_729_cov_17.373016	369	449	7	13	80	0.1625000
NODE_15136_length_729_cov_17.373016	422	502	4	2	80	0.0250000
NODE_15136_length_729_cov_17.373016	422	502	5	12	80	0.1500000
NODE_15136_length_729_cov_17.373016	422	502	7	66	80	0.8250000
NODE_15137_length_729_cov_12.452381	347	427	0	23	80	0.2875000
NODE_15137_length_729_cov_12.452381	347	427	3	14	80	0.1750000
NODE_15137_length_729_cov_12.452381	347	427	4	43	80	0.5375000
NODE_15137_length_729_cov_12.452381	400	480	4	80	80	1.0000000
NODE_15138_length_729_cov_10.388889	296	376	5	15	80	0.1875000
NODE_15138_length_729_cov_10.388889	296	376	7	23	80	0.2875000
NODE_15138_length_729_cov_10.388889	296	376	8	5	80	0.0625000
NODE_15138_length_729_cov_10.388889	296	376	9	1	80	0.0125000
NODE_15138_length_729_cov_10.388889	296	376	10	26	80	0.3250000
NODE_15138_length_729_cov_10.388889	296	376	11	10	80	0.1250000
NODE_15138_length_729_cov_10.388889	349	429	8	5	80	0.0625000
NODE_15138_length_729_cov_10.388889	349	429	9	4	80	0.0500000
NODE_15138_length_729_cov_10.388889	349	429	10	61	80	0.7625000
NODE_15138_length_729_cov_10.388889	349	429	11	10	80	0.1250000
NODE_15185_length_728_cov_23.503975	338	418	0	5	80	0.0625000
NODE_15185_length_728_cov_23.503975	338	418	1	75	80	0.9375000
NODE_15185_length_728_cov_23.503975	391	471	1	80	80	1.0000000
NODE_15186_length_728_cov_22.496025	310	390	1	8	80	0.1000000
NODE_15186_length_728_cov_22.496025	310	390	2	28	80	0.3500000
NODE_15186_length_728_cov_22.496025	310	390	4	44	80	0.5500000
NODE_15186_length_728_cov_22.496025	363	443	4	66	80	0.8250000
NODE_15186_length_728_cov_22.496025	363	443	5	14	80	0.1750000
NODE_15187_length_728_cov_16.596184	257	337	0	80	80	1.0000000
NODE_15187_length_728_cov_16.596184	310	387	0	77	77	1.0000000
NODE_15188_length_728_cov_16.114467	192	272	1	28	80	0.3500000
NODE_15188_length_728_cov_16.114467	192	272	2	4	80	0.0500000
NODE_15188_length_728_cov_16.114467	192	272	4	43	80	0.5375000
NODE_15188_length_728_cov_16.114467	192	272	5	5	80	0.0625000
NODE_15188_length_728_cov_16.114467	245	325	1	31	80	0.3875000
NODE_15188_length_728_cov_16.114467	245	325	2	49	80	0.6125000
NODE_15189_length_728_cov_15.128776	298	377	2	2	79	0.0253165
NODE_15189_length_728_cov_15.128776	298	377	3	35	79	0.4430380
NODE_15189_length_728_cov_15.128776	298	377	4	27	79	0.3417721
NODE_15189_length_728_cov_15.128776	298	377	5	3	79	0.0379747
NODE_15189_length_728_cov_15.128776	298	377	6	12	79	0.1518987
NODE_15189_length_728_cov_15.128776	350	430	4	12	80	0.1500000
NODE_15189_length_728_cov_15.128776	350	430	5	3	80	0.0375000
NODE_15189_length_728_cov_15.128776	350	430	6	20	80	0.2500000
NODE_15189_length_728_cov_15.128776	350	430	7	7	80	0.0875000
NODE_15189_length_728_cov_15.128776	350	430	8	34	80	0.4250000
NODE_15189_length_728_cov_15.128776	350	430	9	4	80	0.0500000
NODE_15190_length_728_cov_10.613672	269	349	3	80	80	1.0000000
NODE_15190_length_728_cov_10.613672	322	402	1	46	80	0.5750000
NODE_15190_length_728_cov_10.613672	322	402	3	34	80	0.4250000
NODE_15191_length_728_cov_7.613672	408	488	1	47	80	0.5875000
NODE_15191_length_728_cov_7.613672	408	488	2	33	80	0.4125000
NODE_15191_length_728_cov_7.613672	461	541	1	80	80	1.0000000
NODE_15196_length_728_cov_3.405405	335	415	0	80	80	1.0000000
NODE_15244_length_727_cov_34.883758	57	137	2	5	80	0.0625000
NODE_15244_length_727_cov_34.883758	57	137	4	10	80	0.1250000
NODE_15244_length_727_cov_34.883758	57	137	5	65	80	0.8125000
NODE_15244_length_727_cov_34.883758	57	137	2	5	80	0.0625000
NODE_15244_length_727_cov_34.883758	57	137	4	10	80	0.1250000
NODE_15244_length_727_cov_34.883758	57	137	5	65	80	0.8125000
NODE_15244_length_727_cov_34.883758	57	137	2	5	80	0.0625000
NODE_15244_length_727_cov_34.883758	57	137	4	10	80	0.1250000
NODE_15244_length_727_cov_34.883758	57	137	5	65	80	0.8125000
NODE_15244_length_727_cov_34.883758	110	190	4	61	80	0.7625000
NODE_15244_length_727_cov_34.883758	110	190	5	19	80	0.2375000
NODE_15244_length_727_cov_34.883758	110	190	4	61	80	0.7625000
NODE_15244_length_727_cov_34.883758	110	190	5	19	80	0.2375000
NODE_15245_length_727_cov_32.025478	275	355	3	9	80	0.1125000
NODE_15245_length_727_cov_32.025478	275	355	4	7	80	0.0875000
NODE_15245_length_727_cov_32.025478	275	355	5	63	80	0.7875000
NODE_15245_length_727_cov_32.025478	275	355	6	1	80	0.0125000
NODE_15245_length_727_cov_32.025478	328	408	2	13	80	0.1625000
NODE_15245_length_727_cov_32.025478	328	408	3	3	80	0.0375000
NODE_15245_length_727_cov_32.025478	328	408	4	1	80	0.0125000
NODE_15245_length_727_cov_32.025478	328	408	5	62	80	0.7750000
NODE_15245_length_727_cov_32.025478	328	408	6	1	80	0.0125000
NODE_15246_length_727_cov_28.523885	307	381	4	47	74	0.6351351
NODE_15246_length_727_cov_28.523885	307	381	5	23	74	0.3108108
NODE_15246_length_727_cov_28.523885	307	381	6	4	74	0.0540541
NODE_15246_length_727_cov_28.523885	360	381	4	21	21	1.0000000
NODE_15246_length_727_cov_28.523885	378	415	2	17	37	0.4594595
NODE_15246_length_727_cov_28.523885	378	415	3	17	37	0.4594595
NODE_15246_length_727_cov_28.523885	378	415	4	3	37	0.0810811
NODE_15247_length_727_cov_25.826433	325	405	4	14	80	0.1750000
NODE_15247_length_727_cov_25.826433	325	405	5	11	80	0.1375000
NODE_15247_length_727_cov_25.826433	325	405	6	55	80	0.6875000
NODE_15247_length_727_cov_25.826433	378	458	4	35	80	0.4375000
NODE_15247_length_727_cov_25.826433	378	458	5	29	80	0.3625000
NODE_15247_length_727_cov_25.826433	378	458	6	16	80	0.2000000
NODE_15248_length_727_cov_22.253185	150	230	2	80	80	1.0000000
NODE_15248_length_727_cov_22.253185	203	283	0	25	80	0.3125000
NODE_15248_length_727_cov_22.253185	203	283	2	55	80	0.6875000
NODE_15249_length_727_cov_18.972930	263	343	2	15	80	0.1875000
NODE_15249_length_727_cov_18.972930	263	343	3	4	80	0.0500000
NODE_15249_length_727_cov_18.972930	263	343	4	37	80	0.4625000
NODE_15249_length_727_cov_18.972930	263	343	6	23	80	0.2875000
NODE_15249_length_727_cov_18.972930	263	343	7	1	80	0.0125000
NODE_15249_length_727_cov_18.972930	316	396	4	3	80	0.0375000
NODE_15249_length_727_cov_18.972930	316	396	5	18	80	0.2250000
NODE_15249_length_727_cov_18.972930	316	396	6	44	80	0.5500000
NODE_15249_length_727_cov_18.972930	316	396	7	15	80	0.1875000
NODE_15250_length_727_cov_15.531847	269	349	1	39	80	0.4875000
NODE_15250_length_727_cov_15.531847	269	349	2	20	80	0.2500000
NODE_15250_length_727_cov_15.531847	269	349	3	21	80	0.2625000
NODE_15250_length_727_cov_15.531847	322	402	2	73	80	0.9125000
NODE_15250_length_727_cov_15.531847	322	402	3	7	80	0.0875000
NODE_15252_length_727_cov_10.178344	280	360	0	36	80	0.4500000
NODE_15252_length_727_cov_10.178344	280	360	1	44	80	0.5500000
NODE_15252_length_727_cov_10.178344	333	413	1	80	80	1.0000000
NODE_15258_length_727_cov_4.955414	360	440	0	80	80	1.0000000
NODE_15258_length_727_cov_4.955414	413	493	0	80	80	1.0000000
NODE_15287_length_726_cov_52.923445	415	495	15	14	80	0.1750000
NODE_15287_length_726_cov_52.923445	415	495	16	3	80	0.0375000
NODE_15287_length_726_cov_52.923445	415	495	17	3	80	0.0375000
NODE_15287_length_726_cov_52.923445	415	495	18	19	80	0.2375000
NODE_15287_length_726_cov_52.923445	415	495	19	9	80	0.1125000
NODE_15287_length_726_cov_52.923445	415	495	20	26	80	0.3250000
NODE_15287_length_726_cov_52.923445	415	495	21	1	80	0.0125000
NODE_15287_length_726_cov_52.923445	415	495	22	5	80	0.0625000
NODE_15287_length_726_cov_52.923445	468	548	7	17	80	0.2125000
NODE_15287_length_726_cov_52.923445	468	548	8	2	80	0.0250000
NODE_15287_length_726_cov_52.923445	468	548	10	20	80	0.2500000
NODE_15287_length_726_cov_52.923445	468	548	13	7	80	0.0875000
NODE_15287_length_726_cov_52.923445	468	548	14	4	80	0.0500000
NODE_15287_length_726_cov_52.923445	468	548	15	10	80	0.1250000
NODE_15287_length_726_cov_52.923445	468	548	16	1	80	0.0125000
NODE_15287_length_726_cov_52.923445	468	548	17	3	80	0.0375000
NODE_15287_length_726_cov_52.923445	468	548	18	14	80	0.1750000
NODE_15287_length_726_cov_52.923445	468	548	20	2	80	0.0250000
NODE_15288_length_726_cov_35.896332	108	188	2	80	80	1.0000000
NODE_15288_length_726_cov_35.896332	161	241	2	50	80	0.6250000
NODE_15288_length_726_cov_35.896332	161	241	3	21	80	0.2625000
NODE_15288_length_726_cov_35.896332	161	241	4	9	80	0.1125000
NODE_15288_length_726_cov_35.896332	237	317	3	67	80	0.8375000
NODE_15288_length_726_cov_35.896332	237	317	4	10	80	0.1250000
NODE_15288_length_726_cov_35.896332	237	317	5	3	80	0.0375000
NODE_15288_length_726_cov_35.896332	290	370	2	14	80	0.1750000
NODE_15288_length_726_cov_35.896332	290	370	3	66	80	0.8250000
NODE_15291_length_726_cov_8.534290	355	435	2	3	80	0.0375000
NODE_15291_length_726_cov_8.534290	355	435	3	77	80	0.9625000
NODE_15291_length_726_cov_8.534290	408	488	2	47	80	0.5875000
NODE_15291_length_726_cov_8.534290	408	488	3	33	80	0.4125000
NODE_15330_length_725_cov_40.856230	203	283	3	7	80	0.0875000
NODE_15330_length_725_cov_40.856230	203	283	4	3	80	0.0375000
NODE_15330_length_725_cov_40.856230	203	283	5	70	80	0.8750000
NODE_15330_length_725_cov_40.856230	256	336	4	29	80	0.3625000
NODE_15330_length_725_cov_40.856230	256	336	5	35	80	0.4375000
NODE_15330_length_725_cov_40.856230	256	336	6	13	80	0.1625000
NODE_15330_length_725_cov_40.856230	256	336	7	3	80	0.0375000
NODE_15330_length_725_cov_40.856230	332	412	4	3	80	0.0375000
NODE_15330_length_725_cov_40.856230	332	412	5	3	80	0.0375000
NODE_15330_length_725_cov_40.856230	332	412	6	1	80	0.0125000
NODE_15330_length_725_cov_40.856230	332	412	7	57	80	0.7125000
NODE_15330_length_725_cov_40.856230	332	412	8	16	80	0.2000000
NODE_15330_length_725_cov_40.856230	385	465	7	53	80	0.6625000
NODE_15330_length_725_cov_40.856230	385	465	8	16	80	0.2000000
NODE_15330_length_725_cov_40.856230	385	465	9	11	80	0.1375000
NODE_15331_length_725_cov_25.036741	366	446	2	34	80	0.4250000
NODE_15331_length_725_cov_25.036741	366	446	4	46	80	0.5750000
NODE_15331_length_725_cov_25.036741	419	499	0	5	80	0.0625000
NODE_15331_length_725_cov_25.036741	419	499	1	25	80	0.3125000
NODE_15331_length_725_cov_25.036741	419	499	2	50	80	0.6250000
NODE_15332_length_725_cov_23.009585	455	536	0	81	81	1.0000000
NODE_15333_length_725_cov_20.474441	112	192	2	47	80	0.5875000
NODE_15333_length_725_cov_20.474441	112	192	4	6	80	0.0750000
NODE_15333_length_725_cov_20.474441	112	192	5	27	80	0.3375000
NODE_15333_length_725_cov_20.474441	165	245	3	10	80	0.1250000
NODE_15333_length_725_cov_20.474441	165	245	4	4	80	0.0500000
NODE_15333_length_725_cov_20.474441	165	245	5	66	80	0.8250000
NODE_15334_length_725_cov_15.455272	106	186	0	80	80	1.0000000
NODE_15334_length_725_cov_15.455272	159	239	0	37	80	0.4625000
NODE_15334_length_725_cov_15.455272	159	239	1	4	80	0.0500000
NODE_15334_length_725_cov_15.455272	159	239	3	39	80	0.4875000
NODE_15334_length_725_cov_15.455272	235	315	3	80	80	1.0000000
NODE_15334_length_725_cov_15.455272	288	368	1	22	80	0.2750000
NODE_15334_length_725_cov_15.455272	288	368	2	4	80	0.0500000
NODE_15334_length_725_cov_15.455272	288	368	3	47	80	0.5875000
NODE_15334_length_725_cov_15.455272	288	368	4	7	80	0.0875000
NODE_15335_length_725_cov_10.426518	289	369	2	6	80	0.0750000
NODE_15335_length_725_cov_10.426518	289	369	3	44	80	0.5500000
NODE_15335_length_725_cov_10.426518	289	369	4	30	80	0.3750000
NODE_15335_length_725_cov_10.426518	342	422	2	12	80	0.1500000
NODE_15335_length_725_cov_10.426518	342	422	3	23	80	0.2875000
NODE_15335_length_725_cov_10.426518	342	422	4	45	80	0.5625000
NODE_15337_length_725_cov_7.781150	189	269	2	80	80	1.0000000
NODE_15337_length_725_cov_7.781150	242	322	0	26	80	0.3250000
NODE_15337_length_725_cov_7.781150	242	322	2	54	80	0.6750000
NODE_15388_length_724_cov_28.132800	354	434	6	6	80	0.0750000
NODE_15388_length_724_cov_28.132800	354	434	7	8	80	0.1000000
NODE_15388_length_724_cov_28.132800	354	434	8	66	80	0.8250000
NODE_15388_length_724_cov_28.132800	407	473	3	8	66	0.1212121
NODE_15388_length_724_cov_28.132800	407	473	5	24	66	0.3636364
NODE_15388_length_724_cov_28.132800	407	473	6	3	66	0.0454545
NODE_15388_length_724_cov_28.132800	407	473	7	12	66	0.1818182
NODE_15388_length_724_cov_28.132800	407	473	8	19	66	0.2878788
NODE_15389_length_724_cov_24.710400	376	461	0	85	85	1.0000000
NODE_15389_length_724_cov_24.710400	434	514	0	74	80	0.9250000
NODE_15389_length_724_cov_24.710400	434	514	1	6	80	0.0750000
NODE_15390_length_724_cov_13.960000	152	232	2	32	80	0.4000000
NODE_15390_length_724_cov_13.960000	152	232	4	48	80	0.6000000
NODE_15390_length_724_cov_13.960000	205	248	1	6	43	0.1395349
NODE_15390_length_724_cov_13.960000	205	248	2	37	43	0.8604651
NODE_15390_length_724_cov_13.960000	237	286	1	13	49	0.2653061
NODE_15390_length_724_cov_13.960000	237	286	2	35	49	0.7142857
NODE_15390_length_724_cov_13.960000	237	286	3	1	49	0.0204082
NODE_15390_length_724_cov_13.960000	259	302	2	40	43	0.9302326
NODE_15390_length_724_cov_13.960000	259	302	3	3	43	0.0697674
NODE_15390_length_724_cov_13.960000	288	340	2	17	52	0.3269231
NODE_15390_length_724_cov_13.960000	288	340	3	35	52	0.6730769
NODE_15390_length_724_cov_13.960000	313	393	3	80	80	1.0000000
NODE_15391_length_724_cov_13.065600	215	295	0	80	80	1.0000000
NODE_15391_length_724_cov_13.065600	268	347	0	79	79	1.0000000
NODE_15393_length_724_cov_10.358400	257	337	0	34	80	0.4250000
NODE_15393_length_724_cov_10.358400	257	337	2	46	80	0.5750000
NODE_15393_length_724_cov_10.358400	310	385	2	75	75	1.0000000
NODE_15396_length_724_cov_6.451200	151	231	5	11	80	0.1375000
NODE_15396_length_724_cov_6.451200	151	231	6	15	80	0.1875000
NODE_15396_length_724_cov_6.451200	151	231	8	54	80	0.6750000
NODE_15396_length_724_cov_6.451200	202	282	1	8	80	0.1000000
NODE_15396_length_724_cov_6.451200	202	282	3	11	80	0.1375000
NODE_15396_length_724_cov_6.451200	202	282	4	10	80	0.1250000
NODE_15396_length_724_cov_6.451200	202	282	6	29	80	0.3625000
NODE_15396_length_724_cov_6.451200	202	282	8	22	80	0.2750000
NODE_15397_length_724_cov_5.921600	165	213	0	48	48	1.0000000
NODE_15399_length_724_cov_5.028800	416	469	0	53	53	1.0000000
NODE_15399_length_724_cov_5.028800	488	526	0	38	38	1.0000000
NODE_15403_length_724_cov_3.315200	166	246	0	10	80	0.1250000
NODE_15403_length_724_cov_3.315200	166	246	1	33	80	0.4125000
NODE_15403_length_724_cov_3.315200	166	246	2	37	80	0.4625000
NODE_15403_length_724_cov_3.315200	219	299	2	46	80	0.5750000
NODE_15403_length_724_cov_3.315200	219	299	3	34	80	0.4250000
NODE_15442_length_723_cov_81.453526	205	285	14	6	80	0.0750000
NODE_15442_length_723_cov_81.453526	205	285	16	3	80	0.0375000
NODE_15442_length_723_cov_81.453526	205	285	18	16	80	0.2000000
NODE_15442_length_723_cov_81.453526	205	285	19	6	80	0.0750000
NODE_15442_length_723_cov_81.453526	205	285	20	6	80	0.0750000
NODE_15442_length_723_cov_81.453526	205	285	21	7	80	0.0875000
NODE_15442_length_723_cov_81.453526	205	285	22	15	80	0.1875000
NODE_15442_length_723_cov_81.453526	205	285	23	10	80	0.1250000
NODE_15442_length_723_cov_81.453526	205	285	24	11	80	0.1375000
NODE_15442_length_723_cov_81.453526	258	338	10	4	80	0.0500000
NODE_15442_length_723_cov_81.453526	258	338	11	12	80	0.1500000
NODE_15442_length_723_cov_81.453526	258	338	13	5	80	0.0625000
NODE_15442_length_723_cov_81.453526	258	338	14	8	80	0.1000000
NODE_15442_length_723_cov_81.453526	258	338	18	21	80	0.2625000
NODE_15442_length_723_cov_81.453526	258	338	19	7	80	0.0875000
NODE_15442_length_723_cov_81.453526	258	338	20	6	80	0.0750000
NODE_15442_length_723_cov_81.453526	258	338	21	6	80	0.0750000
NODE_15442_length_723_cov_81.453526	258	338	22	4	80	0.0500000
NODE_15442_length_723_cov_81.453526	258	338	23	4	80	0.0500000
NODE_15442_length_723_cov_81.453526	258	338	24	3	80	0.0375000
NODE_15443_length_723_cov_33.075321	254	329	3	15	75	0.2000000
NODE_15443_length_723_cov_33.075321	254	329	4	4	75	0.0533333
NODE_15443_length_723_cov_33.075321	254	329	5	18	75	0.2400000
NODE_15443_length_723_cov_33.075321	254	329	6	8	75	0.1066667
NODE_15443_length_723_cov_33.075321	254	329	7	7	75	0.0933333
NODE_15443_length_723_cov_33.075321	254	329	8	6	75	0.0800000
NODE_15443_length_723_cov_33.075321	254	329	9	17	75	0.2266667
NODE_15443_length_723_cov_33.075321	307	387	8	57	80	0.7125000
NODE_15443_length_723_cov_33.075321	307	387	9	23	80	0.2875000
NODE_15444_length_723_cov_25.410256	291	371	3	20	80	0.2500000
NODE_15444_length_723_cov_25.410256	291	371	4	12	80	0.1500000
NODE_15444_length_723_cov_25.410256	291	371	5	48	80	0.6000000
NODE_15444_length_723_cov_25.410256	344	424	4	37	80	0.4625000
NODE_15444_length_723_cov_25.410256	344	424	5	43	80	0.5375000
NODE_15445_length_723_cov_18.097756	233	313	0	49	80	0.6125000
NODE_15445_length_723_cov_18.097756	233	313	1	31	80	0.3875000
NODE_15445_length_723_cov_18.097756	286	351	1	65	65	1.0000000
NODE_15446_length_723_cov_14.113782	311	391	2	80	80	1.0000000
NODE_15446_length_723_cov_14.113782	364	444	0	41	80	0.5125000
NODE_15446_length_723_cov_14.113782	364	444	2	39	80	0.4875000
NODE_15447_length_723_cov_11.634615	299	379	1	22	80	0.2750000
NODE_15447_length_723_cov_11.634615	299	379	2	44	80	0.5500000
NODE_15447_length_723_cov_11.634615	299	379	3	14	80	0.1750000
NODE_15447_length_723_cov_11.634615	352	432	1	13	80	0.1625000
NODE_15447_length_723_cov_11.634615	352	432	2	31	80	0.3875000
NODE_15447_length_723_cov_11.634615	352	432	3	36	80	0.4500000
NODE_15448_length_723_cov_8.342949	357	437	3	37	80	0.4625000
NODE_15448_length_723_cov_8.342949	357	437	4	43	80	0.5375000
NODE_15448_length_723_cov_8.342949	410	490	1	10	80	0.1250000
NODE_15448_length_723_cov_8.342949	410	490	2	24	80	0.3000000
NODE_15448_length_723_cov_8.342949	410	490	3	11	80	0.1375000
NODE_15448_length_723_cov_8.342949	410	490	4	35	80	0.4375000
NODE_15455_length_723_cov_2.711538	379	422	0	43	43	1.0000000
NODE_15459_length_723_cov_2.573718	383	413	1	30	30	1.0000000
NODE_15495_length_722_cov_19.182986	180	260	0	7	80	0.0875000
NODE_15495_length_722_cov_19.182986	180	260	1	2	80	0.0250000
NODE_15495_length_722_cov_19.182986	180	260	2	3	80	0.0375000
NODE_15495_length_722_cov_19.182986	180	260	3	66	80	0.8250000
NODE_15495_length_722_cov_19.182986	180	260	4	2	80	0.0250000
NODE_15495_length_722_cov_19.182986	233	313	3	25	80	0.3125000
NODE_15495_length_722_cov_19.182986	233	313	4	55	80	0.6875000
NODE_15496_length_722_cov_13.582665	192	272	0	2	80	0.0250000
NODE_15496_length_722_cov_13.582665	192	272	1	78	80	0.9750000
NODE_15496_length_722_cov_13.582665	245	326	1	34	81	0.4197531
NODE_15496_length_722_cov_13.582665	245	326	3	46	81	0.5679013
NODE_15496_length_722_cov_13.582665	245	326	4	1	81	0.0123457
NODE_15497_length_722_cov_9.202247	347	427	0	3	80	0.0375000
NODE_15497_length_722_cov_9.202247	347	427	1	52	80	0.6500000
NODE_15497_length_722_cov_9.202247	347	427	2	25	80	0.3125000
NODE_15497_length_722_cov_9.202247	400	480	1	2	80	0.0250000
NODE_15497_length_722_cov_9.202247	400	480	2	38	80	0.4750000
NODE_15497_length_722_cov_9.202247	400	480	3	30	80	0.3750000
NODE_15497_length_722_cov_9.202247	400	480	4	10	80	0.1250000
NODE_15500_length_722_cov_6.707865	343	423	0	80	80	1.0000000
NODE_15500_length_722_cov_6.707865	396	476	0	80	80	1.0000000
NODE_15504_length_722_cov_4.985554	332	393	1	4	61	0.0655738
NODE_15504_length_722_cov_4.985554	332	393	2	57	61	0.9344262
NODE_15508_length_722_cov_3.977528	217	297	0	80	80	1.0000000
NODE_15508_length_722_cov_3.977528	270	350	0	80	80	1.0000000
NODE_15553_length_721_cov_105.927653	425	505	8	9	80	0.1125000
NODE_15553_length_721_cov_105.927653	425	505	10	6	80	0.0750000
NODE_15553_length_721_cov_105.927653	425	505	11	4	80	0.0500000
NODE_15553_length_721_cov_105.927653	425	505	13	5	80	0.0625000
NODE_15553_length_721_cov_105.927653	425	505	14	10	80	0.1250000
NODE_15553_length_721_cov_105.927653	425	505	15	46	80	0.5750000
NODE_15553_length_721_cov_105.927653	478	558	7	2	80	0.0250000
NODE_15553_length_721_cov_105.927653	478	558	8	20	80	0.2500000
NODE_15553_length_721_cov_105.927653	478	558	9	34	80	0.4250000
NODE_15553_length_721_cov_105.927653	478	558	10	12	80	0.1500000
NODE_15553_length_721_cov_105.927653	478	558	11	2	80	0.0250000
NODE_15553_length_721_cov_105.927653	478	558	13	5	80	0.0625000
NODE_15553_length_721_cov_105.927653	478	558	14	3	80	0.0375000
NODE_15553_length_721_cov_105.927653	478	558	15	2	80	0.0250000
NODE_15554_length_721_cov_49.660772	304	384	3	9	80	0.1125000
NODE_15554_length_721_cov_49.660772	304	384	4	71	80	0.8875000
NODE_15554_length_721_cov_49.660772	357	437	3	39	80	0.4875000
NODE_15554_length_721_cov_49.660772	357	437	4	41	80	0.5125000
NODE_15555_length_721_cov_46.991961	341	421	4	10	80	0.1250000
NODE_15555_length_721_cov_46.991961	341	421	5	6	80	0.0750000
NODE_15555_length_721_cov_46.991961	341	421	6	19	80	0.2375000
NODE_15555_length_721_cov_46.991961	341	421	7	6	80	0.0750000
NODE_15555_length_721_cov_46.991961	341	421	12	1	80	0.0125000
NODE_15555_length_721_cov_46.991961	341	421	14	4	80	0.0500000
NODE_15555_length_721_cov_46.991961	341	421	15	8	80	0.1000000
NODE_15555_length_721_cov_46.991961	341	421	16	5	80	0.0625000
NODE_15555_length_721_cov_46.991961	341	421	18	20	80	0.2500000
NODE_15555_length_721_cov_46.991961	341	421	19	1	80	0.0125000
NODE_15555_length_721_cov_46.991961	394	474	15	1	80	0.0125000
NODE_15555_length_721_cov_46.991961	394	474	16	7	80	0.0875000
NODE_15555_length_721_cov_46.991961	394	474	18	20	80	0.2500000
NODE_15555_length_721_cov_46.991961	394	474	19	33	80	0.4125000
NODE_15555_length_721_cov_46.991961	394	474	20	18	80	0.2250000
NODE_15555_length_721_cov_46.991961	394	474	21	1	80	0.0125000
NODE_15556_length_721_cov_38.864952	208	288	0	80	80	1.0000000
NODE_15556_length_721_cov_38.864952	269	341	0	72	72	1.0000000
NODE_15556_length_721_cov_38.864952	337	417	0	80	80	1.0000000
NODE_15556_length_721_cov_38.864952	390	467	0	77	77	1.0000000
NODE_15557_length_721_cov_29.016077	192	272	4	9	80	0.1125000
NODE_15557_length_721_cov_29.016077	192	272	8	57	80	0.7125000
NODE_15557_length_721_cov_29.016077	192	272	10	14	80	0.1750000
NODE_15557_length_721_cov_29.016077	251	325	4	10	74	0.1351351
NODE_15557_length_721_cov_29.016077	251	325	5	2	74	0.0270270
NODE_15557_length_721_cov_29.016077	251	325	6	50	74	0.6756757
NODE_15557_length_721_cov_29.016077	251	325	8	12	74	0.1621622
NODE_15558_length_721_cov_26.196141	398	478	2	6	80	0.0750000
NODE_15558_length_721_cov_26.196141	398	478	4	18	80	0.2250000
NODE_15558_length_721_cov_26.196141	398	478	5	21	80	0.2625000
NODE_15558_length_721_cov_26.196141	398	478	6	29	80	0.3625000
NODE_15558_length_721_cov_26.196141	398	478	7	6	80	0.0750000
NODE_15558_length_721_cov_26.196141	451	531	6	29	80	0.3625000
NODE_15558_length_721_cov_26.196141	451	531	7	19	80	0.2375000
NODE_15558_length_721_cov_26.196141	451	531	9	32	80	0.4000000
NODE_15560_length_721_cov_20.054662	178	258	0	80	80	1.0000000
NODE_15560_length_721_cov_20.054662	231	311	0	80	80	1.0000000
NODE_15561_length_721_cov_13.670418	263	343	0	20	80	0.2500000
NODE_15561_length_721_cov_13.670418	263	343	2	1	80	0.0125000
NODE_15561_length_721_cov_13.670418	263	343	3	25	80	0.3125000
NODE_15561_length_721_cov_13.670418	263	343	5	3	80	0.0375000
NODE_15561_length_721_cov_13.670418	263	343	6	31	80	0.3875000
NODE_15561_length_721_cov_13.670418	316	396	2	11	80	0.1375000
NODE_15561_length_721_cov_13.670418	316	396	4	2	80	0.0250000
NODE_15561_length_721_cov_13.670418	316	396	5	26	80	0.3250000
NODE_15561_length_721_cov_13.670418	316	396	6	41	80	0.5125000
NODE_15562_length_721_cov_13.652733	268	350	0	82	82	1.0000000
NODE_15562_length_721_cov_13.652733	321	403	0	82	82	1.0000000
NODE_15563_length_721_cov_13.120579	312	392	2	34	80	0.4250000
NODE_15563_length_721_cov_13.120579	312	392	4	46	80	0.5750000
NODE_15563_length_721_cov_13.120579	365	445	0	42	80	0.5250000
NODE_15563_length_721_cov_13.120579	365	445	2	38	80	0.4750000
NODE_15572_length_721_cov_4.491961	210	280	0	70	70	1.0000000
NODE_15572_length_721_cov_4.491961	253	333	0	80	80	1.0000000
NODE_15572_length_721_cov_4.491961	470	521	0	51	51	1.0000000
NODE_15608_length_720_cov_17.449275	267	347	4	45	80	0.5625000
NODE_15608_length_720_cov_17.449275	267	347	5	35	80	0.4375000
NODE_15608_length_720_cov_17.449275	320	400	4	33	80	0.4125000
NODE_15608_length_720_cov_17.449275	320	400	5	47	80	0.5875000
NODE_15609_length_720_cov_14.814815	261	341	7	14	80	0.1750000
NODE_15609_length_720_cov_14.814815	261	341	8	1	80	0.0125000
NODE_15609_length_720_cov_14.814815	261	341	9	44	80	0.5500000
NODE_15609_length_720_cov_14.814815	261	341	10	21	80	0.2625000
NODE_15609_length_720_cov_14.814815	314	394	4	6	80	0.0750000
NODE_15609_length_720_cov_14.814815	314	394	6	10	80	0.1250000
NODE_15609_length_720_cov_14.814815	314	394	8	2	80	0.0250000
NODE_15609_length_720_cov_14.814815	314	394	9	14	80	0.1750000
NODE_15609_length_720_cov_14.814815	314	394	10	35	80	0.4375000
NODE_15609_length_720_cov_14.814815	314	394	11	13	80	0.1625000
NODE_15610_length_720_cov_14.107890	290	370	5	8	80	0.1000000
NODE_15610_length_720_cov_14.107890	290	370	7	32	80	0.4000000
NODE_15610_length_720_cov_14.107890	290	370	8	40	80	0.5000000
NODE_15610_length_720_cov_14.107890	343	423	4	1	80	0.0125000
NODE_15610_length_720_cov_14.107890	343	423	5	60	80	0.7500000
NODE_15610_length_720_cov_14.107890	343	423	7	16	80	0.2000000
NODE_15610_length_720_cov_14.107890	343	423	8	3	80	0.0375000
NODE_15612_length_720_cov_12.924316	314	394	0	21	80	0.2625000
NODE_15612_length_720_cov_12.924316	314	394	1	24	80	0.3000000
NODE_15612_length_720_cov_12.924316	314	394	2	28	80	0.3500000
NODE_15612_length_720_cov_12.924316	314	394	3	7	80	0.0875000
NODE_15612_length_720_cov_12.924316	367	447	2	20	80	0.2500000
NODE_15612_length_720_cov_12.924316	367	447	3	60	80	0.7500000
NODE_15614_length_720_cov_10.389694	435	515	0	80	80	1.0000000
NODE_15614_length_720_cov_10.389694	488	568	0	62	80	0.7750000
NODE_15614_length_720_cov_10.389694	488	568	1	18	80	0.2250000
NODE_15620_length_720_cov_5.278583	309	389	2	29	80	0.3625000
NODE_15620_length_720_cov_5.278583	309	389	3	16	80	0.2000000
NODE_15620_length_720_cov_5.278583	309	389	4	35	80	0.4375000
NODE_15620_length_720_cov_5.278583	362	442	2	11	80	0.1375000
NODE_15620_length_720_cov_5.278583	362	442	3	58	80	0.7250000
NODE_15620_length_720_cov_5.278583	362	442	4	11	80	0.1375000
NODE_15624_length_720_cov_3.792271	157	235	1	46	78	0.5897436
NODE_15624_length_720_cov_3.792271	157	235	2	32	78	0.4102564
NODE_15624_length_720_cov_3.792271	215	265	1	50	50	1.0000000
NODE_15658_length_719_cov_30.256452	279	359	4	20	80	0.2500000
NODE_15658_length_719_cov_30.256452	279	359	5	1	80	0.0125000
NODE_15658_length_719_cov_30.256452	279	359	6	20	80	0.2500000
NODE_15658_length_719_cov_30.256452	279	359	7	9	80	0.1125000
NODE_15658_length_719_cov_30.256452	279	359	8	9	80	0.1125000
NODE_15658_length_719_cov_30.256452	279	359	9	21	80	0.2625000
NODE_15658_length_719_cov_30.256452	332	412	5	23	80	0.2875000
NODE_15658_length_719_cov_30.256452	332	412	6	35	80	0.4375000
NODE_15658_length_719_cov_30.256452	332	412	8	9	80	0.1125000
NODE_15658_length_719_cov_30.256452	332	412	9	13	80	0.1625000
NODE_15659_length_719_cov_29.093548	310	390	2	3	80	0.0375000
NODE_15659_length_719_cov_29.093548	310	390	4	25	80	0.3125000
NODE_15659_length_719_cov_29.093548	310	390	5	52	80	0.6500000
NODE_15659_length_719_cov_29.093548	363	443	1	3	80	0.0375000
NODE_15659_length_719_cov_29.093548	363	443	3	12	80	0.1500000
NODE_15659_length_719_cov_29.093548	363	443	4	32	80	0.4000000
NODE_15659_length_719_cov_29.093548	363	443	5	33	80	0.4125000
NODE_15660_length_719_cov_10.988710	195	275	1	36	80	0.4500000
NODE_15660_length_719_cov_10.988710	195	275	2	19	80	0.2375000
NODE_15660_length_719_cov_10.988710	195	275	3	25	80	0.3125000
NODE_15660_length_719_cov_10.988710	248	328	1	13	80	0.1625000
NODE_15660_length_719_cov_10.988710	248	328	3	67	80	0.8375000
NODE_15661_length_719_cov_10.837097	259	339	3	15	80	0.1875000
NODE_15661_length_719_cov_10.837097	259	339	5	5	80	0.0625000
NODE_15661_length_719_cov_10.837097	259	339	6	60	80	0.7500000
NODE_15661_length_719_cov_10.837097	312	392	6	55	80	0.6875000
NODE_15661_length_719_cov_10.837097	312	392	8	25	80	0.3125000
NODE_15662_length_719_cov_7.622581	288	368	2	14	80	0.1750000
NODE_15662_length_719_cov_7.622581	288	368	3	61	80	0.7625000
NODE_15662_length_719_cov_7.622581	288	368	4	5	80	0.0625000
NODE_15662_length_719_cov_7.622581	341	421	0	5	80	0.0625000
NODE_15662_length_719_cov_7.622581	341	421	2	2	80	0.0250000
NODE_15662_length_719_cov_7.622581	341	421	3	73	80	0.9125000
NODE_15663_length_719_cov_7.570968	351	431	5	21	80	0.2625000
NODE_15663_length_719_cov_7.570968	351	431	6	59	80	0.7375000
NODE_15663_length_719_cov_7.570968	404	484	1	8	80	0.1000000
NODE_15663_length_719_cov_7.570968	404	484	2	31	80	0.3875000
NODE_15663_length_719_cov_7.570968	404	484	3	3	80	0.0375000
NODE_15663_length_719_cov_7.570968	404	484	4	2	80	0.0250000
NODE_15663_length_719_cov_7.570968	404	484	5	24	80	0.3000000
NODE_15663_length_719_cov_7.570968	404	484	6	12	80	0.1500000
NODE_15672_length_719_cov_4.264516	251	281	4	30	30	1.0000000
NODE_15684_length_719_cov_1.629032	88	163	2	10	75	0.1333333
NODE_15684_length_719_cov_1.629032	88	163	4	65	75	0.8666667
NODE_15706_length_718_cov_35.382876	296	376	8	56	80	0.7000000
NODE_15706_length_718_cov_35.382876	296	376	9	24	80	0.3000000
NODE_15706_length_718_cov_35.382876	296	376	8	56	80	0.7000000
NODE_15706_length_718_cov_35.382876	296	376	9	24	80	0.3000000
NODE_15706_length_718_cov_35.382876	349	429	5	34	80	0.4250000
NODE_15706_length_718_cov_35.382876	349	429	7	10	80	0.1250000
NODE_15706_length_718_cov_35.382876	349	429	8	3	80	0.0375000
NODE_15706_length_718_cov_35.382876	349	429	9	33	80	0.4125000
NODE_15706_length_718_cov_35.382876	349	429	5	34	80	0.4250000
NODE_15706_length_718_cov_35.382876	349	429	7	10	80	0.1250000
NODE_15706_length_718_cov_35.382876	349	429	8	3	80	0.0375000
NODE_15706_length_718_cov_35.382876	349	429	9	33	80	0.4125000
NODE_15707_length_718_cov_24.211632	313	393	0	80	80	1.0000000
NODE_15707_length_718_cov_24.211632	366	446	0	80	80	1.0000000
NODE_15708_length_718_cov_18.300485	217	297	7	14	80	0.1750000
NODE_15708_length_718_cov_18.300485	217	297	8	66	80	0.8250000
NODE_15708_length_718_cov_18.300485	270	350	1	2	80	0.0250000
NODE_15708_length_718_cov_18.300485	270	350	3	14	80	0.1750000
NODE_15708_length_718_cov_18.300485	270	350	5	2	80	0.0250000
NODE_15708_length_718_cov_18.300485	270	350	6	6	80	0.0750000
NODE_15708_length_718_cov_18.300485	270	350	7	2	80	0.0250000
NODE_15708_length_718_cov_18.300485	270	350	8	54	80	0.6750000
NODE_15709_length_718_cov_14.757674	383	463	0	19	80	0.2375000
NODE_15709_length_718_cov_14.757674	383	463	1	61	80	0.7625000
NODE_15709_length_718_cov_14.757674	436	516	0	72	80	0.9000000
NODE_15709_length_718_cov_14.757674	436	516	1	8	80	0.1000000
NODE_15710_length_718_cov_14.355412	254	334	1	5	80	0.0625000
NODE_15710_length_718_cov_14.355412	254	334	2	75	80	0.9375000
NODE_15710_length_718_cov_14.355412	307	387	1	6	80	0.0750000
NODE_15710_length_718_cov_14.355412	307	387	2	65	80	0.8125000
NODE_15710_length_718_cov_14.355412	307	387	3	9	80	0.1125000
NODE_15715_length_718_cov_4.804523	263	343	0	31	80	0.3875000
NODE_15715_length_718_cov_4.804523	263	343	2	49	80	0.6125000
NODE_15715_length_718_cov_4.804523	316	396	2	80	80	1.0000000
NODE_15750_length_717_cov_28.377023	335	415	2	69	80	0.8625000
NODE_15750_length_717_cov_28.377023	335	415	3	11	80	0.1375000
NODE_15750_length_717_cov_28.377023	388	468	1	19	80	0.2375000
NODE_15750_length_717_cov_28.377023	388	468	2	61	80	0.7625000
NODE_15751_length_717_cov_23.275081	162	242	2	36	80	0.4500000
NODE_15751_length_717_cov_23.275081	162	242	4	42	80	0.5250000
NODE_15751_length_717_cov_23.275081	162	242	6	2	80	0.0250000
NODE_15751_length_717_cov_23.275081	215	295	4	78	80	0.9750000
NODE_15751_length_717_cov_23.275081	215	295	6	2	80	0.0250000
NODE_15752_length_717_cov_18.564725	319	399	6	22	80	0.2750000
NODE_15752_length_717_cov_18.564725	319	399	7	4	80	0.0500000
NODE_15752_length_717_cov_18.564725	319	399	8	54	80	0.6750000
NODE_15752_length_717_cov_18.564725	372	452	2	1	80	0.0125000
NODE_15752_length_717_cov_18.564725	372	452	3	4	80	0.0500000
NODE_15752_length_717_cov_18.564725	372	452	4	27	80	0.3375000
NODE_15752_length_717_cov_18.564725	372	452	5	2	80	0.0250000
NODE_15752_length_717_cov_18.564725	372	452	6	41	80	0.5125000
NODE_15752_length_717_cov_18.564725	372	452	8	5	80	0.0625000
NODE_15753_length_717_cov_18.389968	358	438	6	3	80	0.0375000
NODE_15753_length_717_cov_18.389968	358	438	8	12	80	0.1500000
NODE_15753_length_717_cov_18.389968	358	438	9	12	80	0.1500000
NODE_15753_length_717_cov_18.389968	358	438	11	9	80	0.1125000
NODE_15753_length_717_cov_18.389968	358	438	12	44	80	0.5500000
NODE_15753_length_717_cov_18.389968	411	491	8	11	80	0.1375000
NODE_15753_length_717_cov_18.389968	411	491	10	15	80	0.1875000
NODE_15753_length_717_cov_18.389968	411	491	12	54	80	0.6750000
NODE_15754_length_717_cov_17.932039	241	321	4	19	80	0.2375000
NODE_15754_length_717_cov_17.932039	241	321	5	22	80	0.2750000
NODE_15754_length_717_cov_17.932039	241	321	7	39	80	0.4875000
NODE_15754_length_717_cov_17.932039	294	374	3	11	80	0.1375000
NODE_15754_length_717_cov_17.932039	294	374	4	23	80	0.2875000
NODE_15754_length_717_cov_17.932039	294	374	5	3	80	0.0375000
NODE_15754_length_717_cov_17.932039	294	374	6	8	80	0.1000000
NODE_15754_length_717_cov_17.932039	294	374	7	35	80	0.4375000
NODE_15755_length_717_cov_14.637540	298	378	0	80	80	1.0000000
NODE_15755_length_717_cov_14.637540	351	431	0	80	80	1.0000000
NODE_15756_length_717_cov_12.279935	113	196	0	83	83	1.0000000
NODE_15756_length_717_cov_12.279935	169	249	0	80	80	1.0000000
NODE_15757_length_717_cov_10.711974	353	431	0	78	78	1.0000000
NODE_15758_length_717_cov_9.399676	331	411	2	80	80	1.0000000
NODE_15758_length_717_cov_9.399676	384	464	0	26	80	0.3250000
NODE_15758_length_717_cov_9.399676	384	464	1	6	80	0.0750000
NODE_15758_length_717_cov_9.399676	384	464	2	48	80	0.6000000
NODE_15762_length_717_cov_5.341424	475	555	0	18	80	0.2250000
NODE_15762_length_717_cov_5.341424	475	555	2	62	80	0.7750000
NODE_15762_length_717_cov_5.341424	528	608	0	71	80	0.8875000
NODE_15762_length_717_cov_5.341424	528	608	2	9	80	0.1125000
NODE_15770_length_717_cov_3.187702	285	322	0	37	37	1.0000000
NODE_15805_length_716_cov_16.800648	430	510	3	17	80	0.2125000
NODE_15805_length_716_cov_16.800648	430	510	5	21	80	0.2625000
NODE_15805_length_716_cov_16.800648	430	510	7	5	80	0.0625000
NODE_15805_length_716_cov_16.800648	430	510	8	37	80	0.4625000
NODE_15805_length_716_cov_16.800648	483	563	1	1	80	0.0125000
NODE_15805_length_716_cov_16.800648	483	563	2	7	80	0.0875000
NODE_15805_length_716_cov_16.800648	483	563	4	11	80	0.1375000
NODE_15805_length_716_cov_16.800648	483	563	6	29	80	0.3625000
NODE_15805_length_716_cov_16.800648	483	563	7	6	80	0.0750000
NODE_15805_length_716_cov_16.800648	483	563	8	26	80	0.3250000
NODE_15806_length_716_cov_12.565640	356	436	2	7	80	0.0875000
NODE_15806_length_716_cov_12.565640	356	436	3	16	80	0.2000000
NODE_15806_length_716_cov_12.565640	356	436	4	6	80	0.0750000
NODE_15806_length_716_cov_12.565640	356	436	5	42	80	0.5250000
NODE_15806_length_716_cov_12.565640	356	436	6	9	80	0.1125000
NODE_15806_length_716_cov_12.565640	409	489	5	51	80	0.6375000
NODE_15806_length_716_cov_12.565640	409	489	6	27	80	0.3375000
NODE_15806_length_716_cov_12.565640	409	489	7	2	80	0.0250000
NODE_15807_length_716_cov_9.277147	385	465	0	1	80	0.0125000
NODE_15807_length_716_cov_9.277147	385	465	2	79	80	0.9875000
NODE_15807_length_716_cov_9.277147	438	518	0	54	80	0.6750000
NODE_15807_length_716_cov_9.277147	438	518	2	26	80	0.3250000
NODE_15808_length_716_cov_9.257699	302	382	0	46	80	0.5750000
NODE_15808_length_716_cov_9.257699	302	382	1	34	80	0.4250000
NODE_15808_length_716_cov_9.257699	355	435	0	80	80	1.0000000
NODE_15809_length_716_cov_6.761750	263	343	0	55	80	0.6875000
NODE_15809_length_716_cov_6.761750	263	343	1	25	80	0.3125000
NODE_15809_length_716_cov_6.761750	316	396	0	80	80	1.0000000
NODE_15812_length_716_cov_4.909238	236	316	0	80	80	1.0000000
NODE_15812_length_716_cov_4.909238	289	369	0	80	80	1.0000000
NODE_15824_length_716_cov_2.068071	453	481	2	7	28	0.2500000
NODE_15824_length_716_cov_2.068071	453	481	3	21	28	0.7500000
NODE_15853_length_715_cov_38.795455	260	340	1	4	80	0.0500000
NODE_15853_length_715_cov_38.795455	260	340	2	1	80	0.0125000
NODE_15853_length_715_cov_38.795455	260	340	3	17	80	0.2125000
NODE_15853_length_715_cov_38.795455	260	340	4	46	80	0.5750000
NODE_15853_length_715_cov_38.795455	260	340	5	12	80	0.1500000
NODE_15853_length_715_cov_38.795455	313	393	3	18	80	0.2250000
NODE_15853_length_715_cov_38.795455	313	393	4	15	80	0.1875000
NODE_15853_length_715_cov_38.795455	313	393	5	40	80	0.5000000
NODE_15853_length_715_cov_38.795455	313	393	6	7	80	0.0875000
NODE_15854_length_715_cov_30.344156	316	396	0	80	80	1.0000000
NODE_15854_length_715_cov_30.344156	369	449	0	80	80	1.0000000
NODE_15857_length_715_cov_11.209416	484	564	5	2	80	0.0250000
NODE_15857_length_715_cov_11.209416	484	564	6	48	80	0.6000000
NODE_15857_length_715_cov_11.209416	484	564	7	30	80	0.3750000
NODE_15857_length_715_cov_11.209416	537	617	3	2	80	0.0250000
NODE_15857_length_715_cov_11.209416	537	617	4	45	80	0.5625000
NODE_15857_length_715_cov_11.209416	537	617	6	18	80	0.2250000
NODE_15857_length_715_cov_11.209416	537	617	7	15	80	0.1875000
NODE_15858_length_715_cov_10.894481	189	242	3	29	53	0.5471698
NODE_15858_length_715_cov_10.894481	189	242	4	24	53	0.4528302
NODE_15859_length_715_cov_10.628247	502	582	5	72	80	0.9000000
NODE_15859_length_715_cov_10.628247	502	582	7	8	80	0.1000000
NODE_15859_length_715_cov_10.628247	555	635	3	5	80	0.0625000
NODE_15859_length_715_cov_10.628247	555	635	4	42	80	0.5250000
NODE_15859_length_715_cov_10.628247	555	635	5	33	80	0.4125000
NODE_15860_length_715_cov_8.647727	138	218	0	80	80	1.0000000
NODE_15860_length_715_cov_8.647727	191	271	0	80	80	1.0000000
NODE_15861_length_715_cov_8.412338	364	444	0	80	80	1.0000000
NODE_15861_length_715_cov_8.412338	417	497	0	80	80	1.0000000
NODE_15864_length_715_cov_5.373377	318	398	0	79	80	0.9875000
NODE_15864_length_715_cov_5.373377	318	398	1	1	80	0.0125000
NODE_15864_length_715_cov_5.373377	371	451	0	26	80	0.3250000
NODE_15864_length_715_cov_5.373377	371	451	1	54	80	0.6750000
NODE_15898_length_715_cov_1.271104	331	397	0	66	66	1.0000000
NODE_15910_length_714_cov_18.621138	297	377	1	60	80	0.7500000
NODE_15910_length_714_cov_18.621138	297	377	2	4	80	0.0500000
NODE_15910_length_714_cov_18.621138	297	377	3	5	80	0.0625000
NODE_15910_length_714_cov_18.621138	297	377	4	11	80	0.1375000
NODE_15910_length_714_cov_18.621138	350	430	1	7	80	0.0875000
NODE_15910_length_714_cov_18.621138	350	430	2	4	80	0.0500000
NODE_15910_length_714_cov_18.621138	350	430	3	5	80	0.0625000
NODE_15910_length_714_cov_18.621138	350	430	4	64	80	0.8000000
NODE_15911_length_714_cov_15.468293	268	348	2	66	80	0.8250000
NODE_15911_length_714_cov_15.468293	268	348	4	14	80	0.1750000
NODE_15911_length_714_cov_15.468293	321	401	2	28	80	0.3500000
NODE_15911_length_714_cov_15.468293	321	401	4	52	80	0.6500000
NODE_15913_length_714_cov_10.530081	218	298	0	80	80	1.0000000
NODE_15913_length_714_cov_10.530081	271	351	0	80	80	1.0000000
NODE_15913_length_714_cov_10.530081	354	434	0	80	80	1.0000000
NODE_15913_length_714_cov_10.530081	407	487	0	80	80	1.0000000
NODE_15914_length_714_cov_8.365854	285	365	1	15	80	0.1875000
NODE_15914_length_714_cov_8.365854	285	365	2	65	80	0.8125000
NODE_15914_length_714_cov_8.365854	338	418	1	64	80	0.8000000
NODE_15914_length_714_cov_8.365854	338	418	2	16	80	0.2000000
NODE_15919_length_714_cov_6.993496	263	343	1	71	80	0.8875000
NODE_15919_length_714_cov_6.993496	263	343	2	9	80	0.1125000
NODE_15919_length_714_cov_6.993496	316	384	1	59	68	0.8676471
NODE_15919_length_714_cov_6.993496	316	384	2	9	68	0.1323529
NODE_15921_length_714_cov_4.224390	218	288	0	70	70	1.0000000
NODE_15921_length_714_cov_4.224390	271	351	0	26	80	0.3250000
NODE_15921_length_714_cov_4.224390	271	351	1	39	80	0.4875000
NODE_15921_length_714_cov_4.224390	271	351	2	15	80	0.1875000
NODE_15969_length_713_cov_19.304560	271	351	1	6	80	0.0750000
NODE_15969_length_713_cov_19.304560	271	351	2	6	80	0.0750000
NODE_15969_length_713_cov_19.304560	271	351	3	68	80	0.8500000
NODE_15969_length_713_cov_19.304560	324	404	1	15	80	0.1875000
NODE_15969_length_713_cov_19.304560	324	404	2	50	80	0.6250000
NODE_15969_length_713_cov_19.304560	324	404	3	15	80	0.1875000
NODE_15970_length_713_cov_16.926710	262	342	0	80	80	1.0000000
NODE_15970_length_713_cov_16.926710	315	395	0	80	80	1.0000000
NODE_15973_length_713_cov_7.159609	351	431	1	73	80	0.9125000
NODE_15973_length_713_cov_7.159609	351	431	2	7	80	0.0875000
NODE_15973_length_713_cov_7.159609	404	484	1	80	80	1.0000000
NODE_15974_length_713_cov_6.723127	379	427	2	40	48	0.8333333
NODE_15974_length_713_cov_6.723127	379	427	3	8	48	0.1666667
NODE_15975_length_713_cov_4.954397	90	171	0	10	81	0.1234568
NODE_15975_length_713_cov_4.954397	90	171	1	22	81	0.2716049
NODE_15975_length_713_cov_4.954397	90	171	2	11	81	0.1358025
NODE_15975_length_713_cov_4.954397	90	171	4	38	81	0.4691358
NODE_15975_length_713_cov_4.954397	144	224	4	45	80	0.5625000
NODE_15975_length_713_cov_4.954397	144	224	6	35	80	0.4375000
NODE_15980_length_713_cov_4.302932	402	482	0	80	80	1.0000000
NODE_15980_length_713_cov_4.302932	455	535	0	80	80	1.0000000
NODE_16004_length_713_cov_1.939739	15	75	0	60	60	1.0000000
NODE_16010_length_713_cov_1.605863	81	161	2	9	80	0.1125000
NODE_16010_length_713_cov_1.605863	81	161	3	21	80	0.2625000
NODE_16010_length_713_cov_1.605863	81	161	4	50	80	0.6250000
NODE_16010_length_713_cov_1.605863	134	214	2	59	80	0.7375000
NODE_16010_length_713_cov_1.605863	134	214	3	13	80	0.1625000
NODE_16010_length_713_cov_1.605863	134	214	4	8	80	0.1000000
NODE_16052_length_712_cov_32.931485	289	369	7	2	80	0.0250000
NODE_16052_length_712_cov_32.931485	289	369	9	13	80	0.1625000
NODE_16052_length_712_cov_32.931485	289	369	12	14	80	0.1750000
NODE_16052_length_712_cov_32.931485	289	369	13	4	80	0.0500000
NODE_16052_length_712_cov_32.931485	289	369	14	7	80	0.0875000
NODE_16052_length_712_cov_32.931485	289	369	15	8	80	0.1000000
NODE_16052_length_712_cov_32.931485	289	369	16	5	80	0.0625000
NODE_16052_length_712_cov_32.931485	289	369	17	27	80	0.3375000
NODE_16052_length_712_cov_32.931485	342	422	6	7	80	0.0875000
NODE_16052_length_712_cov_32.931485	342	422	7	42	80	0.5250000
NODE_16052_length_712_cov_32.931485	342	422	8	6	80	0.0750000
NODE_16052_length_712_cov_32.931485	342	422	9	13	80	0.1625000
NODE_16052_length_712_cov_32.931485	342	422	17	12	80	0.1500000
NODE_16053_length_712_cov_31.752039	185	251	0	66	66	1.0000000
NODE_16053_length_712_cov_31.752039	228	307	0	26	79	0.3291139
NODE_16053_length_712_cov_31.752039	228	307	1	53	79	0.6708861
NODE_16054_length_712_cov_22.567700	228	308	8	24	80	0.3000000
NODE_16054_length_712_cov_22.567700	228	308	9	53	80	0.6625000
NODE_16054_length_712_cov_22.567700	228	308	10	3	80	0.0375000
NODE_16054_length_712_cov_22.567700	281	361	7	11	80	0.1375000
NODE_16054_length_712_cov_22.567700	281	361	8	58	80	0.7250000
NODE_16054_length_712_cov_22.567700	281	361	9	8	80	0.1000000
NODE_16054_length_712_cov_22.567700	281	361	10	3	80	0.0375000
NODE_16055_length_712_cov_19.306688	238	318	1	22	80	0.2750000
NODE_16055_length_712_cov_19.306688	238	318	3	58	80	0.7250000
NODE_16055_length_712_cov_19.306688	291	371	0	7	80	0.0875000
NODE_16055_length_712_cov_19.306688	291	371	1	15	80	0.1875000
NODE_16055_length_712_cov_19.306688	291	371	3	58	80	0.7250000
NODE_16056_length_712_cov_14.929853	332	412	0	80	80	1.0000000
NODE_16056_length_712_cov_14.929853	385	465	0	80	80	1.0000000
NODE_16057_length_712_cov_14.228385	250	330	0	80	80	1.0000000
NODE_16057_length_712_cov_14.228385	303	383	0	80	80	1.0000000
NODE_16059_length_712_cov_9.221860	326	406	0	35	80	0.4375000
NODE_16059_length_712_cov_9.221860	326	406	1	45	80	0.5625000
NODE_16059_length_712_cov_9.221860	379	463	1	50	84	0.5952381
NODE_16059_length_712_cov_9.221860	379	463	2	13	84	0.1547619
NODE_16059_length_712_cov_9.221860	379	463	4	21	84	0.2500000
NODE_16060_length_712_cov_8.368679	331	411	0	80	80	1.0000000
NODE_16060_length_712_cov_8.368679	384	464	0	80	80	1.0000000
NODE_16079_length_712_cov_2.350734	466	510	0	44	44	1.0000000
NODE_16118_length_711_cov_36.459150	146	223	1	11	77	0.1428571
NODE_16118_length_711_cov_36.459150	146	223	3	66	77	0.8571429
NODE_16118_length_711_cov_36.459150	199	280	0	24	81	0.2962963
NODE_16118_length_711_cov_36.459150	199	280	1	16	81	0.1975309
NODE_16118_length_711_cov_36.459150	199	280	2	3	81	0.0370370
NODE_16118_length_711_cov_36.459150	199	280	3	38	81	0.4691358
NODE_16119_length_711_cov_26.702614	460	540	1	8	80	0.1000000
NODE_16119_length_711_cov_26.702614	460	540	2	72	80	0.9000000
NODE_16119_length_711_cov_26.702614	513	593	1	59	80	0.7375000
NODE_16119_length_711_cov_26.702614	513	593	2	21	80	0.2625000
NODE_16120_length_711_cov_19.632353	329	409	1	69	80	0.8625000
NODE_16120_length_711_cov_19.632353	329	409	3	11	80	0.1375000
NODE_16120_length_711_cov_19.632353	382	462	1	16	80	0.2000000
NODE_16120_length_711_cov_19.632353	382	462	2	39	80	0.4875000
NODE_16120_length_711_cov_19.632353	382	462	3	25	80	0.3125000
NODE_16121_length_711_cov_19.267974	283	363	0	7	80	0.0875000
NODE_16121_length_711_cov_19.267974	283	363	2	2	80	0.0250000
NODE_16121_length_711_cov_19.267974	283	363	3	17	80	0.2125000
NODE_16121_length_711_cov_19.267974	283	363	4	54	80	0.6750000
NODE_16121_length_711_cov_19.267974	336	416	4	80	80	1.0000000
NODE_16122_length_711_cov_12.813725	255	334	1	3	79	0.0379747
NODE_16122_length_711_cov_12.813725	255	334	2	66	79	0.8354430
NODE_16122_length_711_cov_12.813725	255	334	3	10	79	0.1265823
NODE_16123_length_711_cov_12.147059	314	394	0	76	80	0.9500000
NODE_16123_length_711_cov_12.147059	314	394	1	4	80	0.0500000
NODE_16123_length_711_cov_12.147059	367	447	0	23	80	0.2875000
NODE_16123_length_711_cov_12.147059	367	447	1	57	80	0.7125000
NODE_16124_length_711_cov_10.009804	336	415	0	22	79	0.2784810
NODE_16124_length_711_cov_10.009804	336	415	1	57	79	0.7215190
NODE_16127_length_711_cov_5.619281	276	356	0	26	80	0.3250000
NODE_16127_length_711_cov_5.619281	276	356	1	1	80	0.0125000
NODE_16127_length_711_cov_5.619281	276	356	2	53	80	0.6625000
NODE_16127_length_711_cov_5.619281	329	409	0	79	80	0.9875000
NODE_16127_length_711_cov_5.619281	329	409	1	1	80	0.0125000
NODE_16130_length_711_cov_4.040850	165	245	1	44	80	0.5500000
NODE_16130_length_711_cov_4.040850	165	245	2	36	80	0.4500000
NODE_16130_length_711_cov_4.040850	218	298	2	80	80	1.0000000
NODE_16167_length_710_cov_73.721768	626	706	0	80	80	1.0000000
NODE_16168_length_710_cov_21.772504	292	372	1	27	80	0.3375000
NODE_16168_length_710_cov_21.772504	292	372	3	28	80	0.3500000
NODE_16168_length_710_cov_21.772504	292	372	4	25	80	0.3125000
NODE_16168_length_710_cov_21.772504	345	425	3	2	80	0.0250000
NODE_16168_length_710_cov_21.772504	345	425	4	78	80	0.9750000
NODE_16169_length_710_cov_21.597381	18	54	0	36	36	1.0000000
NODE_16170_length_710_cov_13.155483	306	386	2	33	80	0.4125000
NODE_16170_length_710_cov_13.155483	306	386	3	47	80	0.5875000
NODE_16170_length_710_cov_13.155483	359	439	1	12	80	0.1500000
NODE_16170_length_710_cov_13.155483	359	439	2	68	80	0.8500000
NODE_16173_length_710_cov_8.031097	316	396	1	9	80	0.1125000
NODE_16173_length_710_cov_8.031097	316	396	2	71	80	0.8875000
NODE_16173_length_710_cov_8.031097	369	449	1	10	80	0.1250000
NODE_16173_length_710_cov_8.031097	369	449	2	70	80	0.8750000
NODE_16175_length_710_cov_6.664484	264	344	0	80	80	1.0000000
NODE_16178_length_710_cov_5.590835	352	421	0	69	69	1.0000000
NODE_16178_length_710_cov_5.590835	394	474	0	80	80	1.0000000
NODE_16180_length_710_cov_5.356792	248	328	0	2	80	0.0250000
NODE_16180_length_710_cov_5.356792	248	328	1	78	80	0.9750000
NODE_16180_length_710_cov_5.356792	301	381	1	80	80	1.0000000
NODE_16233_length_709_cov_12.227869	347	427	3	16	80	0.2000000
NODE_16233_length_709_cov_12.227869	347	427	4	16	80	0.2000000
NODE_16233_length_709_cov_12.227869	347	427	5	2	80	0.0250000
NODE_16233_length_709_cov_12.227869	347	427	6	46	80	0.5750000
NODE_16233_length_709_cov_12.227869	400	480	1	26	80	0.3250000
NODE_16233_length_709_cov_12.227869	400	480	2	11	80	0.1375000
NODE_16233_length_709_cov_12.227869	400	480	3	32	80	0.4000000
NODE_16233_length_709_cov_12.227869	400	480	4	11	80	0.1375000
NODE_16234_length_709_cov_10.531148	279	359	4	24	80	0.3000000
NODE_16234_length_709_cov_10.531148	279	359	5	16	80	0.2000000
NODE_16234_length_709_cov_10.531148	279	359	6	29	80	0.3625000
NODE_16234_length_709_cov_10.531148	279	359	7	11	80	0.1375000
NODE_16234_length_709_cov_10.531148	332	412	5	14	80	0.1750000
NODE_16234_length_709_cov_10.531148	332	412	6	28	80	0.3500000
NODE_16234_length_709_cov_10.531148	332	412	7	38	80	0.4750000
NODE_16238_length_709_cov_7.181967	225	305	0	80	80	1.0000000
NODE_16238_length_709_cov_7.181967	279	312	0	33	33	1.0000000
NODE_16241_length_709_cov_5.888525	239	319	1	76	80	0.9500000
NODE_16241_length_709_cov_5.888525	239	319	2	4	80	0.0500000
NODE_16241_length_709_cov_5.888525	292	372	0	21	80	0.2625000
NODE_16241_length_709_cov_5.888525	292	372	1	59	80	0.7375000
NODE_16294_length_708_cov_42.435140	307	387	7	10	80	0.1250000
NODE_16294_length_708_cov_42.435140	307	387	9	40	80	0.5000000
NODE_16294_length_708_cov_42.435140	307	387	11	13	80	0.1625000
NODE_16294_length_708_cov_42.435140	307	387	12	5	80	0.0625000
NODE_16294_length_708_cov_42.435140	307	387	13	3	80	0.0375000
NODE_16294_length_708_cov_42.435140	307	387	14	9	80	0.1125000
NODE_16294_length_708_cov_42.435140	360	440	10	3	80	0.0375000
NODE_16294_length_708_cov_42.435140	360	440	11	10	80	0.1250000
NODE_16294_length_708_cov_42.435140	360	440	12	43	80	0.5375000
NODE_16294_length_708_cov_42.435140	360	440	13	4	80	0.0500000
NODE_16294_length_708_cov_42.435140	360	440	14	10	80	0.1250000
NODE_16294_length_708_cov_42.435140	360	440	15	7	80	0.0875000
NODE_16294_length_708_cov_42.435140	360	440	16	3	80	0.0375000
NODE_16296_length_708_cov_33.412151	235	315	3	4	80	0.0500000
NODE_16296_length_708_cov_33.412151	235	315	4	21	80	0.2625000
NODE_16296_length_708_cov_33.412151	235	315	5	6	80	0.0750000
NODE_16296_length_708_cov_33.412151	235	315	6	5	80	0.0625000
NODE_16296_length_708_cov_33.412151	235	315	7	44	80	0.5500000
NODE_16296_length_708_cov_33.412151	288	368	4	18	80	0.2250000
NODE_16296_length_708_cov_33.412151	288	368	5	1	80	0.0125000
NODE_16296_length_708_cov_33.412151	288	368	6	3	80	0.0375000
NODE_16296_length_708_cov_33.412151	288	368	7	39	80	0.4875000
NODE_16296_length_708_cov_33.412151	288	368	8	19	80	0.2375000
NODE_16297_length_708_cov_23.034483	316	396	0	8	80	0.1000000
NODE_16297_length_708_cov_23.034483	316	396	1	20	80	0.2500000
NODE_16297_length_708_cov_23.034483	316	396	2	21	80	0.2625000
NODE_16297_length_708_cov_23.034483	316	396	4	31	80	0.3875000
NODE_16297_length_708_cov_23.034483	369	449	0	61	80	0.7625000
NODE_16297_length_708_cov_23.034483	369	449	1	19	80	0.2375000
NODE_16298_length_708_cov_20.449918	254	334	1	32	80	0.4000000
NODE_16298_length_708_cov_20.449918	254	334	2	48	80	0.6000000
NODE_16298_length_708_cov_20.449918	307	387	0	17	80	0.2125000
NODE_16298_length_708_cov_20.449918	307	387	1	63	80	0.7875000
NODE_16299_length_708_cov_19.998358	238	318	2	3	80	0.0375000
NODE_16299_length_708_cov_19.998358	238	318	3	8	80	0.1000000
NODE_16299_length_708_cov_19.998358	238	318	4	10	80	0.1250000
NODE_16299_length_708_cov_19.998358	238	318	5	37	80	0.4625000
NODE_16299_length_708_cov_19.998358	238	318	6	10	80	0.1250000
NODE_16299_length_708_cov_19.998358	238	318	7	12	80	0.1500000
NODE_16299_length_708_cov_19.998358	291	371	4	5	80	0.0625000
NODE_16299_length_708_cov_19.998358	291	371	6	46	80	0.5750000
NODE_16299_length_708_cov_19.998358	291	371	7	29	80	0.3625000
NODE_16300_length_708_cov_19.021346	366	446	10	20	80	0.2500000
NODE_16300_length_708_cov_19.021346	366	446	11	60	80	0.7500000
NODE_16300_length_708_cov_19.021346	419	499	3	4	80	0.0500000
NODE_16300_length_708_cov_19.021346	419	499	4	25	80	0.3125000
NODE_16300_length_708_cov_19.021346	419	499	7	11	80	0.1375000
NODE_16300_length_708_cov_19.021346	419	499	9	2	80	0.0250000
NODE_16300_length_708_cov_19.021346	419	499	10	6	80	0.0750000
NODE_16300_length_708_cov_19.021346	419	499	11	32	80	0.4000000
NODE_16302_length_708_cov_12.228243	181	263	1	19	82	0.2317073
NODE_16302_length_708_cov_12.228243	181	263	2	63	82	0.7682927
NODE_16302_length_708_cov_12.228243	188	268	1	24	80	0.3000000
NODE_16302_length_708_cov_12.228243	188	268	2	56	80	0.7000000
NODE_16302_length_708_cov_12.228243	236	316	1	72	80	0.9000000
NODE_16302_length_708_cov_12.228243	236	316	2	8	80	0.1000000
NODE_16302_length_708_cov_12.228243	312	392	0	9	80	0.1125000
NODE_16302_length_708_cov_12.228243	312	392	1	37	80	0.4625000
NODE_16302_length_708_cov_12.228243	312	392	3	34	80	0.4250000
NODE_16302_length_708_cov_12.228243	312	392	0	9	80	0.1125000
NODE_16302_length_708_cov_12.228243	312	392	1	37	80	0.4625000
NODE_16302_length_708_cov_12.228243	312	392	3	34	80	0.4250000
NODE_16302_length_708_cov_12.228243	365	445	2	4	80	0.0500000
NODE_16302_length_708_cov_12.228243	365	445	3	38	80	0.4750000
NODE_16302_length_708_cov_12.228243	365	445	4	38	80	0.4750000
NODE_16303_length_708_cov_11.338259	255	335	2	38	80	0.4750000
NODE_16303_length_708_cov_11.338259	255	335	3	42	80	0.5250000
NODE_16303_length_708_cov_11.338259	308	388	1	7	80	0.0875000
NODE_16303_length_708_cov_11.338259	308	388	2	73	80	0.9125000
NODE_16305_length_708_cov_9.676519	219	299	3	23	80	0.2875000
NODE_16305_length_708_cov_9.676519	219	299	4	42	80	0.5250000
NODE_16305_length_708_cov_9.676519	219	299	5	15	80	0.1875000
NODE_16305_length_708_cov_9.676519	272	352	3	15	80	0.1875000
NODE_16305_length_708_cov_9.676519	272	352	5	65	80	0.8125000
NODE_16306_length_708_cov_8.638752	324	399	0	75	75	1.0000000
NODE_16330_length_708_cov_2.699507	358	398	0	40	40	1.0000000
NODE_16370_length_707_cov_30.067434	325	405	1	1	80	0.0125000
NODE_16370_length_707_cov_30.067434	325	405	2	46	80	0.5750000
NODE_16370_length_707_cov_30.067434	325	405	3	33	80	0.4125000
NODE_16370_length_707_cov_30.067434	378	458	1	54	80	0.6750000
NODE_16370_length_707_cov_30.067434	378	458	2	17	80	0.2125000
NODE_16370_length_707_cov_30.067434	378	458	3	9	80	0.1125000
NODE_16371_length_707_cov_26.555921	241	321	1	31	80	0.3875000
NODE_16371_length_707_cov_26.555921	241	321	3	11	80	0.1375000
NODE_16371_length_707_cov_26.555921	241	321	5	25	80	0.3125000
NODE_16371_length_707_cov_26.555921	241	321	6	13	80	0.1625000
NODE_16371_length_707_cov_26.555921	294	374	5	67	80	0.8375000
NODE_16371_length_707_cov_26.555921	294	374	6	13	80	0.1625000
NODE_16372_length_707_cov_23.972039	322	402	4	80	80	1.0000000
NODE_16372_length_707_cov_23.972039	375	455	0	1	80	0.0125000
NODE_16372_length_707_cov_23.972039	375	455	2	51	80	0.6375000
NODE_16372_length_707_cov_23.972039	375	455	4	28	80	0.3500000
NODE_16373_length_707_cov_20.348684	157	237	3	24	80	0.3000000
NODE_16373_length_707_cov_20.348684	157	237	4	43	80	0.5375000
NODE_16373_length_707_cov_20.348684	157	237	5	13	80	0.1625000
NODE_16373_length_707_cov_20.348684	210	281	1	2	71	0.0281690
NODE_16373_length_707_cov_20.348684	210	281	2	24	71	0.3380282
NODE_16373_length_707_cov_20.348684	210	281	3	26	71	0.3661972
NODE_16373_length_707_cov_20.348684	210	281	4	19	71	0.2676056
NODE_16374_length_707_cov_18.970395	253	333	5	10	80	0.1250000
NODE_16374_length_707_cov_18.970395	253	333	6	22	80	0.2750000
NODE_16374_length_707_cov_18.970395	253	333	8	6	80	0.0750000
NODE_16374_length_707_cov_18.970395	253	333	9	38	80	0.4750000
NODE_16374_length_707_cov_18.970395	253	333	10	4	80	0.0500000
NODE_16374_length_707_cov_18.970395	306	386	8	8	80	0.1000000
NODE_16374_length_707_cov_18.970395	306	386	9	52	80	0.6500000
NODE_16374_length_707_cov_18.970395	306	386	10	20	80	0.2500000
NODE_16375_length_707_cov_14.324013	302	382	3	71	80	0.8875000
NODE_16375_length_707_cov_14.324013	302	382	4	9	80	0.1125000
NODE_16375_length_707_cov_14.324013	355	435	2	9	80	0.1125000
NODE_16375_length_707_cov_14.324013	355	435	3	28	80	0.3500000
NODE_16375_length_707_cov_14.324013	355	435	4	43	80	0.5375000
NODE_16378_length_707_cov_5.062500	313	393	2	80	80	1.0000000
NODE_16441_length_706_cov_34.116969	272	352	3	22	80	0.2750000
NODE_16441_length_706_cov_34.116969	272	352	4	1	80	0.0125000
NODE_16441_length_706_cov_34.116969	272	352	5	4	80	0.0500000
NODE_16441_length_706_cov_34.116969	272	352	7	7	80	0.0875000
NODE_16441_length_706_cov_34.116969	272	352	9	42	80	0.5250000
NODE_16441_length_706_cov_34.116969	272	352	11	4	80	0.0500000
NODE_16441_length_706_cov_34.116969	325	405	4	1	80	0.0125000
NODE_16441_length_706_cov_34.116969	325	405	6	11	80	0.1375000
NODE_16441_length_706_cov_34.116969	325	405	7	8	80	0.1000000
NODE_16441_length_706_cov_34.116969	325	405	9	39	80	0.4875000
NODE_16441_length_706_cov_34.116969	325	405	11	21	80	0.2625000
NODE_16442_length_706_cov_27.220758	229	309	1	8	80	0.1000000
NODE_16442_length_706_cov_27.220758	229	309	3	1	80	0.0125000
NODE_16442_length_706_cov_27.220758	229	309	4	5	80	0.0625000
NODE_16442_length_706_cov_27.220758	229	309	5	65	80	0.8125000
NODE_16442_length_706_cov_27.220758	229	309	7	1	80	0.0125000
NODE_16442_length_706_cov_27.220758	282	362	5	26	80	0.3250000
NODE_16442_length_706_cov_27.220758	282	362	6	38	80	0.4750000
NODE_16442_length_706_cov_27.220758	282	362	7	16	80	0.2000000
NODE_16443_length_706_cov_20.380560	264	344	2	61	80	0.7625000
NODE_16443_length_706_cov_20.380560	264	344	3	2	80	0.0250000
NODE_16443_length_706_cov_20.380560	264	344	4	17	80	0.2125000
NODE_16443_length_706_cov_20.380560	317	397	2	44	80	0.5500000
NODE_16443_length_706_cov_20.380560	317	397	3	32	80	0.4000000
NODE_16443_length_706_cov_20.380560	317	397	4	4	80	0.0500000
NODE_16444_length_706_cov_19.525535	289	369	0	80	80	1.0000000
NODE_16444_length_706_cov_19.525535	342	422	0	80	80	1.0000000
NODE_16454_length_706_cov_3.344316	465	545	0	1	80	0.0125000
NODE_16454_length_706_cov_3.344316	465	545	1	2	80	0.0250000
NODE_16454_length_706_cov_3.344316	465	545	2	77	80	0.9625000
NODE_16454_length_706_cov_3.344316	518	598	2	80	80	1.0000000
NODE_16494_length_705_cov_19.211221	118	198	7	29	80	0.3625000
NODE_16494_length_705_cov_19.211221	118	198	8	51	80	0.6375000
NODE_16494_length_705_cov_19.211221	171	250	1	4	79	0.0506329
NODE_16494_length_705_cov_19.211221	171	250	2	3	79	0.0379747
NODE_16494_length_705_cov_19.211221	171	250	3	6	79	0.0759494
NODE_16494_length_705_cov_19.211221	171	250	4	8	79	0.1012658
NODE_16494_length_705_cov_19.211221	171	250	5	1	79	0.0126582
NODE_16494_length_705_cov_19.211221	171	250	6	21	79	0.2658228
NODE_16494_length_705_cov_19.211221	171	250	7	36	79	0.4556962
NODE_16495_length_705_cov_16.338284	291	339	1	6	48	0.1250000
NODE_16495_length_705_cov_16.338284	291	339	2	42	48	0.8750000
NODE_16495_length_705_cov_16.338284	336	406	2	12	70	0.1714286
NODE_16495_length_705_cov_16.338284	336	406	3	52	70	0.7428572
NODE_16495_length_705_cov_16.338284	336	406	5	6	70	0.0857143
NODE_16496_length_705_cov_14.354785	209	289	0	80	80	1.0000000
NODE_16496_length_705_cov_14.354785	262	342	0	80	80	1.0000000
NODE_16497_length_705_cov_12.231023	293	373	2	30	80	0.3750000
NODE_16497_length_705_cov_12.231023	293	373	3	11	80	0.1375000
NODE_16497_length_705_cov_12.231023	293	373	4	10	80	0.1250000
NODE_16497_length_705_cov_12.231023	293	373	5	29	80	0.3625000
NODE_16497_length_705_cov_12.231023	346	426	3	49	80	0.6125000
NODE_16497_length_705_cov_12.231023	346	426	5	31	80	0.3875000
NODE_16498_length_705_cov_11.836634	390	470	0	28	80	0.3500000
NODE_16498_length_705_cov_11.836634	390	470	1	52	80	0.6500000
NODE_16498_length_705_cov_11.836634	443	523	1	80	80	1.0000000
NODE_16499_length_705_cov_10.049505	382	479	0	9	97	0.0927835
NODE_16499_length_705_cov_10.049505	382	479	1	49	97	0.5051546
NODE_16499_length_705_cov_10.049505	382	479	3	39	97	0.4020618
NODE_16499_length_705_cov_10.049505	452	532	3	40	80	0.5000000
NODE_16499_length_705_cov_10.049505	452	532	4	40	80	0.5000000
NODE_16507_length_705_cov_4.275578	358	438	0	80	80	1.0000000
NODE_16507_length_705_cov_4.275578	411	491	0	80	80	1.0000000
NODE_16509_length_705_cov_4.018152	306	364	0	58	58	1.0000000
NODE_16509_length_705_cov_4.018152	337	410	0	73	73	1.0000000
NODE_16511_length_705_cov_3.620462	253	315	0	36	62	0.5806451
NODE_16511_length_705_cov_3.620462	253	315	2	26	62	0.4193548
NODE_16511_length_705_cov_3.620462	308	368	0	23	60	0.3833333
NODE_16511_length_705_cov_3.620462	308	368	2	37	60	0.6166667
NODE_16527_length_705_cov_1.607261	462	531	0	57	69	0.8260869
NODE_16527_length_705_cov_1.607261	462	531	2	12	69	0.1739130
NODE_16549_length_705_cov_0.529703	33	97	0	1	64	0.0156250
NODE_16549_length_705_cov_0.529703	33	97	1	63	64	0.9843750
NODE_16549_length_705_cov_0.529703	86	150	1	64	64	1.0000000
NODE_16550_length_704_cov_18.256198	295	375	2	31	80	0.3875000
NODE_16550_length_704_cov_18.256198	295	375	3	49	80	0.6125000
NODE_16550_length_704_cov_18.256198	348	428	2	68	80	0.8500000
NODE_16550_length_704_cov_18.256198	348	428	3	12	80	0.1500000
NODE_16552_length_704_cov_16.662810	264	344	2	64	80	0.8000000
NODE_16552_length_704_cov_16.662810	264	344	3	16	80	0.2000000
NODE_16552_length_704_cov_16.662810	317	397	2	80	80	1.0000000
NODE_16553_length_704_cov_12.641322	294	374	1	57	80	0.7125000
NODE_16553_length_704_cov_12.641322	294	374	2	2	80	0.0250000
NODE_16553_length_704_cov_12.641322	294	374	3	21	80	0.2625000
NODE_16553_length_704_cov_12.641322	347	427	1	4	80	0.0500000
NODE_16553_length_704_cov_12.641322	347	427	2	8	80	0.1000000
NODE_16553_length_704_cov_12.641322	347	427	3	68	80	0.8500000
NODE_16557_length_704_cov_5.603306	440	498	0	10	58	0.1724138
NODE_16557_length_704_cov_5.603306	440	498	2	48	58	0.8275862
NODE_16564_length_704_cov_3.535537	303	383	2	80	80	1.0000000
NODE_16564_length_704_cov_3.535537	369	436	0	15	67	0.2238806
NODE_16564_length_704_cov_3.535537	369	436	2	52	67	0.7761194
NODE_16578_length_704_cov_1.963636	345	425	1	9	80	0.1125000
NODE_16578_length_704_cov_1.963636	345	425	2	30	80	0.3750000
NODE_16578_length_704_cov_1.963636	345	425	3	41	80	0.5125000
NODE_16578_length_704_cov_1.963636	398	478	1	9	80	0.1125000
NODE_16578_length_704_cov_1.963636	398	478	2	9	80	0.1125000
NODE_16578_length_704_cov_1.963636	398	478	3	46	80	0.5750000
NODE_16578_length_704_cov_1.963636	398	478	4	16	80	0.2000000
NODE_16598_length_703_cov_44.102649	514	594	4	16	80	0.2000000
NODE_16598_length_703_cov_44.102649	514	594	5	40	80	0.5000000
NODE_16598_length_703_cov_44.102649	514	594	7	24	80	0.3000000
NODE_16598_length_703_cov_44.102649	567	647	1	2	80	0.0250000
NODE_16598_length_703_cov_44.102649	567	647	3	17	80	0.2125000
NODE_16598_length_703_cov_44.102649	567	647	4	50	80	0.6250000
NODE_16598_length_703_cov_44.102649	567	647	5	11	80	0.1375000
NODE_16599_length_703_cov_33.067881	521	594	7	34	73	0.4657534
NODE_16599_length_703_cov_33.067881	521	594	9	9	73	0.1232877
NODE_16599_length_703_cov_33.067881	521	594	10	14	73	0.1917808
NODE_16599_length_703_cov_33.067881	521	594	12	16	73	0.2191781
NODE_16599_length_703_cov_33.067881	561	602	7	41	41	1.0000000
NODE_16600_length_703_cov_30.266556	312	392	16	2	80	0.0250000
NODE_16600_length_703_cov_30.266556	312	392	17	22	80	0.2750000
NODE_16600_length_703_cov_30.266556	312	392	18	32	80	0.4000000
NODE_16600_length_703_cov_30.266556	312	392	19	3	80	0.0375000
NODE_16600_length_703_cov_30.266556	312	392	20	12	80	0.1500000
NODE_16600_length_703_cov_30.266556	312	392	21	9	80	0.1125000
NODE_16600_length_703_cov_30.266556	365	445	6	14	80	0.1750000
NODE_16600_length_703_cov_30.266556	365	445	7	5	80	0.0625000
NODE_16600_length_703_cov_30.266556	365	445	9	4	80	0.0500000
NODE_16600_length_703_cov_30.266556	365	445	10	15	80	0.1875000
NODE_16600_length_703_cov_30.266556	365	445	13	5	80	0.0625000
NODE_16600_length_703_cov_30.266556	365	445	15	5	80	0.0625000
NODE_16600_length_703_cov_30.266556	365	445	16	7	80	0.0875000
NODE_16600_length_703_cov_30.266556	365	445	17	11	80	0.1375000
NODE_16600_length_703_cov_30.266556	365	445	18	14	80	0.1750000
NODE_16601_length_703_cov_17.006623	449	529	1	38	80	0.4750000
NODE_16601_length_703_cov_17.006623	449	529	2	42	80	0.5250000
NODE_16601_length_703_cov_17.006623	502	582	1	58	80	0.7250000
NODE_16601_length_703_cov_17.006623	502	582	2	22	80	0.2750000
NODE_16602_length_703_cov_14.801325	383	463	0	1	80	0.0125000
NODE_16602_length_703_cov_14.801325	383	463	2	75	80	0.9375000
NODE_16602_length_703_cov_14.801325	383	463	3	4	80	0.0500000
NODE_16602_length_703_cov_14.801325	436	516	2	23	80	0.2875000
NODE_16602_length_703_cov_14.801325	436	516	3	32	80	0.4000000
NODE_16602_length_703_cov_14.801325	436	516	4	25	80	0.3125000
NODE_16603_length_703_cov_11.766556	308	388	2	80	80	1.0000000
NODE_16603_length_703_cov_11.766556	361	441	0	1	80	0.0125000
NODE_16603_length_703_cov_11.766556	361	441	2	79	80	0.9875000
NODE_16604_length_703_cov_10.405629	213	293	4	57	80	0.7125000
NODE_16604_length_703_cov_10.405629	213	293	6	4	80	0.0500000
NODE_16604_length_703_cov_10.405629	213	293	8	19	80	0.2375000
NODE_16604_length_703_cov_10.405629	266	301	4	35	35	1.0000000
NODE_16605_length_703_cov_6.966887	381	440	0	59	59	1.0000000
NODE_16616_length_703_cov_3.491722	256	309	0	23	53	0.4339623
NODE_16616_length_703_cov_3.491722	256	309	2	26	53	0.4905660
NODE_16616_length_703_cov_3.491722	256	309	3	4	53	0.0754717
NODE_16616_length_703_cov_3.491722	257	337	0	51	80	0.6375000
NODE_16616_length_703_cov_3.491722	257	337	2	26	80	0.3250000
NODE_16616_length_703_cov_3.491722	257	337	3	3	80	0.0375000
NODE_16616_length_703_cov_3.491722	305	362	0	57	57	1.0000000
NODE_16624_length_703_cov_2.687086	216	296	2	3	80	0.0375000
NODE_16624_length_703_cov_2.687086	216	296	4	77	80	0.9625000
NODE_16624_length_703_cov_2.687086	269	349	0	17	80	0.2125000
NODE_16624_length_703_cov_2.687086	269	349	1	21	80	0.2625000
NODE_16624_length_703_cov_2.687086	269	349	2	18	80	0.2250000
NODE_16624_length_703_cov_2.687086	269	349	4	24	80	0.3000000
NODE_16663_length_702_cov_49.784411	221	299	6	4	78	0.0512821
NODE_16663_length_702_cov_49.784411	221	299	8	14	78	0.1794872
NODE_16663_length_702_cov_49.784411	221	299	9	1	78	0.0128205
NODE_16663_length_702_cov_49.784411	221	299	10	18	78	0.2307692
NODE_16663_length_702_cov_49.784411	221	299	11	32	78	0.4102564
NODE_16663_length_702_cov_49.784411	221	299	12	9	78	0.1153846
NODE_16663_length_702_cov_49.784411	277	352	7	6	75	0.0800000
NODE_16663_length_702_cov_49.784411	277	352	8	15	75	0.2000000
NODE_16663_length_702_cov_49.784411	277	352	9	6	75	0.0800000
NODE_16663_length_702_cov_49.784411	277	352	10	7	75	0.0933333
NODE_16663_length_702_cov_49.784411	277	352	11	38	75	0.5066667
NODE_16663_length_702_cov_49.784411	277	352	12	3	75	0.0400000
NODE_16664_length_702_cov_26.570481	201	281	1	35	80	0.4375000
NODE_16664_length_702_cov_26.570481	201	281	2	45	80	0.5625000
NODE_16664_length_702_cov_26.570481	254	334	1	71	80	0.8875000
NODE_16664_length_702_cov_26.570481	254	334	2	9	80	0.1125000
NODE_16665_length_702_cov_23.971808	139	219	2	80	80	1.0000000
NODE_16665_length_702_cov_23.971808	192	272	0	25	80	0.3125000
NODE_16665_length_702_cov_23.971808	192	272	2	55	80	0.6875000
NODE_16665_length_702_cov_23.971808	268	348	0	15	80	0.1875000
NODE_16665_length_702_cov_23.971808	268	348	1	11	80	0.1375000
NODE_16665_length_702_cov_23.971808	268	348	2	54	80	0.6750000
NODE_16665_length_702_cov_23.971808	321	401	2	80	80	1.0000000
NODE_16666_length_702_cov_23.827529	448	528	2	13	80	0.1625000
NODE_16666_length_702_cov_23.827529	448	528	3	67	80	0.8375000
NODE_16666_length_702_cov_23.827529	501	581	2	4	80	0.0500000
NODE_16666_length_702_cov_23.827529	501	581	3	49	80	0.6125000
NODE_16666_length_702_cov_23.827529	501	581	4	27	80	0.3375000
NODE_16667_length_702_cov_14.661692	424	504	1	15	80	0.1875000
NODE_16667_length_702_cov_14.661692	424	504	2	13	80	0.1625000
NODE_16667_length_702_cov_14.661692	424	504	3	52	80	0.6500000
NODE_16667_length_702_cov_14.661692	477	557	1	9	80	0.1125000
NODE_16667_length_702_cov_14.661692	477	557	3	71	80	0.8875000
NODE_16668_length_702_cov_13.908789	259	304	0	45	45	1.0000000
NODE_16668_length_702_cov_13.908789	277	357	0	80	80	1.0000000
NODE_16668_length_702_cov_13.908789	289	357	0	68	68	1.0000000
NODE_16669_length_702_cov_8.502488	337	417	1	24	80	0.3000000
NODE_16669_length_702_cov_8.502488	337	417	2	18	80	0.2250000
NODE_16669_length_702_cov_8.502488	337	417	3	38	80	0.4750000
NODE_16669_length_702_cov_8.502488	390	470	2	7	80	0.0875000
NODE_16669_length_702_cov_8.502488	390	470	3	73	80	0.9125000
NODE_16671_length_702_cov_6.470978	209	289	0	19	80	0.2375000
NODE_16671_length_702_cov_6.470978	209	289	2	61	80	0.7625000
NODE_16671_length_702_cov_6.470978	262	342	2	80	80	1.0000000
NODE_16729_length_701_cov_38.715947	178	258	2	9	80	0.1125000
NODE_16729_length_701_cov_38.715947	178	258	4	16	80	0.2000000
NODE_16729_length_701_cov_38.715947	178	258	5	55	80	0.6875000
NODE_16729_length_701_cov_38.715947	231	311	1	14	80	0.1750000
NODE_16729_length_701_cov_38.715947	231	311	2	25	80	0.3125000
NODE_16729_length_701_cov_38.715947	231	311	3	23	80	0.2875000
NODE_16729_length_701_cov_38.715947	231	311	4	4	80	0.0500000
NODE_16729_length_701_cov_38.715947	231	311	5	14	80	0.1750000
NODE_16729_length_701_cov_38.715947	307	387	3	11	80	0.1375000
NODE_16729_length_701_cov_38.715947	307	387	4	1	80	0.0125000
NODE_16729_length_701_cov_38.715947	307	387	6	30	80	0.3750000
NODE_16729_length_701_cov_38.715947	307	387	7	38	80	0.4750000
NODE_16729_length_701_cov_38.715947	360	440	4	2	80	0.0250000
NODE_16729_length_701_cov_38.715947	360	440	5	12	80	0.1500000
NODE_16729_length_701_cov_38.715947	360	440	7	38	80	0.4750000
NODE_16729_length_701_cov_38.715947	360	440	8	28	80	0.3500000
NODE_16730_length_701_cov_28.059801	432	513	0	81	81	1.0000000
NODE_16730_length_701_cov_28.059801	486	566	0	80	80	1.0000000
NODE_16731_length_701_cov_18.387043	258	338	0	9	80	0.1125000
NODE_16731_length_701_cov_18.387043	258	338	1	55	80	0.6875000
NODE_16731_length_701_cov_18.387043	258	338	2	16	80	0.2000000
NODE_16731_length_701_cov_18.387043	311	391	1	11	80	0.1375000
NODE_16731_length_701_cov_18.387043	311	391	2	69	80	0.8625000
NODE_16732_length_701_cov_17.122924	295	367	1	5	72	0.0694444
NODE_16732_length_701_cov_17.122924	295	367	2	32	72	0.4444444
NODE_16732_length_701_cov_17.122924	295	367	3	17	72	0.2361111
NODE_16732_length_701_cov_17.122924	295	367	5	18	72	0.2500000
NODE_16733_length_701_cov_16.114618	242	322	0	8	80	0.1000000
NODE_16733_length_701_cov_16.114618	242	322	1	23	80	0.2875000
NODE_16733_length_701_cov_16.114618	242	322	2	49	80	0.6125000
NODE_16733_length_701_cov_16.114618	295	375	0	61	80	0.7625000
NODE_16733_length_701_cov_16.114618	295	375	1	19	80	0.2375000
NODE_16734_length_701_cov_15.588040	399	479	6	80	80	1.0000000
NODE_16734_length_701_cov_15.588040	452	532	0	9	80	0.1125000
NODE_16734_length_701_cov_15.588040	452	532	6	71	80	0.8875000
NODE_16736_length_701_cov_11.420266	229	309	0	34	80	0.4250000
NODE_16736_length_701_cov_11.420266	229	309	2	46	80	0.5750000
NODE_16736_length_701_cov_11.420266	282	362	2	80	80	1.0000000
NODE_16737_length_701_cov_10.411960	202	283	0	7	81	0.0864198
NODE_16737_length_701_cov_10.411960	202	283	2	10	81	0.1234568
NODE_16737_length_701_cov_10.411960	202	283	3	64	81	0.7901235
NODE_16737_length_701_cov_10.411960	256	336	2	10	80	0.1250000
NODE_16737_length_701_cov_10.411960	256	336	3	51	80	0.6375000
NODE_16737_length_701_cov_10.411960	256	336	4	19	80	0.2375000
NODE_16738_length_701_cov_9.107973	400	480	4	12	80	0.1500000
NODE_16738_length_701_cov_9.107973	400	480	5	5	80	0.0625000
NODE_16738_length_701_cov_9.107973	400	480	7	51	80	0.6375000
NODE_16738_length_701_cov_9.107973	400	480	9	12	80	0.1500000
NODE_16738_length_701_cov_9.107973	453	533	6	15	80	0.1875000
NODE_16738_length_701_cov_9.107973	453	533	7	53	80	0.6625000
NODE_16738_length_701_cov_9.107973	453	533	8	12	80	0.1500000
NODE_16739_length_701_cov_8.877076	283	363	2	4	80	0.0500000
NODE_16739_length_701_cov_8.877076	283	363	3	6	80	0.0750000
NODE_16739_length_701_cov_8.877076	283	363	4	14	80	0.1750000
NODE_16739_length_701_cov_8.877076	283	363	5	13	80	0.1625000
NODE_16739_length_701_cov_8.877076	283	363	6	43	80	0.5375000
NODE_16739_length_701_cov_8.877076	336	416	5	2	80	0.0250000
NODE_16739_length_701_cov_8.877076	336	416	6	78	80	0.9750000
NODE_16740_length_701_cov_8.543189	341	421	0	9	80	0.1125000
NODE_16740_length_701_cov_8.543189	341	421	1	71	80	0.8875000
NODE_16740_length_701_cov_8.543189	394	474	1	53	80	0.6625000
NODE_16740_length_701_cov_8.543189	394	474	2	27	80	0.3375000
NODE_16742_length_701_cov_6.317276	273	353	0	72	80	0.9000000
NODE_16742_length_701_cov_6.317276	273	353	2	8	80	0.1000000
NODE_16742_length_701_cov_6.317276	326	382	0	19	56	0.3392857
NODE_16742_length_701_cov_6.317276	326	382	2	37	56	0.6607143
NODE_16747_length_701_cov_5.081395	318	374	0	56	56	1.0000000
NODE_16752_length_701_cov_3.320598	207	287	0	80	80	1.0000000
NODE_16752_length_701_cov_3.320598	260	340	0	80	80	1.0000000
NODE_16794_length_700_cov_22.241265	326	406	3	8	80	0.1000000
NODE_16794_length_700_cov_22.241265	326	406	5	6	80	0.0750000
NODE_16794_length_700_cov_22.241265	326	406	6	33	80	0.4125000
NODE_16794_length_700_cov_22.241265	326	406	7	15	80	0.1875000
NODE_16794_length_700_cov_22.241265	326	406	9	12	80	0.1500000
NODE_16794_length_700_cov_22.241265	326	406	10	6	80	0.0750000
NODE_16796_length_700_cov_11.730449	294	374	1	5	80	0.0625000
NODE_16796_length_700_cov_11.730449	294	374	2	75	80	0.9375000
NODE_16796_length_700_cov_11.730449	347	427	0	1	80	0.0125000
NODE_16796_length_700_cov_11.730449	347	427	1	57	80	0.7125000
NODE_16796_length_700_cov_11.730449	347	427	2	22	80	0.2750000
NODE_16800_length_700_cov_7.291181	317	397	3	3	80	0.0375000
NODE_16800_length_700_cov_7.291181	317	397	4	14	80	0.1750000
NODE_16800_length_700_cov_7.291181	317	397	5	63	80	0.7875000
NODE_16800_length_700_cov_7.291181	370	450	1	53	80	0.6625000
NODE_16800_length_700_cov_7.291181	370	450	3	3	80	0.0375000
NODE_16800_length_700_cov_7.291181	370	450	4	9	80	0.1125000
NODE_16800_length_700_cov_7.291181	370	450	5	15	80	0.1875000
NODE_16801_length_700_cov_6.557404	353	404	4	51	51	1.0000000
NODE_16802_length_700_cov_5.475874	301	381	0	38	80	0.4750000
NODE_16802_length_700_cov_5.475874	301	381	2	42	80	0.5250000
NODE_16802_length_700_cov_5.475874	354	434	2	80	80	1.0000000
NODE_16803_length_700_cov_3.960067	158	234	2	76	76	1.0000000
NODE_16803_length_700_cov_3.960067	209	291	0	25	82	0.3048781
NODE_16803_length_700_cov_3.960067	209	291	2	57	82	0.6951219
NODE_16822_length_700_cov_1.517471	324	404	0	80	80	1.0000000
NODE_16822_length_700_cov_1.517471	377	457	0	80	80	1.0000000
NODE_16844_length_699_cov_18.446667	185	265	5	5	80	0.0625000
NODE_16844_length_699_cov_18.446667	185	265	6	17	80	0.2125000
NODE_16844_length_699_cov_18.446667	185	265	7	2	80	0.0250000
NODE_16844_length_699_cov_18.446667	185	265	8	6	80	0.0750000
NODE_16844_length_699_cov_18.446667	185	265	11	2	80	0.0250000
NODE_16844_length_699_cov_18.446667	185	265	12	48	80	0.6000000
NODE_16844_length_699_cov_18.446667	238	318	10	5	80	0.0625000
NODE_16844_length_699_cov_18.446667	238	318	11	40	80	0.5000000
NODE_16844_length_699_cov_18.446667	238	318	12	35	80	0.4375000
NODE_16845_length_699_cov_18.383333	258	338	0	69	80	0.8625000
NODE_16845_length_699_cov_18.383333	258	338	2	11	80	0.1375000
NODE_16845_length_699_cov_18.383333	311	391	0	16	80	0.2000000
NODE_16845_length_699_cov_18.383333	311	391	2	64	80	0.8000000
NODE_16846_length_699_cov_18.103333	218	298	3	20	80	0.2500000
NODE_16846_length_699_cov_18.103333	218	298	4	58	80	0.7250000
NODE_16846_length_699_cov_18.103333	218	298	5	2	80	0.0250000
NODE_16846_length_699_cov_18.103333	271	351	3	44	80	0.5500000
NODE_16846_length_699_cov_18.103333	271	351	4	34	80	0.4250000
NODE_16846_length_699_cov_18.103333	271	351	5	2	80	0.0250000
NODE_16847_length_699_cov_15.636667	279	359	0	10	80	0.1250000
NODE_16847_length_699_cov_15.636667	279	359	2	70	80	0.8750000
NODE_16847_length_699_cov_15.636667	332	412	0	63	80	0.7875000
NODE_16847_length_699_cov_15.636667	332	412	2	17	80	0.2125000
NODE_16848_length_699_cov_15.113333	313	393	1	36	80	0.4500000
NODE_16848_length_699_cov_15.113333	313	393	2	44	80	0.5500000
NODE_16848_length_699_cov_15.113333	366	446	1	52	80	0.6500000
NODE_16848_length_699_cov_15.113333	366	446	2	28	80	0.3500000
NODE_16849_length_699_cov_10.070000	233	313	0	80	80	1.0000000
NODE_16849_length_699_cov_10.070000	286	366	0	80	80	1.0000000
NODE_16849_length_699_cov_10.070000	362	442	0	80	80	1.0000000
NODE_16849_length_699_cov_10.070000	415	495	0	80	80	1.0000000
NODE_16850_length_699_cov_8.083333	347	427	0	42	80	0.5250000
NODE_16850_length_699_cov_8.083333	347	427	1	5	80	0.0625000
NODE_16850_length_699_cov_8.083333	347	427	2	32	80	0.4000000
NODE_16850_length_699_cov_8.083333	347	427	3	1	80	0.0125000
NODE_16850_length_699_cov_8.083333	400	480	2	26	80	0.3250000
NODE_16850_length_699_cov_8.083333	400	480	3	13	80	0.1625000
NODE_16850_length_699_cov_8.083333	400	480	4	41	80	0.5125000
NODE_16851_length_699_cov_7.758333	307	387	2	4	80	0.0500000
NODE_16851_length_699_cov_7.758333	307	387	4	8	80	0.1000000
NODE_16851_length_699_cov_7.758333	307	387	6	24	80	0.3000000
NODE_16851_length_699_cov_7.758333	307	387	7	2	80	0.0250000
NODE_16851_length_699_cov_7.758333	307	387	8	42	80	0.5250000
NODE_16851_length_699_cov_7.758333	360	440	3	9	80	0.1125000
NODE_16851_length_699_cov_7.758333	360	440	4	15	80	0.1875000
NODE_16851_length_699_cov_7.758333	360	440	8	31	80	0.3875000
NODE_16851_length_699_cov_7.758333	360	440	9	25	80	0.3125000
NODE_16852_length_699_cov_7.713333	252	332	1	80	80	1.0000000
NODE_16852_length_699_cov_7.713333	305	385	0	32	80	0.4000000
NODE_16852_length_699_cov_7.713333	305	385	1	48	80	0.6000000
NODE_16853_length_699_cov_7.186667	271	332	1	20	61	0.3278688
NODE_16853_length_699_cov_7.186667	271	332	2	5	61	0.0819672
NODE_16853_length_699_cov_7.186667	271	332	3	30	61	0.4918033
NODE_16853_length_699_cov_7.186667	271	332	4	6	61	0.0983607
NODE_16853_length_699_cov_7.186667	348	428	3	80	80	1.0000000
NODE_16857_length_699_cov_5.815000	243	316	0	73	73	1.0000000
NODE_16857_length_699_cov_5.815000	293	374	0	81	81	1.0000000
NODE_16858_length_699_cov_5.520000	302	382	1	19	80	0.2375000
NODE_16858_length_699_cov_5.520000	302	382	2	61	80	0.7625000
NODE_16858_length_699_cov_5.520000	355	435	2	67	80	0.8375000
NODE_16858_length_699_cov_5.520000	355	435	3	13	80	0.1625000
NODE_16860_length_699_cov_4.051667	289	369	0	55	80	0.6875000
NODE_16860_length_699_cov_4.051667	289	369	2	25	80	0.3125000
NODE_16860_length_699_cov_4.051667	342	422	0	2	80	0.0250000
NODE_16860_length_699_cov_4.051667	342	422	2	78	80	0.9750000
NODE_16868_length_699_cov_2.498333	204	284	1	80	80	1.0000000
NODE_16868_length_699_cov_2.498333	257	337	0	15	80	0.1875000
NODE_16868_length_699_cov_2.498333	257	337	1	65	80	0.8125000
NODE_16908_length_698_cov_47.350584	321	401	10	3	80	0.0375000
NODE_16908_length_698_cov_47.350584	321	401	11	16	80	0.2000000
NODE_16908_length_698_cov_47.350584	321	401	12	14	80	0.1750000
NODE_16908_length_698_cov_47.350584	321	401	13	15	80	0.1875000
NODE_16908_length_698_cov_47.350584	321	401	14	32	80	0.4000000
NODE_16908_length_698_cov_47.350584	374	454	9	22	80	0.2750000
NODE_16908_length_698_cov_47.350584	374	454	10	19	80	0.2375000
NODE_16908_length_698_cov_47.350584	374	454	11	24	80	0.3000000
NODE_16908_length_698_cov_47.350584	374	454	12	10	80	0.1250000
NODE_16908_length_698_cov_47.350584	374	454	13	5	80	0.0625000
NODE_16909_length_698_cov_42.848080	255	335	3	37	80	0.4625000
NODE_16909_length_698_cov_42.848080	255	335	4	5	80	0.0625000
NODE_16909_length_698_cov_42.848080	255	335	5	38	80	0.4750000
NODE_16909_length_698_cov_42.848080	308	388	0	14	80	0.1750000
NODE_16909_length_698_cov_42.848080	308	388	2	24	80	0.3000000
NODE_16909_length_698_cov_42.848080	308	388	3	42	80	0.5250000
NODE_16910_length_698_cov_36.697830	366	446	8	9	80	0.1125000
NODE_16910_length_698_cov_36.697830	366	446	10	37	80	0.4625000
NODE_16910_length_698_cov_36.697830	366	446	11	34	80	0.4250000
NODE_16910_length_698_cov_36.697830	419	484	4	4	65	0.0615385
NODE_16910_length_698_cov_36.697830	419	484	5	1	65	0.0153846
NODE_16910_length_698_cov_36.697830	419	484	6	12	65	0.1846154
NODE_16910_length_698_cov_36.697830	419	484	8	6	65	0.0923077
NODE_16910_length_698_cov_36.697830	419	484	10	34	65	0.5230770
NODE_16910_length_698_cov_36.697830	419	484	11	8	65	0.1230769
NODE_16911_length_698_cov_23.874791	222	302	0	10	80	0.1250000
NODE_16911_length_698_cov_23.874791	222	302	1	9	80	0.1125000
NODE_16911_length_698_cov_23.874791	222	302	3	61	80	0.7625000
NODE_16911_length_698_cov_23.874791	275	355	3	80	80	1.0000000
NODE_16912_length_698_cov_7.133556	360	440	0	80	80	1.0000000
NODE_16912_length_698_cov_7.133556	413	493	0	80	80	1.0000000
NODE_16913_length_698_cov_6.520868	267	347	2	11	80	0.1375000
NODE_16913_length_698_cov_6.520868	267	347	4	8	80	0.1000000
NODE_16913_length_698_cov_6.520868	267	347	6	38	80	0.4750000
NODE_16913_length_698_cov_6.520868	267	347	7	2	80	0.0250000
NODE_16913_length_698_cov_6.520868	267	347	8	21	80	0.2625000
NODE_16913_length_698_cov_6.520868	320	400	4	23	80	0.2875000
NODE_16913_length_698_cov_6.520868	320	400	6	46	80	0.5750000
NODE_16913_length_698_cov_6.520868	320	400	8	11	80	0.1375000
NODE_16917_length_698_cov_4.762938	329	359	0	30	30	1.0000000
NODE_16926_length_698_cov_2.577629	309	389	0	10	80	0.1250000
NODE_16926_length_698_cov_2.577629	309	389	2	24	80	0.3000000
NODE_16926_length_698_cov_2.577629	309	389	4	46	80	0.5750000
NODE_16926_length_698_cov_2.577629	362	442	2	14	80	0.1750000
NODE_16926_length_698_cov_2.577629	362	442	4	66	80	0.8250000
NODE_16962_length_697_cov_16.013378	305	385	0	24	80	0.3000000
NODE_16962_length_697_cov_16.013378	305	385	2	31	80	0.3875000
NODE_16962_length_697_cov_16.013378	305	385	3	25	80	0.3125000
NODE_16962_length_697_cov_16.013378	358	438	2	2	80	0.0250000
NODE_16962_length_697_cov_16.013378	358	438	3	78	80	0.9750000
NODE_16963_length_697_cov_14.411371	440	520	7	76	80	0.9500000
NODE_16963_length_697_cov_14.411371	440	520	8	4	80	0.0500000
NODE_16963_length_697_cov_14.411371	493	573	3	5	80	0.0625000
NODE_16963_length_697_cov_14.411371	493	573	4	27	80	0.3375000
NODE_16963_length_697_cov_14.411371	493	573	6	4	80	0.0500000
NODE_16963_length_697_cov_14.411371	493	573	7	40	80	0.5000000
NODE_16963_length_697_cov_14.411371	493	573	8	4	80	0.0500000
NODE_16964_length_697_cov_14.282609	257	354	2	97	97	1.0000000
NODE_16964_length_697_cov_14.282609	327	385	0	11	58	0.1896552
NODE_16964_length_697_cov_14.282609	327	385	2	47	58	0.8103448
NODE_16965_length_697_cov_9.969900	360	440	0	80	80	1.0000000
NODE_16965_length_697_cov_9.969900	413	493	0	80	80	1.0000000
NODE_16968_length_697_cov_6.117057	236	316	1	19	80	0.2375000
NODE_16968_length_697_cov_6.117057	236	316	2	61	80	0.7625000
NODE_16968_length_697_cov_6.117057	289	369	2	75	80	0.9375000
NODE_16968_length_697_cov_6.117057	289	369	3	5	80	0.0625000
NODE_17025_length_696_cov_28.360134	319	399	3	2	80	0.0250000
NODE_17025_length_696_cov_28.360134	319	399	4	15	80	0.1875000
NODE_17025_length_696_cov_28.360134	319	399	5	21	80	0.2625000
NODE_17025_length_696_cov_28.360134	319	399	6	23	80	0.2875000
NODE_17025_length_696_cov_28.360134	319	399	7	19	80	0.2375000
NODE_17025_length_696_cov_28.360134	372	452	5	12	80	0.1500000
NODE_17025_length_696_cov_28.360134	372	452	6	27	80	0.3375000
NODE_17025_length_696_cov_28.360134	372	452	7	41	80	0.5125000
NODE_17026_length_696_cov_18.708543	367	447	1	38	80	0.4750000
NODE_17026_length_696_cov_18.708543	367	447	5	42	80	0.5250000
NODE_17026_length_696_cov_18.708543	420	500	5	80	80	1.0000000
NODE_17027_length_696_cov_18.170854	390	470	5	25	80	0.3125000
NODE_17027_length_696_cov_18.170854	390	470	7	16	80	0.2000000
NODE_17027_length_696_cov_18.170854	390	470	8	39	80	0.4875000
NODE_17027_length_696_cov_18.170854	443	523	1	10	80	0.1250000
NODE_17027_length_696_cov_18.170854	443	523	2	2	80	0.0250000
NODE_17027_length_696_cov_18.170854	443	523	4	5	80	0.0625000
NODE_17027_length_696_cov_18.170854	443	523	6	32	80	0.4000000
NODE_17027_length_696_cov_18.170854	443	523	8	31	80	0.3875000
NODE_17028_length_696_cov_13.738693	266	346	0	80	80	1.0000000
NODE_17028_length_696_cov_13.738693	319	399	0	80	80	1.0000000
NODE_17030_length_696_cov_10.693467	239	266	2	27	27	1.0000000
NODE_17031_length_696_cov_9.949749	248	328	1	9	80	0.1125000
NODE_17031_length_696_cov_9.949749	248	328	2	10	80	0.1250000
NODE_17031_length_696_cov_9.949749	248	328	3	13	80	0.1625000
NODE_17031_length_696_cov_9.949749	248	328	4	6	80	0.0750000
NODE_17031_length_696_cov_9.949749	248	328	5	42	80	0.5250000
NODE_17031_length_696_cov_9.949749	301	381	5	49	80	0.6125000
NODE_17031_length_696_cov_9.949749	301	381	6	31	80	0.3875000
NODE_17032_length_696_cov_8.658291	247	327	2	80	80	1.0000000
NODE_17032_length_696_cov_8.658291	300	380	0	33	80	0.4125000
NODE_17032_length_696_cov_8.658291	300	380	1	8	80	0.1000000
NODE_17032_length_696_cov_8.658291	300	380	2	39	80	0.4875000
NODE_17032_length_696_cov_8.658291	376	456	0	80	80	1.0000000
NODE_17032_length_696_cov_8.658291	429	509	0	80	80	1.0000000
NODE_17068_length_696_cov_1.675042	498	543	0	45	45	1.0000000
NODE_17100_length_695_cov_24.112416	388	468	5	5	80	0.0625000
NODE_17100_length_695_cov_24.112416	388	468	6	22	80	0.2750000
NODE_17100_length_695_cov_24.112416	388	468	7	44	80	0.5500000
NODE_17100_length_695_cov_24.112416	388	468	8	9	80	0.1125000
NODE_17100_length_695_cov_24.112416	441	521	2	9	80	0.1125000
NODE_17100_length_695_cov_24.112416	441	521	4	13	80	0.1625000
NODE_17100_length_695_cov_24.112416	441	521	5	7	80	0.0875000
NODE_17100_length_695_cov_24.112416	441	521	6	46	80	0.5750000
NODE_17100_length_695_cov_24.112416	441	521	7	5	80	0.0625000
NODE_17101_length_695_cov_12.152685	349	429	3	8	80	0.1000000
NODE_17101_length_695_cov_12.152685	349	429	4	14	80	0.1750000
NODE_17101_length_695_cov_12.152685	349	429	6	33	80	0.4125000
NODE_17101_length_695_cov_12.152685	349	429	7	25	80	0.3125000
NODE_17101_length_695_cov_12.152685	402	482	6	19	80	0.2375000
NODE_17101_length_695_cov_12.152685	402	482	7	35	80	0.4375000
NODE_17101_length_695_cov_12.152685	402	482	8	26	80	0.3250000
NODE_17103_length_695_cov_8.466443	345	425	0	80	80	1.0000000
NODE_17103_length_695_cov_8.466443	398	478	0	80	80	1.0000000
NODE_17106_length_695_cov_5.661074	283	363	1	80	80	1.0000000
NODE_17106_length_695_cov_5.661074	346	416	0	11	70	0.1571429
NODE_17106_length_695_cov_5.661074	346	416	1	59	70	0.8428571
NODE_17124_length_695_cov_2.050336	36	112	0	76	76	1.0000000
NODE_17161_length_694_cov_46.675630	30	110	0	80	80	1.0000000
NODE_17161_length_694_cov_46.675630	83	163	0	80	80	1.0000000
NODE_17161_length_694_cov_46.675630	159	239	0	80	80	1.0000000
NODE_17161_length_694_cov_46.675630	212	292	0	80	80	1.0000000
NODE_17162_length_694_cov_12.850420	326	406	5	80	80	1.0000000
NODE_17162_length_694_cov_12.850420	379	459	0	4	80	0.0500000
NODE_17162_length_694_cov_12.850420	379	459	1	29	80	0.3625000
NODE_17162_length_694_cov_12.850420	379	459	3	14	80	0.1750000
NODE_17162_length_694_cov_12.850420	379	459	5	33	80	0.4125000
NODE_17163_length_694_cov_7.236975	318	396	0	46	78	0.5897436
NODE_17163_length_694_cov_7.236975	318	396	2	32	78	0.4102564
NODE_17163_length_694_cov_7.236975	371	450	2	79	79	1.0000000
NODE_17166_length_694_cov_5.554622	404	484	0	80	80	1.0000000
NODE_17166_length_694_cov_5.554622	457	537	0	80	80	1.0000000
NODE_17168_length_694_cov_5.373109	152	232	0	80	80	1.0000000
NODE_17168_length_694_cov_5.373109	205	285	0	79	80	0.9875000
NODE_17168_length_694_cov_5.373109	205	285	1	1	80	0.0125000
NODE_17227_length_693_cov_26.616162	435	515	0	80	80	1.0000000
NODE_17227_length_693_cov_26.616162	488	568	0	80	80	1.0000000
NODE_17228_length_693_cov_23.552189	193	273	0	5	80	0.0625000
NODE_17228_length_693_cov_23.552189	193	273	2	75	80	0.9375000
NODE_17228_length_693_cov_23.552189	246	326	0	58	80	0.7250000
NODE_17228_length_693_cov_23.552189	246	326	2	22	80	0.2750000
NODE_17229_length_693_cov_22.848485	231	311	7	29	80	0.3625000
NODE_17229_length_693_cov_22.848485	231	311	9	51	80	0.6375000
NODE_17229_length_693_cov_22.848485	284	364	3	1	80	0.0125000
NODE_17229_length_693_cov_22.848485	284	364	4	21	80	0.2625000
NODE_17229_length_693_cov_22.848485	284	364	5	3	80	0.0375000
NODE_17229_length_693_cov_22.848485	284	364	6	8	80	0.1000000
NODE_17229_length_693_cov_22.848485	284	364	7	41	80	0.5125000
NODE_17229_length_693_cov_22.848485	284	364	9	6	80	0.0750000
NODE_17230_length_693_cov_13.616162	219	299	3	11	80	0.1375000
NODE_17230_length_693_cov_13.616162	219	299	4	69	80	0.8625000
NODE_17230_length_693_cov_13.616162	272	352	2	6	80	0.0750000
NODE_17230_length_693_cov_13.616162	272	352	3	35	80	0.4375000
NODE_17230_length_693_cov_13.616162	272	352	4	39	80	0.4875000
NODE_17231_length_693_cov_12.382155	305	385	0	80	80	1.0000000
NODE_17231_length_693_cov_12.382155	358	424	0	66	66	1.0000000
NODE_17232_length_693_cov_10.053872	279	359	0	80	80	1.0000000
NODE_17232_length_693_cov_10.053872	332	412	0	80	80	1.0000000
NODE_17233_length_693_cov_9.659933	247	327	2	14	80	0.1750000
NODE_17233_length_693_cov_9.659933	247	327	4	66	80	0.8250000
NODE_17233_length_693_cov_9.659933	300	380	0	28	80	0.3500000
NODE_17233_length_693_cov_9.659933	300	380	2	21	80	0.2625000
NODE_17233_length_693_cov_9.659933	300	380	4	31	80	0.3875000
NODE_17235_length_693_cov_8.077441	343	423	1	29	80	0.3625000
NODE_17235_length_693_cov_8.077441	343	423	3	32	80	0.4000000
NODE_17235_length_693_cov_8.077441	343	423	4	16	80	0.2000000
NODE_17235_length_693_cov_8.077441	343	423	6	3	80	0.0375000
NODE_17235_length_693_cov_8.077441	396	476	3	8	80	0.1000000
NODE_17235_length_693_cov_8.077441	396	476	4	16	80	0.2000000
NODE_17235_length_693_cov_8.077441	396	476	6	56	80	0.7000000
NODE_17243_length_693_cov_3.680135	250	321	0	17	71	0.2394366
NODE_17243_length_693_cov_3.680135	250	321	2	54	71	0.7605634
NODE_17280_length_692_cov_33.416526	462	542	9	13	80	0.1625000
NODE_17280_length_692_cov_33.416526	462	542	10	6	80	0.0750000
NODE_17280_length_692_cov_33.416526	462	542	11	11	80	0.1375000
NODE_17280_length_692_cov_33.416526	462	542	12	28	80	0.3500000
NODE_17280_length_692_cov_33.416526	462	542	13	22	80	0.2750000
NODE_17280_length_692_cov_33.416526	515	595	8	1	80	0.0125000
NODE_17280_length_692_cov_33.416526	515	595	9	36	80	0.4500000
NODE_17280_length_692_cov_33.416526	515	595	10	10	80	0.1250000
NODE_17280_length_692_cov_33.416526	515	595	12	18	80	0.2250000
NODE_17280_length_692_cov_33.416526	515	595	13	15	80	0.1875000
NODE_17281_length_692_cov_17.559865	291	371	1	4	80	0.0500000
NODE_17281_length_692_cov_17.559865	291	371	3	76	80	0.9500000
NODE_17282_length_692_cov_15.070826	304	375	0	71	71	1.0000000
NODE_17283_length_692_cov_13.279933	308	388	8	21	80	0.2625000
NODE_17283_length_692_cov_13.279933	308	388	9	16	80	0.2000000
NODE_17283_length_692_cov_13.279933	308	388	10	38	80	0.4750000
NODE_17283_length_692_cov_13.279933	308	388	11	5	80	0.0625000
NODE_17283_length_692_cov_13.279933	361	441	2	2	80	0.0250000
NODE_17283_length_692_cov_13.279933	361	441	3	4	80	0.0500000
NODE_17283_length_692_cov_13.279933	361	441	4	19	80	0.2375000
NODE_17283_length_692_cov_13.279933	361	441	6	1	80	0.0125000
NODE_17283_length_692_cov_13.279933	361	441	7	8	80	0.1000000
NODE_17283_length_692_cov_13.279933	361	441	8	40	80	0.5000000
NODE_17283_length_692_cov_13.279933	361	441	9	6	80	0.0750000
NODE_17285_length_692_cov_10.750422	317	397	1	19	80	0.2375000
NODE_17285_length_692_cov_10.750422	317	397	3	43	80	0.5375000
NODE_17285_length_692_cov_10.750422	317	397	5	18	80	0.2250000
NODE_17287_length_692_cov_7.497470	175	255	7	5	80	0.0625000
NODE_17287_length_692_cov_7.497470	175	255	8	51	80	0.6375000
NODE_17287_length_692_cov_7.497470	175	255	9	3	80	0.0375000
NODE_17287_length_692_cov_7.497470	175	255	10	12	80	0.1500000
NODE_17287_length_692_cov_7.497470	175	255	11	3	80	0.0375000
NODE_17287_length_692_cov_7.497470	175	255	12	6	80	0.0750000
NODE_17287_length_692_cov_7.497470	228	312	6	27	84	0.3214286
NODE_17287_length_692_cov_7.497470	228	312	8	4	84	0.0476190
NODE_17287_length_692_cov_7.497470	228	312	9	3	84	0.0357143
NODE_17287_length_692_cov_7.497470	228	312	10	25	84	0.2976190
NODE_17287_length_692_cov_7.497470	228	312	11	19	84	0.2261905
NODE_17287_length_692_cov_7.497470	228	312	12	6	84	0.0714286
NODE_17289_length_692_cov_7.370995	235	315	0	26	80	0.3250000
NODE_17289_length_692_cov_7.370995	235	315	2	14	80	0.1750000
NODE_17289_length_692_cov_7.370995	235	315	4	40	80	0.5000000
NODE_17289_length_692_cov_7.370995	288	369	2	1	81	0.0123457
NODE_17289_length_692_cov_7.370995	288	369	4	80	81	0.9876543
NODE_17328_length_692_cov_1.514334	404	484	0	80	80	1.0000000
NODE_17350_length_691_cov_115.233108	276	356	1	63	80	0.7875000
NODE_17350_length_691_cov_115.233108	276	356	2	17	80	0.2125000
NODE_17350_length_691_cov_115.233108	329	409	1	24	80	0.3000000
NODE_17350_length_691_cov_115.233108	329	409	2	56	80	0.7000000
NODE_17350_length_691_cov_115.233108	405	485	1	1	80	0.0125000
NODE_17350_length_691_cov_115.233108	405	485	2	9	80	0.1125000
NODE_17350_length_691_cov_115.233108	405	485	4	11	80	0.1375000
NODE_17350_length_691_cov_115.233108	405	485	5	4	80	0.0500000
NODE_17350_length_691_cov_115.233108	405	485	6	2	80	0.0250000
NODE_17350_length_691_cov_115.233108	405	485	8	6	80	0.0750000
NODE_17350_length_691_cov_115.233108	405	485	9	14	80	0.1750000
NODE_17350_length_691_cov_115.233108	405	485	12	1	80	0.0125000
NODE_17350_length_691_cov_115.233108	405	485	15	32	80	0.4000000
NODE_17350_length_691_cov_115.233108	458	538	14	4	80	0.0500000
NODE_17350_length_691_cov_115.233108	458	538	15	33	80	0.4125000
NODE_17350_length_691_cov_115.233108	458	538	17	2	80	0.0250000
NODE_17350_length_691_cov_115.233108	458	538	18	2	80	0.0250000
NODE_17350_length_691_cov_115.233108	458	538	19	17	80	0.2125000
NODE_17350_length_691_cov_115.233108	458	538	20	7	80	0.0875000
NODE_17350_length_691_cov_115.233108	458	538	21	3	80	0.0375000
NODE_17350_length_691_cov_115.233108	458	538	23	1	80	0.0125000
NODE_17350_length_691_cov_115.233108	458	538	24	2	80	0.0250000
NODE_17350_length_691_cov_115.233108	458	538	25	2	80	0.0250000
NODE_17350_length_691_cov_115.233108	458	538	26	7	80	0.0875000
NODE_17351_length_691_cov_26.076014	188	268	1	6	80	0.0750000
NODE_17351_length_691_cov_26.076014	188	268	2	12	80	0.1500000
NODE_17351_length_691_cov_26.076014	188	268	3	10	80	0.1250000
NODE_17351_length_691_cov_26.076014	188	268	6	3	80	0.0375000
NODE_17351_length_691_cov_26.076014	188	268	7	1	80	0.0125000
NODE_17351_length_691_cov_26.076014	188	268	8	1	80	0.0125000
NODE_17351_length_691_cov_26.076014	188	268	9	1	80	0.0125000
NODE_17351_length_691_cov_26.076014	188	268	11	7	80	0.0875000
NODE_17351_length_691_cov_26.076014	188	268	12	11	80	0.1375000
NODE_17351_length_691_cov_26.076014	188	268	13	11	80	0.1375000
NODE_17351_length_691_cov_26.076014	188	268	14	7	80	0.0875000
NODE_17351_length_691_cov_26.076014	188	268	15	10	80	0.1250000
NODE_17351_length_691_cov_26.076014	241	321	13	10	80	0.1250000
NODE_17351_length_691_cov_26.076014	241	321	14	7	80	0.0875000
NODE_17351_length_691_cov_26.076014	241	321	15	20	80	0.2500000
NODE_17351_length_691_cov_26.076014	241	321	16	43	80	0.5375000
NODE_17352_length_691_cov_21.991554	288	368	0	80	80	1.0000000
NODE_17352_length_691_cov_21.991554	341	419	0	78	78	1.0000000
NODE_17353_length_691_cov_14.908784	226	306	2	6	80	0.0750000
NODE_17353_length_691_cov_14.908784	226	306	3	74	80	0.9250000
NODE_17353_length_691_cov_14.908784	279	359	2	10	80	0.1250000
NODE_17353_length_691_cov_14.908784	279	359	3	50	80	0.6250000
NODE_17353_length_691_cov_14.908784	279	359	4	20	80	0.2500000
NODE_17358_length_691_cov_5.670608	325	402	0	19	77	0.2467532
NODE_17358_length_691_cov_5.670608	325	402	1	58	77	0.7532467
NODE_17358_length_691_cov_5.670608	375	455	1	55	80	0.6875000
NODE_17358_length_691_cov_5.670608	375	455	2	25	80	0.3125000
NODE_17361_length_691_cov_4.866554	103	183	0	2	80	0.0250000
NODE_17361_length_691_cov_4.866554	103	183	1	17	80	0.2125000
NODE_17361_length_691_cov_4.866554	103	183	3	61	80	0.7625000
NODE_17361_length_691_cov_4.866554	156	236	3	34	80	0.4250000
NODE_17361_length_691_cov_4.866554	156	236	4	46	80	0.5750000
NODE_17367_length_691_cov_3.388514	304	384	0	80	80	1.0000000
NODE_17367_length_691_cov_3.388514	357	437	0	79	80	0.9875000
NODE_17367_length_691_cov_3.388514	357	437	1	1	80	0.0125000
NODE_17415_length_690_cov_39.538071	563	612	1	49	49	1.0000000
NODE_17415_length_690_cov_39.538071	598	678	0	32	80	0.4000000
NODE_17415_length_690_cov_39.538071	598	678	1	48	80	0.6000000
NODE_17415_length_690_cov_39.538071	651	690	0	39	39	1.0000000
NODE_17417_length_690_cov_30.336717	319	394	1	19	75	0.2533333
NODE_17417_length_690_cov_30.336717	319	394	2	16	75	0.2133333
NODE_17417_length_690_cov_30.336717	319	394	3	7	75	0.0933333
NODE_17417_length_690_cov_30.336717	319	394	4	2	75	0.0266667
NODE_17417_length_690_cov_30.336717	319	394	5	1	75	0.0133333
NODE_17417_length_690_cov_30.336717	319	394	7	8	75	0.1066667
NODE_17417_length_690_cov_30.336717	319	394	8	22	75	0.2933333
NODE_17417_length_690_cov_30.336717	372	453	7	34	81	0.4197531
NODE_17417_length_690_cov_30.336717	372	453	8	47	81	0.5802469
NODE_17417_length_690_cov_30.336717	449	529	0	7	80	0.0875000
NODE_17417_length_690_cov_30.336717	449	529	1	9	80	0.1125000
NODE_17417_length_690_cov_30.336717	449	529	2	4	80	0.0500000
NODE_17417_length_690_cov_30.336717	449	529	4	14	80	0.1750000
NODE_17417_length_690_cov_30.336717	449	529	5	11	80	0.1375000
NODE_17417_length_690_cov_30.336717	449	529	7	35	80	0.4375000
NODE_17417_length_690_cov_30.336717	502	582	0	60	80	0.7500000
NODE_17417_length_690_cov_30.336717	502	582	1	9	80	0.1125000
NODE_17417_length_690_cov_30.336717	502	582	2	4	80	0.0500000
NODE_17417_length_690_cov_30.336717	502	582	4	7	80	0.0875000
NODE_17418_length_690_cov_26.888325	270	350	0	80	80	1.0000000
NODE_17418_length_690_cov_26.888325	323	403	0	80	80	1.0000000
NODE_17419_length_690_cov_23.360406	131	211	0	80	80	1.0000000
NODE_17419_length_690_cov_23.360406	188	264	0	76	76	1.0000000
NODE_17420_length_690_cov_18.737733	316	396	2	9	80	0.1125000
NODE_17420_length_690_cov_18.737733	316	396	3	35	80	0.4375000
NODE_17420_length_690_cov_18.737733	316	396	4	7	80	0.0875000
NODE_17420_length_690_cov_18.737733	316	396	5	29	80	0.3625000
NODE_17420_length_690_cov_18.737733	369	449	3	59	80	0.7375000
NODE_17420_length_690_cov_18.737733	369	449	4	3	80	0.0375000
NODE_17420_length_690_cov_18.737733	369	449	5	18	80	0.2250000
NODE_17421_length_690_cov_16.593909	364	444	2	80	80	1.0000000
NODE_17421_length_690_cov_16.593909	417	497	2	80	80	1.0000000
NODE_17422_length_690_cov_12.896785	320	400	6	23	80	0.2875000
NODE_17422_length_690_cov_12.896785	320	400	9	21	80	0.2625000
NODE_17422_length_690_cov_12.896785	320	400	10	13	80	0.1625000
NODE_17422_length_690_cov_12.896785	320	400	11	6	80	0.0750000
NODE_17422_length_690_cov_12.896785	320	400	12	17	80	0.2125000
NODE_17422_length_690_cov_12.896785	373	453	7	21	80	0.2625000
NODE_17422_length_690_cov_12.896785	373	453	9	53	80	0.6625000
NODE_17422_length_690_cov_12.896785	373	453	11	4	80	0.0500000
NODE_17422_length_690_cov_12.896785	373	453	12	2	80	0.0250000
NODE_17423_length_690_cov_10.818951	349	429	0	80	80	1.0000000
NODE_17424_length_690_cov_7.015228	273	353	4	80	80	1.0000000
NODE_17424_length_690_cov_7.015228	326	406	4	80	80	1.0000000
NODE_17429_length_690_cov_4.793570	316	365	16	3	49	0.0612245
NODE_17429_length_690_cov_4.793570	316	365	17	3	49	0.0612245
NODE_17429_length_690_cov_4.793570	316	365	19	14	49	0.2857143
NODE_17429_length_690_cov_4.793570	316	365	20	29	49	0.5918368
NODE_17430_length_690_cov_4.717428	316	396	0	80	80	1.0000000
NODE_17430_length_690_cov_4.717428	369	449	0	80	80	1.0000000
NODE_17484_length_689_cov_45.984746	244	322	1	2	78	0.0256410
NODE_17484_length_689_cov_45.984746	244	322	2	6	78	0.0769231
NODE_17484_length_689_cov_45.984746	244	322	3	70	78	0.8974359
NODE_17484_length_689_cov_45.984746	297	377	3	62	80	0.7750000
NODE_17484_length_689_cov_45.984746	297	377	4	18	80	0.2250000
NODE_17485_length_689_cov_35.705085	436	516	13	3	80	0.0375000
NODE_17485_length_689_cov_35.705085	436	516	14	16	80	0.2000000
NODE_17485_length_689_cov_35.705085	436	516	15	16	80	0.2000000
NODE_17485_length_689_cov_35.705085	436	516	16	13	80	0.1625000
NODE_17485_length_689_cov_35.705085	436	516	17	4	80	0.0500000
NODE_17485_length_689_cov_35.705085	436	516	18	28	80	0.3500000
NODE_17485_length_689_cov_35.705085	489	569	11	5	80	0.0625000
NODE_17485_length_689_cov_35.705085	489	569	13	7	80	0.0875000
NODE_17485_length_689_cov_35.705085	489	569	14	14	80	0.1750000
NODE_17485_length_689_cov_35.705085	489	569	15	3	80	0.0375000
NODE_17485_length_689_cov_35.705085	489	569	16	35	80	0.4375000
NODE_17485_length_689_cov_35.705085	489	569	17	4	80	0.0500000
NODE_17485_length_689_cov_35.705085	489	569	18	12	80	0.1500000
NODE_17486_length_689_cov_25.372881	211	291	6	70	80	0.8750000
NODE_17486_length_689_cov_25.372881	211	291	7	10	80	0.1250000
NODE_17486_length_689_cov_25.372881	264	344	1	6	80	0.0750000
NODE_17486_length_689_cov_25.372881	264	344	4	7	80	0.0875000
NODE_17486_length_689_cov_25.372881	264	344	6	57	80	0.7125000
NODE_17486_length_689_cov_25.372881	264	344	7	10	80	0.1250000
NODE_17487_length_689_cov_20.138983	319	399	2	8	80	0.1000000
NODE_17487_length_689_cov_20.138983	319	399	3	15	80	0.1875000
NODE_17487_length_689_cov_20.138983	319	399	4	13	80	0.1625000
NODE_17487_length_689_cov_20.138983	319	399	5	34	80	0.4250000
NODE_17487_length_689_cov_20.138983	319	399	7	10	80	0.1250000
NODE_17487_length_689_cov_20.138983	372	452	5	17	80	0.2125000
NODE_17487_length_689_cov_20.138983	372	452	6	21	80	0.2625000
NODE_17487_length_689_cov_20.138983	372	452	7	42	80	0.5250000
NODE_17488_length_689_cov_14.377966	351	431	2	9	80	0.1125000
NODE_17488_length_689_cov_14.377966	351	431	3	71	80	0.8875000
NODE_17488_length_689_cov_14.377966	404	484	0	21	80	0.2625000
NODE_17488_length_689_cov_14.377966	404	484	1	22	80	0.2750000
NODE_17488_length_689_cov_14.377966	404	484	2	19	80	0.2375000
NODE_17488_length_689_cov_14.377966	404	484	3	18	80	0.2250000
NODE_17489_length_689_cov_9.477966	201	281	0	4	80	0.0500000
NODE_17489_length_689_cov_9.477966	201	281	2	76	80	0.9500000
NODE_17489_length_689_cov_9.477966	254	334	2	80	80	1.0000000
NODE_17491_length_689_cov_7.367797	122	207	1	18	85	0.2117647
NODE_17491_length_689_cov_7.367797	122	207	2	43	85	0.5058824
NODE_17491_length_689_cov_7.367797	122	207	3	24	85	0.2823530
NODE_17492_length_689_cov_6.649153	242	322	4	16	80	0.2000000
NODE_17492_length_689_cov_6.649153	242	322	5	35	80	0.4375000
NODE_17492_length_689_cov_6.649153	242	322	6	29	80	0.3625000
NODE_17492_length_689_cov_6.649153	295	375	3	7	80	0.0875000
NODE_17492_length_689_cov_6.649153	295	375	4	27	80	0.3375000
NODE_17492_length_689_cov_6.649153	295	375	5	4	80	0.0500000
NODE_17492_length_689_cov_6.649153	295	375	6	42	80	0.5250000
NODE_17504_length_689_cov_2.788136	128	208	1	65	80	0.8125000
NODE_17504_length_689_cov_2.788136	128	208	2	15	80	0.1875000
NODE_17504_length_689_cov_2.788136	181	261	1	76	80	0.9500000
NODE_17504_length_689_cov_2.788136	181	261	2	4	80	0.0500000
NODE_17548_length_688_cov_52.256367	198	278	1	5	80	0.0625000
NODE_17548_length_688_cov_52.256367	198	278	2	13	80	0.1625000
NODE_17548_length_688_cov_52.256367	198	278	4	27	80	0.3375000
NODE_17548_length_688_cov_52.256367	198	278	5	12	80	0.1500000
NODE_17548_length_688_cov_52.256367	198	278	7	23	80	0.2875000
NODE_17548_length_688_cov_52.256367	251	331	5	4	80	0.0500000
NODE_17548_length_688_cov_52.256367	251	331	7	40	80	0.5000000
NODE_17548_length_688_cov_52.256367	251	331	8	3	80	0.0375000
NODE_17548_length_688_cov_52.256367	251	331	9	33	80	0.4125000
NODE_17549_length_688_cov_37.563667	373	453	2	2	80	0.0250000
NODE_17549_length_688_cov_37.563667	373	453	3	45	80	0.5625000
NODE_17549_length_688_cov_37.563667	373	453	4	33	80	0.4125000
NODE_17549_length_688_cov_37.563667	426	506	0	44	80	0.5500000
NODE_17549_length_688_cov_37.563667	426	506	1	1	80	0.0125000
NODE_17549_length_688_cov_37.563667	426	506	3	35	80	0.4375000
NODE_17549_length_688_cov_37.563667	514	594	0	80	80	1.0000000
NODE_17549_length_688_cov_37.563667	514	594	0	80	80	1.0000000
NODE_17549_length_688_cov_37.563667	514	584	0	70	70	1.0000000
NODE_17549_length_688_cov_37.563667	567	647	0	80	80	1.0000000
NODE_17549_length_688_cov_37.563667	567	646	0	79	79	1.0000000
NODE_17550_length_688_cov_33.898132	373	453	4	27	80	0.3375000
NODE_17550_length_688_cov_33.898132	373	453	5	17	80	0.2125000
NODE_17550_length_688_cov_33.898132	373	453	7	36	80	0.4500000
NODE_17550_length_688_cov_33.898132	426	506	3	16	80	0.2000000
NODE_17550_length_688_cov_33.898132	426	506	4	3	80	0.0375000
NODE_17550_length_688_cov_33.898132	426	506	6	4	80	0.0500000
NODE_17550_length_688_cov_33.898132	426	506	7	57	80	0.7125000
NODE_17551_length_688_cov_26.769100	457	537	0	17	80	0.2125000
NODE_17551_length_688_cov_26.769100	457	537	2	63	80	0.7875000
NODE_17551_length_688_cov_26.769100	510	590	0	70	80	0.8750000
NODE_17551_length_688_cov_26.769100	510	590	2	10	80	0.1250000
NODE_17552_length_688_cov_22.517827	332	412	3	5	80	0.0625000
NODE_17552_length_688_cov_22.517827	332	412	4	15	80	0.1875000
NODE_17552_length_688_cov_22.517827	332	412	6	60	80	0.7500000
NODE_17552_length_688_cov_22.517827	385	465	3	3	80	0.0375000
NODE_17552_length_688_cov_22.517827	385	465	4	29	80	0.3625000
NODE_17552_length_688_cov_22.517827	385	465	5	5	80	0.0625000
NODE_17552_length_688_cov_22.517827	385	465	6	43	80	0.5375000
NODE_17553_length_688_cov_16.796265	225	305	0	80	80	1.0000000
NODE_17553_length_688_cov_16.796265	278	358	0	80	80	1.0000000
NODE_17555_length_688_cov_13.758913	378	458	4	79	80	0.9875000
NODE_17555_length_688_cov_13.758913	378	458	5	1	80	0.0125000
NODE_17555_length_688_cov_13.758913	431	511	1	29	80	0.3625000
NODE_17555_length_688_cov_13.758913	431	511	3	4	80	0.0500000
NODE_17555_length_688_cov_13.758913	431	511	4	47	80	0.5875000
NODE_17556_length_688_cov_12.511036	330	410	3	47	80	0.5875000
NODE_17556_length_688_cov_12.511036	330	410	4	33	80	0.4125000
NODE_17556_length_688_cov_12.511036	383	463	0	14	80	0.1750000
NODE_17556_length_688_cov_12.511036	383	463	1	27	80	0.3375000
NODE_17556_length_688_cov_12.511036	383	463	2	11	80	0.1375000
NODE_17556_length_688_cov_12.511036	383	463	3	28	80	0.3500000
NODE_17561_length_688_cov_5.446520	366	414	0	4	48	0.0833333
NODE_17561_length_688_cov_5.446520	366	414	2	44	48	0.9166667
NODE_17567_length_688_cov_3.692699	265	345	3	80	80	1.0000000
NODE_17567_length_688_cov_3.692699	322	380	1	24	58	0.4137931
NODE_17567_length_688_cov_3.692699	322	380	3	34	58	0.5862069
NODE_17621_length_687_cov_50.214286	430	510	1	36	80	0.4500000
NODE_17621_length_687_cov_50.214286	430	510	2	44	80	0.5500000
NODE_17621_length_687_cov_50.214286	483	563	2	80	80	1.0000000
NODE_17622_length_687_cov_32.564626	204	284	4	23	80	0.2875000
NODE_17622_length_687_cov_32.564626	204	284	5	57	80	0.7125000
NODE_17622_length_687_cov_32.564626	257	337	4	11	80	0.1375000
NODE_17622_length_687_cov_32.564626	257	337	5	69	80	0.8625000
NODE_17623_length_687_cov_22.365646	231	311	1	80	80	1.0000000
NODE_17623_length_687_cov_22.365646	284	364	0	13	80	0.1625000
NODE_17623_length_687_cov_22.365646	284	364	1	67	80	0.8375000
NODE_17626_length_687_cov_11.943878	233	313	0	25	80	0.3125000
NODE_17626_length_687_cov_11.943878	233	313	2	55	80	0.6875000
NODE_17626_length_687_cov_11.943878	286	366	0	7	80	0.0875000
NODE_17626_length_687_cov_11.943878	286	366	2	73	80	0.9125000
NODE_17627_length_687_cov_7.865646	311	391	0	28	80	0.3500000
NODE_17627_length_687_cov_7.865646	311	391	2	52	80	0.6500000
NODE_17627_length_687_cov_7.865646	364	444	2	80	80	1.0000000
NODE_17628_length_687_cov_7.353741	286	366	0	74	80	0.9250000
NODE_17628_length_687_cov_7.353741	286	366	2	6	80	0.0750000
NODE_17628_length_687_cov_7.353741	339	419	0	21	80	0.2625000
NODE_17628_length_687_cov_7.353741	339	419	2	59	80	0.7375000
NODE_17631_length_687_cov_5.903061	369	449	0	80	80	1.0000000
NODE_17631_length_687_cov_5.903061	422	502	0	80	80	1.0000000
NODE_17695_length_686_cov_34.642249	355	440	3	8	85	0.0941176
NODE_17695_length_686_cov_34.642249	355	440	4	5	85	0.0588235
NODE_17695_length_686_cov_34.642249	355	440	5	43	85	0.5058824
NODE_17695_length_686_cov_34.642249	355	440	6	19	85	0.2235294
NODE_17695_length_686_cov_34.642249	355	440	7	3	85	0.0352941
NODE_17695_length_686_cov_34.642249	355	440	8	7	85	0.0823529
NODE_17695_length_686_cov_34.642249	413	493	5	7	80	0.0875000
NODE_17695_length_686_cov_34.642249	413	493	6	10	80	0.1250000
NODE_17695_length_686_cov_34.642249	413	493	7	17	80	0.2125000
NODE_17695_length_686_cov_34.642249	413	493	8	46	80	0.5750000
NODE_17697_length_686_cov_26.357751	413	493	3	80	80	1.0000000
NODE_17697_length_686_cov_26.357751	466	546	2	14	80	0.1750000
NODE_17697_length_686_cov_26.357751	466	546	3	39	80	0.4875000
NODE_17697_length_686_cov_26.357751	466	546	4	27	80	0.3375000
NODE_17698_length_686_cov_16.715503	400	480	4	25	80	0.3125000
NODE_17698_length_686_cov_16.715503	400	480	5	38	80	0.4750000
NODE_17698_length_686_cov_16.715503	400	480	6	17	80	0.2125000
NODE_17698_length_686_cov_16.715503	453	533	1	1	80	0.0125000
NODE_17698_length_686_cov_16.715503	453	533	2	12	80	0.1500000
NODE_17698_length_686_cov_16.715503	453	533	4	45	80	0.5625000
NODE_17698_length_686_cov_16.715503	453	533	5	22	80	0.2750000
NODE_17757_length_685_cov_8.769625	178	258	0	8	80	0.1000000
NODE_17757_length_685_cov_8.769625	178	258	1	72	80	0.9000000
NODE_17757_length_685_cov_8.769625	222	250	1	28	28	1.0000000
NODE_17757_length_685_cov_8.769625	231	311	0	61	80	0.7625000
NODE_17757_length_685_cov_8.769625	231	311	1	19	80	0.2375000
NODE_17764_length_685_cov_4.447099	249	329	0	15	80	0.1875000
NODE_17764_length_685_cov_4.447099	249	329	2	65	80	0.8125000
NODE_17764_length_685_cov_4.447099	302	382	0	68	80	0.8500000
NODE_17764_length_685_cov_4.447099	302	382	2	12	80	0.1500000
NODE_17768_length_685_cov_3.556314	338	418	1	8	80	0.1000000
NODE_17768_length_685_cov_3.556314	338	418	2	72	80	0.9000000
NODE_17768_length_685_cov_3.556314	391	471	0	44	80	0.5500000
NODE_17768_length_685_cov_3.556314	391	471	1	17	80	0.2125000
NODE_17768_length_685_cov_3.556314	391	471	2	19	80	0.2375000
NODE_17821_length_684_cov_7.521368	189	269	2	19	80	0.2375000
NODE_17821_length_684_cov_7.521368	189	269	4	61	80	0.7625000
NODE_17821_length_684_cov_7.521368	242	322	4	80	80	1.0000000
NODE_17832_length_684_cov_3.639316	306	386	1	80	80	1.0000000
NODE_17832_length_684_cov_3.639316	359	439	1	36	80	0.4500000
NODE_17832_length_684_cov_3.639316	359	439	2	44	80	0.5500000
NODE_17866_length_683_cov_27.493151	346	426	2	11	80	0.1375000
NODE_17866_length_683_cov_27.493151	346	426	4	9	80	0.1125000
NODE_17866_length_683_cov_27.493151	346	426	6	42	80	0.5250000
NODE_17866_length_683_cov_27.493151	346	426	7	18	80	0.2250000
NODE_17866_length_683_cov_27.493151	399	479	5	2	80	0.0250000
NODE_17866_length_683_cov_27.493151	399	479	6	45	80	0.5625000
NODE_17866_length_683_cov_27.493151	399	479	7	33	80	0.4125000
NODE_17867_length_683_cov_12.880137	242	321	0	79	79	1.0000000
NODE_17868_length_683_cov_11.772260	218	274	2	4	56	0.0714286
NODE_17868_length_683_cov_11.772260	218	274	4	52	56	0.9285714
NODE_17868_length_683_cov_11.772260	247	333	4	86	86	1.0000000
NODE_17869_length_683_cov_9.936644	435	515	0	1	80	0.0125000
NODE_17869_length_683_cov_9.936644	435	515	1	48	80	0.6000000
NODE_17869_length_683_cov_9.936644	435	515	2	31	80	0.3875000
NODE_17869_length_683_cov_9.936644	488	568	2	80	80	1.0000000
NODE_17871_length_683_cov_9.017123	296	364	2	51	68	0.7500000
NODE_17871_length_683_cov_9.017123	296	364	4	17	68	0.2500000
NODE_17871_length_683_cov_9.017123	337	417	2	80	80	1.0000000
NODE_17873_length_683_cov_6.797945	359	415	0	56	56	1.0000000
NODE_17884_length_683_cov_3.176370	113	186	0	73	73	1.0000000
NODE_17947_length_682_cov_33.516295	423	503	1	29	80	0.3625000
NODE_17947_length_682_cov_33.516295	423	503	2	51	80	0.6375000
NODE_17947_length_682_cov_33.516295	476	556	2	80	80	1.0000000
NODE_17948_length_682_cov_27.022298	479	559	0	80	80	1.0000000
NODE_17948_length_682_cov_27.022298	532	612	0	80	80	1.0000000
NODE_17949_length_682_cov_19.612350	434	514	2	5	80	0.0625000
NODE_17949_length_682_cov_19.612350	434	514	4	75	80	0.9375000
NODE_17949_length_682_cov_19.612350	487	567	0	32	80	0.4000000
NODE_17949_length_682_cov_19.612350	487	567	2	26	80	0.3250000
NODE_17949_length_682_cov_19.612350	487	567	4	22	80	0.2750000
NODE_17950_length_682_cov_16.620926	261	341	5	13	80	0.1625000
NODE_17950_length_682_cov_16.620926	261	341	6	23	80	0.2875000
NODE_17950_length_682_cov_16.620926	261	341	7	32	80	0.4000000
NODE_17950_length_682_cov_16.620926	261	341	8	12	80	0.1500000
NODE_17950_length_682_cov_16.620926	314	394	6	35	80	0.4375000
NODE_17950_length_682_cov_16.620926	314	394	7	10	80	0.1250000
NODE_17950_length_682_cov_16.620926	314	394	8	35	80	0.4375000
NODE_17951_length_682_cov_13.735849	251	331	0	80	80	1.0000000
NODE_17951_length_682_cov_13.735849	304	384	0	80	80	1.0000000
NODE_17952_length_682_cov_12.835334	228	308	2	3	80	0.0375000
NODE_17952_length_682_cov_12.835334	228	308	3	43	80	0.5375000
NODE_17952_length_682_cov_12.835334	228	308	5	32	80	0.4000000
NODE_17952_length_682_cov_12.835334	228	308	6	2	80	0.0250000
NODE_17952_length_682_cov_12.835334	281	361	5	28	80	0.3500000
NODE_17952_length_682_cov_12.835334	281	361	6	52	80	0.6500000
NODE_17956_length_682_cov_7.504288	224	304	4	32	80	0.4000000
NODE_17956_length_682_cov_7.504288	224	304	6	8	80	0.1000000
NODE_17956_length_682_cov_7.504288	224	304	7	40	80	0.5000000
NODE_17956_length_682_cov_7.504288	277	357	5	2	80	0.0250000
NODE_17956_length_682_cov_7.504288	277	357	6	9	80	0.1125000
NODE_17956_length_682_cov_7.504288	277	357	7	36	80	0.4500000
NODE_17956_length_682_cov_7.504288	277	357	8	33	80	0.4125000
NODE_17960_length_682_cov_5.102916	314	351	0	37	37	1.0000000
NODE_17963_length_682_cov_4.579760	152	232	0	80	80	1.0000000
NODE_17963_length_682_cov_4.579760	205	285	0	80	80	1.0000000
NODE_17967_length_682_cov_4.006861	317	397	0	80	80	1.0000000
NODE_17967_length_682_cov_4.006861	370	450	0	80	80	1.0000000
NODE_17968_length_682_cov_3.859348	160	240	0	80	80	1.0000000
NODE_17968_length_682_cov_3.859348	213	293	0	80	80	1.0000000
NODE_18010_length_681_cov_51.810997	181	261	3	12	80	0.1500000
NODE_18010_length_681_cov_51.810997	181	261	5	35	80	0.4375000
NODE_18010_length_681_cov_51.810997	181	261	6	33	80	0.4125000
NODE_18010_length_681_cov_51.810997	234	316	1	43	82	0.5243902
NODE_18010_length_681_cov_51.810997	234	316	3	24	82	0.2926829
NODE_18010_length_681_cov_51.810997	234	316	5	15	82	0.1829268
NODE_18011_length_681_cov_32.128866	347	427	3	5	80	0.0625000
NODE_18011_length_681_cov_32.128866	347	427	4	2	80	0.0250000
NODE_18011_length_681_cov_32.128866	347	427	6	2	80	0.0250000
NODE_18011_length_681_cov_32.128866	347	427	8	71	80	0.8875000
NODE_18011_length_681_cov_32.128866	400	475	0	7	75	0.0933333
NODE_18011_length_681_cov_32.128866	400	475	1	15	75	0.2000000
NODE_18011_length_681_cov_32.128866	400	475	2	1	75	0.0133333
NODE_18011_length_681_cov_32.128866	400	475	3	30	75	0.4000000
NODE_18011_length_681_cov_32.128866	400	475	4	2	75	0.0266667
NODE_18011_length_681_cov_32.128866	400	475	8	20	75	0.2666667
NODE_18012_length_681_cov_19.079038	282	362	5	3	80	0.0375000
NODE_18012_length_681_cov_19.079038	282	362	6	23	80	0.2875000
NODE_18012_length_681_cov_19.079038	282	362	8	19	80	0.2375000
NODE_18012_length_681_cov_19.079038	282	362	10	32	80	0.4000000
NODE_18012_length_681_cov_19.079038	282	362	11	3	80	0.0375000
NODE_18012_length_681_cov_19.079038	335	415	6	13	80	0.1625000
NODE_18012_length_681_cov_19.079038	335	415	7	14	80	0.1750000
NODE_18012_length_681_cov_19.079038	335	415	9	9	80	0.1125000
NODE_18012_length_681_cov_19.079038	335	415	10	24	80	0.3000000
NODE_18012_length_681_cov_19.079038	335	415	11	20	80	0.2500000
NODE_18013_length_681_cov_17.053265	294	374	3	21	80	0.2625000
NODE_18013_length_681_cov_17.053265	294	374	4	59	80	0.7375000
NODE_18013_length_681_cov_17.053265	347	427	3	37	80	0.4625000
NODE_18013_length_681_cov_17.053265	347	427	4	43	80	0.5375000
NODE_18014_length_681_cov_11.183849	306	386	3	55	80	0.6875000
NODE_18014_length_681_cov_11.183849	306	386	4	25	80	0.3125000
NODE_18014_length_681_cov_11.183849	359	439	1	43	80	0.5375000
NODE_18014_length_681_cov_11.183849	359	439	3	37	80	0.4625000
NODE_18015_length_681_cov_8.065292	236	316	0	80	80	1.0000000
NODE_18015_length_681_cov_8.065292	289	369	0	80	80	1.0000000
NODE_18017_length_681_cov_6.888316	344	424	0	80	80	1.0000000
NODE_18017_length_681_cov_6.888316	397	477	0	80	80	1.0000000
NODE_18080_length_680_cov_35.695353	348	428	7	4	80	0.0500000
NODE_18080_length_680_cov_35.695353	348	428	8	28	80	0.3500000
NODE_18080_length_680_cov_35.695353	348	428	9	48	80	0.6000000
NODE_18080_length_680_cov_35.695353	401	481	4	26	80	0.3250000
NODE_18080_length_680_cov_35.695353	401	481	5	12	80	0.1500000
NODE_18080_length_680_cov_35.695353	401	481	6	3	80	0.0375000
NODE_18080_length_680_cov_35.695353	401	481	8	20	80	0.2500000
NODE_18080_length_680_cov_35.695353	401	481	9	19	80	0.2375000
NODE_18081_length_680_cov_17.500861	296	376	0	80	80	1.0000000
NODE_18081_length_680_cov_17.500861	349	429	0	80	80	1.0000000
NODE_18082_length_680_cov_16.685026	260	340	0	13	80	0.1625000
NODE_18082_length_680_cov_16.685026	260	340	2	67	80	0.8375000
NODE_18082_length_680_cov_16.685026	313	393	2	80	80	1.0000000
NODE_18083_length_680_cov_15.345955	332	412	4	6	80	0.0750000
NODE_18083_length_680_cov_15.345955	332	412	6	37	80	0.4625000
NODE_18083_length_680_cov_15.345955	332	412	7	9	80	0.1125000
NODE_18083_length_680_cov_15.345955	332	412	8	7	80	0.0875000
NODE_18083_length_680_cov_15.345955	332	412	9	19	80	0.2375000
NODE_18083_length_680_cov_15.345955	332	412	11	2	80	0.0250000
NODE_18083_length_680_cov_15.345955	385	465	8	6	80	0.0750000
NODE_18083_length_680_cov_15.345955	385	465	9	19	80	0.2375000
NODE_18083_length_680_cov_15.345955	385	465	10	16	80	0.2000000
NODE_18083_length_680_cov_15.345955	385	465	11	39	80	0.4875000
NODE_18089_length_680_cov_3.858864	458	538	0	55	80	0.6875000
NODE_18089_length_680_cov_3.858864	458	538	2	25	80	0.3125000
NODE_18107_length_680_cov_1.879518	236	256	0	20	20	1.0000000
NODE_18146_length_679_cov_52.046552	367	447	7	56	80	0.7000000
NODE_18146_length_679_cov_52.046552	367	447	8	2	80	0.0250000
NODE_18146_length_679_cov_52.046552	367	447	9	22	80	0.2750000
NODE_18146_length_679_cov_52.046552	420	500	5	32	80	0.4000000
NODE_18146_length_679_cov_52.046552	420	500	6	7	80	0.0875000
NODE_18146_length_679_cov_52.046552	420	500	7	23	80	0.2875000
NODE_18146_length_679_cov_52.046552	420	500	9	18	80	0.2250000
NODE_18147_length_679_cov_40.353448	179	259	1	21	80	0.2625000
NODE_18147_length_679_cov_40.353448	179	259	3	59	80	0.7375000
NODE_18147_length_679_cov_40.353448	232	312	3	51	80	0.6375000
NODE_18147_length_679_cov_40.353448	232	312	4	14	80	0.1750000
NODE_18147_length_679_cov_40.353448	232	312	5	5	80	0.0625000
NODE_18147_length_679_cov_40.353448	232	312	6	10	80	0.1250000
NODE_18148_length_679_cov_38.144828	364	428	4	30	64	0.4687500
NODE_18148_length_679_cov_38.144828	364	428	5	12	64	0.1875000
NODE_18148_length_679_cov_38.144828	364	428	6	4	64	0.0625000
NODE_18148_length_679_cov_38.144828	364	428	7	16	64	0.2500000
NODE_18148_length_679_cov_38.144828	364	428	8	2	64	0.0312500
NODE_18148_length_679_cov_38.144828	401	481	4	5	80	0.0625000
NODE_18148_length_679_cov_38.144828	401	481	5	33	80	0.4125000
NODE_18148_length_679_cov_38.144828	401	481	6	4	80	0.0500000
NODE_18148_length_679_cov_38.144828	401	481	7	36	80	0.4500000
NODE_18148_length_679_cov_38.144828	401	481	8	2	80	0.0250000
NODE_18149_length_679_cov_17.134483	277	357	1	12	80	0.1500000
NODE_18149_length_679_cov_17.134483	277	357	2	68	80	0.8500000
NODE_18149_length_679_cov_17.134483	330	410	2	80	80	1.0000000
NODE_18150_length_679_cov_15.046552	310	375	5	65	65	1.0000000
NODE_18151_length_679_cov_12.586207	247	327	4	10	80	0.1250000
NODE_18151_length_679_cov_12.586207	247	327	6	23	80	0.2875000
NODE_18151_length_679_cov_12.586207	247	327	7	47	80	0.5875000
NODE_18151_length_679_cov_12.586207	303	381	6	32	78	0.4102564
NODE_18151_length_679_cov_12.586207	303	381	7	46	78	0.5897436
NODE_18152_length_679_cov_12.282759	337	417	0	15	80	0.1875000
NODE_18152_length_679_cov_12.282759	337	417	2	17	80	0.2125000
NODE_18152_length_679_cov_12.282759	337	417	3	48	80	0.6000000
NODE_18152_length_679_cov_12.282759	390	470	2	13	80	0.1625000
NODE_18152_length_679_cov_12.282759	390	470	3	57	80	0.7125000
NODE_18152_length_679_cov_12.282759	390	470	4	10	80	0.1250000
NODE_18153_length_679_cov_11.532759	205	285	0	80	80	1.0000000
NODE_18153_length_679_cov_11.532759	258	338	0	80	80	1.0000000
NODE_18155_length_679_cov_8.043103	269	341	0	72	72	1.0000000
NODE_18155_length_679_cov_8.043103	314	394	0	80	80	1.0000000
NODE_18156_length_679_cov_7.267241	191	271	0	27	80	0.3375000
NODE_18156_length_679_cov_7.267241	191	271	2	18	80	0.2250000
NODE_18156_length_679_cov_7.267241	191	271	3	14	80	0.1750000
NODE_18156_length_679_cov_7.267241	191	271	4	21	80	0.2625000
NODE_18156_length_679_cov_7.267241	244	324	3	6	80	0.0750000
NODE_18156_length_679_cov_7.267241	244	324	4	74	80	0.9250000
NODE_18162_length_679_cov_5.391379	279	331	2	52	52	1.0000000
NODE_18164_length_679_cov_3.813793	10	69	0	59	59	1.0000000
NODE_18164_length_679_cov_3.813793	48	122	0	74	74	1.0000000
NODE_18217_length_678_cov_38.910190	252	332	1	10	80	0.1250000
NODE_18217_length_678_cov_38.910190	252	332	2	59	80	0.7375000
NODE_18217_length_678_cov_38.910190	252	332	3	5	80	0.0625000
NODE_18217_length_678_cov_38.910190	252	332	5	6	80	0.0750000
NODE_18217_length_678_cov_38.910190	305	385	2	16	80	0.2000000
NODE_18217_length_678_cov_38.910190	305	385	3	5	80	0.0625000
NODE_18217_length_678_cov_38.910190	305	385	5	37	80	0.4625000
NODE_18217_length_678_cov_38.910190	305	385	6	22	80	0.2750000
NODE_18217_length_678_cov_38.910190	381	461	5	2	80	0.0250000
NODE_18217_length_678_cov_38.910190	381	461	6	32	80	0.4000000
NODE_18217_length_678_cov_38.910190	381	461	7	45	80	0.5625000
NODE_18217_length_678_cov_38.910190	381	461	8	1	80	0.0125000
NODE_18217_length_678_cov_38.910190	434	514	4	1	80	0.0125000
NODE_18217_length_678_cov_38.910190	434	514	5	42	80	0.5250000
NODE_18217_length_678_cov_38.910190	434	514	6	5	80	0.0625000
NODE_18217_length_678_cov_38.910190	434	514	7	26	80	0.3250000
NODE_18217_length_678_cov_38.910190	434	514	8	6	80	0.0750000
NODE_18218_length_678_cov_20.663212	243	323	3	23	80	0.2875000
NODE_18218_length_678_cov_20.663212	243	323	4	53	80	0.6625000
NODE_18218_length_678_cov_20.663212	243	323	5	4	80	0.0500000
NODE_18218_length_678_cov_20.663212	296	376	2	28	80	0.3500000
NODE_18218_length_678_cov_20.663212	296	376	3	32	80	0.4000000
NODE_18218_length_678_cov_20.663212	296	376	4	20	80	0.2500000
NODE_18219_length_678_cov_12.081174	243	323	0	80	80	1.0000000
NODE_18219_length_678_cov_12.081174	296	376	0	80	80	1.0000000
NODE_18224_length_678_cov_6.559585	195	264	0	51	69	0.7391304
NODE_18224_length_678_cov_6.559585	195	264	2	12	69	0.1739130
NODE_18224_length_678_cov_6.559585	195	264	3	6	69	0.0869565
NODE_18224_length_678_cov_6.559585	237	317	0	9	80	0.1125000
NODE_18224_length_678_cov_6.559585	237	317	2	12	80	0.1500000
NODE_18224_length_678_cov_6.559585	237	317	3	59	80	0.7375000
NODE_18228_length_678_cov_4.462867	133	213	1	13	80	0.1625000
NODE_18228_length_678_cov_4.462867	133	213	2	66	80	0.8250000
NODE_18228_length_678_cov_4.462867	133	213	3	1	80	0.0125000
NODE_18228_length_678_cov_4.462867	186	266	1	66	80	0.8250000
NODE_18228_length_678_cov_4.462867	186	266	2	13	80	0.1625000
NODE_18228_length_678_cov_4.462867	186	266	3	1	80	0.0125000
NODE_18239_length_678_cov_2.716753	351	431	0	80	80	1.0000000
NODE_18239_length_678_cov_2.716753	404	484	0	80	80	1.0000000
NODE_18289_length_677_cov_22.235294	274	354	0	11	80	0.1375000
NODE_18289_length_677_cov_22.235294	274	354	1	69	80	0.8625000
NODE_18289_length_677_cov_22.235294	327	407	0	64	80	0.8000000
NODE_18289_length_677_cov_22.235294	327	407	1	16	80	0.2000000
NODE_18290_length_677_cov_16.410035	124	206	0	69	82	0.8414634
NODE_18290_length_677_cov_16.410035	124	206	1	6	82	0.0731707
NODE_18290_length_677_cov_16.410035	124	206	2	7	82	0.0853659
NODE_18290_length_677_cov_16.410035	177	261	0	16	84	0.1904762
NODE_18290_length_677_cov_16.410035	177	261	1	6	84	0.0714286
NODE_18290_length_677_cov_16.410035	177	261	2	62	84	0.7380952
NODE_18291_length_677_cov_11.031142	393	473	1	39	80	0.4875000
NODE_18291_length_677_cov_11.031142	393	473	2	41	80	0.5125000
NODE_18291_length_677_cov_11.031142	446	526	1	46	80	0.5750000
NODE_18291_length_677_cov_11.031142	446	526	2	34	80	0.4250000
NODE_18292_length_677_cov_10.129758	258	338	0	80	80	1.0000000
NODE_18292_length_677_cov_10.129758	311	391	0	80	80	1.0000000
NODE_18295_length_677_cov_6.660900	217	297	0	80	80	1.0000000
NODE_18297_length_677_cov_5.228374	366	446	0	54	80	0.6750000
NODE_18297_length_677_cov_5.228374	366	446	2	26	80	0.3250000
NODE_18312_length_677_cov_2.306228	230	278	0	48	48	1.0000000
NODE_18329_length_677_cov_1.709343	369	449	0	80	80	1.0000000
NODE_18329_length_677_cov_1.709343	422	502	0	80	80	1.0000000
NODE_18368_length_676_cov_66.473137	286	366	0	80	80	1.0000000
NODE_18368_length_676_cov_66.473137	339	419	0	43	80	0.5375000
NODE_18368_length_676_cov_66.473137	339	419	1	1	80	0.0125000
NODE_18368_length_676_cov_66.473137	339	419	3	1	80	0.0125000
NODE_18368_length_676_cov_66.473137	339	419	4	2	80	0.0250000
NODE_18368_length_676_cov_66.473137	339	419	5	2	80	0.0250000
NODE_18368_length_676_cov_66.473137	339	419	6	1	80	0.0125000
NODE_18368_length_676_cov_66.473137	339	419	7	3	80	0.0375000
NODE_18368_length_676_cov_66.473137	339	419	9	9	80	0.1125000
NODE_18368_length_676_cov_66.473137	339	419	10	16	80	0.2000000
NODE_18368_length_676_cov_66.473137	339	419	11	2	80	0.0250000
NODE_18368_length_676_cov_66.473137	383	419	3	1	36	0.0277778
NODE_18368_length_676_cov_66.473137	383	419	4	2	36	0.0555556
NODE_18368_length_676_cov_66.473137	383	419	5	2	36	0.0555556
NODE_18368_length_676_cov_66.473137	383	419	6	1	36	0.0277778
NODE_18368_length_676_cov_66.473137	383	419	7	3	36	0.0833333
NODE_18368_length_676_cov_66.473137	383	419	9	9	36	0.2500000
NODE_18368_length_676_cov_66.473137	383	419	10	16	36	0.4444444
NODE_18368_length_676_cov_66.473137	383	419	11	2	36	0.0555556
NODE_18368_length_676_cov_66.473137	383	419	3	1	36	0.0277778
NODE_18368_length_676_cov_66.473137	383	419	4	2	36	0.0555556
NODE_18368_length_676_cov_66.473137	383	419	5	2	36	0.0555556
NODE_18368_length_676_cov_66.473137	383	419	6	1	36	0.0277778
NODE_18368_length_676_cov_66.473137	383	419	7	3	36	0.0833333
NODE_18368_length_676_cov_66.473137	383	419	9	9	36	0.2500000
NODE_18368_length_676_cov_66.473137	383	419	10	16	36	0.4444444
NODE_18368_length_676_cov_66.473137	383	419	11	2	36	0.0555556
NODE_18368_length_676_cov_66.473137	398	419	9	3	21	0.1428571
NODE_18368_length_676_cov_66.473137	398	419	10	16	21	0.7619048
NODE_18368_length_676_cov_66.473137	398	419	11	2	21	0.0952381
NODE_18369_length_676_cov_14.429809	259	330	0	13	71	0.1830986
NODE_18369_length_676_cov_14.429809	259	330	2	58	71	0.8169014
NODE_18370_length_676_cov_13.882149	292	372	2	80	80	1.0000000
NODE_18370_length_676_cov_13.882149	345	425	0	6	80	0.0750000
NODE_18370_length_676_cov_13.882149	345	425	2	33	80	0.4125000
NODE_18370_length_676_cov_13.882149	345	425	3	41	80	0.5125000
NODE_18374_length_676_cov_7.225303	363	443	0	80	80	1.0000000
NODE_18374_length_676_cov_7.225303	416	496	0	80	80	1.0000000
NODE_18375_length_676_cov_6.740035	373	433	0	60	60	1.0000000
NODE_18375_length_676_cov_6.740035	406	486	0	80	80	1.0000000
NODE_18378_length_676_cov_4.658579	167	240	0	47	73	0.6438356
NODE_18378_length_676_cov_4.658579	167	240	1	2	73	0.0273973
NODE_18378_length_676_cov_4.658579	167	240	2	24	73	0.3287671
NODE_18397_length_676_cov_2.292894	146	226	0	80	80	1.0000000
NODE_18401_length_676_cov_2.157712	175	226	2	51	51	1.0000000
NODE_18417_length_676_cov_1.547660	133	164	0	31	31	1.0000000
NODE_18447_length_675_cov_27.574653	190	270	0	21	80	0.2625000
NODE_18447_length_675_cov_27.574653	190	270	2	59	80	0.7375000
NODE_18447_length_675_cov_27.574653	243	323	2	48	80	0.6000000
NODE_18447_length_675_cov_27.574653	243	323	3	1	80	0.0125000
NODE_18447_length_675_cov_27.574653	243	323	4	31	80	0.3875000
NODE_18448_length_675_cov_11.895833	336	416	3	49	80	0.6125000
NODE_18448_length_675_cov_11.895833	336	416	4	31	80	0.3875000
NODE_18448_length_675_cov_11.895833	389	469	1	26	80	0.3250000
NODE_18448_length_675_cov_11.895833	389	469	2	3	80	0.0375000
NODE_18448_length_675_cov_11.895833	389	469	3	40	80	0.5000000
NODE_18448_length_675_cov_11.895833	389	469	4	11	80	0.1375000
NODE_18449_length_675_cov_8.157986	414	494	2	7	80	0.0875000
NODE_18449_length_675_cov_8.157986	414	494	3	46	80	0.5750000
NODE_18449_length_675_cov_8.157986	414	494	4	27	80	0.3375000
NODE_18449_length_675_cov_8.157986	467	547	2	3	80	0.0375000
NODE_18449_length_675_cov_8.157986	467	547	3	22	80	0.2750000
NODE_18449_length_675_cov_8.157986	467	547	4	55	80	0.6875000
NODE_18450_length_675_cov_8.026042	320	400	1	20	80	0.2500000
NODE_18450_length_675_cov_8.026042	320	400	2	60	80	0.7500000
NODE_18450_length_675_cov_8.026042	373	453	0	26	80	0.3250000
NODE_18450_length_675_cov_8.026042	373	453	1	41	80	0.5125000
NODE_18450_length_675_cov_8.026042	373	453	2	13	80	0.1625000
NODE_18451_length_675_cov_7.277778	317	397	0	80	80	1.0000000
NODE_18455_length_675_cov_5.666667	142	222	0	80	80	1.0000000
NODE_18455_length_675_cov_5.666667	195	275	0	80	80	1.0000000
NODE_18464_length_675_cov_2.751736	67	122	4	16	55	0.2909091
NODE_18464_length_675_cov_2.751736	67	122	5	7	55	0.1272727
NODE_18464_length_675_cov_2.751736	67	122	6	32	55	0.5818182
NODE_18467_length_675_cov_2.623264	251	289	2	38	38	1.0000000
NODE_18467_length_675_cov_2.623264	279	343	1	16	64	0.2500000
NODE_18467_length_675_cov_2.623264	279	343	2	12	64	0.1875000
NODE_18467_length_675_cov_2.623264	279	343	3	36	64	0.5625000
NODE_18467_length_675_cov_2.623264	432	494	0	42	62	0.6774194
NODE_18467_length_675_cov_2.623264	432	494	2	20	62	0.3225806
NODE_18515_length_674_cov_38.401739	225	305	2	7	80	0.0875000
NODE_18515_length_674_cov_38.401739	225	305	3	21	80	0.2625000
NODE_18515_length_674_cov_38.401739	225	305	5	52	80	0.6500000
NODE_18515_length_674_cov_38.401739	278	358	2	9	80	0.1125000
NODE_18515_length_674_cov_38.401739	278	358	4	26	80	0.3250000
NODE_18515_length_674_cov_38.401739	278	358	5	45	80	0.5625000
NODE_18516_length_674_cov_30.215652	519	599	13	4	80	0.0500000
NODE_18516_length_674_cov_30.215652	519	599	16	15	80	0.1875000
NODE_18516_length_674_cov_30.215652	519	599	17	22	80	0.2750000
NODE_18516_length_674_cov_30.215652	519	599	18	39	80	0.4875000
NODE_18516_length_674_cov_30.215652	572	602	16	15	30	0.5000000
NODE_18516_length_674_cov_30.215652	572	602	17	15	30	0.5000000
NODE_18517_length_674_cov_19.636522	283	363	4	39	80	0.4875000
NODE_18517_length_674_cov_19.636522	283	363	5	26	80	0.3250000
NODE_18517_length_674_cov_19.636522	283	363	7	15	80	0.1875000
NODE_18517_length_674_cov_19.636522	336	416	5	31	80	0.3875000
NODE_18517_length_674_cov_19.636522	336	416	6	8	80	0.1000000
NODE_18517_length_674_cov_19.636522	336	416	7	30	80	0.3750000
NODE_18517_length_674_cov_19.636522	336	416	8	11	80	0.1375000
NODE_18518_length_674_cov_19.436522	81	161	1	42	80	0.5250000
NODE_18518_length_674_cov_19.436522	81	161	2	4	80	0.0500000
NODE_18518_length_674_cov_19.436522	81	161	3	28	80	0.3500000
NODE_18518_length_674_cov_19.436522	81	161	4	6	80	0.0750000
NODE_18518_length_674_cov_19.436522	134	214	3	53	80	0.6625000
NODE_18518_length_674_cov_19.436522	134	214	4	27	80	0.3375000
NODE_18519_length_674_cov_16.819130	185	265	0	21	80	0.2625000
NODE_18519_length_674_cov_16.819130	185	265	2	59	80	0.7375000
NODE_18519_length_674_cov_16.819130	238	318	0	74	80	0.9250000
NODE_18519_length_674_cov_16.819130	238	318	2	6	80	0.0750000
NODE_18520_length_674_cov_14.733913	169	249	0	80	80	1.0000000
NODE_18520_length_674_cov_14.733913	222	302	0	80	80	1.0000000
NODE_18524_length_674_cov_7.086957	357	437	0	48	80	0.6000000
NODE_18524_length_674_cov_7.086957	357	437	1	32	80	0.4000000
NODE_18524_length_674_cov_7.086957	410	490	1	80	80	1.0000000
NODE_18528_length_674_cov_4.808696	262	342	1	34	80	0.4250000
NODE_18528_length_674_cov_4.808696	262	342	2	46	80	0.5750000
NODE_18528_length_674_cov_4.808696	315	395	0	39	80	0.4875000
NODE_18528_length_674_cov_4.808696	315	395	1	41	80	0.5125000
NODE_18592_length_673_cov_47.109756	405	485	9	2	80	0.0250000
NODE_18592_length_673_cov_47.109756	405	485	12	8	80	0.1000000
NODE_18592_length_673_cov_47.109756	405	485	13	24	80	0.3000000
NODE_18592_length_673_cov_47.109756	405	485	14	9	80	0.1125000
NODE_18592_length_673_cov_47.109756	405	485	15	37	80	0.4625000
NODE_18592_length_673_cov_47.109756	458	538	8	12	80	0.1500000
NODE_18592_length_673_cov_47.109756	458	538	9	5	80	0.0625000
NODE_18592_length_673_cov_47.109756	458	538	10	7	80	0.0875000
NODE_18592_length_673_cov_47.109756	458	538	11	15	80	0.1875000
NODE_18592_length_673_cov_47.109756	458	538	12	8	80	0.1000000
NODE_18592_length_673_cov_47.109756	458	538	13	33	80	0.4125000
NODE_18593_length_673_cov_20.548780	214	294	4	33	80	0.4125000
NODE_18593_length_673_cov_20.548780	214	294	5	44	80	0.5500000
NODE_18593_length_673_cov_20.548780	214	294	6	3	80	0.0375000
NODE_18593_length_673_cov_20.548780	267	347	2	16	80	0.2000000
NODE_18593_length_673_cov_20.548780	267	347	3	17	80	0.2125000
NODE_18593_length_673_cov_20.548780	267	347	4	9	80	0.1125000
NODE_18593_length_673_cov_20.548780	267	347	5	35	80	0.4375000
NODE_18593_length_673_cov_20.548780	267	347	6	3	80	0.0375000
NODE_18596_length_673_cov_8.306620	337	426	2	20	89	0.2247191
NODE_18596_length_673_cov_8.306620	337	426	4	69	89	0.7752809
NODE_18607_length_673_cov_3.041812	196	276	1	13	80	0.1625000
NODE_18607_length_673_cov_3.041812	196	276	2	67	80	0.8375000
NODE_18607_length_673_cov_3.041812	249	329	1	39	80	0.4875000
NODE_18607_length_673_cov_3.041812	249	329	2	41	80	0.5125000
NODE_18660_length_672_cov_15.380454	282	362	0	80	80	1.0000000
NODE_18660_length_672_cov_15.380454	335	415	0	80	80	1.0000000
NODE_18661_length_672_cov_9.902269	328	408	4	77	80	0.9625000
NODE_18661_length_672_cov_9.902269	328	408	6	3	80	0.0375000
NODE_18661_length_672_cov_9.902269	381	461	0	3	80	0.0375000
NODE_18661_length_672_cov_9.902269	381	461	2	24	80	0.3000000
NODE_18661_length_672_cov_9.902269	381	461	4	53	80	0.6625000
NODE_18662_length_672_cov_9.462478	309	389	0	80	80	1.0000000
NODE_18662_length_672_cov_9.462478	362	442	0	80	80	1.0000000
NODE_18666_length_672_cov_6.516579	354	434	0	15	80	0.1875000
NODE_18666_length_672_cov_6.516579	354	434	1	12	80	0.1500000
NODE_18666_length_672_cov_6.516579	354	434	2	2	80	0.0250000
NODE_18666_length_672_cov_6.516579	354	434	4	9	80	0.1125000
NODE_18666_length_672_cov_6.516579	354	434	5	42	80	0.5250000
NODE_18666_length_672_cov_6.516579	407	487	5	80	80	1.0000000
NODE_18668_length_672_cov_6.108202	135	215	0	80	80	1.0000000
NODE_18668_length_672_cov_6.108202	188	268	0	80	80	1.0000000
NODE_18670_length_672_cov_4.949389	115	152	2	37	37	1.0000000
NODE_18670_length_672_cov_4.949389	125	205	0	4	80	0.0500000
NODE_18670_length_672_cov_4.949389	125	205	2	76	80	0.9500000
NODE_18670_length_672_cov_4.949389	278	326	0	48	48	1.0000000
NODE_18672_length_672_cov_4.753927	378	450	0	72	72	1.0000000
NODE_18704_length_672_cov_1.713787	340	401	0	9	61	0.1475410
NODE_18704_length_672_cov_1.713787	340	401	4	21	61	0.3442623
NODE_18704_length_672_cov_1.713787	340	401	5	31	61	0.5081967
NODE_18742_length_671_cov_28.874126	306	387	1	81	81	1.0000000
NODE_18742_length_671_cov_28.874126	360	440	1	49	80	0.6125000
NODE_18742_length_671_cov_28.874126	360	440	2	31	80	0.3875000
NODE_18744_length_671_cov_18.526224	294	333	0	39	39	1.0000000
NODE_18744_length_671_cov_18.526224	331	404	0	42	73	0.5753425
NODE_18744_length_671_cov_18.526224	331	404	1	31	73	0.4246575
NODE_18744_length_671_cov_18.526224	331	351	0	20	20	1.0000000
NODE_18745_length_671_cov_16.094406	417	497	6	17	80	0.2125000
NODE_18745_length_671_cov_16.094406	417	497	7	51	80	0.6375000
NODE_18745_length_671_cov_16.094406	417	497	8	12	80	0.1500000
NODE_18745_length_671_cov_16.094406	470	550	2	10	80	0.1250000
NODE_18745_length_671_cov_16.094406	470	550	3	1	80	0.0125000
NODE_18745_length_671_cov_16.094406	470	550	4	9	80	0.1125000
NODE_18745_length_671_cov_16.094406	470	550	5	19	80	0.2375000
NODE_18745_length_671_cov_16.094406	470	550	6	31	80	0.3875000
NODE_18745_length_671_cov_16.094406	470	550	7	10	80	0.1250000
NODE_18746_length_671_cov_11.756993	337	417	0	80	80	1.0000000
NODE_18746_length_671_cov_11.756993	390	470	0	80	80	1.0000000
NODE_18747_length_671_cov_9.237762	305	382	0	77	77	1.0000000
NODE_18748_length_671_cov_8.491259	298	379	4	22	81	0.2716049
NODE_18748_length_671_cov_8.491259	298	379	6	59	81	0.7283950
NODE_18748_length_671_cov_8.491259	352	430	2	23	78	0.2948718
NODE_18748_length_671_cov_8.491259	352	430	4	20	78	0.2564103
NODE_18748_length_671_cov_8.491259	352	430	6	35	78	0.4487180
NODE_18749_length_671_cov_8.241259	97	128	0	31	31	1.0000000
NODE_18752_length_671_cov_7.201049	368	448	4	10	80	0.1250000
NODE_18752_length_671_cov_7.201049	368	448	5	2	80	0.0250000
NODE_18752_length_671_cov_7.201049	368	448	6	21	80	0.2625000
NODE_18752_length_671_cov_7.201049	368	448	7	47	80	0.5875000
NODE_18752_length_671_cov_7.201049	421	501	3	20	80	0.2500000
NODE_18752_length_671_cov_7.201049	421	501	6	53	80	0.6625000
NODE_18752_length_671_cov_7.201049	421	501	7	7	80	0.0875000
NODE_18753_length_671_cov_5.680070	370	450	2	80	80	1.0000000
NODE_18753_length_671_cov_5.680070	423	503	1	14	80	0.1750000
NODE_18753_length_671_cov_5.680070	423	503	2	66	80	0.8250000
NODE_18754_length_671_cov_4.769231	362	414	0	52	52	1.0000000
NODE_18760_length_671_cov_3.804196	360	440	3	4	80	0.0500000
NODE_18760_length_671_cov_3.804196	360	440	4	76	80	0.9500000
NODE_18812_length_670_cov_21.017513	443	523	5	11	80	0.1375000
NODE_18812_length_670_cov_21.017513	443	523	6	20	80	0.2500000
NODE_18812_length_670_cov_21.017513	443	523	8	24	80	0.3000000
NODE_18812_length_670_cov_21.017513	443	523	9	25	80	0.3125000
NODE_18812_length_670_cov_21.017513	496	576	5	14	80	0.1750000
NODE_18812_length_670_cov_21.017513	496	576	7	19	80	0.2375000
NODE_18812_length_670_cov_21.017513	496	576	8	14	80	0.1750000
NODE_18812_length_670_cov_21.017513	496	576	9	33	80	0.4125000
NODE_18813_length_670_cov_20.346760	372	452	0	17	80	0.2125000
NODE_18813_length_670_cov_20.346760	372	452	2	63	80	0.7875000
NODE_18813_length_670_cov_20.346760	425	505	0	1	80	0.0125000
NODE_18813_length_670_cov_20.346760	425	505	2	79	80	0.9875000
NODE_18814_length_670_cov_15.728546	157	237	1	21	80	0.2625000
NODE_18814_length_670_cov_15.728546	157	237	2	28	80	0.3500000
NODE_18814_length_670_cov_15.728546	157	237	3	26	80	0.3250000
NODE_18814_length_670_cov_15.728546	157	237	4	5	80	0.0625000
NODE_18814_length_670_cov_15.728546	210	290	3	79	80	0.9875000
NODE_18814_length_670_cov_15.728546	210	290	4	1	80	0.0125000
NODE_18814_length_670_cov_15.728546	286	366	2	38	80	0.4750000
NODE_18814_length_670_cov_15.728546	286	366	3	19	80	0.2375000
NODE_18814_length_670_cov_15.728546	286	366	5	23	80	0.2875000
NODE_18814_length_670_cov_15.728546	339	419	0	37	80	0.4625000
NODE_18814_length_670_cov_15.728546	339	419	2	43	80	0.5375000
NODE_18818_length_670_cov_6.499124	390	470	1	7	80	0.0875000
NODE_18818_length_670_cov_6.499124	390	470	2	32	80	0.4000000
NODE_18818_length_670_cov_6.499124	390	470	3	41	80	0.5125000
NODE_18834_length_670_cov_3.099825	159	217	1	27	58	0.4655173
NODE_18834_length_670_cov_3.099825	159	217	2	31	58	0.5344828
NODE_18838_length_670_cov_2.700525	252	332	0	80	80	1.0000000
NODE_18838_length_670_cov_2.700525	305	385	0	80	80	1.0000000
NODE_18883_length_669_cov_13.307018	432	512	3	10	80	0.1250000
NODE_18883_length_669_cov_13.307018	432	512	4	14	80	0.1750000
NODE_18883_length_669_cov_13.307018	432	512	5	21	80	0.2625000
NODE_18883_length_669_cov_13.307018	432	512	7	35	80	0.4375000
NODE_18883_length_669_cov_13.307018	485	565	6	24	80	0.3000000
NODE_18883_length_669_cov_13.307018	485	565	7	56	80	0.7000000
NODE_18886_length_669_cov_6.921053	245	325	1	80	80	1.0000000
NODE_18886_length_669_cov_6.921053	298	370	1	38	72	0.5277778
NODE_18886_length_669_cov_6.921053	298	370	2	34	72	0.4722222
NODE_18901_length_669_cov_3.633333	277	347	0	15	70	0.2142857
NODE_18901_length_669_cov_3.633333	277	347	1	34	70	0.4857143
NODE_18901_length_669_cov_3.633333	277	347	2	21	70	0.3000000
NODE_18909_length_669_cov_2.361404	434	490	0	56	56	1.0000000
NODE_18958_length_668_cov_23.131810	275	355	4	31	80	0.3875000
NODE_18958_length_668_cov_23.131810	275	355	5	12	80	0.1500000
NODE_18958_length_668_cov_23.131810	275	355	6	35	80	0.4375000
NODE_18958_length_668_cov_23.131810	275	355	7	2	80	0.0250000
NODE_18958_length_668_cov_23.131810	328	408	4	30	80	0.3750000
NODE_18958_length_668_cov_23.131810	328	408	5	15	80	0.1875000
NODE_18958_length_668_cov_23.131810	328	408	6	13	80	0.1625000
NODE_18958_length_668_cov_23.131810	328	408	7	22	80	0.2750000
NODE_18959_length_668_cov_14.978910	324	404	0	31	80	0.3875000
NODE_18959_length_668_cov_14.978910	324	404	2	49	80	0.6125000
NODE_18959_length_668_cov_14.978910	377	457	0	10	80	0.1250000
NODE_18959_length_668_cov_14.978910	377	457	2	70	80	0.8750000
NODE_18962_length_668_cov_11.184534	187	267	5	53	80	0.6625000
NODE_18962_length_668_cov_11.184534	187	267	6	27	80	0.3375000
NODE_18962_length_668_cov_11.184534	240	320	3	5	80	0.0625000
NODE_18962_length_668_cov_11.184534	240	320	4	23	80	0.2875000
NODE_18962_length_668_cov_11.184534	240	320	5	46	80	0.5750000
NODE_18962_length_668_cov_11.184534	240	320	6	6	80	0.0750000
NODE_18963_length_668_cov_10.548330	211	291	0	37	80	0.4625000
NODE_18963_length_668_cov_10.548330	211	291	1	43	80	0.5375000
NODE_18963_length_668_cov_10.548330	264	344	1	80	80	1.0000000
NODE_18964_length_668_cov_10.370826	226	308	0	82	82	1.0000000
NODE_18964_length_668_cov_10.370826	279	361	0	82	82	1.0000000
NODE_18965_length_668_cov_10.223199	238	318	0	80	80	1.0000000
NODE_18965_length_668_cov_10.223199	291	371	0	70	80	0.8750000
NODE_18965_length_668_cov_10.223199	291	371	2	10	80	0.1250000
NODE_18967_length_668_cov_9.340949	310	390	3	5	80	0.0625000
NODE_18967_length_668_cov_9.340949	310	390	4	75	80	0.9375000
NODE_18967_length_668_cov_9.340949	363	443	1	17	80	0.2125000
NODE_18967_length_668_cov_9.340949	363	443	3	41	80	0.5125000
NODE_18967_length_668_cov_9.340949	363	443	4	22	80	0.2750000
NODE_18975_length_668_cov_4.077329	304	384	0	80	80	1.0000000
NODE_18975_length_668_cov_4.077329	338	367	0	29	29	1.0000000
NODE_18975_length_668_cov_4.077329	358	427	0	69	69	1.0000000
NODE_19032_length_667_cov_33.848592	168	248	0	22	80	0.2750000
NODE_19032_length_667_cov_33.848592	168	248	1	14	80	0.1750000
NODE_19032_length_667_cov_33.848592	168	248	2	44	80	0.5500000
NODE_19032_length_667_cov_33.848592	221	301	0	75	80	0.9375000
NODE_19032_length_667_cov_33.848592	221	301	1	5	80	0.0625000
NODE_19033_length_667_cov_21.218310	270	350	3	37	80	0.4625000
NODE_19033_length_667_cov_21.218310	270	350	4	43	80	0.5375000
NODE_19033_length_667_cov_21.218310	323	403	1	4	80	0.0500000
NODE_19033_length_667_cov_21.218310	323	403	2	4	80	0.0500000
NODE_19033_length_667_cov_21.218310	323	403	3	40	80	0.5000000
NODE_19033_length_667_cov_21.218310	323	403	4	32	80	0.4000000
NODE_19034_length_667_cov_19.204225	258	338	3	71	80	0.8875000
NODE_19034_length_667_cov_19.204225	258	338	4	9	80	0.1125000
NODE_19034_length_667_cov_19.204225	311	391	2	13	80	0.1625000
NODE_19034_length_667_cov_19.204225	311	391	3	67	80	0.8375000
NODE_19036_length_667_cov_8.264085	299	379	0	9	80	0.1125000
NODE_19036_length_667_cov_8.264085	299	379	2	71	80	0.8875000
NODE_19036_length_667_cov_8.264085	352	432	0	11	80	0.1375000
NODE_19036_length_667_cov_8.264085	352	432	2	69	80	0.8625000
NODE_19037_length_667_cov_8.248239	76	156	0	80	80	1.0000000
NODE_19037_length_667_cov_8.248239	129	209	0	80	80	1.0000000
NODE_19038_length_667_cov_8.207746	257	323	0	18	66	0.2727273
NODE_19038_length_667_cov_8.207746	257	323	2	48	66	0.7272727
NODE_19038_length_667_cov_8.207746	296	376	0	71	80	0.8875000
NODE_19038_length_667_cov_8.207746	296	376	2	9	80	0.1125000
NODE_19039_length_667_cov_7.232394	357	437	3	40	80	0.5000000
NODE_19039_length_667_cov_7.232394	357	437	4	40	80	0.5000000
NODE_19039_length_667_cov_7.232394	410	490	3	21	80	0.2625000
NODE_19039_length_667_cov_7.232394	410	490	4	59	80	0.7375000
NODE_19042_length_667_cov_4.941901	199	279	1	13	80	0.1625000
NODE_19042_length_667_cov_4.941901	199	279	2	67	80	0.8375000
NODE_19042_length_667_cov_4.941901	252	332	2	80	80	1.0000000
NODE_19053_length_667_cov_3.404930	501	536	0	35	35	1.0000000
NODE_19053_length_667_cov_3.404930	503	533	0	30	30	1.0000000
NODE_19100_length_666_cov_24.811287	179	254	6	5	75	0.0666667
NODE_19100_length_666_cov_24.811287	179	254	8	5	75	0.0666667
NODE_19100_length_666_cov_24.811287	179	254	10	65	75	0.8666667
NODE_19100_length_666_cov_24.811287	182	254	6	5	72	0.0694444
NODE_19100_length_666_cov_24.811287	182	254	8	5	72	0.0694444
NODE_19100_length_666_cov_24.811287	182	254	10	62	72	0.8611111
NODE_19100_length_666_cov_24.811287	227	307	0	23	80	0.2875000
NODE_19100_length_666_cov_24.811287	227	307	3	1	80	0.0125000
NODE_19100_length_666_cov_24.811287	227	307	4	13	80	0.1625000
NODE_19100_length_666_cov_24.811287	227	307	5	8	80	0.1000000
NODE_19100_length_666_cov_24.811287	227	307	6	13	80	0.1625000
NODE_19100_length_666_cov_24.811287	227	307	8	5	80	0.0625000
NODE_19100_length_666_cov_24.811287	227	307	10	17	80	0.2125000
NODE_19100_length_666_cov_24.811287	227	307	0	23	80	0.2875000
NODE_19100_length_666_cov_24.811287	227	307	3	1	80	0.0125000
NODE_19100_length_666_cov_24.811287	227	307	4	13	80	0.1625000
NODE_19100_length_666_cov_24.811287	227	307	5	8	80	0.1000000
NODE_19100_length_666_cov_24.811287	227	307	6	13	80	0.1625000
NODE_19100_length_666_cov_24.811287	227	307	8	5	80	0.0625000
NODE_19100_length_666_cov_24.811287	227	307	10	17	80	0.2125000
NODE_19100_length_666_cov_24.811287	303	383	0	12	80	0.1500000
NODE_19100_length_666_cov_24.811287	303	383	1	28	80	0.3500000
NODE_19100_length_666_cov_24.811287	303	383	3	40	80	0.5000000
NODE_19100_length_666_cov_24.811287	356	436	3	47	80	0.5875000
NODE_19100_length_666_cov_24.811287	356	436	5	33	80	0.4125000
NODE_19102_length_666_cov_20.114638	172	252	2	3	80	0.0375000
NODE_19102_length_666_cov_20.114638	172	252	3	31	80	0.3875000
NODE_19102_length_666_cov_20.114638	172	252	4	46	80	0.5750000
NODE_19102_length_666_cov_20.114638	225	305	2	27	80	0.3375000
NODE_19102_length_666_cov_20.114638	225	305	3	16	80	0.2000000
NODE_19102_length_666_cov_20.114638	225	305	4	37	80	0.4625000
NODE_19103_length_666_cov_16.813051	220	286	9	30	66	0.4545455
NODE_19103_length_666_cov_16.813051	220	286	10	36	66	0.5454546
NODE_19103_length_666_cov_16.813051	259	344	5	1	85	0.0117647
NODE_19103_length_666_cov_16.813051	259	344	6	4	85	0.0470588
NODE_19103_length_666_cov_16.813051	259	344	7	6	85	0.0705882
NODE_19103_length_666_cov_16.813051	259	344	8	18	85	0.2117647
NODE_19103_length_666_cov_16.813051	259	344	9	56	85	0.6588235
NODE_19104_length_666_cov_15.384480	306	386	5	1	80	0.0125000
NODE_19104_length_666_cov_15.384480	306	386	6	11	80	0.1375000
NODE_19104_length_666_cov_15.384480	306	386	7	6	80	0.0750000
NODE_19104_length_666_cov_15.384480	306	386	8	62	80	0.7750000
NODE_19104_length_666_cov_15.384480	359	439	5	12	80	0.1500000
NODE_19104_length_666_cov_15.384480	359	439	6	46	80	0.5750000
NODE_19104_length_666_cov_15.384480	359	439	7	5	80	0.0625000
NODE_19104_length_666_cov_15.384480	359	439	8	17	80	0.2125000
NODE_19105_length_666_cov_14.195767	485	565	2	80	80	1.0000000
NODE_19105_length_666_cov_14.195767	538	618	0	21	80	0.2625000
NODE_19105_length_666_cov_14.195767	538	618	2	59	80	0.7375000
NODE_19108_length_666_cov_7.770723	226	306	0	80	80	1.0000000
NODE_19108_length_666_cov_7.770723	279	359	0	80	80	1.0000000
NODE_19163_length_665_cov_28.786219	391	471	0	50	80	0.6250000
NODE_19163_length_665_cov_28.786219	391	471	2	30	80	0.3750000
NODE_19163_length_665_cov_28.786219	444	524	2	80	80	1.0000000
NODE_19164_length_665_cov_21.740283	311	391	2	13	80	0.1625000
NODE_19164_length_665_cov_21.740283	311	391	3	57	80	0.7125000
NODE_19164_length_665_cov_21.740283	311	391	5	10	80	0.1250000
NODE_19164_length_665_cov_21.740283	364	444	1	20	80	0.2500000
NODE_19164_length_665_cov_21.740283	364	444	2	46	80	0.5750000
NODE_19164_length_665_cov_21.740283	364	444	3	14	80	0.1750000
NODE_19165_length_665_cov_15.904594	390	470	1	80	80	1.0000000
NODE_19165_length_665_cov_15.904594	443	523	0	12	80	0.1500000
NODE_19165_length_665_cov_15.904594	443	523	1	68	80	0.8500000
NODE_19224_length_664_cov_27.208850	259	339	1	8	80	0.1000000
NODE_19224_length_664_cov_27.208850	259	339	3	72	80	0.9000000
NODE_19224_length_664_cov_27.208850	345	404	3	5	59	0.0847458
NODE_19224_length_664_cov_27.208850	345	404	4	3	59	0.0508475
NODE_19224_length_664_cov_27.208850	345	404	5	11	59	0.1864407
NODE_19224_length_664_cov_27.208850	345	404	7	40	59	0.6779661
NODE_19225_length_664_cov_16.116814	241	321	4	80	80	1.0000000
NODE_19225_length_664_cov_16.116814	294	374	0	8	80	0.1000000
NODE_19225_length_664_cov_16.116814	294	374	1	1	80	0.0125000
NODE_19225_length_664_cov_16.116814	294	374	2	4	80	0.0500000
NODE_19225_length_664_cov_16.116814	294	374	3	5	80	0.0625000
NODE_19225_length_664_cov_16.116814	294	374	4	62	80	0.7750000
NODE_19227_length_664_cov_14.185841	332	412	7	43	80	0.5375000
NODE_19227_length_664_cov_14.185841	332	412	8	5	80	0.0625000
NODE_19227_length_664_cov_14.185841	332	412	9	32	80	0.4000000
NODE_19227_length_664_cov_14.185841	385	465	3	9	80	0.1125000
NODE_19227_length_664_cov_14.185841	385	465	4	11	80	0.1375000
NODE_19227_length_664_cov_14.185841	385	465	6	8	80	0.1000000
NODE_19227_length_664_cov_14.185841	385	465	7	42	80	0.5250000
NODE_19227_length_664_cov_14.185841	385	465	8	10	80	0.1250000
NODE_19228_length_664_cov_12.256637	325	405	0	80	80	1.0000000
NODE_19228_length_664_cov_12.256637	378	454	0	76	76	1.0000000
NODE_19229_length_664_cov_8.378761	252	332	0	80	80	1.0000000
NODE_19229_length_664_cov_8.378761	305	385	0	30	80	0.3750000
NODE_19229_length_664_cov_8.378761	305	385	2	14	80	0.1750000
NODE_19229_length_664_cov_8.378761	305	385	3	14	80	0.1750000
NODE_19229_length_664_cov_8.378761	305	385	4	22	80	0.2750000
NODE_19229_length_664_cov_8.378761	381	461	4	80	80	1.0000000
NODE_19229_length_664_cov_8.378761	434	514	0	1	80	0.0125000
NODE_19229_length_664_cov_8.378761	434	514	1	14	80	0.1750000
NODE_19229_length_664_cov_8.378761	434	514	2	16	80	0.2000000
NODE_19229_length_664_cov_8.378761	434	514	4	49	80	0.6125000
NODE_19254_length_664_cov_1.922124	393	434	0	41	41	1.0000000
NODE_19298_length_663_cov_26.601064	398	478	2	80	80	1.0000000
NODE_19298_length_663_cov_26.601064	451	531	0	37	80	0.4625000
NODE_19298_length_663_cov_26.601064	451	531	2	43	80	0.5375000
NODE_19299_length_663_cov_16.948582	368	448	0	7	80	0.0875000
NODE_19299_length_663_cov_16.948582	368	448	2	3	80	0.0375000
NODE_19299_length_663_cov_16.948582	368	448	3	70	80	0.8750000
NODE_19299_length_663_cov_16.948582	421	501	0	28	80	0.3500000
NODE_19299_length_663_cov_16.948582	421	501	1	32	80	0.4000000
NODE_19299_length_663_cov_16.948582	421	501	2	3	80	0.0375000
NODE_19299_length_663_cov_16.948582	421	501	3	17	80	0.2125000
NODE_19300_length_663_cov_16.225177	118	198	2	48	80	0.6000000
NODE_19300_length_663_cov_16.225177	118	198	4	32	80	0.4000000
NODE_19300_length_663_cov_16.225177	171	251	2	74	80	0.9250000
NODE_19300_length_663_cov_16.225177	171	251	4	6	80	0.0750000
NODE_19302_length_663_cov_13.748227	277	357	0	80	80	1.0000000
NODE_19302_length_663_cov_13.748227	330	410	0	49	80	0.6125000
NODE_19302_length_663_cov_13.748227	330	410	2	31	80	0.3875000
NODE_19303_length_663_cov_10.377660	300	380	1	80	80	1.0000000
NODE_19304_length_663_cov_9.549645	199	279	0	11	80	0.1375000
NODE_19304_length_663_cov_9.549645	199	279	1	14	80	0.1750000
NODE_19304_length_663_cov_9.549645	199	279	3	55	80	0.6875000
NODE_19304_length_663_cov_9.549645	252	332	3	80	80	1.0000000
NODE_19305_length_663_cov_7.397163	151	231	3	14	80	0.1750000
NODE_19305_length_663_cov_7.397163	151	231	4	66	80	0.8250000
NODE_19305_length_663_cov_7.397163	204	284	1	37	80	0.4625000
NODE_19305_length_663_cov_7.397163	204	284	2	14	80	0.1750000
NODE_19305_length_663_cov_7.397163	204	284	3	16	80	0.2000000
NODE_19305_length_663_cov_7.397163	204	284	4	13	80	0.1625000
NODE_19307_length_663_cov_5.081560	317	397	0	2	80	0.0250000
NODE_19307_length_663_cov_5.081560	317	397	1	78	80	0.9750000
NODE_19368_length_662_cov_29.218472	233	313	3	15	80	0.1875000
NODE_19368_length_662_cov_29.218472	233	313	4	5	80	0.0625000
NODE_19368_length_662_cov_29.218472	233	313	5	45	80	0.5625000
NODE_19368_length_662_cov_29.218472	233	313	6	15	80	0.1875000
NODE_19368_length_662_cov_29.218472	286	366	3	28	80	0.3500000
NODE_19368_length_662_cov_29.218472	286	366	4	8	80	0.1000000
NODE_19368_length_662_cov_29.218472	286	366	5	21	80	0.2625000
NODE_19368_length_662_cov_29.218472	286	366	6	23	80	0.2875000
NODE_19369_length_662_cov_18.717584	193	273	0	25	80	0.3125000
NODE_19369_length_662_cov_18.717584	193	273	1	55	80	0.6875000
NODE_19369_length_662_cov_18.717584	246	326	1	80	80	1.0000000
NODE_19370_length_662_cov_16.358792	258	338	1	20	80	0.2500000
NODE_19370_length_662_cov_16.358792	258	338	2	11	80	0.1375000
NODE_19370_length_662_cov_16.358792	258	338	4	17	80	0.2125000
NODE_19370_length_662_cov_16.358792	258	338	5	32	80	0.4000000
NODE_19370_length_662_cov_16.358792	311	391	4	19	80	0.2375000
NODE_19370_length_662_cov_16.358792	311	391	5	61	80	0.7625000
NODE_19371_length_662_cov_12.845471	259	339	1	20	80	0.2500000
NODE_19371_length_662_cov_12.845471	259	339	2	28	80	0.3500000
NODE_19371_length_662_cov_12.845471	259	339	3	2	80	0.0250000
NODE_19371_length_662_cov_12.845471	259	339	4	1	80	0.0125000
NODE_19371_length_662_cov_12.845471	259	339	6	29	80	0.3625000
NODE_19371_length_662_cov_12.845471	312	392	5	7	80	0.0875000
NODE_19371_length_662_cov_12.845471	312	392	6	73	80	0.9125000
NODE_19372_length_662_cov_12.476021	299	379	5	71	80	0.8875000
NODE_19372_length_662_cov_12.476021	299	379	6	9	80	0.1125000
NODE_19372_length_662_cov_12.476021	352	432	3	21	80	0.2625000
NODE_19372_length_662_cov_12.476021	352	432	5	37	80	0.4625000
NODE_19372_length_662_cov_12.476021	352	432	6	22	80	0.2750000
NODE_19373_length_662_cov_10.252220	239	319	0	5	80	0.0625000
NODE_19373_length_662_cov_10.252220	239	319	2	75	80	0.9375000
NODE_19373_length_662_cov_10.252220	292	372	2	80	80	1.0000000
NODE_19376_length_662_cov_6.335702	267	347	0	80	80	1.0000000
NODE_19376_length_662_cov_6.335702	320	400	0	80	80	1.0000000
NODE_19378_length_662_cov_5.738899	295	331	0	36	36	1.0000000
NODE_19378_length_662_cov_5.738899	301	322	0	21	21	1.0000000
NODE_19402_length_662_cov_1.905861	150	230	2	75	80	0.9375000
NODE_19402_length_662_cov_1.905861	150	230	4	5	80	0.0625000
NODE_19402_length_662_cov_1.905861	203	277	2	74	74	1.0000000
NODE_19441_length_661_cov_55.176157	236	316	3	3	80	0.0375000
NODE_19441_length_661_cov_55.176157	236	316	5	31	80	0.3875000
NODE_19441_length_661_cov_55.176157	236	316	7	17	80	0.2125000
NODE_19441_length_661_cov_55.176157	236	316	9	29	80	0.3625000
NODE_19441_length_661_cov_55.176157	289	369	4	11	80	0.1375000
NODE_19441_length_661_cov_55.176157	289	369	6	27	80	0.3375000
NODE_19441_length_661_cov_55.176157	289	369	7	19	80	0.2375000
NODE_19441_length_661_cov_55.176157	289	369	9	23	80	0.2875000
NODE_19442_length_661_cov_38.501779	231	311	3	80	80	1.0000000
NODE_19442_length_661_cov_38.501779	284	364	1	10	80	0.1250000
NODE_19442_length_661_cov_38.501779	284	364	2	32	80	0.4000000
NODE_19442_length_661_cov_38.501779	284	364	3	38	80	0.4750000
NODE_19442_length_661_cov_38.501779	360	440	1	80	80	1.0000000
NODE_19442_length_661_cov_38.501779	413	493	0	16	80	0.2000000
NODE_19442_length_661_cov_38.501779	413	493	1	64	80	0.8000000
NODE_19443_length_661_cov_31.460854	128	208	0	80	80	1.0000000
NODE_19443_length_661_cov_31.460854	181	261	0	32	80	0.4000000
NODE_19443_length_661_cov_31.460854	181	261	1	27	80	0.3375000
NODE_19443_length_661_cov_31.460854	181	261	2	21	80	0.2625000
NODE_19444_length_661_cov_18.960854	216	296	2	24	80	0.3000000
NODE_19444_length_661_cov_18.960854	216	296	3	9	80	0.1125000
NODE_19444_length_661_cov_18.960854	216	296	4	47	80	0.5875000
NODE_19444_length_661_cov_18.960854	269	349	2	1	80	0.0125000
NODE_19444_length_661_cov_18.960854	269	349	3	9	80	0.1125000
NODE_19444_length_661_cov_18.960854	269	349	4	70	80	0.8750000
NODE_19445_length_661_cov_16.035587	201	281	2	7	80	0.0875000
NODE_19445_length_661_cov_16.035587	201	281	3	73	80	0.9125000
NODE_19445_length_661_cov_16.035587	254	334	1	15	80	0.1875000
NODE_19445_length_661_cov_16.035587	254	334	2	23	80	0.2875000
NODE_19445_length_661_cov_16.035587	254	334	3	42	80	0.5250000
NODE_19447_length_661_cov_13.005338	281	343	0	62	62	1.0000000
NODE_19447_length_661_cov_13.005338	353	433	0	80	80	1.0000000
NODE_19447_length_661_cov_13.005338	406	486	0	80	80	1.0000000
NODE_19452_length_661_cov_5.670819	374	454	1	11	80	0.1375000
NODE_19452_length_661_cov_5.670819	374	454	2	32	80	0.4000000
NODE_19452_length_661_cov_5.670819	374	454	3	37	80	0.4625000
NODE_19452_length_661_cov_5.670819	427	507	2	58	80	0.7250000
NODE_19452_length_661_cov_5.670819	427	507	3	22	80	0.2750000
NODE_19457_length_661_cov_4.601423	319	395	0	41	76	0.5394737
NODE_19457_length_661_cov_4.601423	319	395	1	10	76	0.1315790
NODE_19457_length_661_cov_4.601423	319	395	3	25	76	0.3289474
NODE_19459_length_661_cov_3.532028	282	362	0	80	80	1.0000000
NODE_19459_length_661_cov_3.532028	335	415	0	80	80	1.0000000
NODE_19515_length_660_cov_20.741533	343	423	4	80	80	1.0000000
NODE_19515_length_660_cov_20.741533	396	476	4	80	80	1.0000000
NODE_19516_length_660_cov_15.089127	148	228	2	8	80	0.1000000
NODE_19516_length_660_cov_15.089127	148	228	4	72	80	0.9000000
NODE_19516_length_660_cov_15.089127	201	281	0	6	80	0.0750000
NODE_19516_length_660_cov_15.089127	201	281	2	1	80	0.0125000
NODE_19516_length_660_cov_15.089127	201	281	3	13	80	0.1625000
NODE_19516_length_660_cov_15.089127	201	281	4	60	80	0.7500000
NODE_19518_length_660_cov_13.301248	276	356	0	24	80	0.3000000
NODE_19518_length_660_cov_13.301248	276	356	1	56	80	0.7000000
NODE_19518_length_660_cov_13.301248	329	409	1	44	80	0.5500000
NODE_19518_length_660_cov_13.301248	329	409	2	36	80	0.4500000
NODE_19519_length_660_cov_12.393939	234	314	4	80	80	1.0000000
NODE_19519_length_660_cov_12.393939	287	367	0	6	80	0.0750000
NODE_19519_length_660_cov_12.393939	287	367	1	27	80	0.3375000
NODE_19519_length_660_cov_12.393939	287	367	3	19	80	0.2375000
NODE_19519_length_660_cov_12.393939	287	367	4	28	80	0.3500000
NODE_19521_length_660_cov_11.495544	399	479	0	50	80	0.6250000
NODE_19521_length_660_cov_11.495544	399	479	1	30	80	0.3750000
NODE_19521_length_660_cov_11.495544	452	532	1	80	80	1.0000000
NODE_19522_length_660_cov_10.522282	177	257	0	80	80	1.0000000
NODE_19522_length_660_cov_10.522282	230	311	0	81	81	1.0000000
NODE_19524_length_660_cov_8.887701	254	325	3	71	71	1.0000000
NODE_19527_length_660_cov_7.278075	225	305	4	48	80	0.6000000
NODE_19527_length_660_cov_7.278075	225	305	6	3	80	0.0375000
NODE_19527_length_660_cov_7.278075	225	305	8	29	80	0.3625000
NODE_19527_length_660_cov_7.278075	278	358	6	3	80	0.0375000
NODE_19527_length_660_cov_7.278075	278	358	7	6	80	0.0750000
NODE_19527_length_660_cov_7.278075	278	358	8	71	80	0.8875000
NODE_19529_length_660_cov_6.577540	350	430	0	19	80	0.2375000
NODE_19529_length_660_cov_6.577540	350	430	2	61	80	0.7625000
NODE_19529_length_660_cov_6.577540	403	483	2	64	80	0.8000000
NODE_19529_length_660_cov_6.577540	403	483	3	16	80	0.2000000
NODE_19549_length_660_cov_2.354724	421	470	3	24	49	0.4897959
NODE_19549_length_660_cov_2.354724	421	470	5	11	49	0.2244898
NODE_19549_length_660_cov_2.354724	421	470	6	14	49	0.2857143
NODE_19594_length_659_cov_43.587500	2	82	0	57	80	0.7125000
NODE_19594_length_659_cov_43.587500	2	82	1	12	80	0.1500000
NODE_19594_length_659_cov_43.587500	2	82	2	11	80	0.1375000
NODE_19594_length_659_cov_43.587500	55	135	0	4	80	0.0500000
NODE_19594_length_659_cov_43.587500	55	135	1	12	80	0.1500000
NODE_19594_length_659_cov_43.587500	55	135	2	48	80	0.6000000
NODE_19594_length_659_cov_43.587500	55	135	3	4	80	0.0500000
NODE_19594_length_659_cov_43.587500	55	135	4	12	80	0.1500000
NODE_19594_length_659_cov_43.587500	131	211	4	15	80	0.1875000
NODE_19594_length_659_cov_43.587500	131	211	5	2	80	0.0250000
NODE_19594_length_659_cov_43.587500	131	211	6	63	80	0.7875000
NODE_19594_length_659_cov_43.587500	184	264	4	43	80	0.5375000
NODE_19594_length_659_cov_43.587500	184	264	5	12	80	0.1500000
NODE_19594_length_659_cov_43.587500	184	264	6	25	80	0.3125000
NODE_19595_length_659_cov_23.330357	236	316	3	10	80	0.1250000
NODE_19595_length_659_cov_23.330357	236	316	4	6	80	0.0750000
NODE_19595_length_659_cov_23.330357	236	316	5	51	80	0.6375000
NODE_19595_length_659_cov_23.330357	236	316	6	13	80	0.1625000
NODE_19595_length_659_cov_23.330357	289	369	4	56	80	0.7000000
NODE_19595_length_659_cov_23.330357	289	369	5	24	80	0.3000000
NODE_19596_length_659_cov_12.775000	255	335	2	41	80	0.5125000
NODE_19596_length_659_cov_12.775000	255	335	3	39	80	0.4875000
NODE_19596_length_659_cov_12.775000	308	388	2	18	80	0.2250000
NODE_19596_length_659_cov_12.775000	308	388	3	62	80	0.7750000
NODE_19598_length_659_cov_9.683929	220	298	0	78	78	1.0000000
NODE_19598_length_659_cov_9.683929	271	351	0	77	80	0.9625000
NODE_19598_length_659_cov_9.683929	271	351	1	3	80	0.0375000
NODE_19613_length_659_cov_3.658929	305	385	0	57	80	0.7125000
NODE_19613_length_659_cov_3.658929	305	385	1	13	80	0.1625000
NODE_19613_length_659_cov_3.658929	305	385	3	10	80	0.1250000
NODE_19613_length_659_cov_3.658929	358	438	0	4	80	0.0500000
NODE_19613_length_659_cov_3.658929	358	438	1	13	80	0.1625000
NODE_19613_length_659_cov_3.658929	358	438	3	63	80	0.7875000
NODE_19678_length_658_cov_38.479428	289	369	7	14	80	0.1750000
NODE_19678_length_658_cov_38.479428	289	369	9	17	80	0.2125000
NODE_19678_length_658_cov_38.479428	289	369	10	49	80	0.6125000
NODE_19678_length_658_cov_38.479428	342	422	7	13	80	0.1625000
NODE_19678_length_658_cov_38.479428	342	422	8	9	80	0.1125000
NODE_19678_length_658_cov_38.479428	342	422	9	39	80	0.4875000
NODE_19678_length_658_cov_38.479428	342	422	10	19	80	0.2375000
NODE_19679_length_658_cov_35.409660	242	322	7	15	80	0.1875000
NODE_19679_length_658_cov_35.409660	242	322	8	7	80	0.0875000
NODE_19679_length_658_cov_35.409660	242	322	9	9	80	0.1125000
NODE_19679_length_658_cov_35.409660	242	322	10	33	80	0.4125000
NODE_19679_length_658_cov_35.409660	242	322	11	16	80	0.2000000
NODE_19679_length_658_cov_35.409660	295	375	3	25	80	0.3125000
NODE_19679_length_658_cov_35.409660	295	375	4	1	80	0.0125000
NODE_19679_length_658_cov_35.409660	295	375	5	3	80	0.0375000
NODE_19679_length_658_cov_35.409660	295	375	6	2	80	0.0250000
NODE_19679_length_658_cov_35.409660	295	375	7	10	80	0.1250000
NODE_19679_length_658_cov_35.409660	295	375	8	5	80	0.0625000
NODE_19679_length_658_cov_35.409660	295	375	9	16	80	0.2000000
NODE_19679_length_658_cov_35.409660	295	375	10	18	80	0.2250000
NODE_19680_length_658_cov_20.322004	191	271	2	50	80	0.6250000
NODE_19680_length_658_cov_20.322004	191	271	3	30	80	0.3750000
NODE_19680_length_658_cov_20.322004	244	321	2	72	77	0.9350649
NODE_19680_length_658_cov_20.322004	244	321	3	5	77	0.0649351
NODE_19680_length_658_cov_20.322004	317	397	1	64	80	0.8000000
NODE_19680_length_658_cov_20.322004	317	397	2	16	80	0.2000000
NODE_19680_length_658_cov_20.322004	370	449	0	29	79	0.3670886
NODE_19680_length_658_cov_20.322004	370	449	1	50	79	0.6329114
NODE_19681_length_658_cov_11.352415	324	404	0	80	80	1.0000000
NODE_19681_length_658_cov_11.352415	377	457	0	80	80	1.0000000
NODE_19685_length_658_cov_8.241503	227	307	0	80	80	1.0000000
NODE_19685_length_658_cov_8.241503	280	360	0	80	80	1.0000000
NODE_19689_length_658_cov_5.477639	450	530	0	17	80	0.2125000
NODE_19689_length_658_cov_5.477639	450	530	1	63	80	0.7875000
NODE_19705_length_658_cov_2.277281	286	366	1	14	80	0.1750000
NODE_19705_length_658_cov_2.277281	286	366	2	62	80	0.7750000
NODE_19705_length_658_cov_2.277281	286	366	3	4	80	0.0500000
NODE_19705_length_658_cov_2.277281	339	419	1	18	80	0.2250000
NODE_19705_length_658_cov_2.277281	339	419	2	27	80	0.3375000
NODE_19705_length_658_cov_2.277281	339	419	4	32	80	0.4000000
NODE_19705_length_658_cov_2.277281	339	419	5	1	80	0.0125000
NODE_19705_length_658_cov_2.277281	339	419	6	2	80	0.0250000
NODE_19750_length_657_cov_71.087814	306	372	0	16	66	0.2424242
NODE_19750_length_657_cov_71.087814	306	372	1	50	66	0.7575758
NODE_19750_length_657_cov_71.087814	382	462	1	80	80	1.0000000
NODE_19750_length_657_cov_71.087814	382	462	1	80	80	1.0000000
NODE_19750_length_657_cov_71.087814	435	515	0	43	80	0.5375000
NODE_19750_length_657_cov_71.087814	435	515	1	37	80	0.4625000
NODE_19750_length_657_cov_71.087814	440	515	0	43	75	0.5733333
NODE_19750_length_657_cov_71.087814	440	515	1	32	75	0.4266667
NODE_19751_length_657_cov_67.408602	98	178	6	5	80	0.0625000
NODE_19751_length_657_cov_67.408602	98	178	7	3	80	0.0375000
NODE_19751_length_657_cov_67.408602	98	178	9	4	80	0.0500000
NODE_19751_length_657_cov_67.408602	98	178	10	34	80	0.4250000
NODE_19751_length_657_cov_67.408602	98	178	11	6	80	0.0750000
NODE_19751_length_657_cov_67.408602	98	178	12	25	80	0.3125000
NODE_19751_length_657_cov_67.408602	98	178	13	3	80	0.0375000
NODE_19751_length_657_cov_67.408602	151	231	5	7	80	0.0875000
NODE_19751_length_657_cov_67.408602	151	231	6	18	80	0.2250000
NODE_19751_length_657_cov_67.408602	151	231	7	23	80	0.2875000
NODE_19751_length_657_cov_67.408602	151	231	8	3	80	0.0375000
NODE_19751_length_657_cov_67.408602	151	231	10	1	80	0.0125000
NODE_19751_length_657_cov_67.408602	151	231	11	5	80	0.0625000
NODE_19751_length_657_cov_67.408602	151	231	12	20	80	0.2500000
NODE_19751_length_657_cov_67.408602	151	231	13	3	80	0.0375000
NODE_19752_length_657_cov_15.568100	265	345	0	80	80	1.0000000
NODE_19752_length_657_cov_15.568100	341	421	0	80	80	1.0000000
NODE_19759_length_657_cov_5.161290	185	256	2	50	71	0.7042254
NODE_19759_length_657_cov_5.161290	185	256	3	21	71	0.2957746
NODE_19759_length_657_cov_5.161290	229	309	1	8	80	0.1000000
NODE_19759_length_657_cov_5.161290	229	309	2	61	80	0.7625000
NODE_19759_length_657_cov_5.161290	229	309	3	11	80	0.1375000
NODE_19824_length_656_cov_37.023339	470	550	2	21	80	0.2625000
NODE_19824_length_656_cov_37.023339	470	550	4	1	80	0.0125000
NODE_19824_length_656_cov_37.023339	470	550	6	58	80	0.7250000
NODE_19824_length_656_cov_37.023339	523	603	3	22	80	0.2750000
NODE_19824_length_656_cov_37.023339	523	603	5	8	80	0.1000000
NODE_19824_length_656_cov_37.023339	523	603	6	50	80	0.6250000
NODE_19825_length_656_cov_22.804309	173	253	5	57	80	0.7125000
NODE_19825_length_656_cov_22.804309	173	253	7	23	80	0.2875000
NODE_19825_length_656_cov_22.804309	226	306	3	10	80	0.1250000
NODE_19825_length_656_cov_22.804309	226	306	4	4	80	0.0500000
NODE_19825_length_656_cov_22.804309	226	306	5	25	80	0.3125000
NODE_19825_length_656_cov_22.804309	226	306	7	41	80	0.5125000
NODE_19826_length_656_cov_19.280072	345	425	2	34	80	0.4250000
NODE_19826_length_656_cov_19.280072	345	425	4	46	80	0.5750000
NODE_19826_length_656_cov_19.280072	398	478	2	63	80	0.7875000
NODE_19826_length_656_cov_19.280072	398	478	4	17	80	0.2125000
NODE_19827_length_656_cov_18.267504	272	352	1	27	80	0.3375000
NODE_19827_length_656_cov_18.267504	272	352	2	18	80	0.2250000
NODE_19827_length_656_cov_18.267504	272	352	3	2	80	0.0250000
NODE_19827_length_656_cov_18.267504	272	352	5	33	80	0.4125000
NODE_19827_length_656_cov_18.267504	325	405	0	34	80	0.4250000
NODE_19827_length_656_cov_18.267504	325	405	1	46	80	0.5750000
NODE_19828_length_656_cov_15.928187	223	303	0	5	80	0.0625000
NODE_19828_length_656_cov_15.928187	223	303	1	75	80	0.9375000
NODE_19829_length_656_cov_15.091562	297	377	3	51	80	0.6375000
NODE_19829_length_656_cov_15.091562	297	377	4	29	80	0.3625000
NODE_19829_length_656_cov_15.091562	350	430	3	26	80	0.3250000
NODE_19829_length_656_cov_15.091562	350	430	4	54	80	0.6750000
NODE_19830_length_656_cov_12.773788	269	349	0	59	80	0.7375000
NODE_19830_length_656_cov_12.773788	269	349	1	21	80	0.2625000
NODE_19830_length_656_cov_12.773788	322	399	0	6	77	0.0779221
NODE_19830_length_656_cov_12.773788	322	399	1	43	77	0.5584416
NODE_19830_length_656_cov_12.773788	322	399	2	28	77	0.3636364
NODE_19831_length_656_cov_12.493716	212	292	2	1	80	0.0125000
NODE_19831_length_656_cov_12.493716	212	292	4	69	80	0.8625000
NODE_19831_length_656_cov_12.493716	212	292	6	10	80	0.1250000
NODE_19831_length_656_cov_12.493716	265	345	0	4	80	0.0500000
NODE_19831_length_656_cov_12.493716	265	345	2	1	80	0.0125000
NODE_19831_length_656_cov_12.493716	265	345	3	2	80	0.0250000
NODE_19831_length_656_cov_12.493716	265	345	4	17	80	0.2125000
NODE_19831_length_656_cov_12.493716	265	345	5	34	80	0.4250000
NODE_19831_length_656_cov_12.493716	265	345	6	22	80	0.2750000
NODE_19832_length_656_cov_10.946140	197	277	6	4	80	0.0500000
NODE_19832_length_656_cov_10.946140	197	277	7	13	80	0.1625000
NODE_19832_length_656_cov_10.946140	197	277	8	50	80	0.6250000
NODE_19832_length_656_cov_10.946140	197	277	9	13	80	0.1625000
NODE_19832_length_656_cov_10.946140	250	330	3	1	80	0.0125000
NODE_19832_length_656_cov_10.946140	250	330	4	28	80	0.3500000
NODE_19832_length_656_cov_10.946140	250	330	5	7	80	0.0875000
NODE_19832_length_656_cov_10.946140	250	330	6	21	80	0.2625000
NODE_19832_length_656_cov_10.946140	250	330	7	13	80	0.1625000
NODE_19832_length_656_cov_10.946140	250	330	8	10	80	0.1250000
NODE_19833_length_656_cov_9.412926	295	375	1	14	80	0.1750000
NODE_19833_length_656_cov_9.412926	295	375	3	66	80	0.8250000
NODE_19833_length_656_cov_9.412926	348	428	1	67	80	0.8375000
NODE_19833_length_656_cov_9.412926	348	428	3	13	80	0.1625000
NODE_19904_length_655_cov_31.019784	212	292	4	11	80	0.1375000
NODE_19904_length_655_cov_31.019784	212	292	6	9	80	0.1125000
NODE_19904_length_655_cov_31.019784	212	292	8	3	80	0.0375000
NODE_19904_length_655_cov_31.019784	212	292	10	14	80	0.1750000
NODE_19904_length_655_cov_31.019784	212	292	12	43	80	0.5375000
NODE_19904_length_655_cov_31.019784	265	345	4	12	80	0.1500000
NODE_19904_length_655_cov_31.019784	265	345	5	1	80	0.0125000
NODE_19904_length_655_cov_31.019784	265	345	7	2	80	0.0250000
NODE_19904_length_655_cov_31.019784	265	345	9	9	80	0.1125000
NODE_19904_length_655_cov_31.019784	265	345	10	7	80	0.0875000
NODE_19904_length_655_cov_31.019784	265	345	12	49	80	0.6125000
NODE_19907_length_655_cov_8.672662	216	296	2	37	80	0.4625000
NODE_19907_length_655_cov_8.672662	216	296	3	43	80	0.5375000
NODE_19907_length_655_cov_8.672662	269	349	2	43	80	0.5375000
NODE_19907_length_655_cov_8.672662	269	349	3	37	80	0.4625000
NODE_19908_length_655_cov_8.250000	204	234	0	30	30	1.0000000
NODE_19909_length_655_cov_7.910072	366	446	1	2	80	0.0250000
NODE_19909_length_655_cov_7.910072	366	446	3	78	80	0.9750000
NODE_19909_length_655_cov_7.910072	419	499	3	50	80	0.6250000
NODE_19909_length_655_cov_7.910072	419	499	4	30	80	0.3750000
NODE_19916_length_655_cov_5.478417	178	255	0	77	77	1.0000000
NODE_19916_length_655_cov_5.478417	178	221	0	43	43	1.0000000
NODE_19919_length_655_cov_5.174460	347	428	0	81	81	1.0000000
NODE_19919_length_655_cov_5.174460	401	481	0	80	80	1.0000000
NODE_19979_length_654_cov_17.086486	323	403	3	25	80	0.3125000
NODE_19979_length_654_cov_17.086486	323	403	4	18	80	0.2250000
NODE_19979_length_654_cov_17.086486	323	403	5	37	80	0.4625000
NODE_19979_length_654_cov_17.086486	376	456	2	43	80	0.5375000
NODE_19979_length_654_cov_17.086486	376	456	3	35	80	0.4375000
NODE_19979_length_654_cov_17.086486	376	456	4	2	80	0.0250000
NODE_19980_length_654_cov_16.194595	318	398	0	1	80	0.0125000
NODE_19980_length_654_cov_16.194595	318	398	1	79	80	0.9875000
NODE_19980_length_654_cov_16.194595	371	451	1	80	80	1.0000000
NODE_19983_length_654_cov_5.556757	341	412	0	71	71	1.0000000
NODE_19990_length_654_cov_3.236036	105	181	0	76	76	1.0000000
NODE_19990_length_654_cov_3.236036	158	236	0	78	78	1.0000000
NODE_19998_length_654_cov_2.549550	279	366	0	87	87	1.0000000
NODE_20013_length_654_cov_1.790991	480	560	2	2	80	0.0250000
NODE_20013_length_654_cov_1.790991	480	560	4	78	80	0.9750000
NODE_20044_length_653_cov_70.296029	277	357	9	2	80	0.0250000
NODE_20044_length_653_cov_70.296029	277	357	10	21	80	0.2625000
NODE_20044_length_653_cov_70.296029	277	357	11	3	80	0.0375000
NODE_20044_length_653_cov_70.296029	277	357	12	5	80	0.0625000
NODE_20044_length_653_cov_70.296029	277	357	13	11	80	0.1375000
NODE_20044_length_653_cov_70.296029	277	357	14	12	80	0.1500000
NODE_20044_length_653_cov_70.296029	277	357	15	21	80	0.2625000
NODE_20044_length_653_cov_70.296029	277	357	16	5	80	0.0625000
NODE_20044_length_653_cov_70.296029	330	410	11	13	80	0.1625000
NODE_20044_length_653_cov_70.296029	330	410	12	21	80	0.2625000
NODE_20044_length_653_cov_70.296029	330	410	13	27	80	0.3375000
NODE_20044_length_653_cov_70.296029	330	410	14	1	80	0.0125000
NODE_20044_length_653_cov_70.296029	330	410	15	15	80	0.1875000
NODE_20044_length_653_cov_70.296029	330	410	16	3	80	0.0375000
NODE_20045_length_653_cov_28.072202	302	382	8	2	80	0.0250000
NODE_20045_length_653_cov_28.072202	302	382	9	13	80	0.1625000
NODE_20045_length_653_cov_28.072202	302	382	11	29	80	0.3625000
NODE_20045_length_653_cov_28.072202	302	382	12	3	80	0.0375000
NODE_20045_length_653_cov_28.072202	302	382	13	8	80	0.1000000
NODE_20045_length_653_cov_28.072202	302	382	14	15	80	0.1875000
NODE_20045_length_653_cov_28.072202	302	382	15	10	80	0.1250000
NODE_20045_length_653_cov_28.072202	355	435	6	20	80	0.2500000
NODE_20045_length_653_cov_28.072202	355	435	7	5	80	0.0625000
NODE_20045_length_653_cov_28.072202	355	435	9	5	80	0.0625000
NODE_20045_length_653_cov_28.072202	355	435	10	7	80	0.0875000
NODE_20045_length_653_cov_28.072202	355	435	11	13	80	0.1625000
NODE_20045_length_653_cov_28.072202	355	435	13	10	80	0.1250000
NODE_20045_length_653_cov_28.072202	355	435	14	10	80	0.1250000
NODE_20045_length_653_cov_28.072202	355	435	15	10	80	0.1250000
NODE_20046_length_653_cov_18.382671	214	294	4	74	80	0.9250000
NODE_20046_length_653_cov_18.382671	214	294	5	6	80	0.0750000
NODE_20046_length_653_cov_18.382671	267	347	1	17	80	0.2125000
NODE_20046_length_653_cov_18.382671	267	347	2	4	80	0.0500000
NODE_20046_length_653_cov_18.382671	267	347	3	23	80	0.2875000
NODE_20046_length_653_cov_18.382671	267	347	4	36	80	0.4500000
NODE_20047_length_653_cov_8.821300	292	372	0	80	80	1.0000000
NODE_20047_length_653_cov_8.821300	345	425	0	80	80	1.0000000
NODE_20048_length_653_cov_8.660650	200	280	0	9	80	0.1125000
NODE_20048_length_653_cov_8.660650	200	280	1	71	80	0.8875000
NODE_20048_length_653_cov_8.660650	253	333	1	80	80	1.0000000
NODE_20052_length_653_cov_5.777978	308	383	0	75	75	1.0000000
NODE_20052_length_653_cov_5.777978	361	435	0	74	74	1.0000000
NODE_20054_length_653_cov_5.193141	304	356	0	52	52	1.0000000
NODE_20058_length_653_cov_4.823105	178	251	1	73	73	1.0000000
NODE_20058_length_653_cov_4.823105	178	256	1	78	78	1.0000000
NODE_20058_length_653_cov_4.823105	229	309	1	80	80	1.0000000
NODE_20058_length_653_cov_4.823105	229	309	1	80	80	1.0000000
NODE_20058_length_653_cov_4.823105	239	309	1	70	70	1.0000000
NODE_20127_length_652_cov_215.211573	185	248	2	18	63	0.2857143
NODE_20127_length_652_cov_215.211573	185	248	3	16	63	0.2539683
NODE_20127_length_652_cov_215.211573	185	248	4	19	63	0.3015873
NODE_20127_length_652_cov_215.211573	185	248	5	3	63	0.0476190
NODE_20127_length_652_cov_215.211573	185	248	6	7	63	0.1111111
NODE_20127_length_652_cov_215.211573	221	301	4	17	80	0.2125000
NODE_20127_length_652_cov_215.211573	221	301	5	3	80	0.0375000
NODE_20127_length_652_cov_215.211573	221	301	6	33	80	0.4125000
NODE_20127_length_652_cov_215.211573	221	301	8	27	80	0.3375000
NODE_20128_length_652_cov_21.267631	299	379	2	17	80	0.2125000
NODE_20128_length_652_cov_21.267631	299	379	3	2	80	0.0250000
NODE_20128_length_652_cov_21.267631	299	379	4	42	80	0.5250000
NODE_20128_length_652_cov_21.267631	299	379	5	19	80	0.2375000
NODE_20128_length_652_cov_21.267631	352	432	4	50	80	0.6250000
NODE_20128_length_652_cov_21.267631	352	432	5	30	80	0.3750000
NODE_20138_length_652_cov_4.622061	266	315	2	43	49	0.8775510
NODE_20138_length_652_cov_4.622061	266	315	4	6	49	0.1224490
NODE_20138_length_652_cov_4.622061	288	368	2	21	80	0.2625000
NODE_20138_length_652_cov_4.622061	288	368	3	32	80	0.4000000
NODE_20138_length_652_cov_4.622061	288	368	4	27	80	0.3375000
NODE_20210_length_651_cov_49.981884	425	505	6	41	80	0.5125000
NODE_20210_length_651_cov_49.981884	425	505	7	39	80	0.4875000
NODE_20210_length_651_cov_49.981884	425	505	6	41	80	0.5125000
NODE_20210_length_651_cov_49.981884	425	505	7	39	80	0.4875000
NODE_20210_length_651_cov_49.981884	425	505	6	41	80	0.5125000
NODE_20210_length_651_cov_49.981884	425	505	7	39	80	0.4875000
NODE_20210_length_651_cov_49.981884	425	505	6	41	80	0.5125000
NODE_20210_length_651_cov_49.981884	425	505	7	39	80	0.4875000
NODE_20210_length_651_cov_49.981884	478	540	3	15	62	0.2419355
NODE_20210_length_651_cov_49.981884	478	540	4	12	62	0.1935484
NODE_20210_length_651_cov_49.981884	478	540	5	1	62	0.0161290
NODE_20210_length_651_cov_49.981884	478	540	6	3	62	0.0483871
NODE_20210_length_651_cov_49.981884	478	540	7	31	62	0.5000000
NODE_20210_length_651_cov_49.981884	478	540	3	15	62	0.2419355
NODE_20210_length_651_cov_49.981884	478	540	4	12	62	0.1935484
NODE_20210_length_651_cov_49.981884	478	540	5	1	62	0.0161290
NODE_20210_length_651_cov_49.981884	478	540	6	3	62	0.0483871
NODE_20210_length_651_cov_49.981884	478	540	7	31	62	0.5000000
NODE_20210_length_651_cov_49.981884	478	540	3	15	62	0.2419355
NODE_20210_length_651_cov_49.981884	478	540	4	12	62	0.1935484
NODE_20210_length_651_cov_49.981884	478	540	5	1	62	0.0161290
NODE_20210_length_651_cov_49.981884	478	540	6	3	62	0.0483871
NODE_20210_length_651_cov_49.981884	478	540	7	31	62	0.5000000
NODE_20210_length_651_cov_49.981884	478	542	1	2	64	0.0312500
NODE_20210_length_651_cov_49.981884	478	542	3	15	64	0.2343750
NODE_20210_length_651_cov_49.981884	478	542	4	12	64	0.1875000
NODE_20210_length_651_cov_49.981884	478	542	5	1	64	0.0156250
NODE_20210_length_651_cov_49.981884	478	542	6	3	64	0.0468750
NODE_20210_length_651_cov_49.981884	478	542	7	31	64	0.4843750
NODE_20211_length_651_cov_36.121377	422	502	0	41	80	0.5125000
NODE_20211_length_651_cov_36.121377	422	502	1	39	80	0.4875000
NODE_20211_length_651_cov_36.121377	475	555	0	5	80	0.0625000
NODE_20211_length_651_cov_36.121377	475	555	1	75	80	0.9375000
NODE_20212_length_651_cov_20.045290	252	332	3	11	80	0.1375000
NODE_20212_length_651_cov_20.045290	252	332	4	33	80	0.4125000
NODE_20212_length_651_cov_20.045290	252	332	5	17	80	0.2125000
NODE_20212_length_651_cov_20.045290	252	332	6	19	80	0.2375000
NODE_20212_length_651_cov_20.045290	305	385	4	1	80	0.0125000
NODE_20212_length_651_cov_20.045290	305	385	5	7	80	0.0875000
NODE_20212_length_651_cov_20.045290	305	385	6	53	80	0.6625000
NODE_20212_length_651_cov_20.045290	305	385	7	19	80	0.2375000
NODE_20213_length_651_cov_12.704710	264	344	0	39	80	0.4875000
NODE_20213_length_651_cov_12.704710	264	344	2	41	80	0.5125000
NODE_20213_length_651_cov_12.704710	317	397	2	80	80	1.0000000
NODE_20214_length_651_cov_11.632246	205	285	4	18	80	0.2250000
NODE_20214_length_651_cov_11.632246	205	285	6	16	80	0.2000000
NODE_20214_length_651_cov_11.632246	205	285	8	46	80	0.5750000
NODE_20214_length_651_cov_11.632246	258	338	4	17	80	0.2125000
NODE_20214_length_651_cov_11.632246	258	338	6	4	80	0.0500000
NODE_20214_length_651_cov_11.632246	258	338	8	59	80	0.7375000
NODE_20215_length_651_cov_10.074275	369	449	1	43	80	0.5375000
NODE_20215_length_651_cov_10.074275	369	449	3	37	80	0.4625000
NODE_20215_length_651_cov_10.074275	422	502	0	6	80	0.0750000
NODE_20215_length_651_cov_10.074275	422	502	1	74	80	0.9250000
NODE_20216_length_651_cov_9.699275	199	279	7	53	80	0.6625000
NODE_20216_length_651_cov_9.699275	199	279	8	1	80	0.0125000
NODE_20216_length_651_cov_9.699275	199	279	9	26	80	0.3250000
NODE_20216_length_651_cov_9.699275	252	332	4	18	80	0.2250000
NODE_20216_length_651_cov_9.699275	252	332	6	18	80	0.2250000
NODE_20216_length_651_cov_9.699275	252	332	7	9	80	0.1125000
NODE_20216_length_651_cov_9.699275	252	332	9	35	80	0.4375000
NODE_20219_length_651_cov_8.309783	217	296	1	79	79	1.0000000
NODE_20219_length_651_cov_8.309783	269	349	1	60	80	0.7500000
NODE_20219_length_651_cov_8.309783	269	349	2	20	80	0.2500000
NODE_20220_length_651_cov_5.621377	148	228	0	80	80	1.0000000
NODE_20220_length_651_cov_5.621377	201	281	0	80	80	1.0000000
NODE_20221_length_651_cov_5.610507	342	422	2	3	80	0.0375000
NODE_20221_length_651_cov_5.610507	342	422	4	77	80	0.9625000
NODE_20221_length_651_cov_5.610507	395	475	0	5	80	0.0625000
NODE_20221_length_651_cov_5.610507	395	475	1	6	80	0.0750000
NODE_20221_length_651_cov_5.610507	395	475	2	30	80	0.3750000
NODE_20221_length_651_cov_5.610507	395	475	4	39	80	0.4875000
NODE_20225_length_651_cov_4.246377	299	359	0	60	60	1.0000000
NODE_20238_length_651_cov_2.744565	340	421	0	81	81	1.0000000
NODE_20252_length_651_cov_2.016304	280	311	0	31	31	1.0000000
NODE_20292_length_650_cov_22.644283	233	313	0	80	80	1.0000000
NODE_20292_length_650_cov_22.644283	286	366	0	80	80	1.0000000
NODE_20293_length_650_cov_22.156080	269	349	0	66	80	0.8250000
NODE_20293_length_650_cov_22.156080	269	349	1	14	80	0.1750000
NODE_20293_length_650_cov_22.156080	322	402	0	13	80	0.1625000
NODE_20293_length_650_cov_22.156080	322	402	1	67	80	0.8375000
NODE_20294_length_650_cov_20.012704	186	266	3	33	80	0.4125000
NODE_20294_length_650_cov_20.012704	186	266	4	31	80	0.3875000
NODE_20294_length_650_cov_20.012704	186	266	5	16	80	0.2000000
NODE_20294_length_650_cov_20.012704	239	319	3	31	80	0.3875000
NODE_20294_length_650_cov_20.012704	239	319	4	49	80	0.6125000
NODE_20295_length_650_cov_17.626134	52	132	0	46	80	0.5750000
NODE_20295_length_650_cov_17.626134	52	132	2	34	80	0.4250000
NODE_20295_length_650_cov_17.626134	105	185	2	80	80	1.0000000
NODE_20297_length_650_cov_10.687840	289	369	3	70	80	0.8750000
NODE_20297_length_650_cov_10.687840	289	369	4	10	80	0.1250000
NODE_20297_length_650_cov_10.687840	342	422	1	27	80	0.3375000
NODE_20297_length_650_cov_10.687840	342	422	3	53	80	0.6625000
NODE_20301_length_650_cov_6.519056	312	365	0	1	53	0.0188679
NODE_20301_length_650_cov_6.519056	312	365	1	18	53	0.3396226
NODE_20301_length_650_cov_6.519056	312	365	3	34	53	0.6415094
NODE_20301_length_650_cov_6.519056	338	417	3	79	79	1.0000000
NODE_20302_length_650_cov_6.159710	243	323	0	80	80	1.0000000
NODE_20302_length_650_cov_6.159710	296	376	0	76	80	0.9500000
NODE_20302_length_650_cov_6.159710	296	376	1	4	80	0.0500000
NODE_20318_length_650_cov_2.488203	213	266	3	7	53	0.1320755
NODE_20318_length_650_cov_2.488203	213	266	4	6	53	0.1132075
NODE_20318_length_650_cov_2.488203	213	266	5	29	53	0.5471698
NODE_20318_length_650_cov_2.488203	213	266	6	11	53	0.2075472
NODE_20370_length_649_cov_20.780000	111	140	2	8	29	0.2758621
NODE_20370_length_649_cov_20.780000	111	140	3	18	29	0.6206896
NODE_20370_length_649_cov_20.780000	111	140	4	3	29	0.1034483
NODE_20370_length_649_cov_20.780000	111	191	2	8	80	0.1000000
NODE_20370_length_649_cov_20.780000	111	191	3	23	80	0.2875000
NODE_20370_length_649_cov_20.780000	111	191	4	14	80	0.1750000
NODE_20370_length_649_cov_20.780000	111	191	5	2	80	0.0250000
NODE_20370_length_649_cov_20.780000	111	191	6	3	80	0.0375000
NODE_20370_length_649_cov_20.780000	111	191	7	16	80	0.2000000
NODE_20370_length_649_cov_20.780000	111	191	8	5	80	0.0625000
NODE_20370_length_649_cov_20.780000	111	191	9	9	80	0.1125000
NODE_20370_length_649_cov_20.780000	138	161	3	5	23	0.2173913
NODE_20370_length_649_cov_20.780000	138	161	4	13	23	0.5652174
NODE_20370_length_649_cov_20.780000	138	161	5	2	23	0.0869565
NODE_20370_length_649_cov_20.780000	138	161	6	3	23	0.1304348
NODE_20370_length_649_cov_20.780000	138	214	3	5	76	0.0657895
NODE_20370_length_649_cov_20.780000	138	214	4	13	76	0.1710526
NODE_20370_length_649_cov_20.780000	138	214	5	2	76	0.0263158
NODE_20370_length_649_cov_20.780000	138	214	6	3	76	0.0394737
NODE_20370_length_649_cov_20.780000	138	214	7	16	76	0.2105263
NODE_20370_length_649_cov_20.780000	138	214	8	10	76	0.1315790
NODE_20370_length_649_cov_20.780000	138	214	9	16	76	0.2105263
NODE_20370_length_649_cov_20.780000	138	214	10	11	76	0.1447368
NODE_20370_length_649_cov_20.780000	164	244	7	13	80	0.1625000
NODE_20370_length_649_cov_20.780000	164	244	8	10	80	0.1250000
NODE_20370_length_649_cov_20.780000	164	244	9	16	80	0.2000000
NODE_20370_length_649_cov_20.780000	164	244	10	41	80	0.5125000
NODE_20371_length_649_cov_17.938182	162	242	0	80	80	1.0000000
NODE_20371_length_649_cov_17.938182	215	295	0	80	80	1.0000000
NODE_20372_length_649_cov_16.761818	395	475	0	23	80	0.2875000
NODE_20372_length_649_cov_16.761818	395	475	2	57	80	0.7125000
NODE_20372_length_649_cov_16.761818	448	528	0	76	80	0.9500000
NODE_20372_length_649_cov_16.761818	448	528	2	4	80	0.0500000
NODE_20373_length_649_cov_15.632727	226	306	2	44	80	0.5500000
NODE_20373_length_649_cov_15.632727	226	306	3	6	80	0.0750000
NODE_20373_length_649_cov_15.632727	226	306	5	30	80	0.3750000
NODE_20373_length_649_cov_15.632727	279	359	5	63	80	0.7875000
NODE_20373_length_649_cov_15.632727	279	359	7	17	80	0.2125000
NODE_20374_length_649_cov_15.516364	329	409	8	19	80	0.2375000
NODE_20374_length_649_cov_15.516364	329	409	9	29	80	0.3625000
NODE_20374_length_649_cov_15.516364	329	409	10	6	80	0.0750000
NODE_20374_length_649_cov_15.516364	329	409	11	26	80	0.3250000
NODE_20374_length_649_cov_15.516364	382	462	9	1	80	0.0125000
NODE_20374_length_649_cov_15.516364	382	462	10	15	80	0.1875000
NODE_20374_length_649_cov_15.516364	382	462	11	48	80	0.6000000
NODE_20374_length_649_cov_15.516364	382	462	12	13	80	0.1625000
NODE_20374_length_649_cov_15.516364	382	462	14	3	80	0.0375000
NODE_20375_length_649_cov_10.374545	453	533	1	7	80	0.0875000
NODE_20375_length_649_cov_10.374545	453	533	3	18	80	0.2250000
NODE_20375_length_649_cov_10.374545	453	533	4	55	80	0.6875000
NODE_20375_length_649_cov_10.374545	506	586	4	80	80	1.0000000
NODE_20382_length_649_cov_4.403636	213	293	0	80	80	1.0000000
NODE_20382_length_649_cov_4.403636	266	346	0	80	80	1.0000000
NODE_20454_length_648_cov_34.287796	343	423	0	80	80	1.0000000
NODE_20454_length_648_cov_34.287796	396	476	0	80	80	1.0000000
NODE_20454_length_648_cov_34.287796	472	552	0	80	80	1.0000000
NODE_20454_length_648_cov_34.287796	525	605	0	80	80	1.0000000
NODE_20455_length_648_cov_19.433515	259	339	1	18	80	0.2250000
NODE_20455_length_648_cov_19.433515	259	339	2	62	80	0.7750000
NODE_20455_length_648_cov_19.433515	312	392	2	43	80	0.5375000
NODE_20455_length_648_cov_19.433515	312	392	3	23	80	0.2875000
NODE_20455_length_648_cov_19.433515	312	392	4	14	80	0.1750000
NODE_20457_length_648_cov_8.391621	206	286	0	31	80	0.3875000
NODE_20457_length_648_cov_8.391621	206	286	2	1	80	0.0125000
NODE_20457_length_648_cov_8.391621	206	286	3	48	80	0.6000000
NODE_20457_length_648_cov_8.391621	259	339	2	8	80	0.1000000
NODE_20457_length_648_cov_8.391621	259	339	3	29	80	0.3625000
NODE_20457_length_648_cov_8.391621	259	339	4	43	80	0.5375000
NODE_20459_length_648_cov_6.573770	293	373	0	80	80	1.0000000
NODE_20459_length_648_cov_6.573770	346	426	0	80	80	1.0000000
NODE_20460_length_648_cov_6.431694	285	328	0	43	43	1.0000000
NODE_20463_length_648_cov_6.085610	257	337	3	80	80	1.0000000
NODE_20463_length_648_cov_6.085610	310	390	0	23	80	0.2875000
NODE_20463_length_648_cov_6.085610	310	390	1	7	80	0.0875000
NODE_20463_length_648_cov_6.085610	310	390	2	6	80	0.0750000
NODE_20463_length_648_cov_6.085610	310	390	3	44	80	0.5500000
NODE_20483_length_648_cov_2.333333	19	86	0	67	67	1.0000000
NODE_20531_length_647_cov_18.489051	295	375	2	9	80	0.1125000
NODE_20531_length_647_cov_18.489051	295	375	3	33	80	0.4125000
NODE_20531_length_647_cov_18.489051	295	375	4	13	80	0.1625000
NODE_20531_length_647_cov_18.489051	295	375	5	25	80	0.3125000
NODE_20531_length_647_cov_18.489051	348	428	1	10	80	0.1250000
NODE_20531_length_647_cov_18.489051	348	428	3	21	80	0.2625000
NODE_20531_length_647_cov_18.489051	348	428	4	2	80	0.0250000
NODE_20531_length_647_cov_18.489051	348	428	5	47	80	0.5875000
NODE_20532_length_647_cov_14.677007	286	366	1	6	80	0.0750000
NODE_20532_length_647_cov_14.677007	286	366	3	4	80	0.0500000
NODE_20532_length_647_cov_14.677007	286	366	4	68	80	0.8500000
NODE_20532_length_647_cov_14.677007	286	366	5	2	80	0.0250000
NODE_20532_length_647_cov_14.677007	339	419	0	19	80	0.2375000
NODE_20532_length_647_cov_14.677007	339	419	1	40	80	0.5000000
NODE_20532_length_647_cov_14.677007	339	419	3	4	80	0.0500000
NODE_20532_length_647_cov_14.677007	339	419	4	17	80	0.2125000
NODE_20533_length_647_cov_10.895985	231	311	0	80	80	1.0000000
NODE_20533_length_647_cov_10.895985	284	364	0	80	80	1.0000000
NODE_20534_length_647_cov_9.116788	372	452	0	80	80	1.0000000
NODE_20534_length_647_cov_9.116788	425	505	0	80	80	1.0000000
NODE_20536_length_647_cov_6.410584	150	221	1	71	71	1.0000000
NODE_20536_length_647_cov_6.410584	194	274	0	30	80	0.3750000
NODE_20536_length_647_cov_6.410584	194	274	1	50	80	0.6250000
NODE_20539_length_647_cov_5.567518	239	319	0	8	80	0.1000000
NODE_20539_length_647_cov_5.567518	239	319	1	4	80	0.0500000
NODE_20539_length_647_cov_5.567518	239	319	2	50	80	0.6250000
NODE_20539_length_647_cov_5.567518	239	319	3	18	80	0.2250000
NODE_20539_length_647_cov_5.567518	292	355	2	9	63	0.1428571
NODE_20539_length_647_cov_5.567518	292	355	3	54	63	0.8571429
NODE_20539_length_647_cov_5.567518	348	416	2	15	68	0.2205882
NODE_20539_length_647_cov_5.567518	348	416	3	22	68	0.3235294
NODE_20539_length_647_cov_5.567518	348	416	4	31	68	0.4558823
NODE_20539_length_647_cov_5.567518	401	469	1	19	68	0.2794118
NODE_20539_length_647_cov_5.567518	401	469	2	49	68	0.7205882
NODE_20544_length_647_cov_3.775547	356	399	0	43	43	1.0000000
NODE_20550_length_647_cov_2.678832	239	319	0	80	80	1.0000000
NODE_20550_length_647_cov_2.678832	292	372	0	80	80	1.0000000
NODE_20561_length_647_cov_1.937956	254	304	0	50	50	1.0000000
NODE_20607_length_646_cov_56.226691	267	347	4	9	80	0.1125000
NODE_20607_length_646_cov_56.226691	267	347	6	13	80	0.1625000
NODE_20607_length_646_cov_56.226691	267	347	7	30	80	0.3750000
NODE_20607_length_646_cov_56.226691	267	347	10	12	80	0.1500000
NODE_20607_length_646_cov_56.226691	267	347	11	16	80	0.2000000
NODE_20607_length_646_cov_56.226691	320	400	10	64	80	0.8000000
NODE_20607_length_646_cov_56.226691	320	400	11	16	80	0.2000000
NODE_20608_length_646_cov_23.747715	76	153	1	41	77	0.5324675
NODE_20608_length_646_cov_23.747715	76	153	2	9	77	0.1168831
NODE_20608_length_646_cov_23.747715	76	153	3	12	77	0.1558442
NODE_20608_length_646_cov_23.747715	76	153	4	3	77	0.0389610
NODE_20608_length_646_cov_23.747715	76	153	6	12	77	0.1558442
NODE_20608_length_646_cov_23.747715	129	209	3	9	80	0.1125000
NODE_20608_length_646_cov_23.747715	129	209	4	3	80	0.0375000
NODE_20608_length_646_cov_23.747715	129	209	5	27	80	0.3375000
NODE_20608_length_646_cov_23.747715	129	209	6	41	80	0.5125000
NODE_20609_length_646_cov_22.740402	326	406	1	53	80	0.6625000
NODE_20609_length_646_cov_22.740402	326	406	2	27	80	0.3375000
NODE_20609_length_646_cov_22.740402	379	459	1	47	80	0.5875000
NODE_20609_length_646_cov_22.740402	379	459	2	33	80	0.4125000
NODE_20610_length_646_cov_15.160878	363	443	4	6	80	0.0750000
NODE_20610_length_646_cov_15.160878	363	443	6	74	80	0.9250000
NODE_20610_length_646_cov_15.160878	416	496	1	19	80	0.2375000
NODE_20610_length_646_cov_15.160878	416	496	3	8	80	0.1000000
NODE_20610_length_646_cov_15.160878	416	496	4	18	80	0.2250000
NODE_20610_length_646_cov_15.160878	416	496	5	5	80	0.0625000
NODE_20610_length_646_cov_15.160878	416	496	6	30	80	0.3750000
NODE_20611_length_646_cov_9.429616	309	389	2	11	80	0.1375000
NODE_20611_length_646_cov_9.429616	309	389	3	12	80	0.1500000
NODE_20611_length_646_cov_9.429616	309	389	5	5	80	0.0625000
NODE_20611_length_646_cov_9.429616	309	389	6	52	80	0.6500000
NODE_20611_length_646_cov_9.429616	362	442	5	14	80	0.1750000
NODE_20611_length_646_cov_9.429616	362	442	6	66	80	0.8250000
NODE_20612_length_646_cov_9.246801	149	221	2	17	72	0.2361111
NODE_20612_length_646_cov_9.246801	149	221	4	55	72	0.7638889
NODE_20613_length_646_cov_7.539305	227	307	2	2	80	0.0250000
NODE_20613_length_646_cov_7.539305	227	307	4	78	80	0.9750000
NODE_20613_length_646_cov_7.539305	280	360	0	26	80	0.3250000
NODE_20613_length_646_cov_7.539305	280	360	2	23	80	0.2875000
NODE_20613_length_646_cov_7.539305	280	360	4	31	80	0.3875000
NODE_20614_length_646_cov_6.756856	236	316	2	2	80	0.0250000
NODE_20614_length_646_cov_6.756856	236	316	3	78	80	0.9750000
NODE_20614_length_646_cov_6.756856	289	369	1	16	80	0.2000000
NODE_20614_length_646_cov_6.756856	289	369	2	22	80	0.2750000
NODE_20614_length_646_cov_6.756856	289	369	3	42	80	0.5250000
NODE_20615_length_646_cov_6.480804	373	437	2	63	64	0.9843750
NODE_20615_length_646_cov_6.480804	373	437	3	1	64	0.0156250
NODE_20615_length_646_cov_6.480804	410	490	2	80	80	1.0000000
NODE_20616_length_646_cov_6.396709	194	274	0	80	80	1.0000000
NODE_20616_length_646_cov_6.396709	254	327	0	73	73	1.0000000
NODE_20619_length_646_cov_4.652651	265	345	0	25	80	0.3125000
NODE_20619_length_646_cov_4.652651	265	345	2	55	80	0.6875000
NODE_20623_length_646_cov_4.122486	401	452	0	51	51	1.0000000
NODE_20688_length_645_cov_95.882784	179	259	2	25	80	0.3125000
NODE_20688_length_645_cov_95.882784	179	259	3	38	80	0.4750000
NODE_20688_length_645_cov_95.882784	179	259	4	15	80	0.1875000
NODE_20688_length_645_cov_95.882784	179	259	5	2	80	0.0250000
NODE_20688_length_645_cov_95.882784	232	312	3	10	80	0.1250000
NODE_20688_length_645_cov_95.882784	232	312	4	68	80	0.8500000
NODE_20688_length_645_cov_95.882784	232	312	5	2	80	0.0250000
NODE_20689_length_645_cov_12.985348	343	423	0	16	80	0.2000000
NODE_20689_length_645_cov_12.985348	343	423	2	64	80	0.8000000
NODE_20689_length_645_cov_12.985348	396	476	0	11	80	0.1375000
NODE_20689_length_645_cov_12.985348	396	476	2	69	80	0.8625000
NODE_20691_length_645_cov_9.228938	254	334	2	28	80	0.3500000
NODE_20691_length_645_cov_9.228938	254	334	4	36	80	0.4500000
NODE_20691_length_645_cov_9.228938	254	334	5	16	80	0.2000000
NODE_20691_length_645_cov_9.228938	307	387	4	11	80	0.1375000
NODE_20691_length_645_cov_9.228938	307	387	5	65	80	0.8125000
NODE_20691_length_645_cov_9.228938	307	387	6	4	80	0.0500000
NODE_20692_length_645_cov_9.172161	293	373	1	7	80	0.0875000
NODE_20692_length_645_cov_9.172161	293	373	2	73	80	0.9125000
NODE_20692_length_645_cov_9.172161	346	426	2	54	80	0.6750000
NODE_20692_length_645_cov_9.172161	346	426	3	26	80	0.3250000
NODE_20697_length_645_cov_5.609890	461	541	0	66	80	0.8250000
NODE_20697_length_645_cov_5.609890	461	541	1	14	80	0.1750000
NODE_20697_length_645_cov_5.609890	514	594	0	80	80	1.0000000
NODE_20698_length_645_cov_4.743590	237	317	0	80	80	1.0000000
NODE_20698_length_645_cov_4.743590	290	370	0	80	80	1.0000000
NODE_20716_length_645_cov_2.177656	373	416	3	43	43	1.0000000
NODE_20762_length_644_cov_59.286239	323	401	17	4	78	0.0512821
NODE_20762_length_644_cov_59.286239	323	401	19	6	78	0.0769231
NODE_20762_length_644_cov_59.286239	323	401	21	6	78	0.0769231
NODE_20762_length_644_cov_59.286239	323	401	24	1	78	0.0128205
NODE_20762_length_644_cov_59.286239	323	401	26	1	78	0.0128205
NODE_20762_length_644_cov_59.286239	323	401	27	4	78	0.0512821
NODE_20762_length_644_cov_59.286239	323	401	28	7	78	0.0897436
NODE_20762_length_644_cov_59.286239	323	401	29	2	78	0.0256410
NODE_20762_length_644_cov_59.286239	323	401	30	2	78	0.0256410
NODE_20762_length_644_cov_59.286239	323	401	32	7	78	0.0897436
NODE_20762_length_644_cov_59.286239	323	401	34	3	78	0.0384615
NODE_20762_length_644_cov_59.286239	323	401	35	2	78	0.0256410
NODE_20762_length_644_cov_59.286239	323	401	36	2	78	0.0256410
NODE_20762_length_644_cov_59.286239	323	401	37	1	78	0.0128205
NODE_20762_length_644_cov_59.286239	323	401	39	1	78	0.0128205
NODE_20762_length_644_cov_59.286239	323	401	41	1	78	0.0128205
NODE_20762_length_644_cov_59.286239	323	401	42	5	78	0.0641026
NODE_20762_length_644_cov_59.286239	323	401	44	2	78	0.0256410
NODE_20762_length_644_cov_59.286239	323	401	45	1	78	0.0128205
NODE_20762_length_644_cov_59.286239	323	401	48	2	78	0.0256410
NODE_20762_length_644_cov_59.286239	323	401	50	3	78	0.0384615
NODE_20762_length_644_cov_59.286239	323	401	51	6	78	0.0769231
NODE_20762_length_644_cov_59.286239	323	401	54	6	78	0.0769231
NODE_20762_length_644_cov_59.286239	323	401	56	3	78	0.0384615
NODE_20763_length_644_cov_27.577982	63	143	10	6	80	0.0750000
NODE_20763_length_644_cov_27.577982	63	143	11	2	80	0.0250000
NODE_20763_length_644_cov_27.577982	63	143	14	13	80	0.1625000
NODE_20763_length_644_cov_27.577982	63	143	16	59	80	0.7375000
NODE_20763_length_644_cov_27.577982	116	196	6	2	80	0.0250000
NODE_20763_length_644_cov_27.577982	116	196	9	3	80	0.0375000
NODE_20763_length_644_cov_27.577982	116	196	10	23	80	0.2875000
NODE_20763_length_644_cov_27.577982	116	196	11	10	80	0.1250000
NODE_20763_length_644_cov_27.577982	116	196	14	3	80	0.0375000
NODE_20763_length_644_cov_27.577982	116	196	15	3	80	0.0375000
NODE_20763_length_644_cov_27.577982	116	196	16	36	80	0.4500000
NODE_20765_length_644_cov_10.073394	284	364	0	38	80	0.4750000
NODE_20765_length_644_cov_10.073394	284	364	2	42	80	0.5250000
NODE_20765_length_644_cov_10.073394	337	417	0	4	80	0.0500000
NODE_20765_length_644_cov_10.073394	337	417	2	76	80	0.9500000
NODE_20845_length_643_cov_27.562500	201	281	0	20	80	0.2500000
NODE_20845_length_643_cov_27.562500	201	281	1	60	80	0.7500000
NODE_20845_length_643_cov_27.562500	254	334	1	80	80	1.0000000
NODE_20845_length_643_cov_27.562500	330	410	1	57	80	0.7125000
NODE_20845_length_643_cov_27.562500	330	410	2	23	80	0.2875000
NODE_20845_length_643_cov_27.562500	383	463	1	80	80	1.0000000
NODE_20846_length_643_cov_12.895221	203	283	2	61	80	0.7625000
NODE_20846_length_643_cov_12.895221	203	283	3	19	80	0.2375000
NODE_20846_length_643_cov_12.895221	256	336	1	40	80	0.5000000
NODE_20846_length_643_cov_12.895221	256	336	2	24	80	0.3000000
NODE_20846_length_643_cov_12.895221	256	336	3	16	80	0.2000000
NODE_20847_length_643_cov_10.501838	280	360	0	29	80	0.3625000
NODE_20847_length_643_cov_10.501838	280	360	1	41	80	0.5125000
NODE_20847_length_643_cov_10.501838	280	360	2	10	80	0.1250000
NODE_20847_length_643_cov_10.501838	333	413	0	80	80	1.0000000
NODE_20848_length_643_cov_9.136029	307	385	0	78	78	1.0000000
NODE_20848_length_643_cov_9.136029	358	438	0	80	80	1.0000000
NODE_20849_length_643_cov_8.264706	202	282	0	80	80	1.0000000
NODE_20849_length_643_cov_8.264706	255	335	0	80	80	1.0000000
NODE_20851_length_643_cov_7.137868	173	253	2	6	80	0.0750000
NODE_20851_length_643_cov_7.137868	173	253	3	30	80	0.3750000
NODE_20851_length_643_cov_7.137868	173	253	4	44	80	0.5500000
NODE_20851_length_643_cov_7.137868	226	306	3	42	80	0.5250000
NODE_20851_length_643_cov_7.137868	226	306	4	38	80	0.4750000
NODE_20855_length_643_cov_5.851103	255	335	3	9	80	0.1125000
NODE_20855_length_643_cov_5.851103	255	335	4	19	80	0.2375000
NODE_20855_length_643_cov_5.851103	255	335	5	16	80	0.2000000
NODE_20855_length_643_cov_5.851103	255	335	6	24	80	0.3000000
NODE_20855_length_643_cov_5.851103	255	335	7	12	80	0.1500000
NODE_20855_length_643_cov_5.851103	308	388	4	5	80	0.0625000
NODE_20855_length_643_cov_5.851103	308	388	5	27	80	0.3375000
NODE_20855_length_643_cov_5.851103	308	388	6	23	80	0.2875000
NODE_20855_length_643_cov_5.851103	308	388	7	25	80	0.3125000
NODE_20869_length_643_cov_3.121324	283	348	0	65	65	1.0000000
NODE_20872_length_643_cov_2.806985	387	451	0	64	64	1.0000000
NODE_20942_length_642_cov_36.309392	156	236	3	13	80	0.1625000
NODE_20942_length_642_cov_36.309392	156	236	5	31	80	0.3875000
NODE_20942_length_642_cov_36.309392	156	236	7	3	80	0.0375000
NODE_20942_length_642_cov_36.309392	156	236	8	2	80	0.0250000
NODE_20942_length_642_cov_36.309392	156	236	10	31	80	0.3875000
NODE_20942_length_642_cov_36.309392	209	289	7	18	80	0.2250000
NODE_20942_length_642_cov_36.309392	209	289	9	12	80	0.1500000
NODE_20942_length_642_cov_36.309392	209	289	10	50	80	0.6250000
NODE_20943_length_642_cov_27.046041	154	234	4	26	80	0.3250000
NODE_20943_length_642_cov_27.046041	154	234	6	16	80	0.2000000
NODE_20943_length_642_cov_27.046041	154	234	7	38	80	0.4750000
NODE_20943_length_642_cov_27.046041	207	287	5	31	80	0.3875000
NODE_20943_length_642_cov_27.046041	207	287	7	49	80	0.6125000
NODE_20944_length_642_cov_26.290976	209	289	2	21	80	0.2625000
NODE_20944_length_642_cov_26.290976	209	289	4	2	80	0.0250000
NODE_20944_length_642_cov_26.290976	209	289	5	19	80	0.2375000
NODE_20944_length_642_cov_26.290976	209	289	7	38	80	0.4750000
NODE_20944_length_642_cov_26.290976	262	342	7	48	80	0.6000000
NODE_20944_length_642_cov_26.290976	262	342	8	9	80	0.1125000
NODE_20944_length_642_cov_26.290976	262	342	9	23	80	0.2875000
NODE_20945_length_642_cov_11.651934	309	389	1	25	80	0.3125000
NODE_20945_length_642_cov_11.651934	309	389	2	55	80	0.6875000
NODE_20945_length_642_cov_11.651934	362	442	1	11	80	0.1375000
NODE_20945_length_642_cov_11.651934	362	442	2	69	80	0.8625000
NODE_20947_length_642_cov_6.692449	453	533	2	22	80	0.2750000
NODE_20947_length_642_cov_6.692449	453	533	3	7	80	0.0875000
NODE_20947_length_642_cov_6.692449	453	533	4	51	80	0.6375000
NODE_20947_length_642_cov_6.692449	506	586	3	60	80	0.7500000
NODE_20947_length_642_cov_6.692449	506	586	4	20	80	0.2500000
NODE_20951_length_642_cov_5.933702	260	340	0	80	80	1.0000000
NODE_20951_length_642_cov_5.933702	313	391	0	78	78	1.0000000
NODE_20967_length_642_cov_2.823204	115	158	3	15	43	0.3488372
NODE_20967_length_642_cov_2.823204	115	158	4	4	43	0.0930233
NODE_20967_length_642_cov_2.823204	115	158	6	8	43	0.1860465
NODE_20967_length_642_cov_2.823204	115	158	8	15	43	0.3488372
NODE_20967_length_642_cov_2.823204	115	158	9	1	43	0.0232558
NODE_20967_length_642_cov_2.823204	245	300	6	10	55	0.1818182
NODE_20967_length_642_cov_2.823204	245	300	7	11	55	0.2000000
NODE_20967_length_642_cov_2.823204	245	300	8	16	55	0.2909091
NODE_20967_length_642_cov_2.823204	245	300	10	18	55	0.3272727
NODE_20967_length_642_cov_2.823204	329	410	1	17	81	0.2098765
NODE_20967_length_642_cov_2.823204	329	410	2	13	81	0.1604938
NODE_20967_length_642_cov_2.823204	329	410	3	6	81	0.0740741
NODE_20967_length_642_cov_2.823204	329	410	5	24	81	0.2962963
NODE_20967_length_642_cov_2.823204	329	410	6	8	81	0.0987654
NODE_20967_length_642_cov_2.823204	329	410	7	13	81	0.1604938
NODE_20991_length_642_cov_1.357274	0	75	0	75	75	1.0000000
NODE_21018_length_641_cov_38.675277	284	345	1	9	61	0.1475410
NODE_21018_length_641_cov_38.675277	284	345	3	1	61	0.0163934
NODE_21018_length_641_cov_38.675277	284	345	4	6	61	0.0983607
NODE_21018_length_641_cov_38.675277	284	345	6	25	61	0.4098361
NODE_21018_length_641_cov_38.675277	284	345	7	11	61	0.1803279
NODE_21018_length_641_cov_38.675277	284	345	8	9	61	0.1475410
NODE_21018_length_641_cov_38.675277	318	369	5	1	51	0.0196078
NODE_21018_length_641_cov_38.675277	318	369	6	7	51	0.1372549
NODE_21018_length_641_cov_38.675277	318	369	7	15	51	0.2941177
NODE_21018_length_641_cov_38.675277	318	369	8	28	51	0.5490196
NODE_21019_length_641_cov_15.271218	260	340	0	61	80	0.7625000
NODE_21019_length_641_cov_15.271218	260	340	1	19	80	0.2375000
NODE_21019_length_641_cov_15.271218	313	393	0	8	80	0.1000000
NODE_21019_length_641_cov_15.271218	313	393	1	72	80	0.9000000
NODE_21021_length_641_cov_12.584871	363	443	1	80	80	1.0000000
NODE_21021_length_641_cov_12.584871	416	496	0	3	80	0.0375000
NODE_21021_length_641_cov_12.584871	416	496	1	77	80	0.9625000
NODE_21022_length_641_cov_11.125461	38	118	0	3	80	0.0375000
NODE_21022_length_641_cov_11.125461	38	118	2	77	80	0.9625000
NODE_21022_length_641_cov_11.125461	91	171	0	30	80	0.3750000
NODE_21022_length_641_cov_11.125461	91	171	1	26	80	0.3250000
NODE_21022_length_641_cov_11.125461	91	171	2	24	80	0.3000000
NODE_21025_length_641_cov_7.719557	84	138	3	5	54	0.0925926
NODE_21025_length_641_cov_7.719557	84	138	4	14	54	0.2592593
NODE_21025_length_641_cov_7.719557	84	138	5	3	54	0.0555556
NODE_21025_length_641_cov_7.719557	84	138	7	1	54	0.0185185
NODE_21025_length_641_cov_7.719557	84	138	8	31	54	0.5740741
NODE_21025_length_641_cov_7.719557	113	193	6	2	80	0.0250000
NODE_21025_length_641_cov_7.719557	113	193	7	28	80	0.3500000
NODE_21025_length_641_cov_7.719557	113	193	8	50	80	0.6250000
NODE_21026_length_641_cov_7.675277	232	312	1	38	80	0.4750000
NODE_21026_length_641_cov_7.675277	232	312	2	11	80	0.1375000
NODE_21026_length_641_cov_7.675277	232	312	4	31	80	0.3875000
NODE_21026_length_641_cov_7.675277	285	365	2	20	80	0.2500000
NODE_21026_length_641_cov_7.675277	285	365	4	60	80	0.7500000
NODE_21027_length_641_cov_7.675277	255	335	0	80	80	1.0000000
NODE_21027_length_641_cov_7.675277	308	388	0	80	80	1.0000000
NODE_21028_length_641_cov_7.627306	262	342	0	80	80	1.0000000
NODE_21028_length_641_cov_7.627306	315	395	0	80	80	1.0000000
NODE_21029_length_641_cov_7.282288	247	300	0	53	53	1.0000000
NODE_21031_length_641_cov_5.029520	138	218	0	80	80	1.0000000
NODE_21031_length_641_cov_5.029520	191	271	0	80	80	1.0000000
NODE_21034_length_641_cov_4.701107	238	282	2	44	44	1.0000000
NODE_21109_length_640_cov_39.676525	524	597	7	17	73	0.2328767
NODE_21109_length_640_cov_39.676525	524	597	8	6	73	0.0821918
NODE_21109_length_640_cov_39.676525	524	597	10	21	73	0.2876712
NODE_21109_length_640_cov_39.676525	524	597	11	9	73	0.1232877
NODE_21109_length_640_cov_39.676525	524	597	12	2	73	0.0273973
NODE_21109_length_640_cov_39.676525	524	597	13	18	73	0.2465753
NODE_21109_length_640_cov_39.676525	564	605	7	25	41	0.6097561
NODE_21109_length_640_cov_39.676525	564	605	8	6	41	0.1463415
NODE_21109_length_640_cov_39.676525	564	605	10	10	41	0.2439024
NODE_21110_length_640_cov_19.578558	273	353	1	23	80	0.2875000
NODE_21110_length_640_cov_19.578558	273	353	2	8	80	0.1000000
NODE_21110_length_640_cov_19.578558	273	353	3	49	80	0.6125000
NODE_21110_length_640_cov_19.578558	326	406	3	80	80	1.0000000
NODE_21111_length_640_cov_15.717190	178	258	2	11	80	0.1375000
NODE_21111_length_640_cov_15.717190	178	258	4	69	80	0.8625000
NODE_21111_length_640_cov_15.717190	231	311	2	29	80	0.3625000
NODE_21111_length_640_cov_15.717190	231	311	4	51	80	0.6375000
NODE_21112_length_640_cov_15.338262	319	399	1	80	80	1.0000000
NODE_21112_length_640_cov_15.338262	372	452	0	13	80	0.1625000
NODE_21112_length_640_cov_15.338262	372	452	1	67	80	0.8375000
NODE_21113_length_640_cov_9.523105	20	43	0	23	23	1.0000000
NODE_21118_length_640_cov_5.123845	272	335	1	43	63	0.6825397
NODE_21118_length_640_cov_5.123845	272	335	2	20	63	0.3174603
NODE_21121_length_640_cov_4.410351	254	334	3	37	80	0.4625000
NODE_21121_length_640_cov_4.410351	254	334	4	43	80	0.5375000
NODE_21121_length_640_cov_4.410351	307	387	0	22	80	0.2750000
NODE_21121_length_640_cov_4.410351	307	387	1	21	80	0.2625000
NODE_21121_length_640_cov_4.410351	307	387	3	37	80	0.4625000
NODE_21129_length_640_cov_3.406654	244	324	0	80	80	1.0000000
NODE_21140_length_640_cov_2.316081	21	57	0	36	36	1.0000000
NODE_21190_length_639_cov_58.092593	302	377	0	75	75	1.0000000
NODE_21190_length_639_cov_58.092593	350	430	0	80	80	1.0000000
NODE_21191_length_639_cov_32.951852	213	293	3	7	80	0.0875000
NODE_21191_length_639_cov_32.951852	213	293	4	24	80	0.3000000
NODE_21191_length_639_cov_32.951852	213	293	5	49	80	0.6125000
NODE_21191_length_639_cov_32.951852	266	346	3	21	80	0.2625000
NODE_21191_length_639_cov_32.951852	266	346	4	43	80	0.5375000
NODE_21191_length_639_cov_32.951852	266	346	5	16	80	0.2000000
NODE_21192_length_639_cov_24.564815	290	370	1	66	80	0.8250000
NODE_21192_length_639_cov_24.564815	290	370	2	14	80	0.1750000
NODE_21192_length_639_cov_24.564815	343	423	1	13	80	0.1625000
NODE_21192_length_639_cov_24.564815	343	423	2	47	80	0.5875000
NODE_21192_length_639_cov_24.564815	343	423	3	20	80	0.2500000
NODE_21193_length_639_cov_14.448148	288	368	0	25	80	0.3125000
NODE_21193_length_639_cov_14.448148	288	368	2	13	80	0.1625000
NODE_21193_length_639_cov_14.448148	288	368	3	15	80	0.1875000
NODE_21193_length_639_cov_14.448148	288	368	5	27	80	0.3375000
NODE_21193_length_639_cov_14.448148	341	421	5	50	80	0.6250000
NODE_21193_length_639_cov_14.448148	341	421	6	30	80	0.3750000
NODE_21195_length_639_cov_9.001852	265	345	1	30	80	0.3750000
NODE_21195_length_639_cov_9.001852	265	345	2	12	80	0.1500000
NODE_21195_length_639_cov_9.001852	265	345	3	9	80	0.1125000
NODE_21195_length_639_cov_9.001852	265	345	4	20	80	0.2500000
NODE_21195_length_639_cov_9.001852	265	345	5	9	80	0.1125000
NODE_21195_length_639_cov_9.001852	318	398	4	18	80	0.2250000
NODE_21195_length_639_cov_9.001852	318	398	5	47	80	0.5875000
NODE_21195_length_639_cov_9.001852	318	398	6	15	80	0.1875000
NODE_21197_length_639_cov_8.444444	161	241	0	14	80	0.1750000
NODE_21197_length_639_cov_8.444444	161	241	1	43	80	0.5375000
NODE_21197_length_639_cov_8.444444	161	241	2	23	80	0.2875000
NODE_21197_length_639_cov_8.444444	214	294	0	67	80	0.8375000
NODE_21197_length_639_cov_8.444444	214	294	1	13	80	0.1625000
NODE_21202_length_639_cov_6.283333	157	176	0	19	19	1.0000000
NODE_21207_length_639_cov_4.188889	258	335	0	77	77	1.0000000
NODE_21207_length_639_cov_4.188889	308	354	0	46	46	1.0000000
NODE_21213_length_639_cov_3.448148	126	206	0	80	80	1.0000000
NODE_21213_length_639_cov_3.448148	179	259	0	80	80	1.0000000
NODE_21223_length_639_cov_2.683333	256	288	0	32	32	1.0000000
NODE_21224_length_639_cov_2.555556	189	240	2	51	51	1.0000000
NODE_21225_length_639_cov_2.477778	562	635	0	73	73	1.0000000
NODE_21265_length_639_cov_1.179630	542	564	0	22	22	1.0000000
NODE_21269_length_639_cov_1.051852	404	455	0	51	51	1.0000000
NODE_21278_length_638_cov_13.018553	273	353	5	46	80	0.5750000
NODE_21278_length_638_cov_13.018553	273	353	6	34	80	0.4250000
NODE_21278_length_638_cov_13.018553	326	406	2	9	80	0.1125000
NODE_21278_length_638_cov_13.018553	326	406	3	18	80	0.2250000
NODE_21278_length_638_cov_13.018553	326	406	5	53	80	0.6625000
NODE_21279_length_638_cov_12.656772	343	423	0	80	80	1.0000000
NODE_21279_length_638_cov_12.656772	396	476	0	80	80	1.0000000
NODE_21280_length_638_cov_11.877551	298	378	3	20	80	0.2500000
NODE_21280_length_638_cov_11.877551	298	378	4	35	80	0.4375000
NODE_21280_length_638_cov_11.877551	298	378	5	25	80	0.3125000
NODE_21280_length_638_cov_11.877551	351	431	2	38	80	0.4750000
NODE_21280_length_638_cov_11.877551	351	431	3	35	80	0.4375000
NODE_21280_length_638_cov_11.877551	351	431	4	4	80	0.0500000
NODE_21280_length_638_cov_11.877551	351	431	5	3	80	0.0375000
NODE_21281_length_638_cov_8.779221	330	408	0	14	78	0.1794872
NODE_21281_length_638_cov_8.779221	330	408	2	64	78	0.8205128
NODE_21281_length_638_cov_8.779221	383	461	2	78	78	1.0000000
NODE_21284_length_638_cov_5.543599	315	395	0	80	80	1.0000000
NODE_21290_length_638_cov_3.966605	307	387	1	80	80	1.0000000
NODE_21301_length_638_cov_2.786642	157	208	0	51	51	1.0000000
NODE_21301_length_638_cov_2.786642	181	261	0	80	80	1.0000000
NODE_21364_length_637_cov_67.157993	285	365	8	25	80	0.3125000
NODE_21364_length_637_cov_67.157993	285	365	10	5	80	0.0625000
NODE_21364_length_637_cov_67.157993	285	365	11	14	80	0.1750000
NODE_21364_length_637_cov_67.157993	285	365	12	5	80	0.0625000
NODE_21364_length_637_cov_67.157993	285	365	13	31	80	0.3875000
NODE_21364_length_637_cov_67.157993	338	418	4	3	80	0.0375000
NODE_21364_length_637_cov_67.157993	338	418	5	1	80	0.0125000
NODE_21364_length_637_cov_67.157993	338	418	6	20	80	0.2500000
NODE_21364_length_637_cov_67.157993	338	418	7	23	80	0.2875000
NODE_21364_length_637_cov_67.157993	338	418	8	31	80	0.3875000
NODE_21364_length_637_cov_67.157993	338	418	10	2	80	0.0250000
NODE_21364_length_637_cov_67.157993	414	494	5	8	80	0.1000000
NODE_21364_length_637_cov_67.157993	414	494	6	65	80	0.8125000
NODE_21364_length_637_cov_67.157993	414	494	7	7	80	0.0875000
NODE_21364_length_637_cov_67.157993	467	547	5	9	80	0.1125000
NODE_21364_length_637_cov_67.157993	467	547	6	34	80	0.4250000
NODE_21364_length_637_cov_67.157993	467	547	7	37	80	0.4625000
NODE_21365_length_637_cov_63.029740	195	275	2	50	80	0.6250000
NODE_21365_length_637_cov_63.029740	195	275	3	5	80	0.0625000
NODE_21365_length_637_cov_63.029740	195	275	4	25	80	0.3125000
NODE_21365_length_637_cov_63.029740	248	328	2	78	80	0.9750000
NODE_21365_length_637_cov_63.029740	248	328	3	2	80	0.0250000
NODE_21366_length_637_cov_44.923792	53	133	0	80	80	1.0000000
NODE_21366_length_637_cov_44.923792	54	133	0	79	79	1.0000000
NODE_21366_length_637_cov_44.923792	106	186	0	80	80	1.0000000
NODE_21366_length_637_cov_44.923792	106	186	0	80	80	1.0000000
NODE_21366_length_637_cov_44.923792	182	262	0	68	80	0.8500000
NODE_21366_length_637_cov_44.923792	182	262	1	12	80	0.1500000
NODE_21366_length_637_cov_44.923792	235	315	0	15	80	0.1875000
NODE_21366_length_637_cov_44.923792	235	315	1	65	80	0.8125000
NODE_21367_length_637_cov_44.193309	193	273	4	80	80	1.0000000
NODE_21367_length_637_cov_44.193309	246	326	0	3	80	0.0375000
NODE_21367_length_637_cov_44.193309	246	326	2	1	80	0.0125000
NODE_21367_length_637_cov_44.193309	246	326	3	10	80	0.1250000
NODE_21367_length_637_cov_44.193309	246	326	4	66	80	0.8250000
NODE_21368_length_637_cov_37.855019	215	295	2	8	80	0.1000000
NODE_21368_length_637_cov_37.855019	215	295	3	39	80	0.4875000
NODE_21368_length_637_cov_37.855019	215	295	4	33	80	0.4125000
NODE_21368_length_637_cov_37.855019	268	347	2	41	79	0.5189874
NODE_21368_length_637_cov_37.855019	268	347	3	16	79	0.2025317
NODE_21368_length_637_cov_37.855019	268	347	4	22	79	0.2784810
NODE_21369_length_637_cov_33.957249	332	412	8	11	80	0.1375000
NODE_21369_length_637_cov_33.957249	332	412	9	7	80	0.0875000
NODE_21369_length_637_cov_33.957249	332	412	10	33	80	0.4125000
NODE_21369_length_637_cov_33.957249	332	412	12	12	80	0.1500000
NODE_21369_length_637_cov_33.957249	332	412	13	10	80	0.1250000
NODE_21369_length_637_cov_33.957249	332	412	14	3	80	0.0375000
NODE_21369_length_637_cov_33.957249	332	412	15	4	80	0.0500000
NODE_21369_length_637_cov_33.957249	385	465	9	13	80	0.1625000
NODE_21369_length_637_cov_33.957249	385	465	10	3	80	0.0375000
NODE_21369_length_637_cov_33.957249	385	465	12	19	80	0.2375000
NODE_21369_length_637_cov_33.957249	385	465	13	38	80	0.4750000
NODE_21369_length_637_cov_33.957249	385	465	14	3	80	0.0375000
NODE_21369_length_637_cov_33.957249	385	465	15	4	80	0.0500000
NODE_21370_length_637_cov_23.682156	275	355	0	18	80	0.2250000
NODE_21370_length_637_cov_23.682156	275	355	2	62	80	0.7750000
NODE_21370_length_637_cov_23.682156	328	408	0	5	80	0.0625000
NODE_21370_length_637_cov_23.682156	328	408	2	75	80	0.9375000
NODE_21371_length_637_cov_19.676580	267	347	4	3	80	0.0375000
NODE_21371_length_637_cov_19.676580	267	347	5	77	80	0.9625000
NODE_21371_length_637_cov_19.676580	320	400	3	32	80	0.4000000
NODE_21371_length_637_cov_19.676580	320	400	5	48	80	0.6000000
NODE_21373_length_637_cov_9.182156	226	276	0	50	50	1.0000000
NODE_21373_length_637_cov_9.182156	312	357	0	45	45	1.0000000
NODE_21374_length_637_cov_9.078067	276	357	2	37	81	0.4567901
NODE_21374_length_637_cov_9.078067	276	357	5	2	81	0.0246914
NODE_21374_length_637_cov_9.078067	276	357	7	7	81	0.0864198
NODE_21374_length_637_cov_9.078067	276	357	8	35	81	0.4320988
NODE_21374_length_637_cov_9.078067	330	410	2	80	80	1.0000000
NODE_21375_length_637_cov_8.566914	235	315	0	80	80	1.0000000
NODE_21375_length_637_cov_8.566914	288	368	0	80	80	1.0000000
NODE_21378_length_637_cov_6.652416	337	415	0	78	78	1.0000000
NODE_21378_length_637_cov_6.652416	390	472	0	82	82	1.0000000
NODE_21385_length_637_cov_4.522305	284	364	2	80	80	1.0000000
NODE_21385_length_637_cov_4.522305	337	417	0	8	80	0.1000000
NODE_21385_length_637_cov_4.522305	337	417	1	18	80	0.2250000
NODE_21385_length_637_cov_4.522305	337	417	2	54	80	0.6750000
NODE_21389_length_637_cov_4.131970	292	370	0	78	78	1.0000000
NODE_21389_length_637_cov_4.131970	343	423	0	38	80	0.4750000
NODE_21389_length_637_cov_4.131970	343	423	1	18	80	0.2250000
NODE_21389_length_637_cov_4.131970	343	423	2	16	80	0.2000000
NODE_21389_length_637_cov_4.131970	343	423	3	8	80	0.1000000
NODE_21457_length_636_cov_19.938547	214	294	4	34	80	0.4250000
NODE_21457_length_636_cov_19.938547	214	294	6	24	80	0.3000000
NODE_21457_length_636_cov_19.938547	214	294	7	12	80	0.1500000
NODE_21457_length_636_cov_19.938547	214	294	8	10	80	0.1250000
NODE_21457_length_636_cov_19.938547	267	347	5	27	80	0.3375000
NODE_21457_length_636_cov_19.938547	267	347	6	30	80	0.3750000
NODE_21457_length_636_cov_19.938547	267	347	7	13	80	0.1625000
NODE_21457_length_636_cov_19.938547	267	347	8	10	80	0.1250000
NODE_21458_length_636_cov_12.283054	295	375	2	80	80	1.0000000
NODE_21458_length_636_cov_12.283054	348	428	0	30	80	0.3750000
NODE_21458_length_636_cov_12.283054	348	428	2	50	80	0.6250000
NODE_21460_length_636_cov_8.312849	346	413	6	11	67	0.1641791
NODE_21460_length_636_cov_8.312849	346	413	7	21	67	0.3134328
NODE_21460_length_636_cov_8.312849	346	413	8	35	67	0.5223880
NODE_21460_length_636_cov_8.312849	399	479	2	1	80	0.0125000
NODE_21460_length_636_cov_8.312849	399	479	3	42	80	0.5250000
NODE_21460_length_636_cov_8.312849	399	479	5	9	80	0.1125000
NODE_21460_length_636_cov_8.312849	399	479	7	4	80	0.0500000
NODE_21460_length_636_cov_8.312849	399	479	8	24	80	0.3000000
NODE_21467_length_636_cov_4.324022	185	251	0	21	66	0.3181818
NODE_21467_length_636_cov_4.324022	185	251	2	45	66	0.6818182
NODE_21467_length_636_cov_4.324022	224	266	2	42	42	1.0000000
NODE_21467_length_636_cov_4.324022	224	264	2	40	40	1.0000000
NODE_21539_length_635_cov_45.483209	195	239	17	1	44	0.0227273
NODE_21539_length_635_cov_45.483209	195	239	18	4	44	0.0909091
NODE_21539_length_635_cov_45.483209	195	239	19	14	44	0.3181818
NODE_21539_length_635_cov_45.483209	195	239	20	2	44	0.0454545
NODE_21539_length_635_cov_45.483209	195	239	21	6	44	0.1363636
NODE_21539_length_635_cov_45.483209	195	239	22	2	44	0.0454545
NODE_21539_length_635_cov_45.483209	195	239	23	4	44	0.0909091
NODE_21539_length_635_cov_45.483209	195	239	24	8	44	0.1818182
NODE_21539_length_635_cov_45.483209	195	239	25	3	44	0.0681818
NODE_21539_length_635_cov_45.483209	225	268	23	6	43	0.1395349
NODE_21539_length_635_cov_45.483209	225	268	24	19	43	0.4418605
NODE_21539_length_635_cov_45.483209	225	268	25	12	43	0.2790698
NODE_21539_length_635_cov_45.483209	225	268	26	6	43	0.1395349
NODE_21539_length_635_cov_45.483209	248	298	19	11	50	0.2200000
NODE_21539_length_635_cov_45.483209	248	298	20	9	50	0.1800000
NODE_21539_length_635_cov_45.483209	248	298	21	4	50	0.0800000
NODE_21539_length_635_cov_45.483209	248	298	22	4	50	0.0800000
NODE_21539_length_635_cov_45.483209	248	298	23	5	50	0.1000000
NODE_21539_length_635_cov_45.483209	248	298	24	11	50	0.2200000
NODE_21539_length_635_cov_45.483209	248	298	26	6	50	0.1200000
NODE_21541_length_635_cov_23.895522	179	259	2	17	80	0.2125000
NODE_21541_length_635_cov_23.895522	179	259	3	38	80	0.4750000
NODE_21541_length_635_cov_23.895522	179	259	4	21	80	0.2625000
NODE_21541_length_635_cov_23.895522	179	259	5	4	80	0.0500000
NODE_21541_length_635_cov_23.895522	232	312	3	6	80	0.0750000
NODE_21541_length_635_cov_23.895522	232	312	4	70	80	0.8750000
NODE_21541_length_635_cov_23.895522	232	312	5	4	80	0.0500000
NODE_21543_length_635_cov_14.772388	48	128	1	33	80	0.4125000
NODE_21543_length_635_cov_14.772388	48	128	2	47	80	0.5875000
NODE_21543_length_635_cov_14.772388	101	181	2	55	80	0.6875000
NODE_21543_length_635_cov_14.772388	101	181	3	5	80	0.0625000
NODE_21543_length_635_cov_14.772388	101	181	4	20	80	0.2500000
NODE_21549_length_635_cov_6.180970	276	356	4	74	80	0.9250000
NODE_21549_length_635_cov_6.180970	276	356	6	6	80	0.0750000
NODE_21549_length_635_cov_6.180970	329	409	3	39	80	0.4875000
NODE_21549_length_635_cov_6.180970	329	409	4	41	80	0.5125000
NODE_21554_length_635_cov_4.421642	442	522	0	80	80	1.0000000
NODE_21560_length_635_cov_2.985075	296	376	0	9	80	0.1125000
NODE_21560_length_635_cov_2.985075	296	376	2	71	80	0.8875000
NODE_21625_length_634_cov_53.315888	349	429	4	6	80	0.0750000
NODE_21625_length_634_cov_53.315888	349	429	5	6	80	0.0750000
NODE_21625_length_634_cov_53.315888	349	429	6	8	80	0.1000000
NODE_21625_length_634_cov_53.315888	349	429	7	36	80	0.4500000
NODE_21625_length_634_cov_53.315888	349	429	8	24	80	0.3000000
NODE_21625_length_634_cov_53.315888	402	482	3	31	80	0.3875000
NODE_21625_length_634_cov_53.315888	402	482	5	9	80	0.1125000
NODE_21625_length_634_cov_53.315888	402	482	6	12	80	0.1500000
NODE_21625_length_634_cov_53.315888	402	482	7	28	80	0.3500000
NODE_21626_length_634_cov_28.530841	156	236	4	1	80	0.0125000
NODE_21626_length_634_cov_28.530841	156	236	5	14	80	0.1750000
NODE_21626_length_634_cov_28.530841	156	236	6	65	80	0.8125000
NODE_21626_length_634_cov_28.530841	209	289	2	11	80	0.1375000
NODE_21626_length_634_cov_28.530841	209	289	4	5	80	0.0625000
NODE_21626_length_634_cov_28.530841	209	289	5	9	80	0.1125000
NODE_21626_length_634_cov_28.530841	209	289	6	55	80	0.6875000
NODE_21627_length_634_cov_19.117757	151	229	0	78	78	1.0000000
NODE_21627_length_634_cov_19.117757	204	268	0	64	64	1.0000000
NODE_21628_length_634_cov_18.762617	84	164	5	80	80	1.0000000
NODE_21628_length_634_cov_18.762617	137	217	1	8	80	0.1000000
NODE_21628_length_634_cov_18.762617	137	217	2	22	80	0.2750000
NODE_21628_length_634_cov_18.762617	137	217	4	6	80	0.0750000
NODE_21628_length_634_cov_18.762617	137	217	5	44	80	0.5500000
NODE_21629_length_634_cov_18.136449	162	242	1	41	80	0.5125000
NODE_21629_length_634_cov_18.136449	162	242	2	28	80	0.3500000
NODE_21629_length_634_cov_18.136449	162	242	4	11	80	0.1375000
NODE_21629_length_634_cov_18.136449	215	295	2	16	80	0.2000000
NODE_21629_length_634_cov_18.136449	215	295	4	57	80	0.7125000
NODE_21629_length_634_cov_18.136449	215	295	5	7	80	0.0875000
NODE_21635_length_634_cov_9.988785	508	553	0	45	45	1.0000000
NODE_21636_length_634_cov_9.381308	267	353	2	23	86	0.2674419
NODE_21636_length_634_cov_9.381308	267	353	3	63	86	0.7325581
NODE_21636_length_634_cov_9.381308	324	404	0	1	80	0.0125000
NODE_21636_length_634_cov_9.381308	324	404	1	12	80	0.1500000
NODE_21636_length_634_cov_9.381308	324	404	2	61	80	0.7625000
NODE_21636_length_634_cov_9.381308	324	404	3	6	80	0.0750000
NODE_21651_length_634_cov_3.702804	460	532	0	72	72	1.0000000
NODE_21720_length_633_cov_30.076779	180	214	0	34	34	1.0000000
NODE_21720_length_633_cov_30.076779	187	267	0	80	80	1.0000000
NODE_21720_length_633_cov_30.076779	263	343	0	80	80	1.0000000
NODE_21720_length_633_cov_30.076779	316	396	0	80	80	1.0000000
NODE_21721_length_633_cov_17.595506	282	362	0	9	80	0.1125000
NODE_21721_length_633_cov_17.595506	282	362	2	71	80	0.8875000
NODE_21721_length_633_cov_17.595506	335	415	0	16	80	0.2000000
NODE_21721_length_633_cov_17.595506	335	415	2	64	80	0.8000000
NODE_21722_length_633_cov_17.327715	228	308	0	33	80	0.4125000
NODE_21722_length_633_cov_17.327715	228	308	1	17	80	0.2125000
NODE_21722_length_633_cov_17.327715	228	308	2	6	80	0.0750000
NODE_21722_length_633_cov_17.327715	228	308	3	24	80	0.3000000
NODE_21722_length_633_cov_17.327715	281	361	2	3	80	0.0375000
NODE_21722_length_633_cov_17.327715	281	361	3	55	80	0.6875000
NODE_21722_length_633_cov_17.327715	281	361	4	22	80	0.2750000
NODE_21723_length_633_cov_9.689139	79	147	0	49	68	0.7205882
NODE_21723_length_633_cov_9.689139	79	147	2	19	68	0.2794118
NODE_21729_length_633_cov_7.018727	309	389	0	22	80	0.2750000
NODE_21729_length_633_cov_7.018727	309	389	1	7	80	0.0875000
NODE_21729_length_633_cov_7.018727	309	389	2	38	80	0.4750000
NODE_21729_length_633_cov_7.018727	309	389	3	13	80	0.1625000
NODE_21729_length_633_cov_7.018727	362	442	0	22	80	0.2750000
NODE_21729_length_633_cov_7.018727	362	442	1	3	80	0.0375000
NODE_21729_length_633_cov_7.018727	362	442	2	55	80	0.6875000
NODE_21755_length_633_cov_2.644195	166	240	0	15	74	0.2027027
NODE_21755_length_633_cov_2.644195	166	240	2	59	74	0.7972973
NODE_21816_length_632_cov_25.425891	332	412	4	8	80	0.1000000
NODE_21816_length_632_cov_25.425891	332	412	5	70	80	0.8750000
NODE_21816_length_632_cov_25.425891	332	412	6	2	80	0.0250000
NODE_21816_length_632_cov_25.425891	385	465	3	12	80	0.1500000
NODE_21816_length_632_cov_25.425891	385	465	4	30	80	0.3750000
NODE_21816_length_632_cov_25.425891	385	465	5	38	80	0.4750000
NODE_21817_length_632_cov_21.613508	243	323	0	80	80	1.0000000
NODE_21817_length_632_cov_21.613508	296	376	0	80	80	1.0000000
NODE_21818_length_632_cov_16.465291	293	373	6	25	80	0.3125000
NODE_21818_length_632_cov_16.465291	293	373	8	55	80	0.6875000
NODE_21818_length_632_cov_16.465291	346	426	2	4	80	0.0500000
NODE_21818_length_632_cov_16.465291	346	426	4	34	80	0.4250000
NODE_21818_length_632_cov_16.465291	346	426	5	3	80	0.0375000
NODE_21818_length_632_cov_16.465291	346	426	6	28	80	0.3500000
NODE_21818_length_632_cov_16.465291	346	426	8	11	80	0.1375000
NODE_21819_length_632_cov_13.260788	232	312	3	12	80	0.1500000
NODE_21819_length_632_cov_13.260788	232	312	4	68	80	0.8500000
NODE_21819_length_632_cov_13.260788	285	365	0	15	80	0.1875000
NODE_21819_length_632_cov_13.260788	285	365	2	12	80	0.1500000
NODE_21819_length_632_cov_13.260788	285	365	3	38	80	0.4750000
NODE_21819_length_632_cov_13.260788	285	365	4	15	80	0.1875000
NODE_21821_length_632_cov_9.106942	188	268	0	80	80	1.0000000
NODE_21821_length_632_cov_9.106942	241	321	0	80	80	1.0000000
NODE_21834_length_632_cov_4.135084	229	309	0	80	80	1.0000000
NODE_21834_length_632_cov_4.135084	282	359	0	77	77	1.0000000
NODE_21841_length_632_cov_2.939962	216	274	2	20	58	0.3448276
NODE_21841_length_632_cov_2.939962	216	274	3	6	58	0.1034483
NODE_21841_length_632_cov_2.939962	216	274	4	32	58	0.5517241
NODE_21841_length_632_cov_2.939962	247	327	2	8	80	0.1000000
NODE_21841_length_632_cov_2.939962	247	327	4	72	80	0.9000000
NODE_21848_length_632_cov_2.330206	57	76	0	19	19	1.0000000
NODE_21912_length_631_cov_31.469925	321	396	1	19	75	0.2533333
NODE_21912_length_631_cov_31.469925	321	396	2	32	75	0.4266667
NODE_21912_length_631_cov_31.469925	321	396	6	24	75	0.3200000
NODE_21912_length_631_cov_31.469925	369	449	2	3	80	0.0375000
NODE_21912_length_631_cov_31.469925	369	449	6	77	80	0.9625000
NODE_21913_length_631_cov_26.453008	383	463	0	80	80	1.0000000
NODE_21913_length_631_cov_26.453008	436	516	0	80	80	1.0000000
NODE_21917_length_631_cov_8.374060	318	398	0	44	80	0.5500000
NODE_21917_length_631_cov_8.374060	318	398	2	36	80	0.4500000
NODE_21917_length_631_cov_8.374060	371	451	0	80	80	1.0000000
NODE_21924_length_631_cov_5.507519	335	386	0	51	51	1.0000000
NODE_21927_length_631_cov_5.227444	443	523	0	80	80	1.0000000
NODE_21927_length_631_cov_5.227444	496	576	0	80	80	1.0000000
NODE_21942_length_631_cov_2.926692	307	354	0	47	47	1.0000000
NODE_21983_length_631_cov_1.383459	248	267	2	19	19	1.0000000
NODE_22011_length_630_cov_41.728814	6	86	0	4	80	0.0500000
NODE_22011_length_630_cov_41.728814	6	86	1	30	80	0.3750000
NODE_22011_length_630_cov_41.728814	6	86	2	46	80	0.5750000
NODE_22011_length_630_cov_41.728814	59	139	2	80	80	1.0000000
NODE_22012_length_630_cov_24.856874	421	501	1	19	80	0.2375000
NODE_22012_length_630_cov_24.856874	421	501	3	8	80	0.1000000
NODE_22012_length_630_cov_24.856874	421	501	4	53	80	0.6625000
NODE_22012_length_630_cov_24.856874	474	554	0	32	80	0.4000000
NODE_22012_length_630_cov_24.856874	474	554	1	40	80	0.5000000
NODE_22012_length_630_cov_24.856874	474	554	3	8	80	0.1000000
NODE_22013_length_630_cov_14.323917	196	276	7	12	80	0.1500000
NODE_22013_length_630_cov_14.323917	196	276	8	20	80	0.2500000
NODE_22013_length_630_cov_14.323917	196	276	9	23	80	0.2875000
NODE_22013_length_630_cov_14.323917	196	276	10	6	80	0.0750000
NODE_22013_length_630_cov_14.323917	196	276	11	9	80	0.1125000
NODE_22013_length_630_cov_14.323917	196	276	12	3	80	0.0375000
NODE_22013_length_630_cov_14.323917	196	276	13	5	80	0.0625000
NODE_22013_length_630_cov_14.323917	196	276	15	2	80	0.0250000
NODE_22013_length_630_cov_14.323917	249	329	8	2	80	0.0250000
NODE_22013_length_630_cov_14.323917	249	329	9	2	80	0.0250000
NODE_22013_length_630_cov_14.323917	249	329	10	4	80	0.0500000
NODE_22013_length_630_cov_14.323917	249	329	11	9	80	0.1125000
NODE_22013_length_630_cov_14.323917	249	329	12	3	80	0.0375000
NODE_22013_length_630_cov_14.323917	249	329	13	7	80	0.0875000
NODE_22013_length_630_cov_14.323917	249	329	14	13	80	0.1625000
NODE_22013_length_630_cov_14.323917	249	329	15	21	80	0.2625000
NODE_22013_length_630_cov_14.323917	249	329	16	19	80	0.2375000
NODE_22014_length_630_cov_9.964218	284	364	0	80	80	1.0000000
NODE_22014_length_630_cov_9.964218	337	417	0	80	80	1.0000000
NODE_22086_length_629_cov_38.271698	288	368	5	1	80	0.0125000
NODE_22086_length_629_cov_38.271698	288	368	6	13	80	0.1625000
NODE_22086_length_629_cov_38.271698	288	368	7	66	80	0.8250000
NODE_22086_length_629_cov_38.271698	341	421	2	21	80	0.2625000
NODE_22086_length_629_cov_38.271698	341	421	3	1	80	0.0125000
NODE_22086_length_629_cov_38.271698	341	421	4	16	80	0.2000000
NODE_22086_length_629_cov_38.271698	341	421	5	1	80	0.0125000
NODE_22086_length_629_cov_38.271698	341	421	6	21	80	0.2625000
NODE_22086_length_629_cov_38.271698	341	421	7	20	80	0.2500000
NODE_22087_length_629_cov_27.556604	212	292	0	75	80	0.9375000
NODE_22087_length_629_cov_27.556604	212	292	2	5	80	0.0625000
NODE_22087_length_629_cov_27.556604	265	345	0	22	80	0.2750000
NODE_22087_length_629_cov_27.556604	265	345	2	58	80	0.7250000
NODE_22088_length_629_cov_24.150943	356	436	14	22	80	0.2750000
NODE_22088_length_629_cov_24.150943	356	436	15	32	80	0.4000000
NODE_22088_length_629_cov_24.150943	356	436	16	13	80	0.1625000
NODE_22088_length_629_cov_24.150943	356	436	17	13	80	0.1625000
NODE_22088_length_629_cov_24.150943	409	489	9	1	80	0.0125000
NODE_22088_length_629_cov_24.150943	409	489	10	3	80	0.0375000
NODE_22088_length_629_cov_24.150943	409	489	11	2	80	0.0250000
NODE_22088_length_629_cov_24.150943	409	489	12	8	80	0.1000000
NODE_22088_length_629_cov_24.150943	409	489	14	17	80	0.2125000
NODE_22088_length_629_cov_24.150943	409	489	15	36	80	0.4500000
NODE_22088_length_629_cov_24.150943	409	489	16	8	80	0.1000000
NODE_22088_length_629_cov_24.150943	409	489	17	5	80	0.0625000
NODE_22091_length_629_cov_13.641509	176	256	4	80	80	1.0000000
NODE_22091_length_629_cov_13.641509	229	309	1	25	80	0.3125000
NODE_22091_length_629_cov_13.641509	229	309	2	16	80	0.2000000
NODE_22091_length_629_cov_13.641509	229	309	4	39	80	0.4875000
NODE_22101_length_629_cov_4.264151	362	442	1	67	80	0.8375000
NODE_22101_length_629_cov_4.264151	362	442	2	13	80	0.1625000
NODE_22188_length_628_cov_5.015123	210	274	2	64	64	1.0000000
NODE_22257_length_627_cov_24.500000	217	297	1	36	80	0.4500000
NODE_22257_length_627_cov_24.500000	217	297	2	6	80	0.0750000
NODE_22257_length_627_cov_24.500000	217	297	3	28	80	0.3500000
NODE_22257_length_627_cov_24.500000	217	297	4	10	80	0.1250000
NODE_22257_length_627_cov_24.500000	270	350	3	18	80	0.2250000
NODE_22257_length_627_cov_24.500000	270	350	4	62	80	0.7750000
NODE_22258_length_627_cov_20.395833	84	164	3	3	80	0.0375000
NODE_22258_length_627_cov_20.395833	84	164	4	6	80	0.0750000
NODE_22258_length_627_cov_20.395833	84	164	6	47	80	0.5875000
NODE_22258_length_627_cov_20.395833	84	164	7	20	80	0.2500000
NODE_22258_length_627_cov_20.395833	84	164	8	1	80	0.0125000
NODE_22258_length_627_cov_20.395833	84	164	9	3	80	0.0375000
NODE_22258_length_627_cov_20.395833	137	217	6	13	80	0.1625000
NODE_22258_length_627_cov_20.395833	137	217	7	10	80	0.1250000
NODE_22258_length_627_cov_20.395833	137	217	8	21	80	0.2625000
NODE_22258_length_627_cov_20.395833	137	217	9	14	80	0.1750000
NODE_22258_length_627_cov_20.395833	137	217	10	22	80	0.2750000
NODE_22259_length_627_cov_19.676136	308	388	5	23	80	0.2875000
NODE_22259_length_627_cov_19.676136	308	388	7	5	80	0.0625000
NODE_22259_length_627_cov_19.676136	308	388	8	8	80	0.1000000
NODE_22259_length_627_cov_19.676136	308	388	9	6	80	0.0750000
NODE_22259_length_627_cov_19.676136	308	388	10	18	80	0.2250000
NODE_22259_length_627_cov_19.676136	308	388	11	20	80	0.2500000
NODE_22259_length_627_cov_19.676136	361	441	8	19	80	0.2375000
NODE_22259_length_627_cov_19.676136	361	441	9	16	80	0.2000000
NODE_22259_length_627_cov_19.676136	361	441	10	7	80	0.0875000
NODE_22259_length_627_cov_19.676136	361	441	11	38	80	0.4750000
NODE_22260_length_627_cov_17.634470	264	296	2	32	32	1.0000000
NODE_22260_length_627_cov_17.634470	360	385	0	25	25	1.0000000
NODE_22260_length_627_cov_17.634470	365	385	0	20	20	1.0000000
NODE_22260_length_627_cov_17.634470	385	424	0	39	39	1.0000000
NODE_22267_length_627_cov_5.634470	298	346	2	48	48	1.0000000
NODE_22274_length_627_cov_4.517045	323	403	0	80	80	1.0000000
NODE_22274_length_627_cov_4.517045	376	456	0	80	80	1.0000000
NODE_22357_length_626_cov_24.184061	140	220	1	46	80	0.5750000
NODE_22357_length_626_cov_24.184061	140	220	3	34	80	0.4250000
NODE_22357_length_626_cov_24.184061	193	273	1	5	80	0.0625000
NODE_22357_length_626_cov_24.184061	193	273	3	75	80	0.9375000
NODE_22358_length_626_cov_21.189753	342	419	1	77	77	1.0000000
NODE_22358_length_626_cov_21.189753	342	419	1	77	77	1.0000000
NODE_22358_length_626_cov_21.189753	392	453	0	24	61	0.3934426
NODE_22358_length_626_cov_21.189753	392	453	1	37	61	0.6065574
NODE_22364_length_626_cov_7.100569	236	311	0	75	75	1.0000000
NODE_22364_length_626_cov_7.100569	284	364	0	80	80	1.0000000
NODE_22366_length_626_cov_6.296015	193	273	0	80	80	1.0000000
NODE_22366_length_626_cov_6.296015	246	326	0	80	80	1.0000000
NODE_22367_length_626_cov_6.163188	257	337	3	25	80	0.3125000
NODE_22367_length_626_cov_6.163188	257	337	4	41	80	0.5125000
NODE_22367_length_626_cov_6.163188	257	337	5	14	80	0.1750000
NODE_22367_length_626_cov_6.163188	310	390	3	78	80	0.9750000
NODE_22367_length_626_cov_6.163188	310	390	5	2	80	0.0250000
NODE_22438_length_625_cov_33.100760	239	319	0	43	80	0.5375000
NODE_22438_length_625_cov_33.100760	239	319	2	37	80	0.4625000
NODE_22438_length_625_cov_33.100760	292	372	2	80	80	1.0000000
NODE_22438_length_625_cov_33.100760	368	448	0	19	80	0.2375000
NODE_22438_length_625_cov_33.100760	368	448	2	61	80	0.7625000
NODE_22438_length_625_cov_33.100760	421	501	0	72	80	0.9000000
NODE_22438_length_625_cov_33.100760	421	501	2	8	80	0.1000000
NODE_22439_length_625_cov_21.062738	267	347	1	10	80	0.1250000
NODE_22439_length_625_cov_21.062738	267	347	2	37	80	0.4625000
NODE_22439_length_625_cov_21.062738	267	347	3	13	80	0.1625000
NODE_22439_length_625_cov_21.062738	267	347	4	8	80	0.1000000
NODE_22439_length_625_cov_21.062738	267	347	5	1	80	0.0125000
NODE_22439_length_625_cov_21.062738	267	347	6	11	80	0.1375000
NODE_22439_length_625_cov_21.062738	320	400	3	7	80	0.0875000
NODE_22439_length_625_cov_21.062738	320	400	4	8	80	0.1000000
NODE_22439_length_625_cov_21.062738	320	400	5	1	80	0.0125000
NODE_22439_length_625_cov_21.062738	320	400	6	64	80	0.8000000
NODE_22440_length_625_cov_14.237643	28	108	1	80	80	1.0000000
NODE_22440_length_625_cov_14.237643	81	161	0	5	80	0.0625000
NODE_22440_length_625_cov_14.237643	81	161	1	75	80	0.9375000
NODE_22441_length_625_cov_14.207224	358	438	2	55	80	0.6875000
NODE_22441_length_625_cov_14.207224	358	438	4	25	80	0.3125000
NODE_22441_length_625_cov_14.207224	411	491	2	67	80	0.8375000
NODE_22441_length_625_cov_14.207224	411	491	4	13	80	0.1625000
NODE_22455_length_625_cov_4.157795	548	600	0	52	52	1.0000000
NODE_22466_length_625_cov_2.929658	118	198	0	80	80	1.0000000
NODE_22466_length_625_cov_2.929658	171	251	0	80	80	1.0000000
NODE_22491_length_625_cov_1.570342	471	502	0	31	31	1.0000000
NODE_22542_length_624_cov_9.598095	77	126	0	49	49	1.0000000
NODE_22542_length_624_cov_9.598095	103	183	0	80	80	1.0000000
NODE_22544_length_624_cov_8.485714	271	351	3	80	80	1.0000000
NODE_22544_length_624_cov_8.485714	324	404	2	5	80	0.0625000
NODE_22544_length_624_cov_8.485714	324	404	3	40	80	0.5000000
NODE_22544_length_624_cov_8.485714	324	404	4	8	80	0.1000000
NODE_22544_length_624_cov_8.485714	324	404	5	27	80	0.3375000
NODE_22546_length_624_cov_6.691429	386	466	0	80	80	1.0000000
NODE_22546_length_624_cov_6.691429	439	519	0	80	80	1.0000000
NODE_22547_length_624_cov_5.592381	312	387	2	12	75	0.1600000
NODE_22547_length_624_cov_5.592381	312	387	3	39	75	0.5200000
NODE_22547_length_624_cov_5.592381	312	387	4	24	75	0.3200000
NODE_22551_length_624_cov_4.638095	328	388	0	60	60	1.0000000
NODE_22642_length_623_cov_41.877863	419	499	4	61	80	0.7625000
NODE_22642_length_623_cov_41.877863	419	499	6	19	80	0.2375000
NODE_22642_length_623_cov_41.877863	472	552	0	35	80	0.4375000
NODE_22642_length_623_cov_41.877863	472	552	2	3	80	0.0375000
NODE_22642_length_623_cov_41.877863	472	552	4	42	80	0.5250000
NODE_22643_length_623_cov_31.875954	148	228	9	1	80	0.0125000
NODE_22643_length_623_cov_31.875954	148	228	10	28	80	0.3500000
NODE_22643_length_623_cov_31.875954	148	228	11	24	80	0.3000000
NODE_22643_length_623_cov_31.875954	148	228	12	27	80	0.3375000
NODE_22643_length_623_cov_31.875954	201	281	2	8	80	0.1000000
NODE_22643_length_623_cov_31.875954	201	281	4	3	80	0.0375000
NODE_22643_length_623_cov_31.875954	201	281	5	8	80	0.1000000
NODE_22643_length_623_cov_31.875954	201	281	6	23	80	0.2875000
NODE_22643_length_623_cov_31.875954	201	281	9	6	80	0.0750000
NODE_22643_length_623_cov_31.875954	201	281	10	15	80	0.1875000
NODE_22643_length_623_cov_31.875954	201	281	11	3	80	0.0375000
NODE_22643_length_623_cov_31.875954	201	281	12	14	80	0.1750000
NODE_22644_length_623_cov_31.192748	313	393	3	22	80	0.2750000
NODE_22644_length_623_cov_31.192748	313	393	4	58	80	0.7250000
NODE_22644_length_623_cov_31.192748	366	446	3	35	80	0.4375000
NODE_22644_length_623_cov_31.192748	366	446	4	41	80	0.5125000
NODE_22644_length_623_cov_31.192748	366	446	5	4	80	0.0500000
NODE_22645_length_623_cov_20.187023	287	367	1	48	80	0.6000000
NODE_22645_length_623_cov_20.187023	287	367	2	14	80	0.1750000
NODE_22645_length_623_cov_20.187023	287	367	3	6	80	0.0750000
NODE_22645_length_623_cov_20.187023	287	367	4	12	80	0.1500000
NODE_22645_length_623_cov_20.187023	340	420	2	9	80	0.1125000
NODE_22645_length_623_cov_20.187023	340	420	3	59	80	0.7375000
NODE_22645_length_623_cov_20.187023	340	420	4	12	80	0.1500000
NODE_22646_length_623_cov_12.045802	377	457	2	80	80	1.0000000
NODE_22646_length_623_cov_12.045802	430	510	0	24	80	0.3000000
NODE_22646_length_623_cov_12.045802	430	510	2	56	80	0.7000000
NODE_22668_length_623_cov_2.891221	457	535	0	78	78	1.0000000
NODE_22725_length_622_cov_19.042065	368	448	2	5	80	0.0625000
NODE_22725_length_622_cov_19.042065	368	448	3	17	80	0.2125000
NODE_22725_length_622_cov_19.042065	368	448	4	58	80	0.7250000
NODE_22725_length_622_cov_19.042065	421	501	2	31	80	0.3875000
NODE_22725_length_622_cov_19.042065	421	501	4	49	80	0.6125000
NODE_22726_length_622_cov_13.470363	109	189	4	26	80	0.3250000
NODE_22726_length_622_cov_13.470363	109	189	5	16	80	0.2000000
NODE_22726_length_622_cov_13.470363	109	189	7	38	80	0.4750000
NODE_22726_length_622_cov_13.470363	162	242	3	23	80	0.2875000
NODE_22726_length_622_cov_13.470363	162	242	4	3	80	0.0375000
NODE_22726_length_622_cov_13.470363	162	242	6	10	80	0.1250000
NODE_22726_length_622_cov_13.470363	162	242	7	44	80	0.5500000
NODE_22752_length_622_cov_2.407266	94	170	0	56	76	0.7368421
NODE_22752_length_622_cov_2.407266	94	170	2	20	76	0.2631579
NODE_22796_length_622_cov_1.353728	346	376	0	30	30	1.0000000
NODE_22819_length_621_cov_46.247126	0	52	0	52	52	1.0000000
NODE_22819_length_621_cov_46.247126	25	105	0	80	80	1.0000000
NODE_22819_length_621_cov_46.247126	101	181	0	34	80	0.4250000
NODE_22819_length_621_cov_46.247126	101	181	2	46	80	0.5750000
NODE_22819_length_621_cov_46.247126	154	234	2	80	80	1.0000000
NODE_22820_length_621_cov_45.764368	344	424	6	2	80	0.0250000
NODE_22820_length_621_cov_45.764368	344	424	7	8	80	0.1000000
NODE_22820_length_621_cov_45.764368	344	424	9	22	80	0.2750000
NODE_22820_length_621_cov_45.764368	344	424	10	20	80	0.2500000
NODE_22820_length_621_cov_45.764368	344	424	11	28	80	0.3500000
NODE_22820_length_621_cov_45.764368	397	477	8	10	80	0.1250000
NODE_22820_length_621_cov_45.764368	397	477	9	17	80	0.2125000
NODE_22820_length_621_cov_45.764368	397	477	10	10	80	0.1250000
NODE_22820_length_621_cov_45.764368	397	477	11	43	80	0.5375000
NODE_22821_length_621_cov_35.147510	393	473	1	7	80	0.0875000
NODE_22821_length_621_cov_35.147510	393	473	2	19	80	0.2375000
NODE_22821_length_621_cov_35.147510	393	473	4	54	80	0.6750000
NODE_22821_length_621_cov_35.147510	446	526	4	80	80	1.0000000
NODE_22822_length_621_cov_13.842912	231	311	0	1	80	0.0125000
NODE_22822_length_621_cov_13.842912	231	311	2	37	80	0.4625000
NODE_22822_length_621_cov_13.842912	231	311	4	42	80	0.5250000
NODE_22822_length_621_cov_13.842912	284	364	2	41	80	0.5125000
NODE_22822_length_621_cov_13.842912	284	364	4	39	80	0.4875000
NODE_22825_length_621_cov_6.279693	376	406	0	30	30	1.0000000
NODE_22845_length_621_cov_2.645594	367	426	0	59	59	1.0000000
NODE_22914_length_620_cov_23.913628	433	513	4	80	80	1.0000000
NODE_22914_length_620_cov_23.913628	486	566	1	29	80	0.3625000
NODE_22914_length_620_cov_23.913628	486	566	2	5	80	0.0625000
NODE_22914_length_620_cov_23.913628	486	566	3	4	80	0.0500000
NODE_22914_length_620_cov_23.913628	486	566	4	42	80	0.5250000
NODE_22915_length_620_cov_9.222649	186	266	0	13	80	0.1625000
NODE_22915_length_620_cov_9.222649	186	266	2	67	80	0.8375000
NODE_22915_length_620_cov_9.222649	239	319	2	80	80	1.0000000
NODE_22919_length_620_cov_7.804223	57	137	2	4	80	0.0500000
NODE_22919_length_620_cov_7.804223	57	137	3	20	80	0.2500000
NODE_22919_length_620_cov_7.804223	57	137	5	56	80	0.7000000
NODE_22919_length_620_cov_7.804223	110	190	3	20	80	0.2500000
NODE_22919_length_620_cov_7.804223	110	190	4	5	80	0.0625000
NODE_22919_length_620_cov_7.804223	110	190	5	55	80	0.6875000
NODE_22920_length_620_cov_6.909789	199	279	2	68	80	0.8500000
NODE_22920_length_620_cov_6.909789	199	279	3	12	80	0.1500000
NODE_22920_length_620_cov_6.909789	252	332	1	21	80	0.2625000
NODE_22920_length_620_cov_6.909789	252	332	2	37	80	0.4625000
NODE_22920_length_620_cov_6.909789	252	332	3	22	80	0.2750000
NODE_22930_length_620_cov_4.560461	309	347	2	38	38	1.0000000
NODE_22930_length_620_cov_4.560461	395	421	0	8	26	0.3076923
NODE_22930_length_620_cov_4.560461	395	421	2	18	26	0.6923077
NODE_22930_length_620_cov_4.560461	395	451	0	38	56	0.6785714
NODE_22930_length_620_cov_4.560461	395	451	2	18	56	0.3214286
NODE_23031_length_619_cov_26.309615	118	198	0	14	80	0.1750000
NODE_23031_length_619_cov_26.309615	118	198	1	8	80	0.1000000
NODE_23031_length_619_cov_26.309615	118	198	2	37	80	0.4625000
NODE_23031_length_619_cov_26.309615	118	198	4	21	80	0.2625000
NODE_23031_length_619_cov_26.309615	171	251	2	6	80	0.0750000
NODE_23031_length_619_cov_26.309615	171	251	4	35	80	0.4375000
NODE_23031_length_619_cov_26.309615	171	251	5	23	80	0.2875000
NODE_23031_length_619_cov_26.309615	171	251	6	16	80	0.2000000
NODE_23033_length_619_cov_10.417308	427	487	1	26	60	0.4333333
NODE_23033_length_619_cov_10.417308	427	487	3	34	60	0.5666667
NODE_23034_length_619_cov_7.944231	213	293	2	61	80	0.7625000
NODE_23034_length_619_cov_7.944231	213	293	3	19	80	0.2375000
NODE_23034_length_619_cov_7.944231	266	346	2	8	80	0.1000000
NODE_23034_length_619_cov_7.944231	266	346	3	19	80	0.2375000
NODE_23034_length_619_cov_7.944231	266	346	4	53	80	0.6625000
NODE_23135_length_618_cov_14.477842	223	299	1	1	76	0.0131579
NODE_23135_length_618_cov_14.477842	223	299	2	10	76	0.1315790
NODE_23135_length_618_cov_14.477842	223	299	3	23	76	0.3026316
NODE_23135_length_618_cov_14.477842	223	299	4	42	76	0.5526316
NODE_23135_length_618_cov_14.477842	223	299	1	1	76	0.0131579
NODE_23135_length_618_cov_14.477842	223	299	2	10	76	0.1315790
NODE_23135_length_618_cov_14.477842	223	299	3	23	76	0.3026316
NODE_23135_length_618_cov_14.477842	223	299	4	42	76	0.5526316
NODE_23135_length_618_cov_14.477842	276	337	4	61	61	1.0000000
NODE_23136_length_618_cov_13.840077	377	457	0	80	80	1.0000000
NODE_23136_length_618_cov_13.840077	430	510	0	80	80	1.0000000
NODE_23137_length_618_cov_12.048170	348	428	0	80	80	1.0000000
NODE_23137_length_618_cov_12.048170	401	481	0	80	80	1.0000000
NODE_23138_length_618_cov_8.799615	353	433	0	5	80	0.0625000
NODE_23138_length_618_cov_8.799615	353	433	1	15	80	0.1875000
NODE_23138_length_618_cov_8.799615	353	433	2	7	80	0.0875000
NODE_23138_length_618_cov_8.799615	353	433	3	8	80	0.1000000
NODE_23138_length_618_cov_8.799615	353	433	4	26	80	0.3250000
NODE_23138_length_618_cov_8.799615	353	433	6	19	80	0.2375000
NODE_23138_length_618_cov_8.799615	406	486	4	8	80	0.1000000
NODE_23138_length_618_cov_8.799615	406	486	6	72	80	0.9000000
NODE_23147_length_618_cov_3.793834	412	478	0	58	66	0.8787879
NODE_23147_length_618_cov_3.793834	412	478	2	8	66	0.1212121
NODE_23148_length_618_cov_3.761079	305	385	0	80	80	1.0000000
NODE_23252_length_617_cov_29.565637	378	458	5	1	80	0.0125000
NODE_23252_length_617_cov_29.565637	378	458	7	2	80	0.0250000
NODE_23252_length_617_cov_29.565637	378	458	8	6	80	0.0750000
NODE_23252_length_617_cov_29.565637	378	458	9	3	80	0.0375000
NODE_23252_length_617_cov_29.565637	378	458	10	3	80	0.0375000
NODE_23252_length_617_cov_29.565637	378	458	11	20	80	0.2500000
NODE_23252_length_617_cov_29.565637	378	458	12	45	80	0.5625000
NODE_23252_length_617_cov_29.565637	431	511	1	20	80	0.2500000
NODE_23252_length_617_cov_29.565637	431	511	3	7	80	0.0875000
NODE_23252_length_617_cov_29.565637	431	511	4	6	80	0.0750000
NODE_23252_length_617_cov_29.565637	431	511	5	21	80	0.2625000
NODE_23252_length_617_cov_29.565637	431	511	7	2	80	0.0250000
NODE_23252_length_617_cov_29.565637	431	511	8	6	80	0.0750000
NODE_23252_length_617_cov_29.565637	431	511	9	3	80	0.0375000
NODE_23252_length_617_cov_29.565637	431	511	10	3	80	0.0375000
NODE_23252_length_617_cov_29.565637	431	511	11	12	80	0.1500000
NODE_23253_length_617_cov_16.781853	253	333	2	4	80	0.0500000
NODE_23253_length_617_cov_16.781853	253	333	3	59	80	0.7375000
NODE_23253_length_617_cov_16.781853	253	333	4	17	80	0.2125000
NODE_23253_length_617_cov_16.781853	306	386	2	19	80	0.2375000
NODE_23253_length_617_cov_16.781853	306	386	3	61	80	0.7625000
NODE_23254_length_617_cov_9.175676	373	453	1	8	80	0.1000000
NODE_23254_length_617_cov_9.175676	373	453	2	72	80	0.9000000
NODE_23254_length_617_cov_9.175676	426	506	1	12	80	0.1500000
NODE_23254_length_617_cov_9.175676	426	506	2	68	80	0.8500000
NODE_23255_length_617_cov_8.774131	320	406	3	22	86	0.2558140
NODE_23255_length_617_cov_8.774131	320	406	4	35	86	0.4069767
NODE_23255_length_617_cov_8.774131	320	406	5	1	86	0.0116279
NODE_23255_length_617_cov_8.774131	320	406	6	9	86	0.1046512
NODE_23255_length_617_cov_8.774131	320	406	7	19	86	0.2209302
NODE_23255_length_617_cov_8.774131	379	458	5	3	79	0.0379747
NODE_23255_length_617_cov_8.774131	379	458	6	12	79	0.1518987
NODE_23255_length_617_cov_8.774131	379	458	7	64	79	0.8101266
NODE_23257_length_617_cov_8.416988	359	439	0	80	80	1.0000000
NODE_23257_length_617_cov_8.416988	412	492	0	80	80	1.0000000
NODE_23259_length_617_cov_7.683398	197	275	1	78	78	1.0000000
NODE_23259_length_617_cov_7.683398	250	330	0	1	80	0.0125000
NODE_23259_length_617_cov_7.683398	250	330	1	79	80	0.9875000
NODE_23263_length_617_cov_5.330116	288	360	0	72	72	1.0000000
NODE_23263_length_617_cov_5.330116	333	413	0	80	80	1.0000000
NODE_23302_length_617_cov_1.967181	384	430	0	46	46	1.0000000
NODE_23311_length_617_cov_1.847490	273	344	1	65	71	0.9154930
NODE_23311_length_617_cov_1.847490	273	344	3	6	71	0.0845070
NODE_23331_length_617_cov_1.322394	269	318	5	26	49	0.5306122
NODE_23331_length_617_cov_1.322394	269	318	6	13	49	0.2653061
NODE_23331_length_617_cov_1.322394	269	318	7	7	49	0.1428571
NODE_23331_length_617_cov_1.322394	269	318	8	3	49	0.0612245
NODE_23365_length_616_cov_15.914894	292	370	0	22	78	0.2820513
NODE_23365_length_616_cov_15.914894	292	370	2	1	78	0.0128205
NODE_23365_length_616_cov_15.914894	292	370	3	34	78	0.4358974
NODE_23365_length_616_cov_15.914894	292	370	4	21	78	0.2692308
NODE_23365_length_616_cov_15.914894	343	423	3	6	80	0.0750000
NODE_23365_length_616_cov_15.914894	343	423	4	74	80	0.9250000
NODE_23366_length_616_cov_14.276596	191	271	2	80	80	1.0000000
NODE_23366_length_616_cov_14.276596	244	319	0	48	75	0.6400000
NODE_23366_length_616_cov_14.276596	244	319	2	27	75	0.3600000
NODE_23366_length_616_cov_14.276596	368	448	1	69	80	0.8625000
NODE_23366_length_616_cov_14.276596	368	448	2	11	80	0.1375000
NODE_23367_length_616_cov_12.119923	273	353	0	41	80	0.5125000
NODE_23367_length_616_cov_12.119923	273	353	2	39	80	0.4875000
NODE_23367_length_616_cov_12.119923	326	406	2	80	80	1.0000000
NODE_23373_length_616_cov_6.379110	305	385	0	80	80	1.0000000
NODE_23373_length_616_cov_6.379110	358	438	0	80	80	1.0000000
NODE_23381_length_616_cov_4.441006	286	350	4	36	64	0.5625000
NODE_23381_length_616_cov_4.441006	286	350	5	15	64	0.2343750
NODE_23381_length_616_cov_4.441006	286	350	6	13	64	0.2031250
NODE_23381_length_616_cov_4.441006	286	306	4	20	20	1.0000000
NODE_23400_length_616_cov_2.541586	375	415	2	40	40	1.0000000
NODE_23430_length_616_cov_1.491296	105	183	2	78	78	1.0000000
NODE_23474_length_615_cov_27.519380	302	382	0	33	80	0.4125000
NODE_23474_length_615_cov_27.519380	302	382	1	47	80	0.5875000
NODE_23474_length_615_cov_27.519380	355	435	0	80	80	1.0000000
NODE_23475_length_615_cov_17.792636	239	319	0	32	80	0.4000000
NODE_23475_length_615_cov_17.792636	239	319	2	17	80	0.2125000
NODE_23475_length_615_cov_17.792636	239	319	3	31	80	0.3875000
NODE_23475_length_615_cov_17.792636	292	372	2	18	80	0.2250000
NODE_23475_length_615_cov_17.792636	292	372	3	62	80	0.7750000
NODE_23477_length_615_cov_11.835271	240	320	2	5	80	0.0625000
NODE_23477_length_615_cov_11.835271	240	320	3	25	80	0.3125000
NODE_23477_length_615_cov_11.835271	240	320	4	50	80	0.6250000
NODE_23477_length_615_cov_11.835271	293	373	3	53	80	0.6625000
NODE_23477_length_615_cov_11.835271	293	373	4	27	80	0.3375000
NODE_23478_length_615_cov_8.591085	287	367	1	62	80	0.7750000
NODE_23478_length_615_cov_8.591085	287	367	2	2	80	0.0250000
NODE_23478_length_615_cov_8.591085	287	367	3	6	80	0.0750000
NODE_23478_length_615_cov_8.591085	287	367	4	10	80	0.1250000
NODE_23478_length_615_cov_8.591085	340	420	1	11	80	0.1375000
NODE_23478_length_615_cov_8.591085	340	420	3	6	80	0.0750000
NODE_23478_length_615_cov_8.591085	340	420	4	63	80	0.7875000
NODE_23513_length_615_cov_2.461240	429	509	0	80	80	1.0000000
NODE_23513_length_615_cov_2.461240	482	562	0	80	80	1.0000000
NODE_23516_length_615_cov_2.379845	405	467	0	62	62	1.0000000
NODE_23516_length_615_cov_2.379845	440	520	0	80	80	1.0000000
NODE_23517_length_615_cov_2.294574	205	268	0	63	63	1.0000000
NODE_23554_length_615_cov_1.122093	255	335	0	80	80	1.0000000
NODE_23566_length_615_cov_0.887597	561	582	0	21	21	1.0000000
NODE_23575_length_614_cov_17.772816	257	337	0	80	80	1.0000000
NODE_23575_length_614_cov_17.772816	310	390	0	80	80	1.0000000
NODE_23576_length_614_cov_10.706796	425	505	1	16	80	0.2000000
NODE_23576_length_614_cov_10.706796	425	505	2	61	80	0.7625000
NODE_23576_length_614_cov_10.706796	425	505	3	3	80	0.0375000
NODE_23576_length_614_cov_10.706796	478	558	0	31	80	0.3875000
NODE_23576_length_614_cov_10.706796	478	558	1	38	80	0.4750000
NODE_23576_length_614_cov_10.706796	478	558	2	11	80	0.1375000
NODE_23578_length_614_cov_8.545631	193	273	2	17	80	0.2125000
NODE_23578_length_614_cov_8.545631	193	273	3	63	80	0.7875000
NODE_23578_length_614_cov_8.545631	246	326	0	10	80	0.1250000
NODE_23578_length_614_cov_8.545631	246	326	1	36	80	0.4500000
NODE_23578_length_614_cov_8.545631	246	326	2	24	80	0.3000000
NODE_23578_length_614_cov_8.545631	246	326	3	10	80	0.1250000
NODE_23604_length_614_cov_2.450485	315	393	0	78	78	1.0000000
NODE_23604_length_614_cov_2.450485	355	383	0	28	28	1.0000000
NODE_23604_length_614_cov_2.450485	368	448	0	80	80	1.0000000
NODE_23604_length_614_cov_2.450485	379	448	0	69	69	1.0000000
NODE_23662_length_613_cov_18.075875	211	291	3	47	80	0.5875000
NODE_23662_length_613_cov_18.075875	211	291	4	18	80	0.2250000
NODE_23662_length_613_cov_18.075875	211	291	5	15	80	0.1875000
NODE_23662_length_613_cov_18.075875	264	344	2	14	80	0.1750000
NODE_23662_length_613_cov_18.075875	264	344	3	26	80	0.3250000
NODE_23662_length_613_cov_18.075875	264	344	4	31	80	0.3875000
NODE_23662_length_613_cov_18.075875	264	344	5	9	80	0.1125000
NODE_23663_length_613_cov_16.118677	283	363	1	80	80	1.0000000
NODE_23663_length_613_cov_16.118677	336	416	0	21	80	0.2625000
NODE_23663_length_613_cov_16.118677	336	416	1	59	80	0.7375000
NODE_23665_length_613_cov_12.883268	155	235	0	9	80	0.1125000
NODE_23665_length_613_cov_12.883268	155	235	2	39	80	0.4875000
NODE_23665_length_613_cov_12.883268	155	235	4	32	80	0.4000000
NODE_23665_length_613_cov_12.883268	208	288	2	23	80	0.2875000
NODE_23665_length_613_cov_12.883268	208	288	4	57	80	0.7125000
NODE_23674_length_613_cov_3.857977	167	247	0	5	80	0.0625000
NODE_23674_length_613_cov_3.857977	167	247	1	37	80	0.4625000
NODE_23674_length_613_cov_3.857977	167	247	2	38	80	0.4750000
NODE_23674_length_613_cov_3.857977	220	300	2	80	80	1.0000000
NODE_23771_length_612_cov_24.023392	173	253	1	16	80	0.2000000
NODE_23771_length_612_cov_24.023392	173	253	2	64	80	0.8000000
NODE_23771_length_612_cov_24.023392	226	306	1	51	80	0.6375000
NODE_23771_length_612_cov_24.023392	226	306	2	29	80	0.3625000
NODE_23772_length_612_cov_23.846004	141	221	5	24	80	0.3000000
NODE_23772_length_612_cov_23.846004	141	221	6	56	80	0.7000000
NODE_23772_length_612_cov_23.846004	194	274	2	10	80	0.1250000
NODE_23772_length_612_cov_23.846004	194	274	3	1	80	0.0125000
NODE_23772_length_612_cov_23.846004	194	274	4	34	80	0.4250000
NODE_23772_length_612_cov_23.846004	194	274	5	32	80	0.4000000
NODE_23772_length_612_cov_23.846004	194	274	6	3	80	0.0375000
NODE_23773_length_612_cov_12.448343	244	324	0	20	80	0.2500000
NODE_23773_length_612_cov_12.448343	244	324	2	60	80	0.7500000
NODE_23773_length_612_cov_12.448343	297	377	2	80	80	1.0000000
NODE_23774_length_612_cov_12.068226	267	347	0	80	80	1.0000000
NODE_23774_length_612_cov_12.068226	320	400	0	80	80	1.0000000
NODE_23779_length_612_cov_6.393762	242	322	0	20	80	0.2500000
NODE_23779_length_612_cov_6.393762	242	322	2	60	80	0.7500000
NODE_23779_length_612_cov_6.393762	295	375	2	80	80	1.0000000
NODE_23814_length_612_cov_1.904483	288	354	0	66	66	1.0000000
NODE_23869_length_611_cov_38.705078	132	212	0	80	80	1.0000000
NODE_23869_length_611_cov_38.705078	185	262	0	77	77	1.0000000
NODE_23869_length_611_cov_38.705078	185	262	0	77	77	1.0000000
NODE_23871_length_611_cov_12.669922	264	344	0	51	80	0.6375000
NODE_23871_length_611_cov_12.669922	264	344	2	29	80	0.3625000
NODE_23871_length_611_cov_12.669922	317	397	0	11	80	0.1375000
NODE_23871_length_611_cov_12.669922	317	397	2	69	80	0.8625000
NODE_23880_length_611_cov_4.943359	27	107	1	14	80	0.1750000
NODE_23880_length_611_cov_4.943359	27	107	2	66	80	0.8250000
NODE_23880_length_611_cov_4.943359	80	137	2	57	57	1.0000000
NODE_23880_length_611_cov_4.943359	143	209	0	66	66	1.0000000
NODE_23880_length_611_cov_4.943359	182	262	0	80	80	1.0000000
NODE_23894_length_611_cov_3.294922	271	300	0	17	29	0.5862069
NODE_23894_length_611_cov_3.294922	271	300	1	12	29	0.4137931
NODE_23894_length_611_cov_3.294922	434	469	0	35	35	1.0000000
NODE_23897_length_611_cov_3.162109	313	342	0	29	29	1.0000000
NODE_23973_length_610_cov_20.673190	87	167	2	42	80	0.5250000
NODE_23973_length_610_cov_20.673190	87	167	4	38	80	0.4750000
NODE_23973_length_610_cov_20.673190	140	220	0	40	80	0.5000000
NODE_23973_length_610_cov_20.673190	140	220	2	38	80	0.4750000
NODE_23973_length_610_cov_20.673190	140	220	4	2	80	0.0250000
NODE_23974_length_610_cov_10.191781	250	330	0	30	80	0.3750000
NODE_23974_length_610_cov_10.191781	250	330	1	39	80	0.4875000
NODE_23974_length_610_cov_10.191781	250	330	2	11	80	0.1375000
NODE_23974_length_610_cov_10.191781	303	383	0	80	80	1.0000000
NODE_23980_length_610_cov_4.998043	129	181	0	52	52	1.0000000
NODE_23980_length_610_cov_4.998043	182	234	0	52	52	1.0000000
NODE_23989_length_610_cov_3.479452	215	267	0	52	52	1.0000000
NODE_24059_length_609_cov_21.117647	80	160	1	12	80	0.1500000
NODE_24059_length_609_cov_21.117647	80	160	2	2	80	0.0250000
NODE_24059_length_609_cov_21.117647	80	160	3	2	80	0.0250000
NODE_24059_length_609_cov_21.117647	80	160	4	13	80	0.1625000
NODE_24059_length_609_cov_21.117647	80	160	5	51	80	0.6375000
NODE_24059_length_609_cov_21.117647	133	213	5	80	80	1.0000000
NODE_24060_length_609_cov_11.300000	218	298	1	36	80	0.4500000
NODE_24060_length_609_cov_11.300000	218	298	2	44	80	0.5500000
NODE_24060_length_609_cov_11.300000	271	351	1	55	80	0.6875000
NODE_24060_length_609_cov_11.300000	271	351	3	21	80	0.2625000
NODE_24060_length_609_cov_11.300000	271	351	5	4	80	0.0500000
NODE_24061_length_609_cov_10.778431	239	319	1	3	80	0.0375000
NODE_24061_length_609_cov_10.778431	239	319	2	77	80	0.9625000
NODE_24061_length_609_cov_10.778431	292	372	1	8	80	0.1000000
NODE_24061_length_609_cov_10.778431	292	372	2	72	80	0.9000000
NODE_24062_length_609_cov_10.298039	340	420	0	80	80	1.0000000
NODE_24062_length_609_cov_10.298039	393	473	0	80	80	1.0000000
NODE_24062_length_609_cov_10.298039	469	537	0	68	68	1.0000000
NODE_24063_length_609_cov_10.270588	217	297	0	80	80	1.0000000
NODE_24063_length_609_cov_10.270588	270	353	0	83	83	1.0000000
NODE_24064_length_609_cov_8.345098	408	488	6	63	80	0.7875000
NODE_24064_length_609_cov_8.345098	408	488	7	4	80	0.0500000
NODE_24064_length_609_cov_8.345098	408	488	8	13	80	0.1625000
NODE_24064_length_609_cov_8.345098	461	515	6	54	54	1.0000000
NODE_24064_length_609_cov_8.345098	537	566	2	29	29	1.0000000
NODE_24066_length_609_cov_6.054902	219	299	0	80	80	1.0000000
NODE_24066_length_609_cov_6.054902	272	352	0	80	80	1.0000000
NODE_24067_length_609_cov_5.986275	219	299	0	80	80	1.0000000
NODE_24067_length_609_cov_5.986275	272	352	0	80	80	1.0000000
NODE_24160_length_608_cov_76.257367	300	380	9	1	80	0.0125000
NODE_24160_length_608_cov_76.257367	300	380	11	11	80	0.1375000
NODE_24160_length_608_cov_76.257367	300	380	12	9	80	0.1125000
NODE_24160_length_608_cov_76.257367	300	380	14	27	80	0.3375000
NODE_24160_length_608_cov_76.257367	300	380	15	25	80	0.3125000
NODE_24160_length_608_cov_76.257367	300	380	16	7	80	0.0875000
NODE_24160_length_608_cov_76.257367	353	433	7	10	80	0.1250000
NODE_24160_length_608_cov_76.257367	353	433	8	25	80	0.3125000
NODE_24160_length_608_cov_76.257367	353	433	9	14	80	0.1750000
NODE_24160_length_608_cov_76.257367	353	433	10	5	80	0.0625000
NODE_24160_length_608_cov_76.257367	353	433	11	11	80	0.1375000
NODE_24160_length_608_cov_76.257367	353	433	12	9	80	0.1125000
NODE_24160_length_608_cov_76.257367	353	433	14	6	80	0.0750000
NODE_24161_length_608_cov_13.271120	252	332	1	60	80	0.7500000
NODE_24161_length_608_cov_13.271120	252	332	2	20	80	0.2500000
NODE_24161_length_608_cov_13.271120	305	385	1	80	80	1.0000000
NODE_24162_length_608_cov_11.583497	63	139	1	5	76	0.0657895
NODE_24162_length_608_cov_11.583497	63	139	2	4	76	0.0526316
NODE_24162_length_608_cov_11.583497	63	139	4	14	76	0.1842105
NODE_24162_length_608_cov_11.583497	63	139	5	11	76	0.1447368
NODE_24162_length_608_cov_11.583497	63	139	6	16	76	0.2105263
NODE_24162_length_608_cov_11.583497	63	139	7	26	76	0.3421053
NODE_24162_length_608_cov_11.583497	112	192	6	1	80	0.0125000
NODE_24162_length_608_cov_11.583497	112	192	7	32	80	0.4000000
NODE_24162_length_608_cov_11.583497	112	192	8	47	80	0.5875000
NODE_24164_length_608_cov_8.076621	53	133	6	7	80	0.0875000
NODE_24164_length_608_cov_8.076621	53	133	8	25	80	0.3125000
NODE_24164_length_608_cov_8.076621	53	133	10	6	80	0.0750000
NODE_24164_length_608_cov_8.076621	53	133	12	42	80	0.5250000
NODE_24164_length_608_cov_8.076621	106	186	0	4	80	0.0500000
NODE_24164_length_608_cov_8.076621	106	186	1	9	80	0.1125000
NODE_24164_length_608_cov_8.076621	106	186	2	25	80	0.3125000
NODE_24164_length_608_cov_8.076621	106	186	4	9	80	0.1125000
NODE_24164_length_608_cov_8.076621	106	186	6	13	80	0.1625000
NODE_24164_length_608_cov_8.076621	106	186	8	20	80	0.2500000
NODE_24165_length_608_cov_7.994106	279	326	3	35	47	0.7446808
NODE_24165_length_608_cov_7.994106	279	326	4	12	47	0.2553191
NODE_24165_length_608_cov_7.994106	348	373	4	13	25	0.5200000
NODE_24165_length_608_cov_7.994106	348	373	5	12	25	0.4800000
NODE_24166_length_608_cov_7.939096	247	277	0	30	30	1.0000000
NODE_24177_length_608_cov_3.829077	313	393	0	80	80	1.0000000
NODE_24177_length_608_cov_3.829077	366	446	0	54	80	0.6750000
NODE_24177_length_608_cov_3.829077	366	446	1	26	80	0.3250000
NODE_24251_length_608_cov_1.064833	472	512	2	40	40	1.0000000
NODE_24281_length_607_cov_61.316929	347	427	4	32	80	0.4000000
NODE_24281_length_607_cov_61.316929	347	427	5	44	80	0.5500000
NODE_24281_length_607_cov_61.316929	347	427	6	4	80	0.0500000
NODE_24281_length_607_cov_61.316929	347	427	4	32	80	0.4000000
NODE_24281_length_607_cov_61.316929	347	427	5	44	80	0.5500000
NODE_24281_length_607_cov_61.316929	347	427	6	4	80	0.0500000
NODE_24281_length_607_cov_61.316929	347	427	4	32	80	0.4000000
NODE_24281_length_607_cov_61.316929	347	427	5	44	80	0.5500000
NODE_24281_length_607_cov_61.316929	347	427	6	4	80	0.0500000
NODE_24281_length_607_cov_61.316929	364	427	4	21	63	0.3333333
NODE_24281_length_607_cov_61.316929	364	427	5	38	63	0.6031746
NODE_24281_length_607_cov_61.316929	364	427	6	4	63	0.0634921
NODE_24281_length_607_cov_61.316929	400	480	4	15	80	0.1875000
NODE_24281_length_607_cov_61.316929	400	480	5	11	80	0.1375000
NODE_24281_length_607_cov_61.316929	400	480	6	14	80	0.1750000
NODE_24281_length_607_cov_61.316929	400	480	7	16	80	0.2000000
NODE_24281_length_607_cov_61.316929	400	480	8	24	80	0.3000000
NODE_24281_length_607_cov_61.316929	400	480	4	15	80	0.1875000
NODE_24281_length_607_cov_61.316929	400	480	5	11	80	0.1375000
NODE_24281_length_607_cov_61.316929	400	480	6	14	80	0.1750000
NODE_24281_length_607_cov_61.316929	400	480	7	16	80	0.2000000
NODE_24281_length_607_cov_61.316929	400	480	8	24	80	0.3000000
NODE_24281_length_607_cov_61.316929	400	480	4	15	80	0.1875000
NODE_24281_length_607_cov_61.316929	400	480	5	11	80	0.1375000
NODE_24281_length_607_cov_61.316929	400	480	6	14	80	0.1750000
NODE_24281_length_607_cov_61.316929	400	480	7	16	80	0.2000000
NODE_24281_length_607_cov_61.316929	400	480	8	24	80	0.3000000
NODE_24281_length_607_cov_61.316929	400	480	4	15	80	0.1875000
NODE_24281_length_607_cov_61.316929	400	480	5	11	80	0.1375000
NODE_24281_length_607_cov_61.316929	400	480	6	14	80	0.1750000
NODE_24281_length_607_cov_61.316929	400	480	7	16	80	0.2000000
NODE_24281_length_607_cov_61.316929	400	480	8	24	80	0.3000000
NODE_24281_length_607_cov_61.316929	476	556	6	49	80	0.6125000
NODE_24281_length_607_cov_61.316929	476	556	7	19	80	0.2375000
NODE_24281_length_607_cov_61.316929	476	556	8	12	80	0.1500000
NODE_24281_length_607_cov_61.316929	476	556	6	49	80	0.6125000
NODE_24281_length_607_cov_61.316929	476	556	7	19	80	0.2375000
NODE_24281_length_607_cov_61.316929	476	556	8	12	80	0.1500000
NODE_24281_length_607_cov_61.316929	476	556	6	49	80	0.6125000
NODE_24281_length_607_cov_61.316929	476	556	7	19	80	0.2375000
NODE_24281_length_607_cov_61.316929	476	556	8	12	80	0.1500000
NODE_24281_length_607_cov_61.316929	529	595	1	22	66	0.3333333
NODE_24281_length_607_cov_61.316929	529	595	2	2	66	0.0303030
NODE_24281_length_607_cov_61.316929	529	595	3	6	66	0.0909091
NODE_24281_length_607_cov_61.316929	529	595	5	7	66	0.1060606
NODE_24281_length_607_cov_61.316929	529	595	6	29	66	0.4393939
NODE_24281_length_607_cov_61.316929	529	607	0	1	78	0.0128205
NODE_24281_length_607_cov_61.316929	529	607	1	33	78	0.4230769
NODE_24281_length_607_cov_61.316929	529	607	2	2	78	0.0256410
NODE_24281_length_607_cov_61.316929	529	607	3	6	78	0.0769231
NODE_24281_length_607_cov_61.316929	529	607	5	7	78	0.0897436
NODE_24281_length_607_cov_61.316929	529	607	6	29	78	0.3717949
NODE_24281_length_607_cov_61.316929	529	600	1	27	71	0.3802817
NODE_24281_length_607_cov_61.316929	529	600	2	2	71	0.0281690
NODE_24281_length_607_cov_61.316929	529	600	3	6	71	0.0845070
NODE_24281_length_607_cov_61.316929	529	600	5	7	71	0.0985916
NODE_24281_length_607_cov_61.316929	529	600	6	29	71	0.4084507
NODE_24281_length_607_cov_61.316929	534	607	0	1	73	0.0136986
NODE_24281_length_607_cov_61.316929	534	607	1	33	73	0.4520548
NODE_24281_length_607_cov_61.316929	534	607	2	2	73	0.0273973
NODE_24281_length_607_cov_61.316929	534	607	3	6	73	0.0821918
NODE_24281_length_607_cov_61.316929	534	607	5	7	73	0.0958904
NODE_24281_length_607_cov_61.316929	534	607	6	24	73	0.3287671
NODE_24282_length_607_cov_16.852362	383	463	0	4	80	0.0500000
NODE_24282_length_607_cov_16.852362	383	463	1	76	80	0.9500000
NODE_24282_length_607_cov_16.852362	436	516	0	57	80	0.7125000
NODE_24282_length_607_cov_16.852362	436	516	1	23	80	0.2875000
NODE_24283_length_607_cov_12.889764	67	147	3	6	80	0.0750000
NODE_24283_length_607_cov_12.889764	67	147	4	19	80	0.2375000
NODE_24283_length_607_cov_12.889764	67	147	6	55	80	0.6875000
NODE_24283_length_607_cov_12.889764	120	200	4	48	80	0.6000000
NODE_24283_length_607_cov_12.889764	120	200	6	32	80	0.4000000
NODE_24284_length_607_cov_11.023622	122	202	0	15	80	0.1875000
NODE_24284_length_607_cov_11.023622	122	202	2	65	80	0.8125000
NODE_24284_length_607_cov_11.023622	175	255	0	15	80	0.1875000
NODE_24284_length_607_cov_11.023622	175	255	2	65	80	0.8125000
NODE_24285_length_607_cov_10.690945	199	279	3	17	80	0.2125000
NODE_24285_length_607_cov_10.690945	199	279	5	16	80	0.2000000
NODE_24285_length_607_cov_10.690945	199	279	6	47	80	0.5875000
NODE_24285_length_607_cov_10.690945	252	332	3	32	80	0.4000000
NODE_24285_length_607_cov_10.690945	252	332	5	6	80	0.0750000
NODE_24285_length_607_cov_10.690945	252	332	6	42	80	0.5250000
NODE_24290_length_607_cov_5.818898	301	386	0	85	85	1.0000000
NODE_24291_length_607_cov_5.771654	278	358	3	18	80	0.2250000
NODE_24291_length_607_cov_5.771654	278	358	4	9	80	0.1125000
NODE_24291_length_607_cov_5.771654	278	358	5	51	80	0.6375000
NODE_24291_length_607_cov_5.771654	278	358	6	2	80	0.0250000
NODE_24291_length_607_cov_5.771654	331	411	5	35	80	0.4375000
NODE_24291_length_607_cov_5.771654	331	411	6	45	80	0.5625000
NODE_24295_length_607_cov_4.816929	282	362	0	57	80	0.7125000
NODE_24295_length_607_cov_4.816929	282	362	2	12	80	0.1500000
NODE_24295_length_607_cov_4.816929	282	362	4	11	80	0.1375000
NODE_24295_length_607_cov_4.816929	335	415	0	4	80	0.0500000
NODE_24295_length_607_cov_4.816929	335	415	2	12	80	0.1500000
NODE_24295_length_607_cov_4.816929	335	415	4	50	80	0.6250000
NODE_24295_length_607_cov_4.816929	335	415	5	14	80	0.1750000
NODE_24300_length_607_cov_4.015748	295	354	0	11	59	0.1864407
NODE_24300_length_607_cov_4.015748	295	354	2	48	59	0.8135593
NODE_24310_length_607_cov_3.088583	107	158	0	18	51	0.3529412
NODE_24310_length_607_cov_3.088583	107	158	1	33	51	0.6470588
NODE_24331_length_607_cov_1.791339	204	247	0	43	43	1.0000000
NODE_24400_length_606_cov_42.264300	182	262	2	20	80	0.2500000
NODE_24400_length_606_cov_42.264300	182	262	3	11	80	0.1375000
NODE_24400_length_606_cov_42.264300	182	262	5	10	80	0.1250000
NODE_24400_length_606_cov_42.264300	182	262	6	9	80	0.1125000
NODE_24400_length_606_cov_42.264300	182	262	8	3	80	0.0375000
NODE_24400_length_606_cov_42.264300	182	262	9	17	80	0.2125000
NODE_24400_length_606_cov_42.264300	182	262	10	4	80	0.0500000
NODE_24400_length_606_cov_42.264300	182	262	11	6	80	0.0750000
NODE_24400_length_606_cov_42.264300	235	315	9	17	80	0.2125000
NODE_24400_length_606_cov_42.264300	235	315	10	47	80	0.5875000
NODE_24400_length_606_cov_42.264300	235	315	11	13	80	0.1625000
NODE_24400_length_606_cov_42.264300	235	315	12	3	80	0.0375000
NODE_24402_length_606_cov_26.341223	371	451	3	31	80	0.3875000
NODE_24402_length_606_cov_26.341223	371	451	4	23	80	0.2875000
NODE_24402_length_606_cov_26.341223	371	451	5	26	80	0.3250000
NODE_24402_length_606_cov_26.341223	424	504	3	23	80	0.2875000
NODE_24402_length_606_cov_26.341223	424	504	4	33	80	0.4125000
NODE_24402_length_606_cov_26.341223	424	504	5	24	80	0.3000000
NODE_24403_length_606_cov_14.895464	308	388	0	80	80	1.0000000
NODE_24403_length_606_cov_14.895464	361	441	0	80	80	1.0000000
NODE_24406_length_606_cov_7.934911	412	492	0	52	80	0.6500000
NODE_24406_length_606_cov_7.934911	412	492	2	28	80	0.3500000
NODE_24406_length_606_cov_7.934911	465	545	2	80	80	1.0000000
NODE_24407_length_606_cov_7.481262	250	330	1	31	80	0.3875000
NODE_24407_length_606_cov_7.481262	250	330	2	13	80	0.1625000
NODE_24407_length_606_cov_7.481262	250	330	3	36	80	0.4500000
NODE_24407_length_606_cov_7.481262	303	383	3	80	80	1.0000000
NODE_24409_length_606_cov_6.842209	139	219	3	80	80	1.0000000
NODE_24409_length_606_cov_6.842209	192	272	1	28	80	0.3500000
NODE_24409_length_606_cov_6.842209	192	272	3	49	80	0.6125000
NODE_24409_length_606_cov_6.842209	192	272	4	3	80	0.0375000
NODE_24428_length_606_cov_3.384615	156	206	0	50	50	1.0000000
NODE_24433_length_606_cov_2.670611	113	193	0	80	80	1.0000000
NODE_24525_length_605_cov_63.343874	7	83	0	34	76	0.4473684
NODE_24525_length_605_cov_63.343874	7	83	2	42	76	0.5526316
NODE_24525_length_605_cov_63.343874	12	83	0	29	71	0.4084507
NODE_24525_length_605_cov_63.343874	12	83	2	42	71	0.5915493
NODE_24525_length_605_cov_63.343874	17	83	0	24	66	0.3636364
NODE_24525_length_605_cov_63.343874	17	83	2	42	66	0.6363636
NODE_24525_length_605_cov_63.343874	56	136	2	80	80	1.0000000
NODE_24525_length_605_cov_63.343874	56	136	2	80	80	1.0000000
NODE_24525_length_605_cov_63.343874	56	136	2	80	80	1.0000000
NODE_24525_length_605_cov_63.343874	132	212	0	35	80	0.4375000
NODE_24525_length_605_cov_63.343874	132	212	2	45	80	0.5625000
NODE_24525_length_605_cov_63.343874	132	212	0	35	80	0.4375000
NODE_24525_length_605_cov_63.343874	132	212	2	45	80	0.5625000
NODE_24525_length_605_cov_63.343874	132	210	0	33	78	0.4230769
NODE_24525_length_605_cov_63.343874	132	210	2	45	78	0.5769231
NODE_24525_length_605_cov_63.343874	132	212	0	35	80	0.4375000
NODE_24525_length_605_cov_63.343874	132	212	2	45	80	0.5625000
NODE_24525_length_605_cov_63.343874	132	212	0	35	80	0.4375000
NODE_24525_length_605_cov_63.343874	132	212	2	45	80	0.5625000
NODE_24525_length_605_cov_63.343874	185	265	0	80	80	1.0000000
NODE_24526_length_605_cov_48.191700	298	374	3	16	76	0.2105263
NODE_24526_length_605_cov_48.191700	298	374	4	18	76	0.2368421
NODE_24526_length_605_cov_48.191700	298	374	5	42	76	0.5526316
NODE_24526_length_605_cov_48.191700	347	427	3	29	80	0.3625000
NODE_24526_length_605_cov_48.191700	347	427	5	51	80	0.6375000
NODE_24528_length_605_cov_33.328063	57	137	28	4	80	0.0500000
NODE_24528_length_605_cov_33.328063	57	137	30	8	80	0.1000000
NODE_24528_length_605_cov_33.328063	57	137	33	5	80	0.0625000
NODE_24528_length_605_cov_33.328063	57	137	34	1	80	0.0125000
NODE_24528_length_605_cov_33.328063	57	137	36	3	80	0.0375000
NODE_24528_length_605_cov_33.328063	57	137	37	9	80	0.1125000
NODE_24528_length_605_cov_33.328063	57	137	38	2	80	0.0250000
NODE_24528_length_605_cov_33.328063	57	137	41	2	80	0.0250000
NODE_24528_length_605_cov_33.328063	57	137	43	3	80	0.0375000
NODE_24528_length_605_cov_33.328063	57	137	45	7	80	0.0875000
NODE_24528_length_605_cov_33.328063	57	137	47	3	80	0.0375000
NODE_24528_length_605_cov_33.328063	57	137	48	1	80	0.0125000
NODE_24528_length_605_cov_33.328063	57	137	52	4	80	0.0500000
NODE_24528_length_605_cov_33.328063	57	137	54	1	80	0.0125000
NODE_24528_length_605_cov_33.328063	57	137	56	1	80	0.0125000
NODE_24528_length_605_cov_33.328063	57	137	57	5	80	0.0625000
NODE_24528_length_605_cov_33.328063	57	137	58	1	80	0.0125000
NODE_24528_length_605_cov_33.328063	57	137	59	16	80	0.2000000
NODE_24528_length_605_cov_33.328063	57	137	60	2	80	0.0250000
NODE_24528_length_605_cov_33.328063	57	137	61	1	80	0.0125000
NODE_24528_length_605_cov_33.328063	57	137	62	1	80	0.0125000
NODE_24528_length_605_cov_33.328063	140	175	61	1	35	0.0285714
NODE_24528_length_605_cov_33.328063	140	175	62	3	35	0.0857143
NODE_24528_length_605_cov_33.328063	140	175	64	1	35	0.0285714
NODE_24528_length_605_cov_33.328063	140	175	65	2	35	0.0571429
NODE_24528_length_605_cov_33.328063	140	175	66	3	35	0.0857143
NODE_24528_length_605_cov_33.328063	140	175	68	1	35	0.0285714
NODE_24528_length_605_cov_33.328063	140	175	69	2	35	0.0571429
NODE_24528_length_605_cov_33.328063	140	175	70	5	35	0.1428571
NODE_24528_length_605_cov_33.328063	140	175	71	5	35	0.1428571
NODE_24528_length_605_cov_33.328063	140	175	72	3	35	0.0857143
NODE_24528_length_605_cov_33.328063	140	175	73	4	35	0.1142857
NODE_24528_length_605_cov_33.328063	140	175	74	5	35	0.1428571
NODE_24529_length_605_cov_26.717391	353	433	2	80	80	1.0000000
NODE_24529_length_605_cov_26.717391	406	486	2	80	80	1.0000000
NODE_24530_length_605_cov_17.677866	215	295	2	47	80	0.5875000
NODE_24530_length_605_cov_17.677866	215	295	3	33	80	0.4125000
NODE_24530_length_605_cov_17.677866	268	348	2	33	80	0.4125000
NODE_24530_length_605_cov_17.677866	268	348	3	47	80	0.5875000
NODE_24531_length_605_cov_15.225296	144	224	0	19	80	0.2375000
NODE_24531_length_605_cov_15.225296	144	224	2	61	80	0.7625000
NODE_24531_length_605_cov_15.225296	197	277	0	55	80	0.6875000
NODE_24531_length_605_cov_15.225296	197	277	2	25	80	0.3125000
NODE_24532_length_605_cov_14.990119	136	216	0	2	80	0.0250000
NODE_24532_length_605_cov_14.990119	136	216	2	78	80	0.9750000
NODE_24532_length_605_cov_14.990119	189	269	2	80	80	1.0000000
NODE_24533_length_605_cov_10.835968	103	183	3	37	80	0.4625000
NODE_24533_length_605_cov_10.835968	103	183	5	43	80	0.5375000
NODE_24533_length_605_cov_10.835968	156	236	3	2	80	0.0250000
NODE_24533_length_605_cov_10.835968	156	236	4	35	80	0.4375000
NODE_24533_length_605_cov_10.835968	156	236	5	33	80	0.4125000
NODE_24533_length_605_cov_10.835968	156	236	6	10	80	0.1250000
NODE_24534_length_605_cov_9.169960	306	377	0	71	71	1.0000000
NODE_24534_length_605_cov_9.169960	359	432	0	73	73	1.0000000
NODE_24546_length_605_cov_4.308300	159	239	2	7	80	0.0875000
NODE_24546_length_605_cov_4.308300	159	239	3	42	80	0.5250000
NODE_24546_length_605_cov_4.308300	159	239	4	31	80	0.3875000
NODE_24546_length_605_cov_4.308300	271	338	6	17	67	0.2537313
NODE_24546_length_605_cov_4.308300	271	338	7	13	67	0.1940299
NODE_24546_length_605_cov_4.308300	271	338	8	37	67	0.5522388
NODE_24546_length_605_cov_4.308300	275	350	4	12	75	0.1600000
NODE_24546_length_605_cov_4.308300	275	350	6	17	75	0.2266667
NODE_24546_length_605_cov_4.308300	275	350	7	13	75	0.1733333
NODE_24546_length_605_cov_4.308300	275	350	8	33	75	0.4400000
NODE_24546_length_605_cov_4.308300	315	372	2	19	57	0.3333333
NODE_24546_length_605_cov_4.308300	315	372	4	15	57	0.2631579
NODE_24546_length_605_cov_4.308300	315	372	6	17	57	0.2982456
NODE_24546_length_605_cov_4.308300	315	372	7	6	57	0.1052632
NODE_24546_length_605_cov_4.308300	328	373	2	20	45	0.4444444
NODE_24546_length_605_cov_4.308300	328	373	4	15	45	0.3333333
NODE_24546_length_605_cov_4.308300	328	373	6	10	45	0.2222222
NODE_24558_length_605_cov_3.120553	216	287	0	71	71	1.0000000
NODE_24561_length_605_cov_2.909091	408	487	3	9	79	0.1139240
NODE_24561_length_605_cov_2.909091	408	487	5	4	79	0.0506329
NODE_24561_length_605_cov_2.909091	408	487	6	18	79	0.2278481
NODE_24561_length_605_cov_2.909091	408	487	8	1	79	0.0126582
NODE_24561_length_605_cov_2.909091	408	487	9	25	79	0.3164557
NODE_24561_length_605_cov_2.909091	408	487	10	22	79	0.2784810
NODE_24577_length_605_cov_1.897233	230	273	1	1	43	0.0232558
NODE_24577_length_605_cov_1.897233	230	273	3	42	43	0.9767442
NODE_24603_length_605_cov_1.339921	168	210	0	42	42	1.0000000
NODE_24636_length_604_cov_30.411881	93	173	4	80	80	1.0000000
NODE_24636_length_604_cov_30.411881	146	226	0	5	80	0.0625000
NODE_24636_length_604_cov_30.411881	146	226	1	4	80	0.0500000
NODE_24636_length_604_cov_30.411881	146	226	2	20	80	0.2500000
NODE_24636_length_604_cov_30.411881	146	226	3	3	80	0.0375000
NODE_24636_length_604_cov_30.411881	146	226	4	48	80	0.6000000
NODE_24637_length_604_cov_20.099010	414	494	2	80	80	1.0000000
NODE_24637_length_604_cov_20.099010	467	547	1	20	80	0.2500000
NODE_24637_length_604_cov_20.099010	467	547	2	60	80	0.7500000
NODE_24639_length_604_cov_10.291089	184	264	3	26	80	0.3250000
NODE_24639_length_604_cov_10.291089	184	264	5	3	80	0.0375000
NODE_24639_length_604_cov_10.291089	184	264	6	51	80	0.6375000
NODE_24639_length_604_cov_10.291089	237	317	1	8	80	0.1000000
NODE_24639_length_604_cov_10.291089	237	317	3	25	80	0.3125000
NODE_24639_length_604_cov_10.291089	237	317	5	8	80	0.1000000
NODE_24639_length_604_cov_10.291089	237	317	6	39	80	0.4875000
NODE_24646_length_604_cov_6.033663	265	345	0	40	80	0.5000000
NODE_24646_length_604_cov_6.033663	265	345	2	40	80	0.5000000
NODE_24646_length_604_cov_6.033663	318	397	2	79	79	1.0000000
NODE_24654_length_604_cov_4.316832	40	106	2	66	66	1.0000000
NODE_24654_length_604_cov_4.316832	377	435	0	58	58	1.0000000
NODE_24692_length_604_cov_1.805941	299	380	0	81	81	1.0000000
NODE_24692_length_604_cov_1.805941	353	433	0	80	80	1.0000000
NODE_24732_length_603_cov_18.761905	108	188	0	80	80	1.0000000
NODE_24732_length_603_cov_18.761905	161	241	0	80	80	1.0000000
NODE_24734_length_603_cov_8.996032	163	243	0	80	80	1.0000000
NODE_24734_length_603_cov_8.996032	216	296	0	80	80	1.0000000
NODE_24735_length_603_cov_8.970238	413	493	3	5	80	0.0625000
NODE_24735_length_603_cov_8.970238	413	493	4	20	80	0.2500000
NODE_24735_length_603_cov_8.970238	413	493	5	55	80	0.6875000
NODE_24736_length_603_cov_7.212302	324	404	1	12	80	0.1500000
NODE_24736_length_603_cov_7.212302	324	404	2	22	80	0.2750000
NODE_24736_length_603_cov_7.212302	324	404	3	18	80	0.2250000
NODE_24736_length_603_cov_7.212302	324	404	4	28	80	0.3500000
NODE_24736_length_603_cov_7.212302	377	457	3	5	80	0.0625000
NODE_24736_length_603_cov_7.212302	377	457	4	70	80	0.8750000
NODE_24736_length_603_cov_7.212302	377	457	5	5	80	0.0625000
NODE_24739_length_603_cov_5.831349	351	385	0	34	34	1.0000000
NODE_24744_length_603_cov_4.744048	103	183	0	80	80	1.0000000
NODE_24744_length_603_cov_4.744048	156	236	0	80	80	1.0000000
NODE_24748_length_603_cov_4.115079	219	259	1	40	40	1.0000000
NODE_24755_length_603_cov_3.269841	186	223	0	37	37	1.0000000
NODE_24755_length_603_cov_3.269841	196	276	0	80	80	1.0000000
NODE_24755_length_603_cov_3.269841	367	441	0	74	74	1.0000000
NODE_24843_length_602_cov_33.208748	106	186	1	8	80	0.1000000
NODE_24843_length_602_cov_33.208748	106	186	2	19	80	0.2375000
NODE_24843_length_602_cov_33.208748	106	186	5	33	80	0.4125000
NODE_24843_length_602_cov_33.208748	106	186	7	20	80	0.2500000
NODE_24843_length_602_cov_33.208748	159	239	5	7	80	0.0875000
NODE_24843_length_602_cov_33.208748	159	239	6	11	80	0.1375000
NODE_24843_length_602_cov_33.208748	159	239	7	37	80	0.4625000
NODE_24843_length_602_cov_33.208748	159	239	8	25	80	0.3125000
NODE_24844_length_602_cov_28.922465	319	399	2	10	80	0.1250000
NODE_24844_length_602_cov_28.922465	319	399	4	17	80	0.2125000
NODE_24844_length_602_cov_28.922465	319	399	6	53	80	0.6625000
NODE_24844_length_602_cov_28.922465	372	452	2	63	80	0.7875000
NODE_24844_length_602_cov_28.922465	372	452	4	13	80	0.1625000
NODE_24844_length_602_cov_28.922465	372	452	6	4	80	0.0500000
NODE_24846_length_602_cov_10.930417	248	328	0	10	80	0.1250000
NODE_24846_length_602_cov_10.930417	248	328	2	70	80	0.8750000
NODE_24846_length_602_cov_10.930417	301	381	0	50	80	0.6250000
NODE_24846_length_602_cov_10.930417	301	381	2	30	80	0.3750000
NODE_24847_length_602_cov_10.447316	148	207	1	33	59	0.5593221
NODE_24847_length_602_cov_10.447316	148	207	2	5	59	0.0847458
NODE_24847_length_602_cov_10.447316	148	207	4	9	59	0.1525424
NODE_24847_length_602_cov_10.447316	148	207	5	12	59	0.2033898
NODE_24847_length_602_cov_10.447316	181	207	1	26	26	1.0000000
NODE_24847_length_602_cov_10.447316	259	291	0	32	32	1.0000000
NODE_24851_length_602_cov_7.787276	544	565	0	16	21	0.7619048
NODE_24851_length_602_cov_7.787276	544	565	1	5	21	0.2380952
NODE_24875_length_602_cov_3.332008	157	239	0	82	82	1.0000000
NODE_24957_length_601_cov_14.952191	183	263	0	80	80	1.0000000
NODE_24957_length_601_cov_14.952191	236	316	0	80	80	1.0000000
NODE_24958_length_601_cov_14.747012	324	404	1	6	80	0.0750000
NODE_24958_length_601_cov_14.747012	324	404	2	74	80	0.9250000
NODE_24958_length_601_cov_14.747012	377	457	1	16	80	0.2000000
NODE_24958_length_601_cov_14.747012	377	457	2	64	80	0.8000000
NODE_24959_length_601_cov_11.561753	226	306	0	32	80	0.4000000
NODE_24959_length_601_cov_11.561753	226	306	1	48	80	0.6000000
NODE_24959_length_601_cov_11.561753	279	359	0	56	80	0.7000000
NODE_24959_length_601_cov_11.561753	279	359	1	24	80	0.3000000
NODE_24960_length_601_cov_10.826693	320	388	0	45	68	0.6617647
NODE_24960_length_601_cov_10.826693	320	388	1	14	68	0.2058824
NODE_24960_length_601_cov_10.826693	320	388	2	9	68	0.1323529
NODE_24961_length_601_cov_10.392430	243	323	2	11	80	0.1375000
NODE_24961_length_601_cov_10.392430	243	323	3	69	80	0.8625000
NODE_24961_length_601_cov_10.392430	296	375	1	20	79	0.2531646
NODE_24961_length_601_cov_10.392430	296	375	2	16	79	0.2025317
NODE_24961_length_601_cov_10.392430	296	375	3	43	79	0.5443038
NODE_24965_length_601_cov_7.037849	236	316	0	19	80	0.2375000
NODE_24965_length_601_cov_7.037849	236	316	2	28	80	0.3500000
NODE_24965_length_601_cov_7.037849	236	316	3	15	80	0.1875000
NODE_24965_length_601_cov_7.037849	236	316	5	18	80	0.2250000
NODE_24965_length_601_cov_7.037849	289	369	3	9	80	0.1125000
NODE_24965_length_601_cov_7.037849	289	369	5	71	80	0.8875000
NODE_24969_length_601_cov_5.798805	290	361	0	71	71	1.0000000
NODE_24970_length_601_cov_5.657371	228	308	1	5	80	0.0625000
NODE_24970_length_601_cov_5.657371	228	308	2	73	80	0.9125000
NODE_24970_length_601_cov_5.657371	228	308	3	2	80	0.0250000
NODE_24973_length_601_cov_5.039841	395	462	0	67	67	1.0000000
NODE_24975_length_601_cov_4.735060	184	247	1	14	63	0.2222222
NODE_24975_length_601_cov_4.735060	184	247	2	49	63	0.7777778
NODE_24995_length_601_cov_2.599602	371	430	0	59	59	1.0000000
NODE_24995_length_601_cov_2.599602	441	494	0	53	53	1.0000000
NODE_25090_length_600_cov_6.341317	125	147	2	7	22	0.3181818
NODE_25090_length_600_cov_6.341317	125	147	4	15	22	0.6818182
NODE_25103_length_600_cov_3.754491	142	222	0	80	80	1.0000000
NODE_25126_length_600_cov_2.081836	282	328	0	43	46	0.9347826
NODE_25126_length_600_cov_2.081836	282	328	2	3	46	0.0652174
NODE_25141_length_600_cov_1.728543	381	423	0	42	42	1.0000000
NODE_25190_length_599_cov_36.488000	25	105	4	1	80	0.0125000
NODE_25190_length_599_cov_36.488000	25	105	5	44	80	0.5500000
NODE_25190_length_599_cov_36.488000	25	105	6	28	80	0.3500000
NODE_25190_length_599_cov_36.488000	25	105	7	7	80	0.0875000
NODE_25191_length_599_cov_27.870000	255	335	8	67	80	0.8375000
NODE_25191_length_599_cov_27.870000	255	335	10	13	80	0.1625000
NODE_25191_length_599_cov_27.870000	308	388	2	14	80	0.1750000
NODE_25191_length_599_cov_27.870000	308	388	4	4	80	0.0500000
NODE_25191_length_599_cov_27.870000	308	388	5	1	80	0.0125000
NODE_25191_length_599_cov_27.870000	308	388	7	25	80	0.3125000
NODE_25191_length_599_cov_27.870000	308	388	8	35	80	0.4375000
NODE_25191_length_599_cov_27.870000	308	388	9	1	80	0.0125000
NODE_25192_length_599_cov_22.640000	229	309	0	80	80	1.0000000
NODE_25192_length_599_cov_22.640000	229	309	0	80	80	1.0000000
NODE_25192_length_599_cov_22.640000	229	309	0	80	80	1.0000000
NODE_25192_length_599_cov_22.640000	229	309	0	80	80	1.0000000
NODE_25192_length_599_cov_22.640000	229	309	0	80	80	1.0000000
NODE_25192_length_599_cov_22.640000	282	362	0	80	80	1.0000000
NODE_25192_length_599_cov_22.640000	282	362	0	80	80	1.0000000
NODE_25192_length_599_cov_22.640000	282	353	0	71	71	1.0000000
NODE_25192_length_599_cov_22.640000	285	355	0	70	70	1.0000000
NODE_25192_length_599_cov_22.640000	287	362	0	75	75	1.0000000
NODE_25193_length_599_cov_14.618000	279	359	1	11	80	0.1375000
NODE_25193_length_599_cov_14.618000	279	359	2	5	80	0.0625000
NODE_25193_length_599_cov_14.618000	279	359	3	64	80	0.8000000
NODE_25193_length_599_cov_14.618000	332	412	3	80	80	1.0000000
NODE_25195_length_599_cov_10.308000	245	325	1	9	80	0.1125000
NODE_25195_length_599_cov_10.308000	245	325	3	27	80	0.3375000
NODE_25195_length_599_cov_10.308000	245	325	4	44	80	0.5500000
NODE_25195_length_599_cov_10.308000	298	378	2	1	80	0.0125000
NODE_25195_length_599_cov_10.308000	298	378	4	79	80	0.9875000
NODE_25196_length_599_cov_9.224000	160	240	3	46	80	0.5750000
NODE_25196_length_599_cov_9.224000	160	240	4	34	80	0.4250000
NODE_25196_length_599_cov_9.224000	213	297	2	1	84	0.0119048
NODE_25196_length_599_cov_9.224000	213	297	3	14	84	0.1666667
NODE_25196_length_599_cov_9.224000	213	297	4	69	84	0.8214286
NODE_25201_length_599_cov_5.536000	58	112	0	51	54	0.9444444
NODE_25201_length_599_cov_5.536000	58	112	2	3	54	0.0555556
NODE_25208_length_599_cov_3.810000	271	334	0	63	63	1.0000000
NODE_25208_length_599_cov_3.810000	324	390	0	66	66	1.0000000
NODE_25211_length_599_cov_3.598000	238	318	2	60	80	0.7500000
NODE_25211_length_599_cov_3.598000	238	318	3	2	80	0.0250000
NODE_25211_length_599_cov_3.598000	238	318	4	18	80	0.2250000
NODE_25211_length_599_cov_3.598000	291	371	2	7	80	0.0875000
NODE_25211_length_599_cov_3.598000	291	371	3	55	80	0.6875000
NODE_25211_length_599_cov_3.598000	291	371	4	18	80	0.2250000
NODE_25308_length_598_cov_54.450902	264	344	1	16	80	0.2000000
NODE_25308_length_598_cov_54.450902	264	344	2	43	80	0.5375000
NODE_25308_length_598_cov_54.450902	264	344	3	21	80	0.2625000
NODE_25308_length_598_cov_54.450902	317	397	0	37	80	0.4625000
NODE_25308_length_598_cov_54.450902	317	397	1	32	80	0.4000000
NODE_25308_length_598_cov_54.450902	317	397	2	11	80	0.1375000
NODE_25309_length_598_cov_8.326653	204	284	0	80	80	1.0000000
NODE_25309_length_598_cov_8.326653	257	337	0	80	80	1.0000000
NODE_25316_length_598_cov_5.623246	169	240	2	71	71	1.0000000
NODE_25320_length_598_cov_4.929860	73	153	0	80	80	1.0000000
NODE_25320_length_598_cov_4.929860	126	206	0	80	80	1.0000000
NODE_25421_length_597_cov_15.142570	197	277	0	7	80	0.0875000
NODE_25421_length_597_cov_15.142570	197	277	1	12	80	0.1500000
NODE_25421_length_597_cov_15.142570	197	277	2	61	80	0.7625000
NODE_25421_length_597_cov_15.142570	250	330	2	80	80	1.0000000
NODE_25422_length_597_cov_12.387550	118	198	2	33	80	0.4125000
NODE_25422_length_597_cov_12.387550	118	198	4	6	80	0.0750000
NODE_25422_length_597_cov_12.387550	118	198	6	31	80	0.3875000
NODE_25422_length_597_cov_12.387550	118	198	7	10	80	0.1250000
NODE_25422_length_597_cov_12.387550	171	251	4	11	80	0.1375000
NODE_25422_length_597_cov_12.387550	171	251	5	2	80	0.0250000
NODE_25422_length_597_cov_12.387550	171	251	6	29	80	0.3625000
NODE_25422_length_597_cov_12.387550	171	251	7	38	80	0.4750000
NODE_25423_length_597_cov_7.016064	213	293	4	13	80	0.1625000
NODE_25423_length_597_cov_7.016064	213	293	7	1	80	0.0125000
NODE_25423_length_597_cov_7.016064	213	293	8	1	80	0.0125000
NODE_25423_length_597_cov_7.016064	213	293	9	54	80	0.6750000
NODE_25423_length_597_cov_7.016064	213	293	11	11	80	0.1375000
NODE_25423_length_597_cov_7.016064	266	346	6	20	80	0.2500000
NODE_25423_length_597_cov_7.016064	266	346	7	32	80	0.4000000
NODE_25423_length_597_cov_7.016064	266	346	9	17	80	0.2125000
NODE_25423_length_597_cov_7.016064	266	346	11	11	80	0.1375000
NODE_25426_length_597_cov_6.212851	374	449	0	57	75	0.7600000
NODE_25426_length_597_cov_6.212851	374	449	2	2	75	0.0266667
NODE_25426_length_597_cov_6.212851	374	449	4	16	75	0.2133333
NODE_25434_length_597_cov_4.273092	368	448	0	7	80	0.0875000
NODE_25434_length_597_cov_4.273092	368	448	1	1	80	0.0125000
NODE_25434_length_597_cov_4.273092	368	448	2	72	80	0.9000000
NODE_25434_length_597_cov_4.273092	421	507	0	66	86	0.7674419
NODE_25434_length_597_cov_4.273092	421	507	1	1	86	0.0116279
NODE_25434_length_597_cov_4.273092	421	507	2	19	86	0.2209302
NODE_25464_length_597_cov_2.162651	92	172	3	80	80	1.0000000
NODE_25464_length_597_cov_2.162651	145	225	3	46	80	0.5750000
NODE_25464_length_597_cov_2.162651	145	225	4	21	80	0.2625000
NODE_25464_length_597_cov_2.162651	145	225	5	13	80	0.1625000
NODE_25467_length_597_cov_2.096386	440	509	0	69	69	1.0000000
NODE_25469_length_597_cov_1.977912	392	472	3	61	80	0.7625000
NODE_25469_length_597_cov_1.977912	392	472	5	19	80	0.2375000
NODE_25469_length_597_cov_1.977912	437	494	0	2	57	0.0350877
NODE_25469_length_597_cov_1.977912	437	494	1	7	57	0.1228070
NODE_25469_length_597_cov_1.977912	437	494	3	48	57	0.8421053
NODE_25469_length_597_cov_1.977912	445	525	0	33	80	0.4125000
NODE_25469_length_597_cov_1.977912	445	525	1	7	80	0.0875000
NODE_25469_length_597_cov_1.977912	445	525	3	40	80	0.5000000
NODE_25552_length_596_cov_32.293763	221	301	7	25	80	0.3125000
NODE_25552_length_596_cov_32.293763	221	301	9	11	80	0.1375000
NODE_25552_length_596_cov_32.293763	221	301	10	11	80	0.1375000
NODE_25552_length_596_cov_32.293763	221	301	12	33	80	0.4125000
NODE_25552_length_596_cov_32.293763	274	354	9	8	80	0.1000000
NODE_25552_length_596_cov_32.293763	274	354	10	28	80	0.3500000
NODE_25552_length_596_cov_32.293763	274	354	11	18	80	0.2250000
NODE_25552_length_596_cov_32.293763	274	354	12	26	80	0.3250000
NODE_25552_length_596_cov_32.293763	351	406	3	4	55	0.0727273
NODE_25552_length_596_cov_32.293763	351	406	4	5	55	0.0909091
NODE_25552_length_596_cov_32.293763	351	406	6	28	55	0.5090909
NODE_25552_length_596_cov_32.293763	351	406	8	4	55	0.0727273
NODE_25552_length_596_cov_32.293763	351	406	9	14	55	0.2545455
NODE_25552_length_596_cov_32.293763	381	459	1	51	78	0.6538461
NODE_25552_length_596_cov_32.293763	381	459	3	6	78	0.0769231
NODE_25552_length_596_cov_32.293763	381	459	4	5	78	0.0641026
NODE_25552_length_596_cov_32.293763	381	459	6	16	78	0.2051282
NODE_25553_length_596_cov_26.891348	199	279	10	3	80	0.0375000
NODE_25553_length_596_cov_26.891348	199	279	11	7	80	0.0875000
NODE_25553_length_596_cov_26.891348	199	279	12	11	80	0.1375000
NODE_25553_length_596_cov_26.891348	199	279	13	20	80	0.2500000
NODE_25553_length_596_cov_26.891348	199	279	14	12	80	0.1500000
NODE_25553_length_596_cov_26.891348	199	279	16	15	80	0.1875000
NODE_25553_length_596_cov_26.891348	199	279	17	12	80	0.1500000
NODE_25553_length_596_cov_26.891348	252	332	4	9	80	0.1125000
NODE_25553_length_596_cov_26.891348	252	332	6	4	80	0.0500000
NODE_25553_length_596_cov_26.891348	252	332	8	7	80	0.0875000
NODE_25553_length_596_cov_26.891348	252	332	10	6	80	0.0750000
NODE_25553_length_596_cov_26.891348	252	332	12	29	80	0.3625000
NODE_25553_length_596_cov_26.891348	252	332	13	20	80	0.2500000
NODE_25553_length_596_cov_26.891348	252	332	17	5	80	0.0625000
NODE_25554_length_596_cov_17.082495	179	259	1	33	80	0.4125000
NODE_25554_length_596_cov_17.082495	179	259	2	47	80	0.5875000
NODE_25554_length_596_cov_17.082495	232	312	1	39	80	0.4875000
NODE_25554_length_596_cov_17.082495	232	312	2	41	80	0.5125000
NODE_25555_length_596_cov_10.372233	354	434	0	80	80	1.0000000
NODE_25555_length_596_cov_10.372233	407	487	0	80	80	1.0000000
NODE_25557_length_596_cov_6.955734	142	222	0	80	80	1.0000000
NODE_25558_length_596_cov_6.225352	242	322	1	44	80	0.5500000
NODE_25558_length_596_cov_6.225352	242	322	2	36	80	0.4500000
NODE_25558_length_596_cov_6.225352	308	375	2	67	67	1.0000000
NODE_25567_length_596_cov_4.197183	369	444	0	75	75	1.0000000
NODE_25593_length_596_cov_2.066398	534	583	0	49	49	1.0000000
NODE_25666_length_595_cov_52.532258	248	328	2	65	80	0.8125000
NODE_25666_length_595_cov_52.532258	248	328	3	1	80	0.0125000
NODE_25666_length_595_cov_52.532258	248	328	4	14	80	0.1750000
NODE_25666_length_595_cov_52.532258	301	381	2	12	80	0.1500000
NODE_25666_length_595_cov_52.532258	301	381	3	1	80	0.0125000
NODE_25666_length_595_cov_52.532258	301	381	4	16	80	0.2000000
NODE_25666_length_595_cov_52.532258	301	381	5	6	80	0.0750000
NODE_25666_length_595_cov_52.532258	301	381	6	32	80	0.4000000
NODE_25666_length_595_cov_52.532258	301	381	7	13	80	0.1625000
NODE_25667_length_595_cov_38.584677	122	202	3	8	80	0.1000000
NODE_25667_length_595_cov_38.584677	122	202	5	20	80	0.2500000
NODE_25667_length_595_cov_38.584677	122	202	6	5	80	0.0625000
NODE_25667_length_595_cov_38.584677	122	202	9	3	80	0.0375000
NODE_25667_length_595_cov_38.584677	122	202	10	10	80	0.1250000
NODE_25667_length_595_cov_38.584677	122	202	13	3	80	0.0375000
NODE_25667_length_595_cov_38.584677	122	202	14	23	80	0.2875000
NODE_25667_length_595_cov_38.584677	122	202	15	8	80	0.1000000
NODE_25667_length_595_cov_38.584677	175	255	11	6	80	0.0750000
NODE_25667_length_595_cov_38.584677	175	255	13	25	80	0.3125000
NODE_25667_length_595_cov_38.584677	175	255	14	28	80	0.3500000
NODE_25667_length_595_cov_38.584677	175	255	15	21	80	0.2625000
NODE_25669_length_595_cov_10.576613	323	403	1	5	80	0.0625000
NODE_25669_length_595_cov_10.576613	323	403	2	75	80	0.9375000
NODE_25669_length_595_cov_10.576613	376	456	1	10	80	0.1250000
NODE_25669_length_595_cov_10.576613	376	456	2	70	80	0.8750000
NODE_25672_length_595_cov_7.917339	342	415	0	73	73	1.0000000
NODE_25672_length_595_cov_7.917339	388	438	0	47	50	0.9400000
NODE_25672_length_595_cov_7.917339	388	438	1	3	50	0.0600000
NODE_25702_length_595_cov_2.792339	178	258	0	41	80	0.5125000
NODE_25702_length_595_cov_2.792339	178	258	1	39	80	0.4875000
NODE_25702_length_595_cov_2.792339	231	311	1	36	80	0.4500000
NODE_25702_length_595_cov_2.792339	231	311	2	44	80	0.5500000
NODE_25807_length_594_cov_34.157576	283	363	6	8	80	0.1000000
NODE_25807_length_594_cov_34.157576	283	363	7	14	80	0.1750000
NODE_25807_length_594_cov_34.157576	283	363	8	41	80	0.5125000
NODE_25807_length_594_cov_34.157576	283	363	9	7	80	0.0875000
NODE_25807_length_594_cov_34.157576	283	363	10	10	80	0.1250000
NODE_25807_length_594_cov_34.157576	336	416	5	1	80	0.0125000
NODE_25807_length_594_cov_34.157576	336	416	6	25	80	0.3125000
NODE_25807_length_594_cov_34.157576	336	416	7	16	80	0.2000000
NODE_25807_length_594_cov_34.157576	336	416	8	25	80	0.3125000
NODE_25807_length_594_cov_34.157576	336	416	9	13	80	0.1625000
NODE_25811_length_594_cov_8.933333	258	338	0	61	80	0.7625000
NODE_25811_length_594_cov_8.933333	258	338	2	19	80	0.2375000
NODE_25811_length_594_cov_8.933333	311	389	0	8	78	0.1025641
NODE_25811_length_594_cov_8.933333	311	389	2	70	78	0.8974359
NODE_25815_length_594_cov_5.759596	82	118	1	36	36	1.0000000
NODE_25815_length_594_cov_5.759596	114	194	1	19	80	0.2375000
NODE_25815_length_594_cov_5.759596	114	194	2	28	80	0.3500000
NODE_25815_length_594_cov_5.759596	114	194	3	33	80	0.4125000
NODE_25815_length_594_cov_5.759596	167	242	2	56	75	0.7466667
NODE_25815_length_594_cov_5.759596	167	242	3	19	75	0.2533333
NODE_25825_length_594_cov_3.913131	275	355	2	80	80	1.0000000
NODE_25844_length_594_cov_2.470707	209	247	0	38	38	1.0000000
NODE_25919_length_594_cov_0.698990	33	73	2	40	40	1.0000000
NODE_25928_length_593_cov_124.985830	247	285	8	2	38	0.0526316
NODE_25928_length_593_cov_124.985830	247	285	9	10	38	0.2631579
NODE_25928_length_593_cov_124.985830	247	285	11	2	38	0.0526316
NODE_25928_length_593_cov_124.985830	247	285	12	1	38	0.0263158
NODE_25928_length_593_cov_124.985830	247	285	14	1	38	0.0263158
NODE_25928_length_593_cov_124.985830	247	285	16	5	38	0.1315790
NODE_25928_length_593_cov_124.985830	247	285	17	2	38	0.0526316
NODE_25928_length_593_cov_124.985830	247	285	18	1	38	0.0263158
NODE_25928_length_593_cov_124.985830	247	285	19	1	38	0.0263158
NODE_25928_length_593_cov_124.985830	247	285	20	11	38	0.2894737
NODE_25928_length_593_cov_124.985830	247	285	22	2	38	0.0526316
NODE_25929_length_593_cov_36.161943	150	230	3	1	80	0.0125000
NODE_25929_length_593_cov_36.161943	150	230	5	2	80	0.0250000
NODE_25929_length_593_cov_36.161943	150	230	6	10	80	0.1250000
NODE_25929_length_593_cov_36.161943	150	230	8	16	80	0.2000000
NODE_25929_length_593_cov_36.161943	150	230	10	28	80	0.3500000
NODE_25929_length_593_cov_36.161943	150	230	11	23	80	0.2875000
NODE_25929_length_593_cov_36.161943	203	283	6	7	80	0.0875000
NODE_25929_length_593_cov_36.161943	203	283	8	12	80	0.1500000
NODE_25929_length_593_cov_36.161943	203	283	9	32	80	0.4000000
NODE_25929_length_593_cov_36.161943	203	283	10	6	80	0.0750000
NODE_25929_length_593_cov_36.161943	203	283	11	23	80	0.2875000
NODE_25930_length_593_cov_14.979757	219	299	1	46	80	0.5750000
NODE_25930_length_593_cov_14.979757	219	299	2	34	80	0.4250000
NODE_25930_length_593_cov_14.979757	272	352	0	28	80	0.3500000
NODE_25930_length_593_cov_14.979757	272	352	1	52	80	0.6500000
NODE_25931_length_593_cov_11.018219	324	404	0	80	80	1.0000000
NODE_25931_length_593_cov_11.018219	377	457	0	80	80	1.0000000
NODE_25946_length_593_cov_3.232794	210	273	1	16	63	0.2539683
NODE_25946_length_593_cov_3.232794	210	273	2	22	63	0.3492064
NODE_25946_length_593_cov_3.232794	210	273	3	25	63	0.3968254
NODE_25946_length_593_cov_3.232794	263	326	3	63	63	1.0000000
NODE_25996_length_593_cov_1.261134	227	249	0	22	22	1.0000000
NODE_26033_length_592_cov_18.908722	163	243	0	80	80	1.0000000
NODE_26033_length_592_cov_18.908722	230	296	0	66	66	1.0000000
NODE_26034_length_592_cov_7.531440	232	312	0	80	80	1.0000000
NODE_26034_length_592_cov_7.531440	285	361	0	76	76	1.0000000
NODE_26035_length_592_cov_7.000000	77	157	1	5	80	0.0625000
NODE_26035_length_592_cov_7.000000	77	157	2	11	80	0.1375000
NODE_26035_length_592_cov_7.000000	77	157	3	29	80	0.3625000
NODE_26035_length_592_cov_7.000000	77	157	4	8	80	0.1000000
NODE_26035_length_592_cov_7.000000	77	157	6	27	80	0.3375000
NODE_26035_length_592_cov_7.000000	130	210	6	80	80	1.0000000
NODE_26040_length_592_cov_5.036511	270	349	0	79	79	1.0000000
NODE_26041_length_592_cov_5.024341	205	285	0	80	80	1.0000000
NODE_26041_length_592_cov_5.024341	258	309	0	51	51	1.0000000
NODE_26062_length_592_cov_2.866126	61	127	0	66	66	1.0000000
NODE_26069_length_592_cov_2.361055	476	526	1	39	50	0.7800000
NODE_26069_length_592_cov_2.361055	476	526	2	11	50	0.2200000
NODE_26142_length_591_cov_11.286585	245	325	0	80	80	1.0000000
NODE_26142_length_591_cov_11.286585	298	378	0	80	80	1.0000000
NODE_26143_length_591_cov_9.432927	241	321	2	11	80	0.1375000
NODE_26143_length_591_cov_9.432927	241	321	3	38	80	0.4750000
NODE_26143_length_591_cov_9.432927	241	321	4	31	80	0.3875000
NODE_26143_length_591_cov_9.432927	294	374	2	24	80	0.3000000
NODE_26143_length_591_cov_9.432927	294	374	4	56	80	0.7000000
NODE_26184_length_591_cov_2.365854	396	476	0	80	80	1.0000000
NODE_26184_length_591_cov_2.365854	449	529	0	80	80	1.0000000
NODE_26272_length_590_cov_29.661914	26	106	0	15	80	0.1875000
NODE_26272_length_590_cov_29.661914	26	106	1	6	80	0.0750000
NODE_26272_length_590_cov_29.661914	26	106	2	53	80	0.6625000
NODE_26272_length_590_cov_29.661914	26	106	3	6	80	0.0750000
NODE_26272_length_590_cov_29.661914	79	159	2	21	80	0.2625000
NODE_26272_length_590_cov_29.661914	79	159	3	59	80	0.7375000
NODE_26272_length_590_cov_29.661914	155	235	1	38	80	0.4750000
NODE_26272_length_590_cov_29.661914	155	235	2	6	80	0.0750000
NODE_26272_length_590_cov_29.661914	155	235	3	36	80	0.4500000
NODE_26272_length_590_cov_29.661914	208	288	0	38	80	0.4750000
NODE_26272_length_590_cov_29.661914	208	288	1	42	80	0.5250000
NODE_26273_length_590_cov_21.360489	178	258	2	28	80	0.3500000
NODE_26273_length_590_cov_21.360489	178	258	3	43	80	0.5375000
NODE_26273_length_590_cov_21.360489	178	258	4	9	80	0.1125000
NODE_26273_length_590_cov_21.360489	231	311	2	60	80	0.7500000
NODE_26273_length_590_cov_21.360489	231	311	3	20	80	0.2500000
NODE_26274_length_590_cov_18.395112	161	241	1	9	80	0.1125000
NODE_26274_length_590_cov_18.395112	161	241	2	1	80	0.0125000
NODE_26274_length_590_cov_18.395112	161	241	3	25	80	0.3125000
NODE_26274_length_590_cov_18.395112	161	241	4	7	80	0.0875000
NODE_26274_length_590_cov_18.395112	161	241	6	17	80	0.2125000
NODE_26274_length_590_cov_18.395112	161	241	7	21	80	0.2625000
NODE_26274_length_590_cov_18.395112	214	294	6	24	80	0.3000000
NODE_26274_length_590_cov_18.395112	214	294	7	56	80	0.7000000
NODE_26275_length_590_cov_17.376782	238	318	0	80	80	1.0000000
NODE_26275_length_590_cov_17.376782	291	371	0	80	80	1.0000000
NODE_26279_length_590_cov_6.205703	262	333	0	71	71	1.0000000
NODE_26283_length_590_cov_5.319756	224	304	2	59	80	0.7375000
NODE_26283_length_590_cov_5.319756	224	304	3	15	80	0.1875000
NODE_26283_length_590_cov_5.319756	224	304	4	6	80	0.0750000
NODE_26283_length_590_cov_5.319756	277	357	1	44	80	0.5500000
NODE_26283_length_590_cov_5.319756	277	357	2	36	80	0.4500000
NODE_26366_length_590_cov_0.971487	0	32	0	32	32	1.0000000
NODE_26390_length_589_cov_15.810204	384	464	2	33	80	0.4125000
NODE_26390_length_589_cov_15.810204	384	464	3	47	80	0.5875000
NODE_26390_length_589_cov_15.810204	437	517	2	79	80	0.9875000
NODE_26390_length_589_cov_15.810204	437	517	3	1	80	0.0125000
NODE_26391_length_589_cov_13.855102	320	400	2	24	80	0.3000000
NODE_26391_length_589_cov_13.855102	320	400	3	38	80	0.4750000
NODE_26391_length_589_cov_13.855102	320	400	4	9	80	0.1125000
NODE_26391_length_589_cov_13.855102	320	400	6	9	80	0.1125000
NODE_26391_length_589_cov_13.855102	373	453	3	9	80	0.1125000
NODE_26391_length_589_cov_13.855102	373	453	4	9	80	0.1125000
NODE_26391_length_589_cov_13.855102	373	453	5	22	80	0.2750000
NODE_26391_length_589_cov_13.855102	373	453	6	40	80	0.5000000
NODE_26395_length_589_cov_6.297959	186	266	0	80	80	1.0000000
NODE_26395_length_589_cov_6.297959	239	319	0	80	80	1.0000000
NODE_26430_length_589_cov_2.320408	431	511	0	54	80	0.6750000
NODE_26430_length_589_cov_2.320408	431	511	2	26	80	0.3250000
NODE_26515_length_588_cov_49.936605	264	341	0	30	77	0.3896104
NODE_26515_length_588_cov_49.936605	264	341	2	7	77	0.0909091
NODE_26515_length_588_cov_49.936605	264	341	4	40	77	0.5194805
NODE_26515_length_588_cov_49.936605	314	394	2	3	80	0.0375000
NODE_26515_length_588_cov_49.936605	314	394	4	77	80	0.9625000
NODE_26516_length_588_cov_33.691207	273	353	6	78	80	0.9750000
NODE_26516_length_588_cov_33.691207	273	353	8	2	80	0.0250000
NODE_26516_length_588_cov_33.691207	326	406	4	27	80	0.3375000
NODE_26516_length_588_cov_33.691207	326	406	6	51	80	0.6375000
NODE_26516_length_588_cov_33.691207	326	406	8	2	80	0.0250000
NODE_26517_length_588_cov_16.564417	245	325	0	55	80	0.6875000
NODE_26517_length_588_cov_16.564417	245	325	2	25	80	0.3125000
NODE_26517_length_588_cov_16.564417	298	378	0	2	80	0.0250000
NODE_26517_length_588_cov_16.564417	298	378	2	78	80	0.9750000
NODE_26518_length_588_cov_14.595092	266	346	2	80	80	1.0000000
NODE_26518_length_588_cov_14.595092	319	399	1	38	80	0.4750000
NODE_26518_length_588_cov_14.595092	319	399	2	42	80	0.5250000
NODE_26522_length_588_cov_7.439673	155	235	2	80	80	1.0000000
NODE_26522_length_588_cov_7.439673	208	288	0	47	80	0.5875000
NODE_26522_length_588_cov_7.439673	208	288	2	33	80	0.4125000
NODE_26523_length_588_cov_7.094070	191	263	0	72	72	1.0000000
NODE_26523_length_588_cov_7.094070	244	310	0	66	66	1.0000000
NODE_26523_length_588_cov_7.094070	439	519	0	80	80	1.0000000
NODE_26523_length_588_cov_7.094070	492	572	0	80	80	1.0000000
NODE_26534_length_588_cov_4.167689	65	122	0	57	57	1.0000000
NODE_26634_length_587_cov_39.782787	123	203	4	8	80	0.1000000
NODE_26634_length_587_cov_39.782787	123	203	5	7	80	0.0875000
NODE_26634_length_587_cov_39.782787	123	203	6	19	80	0.2375000
NODE_26634_length_587_cov_39.782787	123	203	7	18	80	0.2250000
NODE_26634_length_587_cov_39.782787	123	203	8	28	80	0.3500000
NODE_26634_length_587_cov_39.782787	176	256	5	1	80	0.0125000
NODE_26634_length_587_cov_39.782787	176	256	6	67	80	0.8375000
NODE_26634_length_587_cov_39.782787	176	256	7	6	80	0.0750000
NODE_26634_length_587_cov_39.782787	176	256	8	6	80	0.0750000
NODE_26634_length_587_cov_39.782787	252	332	0	5	80	0.0625000
NODE_26634_length_587_cov_39.782787	252	332	1	1	80	0.0125000
NODE_26634_length_587_cov_39.782787	252	332	2	20	80	0.2500000
NODE_26634_length_587_cov_39.782787	252	332	3	25	80	0.3125000
NODE_26634_length_587_cov_39.782787	252	332	4	17	80	0.2125000
NODE_26634_length_587_cov_39.782787	252	332	5	9	80	0.1125000
NODE_26634_length_587_cov_39.782787	252	332	6	3	80	0.0375000
NODE_26634_length_587_cov_39.782787	305	385	2	9	80	0.1125000
NODE_26634_length_587_cov_39.782787	305	385	3	71	80	0.8875000
NODE_26635_length_587_cov_31.807377	141	221	0	80	80	1.0000000
NODE_26635_length_587_cov_31.807377	194	274	0	80	80	1.0000000
NODE_26636_length_587_cov_12.629098	219	299	0	80	80	1.0000000
NODE_26636_length_587_cov_12.629098	272	352	0	80	80	1.0000000
NODE_26639_length_587_cov_9.067623	203	283	0	80	80	1.0000000
NODE_26639_length_587_cov_9.067623	256	336	0	80	80	1.0000000
NODE_26640_length_587_cov_8.411885	253	311	0	11	58	0.1896552
NODE_26640_length_587_cov_8.411885	253	311	2	47	58	0.8103448
NODE_26656_length_587_cov_3.231557	201	256	0	2	55	0.0363636
NODE_26656_length_587_cov_3.231557	201	256	2	53	55	0.9636363
NODE_26665_length_587_cov_2.850410	255	288	0	33	33	1.0000000
NODE_26749_length_586_cov_37.843943	268	348	3	8	80	0.1000000
NODE_26749_length_586_cov_37.843943	268	348	4	2	80	0.0250000
NODE_26749_length_586_cov_37.843943	268	348	5	16	80	0.2000000
NODE_26749_length_586_cov_37.843943	268	348	6	54	80	0.6750000
NODE_26749_length_586_cov_37.843943	321	401	2	11	80	0.1375000
NODE_26749_length_586_cov_37.843943	321	401	3	50	80	0.6250000
NODE_26749_length_586_cov_37.843943	321	401	6	19	80	0.2375000
NODE_26749_length_586_cov_37.843943	397	477	1	3	80	0.0375000
NODE_26749_length_586_cov_37.843943	397	477	2	11	80	0.1375000
NODE_26749_length_586_cov_37.843943	397	477	3	66	80	0.8250000
NODE_26749_length_586_cov_37.843943	450	531	3	81	81	1.0000000
NODE_26750_length_586_cov_12.831622	186	266	0	44	80	0.5500000
NODE_26750_length_586_cov_12.831622	186	266	1	36	80	0.4500000
NODE_26750_length_586_cov_12.831622	239	319	1	27	80	0.3375000
NODE_26750_length_586_cov_12.831622	239	319	2	53	80	0.6625000
NODE_26752_length_586_cov_11.264887	108	188	7	80	80	1.0000000
NODE_26752_length_586_cov_11.264887	161	241	0	12	80	0.1500000
NODE_26752_length_586_cov_11.264887	161	241	4	18	80	0.2250000
NODE_26752_length_586_cov_11.264887	161	241	7	50	80	0.6250000
NODE_26754_length_586_cov_9.624230	299	360	2	38	61	0.6229508
NODE_26754_length_586_cov_9.624230	299	360	3	12	61	0.1967213
NODE_26754_length_586_cov_9.624230	299	360	4	11	61	0.1803279
NODE_26754_length_586_cov_9.624230	299	360	2	38	61	0.6229508
NODE_26754_length_586_cov_9.624230	299	360	3	12	61	0.1967213
NODE_26754_length_586_cov_9.624230	299	360	4	11	61	0.1803279
NODE_26754_length_586_cov_9.624230	299	360	2	38	61	0.6229508
NODE_26754_length_586_cov_9.624230	299	360	3	12	61	0.1967213
NODE_26754_length_586_cov_9.624230	299	360	4	11	61	0.1803279
NODE_26754_length_586_cov_9.624230	301	360	2	38	59	0.6440678
NODE_26754_length_586_cov_9.624230	301	360	3	12	59	0.2033898
NODE_26754_length_586_cov_9.624230	301	360	4	9	59	0.1525424
NODE_26756_length_586_cov_8.591376	273	353	0	80	80	1.0000000
NODE_26756_length_586_cov_8.591376	326	406	0	80	80	1.0000000
NODE_26758_length_586_cov_6.135524	334	375	0	41	41	1.0000000
NODE_26758_length_586_cov_6.135524	334	375	0	41	41	1.0000000
NODE_26760_length_586_cov_5.634497	150	230	0	80	80	1.0000000
NODE_26760_length_586_cov_5.634497	203	283	0	80	80	1.0000000
NODE_26765_length_586_cov_4.626283	296	362	0	66	66	1.0000000
NODE_26765_length_586_cov_4.626283	453	533	0	80	80	1.0000000
NODE_26885_length_585_cov_112.094650	456	536	16	27	80	0.3375000
NODE_26885_length_585_cov_112.094650	456	536	18	3	80	0.0375000
NODE_26885_length_585_cov_112.094650	456	536	19	2	80	0.0250000
NODE_26885_length_585_cov_112.094650	456	536	20	4	80	0.0500000
NODE_26885_length_585_cov_112.094650	456	536	21	16	80	0.2000000
NODE_26885_length_585_cov_112.094650	456	536	22	1	80	0.0125000
NODE_26885_length_585_cov_112.094650	456	536	23	5	80	0.0625000
NODE_26885_length_585_cov_112.094650	456	536	24	16	80	0.2000000
NODE_26885_length_585_cov_112.094650	456	536	25	6	80	0.0750000
NODE_26885_length_585_cov_112.094650	509	585	7	18	76	0.2368421
NODE_26885_length_585_cov_112.094650	509	585	9	7	76	0.0921053
NODE_26885_length_585_cov_112.094650	509	585	10	3	76	0.0394737
NODE_26885_length_585_cov_112.094650	509	585	11	1	76	0.0131579
NODE_26885_length_585_cov_112.094650	509	585	13	9	76	0.1184211
NODE_26885_length_585_cov_112.094650	509	585	14	1	76	0.0131579
NODE_26885_length_585_cov_112.094650	509	585	16	37	76	0.4868421
NODE_26886_length_585_cov_23.872428	168	248	0	27	80	0.3375000
NODE_26886_length_585_cov_23.872428	168	248	2	36	80	0.4500000
NODE_26886_length_585_cov_23.872428	168	248	4	17	80	0.2125000
NODE_26886_length_585_cov_23.872428	222	301	2	9	79	0.1139240
NODE_26886_length_585_cov_23.872428	222	301	4	50	79	0.6329114
NODE_26886_length_585_cov_23.872428	222	301	6	20	79	0.2531646
NODE_26887_length_585_cov_18.981481	360	440	3	39	80	0.4875000
NODE_26887_length_585_cov_18.981481	360	440	4	30	80	0.3750000
NODE_26887_length_585_cov_18.981481	360	440	5	9	80	0.1125000
NODE_26887_length_585_cov_18.981481	360	440	6	2	80	0.0250000
NODE_26887_length_585_cov_18.981481	413	493	2	17	80	0.2125000
NODE_26887_length_585_cov_18.981481	413	493	4	63	80	0.7875000
NODE_26888_length_585_cov_13.967078	323	387	0	64	64	1.0000000
NODE_26889_length_585_cov_10.555556	229	309	2	19	80	0.2375000
NODE_26889_length_585_cov_10.555556	229	309	3	7	80	0.0875000
NODE_26889_length_585_cov_10.555556	229	309	4	7	80	0.0875000
NODE_26889_length_585_cov_10.555556	229	309	5	9	80	0.1125000
NODE_26889_length_585_cov_10.555556	229	309	6	16	80	0.2000000
NODE_26889_length_585_cov_10.555556	229	309	7	8	80	0.1000000
NODE_26889_length_585_cov_10.555556	229	309	8	14	80	0.1750000
NODE_26889_length_585_cov_10.555556	282	362	6	56	80	0.7000000
NODE_26889_length_585_cov_10.555556	282	362	7	10	80	0.1250000
NODE_26889_length_585_cov_10.555556	282	362	8	14	80	0.1750000
NODE_26891_length_585_cov_9.216049	233	313	1	71	80	0.8875000
NODE_26891_length_585_cov_9.216049	233	313	2	9	80	0.1125000
NODE_26891_length_585_cov_9.216049	286	366	1	25	80	0.3125000
NODE_26891_length_585_cov_9.216049	286	366	2	38	80	0.4750000
NODE_26891_length_585_cov_9.216049	286	366	3	17	80	0.2125000
NODE_26894_length_585_cov_8.090535	292	372	2	47	80	0.5875000
NODE_26894_length_585_cov_8.090535	292	372	3	33	80	0.4125000
NODE_26894_length_585_cov_8.090535	345	425	2	78	80	0.9750000
NODE_26894_length_585_cov_8.090535	345	425	3	2	80	0.0250000
NODE_26895_length_585_cov_8.018519	339	381	0	42	42	1.0000000
NODE_26895_length_585_cov_8.018519	354	419	0	65	65	1.0000000
NODE_26900_length_585_cov_4.954733	147	227	0	80	80	1.0000000
NODE_26912_length_585_cov_3.751029	288	368	2	80	80	1.0000000
NODE_26912_length_585_cov_3.751029	341	421	0	17	80	0.2125000
NODE_26912_length_585_cov_3.751029	341	421	2	63	80	0.7875000
NODE_27019_length_584_cov_21.657732	57	137	1	13	80	0.1625000
NODE_27019_length_584_cov_21.657732	57	137	3	9	80	0.1125000
NODE_27019_length_584_cov_21.657732	57	137	4	58	80	0.7250000
NODE_27019_length_584_cov_21.657732	110	190	4	52	80	0.6500000
NODE_27019_length_584_cov_21.657732	110	190	5	28	80	0.3500000
NODE_27020_length_584_cov_11.915464	280	360	3	12	80	0.1500000
NODE_27020_length_584_cov_11.915464	280	360	4	9	80	0.1125000
NODE_27020_length_584_cov_11.915464	280	360	5	10	80	0.1250000
NODE_27020_length_584_cov_11.915464	280	360	6	5	80	0.0625000
NODE_27020_length_584_cov_11.915464	280	360	8	44	80	0.5500000
NODE_27020_length_584_cov_11.915464	333	413	6	33	80	0.4125000
NODE_27020_length_584_cov_11.915464	333	413	7	1	80	0.0125000
NODE_27020_length_584_cov_11.915464	333	413	8	46	80	0.5750000
NODE_27021_length_584_cov_11.197938	217	297	3	57	80	0.7125000
NODE_27021_length_584_cov_11.197938	217	297	4	23	80	0.2875000
NODE_27021_length_584_cov_11.197938	270	350	2	30	80	0.3750000
NODE_27021_length_584_cov_11.197938	270	350	3	4	80	0.0500000
NODE_27021_length_584_cov_11.197938	270	350	4	46	80	0.5750000
NODE_27022_length_584_cov_9.824742	375	441	0	66	66	1.0000000
NODE_27022_length_584_cov_9.824742	375	441	0	66	66	1.0000000
NODE_27023_length_584_cov_9.160825	369	449	1	29	80	0.3625000
NODE_27023_length_584_cov_9.160825	369	449	2	38	80	0.4750000
NODE_27023_length_584_cov_9.160825	369	449	3	13	80	0.1625000
NODE_27023_length_584_cov_9.160825	422	502	2	71	80	0.8875000
NODE_27023_length_584_cov_9.160825	422	502	3	9	80	0.1125000
NODE_27023_length_584_cov_9.160825	422	502	2	71	80	0.8875000
NODE_27023_length_584_cov_9.160825	422	502	3	9	80	0.1125000
NODE_27026_length_584_cov_7.736082	51	131	0	80	80	1.0000000
NODE_27026_length_584_cov_7.736082	104	184	0	80	80	1.0000000
NODE_27031_length_584_cov_7.113402	213	293	0	80	80	1.0000000
NODE_27031_length_584_cov_7.113402	266	346	0	80	80	1.0000000
NODE_27035_length_584_cov_5.843299	281	341	0	60	60	1.0000000
NODE_27039_length_584_cov_5.032990	240	320	0	2	80	0.0250000
NODE_27039_length_584_cov_5.032990	240	320	2	78	80	0.9750000
NODE_27039_length_584_cov_5.032990	293	373	0	15	80	0.1875000
NODE_27039_length_584_cov_5.032990	293	373	2	65	80	0.8125000
NODE_27061_length_584_cov_2.707216	186	257	0	71	71	1.0000000
NODE_27147_length_583_cov_7.973140	232	312	2	80	80	1.0000000
NODE_27147_length_583_cov_7.973140	285	365	0	24	80	0.3000000
NODE_27147_length_583_cov_7.973140	285	365	1	19	80	0.2375000
NODE_27147_length_583_cov_7.973140	285	365	2	37	80	0.4625000
NODE_27148_length_583_cov_6.731405	328	408	2	73	80	0.9125000
NODE_27148_length_583_cov_6.731405	328	408	4	7	80	0.0875000
NODE_27148_length_583_cov_6.731405	381	461	2	25	80	0.3125000
NODE_27148_length_583_cov_6.731405	381	461	4	55	80	0.6875000
NODE_27149_length_583_cov_6.363636	161	231	0	70	70	1.0000000
NODE_27152_length_583_cov_5.766529	132	186	1	54	54	1.0000000
NODE_27263_length_583_cov_0.762397	9	50	0	41	41	1.0000000
NODE_27278_length_582_cov_74.269151	295	375	7	17	80	0.2125000
NODE_27278_length_582_cov_74.269151	295	375	8	2	80	0.0250000
NODE_27278_length_582_cov_74.269151	295	375	9	22	80	0.2750000
NODE_27278_length_582_cov_74.269151	295	375	10	14	80	0.1750000
NODE_27278_length_582_cov_74.269151	295	375	11	25	80	0.3125000
NODE_27278_length_582_cov_74.269151	348	428	8	6	80	0.0750000
NODE_27278_length_582_cov_74.269151	348	428	9	22	80	0.2750000
NODE_27278_length_582_cov_74.269151	348	428	10	52	80	0.6500000
NODE_27279_length_582_cov_53.093168	11	91	0	80	80	1.0000000
NODE_27279_length_582_cov_53.093168	64	144	0	80	80	1.0000000
NODE_27279_length_582_cov_53.093168	140	220	0	80	80	1.0000000
NODE_27279_length_582_cov_53.093168	193	273	0	80	80	1.0000000
NODE_27280_length_582_cov_47.393375	345	425	6	12	80	0.1500000
NODE_27280_length_582_cov_47.393375	345	425	7	21	80	0.2625000
NODE_27280_length_582_cov_47.393375	345	425	8	12	80	0.1500000
NODE_27280_length_582_cov_47.393375	345	425	9	7	80	0.0875000
NODE_27280_length_582_cov_47.393375	345	425	10	3	80	0.0375000
NODE_27280_length_582_cov_47.393375	345	425	11	25	80	0.3125000
NODE_27280_length_582_cov_47.393375	398	478	5	10	80	0.1250000
NODE_27280_length_582_cov_47.393375	398	478	6	51	80	0.6375000
NODE_27280_length_582_cov_47.393375	398	478	7	5	80	0.0625000
NODE_27280_length_582_cov_47.393375	398	478	8	12	80	0.1500000
NODE_27280_length_582_cov_47.393375	398	478	9	2	80	0.0250000
NODE_27281_length_582_cov_16.358178	297	377	0	15	80	0.1875000
NODE_27281_length_582_cov_16.358178	297	377	1	17	80	0.2125000
NODE_27281_length_582_cov_16.358178	297	377	2	48	80	0.6000000
NODE_27281_length_582_cov_16.358178	350	431	2	81	81	1.0000000
NODE_27282_length_582_cov_14.107660	128	208	1	52	80	0.6500000
NODE_27282_length_582_cov_14.107660	128	208	2	28	80	0.3500000
NODE_27282_length_582_cov_14.107660	181	261	0	52	80	0.6500000
NODE_27282_length_582_cov_14.107660	181	261	1	28	80	0.3500000
NODE_27283_length_582_cov_7.923395	208	287	0	79	79	1.0000000
NODE_27283_length_582_cov_7.923395	262	340	0	78	78	1.0000000
NODE_27284_length_582_cov_7.722567	216	296	2	80	80	1.0000000
NODE_27284_length_582_cov_7.722567	269	349	1	48	80	0.6000000
NODE_27284_length_582_cov_7.722567	269	349	2	32	80	0.4000000
NODE_27289_length_582_cov_4.956522	294	325	0	31	31	1.0000000
NODE_27295_length_582_cov_4.308489	151	192	10	1	41	0.0243902
NODE_27295_length_582_cov_4.308489	151	192	11	6	41	0.1463415
NODE_27295_length_582_cov_4.308489	151	192	12	10	41	0.2439024
NODE_27295_length_582_cov_4.308489	151	192	13	24	41	0.5853658
NODE_27297_length_582_cov_3.838509	223	299	0	76	76	1.0000000
NODE_27297_length_582_cov_3.838509	272	354	0	82	82	1.0000000
NODE_27350_length_582_cov_1.650104	375	450	0	75	75	1.0000000
NODE_27405_length_581_cov_16.890041	244	316	0	72	72	1.0000000
NODE_27413_length_581_cov_6.340249	262	342	0	10	80	0.1250000
NODE_27413_length_581_cov_6.340249	262	342	1	17	80	0.2125000
NODE_27413_length_581_cov_6.340249	262	342	2	53	80	0.6625000
NODE_27413_length_581_cov_6.340249	315	395	2	80	80	1.0000000
NODE_27416_length_581_cov_5.827801	122	192	3	22	70	0.3142857
NODE_27416_length_581_cov_5.827801	122	192	5	9	70	0.1285714
NODE_27416_length_581_cov_5.827801	122	192	6	17	70	0.2428571
NODE_27416_length_581_cov_5.827801	122	192	7	6	70	0.0857143
NODE_27416_length_581_cov_5.827801	122	192	8	16	70	0.2285714
NODE_27420_length_581_cov_5.072614	392	466	0	8	74	0.1081081
NODE_27420_length_581_cov_5.072614	392	466	1	43	74	0.5810811
NODE_27420_length_581_cov_5.072614	392	466	2	2	74	0.0270270
NODE_27420_length_581_cov_5.072614	392	466	3	21	74	0.2837838
NODE_27420_length_581_cov_5.072614	424	444	1	20	20	1.0000000
NODE_27464_length_581_cov_1.881743	474	538	0	64	64	1.0000000
NODE_27541_length_580_cov_39.353430	358	438	0	80	80	1.0000000
NODE_27541_length_580_cov_39.353430	411	491	0	80	80	1.0000000
NODE_27541_length_580_cov_39.353430	487	567	0	80	80	1.0000000
NODE_27541_length_580_cov_39.353430	487	567	0	80	80	1.0000000
NODE_27541_length_580_cov_39.353430	487	567	0	80	80	1.0000000
NODE_27541_length_580_cov_39.353430	487	567	0	80	80	1.0000000
NODE_27541_length_580_cov_39.353430	487	567	0	80	80	1.0000000
NODE_27541_length_580_cov_39.353430	487	567	0	80	80	1.0000000
NODE_27544_length_580_cov_8.925156	198	238	0	40	40	1.0000000
NODE_27544_length_580_cov_8.925156	258	338	0	80	80	1.0000000
NODE_27545_length_580_cov_8.634096	197	277	0	80	80	1.0000000
NODE_27545_length_580_cov_8.634096	250	330	0	80	80	1.0000000
NODE_27551_length_580_cov_6.291060	356	398	0	42	42	1.0000000
NODE_27554_length_580_cov_5.494802	110	190	2	80	80	1.0000000
NODE_27554_length_580_cov_5.494802	163	243	0	12	80	0.1500000
NODE_27554_length_580_cov_5.494802	163	243	1	24	80	0.3000000
NODE_27554_length_580_cov_5.494802	163	243	2	44	80	0.5500000
NODE_27559_length_580_cov_4.563410	231	292	0	61	61	1.0000000
NODE_27559_length_580_cov_4.563410	322	357	0	18	35	0.5142857
NODE_27559_length_580_cov_4.563410	322	357	2	17	35	0.4857143
NODE_27590_length_580_cov_2.264033	215	277	0	62	62	1.0000000
NODE_27597_length_580_cov_2.116424	265	345	0	80	80	1.0000000
NODE_27659_length_579_cov_24.231250	159	239	3	7	80	0.0875000
NODE_27659_length_579_cov_24.231250	159	239	4	29	80	0.3625000
NODE_27659_length_579_cov_24.231250	159	239	5	44	80	0.5500000
NODE_27659_length_579_cov_24.231250	212	287	2	10	75	0.1333333
NODE_27659_length_579_cov_24.231250	212	287	3	16	75	0.2133333
NODE_27659_length_579_cov_24.231250	212	287	4	6	75	0.0800000
NODE_27659_length_579_cov_24.231250	212	287	5	43	75	0.5733333
NODE_27660_length_579_cov_12.602083	246	326	0	23	80	0.2875000
NODE_27660_length_579_cov_12.602083	246	326	2	57	80	0.7125000
NODE_27660_length_579_cov_12.602083	299	377	0	74	78	0.9487180
NODE_27660_length_579_cov_12.602083	299	377	2	4	78	0.0512821
NODE_27663_length_579_cov_9.195833	254	334	3	33	80	0.4125000
NODE_27663_length_579_cov_9.195833	254	334	4	47	80	0.5875000
NODE_27663_length_579_cov_9.195833	307	387	3	32	80	0.4000000
NODE_27663_length_579_cov_9.195833	307	387	4	48	80	0.6000000
NODE_27663_length_579_cov_9.195833	383	463	0	26	80	0.3250000
NODE_27663_length_579_cov_9.195833	383	463	1	34	80	0.4250000
NODE_27663_length_579_cov_9.195833	383	463	2	7	80	0.0875000
NODE_27663_length_579_cov_9.195833	383	463	3	13	80	0.1625000
NODE_27664_length_579_cov_6.600000	169	249	0	80	80	1.0000000
NODE_27664_length_579_cov_6.600000	222	302	0	39	80	0.4875000
NODE_27664_length_579_cov_6.600000	222	302	2	41	80	0.5125000
NODE_27667_length_579_cov_5.956250	225	295	0	70	70	1.0000000
NODE_27667_length_579_cov_5.956250	279	316	0	37	37	1.0000000
NODE_27674_length_579_cov_4.850000	105	185	2	80	80	1.0000000
NODE_27674_length_579_cov_4.850000	158	238	2	80	80	1.0000000
NODE_27688_length_579_cov_3.291667	290	343	0	53	53	1.0000000
NODE_27695_length_579_cov_2.420833	251	331	0	80	80	1.0000000
NODE_27695_length_579_cov_2.420833	304	384	0	80	80	1.0000000
NODE_27724_length_579_cov_1.435417	463	497	0	34	34	1.0000000
NODE_27781_length_578_cov_70.192067	100	180	4	28	80	0.3500000
NODE_27781_length_578_cov_70.192067	100	180	5	52	80	0.6500000
NODE_27781_length_578_cov_70.192067	153	233	0	19	80	0.2375000
NODE_27781_length_578_cov_70.192067	153	233	1	3	80	0.0375000
NODE_27781_length_578_cov_70.192067	153	233	2	27	80	0.3375000
NODE_27781_length_578_cov_70.192067	153	233	3	2	80	0.0250000
NODE_27781_length_578_cov_70.192067	153	233	4	29	80	0.3625000
NODE_27782_length_578_cov_51.676409	129	209	1	22	80	0.2750000
NODE_27782_length_578_cov_51.676409	129	209	2	58	80	0.7250000
NODE_27782_length_578_cov_51.676409	182	262	0	20	80	0.2500000
NODE_27782_length_578_cov_51.676409	182	262	1	55	80	0.6875000
NODE_27782_length_578_cov_51.676409	182	262	2	5	80	0.0625000
NODE_27783_length_578_cov_32.152401	310	390	10	3	80	0.0375000
NODE_27783_length_578_cov_32.152401	310	390	11	40	80	0.5000000
NODE_27783_length_578_cov_32.152401	310	390	12	18	80	0.2250000
NODE_27783_length_578_cov_32.152401	310	390	13	19	80	0.2375000
NODE_27783_length_578_cov_32.152401	363	443	7	11	80	0.1375000
NODE_27783_length_578_cov_32.152401	363	443	9	8	80	0.1000000
NODE_27783_length_578_cov_32.152401	363	443	10	6	80	0.0750000
NODE_27783_length_578_cov_32.152401	363	443	11	8	80	0.1000000
NODE_27783_length_578_cov_32.152401	363	443	12	23	80	0.2875000
NODE_27783_length_578_cov_32.152401	363	443	13	24	80	0.3000000
NODE_27784_length_578_cov_30.484342	215	295	2	55	80	0.6875000
NODE_27784_length_578_cov_30.484342	215	295	3	17	80	0.2125000
NODE_27784_length_578_cov_30.484342	215	295	4	8	80	0.1000000
NODE_27784_length_578_cov_30.484342	268	348	2	2	80	0.0250000
NODE_27784_length_578_cov_30.484342	268	348	3	17	80	0.2125000
NODE_27784_length_578_cov_30.484342	268	348	4	24	80	0.3000000
NODE_27784_length_578_cov_30.484342	268	348	5	37	80	0.4625000
NODE_27785_length_578_cov_15.983299	213	265	0	52	52	1.0000000
NODE_27786_length_578_cov_14.968685	147	227	2	80	80	1.0000000
NODE_27786_length_578_cov_14.968685	200	280	0	12	80	0.1500000
NODE_27786_length_578_cov_14.968685	200	280	1	27	80	0.3375000
NODE_27786_length_578_cov_14.968685	200	280	2	41	80	0.5125000
NODE_27787_length_578_cov_9.567850	273	328	2	55	55	1.0000000
NODE_27792_length_578_cov_6.670146	273	353	0	40	80	0.5000000
NODE_27792_length_578_cov_6.670146	273	353	4	40	80	0.5000000
NODE_27792_length_578_cov_6.670146	326	406	2	4	80	0.0500000
NODE_27792_length_578_cov_6.670146	326	406	4	38	80	0.4750000
NODE_27792_length_578_cov_6.670146	326	406	5	1	80	0.0125000
NODE_27792_length_578_cov_6.670146	326	406	6	37	80	0.4625000
NODE_27793_length_578_cov_6.465553	320	400	1	80	80	1.0000000
NODE_27793_length_578_cov_6.465553	373	453	1	80	80	1.0000000
NODE_27863_length_578_cov_1.480167	185	265	1	80	80	1.0000000
NODE_27863_length_578_cov_1.480167	238	318	0	26	80	0.3250000
NODE_27863_length_578_cov_1.480167	238	318	1	54	80	0.6750000
NODE_27935_length_577_cov_11.638075	312	392	0	80	80	1.0000000
NODE_27942_length_577_cov_4.912134	218	249	2	31	31	1.0000000
NODE_27942_length_577_cov_4.912134	301	330	2	26	29	0.8965517
NODE_27942_length_577_cov_4.912134	301	330	4	3	29	0.1034483
NODE_27961_length_577_cov_2.970711	78	126	2	6	48	0.1250000
NODE_27961_length_577_cov_2.970711	78	126	3	3	48	0.0625000
NODE_27961_length_577_cov_2.970711	78	126	4	39	48	0.8125000
NODE_27968_length_577_cov_2.631799	169	253	5	59	84	0.7023810
NODE_27968_length_577_cov_2.631799	169	253	6	4	84	0.0476190
NODE_27968_length_577_cov_2.631799	169	253	7	9	84	0.1071429
NODE_27968_length_577_cov_2.631799	169	253	8	1	84	0.0119048
NODE_27968_length_577_cov_2.631799	169	253	10	3	84	0.0357143
NODE_27968_length_577_cov_2.631799	169	253	11	8	84	0.0952381
NODE_27968_length_577_cov_2.631799	226	269	4	7	43	0.1627907
NODE_27968_length_577_cov_2.631799	226	269	5	36	43	0.8372093
NODE_28003_length_577_cov_1.468619	71	146	0	75	75	1.0000000
NODE_28003_length_577_cov_1.468619	119	199	0	80	80	1.0000000
NODE_28058_length_576_cov_10.903564	194	274	1	80	80	1.0000000
NODE_28059_length_576_cov_9.039832	271	351	0	12	80	0.1500000
NODE_28059_length_576_cov_9.039832	271	351	2	34	80	0.4250000
NODE_28059_length_576_cov_9.039832	271	351	3	34	80	0.4250000
NODE_28059_length_576_cov_9.039832	324	404	2	9	80	0.1125000
NODE_28059_length_576_cov_9.039832	324	404	3	45	80	0.5625000
NODE_28059_length_576_cov_9.039832	324	404	4	26	80	0.3250000
NODE_28060_length_576_cov_8.490566	338	418	3	68	80	0.8500000
NODE_28060_length_576_cov_8.490566	338	418	4	12	80	0.1500000
NODE_28060_length_576_cov_8.490566	391	471	1	16	80	0.2000000
NODE_28060_length_576_cov_8.490566	391	471	2	4	80	0.0500000
NODE_28060_length_576_cov_8.490566	391	471	3	60	80	0.7500000
NODE_28061_length_576_cov_7.002096	157	237	0	72	80	0.9000000
NODE_28061_length_576_cov_7.002096	157	237	1	8	80	0.1000000
NODE_28061_length_576_cov_7.002096	210	290	0	19	80	0.2375000
NODE_28061_length_576_cov_7.002096	210	290	1	61	80	0.7625000
NODE_28076_length_576_cov_3.322851	118	183	0	15	65	0.2307692
NODE_28076_length_576_cov_3.322851	118	183	1	50	65	0.7692308
NODE_28102_length_576_cov_1.964361	148	228	0	80	80	1.0000000
NODE_28102_length_576_cov_1.964361	201	281	0	80	80	1.0000000
NODE_28104_length_576_cov_1.951782	159	239	0	46	80	0.5750000
NODE_28104_length_576_cov_1.951782	159	239	1	34	80	0.4250000
NODE_28104_length_576_cov_1.951782	212	292	1	45	80	0.5625000
NODE_28104_length_576_cov_1.951782	212	292	2	35	80	0.4375000
NODE_28116_length_576_cov_1.584906	381	455	0	6	74	0.0810811
NODE_28116_length_576_cov_1.584906	381	455	2	68	74	0.9189189
NODE_28179_length_575_cov_15.319328	319	399	2	54	80	0.6750000
NODE_28179_length_575_cov_15.319328	319	399	4	26	80	0.3250000
NODE_28179_length_575_cov_15.319328	372	452	2	1	80	0.0125000
NODE_28179_length_575_cov_15.319328	372	452	4	79	80	0.9875000
NODE_28181_length_575_cov_8.254202	286	366	1	79	80	0.9875000
NODE_28181_length_575_cov_8.254202	286	366	2	1	80	0.0125000
NODE_28181_length_575_cov_8.254202	339	419	1	77	80	0.9625000
NODE_28181_length_575_cov_8.254202	339	419	2	3	80	0.0375000
NODE_28182_length_575_cov_7.558824	300	380	0	80	80	1.0000000
NODE_28313_length_574_cov_6.282105	185	265	0	20	80	0.2500000
NODE_28313_length_574_cov_6.282105	185	265	2	60	80	0.7500000
NODE_28313_length_574_cov_6.282105	238	318	0	15	80	0.1875000
NODE_28313_length_574_cov_6.282105	238	318	2	65	80	0.8125000
NODE_28330_length_574_cov_2.993684	215	234	2	19	19	1.0000000
NODE_28438_length_573_cov_53.668776	393	473	7	1	80	0.0125000
NODE_28438_length_573_cov_53.668776	393	473	9	30	80	0.3750000
NODE_28438_length_573_cov_53.668776	393	473	10	18	80	0.2250000
NODE_28438_length_573_cov_53.668776	393	473	11	31	80	0.3875000
NODE_28438_length_573_cov_53.668776	446	526	1	15	80	0.1875000
NODE_28438_length_573_cov_53.668776	446	526	2	1	80	0.0125000
NODE_28438_length_573_cov_53.668776	446	526	3	13	80	0.1625000
NODE_28438_length_573_cov_53.668776	446	526	4	6	80	0.0750000
NODE_28438_length_573_cov_53.668776	446	526	6	9	80	0.1125000
NODE_28438_length_573_cov_53.668776	446	526	7	10	80	0.1250000
NODE_28438_length_573_cov_53.668776	446	526	9	26	80	0.3250000
NODE_28439_length_573_cov_30.658228	451	531	0	80	80	1.0000000
NODE_28440_length_573_cov_30.116034	435	515	6	4	80	0.0500000
NODE_28440_length_573_cov_30.116034	435	515	7	23	80	0.2875000
NODE_28440_length_573_cov_30.116034	435	515	8	10	80	0.1250000
NODE_28440_length_573_cov_30.116034	435	515	9	18	80	0.2250000
NODE_28440_length_573_cov_30.116034	435	515	10	1	80	0.0125000
NODE_28440_length_573_cov_30.116034	435	515	11	9	80	0.1125000
NODE_28440_length_573_cov_30.116034	435	515	12	2	80	0.0250000
NODE_28440_length_573_cov_30.116034	435	515	13	4	80	0.0500000
NODE_28440_length_573_cov_30.116034	435	515	14	5	80	0.0625000
NODE_28440_length_573_cov_30.116034	435	515	15	3	80	0.0375000
NODE_28440_length_573_cov_30.116034	435	515	17	1	80	0.0125000
NODE_28440_length_573_cov_30.116034	488	568	2	13	80	0.1625000
NODE_28440_length_573_cov_30.116034	488	568	4	25	80	0.3125000
NODE_28440_length_573_cov_30.116034	488	568	6	19	80	0.2375000
NODE_28440_length_573_cov_30.116034	488	568	7	23	80	0.2875000
NODE_28441_length_573_cov_24.234177	210	290	2	57	80	0.7125000
NODE_28441_length_573_cov_24.234177	210	290	3	23	80	0.2875000
NODE_28441_length_573_cov_24.234177	263	343	2	64	80	0.8000000
NODE_28441_length_573_cov_24.234177	263	343	3	16	80	0.2000000
NODE_28442_length_573_cov_13.464135	278	358	0	80	80	1.0000000
NODE_28442_length_573_cov_13.464135	331	411	0	80	80	1.0000000
NODE_28443_length_573_cov_8.761603	124	204	5	37	80	0.4625000
NODE_28443_length_573_cov_8.761603	124	204	6	31	80	0.3875000
NODE_28443_length_573_cov_8.761603	124	204	7	12	80	0.1500000
NODE_28443_length_573_cov_8.761603	177	257	2	5	80	0.0625000
NODE_28443_length_573_cov_8.761603	177	257	4	12	80	0.1500000
NODE_28443_length_573_cov_8.761603	177	257	5	30	80	0.3750000
NODE_28443_length_573_cov_8.761603	177	257	6	33	80	0.4125000
NODE_28456_length_573_cov_3.364979	365	398	9	1	33	0.0303030
NODE_28456_length_573_cov_3.364979	365	398	10	15	33	0.4545455
NODE_28456_length_573_cov_3.364979	365	398	12	6	33	0.1818182
NODE_28456_length_573_cov_3.364979	365	398	13	11	33	0.3333333
NODE_28565_length_572_cov_17.530655	312	392	5	14	80	0.1750000
NODE_28565_length_572_cov_17.530655	312	392	6	24	80	0.3000000
NODE_28565_length_572_cov_17.530655	312	392	7	25	80	0.3125000
NODE_28565_length_572_cov_17.530655	312	392	8	17	80	0.2125000
NODE_28565_length_572_cov_17.530655	365	445	4	19	80	0.2375000
NODE_28565_length_572_cov_17.530655	365	445	6	19	80	0.2375000
NODE_28565_length_572_cov_17.530655	365	445	7	25	80	0.3125000
NODE_28565_length_572_cov_17.530655	365	445	8	17	80	0.2125000
NODE_28567_length_572_cov_8.059197	250	321	0	71	71	1.0000000
NODE_28568_length_572_cov_7.873150	134	214	1	11	80	0.1375000
NODE_28568_length_572_cov_7.873150	134	214	2	25	80	0.3125000
NODE_28568_length_572_cov_7.873150	134	214	3	4	80	0.0500000
NODE_28568_length_572_cov_7.873150	134	214	4	40	80	0.5000000
NODE_28568_length_572_cov_7.873150	187	267	2	2	80	0.0250000
NODE_28568_length_572_cov_7.873150	187	267	4	78	80	0.9750000
NODE_28570_length_572_cov_6.706131	365	445	0	27	80	0.3375000
NODE_28570_length_572_cov_6.706131	365	445	1	40	80	0.5000000
NODE_28570_length_572_cov_6.706131	365	445	2	13	80	0.1625000
NODE_28570_length_572_cov_6.706131	418	498	0	80	80	1.0000000
NODE_28573_length_572_cov_5.625793	137	217	2	80	80	1.0000000
NODE_28573_length_572_cov_5.625793	190	270	0	37	80	0.4625000
NODE_28573_length_572_cov_5.625793	190	270	2	43	80	0.5375000
NODE_28574_length_572_cov_5.617336	331	401	0	70	70	1.0000000
NODE_28578_length_572_cov_4.596195	212	288	0	76	76	1.0000000
NODE_28578_length_572_cov_4.596195	261	341	0	80	80	1.0000000
NODE_28585_length_572_cov_3.843552	210	290	2	23	80	0.2875000
NODE_28585_length_572_cov_3.843552	210	290	3	15	80	0.1875000
NODE_28585_length_572_cov_3.843552	210	290	4	40	80	0.5000000
NODE_28585_length_572_cov_3.843552	210	290	5	2	80	0.0250000
NODE_28585_length_572_cov_3.843552	263	343	3	16	80	0.2000000
NODE_28585_length_572_cov_3.843552	263	343	4	64	80	0.8000000
NODE_28621_length_572_cov_2.319239	357	431	0	74	74	1.0000000
NODE_28621_length_572_cov_2.319239	410	478	0	68	68	1.0000000
NODE_28625_length_572_cov_2.107822	184	254	0	70	70	1.0000000
NODE_28625_length_572_cov_2.107822	415	493	0	78	78	1.0000000
NODE_28631_length_572_cov_1.947146	327	363	0	24	36	0.6666667
NODE_28631_length_572_cov_1.947146	327	363	1	12	36	0.3333333
NODE_28631_length_572_cov_1.947146	328	354	0	23	26	0.8846154
NODE_28631_length_572_cov_1.947146	328	354	1	3	26	0.1153846
NODE_28700_length_571_cov_14.262712	237	317	4	80	80	1.0000000
NODE_28700_length_571_cov_14.262712	290	370	0	11	80	0.1375000
NODE_28700_length_571_cov_14.262712	290	370	2	5	80	0.0625000
NODE_28700_length_571_cov_14.262712	290	370	4	64	80	0.8000000
NODE_28717_length_571_cov_4.033898	154	234	0	80	80	1.0000000
NODE_28717_length_571_cov_4.033898	207	273	0	66	66	1.0000000
NODE_28809_length_570_cov_28.269639	487	559	2	12	72	0.1666667
NODE_28809_length_570_cov_28.269639	487	559	3	12	72	0.1666667
NODE_28809_length_570_cov_28.269639	487	559	4	12	72	0.1666667
NODE_28809_length_570_cov_28.269639	487	559	5	8	72	0.1111111
NODE_28809_length_570_cov_28.269639	487	559	6	20	72	0.2777778
NODE_28809_length_570_cov_28.269639	487	559	7	8	72	0.1111111
NODE_28812_length_570_cov_10.161359	167	247	0	80	80	1.0000000
NODE_28812_length_570_cov_10.161359	220	256	0	36	36	1.0000000
NODE_28819_length_570_cov_5.010616	179	216	0	37	37	1.0000000
NODE_28819_length_570_cov_5.010616	189	269	0	80	80	1.0000000
NODE_28828_length_570_cov_3.898089	236	316	0	80	80	1.0000000
NODE_28828_length_570_cov_3.898089	289	369	0	80	80	1.0000000
NODE_28840_length_570_cov_2.938429	202	280	0	78	78	1.0000000
NODE_28840_length_570_cov_2.938429	262	333	0	71	71	1.0000000
NODE_28842_length_570_cov_2.891720	204	260	0	56	56	1.0000000
NODE_28950_length_569_cov_20.559574	275	355	0	4	80	0.0500000
NODE_28950_length_569_cov_20.559574	275	355	1	14	80	0.1750000
NODE_28950_length_569_cov_20.559574	275	355	2	17	80	0.2125000
NODE_28950_length_569_cov_20.559574	275	355	4	2	80	0.0250000
NODE_28950_length_569_cov_20.559574	275	355	6	43	80	0.5375000
NODE_28950_length_569_cov_20.559574	328	408	6	80	80	1.0000000
NODE_28951_length_569_cov_15.282979	272	352	3	1	80	0.0125000
NODE_28951_length_569_cov_15.282979	272	352	4	38	80	0.4750000
NODE_28951_length_569_cov_15.282979	272	352	5	36	80	0.4500000
NODE_28951_length_569_cov_15.282979	272	352	6	5	80	0.0625000
NODE_28951_length_569_cov_15.282979	325	405	2	24	80	0.3000000
NODE_28951_length_569_cov_15.282979	325	405	3	30	80	0.3750000
NODE_28951_length_569_cov_15.282979	325	405	4	26	80	0.3250000
NODE_28952_length_569_cov_11.023404	280	360	0	80	80	1.0000000
NODE_28952_length_569_cov_11.023404	333	413	0	80	80	1.0000000
NODE_28953_length_569_cov_9.310638	231	277	2	3	46	0.0652174
NODE_28953_length_569_cov_9.310638	231	277	3	18	46	0.3913043
NODE_28953_length_569_cov_9.310638	231	277	4	25	46	0.5434783
NODE_28956_length_569_cov_6.989362	258	338	0	80	80	1.0000000
NODE_28956_length_569_cov_6.989362	294	329	0	35	35	1.0000000
NODE_28956_length_569_cov_6.989362	296	338	0	42	42	1.0000000
NODE_28957_length_569_cov_6.978723	264	344	1	13	80	0.1625000
NODE_28957_length_569_cov_6.978723	264	344	2	4	80	0.0500000
NODE_28957_length_569_cov_6.978723	264	344	3	63	80	0.7875000
NODE_28957_length_569_cov_6.978723	317	397	0	20	80	0.2500000
NODE_28957_length_569_cov_6.978723	317	397	2	37	80	0.4625000
NODE_28957_length_569_cov_6.978723	317	397	3	23	80	0.2875000
NODE_28960_length_569_cov_6.434043	228	308	2	10	80	0.1250000
NODE_28960_length_569_cov_6.434043	228	308	4	70	80	0.8750000
NODE_28973_length_569_cov_3.353191	340	419	0	79	79	1.0000000
NODE_28981_length_569_cov_3.027660	277	348	0	71	71	1.0000000
NODE_29072_length_568_cov_59.729211	124	204	7	1	80	0.0125000
NODE_29072_length_568_cov_59.729211	124	204	8	22	80	0.2750000
NODE_29072_length_568_cov_59.729211	124	204	9	8	80	0.1000000
NODE_29072_length_568_cov_59.729211	124	204	10	9	80	0.1125000
NODE_29072_length_568_cov_59.729211	124	204	11	40	80	0.5000000
NODE_29072_length_568_cov_59.729211	177	257	1	5	80	0.0625000
NODE_29072_length_568_cov_59.729211	177	257	2	35	80	0.4375000
NODE_29072_length_568_cov_59.729211	177	257	3	2	80	0.0250000
NODE_29072_length_568_cov_59.729211	177	257	5	5	80	0.0625000
NODE_29072_length_568_cov_59.729211	177	257	7	7	80	0.0875000
NODE_29072_length_568_cov_59.729211	177	257	8	22	80	0.2750000
NODE_29072_length_568_cov_59.729211	177	257	9	4	80	0.0500000
NODE_29075_length_568_cov_7.763326	215	294	0	79	79	1.0000000
NODE_29075_length_568_cov_7.763326	267	347	0	80	80	1.0000000
NODE_29078_length_568_cov_6.257996	397	471	0	74	74	1.0000000
NODE_29091_length_568_cov_3.748401	170	236	0	66	66	1.0000000
NODE_29091_length_568_cov_3.748401	262	311	0	49	49	1.0000000
NODE_29133_length_568_cov_1.769723	192	233	1	41	41	1.0000000
NODE_29160_length_568_cov_1.358209	355	432	0	77	77	1.0000000
NODE_29182_length_568_cov_1.038380	195	275	0	80	80	1.0000000
NODE_29216_length_567_cov_21.155983	347	427	6	18	80	0.2250000
NODE_29216_length_567_cov_21.155983	347	427	7	38	80	0.4750000
NODE_29216_length_567_cov_21.155983	347	427	8	21	80	0.2625000
NODE_29216_length_567_cov_21.155983	347	427	9	3	80	0.0375000
NODE_29216_length_567_cov_21.155983	400	480	0	18	80	0.2250000
NODE_29216_length_567_cov_21.155983	400	480	1	4	80	0.0500000
NODE_29216_length_567_cov_21.155983	400	480	2	6	80	0.0750000
NODE_29216_length_567_cov_21.155983	400	480	4	8	80	0.1000000
NODE_29216_length_567_cov_21.155983	400	480	5	6	80	0.0750000
NODE_29216_length_567_cov_21.155983	400	480	6	29	80	0.3625000
NODE_29216_length_567_cov_21.155983	400	480	7	9	80	0.1125000
NODE_29217_length_567_cov_18.292735	367	447	0	30	80	0.3750000
NODE_29217_length_567_cov_18.292735	367	447	1	50	80	0.6250000
NODE_29217_length_567_cov_18.292735	420	500	0	80	80	1.0000000
NODE_29218_length_567_cov_17.579060	259	339	0	80	80	1.0000000
NODE_29218_length_567_cov_17.579060	312	392	0	80	80	1.0000000
NODE_29220_length_567_cov_15.457265	276	356	0	10	80	0.1250000
NODE_29220_length_567_cov_15.457265	276	356	1	6	80	0.0750000
NODE_29220_length_567_cov_15.457265	276	356	2	64	80	0.8000000
NODE_29220_length_567_cov_15.457265	329	409	0	63	80	0.7875000
NODE_29220_length_567_cov_15.457265	329	409	1	6	80	0.0750000
NODE_29220_length_567_cov_15.457265	329	409	2	11	80	0.1375000
NODE_29221_length_567_cov_14.393162	270	350	1	28	80	0.3500000
NODE_29221_length_567_cov_14.393162	270	350	2	52	80	0.6500000
NODE_29221_length_567_cov_14.393162	323	403	2	80	80	1.0000000
NODE_29225_length_567_cov_6.611111	356	436	3	4	80	0.0500000
NODE_29225_length_567_cov_6.611111	356	436	4	76	80	0.9500000
NODE_29225_length_567_cov_6.611111	409	489	1	6	80	0.0750000
NODE_29225_length_567_cov_6.611111	409	489	2	31	80	0.3875000
NODE_29225_length_567_cov_6.611111	409	489	3	13	80	0.1625000
NODE_29225_length_567_cov_6.611111	409	489	4	30	80	0.3750000
NODE_29245_length_567_cov_2.884615	204	284	0	80	80	1.0000000
NODE_29245_length_567_cov_2.884615	204	254	0	50	50	1.0000000
NODE_29245_length_567_cov_2.884615	266	297	0	31	31	1.0000000
NODE_29363_length_566_cov_47.747323	157	237	3	11	80	0.1375000
NODE_29363_length_566_cov_47.747323	157	237	4	4	80	0.0500000
NODE_29363_length_566_cov_47.747323	157	237	5	7	80	0.0875000
NODE_29363_length_566_cov_47.747323	157	237	7	19	80	0.2375000
NODE_29363_length_566_cov_47.747323	157	237	8	6	80	0.0750000
NODE_29363_length_566_cov_47.747323	157	237	9	3	80	0.0375000
NODE_29363_length_566_cov_47.747323	157	237	11	30	80	0.3750000
NODE_29363_length_566_cov_47.747323	210	290	9	12	80	0.1500000
NODE_29363_length_566_cov_47.747323	210	290	11	48	80	0.6000000
NODE_29363_length_566_cov_47.747323	210	290	12	20	80	0.2500000
NODE_29364_length_566_cov_44.824411	14	94	4	16	80	0.2000000
NODE_29364_length_566_cov_44.824411	14	94	6	2	80	0.0250000
NODE_29364_length_566_cov_44.824411	14	94	7	12	80	0.1500000
NODE_29364_length_566_cov_44.824411	14	94	9	12	80	0.1500000
NODE_29364_length_566_cov_44.824411	14	94	10	10	80	0.1250000
NODE_29364_length_566_cov_44.824411	14	94	11	28	80	0.3500000
NODE_29364_length_566_cov_44.824411	15	94	4	15	79	0.1898734
NODE_29364_length_566_cov_44.824411	15	94	6	2	79	0.0253165
NODE_29364_length_566_cov_44.824411	15	94	7	12	79	0.1518987
NODE_29364_length_566_cov_44.824411	15	94	9	12	79	0.1518987
NODE_29364_length_566_cov_44.824411	15	94	10	10	79	0.1265823
NODE_29364_length_566_cov_44.824411	15	94	11	28	79	0.3544304
NODE_29364_length_566_cov_44.824411	67	147	6	7	80	0.0875000
NODE_29364_length_566_cov_44.824411	67	147	8	11	80	0.1375000
NODE_29364_length_566_cov_44.824411	67	147	10	4	80	0.0500000
NODE_29364_length_566_cov_44.824411	67	147	11	34	80	0.4250000
NODE_29364_length_566_cov_44.824411	67	147	12	12	80	0.1500000
NODE_29364_length_566_cov_44.824411	67	147	14	12	80	0.1500000
NODE_29364_length_566_cov_44.824411	67	147	6	7	80	0.0875000
NODE_29364_length_566_cov_44.824411	67	147	8	11	80	0.1375000
NODE_29364_length_566_cov_44.824411	67	147	10	4	80	0.0500000
NODE_29364_length_566_cov_44.824411	67	147	11	34	80	0.4250000
NODE_29364_length_566_cov_44.824411	67	147	12	12	80	0.1500000
NODE_29364_length_566_cov_44.824411	67	147	14	12	80	0.1500000
NODE_29364_length_566_cov_44.824411	77	147	6	7	70	0.1000000
NODE_29364_length_566_cov_44.824411	77	147	8	11	70	0.1571429
NODE_29364_length_566_cov_44.824411	77	147	10	4	70	0.0571429
NODE_29364_length_566_cov_44.824411	77	147	11	24	70	0.3428572
NODE_29364_length_566_cov_44.824411	77	147	12	12	70	0.1714286
NODE_29364_length_566_cov_44.824411	77	147	14	12	70	0.1714286
NODE_29364_length_566_cov_44.824411	143	223	4	1	80	0.0125000
NODE_29364_length_566_cov_44.824411	143	223	5	2	80	0.0250000
NODE_29364_length_566_cov_44.824411	143	223	6	45	80	0.5625000
NODE_29364_length_566_cov_44.824411	143	223	7	10	80	0.1250000
NODE_29364_length_566_cov_44.824411	143	223	8	22	80	0.2750000
NODE_29364_length_566_cov_44.824411	196	276	3	25	80	0.3125000
NODE_29364_length_566_cov_44.824411	196	276	4	29	80	0.3625000
NODE_29364_length_566_cov_44.824411	196	276	6	6	80	0.0750000
NODE_29364_length_566_cov_44.824411	196	276	7	10	80	0.1250000
NODE_29364_length_566_cov_44.824411	196	276	8	10	80	0.1250000
NODE_29367_length_566_cov_18.494647	344	424	0	37	80	0.4625000
NODE_29367_length_566_cov_18.494647	344	424	1	43	80	0.5375000
NODE_29367_length_566_cov_18.494647	397	477	1	80	80	1.0000000
NODE_29368_length_566_cov_17.537473	324	404	0	80	80	1.0000000
NODE_29368_length_566_cov_17.537473	377	457	0	80	80	1.0000000
NODE_29369_length_566_cov_13.019272	157	237	3	22	80	0.2750000
NODE_29369_length_566_cov_13.019272	157	237	4	21	80	0.2625000
NODE_29369_length_566_cov_13.019272	157	237	5	37	80	0.4625000
NODE_29369_length_566_cov_13.019272	210	290	3	6	80	0.0750000
NODE_29369_length_566_cov_13.019272	210	290	4	27	80	0.3375000
NODE_29369_length_566_cov_13.019272	210	290	5	31	80	0.3875000
NODE_29369_length_566_cov_13.019272	210	290	6	16	80	0.2000000
NODE_29371_length_566_cov_9.513919	191	279	1	88	88	1.0000000
NODE_29371_length_566_cov_9.513919	252	332	1	61	80	0.7625000
NODE_29371_length_566_cov_9.513919	252	332	2	19	80	0.2375000
NODE_29397_length_566_cov_3.239829	292	334	0	42	42	1.0000000
NODE_29397_length_566_cov_3.239829	351	375	0	24	24	1.0000000
NODE_29437_length_566_cov_1.698073	432	481	0	49	49	1.0000000
NODE_29472_length_566_cov_0.957173	378	405	1	27	27	1.0000000
NODE_29503_length_565_cov_10.508584	202	280	0	78	78	1.0000000
NODE_29503_length_565_cov_10.508584	253	334	0	81	81	1.0000000
NODE_29509_length_565_cov_7.560086	170	246	1	76	76	1.0000000
NODE_29520_length_565_cov_4.045064	231	311	1	44	80	0.5500000
NODE_29520_length_565_cov_4.045064	231	311	2	8	80	0.1000000
NODE_29520_length_565_cov_4.045064	231	311	3	28	80	0.3500000
NODE_29520_length_565_cov_4.045064	284	364	0	37	80	0.4625000
NODE_29520_length_565_cov_4.045064	284	364	1	43	80	0.5375000
NODE_29528_length_565_cov_3.399142	161	241	0	80	80	1.0000000
NODE_29528_length_565_cov_3.399142	214	294	0	80	80	1.0000000
NODE_29542_length_565_cov_2.542918	302	382	0	43	80	0.5375000
NODE_29542_length_565_cov_2.542918	302	382	1	20	80	0.2500000
NODE_29542_length_565_cov_2.542918	302	382	2	17	80	0.2125000
NODE_29542_length_565_cov_2.542918	355	435	0	80	80	1.0000000
NODE_29650_length_564_cov_46.901075	129	209	6	20	80	0.2500000
NODE_29650_length_564_cov_46.901075	129	209	7	35	80	0.4375000
NODE_29650_length_564_cov_46.901075	129	209	9	4	80	0.0500000
NODE_29650_length_564_cov_46.901075	129	209	10	21	80	0.2625000
NODE_29650_length_564_cov_46.901075	182	262	5	9	80	0.1125000
NODE_29650_length_564_cov_46.901075	182	262	6	18	80	0.2250000
NODE_29650_length_564_cov_46.901075	182	262	7	2	80	0.0250000
NODE_29650_length_564_cov_46.901075	182	262	8	14	80	0.1750000
NODE_29650_length_564_cov_46.901075	182	262	9	5	80	0.0625000
NODE_29650_length_564_cov_46.901075	182	262	10	32	80	0.4000000
NODE_29651_length_564_cov_13.520430	300	380	6	45	80	0.5625000
NODE_29651_length_564_cov_13.520430	300	380	7	18	80	0.2250000
NODE_29651_length_564_cov_13.520430	300	380	8	17	80	0.2125000
NODE_29651_length_564_cov_13.520430	353	433	1	11	80	0.1375000
NODE_29651_length_564_cov_13.520430	353	433	2	13	80	0.1625000
NODE_29651_length_564_cov_13.520430	353	433	4	5	80	0.0625000
NODE_29651_length_564_cov_13.520430	353	433	5	9	80	0.1125000
NODE_29651_length_564_cov_13.520430	353	433	6	42	80	0.5250000
NODE_29653_length_564_cov_7.965591	291	332	0	41	41	1.0000000
NODE_29796_length_563_cov_24.487069	97	177	0	51	80	0.6375000
NODE_29796_length_563_cov_24.487069	97	177	1	29	80	0.3625000
NODE_29796_length_563_cov_24.487069	150	230	1	80	80	1.0000000
NODE_29800_length_563_cov_6.758621	301	367	2	23	66	0.3484848
NODE_29800_length_563_cov_6.758621	301	367	3	43	66	0.6515151
NODE_29800_length_563_cov_6.758621	378	422	1	44	44	1.0000000
NODE_29802_length_563_cov_5.762931	48	135	0	87	87	1.0000000
NODE_29802_length_563_cov_5.762931	108	188	0	80	80	1.0000000
NODE_29808_length_563_cov_4.176724	197	277	1	19	80	0.2375000
NODE_29808_length_563_cov_4.176724	197	277	2	61	80	0.7625000
NODE_29808_length_563_cov_4.176724	250	330	0	48	80	0.6000000
NODE_29808_length_563_cov_4.176724	250	330	1	24	80	0.3000000
NODE_29808_length_563_cov_4.176724	250	330	2	8	80	0.1000000
NODE_29809_length_563_cov_4.155172	273	315	0	34	42	0.8095238
NODE_29809_length_563_cov_4.155172	273	315	2	8	42	0.1904762
NODE_29809_length_563_cov_4.155172	288	358	0	19	70	0.2714286
NODE_29809_length_563_cov_4.155172	288	358	2	51	70	0.7285714
NODE_29925_length_562_cov_31.194384	47	127	2	33	80	0.4125000
NODE_29925_length_562_cov_31.194384	47	127	4	25	80	0.3125000
NODE_29925_length_562_cov_31.194384	47	127	6	1	80	0.0125000
NODE_29925_length_562_cov_31.194384	47	127	8	21	80	0.2625000
NODE_29925_length_562_cov_31.194384	100	180	4	5	80	0.0625000
NODE_29925_length_562_cov_31.194384	100	180	6	48	80	0.6000000
NODE_29925_length_562_cov_31.194384	100	180	8	27	80	0.3375000
NODE_29926_length_562_cov_29.857451	33	113	4	17	80	0.2125000
NODE_29926_length_562_cov_29.857451	33	113	5	4	80	0.0500000
NODE_29926_length_562_cov_29.857451	33	113	6	22	80	0.2750000
NODE_29926_length_562_cov_29.857451	33	113	7	23	80	0.2875000
NODE_29926_length_562_cov_29.857451	33	113	8	14	80	0.1750000
NODE_29926_length_562_cov_29.857451	86	166	6	16	80	0.2000000
NODE_29926_length_562_cov_29.857451	86	166	7	13	80	0.1625000
NODE_29926_length_562_cov_29.857451	86	166	8	25	80	0.3125000
NODE_29926_length_562_cov_29.857451	86	166	9	19	80	0.2375000
NODE_29926_length_562_cov_29.857451	86	166	10	7	80	0.0875000
NODE_29927_length_562_cov_23.194384	245	325	0	12	80	0.1500000
NODE_29927_length_562_cov_23.194384	245	325	1	63	80	0.7875000
NODE_29927_length_562_cov_23.194384	245	325	2	5	80	0.0625000
NODE_29927_length_562_cov_23.194384	298	378	1	22	80	0.2750000
NODE_29927_length_562_cov_23.194384	298	378	2	58	80	0.7250000
NODE_29930_length_562_cov_10.304536	271	321	1	40	50	0.8000000
NODE_29930_length_562_cov_10.304536	271	321	2	10	50	0.2000000
NODE_29931_length_562_cov_9.131749	265	346	1	24	81	0.2962963
NODE_29931_length_562_cov_9.131749	265	346	2	24	81	0.2962963
NODE_29931_length_562_cov_9.131749	265	346	3	33	81	0.4074074
NODE_29931_length_562_cov_9.131749	319	399	3	48	80	0.6000000
NODE_29931_length_562_cov_9.131749	319	399	4	32	80	0.4000000
NODE_29960_length_562_cov_2.961123	350	398	0	48	48	1.0000000
NODE_30083_length_561_cov_18.049784	54	134	0	8	80	0.1000000
NODE_30083_length_561_cov_18.049784	54	134	1	72	80	0.9000000
NODE_30083_length_561_cov_18.049784	107	187	1	55	80	0.6875000
NODE_30083_length_561_cov_18.049784	107	187	2	25	80	0.3125000
NODE_30087_length_561_cov_5.348485	208	274	0	66	66	1.0000000
NODE_30105_length_561_cov_2.787879	216	285	1	20	69	0.2898551
NODE_30105_length_561_cov_2.787879	216	285	3	49	69	0.7101449
NODE_30120_length_561_cov_2.233766	339	419	0	80	80	1.0000000
NODE_30120_length_561_cov_2.233766	391	445	0	54	54	1.0000000
NODE_30120_length_561_cov_2.233766	392	438	0	46	46	1.0000000
NODE_30133_length_561_cov_1.803030	258	334	0	76	76	1.0000000
NODE_30224_length_560_cov_41.433839	67	147	0	4	80	0.0500000
NODE_30224_length_560_cov_41.433839	67	147	2	38	80	0.4750000
NODE_30224_length_560_cov_41.433839	67	147	3	6	80	0.0750000
NODE_30224_length_560_cov_41.433839	67	147	4	3	80	0.0375000
NODE_30224_length_560_cov_41.433839	67	147	5	25	80	0.3125000
NODE_30224_length_560_cov_41.433839	67	147	6	4	80	0.0500000
NODE_30224_length_560_cov_41.433839	120	200	5	25	80	0.3125000
NODE_30224_length_560_cov_41.433839	120	200	6	34	80	0.4250000
NODE_30224_length_560_cov_41.433839	120	200	7	21	80	0.2625000
NODE_30225_length_560_cov_35.993492	366	446	4	79	80	0.9875000
NODE_30225_length_560_cov_35.993492	366	446	5	1	80	0.0125000
NODE_30225_length_560_cov_35.993492	419	499	1	8	80	0.1000000
NODE_30225_length_560_cov_35.993492	419	499	2	42	80	0.5250000
NODE_30225_length_560_cov_35.993492	419	499	4	30	80	0.3750000
NODE_30226_length_560_cov_20.433839	342	422	2	80	80	1.0000000
NODE_30226_length_560_cov_20.433839	395	475	2	80	80	1.0000000
NODE_30227_length_560_cov_13.850325	274	327	0	53	53	1.0000000
NODE_30228_length_560_cov_12.075922	233	314	0	81	81	1.0000000
NODE_30229_length_560_cov_8.594360	263	343	1	30	80	0.3750000
NODE_30229_length_560_cov_8.594360	263	343	2	49	80	0.6125000
NODE_30229_length_560_cov_8.594360	263	343	3	1	80	0.0125000
NODE_30229_length_560_cov_8.594360	316	396	2	27	80	0.3375000
NODE_30229_length_560_cov_8.594360	316	396	3	53	80	0.6625000
NODE_30237_length_560_cov_5.227766	264	328	0	16	64	0.2500000
NODE_30237_length_560_cov_5.227766	264	328	2	5	64	0.0781250
NODE_30237_length_560_cov_5.227766	264	328	4	43	64	0.6718750
NODE_30238_length_560_cov_5.056399	299	379	4	16	80	0.2000000
NODE_30238_length_560_cov_5.056399	299	379	5	11	80	0.1375000
NODE_30238_length_560_cov_5.056399	299	379	6	2	80	0.0250000
NODE_30238_length_560_cov_5.056399	299	379	7	51	80	0.6375000
NODE_30238_length_560_cov_5.056399	352	432	4	19	80	0.2375000
NODE_30238_length_560_cov_5.056399	352	432	5	16	80	0.2000000
NODE_30238_length_560_cov_5.056399	352	432	6	20	80	0.2500000
NODE_30238_length_560_cov_5.056399	352	432	7	25	80	0.3125000
NODE_30244_length_560_cov_4.518438	156	236	0	80	80	1.0000000
NODE_30281_length_560_cov_2.154013	204	275	0	71	71	1.0000000
NODE_30281_length_560_cov_2.154013	255	335	0	80	80	1.0000000
NODE_30288_length_560_cov_2.017354	52	114	0	62	62	1.0000000
NODE_30363_length_559_cov_37.526087	289	370	1	9	81	0.1111111
NODE_30363_length_559_cov_37.526087	289	370	2	23	81	0.2839506
NODE_30363_length_559_cov_37.526087	289	370	3	49	81	0.6049383
NODE_30363_length_559_cov_37.526087	343	423	2	21	80	0.2625000
NODE_30363_length_559_cov_37.526087	343	423	3	59	80	0.7375000
NODE_30363_length_559_cov_37.526087	419	500	0	72	81	0.8888889
NODE_30363_length_559_cov_37.526087	419	500	2	9	81	0.1111111
NODE_30363_length_559_cov_37.526087	473	553	0	80	80	1.0000000
NODE_30365_length_559_cov_19.126087	388	468	3	11	80	0.1375000
NODE_30365_length_559_cov_19.126087	388	468	4	8	80	0.1000000
NODE_30365_length_559_cov_19.126087	388	468	5	54	80	0.6750000
NODE_30365_length_559_cov_19.126087	388	468	6	7	80	0.0875000
NODE_30365_length_559_cov_19.126087	441	521	0	26	80	0.3250000
NODE_30365_length_559_cov_19.126087	441	521	2	7	80	0.0875000
NODE_30365_length_559_cov_19.126087	441	521	3	31	80	0.3875000
NODE_30365_length_559_cov_19.126087	441	521	5	16	80	0.2000000
NODE_30366_length_559_cov_12.489130	262	341	9	7	79	0.0886076
NODE_30366_length_559_cov_12.489130	262	341	10	9	79	0.1139240
NODE_30366_length_559_cov_12.489130	262	341	11	25	79	0.3164557
NODE_30366_length_559_cov_12.489130	262	341	12	37	79	0.4683544
NODE_30366_length_559_cov_12.489130	262	341	13	1	79	0.0126582
NODE_30366_length_559_cov_12.489130	316	394	8	23	78	0.2948718
NODE_30366_length_559_cov_12.489130	316	394	9	37	78	0.4743590
NODE_30366_length_559_cov_12.489130	316	394	11	1	78	0.0128205
NODE_30366_length_559_cov_12.489130	316	394	12	17	78	0.2179487
NODE_30370_length_559_cov_6.530435	283	363	1	3	80	0.0375000
NODE_30370_length_559_cov_6.530435	283	363	3	30	80	0.3750000
NODE_30370_length_559_cov_6.530435	283	363	4	18	80	0.2250000
NODE_30370_length_559_cov_6.530435	283	363	5	29	80	0.3625000
NODE_30377_length_559_cov_4.930435	112	192	0	80	80	1.0000000
NODE_30377_length_559_cov_4.930435	165	244	0	79	79	1.0000000
NODE_30419_length_559_cov_1.776087	395	433	24	2	38	0.0526316
NODE_30419_length_559_cov_1.776087	395	433	25	1	38	0.0263158
NODE_30419_length_559_cov_1.776087	395	433	26	2	38	0.0526316
NODE_30419_length_559_cov_1.776087	395	433	28	8	38	0.2105263
NODE_30419_length_559_cov_1.776087	395	433	29	10	38	0.2631579
NODE_30419_length_559_cov_1.776087	395	433	31	2	38	0.0526316
NODE_30419_length_559_cov_1.776087	395	433	32	7	38	0.1842105
NODE_30419_length_559_cov_1.776087	395	433	33	6	38	0.1578947
NODE_30480_length_558_cov_13.102397	297	364	0	67	67	1.0000000
NODE_30482_length_558_cov_9.309368	369	449	2	80	80	1.0000000
NODE_30482_length_558_cov_9.309368	422	502	0	29	80	0.3625000
NODE_30482_length_558_cov_9.309368	422	502	2	51	80	0.6375000
NODE_30489_length_558_cov_5.921569	304	361	0	57	57	1.0000000
NODE_30493_length_558_cov_4.801743	197	266	0	69	69	1.0000000
NODE_30493_length_558_cov_4.801743	197	277	0	80	80	1.0000000
NODE_30493_length_558_cov_4.801743	250	330	0	80	80	1.0000000
NODE_30493_length_558_cov_4.801743	250	330	0	80	80	1.0000000
NODE_30495_length_558_cov_4.570806	188	244	0	19	56	0.3392857
NODE_30495_length_558_cov_4.570806	188	244	1	37	56	0.6607143
NODE_30536_length_558_cov_2.259259	236	294	0	58	58	1.0000000
NODE_30536_length_558_cov_2.259259	267	347	0	35	80	0.4375000
NODE_30536_length_558_cov_2.259259	267	347	2	45	80	0.5625000
NODE_30568_length_558_cov_1.544662	403	483	0	80	80	1.0000000
NODE_30568_length_558_cov_1.544662	456	536	0	80	80	1.0000000
NODE_30623_length_557_cov_9.141921	255	335	0	80	80	1.0000000
NODE_30623_length_557_cov_9.141921	308	388	0	80	80	1.0000000
NODE_30626_length_557_cov_7.316594	210	290	1	46	80	0.5750000
NODE_30626_length_557_cov_7.316594	210	290	3	9	80	0.1125000
NODE_30626_length_557_cov_7.316594	210	290	5	25	80	0.3125000
NODE_30626_length_557_cov_7.316594	263	341	0	47	78	0.6025641
NODE_30626_length_557_cov_7.316594	263	341	1	31	78	0.3974359
NODE_30636_length_557_cov_4.259825	185	267	0	82	82	1.0000000
NODE_30646_length_557_cov_3.794760	131	188	0	29	57	0.5087720
NODE_30646_length_557_cov_3.794760	131	188	1	28	57	0.4912281
NODE_30646_length_557_cov_3.794760	139	219	0	21	80	0.2625000
NODE_30646_length_557_cov_3.794760	139	219	1	43	80	0.5375000
NODE_30646_length_557_cov_3.794760	139	219	2	16	80	0.2000000
NODE_30650_length_557_cov_3.517467	246	325	0	79	79	1.0000000
NODE_30650_length_557_cov_3.517467	298	378	0	74	80	0.9250000
NODE_30650_length_557_cov_3.517467	298	378	1	6	80	0.0750000
NODE_30652_length_557_cov_3.390830	366	395	1	15	29	0.5172414
NODE_30652_length_557_cov_3.390830	366	395	3	6	29	0.2068966
NODE_30652_length_557_cov_3.390830	366	395	5	8	29	0.2758621
NODE_30792_length_556_cov_37.258206	122	202	4	9	80	0.1125000
NODE_30792_length_556_cov_37.258206	122	202	6	71	80	0.8875000
NODE_30792_length_556_cov_37.258206	175	255	0	20	80	0.2500000
NODE_30792_length_556_cov_37.258206	175	255	2	3	80	0.0375000
NODE_30792_length_556_cov_37.258206	175	255	4	26	80	0.3250000
NODE_30792_length_556_cov_37.258206	175	255	6	31	80	0.3875000
NODE_30793_length_556_cov_15.266958	360	440	1	7	80	0.0875000
NODE_30793_length_556_cov_15.266958	360	440	2	73	80	0.9125000
NODE_30793_length_556_cov_15.266958	413	493	0	22	80	0.2750000
NODE_30793_length_556_cov_15.266958	413	493	1	38	80	0.4750000
NODE_30793_length_556_cov_15.266958	413	493	2	20	80	0.2500000
NODE_30794_length_556_cov_12.781182	341	421	10	54	80	0.6750000
NODE_30794_length_556_cov_12.781182	341	421	11	25	80	0.3125000
NODE_30794_length_556_cov_12.781182	341	421	12	1	80	0.0125000
NODE_30794_length_556_cov_12.781182	394	474	3	5	80	0.0625000
NODE_30794_length_556_cov_12.781182	394	474	4	10	80	0.1250000
NODE_30794_length_556_cov_12.781182	394	474	5	8	80	0.1000000
NODE_30794_length_556_cov_12.781182	394	474	6	3	80	0.0375000
NODE_30794_length_556_cov_12.781182	394	474	7	7	80	0.0875000
NODE_30794_length_556_cov_12.781182	394	474	8	2	80	0.0250000
NODE_30794_length_556_cov_12.781182	394	474	9	6	80	0.0750000
NODE_30794_length_556_cov_12.781182	394	474	10	39	80	0.4875000
NODE_30795_length_556_cov_11.131291	304	384	3	40	80	0.5000000
NODE_30795_length_556_cov_11.131291	304	384	4	22	80	0.2750000
NODE_30795_length_556_cov_11.131291	304	384	5	18	80	0.2250000
NODE_30795_length_556_cov_11.131291	357	437	3	27	80	0.3375000
NODE_30795_length_556_cov_11.131291	357	437	4	30	80	0.3750000
NODE_30795_length_556_cov_11.131291	357	437	5	18	80	0.2250000
NODE_30795_length_556_cov_11.131291	357	437	6	5	80	0.0625000
NODE_30797_length_556_cov_7.168490	163	243	0	80	80	1.0000000
NODE_30797_length_556_cov_7.168490	216	296	0	80	80	1.0000000
NODE_30798_length_556_cov_7.089716	325	379	0	54	54	1.0000000
NODE_30801_length_556_cov_6.505470	232	312	0	80	80	1.0000000
NODE_30801_length_556_cov_6.505470	285	365	0	80	80	1.0000000
NODE_30802_length_556_cov_6.496718	140	179	0	39	39	1.0000000
NODE_30802_length_556_cov_6.496718	226	255	0	29	29	1.0000000
NODE_30809_length_556_cov_4.457330	197	277	0	58	80	0.7250000
NODE_30809_length_556_cov_4.457330	197	277	2	20	80	0.2500000
NODE_30809_length_556_cov_4.457330	197	277	3	2	80	0.0250000
NODE_30818_length_556_cov_3.761488	234	307	0	43	73	0.5890411
NODE_30818_length_556_cov_3.761488	234	307	2	30	73	0.4109589
NODE_30930_length_555_cov_20.949561	322	402	0	15	80	0.1875000
NODE_30930_length_555_cov_20.949561	322	402	1	65	80	0.8125000
NODE_30930_length_555_cov_20.949561	375	455	0	68	80	0.8500000
NODE_30930_length_555_cov_20.949561	375	455	1	12	80	0.1500000
NODE_30931_length_555_cov_16.822368	268	348	1	35	80	0.4375000
NODE_30931_length_555_cov_16.822368	268	348	2	45	80	0.5625000
NODE_30931_length_555_cov_16.822368	321	401	0	22	80	0.2750000
NODE_30931_length_555_cov_16.822368	321	401	1	58	80	0.7250000
NODE_30933_length_555_cov_9.912281	313	393	1	16	80	0.2000000
NODE_30933_length_555_cov_9.912281	313	393	2	64	80	0.8000000
NODE_30935_length_555_cov_8.057018	277	357	2	57	80	0.7125000
NODE_30935_length_555_cov_8.057018	277	357	3	14	80	0.1750000
NODE_30935_length_555_cov_8.057018	277	357	4	9	80	0.1125000
NODE_30935_length_555_cov_8.057018	330	410	2	4	80	0.0500000
NODE_30935_length_555_cov_8.057018	330	410	3	21	80	0.2625000
NODE_30935_length_555_cov_8.057018	330	410	4	16	80	0.2000000
NODE_30935_length_555_cov_8.057018	330	410	5	39	80	0.4875000
NODE_30938_length_555_cov_6.778509	62	92	0	30	30	1.0000000
NODE_30986_length_555_cov_2.177632	208	288	0	80	80	1.0000000
NODE_30986_length_555_cov_2.177632	261	329	0	68	68	1.0000000
NODE_31092_length_554_cov_11.942857	118	198	4	80	80	1.0000000
NODE_31092_length_554_cov_11.942857	171	251	2	30	80	0.3750000
NODE_31092_length_554_cov_11.942857	171	251	3	1	80	0.0125000
NODE_31092_length_554_cov_11.942857	171	251	4	49	80	0.6125000
NODE_31096_length_554_cov_8.426374	242	322	0	39	80	0.4875000
NODE_31096_length_554_cov_8.426374	242	322	2	41	80	0.5125000
NODE_31096_length_554_cov_8.426374	295	375	2	80	80	1.0000000
NODE_31101_length_554_cov_6.116484	264	344	2	3	80	0.0375000
NODE_31101_length_554_cov_6.116484	264	344	4	77	80	0.9625000
NODE_31101_length_554_cov_6.116484	317	393	0	13	76	0.1710526
NODE_31101_length_554_cov_6.116484	317	393	1	1	76	0.0131579
NODE_31101_length_554_cov_6.116484	317	393	3	19	76	0.2500000
NODE_31101_length_554_cov_6.116484	317	393	4	43	76	0.5657895
NODE_31115_length_554_cov_3.586813	207	286	0	79	79	1.0000000
NODE_31240_length_553_cov_42.017621	197	277	6	15	80	0.1875000
NODE_31240_length_553_cov_42.017621	197	277	7	31	80	0.3875000
NODE_31240_length_553_cov_42.017621	197	277	8	9	80	0.1125000
NODE_31240_length_553_cov_42.017621	197	277	9	18	80	0.2250000
NODE_31240_length_553_cov_42.017621	197	277	10	7	80	0.0875000
NODE_31240_length_553_cov_42.017621	250	330	5	15	80	0.1875000
NODE_31240_length_553_cov_42.017621	250	330	7	1	80	0.0125000
NODE_31240_length_553_cov_42.017621	250	330	8	13	80	0.1625000
NODE_31240_length_553_cov_42.017621	250	330	9	44	80	0.5500000
NODE_31240_length_553_cov_42.017621	250	330	10	7	80	0.0875000
NODE_31241_length_553_cov_28.944934	333	413	5	14	80	0.1750000
NODE_31241_length_553_cov_28.944934	333	413	7	9	80	0.1125000
NODE_31241_length_553_cov_28.944934	333	413	8	2	80	0.0250000
NODE_31241_length_553_cov_28.944934	333	413	9	55	80	0.6875000
NODE_31241_length_553_cov_28.944934	386	466	4	7	80	0.0875000
NODE_31241_length_553_cov_28.944934	386	466	5	33	80	0.4125000
NODE_31241_length_553_cov_28.944934	386	466	7	9	80	0.1125000
NODE_31241_length_553_cov_28.944934	386	466	8	6	80	0.0750000
NODE_31241_length_553_cov_28.944934	386	466	9	25	80	0.3125000
NODE_31242_length_553_cov_12.176211	242	322	1	80	80	1.0000000
NODE_31242_length_553_cov_12.176211	295	375	0	10	80	0.1250000
NODE_31242_length_553_cov_12.176211	295	375	1	70	80	0.8750000
NODE_31244_length_553_cov_9.876652	232	312	0	80	80	1.0000000
NODE_31244_length_553_cov_9.876652	285	365	0	80	80	1.0000000
NODE_31246_length_553_cov_9.306167	207	287	1	73	80	0.9125000
NODE_31246_length_553_cov_9.306167	207	287	2	7	80	0.0875000
NODE_31246_length_553_cov_9.306167	207	287	1	73	80	0.9125000
NODE_31246_length_553_cov_9.306167	207	287	2	7	80	0.0875000
NODE_31246_length_553_cov_9.306167	260	340	1	45	80	0.5625000
NODE_31246_length_553_cov_9.306167	260	340	2	35	80	0.4375000
NODE_31259_length_553_cov_3.729075	36	93	2	57	57	1.0000000
NODE_31259_length_553_cov_3.729075	89	146	0	20	57	0.3508772
NODE_31259_length_553_cov_3.729075	89	146	2	37	57	0.6491228
NODE_31266_length_553_cov_3.310573	226	293	0	67	67	1.0000000
NODE_31279_length_553_cov_2.678414	102	180	1	46	78	0.5897436
NODE_31279_length_553_cov_2.678414	102	180	2	32	78	0.4102564
NODE_31279_length_553_cov_2.678414	248	275	3	27	27	1.0000000
NODE_31295_length_553_cov_1.958150	416	462	0	16	46	0.3478261
NODE_31295_length_553_cov_1.958150	416	462	2	30	46	0.6521739
NODE_31295_length_553_cov_1.958150	469	515	2	46	46	1.0000000
NODE_31377_length_552_cov_92.070640	298	378	1	20	80	0.2500000
NODE_31377_length_552_cov_92.070640	298	378	3	41	80	0.5125000
NODE_31377_length_552_cov_92.070640	298	378	4	5	80	0.0625000
NODE_31377_length_552_cov_92.070640	298	378	5	14	80	0.1750000
NODE_31377_length_552_cov_92.070640	298	378	1	20	80	0.2500000
NODE_31377_length_552_cov_92.070640	298	378	3	41	80	0.5125000
NODE_31377_length_552_cov_92.070640	298	378	4	5	80	0.0625000
NODE_31377_length_552_cov_92.070640	298	378	5	14	80	0.1750000
NODE_31377_length_552_cov_92.070640	374	454	5	12	80	0.1500000
NODE_31377_length_552_cov_92.070640	374	454	6	33	80	0.4125000
NODE_31377_length_552_cov_92.070640	374	454	7	35	80	0.4375000
NODE_31377_length_552_cov_92.070640	374	454	5	12	80	0.1500000
NODE_31377_length_552_cov_92.070640	374	454	6	33	80	0.4125000
NODE_31377_length_552_cov_92.070640	374	454	7	35	80	0.4375000
NODE_31377_length_552_cov_92.070640	374	454	5	12	80	0.1500000
NODE_31377_length_552_cov_92.070640	374	454	6	33	80	0.4125000
NODE_31377_length_552_cov_92.070640	374	454	7	35	80	0.4375000
NODE_31377_length_552_cov_92.070640	374	454	5	12	80	0.1500000
NODE_31377_length_552_cov_92.070640	374	454	6	33	80	0.4125000
NODE_31377_length_552_cov_92.070640	374	454	7	35	80	0.4375000
NODE_31377_length_552_cov_92.070640	374	450	5	12	76	0.1578947
NODE_31377_length_552_cov_92.070640	374	450	6	29	76	0.3815790
NODE_31377_length_552_cov_92.070640	374	450	7	35	76	0.4605263
NODE_31377_length_552_cov_92.070640	427	507	4	46	80	0.5750000
NODE_31377_length_552_cov_92.070640	427	507	5	1	80	0.0125000
NODE_31377_length_552_cov_92.070640	427	507	6	33	80	0.4125000
NODE_31377_length_552_cov_92.070640	427	507	4	46	80	0.5750000
NODE_31377_length_552_cov_92.070640	427	507	5	1	80	0.0125000
NODE_31377_length_552_cov_92.070640	427	507	6	33	80	0.4125000
NODE_31377_length_552_cov_92.070640	427	498	4	37	71	0.5211267
NODE_31377_length_552_cov_92.070640	427	498	5	1	71	0.0140845
NODE_31377_length_552_cov_92.070640	427	498	6	33	71	0.4647887
NODE_31377_length_552_cov_92.070640	430	500	4	39	70	0.5571429
NODE_31377_length_552_cov_92.070640	430	500	5	1	70	0.0142857
NODE_31377_length_552_cov_92.070640	430	500	6	30	70	0.4285714
NODE_31377_length_552_cov_92.070640	432	507	4	46	75	0.6133333
NODE_31377_length_552_cov_92.070640	432	507	5	1	75	0.0133333
NODE_31377_length_552_cov_92.070640	432	507	6	28	75	0.3733333
NODE_31378_length_552_cov_20.432671	151	231	0	19	80	0.2375000
NODE_31378_length_552_cov_20.432671	151	231	2	61	80	0.7625000
NODE_31378_length_552_cov_20.432671	204	284	2	80	80	1.0000000
NODE_31379_length_552_cov_18.075055	257	333	2	76	76	1.0000000
NODE_31380_length_552_cov_13.331126	214	294	3	80	80	1.0000000
NODE_31380_length_552_cov_13.331126	267	347	2	5	80	0.0625000
NODE_31380_length_552_cov_13.331126	267	347	3	75	80	0.9375000
NODE_31381_length_552_cov_12.774834	360	440	0	37	80	0.4625000
NODE_31381_length_552_cov_12.774834	360	440	1	43	80	0.5375000
NODE_31381_length_552_cov_12.774834	413	493	0	80	80	1.0000000
NODE_31384_length_552_cov_8.883002	310	390	0	80	80	1.0000000
NODE_31384_length_552_cov_8.883002	363	443	0	80	80	1.0000000
NODE_31385_length_552_cov_6.916115	206	281	0	75	75	1.0000000
NODE_31538_length_551_cov_34.070796	324	406	0	82	82	1.0000000
NODE_31538_length_551_cov_34.070796	379	444	0	65	65	1.0000000
NODE_31541_length_551_cov_10.252212	164	244	1	9	80	0.1125000
NODE_31541_length_551_cov_10.252212	164	244	2	18	80	0.2250000
NODE_31541_length_551_cov_10.252212	164	244	3	33	80	0.4125000
NODE_31541_length_551_cov_10.252212	164	244	4	20	80	0.2500000
NODE_31541_length_551_cov_10.252212	217	297	3	80	80	1.0000000
NODE_31543_length_551_cov_8.075221	363	406	1	5	43	0.1162791
NODE_31543_length_551_cov_8.075221	363	406	2	38	43	0.8837209
NODE_31547_length_551_cov_5.668142	213	293	4	4	80	0.0500000
NODE_31547_length_551_cov_5.668142	213	293	5	7	80	0.0875000
NODE_31547_length_551_cov_5.668142	213	293	6	69	80	0.8625000
NODE_31547_length_551_cov_5.668142	266	346	2	22	80	0.2750000
NODE_31547_length_551_cov_5.668142	266	346	4	18	80	0.2250000
NODE_31547_length_551_cov_5.668142	266	346	5	20	80	0.2500000
NODE_31547_length_551_cov_5.668142	266	346	6	20	80	0.2500000
NODE_31552_length_551_cov_4.212389	171	242	1	1	71	0.0140845
NODE_31552_length_551_cov_4.212389	171	242	2	70	71	0.9859155
NODE_31552_length_551_cov_4.212389	215	263	2	48	48	1.0000000
NODE_31563_length_551_cov_3.307522	227	307	0	19	80	0.2375000
NODE_31563_length_551_cov_3.307522	227	307	1	1	80	0.0125000
NODE_31563_length_551_cov_3.307522	227	307	2	60	80	0.7500000
NODE_31563_length_551_cov_3.307522	280	360	0	55	80	0.6875000
NODE_31563_length_551_cov_3.307522	280	360	1	1	80	0.0125000
NODE_31563_length_551_cov_3.307522	280	360	2	24	80	0.3000000
NODE_31693_length_550_cov_17.308204	101	181	2	32	80	0.4000000
NODE_31693_length_550_cov_17.308204	101	181	3	48	80	0.6000000
NODE_31693_length_550_cov_17.308204	154	234	1	8	80	0.1000000
NODE_31693_length_550_cov_17.308204	154	234	3	72	80	0.9000000
NODE_31700_length_550_cov_5.580931	286	329	0	43	43	1.0000000
NODE_31701_length_550_cov_5.490022	458	500	0	42	42	1.0000000
NODE_31701_length_550_cov_5.490022	459	523	0	64	64	1.0000000
NODE_31703_length_550_cov_5.243902	194	274	0	80	80	1.0000000
NODE_31703_length_550_cov_5.243902	247	327	0	80	80	1.0000000
NODE_31706_length_550_cov_4.815965	184	264	0	80	80	1.0000000
NODE_31726_length_550_cov_3.252772	308	388	2	80	80	1.0000000
NODE_31756_length_550_cov_1.864745	189	259	0	70	70	1.0000000
NODE_31756_length_550_cov_1.864745	189	258	0	69	69	1.0000000
NODE_31847_length_549_cov_31.826667	216	292	14	17	76	0.2236842
NODE_31847_length_549_cov_31.826667	216	292	15	20	76	0.2631579
NODE_31847_length_549_cov_31.826667	216	292	16	28	76	0.3684210
NODE_31847_length_549_cov_31.826667	216	292	17	2	76	0.0263158
NODE_31847_length_549_cov_31.826667	216	292	18	9	76	0.1184211
NODE_31847_length_549_cov_31.826667	267	331	10	15	64	0.2343750
NODE_31847_length_549_cov_31.826667	267	331	11	8	64	0.1250000
NODE_31847_length_549_cov_31.826667	267	331	12	11	64	0.1718750
NODE_31847_length_549_cov_31.826667	267	331	14	13	64	0.2031250
NODE_31847_length_549_cov_31.826667	267	331	15	12	64	0.1875000
NODE_31847_length_549_cov_31.826667	267	331	16	5	64	0.0781250
NODE_31848_length_549_cov_14.124444	174	263	4	44	89	0.4943820
NODE_31848_length_549_cov_14.124444	174	263	5	45	89	0.5056180
NODE_31848_length_549_cov_14.124444	242	315	1	7	73	0.0958904
NODE_31848_length_549_cov_14.124444	242	315	2	22	73	0.3013699
NODE_31848_length_549_cov_14.124444	242	315	3	15	73	0.2054795
NODE_31848_length_549_cov_14.124444	242	315	5	29	73	0.3972603
NODE_31857_length_549_cov_5.375556	181	257	41	6	76	0.0789474
NODE_31857_length_549_cov_5.375556	181	257	43	8	76	0.1052632
NODE_31857_length_549_cov_5.375556	181	257	47	1	76	0.0131579
NODE_31857_length_549_cov_5.375556	181	257	48	8	76	0.1052632
NODE_31857_length_549_cov_5.375556	181	257	49	1	76	0.0131579
NODE_31857_length_549_cov_5.375556	181	257	50	4	76	0.0526316
NODE_31857_length_549_cov_5.375556	181	257	52	6	76	0.0789474
NODE_31857_length_549_cov_5.375556	181	257	53	6	76	0.0789474
NODE_31857_length_549_cov_5.375556	181	257	55	2	76	0.0263158
NODE_31857_length_549_cov_5.375556	181	257	56	1	76	0.0131579
NODE_31857_length_549_cov_5.375556	181	257	57	2	76	0.0263158
NODE_31857_length_549_cov_5.375556	181	257	59	5	76	0.0657895
NODE_31857_length_549_cov_5.375556	181	257	61	12	76	0.1578947
NODE_31857_length_549_cov_5.375556	181	257	62	2	76	0.0263158
NODE_31857_length_549_cov_5.375556	181	257	63	10	76	0.1315790
NODE_31857_length_549_cov_5.375556	181	257	65	2	76	0.0263158
NODE_31859_length_549_cov_4.933333	260	340	0	63	80	0.7875000
NODE_31859_length_549_cov_4.933333	260	340	2	17	80	0.2125000
NODE_31864_length_549_cov_4.537778	345	430	0	85	85	1.0000000
NODE_31864_length_549_cov_4.537778	403	483	0	80	80	1.0000000
NODE_31865_length_549_cov_4.124444	406	486	0	8	80	0.1000000
NODE_31865_length_549_cov_4.124444	406	486	2	40	80	0.5000000
NODE_31865_length_549_cov_4.124444	406	486	3	14	80	0.1750000
NODE_31865_length_549_cov_4.124444	406	486	4	18	80	0.2250000
NODE_31866_length_549_cov_3.931111	182	219	0	22	37	0.5945946
NODE_31866_length_549_cov_3.931111	182	219	2	15	37	0.4054054
NODE_31868_length_549_cov_3.893333	287	367	0	80	80	1.0000000
NODE_31868_length_549_cov_3.893333	340	420	0	80	80	1.0000000
NODE_31887_length_549_cov_2.673333	282	343	0	61	61	1.0000000
NODE_31890_length_549_cov_2.622222	144	220	0	76	76	1.0000000
NODE_32013_length_548_cov_13.962138	285	371	0	86	86	1.0000000
NODE_32013_length_548_cov_13.962138	344	424	0	80	80	1.0000000
NODE_32022_length_548_cov_4.683742	261	336	4	37	75	0.4933333
NODE_32022_length_548_cov_4.683742	261	336	5	11	75	0.1466667
NODE_32022_length_548_cov_4.683742	261	336	6	5	75	0.0666667
NODE_32022_length_548_cov_4.683742	261	336	7	22	75	0.2933333
NODE_32023_length_548_cov_4.670379	140	182	0	42	42	1.0000000
NODE_32023_length_548_cov_4.670379	282	311	0	29	29	1.0000000
NODE_32023_length_548_cov_4.670379	410	455	0	45	45	1.0000000
NODE_32029_length_548_cov_3.630290	111	177	2	66	66	1.0000000
NODE_32039_length_548_cov_3.080178	142	191	0	49	49	1.0000000
NODE_32180_length_547_cov_23.982143	243	323	0	59	80	0.7375000
NODE_32180_length_547_cov_23.982143	243	323	1	21	80	0.2625000
NODE_32180_length_547_cov_23.982143	243	323	0	59	80	0.7375000
NODE_32180_length_547_cov_23.982143	243	323	1	21	80	0.2625000
NODE_32180_length_547_cov_23.982143	252	323	0	50	71	0.7042254
NODE_32180_length_547_cov_23.982143	252	323	1	21	71	0.2957746
NODE_32181_length_547_cov_23.555804	42	122	2	17	80	0.2125000
NODE_32181_length_547_cov_23.555804	42	122	3	25	80	0.3125000
NODE_32181_length_547_cov_23.555804	42	122	5	17	80	0.2125000
NODE_32181_length_547_cov_23.555804	42	122	6	21	80	0.2625000
NODE_32181_length_547_cov_23.555804	95	175	4	11	80	0.1375000
NODE_32181_length_547_cov_23.555804	95	175	5	17	80	0.2125000
NODE_32181_length_547_cov_23.555804	95	175	6	52	80	0.6500000
NODE_32183_length_547_cov_12.819196	190	270	0	80	80	1.0000000
NODE_32195_length_547_cov_5.207589	290	370	0	19	80	0.2375000
NODE_32195_length_547_cov_5.207589	290	370	2	61	80	0.7625000
NODE_32195_length_547_cov_5.207589	343	423	0	72	80	0.9000000
NODE_32195_length_547_cov_5.207589	343	423	2	8	80	0.1000000
NODE_32197_length_547_cov_4.975446	411	488	0	4	77	0.0519481
NODE_32197_length_547_cov_4.975446	411	488	1	73	77	0.9480519
NODE_32197_length_547_cov_4.975446	461	542	0	18	81	0.2222222
NODE_32197_length_547_cov_4.975446	461	542	1	63	81	0.7777778
NODE_32199_length_547_cov_4.683036	451	492	0	41	41	1.0000000
NODE_32204_length_547_cov_4.138393	97	175	0	78	78	1.0000000
NODE_32204_length_547_cov_4.138393	151	228	0	77	77	1.0000000
NODE_32206_length_547_cov_4.026786	136	216	2	34	80	0.4250000
NODE_32206_length_547_cov_4.026786	136	216	3	46	80	0.5750000
NODE_32206_length_547_cov_4.026786	189	269	2	19	80	0.2375000
NODE_32206_length_547_cov_4.026786	189	269	3	61	80	0.7625000
NODE_32215_length_547_cov_3.468750	219	299	0	80	80	1.0000000
NODE_32222_length_547_cov_2.901786	304	384	0	80	80	1.0000000
NODE_32347_length_546_cov_17.733781	159	239	9	6	80	0.0750000
NODE_32347_length_546_cov_17.733781	159	239	10	5	80	0.0625000
NODE_32347_length_546_cov_17.733781	159	239	11	26	80	0.3250000
NODE_32347_length_546_cov_17.733781	159	239	12	20	80	0.2500000
NODE_32347_length_546_cov_17.733781	159	239	13	23	80	0.2875000
NODE_32347_length_546_cov_17.733781	212	293	9	2	81	0.0246914
NODE_32347_length_546_cov_17.733781	212	293	10	13	81	0.1604938
NODE_32347_length_546_cov_17.733781	212	293	11	7	81	0.0864198
NODE_32347_length_546_cov_17.733781	212	293	12	19	81	0.2345679
NODE_32347_length_546_cov_17.733781	212	293	13	40	81	0.4938272
NODE_32348_length_546_cov_16.275168	272	352	0	2	80	0.0250000
NODE_32348_length_546_cov_16.275168	272	352	2	28	80	0.3500000
NODE_32348_length_546_cov_16.275168	272	352	4	50	80	0.6250000
NODE_32348_length_546_cov_16.275168	325	405	0	55	80	0.6875000
NODE_32348_length_546_cov_16.275168	325	405	2	25	80	0.3125000
NODE_32349_length_546_cov_8.201342	179	259	2	16	80	0.2000000
NODE_32349_length_546_cov_8.201342	179	259	3	64	80	0.8000000
NODE_32351_length_546_cov_7.454139	241	321	1	80	80	1.0000000
NODE_32351_length_546_cov_7.454139	294	374	1	47	80	0.5875000
NODE_32351_length_546_cov_7.454139	294	374	2	33	80	0.4125000
NODE_32380_length_546_cov_3.192394	171	251	0	80	80	1.0000000
NODE_32510_length_545_cov_31.524664	38	118	1	65	80	0.8125000
NODE_32510_length_545_cov_31.524664	38	118	3	15	80	0.1875000
NODE_32510_length_545_cov_31.524664	91	171	1	12	80	0.1500000
NODE_32510_length_545_cov_31.524664	91	171	3	41	80	0.5125000
NODE_32510_length_545_cov_31.524664	91	171	4	27	80	0.3375000
NODE_32517_length_545_cov_5.524664	268	348	0	5	80	0.0625000
NODE_32517_length_545_cov_5.524664	268	348	1	49	80	0.6125000
NODE_32517_length_545_cov_5.524664	268	348	2	26	80	0.3250000
NODE_32525_length_545_cov_3.885650	137	217	0	80	80	1.0000000
NODE_32571_length_545_cov_2.013453	246	318	4	72	72	1.0000000
NODE_32599_length_545_cov_1.450673	130	179	0	49	49	1.0000000
NODE_32616_length_545_cov_1.179372	431	469	0	38	38	1.0000000
NODE_32673_length_544_cov_37.705618	258	338	2	19	80	0.2375000
NODE_32673_length_544_cov_37.705618	258	338	4	29	80	0.3625000
NODE_32673_length_544_cov_37.705618	258	338	6	32	80	0.4000000
NODE_32673_length_544_cov_37.705618	311	391	5	10	80	0.1250000
NODE_32673_length_544_cov_37.705618	311	391	6	35	80	0.4375000
NODE_32673_length_544_cov_37.705618	311	391	7	35	80	0.4375000
NODE_32674_length_544_cov_33.847191	189	269	5	60	80	0.7500000
NODE_32674_length_544_cov_33.847191	189	269	6	6	80	0.0750000
NODE_32674_length_544_cov_33.847191	189	269	7	14	80	0.1750000
NODE_32674_length_544_cov_33.847191	242	327	3	33	85	0.3882353
NODE_32674_length_544_cov_33.847191	242	327	4	23	85	0.2705882
NODE_32674_length_544_cov_33.847191	242	327	5	7	85	0.0823529
NODE_32674_length_544_cov_33.847191	242	327	6	6	85	0.0705882
NODE_32674_length_544_cov_33.847191	242	327	7	16	85	0.1882353
NODE_32675_length_544_cov_19.467416	251	331	0	80	80	1.0000000
NODE_32675_length_544_cov_19.467416	304	384	0	80	80	1.0000000
NODE_32676_length_544_cov_16.775281	163	243	0	80	80	1.0000000
NODE_32676_length_544_cov_16.775281	216	296	0	80	80	1.0000000
NODE_32677_length_544_cov_8.943820	81	161	2	45	80	0.5625000
NODE_32677_length_544_cov_8.943820	81	161	4	35	80	0.4375000
NODE_32677_length_544_cov_8.943820	134	214	4	51	80	0.6375000
NODE_32677_length_544_cov_8.943820	134	214	5	16	80	0.2000000
NODE_32677_length_544_cov_8.943820	134	214	6	7	80	0.0875000
NODE_32677_length_544_cov_8.943820	134	214	7	6	80	0.0750000
NODE_32678_length_544_cov_8.537079	283	363	0	18	80	0.2250000
NODE_32678_length_544_cov_8.537079	283	363	1	16	80	0.2000000
NODE_32678_length_544_cov_8.537079	283	363	2	46	80	0.5750000
NODE_32678_length_544_cov_8.537079	336	416	2	80	80	1.0000000
NODE_32680_length_544_cov_8.440449	209	289	2	16	80	0.2000000
NODE_32680_length_544_cov_8.440449	209	289	4	64	80	0.8000000
NODE_32680_length_544_cov_8.440449	262	342	0	30	80	0.3750000
NODE_32680_length_544_cov_8.440449	262	342	2	39	80	0.4875000
NODE_32680_length_544_cov_8.440449	262	342	4	11	80	0.1375000
NODE_32681_length_544_cov_7.604494	332	412	3	7	80	0.0875000
NODE_32681_length_544_cov_7.604494	332	412	4	3	80	0.0375000
NODE_32681_length_544_cov_7.604494	332	412	5	21	80	0.2625000
NODE_32681_length_544_cov_7.604494	332	412	6	2	80	0.0250000
NODE_32681_length_544_cov_7.604494	332	412	7	47	80	0.5875000
NODE_32681_length_544_cov_7.604494	385	465	2	38	80	0.4750000
NODE_32681_length_544_cov_7.604494	385	465	4	18	80	0.2250000
NODE_32681_length_544_cov_7.604494	385	465	5	2	80	0.0250000
NODE_32681_length_544_cov_7.604494	385	465	7	22	80	0.2750000
NODE_32684_length_544_cov_6.000000	461	513	1	6	52	0.1153846
NODE_32684_length_544_cov_6.000000	461	513	2	46	52	0.8846154
NODE_32830_length_543_cov_38.790541	116	196	7	1	80	0.0125000
NODE_32830_length_543_cov_38.790541	116	196	8	18	80	0.2250000
NODE_32830_length_543_cov_38.790541	116	196	9	5	80	0.0625000
NODE_32830_length_543_cov_38.790541	116	196	10	56	80	0.7000000
NODE_32830_length_543_cov_38.790541	169	249	3	1	80	0.0125000
NODE_32830_length_543_cov_38.790541	169	249	4	11	80	0.1375000
NODE_32830_length_543_cov_38.790541	169	249	5	9	80	0.1125000
NODE_32830_length_543_cov_38.790541	169	249	6	10	80	0.1250000
NODE_32830_length_543_cov_38.790541	169	249	8	21	80	0.2625000
NODE_32830_length_543_cov_38.790541	169	249	9	6	80	0.0750000
NODE_32830_length_543_cov_38.790541	169	249	10	22	80	0.2750000
NODE_32831_length_543_cov_31.713964	193	273	0	42	80	0.5250000
NODE_32831_length_543_cov_31.713964	193	273	1	19	80	0.2375000
NODE_32831_length_543_cov_31.713964	193	273	2	19	80	0.2375000
NODE_32831_length_543_cov_31.713964	246	326	1	8	80	0.1000000
NODE_32831_length_543_cov_31.713964	246	326	2	72	80	0.9000000
NODE_32832_length_543_cov_13.689189	118	198	2	16	80	0.2000000
NODE_32832_length_543_cov_13.689189	118	198	4	64	80	0.8000000
NODE_32832_length_543_cov_13.689189	171	251	1	2	80	0.0250000
NODE_32832_length_543_cov_13.689189	171	251	3	2	80	0.0250000
NODE_32832_length_543_cov_13.689189	171	251	4	76	80	0.9500000
NODE_32833_length_543_cov_10.601351	271	351	3	4	80	0.0500000
NODE_32833_length_543_cov_10.601351	271	351	4	23	80	0.2875000
NODE_32833_length_543_cov_10.601351	271	351	5	38	80	0.4750000
NODE_32833_length_543_cov_10.601351	271	351	6	15	80	0.1875000
NODE_32833_length_543_cov_10.601351	324	404	3	5	80	0.0625000
NODE_32833_length_543_cov_10.601351	324	404	4	29	80	0.3625000
NODE_32833_length_543_cov_10.601351	324	404	5	46	80	0.5750000
NODE_32833_length_543_cov_10.601351	400	480	2	17	80	0.2125000
NODE_32833_length_543_cov_10.601351	400	480	3	19	80	0.2375000
NODE_32833_length_543_cov_10.601351	400	480	4	1	80	0.0125000
NODE_32833_length_543_cov_10.601351	400	480	5	43	80	0.5375000
NODE_32833_length_543_cov_10.601351	453	533	0	7	80	0.0875000
NODE_32833_length_543_cov_10.601351	453	533	1	24	80	0.3000000
NODE_32833_length_543_cov_10.601351	453	533	2	39	80	0.4875000
NODE_32833_length_543_cov_10.601351	453	533	3	10	80	0.1250000
NODE_32834_length_543_cov_9.202703	291	341	2	50	50	1.0000000
NODE_32834_length_543_cov_9.202703	347	384	2	37	37	1.0000000
NODE_32835_length_543_cov_7.722973	300	378	0	78	78	1.0000000
NODE_32835_length_543_cov_7.722973	351	431	0	80	80	1.0000000
NODE_32836_length_543_cov_6.815315	181	260	0	54	79	0.6835443
NODE_32836_length_543_cov_6.815315	181	260	2	25	79	0.3164557
NODE_32845_length_543_cov_4.704955	145	225	0	80	80	1.0000000
NODE_32845_length_543_cov_4.704955	198	275	0	77	77	1.0000000
NODE_32864_length_543_cov_3.301802	247	312	0	65	65	1.0000000
NODE_32875_length_543_cov_2.635135	253	316	0	63	63	1.0000000
NODE_32875_length_543_cov_2.635135	293	373	0	38	80	0.4750000
NODE_32875_length_543_cov_2.635135	293	373	1	9	80	0.1125000
NODE_32875_length_543_cov_2.635135	293	373	3	33	80	0.4125000
NODE_33002_length_543_cov_0.682432	98	178	0	80	80	1.0000000
NODE_33012_length_542_cov_57.370203	287	367	3	80	80	1.0000000
NODE_33012_length_542_cov_57.370203	340	378	3	38	38	1.0000000
NODE_33014_length_542_cov_11.616253	277	357	0	80	80	1.0000000
NODE_33014_length_542_cov_11.616253	330	410	0	80	80	1.0000000
NODE_33015_length_542_cov_9.988713	253	333	0	80	80	1.0000000
NODE_33015_length_542_cov_9.988713	306	386	0	80	80	1.0000000
NODE_33018_length_542_cov_7.934537	215	295	6	80	80	1.0000000
NODE_33018_length_542_cov_7.934537	268	348	1	33	80	0.4125000
NODE_33018_length_542_cov_7.934537	268	348	3	6	80	0.0750000
NODE_33018_length_542_cov_7.934537	268	348	5	9	80	0.1125000
NODE_33018_length_542_cov_7.934537	268	348	6	32	80	0.4000000
NODE_33020_length_542_cov_7.266366	159	239	0	80	80	1.0000000
NODE_33021_length_542_cov_7.069977	230	304	0	31	74	0.4189189
NODE_33021_length_542_cov_7.069977	230	304	2	43	74	0.5810811
NODE_33021_length_542_cov_7.069977	284	362	0	78	78	1.0000000
NODE_33025_length_542_cov_4.783296	237	267	1	30	30	1.0000000
NODE_33035_length_542_cov_3.882619	275	303	2	28	28	1.0000000
NODE_33040_length_542_cov_3.600451	82	131	0	49	49	1.0000000
NODE_33188_length_541_cov_22.463801	247	327	0	1	80	0.0125000
NODE_33188_length_541_cov_22.463801	247	327	1	11	80	0.1375000
NODE_33188_length_541_cov_22.463801	247	327	2	68	80	0.8500000
NODE_33188_length_541_cov_22.463801	300	380	2	80	80	1.0000000
NODE_33190_length_541_cov_11.070136	60	140	2	80	80	1.0000000
NODE_33190_length_541_cov_11.070136	113	193	0	52	80	0.6500000
NODE_33190_length_541_cov_11.070136	113	193	2	28	80	0.3500000
NODE_33204_length_541_cov_3.690045	179	250	2	71	71	1.0000000
NODE_33300_length_541_cov_1.187783	352	400	0	44	48	0.9166667
NODE_33300_length_541_cov_1.187783	352	400	1	4	48	0.0833333
NODE_33359_length_540_cov_78.353741	219	299	3	11	80	0.1375000
NODE_33359_length_540_cov_78.353741	219	299	4	9	80	0.1125000
NODE_33359_length_540_cov_78.353741	219	299	6	60	80	0.7500000
NODE_33359_length_540_cov_78.353741	272	352	0	5	80	0.0625000
NODE_33359_length_540_cov_78.353741	272	352	1	9	80	0.1125000
NODE_33359_length_540_cov_78.353741	272	352	3	50	80	0.6250000
NODE_33359_length_540_cov_78.353741	272	352	4	9	80	0.1125000
NODE_33359_length_540_cov_78.353741	272	352	6	7	80	0.0875000
NODE_33360_length_540_cov_33.473923	59	139	4	3	80	0.0375000
NODE_33360_length_540_cov_33.473923	59	139	5	46	80	0.5750000
NODE_33360_length_540_cov_33.473923	59	139	7	6	80	0.0750000
NODE_33360_length_540_cov_33.473923	59	139	9	25	80	0.3125000
NODE_33360_length_540_cov_33.473923	112	192	6	13	80	0.1625000
NODE_33360_length_540_cov_33.473923	112	192	7	2	80	0.0250000
NODE_33360_length_540_cov_33.473923	112	192	8	3	80	0.0375000
NODE_33360_length_540_cov_33.473923	112	192	9	62	80	0.7750000
NODE_33361_length_540_cov_20.380952	97	177	0	13	80	0.1625000
NODE_33361_length_540_cov_20.380952	97	177	2	67	80	0.8375000
NODE_33361_length_540_cov_20.380952	150	230	2	80	80	1.0000000
NODE_33362_length_540_cov_12.657596	248	328	3	37	80	0.4625000
NODE_33362_length_540_cov_12.657596	248	328	4	15	80	0.1875000
NODE_33362_length_540_cov_12.657596	248	328	5	13	80	0.1625000
NODE_33362_length_540_cov_12.657596	248	328	6	9	80	0.1125000
NODE_33362_length_540_cov_12.657596	248	328	7	6	80	0.0750000
NODE_33362_length_540_cov_12.657596	301	381	5	12	80	0.1500000
NODE_33362_length_540_cov_12.657596	301	381	6	36	80	0.4500000
NODE_33362_length_540_cov_12.657596	301	381	7	32	80	0.4000000
NODE_33363_length_540_cov_11.111111	180	260	1	55	80	0.6875000
NODE_33363_length_540_cov_11.111111	180	260	2	25	80	0.3125000
NODE_33363_length_540_cov_11.111111	233	313	1	8	80	0.1000000
NODE_33363_length_540_cov_11.111111	233	313	2	72	80	0.9000000
NODE_33365_length_540_cov_6.328798	260	340	2	80	80	1.0000000
NODE_33365_length_540_cov_6.328798	313	393	0	44	80	0.5500000
NODE_33365_length_540_cov_6.328798	313	393	2	36	80	0.4500000
NODE_33382_length_540_cov_3.587302	351	411	0	34	60	0.5666667
NODE_33382_length_540_cov_3.587302	351	411	1	26	60	0.4333333
NODE_33503_length_539_cov_1023.604545	264	344	163	1	80	0.0125000
NODE_33503_length_539_cov_1023.604545	264	344	164	1	80	0.0125000
NODE_33503_length_539_cov_1023.604545	264	344	165	2	80	0.0250000
NODE_33503_length_539_cov_1023.604545	264	344	167	3	80	0.0375000
NODE_33503_length_539_cov_1023.604545	264	344	169	1	80	0.0125000
NODE_33503_length_539_cov_1023.604545	264	344	170	2	80	0.0250000
NODE_33503_length_539_cov_1023.604545	264	344	172	2	80	0.0250000
NODE_33503_length_539_cov_1023.604545	264	344	173	1	80	0.0125000
NODE_33503_length_539_cov_1023.604545	264	344	174	3	80	0.0375000
NODE_33503_length_539_cov_1023.604545	264	344	175	1	80	0.0125000
NODE_33503_length_539_cov_1023.604545	264	344	176	10	80	0.1250000
NODE_33503_length_539_cov_1023.604545	264	344	177	7	80	0.0875000
NODE_33503_length_539_cov_1023.604545	264	344	178	7	80	0.0875000
NODE_33503_length_539_cov_1023.604545	264	344	179	2	80	0.0250000
NODE_33503_length_539_cov_1023.604545	264	344	180	4	80	0.0500000
NODE_33503_length_539_cov_1023.604545	264	344	181	8	80	0.1000000
NODE_33503_length_539_cov_1023.604545	264	344	182	4	80	0.0500000
NODE_33503_length_539_cov_1023.604545	264	344	184	4	80	0.0500000
NODE_33503_length_539_cov_1023.604545	264	344	186	2	80	0.0250000
NODE_33503_length_539_cov_1023.604545	264	344	187	4	80	0.0500000
NODE_33503_length_539_cov_1023.604545	264	344	188	7	80	0.0875000
NODE_33503_length_539_cov_1023.604545	264	344	189	2	80	0.0250000
NODE_33503_length_539_cov_1023.604545	264	344	190	2	80	0.0250000
NODE_33503_length_539_cov_1023.604545	317	397	173	4	80	0.0500000
NODE_33503_length_539_cov_1023.604545	317	397	174	3	80	0.0375000
NODE_33503_length_539_cov_1023.604545	317	397	175	2	80	0.0250000
NODE_33503_length_539_cov_1023.604545	317	397	176	5	80	0.0625000
NODE_33503_length_539_cov_1023.604545	317	397	177	3	80	0.0375000
NODE_33503_length_539_cov_1023.604545	317	397	178	4	80	0.0500000
NODE_33503_length_539_cov_1023.604545	317	397	179	1	80	0.0125000
NODE_33503_length_539_cov_1023.604545	317	397	180	2	80	0.0250000
NODE_33503_length_539_cov_1023.604545	317	397	181	2	80	0.0250000
NODE_33503_length_539_cov_1023.604545	317	397	182	4	80	0.0500000
NODE_33503_length_539_cov_1023.604545	317	397	183	6	80	0.0750000
NODE_33503_length_539_cov_1023.604545	317	397	184	7	80	0.0875000
NODE_33503_length_539_cov_1023.604545	317	397	185	7	80	0.0875000
NODE_33503_length_539_cov_1023.604545	317	397	186	6	80	0.0750000
NODE_33503_length_539_cov_1023.604545	317	397	187	7	80	0.0875000
NODE_33503_length_539_cov_1023.604545	317	397	188	9	80	0.1125000
NODE_33503_length_539_cov_1023.604545	317	397	189	4	80	0.0500000
NODE_33503_length_539_cov_1023.604545	317	397	190	4	80	0.0500000
NODE_33504_length_539_cov_99.579545	478	539	0	61	61	1.0000000
NODE_33505_length_539_cov_15.247727	217	297	2	14	80	0.1750000
NODE_33505_length_539_cov_15.247727	217	297	3	10	80	0.1250000
NODE_33505_length_539_cov_15.247727	217	297	6	56	80	0.7000000
NODE_33505_length_539_cov_15.247727	270	350	4	17	80	0.2125000
NODE_33505_length_539_cov_15.247727	270	350	5	7	80	0.0875000
NODE_33505_length_539_cov_15.247727	270	350	6	56	80	0.7000000
NODE_33506_length_539_cov_14.172727	278	350	0	14	72	0.1944444
NODE_33506_length_539_cov_14.172727	278	350	1	52	72	0.7222222
NODE_33506_length_539_cov_14.172727	278	350	2	6	72	0.0833333
NODE_33507_length_539_cov_13.154545	118	198	2	49	80	0.6125000
NODE_33507_length_539_cov_13.154545	118	198	3	6	80	0.0750000
NODE_33507_length_539_cov_13.154545	118	198	4	18	80	0.2250000
NODE_33507_length_539_cov_13.154545	118	198	5	1	80	0.0125000
NODE_33507_length_539_cov_13.154545	118	198	6	6	80	0.0750000
NODE_33507_length_539_cov_13.154545	171	251	3	2	80	0.0250000
NODE_33507_length_539_cov_13.154545	171	251	4	60	80	0.7500000
NODE_33507_length_539_cov_13.154545	171	251	5	1	80	0.0125000
NODE_33507_length_539_cov_13.154545	171	251	6	17	80	0.2125000
NODE_33508_length_539_cov_10.811364	48	128	0	66	80	0.8250000
NODE_33508_length_539_cov_10.811364	48	128	1	14	80	0.1750000
NODE_33508_length_539_cov_10.811364	101	181	0	13	80	0.1625000
NODE_33508_length_539_cov_10.811364	101	181	1	67	80	0.8375000
NODE_33509_length_539_cov_9.563636	201	277	0	40	76	0.5263158
NODE_33509_length_539_cov_9.563636	201	277	2	36	76	0.4736842
NODE_33510_length_539_cov_7.934091	311	369	0	58	58	1.0000000
NODE_33510_length_539_cov_7.934091	342	422	0	80	80	1.0000000
NODE_33517_length_539_cov_5.740909	251	319	0	45	68	0.6617647
NODE_33517_length_539_cov_5.740909	251	319	2	23	68	0.3382353
NODE_33517_length_539_cov_5.740909	301	372	2	71	71	1.0000000
NODE_33533_length_539_cov_3.627273	80	157	2	61	77	0.7922078
NODE_33533_length_539_cov_3.627273	80	157	3	12	77	0.1558442
NODE_33533_length_539_cov_3.627273	80	157	4	4	77	0.0519481
NODE_33533_length_539_cov_3.627273	130	175	2	45	45	1.0000000
NODE_33569_length_539_cov_2.143182	325	371	1	36	46	0.7826087
NODE_33569_length_539_cov_2.143182	325	371	2	10	46	0.2173913
NODE_33595_length_539_cov_1.618182	408	456	0	48	48	1.0000000
NODE_33623_length_539_cov_1.129545	97	134	0	37	37	1.0000000
NODE_33669_length_538_cov_23.193622	171	256	2	10	85	0.1176471
NODE_33669_length_538_cov_23.193622	171	256	4	75	85	0.8823529
NODE_33669_length_538_cov_23.193622	225	305	0	11	80	0.1375000
NODE_33669_length_538_cov_23.193622	225	305	2	48	80	0.6000000
NODE_33669_length_538_cov_23.193622	225	305	4	21	80	0.2625000
NODE_33672_length_538_cov_7.378132	145	225	0	80	80	1.0000000
NODE_33672_length_538_cov_7.378132	198	278	0	80	80	1.0000000
NODE_33683_length_538_cov_4.496583	277	357	0	80	80	1.0000000
NODE_33683_length_538_cov_4.496583	330	410	0	80	80	1.0000000
NODE_33687_length_538_cov_3.753986	251	309	0	58	58	1.0000000
NODE_33713_length_538_cov_2.239180	256	338	0	82	82	1.0000000
NODE_33814_length_538_cov_0.822323	397	477	0	15	80	0.1875000
NODE_33814_length_538_cov_0.822323	397	477	1	65	80	0.8125000
NODE_33852_length_537_cov_13.031963	258	309	3	27	51	0.5294118
NODE_33852_length_537_cov_13.031963	258	309	4	24	51	0.4705882
NODE_33854_length_537_cov_9.552511	198	278	0	80	80	1.0000000
NODE_33854_length_537_cov_9.552511	251	332	0	81	81	1.0000000
NODE_33960_length_537_cov_1.244292	107	187	2	1	80	0.0125000
NODE_33960_length_537_cov_1.244292	107	187	4	26	80	0.3250000
NODE_33960_length_537_cov_1.244292	107	187	6	30	80	0.3750000
NODE_33960_length_537_cov_1.244292	107	187	8	5	80	0.0625000
NODE_33960_length_537_cov_1.244292	107	187	10	3	80	0.0375000
NODE_33960_length_537_cov_1.244292	107	187	12	15	80	0.1875000
NODE_34029_length_536_cov_87.622426	430	462	44	1	32	0.0312500
NODE_34029_length_536_cov_87.622426	430	462	46	1	32	0.0312500
NODE_34029_length_536_cov_87.622426	430	462	47	5	32	0.1562500
NODE_34029_length_536_cov_87.622426	430	462	52	1	32	0.0312500
NODE_34029_length_536_cov_87.622426	430	462	54	2	32	0.0625000
NODE_34029_length_536_cov_87.622426	430	462	58	8	32	0.2500000
NODE_34029_length_536_cov_87.622426	430	462	60	5	32	0.1562500
NODE_34029_length_536_cov_87.622426	430	462	62	1	32	0.0312500
NODE_34029_length_536_cov_87.622426	430	462	63	3	32	0.0937500
NODE_34029_length_536_cov_87.622426	430	462	64	1	32	0.0312500
NODE_34029_length_536_cov_87.622426	430	462	65	4	32	0.1250000
NODE_34030_length_536_cov_11.629291	119	199	1	30	80	0.3750000
NODE_34030_length_536_cov_11.629291	119	199	2	50	80	0.6250000
NODE_34030_length_536_cov_11.629291	172	252	2	80	80	1.0000000
NODE_34032_length_536_cov_6.613272	286	372	1	72	86	0.8372093
NODE_34032_length_536_cov_6.613272	286	372	2	14	86	0.1627907
NODE_34035_length_536_cov_5.810069	191	271	0	80	80	1.0000000
NODE_34035_length_536_cov_5.810069	244	324	0	80	80	1.0000000
NODE_34035_length_536_cov_5.810069	374	404	0	30	30	1.0000000
NODE_34039_length_536_cov_4.729977	202	245	0	43	43	1.0000000
NODE_34057_length_536_cov_3.297483	86	126	0	40	40	1.0000000
NODE_34068_length_536_cov_2.796339	223	280	0	57	57	1.0000000
NODE_34094_length_536_cov_1.956522	181	230	4	3	49	0.0612245
NODE_34094_length_536_cov_1.956522	181	230	6	36	49	0.7346939
NODE_34094_length_536_cov_1.956522	181	230	8	10	49	0.2040816
NODE_34095_length_536_cov_1.951945	203	284	0	2	81	0.0246914
NODE_34095_length_536_cov_1.951945	203	284	1	79	81	0.9753087
NODE_34095_length_536_cov_1.951945	306	368	0	13	62	0.2096774
NODE_34095_length_536_cov_1.951945	306	368	1	49	62	0.7903226
NODE_34209_length_535_cov_32.277523	158	238	0	80	80	1.0000000
NODE_34209_length_535_cov_32.277523	211	291	0	77	80	0.9625000
NODE_34209_length_535_cov_32.277523	211	291	1	3	80	0.0375000
NODE_34215_length_535_cov_5.910550	110	162	0	52	52	1.0000000
NODE_34229_length_535_cov_3.795872	217	297	3	10	80	0.1250000
NODE_34229_length_535_cov_3.795872	217	297	5	70	80	0.8750000
NODE_34375_length_534_cov_54.331034	435	498	0	58	63	0.9206349
NODE_34375_length_534_cov_54.331034	435	498	2	1	63	0.0158730
NODE_34375_length_534_cov_54.331034	435	498	10	4	63	0.0634921
NODE_34375_length_534_cov_54.331034	471	534	0	63	63	1.0000000
NODE_34377_length_534_cov_15.462069	460	534	0	74	74	1.0000000
NODE_34377_length_534_cov_15.462069	512	534	0	22	22	1.0000000
NODE_34378_length_534_cov_10.308046	268	348	0	80	80	1.0000000
NODE_34378_length_534_cov_10.308046	321	401	0	80	80	1.0000000
NODE_34380_length_534_cov_9.041379	204	284	3	80	80	1.0000000
NODE_34380_length_534_cov_9.041379	257	332	1	36	75	0.4800000
NODE_34380_length_534_cov_9.041379	257	332	2	6	75	0.0800000
NODE_34380_length_534_cov_9.041379	257	332	3	33	75	0.4400000
NODE_34383_length_534_cov_6.958621	273	303	0	30	30	1.0000000
NODE_34392_length_534_cov_5.022989	291	371	1	39	80	0.4875000
NODE_34392_length_534_cov_5.022989	291	371	2	41	80	0.5125000
NODE_34402_length_534_cov_3.873563	110	190	3	58	80	0.7250000
NODE_34402_length_534_cov_3.873563	110	190	4	20	80	0.2500000
NODE_34402_length_534_cov_3.873563	110	190	5	2	80	0.0250000
NODE_34409_length_534_cov_3.202299	221	301	0	21	80	0.2625000
NODE_34409_length_534_cov_3.202299	221	301	2	18	80	0.2250000
NODE_34409_length_534_cov_3.202299	221	301	3	41	80	0.5125000
NODE_34411_length_534_cov_3.158621	171	200	4	29	29	1.0000000
NODE_34418_length_534_cov_3.002299	175	219	2	44	44	1.0000000
NODE_34489_length_534_cov_1.344828	475	518	0	43	43	1.0000000
NODE_34494_length_534_cov_1.291954	273	336	1	24	63	0.3809524
NODE_34494_length_534_cov_1.291954	273	336	2	39	63	0.6190476
NODE_34511_length_534_cov_1.160920	227	264	0	37	37	1.0000000
NODE_34570_length_533_cov_13.956221	216	296	2	18	80	0.2250000
NODE_34570_length_533_cov_13.956221	216	296	4	62	80	0.7750000
NODE_34570_length_533_cov_13.956221	269	349	2	23	80	0.2875000
NODE_34570_length_533_cov_13.956221	269	349	3	8	80	0.1000000
NODE_34570_length_533_cov_13.956221	269	349	4	49	80	0.6125000
NODE_34575_length_533_cov_8.207373	244	322	1	2	78	0.0256410
NODE_34575_length_533_cov_8.207373	244	322	2	76	78	0.9743590
NODE_34576_length_533_cov_8.023041	230	310	0	80	80	1.0000000
NODE_34576_length_533_cov_8.023041	283	364	0	81	81	1.0000000
NODE_34585_length_533_cov_5.170507	308	369	0	61	61	1.0000000
NODE_34588_length_533_cov_4.988479	229	309	0	45	80	0.5625000
NODE_34588_length_533_cov_4.988479	229	309	1	35	80	0.4375000
NODE_34588_length_533_cov_4.988479	282	362	1	80	80	1.0000000
NODE_34600_length_533_cov_3.638249	201	265	0	64	64	1.0000000
NODE_34603_length_533_cov_3.511521	138	218	0	80	80	1.0000000
NODE_34615_length_533_cov_3.073733	294	340	0	46	46	1.0000000
NODE_34617_length_533_cov_3.052995	256	304	0	48	48	1.0000000
NODE_34631_length_533_cov_2.366359	229	311	0	82	82	1.0000000
NODE_34635_length_533_cov_2.288018	468	490	0	22	22	1.0000000
NODE_34767_length_532_cov_73.279446	0	64	0	64	64	1.0000000
NODE_34768_length_532_cov_23.055427	168	248	2	80	80	1.0000000
NODE_34768_length_532_cov_23.055427	221	301	1	13	80	0.1625000
NODE_34768_length_532_cov_23.055427	221	301	2	67	80	0.8375000
NODE_34769_length_532_cov_22.778291	256	336	1	1	80	0.0125000
NODE_34769_length_532_cov_22.778291	256	336	2	19	80	0.2375000
NODE_34769_length_532_cov_22.778291	256	336	3	60	80	0.7500000
NODE_34769_length_532_cov_22.778291	309	389	1	17	80	0.2125000
NODE_34769_length_532_cov_22.778291	309	389	2	56	80	0.7000000
NODE_34769_length_532_cov_22.778291	309	389	3	7	80	0.0875000
NODE_34770_length_532_cov_13.279446	85	165	0	7	80	0.0875000
NODE_34770_length_532_cov_13.279446	85	165	1	73	80	0.9125000
NODE_34770_length_532_cov_13.279446	138	218	0	9	80	0.1125000
NODE_34770_length_532_cov_13.279446	138	218	1	71	80	0.8875000
NODE_34774_length_532_cov_7.591224	171	235	0	13	64	0.2031250
NODE_34774_length_532_cov_7.591224	171	235	2	17	64	0.2656250
NODE_34774_length_532_cov_7.591224	171	235	4	34	64	0.5312500
NODE_34774_length_532_cov_7.591224	172	235	0	12	63	0.1904762
NODE_34774_length_532_cov_7.591224	172	235	2	17	63	0.2698413
NODE_34774_length_532_cov_7.591224	172	235	4	34	63	0.5396826
NODE_34774_length_532_cov_7.591224	173	226	0	11	53	0.2075472
NODE_34774_length_532_cov_7.591224	173	226	2	17	53	0.3207547
NODE_34774_length_532_cov_7.591224	173	226	4	25	53	0.4716981
NODE_34774_length_532_cov_7.591224	173	228	0	11	55	0.2000000
NODE_34774_length_532_cov_7.591224	173	228	2	17	55	0.3090909
NODE_34774_length_532_cov_7.591224	173	228	4	27	55	0.4909091
NODE_34774_length_532_cov_7.591224	208	282	4	74	74	1.0000000
NODE_34774_length_532_cov_7.591224	208	282	4	74	74	1.0000000
NODE_34774_length_532_cov_7.591224	208	282	4	74	74	1.0000000
NODE_34774_length_532_cov_7.591224	208	282	4	74	74	1.0000000
NODE_34788_length_532_cov_4.524249	84	151	0	67	67	1.0000000
NODE_34788_length_532_cov_4.524249	137	218	0	81	81	1.0000000
NODE_34838_length_532_cov_1.866051	263	309	1	46	46	1.0000000
NODE_34845_length_532_cov_1.757506	126	146	0	20	20	1.0000000
NODE_34948_length_531_cov_35.539352	7	45	0	38	38	1.0000000
NODE_34948_length_531_cov_35.539352	18	98	0	43	80	0.5375000
NODE_34948_length_531_cov_35.539352	18	98	1	26	80	0.3250000
NODE_34948_length_531_cov_35.539352	18	98	3	11	80	0.1375000
NODE_34949_length_531_cov_13.162037	129	209	0	11	80	0.1375000
NODE_34949_length_531_cov_13.162037	129	209	1	18	80	0.2250000
NODE_34949_length_531_cov_13.162037	129	209	2	24	80	0.3000000
NODE_34949_length_531_cov_13.162037	129	209	4	27	80	0.3375000
NODE_34949_length_531_cov_13.162037	182	251	4	69	69	1.0000000
NODE_34953_length_531_cov_6.821759	242	322	0	80	80	1.0000000
NODE_34953_length_531_cov_6.821759	295	375	0	80	80	1.0000000
NODE_34958_length_531_cov_5.261574	261	336	4	8	75	0.1066667
NODE_34958_length_531_cov_5.261574	261	336	6	21	75	0.2800000
NODE_34958_length_531_cov_5.261574	261	336	7	18	75	0.2400000
NODE_34958_length_531_cov_5.261574	261	336	8	28	75	0.3733333
NODE_34958_length_531_cov_5.261574	309	362	2	7	53	0.1320755
NODE_34958_length_531_cov_5.261574	309	362	3	7	53	0.1320755
NODE_34958_length_531_cov_5.261574	309	362	5	9	53	0.1698113
NODE_34958_length_531_cov_5.261574	309	362	7	21	53	0.3962264
NODE_34958_length_531_cov_5.261574	309	362	8	9	53	0.1698113
NODE_34963_length_531_cov_4.527778	177	255	0	25	78	0.3205128
NODE_34963_length_531_cov_4.527778	177	255	2	53	78	0.6794872
NODE_34965_length_531_cov_4.319444	283	363	0	80	80	1.0000000
NODE_34965_length_531_cov_4.319444	336	416	0	80	80	1.0000000
NODE_34979_length_531_cov_3.488426	238	318	0	55	80	0.6875000
NODE_34979_length_531_cov_3.488426	238	318	1	25	80	0.3125000
NODE_34979_length_531_cov_3.488426	291	371	0	80	80	1.0000000
NODE_34980_length_531_cov_3.375000	153	207	0	21	54	0.3888889
NODE_34980_length_531_cov_3.375000	153	207	1	6	54	0.1111111
NODE_34980_length_531_cov_3.375000	153	207	2	6	54	0.1111111
NODE_34980_length_531_cov_3.375000	153	207	4	21	54	0.3888889
NODE_34980_length_531_cov_3.375000	180	260	0	6	80	0.0750000
NODE_34980_length_531_cov_3.375000	180	260	2	7	80	0.0875000
NODE_34980_length_531_cov_3.375000	180	260	4	67	80	0.8375000
NODE_34986_length_531_cov_3.111111	243	323	0	80	80	1.0000000
NODE_34986_length_531_cov_3.111111	296	376	0	80	80	1.0000000
NODE_35008_length_531_cov_2.201389	302	373	0	71	71	1.0000000
NODE_35008_length_531_cov_2.201389	350	426	0	76	76	1.0000000
NODE_35141_length_530_cov_30.605568	250	330	2	3	80	0.0375000
NODE_35141_length_530_cov_30.605568	250	330	4	77	80	0.9625000
NODE_35141_length_530_cov_30.605568	303	383	0	34	80	0.4250000
NODE_35141_length_530_cov_30.605568	303	383	2	22	80	0.2750000
NODE_35141_length_530_cov_30.605568	303	383	4	24	80	0.3000000
NODE_35142_length_530_cov_16.937355	404	484	0	80	80	1.0000000
NODE_35142_length_530_cov_16.937355	457	530	0	73	73	1.0000000
NODE_35143_length_530_cov_9.902552	273	353	3	52	80	0.6500000
NODE_35143_length_530_cov_9.902552	273	353	4	28	80	0.3500000
NODE_35143_length_530_cov_9.902552	326	406	2	52	80	0.6500000
NODE_35143_length_530_cov_9.902552	326	406	3	17	80	0.2125000
NODE_35143_length_530_cov_9.902552	326	406	4	11	80	0.1375000
NODE_35144_length_530_cov_7.928074	46	126	1	58	80	0.7250000
NODE_35144_length_530_cov_7.928074	46	126	2	22	80	0.2750000
NODE_35144_length_530_cov_7.928074	99	179	1	24	80	0.3000000
NODE_35144_length_530_cov_7.928074	99	179	2	56	80	0.7000000
NODE_35150_length_530_cov_4.647332	188	268	0	80	80	1.0000000
NODE_35150_length_530_cov_4.647332	241	321	0	80	80	1.0000000
NODE_35154_length_530_cov_4.389791	162	242	4	5	80	0.0625000
NODE_35154_length_530_cov_4.389791	162	242	6	51	80	0.6375000
NODE_35154_length_530_cov_4.389791	162	242	8	24	80	0.3000000
NODE_35159_length_530_cov_4.046404	76	111	0	35	35	1.0000000
NODE_35319_length_529_cov_38.983721	140	220	5	24	80	0.3000000
NODE_35319_length_529_cov_38.983721	140	220	6	5	80	0.0625000
NODE_35319_length_529_cov_38.983721	140	220	7	51	80	0.6375000
NODE_35320_length_529_cov_18.223256	189	269	3	3	80	0.0375000
NODE_35320_length_529_cov_18.223256	189	269	4	25	80	0.3125000
NODE_35320_length_529_cov_18.223256	189	269	5	52	80	0.6500000
NODE_35320_length_529_cov_18.223256	242	322	3	15	80	0.1875000
NODE_35320_length_529_cov_18.223256	242	322	4	7	80	0.0875000
NODE_35320_length_529_cov_18.223256	242	322	5	58	80	0.7250000
NODE_35321_length_529_cov_17.009302	358	438	7	19	80	0.2375000
NODE_35321_length_529_cov_17.009302	358	438	9	9	80	0.1125000
NODE_35321_length_529_cov_17.009302	358	438	11	24	80	0.3000000
NODE_35321_length_529_cov_17.009302	358	438	12	28	80	0.3500000
NODE_35321_length_529_cov_17.009302	411	491	0	4	80	0.0500000
NODE_35321_length_529_cov_17.009302	411	491	1	24	80	0.3000000
NODE_35321_length_529_cov_17.009302	411	491	3	4	80	0.0500000
NODE_35321_length_529_cov_17.009302	411	491	5	5	80	0.0625000
NODE_35321_length_529_cov_17.009302	411	491	6	7	80	0.0875000
NODE_35321_length_529_cov_17.009302	411	491	9	4	80	0.0500000
NODE_35321_length_529_cov_17.009302	411	491	11	26	80	0.3250000
NODE_35321_length_529_cov_17.009302	411	491	12	6	80	0.0750000
NODE_35331_length_529_cov_6.195349	211	291	0	80	80	1.0000000
NODE_35331_length_529_cov_6.195349	264	322	0	58	58	1.0000000
NODE_35336_length_529_cov_5.176744	139	207	0	68	68	1.0000000
NODE_35336_length_529_cov_5.176744	185	260	0	75	75	1.0000000
NODE_35364_length_529_cov_2.883721	223	281	0	58	58	1.0000000
NODE_35374_length_529_cov_2.660465	89	168	0	79	79	1.0000000
NODE_35375_length_529_cov_2.595349	278	321	0	43	43	1.0000000
NODE_35384_length_529_cov_2.272093	247	313	0	66	66	1.0000000
NODE_35427_length_529_cov_1.597674	289	332	0	43	43	1.0000000
NODE_35521_length_528_cov_25.808858	233	313	1	4	80	0.0500000
NODE_35521_length_528_cov_25.808858	233	313	2	19	80	0.2375000
NODE_35521_length_528_cov_25.808858	233	313	3	25	80	0.3125000
NODE_35521_length_528_cov_25.808858	233	313	4	32	80	0.4000000
NODE_35521_length_528_cov_25.808858	286	366	3	25	80	0.3125000
NODE_35521_length_528_cov_25.808858	286	366	4	2	80	0.0250000
NODE_35521_length_528_cov_25.808858	286	366	5	53	80	0.6625000
NODE_35522_length_528_cov_17.331002	219	299	0	27	80	0.3375000
NODE_35522_length_528_cov_17.331002	219	299	2	53	80	0.6625000
NODE_35522_length_528_cov_17.331002	272	352	2	80	80	1.0000000
NODE_35523_length_528_cov_16.165501	262	342	3	36	80	0.4500000
NODE_35523_length_528_cov_16.165501	262	342	4	26	80	0.3250000
NODE_35523_length_528_cov_16.165501	262	342	6	18	80	0.2250000
NODE_35523_length_528_cov_16.165501	315	395	4	20	80	0.2500000
NODE_35523_length_528_cov_16.165501	315	395	5	15	80	0.1875000
NODE_35523_length_528_cov_16.165501	315	395	6	45	80	0.5625000
NODE_35529_length_528_cov_5.776224	204	284	2	3	80	0.0375000
NODE_35529_length_528_cov_5.776224	204	284	4	77	80	0.9625000
NODE_35529_length_528_cov_5.776224	257	337	0	21	80	0.2625000
NODE_35529_length_528_cov_5.776224	257	337	1	1	80	0.0125000
NODE_35529_length_528_cov_5.776224	257	337	2	20	80	0.2500000
NODE_35529_length_528_cov_5.776224	257	337	3	5	80	0.0625000
NODE_35529_length_528_cov_5.776224	257	337	4	33	80	0.4125000
NODE_35542_length_528_cov_4.016317	235	315	2	15	80	0.1875000
NODE_35542_length_528_cov_4.016317	235	315	3	43	80	0.5375000
NODE_35542_length_528_cov_4.016317	235	315	4	22	80	0.2750000
NODE_35542_length_528_cov_4.016317	288	368	2	2	80	0.0250000
NODE_35542_length_528_cov_4.016317	288	368	3	78	80	0.9750000
NODE_35545_length_528_cov_3.799534	144	192	0	48	48	1.0000000
NODE_35561_length_528_cov_2.902098	252	305	0	53	53	1.0000000
NODE_35575_length_528_cov_2.324009	137	188	2	51	51	1.0000000
NODE_35575_length_528_cov_2.324009	161	241	0	45	80	0.5625000
NODE_35575_length_528_cov_2.324009	161	241	2	35	80	0.4375000
NODE_35597_length_528_cov_1.755245	268	348	2	3	80	0.0375000
NODE_35597_length_528_cov_1.755245	268	348	4	51	80	0.6375000
NODE_35597_length_528_cov_1.755245	268	348	5	26	80	0.3250000
NODE_35597_length_528_cov_1.755245	321	401	1	8	80	0.1000000
NODE_35597_length_528_cov_1.755245	321	401	3	7	80	0.0875000
NODE_35597_length_528_cov_1.755245	321	401	4	1	80	0.0125000
NODE_35597_length_528_cov_1.755245	321	401	5	64	80	0.8000000
NODE_35687_length_527_cov_19.247664	306	386	6	13	80	0.1625000
NODE_35687_length_527_cov_19.247664	306	386	7	16	80	0.2000000
NODE_35687_length_527_cov_19.247664	306	386	8	51	80	0.6375000
NODE_35687_length_527_cov_19.247664	359	439	3	13	80	0.1625000
NODE_35687_length_527_cov_19.247664	359	439	4	12	80	0.1500000
NODE_35687_length_527_cov_19.247664	359	439	5	19	80	0.2375000
NODE_35687_length_527_cov_19.247664	359	439	6	22	80	0.2750000
NODE_35687_length_527_cov_19.247664	359	439	7	14	80	0.1750000
NODE_35688_length_527_cov_15.974299	250	349	0	99	99	1.0000000
NODE_35688_length_527_cov_15.974299	322	402	0	80	80	1.0000000
NODE_35691_length_527_cov_8.221963	235	315	0	5	80	0.0625000
NODE_35691_length_527_cov_8.221963	235	315	2	75	80	0.9375000
NODE_35691_length_527_cov_8.221963	288	368	0	58	80	0.7250000
NODE_35691_length_527_cov_8.221963	288	368	2	22	80	0.2750000
NODE_35693_length_527_cov_7.200935	190	270	0	80	80	1.0000000
NODE_35693_length_527_cov_7.200935	243	346	0	103	103	1.0000000
NODE_35693_length_527_cov_7.200935	342	422	0	80	80	1.0000000
NODE_35693_length_527_cov_7.200935	395	475	0	80	80	1.0000000
NODE_35696_length_527_cov_6.862150	279	359	1	2	80	0.0250000
NODE_35696_length_527_cov_6.862150	279	359	3	78	80	0.9750000
NODE_35697_length_527_cov_6.046729	155	235	0	80	80	1.0000000
NODE_35697_length_527_cov_6.046729	208	288	0	80	80	1.0000000
NODE_35736_length_527_cov_2.238318	226	306	2	48	80	0.6000000
NODE_35736_length_527_cov_2.238318	226	306	3	32	80	0.4000000
NODE_35858_length_526_cov_50.866511	169	242	1	35	73	0.4794520
NODE_35858_length_526_cov_50.866511	169	242	2	12	73	0.1643836
NODE_35858_length_526_cov_50.866511	169	242	3	4	73	0.0547945
NODE_35858_length_526_cov_50.866511	169	242	4	22	73	0.3013699
NODE_35858_length_526_cov_50.866511	215	295	2	1	80	0.0125000
NODE_35858_length_526_cov_50.866511	215	295	3	4	80	0.0500000
NODE_35858_length_526_cov_50.866511	215	295	4	29	80	0.3625000
NODE_35858_length_526_cov_50.866511	215	295	5	24	80	0.3000000
NODE_35858_length_526_cov_50.866511	215	295	6	22	80	0.2750000
NODE_35858_length_526_cov_50.866511	291	371	5	23	80	0.2875000
NODE_35858_length_526_cov_50.866511	291	371	6	19	80	0.2375000
NODE_35858_length_526_cov_50.866511	291	371	7	38	80	0.4750000
NODE_35858_length_526_cov_50.866511	344	424	2	1	80	0.0125000
NODE_35858_length_526_cov_50.866511	344	424	3	24	80	0.3000000
NODE_35858_length_526_cov_50.866511	344	424	4	28	80	0.3500000
NODE_35858_length_526_cov_50.866511	344	424	5	5	80	0.0625000
NODE_35858_length_526_cov_50.866511	344	424	6	12	80	0.1500000
NODE_35858_length_526_cov_50.866511	344	424	7	10	80	0.1250000
NODE_35860_length_526_cov_26.395785	315	395	1	5	80	0.0625000
NODE_35860_length_526_cov_26.395785	315	395	2	75	80	0.9375000
NODE_35860_length_526_cov_26.395785	368	448	2	80	80	1.0000000
NODE_35861_length_526_cov_16.611241	305	385	0	1	80	0.0125000
NODE_35861_length_526_cov_16.611241	305	385	2	79	80	0.9875000
NODE_35861_length_526_cov_16.611241	358	438	2	80	80	1.0000000
NODE_35866_length_526_cov_6.215457	303	351	0	19	48	0.3958333
NODE_35866_length_526_cov_6.215457	303	351	1	25	48	0.5208333
NODE_35866_length_526_cov_6.215457	303	351	2	4	48	0.0833333
NODE_35877_length_526_cov_3.936768	118	142	0	24	24	1.0000000
NODE_35877_length_526_cov_3.936768	118	163	0	45	45	1.0000000
NODE_35901_length_526_cov_2.466042	138	184	0	46	46	1.0000000
NODE_36055_length_525_cov_33.910798	98	178	0	62	80	0.7750000
NODE_36055_length_525_cov_33.910798	98	178	1	9	80	0.1125000
NODE_36055_length_525_cov_33.910798	98	178	2	3	80	0.0375000
NODE_36055_length_525_cov_33.910798	98	178	3	6	80	0.0750000
NODE_36055_length_525_cov_33.910798	151	231	0	9	80	0.1125000
NODE_36055_length_525_cov_33.910798	151	231	1	9	80	0.1125000
NODE_36055_length_525_cov_33.910798	151	231	2	3	80	0.0375000
NODE_36055_length_525_cov_33.910798	151	231	3	59	80	0.7375000
NODE_36055_length_525_cov_33.910798	159	231	0	1	72	0.0138889
NODE_36055_length_525_cov_33.910798	159	231	1	9	72	0.1250000
NODE_36055_length_525_cov_33.910798	159	231	2	3	72	0.0416667
NODE_36055_length_525_cov_33.910798	159	231	3	59	72	0.8194444
NODE_36058_length_525_cov_8.788732	175	255	1	1	80	0.0125000
NODE_36058_length_525_cov_8.788732	175	255	2	17	80	0.2125000
NODE_36058_length_525_cov_8.788732	175	255	3	62	80	0.7750000
NODE_36058_length_525_cov_8.788732	228	308	3	31	80	0.3875000
NODE_36058_length_525_cov_8.788732	228	308	4	7	80	0.0875000
NODE_36058_length_525_cov_8.788732	228	308	5	42	80	0.5250000
NODE_36059_length_525_cov_7.880282	242	285	0	43	43	1.0000000
NODE_36098_length_525_cov_2.417840	229	306	0	77	77	1.0000000
NODE_36230_length_524_cov_21.649412	262	342	1	80	80	1.0000000
NODE_36230_length_524_cov_21.649412	315	395	0	46	80	0.5750000
NODE_36230_length_524_cov_21.649412	315	395	1	34	80	0.4250000
NODE_36231_length_524_cov_14.131765	136	201	0	65	65	1.0000000
NODE_36232_length_524_cov_10.392941	237	317	2	20	80	0.2500000
NODE_36232_length_524_cov_10.392941	237	317	3	16	80	0.2000000
NODE_36232_length_524_cov_10.392941	237	317	4	23	80	0.2875000
NODE_36232_length_524_cov_10.392941	237	317	5	19	80	0.2375000
NODE_36232_length_524_cov_10.392941	237	317	6	2	80	0.0250000
NODE_36232_length_524_cov_10.392941	290	370	4	6	80	0.0750000
NODE_36232_length_524_cov_10.392941	290	370	5	19	80	0.2375000
NODE_36232_length_524_cov_10.392941	290	370	6	55	80	0.6875000
NODE_36262_length_524_cov_3.221176	195	272	0	77	77	1.0000000
NODE_36262_length_524_cov_3.221176	253	324	0	71	71	1.0000000
NODE_36264_length_524_cov_3.148235	317	397	2	80	80	1.0000000
NODE_36410_length_523_cov_113.438679	0	48	0	48	48	1.0000000
NODE_36410_length_523_cov_113.438679	14	69	0	34	55	0.6181818
NODE_36410_length_523_cov_113.438679	14	69	1	11	55	0.2000000
NODE_36410_length_523_cov_113.438679	14	69	3	10	55	0.1818182
NODE_36410_length_523_cov_113.438679	25	101	0	23	76	0.3026316
NODE_36410_length_523_cov_113.438679	25	101	1	11	76	0.1447368
NODE_36410_length_523_cov_113.438679	25	101	3	14	76	0.1842105
NODE_36410_length_523_cov_113.438679	25	101	4	28	76	0.3684210
NODE_36410_length_523_cov_113.438679	105	181	4	13	76	0.1710526
NODE_36410_length_523_cov_113.438679	105	181	5	23	76	0.3026316
NODE_36410_length_523_cov_113.438679	105	181	6	14	76	0.1842105
NODE_36410_length_523_cov_113.438679	105	181	7	1	76	0.0131579
NODE_36410_length_523_cov_113.438679	105	181	8	11	76	0.1447368
NODE_36410_length_523_cov_113.438679	105	181	9	14	76	0.1842105
NODE_36410_length_523_cov_113.438679	154	234	6	6	80	0.0750000
NODE_36410_length_523_cov_113.438679	154	234	7	12	80	0.1500000
NODE_36410_length_523_cov_113.438679	154	234	8	12	80	0.1500000
NODE_36410_length_523_cov_113.438679	154	234	9	50	80	0.6250000
NODE_36410_length_523_cov_113.438679	312	355	4	2	43	0.0465116
NODE_36410_length_523_cov_113.438679	312	355	5	16	43	0.3720930
NODE_36410_length_523_cov_113.438679	312	355	6	13	43	0.3023256
NODE_36410_length_523_cov_113.438679	312	355	7	12	43	0.2790698
NODE_36412_length_523_cov_64.695755	35	115	0	80	80	1.0000000
NODE_36412_length_523_cov_64.695755	88	168	0	80	80	1.0000000
NODE_36414_length_523_cov_20.724057	235	315	0	10	80	0.1250000
NODE_36414_length_523_cov_20.724057	235	315	2	70	80	0.8750000
NODE_36414_length_523_cov_20.724057	288	368	0	18	80	0.2250000
NODE_36414_length_523_cov_20.724057	288	368	2	62	80	0.7750000
NODE_36415_length_523_cov_18.500000	164	244	5	13	80	0.1625000
NODE_36415_length_523_cov_18.500000	164	244	6	45	80	0.5625000
NODE_36415_length_523_cov_18.500000	164	244	7	22	80	0.2750000
NODE_36415_length_523_cov_18.500000	217	297	4	19	80	0.2375000
NODE_36415_length_523_cov_18.500000	217	297	5	10	80	0.1250000
NODE_36415_length_523_cov_18.500000	217	297	6	27	80	0.3375000
NODE_36415_length_523_cov_18.500000	217	297	7	24	80	0.3000000
NODE_36416_length_523_cov_15.216981	62	142	0	72	80	0.9000000
NODE_36416_length_523_cov_15.216981	62	142	2	8	80	0.1000000
NODE_36416_length_523_cov_15.216981	115	195	0	19	80	0.2375000
NODE_36416_length_523_cov_15.216981	115	195	2	61	80	0.7625000
NODE_36417_length_523_cov_10.575472	157	183	5	26	26	1.0000000
NODE_36418_length_523_cov_9.962264	212	292	1	30	80	0.3750000
NODE_36418_length_523_cov_9.962264	212	292	2	50	80	0.6250000
NODE_36418_length_523_cov_9.962264	265	345	0	8	80	0.1000000
NODE_36418_length_523_cov_9.962264	265	345	1	72	80	0.9000000
NODE_36427_length_523_cov_4.943396	108	188	4	26	80	0.3250000
NODE_36427_length_523_cov_4.943396	108	188	5	1	80	0.0125000
NODE_36427_length_523_cov_4.943396	108	188	6	1	80	0.0125000
NODE_36427_length_523_cov_4.943396	108	188	7	52	80	0.6500000
NODE_36427_length_523_cov_4.943396	161	241	5	14	80	0.1750000
NODE_36427_length_523_cov_4.943396	161	241	6	10	80	0.1250000
NODE_36427_length_523_cov_4.943396	161	241	7	56	80	0.7000000
NODE_36429_length_523_cov_4.787736	110	141	1	31	31	1.0000000
NODE_36429_length_523_cov_4.787736	131	194	1	11	63	0.1746032
NODE_36429_length_523_cov_4.787736	131	194	2	52	63	0.8253968
NODE_36439_length_523_cov_3.792453	139	219	0	5	80	0.0625000
NODE_36439_length_523_cov_3.792453	139	219	1	20	80	0.2500000
NODE_36439_length_523_cov_3.792453	139	219	2	45	80	0.5625000
NODE_36439_length_523_cov_3.792453	139	219	4	10	80	0.1250000
NODE_36439_length_523_cov_3.792453	192	272	2	17	80	0.2125000
NODE_36439_length_523_cov_3.792453	192	272	4	63	80	0.7875000
NODE_36481_length_523_cov_2.259434	337	372	0	35	35	1.0000000
NODE_36490_length_523_cov_2.096698	307	351	0	30	44	0.6818182
NODE_36490_length_523_cov_2.096698	307	351	1	9	44	0.2045455
NODE_36490_length_523_cov_2.096698	307	351	2	5	44	0.1136364
NODE_36518_length_523_cov_1.700472	176	195	0	19	19	1.0000000
NODE_36632_length_522_cov_33.579196	55	135	9	6	80	0.0750000
NODE_36632_length_522_cov_33.579196	55	135	10	12	80	0.1500000
NODE_36632_length_522_cov_33.579196	55	135	11	62	80	0.7750000
NODE_36632_length_522_cov_33.579196	108	188	5	2	80	0.0250000
NODE_36632_length_522_cov_33.579196	108	188	6	1	80	0.0125000
NODE_36632_length_522_cov_33.579196	108	188	7	16	80	0.2000000
NODE_36632_length_522_cov_33.579196	108	188	11	48	80	0.6000000
NODE_36632_length_522_cov_33.579196	108	188	12	5	80	0.0625000
NODE_36632_length_522_cov_33.579196	108	188	13	2	80	0.0250000
NODE_36632_length_522_cov_33.579196	108	188	14	6	80	0.0750000
NODE_36634_length_522_cov_12.851064	266	342	0	18	76	0.2368421
NODE_36634_length_522_cov_12.851064	266	342	2	58	76	0.7631579
NODE_36634_length_522_cov_12.851064	319	395	0	71	76	0.9342105
NODE_36634_length_522_cov_12.851064	319	395	2	5	76	0.0657895
NODE_36637_length_522_cov_7.349882	212	283	4	5	71	0.0704225
NODE_36637_length_522_cov_7.349882	212	283	5	4	71	0.0563380
NODE_36637_length_522_cov_7.349882	212	283	6	62	71	0.8732395
NODE_36637_length_522_cov_7.349882	400	469	3	69	69	1.0000000
NODE_36670_length_522_cov_2.933806	178	258	0	80	80	1.0000000
NODE_36670_length_522_cov_2.933806	231	311	0	80	80	1.0000000
NODE_36676_length_522_cov_2.661939	187	241	0	54	54	1.0000000
NODE_36820_length_521_cov_9.303318	106	186	2	11	80	0.1375000
NODE_36820_length_521_cov_9.303318	106	186	4	69	80	0.8625000
NODE_36820_length_521_cov_9.303318	159	239	2	11	80	0.1375000
NODE_36820_length_521_cov_9.303318	159	239	4	69	80	0.8625000
NODE_36832_length_521_cov_4.971564	218	298	0	75	80	0.9375000
NODE_36832_length_521_cov_4.971564	218	298	2	5	80	0.0625000
NODE_36832_length_521_cov_4.971564	271	351	0	80	80	1.0000000
NODE_36845_length_521_cov_3.504739	113	191	0	78	78	1.0000000
NODE_36845_length_521_cov_3.504739	164	205	0	41	41	1.0000000
NODE_36848_length_521_cov_3.324645	158	244	0	86	86	1.0000000
NODE_36848_length_521_cov_3.324645	217	280	0	63	63	1.0000000
NODE_36916_length_521_cov_1.613744	165	227	2	62	62	1.0000000
NODE_37036_length_520_cov_50.676960	0	75	0	75	75	1.0000000
NODE_37036_length_520_cov_50.676960	48	128	0	64	80	0.8000000
NODE_37036_length_520_cov_50.676960	48	128	1	1	80	0.0125000
NODE_37036_length_520_cov_50.676960	48	128	2	15	80	0.1875000
NODE_37036_length_520_cov_50.676960	124	204	2	11	80	0.1375000
NODE_37036_length_520_cov_50.676960	124	204	6	69	80	0.8625000
NODE_37036_length_520_cov_50.676960	177	257	2	2	80	0.0250000
NODE_37036_length_520_cov_50.676960	177	257	6	78	80	0.9750000
NODE_37037_length_520_cov_43.294537	10	90	1	80	80	1.0000000
NODE_37037_length_520_cov_43.294537	10	90	1	80	80	1.0000000
NODE_37037_length_520_cov_43.294537	10	90	1	80	80	1.0000000
NODE_37037_length_520_cov_43.294537	10	90	1	80	80	1.0000000
NODE_37037_length_520_cov_43.294537	10	90	1	80	80	1.0000000
NODE_37037_length_520_cov_43.294537	10	90	1	80	80	1.0000000
NODE_37037_length_520_cov_43.294537	63	129	1	66	66	1.0000000
NODE_37037_length_520_cov_43.294537	63	142	1	79	79	1.0000000
NODE_37037_length_520_cov_43.294537	63	143	1	80	80	1.0000000
NODE_37037_length_520_cov_43.294537	63	133	1	70	70	1.0000000
NODE_37037_length_520_cov_43.294537	66	133	1	67	67	1.0000000
NODE_37037_length_520_cov_43.294537	68	143	1	75	75	1.0000000
NODE_37038_length_520_cov_29.427553	224	304	0	10	80	0.1250000
NODE_37038_length_520_cov_29.427553	224	304	1	1	80	0.0125000
NODE_37038_length_520_cov_29.427553	224	304	3	35	80	0.4375000
NODE_37038_length_520_cov_29.427553	224	304	5	16	80	0.2000000
NODE_37038_length_520_cov_29.427553	224	304	6	18	80	0.2250000
NODE_37038_length_520_cov_29.427553	277	357	5	38	80	0.4750000
NODE_37038_length_520_cov_29.427553	277	357	6	33	80	0.4125000
NODE_37038_length_520_cov_29.427553	277	357	7	9	80	0.1125000
NODE_37038_length_520_cov_29.427553	353	433	2	4	80	0.0500000
NODE_37038_length_520_cov_29.427553	353	433	3	22	80	0.2750000
NODE_37038_length_520_cov_29.427553	353	433	4	45	80	0.5625000
NODE_37038_length_520_cov_29.427553	353	433	5	9	80	0.1125000
NODE_37038_length_520_cov_29.427553	406	486	2	17	80	0.2125000
NODE_37038_length_520_cov_29.427553	406	486	3	35	80	0.4375000
NODE_37038_length_520_cov_29.427553	406	486	4	28	80	0.3500000
NODE_37039_length_520_cov_14.365796	103	183	0	80	80	1.0000000
NODE_37039_length_520_cov_14.365796	156	237	0	81	81	1.0000000
NODE_37059_length_520_cov_4.121140	79	159	0	80	80	1.0000000
NODE_37059_length_520_cov_4.121140	132	212	0	80	80	1.0000000
NODE_37063_length_520_cov_3.900238	203	233	0	30	30	1.0000000
NODE_37235_length_519_cov_42.842857	8	88	0	25	80	0.3125000
NODE_37235_length_519_cov_42.842857	8	88	2	17	80	0.2125000
NODE_37235_length_519_cov_42.842857	8	88	4	38	80	0.4750000
NODE_37235_length_519_cov_42.842857	61	139	2	2	78	0.0256410
NODE_37235_length_519_cov_42.842857	61	139	4	76	78	0.9743590
NODE_37236_length_519_cov_19.269048	284	363	3	55	79	0.6962025
NODE_37236_length_519_cov_19.269048	284	363	4	24	79	0.3037975
NODE_37236_length_519_cov_19.269048	336	416	0	23	80	0.2875000
NODE_37236_length_519_cov_19.269048	336	416	1	5	80	0.0625000
NODE_37236_length_519_cov_19.269048	336	416	2	12	80	0.1500000
NODE_37236_length_519_cov_19.269048	336	416	3	40	80	0.5000000
NODE_37237_length_519_cov_8.500000	195	267	0	72	72	1.0000000
NODE_37245_length_519_cov_5.169048	282	346	0	64	64	1.0000000
NODE_37290_length_519_cov_2.783333	174	235	0	60	61	0.9836066
NODE_37290_length_519_cov_2.783333	174	235	2	1	61	0.0163934
NODE_37349_length_519_cov_1.538095	147	213	1	17	66	0.2575758
NODE_37349_length_519_cov_1.538095	147	213	2	49	66	0.7424242
NODE_37447_length_518_cov_40.026253	385	465	2	4	80	0.0500000
NODE_37447_length_518_cov_40.026253	385	465	3	1	80	0.0125000
NODE_37447_length_518_cov_40.026253	385	465	4	75	80	0.9375000
NODE_37447_length_518_cov_40.026253	438	518	0	30	80	0.3750000
NODE_37447_length_518_cov_40.026253	438	518	2	27	80	0.3375000
NODE_37447_length_518_cov_40.026253	438	518	3	1	80	0.0125000
NODE_37447_length_518_cov_40.026253	438	518	4	22	80	0.2750000
NODE_37449_length_518_cov_12.083532	144	224	0	38	80	0.4750000
NODE_37449_length_518_cov_12.083532	144	224	2	42	80	0.5250000
NODE_37449_length_518_cov_12.083532	197	277	0	3	80	0.0375000
NODE_37449_length_518_cov_12.083532	197	277	2	77	80	0.9625000
NODE_37449_length_518_cov_12.083532	407	481	0	74	74	1.0000000
NODE_37449_length_518_cov_12.083532	454	518	0	64	64	1.0000000
NODE_37450_length_518_cov_11.467780	171	200	0	29	29	1.0000000
NODE_37450_length_518_cov_11.467780	253	320	0	67	67	1.0000000
NODE_37450_length_518_cov_11.467780	253	282	0	29	29	1.0000000
NODE_37454_length_518_cov_7.441527	188	273	0	85	85	1.0000000
NODE_37461_length_518_cov_5.563246	315	366	0	9	51	0.1764706
NODE_37461_length_518_cov_5.563246	315	366	1	42	51	0.8235294
NODE_37461_length_518_cov_5.563246	339	383	1	44	44	1.0000000
NODE_37465_length_518_cov_4.732697	214	276	0	62	62	1.0000000
NODE_37465_length_518_cov_4.732697	350	430	0	80	80	1.0000000
NODE_37479_length_518_cov_3.503580	291	333	0	42	42	1.0000000
NODE_37479_length_518_cov_3.503580	306	363	0	57	57	1.0000000
NODE_37483_length_518_cov_3.136038	269	338	0	22	69	0.3188406
NODE_37483_length_518_cov_3.136038	269	338	1	10	69	0.1449275
NODE_37483_length_518_cov_3.136038	269	338	3	10	69	0.1449275
NODE_37483_length_518_cov_3.136038	269	338	4	9	69	0.1304348
NODE_37483_length_518_cov_3.136038	269	338	5	18	69	0.2608696
NODE_37483_length_518_cov_3.136038	269	348	0	22	79	0.2784810
NODE_37483_length_518_cov_3.136038	269	348	1	10	79	0.1265823
NODE_37483_length_518_cov_3.136038	269	348	3	10	79	0.1265823
NODE_37483_length_518_cov_3.136038	269	348	4	9	79	0.1139240
NODE_37483_length_518_cov_3.136038	269	348	5	28	79	0.3544304
NODE_37483_length_518_cov_3.136038	269	349	0	22	80	0.2750000
NODE_37483_length_518_cov_3.136038	269	349	1	10	80	0.1250000
NODE_37483_length_518_cov_3.136038	269	349	3	10	80	0.1250000
NODE_37483_length_518_cov_3.136038	269	349	4	9	80	0.1125000
NODE_37483_length_518_cov_3.136038	269	349	5	29	80	0.3625000
NODE_37483_length_518_cov_3.136038	322	402	3	16	80	0.2000000
NODE_37483_length_518_cov_3.136038	322	402	5	64	80	0.8000000
NODE_37483_length_518_cov_3.136038	322	364	5	42	42	1.0000000
NODE_37483_length_518_cov_3.136038	322	368	5	46	46	1.0000000
NODE_37483_length_518_cov_3.136038	331	366	5	35	35	1.0000000
NODE_37637_length_517_cov_55.267943	177	257	2	10	80	0.1250000
NODE_37637_length_517_cov_55.267943	177	257	4	7	80	0.0875000
NODE_37637_length_517_cov_55.267943	177	257	6	25	80	0.3125000
NODE_37637_length_517_cov_55.267943	177	257	8	14	80	0.1750000
NODE_37637_length_517_cov_55.267943	177	257	9	1	80	0.0125000
NODE_37637_length_517_cov_55.267943	177	257	10	16	80	0.2000000
NODE_37637_length_517_cov_55.267943	177	257	11	7	80	0.0875000
NODE_37637_length_517_cov_55.267943	230	310	7	1	80	0.0125000
NODE_37637_length_517_cov_55.267943	230	310	8	35	80	0.4375000
NODE_37637_length_517_cov_55.267943	230	310	9	1	80	0.0125000
NODE_37637_length_517_cov_55.267943	230	310	10	32	80	0.4000000
NODE_37637_length_517_cov_55.267943	230	310	11	11	80	0.1375000
NODE_37639_length_517_cov_30.863636	0	72	0	21	72	0.2916667
NODE_37639_length_517_cov_30.863636	0	72	1	24	72	0.3333333
NODE_37639_length_517_cov_30.863636	0	72	2	11	72	0.1527778
NODE_37639_length_517_cov_30.863636	0	72	3	3	72	0.0416667
NODE_37639_length_517_cov_30.863636	0	72	4	13	72	0.1805556
NODE_37639_length_517_cov_30.863636	0	72	0	21	72	0.2916667
NODE_37639_length_517_cov_30.863636	0	72	1	24	72	0.3333333
NODE_37639_length_517_cov_30.863636	0	72	2	11	72	0.1527778
NODE_37639_length_517_cov_30.863636	0	72	3	3	72	0.0416667
NODE_37639_length_517_cov_30.863636	0	72	4	13	72	0.1805556
NODE_37639_length_517_cov_30.863636	45	125	2	11	80	0.1375000
NODE_37639_length_517_cov_30.863636	45	125	3	3	80	0.0375000
NODE_37639_length_517_cov_30.863636	45	125	4	42	80	0.5250000
NODE_37639_length_517_cov_30.863636	45	125	5	24	80	0.3000000
NODE_37639_length_517_cov_30.863636	45	99	2	11	54	0.2037037
NODE_37639_length_517_cov_30.863636	45	99	3	3	54	0.0555556
NODE_37639_length_517_cov_30.863636	45	99	4	40	54	0.7407407
NODE_37641_length_517_cov_12.258373	305	385	2	26	80	0.3250000
NODE_37641_length_517_cov_12.258373	305	385	3	17	80	0.2125000
NODE_37641_length_517_cov_12.258373	305	385	4	37	80	0.4625000
NODE_37641_length_517_cov_12.258373	358	438	3	44	80	0.5500000
NODE_37641_length_517_cov_12.258373	358	438	4	36	80	0.4500000
NODE_37643_length_517_cov_7.131579	100	152	2	52	52	1.0000000
NODE_37662_length_517_cov_4.492823	140	220	2	80	80	1.0000000
NODE_37662_length_517_cov_4.492823	193	273	0	1	80	0.0125000
NODE_37662_length_517_cov_4.492823	193	273	1	5	80	0.0625000
NODE_37662_length_517_cov_4.492823	193	273	2	61	80	0.7625000
NODE_37662_length_517_cov_4.492823	193	273	4	13	80	0.1625000
NODE_37697_length_517_cov_2.437799	331	388	0	57	57	1.0000000
NODE_37850_length_516_cov_17.570743	147	227	0	80	80	1.0000000
NODE_37850_length_516_cov_17.570743	200	280	0	80	80	1.0000000
NODE_37861_length_516_cov_5.268585	402	448	2	46	46	1.0000000
NODE_37862_length_516_cov_5.067146	114	194	2	80	80	1.0000000
NODE_37862_length_516_cov_5.067146	167	247	0	13	80	0.1625000
NODE_37862_length_516_cov_5.067146	167	247	2	67	80	0.8375000
NODE_37864_length_516_cov_4.788969	156	236	0	61	80	0.7625000
NODE_37864_length_516_cov_4.788969	156	236	2	19	80	0.2375000
NODE_37864_length_516_cov_4.788969	209	277	0	68	68	1.0000000
NODE_37881_length_516_cov_3.167866	48	93	1	1	45	0.0222222
NODE_37881_length_516_cov_3.167866	48	93	7	2	45	0.0444444
NODE_37881_length_516_cov_3.167866	48	93	8	3	45	0.0666667
NODE_37881_length_516_cov_3.167866	48	93	10	3	45	0.0666667
NODE_37881_length_516_cov_3.167866	48	93	13	36	45	0.8000000
NODE_37881_length_516_cov_3.167866	103	177	0	21	74	0.2837838
NODE_37881_length_516_cov_3.167866	103	177	1	1	74	0.0135135
NODE_37881_length_516_cov_3.167866	103	177	11	1	74	0.0135135
NODE_37881_length_516_cov_3.167866	103	177	12	33	74	0.4459459
NODE_37881_length_516_cov_3.167866	103	177	13	18	74	0.2432432
NODE_38044_length_515_cov_69.442308	177	257	3	1	80	0.0125000
NODE_38044_length_515_cov_69.442308	177	257	5	11	80	0.1375000
NODE_38044_length_515_cov_69.442308	177	257	6	68	80	0.8500000
NODE_38044_length_515_cov_69.442308	177	257	3	1	80	0.0125000
NODE_38044_length_515_cov_69.442308	177	257	5	11	80	0.1375000
NODE_38044_length_515_cov_69.442308	177	257	6	68	80	0.8500000
NODE_38044_length_515_cov_69.442308	177	257	3	1	80	0.0125000
NODE_38044_length_515_cov_69.442308	177	257	5	11	80	0.1375000
NODE_38044_length_515_cov_69.442308	177	257	6	68	80	0.8500000
NODE_38044_length_515_cov_69.442308	230	291	4	2	61	0.0327869
NODE_38044_length_515_cov_69.442308	230	291	5	20	61	0.3278688
NODE_38044_length_515_cov_69.442308	230	291	6	39	61	0.6393443
NODE_38044_length_515_cov_69.442308	230	308	3	8	78	0.1025641
NODE_38044_length_515_cov_69.442308	230	308	4	11	78	0.1410256
NODE_38044_length_515_cov_69.442308	230	308	5	20	78	0.2564103
NODE_38044_length_515_cov_69.442308	230	308	6	39	78	0.5000000
NODE_38044_length_515_cov_69.442308	235	308	3	8	73	0.1095890
NODE_38044_length_515_cov_69.442308	235	308	4	11	73	0.1506849
NODE_38044_length_515_cov_69.442308	235	308	5	20	73	0.2739726
NODE_38044_length_515_cov_69.442308	235	308	6	34	73	0.4657534
NODE_38045_length_515_cov_13.271635	168	248	0	80	80	1.0000000
NODE_38045_length_515_cov_13.271635	221	301	0	80	80	1.0000000
NODE_38048_length_515_cov_8.314904	213	290	1	51	77	0.6623377
NODE_38048_length_515_cov_8.314904	213	290	2	26	77	0.3376623
NODE_38054_length_515_cov_5.487981	317	402	0	13	85	0.1529412
NODE_38054_length_515_cov_5.487981	317	402	1	72	85	0.8470588
NODE_38242_length_514_cov_26.910843	170	250	0	80	80	1.0000000
NODE_38242_length_514_cov_26.910843	223	303	0	80	80	1.0000000
NODE_38243_length_514_cov_12.775904	85	149	3	55	64	0.8593750
NODE_38243_length_514_cov_12.775904	85	149	4	9	64	0.1406250
NODE_38243_length_514_cov_12.775904	123	202	2	3	79	0.0379747
NODE_38243_length_514_cov_12.775904	123	202	3	17	79	0.2151899
NODE_38243_length_514_cov_12.775904	123	202	4	59	79	0.7468355
NODE_38244_length_514_cov_11.156627	124	204	0	37	80	0.4625000
NODE_38244_length_514_cov_11.156627	124	204	2	15	80	0.1875000
NODE_38244_length_514_cov_11.156627	124	204	4	28	80	0.3500000
NODE_38244_length_514_cov_11.156627	177	257	4	80	80	1.0000000
NODE_38253_length_514_cov_5.802410	165	217	0	52	52	1.0000000
NODE_38253_length_514_cov_5.802410	190	270	0	80	80	1.0000000
NODE_38254_length_514_cov_5.554217	192	272	0	80	80	1.0000000
NODE_38254_length_514_cov_5.554217	294	340	0	46	46	1.0000000
NODE_38257_length_514_cov_5.322892	230	260	0	30	30	1.0000000
NODE_38262_length_514_cov_4.337349	220	300	0	80	80	1.0000000
NODE_38286_length_514_cov_3.012048	264	328	0	64	64	1.0000000
NODE_38432_length_513_cov_14.613527	118	198	0	8	80	0.1000000
NODE_38432_length_513_cov_14.613527	118	198	1	36	80	0.4500000
NODE_38432_length_513_cov_14.613527	118	198	2	9	80	0.1125000
NODE_38432_length_513_cov_14.613527	118	198	3	16	80	0.2000000
NODE_38432_length_513_cov_14.613527	118	198	4	11	80	0.1375000
NODE_38432_length_513_cov_14.613527	171	251	3	16	80	0.2000000
NODE_38432_length_513_cov_14.613527	171	251	4	33	80	0.4125000
NODE_38432_length_513_cov_14.613527	171	251	5	1	80	0.0125000
NODE_38432_length_513_cov_14.613527	171	251	6	30	80	0.3750000
NODE_38433_length_513_cov_9.898551	253	333	0	80	80	1.0000000
NODE_38433_length_513_cov_9.898551	306	386	0	80	80	1.0000000
NODE_38434_length_513_cov_9.164251	185	265	0	80	80	1.0000000
NODE_38434_length_513_cov_9.164251	238	318	0	80	80	1.0000000
NODE_38441_length_513_cov_6.123188	284	364	1	36	80	0.4500000
NODE_38441_length_513_cov_6.123188	284	364	2	44	80	0.5500000
NODE_38441_length_513_cov_6.123188	337	417	1	59	80	0.7375000
NODE_38441_length_513_cov_6.123188	337	417	2	21	80	0.2625000
NODE_38460_length_513_cov_3.456522	283	350	0	67	67	1.0000000
NODE_38460_length_513_cov_3.456522	336	398	0	62	62	1.0000000
NODE_38482_length_513_cov_2.309179	134	174	1	36	40	0.9000000
NODE_38482_length_513_cov_2.309179	134	174	2	4	40	0.1000000
NODE_38482_length_513_cov_2.309179	170	223	2	53	53	1.0000000
NODE_38482_length_513_cov_2.309179	238	285	1	45	47	0.9574468
NODE_38482_length_513_cov_2.309179	238	285	2	2	47	0.0425532
NODE_38515_length_513_cov_1.671498	427	476	0	49	49	1.0000000
NODE_38646_length_512_cov_45.070218	34	114	4	1	80	0.0125000
NODE_38646_length_512_cov_45.070218	34	114	6	9	80	0.1125000
NODE_38646_length_512_cov_45.070218	34	114	7	13	80	0.1625000
NODE_38646_length_512_cov_45.070218	34	114	8	13	80	0.1625000
NODE_38646_length_512_cov_45.070218	34	114	10	5	80	0.0625000
NODE_38646_length_512_cov_45.070218	34	114	11	14	80	0.1750000
NODE_38646_length_512_cov_45.070218	34	114	12	15	80	0.1875000
NODE_38646_length_512_cov_45.070218	34	114	13	3	80	0.0375000
NODE_38646_length_512_cov_45.070218	34	114	14	7	80	0.0875000
NODE_38646_length_512_cov_45.070218	87	167	11	2	80	0.0250000
NODE_38646_length_512_cov_45.070218	87	167	12	15	80	0.1875000
NODE_38646_length_512_cov_45.070218	87	167	13	3	80	0.0375000
NODE_38646_length_512_cov_45.070218	87	167	14	21	80	0.2625000
NODE_38646_length_512_cov_45.070218	87	167	16	16	80	0.2000000
NODE_38646_length_512_cov_45.070218	87	167	17	23	80	0.2875000
NODE_38647_length_512_cov_39.639225	323	404	0	3	81	0.0370370
NODE_38647_length_512_cov_39.639225	323	404	2	2	81	0.0246914
NODE_38647_length_512_cov_39.639225	323	404	4	76	81	0.9382716
NODE_38647_length_512_cov_39.639225	377	457	0	56	80	0.7000000
NODE_38647_length_512_cov_39.639225	377	457	2	2	80	0.0250000
NODE_38647_length_512_cov_39.639225	377	457	4	22	80	0.2750000
NODE_38648_length_512_cov_8.581114	192	256	1	43	64	0.6718750
NODE_38648_length_512_cov_8.581114	192	256	2	21	64	0.3281250
NODE_38661_length_512_cov_4.869249	327	407	0	55	80	0.6875000
NODE_38661_length_512_cov_4.869249	327	407	2	25	80	0.3125000
NODE_38661_length_512_cov_4.869249	380	460	0	2	80	0.0250000
NODE_38661_length_512_cov_4.869249	380	460	2	78	80	0.9750000
NODE_38668_length_512_cov_4.157385	161	204	0	43	43	1.0000000
NODE_38668_length_512_cov_4.157385	178	257	0	79	79	1.0000000
NODE_38677_length_512_cov_3.435835	138	218	4	15	80	0.1875000
NODE_38677_length_512_cov_3.435835	138	218	6	65	80	0.8125000
NODE_38677_length_512_cov_3.435835	191	271	3	10	80	0.1250000
NODE_38677_length_512_cov_3.435835	191	271	5	24	80	0.3000000
NODE_38677_length_512_cov_3.435835	191	271	6	46	80	0.5750000
NODE_38693_length_512_cov_2.888620	320	400	0	39	80	0.4875000
NODE_38693_length_512_cov_2.888620	320	400	1	14	80	0.1750000
NODE_38693_length_512_cov_2.888620	320	400	2	27	80	0.3375000
NODE_38768_length_512_cov_1.341404	198	269	0	1	71	0.0140845
NODE_38768_length_512_cov_1.341404	198	269	1	1	71	0.0140845
NODE_38768_length_512_cov_1.341404	198	269	2	2	71	0.0281690
NODE_38768_length_512_cov_1.341404	198	269	3	3	71	0.0422535
NODE_38768_length_512_cov_1.341404	198	269	5	7	71	0.0985916
NODE_38768_length_512_cov_1.341404	198	269	6	16	71	0.2253521
NODE_38768_length_512_cov_1.341404	198	269	8	33	71	0.4647887
NODE_38768_length_512_cov_1.341404	198	269	10	8	71	0.1126761
NODE_38866_length_511_cov_9.796117	251	331	0	80	80	1.0000000
NODE_38866_length_511_cov_9.796117	304	370	0	66	66	1.0000000
NODE_38869_length_511_cov_8.873786	239	319	0	80	80	1.0000000
NODE_38869_length_511_cov_8.873786	292	356	0	64	64	1.0000000
NODE_38870_length_511_cov_8.434466	232	312	0	80	80	1.0000000
NODE_38870_length_511_cov_8.434466	285	366	0	81	81	1.0000000
NODE_38872_length_511_cov_7.519417	157	237	0	13	80	0.1625000
NODE_38872_length_511_cov_7.519417	157	237	1	6	80	0.0750000
NODE_38872_length_511_cov_7.519417	157	237	2	61	80	0.7625000
NODE_38872_length_511_cov_7.519417	210	290	2	80	80	1.0000000
NODE_38877_length_511_cov_5.762136	102	179	2	14	77	0.1818182
NODE_38877_length_511_cov_5.762136	102	179	4	63	77	0.8181818
NODE_38877_length_511_cov_5.762136	155	230	4	75	75	1.0000000
NODE_38878_length_511_cov_5.655340	133	213	0	80	80	1.0000000
NODE_38878_length_511_cov_5.655340	186	266	0	80	80	1.0000000
NODE_38911_length_511_cov_2.978155	219	255	0	36	36	1.0000000
NODE_39013_length_511_cov_1.225728	99	127	0	28	28	1.0000000
NODE_39092_length_511_cov_0.708738	98	146	0	48	48	1.0000000
NODE_39105_length_510_cov_18.206813	334	414	2	64	80	0.8000000
NODE_39105_length_510_cov_18.206813	334	414	4	16	80	0.2000000
NODE_39105_length_510_cov_18.206813	387	467	2	80	80	1.0000000
NODE_39110_length_510_cov_8.017032	211	291	0	7	80	0.0875000
NODE_39110_length_510_cov_8.017032	211	291	1	23	80	0.2875000
NODE_39110_length_510_cov_8.017032	211	291	2	50	80	0.6250000
NODE_39110_length_510_cov_8.017032	264	344	2	80	80	1.0000000
NODE_39110_length_510_cov_8.017032	391	413	0	22	22	1.0000000
NODE_39112_length_510_cov_6.476886	208	251	0	43	43	1.0000000
NODE_39115_length_510_cov_6.133820	149	200	1	51	51	1.0000000
NODE_39122_length_510_cov_4.313869	32	106	0	74	74	1.0000000
NODE_39131_length_510_cov_3.435523	149	213	0	64	64	1.0000000
NODE_39131_length_510_cov_3.435523	191	249	0	58	58	1.0000000
NODE_39293_length_509_cov_13.378049	160	240	3	1	80	0.0125000
NODE_39293_length_509_cov_13.378049	160	240	5	4	80	0.0500000
NODE_39293_length_509_cov_13.378049	160	240	7	19	80	0.2375000
NODE_39293_length_509_cov_13.378049	160	240	8	23	80	0.2875000
NODE_39293_length_509_cov_13.378049	160	240	9	33	80	0.4125000
NODE_39293_length_509_cov_13.378049	213	294	2	13	81	0.1604938
NODE_39293_length_509_cov_13.378049	213	294	3	23	81	0.2839506
NODE_39293_length_509_cov_13.378049	213	294	6	8	81	0.0987654
NODE_39293_length_509_cov_13.378049	213	294	7	13	81	0.1604938
NODE_39293_length_509_cov_13.378049	213	294	8	5	81	0.0617284
NODE_39293_length_509_cov_13.378049	213	294	9	19	81	0.2345679
NODE_39302_length_509_cov_5.190244	203	283	2	80	80	1.0000000
NODE_39302_length_509_cov_5.190244	256	336	2	63	80	0.7875000
NODE_39302_length_509_cov_5.190244	256	336	4	17	80	0.2125000
NODE_39309_length_509_cov_4.478049	221	301	0	80	80	1.0000000
NODE_39309_length_509_cov_4.478049	274	354	0	80	80	1.0000000
NODE_39311_length_509_cov_4.451220	203	283	0	80	80	1.0000000
NODE_39322_length_509_cov_3.443902	133	185	0	52	52	1.0000000
NODE_39326_length_509_cov_3.207317	367	445	0	78	78	1.0000000
NODE_39337_length_509_cov_2.853659	194	274	0	80	80	1.0000000
NODE_39480_length_509_cov_0.809756	229	272	0	43	43	1.0000000
NODE_39506_length_508_cov_22.009780	440	508	4	16	68	0.2352941
NODE_39506_length_508_cov_22.009780	440	508	6	52	68	0.7647059
NODE_39512_length_508_cov_5.158924	248	284	0	36	36	1.0000000
NODE_39539_length_508_cov_2.662592	165	244	0	79	79	1.0000000
NODE_39698_length_507_cov_32.286765	0	61	1	9	61	0.1475410
NODE_39698_length_507_cov_32.286765	0	61	3	4	61	0.0655738
NODE_39698_length_507_cov_32.286765	0	61	4	12	61	0.1967213
NODE_39698_length_507_cov_32.286765	0	61	5	8	61	0.1311475
NODE_39698_length_507_cov_32.286765	0	61	6	1	61	0.0163934
NODE_39698_length_507_cov_32.286765	0	61	8	14	61	0.2295082
NODE_39698_length_507_cov_32.286765	0	61	9	1	61	0.0163934
NODE_39698_length_507_cov_32.286765	0	61	10	5	61	0.0819672
NODE_39698_length_507_cov_32.286765	0	61	12	7	61	0.1147541
NODE_39698_length_507_cov_32.286765	53	97	10	1	44	0.0227273
NODE_39698_length_507_cov_32.286765	53	97	12	9	44	0.2045455
NODE_39698_length_507_cov_32.286765	53	97	15	8	44	0.1818182
NODE_39698_length_507_cov_32.286765	53	97	17	13	44	0.2954545
NODE_39698_length_507_cov_32.286765	53	97	19	2	44	0.0454545
NODE_39698_length_507_cov_32.286765	53	97	20	7	44	0.1590909
NODE_39698_length_507_cov_32.286765	53	97	23	1	44	0.0227273
NODE_39698_length_507_cov_32.286765	53	97	25	1	44	0.0227273
NODE_39698_length_507_cov_32.286765	53	97	27	1	44	0.0227273
NODE_39698_length_507_cov_32.286765	53	97	29	1	44	0.0227273
NODE_39701_length_507_cov_7.553922	203	283	0	22	80	0.2750000
NODE_39701_length_507_cov_7.553922	203	283	1	10	80	0.1250000
NODE_39701_length_507_cov_7.553922	203	283	2	48	80	0.6000000
NODE_39709_length_507_cov_5.154412	296	362	0	66	66	1.0000000
NODE_39714_length_507_cov_4.710784	248	328	2	80	80	1.0000000
NODE_39714_length_507_cov_4.710784	308	379	0	46	71	0.6478873
NODE_39714_length_507_cov_4.710784	308	379	2	25	71	0.3521127
NODE_39728_length_507_cov_3.649510	80	109	1	23	29	0.7931035
NODE_39728_length_507_cov_3.649510	80	109	3	6	29	0.2068966
NODE_39728_length_507_cov_3.649510	184	266	2	10	82	0.1219512
NODE_39728_length_507_cov_3.649510	184	266	3	72	82	0.8780488
NODE_39728_length_507_cov_3.649510	189	273	2	5	84	0.0595238
NODE_39728_length_507_cov_3.649510	189	273	3	79	84	0.9404762
NODE_39728_length_507_cov_3.649510	207	266	3	59	59	1.0000000
NODE_39747_length_507_cov_2.754902	345	425	0	80	80	1.0000000
NODE_39747_length_507_cov_2.754902	428	463	0	35	35	1.0000000
NODE_39918_length_506_cov_31.987715	71	156	3	85	85	1.0000000
NODE_39918_length_506_cov_31.987715	71	156	3	85	85	1.0000000
NODE_39918_length_506_cov_31.987715	71	156	3	85	85	1.0000000
NODE_39918_length_506_cov_31.987715	129	209	0	1	80	0.0125000
NODE_39918_length_506_cov_31.987715	129	209	1	21	80	0.2625000
NODE_39918_length_506_cov_31.987715	129	209	2	15	80	0.1875000
NODE_39918_length_506_cov_31.987715	129	209	3	43	80	0.5375000
NODE_39919_length_506_cov_15.877150	210	279	1	16	69	0.2318841
NODE_39919_length_506_cov_15.877150	210	279	2	53	69	0.7681159
NODE_39920_length_506_cov_15.461916	334	414	4	8	80	0.1000000
NODE_39920_length_506_cov_15.461916	334	414	6	31	80	0.3875000
NODE_39920_length_506_cov_15.461916	334	414	7	13	80	0.1625000
NODE_39920_length_506_cov_15.461916	334	414	8	28	80	0.3500000
NODE_39920_length_506_cov_15.461916	387	467	2	7	80	0.0875000
NODE_39920_length_506_cov_15.461916	387	467	4	43	80	0.5375000
NODE_39920_length_506_cov_15.461916	387	467	6	4	80	0.0500000
NODE_39920_length_506_cov_15.461916	387	467	7	13	80	0.1625000
NODE_39920_length_506_cov_15.461916	387	467	8	13	80	0.1625000
NODE_39921_length_506_cov_9.749386	197	276	0	79	79	1.0000000
NODE_39921_length_506_cov_9.749386	249	329	0	80	80	1.0000000
NODE_39947_length_506_cov_3.122850	218	298	0	2	80	0.0250000
NODE_39947_length_506_cov_3.122850	218	298	2	78	80	0.9750000
NODE_39947_length_506_cov_3.122850	271	351	0	31	80	0.3875000
NODE_39947_length_506_cov_3.122850	271	351	2	49	80	0.6125000
NODE_39951_length_506_cov_2.894349	190	270	0	80	80	1.0000000
NODE_40133_length_505_cov_35.541872	373	453	0	80	80	1.0000000
NODE_40135_length_505_cov_10.339901	30	110	1	80	80	1.0000000
NODE_40135_length_505_cov_10.339901	83	163	0	17	80	0.2125000
NODE_40135_length_505_cov_10.339901	83	163	1	63	80	0.7875000
NODE_40158_length_505_cov_3.554187	225	305	0	80	80	1.0000000
NODE_40158_length_505_cov_3.554187	278	358	0	80	80	1.0000000
NODE_40160_length_505_cov_3.403941	207	287	0	80	80	1.0000000
NODE_40175_length_505_cov_2.975369	162	227	2	65	65	1.0000000
NODE_40222_length_505_cov_1.864532	55	126	0	71	71	1.0000000
NODE_40368_length_504_cov_115.891358	122	202	47	2	80	0.0250000
NODE_40368_length_504_cov_115.891358	122	202	48	3	80	0.0375000
NODE_40368_length_504_cov_115.891358	122	202	50	1	80	0.0125000
NODE_40368_length_504_cov_115.891358	122	202	51	3	80	0.0375000
NODE_40368_length_504_cov_115.891358	122	202	52	6	80	0.0750000
NODE_40368_length_504_cov_115.891358	122	202	53	5	80	0.0625000
NODE_40368_length_504_cov_115.891358	122	202	56	6	80	0.0750000
NODE_40368_length_504_cov_115.891358	122	202	57	3	80	0.0375000
NODE_40368_length_504_cov_115.891358	122	202	58	2	80	0.0250000
NODE_40368_length_504_cov_115.891358	122	202	59	9	80	0.1125000
NODE_40368_length_504_cov_115.891358	122	202	60	8	80	0.1000000
NODE_40368_length_504_cov_115.891358	122	202	61	2	80	0.0250000
NODE_40368_length_504_cov_115.891358	122	202	62	6	80	0.0750000
NODE_40368_length_504_cov_115.891358	122	202	64	1	80	0.0125000
NODE_40368_length_504_cov_115.891358	122	202	65	7	80	0.0875000
NODE_40368_length_504_cov_115.891358	122	202	66	9	80	0.1125000
NODE_40368_length_504_cov_115.891358	122	202	67	6	80	0.0750000
NODE_40368_length_504_cov_115.891358	122	202	69	1	80	0.0125000
NODE_40368_length_504_cov_115.891358	175	255	48	4	80	0.0500000
NODE_40368_length_504_cov_115.891358	175	255	49	2	80	0.0250000
NODE_40368_length_504_cov_115.891358	175	255	50	6	80	0.0750000
NODE_40368_length_504_cov_115.891358	175	255	51	3	80	0.0375000
NODE_40368_length_504_cov_115.891358	175	255	53	1	80	0.0125000
NODE_40368_length_504_cov_115.891358	175	255	55	4	80	0.0500000
NODE_40368_length_504_cov_115.891358	175	255	59	1	80	0.0125000
NODE_40368_length_504_cov_115.891358	175	255	61	3	80	0.0375000
NODE_40368_length_504_cov_115.891358	175	255	62	7	80	0.0875000
NODE_40368_length_504_cov_115.891358	175	255	64	1	80	0.0125000
NODE_40368_length_504_cov_115.891358	175	255	65	8	80	0.1000000
NODE_40368_length_504_cov_115.891358	175	255	66	9	80	0.1125000
NODE_40368_length_504_cov_115.891358	175	255	67	7	80	0.0875000
NODE_40368_length_504_cov_115.891358	175	255	68	7	80	0.0875000
NODE_40368_length_504_cov_115.891358	175	255	69	1	80	0.0125000
NODE_40368_length_504_cov_115.891358	175	255	70	9	80	0.1125000
NODE_40368_length_504_cov_115.891358	175	255	72	3	80	0.0375000
NODE_40368_length_504_cov_115.891358	175	255	73	2	80	0.0250000
NODE_40368_length_504_cov_115.891358	175	255	74	2	80	0.0250000
NODE_40369_length_504_cov_33.360494	28	108	2	80	80	1.0000000
NODE_40369_length_504_cov_33.360494	81	161	0	4	80	0.0500000
NODE_40369_length_504_cov_33.360494	81	161	2	76	80	0.9500000
NODE_40370_length_504_cov_15.669136	176	256	7	34	80	0.4250000
NODE_40370_length_504_cov_15.669136	176	256	8	8	80	0.1000000
NODE_40370_length_504_cov_15.669136	176	256	9	38	80	0.4750000
NODE_40370_length_504_cov_15.669136	229	309	3	6	80	0.0750000
NODE_40370_length_504_cov_15.669136	229	309	4	19	80	0.2375000
NODE_40370_length_504_cov_15.669136	229	309	5	1	80	0.0125000
NODE_40370_length_504_cov_15.669136	229	309	7	30	80	0.3750000
NODE_40370_length_504_cov_15.669136	229	309	8	5	80	0.0625000
NODE_40370_length_504_cov_15.669136	229	309	9	19	80	0.2375000
NODE_40371_length_504_cov_13.202469	134	215	4	81	81	1.0000000
NODE_40371_length_504_cov_13.202469	188	268	0	41	80	0.5125000
NODE_40371_length_504_cov_13.202469	188	268	4	39	80	0.4875000
NODE_40377_length_504_cov_6.770370	55	135	0	56	80	0.7000000
NODE_40377_length_504_cov_6.770370	55	135	1	24	80	0.3000000
NODE_40377_length_504_cov_6.770370	108	188	0	3	80	0.0375000
NODE_40377_length_504_cov_6.770370	108	188	1	77	80	0.9625000
NODE_40427_length_504_cov_2.234568	359	407	0	48	48	1.0000000
NODE_40428_length_504_cov_2.227160	307	370	0	63	63	1.0000000
NODE_40434_length_504_cov_2.116049	245	325	1	77	80	0.9625000
NODE_40434_length_504_cov_2.116049	245	325	3	3	80	0.0375000
NODE_40434_length_504_cov_2.116049	298	378	1	68	80	0.8500000
NODE_40434_length_504_cov_2.116049	298	378	2	12	80	0.1500000
NODE_40446_length_504_cov_1.925926	196	262	0	30	66	0.4545455
NODE_40446_length_504_cov_1.925926	196	262	2	36	66	0.5454546
NODE_40601_length_503_cov_11.356436	268	348	3	9	80	0.1125000
NODE_40601_length_503_cov_11.356436	268	348	4	71	80	0.8875000
NODE_40601_length_503_cov_11.356436	321	401	0	25	80	0.3125000
NODE_40601_length_503_cov_11.356436	321	401	1	5	80	0.0625000
NODE_40601_length_503_cov_11.356436	321	401	2	15	80	0.1875000
NODE_40601_length_503_cov_11.356436	321	401	3	17	80	0.2125000
NODE_40601_length_503_cov_11.356436	321	401	4	18	80	0.2250000
NODE_40615_length_503_cov_5.537129	314	381	1	67	67	1.0000000
NODE_40645_length_503_cov_3.012376	264	285	0	21	21	1.0000000
NODE_40652_length_503_cov_2.757426	266	334	0	68	68	1.0000000
NODE_40652_length_503_cov_2.757426	307	387	0	80	80	1.0000000
NODE_40655_length_503_cov_2.705446	158	237	0	62	79	0.7848101
NODE_40655_length_503_cov_2.705446	158	237	1	17	79	0.2151899
NODE_40655_length_503_cov_2.705446	211	291	0	53	80	0.6625000
NODE_40655_length_503_cov_2.705446	211	291	2	27	80	0.3375000
NODE_40656_length_503_cov_2.705446	251	331	1	16	80	0.2000000
NODE_40656_length_503_cov_2.705446	251	331	2	36	80	0.4500000
NODE_40656_length_503_cov_2.705446	251	331	3	26	80	0.3250000
NODE_40656_length_503_cov_2.705446	251	331	4	2	80	0.0250000
NODE_40656_length_503_cov_2.705446	251	321	1	16	70	0.2285714
NODE_40656_length_503_cov_2.705446	251	321	2	28	70	0.4000000
NODE_40656_length_503_cov_2.705446	251	321	3	26	70	0.3714286
NODE_40656_length_503_cov_2.705446	330	384	4	54	54	1.0000000
NODE_40656_length_503_cov_2.705446	338	384	4	46	46	1.0000000
NODE_40664_length_503_cov_2.584158	95	163	0	68	68	1.0000000
NODE_40857_length_502_cov_45.292804	353	433	0	4	80	0.0500000
NODE_40857_length_502_cov_45.292804	353	433	2	47	80	0.5875000
NODE_40857_length_502_cov_45.292804	353	433	4	29	80	0.3625000
NODE_40864_length_502_cov_5.980149	305	381	0	76	76	1.0000000
NODE_41070_length_501_cov_208.708955	288	350	22	5	62	0.0806452
NODE_41070_length_501_cov_208.708955	288	350	23	4	62	0.0645161
NODE_41070_length_501_cov_208.708955	288	350	24	1	62	0.0161290
NODE_41070_length_501_cov_208.708955	288	350	26	2	62	0.0322581
NODE_41070_length_501_cov_208.708955	288	350	28	21	62	0.3387097
NODE_41070_length_501_cov_208.708955	288	350	30	2	62	0.0322581
NODE_41070_length_501_cov_208.708955	288	350	32	4	62	0.0645161
NODE_41070_length_501_cov_208.708955	288	350	34	6	62	0.0967742
NODE_41070_length_501_cov_208.708955	288	350	35	13	62	0.2096774
NODE_41070_length_501_cov_208.708955	288	350	36	4	62	0.0645161
NODE_41070_length_501_cov_208.708955	327	413	25	1	86	0.0116279
NODE_41070_length_501_cov_208.708955	327	413	26	3	86	0.0348837
NODE_41070_length_501_cov_208.708955	327	413	28	5	86	0.0581395
NODE_41070_length_501_cov_208.708955	327	413	30	8	86	0.0930233
NODE_41070_length_501_cov_208.708955	327	413	31	2	86	0.0232558
NODE_41070_length_501_cov_208.708955	327	413	32	3	86	0.0348837
NODE_41070_length_501_cov_208.708955	327	413	33	5	86	0.0581395
NODE_41070_length_501_cov_208.708955	327	413	34	38	86	0.4418605
NODE_41070_length_501_cov_208.708955	327	413	35	17	86	0.1976744
NODE_41070_length_501_cov_208.708955	327	413	36	4	86	0.0465116
NODE_41071_length_501_cov_29.126866	23	103	2	80	80	1.0000000
NODE_41071_length_501_cov_29.126866	76	156	0	18	80	0.2250000
NODE_41071_length_501_cov_29.126866	76	156	2	62	80	0.7750000
NODE_41072_length_501_cov_23.736318	85	165	0	33	80	0.4125000
NODE_41072_length_501_cov_23.736318	85	165	2	22	80	0.2750000
NODE_41072_length_501_cov_23.736318	85	165	3	25	80	0.3125000
NODE_41072_length_501_cov_23.736318	138	218	2	2	80	0.0250000
NODE_41072_length_501_cov_23.736318	138	218	3	78	80	0.9750000
NODE_41075_length_501_cov_7.820896	270	350	0	80	80	1.0000000
NODE_41075_length_501_cov_7.820896	323	403	0	80	80	1.0000000
NODE_41080_length_501_cov_6.437811	309	389	0	30	80	0.3750000
NODE_41080_length_501_cov_6.437811	309	389	2	50	80	0.6250000
NODE_41097_length_501_cov_3.656716	289	312	0	23	23	1.0000000
NODE_41097_length_501_cov_3.656716	355	420	0	65	65	1.0000000
NODE_41103_length_501_cov_3.477612	329	409	0	21	80	0.2625000
NODE_41103_length_501_cov_3.477612	329	409	2	59	80	0.7375000
NODE_41109_length_501_cov_3.134328	266	345	0	79	79	1.0000000
NODE_41308_length_500_cov_77.895262	456	500	0	44	44	1.0000000
NODE_41309_length_500_cov_35.805486	326	406	3	1	80	0.0125000
NODE_41309_length_500_cov_35.805486	326	406	4	19	80	0.2375000
NODE_41309_length_500_cov_35.805486	326	406	5	6	80	0.0750000
NODE_41309_length_500_cov_35.805486	326	406	6	54	80	0.6750000
NODE_41309_length_500_cov_35.805486	379	459	2	6	80	0.0750000
NODE_41309_length_500_cov_35.805486	379	459	3	12	80	0.1500000
NODE_41309_length_500_cov_35.805486	379	459	4	3	80	0.0375000
NODE_41309_length_500_cov_35.805486	379	459	5	1	80	0.0125000
NODE_41309_length_500_cov_35.805486	379	459	6	58	80	0.7250000
NODE_41310_length_500_cov_13.084788	160	221	2	8	61	0.1311475
NODE_41310_length_500_cov_13.084788	160	221	3	5	61	0.0819672
NODE_41310_length_500_cov_13.084788	160	221	4	48	61	0.7868853
NODE_41311_length_500_cov_12.650873	215	295	0	80	80	1.0000000
NODE_41311_length_500_cov_12.650873	268	348	0	80	80	1.0000000
NODE_41312_length_500_cov_12.009975	203	268	2	5	65	0.0769231
NODE_41312_length_500_cov_12.009975	203	268	3	13	65	0.2000000
NODE_41312_length_500_cov_12.009975	203	268	5	47	65	0.7230769
NODE_41312_length_500_cov_12.009975	241	321	5	80	80	1.0000000
NODE_41325_length_500_cov_4.653367	224	295	0	71	71	1.0000000
NODE_41415_length_500_cov_1.650873	355	435	0	60	80	0.7500000
NODE_41415_length_500_cov_1.650873	355	435	2	20	80	0.2500000
NODE_41415_length_500_cov_1.650873	408	488	0	80	80	1.0000000
NODE_41462_length_500_cov_1.231920	169	212	0	12	43	0.2790698
NODE_41462_length_500_cov_1.231920	169	212	2	31	43	0.7209302
NODE_41542_length_499_cov_358.730000	425	492	16	4	67	0.0597015
NODE_41542_length_499_cov_358.730000	425	492	17	5	67	0.0746269
NODE_41542_length_499_cov_358.730000	425	492	19	1	67	0.0149254
NODE_41542_length_499_cov_358.730000	425	492	21	3	67	0.0447761
NODE_41542_length_499_cov_358.730000	425	492	22	1	67	0.0149254
NODE_41542_length_499_cov_358.730000	425	492	23	1	67	0.0149254
NODE_41542_length_499_cov_358.730000	425	492	25	2	67	0.0298507
NODE_41542_length_499_cov_358.730000	425	492	26	3	67	0.0447761
NODE_41542_length_499_cov_358.730000	425	492	27	3	67	0.0447761
NODE_41542_length_499_cov_358.730000	425	492	29	2	67	0.0298507
NODE_41542_length_499_cov_358.730000	425	492	31	3	67	0.0447761
NODE_41542_length_499_cov_358.730000	425	492	33	5	67	0.0746269
NODE_41542_length_499_cov_358.730000	425	492	36	3	67	0.0447761
NODE_41542_length_499_cov_358.730000	425	492	37	4	67	0.0597015
NODE_41542_length_499_cov_358.730000	425	492	38	1	67	0.0149254
NODE_41542_length_499_cov_358.730000	425	492	40	1	67	0.0149254
NODE_41542_length_499_cov_358.730000	425	492	42	2	67	0.0298507
NODE_41542_length_499_cov_358.730000	425	492	43	1	67	0.0149254
NODE_41542_length_499_cov_358.730000	425	492	44	2	67	0.0298507
NODE_41542_length_499_cov_358.730000	425	492	45	1	67	0.0149254
NODE_41542_length_499_cov_358.730000	425	492	49	1	67	0.0149254
NODE_41542_length_499_cov_358.730000	425	492	50	1	67	0.0149254
NODE_41542_length_499_cov_358.730000	425	492	51	3	67	0.0447761
NODE_41542_length_499_cov_358.730000	425	492	52	5	67	0.0746269
NODE_41542_length_499_cov_358.730000	425	492	55	2	67	0.0298507
NODE_41542_length_499_cov_358.730000	425	492	56	2	67	0.0298507
NODE_41542_length_499_cov_358.730000	425	492	57	2	67	0.0298507
NODE_41542_length_499_cov_358.730000	425	492	59	3	67	0.0447761
NODE_41543_length_499_cov_21.135000	52	132	1	62	80	0.7750000
NODE_41543_length_499_cov_21.135000	52	132	2	18	80	0.2250000
NODE_41543_length_499_cov_21.135000	105	185	1	25	80	0.3125000
NODE_41543_length_499_cov_21.135000	105	185	2	55	80	0.6875000
NODE_41544_length_499_cov_11.917500	50	130	3	13	80	0.1625000
NODE_41544_length_499_cov_11.917500	50	130	5	67	80	0.8375000
NODE_41544_length_499_cov_11.917500	103	183	3	14	80	0.1750000
NODE_41544_length_499_cov_11.917500	103	183	5	50	80	0.6250000
NODE_41544_length_499_cov_11.917500	103	183	6	16	80	0.2000000
NODE_41549_length_499_cov_5.007500	0	54	0	54	54	1.0000000
NODE_41563_length_499_cov_3.482500	307	336	1	4	29	0.1379310
NODE_41563_length_499_cov_3.482500	307	336	3	25	29	0.8620690
NODE_41594_length_499_cov_2.420000	198	247	0	49	49	1.0000000
NODE_41662_length_499_cov_1.445000	311	372	0	61	61	1.0000000
NODE_41770_length_498_cov_31.704261	12	92	0	80	80	1.0000000
NODE_41770_length_498_cov_31.704261	65	145	0	80	80	1.0000000
NODE_41775_length_498_cov_7.002506	256	336	0	27	80	0.3375000
NODE_41775_length_498_cov_7.002506	256	336	2	53	80	0.6625000
NODE_41780_length_498_cov_5.759398	217	247	0	30	30	1.0000000
NODE_41814_length_498_cov_3.075188	225	262	0	37	37	1.0000000
NODE_41814_length_498_cov_3.075188	246	324	0	78	78	1.0000000
NODE_42016_length_497_cov_44.105528	169	249	11	19	80	0.2375000
NODE_42016_length_497_cov_44.105528	169	249	14	4	80	0.0500000
NODE_42016_length_497_cov_44.105528	169	249	15	1	80	0.0125000
NODE_42016_length_497_cov_44.105528	169	249	16	9	80	0.1125000
NODE_42016_length_497_cov_44.105528	169	249	17	31	80	0.3875000
NODE_42016_length_497_cov_44.105528	169	249	18	16	80	0.2000000
NODE_42016_length_497_cov_44.105528	222	302	11	28	80	0.3500000
NODE_42016_length_497_cov_44.105528	222	302	12	5	80	0.0625000
NODE_42016_length_497_cov_44.105528	222	302	13	10	80	0.1250000
NODE_42016_length_497_cov_44.105528	222	302	14	1	80	0.0125000
NODE_42016_length_497_cov_44.105528	222	302	15	2	80	0.0250000
NODE_42016_length_497_cov_44.105528	222	302	17	14	80	0.1750000
NODE_42016_length_497_cov_44.105528	222	302	18	20	80	0.2500000
NODE_42017_length_497_cov_10.145729	85	165	1	18	80	0.2250000
NODE_42017_length_497_cov_10.145729	85	165	2	62	80	0.7750000
NODE_42017_length_497_cov_10.145729	138	226	1	48	88	0.5454546
NODE_42017_length_497_cov_10.145729	138	226	2	40	88	0.4545455
NODE_42024_length_497_cov_6.618090	231	304	0	73	73	1.0000000
NODE_42024_length_497_cov_6.618090	284	364	0	80	80	1.0000000
NODE_42065_length_497_cov_2.889447	109	189	0	35	80	0.4375000
NODE_42065_length_497_cov_2.889447	109	189	2	14	80	0.1750000
NODE_42065_length_497_cov_2.889447	109	189	4	31	80	0.3875000
NODE_42065_length_497_cov_2.889447	162	242	4	80	80	1.0000000
NODE_42071_length_497_cov_2.623116	302	368	0	66	66	1.0000000
NODE_42071_length_497_cov_2.623116	355	406	0	51	51	1.0000000
NODE_42100_length_497_cov_1.909548	106	186	0	80	80	1.0000000
NODE_42100_length_497_cov_1.909548	159	240	0	57	81	0.7037037
NODE_42100_length_497_cov_1.909548	159	240	2	24	81	0.2962963
NODE_42100_length_497_cov_1.909548	262	324	0	24	62	0.3870968
NODE_42100_length_497_cov_1.909548	262	324	2	38	62	0.6129032
NODE_42131_length_497_cov_1.500000	259	339	0	80	80	1.0000000
NODE_42136_length_497_cov_1.404523	211	263	2	52	52	1.0000000
NODE_42279_length_496_cov_5.619647	239	269	0	30	30	1.0000000
NODE_42281_length_496_cov_5.392947	103	168	0	65	65	1.0000000
NODE_42281_length_496_cov_5.392947	141	221	0	80	80	1.0000000
NODE_42281_length_496_cov_5.392947	217	295	0	78	78	1.0000000
NODE_42281_length_496_cov_5.392947	270	295	0	25	25	1.0000000
NODE_42287_length_496_cov_4.397985	388	467	0	24	79	0.3037975
NODE_42287_length_496_cov_4.397985	388	467	2	55	79	0.6962025
NODE_42288_length_496_cov_4.193955	235	315	0	36	80	0.4500000
NODE_42288_length_496_cov_4.193955	235	315	2	44	80	0.5500000
NODE_42297_length_496_cov_3.531486	192	273	0	81	81	1.0000000
NODE_42297_length_496_cov_3.531486	245	325	0	80	80	1.0000000
NODE_42298_length_496_cov_3.377834	252	332	0	80	80	1.0000000
NODE_42298_length_496_cov_3.377834	305	383	0	78	78	1.0000000
NODE_42316_length_496_cov_2.659950	203	251	0	48	48	1.0000000
NODE_42328_length_496_cov_2.445844	95	165	0	70	70	1.0000000
NODE_42328_length_496_cov_2.445844	148	228	0	80	80	1.0000000
NODE_42333_length_496_cov_2.214106	299	359	2	60	60	1.0000000
NODE_42415_length_496_cov_1.395466	273	317	0	44	44	1.0000000
NODE_42461_length_496_cov_0.979849	214	294	1	80	80	1.0000000
NODE_42525_length_495_cov_34.888889	209	264	0	55	55	1.0000000
NODE_42526_length_495_cov_12.800505	268	348	0	80	80	1.0000000
NODE_42526_length_495_cov_12.800505	321	401	0	80	80	1.0000000
NODE_42529_length_495_cov_7.080808	386	416	0	30	30	1.0000000
NODE_42548_length_495_cov_3.868687	218	298	0	9	80	0.1125000
NODE_42548_length_495_cov_3.868687	218	298	2	71	80	0.8875000
NODE_42736_length_495_cov_0.792929	274	309	0	35	35	1.0000000
NODE_42773_length_494_cov_20.096203	182	262	6	32	80	0.4000000
NODE_42773_length_494_cov_20.096203	182	262	7	44	80	0.5500000
NODE_42773_length_494_cov_20.096203	182	262	9	4	80	0.0500000
NODE_42773_length_494_cov_20.096203	235	315	5	3	80	0.0375000
NODE_42773_length_494_cov_20.096203	235	315	6	65	80	0.8125000
NODE_42773_length_494_cov_20.096203	235	315	7	4	80	0.0500000
NODE_42773_length_494_cov_20.096203	235	315	8	6	80	0.0750000
NODE_42773_length_494_cov_20.096203	235	315	9	2	80	0.0250000
NODE_42778_length_494_cov_7.498734	187	240	3	53	53	1.0000000
NODE_42788_length_494_cov_4.283544	255	332	0	77	77	1.0000000
NODE_42804_length_494_cov_3.496203	209	276	0	67	67	1.0000000
NODE_42812_length_494_cov_3.032911	385	432	0	47	47	1.0000000
NODE_42816_length_494_cov_2.908861	189	269	0	80	80	1.0000000
NODE_42822_length_494_cov_2.777215	145	188	0	43	43	1.0000000
NODE_42834_length_494_cov_2.531646	371	430	0	59	59	1.0000000
NODE_42834_length_494_cov_2.531646	428	494	0	66	66	1.0000000
NODE_43021_length_493_cov_34.946701	140	220	6	19	80	0.2375000
NODE_43021_length_493_cov_34.946701	140	220	7	44	80	0.5500000
NODE_43021_length_493_cov_34.946701	140	220	8	8	80	0.1000000
NODE_43021_length_493_cov_34.946701	140	220	9	9	80	0.1125000
NODE_43021_length_493_cov_34.946701	193	265	6	30	72	0.4166667
NODE_43021_length_493_cov_34.946701	193	265	7	39	72	0.5416667
NODE_43021_length_493_cov_34.946701	193	265	8	3	72	0.0416667
NODE_43022_length_493_cov_12.451777	173	253	2	61	80	0.7625000
NODE_43022_length_493_cov_12.451777	173	253	4	19	80	0.2375000
NODE_43022_length_493_cov_12.451777	226	306	0	24	80	0.3000000
NODE_43022_length_493_cov_12.451777	226	306	1	1	80	0.0125000
NODE_43022_length_493_cov_12.451777	226	306	2	55	80	0.6875000
NODE_43025_length_493_cov_8.540609	116	146	0	11	30	0.3666667
NODE_43025_length_493_cov_8.540609	116	146	1	19	30	0.6333333
NODE_43025_length_493_cov_8.540609	119	199	0	8	80	0.1000000
NODE_43025_length_493_cov_8.540609	119	199	1	19	80	0.2375000
NODE_43025_length_493_cov_8.540609	119	199	2	53	80	0.6625000
NODE_43031_length_493_cov_6.144670	300	380	8	80	80	1.0000000
NODE_43031_length_493_cov_6.144670	353	433	2	4	80	0.0500000
NODE_43031_length_493_cov_6.144670	353	433	4	2	80	0.0250000
NODE_43031_length_493_cov_6.144670	353	433	6	31	80	0.3875000
NODE_43031_length_493_cov_6.144670	353	433	7	16	80	0.2000000
NODE_43031_length_493_cov_6.144670	353	433	8	27	80	0.3375000
NODE_43046_length_493_cov_3.840102	178	258	0	14	80	0.1750000
NODE_43046_length_493_cov_3.840102	178	258	2	66	80	0.8250000
NODE_43046_length_493_cov_3.840102	231	311	2	80	80	1.0000000
NODE_43125_length_493_cov_1.588832	126	206	0	46	80	0.5750000
NODE_43125_length_493_cov_1.588832	126	206	1	34	80	0.4250000
NODE_43125_length_493_cov_1.588832	179	259	1	80	80	1.0000000
NODE_43261_length_492_cov_5.488550	117	197	1	29	80	0.3625000
NODE_43261_length_492_cov_5.488550	117	197	2	51	80	0.6375000
NODE_43261_length_492_cov_5.488550	170	250	0	43	80	0.5375000
NODE_43261_length_492_cov_5.488550	170	250	1	37	80	0.4625000
NODE_43270_length_492_cov_4.445293	158	234	0	76	76	1.0000000
NODE_43270_length_492_cov_4.445293	207	285	0	78	78	1.0000000
NODE_43273_length_492_cov_4.244275	272	315	0	43	43	1.0000000
NODE_43293_length_492_cov_3.297710	113	193	0	80	80	1.0000000
NODE_43528_length_491_cov_17.196429	138	218	0	80	80	1.0000000
NODE_43528_length_491_cov_17.196429	191	271	0	80	80	1.0000000
NODE_43529_length_491_cov_17.193878	77	157	2	9	80	0.1125000
NODE_43529_length_491_cov_17.193878	77	157	3	4	80	0.0500000
NODE_43529_length_491_cov_17.193878	77	157	4	13	80	0.1625000
NODE_43529_length_491_cov_17.193878	77	157	5	54	80	0.6750000
NODE_43529_length_491_cov_17.193878	130	210	4	30	80	0.3750000
NODE_43529_length_491_cov_17.193878	130	210	5	49	80	0.6125000
NODE_43529_length_491_cov_17.193878	130	210	6	1	80	0.0125000
NODE_43535_length_491_cov_5.505102	215	284	0	69	69	1.0000000
NODE_43535_length_491_cov_5.505102	215	295	0	80	80	1.0000000
NODE_43535_length_491_cov_5.505102	268	348	0	80	80	1.0000000
NODE_43536_length_491_cov_5.477041	169	222	0	53	53	1.0000000
NODE_43546_length_491_cov_4.176020	383	449	0	66	66	1.0000000
NODE_43546_length_491_cov_4.176020	422	476	0	54	54	1.0000000
NODE_43570_length_491_cov_2.887755	348	428	4	80	80	1.0000000
NODE_43570_length_491_cov_2.887755	401	472	2	7	71	0.0985916
NODE_43570_length_491_cov_2.887755	401	472	4	64	71	0.9014084
NODE_43575_length_491_cov_2.693878	239	316	0	75	77	0.9740260
NODE_43575_length_491_cov_2.693878	239	316	1	2	77	0.0259740
NODE_43744_length_490_cov_10.058824	192	272	2	24	80	0.3000000
NODE_43744_length_490_cov_10.058824	192	272	3	1	80	0.0125000
NODE_43744_length_490_cov_10.058824	192	272	5	16	80	0.2000000
NODE_43744_length_490_cov_10.058824	192	272	6	39	80	0.4875000
NODE_43744_length_490_cov_10.058824	245	325	2	4	80	0.0500000
NODE_43744_length_490_cov_10.058824	245	325	4	2	80	0.0250000
NODE_43744_length_490_cov_10.058824	245	325	5	3	80	0.0375000
NODE_43744_length_490_cov_10.058824	245	325	6	71	80	0.8875000
NODE_43748_length_490_cov_6.652174	304	363	0	59	59	1.0000000
NODE_43816_length_490_cov_2.212276	241	300	0	59	59	1.0000000
NODE_43816_length_490_cov_2.212276	280	358	0	78	78	1.0000000
NODE_43886_length_490_cov_1.360614	97	159	0	62	62	1.0000000
NODE_43886_length_490_cov_1.360614	132	212	0	80	80	1.0000000
NODE_43993_length_489_cov_55.992308	50	130	0	48	80	0.6000000
NODE_43993_length_489_cov_55.992308	50	130	2	32	80	0.4000000
NODE_43993_length_489_cov_55.992308	103	183	2	80	80	1.0000000
NODE_43993_length_489_cov_55.992308	179	259	0	63	80	0.7875000
NODE_43993_length_489_cov_55.992308	179	259	2	17	80	0.2125000
NODE_43993_length_489_cov_55.992308	232	312	0	80	80	1.0000000
NODE_43994_length_489_cov_31.707692	299	384	0	85	85	1.0000000
NODE_43994_length_489_cov_31.707692	299	384	0	85	85	1.0000000
NODE_43996_length_489_cov_13.661538	227	307	3	29	80	0.3625000
NODE_43996_length_489_cov_13.661538	227	307	4	51	80	0.6375000
NODE_43996_length_489_cov_13.661538	280	358	1	18	78	0.2307692
NODE_43996_length_489_cov_13.661538	280	358	2	15	78	0.1923077
NODE_43996_length_489_cov_13.661538	280	358	3	5	78	0.0641026
NODE_43996_length_489_cov_13.661538	280	358	4	40	78	0.5128205
NODE_43997_length_489_cov_12.017949	214	294	3	8	80	0.1000000
NODE_43997_length_489_cov_12.017949	214	294	4	25	80	0.3125000
NODE_43997_length_489_cov_12.017949	214	294	5	46	80	0.5750000
NODE_43997_length_489_cov_12.017949	214	294	6	1	80	0.0125000
NODE_43997_length_489_cov_12.017949	267	347	3	39	80	0.4875000
NODE_43997_length_489_cov_12.017949	267	347	4	8	80	0.1000000
NODE_43997_length_489_cov_12.017949	267	347	5	32	80	0.4000000
NODE_43997_length_489_cov_12.017949	267	347	6	1	80	0.0125000
NODE_43998_length_489_cov_10.774359	262	304	0	40	42	0.9523810
NODE_43998_length_489_cov_10.774359	262	304	1	2	42	0.0476190
NODE_44001_length_489_cov_8.094872	141	221	2	38	80	0.4750000
NODE_44001_length_489_cov_8.094872	141	221	3	2	80	0.0250000
NODE_44001_length_489_cov_8.094872	141	221	4	40	80	0.5000000
NODE_44001_length_489_cov_8.094872	194	247	2	52	53	0.9811321
NODE_44001_length_489_cov_8.094872	194	247	4	1	53	0.0188679
NODE_44007_length_489_cov_5.284615	176	256	0	80	80	1.0000000
NODE_44007_length_489_cov_5.284615	229	309	0	80	80	1.0000000
NODE_44096_length_489_cov_1.646154	234	278	0	44	44	1.0000000
NODE_44105_length_489_cov_1.574359	351	391	0	40	40	1.0000000
NODE_44105_length_489_cov_1.574359	351	383	0	32	32	1.0000000
NODE_44105_length_489_cov_1.574359	365	445	0	80	80	1.0000000
NODE_44105_length_489_cov_1.574359	365	445	0	80	80	1.0000000
NODE_44105_length_489_cov_1.574359	366	445	0	79	79	1.0000000
NODE_44231_length_488_cov_15.406170	235	313	0	78	78	1.0000000
NODE_44231_length_488_cov_15.406170	286	367	0	32	81	0.3950617
NODE_44231_length_488_cov_15.406170	286	367	1	49	81	0.6049383
NODE_44234_length_488_cov_8.416452	210	290	0	80	80	1.0000000
NODE_44234_length_488_cov_8.416452	263	343	0	80	80	1.0000000
NODE_44240_length_488_cov_6.084833	254	302	1	48	48	1.0000000
NODE_44243_length_488_cov_5.434447	210	279	0	23	69	0.3333333
NODE_44243_length_488_cov_5.434447	210	279	2	46	69	0.6666667
NODE_44243_length_488_cov_5.434447	265	300	2	35	35	1.0000000
NODE_44263_length_488_cov_3.431877	212	248	0	36	36	1.0000000
NODE_44264_length_488_cov_3.424165	320	367	2	5	47	0.1063830
NODE_44264_length_488_cov_3.424165	320	367	4	42	47	0.8936170
NODE_44264_length_488_cov_3.424165	320	378	2	5	58	0.0862069
NODE_44264_length_488_cov_3.424165	320	378	4	53	58	0.9137931
NODE_44264_length_488_cov_3.424165	351	393	2	4	42	0.0952381
NODE_44264_length_488_cov_3.424165	351	393	4	38	42	0.9047619
NODE_44264_length_488_cov_3.424165	360	395	2	6	35	0.1714286
NODE_44264_length_488_cov_3.424165	360	395	4	29	35	0.8285714
NODE_44274_length_488_cov_2.850900	276	356	0	80	80	1.0000000
NODE_44376_length_488_cov_1.562982	31	67	0	36	36	1.0000000
NODE_44496_length_487_cov_7.028351	278	358	0	80	80	1.0000000
NODE_44498_length_487_cov_6.804124	242	313	0	71	71	1.0000000
NODE_44498_length_487_cov_6.804124	286	366	0	80	80	1.0000000
NODE_44500_length_487_cov_5.917526	140	220	0	80	80	1.0000000
NODE_44500_length_487_cov_5.917526	193	273	0	80	80	1.0000000
NODE_44520_length_487_cov_3.296392	235	315	0	1	80	0.0125000
NODE_44520_length_487_cov_3.296392	235	315	1	37	80	0.4625000
NODE_44520_length_487_cov_3.296392	235	315	2	8	80	0.1000000
NODE_44520_length_487_cov_3.296392	235	315	3	1	80	0.0125000
NODE_44520_length_487_cov_3.296392	235	315	5	5	80	0.0625000
NODE_44520_length_487_cov_3.296392	235	315	6	1	80	0.0125000
NODE_44520_length_487_cov_3.296392	235	315	8	4	80	0.0500000
NODE_44520_length_487_cov_3.296392	235	315	11	12	80	0.1500000
NODE_44520_length_487_cov_3.296392	235	315	13	11	80	0.1375000
NODE_44521_length_487_cov_3.237113	301	363	1	62	62	1.0000000
NODE_44525_length_487_cov_3.074742	214	294	0	80	80	1.0000000
NODE_44723_length_486_cov_6.609819	206	286	2	80	80	1.0000000
NODE_44728_length_486_cov_5.428941	147	227	0	80	80	1.0000000
NODE_44754_length_486_cov_3.072351	131	211	0	80	80	1.0000000
NODE_44754_length_486_cov_3.072351	190	235	0	45	45	1.0000000
NODE_44769_length_486_cov_2.581395	156	236	0	69	80	0.8625000
NODE_44769_length_486_cov_2.581395	156	236	1	11	80	0.1375000
NODE_44769_length_486_cov_2.581395	209	289	0	80	80	1.0000000
NODE_44781_length_486_cov_2.343669	189	230	0	41	41	1.0000000
NODE_44781_length_486_cov_2.343669	242	306	0	58	64	0.9062500
NODE_44781_length_486_cov_2.343669	242	306	2	6	64	0.0937500
NODE_44959_length_485_cov_29.505181	270	350	0	80	80	1.0000000
NODE_44959_length_485_cov_29.505181	323	403	0	80	80	1.0000000
NODE_44959_length_485_cov_29.505181	399	479	0	80	80	1.0000000
NODE_44960_length_485_cov_10.450777	67	153	0	86	86	1.0000000
NODE_44960_length_485_cov_10.450777	133	206	0	73	73	1.0000000
NODE_44965_length_485_cov_5.922280	196	273	0	12	77	0.1558442
NODE_44965_length_485_cov_5.922280	196	273	2	65	77	0.8441558
NODE_44965_length_485_cov_5.922280	246	326	2	80	80	1.0000000
NODE_44966_length_485_cov_5.818653	279	359	0	80	80	1.0000000
NODE_44966_length_485_cov_5.818653	332	412	0	80	80	1.0000000
NODE_44968_length_485_cov_5.670984	321	396	0	75	75	1.0000000
NODE_44992_length_485_cov_3.518135	162	210	0	48	48	1.0000000
NODE_45005_length_485_cov_2.790155	193	253	1	60	60	1.0000000
NODE_45021_length_485_cov_2.427461	170	249	0	54	79	0.6835443
NODE_45021_length_485_cov_2.427461	170	249	2	25	79	0.3164557
NODE_45100_length_485_cov_1.264249	232	251	0	19	19	1.0000000
NODE_45193_length_484_cov_33.384416	92	172	3	26	80	0.3250000
NODE_45193_length_484_cov_33.384416	92	172	4	21	80	0.2625000
NODE_45193_length_484_cov_33.384416	92	172	5	22	80	0.2750000
NODE_45193_length_484_cov_33.384416	92	172	6	1	80	0.0125000
NODE_45193_length_484_cov_33.384416	92	172	7	10	80	0.1250000
NODE_45193_length_484_cov_33.384416	145	225	4	46	80	0.5750000
NODE_45193_length_484_cov_33.384416	145	225	5	10	80	0.1250000
NODE_45193_length_484_cov_33.384416	145	225	6	8	80	0.1000000
NODE_45193_length_484_cov_33.384416	145	225	7	16	80	0.2000000
NODE_45195_length_484_cov_9.111688	136	216	0	80	80	1.0000000
NODE_45195_length_484_cov_9.111688	189	270	0	56	81	0.6913580
NODE_45195_length_484_cov_9.111688	189	270	1	25	81	0.3086420
NODE_45196_length_484_cov_8.353247	165	244	0	79	79	1.0000000
NODE_45196_length_484_cov_8.353247	217	297	0	80	80	1.0000000
NODE_45197_length_484_cov_8.119481	108	188	0	80	80	1.0000000
NODE_45197_length_484_cov_8.119481	161	241	0	80	80	1.0000000
NODE_45200_length_484_cov_7.703896	208	288	0	80	80	1.0000000
NODE_45200_length_484_cov_7.703896	261	341	0	80	80	1.0000000
NODE_45202_length_484_cov_7.153247	230	292	0	62	62	1.0000000
NODE_45204_length_484_cov_6.594805	221	301	4	80	80	1.0000000
NODE_45204_length_484_cov_6.594805	274	354	2	9	80	0.1125000
NODE_45204_length_484_cov_6.594805	274	354	3	34	80	0.4250000
NODE_45204_length_484_cov_6.594805	274	354	4	37	80	0.4625000
NODE_45218_length_484_cov_4.044156	267	347	3	21	80	0.2625000
NODE_45218_length_484_cov_4.044156	267	347	4	37	80	0.4625000
NODE_45218_length_484_cov_4.044156	267	347	6	22	80	0.2750000
NODE_45218_length_484_cov_4.044156	342	396	5	43	54	0.7962963
NODE_45218_length_484_cov_4.044156	342	396	6	11	54	0.2037037
NODE_45225_length_484_cov_3.787013	287	331	0	44	44	1.0000000
NODE_45225_length_484_cov_3.787013	307	386	0	79	79	1.0000000
NODE_45225_length_484_cov_3.787013	317	386	0	69	69	1.0000000
NODE_45276_length_484_cov_2.254545	79	132	0	53	53	1.0000000
NODE_45352_length_484_cov_1.322078	429	477	0	48	48	1.0000000
NODE_45353_length_484_cov_1.314286	431	472	0	41	41	1.0000000
NODE_45459_length_483_cov_40.815104	396	473	0	77	77	1.0000000
NODE_45459_length_483_cov_40.815104	396	473	0	77	77	1.0000000
NODE_45473_length_483_cov_5.289062	124	185	0	61	61	1.0000000
NODE_45494_length_483_cov_4.114583	226	306	2	80	80	1.0000000
NODE_45494_length_483_cov_4.114583	226	305	2	79	79	1.0000000
NODE_45494_length_483_cov_4.114583	226	306	2	80	80	1.0000000
NODE_45494_length_483_cov_4.114583	226	306	2	80	80	1.0000000
NODE_45494_length_483_cov_4.114583	279	359	0	30	80	0.3750000
NODE_45494_length_483_cov_4.114583	279	359	2	50	80	0.6250000
NODE_45494_length_483_cov_4.114583	279	325	2	46	46	1.0000000
NODE_45494_length_483_cov_4.114583	297	323	2	26	26	1.0000000
NODE_45495_length_483_cov_4.046875	68	117	0	49	49	1.0000000
NODE_45495_length_483_cov_4.046875	184	250	0	66	66	1.0000000
NODE_45635_length_483_cov_1.205729	249	291	1	42	42	1.0000000
NODE_45725_length_482_cov_37.900783	72	152	3	32	80	0.4000000
NODE_45725_length_482_cov_37.900783	72	152	4	48	80	0.6000000
NODE_45725_length_482_cov_37.900783	125	205	2	45	80	0.5625000
NODE_45725_length_482_cov_37.900783	125	205	3	23	80	0.2875000
NODE_45725_length_482_cov_37.900783	125	205	4	12	80	0.1500000
NODE_45728_length_482_cov_10.545692	233	297	0	7	64	0.1093750
NODE_45728_length_482_cov_10.545692	233	297	2	57	64	0.8906250
NODE_45729_length_482_cov_9.342037	281	333	0	2	52	0.0384615
NODE_45729_length_482_cov_9.342037	281	333	2	16	52	0.3076923
NODE_45729_length_482_cov_9.342037	281	333	4	34	52	0.6538461
NODE_45730_length_482_cov_8.190601	247	311	0	64	64	1.0000000
NODE_45730_length_482_cov_8.190601	284	355	0	71	71	1.0000000
NODE_45734_length_482_cov_6.002611	112	192	2	80	80	1.0000000
NODE_45734_length_482_cov_6.002611	165	245	0	10	80	0.1250000
NODE_45734_length_482_cov_6.002611	165	245	1	5	80	0.0625000
NODE_45734_length_482_cov_6.002611	165	245	2	65	80	0.8125000
NODE_45735_length_482_cov_5.953003	315	395	0	80	80	1.0000000
NODE_45735_length_482_cov_5.953003	368	441	0	73	73	1.0000000
NODE_45748_length_482_cov_4.530026	20	85	0	65	65	1.0000000
NODE_45759_length_482_cov_3.791123	278	358	0	80	80	1.0000000
NODE_45759_length_482_cov_3.791123	331	411	0	80	80	1.0000000
NODE_45842_length_482_cov_1.647520	382	446	0	63	64	0.9843750
NODE_45842_length_482_cov_1.647520	382	446	1	1	64	0.0156250
NODE_45842_length_482_cov_1.647520	435	482	0	47	47	1.0000000
NODE_45994_length_481_cov_50.623037	154	234	1	24	80	0.3000000
NODE_45994_length_481_cov_50.623037	154	234	3	56	80	0.7000000
NODE_45994_length_481_cov_50.623037	207	287	0	26	80	0.3250000
NODE_45994_length_481_cov_50.623037	207	287	1	51	80	0.6375000
NODE_45994_length_481_cov_50.623037	207	287	3	3	80	0.0375000
NODE_45995_length_481_cov_30.939791	149	198	0	49	49	1.0000000
NODE_45995_length_481_cov_30.939791	171	235	0	64	64	1.0000000
NODE_45995_length_481_cov_30.939791	171	235	0	64	64	1.0000000
NODE_45996_length_481_cov_30.183246	0	41	0	41	41	1.0000000
NODE_45996_length_481_cov_30.183246	0	39	0	39	39	1.0000000
NODE_45996_length_481_cov_30.183246	0	44	0	44	44	1.0000000
NODE_45996_length_481_cov_30.183246	0	44	0	44	44	1.0000000
NODE_45996_length_481_cov_30.183246	0	44	0	44	44	1.0000000
NODE_45996_length_481_cov_30.183246	0	44	0	44	44	1.0000000
NODE_45996_length_481_cov_30.183246	17	97	0	80	80	1.0000000
NODE_45996_length_481_cov_30.183246	17	97	0	80	80	1.0000000
NODE_45996_length_481_cov_30.183246	17	97	0	80	80	1.0000000
NODE_45996_length_481_cov_30.183246	17	97	0	80	80	1.0000000
NODE_45996_length_481_cov_30.183246	17	97	0	80	80	1.0000000
NODE_45996_length_481_cov_30.183246	17	97	0	80	80	1.0000000
NODE_45997_length_481_cov_12.709424	250	330	1	49	80	0.6125000
NODE_45997_length_481_cov_12.709424	250	330	2	4	80	0.0500000
NODE_45997_length_481_cov_12.709424	250	330	3	1	80	0.0125000
NODE_45997_length_481_cov_12.709424	250	330	4	9	80	0.1125000
NODE_45997_length_481_cov_12.709424	250	330	6	17	80	0.2125000
NODE_45997_length_481_cov_12.709424	303	383	3	1	80	0.0125000
NODE_45997_length_481_cov_12.709424	303	383	4	9	80	0.1125000
NODE_45997_length_481_cov_12.709424	303	383	6	70	80	0.8750000
NODE_46037_length_481_cov_3.002618	197	277	2	17	80	0.2125000
NODE_46037_length_481_cov_3.002618	197	277	4	63	80	0.7875000
NODE_46064_length_481_cov_2.261780	271	351	0	38	80	0.4750000
NODE_46064_length_481_cov_2.261780	271	351	2	42	80	0.5250000
NODE_46256_length_480_cov_22.346457	318	398	0	80	80	1.0000000
NODE_46256_length_480_cov_22.346457	371	451	0	80	80	1.0000000
NODE_46257_length_480_cov_16.488189	252	332	2	49	80	0.6125000
NODE_46257_length_480_cov_16.488189	252	332	3	30	80	0.3750000
NODE_46257_length_480_cov_16.488189	252	332	4	1	80	0.0125000
NODE_46257_length_480_cov_16.488189	305	385	2	26	80	0.3250000
NODE_46257_length_480_cov_16.488189	305	385	3	53	80	0.6625000
NODE_46257_length_480_cov_16.488189	305	385	4	1	80	0.0125000
NODE_46258_length_480_cov_12.874016	164	234	0	32	70	0.4571429
NODE_46258_length_480_cov_12.874016	164	234	2	38	70	0.5428572
NODE_46258_length_480_cov_12.874016	207	273	0	66	66	1.0000000
NODE_46260_length_480_cov_11.879265	170	250	1	68	80	0.8500000
NODE_46260_length_480_cov_11.879265	170	250	2	6	80	0.0750000
NODE_46260_length_480_cov_11.879265	170	250	3	6	80	0.0750000
NODE_46260_length_480_cov_11.879265	223	303	1	21	80	0.2625000
NODE_46260_length_480_cov_11.879265	223	303	2	28	80	0.3500000
NODE_46260_length_480_cov_11.879265	223	303	3	30	80	0.3750000
NODE_46260_length_480_cov_11.879265	223	303	4	1	80	0.0125000
NODE_46261_length_480_cov_8.774278	114	143	0	23	29	0.7931035
NODE_46261_length_480_cov_8.774278	114	143	1	6	29	0.2068966
NODE_46261_length_480_cov_8.774278	165	245	3	32	80	0.4000000
NODE_46261_length_480_cov_8.774278	165	245	5	48	80	0.6000000
NODE_46261_length_480_cov_8.774278	218	298	2	11	80	0.1375000
NODE_46261_length_480_cov_8.774278	218	298	3	60	80	0.7500000
NODE_46261_length_480_cov_8.774278	218	298	5	9	80	0.1125000
NODE_46261_length_480_cov_8.774278	385	428	0	43	43	1.0000000
NODE_46271_length_480_cov_5.671916	231	302	0	18	71	0.2535211
NODE_46271_length_480_cov_5.671916	231	302	1	53	71	0.7464789
NODE_46283_length_480_cov_4.354331	126	187	0	61	61	1.0000000
NODE_46283_length_480_cov_4.354331	218	298	0	80	80	1.0000000
NODE_46445_length_480_cov_1.152231	142	216	0	74	74	1.0000000
NODE_46470_length_480_cov_0.973753	31	71	0	40	40	1.0000000
NODE_46533_length_479_cov_28.205263	308	388	6	6	80	0.0750000
NODE_46533_length_479_cov_28.205263	308	388	8	2	80	0.0250000
NODE_46533_length_479_cov_28.205263	308	388	10	9	80	0.1125000
NODE_46533_length_479_cov_28.205263	308	388	11	20	80	0.2500000
NODE_46533_length_479_cov_28.205263	308	388	12	4	80	0.0500000
NODE_46533_length_479_cov_28.205263	308	388	13	18	80	0.2250000
NODE_46533_length_479_cov_28.205263	308	388	14	21	80	0.2625000
NODE_46533_length_479_cov_28.205263	361	441	2	3	80	0.0375000
NODE_46533_length_479_cov_28.205263	361	441	3	11	80	0.1375000
NODE_46533_length_479_cov_28.205263	361	441	5	15	80	0.1875000
NODE_46533_length_479_cov_28.205263	361	441	6	30	80	0.3750000
NODE_46533_length_479_cov_28.205263	361	441	8	2	80	0.0250000
NODE_46533_length_479_cov_28.205263	361	441	11	9	80	0.1125000
NODE_46533_length_479_cov_28.205263	361	441	13	8	80	0.1000000
NODE_46533_length_479_cov_28.205263	361	441	14	2	80	0.0250000
NODE_46534_length_479_cov_23.944737	189	269	0	80	80	1.0000000
NODE_46534_length_479_cov_23.944737	242	322	0	80	80	1.0000000
NODE_46554_length_479_cov_4.942105	283	363	2	15	80	0.1875000
NODE_46554_length_479_cov_4.942105	283	363	4	65	80	0.8125000
NODE_46554_length_479_cov_4.942105	336	416	0	13	80	0.1625000
NODE_46554_length_479_cov_4.942105	336	416	2	54	80	0.6750000
NODE_46554_length_479_cov_4.942105	336	416	4	13	80	0.1625000
NODE_46574_length_479_cov_3.494737	217	279	0	62	62	1.0000000
NODE_46574_length_479_cov_3.494737	272	332	0	60	60	1.0000000
NODE_46611_length_479_cov_2.281579	219	265	0	46	46	1.0000000
NODE_46638_length_479_cov_1.839474	376	431	0	55	55	1.0000000
NODE_46654_length_479_cov_1.710526	203	265	0	62	62	1.0000000
NODE_46654_length_479_cov_1.710526	248	318	0	70	70	1.0000000
NODE_46828_length_478_cov_336.139842	153	233	41	1	80	0.0125000
NODE_46828_length_478_cov_336.139842	153	233	43	8	80	0.1000000
NODE_46828_length_478_cov_336.139842	153	233	44	1	80	0.0125000
NODE_46828_length_478_cov_336.139842	153	233	45	2	80	0.0250000
NODE_46828_length_478_cov_336.139842	153	233	46	1	80	0.0125000
NODE_46828_length_478_cov_336.139842	153	233	48	5	80	0.0625000
NODE_46828_length_478_cov_336.139842	153	233	49	5	80	0.0625000
NODE_46828_length_478_cov_336.139842	153	233	51	1	80	0.0125000
NODE_46828_length_478_cov_336.139842	153	233	53	4	80	0.0500000
NODE_46828_length_478_cov_336.139842	153	233	55	2	80	0.0250000
NODE_46828_length_478_cov_336.139842	153	233	56	3	80	0.0375000
NODE_46828_length_478_cov_336.139842	153	233	57	1	80	0.0125000
NODE_46828_length_478_cov_336.139842	153	233	59	1	80	0.0125000
NODE_46828_length_478_cov_336.139842	153	233	60	3	80	0.0375000
NODE_46828_length_478_cov_336.139842	153	233	61	5	80	0.0625000
NODE_46828_length_478_cov_336.139842	153	233	62	1	80	0.0125000
NODE_46828_length_478_cov_336.139842	153	233	63	2	80	0.0250000
NODE_46828_length_478_cov_336.139842	153	233	64	2	80	0.0250000
NODE_46828_length_478_cov_336.139842	153	233	65	2	80	0.0250000
NODE_46828_length_478_cov_336.139842	153	233	67	4	80	0.0500000
NODE_46828_length_478_cov_336.139842	153	233	68	5	80	0.0625000
NODE_46828_length_478_cov_336.139842	153	233	69	1	80	0.0125000
NODE_46828_length_478_cov_336.139842	153	233	70	3	80	0.0375000
NODE_46828_length_478_cov_336.139842	153	233	71	6	80	0.0750000
NODE_46828_length_478_cov_336.139842	153	233	72	5	80	0.0625000
NODE_46828_length_478_cov_336.139842	153	233	73	1	80	0.0125000
NODE_46828_length_478_cov_336.139842	153	233	74	5	80	0.0625000
NODE_46828_length_478_cov_336.139842	206	286	61	2	80	0.0250000
NODE_46828_length_478_cov_336.139842	206	286	63	5	80	0.0625000
NODE_46828_length_478_cov_336.139842	206	286	64	2	80	0.0250000
NODE_46828_length_478_cov_336.139842	206	286	65	12	80	0.1500000
NODE_46828_length_478_cov_336.139842	206	286	66	7	80	0.0875000
NODE_46828_length_478_cov_336.139842	206	286	67	2	80	0.0250000
NODE_46828_length_478_cov_336.139842	206	286	68	8	80	0.1000000
NODE_46828_length_478_cov_336.139842	206	286	69	2	80	0.0250000
NODE_46828_length_478_cov_336.139842	206	286	70	3	80	0.0375000
NODE_46828_length_478_cov_336.139842	206	286	71	7	80	0.0875000
NODE_46828_length_478_cov_336.139842	206	286	72	8	80	0.1000000
NODE_46828_length_478_cov_336.139842	206	286	73	3	80	0.0375000
NODE_46828_length_478_cov_336.139842	206	286	74	12	80	0.1500000
NODE_46828_length_478_cov_336.139842	206	286	75	6	80	0.0750000
NODE_46828_length_478_cov_336.139842	206	286	76	1	80	0.0125000
NODE_46846_length_478_cov_4.448549	150	230	0	80	80	1.0000000
NODE_46846_length_478_cov_4.448549	203	284	0	81	81	1.0000000
NODE_46874_length_478_cov_2.627968	228	278	0	50	50	1.0000000
NODE_47128_length_477_cov_36.230159	225	305	0	80	80	1.0000000
NODE_47128_length_477_cov_36.230159	278	358	0	80	80	1.0000000
NODE_47129_length_477_cov_33.111111	307	387	5	36	80	0.4500000
NODE_47129_length_477_cov_33.111111	307	387	6	44	80	0.5500000
NODE_47129_length_477_cov_33.111111	360	440	0	1	80	0.0125000
NODE_47129_length_477_cov_33.111111	360	440	1	19	80	0.2375000
NODE_47129_length_477_cov_33.111111	360	440	3	26	80	0.3250000
NODE_47129_length_477_cov_33.111111	360	440	5	34	80	0.4250000
NODE_47133_length_477_cov_11.235450	119	199	1	32	80	0.4000000
NODE_47133_length_477_cov_11.235450	119	199	2	48	80	0.6000000
NODE_47133_length_477_cov_11.235450	172	247	1	46	75	0.6133333
NODE_47133_length_477_cov_11.235450	172	247	2	29	75	0.3866667
NODE_47135_length_477_cov_9.359788	221	301	1	8	80	0.1000000
NODE_47135_length_477_cov_9.359788	221	301	2	14	80	0.1750000
NODE_47135_length_477_cov_9.359788	221	301	4	16	80	0.2000000
NODE_47135_length_477_cov_9.359788	221	301	6	42	80	0.5250000
NODE_47135_length_477_cov_9.359788	274	354	5	19	80	0.2375000
NODE_47135_length_477_cov_9.359788	274	354	6	31	80	0.3875000
NODE_47135_length_477_cov_9.359788	274	354	7	2	80	0.0250000
NODE_47135_length_477_cov_9.359788	274	354	8	28	80	0.3500000
NODE_47139_length_477_cov_7.436508	230	304	0	30	74	0.4054054
NODE_47139_length_477_cov_7.436508	230	304	2	8	74	0.1081081
NODE_47139_length_477_cov_7.436508	230	304	4	36	74	0.4864865
NODE_47140_length_477_cov_7.433862	43	123	1	47	80	0.5875000
NODE_47140_length_477_cov_7.433862	43	123	2	33	80	0.4125000
NODE_47140_length_477_cov_7.433862	96	176	2	28	80	0.3500000
NODE_47140_length_477_cov_7.433862	96	176	4	52	80	0.6500000
NODE_47143_length_477_cov_6.846561	163	243	0	80	80	1.0000000
NODE_47143_length_477_cov_6.846561	216	296	0	80	80	1.0000000
NODE_47147_length_477_cov_5.677249	150	228	0	78	78	1.0000000
NODE_47148_length_477_cov_5.084656	227	288	0	27	61	0.4426230
NODE_47148_length_477_cov_5.084656	227	288	2	27	61	0.4426230
NODE_47148_length_477_cov_5.084656	227	288	3	7	61	0.1147541
NODE_47253_length_477_cov_1.629630	115	171	0	56	56	1.0000000
NODE_47253_length_477_cov_1.629630	167	224	0	57	57	1.0000000
NODE_47375_length_477_cov_0.859788	445	477	0	32	32	1.0000000
NODE_47427_length_476_cov_7.533156	221	301	2	9	80	0.1125000
NODE_47427_length_476_cov_7.533156	221	301	3	3	80	0.0375000
NODE_47427_length_476_cov_7.533156	221	301	4	68	80	0.8500000
NODE_47427_length_476_cov_7.533156	274	354	3	8	80	0.1000000
NODE_47427_length_476_cov_7.533156	274	354	4	43	80	0.5375000
NODE_47427_length_476_cov_7.533156	274	354	5	29	80	0.3625000
NODE_47529_length_476_cov_1.618037	385	444	0	59	59	1.0000000
NODE_47601_length_476_cov_1.129973	15	34	0	19	19	1.0000000
NODE_47620_length_476_cov_1.037135	180	243	0	42	63	0.6666667
NODE_47620_length_476_cov_1.037135	180	243	1	21	63	0.3333333
NODE_47620_length_476_cov_1.037135	237	296	1	36	59	0.6101695
NODE_47620_length_476_cov_1.037135	237	296	2	7	59	0.1186441
NODE_47620_length_476_cov_1.037135	237	296	3	16	59	0.2711864
NODE_47693_length_475_cov_34.460106	270	350	0	4	80	0.0500000
NODE_47693_length_475_cov_34.460106	270	350	1	76	80	0.9500000
NODE_47693_length_475_cov_34.460106	323	403	0	57	80	0.7125000
NODE_47693_length_475_cov_34.460106	323	403	1	23	80	0.2875000
NODE_47694_length_475_cov_30.087766	273	353	3	24	80	0.3000000
NODE_47694_length_475_cov_30.087766	273	353	4	9	80	0.1125000
NODE_47694_length_475_cov_30.087766	273	353	5	47	80	0.5875000
NODE_47694_length_475_cov_30.087766	326	406	2	51	80	0.6375000
NODE_47694_length_475_cov_30.087766	326	406	3	26	80	0.3250000
NODE_47694_length_475_cov_30.087766	326	406	4	3	80	0.0375000
NODE_47695_length_475_cov_10.247340	42	122	0	80	80	1.0000000
NODE_47701_length_475_cov_8.393617	9	89	0	46	80	0.5750000
NODE_47701_length_475_cov_8.393617	9	89	1	34	80	0.4250000
NODE_47701_length_475_cov_8.393617	62	142	1	80	80	1.0000000
NODE_47828_length_475_cov_1.531915	272	352	0	24	80	0.3000000
NODE_47828_length_475_cov_1.531915	272	352	2	21	80	0.2625000
NODE_47828_length_475_cov_1.531915	272	352	3	35	80	0.4375000
NODE_47839_length_475_cov_1.457447	50	93	0	43	43	1.0000000
NODE_47979_length_474_cov_49.453333	392	472	9	3	80	0.0375000
NODE_47979_length_474_cov_49.453333	392	472	10	2	80	0.0250000
NODE_47979_length_474_cov_49.453333	392	472	11	2	80	0.0250000
NODE_47979_length_474_cov_49.453333	392	472	12	1	80	0.0125000
NODE_47979_length_474_cov_49.453333	392	472	13	1	80	0.0125000
NODE_47979_length_474_cov_49.453333	392	472	17	2	80	0.0250000
NODE_47979_length_474_cov_49.453333	392	472	18	4	80	0.0500000
NODE_47979_length_474_cov_49.453333	392	472	19	1	80	0.0125000
NODE_47979_length_474_cov_49.453333	392	472	20	18	80	0.2250000
NODE_47979_length_474_cov_49.453333	392	472	23	2	80	0.0250000
NODE_47979_length_474_cov_49.453333	392	472	25	2	80	0.0250000
NODE_47979_length_474_cov_49.453333	392	472	26	6	80	0.0750000
NODE_47979_length_474_cov_49.453333	392	472	28	8	80	0.1000000
NODE_47979_length_474_cov_49.453333	392	472	29	6	80	0.0750000
NODE_47979_length_474_cov_49.453333	392	472	32	2	80	0.0250000
NODE_47979_length_474_cov_49.453333	392	472	33	2	80	0.0250000
NODE_47979_length_474_cov_49.453333	392	472	34	2	80	0.0250000
NODE_47979_length_474_cov_49.453333	392	472	36	2	80	0.0250000
NODE_47979_length_474_cov_49.453333	392	472	38	5	80	0.0625000
NODE_47979_length_474_cov_49.453333	392	472	40	1	80	0.0125000
NODE_47979_length_474_cov_49.453333	392	472	41	1	80	0.0125000
NODE_47979_length_474_cov_49.453333	392	472	42	4	80	0.0500000
NODE_47979_length_474_cov_49.453333	392	472	44	3	80	0.0375000
NODE_47979_length_474_cov_49.453333	445	474	8	2	29	0.0689655
NODE_47979_length_474_cov_49.453333	445	474	9	3	29	0.1034483
NODE_47979_length_474_cov_49.453333	445	474	10	2	29	0.0689655
NODE_47979_length_474_cov_49.453333	445	474	11	2	29	0.0689655
NODE_47979_length_474_cov_49.453333	445	474	12	1	29	0.0344828
NODE_47979_length_474_cov_49.453333	445	474	13	1	29	0.0344828
NODE_47979_length_474_cov_49.453333	445	474	17	2	29	0.0689655
NODE_47979_length_474_cov_49.453333	445	474	18	4	29	0.1379310
NODE_47979_length_474_cov_49.453333	445	474	19	1	29	0.0344828
NODE_47979_length_474_cov_49.453333	445	474	20	11	29	0.3793103
NODE_47981_length_474_cov_24.930667	287	367	0	23	80	0.2875000
NODE_47981_length_474_cov_24.930667	287	367	2	20	80	0.2500000
NODE_47981_length_474_cov_24.930667	287	367	4	37	80	0.4625000
NODE_47981_length_474_cov_24.930667	340	420	4	80	80	1.0000000
NODE_47982_length_474_cov_15.952000	258	338	1	1	80	0.0125000
NODE_47982_length_474_cov_15.952000	258	338	2	79	80	0.9875000
NODE_47982_length_474_cov_15.952000	311	391	2	80	80	1.0000000
NODE_48003_length_474_cov_3.986667	172	252	0	80	80	1.0000000
NODE_48015_length_474_cov_3.496000	163	243	0	8	80	0.1000000
NODE_48015_length_474_cov_3.496000	163	243	2	72	80	0.9000000
NODE_48038_length_474_cov_2.784000	259	300	0	41	41	1.0000000
NODE_48116_length_474_cov_1.538667	41	62	0	21	21	1.0000000
NODE_48181_length_474_cov_1.085333	0	50	0	50	50	1.0000000
NODE_48184_length_474_cov_1.056000	95	133	0	38	38	1.0000000
NODE_48266_length_473_cov_82.374332	123	203	5	66	80	0.8250000
NODE_48266_length_473_cov_82.374332	123	203	6	14	80	0.1750000
NODE_48266_length_473_cov_82.374332	176	256	3	20	80	0.2500000
NODE_48266_length_473_cov_82.374332	176	256	5	13	80	0.1625000
NODE_48266_length_473_cov_82.374332	176	256	6	37	80	0.4625000
NODE_48266_length_473_cov_82.374332	176	256	7	10	80	0.1250000
NODE_48267_length_473_cov_54.882353	199	279	1	80	80	1.0000000
NODE_48267_length_473_cov_54.882353	252	332	1	38	80	0.4750000
NODE_48267_length_473_cov_54.882353	252	332	2	42	80	0.5250000
NODE_48268_length_473_cov_48.997326	119	194	2	17	75	0.2266667
NODE_48268_length_473_cov_48.997326	119	194	3	40	75	0.5333334
NODE_48268_length_473_cov_48.997326	119	194	4	18	75	0.2400000
NODE_48268_length_473_cov_48.997326	119	194	2	17	75	0.2266667
NODE_48268_length_473_cov_48.997326	119	194	3	40	75	0.5333334
NODE_48268_length_473_cov_48.997326	119	194	4	18	75	0.2400000
NODE_48268_length_473_cov_48.997326	167	247	2	10	80	0.1250000
NODE_48268_length_473_cov_48.997326	167	247	3	20	80	0.2500000
NODE_48268_length_473_cov_48.997326	167	247	4	50	80	0.6250000
NODE_48269_length_473_cov_30.679144	174	254	0	15	80	0.1875000
NODE_48269_length_473_cov_30.679144	174	254	1	6	80	0.0750000
NODE_48269_length_473_cov_30.679144	174	254	2	59	80	0.7375000
NODE_48269_length_473_cov_30.679144	226	307	0	9	81	0.1111111
NODE_48269_length_473_cov_30.679144	226	307	1	6	81	0.0740741
NODE_48269_length_473_cov_30.679144	226	307	2	66	81	0.8148148
NODE_48269_length_473_cov_30.679144	227	307	0	8	80	0.1000000
NODE_48269_length_473_cov_30.679144	227	307	1	6	80	0.0750000
NODE_48269_length_473_cov_30.679144	227	307	2	66	80	0.8250000
NODE_48270_length_473_cov_24.967914	295	370	0	47	75	0.6266667
NODE_48270_length_473_cov_24.967914	295	370	1	13	75	0.1733333
NODE_48270_length_473_cov_24.967914	295	370	2	13	75	0.1733333
NODE_48270_length_473_cov_24.967914	295	370	3	2	75	0.0266667
NODE_48270_length_473_cov_24.967914	343	423	0	80	80	1.0000000
NODE_48271_length_473_cov_18.540107	168	248	4	2	80	0.0250000
NODE_48271_length_473_cov_18.540107	168	248	5	15	80	0.1875000
NODE_48271_length_473_cov_18.540107	168	248	6	63	80	0.7875000
NODE_48271_length_473_cov_18.540107	221	301	2	12	80	0.1500000
NODE_48271_length_473_cov_18.540107	221	301	3	8	80	0.1000000
NODE_48271_length_473_cov_18.540107	221	301	4	19	80	0.2375000
NODE_48271_length_473_cov_18.540107	221	301	5	16	80	0.2000000
NODE_48271_length_473_cov_18.540107	221	301	6	25	80	0.3125000
NODE_48272_length_473_cov_15.871658	143	223	1	80	80	1.0000000
NODE_48272_length_473_cov_15.871658	196	276	1	30	80	0.3750000
NODE_48272_length_473_cov_15.871658	196	276	2	50	80	0.6250000
NODE_48291_length_473_cov_4.363636	160	240	0	80	80	1.0000000
NODE_48291_length_473_cov_4.363636	213	293	0	80	80	1.0000000
NODE_48320_length_473_cov_2.959893	199	267	0	68	68	1.0000000
NODE_48325_length_473_cov_2.804813	207	269	0	62	62	1.0000000
NODE_48350_length_473_cov_2.251337	48	128	1	27	80	0.3375000
NODE_48350_length_473_cov_2.251337	48	128	2	53	80	0.6625000
NODE_48350_length_473_cov_2.251337	101	181	1	5	80	0.0625000
NODE_48350_length_473_cov_2.251337	101	181	2	75	80	0.9375000
NODE_48568_length_472_cov_50.077748	1	81	0	80	80	1.0000000
NODE_48568_length_472_cov_50.077748	1	81	0	80	80	1.0000000
NODE_48568_length_472_cov_50.077748	1	81	0	80	80	1.0000000
NODE_48568_length_472_cov_50.077748	1	81	0	80	80	1.0000000
NODE_48568_length_472_cov_50.077748	1	81	0	80	80	1.0000000
NODE_48568_length_472_cov_50.077748	10	81	0	71	71	1.0000000
NODE_48568_length_472_cov_50.077748	54	131	0	77	77	1.0000000
NODE_48568_length_472_cov_50.077748	54	131	0	77	77	1.0000000
NODE_48568_length_472_cov_50.077748	54	131	0	77	77	1.0000000
NODE_48568_length_472_cov_50.077748	130	204	0	74	74	1.0000000
NODE_48569_length_472_cov_10.469169	294	374	0	20	80	0.2500000
NODE_48569_length_472_cov_10.469169	294	374	2	60	80	0.7500000
NODE_48569_length_472_cov_10.469169	347	427	2	80	80	1.0000000
NODE_48570_length_472_cov_10.195710	143	223	0	80	80	1.0000000
NODE_48570_length_472_cov_10.195710	196	276	0	80	80	1.0000000
NODE_48593_length_472_cov_4.375335	165	245	0	80	80	1.0000000
NODE_48593_length_472_cov_4.375335	218	251	0	33	33	1.0000000
NODE_48614_length_472_cov_3.495979	305	349	0	44	44	1.0000000
NODE_48620_length_472_cov_3.093834	220	295	0	75	75	1.0000000
NODE_48638_length_472_cov_2.592493	431	471	0	40	40	1.0000000
NODE_48745_length_472_cov_1.294906	43	98	1	6	55	0.1090909
NODE_48745_length_472_cov_1.294906	43	98	2	49	55	0.8909091
NODE_48745_length_472_cov_1.294906	71	151	0	13	80	0.1625000
NODE_48745_length_472_cov_1.294906	71	151	1	46	80	0.5750000
NODE_48745_length_472_cov_1.294906	71	151	2	21	80	0.2625000
NODE_48768_length_472_cov_1.211796	106	126	1	20	20	1.0000000
NODE_48873_length_471_cov_39.319892	119	193	0	2	74	0.0270270
NODE_48873_length_471_cov_39.319892	119	193	1	19	74	0.2567568
NODE_48873_length_471_cov_39.319892	119	193	2	49	74	0.6621622
NODE_48873_length_471_cov_39.319892	119	193	3	3	74	0.0405405
NODE_48873_length_471_cov_39.319892	119	193	5	1	74	0.0135135
NODE_48874_length_471_cov_24.279570	185	265	1	20	80	0.2500000
NODE_48874_length_471_cov_24.279570	185	265	2	46	80	0.5750000
NODE_48874_length_471_cov_24.279570	185	265	3	14	80	0.1750000
NODE_48874_length_471_cov_24.279570	238	318	2	63	80	0.7875000
NODE_48874_length_471_cov_24.279570	238	318	3	17	80	0.2125000
NODE_48875_length_471_cov_19.669355	83	163	1	15	80	0.1875000
NODE_48875_length_471_cov_19.669355	83	163	2	1	80	0.0125000
NODE_48875_length_471_cov_19.669355	83	163	4	2	80	0.0250000
NODE_48875_length_471_cov_19.669355	83	163	5	15	80	0.1875000
NODE_48875_length_471_cov_19.669355	83	163	7	14	80	0.1750000
NODE_48875_length_471_cov_19.669355	83	163	8	33	80	0.4125000
NODE_48875_length_471_cov_19.669355	136	216	7	26	80	0.3250000
NODE_48875_length_471_cov_19.669355	136	216	8	54	80	0.6750000
NODE_48876_length_471_cov_14.387097	198	278	0	80	80	1.0000000
NODE_48876_length_471_cov_14.387097	251	331	0	80	80	1.0000000
NODE_48881_length_471_cov_6.948925	186	213	0	16	27	0.5925926
NODE_48881_length_471_cov_6.948925	186	213	1	11	27	0.4074074
NODE_48881_length_471_cov_6.948925	204	284	1	80	80	1.0000000
NODE_48881_length_471_cov_6.948925	244	275	1	31	31	1.0000000
NODE_48881_length_471_cov_6.948925	257	337	1	50	80	0.6250000
NODE_48881_length_471_cov_6.948925	257	337	2	30	80	0.3750000
NODE_48881_length_471_cov_6.948925	268	337	1	39	69	0.5652174
NODE_48881_length_471_cov_6.948925	268	337	2	30	69	0.4347826
NODE_48902_length_471_cov_3.803763	83	162	0	79	79	1.0000000
NODE_48902_length_471_cov_3.803763	135	215	0	28	80	0.3500000
NODE_48902_length_471_cov_3.803763	135	215	1	52	80	0.6500000
NODE_48924_length_471_cov_2.954301	284	315	2	17	31	0.5483871
NODE_48924_length_471_cov_2.954301	284	315	3	14	31	0.4516129
NODE_48957_length_471_cov_2.287634	133	200	4	2	67	0.0298507
NODE_48957_length_471_cov_2.287634	133	200	6	4	67	0.0597015
NODE_48957_length_471_cov_2.287634	133	200	7	6	67	0.0895522
NODE_48957_length_471_cov_2.287634	133	200	8	15	67	0.2238806
NODE_48957_length_471_cov_2.287634	133	200	10	40	67	0.5970149
NODE_49186_length_470_cov_57.078167	184	264	0	80	80	1.0000000
NODE_49186_length_470_cov_57.078167	237	317	0	80	80	1.0000000
NODE_49186_length_470_cov_57.078167	313	393	0	80	80	1.0000000
NODE_49186_length_470_cov_57.078167	366	446	0	80	80	1.0000000
NODE_49187_length_470_cov_34.035040	228	308	0	80	80	1.0000000
NODE_49187_length_470_cov_34.035040	281	361	0	80	80	1.0000000
NODE_49187_length_470_cov_34.035040	357	437	0	80	80	1.0000000
NODE_49187_length_470_cov_34.035040	410	470	0	60	60	1.0000000
NODE_49188_length_470_cov_15.539084	142	222	0	80	80	1.0000000
NODE_49188_length_470_cov_15.539084	195	275	0	80	80	1.0000000
NODE_49193_length_470_cov_6.070081	272	330	12	9	58	0.1551724
NODE_49193_length_470_cov_6.070081	272	330	14	3	58	0.0517241
NODE_49193_length_470_cov_6.070081	272	330	15	13	58	0.2241379
NODE_49193_length_470_cov_6.070081	272	330	17	3	58	0.0517241
NODE_49193_length_470_cov_6.070081	272	330	19	3	58	0.0517241
NODE_49193_length_470_cov_6.070081	272	330	20	1	58	0.0172414
NODE_49193_length_470_cov_6.070081	272	330	21	7	58	0.1206897
NODE_49193_length_470_cov_6.070081	272	330	22	6	58	0.1034483
NODE_49193_length_470_cov_6.070081	272	330	23	13	58	0.2241379
NODE_49193_length_470_cov_6.070081	325	383	2	1	58	0.0172414
NODE_49193_length_470_cov_6.070081	325	383	4	4	58	0.0689655
NODE_49193_length_470_cov_6.070081	325	383	5	15	58	0.2586207
NODE_49193_length_470_cov_6.070081	325	383	6	6	58	0.1034483
NODE_49193_length_470_cov_6.070081	325	383	7	19	58	0.3275862
NODE_49193_length_470_cov_6.070081	325	383	8	3	58	0.0517241
NODE_49193_length_470_cov_6.070081	325	383	9	2	58	0.0344828
NODE_49193_length_470_cov_6.070081	325	383	12	8	58	0.1379310
NODE_49215_length_470_cov_3.735849	194	251	0	57	57	1.0000000
NODE_49260_length_470_cov_2.363881	403	422	3	19	19	1.0000000
NODE_49260_length_470_cov_2.363881	403	422	3	19	19	1.0000000
NODE_49389_length_470_cov_1.142857	414	470	0	56	56	1.0000000
NODE_49502_length_469_cov_221.024324	150	228	16	17	78	0.2179487
NODE_49502_length_469_cov_221.024324	150	228	17	12	78	0.1538462
NODE_49502_length_469_cov_221.024324	150	228	18	4	78	0.0512821
NODE_49502_length_469_cov_221.024324	150	228	19	25	78	0.3205128
NODE_49502_length_469_cov_221.024324	150	228	20	17	78	0.2179487
NODE_49502_length_469_cov_221.024324	150	228	21	1	78	0.0128205
NODE_49502_length_469_cov_221.024324	150	228	22	2	78	0.0256410
NODE_49502_length_469_cov_221.024324	150	228	16	17	78	0.2179487
NODE_49502_length_469_cov_221.024324	150	228	17	12	78	0.1538462
NODE_49502_length_469_cov_221.024324	150	228	18	4	78	0.0512821
NODE_49502_length_469_cov_221.024324	150	228	19	25	78	0.3205128
NODE_49502_length_469_cov_221.024324	150	228	20	17	78	0.2179487
NODE_49502_length_469_cov_221.024324	150	228	21	1	78	0.0128205
NODE_49502_length_469_cov_221.024324	150	228	22	2	78	0.0256410
NODE_49502_length_469_cov_221.024324	150	219	16	17	69	0.2463768
NODE_49502_length_469_cov_221.024324	150	219	17	9	69	0.1304348
NODE_49502_length_469_cov_221.024324	150	219	18	3	69	0.0434783
NODE_49502_length_469_cov_221.024324	150	219	19	20	69	0.2898551
NODE_49502_length_469_cov_221.024324	150	219	20	17	69	0.2463768
NODE_49502_length_469_cov_221.024324	150	219	21	1	69	0.0144928
NODE_49502_length_469_cov_221.024324	150	219	22	2	69	0.0289855
NODE_49557_length_469_cov_2.686486	263	343	0	67	80	0.8375000
NODE_49557_length_469_cov_2.686486	263	343	1	13	80	0.1625000
NODE_49561_length_469_cov_2.521622	237	289	0	52	52	1.0000000
NODE_49579_length_469_cov_2.224324	279	331	0	4	52	0.0769231
NODE_49579_length_469_cov_2.224324	279	331	2	34	52	0.6538461
NODE_49579_length_469_cov_2.224324	279	331	4	14	52	0.2692308
NODE_49796_length_468_cov_8.043360	190	250	0	60	60	1.0000000
NODE_49796_length_468_cov_8.043360	223	303	0	80	80	1.0000000
NODE_49800_length_468_cov_6.046070	152	232	0	80	80	1.0000000
NODE_49800_length_468_cov_6.046070	205	285	0	80	80	1.0000000
NODE_49801_length_468_cov_5.997290	81	161	0	9	80	0.1125000
NODE_49801_length_468_cov_5.997290	81	161	1	2	80	0.0250000
NODE_49801_length_468_cov_5.997290	81	161	2	22	80	0.2750000
NODE_49801_length_468_cov_5.997290	81	161	3	47	80	0.5875000
NODE_49801_length_468_cov_5.997290	134	214	3	67	80	0.8375000
NODE_49801_length_468_cov_5.997290	134	214	5	13	80	0.1625000
NODE_49801_length_468_cov_5.997290	210	270	2	6	60	0.1000000
NODE_49801_length_468_cov_5.997290	210	270	3	22	60	0.3666667
NODE_49801_length_468_cov_5.997290	210	270	4	2	60	0.0333333
NODE_49801_length_468_cov_5.997290	210	270	5	30	60	0.5000000
NODE_49803_length_468_cov_5.872629	133	201	0	68	68	1.0000000
NODE_49807_length_468_cov_5.384824	305	356	0	5	51	0.0980392
NODE_49807_length_468_cov_5.384824	305	356	1	46	51	0.9019608
NODE_49894_length_468_cov_2.067751	45	96	0	51	51	1.0000000
NODE_49913_length_468_cov_1.891599	4	63	0	59	59	1.0000000
NODE_49928_length_468_cov_1.758808	140	218	0	78	78	1.0000000
NODE_49928_length_468_cov_1.758808	191	257	0	66	66	1.0000000
NODE_49974_length_468_cov_1.390244	291	310	0	19	19	1.0000000
NODE_49974_length_468_cov_1.390244	369	405	0	36	36	1.0000000
NODE_50133_length_467_cov_14.100543	176	256	0	19	80	0.2375000
NODE_50133_length_467_cov_14.100543	176	256	2	61	80	0.7625000
NODE_50134_length_467_cov_11.902174	193	236	1	39	43	0.9069768
NODE_50134_length_467_cov_11.902174	193	236	2	4	43	0.0930233
NODE_50135_length_467_cov_10.875000	226	306	1	80	80	1.0000000
NODE_50135_length_467_cov_10.875000	279	359	0	8	80	0.1000000
NODE_50135_length_467_cov_10.875000	279	359	1	72	80	0.9000000
NODE_50144_length_467_cov_6.625000	206	275	0	69	69	1.0000000
NODE_50144_length_467_cov_6.625000	257	328	0	71	71	1.0000000
NODE_50197_length_467_cov_2.709239	247	327	0	57	80	0.7125000
NODE_50197_length_467_cov_2.709239	247	327	1	23	80	0.2875000
NODE_50215_length_467_cov_2.296196	284	329	2	9	45	0.2000000
NODE_50215_length_467_cov_2.296196	284	329	3	11	45	0.2444444
NODE_50215_length_467_cov_2.296196	284	329	4	25	45	0.5555556
NODE_50238_length_467_cov_2.027174	218	269	0	51	51	1.0000000
NODE_50252_length_467_cov_1.836957	55	118	0	31	63	0.4920635
NODE_50252_length_467_cov_1.836957	55	118	2	32	63	0.5079365
NODE_50267_length_467_cov_1.603261	92	141	0	49	49	1.0000000
NODE_50283_length_467_cov_1.426630	135	183	0	42	48	0.8750000
NODE_50283_length_467_cov_1.426630	135	183	2	6	48	0.1250000
NODE_50447_length_466_cov_42.839237	0	47	0	47	47	1.0000000
NODE_50447_length_466_cov_42.839237	20	100	0	80	80	1.0000000
NODE_50447_length_466_cov_42.839237	96	176	0	32	80	0.4000000
NODE_50447_length_466_cov_42.839237	96	176	2	5	80	0.0625000
NODE_50447_length_466_cov_42.839237	96	176	4	7	80	0.0875000
NODE_50447_length_466_cov_42.839237	96	176	5	36	80	0.4500000
NODE_50447_length_466_cov_42.839237	149	229	5	80	80	1.0000000
NODE_50448_length_466_cov_36.901907	85	165	2	33	80	0.4125000
NODE_50448_length_466_cov_36.901907	85	165	4	47	80	0.5875000
NODE_50448_length_466_cov_36.901907	138	218	1	14	80	0.1750000
NODE_50448_length_466_cov_36.901907	138	218	2	66	80	0.8250000
NODE_50448_length_466_cov_36.901907	214	294	0	76	80	0.9500000
NODE_50448_length_466_cov_36.901907	214	294	1	4	80	0.0500000
NODE_50448_length_466_cov_36.901907	267	347	0	80	80	1.0000000
NODE_50457_length_466_cov_5.122616	275	316	0	41	41	1.0000000
NODE_50457_length_466_cov_5.122616	276	316	0	40	40	1.0000000
NODE_50457_length_466_cov_5.122616	289	338	0	49	49	1.0000000
NODE_50515_length_466_cov_2.602180	9	90	0	81	81	1.0000000
NODE_50515_length_466_cov_2.602180	312	341	0	29	29	1.0000000
NODE_50549_length_466_cov_2.108992	130	182	1	52	52	1.0000000
NODE_50562_length_466_cov_1.980926	183	265	0	82	82	1.0000000
NODE_50787_length_465_cov_13.019126	170	250	0	80	80	1.0000000
NODE_50787_length_465_cov_13.019126	223	301	0	78	78	1.0000000
NODE_50799_length_465_cov_5.363388	316	393	0	77	77	1.0000000
NODE_50800_length_465_cov_4.898907	376	406	0	30	30	1.0000000
NODE_50869_length_465_cov_2.366120	147	227	0	80	80	1.0000000
NODE_50869_length_465_cov_2.366120	200	271	0	71	71	1.0000000
NODE_50911_length_465_cov_1.737705	338	383	0	45	45	1.0000000
NODE_51100_length_464_cov_8.473973	209	289	0	80	80	1.0000000
NODE_51100_length_464_cov_8.473973	262	342	0	80	80	1.0000000
NODE_51148_length_464_cov_2.528767	136	199	0	63	63	1.0000000
NODE_51167_length_464_cov_2.134247	130	203	0	73	73	1.0000000
NODE_51186_length_464_cov_1.901370	58	138	3	22	80	0.2750000
NODE_51186_length_464_cov_1.901370	58	138	4	57	80	0.7125000
NODE_51186_length_464_cov_1.901370	58	138	6	1	80	0.0125000
NODE_51203_length_464_cov_1.706849	186	265	0	51	79	0.6455696
NODE_51203_length_464_cov_1.706849	186	265	1	28	79	0.3544304
NODE_51377_length_463_cov_64.420330	375	455	1	1	80	0.0125000
NODE_51377_length_463_cov_64.420330	375	455	2	15	80	0.1875000
NODE_51377_length_463_cov_64.420330	375	455	3	22	80	0.2750000
NODE_51377_length_463_cov_64.420330	375	455	4	5	80	0.0625000
NODE_51377_length_463_cov_64.420330	375	455	5	30	80	0.3750000
NODE_51377_length_463_cov_64.420330	375	455	6	1	80	0.0125000
NODE_51377_length_463_cov_64.420330	375	455	7	6	80	0.0750000
NODE_51377_length_463_cov_64.420330	375	455	1	1	80	0.0125000
NODE_51377_length_463_cov_64.420330	375	455	2	15	80	0.1875000
NODE_51377_length_463_cov_64.420330	375	455	3	22	80	0.2750000
NODE_51377_length_463_cov_64.420330	375	455	4	5	80	0.0625000
NODE_51377_length_463_cov_64.420330	375	455	5	30	80	0.3750000
NODE_51377_length_463_cov_64.420330	375	455	6	1	80	0.0125000
NODE_51377_length_463_cov_64.420330	375	455	7	6	80	0.0750000
NODE_51377_length_463_cov_64.420330	375	455	1	1	80	0.0125000
NODE_51377_length_463_cov_64.420330	375	455	2	15	80	0.1875000
NODE_51377_length_463_cov_64.420330	375	455	3	22	80	0.2750000
NODE_51377_length_463_cov_64.420330	375	455	4	5	80	0.0625000
NODE_51377_length_463_cov_64.420330	375	455	5	30	80	0.3750000
NODE_51377_length_463_cov_64.420330	375	455	6	1	80	0.0125000
NODE_51377_length_463_cov_64.420330	375	455	7	6	80	0.0750000
NODE_51377_length_463_cov_64.420330	375	455	1	1	80	0.0125000
NODE_51377_length_463_cov_64.420330	375	455	2	15	80	0.1875000
NODE_51377_length_463_cov_64.420330	375	455	3	22	80	0.2750000
NODE_51377_length_463_cov_64.420330	375	455	4	5	80	0.0625000
NODE_51377_length_463_cov_64.420330	375	455	5	30	80	0.3750000
NODE_51377_length_463_cov_64.420330	375	455	6	1	80	0.0125000
NODE_51377_length_463_cov_64.420330	375	455	7	6	80	0.0750000
NODE_51377_length_463_cov_64.420330	375	455	1	1	80	0.0125000
NODE_51377_length_463_cov_64.420330	375	455	2	15	80	0.1875000
NODE_51377_length_463_cov_64.420330	375	455	3	22	80	0.2750000
NODE_51377_length_463_cov_64.420330	375	455	4	5	80	0.0625000
NODE_51377_length_463_cov_64.420330	375	455	5	30	80	0.3750000
NODE_51377_length_463_cov_64.420330	375	455	6	1	80	0.0125000
NODE_51377_length_463_cov_64.420330	375	455	7	6	80	0.0750000
NODE_51378_length_463_cov_49.673077	0	71	0	34	71	0.4788733
NODE_51378_length_463_cov_49.673077	0	71	2	37	71	0.5211267
NODE_51378_length_463_cov_49.673077	44	121	2	77	77	1.0000000
NODE_51379_length_463_cov_41.005495	8	88	0	6	80	0.0750000
NODE_51379_length_463_cov_41.005495	8	88	1	2	80	0.0250000
NODE_51379_length_463_cov_41.005495	8	88	2	12	80	0.1500000
NODE_51379_length_463_cov_41.005495	8	88	3	2	80	0.0250000
NODE_51379_length_463_cov_41.005495	8	88	4	47	80	0.5875000
NODE_51379_length_463_cov_41.005495	8	88	6	10	80	0.1250000
NODE_51379_length_463_cov_41.005495	8	88	8	1	80	0.0125000
NODE_51379_length_463_cov_41.005495	61	141	4	16	80	0.2000000
NODE_51379_length_463_cov_41.005495	61	141	6	10	80	0.1250000
NODE_51379_length_463_cov_41.005495	61	141	8	54	80	0.6750000
NODE_51380_length_463_cov_30.626374	318	398	0	31	80	0.3875000
NODE_51380_length_463_cov_30.626374	318	398	2	49	80	0.6125000
NODE_51380_length_463_cov_30.626374	371	451	0	21	80	0.2625000
NODE_51380_length_463_cov_30.626374	371	451	2	59	80	0.7375000
NODE_51381_length_463_cov_27.475275	211	291	3	11	80	0.1375000
NODE_51381_length_463_cov_27.475275	211	291	4	1	80	0.0125000
NODE_51381_length_463_cov_27.475275	211	291	5	68	80	0.8500000
NODE_51381_length_463_cov_27.475275	264	344	1	28	80	0.3500000
NODE_51381_length_463_cov_27.475275	264	344	2	8	80	0.1000000
NODE_51381_length_463_cov_27.475275	264	344	3	28	80	0.3500000
NODE_51381_length_463_cov_27.475275	264	344	5	16	80	0.2000000
NODE_51383_length_463_cov_11.211538	304	377	4	34	73	0.4657534
NODE_51383_length_463_cov_11.211538	304	377	6	39	73	0.5342466
NODE_51383_length_463_cov_11.211538	350	430	2	1	80	0.0125000
NODE_51383_length_463_cov_11.211538	350	430	3	28	80	0.3500000
NODE_51383_length_463_cov_11.211538	350	430	4	51	80	0.6375000
NODE_51391_length_463_cov_5.711538	181	261	0	35	80	0.4375000
NODE_51391_length_463_cov_5.711538	181	261	1	1	80	0.0125000
NODE_51391_length_463_cov_5.711538	181	261	2	44	80	0.5500000
NODE_51391_length_463_cov_5.711538	234	314	0	13	80	0.1625000
NODE_51391_length_463_cov_5.711538	234	314	2	67	80	0.8375000
NODE_51399_length_463_cov_4.398352	119	169	0	50	50	1.0000000
NODE_51402_length_463_cov_4.186813	175	233	2	58	58	1.0000000
NODE_51402_length_463_cov_4.186813	206	251	2	45	45	1.0000000
NODE_51408_length_463_cov_3.846154	235	268	0	33	33	1.0000000
NODE_51421_length_463_cov_3.063187	193	248	0	55	55	1.0000000
NODE_51421_length_463_cov_3.063187	222	301	0	79	79	1.0000000
NODE_51680_length_462_cov_21.876033	93	173	2	80	80	1.0000000
NODE_51680_length_462_cov_21.876033	146	226	0	25	80	0.3125000
NODE_51680_length_462_cov_21.876033	146	226	1	18	80	0.2250000
NODE_51680_length_462_cov_21.876033	146	226	2	37	80	0.4625000
NODE_51687_length_462_cov_5.033058	93	154	0	61	61	1.0000000
NODE_51687_length_462_cov_5.033058	159	209	0	50	50	1.0000000
NODE_51699_length_462_cov_4.101928	168	246	0	37	78	0.4743590
NODE_51699_length_462_cov_4.101928	168	246	1	1	78	0.0128205
NODE_51699_length_462_cov_4.101928	168	246	2	40	78	0.5128205
NODE_51699_length_462_cov_4.101928	184	208	0	21	24	0.8750000
NODE_51699_length_462_cov_4.101928	184	208	1	1	24	0.0416667
NODE_51699_length_462_cov_4.101928	184	208	2	2	24	0.0833333
NODE_51699_length_462_cov_4.101928	219	299	2	80	80	1.0000000
NODE_51708_length_462_cov_3.630854	149	194	1	33	45	0.7333333
NODE_51708_length_462_cov_3.630854	149	194	2	12	45	0.2666667
NODE_51720_length_462_cov_3.079890	103	147	0	44	44	1.0000000
NODE_51735_length_462_cov_2.677686	78	118	0	40	40	1.0000000
NODE_51763_length_462_cov_2.209366	18	58	0	40	40	1.0000000
NODE_51817_length_462_cov_1.570248	68	113	0	45	45	1.0000000
NODE_51995_length_461_cov_35.116022	0	79	0	79	79	1.0000000
NODE_51995_length_461_cov_35.116022	52	132	0	80	80	1.0000000
NODE_51996_length_461_cov_11.124309	77	157	3	46	80	0.5750000
NODE_51996_length_461_cov_11.124309	77	157	4	13	80	0.1625000
NODE_51996_length_461_cov_11.124309	77	157	5	3	80	0.0375000
NODE_51996_length_461_cov_11.124309	77	157	6	18	80	0.2250000
NODE_51996_length_461_cov_11.124309	130	210	3	7	80	0.0875000
NODE_51996_length_461_cov_11.124309	130	210	4	31	80	0.3875000
NODE_51996_length_461_cov_11.124309	130	210	5	3	80	0.0375000
NODE_51996_length_461_cov_11.124309	130	210	6	39	80	0.4875000
NODE_52010_length_461_cov_5.361878	246	322	3	65	76	0.8552632
NODE_52010_length_461_cov_5.361878	246	322	4	11	76	0.1447368
NODE_52018_length_461_cov_4.472376	268	333	0	65	65	1.0000000
NODE_52021_length_461_cov_4.168508	159	234	0	75	75	1.0000000
NODE_52047_length_461_cov_2.892265	233	312	2	79	79	1.0000000
NODE_52073_length_461_cov_2.392265	186	223	1	37	37	1.0000000
NODE_52154_length_461_cov_1.389503	283	349	0	66	66	1.0000000
NODE_52292_length_460_cov_172.986150	0	68	11	2	68	0.0294118
NODE_52292_length_460_cov_172.986150	0	68	13	2	68	0.0294118
NODE_52292_length_460_cov_172.986150	0	68	14	1	68	0.0147059
NODE_52292_length_460_cov_172.986150	0	68	15	2	68	0.0294118
NODE_52292_length_460_cov_172.986150	0	68	18	3	68	0.0441176
NODE_52292_length_460_cov_172.986150	0	68	19	1	68	0.0147059
NODE_52292_length_460_cov_172.986150	0	68	21	1	68	0.0147059
NODE_52292_length_460_cov_172.986150	0	68	23	1	68	0.0147059
NODE_52292_length_460_cov_172.986150	0	68	25	2	68	0.0294118
NODE_52292_length_460_cov_172.986150	0	68	27	1	68	0.0147059
NODE_52292_length_460_cov_172.986150	0	68	29	2	68	0.0294118
NODE_52292_length_460_cov_172.986150	0	68	33	1	68	0.0147059
NODE_52292_length_460_cov_172.986150	0	68	40	3	68	0.0441176
NODE_52292_length_460_cov_172.986150	0	68	41	1	68	0.0147059
NODE_52292_length_460_cov_172.986150	0	68	46	6	68	0.0882353
NODE_52292_length_460_cov_172.986150	0	68	47	2	68	0.0294118
NODE_52292_length_460_cov_172.986150	0	68	48	4	68	0.0588235
NODE_52292_length_460_cov_172.986150	0	68	49	4	68	0.0588235
NODE_52292_length_460_cov_172.986150	0	68	52	1	68	0.0147059
NODE_52292_length_460_cov_172.986150	0	68	53	2	68	0.0294118
NODE_52292_length_460_cov_172.986150	0	68	54	2	68	0.0294118
NODE_52292_length_460_cov_172.986150	0	68	56	2	68	0.0294118
NODE_52292_length_460_cov_172.986150	0	68	57	1	68	0.0147059
NODE_52292_length_460_cov_172.986150	0	68	58	1	68	0.0147059
NODE_52292_length_460_cov_172.986150	0	68	60	2	68	0.0294118
NODE_52292_length_460_cov_172.986150	0	68	65	2	68	0.0294118
NODE_52292_length_460_cov_172.986150	0	68	66	2	68	0.0294118
NODE_52292_length_460_cov_172.986150	0	68	70	1	68	0.0147059
NODE_52292_length_460_cov_172.986150	0	68	72	1	68	0.0147059
NODE_52292_length_460_cov_172.986150	0	68	74	2	68	0.0294118
NODE_52292_length_460_cov_172.986150	0	68	75	1	68	0.0147059
NODE_52292_length_460_cov_172.986150	0	68	76	1	68	0.0147059
NODE_52292_length_460_cov_172.986150	0	68	77	2	68	0.0294118
NODE_52292_length_460_cov_172.986150	0	68	81	2	68	0.0294118
NODE_52292_length_460_cov_172.986150	0	68	82	2	68	0.0294118
NODE_52292_length_460_cov_172.986150	0	68	83	2	68	0.0294118
NODE_52292_length_460_cov_172.986150	41	121	53	1	80	0.0125000
NODE_52292_length_460_cov_172.986150	41	121	54	2	80	0.0250000
NODE_52292_length_460_cov_172.986150	41	121	56	2	80	0.0250000
NODE_52292_length_460_cov_172.986150	41	121	57	1	80	0.0125000
NODE_52292_length_460_cov_172.986150	41	121	58	1	80	0.0125000
NODE_52292_length_460_cov_172.986150	41	121	60	2	80	0.0250000
NODE_52292_length_460_cov_172.986150	41	121	65	2	80	0.0250000
NODE_52292_length_460_cov_172.986150	41	121	66	2	80	0.0250000
NODE_52292_length_460_cov_172.986150	41	121	70	1	80	0.0125000
NODE_52292_length_460_cov_172.986150	41	121	72	1	80	0.0125000
NODE_52292_length_460_cov_172.986150	41	121	74	2	80	0.0250000
NODE_52292_length_460_cov_172.986150	41	121	75	1	80	0.0125000
NODE_52292_length_460_cov_172.986150	41	121	76	1	80	0.0125000
NODE_52292_length_460_cov_172.986150	41	121	77	2	80	0.0250000
NODE_52292_length_460_cov_172.986150	41	121	81	2	80	0.0250000
NODE_52292_length_460_cov_172.986150	41	121	82	2	80	0.0250000
NODE_52292_length_460_cov_172.986150	41	121	83	2	80	0.0250000
NODE_52292_length_460_cov_172.986150	41	121	87	2	80	0.0250000
NODE_52292_length_460_cov_172.986150	41	121	88	2	80	0.0250000
NODE_52292_length_460_cov_172.986150	41	121	89	2	80	0.0250000
NODE_52292_length_460_cov_172.986150	41	121	90	1	80	0.0125000
NODE_52292_length_460_cov_172.986150	41	121	91	2	80	0.0250000
NODE_52292_length_460_cov_172.986150	41	121	94	1	80	0.0125000
NODE_52292_length_460_cov_172.986150	41	121	95	1	80	0.0125000
NODE_52292_length_460_cov_172.986150	41	121	96	1	80	0.0125000
NODE_52292_length_460_cov_172.986150	41	121	98	1	80	0.0125000
NODE_52292_length_460_cov_172.986150	41	121	99	1	80	0.0125000
NODE_52292_length_460_cov_172.986150	41	121	101	4	80	0.0500000
NODE_52292_length_460_cov_172.986150	41	121	103	3	80	0.0375000
NODE_52292_length_460_cov_172.986150	41	121	105	4	80	0.0500000
NODE_52292_length_460_cov_172.986150	41	121	112	1	80	0.0125000
NODE_52292_length_460_cov_172.986150	41	121	113	1	80	0.0125000
NODE_52292_length_460_cov_172.986150	41	121	114	2	80	0.0250000
NODE_52292_length_460_cov_172.986150	41	121	116	1	80	0.0125000
NODE_52292_length_460_cov_172.986150	41	121	117	1	80	0.0125000
NODE_52292_length_460_cov_172.986150	41	121	119	4	80	0.0500000
NODE_52292_length_460_cov_172.986150	41	121	121	5	80	0.0625000
NODE_52292_length_460_cov_172.986150	41	121	122	1	80	0.0125000
NODE_52292_length_460_cov_172.986150	41	121	127	1	80	0.0125000
NODE_52292_length_460_cov_172.986150	41	121	132	1	80	0.0125000
NODE_52292_length_460_cov_172.986150	41	121	133	1	80	0.0125000
NODE_52292_length_460_cov_172.986150	41	121	134	3	80	0.0375000
NODE_52292_length_460_cov_172.986150	41	121	144	2	80	0.0250000
NODE_52292_length_460_cov_172.986150	41	121	145	3	80	0.0375000
NODE_52292_length_460_cov_172.986150	41	121	148	1	80	0.0125000
NODE_52293_length_460_cov_62.512465	9	48	1	35	39	0.8974359
NODE_52293_length_460_cov_62.512465	9	48	2	4	39	0.1025641
NODE_52294_length_460_cov_33.146814	0	47	0	47	47	1.0000000
NODE_52294_length_460_cov_33.146814	43	115	0	72	72	1.0000000
NODE_52294_length_460_cov_33.146814	96	165	0	69	69	1.0000000
NODE_52295_length_460_cov_26.049861	0	63	0	7	63	0.1111111
NODE_52295_length_460_cov_26.049861	0	63	2	44	63	0.6984127
NODE_52295_length_460_cov_26.049861	0	63	4	6	63	0.0952381
NODE_52295_length_460_cov_26.049861	0	63	6	6	63	0.0952381
NODE_52296_length_460_cov_25.709141	246	326	0	80	80	1.0000000
NODE_52296_length_460_cov_25.709141	299	379	0	80	80	1.0000000
NODE_52297_length_460_cov_11.063712	273	353	0	80	80	1.0000000
NODE_52297_length_460_cov_11.063712	326	406	0	80	80	1.0000000
NODE_52303_length_460_cov_7.285319	172	250	0	78	78	1.0000000
NODE_52312_length_460_cov_5.163435	120	200	3	68	80	0.8500000
NODE_52312_length_460_cov_5.163435	120	200	4	12	80	0.1500000
NODE_52312_length_460_cov_5.163435	173	253	3	33	80	0.4125000
NODE_52312_length_460_cov_5.163435	173	253	4	47	80	0.5875000
NODE_52333_length_460_cov_3.457064	150	230	0	54	80	0.6750000
NODE_52333_length_460_cov_3.457064	150	230	2	26	80	0.3250000
NODE_52333_length_460_cov_3.457064	203	246	0	1	43	0.0232558
NODE_52333_length_460_cov_3.457064	203	246	2	42	43	0.9767442
NODE_52339_length_460_cov_3.027701	167	230	1	6	63	0.0952381
NODE_52339_length_460_cov_3.027701	167	230	2	57	63	0.9047619
NODE_52347_length_460_cov_2.819945	195	266	0	5	71	0.0704225
NODE_52347_length_460_cov_2.819945	195	266	2	66	71	0.9295775
NODE_52358_length_460_cov_2.626039	223	277	0	54	54	1.0000000
NODE_52612_length_459_cov_34.927778	165	239	0	74	74	1.0000000
NODE_52612_length_459_cov_34.927778	212	292	0	80	80	1.0000000
NODE_52617_length_459_cov_7.261111	143	189	3	1	46	0.0217391
NODE_52617_length_459_cov_7.261111	143	189	5	45	46	0.9782609
NODE_52617_length_459_cov_7.261111	162	242	5	80	80	1.0000000
NODE_52635_length_459_cov_4.127778	153	233	2	80	80	1.0000000
NODE_52685_length_459_cov_2.158333	219	285	0	66	66	1.0000000
NODE_52685_length_459_cov_2.158333	283	342	0	59	59	1.0000000
NODE_52704_length_459_cov_1.722222	280	353	0	73	73	1.0000000
NODE_52920_length_458_cov_71.047354	0	51	0	42	51	0.8235294
NODE_52920_length_458_cov_71.047354	0	51	2	9	51	0.1764706
NODE_52920_length_458_cov_71.047354	24	104	0	18	80	0.2250000
NODE_52920_length_458_cov_71.047354	24	104	2	27	80	0.3375000
NODE_52920_length_458_cov_71.047354	24	104	3	19	80	0.2375000
NODE_52920_length_458_cov_71.047354	24	104	4	16	80	0.2000000
NODE_52920_length_458_cov_71.047354	100	180	4	27	80	0.3375000
NODE_52920_length_458_cov_71.047354	100	180	6	2	80	0.0250000
NODE_52920_length_458_cov_71.047354	100	180	8	15	80	0.1875000
NODE_52920_length_458_cov_71.047354	100	180	9	10	80	0.1250000
NODE_52920_length_458_cov_71.047354	100	180	10	26	80	0.3250000
NODE_52920_length_458_cov_71.047354	153	233	8	1	80	0.0125000
NODE_52920_length_458_cov_71.047354	153	233	9	13	80	0.1625000
NODE_52920_length_458_cov_71.047354	153	233	10	40	80	0.5000000
NODE_52920_length_458_cov_71.047354	153	233	11	11	80	0.1375000
NODE_52920_length_458_cov_71.047354	153	233	12	15	80	0.1875000
NODE_52921_length_458_cov_47.966574	151	231	0	80	80	1.0000000
NODE_52921_length_458_cov_47.966574	204	284	0	80	80	1.0000000
NODE_52921_length_458_cov_47.966574	280	360	0	80	80	1.0000000
NODE_52921_length_458_cov_47.966574	333	413	0	80	80	1.0000000
NODE_52924_length_458_cov_9.935933	267	347	4	10	80	0.1250000
NODE_52924_length_458_cov_9.935933	267	347	6	10	80	0.1250000
NODE_52924_length_458_cov_9.935933	267	347	7	12	80	0.1500000
NODE_52924_length_458_cov_9.935933	267	347	8	48	80	0.6000000
NODE_52924_length_458_cov_9.935933	320	400	4	17	80	0.2125000
NODE_52924_length_458_cov_9.935933	320	400	6	3	80	0.0375000
NODE_52924_length_458_cov_9.935933	320	400	7	25	80	0.3125000
NODE_52924_length_458_cov_9.935933	320	400	8	35	80	0.4375000
NODE_52929_length_458_cov_7.598886	87	167	1	47	80	0.5875000
NODE_52929_length_458_cov_7.598886	87	167	2	33	80	0.4125000
NODE_52967_length_458_cov_3.061281	62	91	0	29	29	1.0000000
NODE_52967_length_458_cov_3.061281	185	224	1	39	39	1.0000000
NODE_52992_length_458_cov_2.454039	210	251	1	41	41	1.0000000
NODE_53107_length_458_cov_1.139276	242	289	0	47	47	1.0000000
NODE_53107_length_458_cov_1.139276	262	328	0	66	66	1.0000000
NODE_53205_length_457_cov_20.754190	123	203	3	60	80	0.7500000
NODE_53205_length_457_cov_20.754190	123	203	4	13	80	0.1625000
NODE_53205_length_457_cov_20.754190	123	203	5	7	80	0.0875000
NODE_53205_length_457_cov_20.754190	176	256	2	8	80	0.1000000
NODE_53205_length_457_cov_20.754190	176	256	3	33	80	0.4125000
NODE_53205_length_457_cov_20.754190	176	256	4	32	80	0.4000000
NODE_53205_length_457_cov_20.754190	176	256	5	7	80	0.0875000
NODE_53207_length_457_cov_13.918994	218	298	0	80	80	1.0000000
NODE_53207_length_457_cov_13.918994	218	298	0	80	80	1.0000000
NODE_53207_length_457_cov_13.918994	218	298	0	80	80	1.0000000
NODE_53207_length_457_cov_13.918994	218	298	0	80	80	1.0000000
NODE_53207_length_457_cov_13.918994	271	320	0	49	49	1.0000000
NODE_53207_length_457_cov_13.918994	271	320	0	49	49	1.0000000
NODE_53207_length_457_cov_13.918994	271	320	0	49	49	1.0000000
NODE_53216_length_457_cov_6.050279	264	326	0	62	62	1.0000000
NODE_53220_length_457_cov_5.078212	71	149	0	78	78	1.0000000
NODE_53220_length_457_cov_5.078212	122	202	0	80	80	1.0000000
NODE_53225_length_457_cov_4.530726	193	273	1	37	80	0.4625000
NODE_53225_length_457_cov_4.530726	193	273	2	38	80	0.4750000
NODE_53225_length_457_cov_4.530726	193	273	3	5	80	0.0625000
NODE_53225_length_457_cov_4.530726	246	315	1	22	69	0.3188406
NODE_53225_length_457_cov_4.530726	246	315	2	7	69	0.1014493
NODE_53225_length_457_cov_4.530726	246	315	3	40	69	0.5797101
NODE_53230_length_457_cov_3.986034	192	272	0	41	80	0.5125000
NODE_53230_length_457_cov_3.986034	192	272	1	6	80	0.0750000
NODE_53230_length_457_cov_3.986034	192	272	2	33	80	0.4125000
NODE_53267_length_457_cov_2.636872	117	197	4	80	80	1.0000000
NODE_53462_length_457_cov_0.916201	108	188	0	80	80	1.0000000
NODE_53462_length_457_cov_0.916201	108	188	0	80	80	1.0000000
NODE_53462_length_457_cov_0.916201	161	241	0	80	80	1.0000000
NODE_53462_length_457_cov_0.916201	161	241	0	80	80	1.0000000
NODE_53512_length_456_cov_34.731092	0	63	0	63	63	1.0000000
NODE_53512_length_456_cov_34.731092	36	116	0	80	80	1.0000000
NODE_53512_length_456_cov_34.731092	112	194	0	82	82	1.0000000
NODE_53532_length_456_cov_4.582633	269	349	0	80	80	1.0000000
NODE_53533_length_456_cov_4.554622	124	206	0	82	82	1.0000000
NODE_53533_length_456_cov_4.554622	179	263	0	65	84	0.7738096
NODE_53533_length_456_cov_4.554622	179	263	1	19	84	0.2261905
NODE_53546_length_456_cov_3.669468	123	186	1	63	63	1.0000000
NODE_53566_length_456_cov_2.921569	302	362	0	60	60	1.0000000
NODE_53859_length_455_cov_113.589888	137	220	7	30	83	0.3614458
NODE_53859_length_455_cov_113.589888	137	220	9	42	83	0.5060241
NODE_53859_length_455_cov_113.589888	137	220	10	11	83	0.1325301
NODE_53859_length_455_cov_113.589888	198	268	9	15	70	0.2142857
NODE_53859_length_455_cov_113.589888	198	268	10	18	70	0.2571429
NODE_53859_length_455_cov_113.589888	198	268	11	1	70	0.0142857
NODE_53859_length_455_cov_113.589888	198	268	12	4	70	0.0571429
NODE_53859_length_455_cov_113.589888	198	268	13	1	70	0.0142857
NODE_53859_length_455_cov_113.589888	198	268	14	6	70	0.0857143
NODE_53859_length_455_cov_113.589888	198	268	15	4	70	0.0571429
NODE_53859_length_455_cov_113.589888	198	268	16	19	70	0.2714286
NODE_53859_length_455_cov_113.589888	198	268	18	2	70	0.0285714
NODE_53859_length_455_cov_113.589888	269	348	10	7	79	0.0886076
NODE_53859_length_455_cov_113.589888	269	348	11	13	79	0.1645570
NODE_53859_length_455_cov_113.589888	269	348	14	4	79	0.0506329
NODE_53859_length_455_cov_113.589888	269	348	15	3	79	0.0379747
NODE_53859_length_455_cov_113.589888	269	348	16	3	79	0.0379747
NODE_53859_length_455_cov_113.589888	269	348	17	6	79	0.0759494
NODE_53859_length_455_cov_113.589888	269	348	18	23	79	0.2911392
NODE_53859_length_455_cov_113.589888	269	348	19	20	79	0.2531646
NODE_53859_length_455_cov_113.589888	321	401	9	9	80	0.1125000
NODE_53859_length_455_cov_113.589888	321	401	10	1	80	0.0125000
NODE_53859_length_455_cov_113.589888	321	401	12	4	80	0.0500000
NODE_53859_length_455_cov_113.589888	321	401	13	5	80	0.0625000
NODE_53859_length_455_cov_113.589888	321	401	14	2	80	0.0250000
NODE_53859_length_455_cov_113.589888	321	401	15	5	80	0.0625000
NODE_53859_length_455_cov_113.589888	321	401	17	2	80	0.0250000
NODE_53859_length_455_cov_113.589888	321	401	18	32	80	0.4000000
NODE_53859_length_455_cov_113.589888	321	401	19	20	80	0.2500000
NODE_53860_length_455_cov_52.941011	260	340	5	25	80	0.3125000
NODE_53860_length_455_cov_52.941011	260	340	6	39	80	0.4875000
NODE_53860_length_455_cov_52.941011	260	340	7	16	80	0.2000000
NODE_53860_length_455_cov_52.941011	313	393	3	21	80	0.2625000
NODE_53860_length_455_cov_52.941011	313	393	4	13	80	0.1625000
NODE_53860_length_455_cov_52.941011	313	393	5	14	80	0.1750000
NODE_53860_length_455_cov_52.941011	313	393	6	28	80	0.3500000
NODE_53860_length_455_cov_52.941011	313	393	7	4	80	0.0500000
NODE_53863_length_455_cov_8.584270	250	302	2	52	52	1.0000000
NODE_53863_length_455_cov_8.584270	275	355	1	13	80	0.1625000
NODE_53863_length_455_cov_8.584270	275	355	2	67	80	0.8375000
NODE_53864_length_455_cov_8.084270	146	226	0	80	80	1.0000000
NODE_53864_length_455_cov_8.084270	199	279	0	80	80	1.0000000
NODE_53870_length_455_cov_6.022472	122	203	1	22	81	0.2716049
NODE_53870_length_455_cov_6.022472	122	203	2	59	81	0.7283950
NODE_53872_length_455_cov_5.140449	181	232	1	42	51	0.8235294
NODE_53872_length_455_cov_5.140449	181	232	2	9	51	0.1764706
NODE_54512_length_453_cov_29.528249	44	124	0	80	80	1.0000000
NODE_54512_length_453_cov_29.528249	97	177	0	55	80	0.6875000
NODE_54512_length_453_cov_29.528249	97	177	2	3	80	0.0375000
NODE_54512_length_453_cov_29.528249	97	177	3	22	80	0.2750000
NODE_54512_length_453_cov_29.528249	173	253	3	35	80	0.4375000
NODE_54512_length_453_cov_29.528249	173	253	5	39	80	0.4875000
NODE_54512_length_453_cov_29.528249	173	253	7	6	80	0.0750000
NODE_54512_length_453_cov_29.528249	226	301	5	21	75	0.2800000
NODE_54512_length_453_cov_29.528249	226	301	6	1	75	0.0133333
NODE_54512_length_453_cov_29.528249	226	301	7	19	75	0.2533333
NODE_54512_length_453_cov_29.528249	226	301	8	34	75	0.4533333
NODE_54513_length_453_cov_11.146893	95	140	0	24	45	0.5333334
NODE_54513_length_453_cov_11.146893	95	140	2	21	45	0.4666667
NODE_54513_length_453_cov_11.146893	146	220	2	74	74	1.0000000
NODE_54517_length_453_cov_7.709040	194	252	4	58	58	1.0000000
NODE_54518_length_453_cov_7.440678	250	319	0	69	69	1.0000000
NODE_54533_length_453_cov_4.282486	190	270	0	80	80	1.0000000
NODE_54533_length_453_cov_4.282486	243	283	0	40	40	1.0000000
NODE_54566_length_453_cov_2.836158	186	266	2	80	80	1.0000000
NODE_54566_length_453_cov_2.836158	239	319	0	17	80	0.2125000
NODE_54566_length_453_cov_2.836158	239	319	2	63	80	0.7875000
NODE_54592_length_453_cov_2.048023	139	174	2	6	35	0.1714286
NODE_54592_length_453_cov_2.048023	139	174	3	29	35	0.8285714
NODE_54600_length_453_cov_2.002825	78	98	0	20	20	1.0000000
NODE_54767_length_453_cov_0.774011	174	195	0	21	21	1.0000000
NODE_54822_length_452_cov_36.028329	0	72	1	26	72	0.3611111
NODE_54822_length_452_cov_36.028329	0	72	2	46	72	0.6388889
NODE_54822_length_452_cov_36.028329	0	72	1	26	72	0.3611111
NODE_54822_length_452_cov_36.028329	0	72	2	46	72	0.6388889
NODE_54822_length_452_cov_36.028329	45	99	2	54	54	1.0000000
NODE_54822_length_452_cov_36.028329	45	125	1	3	80	0.0375000
NODE_54822_length_452_cov_36.028329	45	125	2	77	80	0.9625000
NODE_54823_length_452_cov_17.424929	29	109	0	31	80	0.3875000
NODE_54823_length_452_cov_17.424929	29	109	2	49	80	0.6125000
NODE_54823_length_452_cov_17.424929	82	162	2	80	80	1.0000000
NODE_54844_length_452_cov_4.317280	141	200	0	59	59	1.0000000
NODE_54886_length_452_cov_2.634561	262	338	0	76	76	1.0000000
NODE_55146_length_451_cov_37.090909	230	310	2	8	80	0.1000000
NODE_55146_length_451_cov_37.090909	230	310	4	72	80	0.9000000
NODE_55146_length_451_cov_37.090909	283	363	0	19	80	0.2375000
NODE_55146_length_451_cov_37.090909	283	363	2	38	80	0.4750000
NODE_55146_length_451_cov_37.090909	283	363	4	23	80	0.2875000
NODE_55147_length_451_cov_16.517045	205	286	0	8	81	0.0987654
NODE_55147_length_451_cov_16.517045	205	286	1	73	81	0.9012346
NODE_55147_length_451_cov_16.517045	259	339	1	28	80	0.3500000
NODE_55147_length_451_cov_16.517045	259	339	2	52	80	0.6500000
NODE_55148_length_451_cov_13.153409	182	262	8	5	80	0.0625000
NODE_55148_length_451_cov_13.153409	182	262	10	44	80	0.5500000
NODE_55148_length_451_cov_13.153409	182	262	11	20	80	0.2500000
NODE_55148_length_451_cov_13.153409	182	262	12	11	80	0.1375000
NODE_55148_length_451_cov_13.153409	235	315	5	10	80	0.1250000
NODE_55148_length_451_cov_13.153409	235	315	7	19	80	0.2375000
NODE_55148_length_451_cov_13.153409	235	315	9	24	80	0.3000000
NODE_55148_length_451_cov_13.153409	235	315	10	4	80	0.0500000
NODE_55148_length_451_cov_13.153409	235	315	11	20	80	0.2500000
NODE_55148_length_451_cov_13.153409	235	315	12	3	80	0.0375000
NODE_55149_length_451_cov_11.926136	141	221	0	17	80	0.2125000
NODE_55149_length_451_cov_11.926136	141	221	1	51	80	0.6375000
NODE_55149_length_451_cov_11.926136	141	221	2	12	80	0.1500000
NODE_55149_length_451_cov_11.926136	331	411	0	52	80	0.6500000
NODE_55149_length_451_cov_11.926136	331	411	1	28	80	0.3500000
NODE_55154_length_451_cov_7.102273	81	143	0	62	62	1.0000000
NODE_55161_length_451_cov_5.610795	1	31	0	30	30	1.0000000
NODE_55161_length_451_cov_5.610795	60	90	0	30	30	1.0000000
NODE_55166_length_451_cov_5.065341	219	285	0	31	66	0.4696970
NODE_55166_length_451_cov_5.065341	219	285	2	35	66	0.5303030
NODE_55166_length_451_cov_5.065341	272	322	2	18	50	0.3600000
NODE_55166_length_451_cov_5.065341	272	322	3	7	50	0.1400000
NODE_55166_length_451_cov_5.065341	272	322	4	25	50	0.5000000
NODE_55184_length_451_cov_3.696023	253	332	1	27	79	0.3417721
NODE_55184_length_451_cov_3.696023	253	332	2	12	79	0.1518987
NODE_55184_length_451_cov_3.696023	253	332	4	17	79	0.2151899
NODE_55184_length_451_cov_3.696023	253	332	6	7	79	0.0886076
NODE_55184_length_451_cov_3.696023	253	332	7	8	79	0.1012658
NODE_55184_length_451_cov_3.696023	253	332	8	8	79	0.1012658
NODE_55188_length_451_cov_3.406250	176	247	2	71	71	1.0000000
NODE_55188_length_451_cov_3.406250	220	300	0	40	80	0.5000000
NODE_55188_length_451_cov_3.406250	220	300	2	40	80	0.5000000
NODE_55198_length_451_cov_3.025568	72	148	0	8	76	0.1052632
NODE_55198_length_451_cov_3.025568	72	148	1	68	76	0.8947368
NODE_55213_length_451_cov_2.607955	84	143	0	59	59	1.0000000
NODE_55213_length_451_cov_2.607955	257	326	0	69	69	1.0000000
NODE_55234_length_451_cov_2.125000	156	224	0	68	68	1.0000000
NODE_55436_length_450_cov_105.723647	317	386	0	69	69	1.0000000
NODE_55438_length_450_cov_27.982906	98	120	2	22	22	1.0000000
NODE_55438_length_450_cov_27.982906	225	305	0	80	80	1.0000000
NODE_55438_length_450_cov_27.982906	278	358	0	80	80	1.0000000
NODE_55459_length_450_cov_3.991453	220	290	0	70	70	1.0000000
NODE_55459_length_450_cov_3.991453	223	290	0	67	67	1.0000000
NODE_55459_length_450_cov_3.991453	268	348	0	80	80	1.0000000
NODE_55459_length_450_cov_3.991453	268	348	0	80	80	1.0000000
NODE_55459_length_450_cov_3.991453	278	348	0	70	70	1.0000000
NODE_55459_length_450_cov_3.991453	344	363	0	19	19	1.0000000
NODE_55466_length_450_cov_3.717949	107	177	0	70	70	1.0000000
NODE_55483_length_450_cov_3.162393	99	157	0	58	58	1.0000000
NODE_55550_length_450_cov_1.857550	114	172	3	20	58	0.3448276
NODE_55550_length_450_cov_1.857550	114	172	5	8	58	0.1379310
NODE_55550_length_450_cov_1.857550	114	172	6	9	58	0.1551724
NODE_55550_length_450_cov_1.857550	114	172	7	21	58	0.3620690
NODE_55560_length_450_cov_1.749288	321	376	0	55	55	1.0000000
NODE_55565_length_450_cov_1.723647	101	161	0	60	60	1.0000000
NODE_55685_length_450_cov_1.017094	116	196	0	80	80	1.0000000
NODE_55761_length_449_cov_46.882857	237	317	7	9	80	0.1125000
NODE_55761_length_449_cov_46.882857	237	317	8	5	80	0.0625000
NODE_55761_length_449_cov_46.882857	237	317	10	8	80	0.1000000
NODE_55761_length_449_cov_46.882857	237	317	11	3	80	0.0375000
NODE_55761_length_449_cov_46.882857	237	317	13	5	80	0.0625000
NODE_55761_length_449_cov_46.882857	237	317	14	13	80	0.1625000
NODE_55761_length_449_cov_46.882857	237	317	16	16	80	0.2000000
NODE_55761_length_449_cov_46.882857	237	317	17	21	80	0.2625000
NODE_55761_length_449_cov_46.882857	290	370	14	3	80	0.0375000
NODE_55761_length_449_cov_46.882857	290	370	15	26	80	0.3250000
NODE_55761_length_449_cov_46.882857	290	370	16	35	80	0.4375000
NODE_55761_length_449_cov_46.882857	290	370	17	16	80	0.2000000
NODE_55762_length_449_cov_36.031429	238	318	6	4	80	0.0500000
NODE_55762_length_449_cov_36.031429	238	318	8	11	80	0.1375000
NODE_55762_length_449_cov_36.031429	238	318	9	5	80	0.0625000
NODE_55762_length_449_cov_36.031429	238	318	12	10	80	0.1250000
NODE_55762_length_449_cov_36.031429	238	318	13	1	80	0.0125000
NODE_55762_length_449_cov_36.031429	238	318	15	26	80	0.3250000
NODE_55762_length_449_cov_36.031429	238	318	16	23	80	0.2875000
NODE_55762_length_449_cov_36.031429	291	371	10	2	80	0.0250000
NODE_55762_length_449_cov_36.031429	291	371	11	4	80	0.0500000
NODE_55762_length_449_cov_36.031429	291	371	12	8	80	0.1000000
NODE_55762_length_449_cov_36.031429	291	371	13	9	80	0.1125000
NODE_55762_length_449_cov_36.031429	291	371	14	2	80	0.0250000
NODE_55762_length_449_cov_36.031429	291	371	15	26	80	0.3250000
NODE_55762_length_449_cov_36.031429	291	371	16	29	80	0.3625000
NODE_55783_length_449_cov_4.594286	137	184	0	47	47	1.0000000
NODE_55794_length_449_cov_3.797143	204	284	0	80	80	1.0000000
NODE_55844_length_449_cov_2.445714	346	376	0	30	30	1.0000000
NODE_56144_length_448_cov_44.664756	126	206	0	80	80	1.0000000
NODE_56144_length_448_cov_44.664756	179	259	0	80	80	1.0000000
NODE_56145_length_448_cov_36.148997	195	275	9	2	80	0.0250000
NODE_56145_length_448_cov_36.148997	195	275	10	3	80	0.0375000
NODE_56145_length_448_cov_36.148997	195	275	11	32	80	0.4000000
NODE_56145_length_448_cov_36.148997	195	275	12	30	80	0.3750000
NODE_56145_length_448_cov_36.148997	195	275	13	13	80	0.1625000
NODE_56145_length_448_cov_36.148997	248	328	2	4	80	0.0500000
NODE_56145_length_448_cov_36.148997	248	328	3	1	80	0.0125000
NODE_56145_length_448_cov_36.148997	248	328	4	7	80	0.0875000
NODE_56145_length_448_cov_36.148997	248	328	5	12	80	0.1500000
NODE_56145_length_448_cov_36.148997	248	328	6	2	80	0.0250000
NODE_56145_length_448_cov_36.148997	248	328	7	13	80	0.1625000
NODE_56145_length_448_cov_36.148997	248	328	8	2	80	0.0250000
NODE_56145_length_448_cov_36.148997	248	328	9	14	80	0.1750000
NODE_56145_length_448_cov_36.148997	248	328	10	3	80	0.0375000
NODE_56145_length_448_cov_36.148997	248	328	11	22	80	0.2750000
NODE_56145_length_448_cov_36.148997	324	404	0	69	80	0.8625000
NODE_56145_length_448_cov_36.148997	324	404	2	11	80	0.1375000
NODE_56145_length_448_cov_36.148997	377	448	0	71	71	1.0000000
NODE_56146_length_448_cov_31.816619	43	123	2	80	80	1.0000000
NODE_56151_length_448_cov_6.779370	197	277	0	80	80	1.0000000
NODE_56151_length_448_cov_6.779370	250	313	0	63	63	1.0000000
NODE_56180_length_448_cov_3.664756	148	189	0	41	41	1.0000000
NODE_56189_length_448_cov_3.108883	242	324	2	16	82	0.1951219
NODE_56189_length_448_cov_3.108883	242	324	4	66	82	0.8048781
NODE_56233_length_448_cov_2.263610	292	360	0	68	68	1.0000000
NODE_56518_length_447_cov_10.505747	205	234	1	29	29	1.0000000
NODE_56518_length_447_cov_10.505747	267	326	1	59	59	1.0000000
NODE_56518_length_447_cov_10.505747	299	379	1	80	80	1.0000000
NODE_56527_length_447_cov_5.767241	176	256	0	80	80	1.0000000
NODE_56527_length_447_cov_5.767241	229	309	0	80	80	1.0000000
NODE_56539_length_447_cov_4.583333	265	289	0	24	24	1.0000000
NODE_56545_length_447_cov_4.037356	58	138	1	35	80	0.4375000
NODE_56545_length_447_cov_4.037356	58	138	2	45	80	0.5625000
NODE_56545_length_447_cov_4.037356	111	191	1	44	80	0.5500000
NODE_56545_length_447_cov_4.037356	111	191	2	36	80	0.4500000
NODE_56890_length_446_cov_42.527378	239	310	1	26	71	0.3661972
NODE_56890_length_446_cov_42.527378	239	310	2	45	71	0.6338028
NODE_56890_length_446_cov_42.527378	359	433	0	51	74	0.6891892
NODE_56890_length_446_cov_42.527378	359	433	1	23	74	0.3108108
NODE_56891_length_446_cov_12.749280	92	172	0	80	80	1.0000000
NODE_56891_length_446_cov_12.749280	145	225	0	77	80	0.9625000
NODE_56891_length_446_cov_12.749280	145	225	2	3	80	0.0375000
NODE_56896_length_446_cov_6.902017	175	217	0	42	42	1.0000000
NODE_56902_length_446_cov_5.930836	165	245	0	80	80	1.0000000
NODE_56902_length_446_cov_5.930836	165	245	0	80	80	1.0000000
NODE_56902_length_446_cov_5.930836	165	235	0	70	70	1.0000000
NODE_56902_length_446_cov_5.930836	218	298	0	80	80	1.0000000
NODE_56902_length_446_cov_5.930836	218	297	0	79	79	1.0000000
NODE_56919_length_446_cov_3.896254	215	274	2	59	59	1.0000000
NODE_56934_length_446_cov_3.282421	130	168	0	38	38	1.0000000
NODE_56952_length_446_cov_2.775216	337	417	0	1	80	0.0125000
NODE_56952_length_446_cov_2.775216	337	417	1	79	80	0.9875000
NODE_56995_length_446_cov_2.161383	17	97	0	80	80	1.0000000
NODE_57022_length_446_cov_1.907781	196	225	0	4	29	0.1379310
NODE_57022_length_446_cov_1.907781	196	225	1	25	29	0.8620690
NODE_57277_length_445_cov_75.572254	108	188	0	80	80	1.0000000
NODE_57277_length_445_cov_75.572254	161	241	0	80	80	1.0000000
NODE_57277_length_445_cov_75.572254	237	317	0	80	80	1.0000000
NODE_57277_length_445_cov_75.572254	290	370	0	80	80	1.0000000
NODE_57278_length_445_cov_33.973988	83	163	1	25	80	0.3125000
NODE_57278_length_445_cov_33.973988	83	163	3	41	80	0.5125000
NODE_57278_length_445_cov_33.973988	83	163	4	14	80	0.1750000
NODE_57278_length_445_cov_33.973988	136	216	3	13	80	0.1625000
NODE_57278_length_445_cov_33.973988	136	216	4	67	80	0.8375000
NODE_57280_length_445_cov_9.323699	78	148	0	18	70	0.2571429
NODE_57280_length_445_cov_9.323699	78	148	2	41	70	0.5857143
NODE_57280_length_445_cov_9.323699	78	148	4	11	70	0.1571429
NODE_57280_length_445_cov_9.323699	121	201	2	16	80	0.2000000
NODE_57280_length_445_cov_9.323699	121	201	4	64	80	0.8000000
NODE_57284_length_445_cov_6.439306	210	282	0	57	72	0.7916667
NODE_57284_length_445_cov_6.439306	210	282	2	15	72	0.2083333
NODE_57286_length_445_cov_5.479769	115	184	0	69	69	1.0000000
NODE_57286_length_445_cov_5.479769	157	237	0	80	80	1.0000000
NODE_57286_length_445_cov_5.479769	233	309	0	75	76	0.9868421
NODE_57286_length_445_cov_5.479769	233	309	1	1	76	0.0131579
NODE_57286_length_445_cov_5.479769	286	309	0	22	23	0.9565217
NODE_57286_length_445_cov_5.479769	286	309	1	1	23	0.0434783
NODE_57345_length_445_cov_2.843931	124	199	3	2	75	0.0266667
NODE_57345_length_445_cov_2.843931	124	199	4	73	75	0.9733334
NODE_57352_length_445_cov_2.682081	202	248	0	46	46	1.0000000
NODE_57400_length_445_cov_1.884393	252	332	0	80	80	1.0000000
NODE_57409_length_445_cov_1.783237	132	203	0	71	71	1.0000000
NODE_57409_length_445_cov_1.783237	256	331	0	75	75	1.0000000
NODE_57409_length_445_cov_1.783237	256	278	0	22	22	1.0000000
NODE_57644_length_444_cov_34.075362	243	323	11	1	80	0.0125000
NODE_57644_length_444_cov_34.075362	243	323	14	3	80	0.0375000
NODE_57644_length_444_cov_34.075362	243	323	15	1	80	0.0125000
NODE_57644_length_444_cov_34.075362	243	323	16	27	80	0.3375000
NODE_57644_length_444_cov_34.075362	243	323	17	24	80	0.3000000
NODE_57644_length_444_cov_34.075362	243	323	18	19	80	0.2375000
NODE_57644_length_444_cov_34.075362	243	323	19	5	80	0.0625000
NODE_57644_length_444_cov_34.075362	296	376	6	5	80	0.0625000
NODE_57644_length_444_cov_34.075362	296	376	7	12	80	0.1500000
NODE_57644_length_444_cov_34.075362	296	376	8	2	80	0.0250000
NODE_57644_length_444_cov_34.075362	296	376	11	35	80	0.4375000
NODE_57644_length_444_cov_34.075362	296	376	14	3	80	0.0375000
NODE_57644_length_444_cov_34.075362	296	376	15	1	80	0.0125000
NODE_57644_length_444_cov_34.075362	296	376	17	22	80	0.2750000
NODE_57645_length_444_cov_22.524638	98	178	2	11	80	0.1375000
NODE_57645_length_444_cov_22.524638	98	178	3	38	80	0.4750000
NODE_57645_length_444_cov_22.524638	98	178	4	31	80	0.3875000
NODE_57645_length_444_cov_22.524638	151	231	3	20	80	0.2500000
NODE_57645_length_444_cov_22.524638	151	231	4	55	80	0.6875000
NODE_57645_length_444_cov_22.524638	151	231	5	5	80	0.0625000
NODE_57646_length_444_cov_16.544928	263	343	4	36	80	0.4500000
NODE_57646_length_444_cov_16.544928	263	343	5	41	80	0.5125000
NODE_57646_length_444_cov_16.544928	263	343	6	3	80	0.0375000
NODE_57646_length_444_cov_16.544928	316	396	3	52	80	0.6500000
NODE_57646_length_444_cov_16.544928	316	396	5	28	80	0.3500000
NODE_57647_length_444_cov_12.684058	293	373	0	17	80	0.2125000
NODE_57647_length_444_cov_12.684058	293	373	2	63	80	0.7875000
NODE_57647_length_444_cov_12.684058	346	426	0	70	80	0.8750000
NODE_57647_length_444_cov_12.684058	346	426	2	10	80	0.1250000
NODE_57649_length_444_cov_9.284058	176	256	0	80	80	1.0000000
NODE_57649_length_444_cov_9.284058	229	309	0	80	80	1.0000000
NODE_57666_length_444_cov_5.159420	170	241	0	71	71	1.0000000
NODE_57668_length_444_cov_5.060870	201	245	1	44	44	1.0000000
NODE_57668_length_444_cov_5.060870	218	298	0	34	80	0.4250000
NODE_57668_length_444_cov_5.060870	218	298	1	46	80	0.5750000
NODE_57717_length_444_cov_2.744928	73	136	0	63	63	1.0000000
NODE_57770_length_444_cov_2.028986	46	113	5	1	67	0.0149254
NODE_57770_length_444_cov_2.028986	46	113	6	2	67	0.0298507
NODE_57770_length_444_cov_2.028986	46	113	7	1	67	0.0149254
NODE_57770_length_444_cov_2.028986	46	113	8	2	67	0.0298507
NODE_57770_length_444_cov_2.028986	46	113	10	4	67	0.0597015
NODE_57770_length_444_cov_2.028986	46	113	11	2	67	0.0298507
NODE_57770_length_444_cov_2.028986	46	113	13	3	67	0.0447761
NODE_57770_length_444_cov_2.028986	46	113	14	1	67	0.0149254
NODE_57770_length_444_cov_2.028986	46	113	15	7	67	0.1044776
NODE_57770_length_444_cov_2.028986	46	113	16	2	67	0.0298507
NODE_57770_length_444_cov_2.028986	46	113	17	3	67	0.0447761
NODE_57770_length_444_cov_2.028986	46	113	19	1	67	0.0149254
NODE_57770_length_444_cov_2.028986	46	113	21	6	67	0.0895522
NODE_57770_length_444_cov_2.028986	46	113	22	1	67	0.0149254
NODE_57770_length_444_cov_2.028986	46	113	23	1	67	0.0149254
NODE_57770_length_444_cov_2.028986	46	113	24	2	67	0.0298507
NODE_57770_length_444_cov_2.028986	46	113	25	3	67	0.0447761
NODE_57770_length_444_cov_2.028986	46	113	26	1	67	0.0149254
NODE_57770_length_444_cov_2.028986	46	113	28	2	67	0.0298507
NODE_57770_length_444_cov_2.028986	46	113	29	8	67	0.1194030
NODE_57770_length_444_cov_2.028986	46	113	30	3	67	0.0447761
NODE_57770_length_444_cov_2.028986	46	113	31	11	67	0.1641791
NODE_57770_length_444_cov_2.028986	86	166	25	2	80	0.0250000
NODE_57770_length_444_cov_2.028986	86	166	26	1	80	0.0125000
NODE_57770_length_444_cov_2.028986	86	166	28	2	80	0.0250000
NODE_57770_length_444_cov_2.028986	86	166	29	8	80	0.1000000
NODE_57770_length_444_cov_2.028986	86	166	30	3	80	0.0375000
NODE_57770_length_444_cov_2.028986	86	166	31	17	80	0.2125000
NODE_57770_length_444_cov_2.028986	86	166	32	12	80	0.1500000
NODE_57770_length_444_cov_2.028986	86	166	33	19	80	0.2375000
NODE_57770_length_444_cov_2.028986	86	166	34	2	80	0.0250000
NODE_57770_length_444_cov_2.028986	86	166	35	14	80	0.1750000
NODE_57873_length_444_cov_1.234783	335	407	0	72	72	1.0000000
NODE_57892_length_444_cov_1.173913	7	87	0	80	80	1.0000000
NODE_58026_length_443_cov_71.284884	209	289	0	80	80	1.0000000
NODE_58026_length_443_cov_71.284884	262	342	0	80	80	1.0000000
NODE_58026_length_443_cov_71.284884	338	418	0	80	80	1.0000000
NODE_58026_length_443_cov_71.284884	391	443	0	52	52	1.0000000
NODE_58027_length_443_cov_68.973837	314	394	2	80	80	1.0000000
NODE_58027_length_443_cov_68.973837	367	443	1	25	76	0.3289474
NODE_58027_length_443_cov_68.973837	367	443	2	51	76	0.6710526
NODE_58028_length_443_cov_61.116279	34	114	1	8	80	0.1000000
NODE_58028_length_443_cov_61.116279	34	114	2	13	80	0.1625000
NODE_58028_length_443_cov_61.116279	34	114	4	18	80	0.2250000
NODE_58028_length_443_cov_61.116279	34	114	6	20	80	0.2500000
NODE_58028_length_443_cov_61.116279	34	114	7	21	80	0.2625000
NODE_58028_length_443_cov_61.116279	87	167	6	24	80	0.3000000
NODE_58028_length_443_cov_61.116279	87	167	7	56	80	0.7000000
NODE_58041_length_443_cov_4.895349	127	207	0	80	80	1.0000000
NODE_58086_length_443_cov_2.581395	121	195	0	74	74	1.0000000
NODE_58088_length_443_cov_2.508721	297	347	0	25	50	0.5000000
NODE_58088_length_443_cov_2.508721	297	347	1	25	50	0.5000000
NODE_58088_length_443_cov_2.508721	320	395	0	2	75	0.0266667
NODE_58088_length_443_cov_2.508721	320	395	1	73	75	0.9733334
NODE_58091_length_443_cov_2.456395	114	192	0	78	78	1.0000000
NODE_58091_length_443_cov_2.456395	118	141	0	23	23	1.0000000
NODE_58237_length_443_cov_1.151163	144	224	0	20	80	0.2500000
NODE_58237_length_443_cov_1.151163	144	224	4	31	80	0.3875000
NODE_58237_length_443_cov_1.151163	144	224	6	29	80	0.3625000
NODE_58321_length_443_cov_0.715116	52	104	0	52	52	1.0000000
NODE_58321_length_443_cov_0.715116	105	146	0	41	41	1.0000000
NODE_58346_length_442_cov_42.956268	290	375	0	13	85	0.1529412
NODE_58346_length_442_cov_42.956268	290	375	2	72	85	0.8470588
NODE_58346_length_442_cov_42.956268	290	375	0	13	85	0.1529412
NODE_58346_length_442_cov_42.956268	290	375	2	72	85	0.8470588
NODE_58347_length_442_cov_24.093294	225	305	4	8	80	0.1000000
NODE_58347_length_442_cov_24.093294	225	305	5	33	80	0.4125000
NODE_58347_length_442_cov_24.093294	225	305	6	10	80	0.1250000
NODE_58347_length_442_cov_24.093294	225	305	7	29	80	0.3625000
NODE_58347_length_442_cov_24.093294	278	358	4	18	80	0.2250000
NODE_58347_length_442_cov_24.093294	278	358	6	23	80	0.2875000
NODE_58347_length_442_cov_24.093294	278	358	7	39	80	0.4875000
NODE_58348_length_442_cov_8.956268	173	192	0	19	19	1.0000000
NODE_58361_length_442_cov_5.052478	213	293	2	62	80	0.7750000
NODE_58361_length_442_cov_5.052478	213	293	4	18	80	0.2250000
NODE_58361_length_442_cov_5.052478	266	346	2	80	80	1.0000000
NODE_58376_length_442_cov_3.871720	297	372	0	75	75	1.0000000
NODE_58376_length_442_cov_3.871720	360	413	0	53	53	1.0000000
NODE_58378_length_442_cov_3.804665	211	244	0	32	33	0.9696970
NODE_58378_length_442_cov_3.804665	211	244	2	1	33	0.0303030
NODE_58405_length_442_cov_3.206997	149	217	0	27	68	0.3970588
NODE_58405_length_442_cov_3.206997	149	217	1	41	68	0.6029412
NODE_58438_length_442_cov_2.434402	203	274	9	4	71	0.0563380
NODE_58438_length_442_cov_2.434402	203	274	10	35	71	0.4929577
NODE_58438_length_442_cov_2.434402	203	274	11	32	71	0.4507042
NODE_58438_length_442_cov_2.434402	247	327	10	4	80	0.0500000
NODE_58438_length_442_cov_2.434402	247	327	11	27	80	0.3375000
NODE_58438_length_442_cov_2.434402	247	327	12	2	80	0.0250000
NODE_58438_length_442_cov_2.434402	247	327	13	18	80	0.2250000
NODE_58438_length_442_cov_2.434402	247	327	14	10	80	0.1250000
NODE_58438_length_442_cov_2.434402	247	327	15	10	80	0.1250000
NODE_58438_length_442_cov_2.434402	247	327	16	9	80	0.1125000
NODE_58503_length_442_cov_1.746356	95	161	0	20	66	0.3030303
NODE_58503_length_442_cov_1.746356	95	161	2	46	66	0.6969697
NODE_58503_length_442_cov_1.746356	95	122	0	20	27	0.7407407
NODE_58503_length_442_cov_1.746356	95	122	2	7	27	0.2592593
NODE_58759_length_441_cov_21.877193	28	108	0	6	80	0.0750000
NODE_58759_length_441_cov_21.877193	28	108	2	74	80	0.9250000
NODE_58759_length_441_cov_21.877193	81	161	2	80	80	1.0000000
NODE_58760_length_441_cov_13.546784	152	232	0	44	80	0.5500000
NODE_58760_length_441_cov_13.546784	152	232	2	36	80	0.4500000
NODE_58760_length_441_cov_13.546784	205	285	2	80	80	1.0000000
NODE_58771_length_441_cov_5.710526	200	280	0	35	80	0.4375000
NODE_58771_length_441_cov_5.710526	200	280	1	45	80	0.5625000
NODE_58771_length_441_cov_5.710526	253	333	1	80	80	1.0000000
NODE_58817_length_441_cov_3.096491	240	324	0	84	84	1.0000000
NODE_58820_length_441_cov_3.023392	105	163	0	31	58	0.5344828
NODE_58820_length_441_cov_3.023392	105	163	2	27	58	0.4655173
NODE_58852_length_441_cov_2.438596	19	99	0	80	80	1.0000000
NODE_58852_length_441_cov_2.438596	72	126	0	54	54	1.0000000
NODE_58970_length_441_cov_1.435673	105	156	0	4	51	0.0784314
NODE_58970_length_441_cov_1.435673	105	156	1	4	51	0.0784314
NODE_58970_length_441_cov_1.435673	105	156	2	43	51	0.8431373
NODE_59142_length_440_cov_43.131965	122	202	4	33	80	0.4125000
NODE_59142_length_440_cov_43.131965	122	202	5	8	80	0.1000000
NODE_59142_length_440_cov_43.131965	122	202	7	2	80	0.0250000
NODE_59142_length_440_cov_43.131965	122	202	8	37	80	0.4625000
NODE_59142_length_440_cov_43.131965	175	255	6	4	80	0.0500000
NODE_59142_length_440_cov_43.131965	175	255	7	7	80	0.0875000
NODE_59142_length_440_cov_43.131965	175	255	8	69	80	0.8625000
NODE_59142_length_440_cov_43.131965	251	331	2	16	80	0.2000000
NODE_59142_length_440_cov_43.131965	251	331	3	10	80	0.1250000
NODE_59142_length_440_cov_43.131965	251	331	4	25	80	0.3125000
NODE_59142_length_440_cov_43.131965	251	331	6	26	80	0.3250000
NODE_59142_length_440_cov_43.131965	251	331	7	3	80	0.0375000
NODE_59142_length_440_cov_43.131965	304	384	2	69	80	0.8625000
NODE_59142_length_440_cov_43.131965	304	384	3	10	80	0.1250000
NODE_59142_length_440_cov_43.131965	304	384	4	1	80	0.0125000
NODE_59143_length_440_cov_42.929619	116	196	0	17	80	0.2125000
NODE_59143_length_440_cov_42.929619	116	196	2	9	80	0.1125000
NODE_59143_length_440_cov_42.929619	116	196	3	20	80	0.2500000
NODE_59143_length_440_cov_42.929619	116	196	5	4	80	0.0500000
NODE_59143_length_440_cov_42.929619	116	196	6	30	80	0.3750000
NODE_59143_length_440_cov_42.929619	169	249	4	16	80	0.2000000
NODE_59143_length_440_cov_42.929619	169	249	6	64	80	0.8000000
NODE_59147_length_440_cov_8.164223	45	125	0	13	80	0.1625000
NODE_59147_length_440_cov_8.164223	45	125	2	9	80	0.1125000
NODE_59147_length_440_cov_8.164223	45	125	4	15	80	0.1875000
NODE_59147_length_440_cov_8.164223	45	125	6	24	80	0.3000000
NODE_59147_length_440_cov_8.164223	45	125	7	19	80	0.2375000
NODE_59147_length_440_cov_8.164223	98	178	5	3	80	0.0375000
NODE_59147_length_440_cov_8.164223	98	178	6	8	80	0.1000000
NODE_59147_length_440_cov_8.164223	98	178	7	69	80	0.8625000
NODE_59157_length_440_cov_5.193548	146	210	0	64	64	1.0000000
NODE_59157_length_440_cov_5.193548	146	210	0	64	64	1.0000000
NODE_59157_length_440_cov_5.193548	146	210	0	64	64	1.0000000
NODE_59164_length_440_cov_4.595308	153	233	0	80	80	1.0000000
NODE_59164_length_440_cov_4.595308	153	180	0	27	27	1.0000000
NODE_59188_length_440_cov_3.431085	84	150	0	39	66	0.5909091
NODE_59188_length_440_cov_3.431085	84	150	1	27	66	0.4090909
NODE_59191_length_440_cov_3.331378	139	195	1	43	56	0.7678571
NODE_59191_length_440_cov_3.331378	139	195	2	13	56	0.2321429
NODE_59517_length_439_cov_76.552941	0	68	0	14	68	0.2058824
NODE_59517_length_439_cov_76.552941	0	68	1	54	68	0.7941176
NODE_59517_length_439_cov_76.552941	0	68	0	14	68	0.2058824
NODE_59517_length_439_cov_76.552941	0	68	1	54	68	0.7941176
NODE_59517_length_439_cov_76.552941	0	68	0	14	68	0.2058824
NODE_59517_length_439_cov_76.552941	0	68	1	54	68	0.7941176
NODE_59517_length_439_cov_76.552941	1	68	0	13	67	0.1940299
NODE_59517_length_439_cov_76.552941	1	68	1	54	67	0.8059701
NODE_59517_length_439_cov_76.552941	64	144	1	80	80	1.0000000
NODE_59517_length_439_cov_76.552941	64	144	1	80	80	1.0000000
NODE_59517_length_439_cov_76.552941	117	197	0	33	80	0.4125000
NODE_59517_length_439_cov_76.552941	117	197	1	47	80	0.5875000
NODE_59517_length_439_cov_76.552941	117	195	0	31	78	0.3974359
NODE_59517_length_439_cov_76.552941	117	195	1	47	78	0.6025641
NODE_59533_length_439_cov_4.408824	174	238	0	17	64	0.2656250
NODE_59533_length_439_cov_4.408824	174	238	2	47	64	0.7343750
NODE_59536_length_439_cov_4.255882	258	318	0	60	60	1.0000000
NODE_59560_length_439_cov_3.011765	57	128	5	50	71	0.7042254
NODE_59560_length_439_cov_3.011765	57	128	6	21	71	0.2957746
NODE_59560_length_439_cov_3.011765	101	140	5	6	39	0.1538462
NODE_59560_length_439_cov_3.011765	101	140	6	33	39	0.8461539
NODE_59592_length_439_cov_2.252941	227	269	0	10	42	0.2380952
NODE_59592_length_439_cov_2.252941	227	269	1	29	42	0.6904762
NODE_59592_length_439_cov_2.252941	227	269	3	3	42	0.0714286
NODE_59599_length_439_cov_2.135294	116	179	1	63	63	1.0000000
NODE_59617_length_439_cov_1.929412	388	439	0	51	51	1.0000000
NODE_59897_length_438_cov_29.952802	196	276	1	41	80	0.5125000
NODE_59897_length_438_cov_29.952802	196	276	2	39	80	0.4875000
NODE_59897_length_438_cov_29.952802	249	329	2	80	80	1.0000000
NODE_59898_length_438_cov_16.330383	225	305	2	19	80	0.2375000
NODE_59898_length_438_cov_16.330383	225	305	3	16	80	0.2000000
NODE_59898_length_438_cov_16.330383	225	305	4	45	80	0.5625000
NODE_59898_length_438_cov_16.330383	278	358	2	55	80	0.6875000
NODE_59898_length_438_cov_16.330383	278	358	3	16	80	0.2000000
NODE_59898_length_438_cov_16.330383	278	358	4	9	80	0.1125000
NODE_59899_length_438_cov_15.436578	74	154	0	80	80	1.0000000
NODE_59899_length_438_cov_15.436578	127	207	0	80	80	1.0000000
NODE_59901_length_438_cov_9.306785	256	309	0	53	53	1.0000000
NODE_59901_length_438_cov_9.306785	282	327	0	45	45	1.0000000
NODE_59916_length_438_cov_4.808260	46	133	2	9	87	0.1034483
NODE_59916_length_438_cov_4.808260	46	133	3	14	87	0.1609195
NODE_59916_length_438_cov_4.808260	46	133	4	25	87	0.2873563
NODE_59916_length_438_cov_4.808260	46	133	6	39	87	0.4482759
NODE_59916_length_438_cov_4.808260	106	186	4	15	80	0.1875000
NODE_59916_length_438_cov_4.808260	106	186	5	1	80	0.0125000
NODE_59916_length_438_cov_4.808260	106	186	6	64	80	0.8000000
NODE_59920_length_438_cov_4.622419	135	184	0	49	49	1.0000000
NODE_59936_length_438_cov_3.651917	86	166	0	80	80	1.0000000
NODE_59936_length_438_cov_3.651917	139	219	0	80	80	1.0000000
NODE_59952_length_438_cov_3.109145	215	273	0	58	58	1.0000000
NODE_59957_length_438_cov_3.005900	175	258	0	83	83	1.0000000
NODE_60317_length_437_cov_57.260355	272	352	0	80	80	1.0000000
NODE_60317_length_437_cov_57.260355	325	405	0	80	80	1.0000000
NODE_60318_length_437_cov_40.964497	0	73	0	2	73	0.0273973
NODE_60318_length_437_cov_40.964497	0	73	1	1	73	0.0136986
NODE_60318_length_437_cov_40.964497	0	73	2	33	73	0.4520548
NODE_60318_length_437_cov_40.964497	0	73	3	37	73	0.5068493
NODE_60318_length_437_cov_40.964497	46	126	3	40	80	0.5000000
NODE_60318_length_437_cov_40.964497	46	126	4	40	80	0.5000000
NODE_60319_length_437_cov_30.843195	140	220	0	80	80	1.0000000
NODE_60319_length_437_cov_30.843195	193	273	0	80	80	1.0000000
NODE_60320_length_437_cov_14.736686	164	244	0	80	80	1.0000000
NODE_60320_length_437_cov_14.736686	217	297	0	80	80	1.0000000
NODE_60331_length_437_cov_6.032544	249	320	0	71	71	1.0000000
NODE_60332_length_437_cov_6.020710	272	352	0	80	80	1.0000000
NODE_60332_length_437_cov_6.020710	325	405	0	80	80	1.0000000
NODE_60336_length_437_cov_5.526627	129	209	0	80	80	1.0000000
NODE_60336_length_437_cov_5.526627	182	262	0	80	80	1.0000000
NODE_60348_length_437_cov_4.505917	247	327	0	80	80	1.0000000
NODE_60361_length_437_cov_3.470414	204	259	0	51	55	0.9272727
NODE_60361_length_437_cov_3.470414	204	259	1	4	55	0.0727273
NODE_60369_length_437_cov_3.301775	95	149	0	54	54	1.0000000
NODE_60381_length_437_cov_2.911243	91	171	0	49	80	0.6125000
NODE_60381_length_437_cov_2.911243	91	171	1	7	80	0.0875000
NODE_60381_length_437_cov_2.911243	91	171	3	24	80	0.3000000
NODE_60400_length_437_cov_2.650888	190	239	0	49	49	1.0000000
NODE_60400_length_437_cov_2.650888	212	292	0	80	80	1.0000000
NODE_60411_length_437_cov_2.514793	292	333	1	41	41	1.0000000
NODE_60509_length_437_cov_1.473373	252	324	2	72	72	1.0000000
NODE_60709_length_436_cov_125.940653	204	284	0	58	80	0.7250000
NODE_60709_length_436_cov_125.940653	204	284	1	10	80	0.1250000
NODE_60709_length_436_cov_125.940653	204	284	2	3	80	0.0375000
NODE_60709_length_436_cov_125.940653	204	284	3	9	80	0.1125000
NODE_60709_length_436_cov_125.940653	255	301	0	46	46	1.0000000
NODE_60709_length_436_cov_125.940653	257	337	0	60	80	0.7500000
NODE_60709_length_436_cov_125.940653	257	337	2	20	80	0.2500000
NODE_60709_length_436_cov_125.940653	333	413	2	80	80	1.0000000
NODE_60709_length_436_cov_125.940653	386	436	0	18	50	0.3600000
NODE_60709_length_436_cov_125.940653	386	436	2	32	50	0.6400000
NODE_60712_length_436_cov_45.459941	166	246	1	27	80	0.3375000
NODE_60712_length_436_cov_45.459941	166	246	2	13	80	0.1625000
NODE_60712_length_436_cov_45.459941	166	246	4	19	80	0.2375000
NODE_60712_length_436_cov_45.459941	166	246	5	21	80	0.2625000
NODE_60712_length_436_cov_45.459941	219	299	4	32	80	0.4000000
NODE_60712_length_436_cov_45.459941	219	299	5	29	80	0.3625000
NODE_60712_length_436_cov_45.459941	219	299	6	19	80	0.2375000
NODE_60712_length_436_cov_45.459941	295	375	3	19	80	0.2375000
NODE_60712_length_436_cov_45.459941	295	375	5	13	80	0.1625000
NODE_60712_length_436_cov_45.459941	295	375	6	48	80	0.6000000
NODE_60712_length_436_cov_45.459941	348	428	2	53	80	0.6625000
NODE_60712_length_436_cov_45.459941	348	428	3	19	80	0.2375000
NODE_60712_length_436_cov_45.459941	348	428	5	8	80	0.1000000
NODE_60713_length_436_cov_10.560831	74	154	0	33	80	0.4125000
NODE_60713_length_436_cov_10.560831	74	154	1	12	80	0.1500000
NODE_60713_length_436_cov_10.560831	74	154	3	35	80	0.4375000
NODE_60713_length_436_cov_10.560831	127	207	3	40	80	0.5000000
NODE_60713_length_436_cov_10.560831	127	207	4	40	80	0.5000000
NODE_60716_length_436_cov_8.317507	51	127	0	27	76	0.3552631
NODE_60716_length_436_cov_8.317507	51	127	2	49	76	0.6447368
NODE_60716_length_436_cov_8.317507	104	182	2	78	78	1.0000000
NODE_60760_length_436_cov_3.109792	153	205	0	52	52	1.0000000
NODE_60786_length_436_cov_2.551929	182	258	0	18	76	0.2368421
NODE_60786_length_436_cov_2.551929	182	258	2	24	76	0.3157895
NODE_60786_length_436_cov_2.551929	182	258	4	34	76	0.4473684
NODE_60786_length_436_cov_2.551929	235	315	0	75	80	0.9375000
NODE_60786_length_436_cov_2.551929	235	315	2	5	80	0.0625000
NODE_60934_length_436_cov_1.207715	105	181	0	76	76	1.0000000
NODE_61088_length_435_cov_17.401786	55	135	1	10	80	0.1250000
NODE_61088_length_435_cov_17.401786	55	135	3	70	80	0.8750000
NODE_61088_length_435_cov_17.401786	108	188	3	28	80	0.3500000
NODE_61088_length_435_cov_17.401786	108	188	5	33	80	0.4125000
NODE_61088_length_435_cov_17.401786	108	188	6	19	80	0.2375000
NODE_61094_length_435_cov_6.910714	113	193	1	23	80	0.2875000
NODE_61094_length_435_cov_6.910714	113	193	2	57	80	0.7125000
NODE_61094_length_435_cov_6.910714	147	194	1	24	47	0.5106383
NODE_61094_length_435_cov_6.910714	147	194	2	23	47	0.4893617
NODE_61094_length_435_cov_6.910714	149	184	1	14	35	0.4000000
NODE_61094_length_435_cov_6.910714	149	184	2	21	35	0.6000000
NODE_61094_length_435_cov_6.910714	151	193	1	23	42	0.5476190
NODE_61094_length_435_cov_6.910714	151	193	2	19	42	0.4523810
NODE_61094_length_435_cov_6.910714	166	251	0	10	85	0.1176471
NODE_61094_length_435_cov_6.910714	166	251	1	71	85	0.8352941
NODE_61094_length_435_cov_6.910714	166	251	2	4	85	0.0470588
NODE_61094_length_435_cov_6.910714	167	251	0	10	84	0.1190476
NODE_61094_length_435_cov_6.910714	167	251	1	71	84	0.8452381
NODE_61094_length_435_cov_6.910714	167	251	2	3	84	0.0357143
NODE_61102_length_435_cov_5.630952	159	217	0	58	58	1.0000000
NODE_61102_length_435_cov_5.630952	190	270	0	80	80	1.0000000
NODE_61112_length_435_cov_4.601190	271	309	0	38	38	1.0000000
NODE_61112_length_435_cov_4.601190	282	344	0	62	62	1.0000000
NODE_61122_length_435_cov_3.770833	209	240	1	31	31	1.0000000
NODE_61137_length_435_cov_2.836310	113	194	0	81	81	1.0000000
NODE_61357_length_435_cov_0.988095	286	322	2	36	36	1.0000000
NODE_61451_length_434_cov_136.483582	0	58	5	3	58	0.0517241
NODE_61451_length_434_cov_136.483582	0	58	6	1	58	0.0172414
NODE_61451_length_434_cov_136.483582	0	58	7	1	58	0.0172414
NODE_61451_length_434_cov_136.483582	0	58	9	2	58	0.0344828
NODE_61451_length_434_cov_136.483582	0	58	11	4	58	0.0689655
NODE_61451_length_434_cov_136.483582	0	58	12	23	58	0.3965517
NODE_61451_length_434_cov_136.483582	0	58	15	3	58	0.0517241
NODE_61451_length_434_cov_136.483582	0	58	16	5	58	0.0862069
NODE_61451_length_434_cov_136.483582	0	58	17	3	58	0.0517241
NODE_61451_length_434_cov_136.483582	0	58	24	1	58	0.0172414
NODE_61451_length_434_cov_136.483582	0	58	25	3	58	0.0517241
NODE_61451_length_434_cov_136.483582	0	58	26	1	58	0.0172414
NODE_61451_length_434_cov_136.483582	0	58	27	5	58	0.0862069
NODE_61451_length_434_cov_136.483582	0	58	28	3	58	0.0517241
NODE_61451_length_434_cov_136.483582	31	111	12	3	80	0.0375000
NODE_61451_length_434_cov_136.483582	31	111	15	3	80	0.0375000
NODE_61451_length_434_cov_136.483582	31	111	16	5	80	0.0625000
NODE_61451_length_434_cov_136.483582	31	111	17	3	80	0.0375000
NODE_61451_length_434_cov_136.483582	31	111	24	1	80	0.0125000
NODE_61451_length_434_cov_136.483582	31	111	25	3	80	0.0375000
NODE_61451_length_434_cov_136.483582	31	111	26	1	80	0.0125000
NODE_61451_length_434_cov_136.483582	31	111	27	5	80	0.0625000
NODE_61451_length_434_cov_136.483582	31	111	28	3	80	0.0375000
NODE_61451_length_434_cov_136.483582	31	111	29	5	80	0.0625000
NODE_61451_length_434_cov_136.483582	31	111	30	1	80	0.0125000
NODE_61451_length_434_cov_136.483582	31	111	31	1	80	0.0125000
NODE_61451_length_434_cov_136.483582	31	111	32	1	80	0.0125000
NODE_61451_length_434_cov_136.483582	31	111	33	1	80	0.0125000
NODE_61451_length_434_cov_136.483582	31	111	34	3	80	0.0375000
NODE_61451_length_434_cov_136.483582	31	111	35	5	80	0.0625000
NODE_61451_length_434_cov_136.483582	31	111	36	13	80	0.1625000
NODE_61451_length_434_cov_136.483582	31	111	38	7	80	0.0875000
NODE_61451_length_434_cov_136.483582	31	111	40	4	80	0.0500000
NODE_61451_length_434_cov_136.483582	31	111	41	3	80	0.0375000
NODE_61451_length_434_cov_136.483582	31	111	42	1	80	0.0125000
NODE_61451_length_434_cov_136.483582	31	111	45	3	80	0.0375000
NODE_61451_length_434_cov_136.483582	31	111	46	5	80	0.0625000
NODE_61452_length_434_cov_43.214925	291	366	0	75	75	1.0000000
NODE_61452_length_434_cov_43.214925	344	424	0	80	80	1.0000000
NODE_61452_length_434_cov_43.214925	344	424	0	80	80	1.0000000
NODE_61453_length_434_cov_22.373134	80	160	2	80	80	1.0000000
NODE_61453_length_434_cov_22.373134	133	213	0	29	80	0.3625000
NODE_61453_length_434_cov_22.373134	133	213	2	51	80	0.6375000
NODE_61455_length_434_cov_11.549254	74	145	2	8	71	0.1126761
NODE_61455_length_434_cov_11.549254	74	145	3	9	71	0.1267606
NODE_61455_length_434_cov_11.549254	74	145	5	1	71	0.0140845
NODE_61455_length_434_cov_11.549254	74	145	7	21	71	0.2957746
NODE_61455_length_434_cov_11.549254	74	145	9	9	71	0.1267606
NODE_61455_length_434_cov_11.549254	74	145	11	4	71	0.0563380
NODE_61455_length_434_cov_11.549254	74	145	12	19	71	0.2676056
NODE_61455_length_434_cov_11.549254	118	198	9	14	80	0.1750000
NODE_61455_length_434_cov_11.549254	118	198	11	32	80	0.4000000
NODE_61455_length_434_cov_11.549254	118	198	12	34	80	0.4250000
NODE_61477_length_434_cov_4.125373	191	233	0	42	42	1.0000000
NODE_61477_length_434_cov_4.125373	200	235	0	35	35	1.0000000
NODE_61497_length_434_cov_3.104478	191	263	0	72	72	1.0000000
NODE_61528_length_434_cov_2.197015	129	168	0	39	39	1.0000000
NODE_61563_length_434_cov_1.883582	88	133	0	45	45	1.0000000
NODE_61563_length_434_cov_1.883582	141	182	0	41	41	1.0000000
NODE_61603_length_434_cov_1.626866	163	243	2	80	80	1.0000000
NODE_61676_length_434_cov_1.220896	118	198	11	8	80	0.1000000
NODE_61676_length_434_cov_1.220896	118	198	12	7	80	0.0875000
NODE_61676_length_434_cov_1.220896	118	198	13	8	80	0.1000000
NODE_61676_length_434_cov_1.220896	118	198	14	6	80	0.0750000
NODE_61676_length_434_cov_1.220896	118	198	15	39	80	0.4875000
NODE_61676_length_434_cov_1.220896	118	198	16	11	80	0.1375000
NODE_61676_length_434_cov_1.220896	118	198	17	1	80	0.0125000
NODE_61727_length_434_cov_1.002985	245	286	0	12	41	0.2926829
NODE_61727_length_434_cov_1.002985	245	286	2	29	41	0.7073171
NODE_61727_length_434_cov_1.002985	258	339	2	81	81	1.0000000
NODE_61826_length_433_cov_51.392216	2	82	0	20	80	0.2500000
NODE_61826_length_433_cov_51.392216	2	82	2	5	80	0.0625000
NODE_61826_length_433_cov_51.392216	2	82	3	9	80	0.1125000
NODE_61826_length_433_cov_51.392216	2	82	4	16	80	0.2000000
NODE_61826_length_433_cov_51.392216	2	82	5	30	80	0.3750000
NODE_61826_length_433_cov_51.392216	55	135	5	72	80	0.9000000
NODE_61826_length_433_cov_51.392216	55	135	6	8	80	0.1000000
NODE_61826_length_433_cov_51.392216	131	213	3	16	82	0.1951219
NODE_61826_length_433_cov_51.392216	131	213	4	42	82	0.5121951
NODE_61826_length_433_cov_51.392216	131	213	5	2	82	0.0243902
NODE_61826_length_433_cov_51.392216	131	213	6	22	82	0.2682927
NODE_61826_length_433_cov_51.392216	189	266	3	62	77	0.8051948
NODE_61826_length_433_cov_51.392216	189	266	4	15	77	0.1948052
NODE_61827_length_433_cov_46.344311	248	328	6	80	80	1.0000000
NODE_61827_length_433_cov_46.344311	301	381	2	13	80	0.1625000
NODE_61827_length_433_cov_46.344311	301	381	3	10	80	0.1250000
NODE_61827_length_433_cov_46.344311	301	381	5	10	80	0.1250000
NODE_61827_length_433_cov_46.344311	301	381	6	28	80	0.3500000
NODE_61827_length_433_cov_46.344311	301	381	7	13	80	0.1625000
NODE_61827_length_433_cov_46.344311	301	381	8	6	80	0.0750000
NODE_61828_length_433_cov_41.808383	92	172	1	24	80	0.3000000
NODE_61828_length_433_cov_41.808383	92	172	2	56	80	0.7000000
NODE_61828_length_433_cov_41.808383	145	225	1	4	80	0.0500000
NODE_61828_length_433_cov_41.808383	145	225	2	76	80	0.9500000
NODE_61835_length_433_cov_6.227545	157	237	0	80	80	1.0000000
NODE_61836_length_433_cov_6.080838	164	244	0	80	80	1.0000000
NODE_61838_length_433_cov_5.547904	10	80	1	18	70	0.2571429
NODE_61838_length_433_cov_5.547904	10	80	2	52	70	0.7428572
NODE_61838_length_433_cov_5.547904	51	133	2	82	82	1.0000000
NODE_61839_length_433_cov_5.476048	81	141	4	23	60	0.3833333
NODE_61839_length_433_cov_5.476048	81	141	5	37	60	0.6166667
NODE_61855_length_433_cov_3.907186	77	107	0	30	30	1.0000000
NODE_61862_length_433_cov_3.595808	231	316	0	85	85	1.0000000
NODE_61864_length_433_cov_3.526946	107	178	0	71	71	1.0000000
NODE_61931_length_433_cov_2.137725	123	203	0	80	80	1.0000000
NODE_62258_length_432_cov_17.540541	150	230	2	14	80	0.1750000
NODE_62258_length_432_cov_17.540541	150	230	3	66	80	0.8250000
NODE_62258_length_432_cov_17.540541	203	288	2	22	85	0.2588235
NODE_62258_length_432_cov_17.540541	203	288	3	63	85	0.7411765
NODE_62264_length_432_cov_6.555556	52	82	0	30	30	1.0000000
NODE_62268_length_432_cov_5.720721	77	157	0	80	80	1.0000000
NODE_62268_length_432_cov_5.720721	130	202	0	72	72	1.0000000
NODE_62269_length_432_cov_5.387387	65	95	0	30	30	1.0000000
NODE_62270_length_432_cov_5.345345	271	324	2	53	53	1.0000000
NODE_62293_length_432_cov_3.678679	78	121	0	43	43	1.0000000
NODE_62304_length_432_cov_3.246246	87	128	5	1	41	0.0243902
NODE_62304_length_432_cov_3.246246	87	128	6	21	41	0.5121951
NODE_62304_length_432_cov_3.246246	87	128	7	1	41	0.0243902
NODE_62304_length_432_cov_3.246246	87	128	8	18	41	0.4390244
NODE_62304_length_432_cov_3.246246	101	167	6	8	66	0.1212121
NODE_62304_length_432_cov_3.246246	101	167	7	12	66	0.1818182
NODE_62304_length_432_cov_3.246246	101	167	8	46	66	0.6969697
NODE_62396_length_432_cov_1.762763	4	71	0	67	67	1.0000000
NODE_62544_length_432_cov_1.027027	44	68	0	24	24	1.0000000
NODE_62650_length_431_cov_35.355422	202	284	0	82	82	1.0000000
NODE_62650_length_431_cov_35.355422	257	333	0	76	76	1.0000000
NODE_62652_length_431_cov_11.207831	185	265	0	25	80	0.3125000
NODE_62652_length_431_cov_11.207831	185	265	1	5	80	0.0625000
NODE_62652_length_431_cov_11.207831	185	265	2	8	80	0.1000000
NODE_62652_length_431_cov_11.207831	185	265	4	42	80	0.5250000
NODE_62652_length_431_cov_11.207831	238	318	4	80	80	1.0000000
NODE_62657_length_431_cov_7.018072	110	190	0	80	80	1.0000000
NODE_62657_length_431_cov_7.018072	163	243	0	80	80	1.0000000
NODE_62661_length_431_cov_6.292169	123	203	0	80	80	1.0000000
NODE_62668_length_431_cov_5.608434	170	241	1	14	71	0.1971831
NODE_62668_length_431_cov_5.608434	170	241	2	57	71	0.8028169
NODE_62681_length_431_cov_4.250000	146	216	1	6	70	0.0857143
NODE_62681_length_431_cov_4.250000	146	216	3	42	70	0.6000000
NODE_62681_length_431_cov_4.250000	146	216	4	22	70	0.3142857
NODE_62684_length_431_cov_3.993976	210	290	2	80	80	1.0000000
NODE_62794_length_431_cov_1.695783	76	156	3	39	80	0.4875000
NODE_62794_length_431_cov_1.695783	76	156	4	34	80	0.4250000
NODE_62794_length_431_cov_1.695783	76	156	6	7	80	0.0875000
NODE_62794_length_431_cov_1.695783	129	199	4	20	70	0.2857143
NODE_62794_length_431_cov_1.695783	129	199	6	22	70	0.3142857
NODE_62794_length_431_cov_1.695783	129	199	7	4	70	0.0571429
NODE_62794_length_431_cov_1.695783	129	199	8	24	70	0.3428572
NODE_63043_length_430_cov_49.791541	319	399	8	14	80	0.1750000
NODE_63043_length_430_cov_49.791541	319	399	10	4	80	0.0500000
NODE_63043_length_430_cov_49.791541	319	399	12	1	80	0.0125000
NODE_63043_length_430_cov_49.791541	319	399	13	7	80	0.0875000
NODE_63043_length_430_cov_49.791541	319	399	14	11	80	0.1375000
NODE_63043_length_430_cov_49.791541	319	399	15	12	80	0.1500000
NODE_63043_length_430_cov_49.791541	319	399	19	6	80	0.0750000
NODE_63043_length_430_cov_49.791541	319	399	20	18	80	0.2250000
NODE_63043_length_430_cov_49.791541	319	399	23	1	80	0.0125000
NODE_63043_length_430_cov_49.791541	319	399	25	6	80	0.0750000
NODE_63043_length_430_cov_49.791541	372	430	0	3	58	0.0517241
NODE_63043_length_430_cov_49.791541	372	430	1	13	58	0.2241379
NODE_63043_length_430_cov_49.791541	372	430	3	3	58	0.0517241
NODE_63043_length_430_cov_49.791541	372	430	5	1	58	0.0172414
NODE_63043_length_430_cov_49.791541	372	430	6	5	58	0.0862069
NODE_63043_length_430_cov_49.791541	372	430	7	6	58	0.1034483
NODE_63043_length_430_cov_49.791541	372	430	8	14	58	0.2413793
NODE_63043_length_430_cov_49.791541	372	430	10	4	58	0.0689655
NODE_63043_length_430_cov_49.791541	372	430	12	1	58	0.0172414
NODE_63043_length_430_cov_49.791541	372	430	13	7	58	0.1206897
NODE_63043_length_430_cov_49.791541	372	430	14	1	58	0.0172414
NODE_63044_length_430_cov_44.365559	109	189	0	29	80	0.3625000
NODE_63044_length_430_cov_44.365559	109	189	1	31	80	0.3875000
NODE_63044_length_430_cov_44.365559	109	189	2	20	80	0.2500000
NODE_63044_length_430_cov_44.365559	162	242	1	7	80	0.0875000
NODE_63044_length_430_cov_44.365559	162	242	2	30	80	0.3750000
NODE_63044_length_430_cov_44.365559	162	242	3	2	80	0.0250000
NODE_63044_length_430_cov_44.365559	162	242	4	41	80	0.5125000
NODE_63045_length_430_cov_16.746224	92	172	0	17	80	0.2125000
NODE_63045_length_430_cov_16.746224	92	172	4	63	80	0.7875000
NODE_63045_length_430_cov_16.746224	145	225	0	70	80	0.8750000
NODE_63045_length_430_cov_16.746224	145	225	4	10	80	0.1250000
NODE_63048_length_430_cov_7.737160	180	263	0	83	83	1.0000000
NODE_63050_length_430_cov_6.163142	135	197	1	62	62	1.0000000
NODE_63051_length_430_cov_5.873112	7	90	0	83	83	1.0000000
NODE_63051_length_430_cov_5.873112	60	126	0	66	66	1.0000000
NODE_63066_length_430_cov_4.323263	18	90	0	72	72	1.0000000
NODE_63161_length_430_cov_1.945619	153	233	0	80	80	1.0000000
NODE_63401_length_430_cov_0.664653	391	430	0	39	39	1.0000000
NODE_63437_length_429_cov_10.424242	78	158	3	9	80	0.1125000
NODE_63437_length_429_cov_10.424242	78	158	5	51	80	0.6375000
NODE_63437_length_429_cov_10.424242	78	158	6	1	80	0.0125000
NODE_63437_length_429_cov_10.424242	78	158	7	19	80	0.2375000
NODE_63437_length_429_cov_10.424242	207	287	0	32	80	0.4000000
NODE_63437_length_429_cov_10.424242	207	287	1	1	80	0.0125000
NODE_63437_length_429_cov_10.424242	207	287	2	35	80	0.4375000
NODE_63437_length_429_cov_10.424242	207	287	3	12	80	0.1500000
NODE_63437_length_429_cov_10.424242	260	340	0	80	80	1.0000000
NODE_63439_length_429_cov_8.957576	213	293	0	80	80	1.0000000
NODE_63439_length_429_cov_8.957576	266	346	0	80	80	1.0000000
NODE_63441_length_429_cov_6.772727	337	366	0	29	29	1.0000000
NODE_63485_length_429_cov_3.003030	173	251	0	13	78	0.1666667
NODE_63485_length_429_cov_3.003030	173	251	2	65	78	0.8333333
NODE_63516_length_429_cov_2.433333	220	300	0	80	80	1.0000000
NODE_63519_length_429_cov_2.360606	24	85	0	61	61	1.0000000
NODE_63527_length_429_cov_2.224242	115	195	0	80	80	1.0000000
NODE_63547_length_429_cov_2.051515	114	143	0	29	29	1.0000000
NODE_63547_length_429_cov_2.051515	286	348	0	62	62	1.0000000
NODE_63864_length_428_cov_40.449848	217	297	0	80	80	1.0000000
NODE_63864_length_428_cov_40.449848	270	350	0	80	80	1.0000000
NODE_63864_length_428_cov_40.449848	346	426	0	80	80	1.0000000
NODE_63865_length_428_cov_31.066869	249	325	4	20	76	0.2631579
NODE_63865_length_428_cov_31.066869	249	325	5	43	76	0.5657895
NODE_63865_length_428_cov_31.066869	249	325	6	13	76	0.1710526
NODE_63865_length_428_cov_31.066869	297	378	4	3	81	0.0370370
NODE_63865_length_428_cov_31.066869	297	378	5	78	81	0.9629630
NODE_63866_length_428_cov_11.799392	62	142	0	8	80	0.1000000
NODE_63866_length_428_cov_11.799392	62	142	2	72	80	0.9000000
NODE_63866_length_428_cov_11.799392	115	195	2	80	80	1.0000000
NODE_63867_length_428_cov_10.595745	227	307	0	80	80	1.0000000
NODE_63870_length_428_cov_6.784195	344	374	0	30	30	1.0000000
NODE_63871_length_428_cov_6.768997	131	194	0	6	63	0.0952381
NODE_63871_length_428_cov_6.768997	131	194	1	1	63	0.0158730
NODE_63871_length_428_cov_6.768997	131	194	2	56	63	0.8888889
NODE_63895_length_428_cov_4.206687	224	304	0	80	80	1.0000000
NODE_63905_length_428_cov_3.525836	168	236	0	68	68	1.0000000
NODE_63905_length_428_cov_3.525836	209	244	0	35	35	1.0000000
NODE_63959_length_428_cov_2.322188	1	42	0	41	41	1.0000000
NODE_63977_length_428_cov_2.124620	228	308	0	80	80	1.0000000
NODE_64011_length_428_cov_1.848024	178	260	2	82	82	1.0000000
NODE_64027_length_428_cov_1.772036	187	255	0	68	68	1.0000000
NODE_64245_length_428_cov_0.790274	275	308	0	33	33	1.0000000
NODE_64245_length_428_cov_0.790274	276	302	0	26	26	1.0000000
NODE_64310_length_427_cov_29.628049	312	392	0	80	80	1.0000000
NODE_64310_length_427_cov_29.628049	365	427	0	62	62	1.0000000
NODE_64310_length_427_cov_29.628049	365	427	0	62	62	1.0000000
NODE_64312_length_427_cov_9.371951	184	239	0	6	55	0.1090909
NODE_64312_length_427_cov_9.371951	184	239	2	49	55	0.8909091
NODE_64313_length_427_cov_9.359756	11	82	0	71	71	1.0000000
NODE_64313_length_427_cov_9.359756	70	149	0	79	79	1.0000000
NODE_64313_length_427_cov_9.359756	145	225	0	11	80	0.1375000
NODE_64313_length_427_cov_9.359756	145	225	1	47	80	0.5875000
NODE_64313_length_427_cov_9.359756	145	225	2	22	80	0.2750000
NODE_64313_length_427_cov_9.359756	198	278	1	5	80	0.0625000
NODE_64313_length_427_cov_9.359756	198	278	2	75	80	0.9375000
NODE_64321_length_427_cov_5.929878	405	424	0	19	19	1.0000000
NODE_64324_length_427_cov_5.088415	257	332	0	75	75	1.0000000
NODE_64345_length_427_cov_3.884146	212	260	0	2	48	0.0416667
NODE_64345_length_427_cov_3.884146	212	260	1	46	48	0.9583333
NODE_64383_length_427_cov_2.765244	312	363	0	51	51	1.0000000
NODE_64409_length_427_cov_2.362805	142	177	0	35	35	1.0000000
NODE_64537_length_427_cov_1.359756	56	139	0	83	83	1.0000000
NODE_64728_length_426_cov_21.837920	178	258	0	80	80	1.0000000
NODE_64729_length_426_cov_16.850153	76	156	2	2	80	0.0250000
NODE_64729_length_426_cov_16.850153	76	156	4	31	80	0.3875000
NODE_64729_length_426_cov_16.850153	76	156	5	38	80	0.4750000
NODE_64729_length_426_cov_16.850153	76	156	6	9	80	0.1125000
NODE_64729_length_426_cov_16.850153	129	209	2	21	80	0.2625000
NODE_64729_length_426_cov_16.850153	129	209	5	18	80	0.2250000
NODE_64729_length_426_cov_16.850153	129	209	6	41	80	0.5125000
NODE_64731_length_426_cov_9.033639	152	232	0	80	80	1.0000000
NODE_64731_length_426_cov_9.033639	205	285	0	80	80	1.0000000
NODE_64734_length_426_cov_8.314985	133	213	0	47	80	0.5875000
NODE_64734_length_426_cov_8.314985	133	213	2	33	80	0.4125000
NODE_64734_length_426_cov_8.314985	186	266	2	80	80	1.0000000
NODE_64735_length_426_cov_8.278287	132	212	1	80	80	1.0000000
NODE_64735_length_426_cov_8.278287	185	265	1	65	80	0.8125000
NODE_64735_length_426_cov_8.278287	185	265	2	15	80	0.1875000
NODE_64752_length_426_cov_4.926606	116	196	0	80	80	1.0000000
NODE_64754_length_426_cov_4.743119	119	199	0	80	80	1.0000000
NODE_64754_length_426_cov_4.743119	172	252	0	80	80	1.0000000
NODE_64833_length_426_cov_2.278287	92	132	0	40	40	1.0000000
NODE_64833_length_426_cov_2.278287	139	205	0	66	66	1.0000000
NODE_64865_length_426_cov_1.896024	80	154	0	74	74	1.0000000
NODE_64948_length_426_cov_1.397554	240	290	0	50	50	1.0000000
NODE_65135_length_426_cov_0.602446	127	158	0	31	31	1.0000000
NODE_65152_length_425_cov_63.938650	0	61	0	3	61	0.0491803
NODE_65152_length_425_cov_63.938650	0	61	2	13	61	0.2131148
NODE_65152_length_425_cov_63.938650	0	61	3	8	61	0.1311475
NODE_65152_length_425_cov_63.938650	0	61	9	14	61	0.2295082
NODE_65152_length_425_cov_63.938650	0	61	10	8	61	0.1311475
NODE_65152_length_425_cov_63.938650	0	61	11	15	61	0.2459016
NODE_65152_length_425_cov_63.938650	34	114	9	4	80	0.0500000
NODE_65152_length_425_cov_63.938650	34	114	10	8	80	0.1000000
NODE_65152_length_425_cov_63.938650	34	114	11	68	80	0.8500000
NODE_65164_length_425_cov_4.877301	171	229	1	15	58	0.2586207
NODE_65164_length_425_cov_4.877301	171	229	3	14	58	0.2413793
NODE_65164_length_425_cov_4.877301	171	229	4	7	58	0.1206897
NODE_65164_length_425_cov_4.877301	171	229	6	5	58	0.0862069
NODE_65164_length_425_cov_4.877301	171	229	8	17	58	0.2931035
NODE_65165_length_425_cov_4.822086	295	377	2	82	82	1.0000000
NODE_65218_length_425_cov_2.809816	38	118	0	80	80	1.0000000
NODE_65278_length_425_cov_1.935583	93	138	1	16	45	0.3555556
NODE_65278_length_425_cov_1.935583	93	138	2	29	45	0.6444445
NODE_65278_length_425_cov_1.935583	170	225	0	55	55	1.0000000
NODE_65278_length_425_cov_1.935583	312	355	4	3	43	0.0697674
NODE_65278_length_425_cov_1.935583	312	355	6	40	43	0.9302326
NODE_65565_length_425_cov_0.628834	104	131	2	27	27	1.0000000
NODE_65602_length_424_cov_5.295385	224	270	0	46	46	1.0000000
NODE_65634_length_424_cov_3.255385	266	329	0	63	63	1.0000000
NODE_65669_length_424_cov_2.578462	403	422	0	19	19	1.0000000
NODE_65670_length_424_cov_2.578462	122	144	0	22	22	1.0000000
NODE_66111_length_423_cov_2.728395	150	229	0	79	79	1.0000000
NODE_66181_length_423_cov_1.879630	94	142	0	48	48	1.0000000
NODE_66222_length_423_cov_1.580247	128	208	0	80	80	1.0000000
NODE_66258_length_423_cov_1.410494	206	286	0	80	80	1.0000000
NODE_66459_length_422_cov_12.021672	201	236	2	9	35	0.2571429
NODE_66459_length_422_cov_12.021672	201	236	3	26	35	0.7428572
NODE_66459_length_422_cov_12.021672	247	289	2	42	42	1.0000000
NODE_66460_length_422_cov_10.712074	62	140	0	78	78	1.0000000
NODE_66460_length_422_cov_10.712074	115	195	0	80	80	1.0000000
NODE_66468_length_422_cov_6.281734	37	117	0	17	80	0.2125000
NODE_66468_length_422_cov_6.281734	37	117	1	63	80	0.7875000
NODE_66468_length_422_cov_6.281734	90	170	1	30	80	0.3750000
NODE_66468_length_422_cov_6.281734	90	170	2	50	80	0.6250000
NODE_66474_length_422_cov_5.266254	176	256	0	80	80	1.0000000
NODE_66485_length_422_cov_4.148607	159	224	0	65	65	1.0000000
NODE_66485_length_422_cov_4.148607	197	277	0	80	80	1.0000000
NODE_66488_length_422_cov_4.003096	146	226	1	39	80	0.4875000
NODE_66488_length_422_cov_4.003096	146	226	2	41	80	0.5125000
NODE_66488_length_422_cov_4.003096	199	279	1	54	80	0.6750000
NODE_66488_length_422_cov_4.003096	199	279	2	26	80	0.3250000
NODE_66512_length_422_cov_3.130031	93	173	0	80	80	1.0000000
NODE_66512_length_422_cov_3.130031	146	226	0	74	80	0.9250000
NODE_66512_length_422_cov_3.130031	146	226	2	6	80	0.0750000
NODE_66515_length_422_cov_3.077399	291	359	4	68	68	1.0000000
NODE_66550_length_422_cov_2.191950	5	24	0	19	19	1.0000000
NODE_66560_length_422_cov_2.108359	97	177	0	71	80	0.8875000
NODE_66560_length_422_cov_2.108359	97	177	2	9	80	0.1125000
NODE_66560_length_422_cov_2.108359	150	189	0	39	39	1.0000000
NODE_66560_length_422_cov_2.108359	249	289	0	40	40	1.0000000
NODE_66806_length_422_cov_0.845201	2	76	0	74	74	1.0000000
NODE_66869_length_421_cov_10.664596	178	256	1	9	78	0.1153846
NODE_66869_length_421_cov_10.664596	178	256	3	50	78	0.6410257
NODE_66869_length_421_cov_10.664596	178	256	4	19	78	0.2435897
NODE_66869_length_421_cov_10.664596	229	309	0	48	80	0.6000000
NODE_66869_length_421_cov_10.664596	229	309	1	14	80	0.1750000
NODE_66869_length_421_cov_10.664596	229	309	3	18	80	0.2250000
NODE_66874_length_421_cov_7.552795	325	407	0	80	82	0.9756098
NODE_66874_length_421_cov_7.552795	325	407	1	2	82	0.0243902
NODE_66874_length_421_cov_7.552795	380	421	0	41	41	1.0000000
NODE_66875_length_421_cov_7.431677	96	118	0	22	22	1.0000000
NODE_66883_length_421_cov_5.279503	245	310	0	65	65	1.0000000
NODE_66884_length_421_cov_5.158385	68	145	0	77	77	1.0000000
NODE_66897_length_421_cov_4.114907	221	287	0	66	66	1.0000000
NODE_66898_length_421_cov_4.102484	202	277	0	75	75	1.0000000
NODE_66899_length_421_cov_4.040373	192	272	0	80	80	1.0000000
NODE_66899_length_421_cov_4.040373	245	314	0	69	69	1.0000000
NODE_66923_length_421_cov_3.319876	0	57	0	57	57	1.0000000
NODE_66955_length_421_cov_2.708075	95	118	2	23	23	1.0000000
NODE_66955_length_421_cov_2.708075	109	189	1	3	80	0.0375000
NODE_66955_length_421_cov_2.708075	109	189	2	77	80	0.9625000
NODE_66955_length_421_cov_2.708075	248	300	0	52	52	1.0000000
NODE_67073_length_421_cov_1.559006	240	309	1	69	69	1.0000000
NODE_67073_length_421_cov_1.559006	240	310	1	70	70	1.0000000
NODE_67077_length_421_cov_1.537267	305	383	0	42	78	0.5384616
NODE_67077_length_421_cov_1.537267	305	383	1	11	78	0.1410256
NODE_67077_length_421_cov_1.537267	305	383	2	25	78	0.3205128
NODE_67098_length_421_cov_1.413043	254	303	0	49	49	1.0000000
NODE_67283_length_421_cov_0.633540	132	156	0	24	24	1.0000000
NODE_67317_length_420_cov_80.766355	90	170	1	77	80	0.9625000
NODE_67317_length_420_cov_80.766355	90	170	2	3	80	0.0375000
NODE_67317_length_420_cov_80.766355	143	223	1	38	80	0.4750000
NODE_67317_length_420_cov_80.766355	143	223	2	42	80	0.5250000
NODE_67319_length_420_cov_51.473520	171	250	0	79	79	1.0000000
NODE_67319_length_420_cov_51.473520	223	307	0	84	84	1.0000000
NODE_67319_length_420_cov_51.473520	303	383	0	80	80	1.0000000
NODE_67319_length_420_cov_51.473520	356	420	0	64	64	1.0000000
NODE_67330_length_420_cov_5.071651	230	310	0	39	80	0.4875000
NODE_67330_length_420_cov_5.071651	230	310	2	41	80	0.5125000
NODE_67334_length_420_cov_4.775701	177	221	2	44	44	1.0000000
NODE_67345_length_420_cov_4.037383	161	240	1	79	79	1.0000000
NODE_67358_length_420_cov_3.657321	291	373	0	82	82	1.0000000
NODE_67398_length_420_cov_2.542056	96	176	0	80	80	1.0000000
NODE_67398_length_420_cov_2.542056	148	202	0	54	54	1.0000000
NODE_67398_length_420_cov_2.542056	149	195	0	46	46	1.0000000
NODE_67414_length_420_cov_2.323988	89	108	1	19	19	1.0000000
NODE_67506_length_420_cov_1.641745	277	312	0	35	35	1.0000000
NODE_67547_length_420_cov_1.429907	15	68	0	53	53	1.0000000
NODE_67547_length_420_cov_1.429907	69	111	0	42	42	1.0000000
NODE_67770_length_419_cov_491.015625	0	67	2	2	67	0.0298507
NODE_67770_length_419_cov_491.015625	0	67	4	1	67	0.0149254
NODE_67770_length_419_cov_491.015625	0	67	5	5	67	0.0746269
NODE_67770_length_419_cov_491.015625	0	67	6	2	67	0.0298507
NODE_67770_length_419_cov_491.015625	0	67	7	1	67	0.0149254
NODE_67770_length_419_cov_491.015625	0	67	8	2	67	0.0298507
NODE_67770_length_419_cov_491.015625	0	67	9	7	67	0.1044776
NODE_67770_length_419_cov_491.015625	0	67	10	4	67	0.0597015
NODE_67770_length_419_cov_491.015625	0	67	12	1	67	0.0149254
NODE_67770_length_419_cov_491.015625	0	67	13	2	67	0.0298507
NODE_67770_length_419_cov_491.015625	0	67	15	3	67	0.0447761
NODE_67770_length_419_cov_491.015625	0	67	16	4	67	0.0597015
NODE_67770_length_419_cov_491.015625	0	67	18	3	67	0.0447761
NODE_67770_length_419_cov_491.015625	0	67	20	3	67	0.0447761
NODE_67770_length_419_cov_491.015625	0	67	23	2	67	0.0298507
NODE_67770_length_419_cov_491.015625	0	67	26	3	67	0.0447761
NODE_67770_length_419_cov_491.015625	0	67	27	4	67	0.0597015
NODE_67770_length_419_cov_491.015625	0	67	28	4	67	0.0597015
NODE_67770_length_419_cov_491.015625	0	67	31	1	67	0.0149254
NODE_67770_length_419_cov_491.015625	0	67	32	1	67	0.0149254
NODE_67770_length_419_cov_491.015625	0	67	33	2	67	0.0298507
NODE_67770_length_419_cov_491.015625	0	67	34	1	67	0.0149254
NODE_67770_length_419_cov_491.015625	0	67	38	5	67	0.0746269
NODE_67770_length_419_cov_491.015625	0	67	39	2	67	0.0298507
NODE_67770_length_419_cov_491.015625	0	67	40	2	67	0.0298507
NODE_67770_length_419_cov_491.015625	0	67	2	2	67	0.0298507
NODE_67770_length_419_cov_491.015625	0	67	4	1	67	0.0149254
NODE_67770_length_419_cov_491.015625	0	67	5	5	67	0.0746269
NODE_67770_length_419_cov_491.015625	0	67	6	2	67	0.0298507
NODE_67770_length_419_cov_491.015625	0	67	7	1	67	0.0149254
NODE_67770_length_419_cov_491.015625	0	67	8	2	67	0.0298507
NODE_67770_length_419_cov_491.015625	0	67	9	7	67	0.1044776
NODE_67770_length_419_cov_491.015625	0	67	10	4	67	0.0597015
NODE_67770_length_419_cov_491.015625	0	67	12	1	67	0.0149254
NODE_67770_length_419_cov_491.015625	0	67	13	2	67	0.0298507
NODE_67770_length_419_cov_491.015625	0	67	15	3	67	0.0447761
NODE_67770_length_419_cov_491.015625	0	67	16	4	67	0.0597015
NODE_67770_length_419_cov_491.015625	0	67	18	3	67	0.0447761
NODE_67770_length_419_cov_491.015625	0	67	20	3	67	0.0447761
NODE_67770_length_419_cov_491.015625	0	67	23	2	67	0.0298507
NODE_67770_length_419_cov_491.015625	0	67	26	3	67	0.0447761
NODE_67770_length_419_cov_491.015625	0	67	27	4	67	0.0597015
NODE_67770_length_419_cov_491.015625	0	67	28	4	67	0.0597015
NODE_67770_length_419_cov_491.015625	0	67	31	1	67	0.0149254
NODE_67770_length_419_cov_491.015625	0	67	32	1	67	0.0149254
NODE_67770_length_419_cov_491.015625	0	67	33	2	67	0.0298507
NODE_67770_length_419_cov_491.015625	0	67	34	1	67	0.0149254
NODE_67770_length_419_cov_491.015625	0	67	38	5	67	0.0746269
NODE_67770_length_419_cov_491.015625	0	67	39	2	67	0.0298507
NODE_67770_length_419_cov_491.015625	0	67	40	2	67	0.0298507
NODE_67770_length_419_cov_491.015625	0	67	2	2	67	0.0298507
NODE_67770_length_419_cov_491.015625	0	67	4	1	67	0.0149254
NODE_67770_length_419_cov_491.015625	0	67	5	5	67	0.0746269
NODE_67770_length_419_cov_491.015625	0	67	6	2	67	0.0298507
NODE_67770_length_419_cov_491.015625	0	67	7	1	67	0.0149254
NODE_67770_length_419_cov_491.015625	0	67	8	2	67	0.0298507
NODE_67770_length_419_cov_491.015625	0	67	9	7	67	0.1044776
NODE_67770_length_419_cov_491.015625	0	67	10	4	67	0.0597015
NODE_67770_length_419_cov_491.015625	0	67	12	1	67	0.0149254
NODE_67770_length_419_cov_491.015625	0	67	13	2	67	0.0298507
NODE_67770_length_419_cov_491.015625	0	67	15	3	67	0.0447761
NODE_67770_length_419_cov_491.015625	0	67	16	4	67	0.0597015
NODE_67770_length_419_cov_491.015625	0	67	18	3	67	0.0447761
NODE_67770_length_419_cov_491.015625	0	67	20	3	67	0.0447761
NODE_67770_length_419_cov_491.015625	0	67	23	2	67	0.0298507
NODE_67770_length_419_cov_491.015625	0	67	26	3	67	0.0447761
NODE_67770_length_419_cov_491.015625	0	67	27	4	67	0.0597015
NODE_67770_length_419_cov_491.015625	0	67	28	4	67	0.0597015
NODE_67770_length_419_cov_491.015625	0	67	31	1	67	0.0149254
NODE_67770_length_419_cov_491.015625	0	67	32	1	67	0.0149254
NODE_67770_length_419_cov_491.015625	0	67	33	2	67	0.0298507
NODE_67770_length_419_cov_491.015625	0	67	34	1	67	0.0149254
NODE_67770_length_419_cov_491.015625	0	67	38	5	67	0.0746269
NODE_67770_length_419_cov_491.015625	0	67	39	2	67	0.0298507
NODE_67770_length_419_cov_491.015625	0	67	40	2	67	0.0298507
NODE_67770_length_419_cov_491.015625	0	67	2	2	67	0.0298507
NODE_67770_length_419_cov_491.015625	0	67	4	1	67	0.0149254
NODE_67770_length_419_cov_491.015625	0	67	5	5	67	0.0746269
NODE_67770_length_419_cov_491.015625	0	67	6	2	67	0.0298507
NODE_67770_length_419_cov_491.015625	0	67	7	1	67	0.0149254
NODE_67770_length_419_cov_491.015625	0	67	8	2	67	0.0298507
NODE_67770_length_419_cov_491.015625	0	67	9	7	67	0.1044776
NODE_67770_length_419_cov_491.015625	0	67	10	4	67	0.0597015
NODE_67770_length_419_cov_491.015625	0	67	12	1	67	0.0149254
NODE_67770_length_419_cov_491.015625	0	67	13	2	67	0.0298507
NODE_67770_length_419_cov_491.015625	0	67	15	3	67	0.0447761
NODE_67770_length_419_cov_491.015625	0	67	16	4	67	0.0597015
NODE_67770_length_419_cov_491.015625	0	67	18	3	67	0.0447761
NODE_67770_length_419_cov_491.015625	0	67	20	3	67	0.0447761
NODE_67770_length_419_cov_491.015625	0	67	23	2	67	0.0298507
NODE_67770_length_419_cov_491.015625	0	67	26	3	67	0.0447761
NODE_67770_length_419_cov_491.015625	0	67	27	4	67	0.0597015
NODE_67770_length_419_cov_491.015625	0	67	28	4	67	0.0597015
NODE_67770_length_419_cov_491.015625	0	67	31	1	67	0.0149254
NODE_67770_length_419_cov_491.015625	0	67	32	1	67	0.0149254
NODE_67770_length_419_cov_491.015625	0	67	33	2	67	0.0298507
NODE_67770_length_419_cov_491.015625	0	67	34	1	67	0.0149254
NODE_67770_length_419_cov_491.015625	0	67	38	5	67	0.0746269
NODE_67770_length_419_cov_491.015625	0	67	39	2	67	0.0298507
NODE_67770_length_419_cov_491.015625	0	67	40	2	67	0.0298507
NODE_67770_length_419_cov_491.015625	63	143	39	2	80	0.0250000
NODE_67770_length_419_cov_491.015625	63	143	40	3	80	0.0375000
NODE_67770_length_419_cov_491.015625	63	143	41	4	80	0.0500000
NODE_67770_length_419_cov_491.015625	63	143	43	2	80	0.0250000
NODE_67770_length_419_cov_491.015625	63	143	44	1	80	0.0125000
NODE_67770_length_419_cov_491.015625	63	143	45	1	80	0.0125000
NODE_67770_length_419_cov_491.015625	63	143	47	1	80	0.0125000
NODE_67770_length_419_cov_491.015625	63	143	48	3	80	0.0375000
NODE_67770_length_419_cov_491.015625	63	143	50	1	80	0.0125000
NODE_67770_length_419_cov_491.015625	63	143	52	4	80	0.0500000
NODE_67770_length_419_cov_491.015625	63	143	53	1	80	0.0125000
NODE_67770_length_419_cov_491.015625	63	143	54	1	80	0.0125000
NODE_67770_length_419_cov_491.015625	63	143	56	3	80	0.0375000
NODE_67770_length_419_cov_491.015625	63	143	58	2	80	0.0250000
NODE_67770_length_419_cov_491.015625	63	143	61	4	80	0.0500000
NODE_67770_length_419_cov_491.015625	63	143	62	1	80	0.0125000
NODE_67770_length_419_cov_491.015625	63	143	66	1	80	0.0125000
NODE_67770_length_419_cov_491.015625	63	143	67	2	80	0.0250000
NODE_67770_length_419_cov_491.015625	63	143	74	1	80	0.0125000
NODE_67770_length_419_cov_491.015625	63	143	77	4	80	0.0500000
NODE_67770_length_419_cov_491.015625	63	143	78	1	80	0.0125000
NODE_67770_length_419_cov_491.015625	63	143	79	5	80	0.0625000
NODE_67770_length_419_cov_491.015625	63	143	81	2	80	0.0250000
NODE_67770_length_419_cov_491.015625	63	143	84	3	80	0.0375000
NODE_67770_length_419_cov_491.015625	63	143	85	1	80	0.0125000
NODE_67770_length_419_cov_491.015625	63	143	87	2	80	0.0250000
NODE_67770_length_419_cov_491.015625	63	143	88	1	80	0.0125000
NODE_67770_length_419_cov_491.015625	63	143	90	2	80	0.0250000
NODE_67770_length_419_cov_491.015625	63	143	92	1	80	0.0125000
NODE_67770_length_419_cov_491.015625	63	143	93	7	80	0.0875000
NODE_67770_length_419_cov_491.015625	63	143	94	2	80	0.0250000
NODE_67770_length_419_cov_491.015625	63	143	96	4	80	0.0500000
NODE_67770_length_419_cov_491.015625	63	143	97	5	80	0.0625000
NODE_67770_length_419_cov_491.015625	63	143	98	2	80	0.0250000
NODE_67770_length_419_cov_491.015625	63	143	39	2	80	0.0250000
NODE_67770_length_419_cov_491.015625	63	143	40	3	80	0.0375000
NODE_67770_length_419_cov_491.015625	63	143	41	4	80	0.0500000
NODE_67770_length_419_cov_491.015625	63	143	43	2	80	0.0250000
NODE_67770_length_419_cov_491.015625	63	143	44	1	80	0.0125000
NODE_67770_length_419_cov_491.015625	63	143	45	1	80	0.0125000
NODE_67770_length_419_cov_491.015625	63	143	47	1	80	0.0125000
NODE_67770_length_419_cov_491.015625	63	143	48	3	80	0.0375000
NODE_67770_length_419_cov_491.015625	63	143	50	1	80	0.0125000
NODE_67770_length_419_cov_491.015625	63	143	52	4	80	0.0500000
NODE_67770_length_419_cov_491.015625	63	143	53	1	80	0.0125000
NODE_67770_length_419_cov_491.015625	63	143	54	1	80	0.0125000
NODE_67770_length_419_cov_491.015625	63	143	56	3	80	0.0375000
NODE_67770_length_419_cov_491.015625	63	143	58	2	80	0.0250000
NODE_67770_length_419_cov_491.015625	63	143	61	4	80	0.0500000
NODE_67770_length_419_cov_491.015625	63	143	62	1	80	0.0125000
NODE_67770_length_419_cov_491.015625	63	143	66	1	80	0.0125000
NODE_67770_length_419_cov_491.015625	63	143	67	2	80	0.0250000
NODE_67770_length_419_cov_491.015625	63	143	74	1	80	0.0125000
NODE_67770_length_419_cov_491.015625	63	143	77	4	80	0.0500000
NODE_67770_length_419_cov_491.015625	63	143	78	1	80	0.0125000
NODE_67770_length_419_cov_491.015625	63	143	79	5	80	0.0625000
NODE_67770_length_419_cov_491.015625	63	143	81	2	80	0.0250000
NODE_67770_length_419_cov_491.015625	63	143	84	3	80	0.0375000
NODE_67770_length_419_cov_491.015625	63	143	85	1	80	0.0125000
NODE_67770_length_419_cov_491.015625	63	143	87	2	80	0.0250000
NODE_67770_length_419_cov_491.015625	63	143	88	1	80	0.0125000
NODE_67770_length_419_cov_491.015625	63	143	90	2	80	0.0250000
NODE_67770_length_419_cov_491.015625	63	143	92	1	80	0.0125000
NODE_67770_length_419_cov_491.015625	63	143	93	7	80	0.0875000
NODE_67770_length_419_cov_491.015625	63	143	94	2	80	0.0250000
NODE_67770_length_419_cov_491.015625	63	143	96	4	80	0.0500000
NODE_67770_length_419_cov_491.015625	63	143	97	5	80	0.0625000
NODE_67770_length_419_cov_491.015625	63	143	98	2	80	0.0250000
NODE_67770_length_419_cov_491.015625	63	143	39	2	80	0.0250000
NODE_67770_length_419_cov_491.015625	63	143	40	3	80	0.0375000
NODE_67770_length_419_cov_491.015625	63	143	41	4	80	0.0500000
NODE_67770_length_419_cov_491.015625	63	143	43	2	80	0.0250000
NODE_67770_length_419_cov_491.015625	63	143	44	1	80	0.0125000
NODE_67770_length_419_cov_491.015625	63	143	45	1	80	0.0125000
NODE_67770_length_419_cov_491.015625	63	143	47	1	80	0.0125000
NODE_67770_length_419_cov_491.015625	63	143	48	3	80	0.0375000
NODE_67770_length_419_cov_491.015625	63	143	50	1	80	0.0125000
NODE_67770_length_419_cov_491.015625	63	143	52	4	80	0.0500000
NODE_67770_length_419_cov_491.015625	63	143	53	1	80	0.0125000
NODE_67770_length_419_cov_491.015625	63	143	54	1	80	0.0125000
NODE_67770_length_419_cov_491.015625	63	143	56	3	80	0.0375000
NODE_67770_length_419_cov_491.015625	63	143	58	2	80	0.0250000
NODE_67770_length_419_cov_491.015625	63	143	61	4	80	0.0500000
NODE_67770_length_419_cov_491.015625	63	143	62	1	80	0.0125000
NODE_67770_length_419_cov_491.015625	63	143	66	1	80	0.0125000
NODE_67770_length_419_cov_491.015625	63	143	67	2	80	0.0250000
NODE_67770_length_419_cov_491.015625	63	143	74	1	80	0.0125000
NODE_67770_length_419_cov_491.015625	63	143	77	4	80	0.0500000
NODE_67770_length_419_cov_491.015625	63	143	78	1	80	0.0125000
NODE_67770_length_419_cov_491.015625	63	143	79	5	80	0.0625000
NODE_67770_length_419_cov_491.015625	63	143	81	2	80	0.0250000
NODE_67770_length_419_cov_491.015625	63	143	84	3	80	0.0375000
NODE_67770_length_419_cov_491.015625	63	143	85	1	80	0.0125000
NODE_67770_length_419_cov_491.015625	63	143	87	2	80	0.0250000
NODE_67770_length_419_cov_491.015625	63	143	88	1	80	0.0125000
NODE_67770_length_419_cov_491.015625	63	143	90	2	80	0.0250000
NODE_67770_length_419_cov_491.015625	63	143	92	1	80	0.0125000
NODE_67770_length_419_cov_491.015625	63	143	93	7	80	0.0875000
NODE_67770_length_419_cov_491.015625	63	143	94	2	80	0.0250000
NODE_67770_length_419_cov_491.015625	63	143	96	4	80	0.0500000
NODE_67770_length_419_cov_491.015625	63	143	97	5	80	0.0625000
NODE_67770_length_419_cov_491.015625	63	143	98	2	80	0.0250000
NODE_67770_length_419_cov_491.015625	116	196	81	1	80	0.0125000
NODE_67770_length_419_cov_491.015625	116	196	82	4	80	0.0500000
NODE_67770_length_419_cov_491.015625	116	196	83	1	80	0.0125000
NODE_67770_length_419_cov_491.015625	116	196	85	3	80	0.0375000
NODE_67770_length_419_cov_491.015625	116	196	86	1	80	0.0125000
NODE_67770_length_419_cov_491.015625	116	196	87	5	80	0.0625000
NODE_67770_length_419_cov_491.015625	116	196	88	1	80	0.0125000
NODE_67770_length_419_cov_491.015625	116	196	89	1	80	0.0125000
NODE_67770_length_419_cov_491.015625	116	196	90	4	80	0.0500000
NODE_67770_length_419_cov_491.015625	116	196	91	4	80	0.0500000
NODE_67770_length_419_cov_491.015625	116	196	92	4	80	0.0500000
NODE_67770_length_419_cov_491.015625	116	196	93	10	80	0.1250000
NODE_67770_length_419_cov_491.015625	116	196	94	4	80	0.0500000
NODE_67770_length_419_cov_491.015625	116	196	95	6	80	0.0750000
NODE_67770_length_419_cov_491.015625	116	196	96	13	80	0.1625000
NODE_67770_length_419_cov_491.015625	116	196	97	7	80	0.0875000
NODE_67770_length_419_cov_491.015625	116	196	98	10	80	0.1250000
NODE_67770_length_419_cov_491.015625	116	196	99	1	80	0.0125000
NODE_67770_length_419_cov_491.015625	116	196	81	1	80	0.0125000
NODE_67770_length_419_cov_491.015625	116	196	82	4	80	0.0500000
NODE_67770_length_419_cov_491.015625	116	196	83	1	80	0.0125000
NODE_67770_length_419_cov_491.015625	116	196	85	3	80	0.0375000
NODE_67770_length_419_cov_491.015625	116	196	86	1	80	0.0125000
NODE_67770_length_419_cov_491.015625	116	196	87	5	80	0.0625000
NODE_67770_length_419_cov_491.015625	116	196	88	1	80	0.0125000
NODE_67770_length_419_cov_491.015625	116	196	89	1	80	0.0125000
NODE_67770_length_419_cov_491.015625	116	196	90	4	80	0.0500000
NODE_67770_length_419_cov_491.015625	116	196	91	4	80	0.0500000
NODE_67770_length_419_cov_491.015625	116	196	92	4	80	0.0500000
NODE_67770_length_419_cov_491.015625	116	196	93	10	80	0.1250000
NODE_67770_length_419_cov_491.015625	116	196	94	4	80	0.0500000
NODE_67770_length_419_cov_491.015625	116	196	95	6	80	0.0750000
NODE_67770_length_419_cov_491.015625	116	196	96	13	80	0.1625000
NODE_67770_length_419_cov_491.015625	116	196	97	7	80	0.0875000
NODE_67770_length_419_cov_491.015625	116	196	98	10	80	0.1250000
NODE_67770_length_419_cov_491.015625	116	196	99	1	80	0.0125000
NODE_67770_length_419_cov_491.015625	116	196	81	1	80	0.0125000
NODE_67770_length_419_cov_491.015625	116	196	82	4	80	0.0500000
NODE_67770_length_419_cov_491.015625	116	196	83	1	80	0.0125000
NODE_67770_length_419_cov_491.015625	116	196	85	3	80	0.0375000
NODE_67770_length_419_cov_491.015625	116	196	86	1	80	0.0125000
NODE_67770_length_419_cov_491.015625	116	196	87	5	80	0.0625000
NODE_67770_length_419_cov_491.015625	116	196	88	1	80	0.0125000
NODE_67770_length_419_cov_491.015625	116	196	89	1	80	0.0125000
NODE_67770_length_419_cov_491.015625	116	196	90	4	80	0.0500000
NODE_67770_length_419_cov_491.015625	116	196	91	4	80	0.0500000
NODE_67770_length_419_cov_491.015625	116	196	92	4	80	0.0500000
NODE_67770_length_419_cov_491.015625	116	196	93	10	80	0.1250000
NODE_67770_length_419_cov_491.015625	116	196	94	4	80	0.0500000
NODE_67770_length_419_cov_491.015625	116	196	95	6	80	0.0750000
NODE_67770_length_419_cov_491.015625	116	196	96	13	80	0.1625000
NODE_67770_length_419_cov_491.015625	116	196	97	7	80	0.0875000
NODE_67770_length_419_cov_491.015625	116	196	98	10	80	0.1250000
NODE_67770_length_419_cov_491.015625	116	196	99	1	80	0.0125000
NODE_67770_length_419_cov_491.015625	116	196	81	1	80	0.0125000
NODE_67770_length_419_cov_491.015625	116	196	82	4	80	0.0500000
NODE_67770_length_419_cov_491.015625	116	196	83	1	80	0.0125000
NODE_67770_length_419_cov_491.015625	116	196	85	3	80	0.0375000
NODE_67770_length_419_cov_491.015625	116	196	86	1	80	0.0125000
NODE_67770_length_419_cov_491.015625	116	196	87	5	80	0.0625000
NODE_67770_length_419_cov_491.015625	116	196	88	1	80	0.0125000
NODE_67770_length_419_cov_491.015625	116	196	89	1	80	0.0125000
NODE_67770_length_419_cov_491.015625	116	196	90	4	80	0.0500000
NODE_67770_length_419_cov_491.015625	116	196	91	4	80	0.0500000
NODE_67770_length_419_cov_491.015625	116	196	92	4	80	0.0500000
NODE_67770_length_419_cov_491.015625	116	196	93	10	80	0.1250000
NODE_67770_length_419_cov_491.015625	116	196	94	4	80	0.0500000
NODE_67770_length_419_cov_491.015625	116	196	95	6	80	0.0750000
NODE_67770_length_419_cov_491.015625	116	196	96	13	80	0.1625000
NODE_67770_length_419_cov_491.015625	116	196	97	7	80	0.0875000
NODE_67770_length_419_cov_491.015625	116	196	98	10	80	0.1250000
NODE_67770_length_419_cov_491.015625	116	196	99	1	80	0.0125000
NODE_67770_length_419_cov_491.015625	116	196	81	1	80	0.0125000
NODE_67770_length_419_cov_491.015625	116	196	82	4	80	0.0500000
NODE_67770_length_419_cov_491.015625	116	196	83	1	80	0.0125000
NODE_67770_length_419_cov_491.015625	116	196	85	3	80	0.0375000
NODE_67770_length_419_cov_491.015625	116	196	86	1	80	0.0125000
NODE_67770_length_419_cov_491.015625	116	196	87	5	80	0.0625000
NODE_67770_length_419_cov_491.015625	116	196	88	1	80	0.0125000
NODE_67770_length_419_cov_491.015625	116	196	89	1	80	0.0125000
NODE_67770_length_419_cov_491.015625	116	196	90	4	80	0.0500000
NODE_67770_length_419_cov_491.015625	116	196	91	4	80	0.0500000
NODE_67770_length_419_cov_491.015625	116	196	92	4	80	0.0500000
NODE_67770_length_419_cov_491.015625	116	196	93	10	80	0.1250000
NODE_67770_length_419_cov_491.015625	116	196	94	4	80	0.0500000
NODE_67770_length_419_cov_491.015625	116	196	95	6	80	0.0750000
NODE_67770_length_419_cov_491.015625	116	196	96	13	80	0.1625000
NODE_67770_length_419_cov_491.015625	116	196	97	7	80	0.0875000
NODE_67770_length_419_cov_491.015625	116	196	98	10	80	0.1250000
NODE_67770_length_419_cov_491.015625	116	196	99	1	80	0.0125000
NODE_67772_length_419_cov_31.725000	12	92	0	80	80	1.0000000
NODE_67772_length_419_cov_31.725000	65	145	0	80	80	1.0000000
NODE_67789_length_419_cov_4.862500	47	103	0	56	56	1.0000000
NODE_67789_length_419_cov_4.862500	258	327	0	69	69	1.0000000
NODE_67789_length_419_cov_4.862500	284	328	0	44	44	1.0000000
NODE_67803_length_419_cov_4.193750	215	262	0	47	47	1.0000000
NODE_67803_length_419_cov_4.193750	235	275	0	40	40	1.0000000
NODE_67817_length_419_cov_3.696875	165	215	0	50	50	1.0000000
NODE_67854_length_419_cov_2.628125	234	314	0	80	80	1.0000000
NODE_67856_length_419_cov_2.603125	154	196	0	42	42	1.0000000
NODE_67878_length_419_cov_2.350000	156	220	1	8	64	0.1250000
NODE_67878_length_419_cov_2.350000	156	220	2	8	64	0.1250000
NODE_67878_length_419_cov_2.350000	156	220	3	5	64	0.0781250
NODE_67878_length_419_cov_2.350000	156	220	4	3	64	0.0468750
NODE_67878_length_419_cov_2.350000	156	220	6	5	64	0.0781250
NODE_67878_length_419_cov_2.350000	156	220	7	2	64	0.0312500
NODE_67878_length_419_cov_2.350000	156	220	8	20	64	0.3125000
NODE_67878_length_419_cov_2.350000	156	220	10	4	64	0.0625000
NODE_67878_length_419_cov_2.350000	156	220	11	9	64	0.1406250
NODE_67961_length_419_cov_1.593750	339	358	0	19	19	1.0000000
NODE_68250_length_418_cov_63.059561	105	186	0	81	81	1.0000000
NODE_68250_length_418_cov_63.059561	159	239	0	80	80	1.0000000
NODE_68251_length_418_cov_49.796238	325	405	6	18	80	0.2250000
NODE_68251_length_418_cov_49.796238	325	405	7	44	80	0.5500000
NODE_68251_length_418_cov_49.796238	325	405	9	1	80	0.0125000
NODE_68251_length_418_cov_49.796238	325	405	11	17	80	0.2125000
NODE_68251_length_418_cov_49.796238	378	415	4	8	37	0.2162162
NODE_68251_length_418_cov_49.796238	378	415	6	20	37	0.5405405
NODE_68251_length_418_cov_49.796238	378	415	7	9	37	0.2432432
NODE_68252_length_418_cov_42.764890	119	196	0	56	77	0.7272727
NODE_68252_length_418_cov_42.764890	119	196	2	21	77	0.2727273
NODE_68252_length_418_cov_42.764890	172	250	0	14	78	0.1794872
NODE_68252_length_418_cov_42.764890	172	250	2	64	78	0.8205128
NODE_68253_length_418_cov_23.830721	73	153	0	16	80	0.2000000
NODE_68253_length_418_cov_23.830721	73	153	1	17	80	0.2125000
NODE_68253_length_418_cov_23.830721	73	153	5	47	80	0.5875000
NODE_68253_length_418_cov_23.830721	126	200	5	74	74	1.0000000
NODE_68255_length_418_cov_7.216301	211	291	0	80	80	1.0000000
NODE_68265_length_418_cov_5.382445	134	215	0	81	81	1.0000000
NODE_68265_length_418_cov_5.382445	187	268	0	81	81	1.0000000
NODE_68275_length_418_cov_4.463950	191	272	0	81	81	1.0000000
NODE_68280_length_418_cov_4.216301	148	230	0	82	82	1.0000000
NODE_68281_length_418_cov_4.065831	211	280	0	68	69	0.9855072
NODE_68281_length_418_cov_4.065831	211	280	1	1	69	0.0144928
NODE_68284_length_418_cov_3.909091	95	175	2	53	80	0.6625000
NODE_68284_length_418_cov_3.909091	95	175	3	27	80	0.3375000
NODE_68284_length_418_cov_3.909091	148	224	3	36	76	0.4736842
NODE_68284_length_418_cov_3.909091	148	224	4	12	76	0.1578947
NODE_68284_length_418_cov_3.909091	148	224	5	4	76	0.0526316
NODE_68284_length_418_cov_3.909091	148	224	6	9	76	0.1184211
NODE_68284_length_418_cov_3.909091	148	224	7	15	76	0.1973684
NODE_68288_length_418_cov_3.749216	181	247	0	66	66	1.0000000
NODE_68289_length_418_cov_3.711599	249	313	0	64	64	1.0000000
NODE_68307_length_418_cov_3.012539	101	181	0	80	80	1.0000000
NODE_68354_length_418_cov_2.376176	95	115	0	20	20	1.0000000
NODE_68436_length_418_cov_1.623824	47	128	0	81	81	1.0000000
NODE_68436_length_418_cov_1.623824	239	268	2	29	29	1.0000000
NODE_68682_length_418_cov_0.626959	255	299	0	44	44	1.0000000
NODE_68708_length_417_cov_45.267296	212	292	0	80	80	1.0000000
NODE_68708_length_417_cov_45.267296	265	345	0	80	80	1.0000000
NODE_68708_length_417_cov_45.267296	341	417	0	76	76	1.0000000
NODE_68709_length_417_cov_36.006289	159	239	10	13	80	0.1625000
NODE_68709_length_417_cov_36.006289	159	239	11	11	80	0.1375000
NODE_68709_length_417_cov_36.006289	159	239	12	54	80	0.6750000
NODE_68709_length_417_cov_36.006289	159	239	13	2	80	0.0250000
NODE_68711_length_417_cov_12.886792	193	273	1	22	80	0.2750000
NODE_68711_length_417_cov_12.886792	193	273	2	3	80	0.0375000
NODE_68711_length_417_cov_12.886792	193	273	3	17	80	0.2125000
NODE_68711_length_417_cov_12.886792	193	273	4	38	80	0.4750000
NODE_68711_length_417_cov_12.886792	246	326	0	25	80	0.3125000
NODE_68711_length_417_cov_12.886792	246	326	1	50	80	0.6250000
NODE_68711_length_417_cov_12.886792	246	326	2	3	80	0.0375000
NODE_68711_length_417_cov_12.886792	246	326	3	2	80	0.0250000
NODE_68717_length_417_cov_7.056604	210	271	0	61	61	1.0000000
NODE_68717_length_417_cov_7.056604	263	315	0	52	52	1.0000000
NODE_68718_length_417_cov_6.669811	194	264	0	70	70	1.0000000
NODE_68779_length_417_cov_2.795597	20	91	0	71	71	1.0000000
NODE_69163_length_416_cov_115.782334	174	259	3	52	85	0.6117647
NODE_69163_length_416_cov_115.782334	174	259	4	28	85	0.3294118
NODE_69163_length_416_cov_115.782334	174	259	5	5	85	0.0588235
NODE_69164_length_416_cov_70.678233	180	244	11	43	64	0.6718750
NODE_69164_length_416_cov_70.678233	180	244	12	17	64	0.2656250
NODE_69164_length_416_cov_70.678233	180	244	13	4	64	0.0625000
NODE_69166_length_416_cov_39.933754	288	368	2	80	80	1.0000000
NODE_69166_length_416_cov_39.933754	341	416	0	31	75	0.4133333
NODE_69166_length_416_cov_39.933754	341	416	2	44	75	0.5866666
NODE_69167_length_416_cov_37.334385	158	238	0	39	80	0.4875000
NODE_69167_length_416_cov_37.334385	158	238	1	41	80	0.5125000
NODE_69167_length_416_cov_37.334385	211	291	0	43	80	0.5375000
NODE_69167_length_416_cov_37.334385	211	291	1	37	80	0.4625000
NODE_69167_length_416_cov_37.334385	287	367	0	80	80	1.0000000
NODE_69167_length_416_cov_37.334385	340	416	0	76	76	1.0000000
NODE_69179_length_416_cov_5.242902	89	169	0	80	80	1.0000000
NODE_69179_length_416_cov_5.242902	142	222	0	80	80	1.0000000
NODE_69184_length_416_cov_4.892744	79	145	0	66	66	1.0000000
NODE_69184_length_416_cov_4.892744	194	272	2	78	78	1.0000000
NODE_69184_length_416_cov_4.892744	247	272	2	25	25	1.0000000
NODE_69204_length_416_cov_3.886435	79	136	2	14	57	0.2456140
NODE_69204_length_416_cov_3.886435	79	136	3	43	57	0.7543859
NODE_69279_length_416_cov_2.230284	10	90	0	80	80	1.0000000
NODE_69399_length_416_cov_1.520505	198	244	1	45	46	0.9782609
NODE_69399_length_416_cov_1.520505	198	244	3	1	46	0.0217391
NODE_69399_length_416_cov_1.520505	261	328	4	54	67	0.8059701
NODE_69399_length_416_cov_1.520505	261	328	6	13	67	0.1940299
NODE_69673_length_415_cov_35.924051	260	339	1	27	79	0.3417721
NODE_69673_length_415_cov_35.924051	260	339	2	52	79	0.6582279
NODE_69673_length_415_cov_35.924051	316	392	0	43	76	0.5657895
NODE_69673_length_415_cov_35.924051	316	392	1	33	76	0.4342105
NODE_69679_length_415_cov_6.376582	117	197	0	31	80	0.3875000
NODE_69679_length_415_cov_6.376582	117	197	2	49	80	0.6125000
NODE_69679_length_415_cov_6.376582	254	334	0	50	80	0.6250000
NODE_69679_length_415_cov_6.376582	254	334	2	30	80	0.3750000
NODE_69774_length_415_cov_2.224684	144	224	0	80	80	1.0000000
NODE_69795_length_415_cov_2.069620	207	273	0	66	66	1.0000000
NODE_69817_length_415_cov_1.832278	225	283	1	3	58	0.0517241
NODE_69817_length_415_cov_1.832278	225	283	2	11	58	0.1896552
NODE_69817_length_415_cov_1.832278	225	283	3	30	58	0.5172414
NODE_69817_length_415_cov_1.832278	225	283	5	14	58	0.2413793
NODE_69845_length_415_cov_1.610759	90	170	12	6	80	0.0750000
NODE_69845_length_415_cov_1.610759	90	170	13	7	80	0.0875000
NODE_69845_length_415_cov_1.610759	90	170	15	18	80	0.2250000
NODE_69845_length_415_cov_1.610759	90	170	17	11	80	0.1375000
NODE_69845_length_415_cov_1.610759	90	170	18	14	80	0.1750000
NODE_69845_length_415_cov_1.610759	90	170	19	12	80	0.1500000
NODE_69845_length_415_cov_1.610759	90	170	20	12	80	0.1500000
NODE_69845_length_415_cov_1.610759	335	376	0	41	41	1.0000000
NODE_70175_length_414_cov_46.263492	0	49	1	49	49	1.0000000
NODE_70175_length_414_cov_46.263492	22	102	1	28	80	0.3500000
NODE_70175_length_414_cov_46.263492	22	102	3	3	80	0.0375000
NODE_70175_length_414_cov_46.263492	22	102	4	31	80	0.3875000
NODE_70175_length_414_cov_46.263492	22	102	5	18	80	0.2250000
NODE_70183_length_414_cov_7.460317	167	247	0	80	80	1.0000000
NODE_70183_length_414_cov_7.460317	220	300	0	80	80	1.0000000
NODE_70192_length_414_cov_5.676190	54	134	0	80	80	1.0000000
NODE_70192_length_414_cov_5.676190	107	187	0	80	80	1.0000000
NODE_70222_length_414_cov_4.130159	257	303	0	46	46	1.0000000
NODE_70222_length_414_cov_4.130159	276	356	0	80	80	1.0000000
NODE_70254_length_414_cov_2.996825	75	135	2	60	60	1.0000000
NODE_70271_length_414_cov_2.631746	68	145	0	77	77	1.0000000
NODE_70284_length_414_cov_2.473016	164	197	0	33	33	1.0000000
NODE_70284_length_414_cov_2.473016	170	255	0	85	85	1.0000000
NODE_70305_length_414_cov_2.222222	185	260	2	15	75	0.2000000
NODE_70305_length_414_cov_2.222222	185	260	4	60	75	0.8000000
NODE_70305_length_414_cov_2.222222	233	304	4	71	71	1.0000000
NODE_70307_length_414_cov_2.206349	88	163	1	75	75	1.0000000
NODE_70326_length_414_cov_2.047619	298	349	0	15	51	0.2941177
NODE_70326_length_414_cov_2.047619	298	349	2	36	51	0.7058824
NODE_70486_length_414_cov_1.177778	106	190	0	84	84	1.0000000
NODE_70494_length_414_cov_1.155556	0	23	0	23	23	1.0000000
NODE_70690_length_413_cov_41.471338	35	115	1	3	80	0.0375000
NODE_70690_length_413_cov_41.471338	35	115	2	77	80	0.9625000
NODE_70690_length_413_cov_41.471338	35	115	1	3	80	0.0375000
NODE_70690_length_413_cov_41.471338	35	115	2	77	80	0.9625000
NODE_70690_length_413_cov_41.471338	88	168	2	80	80	1.0000000
NODE_70690_length_413_cov_41.471338	88	168	2	80	80	1.0000000
NODE_70691_length_413_cov_16.687898	222	302	1	43	80	0.5375000
NODE_70691_length_413_cov_16.687898	222	302	2	13	80	0.1625000
NODE_70691_length_413_cov_16.687898	222	302	3	24	80	0.3000000
NODE_70691_length_413_cov_16.687898	275	355	2	66	80	0.8250000
NODE_70691_length_413_cov_16.687898	275	355	3	14	80	0.1750000
NODE_70699_length_413_cov_7.057325	170	250	0	80	80	1.0000000
NODE_70699_length_413_cov_7.057325	223	300	0	77	77	1.0000000
NODE_70703_length_413_cov_5.665605	125	182	0	44	57	0.7719298
NODE_70703_length_413_cov_5.665605	125	182	2	13	57	0.2280702
NODE_70712_length_413_cov_4.754777	140	184	0	44	44	1.0000000
NODE_70743_length_413_cov_3.506369	113	193	0	80	80	1.0000000
NODE_70749_length_413_cov_3.235669	251	331	0	43	80	0.5375000
NODE_70749_length_413_cov_3.235669	251	331	2	37	80	0.4625000
NODE_70749_length_413_cov_3.235669	304	356	2	52	52	1.0000000
NODE_70792_length_413_cov_2.484076	209	257	0	48	48	1.0000000
NODE_70835_length_413_cov_1.949045	224	296	0	72	72	1.0000000
NODE_71196_length_412_cov_9.996805	172	244	0	52	72	0.7222222
NODE_71196_length_412_cov_9.996805	172	244	1	20	72	0.2777778
NODE_71218_length_412_cov_4.686901	112	167	0	55	55	1.0000000
NODE_71253_length_412_cov_3.204473	44	124	0	80	80	1.0000000
NODE_71276_length_412_cov_2.824281	225	305	0	80	80	1.0000000
NODE_71371_length_412_cov_1.782748	262	342	0	80	80	1.0000000
NODE_71398_length_412_cov_1.603834	143	182	1	13	39	0.3333333
NODE_71398_length_412_cov_1.603834	143	182	2	8	39	0.2051282
NODE_71398_length_412_cov_1.603834	143	182	3	18	39	0.4615385
NODE_71665_length_411_cov_44.701923	4	72	0	68	68	1.0000000
NODE_71665_length_411_cov_44.701923	35	116	0	81	81	1.0000000
NODE_71665_length_411_cov_44.701923	161	242	0	81	81	1.0000000
NODE_71665_length_411_cov_44.701923	293	374	2	81	81	1.0000000
NODE_71665_length_411_cov_44.701923	337	411	0	4	74	0.0540541
NODE_71665_length_411_cov_44.701923	337	411	1	1	74	0.0135135
NODE_71665_length_411_cov_44.701923	337	411	2	69	74	0.9324324
NODE_71666_length_411_cov_43.144231	102	183	0	40	81	0.4938272
NODE_71666_length_411_cov_43.144231	102	183	1	6	81	0.0740741
NODE_71666_length_411_cov_43.144231	102	183	2	6	81	0.0740741
NODE_71666_length_411_cov_43.144231	102	183	3	5	81	0.0617284
NODE_71666_length_411_cov_43.144231	102	183	4	9	81	0.1111111
NODE_71666_length_411_cov_43.144231	102	183	5	15	81	0.1851852
NODE_71666_length_411_cov_43.144231	156	236	3	3	80	0.0375000
NODE_71666_length_411_cov_43.144231	156	236	4	9	80	0.1125000
NODE_71666_length_411_cov_43.144231	156	236	5	28	80	0.3500000
NODE_71666_length_411_cov_43.144231	156	236	6	40	80	0.5000000
NODE_71666_length_411_cov_43.144231	232	312	4	3	80	0.0375000
NODE_71666_length_411_cov_43.144231	232	312	5	5	80	0.0625000
NODE_71666_length_411_cov_43.144231	232	312	6	59	80	0.7375000
NODE_71666_length_411_cov_43.144231	232	312	7	6	80	0.0750000
NODE_71666_length_411_cov_43.144231	232	312	8	7	80	0.0875000
NODE_71666_length_411_cov_43.144231	285	365	2	19	80	0.2375000
NODE_71666_length_411_cov_43.144231	285	365	3	28	80	0.3500000
NODE_71666_length_411_cov_43.144231	285	365	4	9	80	0.1125000
NODE_71666_length_411_cov_43.144231	285	365	5	5	80	0.0625000
NODE_71666_length_411_cov_43.144231	285	365	6	6	80	0.0750000
NODE_71666_length_411_cov_43.144231	285	365	7	6	80	0.0750000
NODE_71666_length_411_cov_43.144231	285	365	8	7	80	0.0875000
NODE_71672_length_411_cov_8.471154	133	213	0	20	80	0.2500000
NODE_71672_length_411_cov_8.471154	133	213	2	60	80	0.7500000
NODE_71672_length_411_cov_8.471154	186	266	2	80	80	1.0000000
NODE_71673_length_411_cov_8.407051	133	220	0	87	87	1.0000000
NODE_71675_length_411_cov_6.455128	249	316	0	67	67	1.0000000
NODE_71675_length_411_cov_6.455128	292	344	0	52	52	1.0000000
NODE_71687_length_411_cov_4.782051	98	178	0	80	80	1.0000000
NODE_71687_length_411_cov_4.782051	151	228	0	77	77	1.0000000
NODE_71705_length_411_cov_3.698718	282	347	0	65	65	1.0000000
NODE_71713_length_411_cov_3.378205	88	148	4	60	60	1.0000000
NODE_71714_length_411_cov_3.371795	145	225	0	76	80	0.9500000
NODE_71714_length_411_cov_3.371795	145	225	1	4	80	0.0500000
NODE_71714_length_411_cov_3.371795	198	274	0	23	76	0.3026316
NODE_71714_length_411_cov_3.371795	198	274	1	53	76	0.6973684
NODE_72163_length_410_cov_49.331190	320	400	0	80	80	1.0000000
NODE_72163_length_410_cov_49.331190	320	400	0	80	80	1.0000000
NODE_72163_length_410_cov_49.331190	320	400	0	80	80	1.0000000
NODE_72163_length_410_cov_49.331190	320	400	0	80	80	1.0000000
NODE_72163_length_410_cov_49.331190	320	400	0	80	80	1.0000000
NODE_72163_length_410_cov_49.331190	329	400	0	71	71	1.0000000
NODE_72169_length_410_cov_6.797428	179	259	0	80	80	1.0000000
NODE_72169_length_410_cov_6.797428	232	312	0	80	80	1.0000000
NODE_72184_length_410_cov_5.102894	153	222	0	69	69	1.0000000
NODE_72186_length_410_cov_4.884244	101	179	0	78	78	1.0000000
NODE_72187_length_410_cov_4.787781	287	344	0	57	57	1.0000000
NODE_72187_length_410_cov_4.787781	340	397	0	57	57	1.0000000
NODE_72194_length_410_cov_4.591640	245	303	0	6	58	0.1034483
NODE_72194_length_410_cov_4.591640	245	303	1	25	58	0.4310345
NODE_72194_length_410_cov_4.591640	245	303	3	9	58	0.1551724
NODE_72194_length_410_cov_4.591640	245	303	5	18	58	0.3103448
NODE_72194_length_410_cov_4.591640	298	356	5	58	58	1.0000000
NODE_72230_length_410_cov_3.215434	32	112	0	3	80	0.0375000
NODE_72230_length_410_cov_3.215434	32	112	2	77	80	0.9625000
NODE_72230_length_410_cov_3.215434	85	165	0	31	80	0.3875000
NODE_72230_length_410_cov_3.215434	85	165	2	49	80	0.6125000
NODE_72327_length_410_cov_1.913183	227	285	0	58	58	1.0000000
NODE_72526_length_410_cov_1.038585	272	316	0	25	44	0.5681818
NODE_72526_length_410_cov_1.038585	272	316	2	19	44	0.4318182
NODE_72688_length_409_cov_11.506452	56	136	3	2	80	0.0250000
NODE_72688_length_409_cov_11.506452	56	136	5	47	80	0.5875000
NODE_72688_length_409_cov_11.506452	56	136	7	31	80	0.3875000
NODE_72688_length_409_cov_11.506452	109	189	2	2	80	0.0250000
NODE_72688_length_409_cov_11.506452	109	189	4	28	80	0.3500000
NODE_72688_length_409_cov_11.506452	109	189	5	37	80	0.4625000
NODE_72688_length_409_cov_11.506452	109	189	7	13	80	0.1625000
NODE_72689_length_409_cov_10.329032	131	186	0	55	55	1.0000000
NODE_72690_length_409_cov_9.625806	62	142	0	80	80	1.0000000
NODE_72690_length_409_cov_9.625806	115	195	0	80	80	1.0000000
NODE_72697_length_409_cov_6.867742	41	71	0	30	30	1.0000000
NODE_72730_length_409_cov_3.822581	103	158	0	55	55	1.0000000
NODE_72730_length_409_cov_3.822581	151	232	0	81	81	1.0000000
NODE_72754_length_409_cov_2.987097	240	287	2	1	47	0.0212766
NODE_72754_length_409_cov_2.987097	240	287	3	15	47	0.3191489
NODE_72754_length_409_cov_2.987097	240	287	4	31	47	0.6595744
NODE_72951_length_409_cov_1.319355	49	131	0	82	82	1.0000000
NODE_72951_length_409_cov_1.319355	104	161	0	57	57	1.0000000
NODE_73196_length_408_cov_8.585761	57	137	2	80	80	1.0000000
NODE_73196_length_408_cov_8.585761	110	190	0	29	80	0.3625000
NODE_73196_length_408_cov_8.585761	110	190	2	51	80	0.6375000
NODE_73198_length_408_cov_6.948220	71	151	1	17	80	0.2125000
NODE_73198_length_408_cov_6.948220	71	151	2	63	80	0.7875000
NODE_73198_length_408_cov_6.948220	124	204	1	7	80	0.0875000
NODE_73198_length_408_cov_6.948220	124	204	2	73	80	0.9125000
NODE_73219_length_408_cov_3.957929	83	132	1	38	49	0.7755102
NODE_73219_length_408_cov_3.957929	83	132	2	11	49	0.2244898
NODE_73226_length_408_cov_3.511327	40	97	0	57	57	1.0000000
NODE_73226_length_408_cov_3.511327	357	398	0	41	41	1.0000000
NODE_73262_length_408_cov_2.724919	128	180	1	43	52	0.8269231
NODE_73262_length_408_cov_2.724919	128	180	2	4	52	0.0769231
NODE_73262_length_408_cov_2.724919	128	180	3	5	52	0.0961538
NODE_73269_length_408_cov_2.563107	164	241	0	77	77	1.0000000
NODE_73271_length_408_cov_2.456311	314	379	0	65	65	1.0000000
NODE_73271_length_408_cov_2.456311	352	408	0	56	56	1.0000000
NODE_73690_length_407_cov_6.191558	144	208	1	64	64	1.0000000
NODE_73698_length_407_cov_4.961039	212	291	0	7	79	0.0886076
NODE_73698_length_407_cov_4.961039	212	291	1	1	79	0.0126582
NODE_73698_length_407_cov_4.961039	212	291	2	71	79	0.8987342
NODE_73719_length_407_cov_3.681818	314	375	0	61	61	1.0000000
NODE_73732_length_407_cov_3.344156	199	247	0	48	48	1.0000000
NODE_73736_length_407_cov_3.250000	142	223	0	81	81	1.0000000
NODE_73762_length_407_cov_2.594156	194	257	0	63	63	1.0000000
NODE_73769_length_407_cov_2.538961	34	114	0	80	80	1.0000000
NODE_73853_length_407_cov_1.737013	208	264	1	56	56	1.0000000
NODE_74200_length_406_cov_176.856678	200	271	30	10	71	0.1408451
NODE_74200_length_406_cov_176.856678	200	271	31	2	71	0.0281690
NODE_74200_length_406_cov_176.856678	200	271	32	2	71	0.0281690
NODE_74200_length_406_cov_176.856678	200	271	33	15	71	0.2112676
NODE_74200_length_406_cov_176.856678	200	271	34	3	71	0.0422535
NODE_74200_length_406_cov_176.856678	200	271	35	19	71	0.2676056
NODE_74200_length_406_cov_176.856678	200	271	36	9	71	0.1267606
NODE_74200_length_406_cov_176.856678	200	271	37	4	71	0.0563380
NODE_74200_length_406_cov_176.856678	200	271	38	3	71	0.0422535
NODE_74200_length_406_cov_176.856678	200	271	39	4	71	0.0563380
NODE_74200_length_406_cov_176.856678	244	321	21	9	77	0.1168831
NODE_74200_length_406_cov_176.856678	244	321	22	3	77	0.0389610
NODE_74200_length_406_cov_176.856678	244	321	23	3	77	0.0389610
NODE_74200_length_406_cov_176.856678	244	321	25	1	77	0.0129870
NODE_74200_length_406_cov_176.856678	244	321	26	3	77	0.0389610
NODE_74200_length_406_cov_176.856678	244	321	27	5	77	0.0649351
NODE_74200_length_406_cov_176.856678	244	321	28	6	77	0.0779221
NODE_74200_length_406_cov_176.856678	244	321	29	11	77	0.1428571
NODE_74200_length_406_cov_176.856678	244	321	30	18	77	0.2337662
NODE_74200_length_406_cov_176.856678	244	321	31	1	77	0.0129870
NODE_74200_length_406_cov_176.856678	244	321	32	2	77	0.0259740
NODE_74200_length_406_cov_176.856678	244	321	34	3	77	0.0389610
NODE_74200_length_406_cov_176.856678	244	321	36	7	77	0.0909091
NODE_74200_length_406_cov_176.856678	244	321	37	1	77	0.0129870
NODE_74200_length_406_cov_176.856678	244	321	38	1	77	0.0129870
NODE_74200_length_406_cov_176.856678	244	321	39	3	77	0.0389610
NODE_74203_length_406_cov_37.723127	15	95	0	73	80	0.9125000
NODE_74203_length_406_cov_37.723127	15	95	1	6	80	0.0750000
NODE_74203_length_406_cov_37.723127	15	95	12	1	80	0.0125000
NODE_74219_length_406_cov_4.960912	268	327	0	59	59	1.0000000
NODE_74253_length_406_cov_3.087948	261	302	2	8	41	0.1951219
NODE_74253_length_406_cov_3.087948	261	302	4	33	41	0.8048781
NODE_74284_length_406_cov_2.475570	220	270	0	50	50	1.0000000
NODE_74332_length_406_cov_1.986971	238	276	0	38	38	1.0000000
NODE_74368_length_406_cov_1.778502	159	195	1	7	36	0.1944444
NODE_74368_length_406_cov_1.778502	159	195	2	29	36	0.8055556
NODE_74368_length_406_cov_1.778502	234	294	1	26	60	0.4333333
NODE_74368_length_406_cov_1.778502	234	294	2	34	60	0.5666667
NODE_74368_length_406_cov_1.778502	267	347	0	22	80	0.2750000
NODE_74368_length_406_cov_1.778502	267	347	1	57	80	0.7125000
NODE_74368_length_406_cov_1.778502	267	347	2	1	80	0.0125000
NODE_74427_length_406_cov_1.495114	173	212	0	39	39	1.0000000
NODE_74476_length_406_cov_1.325733	367	398	0	31	31	1.0000000
NODE_74588_length_406_cov_0.934853	1	32	0	14	31	0.4516129
NODE_74588_length_406_cov_0.934853	1	32	1	1	31	0.0322581
NODE_74588_length_406_cov_0.934853	1	32	2	16	31	0.5161290
NODE_74588_length_406_cov_0.934853	5	85	0	10	80	0.1250000
NODE_74588_length_406_cov_0.934853	5	85	1	1	80	0.0125000
NODE_74588_length_406_cov_0.934853	5	85	2	69	80	0.8625000
NODE_74696_length_405_cov_5.107843	332	380	0	48	48	1.0000000
NODE_74697_length_405_cov_4.915033	15	46	0	31	31	1.0000000
NODE_74727_length_405_cov_3.346405	195	240	0	45	45	1.0000000
NODE_74727_length_405_cov_3.346405	274	329	0	55	55	1.0000000
NODE_74737_length_405_cov_3.124183	210	260	2	10	50	0.2000000
NODE_74737_length_405_cov_3.124183	210	260	4	40	50	0.8000000
NODE_74737_length_405_cov_3.124183	240	286	2	12	46	0.2608696
NODE_74737_length_405_cov_3.124183	240	286	4	34	46	0.7391304
NODE_74737_length_405_cov_3.124183	260	339	2	65	79	0.8227848
NODE_74737_length_405_cov_3.124183	260	339	4	14	79	0.1772152
NODE_74737_length_405_cov_3.124183	272	339	2	65	67	0.9701493
NODE_74737_length_405_cov_3.124183	272	339	4	2	67	0.0298507
NODE_74780_length_405_cov_2.503268	352	399	0	47	47	1.0000000
NODE_74787_length_405_cov_2.460784	0	73	0	73	73	1.0000000
NODE_75145_length_405_cov_0.666667	207	268	0	61	61	1.0000000
NODE_75196_length_404_cov_40.937705	40	120	5	32	80	0.4000000
NODE_75196_length_404_cov_40.937705	40	120	8	7	80	0.0875000
NODE_75196_length_404_cov_40.937705	40	120	9	41	80	0.5125000
NODE_75196_length_404_cov_40.937705	93	173	5	21	80	0.2625000
NODE_75196_length_404_cov_40.937705	93	173	8	8	80	0.1000000
NODE_75196_length_404_cov_40.937705	93	173	9	51	80	0.6375000
NODE_75197_length_404_cov_32.940984	46	126	5	7	80	0.0875000
NODE_75197_length_404_cov_32.940984	46	126	6	73	80	0.9125000
NODE_75197_length_404_cov_32.940984	99	179	6	35	80	0.4375000
NODE_75197_length_404_cov_32.940984	99	179	7	35	80	0.4375000
NODE_75197_length_404_cov_32.940984	99	179	9	10	80	0.1250000
NODE_75197_length_404_cov_32.940984	175	255	4	14	80	0.1750000
NODE_75197_length_404_cov_32.940984	175	255	5	19	80	0.2375000
NODE_75197_length_404_cov_32.940984	175	255	6	31	80	0.3875000
NODE_75197_length_404_cov_32.940984	175	255	7	3	80	0.0375000
NODE_75197_length_404_cov_32.940984	175	255	8	8	80	0.1000000
NODE_75197_length_404_cov_32.940984	175	255	9	5	80	0.0625000
NODE_75197_length_404_cov_32.940984	228	308	3	24	80	0.3000000
NODE_75197_length_404_cov_32.940984	228	308	4	10	80	0.1250000
NODE_75197_length_404_cov_32.940984	228	308	6	46	80	0.5750000
NODE_75198_length_404_cov_11.731148	130	210	2	48	80	0.6000000
NODE_75198_length_404_cov_11.731148	130	210	3	32	80	0.4000000
NODE_75198_length_404_cov_11.731148	183	263	2	2	80	0.0250000
NODE_75198_length_404_cov_11.731148	183	263	3	78	80	0.9750000
NODE_75200_length_404_cov_9.170492	201	257	0	56	56	1.0000000
NODE_75236_length_404_cov_3.613115	323	385	0	62	62	1.0000000
NODE_75259_length_404_cov_2.914754	181	261	0	80	80	1.0000000
NODE_75345_length_404_cov_2.085246	245	325	0	80	80	1.0000000
NODE_75357_length_404_cov_1.993443	95	148	0	53	53	1.0000000
NODE_75399_length_404_cov_1.672131	32	106	0	74	74	1.0000000
NODE_75440_length_404_cov_1.498361	94	174	3	1	80	0.0125000
NODE_75440_length_404_cov_1.498361	94	174	5	18	80	0.2250000
NODE_75440_length_404_cov_1.498361	94	174	7	61	80	0.7625000
NODE_75446_length_404_cov_1.485246	234	282	0	48	48	1.0000000
NODE_75545_length_404_cov_1.121311	114	194	5	6	80	0.0750000
NODE_75545_length_404_cov_1.121311	114	194	7	2	80	0.0250000
NODE_75545_length_404_cov_1.121311	114	194	8	6	80	0.0750000
NODE_75545_length_404_cov_1.121311	114	194	10	66	80	0.8250000
NODE_75750_length_403_cov_7.325658	80	146	1	21	66	0.3181818
NODE_75750_length_403_cov_7.325658	80	146	2	45	66	0.6818182
NODE_75750_length_403_cov_7.325658	165	234	1	62	69	0.8985507
NODE_75750_length_403_cov_7.325658	165	234	2	7	69	0.1014493
NODE_75750_length_403_cov_7.325658	215	255	0	17	40	0.4250000
NODE_75750_length_403_cov_7.325658	215	255	1	23	40	0.5750000
NODE_75751_length_403_cov_7.217105	207	284	0	77	77	1.0000000
NODE_75751_length_403_cov_7.217105	257	334	0	77	77	1.0000000
NODE_75752_length_403_cov_6.776316	192	250	0	58	58	1.0000000
NODE_75788_length_403_cov_3.710526	327	373	0	46	46	1.0000000
NODE_75788_length_403_cov_3.710526	346	403	0	57	57	1.0000000
NODE_75793_length_403_cov_3.611842	283	363	7	21	80	0.2625000
NODE_75793_length_403_cov_3.611842	283	363	8	44	80	0.5500000
NODE_75793_length_403_cov_3.611842	283	363	9	15	80	0.1875000
NODE_75824_length_403_cov_2.822368	201	282	0	9	81	0.1111111
NODE_75824_length_403_cov_2.822368	201	282	1	1	81	0.0123457
NODE_75824_length_403_cov_2.822368	201	282	2	71	81	0.8765432
NODE_75871_length_403_cov_2.082237	102	145	0	43	43	1.0000000
NODE_75908_length_403_cov_1.871711	130	166	0	36	36	1.0000000
NODE_75993_length_403_cov_1.398026	79	116	0	37	37	1.0000000
NODE_76029_length_403_cov_1.269737	82	111	0	29	29	1.0000000
NODE_76239_length_402_cov_6.293729	217	297	6	7	80	0.0875000
NODE_76239_length_402_cov_6.293729	217	297	8	73	80	0.9125000
NODE_76239_length_402_cov_6.293729	270	350	4	39	80	0.4875000
NODE_76239_length_402_cov_6.293729	270	350	8	41	80	0.5125000
NODE_76246_length_402_cov_5.227723	176	236	0	60	60	1.0000000
NODE_76261_length_402_cov_4.356436	44	123	0	79	79	1.0000000
NODE_76261_length_402_cov_4.356436	119	199	0	47	80	0.5875000
NODE_76261_length_402_cov_4.356436	119	199	1	17	80	0.2125000
NODE_76261_length_402_cov_4.356436	119	199	2	16	80	0.2000000
NODE_76261_length_402_cov_4.356436	172	252	1	11	80	0.1375000
NODE_76261_length_402_cov_4.356436	172	252	2	69	80	0.8625000
NODE_76276_length_402_cov_3.564356	197	257	0	60	60	1.0000000
NODE_76276_length_402_cov_3.564356	230	310	0	80	80	1.0000000
NODE_76328_length_402_cov_2.633663	335	402	0	67	67	1.0000000
NODE_76336_length_402_cov_2.514851	82	162	0	31	80	0.3875000
NODE_76336_length_402_cov_2.514851	82	162	2	49	80	0.6125000
NODE_76336_length_402_cov_2.514851	135	200	0	54	65	0.8307692
NODE_76336_length_402_cov_2.514851	135	200	1	11	65	0.1692308
NODE_76380_length_402_cov_2.102310	114	165	0	51	51	1.0000000
NODE_76380_length_402_cov_2.102310	138	195	0	57	57	1.0000000
NODE_76560_length_402_cov_1.214521	0	33	0	33	33	1.0000000
NODE_76646_length_402_cov_1.000000	119	188	0	69	69	1.0000000
NODE_76752_length_402_cov_0.663366	0	46	0	46	46	1.0000000
NODE_76780_length_401_cov_43.675497	285	343	0	58	58	1.0000000
NODE_76801_length_401_cov_4.377483	309	389	0	80	80	1.0000000
NODE_76804_length_401_cov_4.241722	125	180	0	55	55	1.0000000
NODE_76808_length_401_cov_4.132450	195	275	0	80	80	1.0000000
NODE_76811_length_401_cov_3.973510	138	181	0	43	43	1.0000000
NODE_76828_length_401_cov_3.370861	141	221	0	80	80	1.0000000
NODE_76828_length_401_cov_3.370861	194	273	0	79	79	1.0000000
NODE_76830_length_401_cov_3.317881	67	147	0	80	80	1.0000000
NODE_76918_length_401_cov_1.937086	160	239	2	79	79	1.0000000
NODE_76978_length_401_cov_1.615894	205	269	0	12	64	0.1875000
NODE_76978_length_401_cov_1.615894	205	269	1	3	64	0.0468750
NODE_76978_length_401_cov_1.615894	205	269	3	5	64	0.0781250
NODE_76978_length_401_cov_1.615894	205	269	5	10	64	0.1562500
NODE_76978_length_401_cov_1.615894	205	269	7	1	64	0.0156250
NODE_76978_length_401_cov_1.615894	205	269	8	2	64	0.0312500
NODE_76978_length_401_cov_1.615894	205	269	10	4	64	0.0625000
NODE_76978_length_401_cov_1.615894	205	269	11	5	64	0.0781250
NODE_76978_length_401_cov_1.615894	205	269	13	5	64	0.0781250
NODE_76978_length_401_cov_1.615894	205	269	14	17	64	0.2656250
NODE_77017_length_401_cov_1.407285	23	92	0	69	69	1.0000000
NODE_77017_length_401_cov_1.407285	76	122	0	46	46	1.0000000
NODE_77236_length_401_cov_0.675497	292	372	0	80	80	1.0000000
NODE_77236_length_401_cov_0.675497	345	401	0	56	56	1.0000000
NODE_77284_length_400_cov_40.584718	205	281	0	76	76	1.0000000
NODE_77284_length_400_cov_40.584718	254	334	0	80	80	1.0000000
NODE_77289_length_400_cov_8.631229	307	372	0	65	65	1.0000000
NODE_77292_length_400_cov_6.850498	281	329	0	48	48	1.0000000
NODE_77322_length_400_cov_4.000000	82	140	0	54	58	0.9310345
NODE_77322_length_400_cov_4.000000	82	140	2	4	58	0.0689655
NODE_77358_length_400_cov_3.029900	204	284	0	80	80	1.0000000
NODE_77358_length_400_cov_3.029900	205	231	0	26	26	1.0000000
NODE_77362_length_400_cov_3.009967	146	220	0	25	74	0.3378378
NODE_77362_length_400_cov_3.009967	146	220	1	29	74	0.3918919
NODE_77362_length_400_cov_3.009967	146	220	3	20	74	0.2702703
NODE_77362_length_400_cov_3.009967	195	261	0	66	66	1.0000000
NODE_77363_length_400_cov_2.990033	253	332	2	10	79	0.1265823
NODE_77363_length_400_cov_2.990033	253	332	3	15	79	0.1898734
NODE_77363_length_400_cov_2.990033	253	332	4	8	79	0.1012658
NODE_77363_length_400_cov_2.990033	253	332	6	28	79	0.3544304
NODE_77363_length_400_cov_2.990033	253	332	8	15	79	0.1898734
NODE_77363_length_400_cov_2.990033	253	332	9	3	79	0.0379747
NODE_77363_length_400_cov_2.990033	306	385	2	10	79	0.1265823
NODE_77363_length_400_cov_2.990033	306	385	3	21	79	0.2658228
NODE_77363_length_400_cov_2.990033	306	385	4	48	79	0.6075949
NODE_77368_length_400_cov_2.860465	365	400	0	35	35	1.0000000
NODE_77371_length_400_cov_2.797342	324	372	0	48	48	1.0000000
NODE_77380_length_400_cov_2.581395	192	254	0	62	62	1.0000000
NODE_77460_length_400_cov_1.940199	225	268	0	20	43	0.4651163
NODE_77460_length_400_cov_1.940199	225	268	1	23	43	0.5348837
NODE_77460_length_400_cov_1.940199	293	374	0	81	81	1.0000000
NODE_77821_length_399_cov_71.493333	215	295	0	80	80	1.0000000
NODE_77821_length_399_cov_71.493333	268	348	0	80	80	1.0000000
NODE_77823_length_399_cov_7.510000	229	309	1	22	80	0.2750000
NODE_77823_length_399_cov_7.510000	229	309	2	14	80	0.1750000
NODE_77823_length_399_cov_7.510000	229	309	3	44	80	0.5500000
NODE_77823_length_399_cov_7.510000	282	362	1	75	80	0.9375000
NODE_77823_length_399_cov_7.510000	282	362	3	5	80	0.0625000
NODE_77825_length_399_cov_7.310000	125	187	0	62	62	1.0000000
NODE_77854_length_399_cov_4.293333	86	164	2	78	78	1.0000000
NODE_77877_length_399_cov_3.406667	51	124	0	73	73	1.0000000
NODE_77933_length_399_cov_2.286667	310	390	3	21	80	0.2625000
NODE_77933_length_399_cov_2.286667	310	390	5	59	80	0.7375000
NODE_77966_length_399_cov_1.916667	76	136	0	20	60	0.3333333
NODE_77966_length_399_cov_1.916667	76	136	2	40	60	0.6666667
NODE_77966_length_399_cov_1.916667	123	189	2	66	66	1.0000000
NODE_78276_length_399_cov_0.710000	313	392	0	79	79	1.0000000
NODE_78354_length_398_cov_9.688963	1	81	0	80	80	1.0000000
NODE_78354_length_398_cov_9.688963	247	327	0	27	80	0.3375000
NODE_78354_length_398_cov_9.688963	247	327	2	53	80	0.6625000
NODE_78354_length_398_cov_9.688963	300	380	0	1	80	0.0125000
NODE_78354_length_398_cov_9.688963	300	380	2	79	80	0.9875000
NODE_78360_length_398_cov_6.488294	130	210	0	80	80	1.0000000
NODE_78364_length_398_cov_5.765886	253	333	3	22	80	0.2750000
NODE_78364_length_398_cov_5.765886	253	333	4	58	80	0.7250000
NODE_78372_length_398_cov_5.244147	248	312	0	64	64	1.0000000
NODE_78376_length_398_cov_5.006689	116	196	0	80	80	1.0000000
NODE_78376_length_398_cov_5.006689	169	251	0	82	82	1.0000000
NODE_78383_length_398_cov_4.284281	63	117	0	54	54	1.0000000
NODE_78383_length_398_cov_4.284281	135	160	0	25	25	1.0000000
NODE_78420_length_398_cov_2.993311	229	309	0	80	80	1.0000000
NODE_78429_length_398_cov_2.822742	236	271	0	35	35	1.0000000
NODE_78891_length_397_cov_52.855705	124	204	6	7	80	0.0875000
NODE_78891_length_397_cov_52.855705	124	204	7	3	80	0.0375000
NODE_78891_length_397_cov_52.855705	124	204	8	3	80	0.0375000
NODE_78891_length_397_cov_52.855705	124	204	9	41	80	0.5125000
NODE_78891_length_397_cov_52.855705	124	204	10	6	80	0.0750000
NODE_78891_length_397_cov_52.855705	124	204	12	20	80	0.2500000
NODE_78891_length_397_cov_52.855705	177	257	9	10	80	0.1250000
NODE_78891_length_397_cov_52.855705	177	257	10	14	80	0.1750000
NODE_78891_length_397_cov_52.855705	177	257	11	15	80	0.1875000
NODE_78891_length_397_cov_52.855705	177	257	12	29	80	0.3625000
NODE_78891_length_397_cov_52.855705	177	257	13	12	80	0.1500000
NODE_78894_length_397_cov_35.036913	173	253	3	7	80	0.0875000
NODE_78894_length_397_cov_35.036913	173	253	5	30	80	0.3750000
NODE_78894_length_397_cov_35.036913	173	253	6	43	80	0.5375000
NODE_78895_length_397_cov_13.667785	94	174	1	80	80	1.0000000
NODE_78895_length_397_cov_13.667785	147	227	0	37	80	0.4625000
NODE_78895_length_397_cov_13.667785	147	227	1	43	80	0.5375000
NODE_78897_length_397_cov_7.496644	192	272	0	80	80	1.0000000
NODE_78897_length_397_cov_7.496644	245	325	0	80	80	1.0000000
NODE_78898_length_397_cov_6.828859	127	173	2	46	46	1.0000000
NODE_78913_length_397_cov_4.902685	293	364	3	71	71	1.0000000
NODE_78933_length_397_cov_3.765101	164	244	0	80	80	1.0000000
NODE_78951_length_397_cov_3.325503	107	187	0	80	80	1.0000000
NODE_78951_length_397_cov_3.325503	163	236	0	73	73	1.0000000
NODE_78999_length_397_cov_2.530201	269	312	0	43	43	1.0000000
NODE_79047_length_397_cov_1.959732	154	193	0	39	39	1.0000000
NODE_79072_length_397_cov_1.791946	218	283	0	65	65	1.0000000
NODE_79127_length_397_cov_1.560403	183	240	0	7	57	0.1228070
NODE_79127_length_397_cov_1.560403	183	240	2	50	57	0.8771930
NODE_79456_length_396_cov_11.632997	162	242	0	80	80	1.0000000
NODE_79456_length_396_cov_11.632997	215	295	0	80	80	1.0000000
NODE_79460_length_396_cov_7.053872	71	101	2	30	30	1.0000000
NODE_79464_length_396_cov_6.097643	229	309	0	53	80	0.6625000
NODE_79464_length_396_cov_6.097643	229	309	2	27	80	0.3375000
NODE_79464_length_396_cov_6.097643	282	362	0	80	80	1.0000000
NODE_79471_length_396_cov_5.484848	125	205	0	80	80	1.0000000
NODE_79471_length_396_cov_5.484848	178	259	0	81	81	1.0000000
NODE_79473_length_396_cov_5.434343	224	275	0	51	51	1.0000000
NODE_79473_length_396_cov_5.434343	272	331	0	59	59	1.0000000
NODE_79483_length_396_cov_4.414141	189	264	3	6	75	0.0800000
NODE_79483_length_396_cov_4.414141	189	264	4	69	75	0.9200000
NODE_79483_length_396_cov_4.414141	241	317	0	42	76	0.5526316
NODE_79483_length_396_cov_4.414141	241	317	1	1	76	0.0131579
NODE_79483_length_396_cov_4.414141	241	317	2	10	76	0.1315790
NODE_79483_length_396_cov_4.414141	241	317	3	6	76	0.0789474
NODE_79483_length_396_cov_4.414141	241	317	4	17	76	0.2236842
NODE_79493_length_396_cov_4.010101	163	205	2	42	42	1.0000000
NODE_79522_length_396_cov_3.080808	95	161	0	8	66	0.1212121
NODE_79522_length_396_cov_3.080808	95	161	2	58	66	0.8787879
NODE_79524_length_396_cov_3.067340	252	316	0	64	64	1.0000000
NODE_79535_length_396_cov_2.892256	136	217	0	81	81	1.0000000
NODE_79557_length_396_cov_2.710438	88	168	0	80	80	1.0000000
NODE_79561_length_396_cov_2.680135	297	335	0	38	38	1.0000000
NODE_79562_length_396_cov_2.659933	68	148	0	22	80	0.2750000
NODE_79562_length_396_cov_2.659933	68	148	1	58	80	0.7250000
NODE_79562_length_396_cov_2.659933	121	168	0	42	47	0.8936170
NODE_79562_length_396_cov_2.659933	121	168	1	5	47	0.1063830
NODE_79616_length_396_cov_2.060606	308	388	0	80	80	1.0000000
NODE_79643_length_396_cov_1.939394	63	142	0	24	79	0.3037975
NODE_79643_length_396_cov_1.939394	63	142	2	55	79	0.6962025
NODE_79643_length_396_cov_1.939394	115	164	0	20	49	0.4081633
NODE_79643_length_396_cov_1.939394	115	164	2	29	49	0.5918368
NODE_79683_length_396_cov_1.811448	82	162	0	80	80	1.0000000
NODE_79692_length_396_cov_1.734007	88	119	0	31	31	1.0000000
NODE_79930_length_396_cov_0.905724	101	151	3	16	50	0.3200000
NODE_79930_length_396_cov_0.905724	101	151	5	5	50	0.1000000
NODE_79930_length_396_cov_0.905724	101	151	6	10	50	0.2000000
NODE_79930_length_396_cov_0.905724	101	151	7	19	50	0.3800000
NODE_80057_length_395_cov_449.327703	0	79	6	1	79	0.0126582
NODE_80057_length_395_cov_449.327703	0	79	10	2	79	0.0253165
NODE_80057_length_395_cov_449.327703	0	79	12	1	79	0.0126582
NODE_80057_length_395_cov_449.327703	0	79	13	1	79	0.0126582
NODE_80057_length_395_cov_449.327703	0	79	16	4	79	0.0506329
NODE_80057_length_395_cov_449.327703	0	79	17	1	79	0.0126582
NODE_80057_length_395_cov_449.327703	0	79	24	5	79	0.0632911
NODE_80057_length_395_cov_449.327703	0	79	25	4	79	0.0506329
NODE_80057_length_395_cov_449.327703	0	79	26	1	79	0.0126582
NODE_80057_length_395_cov_449.327703	0	79	27	3	79	0.0379747
NODE_80057_length_395_cov_449.327703	0	79	28	1	79	0.0126582
NODE_80057_length_395_cov_449.327703	0	79	29	1	79	0.0126582
NODE_80057_length_395_cov_449.327703	0	79	30	1	79	0.0126582
NODE_80057_length_395_cov_449.327703	0	79	31	1	79	0.0126582
NODE_80057_length_395_cov_449.327703	0	79	33	5	79	0.0632911
NODE_80057_length_395_cov_449.327703	0	79	34	1	79	0.0126582
NODE_80057_length_395_cov_449.327703	0	79	35	1	79	0.0126582
NODE_80057_length_395_cov_449.327703	0	79	37	3	79	0.0379747
NODE_80057_length_395_cov_449.327703	0	79	38	1	79	0.0126582
NODE_80057_length_395_cov_449.327703	0	79	39	1	79	0.0126582
NODE_80057_length_395_cov_449.327703	0	79	41	2	79	0.0253165
NODE_80057_length_395_cov_449.327703	0	79	44	2	79	0.0253165
NODE_80057_length_395_cov_449.327703	0	79	51	4	79	0.0506329
NODE_80057_length_395_cov_449.327703	0	79	53	5	79	0.0632911
NODE_80057_length_395_cov_449.327703	0	79	54	1	79	0.0126582
NODE_80057_length_395_cov_449.327703	0	79	55	1	79	0.0126582
NODE_80057_length_395_cov_449.327703	0	79	56	1	79	0.0126582
NODE_80057_length_395_cov_449.327703	0	79	58	1	79	0.0126582
NODE_80057_length_395_cov_449.327703	0	79	60	7	79	0.0886076
NODE_80057_length_395_cov_449.327703	0	79	61	3	79	0.0379747
NODE_80057_length_395_cov_449.327703	0	79	62	1	79	0.0126582
NODE_80057_length_395_cov_449.327703	0	79	65	2	79	0.0253165
NODE_80057_length_395_cov_449.327703	0	79	68	2	79	0.0253165
NODE_80057_length_395_cov_449.327703	0	79	70	2	79	0.0253165
NODE_80057_length_395_cov_449.327703	0	79	71	4	79	0.0506329
NODE_80057_length_395_cov_449.327703	0	79	73	2	79	0.0253165
NODE_80058_length_395_cov_13.695946	113	193	0	80	80	1.0000000
NODE_80058_length_395_cov_13.695946	166	246	0	80	80	1.0000000
NODE_80086_length_395_cov_4.179054	152	232	0	80	80	1.0000000
NODE_80116_length_395_cov_2.962838	118	198	4	1	80	0.0125000
NODE_80116_length_395_cov_2.962838	118	198	6	6	80	0.0750000
NODE_80116_length_395_cov_2.962838	118	198	7	73	80	0.9125000
NODE_80116_length_395_cov_2.962838	171	237	2	17	66	0.2575758
NODE_80116_length_395_cov_2.962838	171	237	3	9	66	0.1363636
NODE_80116_length_395_cov_2.962838	171	237	4	14	66	0.2121212
NODE_80116_length_395_cov_2.962838	171	237	6	6	66	0.0909091
NODE_80116_length_395_cov_2.962838	171	237	7	20	66	0.3030303
NODE_80121_length_395_cov_2.878378	261	301	0	40	40	1.0000000
NODE_80139_length_395_cov_2.587838	111	188	0	77	77	1.0000000
NODE_80139_length_395_cov_2.587838	232	301	0	69	69	1.0000000
NODE_80139_length_395_cov_2.587838	258	302	0	44	44	1.0000000
NODE_80141_length_395_cov_2.560811	123	187	0	6	64	0.0937500
NODE_80141_length_395_cov_2.560811	123	187	1	30	64	0.4687500
NODE_80141_length_395_cov_2.560811	123	187	2	28	64	0.4375000
NODE_80146_length_395_cov_2.527027	194	274	0	80	80	1.0000000
NODE_80146_length_395_cov_2.527027	247	327	0	80	80	1.0000000
NODE_80439_length_395_cov_1.033784	103	151	2	48	48	1.0000000
NODE_80448_length_395_cov_1.010135	85	105	0	20	20	1.0000000
NODE_80639_length_394_cov_9.464407	211	291	3	16	80	0.2000000
NODE_80639_length_394_cov_9.464407	211	291	4	16	80	0.2000000
NODE_80639_length_394_cov_9.464407	211	291	5	48	80	0.6000000
NODE_80639_length_394_cov_9.464407	264	344	3	30	80	0.3750000
NODE_80639_length_394_cov_9.464407	264	344	4	5	80	0.0625000
NODE_80639_length_394_cov_9.464407	264	344	5	45	80	0.5625000
NODE_80643_length_394_cov_7.437288	221	301	0	49	80	0.6125000
NODE_80643_length_394_cov_7.437288	221	301	2	31	80	0.3875000
NODE_80643_length_394_cov_7.437288	274	331	2	57	57	1.0000000
NODE_80647_length_394_cov_6.444068	187	267	0	80	80	1.0000000
NODE_80647_length_394_cov_6.444068	240	320	0	80	80	1.0000000
NODE_80709_length_394_cov_2.932203	119	140	0	21	21	1.0000000
NODE_80710_length_394_cov_2.894915	79	135	1	54	56	0.9642857
NODE_80710_length_394_cov_2.894915	79	135	2	2	56	0.0357143
NODE_80710_length_394_cov_2.894915	166	202	2	36	36	1.0000000
NODE_81216_length_393_cov_4.261905	201	267	0	38	66	0.5757576
NODE_81216_length_393_cov_4.261905	201	267	1	28	66	0.4242424
NODE_81216_length_393_cov_4.261905	240	282	0	42	42	1.0000000
NODE_81240_length_393_cov_3.503401	121	201	0	80	80	1.0000000
NODE_81240_length_393_cov_3.503401	174	246	0	72	72	1.0000000
NODE_81277_length_393_cov_2.704082	198	271	1	1	73	0.0136986
NODE_81277_length_393_cov_2.704082	198	271	2	49	73	0.6712329
NODE_81277_length_393_cov_2.704082	198	271	4	23	73	0.3150685
NODE_81289_length_393_cov_2.493197	136	216	0	80	80	1.0000000
NODE_81289_length_393_cov_2.493197	189	269	0	80	80	1.0000000
NODE_81296_length_393_cov_2.360544	195	252	0	57	57	1.0000000
NODE_81416_length_393_cov_1.608844	207	270	0	63	63	1.0000000
NODE_81778_length_392_cov_7.873720	161	241	3	58	80	0.7250000
NODE_81778_length_392_cov_7.873720	161	241	4	22	80	0.2750000
NODE_81778_length_392_cov_7.873720	214	294	0	16	80	0.2000000
NODE_81778_length_392_cov_7.873720	214	294	1	13	80	0.1625000
NODE_81778_length_392_cov_7.873720	214	294	3	51	80	0.6375000
NODE_81790_length_392_cov_5.262799	218	248	0	30	30	1.0000000
NODE_81805_length_392_cov_3.655290	109	157	2	7	48	0.1458333
NODE_81805_length_392_cov_3.655290	109	157	3	41	48	0.8541667
NODE_81805_length_392_cov_3.655290	306	386	0	2	80	0.0250000
NODE_81805_length_392_cov_3.655290	306	386	1	70	80	0.8750000
NODE_81805_length_392_cov_3.655290	306	386	2	8	80	0.1000000
NODE_81823_length_392_cov_3.197952	102	171	0	66	69	0.9565217
NODE_81823_length_392_cov_3.197952	102	171	1	3	69	0.0434783
NODE_81823_length_392_cov_3.197952	233	314	2	81	81	1.0000000
NODE_81857_length_392_cov_2.511945	67	133	14	3	66	0.0454545
NODE_81857_length_392_cov_2.511945	67	133	17	3	66	0.0454545
NODE_81857_length_392_cov_2.511945	67	133	18	5	66	0.0757576
NODE_81857_length_392_cov_2.511945	67	133	19	20	66	0.3030303
NODE_81857_length_392_cov_2.511945	67	133	20	35	66	0.5303030
NODE_81857_length_392_cov_2.511945	120	206	14	8	86	0.0930233
NODE_81857_length_392_cov_2.511945	120	206	15	6	86	0.0697674
NODE_81857_length_392_cov_2.511945	120	206	16	6	86	0.0697674
NODE_81857_length_392_cov_2.511945	120	206	17	16	86	0.1860465
NODE_81857_length_392_cov_2.511945	120	206	18	1	86	0.0116279
NODE_81857_length_392_cov_2.511945	120	206	20	23	86	0.2674419
NODE_81857_length_392_cov_2.511945	120	206	21	7	86	0.0813954
NODE_81857_length_392_cov_2.511945	120	206	22	8	86	0.0930233
NODE_81857_length_392_cov_2.511945	120	206	23	7	86	0.0813954
NODE_81857_length_392_cov_2.511945	120	206	24	4	86	0.0465116
NODE_81914_length_392_cov_2.075085	268	349	0	81	81	1.0000000
NODE_81914_length_392_cov_2.075085	322	387	0	65	65	1.0000000
NODE_81928_length_392_cov_1.955631	11	56	0	45	45	1.0000000
NODE_81929_length_392_cov_1.952218	40	59	2	19	19	1.0000000
NODE_81940_length_392_cov_1.911263	238	315	0	5	77	0.0649351
NODE_81940_length_392_cov_1.911263	238	315	1	72	77	0.9350649
NODE_81994_length_392_cov_1.631399	114	139	7	1	25	0.0400000
NODE_81994_length_392_cov_1.631399	114	139	8	10	25	0.4000000
NODE_81994_length_392_cov_1.631399	114	139	9	14	25	0.5600000
NODE_82008_length_392_cov_1.559727	83	163	0	7	80	0.0875000
NODE_82008_length_392_cov_1.559727	83	163	1	73	80	0.9125000
NODE_82015_length_392_cov_1.552901	32	52	0	20	20	1.0000000
NODE_82390_length_391_cov_69.510274	9	89	9	2	80	0.0250000
NODE_82390_length_391_cov_69.510274	9	89	11	1	80	0.0125000
NODE_82390_length_391_cov_69.510274	9	89	12	7	80	0.0875000
NODE_82390_length_391_cov_69.510274	9	89	13	1	80	0.0125000
NODE_82390_length_391_cov_69.510274	9	89	16	1	80	0.0125000
NODE_82390_length_391_cov_69.510274	9	89	17	1	80	0.0125000
NODE_82390_length_391_cov_69.510274	9	89	18	1	80	0.0125000
NODE_82390_length_391_cov_69.510274	9	89	21	1	80	0.0125000
NODE_82390_length_391_cov_69.510274	9	89	22	1	80	0.0125000
NODE_82390_length_391_cov_69.510274	9	89	24	1	80	0.0125000
NODE_82390_length_391_cov_69.510274	9	89	25	2	80	0.0250000
NODE_82390_length_391_cov_69.510274	9	89	26	1	80	0.0125000
NODE_82390_length_391_cov_69.510274	9	89	28	2	80	0.0250000
NODE_82390_length_391_cov_69.510274	9	89	30	1	80	0.0125000
NODE_82390_length_391_cov_69.510274	9	89	31	5	80	0.0625000
NODE_82390_length_391_cov_69.510274	9	89	32	2	80	0.0250000
NODE_82390_length_391_cov_69.510274	9	89	33	3	80	0.0375000
NODE_82390_length_391_cov_69.510274	9	89	34	1	80	0.0125000
NODE_82390_length_391_cov_69.510274	9	89	36	2	80	0.0250000
NODE_82390_length_391_cov_69.510274	9	89	37	6	80	0.0750000
NODE_82390_length_391_cov_69.510274	9	89	38	2	80	0.0250000
NODE_82390_length_391_cov_69.510274	9	89	42	1	80	0.0125000
NODE_82390_length_391_cov_69.510274	9	89	43	5	80	0.0625000
NODE_82390_length_391_cov_69.510274	9	89	45	2	80	0.0250000
NODE_82390_length_391_cov_69.510274	9	89	46	2	80	0.0250000
NODE_82390_length_391_cov_69.510274	9	89	47	8	80	0.1000000
NODE_82390_length_391_cov_69.510274	9	89	52	2	80	0.0250000
NODE_82390_length_391_cov_69.510274	9	89	54	2	80	0.0250000
NODE_82390_length_391_cov_69.510274	9	89	55	8	80	0.1000000
NODE_82390_length_391_cov_69.510274	9	89	56	2	80	0.0250000
NODE_82390_length_391_cov_69.510274	9	89	59	1	80	0.0125000
NODE_82390_length_391_cov_69.510274	9	89	61	2	80	0.0250000
NODE_82390_length_391_cov_69.510274	9	89	62	1	80	0.0125000
NODE_82391_length_391_cov_39.414384	0	66	0	12	66	0.1818182
NODE_82391_length_391_cov_39.414384	0	66	1	9	66	0.1363636
NODE_82391_length_391_cov_39.414384	0	66	3	38	66	0.5757576
NODE_82391_length_391_cov_39.414384	0	66	4	7	66	0.1060606
NODE_82391_length_391_cov_39.414384	0	71	0	12	71	0.1690141
NODE_82391_length_391_cov_39.414384	0	71	1	9	71	0.1267606
NODE_82391_length_391_cov_39.414384	0	71	3	38	71	0.5352113
NODE_82391_length_391_cov_39.414384	0	71	4	12	71	0.1690141
NODE_82391_length_391_cov_39.414384	44	124	3	15	80	0.1875000
NODE_82391_length_391_cov_39.414384	44	124	4	20	80	0.2500000
NODE_82391_length_391_cov_39.414384	44	124	6	21	80	0.2625000
NODE_82391_length_391_cov_39.414384	44	124	7	23	80	0.2875000
NODE_82391_length_391_cov_39.414384	44	124	8	1	80	0.0125000
NODE_82394_length_391_cov_10.352740	156	235	0	79	79	1.0000000
NODE_82415_length_391_cov_5.030822	85	166	0	57	81	0.7037037
NODE_82415_length_391_cov_5.030822	85	166	2	24	81	0.2962963
NODE_82498_length_391_cov_2.660959	267	343	0	76	76	1.0000000
NODE_82552_length_391_cov_2.089041	176	256	0	10	80	0.1250000
NODE_82552_length_391_cov_2.089041	176	256	1	8	80	0.1000000
NODE_82552_length_391_cov_2.089041	176	256	2	56	80	0.7000000
NODE_82552_length_391_cov_2.089041	176	256	4	6	80	0.0750000
NODE_82552_length_391_cov_2.089041	229	280	0	34	51	0.6666667
NODE_82552_length_391_cov_2.089041	229	280	1	8	51	0.1568628
NODE_82552_length_391_cov_2.089041	229	280	2	9	51	0.1764706
NODE_82574_length_391_cov_1.907534	200	257	0	57	57	1.0000000
NODE_82597_length_391_cov_1.773973	160	190	0	11	30	0.3666667
NODE_82597_length_391_cov_1.773973	160	190	1	13	30	0.4333333
NODE_82597_length_391_cov_1.773973	160	190	2	6	30	0.2000000
NODE_82632_length_391_cov_1.647260	298	378	0	80	80	1.0000000
NODE_82662_length_391_cov_1.561644	241	261	0	20	20	1.0000000
NODE_83015_length_390_cov_29.030928	86	166	2	80	80	1.0000000
NODE_83015_length_390_cov_29.030928	139	219	0	21	80	0.2625000
NODE_83015_length_390_cov_29.030928	139	219	1	20	80	0.2500000
NODE_83015_length_390_cov_29.030928	139	219	2	39	80	0.4875000
NODE_83016_length_390_cov_22.319588	118	198	0	3	80	0.0375000
NODE_83016_length_390_cov_22.319588	118	198	1	1	80	0.0125000
NODE_83016_length_390_cov_22.319588	118	198	2	50	80	0.6250000
NODE_83016_length_390_cov_22.319588	118	198	3	26	80	0.3250000
NODE_83016_length_390_cov_22.319588	171	251	0	22	80	0.2750000
NODE_83016_length_390_cov_22.319588	171	251	1	35	80	0.4375000
NODE_83016_length_390_cov_22.319588	171	251	2	23	80	0.2875000
NODE_83044_length_390_cov_4.481100	208	277	0	69	69	1.0000000
NODE_83044_length_390_cov_4.481100	286	327	0	41	41	1.0000000
NODE_83045_length_390_cov_4.481100	93	171	1	3	78	0.0384615
NODE_83045_length_390_cov_4.481100	93	171	2	9	78	0.1153846
NODE_83045_length_390_cov_4.481100	93	171	4	66	78	0.8461539
NODE_83045_length_390_cov_4.481100	144	210	0	10	66	0.1515152
NODE_83045_length_390_cov_4.481100	144	210	1	32	66	0.4848485
NODE_83045_length_390_cov_4.481100	144	210	2	9	66	0.1363636
NODE_83045_length_390_cov_4.481100	144	210	4	15	66	0.2272727
NODE_83060_length_390_cov_3.814433	66	99	0	33	33	1.0000000
NODE_83061_length_390_cov_3.783505	188	268	0	80	80	1.0000000
NODE_83061_length_390_cov_3.783505	241	321	0	80	80	1.0000000
NODE_83066_length_390_cov_3.560137	304	367	0	59	63	0.9365079
NODE_83066_length_390_cov_3.560137	304	367	2	4	63	0.0634921
NODE_83066_length_390_cov_3.560137	340	381	0	41	41	1.0000000
NODE_83169_length_390_cov_2.127148	242	322	0	80	80	1.0000000
NODE_83171_length_390_cov_2.123711	133	177	1	20	44	0.4545455
NODE_83171_length_390_cov_2.123711	133	177	2	24	44	0.5454546
NODE_83171_length_390_cov_2.123711	157	237	1	20	80	0.2500000
NODE_83171_length_390_cov_2.123711	157	237	2	50	80	0.6250000
NODE_83171_length_390_cov_2.123711	157	237	3	10	80	0.1250000
NODE_83288_length_390_cov_1.536082	223	276	0	53	53	1.0000000
NODE_83338_length_390_cov_1.398625	49	110	4	1	61	0.0163934
NODE_83338_length_390_cov_1.398625	49	110	6	6	61	0.0983607
NODE_83338_length_390_cov_1.398625	49	110	8	6	61	0.0983607
NODE_83338_length_390_cov_1.398625	49	110	10	1	61	0.0163934
NODE_83338_length_390_cov_1.398625	49	110	12	4	61	0.0655738
NODE_83338_length_390_cov_1.398625	49	110	13	1	61	0.0163934
NODE_83338_length_390_cov_1.398625	49	110	14	4	61	0.0655738
NODE_83338_length_390_cov_1.398625	49	110	16	38	61	0.6229508
NODE_83463_length_390_cov_1.034364	78	158	0	80	80	1.0000000
NODE_83633_length_389_cov_63.710345	32	112	0	80	80	1.0000000
NODE_83633_length_389_cov_63.710345	85	165	0	80	80	1.0000000
NODE_83633_length_389_cov_63.710345	161	241	0	80	80	1.0000000
NODE_83633_length_389_cov_63.710345	214	294	0	80	80	1.0000000
NODE_83650_length_389_cov_5.382759	154	234	0	80	80	1.0000000
NODE_83662_length_389_cov_4.468966	199	269	0	70	70	1.0000000
NODE_83663_length_389_cov_4.424138	68	148	15	9	80	0.1125000
NODE_83663_length_389_cov_4.424138	68	148	16	1	80	0.0125000
NODE_83663_length_389_cov_4.424138	68	148	18	25	80	0.3125000
NODE_83663_length_389_cov_4.424138	68	148	20	45	80	0.5625000
NODE_83685_length_389_cov_3.782759	194	225	2	31	31	1.0000000
NODE_83689_length_389_cov_3.555172	107	153	0	46	46	1.0000000
NODE_83695_length_389_cov_3.251724	120	163	0	1	43	0.0232558
NODE_83695_length_389_cov_3.251724	120	163	2	42	43	0.9767442
NODE_83695_length_389_cov_3.251724	136	206	2	70	70	1.0000000
NODE_83816_length_389_cov_1.951724	68	148	0	80	80	1.0000000
NODE_83819_length_389_cov_1.937931	53	82	0	29	29	1.0000000
NODE_83819_length_389_cov_1.937931	153	233	6	80	80	1.0000000
NODE_83829_length_389_cov_1.920690	296	365	2	69	69	1.0000000
NODE_84182_length_389_cov_0.720690	294	374	0	80	80	1.0000000
NODE_84267_length_388_cov_9.179931	47	127	2	80	80	1.0000000
NODE_84267_length_388_cov_9.179931	100	180	0	45	80	0.5625000
NODE_84267_length_388_cov_9.179931	100	180	2	35	80	0.4375000
NODE_84270_length_388_cov_7.249135	171	251	1	24	80	0.3000000
NODE_84270_length_388_cov_7.249135	171	251	2	13	80	0.1625000
NODE_84270_length_388_cov_7.249135	171	251	3	28	80	0.3500000
NODE_84270_length_388_cov_7.249135	171	251	4	15	80	0.1875000
NODE_84270_length_388_cov_7.249135	224	304	3	30	80	0.3750000
NODE_84270_length_388_cov_7.249135	224	304	4	50	80	0.6250000
NODE_84305_length_388_cov_3.913495	151	231	0	53	80	0.6625000
NODE_84305_length_388_cov_3.913495	151	231	1	27	80	0.3375000
NODE_84308_length_388_cov_3.809689	233	277	0	44	44	1.0000000
NODE_84332_length_388_cov_3.103806	101	166	0	65	65	1.0000000
NODE_84332_length_388_cov_3.103806	147	227	0	80	80	1.0000000
NODE_84334_length_388_cov_3.041522	48	128	0	80	80	1.0000000
NODE_84410_length_388_cov_2.114187	82	141	0	59	59	1.0000000
NODE_84410_length_388_cov_2.114187	135	194	0	59	59	1.0000000
NODE_84423_length_388_cov_2.017301	99	151	2	33	52	0.6346154
NODE_84423_length_388_cov_2.017301	99	151	3	19	52	0.3653846
NODE_84427_length_388_cov_1.989619	0	76	0	76	76	1.0000000
NODE_84427_length_388_cov_1.989619	49	114	0	65	65	1.0000000
NODE_84587_length_388_cov_1.352941	172	247	0	75	75	1.0000000
NODE_84631_length_388_cov_1.228374	308	339	0	31	31	1.0000000
NODE_84885_length_387_cov_33.052083	194	274	0	80	80	1.0000000
NODE_84885_length_387_cov_33.052083	247	327	0	80	80	1.0000000
NODE_84890_length_387_cov_6.871528	26	106	0	80	80	1.0000000
NODE_84890_length_387_cov_6.871528	79	159	0	80	80	1.0000000
NODE_84902_length_387_cov_5.420139	286	341	0	55	55	1.0000000
NODE_84946_length_387_cov_3.364583	287	367	0	80	80	1.0000000
NODE_85007_length_387_cov_2.260417	140	210	2	2	70	0.0285714
NODE_85007_length_387_cov_2.260417	140	210	4	68	70	0.9714286
NODE_85019_length_387_cov_2.128472	220	286	0	66	66	1.0000000
NODE_85019_length_387_cov_2.128472	273	329	0	56	56	1.0000000
NODE_85032_length_387_cov_2.090278	318	352	0	34	34	1.0000000
NODE_85037_length_387_cov_2.055556	23	45	0	22	22	1.0000000
NODE_85047_length_387_cov_1.979167	259	316	0	57	57	1.0000000
NODE_85047_length_387_cov_1.979167	312	369	0	57	57	1.0000000
NODE_85091_length_387_cov_1.770833	315	361	0	26	46	0.5652174
NODE_85091_length_387_cov_1.770833	315	361	2	20	46	0.4347826
NODE_85528_length_386_cov_9.979094	38	118	0	12	80	0.1500000
NODE_85528_length_386_cov_9.979094	38	118	1	26	80	0.3250000
NODE_85528_length_386_cov_9.979094	38	118	2	27	80	0.3375000
NODE_85528_length_386_cov_9.979094	38	118	3	15	80	0.1875000
NODE_85528_length_386_cov_9.979094	91	174	2	12	83	0.1445783
NODE_85528_length_386_cov_9.979094	91	174	3	71	83	0.8554217
NODE_85546_length_386_cov_4.428571	197	249	0	52	52	1.0000000
NODE_85570_length_386_cov_3.355401	151	231	2	80	80	1.0000000
NODE_85570_length_386_cov_3.355401	204	265	1	1	61	0.0163934
NODE_85570_length_386_cov_3.355401	204	265	2	60	61	0.9836066
NODE_85602_length_386_cov_2.686411	293	325	0	32	32	1.0000000
NODE_85602_length_386_cov_2.686411	349	379	0	30	30	1.0000000
NODE_85629_length_386_cov_2.442509	55	135	0	80	80	1.0000000
NODE_85629_length_386_cov_2.442509	108	164	0	56	56	1.0000000
NODE_85793_length_386_cov_1.494774	79	121	0	42	42	1.0000000
NODE_85793_length_386_cov_1.494774	93	156	0	63	63	1.0000000
NODE_85816_length_386_cov_1.421603	160	236	0	76	76	1.0000000
NODE_85845_length_386_cov_1.372822	62	142	0	80	80	1.0000000
NODE_85845_length_386_cov_1.372822	115	195	0	32	80	0.4000000
NODE_85845_length_386_cov_1.372822	115	195	2	1	80	0.0125000
NODE_85845_length_386_cov_1.372822	115	195	3	24	80	0.3000000
NODE_85845_length_386_cov_1.372822	115	195	4	23	80	0.2875000
NODE_85858_length_386_cov_1.317073	124	161	3	24	37	0.6486486
NODE_85858_length_386_cov_1.317073	124	161	4	13	37	0.3513514
NODE_85902_length_386_cov_1.170732	260	308	2	48	48	1.0000000
NODE_86143_length_385_cov_167.877622	103	164	39	1	61	0.0163934
NODE_86143_length_385_cov_167.877622	103	164	40	1	61	0.0163934
NODE_86143_length_385_cov_167.877622	103	164	41	2	61	0.0327869
NODE_86143_length_385_cov_167.877622	103	164	42	1	61	0.0163934
NODE_86143_length_385_cov_167.877622	103	164	43	10	61	0.1639344
NODE_86143_length_385_cov_167.877622	103	164	44	5	61	0.0819672
NODE_86143_length_385_cov_167.877622	103	164	45	12	61	0.1967213
NODE_86143_length_385_cov_167.877622	103	164	46	4	61	0.0655738
NODE_86143_length_385_cov_167.877622	103	164	47	10	61	0.1639344
NODE_86143_length_385_cov_167.877622	103	164	48	2	61	0.0327869
NODE_86143_length_385_cov_167.877622	103	164	49	4	61	0.0655738
NODE_86143_length_385_cov_167.877622	103	164	50	3	61	0.0491803
NODE_86143_length_385_cov_167.877622	103	164	52	1	61	0.0163934
NODE_86143_length_385_cov_167.877622	103	164	53	5	61	0.0819672
NODE_86144_length_385_cov_38.695804	164	244	3	9	80	0.1125000
NODE_86144_length_385_cov_38.695804	164	244	4	25	80	0.3125000
NODE_86144_length_385_cov_38.695804	164	244	6	26	80	0.3250000
NODE_86144_length_385_cov_38.695804	164	244	7	20	80	0.2500000
NODE_86144_length_385_cov_38.695804	217	297	4	34	80	0.4250000
NODE_86144_length_385_cov_38.695804	217	297	5	2	80	0.0250000
NODE_86144_length_385_cov_38.695804	217	297	6	14	80	0.1750000
NODE_86144_length_385_cov_38.695804	217	297	7	30	80	0.3750000
NODE_86169_length_385_cov_4.335664	173	250	0	77	77	1.0000000
NODE_86185_length_385_cov_3.793706	215	297	0	82	82	1.0000000
NODE_86230_length_385_cov_2.786713	99	179	0	80	80	1.0000000
NODE_86230_length_385_cov_2.786713	152	232	0	80	80	1.0000000
NODE_86230_length_385_cov_2.786713	281	362	0	81	81	1.0000000
NODE_86448_length_385_cov_1.381119	71	145	0	30	74	0.4054054
NODE_86448_length_385_cov_1.381119	71	145	2	44	74	0.5945946
NODE_86448_length_385_cov_1.381119	118	198	0	10	80	0.1250000
NODE_86448_length_385_cov_1.381119	118	198	2	70	80	0.8750000
NODE_86798_length_384_cov_3.996491	135	217	0	82	82	1.0000000
NODE_86809_length_384_cov_3.729825	181	228	2	47	47	1.0000000
NODE_86812_length_384_cov_3.715789	145	221	0	76	76	1.0000000
NODE_86841_length_384_cov_2.996491	147	227	4	6	80	0.0750000
NODE_86841_length_384_cov_2.996491	147	227	6	5	80	0.0625000
NODE_86841_length_384_cov_2.996491	147	227	7	18	80	0.2250000
NODE_86841_length_384_cov_2.996491	147	227	8	7	80	0.0875000
NODE_86841_length_384_cov_2.996491	147	227	9	29	80	0.3625000
NODE_86841_length_384_cov_2.996491	147	227	11	15	80	0.1875000
NODE_86847_length_384_cov_2.835088	65	145	0	18	80	0.2250000
NODE_86847_length_384_cov_2.835088	65	145	2	62	80	0.7750000
NODE_86866_length_384_cov_2.575439	151	224	9	6	73	0.0821918
NODE_86866_length_384_cov_2.575439	151	224	11	12	73	0.1643836
NODE_86866_length_384_cov_2.575439	151	224	12	24	73	0.3287671
NODE_86866_length_384_cov_2.575439	151	224	14	31	73	0.4246575
NODE_86866_length_384_cov_2.575439	197	281	2	11	84	0.1309524
NODE_86866_length_384_cov_2.575439	197	281	3	3	84	0.0357143
NODE_86866_length_384_cov_2.575439	197	281	5	3	84	0.0357143
NODE_86866_length_384_cov_2.575439	197	281	6	14	84	0.1666667
NODE_86866_length_384_cov_2.575439	197	281	8	6	84	0.0714286
NODE_86866_length_384_cov_2.575439	197	281	10	16	84	0.1904762
NODE_86866_length_384_cov_2.575439	197	281	12	9	84	0.1071429
NODE_86866_length_384_cov_2.575439	197	281	14	22	84	0.2619048
NODE_86907_length_384_cov_2.231579	78	153	0	75	75	1.0000000
NODE_86942_length_384_cov_1.940351	73	153	0	80	80	1.0000000
NODE_87431_length_383_cov_4.869718	117	197	4	5	80	0.0625000
NODE_87431_length_383_cov_4.869718	117	197	7	11	80	0.1375000
NODE_87431_length_383_cov_4.869718	117	197	8	64	80	0.8000000
NODE_87431_length_383_cov_4.869718	170	250	2	29	80	0.3625000
NODE_87431_length_383_cov_4.869718	170	250	3	17	80	0.2125000
NODE_87431_length_383_cov_4.869718	170	250	4	12	80	0.1500000
NODE_87431_length_383_cov_4.869718	170	250	8	22	80	0.2750000
NODE_87432_length_383_cov_4.841549	121	180	0	59	59	1.0000000
NODE_87438_length_383_cov_4.559859	33	109	0	76	76	1.0000000
NODE_87487_length_383_cov_2.940141	185	265	0	80	80	1.0000000
NODE_87495_length_383_cov_2.760563	123	203	25	5	80	0.0625000
NODE_87495_length_383_cov_2.760563	123	203	26	1	80	0.0125000
NODE_87495_length_383_cov_2.760563	123	203	28	7	80	0.0875000
NODE_87495_length_383_cov_2.760563	123	203	29	1	80	0.0125000
NODE_87495_length_383_cov_2.760563	123	203	30	3	80	0.0375000
NODE_87495_length_383_cov_2.760563	123	203	31	4	80	0.0500000
NODE_87495_length_383_cov_2.760563	123	203	32	12	80	0.1500000
NODE_87495_length_383_cov_2.760563	123	203	33	1	80	0.0125000
NODE_87495_length_383_cov_2.760563	123	203	34	19	80	0.2375000
NODE_87495_length_383_cov_2.760563	123	203	35	5	80	0.0625000
NODE_87495_length_383_cov_2.760563	123	203	36	8	80	0.1000000
NODE_87495_length_383_cov_2.760563	123	203	37	6	80	0.0750000
NODE_87495_length_383_cov_2.760563	123	203	38	4	80	0.0500000
NODE_87495_length_383_cov_2.760563	123	203	39	4	80	0.0500000
NODE_87495_length_383_cov_2.760563	169	249	11	2	80	0.0250000
NODE_87495_length_383_cov_2.760563	169	249	12	6	80	0.0750000
NODE_87495_length_383_cov_2.760563	169	249	13	10	80	0.1250000
NODE_87495_length_383_cov_2.760563	169	249	14	1	80	0.0125000
NODE_87495_length_383_cov_2.760563	169	249	18	1	80	0.0125000
NODE_87495_length_383_cov_2.760563	169	249	19	10	80	0.1250000
NODE_87495_length_383_cov_2.760563	169	249	21	3	80	0.0375000
NODE_87495_length_383_cov_2.760563	169	249	23	5	80	0.0625000
NODE_87495_length_383_cov_2.760563	169	249	24	5	80	0.0625000
NODE_87495_length_383_cov_2.760563	169	249	25	8	80	0.1000000
NODE_87495_length_383_cov_2.760563	169	249	26	1	80	0.0125000
NODE_87495_length_383_cov_2.760563	169	249	28	7	80	0.0875000
NODE_87495_length_383_cov_2.760563	169	249	29	1	80	0.0125000
NODE_87495_length_383_cov_2.760563	169	249	30	3	80	0.0375000
NODE_87495_length_383_cov_2.760563	169	249	31	4	80	0.0500000
NODE_87495_length_383_cov_2.760563	169	249	32	2	80	0.0250000
NODE_87495_length_383_cov_2.760563	169	249	33	1	80	0.0125000
NODE_87495_length_383_cov_2.760563	169	249	34	5	80	0.0625000
NODE_87495_length_383_cov_2.760563	169	249	35	5	80	0.0625000
NODE_87495_length_383_cov_2.760563	222	302	0	1	80	0.0125000
NODE_87495_length_383_cov_2.760563	222	302	1	25	80	0.3125000
NODE_87495_length_383_cov_2.760563	222	302	3	6	80	0.0750000
NODE_87495_length_383_cov_2.760563	222	302	4	7	80	0.0875000
NODE_87495_length_383_cov_2.760563	222	302	6	3	80	0.0375000
NODE_87495_length_383_cov_2.760563	222	302	7	1	80	0.0125000
NODE_87495_length_383_cov_2.760563	222	302	9	5	80	0.0625000
NODE_87495_length_383_cov_2.760563	222	302	11	7	80	0.0875000
NODE_87495_length_383_cov_2.760563	222	302	12	6	80	0.0750000
NODE_87495_length_383_cov_2.760563	222	302	13	10	80	0.1250000
NODE_87495_length_383_cov_2.760563	222	302	14	1	80	0.0125000
NODE_87495_length_383_cov_2.760563	222	302	18	1	80	0.0125000
NODE_87495_length_383_cov_2.760563	222	302	19	7	80	0.0875000
NODE_87566_length_383_cov_2.123239	29	94	0	65	65	1.0000000
NODE_87566_length_383_cov_2.123239	93	173	0	80	80	1.0000000
NODE_87566_length_383_cov_2.123239	146	193	0	47	47	1.0000000
NODE_87634_length_383_cov_1.728873	196	257	3	7	61	0.1147541
NODE_87634_length_383_cov_1.728873	196	257	4	54	61	0.8852459
NODE_87634_length_383_cov_1.728873	239	310	1	7	71	0.0985916
NODE_87634_length_383_cov_1.728873	239	310	2	2	71	0.0281690
NODE_87634_length_383_cov_1.728873	239	310	3	14	71	0.1971831
NODE_87634_length_383_cov_1.728873	239	310	4	48	71	0.6760563
NODE_88039_length_382_cov_43.724382	245	325	1	76	80	0.9500000
NODE_88039_length_382_cov_43.724382	245	325	2	4	80	0.0500000
NODE_88039_length_382_cov_43.724382	298	378	0	18	80	0.2250000
NODE_88039_length_382_cov_43.724382	298	378	1	62	80	0.7750000
NODE_88040_length_382_cov_35.908127	163	243	0	80	80	1.0000000
NODE_88040_length_382_cov_35.908127	216	296	0	80	80	1.0000000
NODE_88040_length_382_cov_35.908127	292	372	0	80	80	1.0000000
NODE_88041_length_382_cov_26.240283	57	137	0	80	80	1.0000000
NODE_88041_length_382_cov_26.240283	110	190	0	80	80	1.0000000
NODE_88054_length_382_cov_5.583039	63	143	1	80	80	1.0000000
NODE_88054_length_382_cov_5.583039	116	196	1	80	80	1.0000000
NODE_88063_length_382_cov_4.837456	19	78	0	59	59	1.0000000
NODE_88067_length_382_cov_4.618375	0	55	0	34	55	0.6181818
NODE_88067_length_382_cov_4.618375	0	55	1	21	55	0.3818182
NODE_88067_length_382_cov_4.618375	104	184	1	9	80	0.1125000
NODE_88067_length_382_cov_4.618375	104	184	2	71	80	0.8875000
NODE_88067_length_382_cov_4.618375	157	237	1	53	80	0.6625000
NODE_88067_length_382_cov_4.618375	157	237	2	27	80	0.3375000
NODE_88075_length_382_cov_4.268551	71	152	0	68	81	0.8395061
NODE_88075_length_382_cov_4.268551	71	152	2	13	81	0.1604938
NODE_88075_length_382_cov_4.268551	124	205	0	81	81	1.0000000
NODE_88080_length_382_cov_4.091873	30	92	0	62	62	1.0000000
NODE_88121_length_382_cov_3.031802	173	253	0	20	80	0.2500000
NODE_88121_length_382_cov_3.031802	173	253	2	42	80	0.5250000
NODE_88121_length_382_cov_3.031802	173	253	4	18	80	0.2250000
NODE_88121_length_382_cov_3.031802	226	295	2	14	69	0.2028985
NODE_88121_length_382_cov_3.031802	226	295	4	55	69	0.7971014
NODE_88135_length_382_cov_2.798587	231	293	0	62	62	1.0000000
NODE_88136_length_382_cov_2.791519	195	244	0	49	49	1.0000000
NODE_88136_length_382_cov_2.791519	217	297	0	80	80	1.0000000
NODE_88164_length_382_cov_2.611307	301	368	0	67	67	1.0000000
NODE_88276_length_382_cov_1.802120	0	60	0	60	60	1.0000000
NODE_88660_length_382_cov_0.738516	48	95	2	1	47	0.0212766
NODE_88660_length_382_cov_0.738516	48	95	4	46	47	0.9787234
NODE_88660_length_382_cov_0.738516	68	148	4	80	80	1.0000000
NODE_88758_length_381_cov_12.010638	195	274	0	79	79	1.0000000
NODE_88865_length_381_cov_2.606383	68	98	0	30	30	1.0000000
NODE_88867_length_381_cov_2.570922	115	175	0	60	60	1.0000000
NODE_88872_length_381_cov_2.514184	225	307	0	82	82	1.0000000
NODE_88900_length_381_cov_2.198582	193	276	0	9	83	0.1084337
NODE_88900_length_381_cov_2.198582	193	276	2	74	83	0.8915663
NODE_88935_length_381_cov_1.989362	279	325	0	46	46	1.0000000
NODE_89009_length_381_cov_1.663121	51	128	2	77	77	1.0000000
NODE_89009_length_381_cov_1.663121	101	181	0	52	80	0.6500000
NODE_89009_length_381_cov_1.663121	101	181	2	28	80	0.3500000
NODE_89090_length_381_cov_1.400709	254	334	0	80	80	1.0000000
NODE_89090_length_381_cov_1.400709	254	334	0	80	80	1.0000000
NODE_89090_length_381_cov_1.400709	309	373	0	64	64	1.0000000
NODE_89482_length_380_cov_57.604982	196	276	0	80	80	1.0000000
NODE_89482_length_380_cov_57.604982	249	329	0	80	80	1.0000000
NODE_89482_length_380_cov_57.604982	325	359	0	34	34	1.0000000
NODE_89483_length_380_cov_11.185053	79	161	0	1	82	0.0121951
NODE_89483_length_380_cov_11.185053	79	161	1	81	82	0.9878049
NODE_89483_length_380_cov_11.185053	134	214	1	80	80	1.0000000
NODE_89491_length_380_cov_5.811388	100	156	0	56	56	1.0000000
NODE_89491_length_380_cov_5.811388	177	213	0	36	36	1.0000000
NODE_89495_length_380_cov_5.377224	242	271	9	6	29	0.2068966
NODE_89495_length_380_cov_5.377224	242	271	11	5	29	0.1724138
NODE_89495_length_380_cov_5.377224	242	271	12	2	29	0.0689655
NODE_89495_length_380_cov_5.377224	242	271	13	2	29	0.0689655
NODE_89495_length_380_cov_5.377224	242	271	15	14	29	0.4827586
NODE_89508_length_380_cov_4.185053	158	230	0	72	72	1.0000000
NODE_89508_length_380_cov_4.185053	159	229	0	70	70	1.0000000
NODE_89508_length_380_cov_4.185053	203	283	0	80	80	1.0000000
NODE_89508_length_380_cov_4.185053	203	283	0	80	80	1.0000000
NODE_89527_length_380_cov_3.423488	164	233	0	69	69	1.0000000
NODE_89540_length_380_cov_3.153025	188	260	0	24	72	0.3333333
NODE_89540_length_380_cov_3.153025	188	260	2	48	72	0.6666667
NODE_89568_length_380_cov_2.718861	51	131	0	80	80	1.0000000
NODE_89568_length_380_cov_2.718861	104	184	0	80	80	1.0000000
NODE_89658_length_380_cov_1.943060	22	56	2	34	34	1.0000000
NODE_89750_length_380_cov_1.601423	292	332	7	7	40	0.1750000
NODE_89750_length_380_cov_1.601423	292	332	9	6	40	0.1500000
NODE_89750_length_380_cov_1.601423	292	332	11	10	40	0.2500000
NODE_89750_length_380_cov_1.601423	292	332	12	5	40	0.1250000
NODE_89750_length_380_cov_1.601423	292	332	16	12	40	0.3000000
NODE_89911_length_380_cov_1.088968	312	353	0	41	41	1.0000000
NODE_89911_length_380_cov_1.088968	326	380	0	54	54	1.0000000
NODE_90152_length_379_cov_42.339286	10	90	0	23	80	0.2875000
NODE_90152_length_379_cov_42.339286	10	90	1	55	80	0.6875000
NODE_90152_length_379_cov_42.339286	10	90	3	2	80	0.0250000
NODE_90152_length_379_cov_42.339286	86	166	1	2	80	0.0250000
NODE_90152_length_379_cov_42.339286	86	166	3	12	80	0.1500000
NODE_90152_length_379_cov_42.339286	86	166	4	10	80	0.1250000
NODE_90152_length_379_cov_42.339286	86	166	6	56	80	0.7000000
NODE_90152_length_379_cov_42.339286	139	219	3	2	80	0.0250000
NODE_90152_length_379_cov_42.339286	139	219	5	34	80	0.4250000
NODE_90152_length_379_cov_42.339286	139	219	6	44	80	0.5500000
NODE_90153_length_379_cov_32.075000	0	62	0	62	62	1.0000000
NODE_90165_length_379_cov_5.607143	279	338	0	59	59	1.0000000
NODE_90180_length_379_cov_4.432143	219	243	0	24	24	1.0000000
NODE_90193_length_379_cov_3.778571	271	300	0	29	29	1.0000000
NODE_90198_length_379_cov_3.585714	128	152	0	24	24	1.0000000
NODE_90198_length_379_cov_3.585714	169	249	0	38	80	0.4750000
NODE_90198_length_379_cov_3.585714	169	249	2	7	80	0.0875000
NODE_90198_length_379_cov_3.585714	169	249	4	35	80	0.4375000
NODE_90203_length_379_cov_3.375000	19	43	0	24	24	1.0000000
NODE_90247_length_379_cov_2.692857	121	201	6	80	80	1.0000000
NODE_90247_length_379_cov_2.692857	174	221	1	2	47	0.0425532
NODE_90247_length_379_cov_2.692857	174	221	3	2	47	0.0425532
NODE_90247_length_379_cov_2.692857	174	221	5	6	47	0.1276596
NODE_90247_length_379_cov_2.692857	174	221	6	37	47	0.7872341
NODE_90789_length_378_cov_53.039427	147	227	0	80	80	1.0000000
NODE_90789_length_378_cov_53.039427	200	280	0	66	80	0.8250000
NODE_90789_length_378_cov_53.039427	200	280	2	14	80	0.1750000
NODE_90789_length_378_cov_53.039427	276	356	2	80	80	1.0000000
NODE_90789_length_378_cov_53.039427	329	378	0	11	49	0.2244898
NODE_90789_length_378_cov_53.039427	329	378	2	38	49	0.7755102
NODE_90794_length_378_cov_6.569892	223	304	0	81	81	1.0000000
NODE_90795_length_378_cov_6.444444	217	297	0	80	80	1.0000000
NODE_90795_length_378_cov_6.444444	270	350	0	80	80	1.0000000
NODE_90808_length_378_cov_4.899642	135	191	0	56	56	1.0000000
NODE_90855_length_378_cov_3.236559	143	212	0	4	69	0.0579710
NODE_90855_length_378_cov_3.236559	143	212	2	65	69	0.9420290
NODE_90859_length_378_cov_3.132616	238	280	0	42	42	1.0000000
NODE_90898_length_378_cov_2.534050	203	243	1	40	40	1.0000000
NODE_90898_length_378_cov_2.534050	271	347	0	76	76	1.0000000
NODE_90898_length_378_cov_2.534050	331	360	0	29	29	1.0000000
NODE_90948_length_378_cov_2.093190	179	250	2	20	71	0.2816902
NODE_90948_length_378_cov_2.093190	179	250	4	51	71	0.7183099
NODE_90948_length_378_cov_2.093190	183	219	2	16	36	0.4444444
NODE_90948_length_378_cov_2.093190	183	219	4	20	36	0.5555556
NODE_91002_length_378_cov_1.813620	36	89	0	53	53	1.0000000
NODE_91475_length_377_cov_71.723022	19	99	1	1	80	0.0125000
NODE_91475_length_377_cov_71.723022	19	99	2	79	80	0.9875000
NODE_91475_length_377_cov_71.723022	72	152	2	63	80	0.7875000
NODE_91475_length_377_cov_71.723022	72	152	3	1	80	0.0125000
NODE_91475_length_377_cov_71.723022	72	152	4	6	80	0.0750000
NODE_91475_length_377_cov_71.723022	72	152	5	10	80	0.1250000
NODE_91475_length_377_cov_71.723022	148	228	3	58	80	0.7250000
NODE_91475_length_377_cov_71.723022	148	228	4	12	80	0.1500000
NODE_91475_length_377_cov_71.723022	148	228	5	10	80	0.1250000
NODE_91475_length_377_cov_71.723022	201	281	3	56	80	0.7000000
NODE_91475_length_377_cov_71.723022	201	281	4	24	80	0.3000000
NODE_91477_length_377_cov_41.787770	210	290	0	11	80	0.1375000
NODE_91477_length_377_cov_41.787770	210	290	2	69	80	0.8625000
NODE_91477_length_377_cov_41.787770	263	343	0	5	80	0.0625000
NODE_91477_length_377_cov_41.787770	263	343	2	75	80	0.9375000
NODE_91478_length_377_cov_9.982014	32	83	0	8	51	0.1568628
NODE_91478_length_377_cov_9.982014	32	83	1	3	51	0.0588235
NODE_91478_length_377_cov_9.982014	32	83	3	40	51	0.7843137
NODE_91486_length_377_cov_6.244604	101	177	0	76	76	1.0000000
NODE_91494_length_377_cov_5.183453	169	224	0	55	55	1.0000000
NODE_91499_length_377_cov_4.586331	186	266	0	80	80	1.0000000
NODE_91499_length_377_cov_4.586331	239	319	0	80	80	1.0000000
NODE_91500_length_377_cov_4.431655	139	216	1	28	77	0.3636364
NODE_91500_length_377_cov_4.431655	139	216	2	49	77	0.6363636
NODE_91502_length_377_cov_4.330935	134	214	0	80	80	1.0000000
NODE_91502_length_377_cov_4.330935	187	267	0	80	80	1.0000000
NODE_91506_length_377_cov_4.032374	124	181	0	57	57	1.0000000
NODE_91506_length_377_cov_4.032374	154	201	0	47	47	1.0000000
NODE_91526_length_377_cov_3.615108	82	140	0	58	58	1.0000000
NODE_91526_length_377_cov_3.615108	82	140	0	58	58	1.0000000
NODE_91526_length_377_cov_3.615108	113	193	0	80	80	1.0000000
NODE_91526_length_377_cov_3.615108	113	193	0	80	80	1.0000000
NODE_91526_length_377_cov_3.615108	189	258	0	69	69	1.0000000
NODE_91526_length_377_cov_3.615108	243	313	0	70	70	1.0000000
NODE_91553_length_377_cov_2.913669	38	61	0	23	23	1.0000000
NODE_91553_length_377_cov_2.913669	167	228	0	61	61	1.0000000
NODE_91619_length_377_cov_2.104317	137	188	0	51	51	1.0000000
NODE_91619_length_377_cov_2.104317	168	211	0	43	43	1.0000000
NODE_91619_length_377_cov_2.104317	190	241	0	51	51	1.0000000
NODE_91727_length_377_cov_1.622302	123	181	0	58	58	1.0000000
NODE_91727_length_377_cov_1.622302	176	234	0	58	58	1.0000000
NODE_91749_length_377_cov_1.539568	230	310	0	80	80	1.0000000
NODE_91749_length_377_cov_1.539568	230	310	0	80	80	1.0000000
NODE_91749_length_377_cov_1.539568	306	377	0	71	71	1.0000000
NODE_91749_length_377_cov_1.539568	327	351	0	24	24	1.0000000
NODE_91765_length_377_cov_1.471223	118	198	0	30	80	0.3750000
NODE_91765_length_377_cov_1.471223	118	198	2	50	80	0.6250000
NODE_91790_length_377_cov_1.456835	177	257	0	80	80	1.0000000
NODE_91790_length_377_cov_1.456835	230	310	0	80	80	1.0000000
NODE_91817_length_377_cov_1.330935	0	44	0	44	44	1.0000000
NODE_91817_length_377_cov_1.330935	45	117	0	72	72	1.0000000
NODE_92046_length_377_cov_0.762590	299	330	0	31	31	1.0000000
NODE_92166_length_376_cov_6.938628	0	63	4	8	63	0.1269841
NODE_92166_length_376_cov_6.938628	0	63	6	33	63	0.5238096
NODE_92166_length_376_cov_6.938628	0	63	8	3	63	0.0476190
NODE_92166_length_376_cov_6.938628	0	63	10	3	63	0.0476190
NODE_92166_length_376_cov_6.938628	0	63	12	10	63	0.1587302
NODE_92166_length_376_cov_6.938628	0	63	14	6	63	0.0952381
NODE_92166_length_376_cov_6.938628	269	340	0	12	71	0.1690141
NODE_92166_length_376_cov_6.938628	269	340	2	59	71	0.8309859
NODE_92168_length_376_cov_6.415162	177	257	1	63	80	0.7875000
NODE_92168_length_376_cov_6.415162	177	257	2	17	80	0.2125000
NODE_92168_length_376_cov_6.415162	230	310	1	10	80	0.1250000
NODE_92168_length_376_cov_6.415162	230	310	2	70	80	0.8750000
NODE_92173_length_376_cov_5.722022	100	171	2	71	71	1.0000000
NODE_92173_length_376_cov_5.722022	155	192	2	37	37	1.0000000
NODE_92191_length_376_cov_4.148014	300	330	2	30	30	1.0000000
NODE_92196_length_376_cov_3.859206	168	236	0	68	68	1.0000000
NODE_92219_length_376_cov_3.140794	122	188	0	66	66	1.0000000
NODE_92442_length_376_cov_1.516245	57	106	3	4	49	0.0816327
NODE_92442_length_376_cov_1.516245	57	106	4	31	49	0.6326531
NODE_92442_length_376_cov_1.516245	57	106	6	14	49	0.2857143
NODE_92879_length_375_cov_4.217391	321	350	0	29	29	1.0000000
NODE_92897_length_375_cov_3.699275	287	367	0	80	80	1.0000000
NODE_92911_length_375_cov_3.376812	70	136	0	66	66	1.0000000
NODE_93031_length_375_cov_2.032609	162	224	1	24	62	0.3870968
NODE_93031_length_375_cov_2.032609	162	224	2	3	62	0.0483871
NODE_93031_length_375_cov_2.032609	162	224	3	35	62	0.5645161
NODE_93031_length_375_cov_2.032609	215	272	3	57	57	1.0000000
NODE_93050_length_375_cov_1.967391	131	190	0	59	59	1.0000000
NODE_93050_length_375_cov_1.967391	184	235	0	51	51	1.0000000
NODE_93081_length_375_cov_1.840580	195	276	0	81	81	1.0000000
NODE_93386_length_375_cov_1.000000	320	375	0	55	55	1.0000000
NODE_93609_length_374_cov_4.563636	93	160	0	67	67	1.0000000
NODE_93609_length_374_cov_4.563636	146	213	0	67	67	1.0000000
NODE_93612_length_374_cov_4.523636	23	101	0	78	78	1.0000000
NODE_93612_length_374_cov_4.523636	81	154	0	73	73	1.0000000
NODE_93628_length_374_cov_3.810909	130	189	0	59	59	1.0000000
NODE_93628_length_374_cov_3.810909	162	242	0	80	80	1.0000000
NODE_93630_length_374_cov_3.789091	236	271	0	22	35	0.6285715
NODE_93630_length_374_cov_3.789091	236	271	2	13	35	0.3714286
NODE_93630_length_374_cov_3.789091	238	280	0	31	42	0.7380952
NODE_93630_length_374_cov_3.789091	238	280	2	11	42	0.2619048
NODE_93637_length_374_cov_3.458182	190	248	0	58	58	1.0000000
NODE_93688_length_374_cov_2.600000	142	217	0	75	75	1.0000000
NODE_93688_length_374_cov_2.600000	190	270	0	80	80	1.0000000
NODE_93718_length_374_cov_2.330909	40	120	0	80	80	1.0000000
NODE_93769_length_374_cov_2.010909	40	105	0	65	65	1.0000000
NODE_93821_length_374_cov_1.796364	254	288	0	34	34	1.0000000
NODE_93852_length_374_cov_1.661818	95	157	0	62	62	1.0000000
NODE_93859_length_374_cov_1.621818	202	254	0	52	52	1.0000000
NODE_93936_length_374_cov_1.360000	211	291	1	18	80	0.2250000
NODE_93936_length_374_cov_1.360000	211	291	2	62	80	0.7750000
NODE_93981_length_374_cov_1.236364	263	336	0	73	73	1.0000000
NODE_94321_length_373_cov_31.302920	0	53	0	31	53	0.5849057
NODE_94321_length_373_cov_31.302920	0	53	2	1	53	0.0188679
NODE_94321_length_373_cov_31.302920	0	53	3	12	53	0.2264151
NODE_94321_length_373_cov_31.302920	0	53	4	9	53	0.1698113
NODE_94321_length_373_cov_31.302920	0	53	0	31	53	0.5849057
NODE_94321_length_373_cov_31.302920	0	53	2	1	53	0.0188679
NODE_94321_length_373_cov_31.302920	0	53	3	12	53	0.2264151
NODE_94321_length_373_cov_31.302920	0	53	4	9	53	0.1698113
NODE_94321_length_373_cov_31.302920	0	53	0	31	53	0.5849057
NODE_94321_length_373_cov_31.302920	0	53	2	1	53	0.0188679
NODE_94321_length_373_cov_31.302920	0	53	3	12	53	0.2264151
NODE_94321_length_373_cov_31.302920	0	53	4	9	53	0.1698113
NODE_94321_length_373_cov_31.302920	26	106	0	5	80	0.0625000
NODE_94321_length_373_cov_31.302920	26	106	2	1	80	0.0125000
NODE_94321_length_373_cov_31.302920	26	106	3	12	80	0.1500000
NODE_94321_length_373_cov_31.302920	26	106	4	25	80	0.3125000
NODE_94321_length_373_cov_31.302920	26	106	5	23	80	0.2875000
NODE_94321_length_373_cov_31.302920	26	106	6	14	80	0.1750000
NODE_94340_length_373_cov_4.671533	76	142	2	66	66	1.0000000
NODE_94340_length_373_cov_4.671533	115	195	0	11	80	0.1375000
NODE_94340_length_373_cov_4.671533	115	195	1	2	80	0.0250000
NODE_94340_length_373_cov_4.671533	115	195	2	67	80	0.8375000
NODE_94340_length_373_cov_4.671533	115	195	0	11	80	0.1375000
NODE_94340_length_373_cov_4.671533	115	195	1	2	80	0.0250000
NODE_94340_length_373_cov_4.671533	115	195	2	67	80	0.8375000
NODE_94340_length_373_cov_4.671533	288	368	0	15	80	0.1875000
NODE_94340_length_373_cov_4.671533	288	368	1	10	80	0.1250000
NODE_94340_length_373_cov_4.671533	288	368	2	55	80	0.6875000
NODE_94352_length_373_cov_4.080292	109	189	0	80	80	1.0000000
NODE_94352_length_373_cov_4.080292	162	220	0	58	58	1.0000000
NODE_94380_length_373_cov_3.167883	131	210	0	79	79	1.0000000
NODE_94414_length_373_cov_2.751825	80	151	0	71	71	1.0000000
NODE_94414_length_373_cov_2.751825	124	162	0	38	38	1.0000000
NODE_94493_length_373_cov_2.036496	248	326	0	78	78	1.0000000
NODE_94493_length_373_cov_2.036496	299	359	0	60	60	1.0000000
NODE_94500_length_373_cov_2.003650	150	194	0	44	44	1.0000000
NODE_94937_length_373_cov_0.759124	62	114	0	52	52	1.0000000
NODE_95051_length_372_cov_30.135531	111	191	0	46	80	0.5750000
NODE_95051_length_372_cov_30.135531	111	191	1	2	80	0.0250000
NODE_95051_length_372_cov_30.135531	111	191	3	32	80	0.4000000
NODE_95051_length_372_cov_30.135531	159	222	3	32	63	0.5079365
NODE_95051_length_372_cov_30.135531	159	222	4	31	63	0.4920635
NODE_95051_length_372_cov_30.135531	164	239	3	27	75	0.3600000
NODE_95051_length_372_cov_30.135531	164	239	4	35	75	0.4666667
NODE_95051_length_372_cov_30.135531	164	239	5	13	75	0.1733333
NODE_95051_length_372_cov_30.135531	182	253	3	9	71	0.1267606
NODE_95051_length_372_cov_30.135531	182	253	4	35	71	0.4929577
NODE_95051_length_372_cov_30.135531	182	253	5	27	71	0.3802817
NODE_95051_length_372_cov_30.135531	195	275	3	15	80	0.1875000
NODE_95051_length_372_cov_30.135531	195	275	4	31	80	0.3875000
NODE_95051_length_372_cov_30.135531	195	275	5	34	80	0.4250000
NODE_95051_length_372_cov_30.135531	213	276	3	16	63	0.2539683
NODE_95051_length_372_cov_30.135531	213	276	4	13	63	0.2063492
NODE_95051_length_372_cov_30.135531	213	276	5	34	63	0.5396826
NODE_95053_length_372_cov_9.091575	150	230	0	80	80	1.0000000
NODE_95053_length_372_cov_9.091575	203	283	0	80	80	1.0000000
NODE_95063_length_372_cov_5.706960	168	208	0	40	40	1.0000000
NODE_95067_length_372_cov_5.124542	146	211	0	65	65	1.0000000
NODE_95067_length_372_cov_5.124542	189	264	0	75	75	1.0000000
NODE_95090_length_372_cov_3.761905	177	221	0	44	44	1.0000000
NODE_95109_length_372_cov_3.186813	137	218	1	37	81	0.4567901
NODE_95109_length_372_cov_3.186813	137	218	2	44	81	0.5432099
NODE_95159_length_372_cov_2.582418	167	239	0	21	72	0.2916667
NODE_95159_length_372_cov_2.582418	167	239	2	51	72	0.7083333
NODE_95159_length_372_cov_2.582418	212	292	0	74	80	0.9250000
NODE_95159_length_372_cov_2.582418	212	292	2	6	80	0.0750000
NODE_95183_length_372_cov_2.347985	97	141	0	44	44	1.0000000
NODE_95183_length_372_cov_2.347985	98	133	0	35	35	1.0000000
NODE_95183_length_372_cov_2.347985	178	243	0	65	65	1.0000000
NODE_95303_length_372_cov_1.699634	195	276	0	5	81	0.0617284
NODE_95303_length_372_cov_1.699634	195	276	2	76	81	0.9382716
NODE_95453_length_372_cov_1.223443	264	334	0	70	70	1.0000000
NODE_95784_length_371_cov_52.040441	104	184	1	55	80	0.6875000
NODE_95784_length_371_cov_52.040441	104	184	2	25	80	0.3125000
NODE_95784_length_371_cov_52.040441	157	237	1	32	80	0.4000000
NODE_95784_length_371_cov_52.040441	157	237	2	4	80	0.0500000
NODE_95784_length_371_cov_52.040441	157	237	3	13	80	0.1625000
NODE_95784_length_371_cov_52.040441	157	237	5	28	80	0.3500000
NODE_95784_length_371_cov_52.040441	157	237	6	3	80	0.0375000
NODE_95784_length_371_cov_52.040441	180	232	1	9	52	0.1730769
NODE_95784_length_371_cov_52.040441	180	232	2	4	52	0.0769231
NODE_95784_length_371_cov_52.040441	180	232	3	13	52	0.2500000
NODE_95784_length_371_cov_52.040441	180	232	5	23	52	0.4423077
NODE_95784_length_371_cov_52.040441	180	232	6	3	52	0.0576923
NODE_95785_length_371_cov_24.878676	91	171	0	6	80	0.0750000
NODE_95785_length_371_cov_24.878676	91	171	1	5	80	0.0625000
NODE_95785_length_371_cov_24.878676	91	171	2	69	80	0.8625000
NODE_95785_length_371_cov_24.878676	144	224	0	59	80	0.7375000
NODE_95785_length_371_cov_24.878676	144	224	1	5	80	0.0625000
NODE_95785_length_371_cov_24.878676	144	224	2	16	80	0.2000000
NODE_95797_length_371_cov_5.738971	170	245	2	7	75	0.0933333
NODE_95797_length_371_cov_5.738971	170	245	3	68	75	0.9066667
NODE_95797_length_371_cov_5.738971	218	298	3	29	80	0.3625000
NODE_95797_length_371_cov_5.738971	218	298	5	51	80	0.6375000
NODE_95807_length_371_cov_4.452206	65	145	0	80	80	1.0000000
NODE_95807_length_371_cov_4.452206	118	198	0	80	80	1.0000000
NODE_95863_length_371_cov_2.841912	288	350	0	60	62	0.9677419
NODE_95863_length_371_cov_2.841912	288	350	1	2	62	0.0322581
NODE_96013_length_371_cov_1.790441	188	235	2	47	47	1.0000000
NODE_96105_length_371_cov_1.422794	199	287	2	50	88	0.5681818
NODE_96105_length_371_cov_1.422794	199	287	3	20	88	0.2272727
NODE_96105_length_371_cov_1.422794	199	287	4	18	88	0.2045455
NODE_96500_length_370_cov_50.380074	144	224	1	9	80	0.1125000
NODE_96500_length_370_cov_50.380074	144	224	2	71	80	0.8875000
NODE_96500_length_370_cov_50.380074	197	277	1	62	80	0.7750000
NODE_96500_length_370_cov_50.380074	197	277	2	18	80	0.2250000
NODE_96504_length_370_cov_7.553506	105	162	0	57	57	1.0000000
NODE_96510_length_370_cov_5.811808	153	221	0	68	68	1.0000000
NODE_96510_length_370_cov_5.811808	206	286	0	80	80	1.0000000
NODE_96522_length_370_cov_4.915129	157	207	0	50	50	1.0000000
NODE_96528_length_370_cov_4.535055	141	221	0	49	80	0.6125000
NODE_96528_length_370_cov_4.535055	141	221	1	21	80	0.2625000
NODE_96528_length_370_cov_4.535055	141	221	2	10	80	0.1250000
NODE_96528_length_370_cov_4.535055	194	274	1	17	80	0.2125000
NODE_96528_length_370_cov_4.535055	194	274	2	63	80	0.7875000
NODE_96532_length_370_cov_4.199262	230	275	0	45	45	1.0000000
NODE_96533_length_370_cov_4.151292	142	209	0	67	67	1.0000000
NODE_96542_length_370_cov_3.719557	214	251	2	12	37	0.3243243
NODE_96542_length_370_cov_3.719557	214	251	3	6	37	0.1621622
NODE_96542_length_370_cov_3.719557	214	251	4	19	37	0.5135135
NODE_96581_length_370_cov_2.822878	126	173	0	47	47	1.0000000
NODE_96668_length_370_cov_2.081181	0	52	1	3	52	0.0576923
NODE_96668_length_370_cov_2.081181	0	52	3	49	52	0.9423077
NODE_97207_length_369_cov_36.811111	273	358	2	21	85	0.2470588
NODE_97207_length_369_cov_36.811111	273	358	4	64	85	0.7529412
NODE_97207_length_369_cov_36.811111	273	358	2	21	85	0.2470588
NODE_97207_length_369_cov_36.811111	273	358	4	64	85	0.7529412
NODE_97207_length_369_cov_36.811111	273	358	2	21	85	0.2470588
NODE_97207_length_369_cov_36.811111	273	358	4	64	85	0.7529412
NODE_97211_length_369_cov_8.751852	107	187	0	80	80	1.0000000
NODE_97226_length_369_cov_6.677778	189	269	0	80	80	1.0000000
NODE_97226_length_369_cov_6.677778	242	323	0	81	81	1.0000000
NODE_97236_length_369_cov_5.337037	199	264	2	65	65	1.0000000
NODE_97249_length_369_cov_4.459259	89	157	0	68	68	1.0000000
NODE_97249_length_369_cov_4.459259	130	210	0	80	80	1.0000000
NODE_97255_length_369_cov_4.111111	216	279	1	41	63	0.6507937
NODE_97255_length_369_cov_4.111111	216	279	2	22	63	0.3492064
NODE_97265_length_369_cov_3.837037	205	238	0	33	33	1.0000000
NODE_97265_length_369_cov_3.837037	211	291	0	80	80	1.0000000
NODE_97265_length_369_cov_3.837037	287	316	0	29	29	1.0000000
NODE_97346_length_369_cov_2.355556	62	142	0	80	80	1.0000000
NODE_97346_length_369_cov_2.355556	114	195	0	81	81	1.0000000
NODE_97440_length_369_cov_1.803704	170	235	0	65	65	1.0000000
NODE_97936_length_368_cov_42.208178	231	311	2	36	80	0.4500000
NODE_97936_length_368_cov_42.208178	231	311	3	44	80	0.5500000
NODE_97936_length_368_cov_42.208178	284	364	0	39	80	0.4875000
NODE_97936_length_368_cov_42.208178	284	364	2	41	80	0.5125000
NODE_97939_length_368_cov_11.988848	47	127	0	29	80	0.3625000
NODE_97939_length_368_cov_11.988848	47	127	1	51	80	0.6375000
NODE_97939_length_368_cov_11.988848	100	180	1	52	80	0.6500000
NODE_97939_length_368_cov_11.988848	100	180	2	28	80	0.3500000
NODE_97945_length_368_cov_6.267658	133	213	0	80	80	1.0000000
NODE_97945_length_368_cov_6.267658	186	266	0	53	80	0.6625000
NODE_97945_length_368_cov_6.267658	186	266	1	27	80	0.3375000
NODE_97997_length_368_cov_3.486989	127	207	0	80	80	1.0000000
NODE_98008_length_368_cov_3.282528	182	255	1	73	73	1.0000000
NODE_98058_length_368_cov_2.605948	192	246	1	4	54	0.0740741
NODE_98058_length_368_cov_2.605948	192	246	2	2	54	0.0370370
NODE_98058_length_368_cov_2.605948	192	246	4	33	54	0.6111111
NODE_98058_length_368_cov_2.605948	192	246	5	15	54	0.2777778
NODE_98123_length_368_cov_2.182156	85	145	0	60	60	1.0000000
NODE_98129_length_368_cov_2.137546	66	107	0	21	41	0.5121951
NODE_98129_length_368_cov_2.137546	66	107	2	20	41	0.4878049
NODE_98157_length_368_cov_1.944238	192	272	0	80	80	1.0000000
NODE_98723_length_367_cov_7.156716	174	254	2	80	80	1.0000000
NODE_98723_length_367_cov_7.156716	227	307	2	80	80	1.0000000
NODE_98734_length_367_cov_5.313433	148	206	0	58	58	1.0000000
NODE_98737_length_367_cov_5.138060	58	138	0	3	80	0.0375000
NODE_98737_length_367_cov_5.138060	58	138	2	7	80	0.0875000
NODE_98737_length_367_cov_5.138060	58	138	4	70	80	0.8750000
NODE_98737_length_367_cov_5.138060	111	191	4	80	80	1.0000000
NODE_98796_length_367_cov_3.059701	110	154	0	44	44	1.0000000
NODE_98796_length_367_cov_3.059701	111	146	0	35	35	1.0000000
NODE_98843_length_367_cov_2.384328	246	326	0	49	80	0.6125000
NODE_98843_length_367_cov_2.384328	246	326	2	31	80	0.3875000
NODE_98843_length_367_cov_2.384328	299	367	2	68	68	1.0000000
NODE_98849_length_367_cov_2.332090	127	207	0	80	80	1.0000000
NODE_98909_length_367_cov_1.944030	91	156	0	65	65	1.0000000
NODE_98980_length_367_cov_1.679104	173	252	2	1	79	0.0126582
NODE_98980_length_367_cov_1.679104	173	252	3	9	79	0.1139240
NODE_98980_length_367_cov_1.679104	173	252	4	34	79	0.4303797
NODE_98980_length_367_cov_1.679104	173	252	5	35	79	0.4430380
NODE_99005_length_367_cov_1.552239	148	200	0	47	52	0.9038461
NODE_99005_length_367_cov_1.552239	148	200	1	5	52	0.0961538
NODE_99138_length_367_cov_1.201493	79	159	0	80	80	1.0000000
NODE_99138_length_367_cov_1.201493	136	179	0	43	43	1.0000000
NODE_99318_length_367_cov_0.761194	288	357	0	69	69	1.0000000
NODE_99451_length_366_cov_5.239700	193	253	1	24	60	0.4000000
NODE_99451_length_366_cov_5.239700	193	253	2	36	60	0.6000000
NODE_99472_length_366_cov_4.168539	302	355	0	53	53	1.0000000
NODE_99478_length_366_cov_3.913858	183	229	0	46	46	1.0000000
NODE_99478_length_366_cov_3.913858	203	282	0	79	79	1.0000000
NODE_99496_length_366_cov_3.168539	88	160	0	72	72	1.0000000
NODE_99496_length_366_cov_3.168539	133	193	0	60	60	1.0000000
NODE_100137_length_365_cov_140.101504	40	107	32	1	67	0.0149254
NODE_100137_length_365_cov_140.101504	40	107	33	1	67	0.0149254
NODE_100137_length_365_cov_140.101504	40	107	36	9	67	0.1343284
NODE_100137_length_365_cov_140.101504	40	107	38	8	67	0.1194030
NODE_100137_length_365_cov_140.101504	40	107	39	4	67	0.0597015
NODE_100137_length_365_cov_140.101504	40	107	40	3	67	0.0447761
NODE_100137_length_365_cov_140.101504	40	107	42	9	67	0.1343284
NODE_100137_length_365_cov_140.101504	40	107	44	1	67	0.0149254
NODE_100137_length_365_cov_140.101504	40	107	45	1	67	0.0149254
NODE_100137_length_365_cov_140.101504	40	107	47	5	67	0.0746269
NODE_100137_length_365_cov_140.101504	40	107	51	2	67	0.0298507
NODE_100137_length_365_cov_140.101504	40	107	52	1	67	0.0149254
NODE_100137_length_365_cov_140.101504	40	107	53	3	67	0.0447761
NODE_100137_length_365_cov_140.101504	40	107	57	1	67	0.0149254
NODE_100137_length_365_cov_140.101504	40	107	58	6	67	0.0895522
NODE_100137_length_365_cov_140.101504	40	107	61	3	67	0.0447761
NODE_100137_length_365_cov_140.101504	40	107	63	9	67	0.1343284
NODE_100138_length_365_cov_45.815789	0	38	0	38	38	1.0000000
NODE_100138_length_365_cov_45.815789	11	91	0	80	80	1.0000000
NODE_100140_length_365_cov_8.169173	191	244	1	27	53	0.5094340
NODE_100140_length_365_cov_8.169173	191	244	2	26	53	0.4905660
NODE_100140_length_365_cov_8.169173	217	297	0	12	80	0.1500000
NODE_100140_length_365_cov_8.169173	217	297	1	68	80	0.8500000
NODE_100145_length_365_cov_5.954887	136	216	0	80	80	1.0000000
NODE_100145_length_365_cov_5.954887	189	269	0	80	80	1.0000000
NODE_100147_length_365_cov_5.721805	37	78	0	41	41	1.0000000
NODE_100168_length_365_cov_4.195489	269	329	4	29	60	0.4833333
NODE_100168_length_365_cov_4.195489	269	329	6	13	60	0.2166667
NODE_100168_length_365_cov_4.195489	269	329	7	8	60	0.1333333
NODE_100168_length_365_cov_4.195489	269	329	8	10	60	0.1666667
NODE_100172_length_365_cov_4.071429	106	186	0	80	80	1.0000000
NODE_100172_length_365_cov_4.071429	159	239	0	80	80	1.0000000
NODE_100180_length_365_cov_3.879699	131	187	0	56	56	1.0000000
NODE_100206_length_365_cov_3.270677	211	280	3	69	69	1.0000000
NODE_100253_length_365_cov_2.601504	189	265	2	76	76	1.0000000
NODE_100293_length_365_cov_2.289474	169	249	0	24	80	0.3000000
NODE_100293_length_365_cov_2.289474	169	249	2	56	80	0.7000000
NODE_100407_length_365_cov_1.635338	156	235	2	19	79	0.2405063
NODE_100407_length_365_cov_1.635338	156	235	4	60	79	0.7594936
NODE_100485_length_365_cov_1.421053	228	309	0	81	81	1.0000000
NODE_100570_length_365_cov_1.169173	57	137	0	71	80	0.8875000
NODE_100570_length_365_cov_1.169173	57	137	1	9	80	0.1125000
NODE_100570_length_365_cov_1.169173	65	145	0	63	80	0.7875000
NODE_100570_length_365_cov_1.169173	65	145	1	17	80	0.2125000
NODE_100570_length_365_cov_1.169173	194	274	2	20	80	0.2500000
NODE_100570_length_365_cov_1.169173	194	274	4	24	80	0.3000000
NODE_100570_length_365_cov_1.169173	194	274	6	34	80	0.4250000
NODE_100570_length_365_cov_1.169173	194	274	8	2	80	0.0250000
NODE_100893_length_364_cov_24.600000	101	181	0	80	80	1.0000000
NODE_100893_length_364_cov_24.600000	154	234	0	80	80	1.0000000
NODE_100896_length_364_cov_7.377358	0	50	0	50	50	1.0000000
NODE_100933_length_364_cov_3.988679	122	168	1	2	46	0.0434783
NODE_100933_length_364_cov_3.988679	122	168	2	44	46	0.9565217
NODE_100935_length_364_cov_3.913208	151	208	0	57	57	1.0000000
NODE_100959_length_364_cov_3.305660	296	358	0	62	62	1.0000000
NODE_100966_length_364_cov_3.181132	78	138	0	60	60	1.0000000
NODE_100975_length_364_cov_3.041509	264	321	0	57	57	1.0000000
NODE_100975_length_364_cov_3.041509	294	359	0	65	65	1.0000000
NODE_100978_length_364_cov_3.015094	238	274	0	36	36	1.0000000
NODE_101087_length_364_cov_1.977358	126	201	0	75	75	1.0000000
NODE_101141_length_364_cov_1.811321	209	256	2	47	47	1.0000000
NODE_101148_length_364_cov_1.781132	130	203	1	1	73	0.0136986
NODE_101148_length_364_cov_1.781132	130	203	3	42	73	0.5753425
NODE_101148_length_364_cov_1.781132	130	203	4	14	73	0.1917808
NODE_101148_length_364_cov_1.781132	130	203	6	16	73	0.2191781
NODE_101148_length_364_cov_1.781132	183	203	1	1	20	0.0500000
NODE_101148_length_364_cov_1.781132	183	203	3	19	20	0.9500000
NODE_101720_length_363_cov_7.791667	121	200	0	79	79	1.0000000
NODE_101725_length_363_cov_6.484848	33	90	0	57	57	1.0000000
NODE_101725_length_363_cov_6.484848	93	146	0	53	53	1.0000000
NODE_101734_length_363_cov_4.825758	154	215	0	61	61	1.0000000
NODE_101760_length_363_cov_3.950758	112	183	0	71	71	1.0000000
NODE_101760_length_363_cov_3.950758	156	236	0	80	80	1.0000000
NODE_101769_length_363_cov_3.617424	16	79	0	63	63	1.0000000
NODE_101774_length_363_cov_3.409091	241	267	0	26	26	1.0000000
NODE_101791_length_363_cov_3.087121	228	308	0	31	80	0.3875000
NODE_101791_length_363_cov_3.087121	228	308	1	49	80	0.6125000
NODE_101809_length_363_cov_2.795455	240	320	2	10	80	0.1250000
NODE_101809_length_363_cov_2.795455	240	320	4	10	80	0.1250000
NODE_101809_length_363_cov_2.795455	240	320	6	60	80	0.7500000
NODE_101822_length_363_cov_2.481061	86	166	0	80	80	1.0000000
NODE_101822_length_363_cov_2.481061	139	219	0	80	80	1.0000000
NODE_101879_length_363_cov_2.034091	46	126	0	80	80	1.0000000
NODE_101879_length_363_cov_2.034091	99	153	0	54	54	1.0000000
NODE_101992_length_363_cov_1.541667	235	315	2	55	80	0.6875000
NODE_101992_length_363_cov_1.541667	235	315	4	25	80	0.3125000
NODE_102022_length_363_cov_1.477273	141	202	0	19	61	0.3114754
NODE_102022_length_363_cov_1.477273	141	202	2	42	61	0.6885246
NODE_102022_length_363_cov_1.477273	153	210	0	7	57	0.1228070
NODE_102022_length_363_cov_1.477273	153	210	2	50	57	0.8771930
NODE_102187_length_363_cov_1.113636	245	316	0	12	71	0.1690141
NODE_102187_length_363_cov_1.113636	245	316	1	3	71	0.0422535
NODE_102187_length_363_cov_1.113636	245	316	2	56	71	0.7887324
NODE_102464_length_362_cov_54.927757	52	116	0	64	64	1.0000000
NODE_102465_length_362_cov_29.273764	86	166	0	80	80	1.0000000
NODE_102465_length_362_cov_29.273764	139	219	0	80	80	1.0000000
NODE_102467_length_362_cov_14.847909	130	210	0	60	80	0.7500000
NODE_102467_length_362_cov_14.847909	130	210	2	20	80	0.2500000
NODE_102467_length_362_cov_14.847909	183	263	0	7	80	0.0875000
NODE_102467_length_362_cov_14.847909	183	263	2	73	80	0.9125000
NODE_102633_length_362_cov_2.159696	133	216	0	83	83	1.0000000
NODE_103259_length_361_cov_4.641221	249	312	0	16	63	0.2539683
NODE_103259_length_361_cov_4.641221	249	312	2	47	63	0.7460318
NODE_103280_length_361_cov_3.717557	185	265	0	80	80	1.0000000
NODE_103280_length_361_cov_3.717557	238	265	0	27	27	1.0000000
NODE_103314_length_361_cov_2.988550	121	201	0	4	80	0.0500000
NODE_103314_length_361_cov_2.988550	121	201	1	67	80	0.8375000
NODE_103314_length_361_cov_2.988550	121	201	2	9	80	0.1125000
NODE_103314_length_361_cov_2.988550	174	216	0	19	42	0.4523810
NODE_103314_length_361_cov_2.988550	174	216	1	23	42	0.5476190
NODE_103338_length_361_cov_2.641221	4	33	0	29	29	1.0000000
NODE_103338_length_361_cov_2.641221	101	182	0	81	81	1.0000000
NODE_103391_length_361_cov_2.137405	138	194	0	56	56	1.0000000
NODE_103396_length_361_cov_2.106870	192	256	0	64	64	1.0000000
NODE_103418_length_361_cov_1.969466	137	198	0	61	61	1.0000000
NODE_103632_length_361_cov_1.343511	171	250	0	79	79	1.0000000
NODE_103802_length_361_cov_1.000000	60	123	0	63	63	1.0000000
NODE_104057_length_360_cov_8.191571	171	242	0	71	71	1.0000000
NODE_104057_length_360_cov_8.191571	176	242	0	66	66	1.0000000
NODE_104057_length_360_cov_8.191571	215	279	0	64	64	1.0000000
NODE_104057_length_360_cov_8.191571	215	279	0	64	64	1.0000000
NODE_104079_length_360_cov_5.003831	86	166	1	13	80	0.1625000
NODE_104079_length_360_cov_5.003831	86	166	2	67	80	0.8375000
NODE_104091_length_360_cov_4.111111	158	238	2	2	80	0.0250000
NODE_104091_length_360_cov_4.111111	158	238	4	3	80	0.0375000
NODE_104091_length_360_cov_4.111111	158	238	6	40	80	0.5000000
NODE_104091_length_360_cov_4.111111	158	238	8	35	80	0.4375000
NODE_104102_length_360_cov_3.613027	123	203	0	80	80	1.0000000
NODE_104102_length_360_cov_3.613027	176	256	0	80	80	1.0000000
NODE_104129_length_360_cov_3.080460	48	70	0	12	22	0.5454546
NODE_104129_length_360_cov_3.080460	48	70	1	10	22	0.4545455
NODE_104162_length_360_cov_2.689655	118	198	2	43	80	0.5375000
NODE_104162_length_360_cov_2.689655	118	198	3	30	80	0.3750000
NODE_104162_length_360_cov_2.689655	118	198	4	7	80	0.0875000
NODE_104261_length_360_cov_1.977011	235	286	0	51	51	1.0000000
NODE_104572_length_360_cov_1.149425	273	353	0	69	80	0.8625000
NODE_104572_length_360_cov_1.149425	273	353	1	11	80	0.1375000
NODE_104669_length_360_cov_0.965517	119	175	0	56	56	1.0000000
NODE_104671_length_360_cov_0.957854	140	186	0	46	46	1.0000000
NODE_104858_length_359_cov_45.519231	140	220	2	11	80	0.1375000
NODE_104858_length_359_cov_45.519231	140	220	3	16	80	0.2000000
NODE_104858_length_359_cov_45.519231	140	220	4	53	80	0.6625000
NODE_104858_length_359_cov_45.519231	193	273	2	62	80	0.7750000
NODE_104858_length_359_cov_45.519231	193	273	4	18	80	0.2250000
NODE_104932_length_359_cov_3.296154	67	147	0	16	80	0.2000000
NODE_104932_length_359_cov_3.296154	67	147	1	7	80	0.0875000
NODE_104932_length_359_cov_3.296154	67	147	2	57	80	0.7125000
NODE_104932_length_359_cov_3.296154	120	177	2	57	57	1.0000000
NODE_104932_length_359_cov_3.296154	201	256	1	16	55	0.2909091
NODE_104932_length_359_cov_3.296154	201	256	2	7	55	0.1272727
NODE_104932_length_359_cov_3.296154	201	256	3	32	55	0.5818182
NODE_104936_length_359_cov_3.276923	5	95	2	90	90	1.0000000
NODE_104954_length_359_cov_3.007692	156	212	0	56	56	1.0000000
NODE_104998_length_359_cov_2.523077	148	228	0	80	80	1.0000000
NODE_104998_length_359_cov_2.523077	201	278	0	62	77	0.8051948
NODE_104998_length_359_cov_2.523077	201	278	2	15	77	0.1948052
NODE_105002_length_359_cov_2.419231	106	186	0	80	80	1.0000000
NODE_105002_length_359_cov_2.419231	159	211	0	50	52	0.9615384
NODE_105002_length_359_cov_2.419231	159	211	1	2	52	0.0384615
NODE_105006_length_359_cov_2.353846	172	243	0	71	71	1.0000000
NODE_105006_length_359_cov_2.353846	216	296	0	80	80	1.0000000
NODE_105026_length_359_cov_2.257692	211	270	0	31	59	0.5254237
NODE_105026_length_359_cov_2.257692	211	270	2	16	59	0.2711864
NODE_105026_length_359_cov_2.257692	211	270	3	12	59	0.2033898
NODE_105063_length_359_cov_2.003846	8	88	0	80	80	1.0000000
NODE_105063_length_359_cov_2.003846	61	139	0	77	78	0.9871795
NODE_105063_length_359_cov_2.003846	61	139	1	1	78	0.0128205
NODE_105106_length_359_cov_1.815385	126	207	0	81	81	1.0000000
NODE_105106_length_359_cov_1.815385	180	227	0	47	47	1.0000000
NODE_105142_length_359_cov_1.692308	88	116	0	28	28	1.0000000
NODE_105373_length_359_cov_1.096154	64	89	0	25	25	1.0000000
NODE_105599_length_359_cov_0.711538	222	248	0	26	26	1.0000000
NODE_105600_length_359_cov_0.707692	10	90	0	80	80	1.0000000
NODE_105600_length_359_cov_0.707692	10	90	0	80	80	1.0000000
NODE_105600_length_359_cov_0.707692	63	143	0	80	80	1.0000000
NODE_105678_length_358_cov_19.760618	213	293	3	29	80	0.3625000
NODE_105678_length_358_cov_19.760618	213	293	4	51	80	0.6375000
NODE_105678_length_358_cov_19.760618	266	346	1	10	80	0.1250000
NODE_105678_length_358_cov_19.760618	266	346	2	1	80	0.0125000
NODE_105678_length_358_cov_19.760618	266	346	3	64	80	0.8000000
NODE_105678_length_358_cov_19.760618	266	346	4	5	80	0.0625000
NODE_105679_length_358_cov_18.455598	303	358	0	55	55	1.0000000
NODE_105680_length_358_cov_17.023166	0	63	1	3	63	0.0476190
NODE_105680_length_358_cov_17.023166	0	63	2	34	63	0.5396826
NODE_105680_length_358_cov_17.023166	0	63	4	26	63	0.4126984
NODE_105680_length_358_cov_17.023166	0	63	1	3	63	0.0476190
NODE_105680_length_358_cov_17.023166	0	63	2	34	63	0.5396826
NODE_105680_length_358_cov_17.023166	0	63	4	26	63	0.4126984
NODE_105680_length_358_cov_17.023166	0	63	1	3	63	0.0476190
NODE_105680_length_358_cov_17.023166	0	63	2	34	63	0.5396826
NODE_105680_length_358_cov_17.023166	0	63	4	26	63	0.4126984
NODE_105680_length_358_cov_17.023166	36	116	2	1	80	0.0125000
NODE_105680_length_358_cov_17.023166	36	116	4	79	80	0.9875000
NODE_105680_length_358_cov_17.023166	53	115	4	62	62	1.0000000
NODE_105686_length_358_cov_6.509653	109	155	0	46	46	1.0000000
NODE_105710_length_358_cov_4.239382	114	143	0	2	29	0.0689655
NODE_105710_length_358_cov_4.239382	114	143	1	3	29	0.1034483
NODE_105710_length_358_cov_4.239382	114	143	2	2	29	0.0689655
NODE_105710_length_358_cov_4.239382	114	143	4	22	29	0.7586207
NODE_105710_length_358_cov_4.239382	180	245	2	10	65	0.1538462
NODE_105710_length_358_cov_4.239382	180	245	4	8	65	0.1230769
NODE_105710_length_358_cov_4.239382	180	245	6	47	65	0.7230769
NODE_105710_length_358_cov_4.239382	218	298	0	21	80	0.2625000
NODE_105710_length_358_cov_4.239382	218	298	2	42	80	0.5250000
NODE_105710_length_358_cov_4.239382	218	298	4	2	80	0.0250000
NODE_105710_length_358_cov_4.239382	218	298	6	15	80	0.1875000
NODE_105846_length_358_cov_2.162162	229	305	0	40	76	0.5263158
NODE_105846_length_358_cov_2.162162	229	305	2	36	76	0.4736842
NODE_105902_length_358_cov_1.926641	290	358	0	68	68	1.0000000
NODE_105910_length_358_cov_1.884170	250	317	0	67	67	1.0000000
NODE_105923_length_358_cov_1.841699	189	269	3	8	80	0.1000000
NODE_105923_length_358_cov_1.841699	189	269	5	35	80	0.4375000
NODE_105923_length_358_cov_1.841699	189	269	6	37	80	0.4625000
NODE_106096_length_358_cov_1.235521	99	179	0	80	80	1.0000000
NODE_106096_length_358_cov_1.235521	152	222	0	70	70	1.0000000
NODE_106189_length_358_cov_1.096525	148	228	0	35	80	0.4375000
NODE_106189_length_358_cov_1.096525	148	228	1	43	80	0.5375000
NODE_106189_length_358_cov_1.096525	148	228	2	2	80	0.0250000
NODE_106233_length_358_cov_0.984556	193	265	0	14	72	0.1944444
NODE_106233_length_358_cov_0.984556	193	265	2	9	72	0.1250000
NODE_106233_length_358_cov_0.984556	193	265	4	49	72	0.6805556
NODE_106489_length_357_cov_381.833333	244	324	10	11	80	0.1375000
NODE_106489_length_357_cov_381.833333	244	324	12	69	80	0.8625000
NODE_106493_length_357_cov_7.643411	45	125	0	34	80	0.4250000
NODE_106493_length_357_cov_7.643411	45	125	2	46	80	0.5750000
NODE_106493_length_357_cov_7.643411	98	178	0	14	80	0.1750000
NODE_106493_length_357_cov_7.643411	98	178	2	66	80	0.8250000
NODE_106495_length_357_cov_7.027132	157	237	0	80	80	1.0000000
NODE_106495_length_357_cov_7.027132	210	252	0	42	42	1.0000000
NODE_106496_length_357_cov_6.732558	183	263	1	37	80	0.4625000
NODE_106496_length_357_cov_6.732558	183	263	2	43	80	0.5375000
NODE_106529_length_357_cov_4.081395	145	225	0	80	80	1.0000000
NODE_106529_length_357_cov_4.081395	198	271	0	73	73	1.0000000
NODE_106542_length_357_cov_3.724806	192	265	0	10	73	0.1369863
NODE_106542_length_357_cov_3.724806	192	265	2	63	73	0.8630137
NODE_106558_length_357_cov_3.341085	205	285	2	80	80	1.0000000
NODE_106558_length_357_cov_3.341085	258	338	1	8	80	0.1000000
NODE_106558_length_357_cov_3.341085	258	338	2	72	80	0.9000000
NODE_106625_length_357_cov_2.414729	245	302	0	16	57	0.2807018
NODE_106625_length_357_cov_2.414729	245	302	2	41	57	0.7192982
NODE_106625_length_357_cov_2.414729	275	355	0	69	80	0.8625000
NODE_106625_length_357_cov_2.414729	275	355	2	11	80	0.1375000
NODE_106661_length_357_cov_2.174419	250	330	0	80	80	1.0000000
NODE_106666_length_357_cov_2.166667	103	133	0	30	30	1.0000000
NODE_106666_length_357_cov_2.166667	112	133	0	21	21	1.0000000
NODE_106702_length_357_cov_1.961240	150	169	0	19	19	1.0000000
NODE_106708_length_357_cov_1.918605	173	253	0	8	80	0.1000000
NODE_106708_length_357_cov_1.918605	173	253	2	31	80	0.3875000
NODE_106708_length_357_cov_1.918605	173	253	3	17	80	0.2125000
NODE_106708_length_357_cov_1.918605	173	253	4	24	80	0.3000000
NODE_106737_length_357_cov_1.782946	73	142	0	69	69	1.0000000
NODE_106737_length_357_cov_1.782946	115	195	0	80	80	1.0000000
NODE_107002_length_357_cov_1.127907	98	129	0	31	31	1.0000000
NODE_107306_length_356_cov_5.299611	140	200	0	60	60	1.0000000
NODE_107347_length_356_cov_3.400778	255	317	3	1	62	0.0161290
NODE_107347_length_356_cov_3.400778	255	317	5	61	62	0.9838710
NODE_107347_length_356_cov_3.400778	308	353	0	2	45	0.0444444
NODE_107347_length_356_cov_3.400778	308	353	1	5	45	0.1111111
NODE_107347_length_356_cov_3.400778	308	353	3	4	45	0.0888889
NODE_107347_length_356_cov_3.400778	308	353	5	34	45	0.7555556
NODE_107402_length_356_cov_2.657588	256	298	11	4	42	0.0952381
NODE_107402_length_356_cov_2.657588	256	298	12	1	42	0.0238095
NODE_107402_length_356_cov_2.657588	256	298	13	37	42	0.8809524
NODE_107402_length_356_cov_2.657588	265	338	2	9	73	0.1232877
NODE_107402_length_356_cov_2.657588	265	338	4	2	73	0.0273973
NODE_107402_length_356_cov_2.657588	265	338	5	6	73	0.0821918
NODE_107402_length_356_cov_2.657588	265	338	7	1	73	0.0136986
NODE_107402_length_356_cov_2.657588	265	338	9	2	73	0.0273973
NODE_107402_length_356_cov_2.657588	265	338	10	20	73	0.2739726
NODE_107402_length_356_cov_2.657588	265	338	11	4	73	0.0547945
NODE_107402_length_356_cov_2.657588	265	338	12	1	73	0.0136986
NODE_107402_length_356_cov_2.657588	265	338	13	28	73	0.3835616
NODE_107402_length_356_cov_2.657588	299	351	1	12	52	0.2307692
NODE_107402_length_356_cov_2.657588	299	351	2	10	52	0.1923077
NODE_107402_length_356_cov_2.657588	299	351	4	2	52	0.0384615
NODE_107402_length_356_cov_2.657588	299	351	5	6	52	0.1153846
NODE_107402_length_356_cov_2.657588	299	351	7	1	52	0.0192308
NODE_107402_length_356_cov_2.657588	299	351	9	2	52	0.0384615
NODE_107402_length_356_cov_2.657588	299	351	10	19	52	0.3653846
NODE_107452_length_356_cov_2.237354	90	135	0	25	45	0.5555556
NODE_107452_length_356_cov_2.237354	90	135	2	20	45	0.4444444
NODE_107475_length_356_cov_1.996109	127	194	0	67	67	1.0000000
NODE_107521_length_356_cov_1.813230	296	341	0	45	45	1.0000000
NODE_107606_length_356_cov_1.560311	192	272	0	80	80	1.0000000
NODE_107606_length_356_cov_1.560311	245	319	0	74	74	1.0000000
NODE_108122_length_355_cov_6.796875	127	173	0	46	46	1.0000000
NODE_108210_length_355_cov_2.734375	111	162	0	49	51	0.9607843
NODE_108210_length_355_cov_2.734375	111	162	1	2	51	0.0392157
NODE_108210_length_355_cov_2.734375	142	222	0	80	80	1.0000000
NODE_108215_length_355_cov_2.707031	277	314	2	37	37	1.0000000
NODE_108215_length_355_cov_2.707031	287	353	2	66	66	1.0000000
NODE_108239_length_355_cov_2.500000	38	82	3	3	44	0.0681818
NODE_108239_length_355_cov_2.500000	38	82	4	41	44	0.9318182
NODE_108278_length_355_cov_2.207031	258	308	0	50	50	1.0000000
NODE_108284_length_355_cov_2.179688	153	233	1	7	80	0.0875000
NODE_108284_length_355_cov_2.179688	153	233	2	73	80	0.9125000
NODE_108284_length_355_cov_2.179688	206	286	1	31	80	0.3875000
NODE_108284_length_355_cov_2.179688	206	286	2	49	80	0.6125000
NODE_108291_length_355_cov_2.132812	261	334	0	73	73	1.0000000
NODE_108291_length_355_cov_2.132812	301	342	0	41	41	1.0000000
NODE_108315_length_355_cov_2.007812	281	347	0	66	66	1.0000000
NODE_108395_length_355_cov_1.765625	186	247	0	61	61	1.0000000
NODE_108395_length_355_cov_1.765625	220	300	0	80	80	1.0000000
NODE_109015_length_354_cov_6.843137	53	132	0	79	79	1.0000000
NODE_109015_length_354_cov_6.843137	53	132	0	79	79	1.0000000
NODE_109015_length_354_cov_6.843137	105	185	0	80	80	1.0000000
NODE_109015_length_354_cov_6.843137	105	185	0	80	80	1.0000000
NODE_109033_length_354_cov_4.823529	208	255	0	47	47	1.0000000
NODE_109054_length_354_cov_3.956863	145	208	0	63	63	1.0000000
NODE_109054_length_354_cov_3.956863	181	261	0	80	80	1.0000000
NODE_109057_length_354_cov_3.878431	198	244	0	46	46	1.0000000
NODE_109089_length_354_cov_3.207843	130	199	0	69	69	1.0000000
NODE_109126_length_354_cov_2.725490	179	259	0	9	80	0.1125000
NODE_109126_length_354_cov_2.725490	179	259	2	71	80	0.8875000
NODE_109126_length_354_cov_2.725490	235	312	0	15	77	0.1948052
NODE_109126_length_354_cov_2.725490	235	312	2	62	77	0.8051948
NODE_109128_length_354_cov_2.713725	16	76	0	60	60	1.0000000
NODE_109128_length_354_cov_2.713725	90	149	0	59	59	1.0000000
NODE_109140_length_354_cov_2.580392	176	234	0	2	58	0.0344828
NODE_109140_length_354_cov_2.580392	176	234	2	56	58	0.9655172
NODE_109140_length_354_cov_2.580392	207	251	2	44	44	1.0000000
NODE_109237_length_354_cov_1.996078	79	145	0	66	66	1.0000000
NODE_109237_length_354_cov_1.996078	118	200	0	82	82	1.0000000
NODE_109244_length_354_cov_1.988235	7	77	2	26	70	0.3714286
NODE_109244_length_354_cov_1.988235	7	77	4	44	70	0.6285715
NODE_109244_length_354_cov_1.988235	64	130	4	66	66	1.0000000
NODE_109321_length_354_cov_1.682353	99	171	0	72	72	1.0000000
NODE_109321_length_354_cov_1.682353	144	224	0	80	80	1.0000000
NODE_109852_length_353_cov_11.169291	14	90	0	34	76	0.4473684
NODE_109852_length_353_cov_11.169291	14	90	2	11	76	0.1447368
NODE_109852_length_353_cov_11.169291	14	90	3	31	76	0.4078947
NODE_109852_length_353_cov_11.169291	67	143	3	74	76	0.9736842
NODE_109852_length_353_cov_11.169291	67	143	4	2	76	0.0263158
NODE_109911_length_353_cov_3.874016	220	256	0	36	36	1.0000000
NODE_109911_length_353_cov_3.874016	265	334	0	69	69	1.0000000
NODE_109928_length_353_cov_3.488189	200	282	0	82	82	1.0000000
NODE_109976_length_353_cov_2.826772	8	88	0	80	80	1.0000000
NODE_109976_length_353_cov_2.826772	61	120	0	59	59	1.0000000
NODE_110022_length_353_cov_2.417323	260	336	0	76	76	1.0000000
NODE_110610_length_353_cov_0.744094	299	318	0	19	19	1.0000000
NODE_110708_length_352_cov_34.691700	110	203	0	1	93	0.0107527
NODE_110708_length_352_cov_34.691700	110	203	1	33	93	0.3548387
NODE_110708_length_352_cov_34.691700	110	203	2	2	93	0.0215054
NODE_110708_length_352_cov_34.691700	110	203	3	24	93	0.2580645
NODE_110708_length_352_cov_34.691700	110	203	4	32	93	0.3440860
NODE_110708_length_352_cov_34.691700	110	203	6	1	93	0.0107527
NODE_110710_length_352_cov_17.944664	20	100	0	80	80	1.0000000
NODE_110710_length_352_cov_17.944664	73	153	0	80	80	1.0000000
NODE_110710_length_352_cov_17.944664	273	352	0	79	79	1.0000000
NODE_110735_length_352_cov_4.707510	157	237	0	80	80	1.0000000
NODE_110749_length_352_cov_4.221344	144	205	0	61	61	1.0000000
NODE_110749_length_352_cov_4.221344	178	259	0	81	81	1.0000000
NODE_110754_length_352_cov_4.011858	98	143	0	45	45	1.0000000
NODE_110754_length_352_cov_4.011858	151	228	0	77	77	1.0000000
NODE_110798_length_352_cov_2.849802	74	154	0	80	80	1.0000000
NODE_110798_length_352_cov_2.849802	127	198	0	71	71	1.0000000
NODE_110820_length_352_cov_2.683794	0	77	0	77	77	1.0000000
NODE_110820_length_352_cov_2.683794	50	130	0	80	80	1.0000000
NODE_110832_length_352_cov_2.608696	90	136	0	46	46	1.0000000
NODE_110832_length_352_cov_2.608696	144	189	0	45	45	1.0000000
NODE_110838_length_352_cov_2.577075	111	191	1	80	80	1.0000000
NODE_110876_length_352_cov_2.264822	171	251	0	80	80	1.0000000
NODE_110938_length_352_cov_2.007905	277	326	0	49	49	1.0000000
NODE_111439_length_352_cov_0.806324	165	238	5	5	73	0.0684932
NODE_111439_length_352_cov_0.806324	165	238	6	2	73	0.0273973
NODE_111439_length_352_cov_0.806324	165	238	8	1	73	0.0136986
NODE_111439_length_352_cov_0.806324	165	238	9	3	73	0.0410959
NODE_111439_length_352_cov_0.806324	165	238	10	15	73	0.2054795
NODE_111439_length_352_cov_0.806324	165	238	11	4	73	0.0547945
NODE_111439_length_352_cov_0.806324	165	238	13	1	73	0.0136986
NODE_111439_length_352_cov_0.806324	165	238	17	13	73	0.1780822
NODE_111439_length_352_cov_0.806324	165	238	19	7	73	0.0958904
NODE_111439_length_352_cov_0.806324	165	238	20	22	73	0.3013699
NODE_111593_length_351_cov_5.003968	115	195	0	20	80	0.2500000
NODE_111593_length_351_cov_5.003968	115	195	2	60	80	0.7500000
NODE_111662_length_351_cov_2.900794	289	320	0	28	31	0.9032258
NODE_111662_length_351_cov_2.900794	289	320	2	3	31	0.0967742
NODE_111738_length_351_cov_2.376984	79	159	6	7	80	0.0875000
NODE_111738_length_351_cov_2.376984	79	159	7	12	80	0.1500000
NODE_111738_length_351_cov_2.376984	79	159	8	11	80	0.1375000
NODE_111738_length_351_cov_2.376984	79	159	9	11	80	0.1375000
NODE_111738_length_351_cov_2.376984	79	159	10	5	80	0.0625000
NODE_111738_length_351_cov_2.376984	79	159	12	2	80	0.0250000
NODE_111738_length_351_cov_2.376984	79	159	13	28	80	0.3500000
NODE_111738_length_351_cov_2.376984	79	159	14	4	80	0.0500000
NODE_111759_length_351_cov_2.226190	116	170	3	37	54	0.6851852
NODE_111759_length_351_cov_2.226190	116	170	4	17	54	0.3148148
NODE_111769_length_351_cov_2.186508	198	277	0	79	79	1.0000000
NODE_111861_length_351_cov_1.809524	276	309	0	33	33	1.0000000
NODE_111969_length_351_cov_1.515873	228	299	0	50	71	0.7042254
NODE_111969_length_351_cov_1.515873	228	299	2	21	71	0.2957746
NODE_112493_length_350_cov_232.529880	25	92	13	2	67	0.0298507
NODE_112493_length_350_cov_232.529880	25	92	16	1	67	0.0149254
NODE_112493_length_350_cov_232.529880	25	92	17	4	67	0.0597015
NODE_112493_length_350_cov_232.529880	25	92	19	1	67	0.0149254
NODE_112493_length_350_cov_232.529880	25	92	21	3	67	0.0447761
NODE_112493_length_350_cov_232.529880	25	92	23	1	67	0.0149254
NODE_112493_length_350_cov_232.529880	25	92	25	4	67	0.0597015
NODE_112493_length_350_cov_232.529880	25	92	26	5	67	0.0746269
NODE_112493_length_350_cov_232.529880	25	92	28	5	67	0.0746269
NODE_112493_length_350_cov_232.529880	25	92	29	2	67	0.0298507
NODE_112493_length_350_cov_232.529880	25	92	31	2	67	0.0298507
NODE_112493_length_350_cov_232.529880	25	92	33	12	67	0.1791045
NODE_112493_length_350_cov_232.529880	25	92	36	3	67	0.0447761
NODE_112493_length_350_cov_232.529880	25	92	37	7	67	0.1044776
NODE_112493_length_350_cov_232.529880	25	92	40	2	67	0.0298507
NODE_112493_length_350_cov_232.529880	25	92	41	1	67	0.0149254
NODE_112493_length_350_cov_232.529880	25	92	42	10	67	0.1492537
NODE_112493_length_350_cov_232.529880	25	92	43	2	67	0.0298507
NODE_112494_length_350_cov_40.677291	181	246	47	5	65	0.0769231
NODE_112494_length_350_cov_40.677291	181	246	48	1	65	0.0153846
NODE_112494_length_350_cov_40.677291	181	246	49	1	65	0.0153846
NODE_112494_length_350_cov_40.677291	181	246	50	4	65	0.0615385
NODE_112494_length_350_cov_40.677291	181	246	51	2	65	0.0307692
NODE_112494_length_350_cov_40.677291	181	246	52	3	65	0.0461538
NODE_112494_length_350_cov_40.677291	181	246	54	1	65	0.0153846
NODE_112494_length_350_cov_40.677291	181	246	55	3	65	0.0461538
NODE_112494_length_350_cov_40.677291	181	246	56	3	65	0.0461538
NODE_112494_length_350_cov_40.677291	181	246	58	2	65	0.0307692
NODE_112494_length_350_cov_40.677291	181	246	59	3	65	0.0461538
NODE_112494_length_350_cov_40.677291	181	246	61	8	65	0.1230769
NODE_112494_length_350_cov_40.677291	181	246	62	1	65	0.0153846
NODE_112494_length_350_cov_40.677291	181	246	63	6	65	0.0923077
NODE_112494_length_350_cov_40.677291	181	246	64	10	65	0.1538462
NODE_112494_length_350_cov_40.677291	181	246	65	3	65	0.0461538
NODE_112494_length_350_cov_40.677291	181	246	66	1	65	0.0153846
NODE_112494_length_350_cov_40.677291	181	246	67	2	65	0.0307692
NODE_112494_length_350_cov_40.677291	181	246	68	1	65	0.0153846
NODE_112494_length_350_cov_40.677291	181	246	69	5	65	0.0769231
NODE_112535_length_350_cov_4.179283	114	194	0	80	80	1.0000000
NODE_112535_length_350_cov_4.179283	167	244	0	61	77	0.7922078
NODE_112535_length_350_cov_4.179283	167	244	2	16	77	0.2077922
NODE_112554_length_350_cov_3.573705	128	202	9	15	74	0.2027027
NODE_112554_length_350_cov_3.573705	128	202	10	34	74	0.4594595
NODE_112554_length_350_cov_3.573705	128	202	11	18	74	0.2432432
NODE_112554_length_350_cov_3.573705	128	202	12	7	74	0.0945946
NODE_112554_length_350_cov_3.573705	178	241	8	29	63	0.4603175
NODE_112554_length_350_cov_3.573705	178	241	9	25	63	0.3968254
NODE_112554_length_350_cov_3.573705	178	241	11	9	63	0.1428571
NODE_112627_length_350_cov_2.478088	266	297	0	31	31	1.0000000
NODE_112647_length_350_cov_2.346614	97	148	7	3	51	0.0588235
NODE_112647_length_350_cov_2.346614	97	148	9	17	51	0.3333333
NODE_112647_length_350_cov_2.346614	97	148	10	12	51	0.2352941
NODE_112647_length_350_cov_2.346614	97	148	11	16	51	0.3137255
NODE_112647_length_350_cov_2.346614	97	148	12	3	51	0.0588235
NODE_112714_length_350_cov_2.031873	181	238	0	57	57	1.0000000
NODE_112997_length_350_cov_1.223108	202	275	0	40	73	0.5479452
NODE_112997_length_350_cov_1.223108	202	275	2	4	73	0.0547945
NODE_112997_length_350_cov_1.223108	202	275	4	18	73	0.2465753
NODE_112997_length_350_cov_1.223108	202	275	6	5	73	0.0684932
NODE_112997_length_350_cov_1.223108	202	275	7	5	73	0.0684932
NODE_112997_length_350_cov_1.223108	202	275	8	1	73	0.0136986
NODE_113450_length_349_cov_4.268000	83	163	0	80	80	1.0000000
NODE_113450_length_349_cov_4.268000	83	163	0	80	80	1.0000000
NODE_113450_length_349_cov_4.268000	136	216	0	80	80	1.0000000
NODE_113450_length_349_cov_4.268000	145	180	0	35	35	1.0000000
NODE_113473_length_349_cov_3.648000	219	300	3	5	81	0.0617284
NODE_113473_length_349_cov_3.648000	219	300	5	16	81	0.1975309
NODE_113473_length_349_cov_3.648000	219	300	6	1	81	0.0123457
NODE_113473_length_349_cov_3.648000	219	300	7	38	81	0.4691358
NODE_113473_length_349_cov_3.648000	219	300	9	21	81	0.2592593
NODE_113480_length_349_cov_3.484000	196	276	0	50	80	0.6250000
NODE_113480_length_349_cov_3.484000	196	276	1	30	80	0.3750000
NODE_113486_length_349_cov_3.364000	219	284	0	54	65	0.8307692
NODE_113486_length_349_cov_3.364000	219	284	2	11	65	0.1692308
NODE_113511_length_349_cov_2.916000	94	189	0	55	95	0.5789474
NODE_113511_length_349_cov_2.916000	94	189	1	40	95	0.4210526
NODE_113571_length_349_cov_2.420000	35	54	0	19	19	1.0000000
NODE_113647_length_349_cov_1.964000	32	63	0	31	31	1.0000000
NODE_113654_length_349_cov_1.928000	9	77	0	68	68	1.0000000
NODE_113654_length_349_cov_1.928000	62	115	0	53	53	1.0000000
NODE_113710_length_349_cov_1.684000	225	265	0	25	40	0.6250000
NODE_113710_length_349_cov_1.684000	225	265	2	10	40	0.2500000
NODE_113710_length_349_cov_1.684000	225	265	3	5	40	0.1250000
NODE_113825_length_349_cov_1.392000	32	95	0	63	63	1.0000000
NODE_113961_length_349_cov_1.056000	316	339	0	23	23	1.0000000
NODE_114002_length_349_cov_1.020000	177	257	0	80	80	1.0000000
NODE_114263_length_348_cov_34.867470	156	236	2	80	80	1.0000000
NODE_114263_length_348_cov_34.867470	209	289	0	39	80	0.4875000
NODE_114263_length_348_cov_34.867470	209	289	2	41	80	0.5125000
NODE_114296_length_348_cov_4.180723	106	186	0	80	80	1.0000000
NODE_114296_length_348_cov_4.180723	159	239	0	80	80	1.0000000
NODE_114330_length_348_cov_3.277108	83	137	0	54	54	1.0000000
NODE_114330_length_348_cov_3.277108	145	197	0	52	52	1.0000000
NODE_114424_length_348_cov_2.305221	204	273	0	34	69	0.4927536
NODE_114424_length_348_cov_2.305221	204	273	1	35	69	0.5072464
NODE_114448_length_348_cov_2.216867	103	152	1	28	49	0.5714286
NODE_114448_length_348_cov_2.216867	103	152	2	21	49	0.4285714
NODE_114505_length_348_cov_1.995984	170	239	0	69	69	1.0000000
NODE_114591_length_348_cov_1.638554	309	346	0	37	37	1.0000000
NODE_114643_length_348_cov_1.485944	9	60	0	51	51	1.0000000
NODE_115147_length_347_cov_15.100806	57	137	0	16	80	0.2000000
NODE_115147_length_347_cov_15.100806	57	137	1	5	80	0.0625000
NODE_115147_length_347_cov_15.100806	57	137	3	59	80	0.7375000
NODE_115147_length_347_cov_15.100806	110	152	3	42	42	1.0000000
NODE_115147_length_347_cov_15.100806	182	209	2	20	27	0.7407407
NODE_115147_length_347_cov_15.100806	182	209	3	7	27	0.2592593
NODE_115147_length_347_cov_15.100806	290	317	0	27	27	1.0000000
NODE_115161_length_347_cov_5.967742	110	173	0	7	63	0.1111111
NODE_115161_length_347_cov_5.967742	110	173	2	56	63	0.8888889
NODE_115195_length_347_cov_4.028226	260	329	0	69	69	1.0000000
NODE_115321_length_347_cov_2.463710	99	141	2	22	42	0.5238096
NODE_115321_length_347_cov_2.463710	99	141	3	20	42	0.4761905
NODE_115321_length_347_cov_2.463710	108	143	2	13	35	0.3714286
NODE_115321_length_347_cov_2.463710	108	143	3	22	35	0.6285715
NODE_115331_length_347_cov_2.391129	35	70	0	35	35	1.0000000
NODE_115331_length_347_cov_2.391129	37	79	0	42	42	1.0000000
NODE_115331_length_347_cov_2.391129	77	105	0	28	28	1.0000000
NODE_115397_length_347_cov_2.048387	15	34	0	19	19	1.0000000
NODE_115417_length_347_cov_1.967742	205	268	0	11	63	0.1746032
NODE_115417_length_347_cov_1.967742	205	268	4	52	63	0.8253968
NODE_115450_length_347_cov_1.818548	109	156	0	47	47	1.0000000
NODE_115771_length_347_cov_1.028226	230	255	0	25	25	1.0000000
NODE_116114_length_346_cov_74.433198	10	90	0	58	80	0.7250000
NODE_116114_length_346_cov_74.433198	10	90	1	14	80	0.1750000
NODE_116114_length_346_cov_74.433198	10	90	2	8	80	0.1000000
NODE_116114_length_346_cov_74.433198	19	90	0	49	71	0.6901408
NODE_116114_length_346_cov_74.433198	19	90	1	14	71	0.1971831
NODE_116114_length_346_cov_74.433198	19	90	2	8	71	0.1126761
NODE_116114_length_346_cov_74.433198	192	272	0	11	80	0.1375000
NODE_116114_length_346_cov_74.433198	192	272	2	3	80	0.0375000
NODE_116114_length_346_cov_74.433198	192	272	3	18	80	0.2250000
NODE_116114_length_346_cov_74.433198	192	272	4	6	80	0.0750000
NODE_116114_length_346_cov_74.433198	192	272	5	9	80	0.1125000
NODE_116114_length_346_cov_74.433198	192	272	6	33	80	0.4125000
NODE_116115_length_346_cov_67.834008	133	213	4	1	80	0.0125000
NODE_116115_length_346_cov_67.834008	133	213	5	65	80	0.8125000
NODE_116115_length_346_cov_67.834008	133	213	6	14	80	0.1750000
NODE_116115_length_346_cov_67.834008	186	266	4	23	80	0.2875000
NODE_116115_length_346_cov_67.834008	186	266	5	57	80	0.7125000
NODE_116117_length_346_cov_10.299595	190	270	0	80	80	1.0000000
NODE_116117_length_346_cov_10.299595	243	323	0	80	80	1.0000000
NODE_116119_length_346_cov_9.566802	159	239	1	16	80	0.2000000
NODE_116119_length_346_cov_9.566802	159	239	2	64	80	0.8000000
NODE_116119_length_346_cov_9.566802	212	292	2	80	80	1.0000000
NODE_116134_length_346_cov_5.506073	157	238	1	24	81	0.2962963
NODE_116134_length_346_cov_5.506073	157	238	2	57	81	0.7037037
NODE_116155_length_346_cov_4.368421	205	264	0	59	59	1.0000000
NODE_116159_length_346_cov_4.032389	121	141	0	20	20	1.0000000
NODE_116184_length_346_cov_3.400810	194	253	0	59	59	1.0000000
NODE_116212_length_346_cov_3.008097	183	263	0	80	80	1.0000000
NODE_116257_length_346_cov_2.538462	47	102	0	55	55	1.0000000
NODE_116257_length_346_cov_2.538462	118	173	0	55	55	1.0000000
NODE_116439_length_346_cov_1.700405	71	107	0	36	36	1.0000000
NODE_117035_length_345_cov_47.699187	0	66	0	34	66	0.5151515
NODE_117035_length_345_cov_47.699187	0	66	1	32	66	0.4848485
NODE_117035_length_345_cov_47.699187	39	119	1	52	80	0.6500000
NODE_117035_length_345_cov_47.699187	39	119	3	5	80	0.0625000
NODE_117035_length_345_cov_47.699187	39	119	4	23	80	0.2875000
NODE_117035_length_345_cov_47.699187	115	182	4	43	67	0.6417910
NODE_117035_length_345_cov_47.699187	115	182	5	2	67	0.0298507
NODE_117035_length_345_cov_47.699187	115	182	6	4	67	0.0597015
NODE_117035_length_345_cov_47.699187	115	182	8	6	67	0.0895522
NODE_117035_length_345_cov_47.699187	115	182	9	12	67	0.1791045
NODE_117035_length_345_cov_47.699187	246	311	7	1	65	0.0153846
NODE_117035_length_345_cov_47.699187	246	311	8	2	65	0.0307692
NODE_117035_length_345_cov_47.699187	246	311	9	62	65	0.9538462
NODE_117036_length_345_cov_13.439024	28	108	0	73	80	0.9125000
NODE_117036_length_345_cov_13.439024	28	108	2	7	80	0.0875000
NODE_117036_length_345_cov_13.439024	81	161	0	20	80	0.2500000
NODE_117036_length_345_cov_13.439024	81	161	2	60	80	0.7500000
NODE_117037_length_345_cov_9.906504	224	283	4	59	59	1.0000000
NODE_117051_length_345_cov_5.475610	52	132	0	51	80	0.6375000
NODE_117051_length_345_cov_5.475610	52	132	1	29	80	0.3625000
NODE_117051_length_345_cov_5.475610	105	185	1	80	80	1.0000000
NODE_117055_length_345_cov_5.321138	104	152	0	48	48	1.0000000
NODE_117065_length_345_cov_4.524390	205	269	0	64	64	1.0000000
NODE_117075_length_345_cov_4.109756	95	157	0	62	62	1.0000000
NODE_117075_length_345_cov_4.109756	162	204	0	42	42	1.0000000
NODE_117076_length_345_cov_4.073171	251	326	0	75	75	1.0000000
NODE_117084_length_345_cov_3.776423	199	273	0	74	74	1.0000000
NODE_117084_length_345_cov_3.776423	246	326	0	80	80	1.0000000
NODE_117148_length_345_cov_2.821138	61	141	0	80	80	1.0000000
NODE_117205_length_345_cov_2.333333	47	90	0	34	43	0.7906977
NODE_117205_length_345_cov_2.333333	47	90	2	9	43	0.2093023
NODE_117205_length_345_cov_2.333333	63	147	0	18	84	0.2142857
NODE_117205_length_345_cov_2.333333	63	147	2	66	84	0.7857143
NODE_117219_length_345_cov_2.239837	0	81	0	18	81	0.2222222
NODE_117219_length_345_cov_2.239837	0	81	2	63	81	0.7777778
NODE_117669_length_345_cov_1.040650	6	73	0	50	67	0.7462686
NODE_117669_length_345_cov_1.040650	6	73	2	17	67	0.2537313
NODE_117989_length_344_cov_54.020408	6	55	0	49	49	1.0000000
NODE_117989_length_344_cov_54.020408	28	105	0	77	77	1.0000000
NODE_117989_length_344_cov_54.020408	28	105	0	77	77	1.0000000
NODE_117989_length_344_cov_54.020408	112	178	0	37	66	0.5606061
NODE_117989_length_344_cov_54.020408	112	178	2	29	66	0.4393939
NODE_118009_length_344_cov_5.016327	72	125	0	53	53	1.0000000
NODE_118009_length_344_cov_5.016327	136	203	0	67	67	1.0000000
NODE_118017_length_344_cov_4.579592	172	254	0	75	82	0.9146342
NODE_118017_length_344_cov_4.579592	172	254	2	7	82	0.0853659
NODE_118045_length_344_cov_3.840816	197	240	0	43	43	1.0000000
NODE_118074_length_344_cov_3.293878	149	189	2	40	40	1.0000000
NODE_118074_length_344_cov_3.293878	162	229	2	67	67	1.0000000
NODE_118111_length_344_cov_2.751020	24	87	0	63	63	1.0000000
NODE_118179_length_344_cov_2.126531	274	305	2	31	31	1.0000000
NODE_118243_length_344_cov_1.914286	114	194	0	80	80	1.0000000
NODE_118243_length_344_cov_1.914286	167	247	0	37	80	0.4625000
NODE_118243_length_344_cov_1.914286	167	247	2	43	80	0.5375000
NODE_118297_length_344_cov_1.685714	180	220	0	40	40	1.0000000
NODE_118393_length_344_cov_1.457143	160	240	0	68	80	0.8500000
NODE_118393_length_344_cov_1.457143	160	240	2	12	80	0.1500000
NODE_118393_length_344_cov_1.457143	213	273	0	60	60	1.0000000
NODE_118743_length_344_cov_0.800000	123	163	0	40	40	1.0000000
NODE_118899_length_343_cov_3.770492	2	60	0	58	58	1.0000000
NODE_118905_length_343_cov_3.598361	97	170	0	73	73	1.0000000
NODE_118905_length_343_cov_3.598361	150	223	0	73	73	1.0000000
NODE_118911_length_343_cov_3.401639	48	128	8	1	80	0.0125000
NODE_118911_length_343_cov_3.401639	48	128	9	9	80	0.1125000
NODE_118911_length_343_cov_3.401639	48	128	11	1	80	0.0125000
NODE_118911_length_343_cov_3.401639	48	128	14	9	80	0.1125000
NODE_118911_length_343_cov_3.401639	48	128	16	2	80	0.0250000
NODE_118911_length_343_cov_3.401639	48	128	17	4	80	0.0500000
NODE_118911_length_343_cov_3.401639	48	128	18	2	80	0.0250000
NODE_118911_length_343_cov_3.401639	48	128	19	19	80	0.2375000
NODE_118911_length_343_cov_3.401639	48	128	21	33	80	0.4125000
NODE_118941_length_343_cov_3.049180	12	62	1	32	50	0.6400000
NODE_118941_length_343_cov_3.049180	12	62	2	18	50	0.3600000
NODE_118941_length_343_cov_3.049180	82	111	2	29	29	1.0000000
NODE_118941_length_343_cov_3.049180	133	205	0	11	72	0.1527778
NODE_118941_length_343_cov_3.049180	133	205	1	54	72	0.7500000
NODE_118941_length_343_cov_3.049180	133	205	2	7	72	0.0972222
NODE_118957_length_343_cov_2.770492	236	316	2	4	80	0.0500000
NODE_118957_length_343_cov_2.770492	236	316	4	7	80	0.0875000
NODE_118957_length_343_cov_2.770492	236	316	5	35	80	0.4375000
NODE_118957_length_343_cov_2.770492	236	316	6	19	80	0.2375000
NODE_118957_length_343_cov_2.770492	236	316	7	15	80	0.1875000
NODE_118978_length_343_cov_2.590164	167	225	0	9	58	0.1551724
NODE_118978_length_343_cov_2.590164	167	225	2	8	58	0.1379310
NODE_118978_length_343_cov_2.590164	167	225	3	25	58	0.4310345
NODE_118978_length_343_cov_2.590164	167	225	4	16	58	0.2758621
NODE_118998_length_343_cov_2.430328	208	274	2	66	66	1.0000000
NODE_119040_length_343_cov_2.209016	32	111	0	79	79	1.0000000
NODE_119067_length_343_cov_2.081967	95	177	0	82	82	1.0000000
NODE_119067_length_343_cov_2.081967	150	199	0	49	49	1.0000000
NODE_119202_length_343_cov_1.635246	0	52	0	52	52	1.0000000
NODE_119439_length_343_cov_1.143443	60	120	2	60	60	1.0000000
NODE_119834_length_342_cov_3.872428	136	216	0	80	80	1.0000000
NODE_119834_length_342_cov_3.872428	189	259	0	70	70	1.0000000
NODE_119840_length_342_cov_3.769547	146	212	0	66	66	1.0000000
NODE_119841_length_342_cov_3.740741	113	146	0	33	33	1.0000000
NODE_119846_length_342_cov_3.674897	20	100	0	80	80	1.0000000
NODE_119846_length_342_cov_3.674897	73	153	0	80	80	1.0000000
NODE_119847_length_342_cov_3.588477	117	197	0	80	80	1.0000000
NODE_119849_length_342_cov_3.530864	72	151	0	29	79	0.3670886
NODE_119849_length_342_cov_3.530864	72	151	2	50	79	0.6329114
NODE_119852_length_342_cov_3.423868	172	252	0	80	80	1.0000000
NODE_119852_length_342_cov_3.423868	225	283	0	58	58	1.0000000
NODE_119922_length_342_cov_2.432099	16	81	0	65	65	1.0000000
NODE_119993_length_342_cov_2.049383	249	317	0	68	68	1.0000000
NODE_120047_length_342_cov_1.864198	138	190	2	19	52	0.3653846
NODE_120047_length_342_cov_1.864198	138	190	3	1	52	0.0192308
NODE_120047_length_342_cov_1.864198	138	190	4	32	52	0.6153846
NODE_120047_length_342_cov_1.864198	183	243	2	50	60	0.8333333
NODE_120047_length_342_cov_1.864198	183	243	3	4	60	0.0666667
NODE_120047_length_342_cov_1.864198	183	243	4	6	60	0.1000000
NODE_120073_length_342_cov_1.720165	91	147	0	56	56	1.0000000
NODE_120284_length_342_cov_1.271605	201	240	0	39	39	1.0000000
NODE_120755_length_341_cov_15.896694	50	130	1	80	80	1.0000000
NODE_120755_length_341_cov_15.896694	103	183	0	23	80	0.2875000
NODE_120755_length_341_cov_15.896694	103	183	1	57	80	0.7125000
NODE_120757_length_341_cov_9.756198	117	196	0	79	79	1.0000000
NODE_120770_length_341_cov_5.404959	141	220	0	74	79	0.9367089
NODE_120770_length_341_cov_5.404959	141	220	2	5	79	0.0632911
NODE_120780_length_341_cov_4.669421	301	320	2	19	19	1.0000000
NODE_120783_length_341_cov_4.438017	57	132	0	75	75	1.0000000
NODE_120783_length_341_cov_4.438017	110	185	0	75	75	1.0000000
NODE_120785_length_341_cov_4.400826	164	244	0	80	80	1.0000000
NODE_120785_length_341_cov_4.400826	224	297	0	73	73	1.0000000
NODE_120797_length_341_cov_3.896694	58	122	0	35	64	0.5468750
NODE_120797_length_341_cov_3.896694	58	122	1	19	64	0.2968750
NODE_120797_length_341_cov_3.896694	58	122	2	10	64	0.1562500
NODE_120805_length_341_cov_3.727273	191	273	0	60	82	0.7317073
NODE_120805_length_341_cov_3.727273	191	273	1	22	82	0.2682927
NODE_120805_length_341_cov_3.727273	253	326	0	73	73	1.0000000
NODE_120839_length_341_cov_3.000000	91	161	0	70	70	1.0000000
NODE_120839_length_341_cov_3.000000	146	215	0	69	69	1.0000000
NODE_120840_length_341_cov_3.000000	127	207	0	80	80	1.0000000
NODE_120892_length_341_cov_2.533058	92	172	0	80	80	1.0000000
NODE_120901_length_341_cov_2.495868	8	89	0	81	81	1.0000000
NODE_120946_length_341_cov_2.235537	10	90	0	80	80	1.0000000
NODE_120972_length_341_cov_2.103306	46	125	0	79	79	1.0000000
NODE_120994_length_341_cov_2.066116	147	184	0	37	37	1.0000000
NODE_121052_length_341_cov_1.772727	179	250	0	43	71	0.6056338
NODE_121052_length_341_cov_1.772727	179	250	2	28	71	0.3943662
NODE_121064_length_341_cov_1.727273	105	185	0	80	80	1.0000000
NODE_121160_length_341_cov_1.475207	120	185	7	7	65	0.1076923
NODE_121160_length_341_cov_1.475207	120	185	8	58	65	0.8923077
NODE_121160_length_341_cov_1.475207	158	238	2	10	80	0.1250000
NODE_121160_length_341_cov_1.475207	158	238	3	13	80	0.1625000
NODE_121160_length_341_cov_1.475207	158	238	4	4	80	0.0500000
NODE_121160_length_341_cov_1.475207	158	238	6	19	80	0.2375000
NODE_121160_length_341_cov_1.475207	158	238	7	2	80	0.0250000
NODE_121160_length_341_cov_1.475207	158	238	8	32	80	0.4000000
NODE_121173_length_341_cov_1.471074	186	266	6	14	80	0.1750000
NODE_121173_length_341_cov_1.471074	186	266	7	36	80	0.4500000
NODE_121173_length_341_cov_1.471074	186	266	8	30	80	0.3750000
NODE_121173_length_341_cov_1.471074	239	319	3	16	80	0.2000000
NODE_121173_length_341_cov_1.471074	239	319	4	2	80	0.0250000
NODE_121173_length_341_cov_1.471074	239	319	5	22	80	0.2750000
NODE_121173_length_341_cov_1.471074	239	319	6	1	80	0.0125000
NODE_121173_length_341_cov_1.471074	239	319	7	24	80	0.3000000
NODE_121173_length_341_cov_1.471074	239	319	8	15	80	0.1875000
NODE_121211_length_341_cov_1.342975	284	322	0	38	38	1.0000000
NODE_121431_length_341_cov_0.991736	36	89	0	53	53	1.0000000
NODE_121693_length_340_cov_541.348548	86	144	101	1	58	0.0172414
NODE_121693_length_340_cov_541.348548	86	144	103	1	58	0.0172414
NODE_121693_length_340_cov_541.348548	86	144	105	1	58	0.0172414
NODE_121693_length_340_cov_541.348548	86	144	106	2	58	0.0344828
NODE_121693_length_340_cov_541.348548	86	144	108	1	58	0.0172414
NODE_121693_length_340_cov_541.348548	86	144	109	1	58	0.0172414
NODE_121693_length_340_cov_541.348548	86	144	112	1	58	0.0172414
NODE_121693_length_340_cov_541.348548	86	144	113	1	58	0.0172414
NODE_121693_length_340_cov_541.348548	86	144	116	1	58	0.0172414
NODE_121693_length_340_cov_541.348548	86	144	117	1	58	0.0172414
NODE_121693_length_340_cov_541.348548	86	144	119	1	58	0.0172414
NODE_121693_length_340_cov_541.348548	86	144	121	1	58	0.0172414
NODE_121693_length_340_cov_541.348548	86	144	125	1	58	0.0172414
NODE_121693_length_340_cov_541.348548	86	144	126	1	58	0.0172414
NODE_121693_length_340_cov_541.348548	86	144	128	2	58	0.0344828
NODE_121693_length_340_cov_541.348548	86	144	129	1	58	0.0172414
NODE_121693_length_340_cov_541.348548	86	144	132	1	58	0.0172414
NODE_121693_length_340_cov_541.348548	86	144	135	2	58	0.0344828
NODE_121693_length_340_cov_541.348548	86	144	136	2	58	0.0344828
NODE_121693_length_340_cov_541.348548	86	144	142	2	58	0.0344828
NODE_121693_length_340_cov_541.348548	86	144	143	1	58	0.0172414
NODE_121693_length_340_cov_541.348548	86	144	145	2	58	0.0344828
NODE_121693_length_340_cov_541.348548	86	144	148	2	58	0.0344828
NODE_121693_length_340_cov_541.348548	86	144	150	1	58	0.0172414
NODE_121693_length_340_cov_541.348548	86	144	151	1	58	0.0172414
NODE_121693_length_340_cov_541.348548	86	144	153	2	58	0.0344828
NODE_121693_length_340_cov_541.348548	86	144	157	1	58	0.0172414
NODE_121693_length_340_cov_541.348548	86	144	160	3	58	0.0517241
NODE_121693_length_340_cov_541.348548	86	144	162	1	58	0.0172414
NODE_121693_length_340_cov_541.348548	86	144	165	1	58	0.0172414
NODE_121693_length_340_cov_541.348548	86	144	168	2	58	0.0344828
NODE_121693_length_340_cov_541.348548	86	144	169	1	58	0.0172414
NODE_121693_length_340_cov_541.348548	86	144	171	1	58	0.0172414
NODE_121693_length_340_cov_541.348548	86	144	172	1	58	0.0172414
NODE_121693_length_340_cov_541.348548	86	144	176	1	58	0.0172414
NODE_121693_length_340_cov_541.348548	86	144	178	1	58	0.0172414
NODE_121693_length_340_cov_541.348548	86	144	179	1	58	0.0172414
NODE_121693_length_340_cov_541.348548	86	144	181	1	58	0.0172414
NODE_121693_length_340_cov_541.348548	86	144	182	1	58	0.0172414
NODE_121693_length_340_cov_541.348548	86	144	187	1	58	0.0172414
NODE_121693_length_340_cov_541.348548	86	144	192	1	58	0.0172414
NODE_121693_length_340_cov_541.348548	86	144	199	1	58	0.0172414
NODE_121693_length_340_cov_541.348548	86	144	203	1	58	0.0172414
NODE_121693_length_340_cov_541.348548	86	144	205	1	58	0.0172414
NODE_121693_length_340_cov_541.348548	86	144	206	1	58	0.0172414
NODE_121693_length_340_cov_541.348548	86	144	207	2	58	0.0344828
NODE_121693_length_340_cov_541.348548	86	154	101	1	68	0.0147059
NODE_121693_length_340_cov_541.348548	86	154	103	1	68	0.0147059
NODE_121693_length_340_cov_541.348548	86	154	105	1	68	0.0147059
NODE_121693_length_340_cov_541.348548	86	154	106	2	68	0.0294118
NODE_121693_length_340_cov_541.348548	86	154	108	1	68	0.0147059
NODE_121693_length_340_cov_541.348548	86	154	109	1	68	0.0147059
NODE_121693_length_340_cov_541.348548	86	154	112	1	68	0.0147059
NODE_121693_length_340_cov_541.348548	86	154	113	1	68	0.0147059
NODE_121693_length_340_cov_541.348548	86	154	116	1	68	0.0147059
NODE_121693_length_340_cov_541.348548	86	154	117	1	68	0.0147059
NODE_121693_length_340_cov_541.348548	86	154	119	1	68	0.0147059
NODE_121693_length_340_cov_541.348548	86	154	121	1	68	0.0147059
NODE_121693_length_340_cov_541.348548	86	154	125	1	68	0.0147059
NODE_121693_length_340_cov_541.348548	86	154	126	1	68	0.0147059
NODE_121693_length_340_cov_541.348548	86	154	128	2	68	0.0294118
NODE_121693_length_340_cov_541.348548	86	154	129	1	68	0.0147059
NODE_121693_length_340_cov_541.348548	86	154	132	1	68	0.0147059
NODE_121693_length_340_cov_541.348548	86	154	135	2	68	0.0294118
NODE_121693_length_340_cov_541.348548	86	154	136	2	68	0.0294118
NODE_121693_length_340_cov_541.348548	86	154	142	2	68	0.0294118
NODE_121693_length_340_cov_541.348548	86	154	143	1	68	0.0147059
NODE_121693_length_340_cov_541.348548	86	154	145	2	68	0.0294118
NODE_121693_length_340_cov_541.348548	86	154	148	2	68	0.0294118
NODE_121693_length_340_cov_541.348548	86	154	150	1	68	0.0147059
NODE_121693_length_340_cov_541.348548	86	154	151	1	68	0.0147059
NODE_121693_length_340_cov_541.348548	86	154	153	2	68	0.0294118
NODE_121693_length_340_cov_541.348548	86	154	157	1	68	0.0147059
NODE_121693_length_340_cov_541.348548	86	154	160	3	68	0.0441176
NODE_121693_length_340_cov_541.348548	86	154	162	1	68	0.0147059
NODE_121693_length_340_cov_541.348548	86	154	165	1	68	0.0147059
NODE_121693_length_340_cov_541.348548	86	154	168	2	68	0.0294118
NODE_121693_length_340_cov_541.348548	86	154	169	1	68	0.0147059
NODE_121693_length_340_cov_541.348548	86	154	171	1	68	0.0147059
NODE_121693_length_340_cov_541.348548	86	154	172	1	68	0.0147059
NODE_121693_length_340_cov_541.348548	86	154	176	1	68	0.0147059
NODE_121693_length_340_cov_541.348548	86	154	178	1	68	0.0147059
NODE_121693_length_340_cov_541.348548	86	154	179	1	68	0.0147059
NODE_121693_length_340_cov_541.348548	86	154	181	1	68	0.0147059
NODE_121693_length_340_cov_541.348548	86	154	182	1	68	0.0147059
NODE_121693_length_340_cov_541.348548	86	154	187	1	68	0.0147059
NODE_121693_length_340_cov_541.348548	86	154	192	1	68	0.0147059
NODE_121693_length_340_cov_541.348548	86	154	199	1	68	0.0147059
NODE_121693_length_340_cov_541.348548	86	154	203	1	68	0.0147059
NODE_121693_length_340_cov_541.348548	86	154	205	1	68	0.0147059
NODE_121693_length_340_cov_541.348548	86	154	206	1	68	0.0147059
NODE_121693_length_340_cov_541.348548	86	154	207	2	68	0.0294118
NODE_121693_length_340_cov_541.348548	86	154	208	1	68	0.0147059
NODE_121693_length_340_cov_541.348548	86	154	210	2	68	0.0294118
NODE_121693_length_340_cov_541.348548	86	154	211	1	68	0.0147059
NODE_121693_length_340_cov_541.348548	86	154	212	2	68	0.0294118
NODE_121693_length_340_cov_541.348548	86	154	214	1	68	0.0147059
NODE_121693_length_340_cov_541.348548	86	154	215	1	68	0.0147059
NODE_121693_length_340_cov_541.348548	86	154	216	2	68	0.0294118
NODE_121693_length_340_cov_541.348548	86	107	101	1	21	0.0476190
NODE_121693_length_340_cov_541.348548	86	107	103	1	21	0.0476190
NODE_121693_length_340_cov_541.348548	86	107	105	1	21	0.0476190
NODE_121693_length_340_cov_541.348548	86	107	106	2	21	0.0952381
NODE_121693_length_340_cov_541.348548	86	107	108	1	21	0.0476190
NODE_121693_length_340_cov_541.348548	86	107	109	1	21	0.0476190
NODE_121693_length_340_cov_541.348548	86	107	112	1	21	0.0476190
NODE_121693_length_340_cov_541.348548	86	107	113	1	21	0.0476190
NODE_121693_length_340_cov_541.348548	86	107	116	1	21	0.0476190
NODE_121693_length_340_cov_541.348548	86	107	117	1	21	0.0476190
NODE_121693_length_340_cov_541.348548	86	107	119	1	21	0.0476190
NODE_121693_length_340_cov_541.348548	86	107	121	1	21	0.0476190
NODE_121693_length_340_cov_541.348548	86	107	125	1	21	0.0476190
NODE_121693_length_340_cov_541.348548	86	107	126	1	21	0.0476190
NODE_121693_length_340_cov_541.348548	86	107	128	2	21	0.0952381
NODE_121693_length_340_cov_541.348548	86	107	129	1	21	0.0476190
NODE_121693_length_340_cov_541.348548	86	107	132	1	21	0.0476190
NODE_121693_length_340_cov_541.348548	86	107	135	2	21	0.0952381
NODE_121694_length_340_cov_50.755187	196	266	5	38	70	0.5428572
NODE_121694_length_340_cov_50.755187	196	266	6	32	70	0.4571429
NODE_121696_length_340_cov_8.917012	240	270	0	30	30	1.0000000
NODE_121696_length_340_cov_8.917012	243	315	0	72	72	1.0000000
NODE_121702_length_340_cov_6.439834	175	255	1	49	80	0.6125000
NODE_121702_length_340_cov_6.439834	175	255	2	31	80	0.3875000
NODE_121702_length_340_cov_6.439834	228	310	0	11	82	0.1341463
NODE_121702_length_340_cov_6.439834	228	310	1	71	82	0.8658537
NODE_121708_length_340_cov_5.883817	72	121	0	49	49	1.0000000
NODE_121708_length_340_cov_5.883817	82	113	0	31	31	1.0000000
NODE_121714_length_340_cov_5.228216	116	186	0	70	70	1.0000000
NODE_121714_length_340_cov_5.228216	159	201	0	42	42	1.0000000
NODE_121730_length_340_cov_4.497925	136	184	0	48	48	1.0000000
NODE_121752_length_340_cov_3.759336	88	169	0	81	81	1.0000000
NODE_121849_length_340_cov_2.506224	68	114	2	18	46	0.3913043
NODE_121849_length_340_cov_2.506224	68	114	3	1	46	0.0217391
NODE_121849_length_340_cov_2.506224	68	114	4	27	46	0.5869565
NODE_121951_length_340_cov_1.995851	29	101	0	65	72	0.9027778
NODE_121951_length_340_cov_1.995851	29	101	2	7	72	0.0972222
NODE_121951_length_340_cov_1.995851	96	143	2	47	47	1.0000000
NODE_122154_length_340_cov_1.427386	244	274	2	30	30	1.0000000
NODE_122218_length_340_cov_1.282158	71	135	0	64	64	1.0000000
NODE_122218_length_340_cov_1.282158	128	188	0	60	60	1.0000000
NODE_122218_length_340_cov_1.282158	142	189	0	47	47	1.0000000
NODE_122220_length_340_cov_1.278008	51	102	1	51	51	1.0000000
NODE_122321_length_340_cov_1.199170	98	160	0	62	62	1.0000000
NODE_122381_length_340_cov_1.070539	32	65	1	33	33	1.0000000
NODE_122429_length_340_cov_1.020747	209	228	0	19	19	1.0000000
NODE_122686_length_339_cov_87.841667	149	227	52	1	78	0.0128205
NODE_122686_length_339_cov_87.841667	149	227	55	1	78	0.0128205
NODE_122686_length_339_cov_87.841667	149	227	56	13	78	0.1666667
NODE_122686_length_339_cov_87.841667	149	227	60	1	78	0.0128205
NODE_122686_length_339_cov_87.841667	149	227	63	1	78	0.0128205
NODE_122686_length_339_cov_87.841667	149	227	66	2	78	0.0256410
NODE_122686_length_339_cov_87.841667	149	227	67	14	78	0.1794872
NODE_122686_length_339_cov_87.841667	149	227	68	10	78	0.1282051
NODE_122686_length_339_cov_87.841667	149	227	69	6	78	0.0769231
NODE_122686_length_339_cov_87.841667	149	227	70	15	78	0.1923077
NODE_122686_length_339_cov_87.841667	149	227	71	5	78	0.0641026
NODE_122686_length_339_cov_87.841667	149	227	72	6	78	0.0769231
NODE_122686_length_339_cov_87.841667	149	227	73	3	78	0.0384615
NODE_122687_length_339_cov_14.304167	69	138	0	69	69	1.0000000
NODE_122687_length_339_cov_14.304167	69	138	0	69	69	1.0000000
NODE_122687_length_339_cov_14.304167	69	138	0	69	69	1.0000000
NODE_122687_length_339_cov_14.304167	88	138	0	50	50	1.0000000
NODE_122687_length_339_cov_14.304167	111	160	0	49	49	1.0000000
NODE_122727_length_339_cov_4.320833	187	267	0	80	80	1.0000000
NODE_122804_length_339_cov_2.754167	45	125	0	80	80	1.0000000
NODE_122971_length_339_cov_1.841667	265	312	0	47	47	1.0000000
NODE_123041_length_339_cov_1.662500	10	57	0	47	47	1.0000000
NODE_123182_length_339_cov_1.275000	247	312	0	65	65	1.0000000
NODE_123285_length_339_cov_1.070833	147	169	2	22	22	1.0000000
NODE_123633_length_338_cov_57.163180	59	120	2	61	61	1.0000000
NODE_123633_length_338_cov_57.163180	102	176	0	41	74	0.5540541
NODE_123633_length_338_cov_57.163180	102	176	2	33	74	0.4459459
NODE_123674_length_338_cov_4.263598	113	165	0	52	52	1.0000000
NODE_123679_length_338_cov_4.079498	96	151	1	34	55	0.6181818
NODE_123679_length_338_cov_4.079498	96	151	3	21	55	0.3818182
NODE_123689_length_338_cov_3.841004	122	149	0	27	27	1.0000000
NODE_123793_length_338_cov_2.393305	216	288	0	72	72	1.0000000
NODE_123795_length_338_cov_2.380753	29	93	0	64	64	1.0000000
NODE_123919_length_338_cov_1.878661	146	232	0	5	86	0.0581395
NODE_123919_length_338_cov_1.878661	146	232	2	23	86	0.2674419
NODE_123919_length_338_cov_1.878661	146	232	3	35	86	0.4069767
NODE_123919_length_338_cov_1.878661	146	232	5	22	86	0.2558140
NODE_123919_length_338_cov_1.878661	146	232	6	1	86	0.0116279
NODE_123944_length_338_cov_1.740586	79	159	1	80	80	1.0000000
NODE_123946_length_338_cov_1.732218	216	257	0	41	41	1.0000000
NODE_124046_length_338_cov_1.493724	14	90	0	76	76	1.0000000
NODE_124247_length_338_cov_1.100418	265	333	0	68	68	1.0000000
NODE_124456_length_338_cov_0.849372	281	338	4	2	57	0.0350877
NODE_124456_length_338_cov_0.849372	281	338	6	55	57	0.9649123
NODE_124533_length_338_cov_0.711297	188	263	2	75	75	1.0000000
NODE_124625_length_337_cov_468.180672	107	187	8	9	80	0.1125000
NODE_124625_length_337_cov_468.180672	107	187	9	19	80	0.2375000
NODE_124625_length_337_cov_468.180672	107	187	11	17	80	0.2125000
NODE_124625_length_337_cov_468.180672	107	187	12	32	80	0.4000000
NODE_124625_length_337_cov_468.180672	107	187	13	3	80	0.0375000
NODE_124625_length_337_cov_468.180672	160	230	9	28	70	0.4000000
NODE_124625_length_337_cov_468.180672	160	230	10	1	70	0.0142857
NODE_124625_length_337_cov_468.180672	160	230	11	12	70	0.1714286
NODE_124625_length_337_cov_468.180672	160	230	12	27	70	0.3857143
NODE_124625_length_337_cov_468.180672	160	230	13	2	70	0.0285714
NODE_124625_length_337_cov_468.180672	226	306	9	23	80	0.2875000
NODE_124625_length_337_cov_468.180672	226	306	10	35	80	0.4375000
NODE_124625_length_337_cov_468.180672	226	306	11	11	80	0.1375000
NODE_124625_length_337_cov_468.180672	226	306	12	5	80	0.0625000
NODE_124625_length_337_cov_468.180672	226	306	13	6	80	0.0750000
NODE_124625_length_337_cov_468.180672	279	337	4	15	58	0.2586207
NODE_124625_length_337_cov_468.180672	279	337	7	13	58	0.2241379
NODE_124625_length_337_cov_468.180672	279	337	9	22	58	0.3793103
NODE_124625_length_337_cov_468.180672	279	337	10	8	58	0.1379310
NODE_124626_length_337_cov_91.344538	1	50	2	44	49	0.8979592
NODE_124626_length_337_cov_91.344538	1	50	4	5	49	0.1020408
NODE_124626_length_337_cov_91.344538	23	103	2	22	80	0.2750000
NODE_124626_length_337_cov_91.344538	23	103	4	15	80	0.1875000
NODE_124626_length_337_cov_91.344538	23	103	6	28	80	0.3500000
NODE_124626_length_337_cov_91.344538	23	103	7	15	80	0.1875000
NODE_124627_length_337_cov_73.352941	71	151	2	50	80	0.6250000
NODE_124627_length_337_cov_73.352941	71	151	3	14	80	0.1750000
NODE_124627_length_337_cov_73.352941	71	151	4	16	80	0.2000000
NODE_124627_length_337_cov_73.352941	124	204	2	80	80	1.0000000
NODE_124629_length_337_cov_46.978992	220	305	0	6	85	0.0705882
NODE_124629_length_337_cov_46.978992	220	305	2	79	85	0.9294118
NODE_124629_length_337_cov_46.978992	220	305	0	6	85	0.0705882
NODE_124629_length_337_cov_46.978992	220	305	2	79	85	0.9294118
NODE_124629_length_337_cov_46.978992	220	305	0	6	85	0.0705882
NODE_124629_length_337_cov_46.978992	220	305	2	79	85	0.9294118
NODE_124629_length_337_cov_46.978992	278	327	0	28	49	0.5714286
NODE_124629_length_337_cov_46.978992	278	327	2	21	49	0.4285714
NODE_124629_length_337_cov_46.978992	278	337	0	38	59	0.6440678
NODE_124629_length_337_cov_46.978992	278	337	2	21	59	0.3559322
NODE_124629_length_337_cov_46.978992	283	337	0	38	54	0.7037037
NODE_124629_length_337_cov_46.978992	283	337	2	16	54	0.2962963
NODE_124640_length_337_cov_6.214286	52	95	0	43	43	1.0000000
NODE_124669_length_337_cov_4.298319	5	58	0	53	53	1.0000000
NODE_124703_length_337_cov_3.478992	179	259	7	9	80	0.1125000
NODE_124703_length_337_cov_3.478992	179	259	8	8	80	0.1000000
NODE_124703_length_337_cov_3.478992	179	259	9	13	80	0.1625000
NODE_124703_length_337_cov_3.478992	179	259	10	14	80	0.1750000
NODE_124703_length_337_cov_3.478992	179	259	12	36	80	0.4500000
NODE_124703_length_337_cov_3.478992	232	307	2	1	75	0.0133333
NODE_124703_length_337_cov_3.478992	232	307	5	1	75	0.0133333
NODE_124703_length_337_cov_3.478992	232	307	6	12	75	0.1600000
NODE_124703_length_337_cov_3.478992	232	307	7	43	75	0.5733333
NODE_124703_length_337_cov_3.478992	232	307	8	8	75	0.1066667
NODE_124703_length_337_cov_3.478992	232	307	12	10	75	0.1333333
NODE_124759_length_337_cov_2.647059	80	146	0	66	66	1.0000000
NODE_124858_length_337_cov_2.121849	23	103	0	2	80	0.0250000
NODE_124858_length_337_cov_2.121849	23	103	1	78	80	0.9750000
NODE_124858_length_337_cov_2.121849	76	141	1	64	65	0.9846154
NODE_124858_length_337_cov_2.121849	76	141	3	1	65	0.0153846
NODE_125001_length_337_cov_1.689076	138	218	0	80	80	1.0000000
NODE_125024_length_337_cov_1.592437	109	151	0	42	42	1.0000000
NODE_125024_length_337_cov_1.592437	126	204	0	78	78	1.0000000
NODE_125074_length_337_cov_1.466387	266	332	0	66	66	1.0000000
NODE_125271_length_337_cov_1.071429	279	319	0	40	40	1.0000000
NODE_125332_length_337_cov_0.978992	227	272	0	45	45	1.0000000
NODE_125633_length_336_cov_7.843882	151	231	0	80	80	1.0000000
NODE_125645_length_336_cov_5.578059	159	220	0	61	61	1.0000000
NODE_125645_length_336_cov_5.578059	212	273	0	61	61	1.0000000
NODE_125663_length_336_cov_4.481013	129	207	0	78	78	1.0000000
NODE_125752_length_336_cov_2.755274	83	112	0	26	29	0.8965517
NODE_125752_length_336_cov_2.755274	83	112	1	3	29	0.1034483
NODE_125752_length_336_cov_2.755274	187	268	1	22	81	0.2716049
NODE_125752_length_336_cov_2.755274	187	268	2	9	81	0.1111111
NODE_125752_length_336_cov_2.755274	187	268	3	50	81	0.6172839
NODE_125806_length_336_cov_2.358650	60	133	0	73	73	1.0000000
NODE_125811_length_336_cov_2.337553	93	173	0	80	80	1.0000000
NODE_125965_length_336_cov_1.729958	78	141	0	63	63	1.0000000
NODE_125965_length_336_cov_1.729958	131	194	0	63	63	1.0000000
NODE_126134_length_336_cov_1.333333	34	114	0	80	80	1.0000000
NODE_126134_length_336_cov_1.333333	87	124	0	32	37	0.8648649
NODE_126134_length_336_cov_1.333333	87	124	2	5	37	0.1351351
NODE_126134_length_336_cov_1.333333	182	213	2	31	31	1.0000000
NODE_126216_length_336_cov_1.244726	222	276	0	54	54	1.0000000
NODE_126216_length_336_cov_1.244726	288	312	0	24	24	1.0000000
NODE_126260_length_336_cov_1.143460	129	154	0	25	25	1.0000000
NODE_126545_length_336_cov_0.670886	259	288	1	29	29	1.0000000
NODE_126606_length_335_cov_16.114407	162	242	0	80	80	1.0000000
NODE_126606_length_335_cov_16.114407	215	295	0	80	80	1.0000000
NODE_126609_length_335_cov_9.258475	177	250	0	73	73	1.0000000
NODE_126614_length_335_cov_7.207627	29	109	3	33	80	0.4125000
NODE_126614_length_335_cov_7.207627	29	109	4	47	80	0.5875000
NODE_126614_length_335_cov_7.207627	82	162	3	7	80	0.0875000
NODE_126614_length_335_cov_7.207627	82	162	4	73	80	0.9125000
NODE_126636_length_335_cov_5.046610	182	263	0	81	81	1.0000000
NODE_126639_length_335_cov_4.995763	144	215	0	71	71	1.0000000
NODE_126665_length_335_cov_3.923729	163	231	0	68	68	1.0000000
NODE_126787_length_335_cov_2.411017	230	294	0	64	64	1.0000000
NODE_126791_length_335_cov_2.402542	164	240	0	13	76	0.1710526
NODE_126791_length_335_cov_2.402542	164	240	1	17	76	0.2236842
NODE_126791_length_335_cov_2.402542	164	240	2	1	76	0.0131579
NODE_126791_length_335_cov_2.402542	164	240	4	8	76	0.1052632
NODE_126791_length_335_cov_2.402542	164	240	6	1	76	0.0131579
NODE_126791_length_335_cov_2.402542	164	240	8	12	76	0.1578947
NODE_126791_length_335_cov_2.402542	164	240	9	24	76	0.3157895
NODE_126792_length_335_cov_2.398305	116	179	0	25	63	0.3968254
NODE_126792_length_335_cov_2.398305	116	179	1	38	63	0.6031746
NODE_126826_length_335_cov_2.161017	82	141	0	59	59	1.0000000
NODE_126835_length_335_cov_2.152542	61	134	0	73	73	1.0000000
NODE_126835_length_335_cov_2.152542	114	134	0	20	20	1.0000000
NODE_126920_length_335_cov_1.766949	257	330	0	8	73	0.1095890
NODE_126920_length_335_cov_1.766949	257	330	2	41	73	0.5616438
NODE_126920_length_335_cov_1.766949	257	330	4	24	73	0.3287671
NODE_126920_length_335_cov_1.766949	297	335	0	13	38	0.3421053
NODE_126920_length_335_cov_1.766949	297	335	2	25	38	0.6578947
NODE_127022_length_335_cov_1.529661	255	320	0	65	65	1.0000000
NODE_127023_length_335_cov_1.525424	222	266	3	22	44	0.5000000
NODE_127023_length_335_cov_1.525424	222	266	4	22	44	0.5000000
NODE_127062_length_335_cov_1.457627	38	87	0	49	49	1.0000000
NODE_127130_length_335_cov_1.296610	291	311	0	20	20	1.0000000
NODE_127130_length_335_cov_1.296610	291	311	0	20	20	1.0000000
NODE_127143_length_335_cov_1.292373	202	232	0	30	30	1.0000000
NODE_127200_length_335_cov_1.194915	75	156	0	60	81	0.7407407
NODE_127200_length_335_cov_1.194915	75	156	1	21	81	0.2592593
NODE_127200_length_335_cov_1.194915	129	195	0	6	66	0.0909091
NODE_127200_length_335_cov_1.194915	129	195	1	51	66	0.7727273
NODE_127200_length_335_cov_1.194915	129	195	2	9	66	0.1363636
NODE_127310_length_335_cov_0.983051	96	117	0	21	21	1.0000000
NODE_127585_length_334_cov_275.425532	135	215	18	1	80	0.0125000
NODE_127585_length_334_cov_275.425532	135	215	20	3	80	0.0375000
NODE_127585_length_334_cov_275.425532	135	215	21	5	80	0.0625000
NODE_127585_length_334_cov_275.425532	135	215	22	1	80	0.0125000
NODE_127585_length_334_cov_275.425532	135	215	23	3	80	0.0375000
NODE_127585_length_334_cov_275.425532	135	215	24	1	80	0.0125000
NODE_127585_length_334_cov_275.425532	135	215	25	2	80	0.0250000
NODE_127585_length_334_cov_275.425532	135	215	26	1	80	0.0125000
NODE_127585_length_334_cov_275.425532	135	215	27	1	80	0.0125000
NODE_127585_length_334_cov_275.425532	135	215	28	1	80	0.0125000
NODE_127585_length_334_cov_275.425532	135	215	32	2	80	0.0250000
NODE_127585_length_334_cov_275.425532	135	215	33	18	80	0.2250000
NODE_127585_length_334_cov_275.425532	135	215	34	11	80	0.1375000
NODE_127585_length_334_cov_275.425532	135	215	35	5	80	0.0625000
NODE_127585_length_334_cov_275.425532	135	215	36	8	80	0.1000000
NODE_127585_length_334_cov_275.425532	135	215	37	11	80	0.1375000
NODE_127585_length_334_cov_275.425532	135	215	38	2	80	0.0250000
NODE_127585_length_334_cov_275.425532	135	215	39	4	80	0.0500000
NODE_127585_length_334_cov_275.425532	188	269	26	18	81	0.2222222
NODE_127585_length_334_cov_275.425532	188	269	27	3	81	0.0370370
NODE_127585_length_334_cov_275.425532	188	269	28	6	81	0.0740741
NODE_127585_length_334_cov_275.425532	188	269	30	4	81	0.0493827
NODE_127585_length_334_cov_275.425532	188	269	31	8	81	0.0987654
NODE_127585_length_334_cov_275.425532	188	269	33	8	81	0.0987654
NODE_127585_length_334_cov_275.425532	188	269	34	3	81	0.0370370
NODE_127585_length_334_cov_275.425532	188	269	35	2	81	0.0246914
NODE_127585_length_334_cov_275.425532	188	269	36	12	81	0.1481481
NODE_127585_length_334_cov_275.425532	188	269	37	11	81	0.1358025
NODE_127585_length_334_cov_275.425532	188	269	38	2	81	0.0246914
NODE_127585_length_334_cov_275.425532	188	269	39	4	81	0.0493827
NODE_127586_length_334_cov_14.753191	135	215	6	80	80	1.0000000
NODE_127586_length_334_cov_14.753191	188	268	3	14	80	0.1750000
NODE_127586_length_334_cov_14.753191	188	268	4	29	80	0.3625000
NODE_127586_length_334_cov_14.753191	188	268	5	7	80	0.0875000
NODE_127586_length_334_cov_14.753191	188	268	6	30	80	0.3750000
NODE_127610_length_334_cov_4.829787	92	174	0	82	82	1.0000000
NODE_127610_length_334_cov_4.829787	151	237	0	86	86	1.0000000
NODE_127612_length_334_cov_4.817021	179	231	0	52	52	1.0000000
NODE_127626_length_334_cov_4.438298	121	201	0	2	80	0.0250000
NODE_127626_length_334_cov_4.438298	121	201	2	78	80	0.9750000
NODE_127672_length_334_cov_3.604255	248	314	2	66	66	1.0000000
NODE_127672_length_334_cov_3.604255	287	334	2	47	47	1.0000000
NODE_127844_length_334_cov_2.165957	0	48	0	48	48	1.0000000
NODE_128026_length_334_cov_1.595745	253	328	0	75	75	1.0000000
NODE_128258_length_334_cov_1.157447	146	177	0	31	31	1.0000000
NODE_128665_length_333_cov_5.423077	172	242	0	65	70	0.9285714
NODE_128665_length_333_cov_5.423077	172	242	1	5	70	0.0714286
NODE_128673_length_333_cov_4.867521	122	172	0	50	50	1.0000000
NODE_128673_length_333_cov_4.867521	175	255	0	80	80	1.0000000
NODE_128673_length_333_cov_4.867521	194	219	0	25	25	1.0000000
NODE_128717_length_333_cov_3.717949	49	129	0	80	80	1.0000000
NODE_128717_length_333_cov_3.717949	102	182	0	33	80	0.4125000
NODE_128717_length_333_cov_3.717949	102	182	1	13	80	0.1625000
NODE_128717_length_333_cov_3.717949	102	182	2	24	80	0.3000000
NODE_128717_length_333_cov_3.717949	102	182	3	10	80	0.1250000
NODE_128767_length_333_cov_2.897436	59	139	3	13	80	0.1625000
NODE_128767_length_333_cov_2.897436	59	139	5	6	80	0.0750000
NODE_128767_length_333_cov_2.897436	59	139	7	61	80	0.7625000
NODE_128850_length_333_cov_2.307692	68	148	0	80	80	1.0000000
NODE_128933_length_333_cov_1.940171	135	215	0	80	80	1.0000000
NODE_129252_length_333_cov_1.200855	0	80	1	80	80	1.0000000
NODE_129263_length_333_cov_1.170940	146	193	0	47	47	1.0000000
NODE_129263_length_333_cov_1.170940	203	243	0	40	40	1.0000000
NODE_129303_length_333_cov_1.089744	241	306	0	65	65	1.0000000
NODE_129310_length_333_cov_1.089744	206	226	0	6	20	0.3000000
NODE_129310_length_333_cov_1.089744	206	226	1	1	20	0.0500000
NODE_129310_length_333_cov_1.089744	206	226	2	13	20	0.6500000
NODE_129665_length_332_cov_5.386266	101	167	0	66	66	1.0000000
NODE_129680_length_332_cov_4.768240	221	250	2	29	29	1.0000000
NODE_129695_length_332_cov_4.343348	130	179	2	49	49	1.0000000
NODE_129698_length_332_cov_4.201717	191	237	0	46	46	1.0000000
NODE_129698_length_332_cov_4.201717	211	290	0	79	79	1.0000000
NODE_129879_length_332_cov_2.274678	187	227	2	21	40	0.5250000
NODE_129879_length_332_cov_2.274678	187	227	4	14	40	0.3500000
NODE_129879_length_332_cov_2.274678	187	227	6	3	40	0.0750000
NODE_129879_length_332_cov_2.274678	187	227	8	2	40	0.0500000
NODE_129901_length_332_cov_2.184549	194	258	0	64	64	1.0000000
NODE_130053_length_332_cov_1.682403	241	316	0	75	75	1.0000000
NODE_130055_length_332_cov_1.673820	157	220	1	4	63	0.0634921
NODE_130055_length_332_cov_1.673820	157	220	3	59	63	0.9365079
NODE_130183_length_332_cov_1.364807	132	212	0	80	80	1.0000000
NODE_130187_length_332_cov_1.356223	276	332	0	56	56	1.0000000
NODE_130312_length_332_cov_1.210300	120	176	0	9	56	0.1607143
NODE_130312_length_332_cov_1.210300	120	176	2	47	56	0.8392857
NODE_130757_length_331_cov_5.254310	141	221	0	37	80	0.4625000
NODE_130757_length_331_cov_5.254310	141	221	2	4	80	0.0500000
NODE_130757_length_331_cov_5.254310	141	221	4	39	80	0.4875000
NODE_130757_length_331_cov_5.254310	194	274	2	32	80	0.4000000
NODE_130757_length_331_cov_5.254310	194	274	4	48	80	0.6000000
NODE_130781_length_331_cov_4.323276	26	108	0	9	82	0.1097561
NODE_130781_length_331_cov_4.323276	26	108	1	10	82	0.1219512
NODE_130781_length_331_cov_4.323276	26	108	3	38	82	0.4634146
NODE_130781_length_331_cov_4.323276	26	108	4	25	82	0.3048781
NODE_130902_length_331_cov_2.603448	128	181	2	53	53	1.0000000
NODE_131036_length_331_cov_1.965517	183	216	0	33	33	1.0000000
NODE_131054_length_331_cov_1.896552	266	331	0	65	65	1.0000000
NODE_131817_length_330_cov_14.731602	209	280	0	71	71	1.0000000
NODE_131840_length_330_cov_4.935065	16	97	0	11	81	0.1358025
NODE_131840_length_330_cov_4.935065	16	97	1	70	81	0.8641976
NODE_131840_length_330_cov_4.935065	81	149	1	68	68	1.0000000
NODE_131841_length_330_cov_4.891775	177	255	0	78	78	1.0000000
NODE_131845_length_330_cov_4.740260	134	209	0	75	75	1.0000000
NODE_131892_length_330_cov_3.467532	161	225	0	64	64	1.0000000
NODE_131969_length_330_cov_2.601732	8	88	0	80	80	1.0000000
NODE_132188_length_330_cov_1.623377	154	200	0	46	46	1.0000000
NODE_132238_length_330_cov_1.541126	98	156	0	58	58	1.0000000
NODE_132268_length_330_cov_1.467532	234	287	0	53	53	1.0000000
NODE_132268_length_330_cov_1.467532	242	283	0	41	41	1.0000000
NODE_132306_length_330_cov_1.346320	230	296	0	66	66	1.0000000
NODE_132306_length_330_cov_1.346320	230	257	0	27	27	1.0000000
NODE_132410_length_330_cov_1.220779	249	272	0	23	23	1.0000000
NODE_132478_length_330_cov_1.103896	189	227	0	38	38	1.0000000
NODE_132542_length_330_cov_1.038961	219	297	8	7	78	0.0897436
NODE_132542_length_330_cov_1.038961	219	297	9	17	78	0.2179487
NODE_132542_length_330_cov_1.038961	219	297	10	3	78	0.0384615
NODE_132542_length_330_cov_1.038961	219	297	12	26	78	0.3333333
NODE_132542_length_330_cov_1.038961	219	297	13	1	78	0.0128205
NODE_132542_length_330_cov_1.038961	219	297	14	8	78	0.1025641
NODE_132542_length_330_cov_1.038961	219	297	15	16	78	0.2051282
NODE_132688_length_330_cov_0.883117	284	330	0	46	46	1.0000000
NODE_132873_length_329_cov_110.178261	138	167	4	9	29	0.3103448
NODE_132873_length_329_cov_110.178261	138	167	5	20	29	0.6896552
NODE_132873_length_329_cov_110.178261	189	269	3	9	80	0.1125000
NODE_132873_length_329_cov_110.178261	189	269	4	8	80	0.1000000
NODE_132873_length_329_cov_110.178261	189	269	5	15	80	0.1875000
NODE_132873_length_329_cov_110.178261	189	269	6	15	80	0.1875000
NODE_132873_length_329_cov_110.178261	189	269	7	33	80	0.4125000
NODE_132873_length_329_cov_110.178261	242	322	0	24	80	0.3000000
NODE_132873_length_329_cov_110.178261	242	322	2	26	80	0.3250000
NODE_132873_length_329_cov_110.178261	242	322	3	12	80	0.1500000
NODE_132873_length_329_cov_110.178261	242	322	4	8	80	0.1000000
NODE_132873_length_329_cov_110.178261	242	322	6	10	80	0.1250000
NODE_132879_length_329_cov_8.882609	61	141	1	16	80	0.2000000
NODE_132879_length_329_cov_8.882609	61	141	2	34	80	0.4250000
NODE_132879_length_329_cov_8.882609	61	141	3	30	80	0.3750000
NODE_132879_length_329_cov_8.882609	114	194	3	51	80	0.6375000
NODE_132879_length_329_cov_8.882609	114	194	4	29	80	0.3625000
NODE_132885_length_329_cov_6.586957	166	207	0	41	41	1.0000000
NODE_132908_length_329_cov_4.617391	175	229	0	54	54	1.0000000
NODE_132970_length_329_cov_3.160870	59	139	0	80	80	1.0000000
NODE_133003_length_329_cov_2.821739	164	209	0	45	45	1.0000000
NODE_133003_length_329_cov_2.821739	184	262	0	78	78	1.0000000
NODE_133033_length_329_cov_2.560870	139	201	2	62	62	1.0000000
NODE_133036_length_329_cov_2.543478	145	206	0	61	61	1.0000000
NODE_133123_length_329_cov_2.143478	39	119	2	72	80	0.9000000
NODE_133123_length_329_cov_2.143478	39	119	5	8	80	0.1000000
NODE_133123_length_329_cov_2.143478	92	158	2	19	66	0.2878788
NODE_133123_length_329_cov_2.143478	92	158	5	47	66	0.7121212
NODE_133184_length_329_cov_1.865217	182	252	0	1	70	0.0142857
NODE_133184_length_329_cov_1.865217	182	252	1	39	70	0.5571429
NODE_133184_length_329_cov_1.865217	182	252	3	30	70	0.4285714
NODE_133200_length_329_cov_1.791304	50	84	0	34	34	1.0000000
NODE_133200_length_329_cov_1.791304	92	149	0	57	57	1.0000000
NODE_133200_length_329_cov_1.791304	145	203	0	58	58	1.0000000
NODE_133332_length_329_cov_1.508696	261	323	0	62	62	1.0000000
NODE_133348_length_329_cov_1.469565	168	237	0	69	69	1.0000000
NODE_133376_length_329_cov_1.391304	275	307	8	32	32	1.0000000
NODE_133547_length_329_cov_1.165217	199	242	0	43	43	1.0000000
NODE_133768_length_329_cov_0.878261	221	296	0	75	75	1.0000000
NODE_133970_length_328_cov_4.484716	95	175	0	80	80	1.0000000
NODE_133989_length_328_cov_4.087336	79	159	0	80	80	1.0000000
NODE_133989_length_328_cov_4.087336	132	207	0	75	75	1.0000000
NODE_133993_length_328_cov_3.895197	110	190	0	80	80	1.0000000
NODE_134019_length_328_cov_3.393013	30	78	0	48	48	1.0000000
NODE_134144_length_328_cov_2.161572	103	134	4	31	31	1.0000000
NODE_134247_length_328_cov_1.781659	16	44	2	28	28	1.0000000
NODE_134335_length_328_cov_1.567686	0	76	1	76	76	1.0000000
NODE_134335_length_328_cov_1.567686	49	94	1	45	45	1.0000000
NODE_134452_length_328_cov_1.336245	0	73	0	73	73	1.0000000
NODE_134508_length_328_cov_1.266376	78	158	0	80	80	1.0000000
NODE_135002_length_327_cov_4.934211	170	250	0	80	80	1.0000000
NODE_135009_length_327_cov_4.701754	225	305	0	80	80	1.0000000
NODE_135018_length_327_cov_4.241228	97	173	1	24	76	0.3157895
NODE_135018_length_327_cov_4.241228	97	173	2	34	76	0.4473684
NODE_135018_length_327_cov_4.241228	97	173	3	18	76	0.2368421
NODE_135037_length_327_cov_3.719298	70	150	0	80	80	1.0000000
NODE_135063_length_327_cov_3.350877	156	227	0	71	71	1.0000000
NODE_135328_length_327_cov_1.780702	191	271	0	80	80	1.0000000
NODE_136081_length_326_cov_3.964758	178	228	0	50	50	1.0000000
NODE_136100_length_326_cov_3.502203	211	253	0	42	42	1.0000000
NODE_136100_length_326_cov_3.502203	220	255	0	35	35	1.0000000
NODE_136116_length_326_cov_3.202643	149	203	0	54	54	1.0000000
NODE_136130_length_326_cov_3.057269	107	126	0	19	19	1.0000000
NODE_136176_length_326_cov_2.594714	125	196	1	19	71	0.2676056
NODE_136176_length_326_cov_2.594714	125	196	2	52	71	0.7323943
NODE_136283_length_326_cov_2.123348	184	244	0	60	60	1.0000000
NODE_136496_length_326_cov_1.515419	86	166	0	78	80	0.9750000
NODE_136496_length_326_cov_1.515419	86	166	1	2	80	0.0250000
NODE_137182_length_325_cov_4.893805	142	222	6	80	80	1.0000000
NODE_137182_length_325_cov_4.893805	195	275	0	35	80	0.4375000
NODE_137182_length_325_cov_4.893805	195	275	2	1	80	0.0125000
NODE_137182_length_325_cov_4.893805	195	275	4	10	80	0.1250000
NODE_137182_length_325_cov_4.893805	195	275	6	34	80	0.4250000
NODE_137199_length_325_cov_4.000000	134	198	0	64	64	1.0000000
NODE_137221_length_325_cov_3.513274	191	266	3	21	75	0.2800000
NODE_137221_length_325_cov_3.513274	191	266	4	54	75	0.7200000
NODE_137221_length_325_cov_3.513274	240	319	1	33	79	0.4177215
NODE_137221_length_325_cov_3.513274	240	319	3	41	79	0.5189874
NODE_137221_length_325_cov_3.513274	240	319	4	5	79	0.0632911
NODE_137223_length_325_cov_3.469027	216	278	0	62	62	1.0000000
NODE_137224_length_325_cov_3.429204	178	224	1	46	46	1.0000000
NODE_137243_length_325_cov_3.168142	188	274	0	86	86	1.0000000
NODE_137268_length_325_cov_2.880531	72	152	0	80	80	1.0000000
NODE_137268_length_325_cov_2.880531	125	205	0	48	80	0.6000000
NODE_137268_length_325_cov_2.880531	125	205	2	32	80	0.4000000
NODE_137291_length_325_cov_2.707965	203	261	0	58	58	1.0000000
NODE_137296_length_325_cov_2.703540	68	148	0	80	80	1.0000000
NODE_137330_length_325_cov_2.500000	0	42	0	42	42	1.0000000
NODE_137407_length_325_cov_2.048673	122	202	4	5	80	0.0625000
NODE_137407_length_325_cov_2.048673	122	202	5	33	80	0.4125000
NODE_137407_length_325_cov_2.048673	122	202	7	26	80	0.3250000
NODE_137407_length_325_cov_2.048673	122	202	8	16	80	0.2000000
NODE_137409_length_325_cov_2.035398	83	154	0	71	71	1.0000000
NODE_137642_length_325_cov_1.464602	153	224	0	71	71	1.0000000
NODE_137939_length_325_cov_1.017699	103	134	0	31	31	1.0000000
NODE_138113_length_325_cov_0.827434	258	308	1	8	50	0.1600000
NODE_138113_length_325_cov_0.827434	258	308	2	42	50	0.8400000
NODE_138309_length_324_cov_4.737778	113	160	0	47	47	1.0000000
NODE_138309_length_324_cov_4.737778	142	213	0	71	71	1.0000000
NODE_138358_length_324_cov_3.626667	218	273	0	55	55	1.0000000
NODE_138396_length_324_cov_3.124444	101	181	0	80	80	1.0000000
NODE_138396_length_324_cov_3.124444	256	285	0	29	29	1.0000000
NODE_138416_length_324_cov_2.924444	114	198	0	84	84	1.0000000
NODE_138416_length_324_cov_2.924444	178	237	0	59	59	1.0000000
NODE_138418_length_324_cov_2.915556	141	221	2	80	80	1.0000000
NODE_138434_length_324_cov_2.715556	4	51	0	47	47	1.0000000
NODE_138434_length_324_cov_2.715556	24	104	0	80	80	1.0000000
NODE_138463_length_324_cov_2.506667	270	306	0	36	36	1.0000000
NODE_138483_length_324_cov_2.448889	187	238	1	51	51	1.0000000
NODE_138527_length_324_cov_2.248889	30	96	0	66	66	1.0000000
NODE_138778_length_324_cov_1.502222	10	90	0	80	80	1.0000000
NODE_138792_length_324_cov_1.457778	0	45	0	45	45	1.0000000
NODE_138792_length_324_cov_1.457778	18	75	0	57	57	1.0000000
NODE_138808_length_324_cov_1.382222	263	304	0	41	41	1.0000000
NODE_139129_length_324_cov_1.017778	0	59	0	59	59	1.0000000
NODE_139497_length_323_cov_6.669643	215	286	0	71	71	1.0000000
NODE_139497_length_323_cov_6.669643	268	315	0	47	47	1.0000000
NODE_139511_length_323_cov_5.089286	224	290	2	66	66	1.0000000
NODE_139511_length_323_cov_5.089286	263	319	0	10	56	0.1785714
NODE_139511_length_323_cov_5.089286	263	319	2	46	56	0.8214286
NODE_139572_length_323_cov_3.276786	189	269	1	8	80	0.1000000
NODE_139572_length_323_cov_3.276786	189	269	2	1	80	0.0125000
NODE_139572_length_323_cov_3.276786	189	269	5	2	80	0.0250000
NODE_139572_length_323_cov_3.276786	189	269	6	18	80	0.2250000
NODE_139572_length_323_cov_3.276786	189	269	8	7	80	0.0875000
NODE_139572_length_323_cov_3.276786	189	269	9	15	80	0.1875000
NODE_139572_length_323_cov_3.276786	189	269	10	4	80	0.0500000
NODE_139572_length_323_cov_3.276786	189	269	12	14	80	0.1750000
NODE_139572_length_323_cov_3.276786	189	269	14	3	80	0.0375000
NODE_139572_length_323_cov_3.276786	189	269	16	1	80	0.0125000
NODE_139572_length_323_cov_3.276786	189	269	17	3	80	0.0375000
NODE_139572_length_323_cov_3.276786	189	269	18	4	80	0.0500000
NODE_139575_length_323_cov_3.263393	101	181	4	33	80	0.4125000
NODE_139575_length_323_cov_3.263393	101	181	5	12	80	0.1500000
NODE_139575_length_323_cov_3.263393	101	181	6	35	80	0.4375000
NODE_139591_length_323_cov_3.089286	128	208	0	25	80	0.3125000
NODE_139591_length_323_cov_3.089286	128	208	1	9	80	0.1125000
NODE_139591_length_323_cov_3.089286	128	208	2	46	80	0.5750000
NODE_139591_length_323_cov_3.089286	166	208	0	25	42	0.5952381
NODE_139591_length_323_cov_3.089286	166	208	1	9	42	0.2142857
NODE_139591_length_323_cov_3.089286	166	208	2	8	42	0.1904762
NODE_139591_length_323_cov_3.089286	181	261	0	78	80	0.9750000
NODE_139591_length_323_cov_3.089286	181	261	1	2	80	0.0250000
NODE_139591_length_323_cov_3.089286	181	261	0	78	80	0.9750000
NODE_139591_length_323_cov_3.089286	181	261	1	2	80	0.0250000
NODE_139629_length_323_cov_2.683036	144	215	0	4	71	0.0563380
NODE_139629_length_323_cov_2.683036	144	215	2	67	71	0.9436620
NODE_139746_length_323_cov_2.089286	64	144	0	80	80	1.0000000
NODE_139797_length_323_cov_1.888393	148	207	0	59	59	1.0000000
NODE_139901_length_323_cov_1.705357	195	262	0	67	67	1.0000000
NODE_139901_length_323_cov_1.705357	235	315	0	80	80	1.0000000
NODE_140651_length_322_cov_5.475336	56	136	0	80	80	1.0000000
NODE_140651_length_322_cov_5.475336	113	189	0	76	76	1.0000000
NODE_140692_length_322_cov_3.753363	63	133	0	70	70	1.0000000
NODE_140692_length_322_cov_3.753363	116	190	0	74	74	1.0000000
NODE_140693_length_322_cov_3.735426	60	86	0	26	26	1.0000000
NODE_140693_length_322_cov_3.735426	99	139	0	40	40	1.0000000
NODE_140701_length_322_cov_3.605381	73	116	2	43	43	1.0000000
NODE_140702_length_322_cov_3.600897	75	145	0	70	70	1.0000000
NODE_140820_length_322_cov_2.304933	182	213	0	31	31	1.0000000
NODE_141738_length_321_cov_8.527027	176	240	2	64	64	1.0000000
NODE_141786_length_321_cov_4.094595	196	266	0	70	70	1.0000000
NODE_141811_length_321_cov_3.563063	59	131	0	24	72	0.3333333
NODE_141811_length_321_cov_3.563063	59	131	1	48	72	0.6666667
NODE_141811_length_321_cov_3.563063	112	183	1	71	71	1.0000000
NODE_141813_length_321_cov_3.540541	112	141	0	29	29	1.0000000
NODE_141833_length_321_cov_3.049550	65	115	2	16	50	0.3200000
NODE_141833_length_321_cov_3.049550	65	115	4	34	50	0.6800000
NODE_141833_length_321_cov_3.049550	95	138	2	39	43	0.9069768
NODE_141833_length_321_cov_3.049550	95	138	4	4	43	0.0930233
NODE_141833_length_321_cov_3.049550	118	168	0	4	50	0.0800000
NODE_141833_length_321_cov_3.049550	118	168	1	1	50	0.0200000
NODE_141833_length_321_cov_3.049550	118	168	2	45	50	0.9000000
NODE_141837_length_321_cov_2.995495	146	220	0	74	74	1.0000000
NODE_141842_length_321_cov_2.981982	251	304	0	53	53	1.0000000
NODE_141876_length_321_cov_2.734234	239	306	0	67	67	1.0000000
NODE_141910_length_321_cov_2.427928	221	265	0	38	44	0.8636364
NODE_141910_length_321_cov_2.427928	221	265	2	6	44	0.1363636
NODE_141922_length_321_cov_2.315315	22	65	2	43	43	1.0000000
NODE_141951_length_321_cov_2.270270	43	105	0	18	62	0.2903226
NODE_141951_length_321_cov_2.270270	43	105	2	44	62	0.7096774
NODE_141951_length_321_cov_2.270270	120	203	0	33	83	0.3975904
NODE_141951_length_321_cov_2.270270	120	203	2	50	83	0.6024097
NODE_141951_length_321_cov_2.270270	127	208	0	38	81	0.4691358
NODE_141951_length_321_cov_2.270270	127	208	2	43	81	0.5308642
NODE_142200_length_321_cov_1.576577	241	321	0	80	80	1.0000000
NODE_142363_length_321_cov_1.319820	253	304	2	51	51	1.0000000
NODE_142484_length_321_cov_1.130631	0	43	0	35	43	0.8139535
NODE_142484_length_321_cov_1.130631	0	43	2	4	43	0.0930233
NODE_142484_length_321_cov_1.130631	0	43	3	4	43	0.0930233
NODE_142700_length_321_cov_0.869369	248	294	0	46	46	1.0000000
NODE_142885_length_320_cov_200.484163	264	320	0	34	56	0.6071429
NODE_142885_length_320_cov_200.484163	264	320	1	13	56	0.2321429
NODE_142885_length_320_cov_200.484163	264	320	2	9	56	0.1607143
NODE_142886_length_320_cov_73.357466	51	97	0	46	46	1.0000000
NODE_142886_length_320_cov_73.357466	108	154	0	30	46	0.6521739
NODE_142886_length_320_cov_73.357466	108	154	1	16	46	0.3478261
NODE_142886_length_320_cov_73.357466	165	245	3	16	80	0.2000000
NODE_142886_length_320_cov_73.357466	165	245	4	18	80	0.2250000
NODE_142886_length_320_cov_73.357466	165	245	6	46	80	0.5750000
NODE_142886_length_320_cov_73.357466	218	296	1	10	78	0.1282051
NODE_142886_length_320_cov_73.357466	218	296	2	18	78	0.2307692
NODE_142886_length_320_cov_73.357466	218	296	4	29	78	0.3717949
NODE_142886_length_320_cov_73.357466	218	296	6	21	78	0.2692308
NODE_142887_length_320_cov_35.787330	212	292	1	8	80	0.1000000
NODE_142887_length_320_cov_35.787330	212	292	3	17	80	0.2125000
NODE_142887_length_320_cov_35.787330	212	292	4	55	80	0.6875000
NODE_142887_length_320_cov_35.787330	212	292	1	8	80	0.1000000
NODE_142887_length_320_cov_35.787330	212	292	3	17	80	0.2125000
NODE_142887_length_320_cov_35.787330	212	292	4	55	80	0.6875000
NODE_142887_length_320_cov_35.787330	212	292	1	8	80	0.1000000
NODE_142887_length_320_cov_35.787330	212	292	3	17	80	0.2125000
NODE_142887_length_320_cov_35.787330	212	292	4	55	80	0.6875000
NODE_142887_length_320_cov_35.787330	212	292	1	8	80	0.1000000
NODE_142887_length_320_cov_35.787330	212	292	3	17	80	0.2125000
NODE_142887_length_320_cov_35.787330	212	292	4	55	80	0.6875000
NODE_142887_length_320_cov_35.787330	212	292	1	8	80	0.1000000
NODE_142887_length_320_cov_35.787330	212	292	3	17	80	0.2125000
NODE_142887_length_320_cov_35.787330	212	292	4	55	80	0.6875000
NODE_142887_length_320_cov_35.787330	265	314	1	30	49	0.6122449
NODE_142887_length_320_cov_35.787330	265	314	3	17	49	0.3469388
NODE_142887_length_320_cov_35.787330	265	314	4	2	49	0.0408163
NODE_142887_length_320_cov_35.787330	265	320	0	6	55	0.1090909
NODE_142887_length_320_cov_35.787330	265	320	1	30	55	0.5454546
NODE_142887_length_320_cov_35.787330	265	320	3	17	55	0.3090909
NODE_142887_length_320_cov_35.787330	265	320	4	2	55	0.0363636
NODE_142887_length_320_cov_35.787330	265	320	0	6	55	0.1090909
NODE_142887_length_320_cov_35.787330	265	320	1	30	55	0.5454546
NODE_142887_length_320_cov_35.787330	265	320	3	17	55	0.3090909
NODE_142887_length_320_cov_35.787330	265	320	4	2	55	0.0363636
NODE_142887_length_320_cov_35.787330	268	320	0	6	52	0.1153846
NODE_142887_length_320_cov_35.787330	268	320	1	30	52	0.5769231
NODE_142887_length_320_cov_35.787330	268	320	3	16	52	0.3076923
NODE_142887_length_320_cov_35.787330	270	320	0	6	50	0.1200000
NODE_142887_length_320_cov_35.787330	270	320	1	30	50	0.6000000
NODE_142887_length_320_cov_35.787330	270	320	3	14	50	0.2800000
NODE_142900_length_320_cov_5.841629	115	172	2	57	57	1.0000000
NODE_142900_length_320_cov_5.841629	168	225	0	31	57	0.5438597
NODE_142900_length_320_cov_5.841629	168	225	1	17	57	0.2982456
NODE_142900_length_320_cov_5.841629	168	225	2	9	57	0.1578947
NODE_142934_length_320_cov_4.153846	134	200	0	66	66	1.0000000
NODE_142958_length_320_cov_3.733032	5	40	0	35	35	1.0000000
NODE_142985_length_320_cov_3.402715	142	222	0	80	80	1.0000000
NODE_143076_length_320_cov_2.475113	120	187	0	67	67	1.0000000
NODE_143142_length_320_cov_2.171946	16	96	0	17	80	0.2125000
NODE_143142_length_320_cov_2.171946	16	96	2	33	80	0.4125000
NODE_143142_length_320_cov_2.171946	16	96	4	30	80	0.3750000
NODE_143142_length_320_cov_2.171946	69	149	0	4	80	0.0500000
NODE_143142_length_320_cov_2.171946	69	149	2	8	80	0.1000000
NODE_143142_length_320_cov_2.171946	69	149	4	68	80	0.8500000
NODE_143207_length_320_cov_1.900452	37	117	0	80	80	1.0000000
NODE_143207_length_320_cov_1.900452	90	164	0	74	74	1.0000000
NODE_143230_length_320_cov_1.846154	188	220	0	32	32	1.0000000
NODE_143309_length_320_cov_1.665158	144	198	0	54	54	1.0000000
NODE_143309_length_320_cov_1.665158	198	251	0	53	53	1.0000000
NODE_143351_length_320_cov_1.601810	157	181	0	24	24	1.0000000
NODE_143351_length_320_cov_1.601810	231	290	0	59	59	1.0000000
NODE_143366_length_320_cov_1.556561	0	39	0	39	39	1.0000000
NODE_143442_length_320_cov_1.384615	18	98	0	80	80	1.0000000
NODE_143442_length_320_cov_1.384615	71	145	0	74	74	1.0000000
NODE_143521_length_320_cov_1.312217	117	170	0	53	53	1.0000000
NODE_143670_length_320_cov_1.117647	58	109	0	51	51	1.0000000
NODE_144091_length_319_cov_5.940909	122	202	2	78	80	0.9750000
NODE_144091_length_319_cov_5.940909	122	202	4	2	80	0.0250000
NODE_144107_length_319_cov_4.700000	16	47	0	31	31	1.0000000
NODE_144137_length_319_cov_4.068182	5	36	0	31	31	1.0000000
NODE_144162_length_319_cov_3.568182	149	229	0	47	80	0.5875000
NODE_144162_length_319_cov_3.568182	149	229	1	33	80	0.4125000
NODE_144206_length_319_cov_3.036364	112	174	0	62	62	1.0000000
NODE_144226_length_319_cov_2.800000	25	106	0	6	81	0.0740741
NODE_144226_length_319_cov_2.800000	25	106	1	2	81	0.0246914
NODE_144226_length_319_cov_2.800000	25	106	2	1	81	0.0123457
NODE_144226_length_319_cov_2.800000	25	106	4	8	81	0.0987654
NODE_144226_length_319_cov_2.800000	25	106	6	2	81	0.0246914
NODE_144226_length_319_cov_2.800000	25	106	8	1	81	0.0123457
NODE_144226_length_319_cov_2.800000	25	106	10	13	81	0.1604938
NODE_144226_length_319_cov_2.800000	25	106	13	4	81	0.0493827
NODE_144226_length_319_cov_2.800000	25	106	17	3	81	0.0370370
NODE_144226_length_319_cov_2.800000	25	106	18	3	81	0.0370370
NODE_144226_length_319_cov_2.800000	25	106	20	4	81	0.0493827
NODE_144226_length_319_cov_2.800000	25	106	21	1	81	0.0123457
NODE_144226_length_319_cov_2.800000	25	106	23	1	81	0.0123457
NODE_144226_length_319_cov_2.800000	25	106	29	7	81	0.0864198
NODE_144226_length_319_cov_2.800000	25	106	30	25	81	0.3086420
NODE_144226_length_319_cov_2.800000	79	158	28	20	79	0.2531646
NODE_144226_length_319_cov_2.800000	79	158	29	20	79	0.2531646
NODE_144226_length_319_cov_2.800000	79	158	30	39	79	0.4936709
NODE_144237_length_319_cov_2.740909	67	147	0	80	80	1.0000000
NODE_144252_length_319_cov_2.586364	247	319	0	72	72	1.0000000
NODE_144272_length_319_cov_2.463636	90	153	0	63	63	1.0000000
NODE_144272_length_319_cov_2.463636	163	216	0	53	53	1.0000000
NODE_144316_length_319_cov_2.259091	146	212	0	61	66	0.9242424
NODE_144316_length_319_cov_2.259091	146	212	2	5	66	0.0757576
NODE_144340_length_319_cov_2.163636	213	275	0	62	62	1.0000000
NODE_144390_length_319_cov_1.968182	120	200	0	80	80	1.0000000
NODE_144616_length_319_cov_1.431818	111	157	0	46	46	1.0000000
NODE_144629_length_319_cov_1.395455	129	179	0	50	50	1.0000000
NODE_144788_length_319_cov_1.190909	119	182	0	8	63	0.1269841
NODE_144788_length_319_cov_1.190909	119	182	2	55	63	0.8730159
NODE_144788_length_319_cov_1.190909	197	232	0	35	35	1.0000000
NODE_145289_length_318_cov_232.639269	169	198	41	2	29	0.0689655
NODE_145289_length_318_cov_232.639269	169	198	43	3	29	0.1034483
NODE_145289_length_318_cov_232.639269	169	198	45	2	29	0.0689655
NODE_145289_length_318_cov_232.639269	169	198	47	8	29	0.2758621
NODE_145289_length_318_cov_232.639269	169	198	49	8	29	0.2758621
NODE_145289_length_318_cov_232.639269	169	198	52	2	29	0.0689655
NODE_145289_length_318_cov_232.639269	169	198	53	1	29	0.0344828
NODE_145289_length_318_cov_232.639269	169	198	55	3	29	0.1034483
NODE_145289_length_318_cov_232.639269	171	246	43	3	75	0.0400000
NODE_145289_length_318_cov_232.639269	171	246	45	8	75	0.1066667
NODE_145289_length_318_cov_232.639269	171	246	47	14	75	0.1866667
NODE_145289_length_318_cov_232.639269	171	246	48	2	75	0.0266667
NODE_145289_length_318_cov_232.639269	171	246	49	8	75	0.1066667
NODE_145289_length_318_cov_232.639269	171	246	50	5	75	0.0666667
NODE_145289_length_318_cov_232.639269	171	246	51	5	75	0.0666667
NODE_145289_length_318_cov_232.639269	171	246	52	10	75	0.1333333
NODE_145289_length_318_cov_232.639269	171	246	53	14	75	0.1866667
NODE_145289_length_318_cov_232.639269	171	246	54	3	75	0.0400000
NODE_145289_length_318_cov_232.639269	171	246	55	3	75	0.0400000
NODE_145333_length_318_cov_4.237443	222	294	0	13	72	0.1805556
NODE_145333_length_318_cov_4.237443	222	294	2	59	72	0.8194444
NODE_145348_length_318_cov_3.721461	98	148	0	50	50	1.0000000
NODE_145362_length_318_cov_3.515982	60	129	0	69	69	1.0000000
NODE_145362_length_318_cov_3.515982	60	140	0	80	80	1.0000000
NODE_145362_length_318_cov_3.515982	60	140	0	80	80	1.0000000
NODE_145362_length_318_cov_3.515982	113	153	0	40	40	1.0000000
NODE_145362_length_318_cov_3.515982	122	153	0	31	31	1.0000000
NODE_145465_length_318_cov_2.557078	205	247	2	42	42	1.0000000
NODE_145551_length_318_cov_2.109589	70	150	3	67	80	0.8375000
NODE_145551_length_318_cov_2.109589	70	150	4	13	80	0.1625000
NODE_145619_length_318_cov_1.945205	229	286	0	57	57	1.0000000
NODE_145709_length_318_cov_1.739726	242	308	0	66	66	1.0000000
NODE_145725_length_318_cov_1.684932	49	80	0	31	31	1.0000000
NODE_145787_length_318_cov_1.561644	99	158	1	46	59	0.7796610
NODE_145787_length_318_cov_1.561644	99	158	2	13	59	0.2203390
NODE_145807_length_318_cov_1.493151	151	195	0	44	44	1.0000000
NODE_145807_length_318_cov_1.493151	199	258	0	59	59	1.0000000
NODE_145968_length_318_cov_1.301370	91	141	0	50	50	1.0000000
NODE_146017_length_318_cov_1.173516	83	150	0	7	67	0.1044776
NODE_146017_length_318_cov_1.173516	83	150	1	60	67	0.8955224
NODE_146065_length_318_cov_1.127854	24	51	0	27	27	1.0000000
NODE_146065_length_318_cov_1.127854	24	60	0	36	36	1.0000000
NODE_146467_length_317_cov_55.467890	172	243	6	71	71	1.0000000
NODE_146487_length_317_cov_5.252294	247	307	0	60	60	1.0000000
NODE_146503_length_317_cov_4.467890	105	185	2	80	80	1.0000000
NODE_146503_length_317_cov_4.467890	113	193	2	80	80	1.0000000
NODE_146554_length_317_cov_3.298165	146	206	0	60	60	1.0000000
NODE_146562_length_317_cov_3.266055	111	191	0	80	80	1.0000000
NODE_146562_length_317_cov_3.266055	164	244	0	80	80	1.0000000
NODE_146585_length_317_cov_3.036697	3	79	0	76	76	1.0000000
NODE_146601_length_317_cov_2.825688	14	94	0	80	80	1.0000000
NODE_146601_length_317_cov_2.825688	67	147	0	80	80	1.0000000
NODE_146602_length_317_cov_2.821101	142	208	1	51	66	0.7727273
NODE_146602_length_317_cov_2.821101	142	208	2	15	66	0.2272727
NODE_146604_length_317_cov_2.816514	121	201	0	80	80	1.0000000
NODE_146612_length_317_cov_2.779817	67	138	0	71	71	1.0000000
NODE_147046_length_317_cov_1.353211	166	239	0	73	73	1.0000000
NODE_147046_length_317_cov_1.353211	212	292	0	80	80	1.0000000
NODE_147172_length_317_cov_1.160550	58	117	0	59	59	1.0000000
NODE_147172_length_317_cov_1.160550	90	170	0	65	80	0.8125000
NODE_147172_length_317_cov_1.160550	90	170	2	15	80	0.1875000
NODE_147187_length_317_cov_1.137615	245	313	0	68	68	1.0000000
NODE_147259_length_317_cov_0.967890	170	211	0	41	41	1.0000000
NODE_147373_length_317_cov_0.926606	194	232	0	38	38	1.0000000
NODE_147383_length_317_cov_0.912844	186	244	0	58	58	1.0000000
NODE_147595_length_316_cov_31.502304	96	174	0	34	78	0.4358974
NODE_147595_length_316_cov_31.502304	96	174	2	24	78	0.3076923
NODE_147595_length_316_cov_31.502304	96	174	4	1	78	0.0128205
NODE_147595_length_316_cov_31.502304	96	174	6	10	78	0.1282051
NODE_147595_length_316_cov_31.502304	96	174	8	9	78	0.1153846
NODE_147595_length_316_cov_31.502304	96	121	0	25	25	1.0000000
NODE_147609_length_316_cov_6.179724	225	278	0	53	53	1.0000000
NODE_147623_length_316_cov_5.539171	91	171	0	80	80	1.0000000
NODE_147668_length_316_cov_3.732719	128	208	0	80	80	1.0000000
NODE_147668_length_316_cov_3.732719	181	257	0	76	76	1.0000000
NODE_147680_length_316_cov_3.589862	185	247	0	62	62	1.0000000
NODE_147684_length_316_cov_3.520737	101	143	0	42	42	1.0000000
NODE_147702_length_316_cov_3.221198	108	184	1	76	76	1.0000000
NODE_147734_length_316_cov_2.824885	274	311	0	10	37	0.2702703
NODE_147734_length_316_cov_2.824885	274	311	1	27	37	0.7297297
NODE_147736_length_316_cov_2.820276	200	280	0	80	80	1.0000000
NODE_147757_length_316_cov_2.672811	23	80	0	57	57	1.0000000
NODE_147796_length_316_cov_2.456221	104	144	0	40	40	1.0000000
NODE_147985_length_316_cov_1.751152	73	122	0	49	49	1.0000000
NODE_148030_length_316_cov_1.640553	218	300	0	82	82	1.0000000
NODE_148042_length_316_cov_1.631336	180	233	2	23	53	0.4339623
NODE_148042_length_316_cov_1.631336	180	233	3	18	53	0.3396226
NODE_148042_length_316_cov_1.631336	180	233	4	12	53	0.2264151
NODE_148042_length_316_cov_1.631336	180	215	2	5	35	0.1428571
NODE_148042_length_316_cov_1.631336	180	215	3	18	35	0.5142857
NODE_148042_length_316_cov_1.631336	180	215	4	12	35	0.3428572
NODE_148080_length_316_cov_1.520737	194	275	0	81	81	1.0000000
NODE_148080_length_316_cov_1.520737	248	302	0	54	54	1.0000000
NODE_148086_length_316_cov_1.493088	64	144	2	2	80	0.0250000
NODE_148086_length_316_cov_1.493088	64	144	3	47	80	0.5875000
NODE_148086_length_316_cov_1.493088	64	144	5	31	80	0.3875000
NODE_148193_length_316_cov_1.377880	22	64	0	42	42	1.0000000
NODE_148204_length_316_cov_1.350230	74	117	0	43	43	1.0000000
NODE_148204_length_316_cov_1.350230	90	140	0	50	50	1.0000000
NODE_148533_length_316_cov_0.940092	104	180	0	10	76	0.1315790
NODE_148533_length_316_cov_0.940092	104	180	1	35	76	0.4605263
NODE_148533_length_316_cov_0.940092	104	180	2	31	76	0.4078947
NODE_148533_length_316_cov_0.940092	155	234	2	79	79	1.0000000
NODE_148693_length_316_cov_0.695853	232	267	0	35	35	1.0000000
NODE_148778_length_315_cov_6.967593	127	191	0	64	64	1.0000000
NODE_148786_length_315_cov_6.300926	67	147	2	29	80	0.3625000
NODE_148786_length_315_cov_6.300926	67	147	3	7	80	0.0875000
NODE_148786_length_315_cov_6.300926	67	147	4	44	80	0.5500000
NODE_148786_length_315_cov_6.300926	120	200	1	18	80	0.2250000
NODE_148786_length_315_cov_6.300926	120	200	2	55	80	0.6875000
NODE_148786_length_315_cov_6.300926	120	200	4	7	80	0.0875000
NODE_148812_length_315_cov_4.449074	125	205	0	80	80	1.0000000
NODE_148812_length_315_cov_4.449074	178	225	0	47	47	1.0000000
NODE_148834_length_315_cov_4.009259	0	61	0	61	61	1.0000000
NODE_148834_length_315_cov_4.009259	42	61	0	19	19	1.0000000
NODE_148872_length_315_cov_3.421296	37	120	0	83	83	1.0000000
NODE_148915_length_315_cov_2.847222	0	74	0	74	74	1.0000000
NODE_148915_length_315_cov_2.847222	47	127	0	80	80	1.0000000
NODE_148921_length_315_cov_2.833333	186	253	0	67	67	1.0000000
NODE_148921_length_315_cov_2.833333	186	253	0	67	67	1.0000000
NODE_148991_length_315_cov_2.416667	44	117	4	4	73	0.0547945
NODE_148991_length_315_cov_2.416667	44	117	7	1	73	0.0136986
NODE_148991_length_315_cov_2.416667	44	117	8	5	73	0.0684932
NODE_148991_length_315_cov_2.416667	44	117	10	1	73	0.0136986
NODE_148991_length_315_cov_2.416667	44	117	11	4	73	0.0547945
NODE_148991_length_315_cov_2.416667	44	117	12	5	73	0.0684932
NODE_148991_length_315_cov_2.416667	44	117	23	2	73	0.0273973
NODE_148991_length_315_cov_2.416667	44	117	24	3	73	0.0410959
NODE_148991_length_315_cov_2.416667	44	117	25	6	73	0.0821918
NODE_148991_length_315_cov_2.416667	44	117	26	3	73	0.0410959
NODE_148991_length_315_cov_2.416667	44	117	27	1	73	0.0136986
NODE_148991_length_315_cov_2.416667	44	117	28	6	73	0.0821918
NODE_148991_length_315_cov_2.416667	44	117	29	1	73	0.0136986
NODE_148991_length_315_cov_2.416667	44	117	32	8	73	0.1095890
NODE_148991_length_315_cov_2.416667	44	117	33	1	73	0.0136986
NODE_148991_length_315_cov_2.416667	44	117	35	1	73	0.0136986
NODE_148991_length_315_cov_2.416667	44	117	37	1	73	0.0136986
NODE_148991_length_315_cov_2.416667	44	117	39	2	73	0.0273973
NODE_148991_length_315_cov_2.416667	44	117	41	2	73	0.0273973
NODE_148991_length_315_cov_2.416667	44	117	42	1	73	0.0136986
NODE_148991_length_315_cov_2.416667	44	117	46	1	73	0.0136986
NODE_148991_length_315_cov_2.416667	44	117	47	5	73	0.0684932
NODE_148991_length_315_cov_2.416667	44	117	48	4	73	0.0547945
NODE_148991_length_315_cov_2.416667	44	117	49	3	73	0.0410959
NODE_148991_length_315_cov_2.416667	44	117	50	2	73	0.0273973
NODE_149074_length_315_cov_2.115741	128	193	0	65	65	1.0000000
NODE_149095_length_315_cov_2.004630	270	315	1	3	45	0.0666667
NODE_149095_length_315_cov_2.004630	270	315	2	42	45	0.9333333
NODE_149201_length_315_cov_1.731481	125	202	0	21	77	0.2727273
NODE_149201_length_315_cov_1.731481	125	202	2	56	77	0.7272727
NODE_149391_length_315_cov_1.384259	183	233	0	50	50	1.0000000
NODE_149935_length_315_cov_0.430556	125	145	2	16	20	0.8000000
NODE_149935_length_315_cov_0.430556	125	145	4	4	20	0.2000000
NODE_149943_length_314_cov_108.139535	151	213	4	3	62	0.0483871
NODE_149943_length_314_cov_108.139535	151	213	6	25	62	0.4032258
NODE_149943_length_314_cov_108.139535	151	213	7	25	62	0.4032258
NODE_149943_length_314_cov_108.139535	151	213	8	9	62	0.1451613
NODE_149943_length_314_cov_108.139535	160	213	4	3	53	0.0566038
NODE_149943_length_314_cov_108.139535	160	213	6	23	53	0.4339623
NODE_149943_length_314_cov_108.139535	160	213	7	21	53	0.3962264
NODE_149943_length_314_cov_108.139535	160	213	8	6	53	0.1132075
NODE_149944_length_314_cov_48.134884	245	314	0	69	69	1.0000000
NODE_149946_length_314_cov_9.097674	149	206	0	57	57	1.0000000
NODE_149967_length_314_cov_4.897674	109	189	0	80	80	1.0000000
NODE_150004_length_314_cov_3.823256	119	199	0	80	80	1.0000000
NODE_150020_length_314_cov_3.558140	32	92	0	60	60	1.0000000
NODE_150035_length_314_cov_3.316279	84	126	0	42	42	1.0000000
NODE_150035_length_314_cov_3.316279	127	180	0	51	53	0.9622642
NODE_150035_length_314_cov_3.316279	127	180	3	2	53	0.0377358
NODE_150035_length_314_cov_3.316279	128	148	0	20	20	1.0000000
NODE_150066_length_314_cov_3.032558	252	308	0	3	56	0.0535714
NODE_150066_length_314_cov_3.032558	252	308	1	1	56	0.0178571
NODE_150066_length_314_cov_3.032558	252	308	2	17	56	0.3035714
NODE_150066_length_314_cov_3.032558	252	308	3	5	56	0.0892857
NODE_150066_length_314_cov_3.032558	252	308	4	30	56	0.5357143
NODE_150141_length_314_cov_2.520930	0	61	0	42	61	0.6885246
NODE_150141_length_314_cov_2.520930	0	61	2	19	61	0.3114754
NODE_150141_length_314_cov_2.520930	34	93	0	8	59	0.1355932
NODE_150141_length_314_cov_2.520930	34	93	2	51	59	0.8644068
NODE_150153_length_314_cov_2.441860	48	84	0	36	36	1.0000000
NODE_150159_length_314_cov_2.395349	62	112	3	50	50	1.0000000
NODE_150200_length_314_cov_2.265116	7	53	0	45	46	0.9782609
NODE_150200_length_314_cov_2.265116	7	53	2	1	46	0.0217391
NODE_150220_length_314_cov_2.144186	224	264	1	40	40	1.0000000
NODE_150257_length_314_cov_2.004651	68	148	0	80	80	1.0000000
NODE_150257_length_314_cov_2.004651	121	201	0	80	80	1.0000000
NODE_150385_length_314_cov_1.665116	204	242	0	38	38	1.0000000
NODE_150385_length_314_cov_1.665116	215	295	0	80	80	1.0000000
NODE_150647_length_314_cov_1.223256	7	87	2	75	80	0.9375000
NODE_150647_length_314_cov_1.223256	7	87	4	5	80	0.0625000
NODE_150709_length_314_cov_1.167442	1	69	2	68	68	1.0000000
NODE_151193_length_313_cov_156.051402	177	254	0	77	77	1.0000000
NODE_151193_length_313_cov_156.051402	177	254	0	77	77	1.0000000
NODE_151214_length_313_cov_5.359813	135	196	0	61	61	1.0000000
NODE_151214_length_313_cov_5.359813	169	241	0	72	72	1.0000000
NODE_151230_length_313_cov_4.794393	126	206	2	63	80	0.7875000
NODE_151230_length_313_cov_4.794393	126	206	3	17	80	0.2125000
NODE_151230_length_313_cov_4.794393	179	259	2	80	80	1.0000000
NODE_151232_length_313_cov_4.761682	104	162	0	58	58	1.0000000
NODE_151232_length_313_cov_4.761682	135	215	0	80	80	1.0000000
NODE_151277_length_313_cov_3.560748	106	186	0	80	80	1.0000000
NODE_151331_length_313_cov_2.953271	92	153	0	61	61	1.0000000
NODE_151364_length_313_cov_2.640187	110	182	0	72	72	1.0000000
NODE_151364_length_313_cov_2.640187	113	184	0	71	71	1.0000000
NODE_151409_length_313_cov_2.383178	58	137	0	79	79	1.0000000
NODE_151409_length_313_cov_2.383178	110	190	0	80	80	1.0000000
NODE_151474_length_313_cov_2.107477	153	221	0	68	68	1.0000000
NODE_151510_length_313_cov_1.934579	107	187	0	34	80	0.4250000
NODE_151510_length_313_cov_1.934579	107	187	1	1	80	0.0125000
NODE_151510_length_313_cov_1.934579	107	187	2	2	80	0.0250000
NODE_151510_length_313_cov_1.934579	107	187	4	2	80	0.0250000
NODE_151510_length_313_cov_1.934579	107	187	5	1	80	0.0125000
NODE_151510_length_313_cov_1.934579	107	187	7	1	80	0.0125000
NODE_151510_length_313_cov_1.934579	107	187	10	6	80	0.0750000
NODE_151510_length_313_cov_1.934579	107	187	12	23	80	0.2875000
NODE_151510_length_313_cov_1.934579	107	187	14	1	80	0.0125000
NODE_151510_length_313_cov_1.934579	107	187	16	9	80	0.1125000
NODE_151510_length_313_cov_1.934579	160	240	12	17	80	0.2125000
NODE_151510_length_313_cov_1.934579	160	240	14	1	80	0.0125000
NODE_151510_length_313_cov_1.934579	160	240	16	62	80	0.7750000
NODE_151576_length_313_cov_1.780374	236	296	0	60	60	1.0000000
NODE_151623_length_313_cov_1.663551	58	135	0	77	77	1.0000000
NODE_151703_length_313_cov_1.439252	0	64	0	64	64	1.0000000
NODE_151703_length_313_cov_1.439252	37	82	0	45	45	1.0000000
NODE_151753_length_313_cov_1.429907	74	111	0	37	37	1.0000000
NODE_151753_length_313_cov_1.429907	109	172	0	63	63	1.0000000
NODE_151953_length_313_cov_1.172897	106	161	0	55	55	1.0000000
NODE_151953_length_313_cov_1.172897	149	214	0	65	65	1.0000000
NODE_152525_length_312_cov_3.723005	178	238	1	60	60	1.0000000
NODE_152525_length_312_cov_3.723005	231	291	0	43	60	0.7166666
NODE_152525_length_312_cov_3.723005	231	291	1	17	60	0.2833333
NODE_152609_length_312_cov_2.723005	34	96	0	62	62	1.0000000
NODE_152609_length_312_cov_2.723005	87	149	0	62	62	1.0000000
NODE_152680_length_312_cov_2.333333	6	70	0	64	64	1.0000000
NODE_152680_length_312_cov_2.333333	43	123	0	80	80	1.0000000
NODE_152686_length_312_cov_2.267606	176	208	0	3	32	0.0937500
NODE_152686_length_312_cov_2.267606	176	208	2	29	32	0.9062500
NODE_152697_length_312_cov_2.234742	108	169	0	61	61	1.0000000
NODE_152751_length_312_cov_2.014085	141	205	1	24	64	0.3750000
NODE_152751_length_312_cov_2.014085	141	205	2	40	64	0.6250000
NODE_152751_length_312_cov_2.014085	178	258	2	80	80	1.0000000
NODE_152827_length_312_cov_1.835681	176	221	0	45	45	1.0000000
NODE_152827_length_312_cov_1.835681	194	269	0	75	75	1.0000000
NODE_153222_length_312_cov_1.173709	87	133	0	17	46	0.3695652
NODE_153222_length_312_cov_1.173709	87	133	1	2	46	0.0434783
NODE_153222_length_312_cov_1.173709	87	133	3	5	46	0.1086956
NODE_153222_length_312_cov_1.173709	87	133	5	6	46	0.1304348
NODE_153222_length_312_cov_1.173709	87	133	6	16	46	0.3478261
NODE_153222_length_312_cov_1.173709	150	217	9	4	67	0.0597015
NODE_153222_length_312_cov_1.173709	150	217	11	9	67	0.1343284
NODE_153222_length_312_cov_1.173709	150	217	13	10	67	0.1492537
NODE_153222_length_312_cov_1.173709	150	217	14	40	67	0.5970149
NODE_153222_length_312_cov_1.173709	150	217	16	4	67	0.0597015
NODE_153532_length_312_cov_0.788732	49	110	0	61	61	1.0000000
NODE_153532_length_312_cov_0.788732	102	163	0	61	61	1.0000000
NODE_153708_length_311_cov_5.179245	155	235	0	8	80	0.1000000
NODE_153708_length_311_cov_5.179245	155	235	1	26	80	0.3250000
NODE_153708_length_311_cov_5.179245	155	235	2	46	80	0.5750000
NODE_153721_length_311_cov_4.589623	133	200	0	67	67	1.0000000
NODE_153730_length_311_cov_4.358491	199	263	0	35	64	0.5468750
NODE_153730_length_311_cov_4.358491	199	263	1	29	64	0.4531250
NODE_153743_length_311_cov_3.929245	91	127	1	36	36	1.0000000
NODE_153755_length_311_cov_3.825472	224	304	0	80	80	1.0000000
NODE_153773_length_311_cov_3.466981	106	186	0	80	80	1.0000000
NODE_153796_length_311_cov_3.188679	39	96	0	57	57	1.0000000
NODE_153846_length_311_cov_2.702830	144	193	0	49	49	1.0000000
NODE_153850_length_311_cov_2.665094	43	113	0	70	70	1.0000000
NODE_153859_length_311_cov_2.617925	206	284	0	78	78	1.0000000
NODE_153859_length_311_cov_2.617925	257	301	0	44	44	1.0000000
NODE_153913_length_311_cov_2.349057	177	204	0	27	27	1.0000000
NODE_153919_length_311_cov_2.325472	74	138	0	64	64	1.0000000
NODE_153947_length_311_cov_2.188679	21	92	0	71	71	1.0000000
NODE_154014_length_311_cov_1.924528	46	65	0	19	19	1.0000000
NODE_154056_length_311_cov_1.891509	122	180	1	58	58	1.0000000
NODE_154188_length_311_cov_1.594340	0	35	0	35	35	1.0000000
NODE_154190_length_311_cov_1.589623	96	151	0	55	55	1.0000000
NODE_154194_length_311_cov_1.570755	125	145	2	20	20	1.0000000
NODE_154957_length_311_cov_0.613208	136	216	0	80	80	1.0000000
NODE_154957_length_311_cov_0.613208	189	264	0	75	75	1.0000000
NODE_154996_length_310_cov_96.995261	211	249	12	11	38	0.2894737
NODE_154996_length_310_cov_96.995261	211	249	13	17	38	0.4473684
NODE_154996_length_310_cov_96.995261	211	249	14	10	38	0.2631579
NODE_155001_length_310_cov_7.767773	80	151	0	71	71	1.0000000
NODE_155001_length_310_cov_7.767773	134	189	0	55	55	1.0000000
NODE_155017_length_310_cov_5.914692	84	134	0	50	50	1.0000000
NODE_155017_length_310_cov_5.914692	113	134	0	21	21	1.0000000
NODE_155017_length_310_cov_5.914692	113	188	0	75	75	1.0000000
NODE_155066_length_310_cov_3.777251	146	226	0	2	80	0.0250000
NODE_155066_length_310_cov_3.777251	146	226	1	9	80	0.1125000
NODE_155066_length_310_cov_3.777251	146	226	2	69	80	0.8625000
NODE_155115_length_310_cov_3.180095	137	211	0	20	74	0.2702703
NODE_155115_length_310_cov_3.180095	137	211	2	54	74	0.7297297
NODE_155179_length_310_cov_2.630332	122	174	0	52	52	1.0000000
NODE_155179_length_310_cov_2.630332	175	222	0	47	47	1.0000000
NODE_155180_length_310_cov_2.625592	258	301	0	43	43	1.0000000
NODE_155195_length_310_cov_2.563981	149	196	0	12	47	0.2553191
NODE_155195_length_310_cov_2.563981	149	196	1	6	47	0.1276596
NODE_155195_length_310_cov_2.563981	149	196	2	7	47	0.1489362
NODE_155195_length_310_cov_2.563981	149	196	4	22	47	0.4680851
NODE_155195_length_310_cov_2.563981	169	249	0	65	80	0.8125000
NODE_155195_length_310_cov_2.563981	169	249	1	6	80	0.0750000
NODE_155195_length_310_cov_2.563981	169	249	2	7	80	0.0875000
NODE_155195_length_310_cov_2.563981	169	249	4	2	80	0.0250000
NODE_155261_length_310_cov_2.298578	213	259	2	30	46	0.6521739
NODE_155261_length_310_cov_2.298578	213	259	3	16	46	0.3478261
NODE_155334_length_310_cov_2.009479	223	303	0	80	80	1.0000000
NODE_155439_length_310_cov_1.729858	53	91	0	38	38	1.0000000
NODE_155768_length_310_cov_1.222749	181	244	0	63	63	1.0000000
NODE_155864_length_310_cov_1.142180	65	135	0	70	70	1.0000000
NODE_155937_length_310_cov_0.966825	131	212	0	81	81	1.0000000
NODE_155937_length_310_cov_0.966825	193	256	0	63	63	1.0000000
NODE_156078_length_310_cov_0.924171	180	222	0	42	42	1.0000000
NODE_156174_length_310_cov_0.739336	208	288	0	80	80	1.0000000
NODE_156332_length_309_cov_8.552381	154	234	0	80	80	1.0000000
NODE_156340_length_309_cov_6.147619	20	83	0	63	63	1.0000000
NODE_156349_length_309_cov_5.147619	213	291	0	78	78	1.0000000
NODE_156364_length_309_cov_4.585714	15	95	0	80	80	1.0000000
NODE_156472_length_309_cov_3.028571	0	47	0	47	47	1.0000000
NODE_156472_length_309_cov_3.028571	20	101	0	81	81	1.0000000
NODE_156563_length_309_cov_2.304762	179	218	0	9	39	0.2307692
NODE_156563_length_309_cov_2.304762	179	218	2	30	39	0.7692308
NODE_156615_length_309_cov_2.095238	55	85	0	30	30	1.0000000
NODE_156678_length_309_cov_1.938095	2	73	0	71	71	1.0000000
NODE_156950_length_309_cov_1.414286	189	231	0	38	42	0.9047619
NODE_156950_length_309_cov_1.414286	189	231	1	4	42	0.0952381
NODE_156978_length_309_cov_1.376190	94	168	0	74	74	1.0000000
NODE_157334_length_309_cov_0.966667	134	153	0	19	19	1.0000000
NODE_157469_length_309_cov_0.738095	150	215	0	65	65	1.0000000
NODE_157661_length_308_cov_4.775120	137	174	0	37	37	1.0000000
NODE_157690_length_308_cov_3.966507	126	206	0	52	80	0.6500000
NODE_157690_length_308_cov_3.966507	126	206	2	28	80	0.3500000
NODE_157705_length_308_cov_3.665072	11	75	0	64	64	1.0000000
NODE_157819_length_308_cov_2.593301	137	193	0	56	56	1.0000000
NODE_157852_length_308_cov_2.435407	14	58	0	14	44	0.3181818
NODE_157852_length_308_cov_2.435407	14	58	2	30	44	0.6818182
NODE_157852_length_308_cov_2.435407	31	111	2	80	80	1.0000000
NODE_157898_length_308_cov_2.191388	14	80	0	66	66	1.0000000
NODE_157903_length_308_cov_2.191388	236	296	0	60	60	1.0000000
NODE_157969_length_308_cov_1.952153	251	296	0	45	45	1.0000000
NODE_158083_length_308_cov_1.708134	102	148	2	46	46	1.0000000
NODE_158276_length_308_cov_1.435407	196	276	0	80	80	1.0000000
NODE_158439_length_308_cov_1.162679	260	300	0	40	40	1.0000000
NODE_158439_length_308_cov_1.162679	273	307	0	34	34	1.0000000
NODE_158447_length_308_cov_1.148325	35	83	0	48	48	1.0000000
NODE_158448_length_308_cov_1.148325	253	308	0	55	55	1.0000000
NODE_158510_length_308_cov_1.038278	147	202	0	55	55	1.0000000
NODE_158811_length_308_cov_0.684211	196	275	0	79	79	1.0000000
NODE_158821_length_308_cov_0.660287	109	157	0	2	48	0.0416667
NODE_158821_length_308_cov_0.660287	109	157	2	46	48	0.9583333
NODE_158821_length_308_cov_0.660287	130	210	0	9	80	0.1125000
NODE_158821_length_308_cov_0.660287	130	210	2	71	80	0.8875000
NODE_158905_length_307_cov_30.725962	0	73	0	73	73	1.0000000
NODE_158905_length_307_cov_30.725962	46	99	0	53	53	1.0000000
NODE_158906_length_307_cov_25.096154	84	164	5	13	80	0.1625000
NODE_158906_length_307_cov_25.096154	84	164	7	1	80	0.0125000
NODE_158906_length_307_cov_25.096154	84	164	8	8	80	0.1000000
NODE_158906_length_307_cov_25.096154	84	164	9	30	80	0.3750000
NODE_158906_length_307_cov_25.096154	84	164	10	9	80	0.1125000
NODE_158906_length_307_cov_25.096154	84	164	11	12	80	0.1500000
NODE_158906_length_307_cov_25.096154	84	164	12	7	80	0.0875000
NODE_158906_length_307_cov_25.096154	137	217	6	7	80	0.0875000
NODE_158906_length_307_cov_25.096154	137	217	8	4	80	0.0500000
NODE_158906_length_307_cov_25.096154	137	217	9	38	80	0.4750000
NODE_158906_length_307_cov_25.096154	137	217	10	13	80	0.1625000
NODE_158906_length_307_cov_25.096154	137	217	11	11	80	0.1375000
NODE_158906_length_307_cov_25.096154	137	217	12	7	80	0.0875000
NODE_158933_length_307_cov_5.524038	150	221	1	71	71	1.0000000
NODE_158983_length_307_cov_3.730769	172	252	0	64	80	0.8000000
NODE_158983_length_307_cov_3.730769	172	252	1	16	80	0.2000000
NODE_158983_length_307_cov_3.730769	225	305	0	80	80	1.0000000
NODE_158999_length_307_cov_3.322115	20	100	0	27	80	0.3375000
NODE_158999_length_307_cov_3.322115	20	100	2	53	80	0.6625000
NODE_158999_length_307_cov_3.322115	78	153	2	75	75	1.0000000
NODE_159000_length_307_cov_3.317308	12	94	0	55	82	0.6707317
NODE_159000_length_307_cov_3.317308	12	94	2	27	82	0.3292683
NODE_159000_length_307_cov_3.317308	76	134	2	58	58	1.0000000
NODE_159053_length_307_cov_2.870192	43	108	0	65	65	1.0000000
NODE_159084_length_307_cov_2.653846	117	177	2	34	60	0.5666667
NODE_159084_length_307_cov_2.653846	117	177	4	26	60	0.4333333
NODE_159142_length_307_cov_2.346154	54	105	0	51	51	1.0000000
NODE_159351_length_307_cov_1.716346	124	165	0	41	41	1.0000000
NODE_159362_length_307_cov_1.716346	30	93	0	63	63	1.0000000
NODE_159407_length_307_cov_1.600962	221	269	0	48	48	1.0000000
NODE_159407_length_307_cov_1.600962	242	307	0	65	65	1.0000000
NODE_159447_length_307_cov_1.475962	252	307	0	55	55	1.0000000
NODE_159585_length_307_cov_1.326923	96	142	0	46	46	1.0000000
NODE_159585_length_307_cov_1.326923	115	195	0	80	80	1.0000000
NODE_159618_length_307_cov_1.264423	13	61	0	46	48	0.9583333
NODE_159618_length_307_cov_1.264423	13	61	1	2	48	0.0416667
NODE_159618_length_307_cov_1.264423	23	54	0	31	31	1.0000000
NODE_159696_length_307_cov_1.197115	92	121	3	9	29	0.3103448
NODE_159696_length_307_cov_1.197115	92	121	4	20	29	0.6896552
NODE_159787_length_307_cov_1.000000	132	168	0	36	36	1.0000000
NODE_160213_length_306_cov_74.526570	68	136	1	16	68	0.2352941
NODE_160213_length_306_cov_74.526570	68	136	2	14	68	0.2058824
NODE_160213_length_306_cov_74.526570	68	136	6	2	68	0.0294118
NODE_160213_length_306_cov_74.526570	68	136	8	36	68	0.5294118
NODE_160213_length_306_cov_74.526570	68	148	1	16	80	0.2000000
NODE_160213_length_306_cov_74.526570	68	148	2	14	80	0.1750000
NODE_160213_length_306_cov_74.526570	68	148	6	2	80	0.0250000
NODE_160213_length_306_cov_74.526570	68	148	8	48	80	0.6000000
NODE_160213_length_306_cov_74.526570	121	201	7	30	80	0.3750000
NODE_160213_length_306_cov_74.526570	121	201	8	50	80	0.6250000
NODE_160213_length_306_cov_74.526570	121	201	7	30	80	0.3750000
NODE_160213_length_306_cov_74.526570	121	201	8	50	80	0.6250000
NODE_160213_length_306_cov_74.526570	197	277	0	27	80	0.3375000
NODE_160213_length_306_cov_74.526570	197	277	2	16	80	0.2000000
NODE_160213_length_306_cov_74.526570	197	277	3	8	80	0.1000000
NODE_160213_length_306_cov_74.526570	197	277	6	15	80	0.1875000
NODE_160213_length_306_cov_74.526570	197	277	7	14	80	0.1750000
NODE_160213_length_306_cov_74.526570	197	277	0	27	80	0.3375000
NODE_160213_length_306_cov_74.526570	197	277	2	16	80	0.2000000
NODE_160213_length_306_cov_74.526570	197	277	3	8	80	0.1000000
NODE_160213_length_306_cov_74.526570	197	277	6	15	80	0.1875000
NODE_160213_length_306_cov_74.526570	197	277	7	14	80	0.1750000
NODE_160213_length_306_cov_74.526570	197	277	0	27	80	0.3375000
NODE_160213_length_306_cov_74.526570	197	277	2	16	80	0.2000000
NODE_160213_length_306_cov_74.526570	197	277	3	8	80	0.1000000
NODE_160213_length_306_cov_74.526570	197	277	6	15	80	0.1875000
NODE_160213_length_306_cov_74.526570	197	277	7	14	80	0.1750000
NODE_160213_length_306_cov_74.526570	250	299	0	49	49	1.0000000
NODE_160213_length_306_cov_74.526570	250	306	0	56	56	1.0000000
NODE_160213_length_306_cov_74.526570	255	306	0	51	51	1.0000000
NODE_160217_length_306_cov_7.396135	23	117	0	94	94	1.0000000
NODE_160217_length_306_cov_7.396135	90	170	0	80	80	1.0000000
NODE_160261_length_306_cov_4.275362	67	147	0	80	80	1.0000000
NODE_160275_length_306_cov_3.937198	104	176	0	72	72	1.0000000
NODE_160300_length_306_cov_3.444444	130	206	0	76	76	1.0000000
NODE_160323_length_306_cov_3.217391	198	278	0	80	80	1.0000000
NODE_160333_length_306_cov_3.043478	90	171	3	27	81	0.3333333
NODE_160333_length_306_cov_3.043478	90	171	4	54	81	0.6666667
NODE_160333_length_306_cov_3.043478	144	202	2	4	58	0.0689655
NODE_160333_length_306_cov_3.043478	144	202	3	54	58	0.9310345
NODE_160340_length_306_cov_2.956522	242	273	2	31	31	1.0000000
NODE_160355_length_306_cov_2.884058	173	243	1	5	70	0.0714286
NODE_160355_length_306_cov_2.884058	173	243	2	62	70	0.8857143
NODE_160355_length_306_cov_2.884058	173	243	3	3	70	0.0428571
NODE_160403_length_306_cov_2.574879	122	203	0	81	81	1.0000000
NODE_160403_length_306_cov_2.574879	176	254	0	78	78	1.0000000
NODE_160475_length_306_cov_2.265700	223	278	2	39	55	0.7090909
NODE_160475_length_306_cov_2.265700	223	278	4	16	55	0.2909091
NODE_160512_length_306_cov_2.106280	73	149	0	76	76	1.0000000
NODE_160512_length_306_cov_2.106280	125	205	0	80	80	1.0000000
NODE_160608_length_306_cov_1.879227	165	196	2	31	31	1.0000000
NODE_160752_length_306_cov_1.478261	206	237	2	31	31	1.0000000
NODE_160761_length_306_cov_1.478261	157	220	0	63	63	1.0000000
NODE_160833_length_306_cov_1.434783	40	88	0	48	48	1.0000000
NODE_160875_length_306_cov_1.357488	128	171	0	43	43	1.0000000
NODE_160992_length_306_cov_1.222222	216	252	0	36	36	1.0000000
NODE_160992_length_306_cov_1.222222	230	305	0	75	75	1.0000000
NODE_161018_length_306_cov_1.188406	79	159	0	80	80	1.0000000
NODE_161042_length_306_cov_1.130435	122	202	0	80	80	1.0000000
NODE_161042_length_306_cov_1.130435	175	255	0	80	80	1.0000000
NODE_161078_length_306_cov_1.067633	156	188	0	32	32	1.0000000
NODE_161234_length_306_cov_0.975845	219	247	0	28	28	1.0000000
NODE_161246_length_306_cov_0.956522	206	284	0	78	78	1.0000000
NODE_161550_length_305_cov_5.718447	177	243	0	66	66	1.0000000
NODE_161566_length_305_cov_4.854369	55	135	0	11	80	0.1375000
NODE_161566_length_305_cov_4.854369	55	135	2	53	80	0.6625000
NODE_161566_length_305_cov_4.854369	55	135	3	16	80	0.2000000
NODE_161584_length_305_cov_4.266990	186	266	0	80	80	1.0000000
NODE_161723_length_305_cov_2.616505	220	263	0	43	43	1.0000000
NODE_161723_length_305_cov_2.616505	236	305	0	69	69	1.0000000
NODE_161726_length_305_cov_2.597087	171	256	15	5	85	0.0588235
NODE_161726_length_305_cov_2.597087	171	256	16	2	85	0.0235294
NODE_161726_length_305_cov_2.597087	171	256	18	1	85	0.0117647
NODE_161726_length_305_cov_2.597087	171	256	19	2	85	0.0235294
NODE_161726_length_305_cov_2.597087	171	256	20	6	85	0.0705882
NODE_161726_length_305_cov_2.597087	171	256	21	1	85	0.0117647
NODE_161726_length_305_cov_2.597087	171	256	22	15	85	0.1764706
NODE_161726_length_305_cov_2.597087	171	256	24	5	85	0.0588235
NODE_161726_length_305_cov_2.597087	171	256	25	4	85	0.0470588
NODE_161726_length_305_cov_2.597087	171	256	27	1	85	0.0117647
NODE_161726_length_305_cov_2.597087	171	256	28	5	85	0.0588235
NODE_161726_length_305_cov_2.597087	171	256	29	1	85	0.0117647
NODE_161726_length_305_cov_2.597087	171	256	31	2	85	0.0235294
NODE_161726_length_305_cov_2.597087	171	256	32	3	85	0.0352941
NODE_161726_length_305_cov_2.597087	171	256	34	32	85	0.3764706
NODE_161732_length_305_cov_2.533981	3	57	0	54	54	1.0000000
NODE_161775_length_305_cov_2.339806	149	237	6	18	88	0.2045455
NODE_161775_length_305_cov_2.339806	149	237	8	27	88	0.3068182
NODE_161775_length_305_cov_2.339806	149	237	10	20	88	0.2272727
NODE_161775_length_305_cov_2.339806	149	237	12	23	88	0.2613636
NODE_161795_length_305_cov_2.228155	194	274	0	80	80	1.0000000
NODE_161795_length_305_cov_2.228155	247	300	0	53	53	1.0000000
NODE_161877_length_305_cov_1.975728	44	116	0	72	72	1.0000000
NODE_161908_length_305_cov_1.883495	135	172	1	17	37	0.4594595
NODE_161908_length_305_cov_1.883495	135	172	2	2	37	0.0540541
NODE_161908_length_305_cov_1.883495	135	172	4	7	37	0.1891892
NODE_161908_length_305_cov_1.883495	135	172	6	1	37	0.0270270
NODE_161908_length_305_cov_1.883495	135	172	7	10	37	0.2702703
NODE_161990_length_305_cov_1.674757	14	80	1	58	66	0.8787879
NODE_161990_length_305_cov_1.674757	14	80	3	1	66	0.0151515
NODE_161990_length_305_cov_1.674757	14	80	5	7	66	0.1060606
NODE_161990_length_305_cov_1.674757	53	133	1	19	80	0.2375000
NODE_161990_length_305_cov_1.674757	53	133	3	1	80	0.0125000
NODE_161990_length_305_cov_1.674757	53	133	5	25	80	0.3125000
NODE_161990_length_305_cov_1.674757	53	133	6	6	80	0.0750000
NODE_161990_length_305_cov_1.674757	53	133	7	29	80	0.3625000
NODE_161996_length_305_cov_1.655340	110	179	2	27	69	0.3913043
NODE_161996_length_305_cov_1.655340	110	179	4	42	69	0.6086956
NODE_162123_length_305_cov_1.466019	153	238	7	39	85	0.4588235
NODE_162123_length_305_cov_1.466019	153	238	8	33	85	0.3882353
NODE_162123_length_305_cov_1.466019	153	238	9	13	85	0.1529412
NODE_162123_length_305_cov_1.466019	222	284	5	22	62	0.3548387
NODE_162123_length_305_cov_1.466019	222	284	6	3	62	0.0483871
NODE_162123_length_305_cov_1.466019	222	284	7	3	62	0.0483871
NODE_162123_length_305_cov_1.466019	222	284	8	20	62	0.3225806
NODE_162123_length_305_cov_1.466019	222	284	9	14	62	0.2258064
NODE_162169_length_305_cov_1.398058	28	75	0	47	47	1.0000000
NODE_162198_length_305_cov_1.330097	212	292	1	9	80	0.1125000
NODE_162198_length_305_cov_1.330097	212	292	3	2	80	0.0250000
NODE_162198_length_305_cov_1.330097	212	292	5	22	80	0.2750000
NODE_162198_length_305_cov_1.330097	212	292	6	8	80	0.1000000
NODE_162198_length_305_cov_1.330097	212	292	8	19	80	0.2375000
NODE_162198_length_305_cov_1.330097	212	292	10	20	80	0.2500000
NODE_162198_length_305_cov_1.330097	265	305	1	22	40	0.5500000
NODE_162198_length_305_cov_1.330097	265	305	3	2	40	0.0500000
NODE_162198_length_305_cov_1.330097	265	305	5	16	40	0.4000000
NODE_162359_length_305_cov_1.111650	245	275	0	30	30	1.0000000
NODE_162411_length_305_cov_0.990291	46	126	0	80	80	1.0000000
NODE_162593_length_305_cov_0.873786	73	109	0	36	36	1.0000000
NODE_162782_length_305_cov_0.631068	86	166	1	20	80	0.2500000
NODE_162782_length_305_cov_0.631068	86	166	2	60	80	0.7500000
NODE_162782_length_305_cov_0.631068	139	186	0	17	47	0.3617021
NODE_162782_length_305_cov_0.631068	139	186	1	23	47	0.4893617
NODE_162782_length_305_cov_0.631068	139	186	2	7	47	0.1489362
NODE_162854_length_304_cov_44.482927	61	102	7	29	41	0.7073171
NODE_162854_length_304_cov_44.482927	61	102	9	12	41	0.2926829
NODE_162855_length_304_cov_30.678049	205	281	0	76	76	1.0000000
NODE_162855_length_304_cov_30.678049	254	304	0	50	50	1.0000000
NODE_162886_length_304_cov_4.956098	72	152	0	80	80	1.0000000
NODE_162919_length_304_cov_3.980488	46	126	2	80	80	1.0000000
NODE_162919_length_304_cov_3.980488	99	179	2	64	80	0.8000000
NODE_162919_length_304_cov_3.980488	99	179	4	16	80	0.2000000
NODE_162932_length_304_cov_3.809756	108	156	0	48	48	1.0000000
NODE_162955_length_304_cov_3.424390	67	129	0	32	62	0.5161290
NODE_162955_length_304_cov_3.424390	67	129	1	30	62	0.4838710
NODE_162955_length_304_cov_3.424390	120	182	1	62	62	1.0000000
NODE_162997_length_304_cov_2.980488	105	126	0	21	21	1.0000000
NODE_163048_length_304_cov_2.629268	106	186	1	45	80	0.5625000
NODE_163048_length_304_cov_2.629268	106	186	2	35	80	0.4375000
NODE_163048_length_304_cov_2.629268	159	209	2	50	50	1.0000000
NODE_163116_length_304_cov_2.239024	57	137	0	14	80	0.1750000
NODE_163116_length_304_cov_2.239024	57	137	2	66	80	0.8250000
NODE_163116_length_304_cov_2.239024	110	152	0	29	42	0.6904762
NODE_163116_length_304_cov_2.239024	110	152	2	13	42	0.3095238
NODE_163148_length_304_cov_2.170732	112	145	0	33	33	1.0000000
NODE_163148_length_304_cov_2.170732	146	198	0	52	52	1.0000000
NODE_163333_length_304_cov_1.687805	219	288	0	69	69	1.0000000
NODE_163432_length_304_cov_1.492683	190	238	0	48	48	1.0000000
NODE_163559_length_304_cov_1.287805	99	165	0	23	66	0.3484848
NODE_163559_length_304_cov_1.287805	99	165	1	43	66	0.6515151
NODE_163670_length_304_cov_1.175610	0	30	0	30	30	1.0000000
NODE_163895_length_304_cov_0.951220	70	150	0	80	80	1.0000000
NODE_164171_length_303_cov_30.843137	46	97	0	51	51	1.0000000
NODE_164194_length_303_cov_5.401961	33	79	0	46	46	1.0000000
NODE_164224_length_303_cov_4.210784	136	205	2	69	69	1.0000000
NODE_164224_length_303_cov_4.210784	178	259	0	52	81	0.6419753
NODE_164224_length_303_cov_4.210784	178	259	1	1	81	0.0123457
NODE_164224_length_303_cov_4.210784	178	259	2	28	81	0.3456790
NODE_164251_length_303_cov_3.671569	9	75	1	9	66	0.1363636
NODE_164251_length_303_cov_3.671569	9	75	2	3	66	0.0454545
NODE_164251_length_303_cov_3.671569	9	75	3	4	66	0.0606061
NODE_164251_length_303_cov_3.671569	9	75	4	50	66	0.7575758
NODE_164251_length_303_cov_3.671569	48	128	4	34	80	0.4250000
NODE_164251_length_303_cov_3.671569	48	128	5	29	80	0.3625000
NODE_164251_length_303_cov_3.671569	48	128	6	17	80	0.2125000
NODE_164251_length_303_cov_3.671569	48	128	4	34	80	0.4250000
NODE_164251_length_303_cov_3.671569	48	128	5	29	80	0.3625000
NODE_164251_length_303_cov_3.671569	48	128	6	17	80	0.2125000
NODE_164251_length_303_cov_3.671569	220	300	0	39	80	0.4875000
NODE_164251_length_303_cov_3.671569	220	300	1	41	80	0.5125000
NODE_164267_length_303_cov_3.500000	55	123	0	68	68	1.0000000
NODE_164272_length_303_cov_3.460784	0	67	0	37	67	0.5522388
NODE_164272_length_303_cov_3.460784	0	67	2	5	67	0.0746269
NODE_164272_length_303_cov_3.460784	0	67	4	6	67	0.0895522
NODE_164272_length_303_cov_3.460784	0	67	5	3	67	0.0447761
NODE_164272_length_303_cov_3.460784	0	67	6	16	67	0.2388060
NODE_164272_length_303_cov_3.460784	98	178	15	14	80	0.1750000
NODE_164272_length_303_cov_3.460784	98	178	16	1	80	0.0125000
NODE_164272_length_303_cov_3.460784	98	178	18	13	80	0.1625000
NODE_164272_length_303_cov_3.460784	98	178	20	15	80	0.1875000
NODE_164272_length_303_cov_3.460784	98	178	21	9	80	0.1125000
NODE_164272_length_303_cov_3.460784	98	178	22	28	80	0.3500000
NODE_164272_length_303_cov_3.460784	151	191	20	6	40	0.1500000
NODE_164272_length_303_cov_3.460784	151	191	21	3	40	0.0750000
NODE_164272_length_303_cov_3.460784	151	191	22	31	40	0.7750000
NODE_164283_length_303_cov_3.352941	77	146	0	69	69	1.0000000
NODE_164433_length_303_cov_2.284314	78	158	0	80	80	1.0000000
NODE_164433_length_303_cov_2.284314	215	295	0	80	80	1.0000000
NODE_164581_length_303_cov_1.848039	90	170	0	80	80	1.0000000
NODE_164581_length_303_cov_1.848039	143	223	0	80	80	1.0000000
NODE_164581_length_303_cov_1.848039	212	235	0	23	23	1.0000000
NODE_164668_length_303_cov_1.686275	62	88	1	24	26	0.9230769
NODE_164668_length_303_cov_1.686275	62	88	2	2	26	0.0769231
NODE_164695_length_303_cov_1.583333	206	270	0	64	64	1.0000000
NODE_164800_length_303_cov_1.475490	155	221	0	66	66	1.0000000
NODE_164846_length_303_cov_1.392157	135	213	11	78	78	1.0000000
NODE_164878_length_303_cov_1.318627	0	75	0	75	75	1.0000000
NODE_164974_length_303_cov_1.215686	278	297	0	19	19	1.0000000
NODE_165498_length_302_cov_10.852217	266	300	0	34	34	1.0000000
NODE_165502_length_302_cov_7.896552	46	131	0	85	85	1.0000000
NODE_165502_length_302_cov_7.896552	104	160	0	56	56	1.0000000
NODE_165505_length_302_cov_7.266010	135	191	0	56	56	1.0000000
NODE_165507_length_302_cov_7.216749	93	149	0	56	56	1.0000000
NODE_165507_length_302_cov_7.216749	155	226	0	71	71	1.0000000
NODE_165517_length_302_cov_6.172414	179	243	0	64	64	1.0000000
NODE_165517_length_302_cov_6.172414	232	287	0	55	55	1.0000000
NODE_165528_length_302_cov_5.586207	221	293	0	55	72	0.7638889
NODE_165528_length_302_cov_5.586207	221	293	2	17	72	0.2361111
NODE_165641_length_302_cov_2.985222	104	186	2	16	82	0.1951219
NODE_165641_length_302_cov_2.985222	104	186	4	66	82	0.8048781
NODE_165848_length_302_cov_2.009852	12	34	0	22	22	1.0000000
NODE_165934_length_302_cov_1.758621	98	152	1	53	54	0.9814815
NODE_165934_length_302_cov_1.758621	98	152	2	1	54	0.0185185
NODE_165945_length_302_cov_1.758621	230	294	0	64	64	1.0000000
NODE_166007_length_302_cov_1.620690	172	232	0	60	60	1.0000000
NODE_166007_length_302_cov_1.620690	225	277	0	52	52	1.0000000
NODE_166320_length_302_cov_1.172414	34	103	0	69	69	1.0000000
NODE_166381_length_302_cov_1.044335	54	130	0	76	76	1.0000000
NODE_166617_length_302_cov_0.847291	94	172	0	6	78	0.0769231
NODE_166617_length_302_cov_0.847291	94	172	2	72	78	0.9230769
NODE_166617_length_302_cov_0.847291	94	172	0	6	78	0.0769231
NODE_166617_length_302_cov_0.847291	94	172	2	72	78	0.9230769
NODE_166617_length_302_cov_0.847291	103	172	2	69	69	1.0000000
NODE_166638_length_302_cov_0.807882	97	177	0	61	80	0.7625000
NODE_166638_length_302_cov_0.807882	97	177	1	19	80	0.2375000
NODE_166819_length_301_cov_6.960396	268	299	0	31	31	1.0000000
NODE_166827_length_301_cov_6.148515	214	283	0	69	69	1.0000000
NODE_166889_length_301_cov_3.747525	116	196	0	80	80	1.0000000
NODE_166904_length_301_cov_3.509901	217	277	3	14	60	0.2333333
NODE_166904_length_301_cov_3.509901	217	277	4	1	60	0.0166667
NODE_166904_length_301_cov_3.509901	217	277	6	5	60	0.0833333
NODE_166904_length_301_cov_3.509901	217	277	7	2	60	0.0333333
NODE_166904_length_301_cov_3.509901	217	277	9	23	60	0.3833333
NODE_166904_length_301_cov_3.509901	217	277	11	15	60	0.2500000
NODE_166993_length_301_cov_2.653465	133	213	0	1	80	0.0125000
NODE_166993_length_301_cov_2.653465	133	213	2	19	80	0.2375000
NODE_166993_length_301_cov_2.653465	133	213	4	60	80	0.7500000
NODE_167126_length_301_cov_2.084158	178	258	2	80	80	1.0000000
NODE_167215_length_301_cov_1.831683	111	175	0	64	64	1.0000000
NODE_167215_length_301_cov_1.831683	164	228	0	64	64	1.0000000
NODE_167308_length_301_cov_1.603960	173	233	0	60	60	1.0000000
NODE_167313_length_301_cov_1.584158	30	108	0	78	78	1.0000000
NODE_167434_length_301_cov_1.470297	90	165	0	75	75	1.0000000
NODE_167508_length_301_cov_1.326733	175	247	0	72	72	1.0000000
NODE_167612_length_301_cov_1.247525	29	73	0	44	44	1.0000000
NODE_167642_length_301_cov_1.183168	123	203	0	35	80	0.4375000
NODE_167642_length_301_cov_1.183168	123	203	2	45	80	0.5625000
NODE_167659_length_301_cov_1.163366	10	83	0	73	73	1.0000000
NODE_167659_length_301_cov_1.163366	91	121	0	30	30	1.0000000
NODE_167668_length_301_cov_1.148515	161	209	2	48	48	1.0000000
NODE_167880_length_301_cov_0.980198	242	297	0	55	55	1.0000000
NODE_167891_length_301_cov_0.960396	22	63	0	41	41	1.0000000
NODE_168253_length_300_cov_3.402985	44	124	0	80	80	1.0000000
NODE_168253_length_300_cov_3.402985	97	177	0	80	80	1.0000000
NODE_168253_length_300_cov_3.402985	173	254	0	81	81	1.0000000
NODE_168253_length_300_cov_3.402985	233	300	0	67	67	1.0000000
NODE_168265_length_300_cov_3.298507	18	98	0	80	80	1.0000000
NODE_168360_length_300_cov_2.597015	110	182	8	6	72	0.0833333
NODE_168360_length_300_cov_2.597015	110	182	9	66	72	0.9166667
NODE_168363_length_300_cov_2.572139	28	102	0	19	74	0.2567568
NODE_168363_length_300_cov_2.572139	28	102	2	5	74	0.0675676
NODE_168363_length_300_cov_2.572139	28	102	3	10	74	0.1351351
NODE_168363_length_300_cov_2.572139	28	102	4	40	74	0.5405405
NODE_168363_length_300_cov_2.572139	75	141	4	66	66	1.0000000
NODE_168402_length_300_cov_2.417910	0	44	0	44	44	1.0000000
NODE_168459_length_300_cov_2.174129	117	197	0	37	80	0.4625000
NODE_168459_length_300_cov_2.174129	117	197	2	43	80	0.5375000
NODE_168459_length_300_cov_2.174129	170	250	2	80	80	1.0000000
NODE_168459_length_300_cov_2.174129	216	296	0	16	80	0.2000000
NODE_168459_length_300_cov_2.174129	216	296	2	64	80	0.8000000
NODE_168462_length_300_cov_2.164179	122	141	0	19	19	1.0000000
NODE_168479_length_300_cov_2.079602	127	207	0	11	80	0.1375000
NODE_168479_length_300_cov_2.079602	127	207	2	69	80	0.8625000
NODE_168479_length_300_cov_2.079602	203	273	2	70	70	1.0000000
NODE_168541_length_300_cov_1.965174	15	86	0	71	71	1.0000000
NODE_168656_length_300_cov_1.731343	31	88	0	57	57	1.0000000
NODE_168906_length_300_cov_1.268657	62	98	0	36	36	1.0000000
NODE_168906_length_300_cov_1.268657	151	186	0	35	35	1.0000000
NODE_169014_length_300_cov_1.104478	86	165	2	79	79	1.0000000
NODE_169053_length_300_cov_1.029851	110	177	0	25	67	0.3731343
NODE_169053_length_300_cov_1.029851	110	177	2	42	67	0.6268657
NODE_169053_length_300_cov_1.029851	120	177	0	25	57	0.4385965
NODE_169053_length_300_cov_1.029851	120	177	2	32	57	0.5614035
NODE_169378_length_300_cov_0.716418	191	210	2	19	19	1.0000000
NODE_169528_length_299_cov_4.435000	48	128	0	80	80	1.0000000
NODE_169528_length_299_cov_4.435000	101	167	0	66	66	1.0000000
NODE_169567_length_299_cov_3.780000	114	181	0	67	67	1.0000000
NODE_169631_length_299_cov_3.095000	0	73	0	73	73	1.0000000
NODE_169631_length_299_cov_3.095000	0	20	0	20	20	1.0000000
NODE_169725_length_299_cov_2.495000	46	126	0	80	80	1.0000000
NODE_169725_length_299_cov_2.495000	99	179	0	80	80	1.0000000
NODE_169769_length_299_cov_2.275000	127	192	0	65	65	1.0000000
NODE_169781_length_299_cov_2.250000	72	135	0	63	63	1.0000000
NODE_169781_length_299_cov_2.250000	108	188	0	80	80	1.0000000
NODE_169811_length_299_cov_2.090000	25	105	0	80	80	1.0000000
NODE_169888_length_299_cov_1.955000	173	214	2	41	41	1.0000000
NODE_169888_length_299_cov_1.955000	187	227	0	1	40	0.0250000
NODE_169888_length_299_cov_1.955000	187	227	2	39	40	0.9750000
NODE_169916_length_299_cov_1.885000	29	109	0	33	80	0.4125000
NODE_169916_length_299_cov_1.885000	29	109	4	47	80	0.5875000
NODE_169920_length_299_cov_1.880000	204	236	0	32	32	1.0000000
NODE_169938_length_299_cov_1.840000	154	190	0	36	36	1.0000000
NODE_169995_length_299_cov_1.710000	211	291	0	80	80	1.0000000
NODE_170048_length_299_cov_1.550000	174	205	1	31	31	1.0000000
NODE_170501_length_299_cov_1.020000	42	115	0	27	73	0.3698630
NODE_170501_length_299_cov_1.020000	42	115	1	14	73	0.1917808
NODE_170501_length_299_cov_1.020000	42	115	2	32	73	0.4383562
NODE_170546_length_299_cov_1.020000	132	175	0	43	43	1.0000000
NODE_170620_length_299_cov_0.935000	173	216	0	43	43	1.0000000
NODE_170691_length_299_cov_0.765000	86	128	0	42	42	1.0000000
NODE_170887_length_298_cov_20.894472	70	150	2	6	80	0.0750000
NODE_170887_length_298_cov_20.894472	70	150	4	6	80	0.0750000
NODE_170887_length_298_cov_20.894472	70	150	6	18	80	0.2250000
NODE_170887_length_298_cov_20.894472	70	150	7	14	80	0.1750000
NODE_170887_length_298_cov_20.894472	70	150	8	36	80	0.4500000
NODE_170887_length_298_cov_20.894472	123	203	6	47	80	0.5875000
NODE_170887_length_298_cov_20.894472	123	203	7	2	80	0.0250000
NODE_170887_length_298_cov_20.894472	123	203	8	31	80	0.3875000
NODE_170888_length_298_cov_13.859296	228	298	3	3	70	0.0428571
NODE_170888_length_298_cov_13.859296	228	298	4	6	70	0.0857143
NODE_170888_length_298_cov_13.859296	228	298	5	6	70	0.0857143
NODE_170888_length_298_cov_13.859296	228	298	6	5	70	0.0714286
NODE_170888_length_298_cov_13.859296	228	298	8	3	70	0.0428571
NODE_170888_length_298_cov_13.859296	228	298	9	22	70	0.3142857
NODE_170888_length_298_cov_13.859296	228	298	10	11	70	0.1571429
NODE_170888_length_298_cov_13.859296	228	298	12	7	70	0.1000000
NODE_170888_length_298_cov_13.859296	228	298	13	7	70	0.1000000
NODE_170909_length_298_cov_5.859296	1	65	0	41	64	0.6406250
NODE_170909_length_298_cov_5.859296	1	65	2	23	64	0.3593750
NODE_170909_length_298_cov_5.859296	38	118	0	4	80	0.0500000
NODE_170909_length_298_cov_5.859296	38	118	2	76	80	0.9500000
NODE_170909_length_298_cov_5.859296	114	194	0	57	80	0.7125000
NODE_170909_length_298_cov_5.859296	114	194	2	23	80	0.2875000
NODE_170909_length_298_cov_5.859296	167	238	0	49	71	0.6901408
NODE_170909_length_298_cov_5.859296	167	238	2	22	71	0.3098592
NODE_170964_length_298_cov_3.829146	80	160	5	19	80	0.2375000
NODE_170964_length_298_cov_3.829146	80	160	6	42	80	0.5250000
NODE_170964_length_298_cov_3.829146	80	160	7	1	80	0.0125000
NODE_170964_length_298_cov_3.829146	80	160	8	18	80	0.2250000
NODE_170964_length_298_cov_3.829146	133	213	4	3	80	0.0375000
NODE_170964_length_298_cov_3.829146	133	213	5	9	80	0.1125000
NODE_170964_length_298_cov_3.829146	133	213	6	7	80	0.0875000
NODE_170964_length_298_cov_3.829146	133	213	7	35	80	0.4375000
NODE_170964_length_298_cov_3.829146	133	213	8	23	80	0.2875000
NODE_170964_length_298_cov_3.829146	133	213	9	3	80	0.0375000
NODE_170968_length_298_cov_3.733668	203	283	0	80	80	1.0000000
NODE_170972_length_298_cov_3.673367	117	175	0	58	58	1.0000000
NODE_171043_length_298_cov_2.924623	159	239	0	80	80	1.0000000
NODE_171043_length_298_cov_2.924623	212	265	0	53	53	1.0000000
NODE_171047_length_298_cov_2.854271	50	120	0	70	70	1.0000000
NODE_171082_length_298_cov_2.663317	87	167	0	80	80	1.0000000
NODE_171082_length_298_cov_2.663317	140	192	0	52	52	1.0000000
NODE_171191_length_298_cov_2.201005	112	166	0	54	54	1.0000000
NODE_171210_length_298_cov_2.120603	135	166	1	20	31	0.6451613
NODE_171210_length_298_cov_2.120603	135	166	2	11	31	0.3548387
NODE_171226_length_298_cov_2.055276	69	132	0	63	63	1.0000000
NODE_171286_length_298_cov_2.025126	21	92	0	68	71	0.9577465
NODE_171286_length_298_cov_2.025126	21	92	2	3	71	0.0422535
NODE_171356_length_298_cov_1.798995	0	67	0	67	67	1.0000000
NODE_171356_length_298_cov_1.798995	40	106	0	66	66	1.0000000
NODE_171391_length_298_cov_1.788945	140	197	0	57	57	1.0000000
NODE_171415_length_298_cov_1.733668	56	91	0	35	35	1.0000000
NODE_171415_length_298_cov_1.733668	118	172	0	54	54	1.0000000
NODE_171505_length_298_cov_1.537688	101	154	1	53	53	1.0000000
NODE_172083_length_298_cov_0.829146	34	96	0	62	62	1.0000000
NODE_172330_length_297_cov_6.525253	100	122	0	22	22	1.0000000
NODE_172352_length_297_cov_4.888889	150	218	0	68	68	1.0000000
NODE_172356_length_297_cov_4.671717	56	120	3	34	64	0.5312500
NODE_172356_length_297_cov_4.671717	56	120	6	30	64	0.4687500
NODE_172422_length_297_cov_3.338384	96	176	0	80	80	1.0000000
NODE_172422_length_297_cov_3.338384	149	198	0	49	49	1.0000000
NODE_172447_length_297_cov_3.040404	0	55	0	55	55	1.0000000
NODE_172447_length_297_cov_3.040404	14	55	0	41	41	1.0000000
NODE_172447_length_297_cov_3.040404	65	119	0	54	54	1.0000000
NODE_172574_length_297_cov_2.308081	8	70	0	62	62	1.0000000
NODE_172606_length_297_cov_2.196970	219	259	14	5	40	0.1250000
NODE_172606_length_297_cov_2.196970	219	259	16	6	40	0.1500000
NODE_172606_length_297_cov_2.196970	219	259	18	8	40	0.2000000
NODE_172606_length_297_cov_2.196970	219	259	19	5	40	0.1250000
NODE_172606_length_297_cov_2.196970	219	259	21	9	40	0.2250000
NODE_172606_length_297_cov_2.196970	219	259	25	7	40	0.1750000
NODE_172629_length_297_cov_2.106061	81	161	0	48	80	0.6000000
NODE_172629_length_297_cov_2.106061	81	161	1	17	80	0.2125000
NODE_172629_length_297_cov_2.106061	81	161	2	15	80	0.1875000
NODE_172629_length_297_cov_2.106061	134	178	1	12	44	0.2727273
NODE_172629_length_297_cov_2.106061	134	178	2	32	44	0.7272727
NODE_172668_length_297_cov_2.060606	46	76	0	30	30	1.0000000
NODE_172697_length_297_cov_2.010101	9	85	4	7	76	0.0921053
NODE_172697_length_297_cov_2.010101	9	85	6	69	76	0.9078947
NODE_172783_length_297_cov_1.777778	168	208	4	40	40	1.0000000
NODE_172855_length_297_cov_1.595960	175	255	4	4	80	0.0500000
NODE_172855_length_297_cov_1.595960	175	255	5	2	80	0.0250000
NODE_172855_length_297_cov_1.595960	175	255	6	13	80	0.1625000
NODE_172855_length_297_cov_1.595960	175	255	7	2	80	0.0250000
NODE_172855_length_297_cov_1.595960	175	255	11	3	80	0.0375000
NODE_172855_length_297_cov_1.595960	175	255	13	5	80	0.0625000
NODE_172855_length_297_cov_1.595960	175	255	14	26	80	0.3250000
NODE_172855_length_297_cov_1.595960	175	255	16	25	80	0.3125000
NODE_172862_length_297_cov_1.570707	100	177	0	77	77	1.0000000
NODE_172863_length_297_cov_1.570707	194	275	0	15	81	0.1851852
NODE_172863_length_297_cov_1.570707	194	275	1	8	81	0.0987654
NODE_172863_length_297_cov_1.570707	194	275	2	58	81	0.7160494
NODE_173063_length_297_cov_1.338384	140	199	0	59	59	1.0000000
NODE_173136_length_297_cov_1.277778	39	115	2	76	76	1.0000000
NODE_173176_length_297_cov_1.196970	7	87	0	80	80	1.0000000
NODE_173176_length_297_cov_1.196970	60	116	0	56	56	1.0000000
NODE_173345_length_297_cov_1.030303	0	33	0	33	33	1.0000000
NODE_173467_length_297_cov_0.888889	109	172	0	63	63	1.0000000
NODE_173520_length_297_cov_0.782828	24	104	0	80	80	1.0000000
NODE_173708_length_296_cov_41.390863	189	260	2	71	71	1.0000000
NODE_173709_length_296_cov_34.776650	214	294	0	80	80	1.0000000
NODE_173758_length_296_cov_4.243655	14	54	0	40	40	1.0000000
NODE_173773_length_296_cov_3.954315	120	200	0	80	80	1.0000000
NODE_173787_length_296_cov_3.736041	6	46	0	40	40	1.0000000
NODE_173797_length_296_cov_3.619289	193	251	0	58	58	1.0000000
NODE_173797_length_296_cov_3.619289	246	296	0	50	50	1.0000000
NODE_173859_length_296_cov_3.015228	177	257	0	80	80	1.0000000
NODE_173992_length_296_cov_2.309645	5	77	2	3	72	0.0416667
NODE_173992_length_296_cov_2.309645	5	77	4	25	72	0.3472222
NODE_173992_length_296_cov_2.309645	5	77	6	44	72	0.6111111
NODE_173992_length_296_cov_2.309645	50	130	6	48	80	0.6000000
NODE_173992_length_296_cov_2.309645	50	130	7	32	80	0.4000000
NODE_174040_length_296_cov_2.081218	90	139	0	49	49	1.0000000
NODE_174167_length_296_cov_1.807107	199	246	0	47	47	1.0000000
NODE_174167_length_296_cov_1.807107	219	296	0	77	77	1.0000000
NODE_174213_length_296_cov_1.670051	28	103	0	75	75	1.0000000
NODE_174274_length_296_cov_1.553299	102	179	0	77	77	1.0000000
NODE_174274_length_296_cov_1.553299	160	179	0	19	19	1.0000000
NODE_174438_length_296_cov_1.319797	82	162	0	80	80	1.0000000
NODE_174438_length_296_cov_1.319797	135	205	0	70	70	1.0000000
NODE_174545_length_296_cov_1.258883	222	280	0	58	58	1.0000000
NODE_174554_length_296_cov_1.238579	90	147	3	18	57	0.3157895
NODE_174554_length_296_cov_1.238579	90	147	4	39	57	0.6842105
NODE_174614_length_296_cov_1.116751	130	169	2	39	39	1.0000000
NODE_175210_length_295_cov_4.290816	2	70	0	68	68	1.0000000
NODE_175210_length_295_cov_4.290816	55	123	0	68	68	1.0000000
NODE_175220_length_295_cov_4.040816	119	165	0	46	46	1.0000000
NODE_175258_length_295_cov_3.576531	130	198	0	68	68	1.0000000
NODE_175324_length_295_cov_2.918367	0	77	0	77	77	1.0000000
NODE_175416_length_295_cov_2.454082	216	277	2	61	61	1.0000000
NODE_175475_length_295_cov_2.224490	11	91	0	80	80	1.0000000
NODE_175483_length_295_cov_2.183673	93	151	1	9	58	0.1551724
NODE_175483_length_295_cov_2.183673	93	151	2	33	58	0.5689655
NODE_175483_length_295_cov_2.183673	93	151	3	16	58	0.2758621
NODE_175483_length_295_cov_2.183673	124	204	2	70	80	0.8750000
NODE_175483_length_295_cov_2.183673	124	204	3	10	80	0.1250000
NODE_175597_length_295_cov_1.867347	191	239	1	48	48	1.0000000
NODE_175598_length_295_cov_1.862245	225	285	0	60	60	1.0000000
NODE_175721_length_295_cov_1.596939	173	254	0	81	81	1.0000000
NODE_175804_length_295_cov_1.520408	217	282	0	65	65	1.0000000
NODE_175930_length_295_cov_1.301020	99	121	0	22	22	1.0000000
NODE_176250_length_295_cov_0.938776	200	247	0	47	47	1.0000000
NODE_176367_length_295_cov_0.780612	24	44	0	20	20	1.0000000
NODE_176436_length_295_cov_0.724490	6	87	0	5	81	0.0617284
NODE_176436_length_295_cov_0.724490	6	87	1	21	81	0.2592593
NODE_176436_length_295_cov_0.724490	6	87	2	5	81	0.0617284
NODE_176436_length_295_cov_0.724490	6	87	4	34	81	0.4197531
NODE_176436_length_295_cov_0.724490	6	87	5	2	81	0.0246914
NODE_176436_length_295_cov_0.724490	6	87	6	14	81	0.1728395
NODE_176436_length_295_cov_0.724490	83	163	6	23	80	0.2875000
NODE_176436_length_295_cov_0.724490	83	163	7	33	80	0.4125000
NODE_176436_length_295_cov_0.724490	83	163	8	2	80	0.0250000
NODE_176436_length_295_cov_0.724490	83	163	9	22	80	0.2750000
NODE_176436_length_295_cov_0.724490	136	216	5	34	80	0.4250000
NODE_176436_length_295_cov_0.724490	136	216	6	18	80	0.2250000
NODE_176436_length_295_cov_0.724490	136	216	7	3	80	0.0375000
NODE_176436_length_295_cov_0.724490	136	216	8	3	80	0.0375000
NODE_176436_length_295_cov_0.724490	136	216	9	22	80	0.2750000
NODE_176547_length_294_cov_83.882051	143	173	2	30	30	1.0000000
NODE_176547_length_294_cov_83.882051	209	239	0	30	30	1.0000000
NODE_176549_length_294_cov_50.589744	187	258	19	1	71	0.0140845
NODE_176549_length_294_cov_50.589744	187	258	20	8	71	0.1126761
NODE_176549_length_294_cov_50.589744	187	258	22	6	71	0.0845070
NODE_176549_length_294_cov_50.589744	187	258	27	6	71	0.0845070
NODE_176549_length_294_cov_50.589744	187	258	29	2	71	0.0281690
NODE_176549_length_294_cov_50.589744	187	258	30	4	71	0.0563380
NODE_176549_length_294_cov_50.589744	187	258	33	5	71	0.0704225
NODE_176549_length_294_cov_50.589744	187	258	35	1	71	0.0140845
NODE_176549_length_294_cov_50.589744	187	258	37	3	71	0.0422535
NODE_176549_length_294_cov_50.589744	187	258	39	4	71	0.0563380
NODE_176549_length_294_cov_50.589744	187	258	40	8	71	0.1126761
NODE_176549_length_294_cov_50.589744	187	258	41	6	71	0.0845070
NODE_176549_length_294_cov_50.589744	187	258	43	2	71	0.0281690
NODE_176549_length_294_cov_50.589744	187	258	44	1	71	0.0140845
NODE_176549_length_294_cov_50.589744	187	258	45	9	71	0.1267606
NODE_176549_length_294_cov_50.589744	187	258	46	1	71	0.0140845
NODE_176549_length_294_cov_50.589744	187	258	47	2	71	0.0281690
NODE_176549_length_294_cov_50.589744	187	258	49	2	71	0.0281690
NODE_176561_length_294_cov_6.676923	61	138	1	77	77	1.0000000
NODE_176596_length_294_cov_4.538462	127	214	0	87	87	1.0000000
NODE_176598_length_294_cov_4.512821	218	248	0	30	30	1.0000000
NODE_176600_length_294_cov_4.497436	159	200	0	41	41	1.0000000
NODE_176697_length_294_cov_2.953846	114	194	0	80	80	1.0000000
NODE_176727_length_294_cov_2.764103	103	183	0	80	80	1.0000000
NODE_176727_length_294_cov_2.764103	156	236	0	80	80	1.0000000
NODE_176728_length_294_cov_2.764103	224	282	0	56	58	0.9655172
NODE_176728_length_294_cov_2.764103	224	282	1	2	58	0.0344828
NODE_176728_length_294_cov_2.764103	225	277	0	51	52	0.9807692
NODE_176728_length_294_cov_2.764103	225	277	1	1	52	0.0192308
NODE_176735_length_294_cov_2.697436	204	261	0	57	57	1.0000000
NODE_176735_length_294_cov_2.697436	234	294	0	60	60	1.0000000
NODE_176779_length_294_cov_2.517949	23	85	0	62	62	1.0000000
NODE_176816_length_294_cov_2.353846	129	167	0	38	38	1.0000000
NODE_176833_length_294_cov_2.338462	133	213	2	24	80	0.3000000
NODE_176833_length_294_cov_2.338462	133	213	4	56	80	0.7000000
NODE_176943_length_294_cov_2.046154	219	269	0	50	50	1.0000000
NODE_176957_length_294_cov_2.010256	191	235	0	37	44	0.8409091
NODE_176957_length_294_cov_2.010256	191	235	1	7	44	0.1590909
NODE_176999_length_294_cov_1.902564	52	83	2	31	31	1.0000000
NODE_177102_length_294_cov_1.692308	46	112	0	66	66	1.0000000
NODE_177187_length_294_cov_1.569231	49	95	0	46	46	1.0000000
NODE_177252_length_294_cov_1.482051	28	108	0	80	80	1.0000000
NODE_177252_length_294_cov_1.482051	201	281	2	80	80	1.0000000
NODE_177252_length_294_cov_1.482051	201	281	2	80	80	1.0000000
NODE_177298_length_294_cov_1.420513	216	262	2	46	46	1.0000000
NODE_177298_length_294_cov_1.420513	235	294	0	29	59	0.4915254
NODE_177298_length_294_cov_1.420513	235	294	2	30	59	0.5084746
NODE_177972_length_294_cov_0.666667	245	293	0	48	48	1.0000000
NODE_178066_length_293_cov_6.257732	167	247	0	80	80	1.0000000
NODE_178161_length_293_cov_3.567010	50	130	0	42	80	0.5250000
NODE_178161_length_293_cov_3.567010	50	130	1	38	80	0.4750000
NODE_178226_length_293_cov_2.907216	218	281	1	43	63	0.6825397
NODE_178226_length_293_cov_2.907216	218	281	2	20	63	0.3174603
NODE_178246_length_293_cov_2.768041	95	175	0	80	80	1.0000000
NODE_178246_length_293_cov_2.768041	148	228	0	80	80	1.0000000
NODE_178268_length_293_cov_2.628866	207	266	0	59	59	1.0000000
NODE_178277_length_293_cov_2.623711	182	223	1	35	41	0.8536586
NODE_178277_length_293_cov_2.623711	182	223	2	6	41	0.1463415
NODE_178299_length_293_cov_2.561856	139	192	0	53	53	1.0000000
NODE_178299_length_293_cov_2.561856	177	223	0	46	46	1.0000000
NODE_178317_length_293_cov_2.448454	98	158	0	60	60	1.0000000
NODE_178351_length_293_cov_2.335052	62	91	0	29	29	1.0000000
NODE_178357_length_293_cov_2.314433	35	89	0	54	54	1.0000000
NODE_178523_length_293_cov_1.840206	27	107	0	80	80	1.0000000
NODE_178523_length_293_cov_1.840206	80	160	0	27	80	0.3375000
NODE_178523_length_293_cov_1.840206	80	160	2	53	80	0.6625000
NODE_178560_length_293_cov_1.804124	144	173	2	29	29	1.0000000
NODE_178570_length_293_cov_1.778351	224	258	0	34	34	1.0000000
NODE_178646_length_293_cov_1.577320	158	177	0	19	19	1.0000000
NODE_178692_length_293_cov_1.577320	161	225	0	1	64	0.0156250
NODE_178692_length_293_cov_1.577320	161	225	1	63	64	0.9843750
NODE_178693_length_293_cov_1.577320	15	55	0	40	40	1.0000000
NODE_178788_length_293_cov_1.402062	3	72	0	69	69	1.0000000
NODE_178822_length_293_cov_1.319588	202	268	0	66	66	1.0000000
NODE_178927_length_293_cov_1.226804	84	141	0	57	57	1.0000000
NODE_179542_length_292_cov_4.523316	240	290	0	50	50	1.0000000
NODE_179552_length_292_cov_4.145078	106	186	0	80	80	1.0000000
NODE_179604_length_292_cov_3.502591	129	205	0	76	76	1.0000000
NODE_179613_length_292_cov_3.435233	176	200	0	24	24	1.0000000
NODE_179621_length_292_cov_3.341969	70	150	0	80	80	1.0000000
NODE_179621_length_292_cov_3.341969	118	175	0	57	57	1.0000000
NODE_179627_length_292_cov_3.222798	47	127	0	80	80	1.0000000
NODE_179627_length_292_cov_3.222798	100	129	0	29	29	1.0000000
NODE_179819_length_292_cov_2.238342	211	290	0	79	79	1.0000000
NODE_179943_length_292_cov_1.865285	34	114	6	49	80	0.6125000
NODE_179943_length_292_cov_1.865285	34	114	8	31	80	0.3875000
NODE_179943_length_292_cov_1.865285	87	167	0	23	80	0.2875000
NODE_179943_length_292_cov_1.865285	87	167	2	19	80	0.2375000
NODE_179943_length_292_cov_1.865285	87	167	4	7	80	0.0875000
NODE_179943_length_292_cov_1.865285	87	167	5	1	80	0.0125000
NODE_179943_length_292_cov_1.865285	87	167	6	30	80	0.3750000
NODE_180013_length_292_cov_1.761658	174	254	0	77	80	0.9625000
NODE_180013_length_292_cov_1.761658	174	254	2	3	80	0.0375000
NODE_180029_length_292_cov_1.699482	0	80	0	80	80	1.0000000
NODE_180068_length_292_cov_1.611399	89	157	0	68	68	1.0000000
NODE_180210_length_292_cov_1.455959	72	115	0	43	43	1.0000000
NODE_180210_length_292_cov_1.455959	203	265	0	62	62	1.0000000
NODE_180302_length_292_cov_1.321244	102	182	0	80	80	1.0000000
NODE_180302_length_292_cov_1.321244	155	217	0	62	62	1.0000000
NODE_180968_length_291_cov_45.031250	71	145	5	4	74	0.0540541
NODE_180968_length_291_cov_45.031250	71	145	6	67	74	0.9054054
NODE_180968_length_291_cov_45.031250	71	145	7	2	74	0.0270270
NODE_180968_length_291_cov_45.031250	71	145	8	1	74	0.0135135
NODE_180968_length_291_cov_45.031250	71	145	5	4	74	0.0540541
NODE_180968_length_291_cov_45.031250	71	145	6	67	74	0.9054054
NODE_180968_length_291_cov_45.031250	71	145	7	2	74	0.0270270
NODE_180968_length_291_cov_45.031250	71	145	8	1	74	0.0135135
NODE_180968_length_291_cov_45.031250	118	184	3	17	66	0.2575758
NODE_180968_length_291_cov_45.031250	118	184	4	8	66	0.1212121
NODE_180968_length_291_cov_45.031250	118	184	5	18	66	0.2727273
NODE_180968_length_291_cov_45.031250	118	184	6	20	66	0.3030303
NODE_180968_length_291_cov_45.031250	118	184	7	2	66	0.0303030
NODE_180968_length_291_cov_45.031250	118	184	8	1	66	0.0151515
NODE_180969_length_291_cov_14.791667	125	205	0	80	80	1.0000000
NODE_180969_length_291_cov_14.791667	178	258	0	80	80	1.0000000
NODE_180983_length_291_cov_5.536458	97	169	0	72	72	1.0000000
NODE_180986_length_291_cov_5.401042	77	130	0	53	53	1.0000000
NODE_180998_length_291_cov_4.859375	185	257	0	72	72	1.0000000
NODE_181043_length_291_cov_3.723958	196	276	0	80	80	1.0000000
NODE_181057_length_291_cov_3.531250	129	152	0	23	23	1.0000000
NODE_181191_length_291_cov_2.390625	18	80	0	62	62	1.0000000
NODE_181272_length_291_cov_2.125000	70	117	0	47	47	1.0000000
NODE_181391_length_291_cov_1.859375	197	228	0	31	31	1.0000000
NODE_181497_length_291_cov_1.593750	144	175	0	31	31	1.0000000
NODE_181530_length_291_cov_1.593750	206	281	0	72	75	0.9600000
NODE_181530_length_291_cov_1.593750	206	281	1	3	75	0.0400000
NODE_181599_length_291_cov_1.552083	189	269	0	80	80	1.0000000
NODE_181615_length_291_cov_1.520833	180	258	0	78	78	1.0000000
NODE_181623_length_291_cov_1.510417	245	291	0	46	46	1.0000000
NODE_181696_length_291_cov_1.385417	80	120	0	40	40	1.0000000
NODE_181791_length_291_cov_1.322917	70	96	1	5	26	0.1923077
NODE_181791_length_291_cov_1.322917	70	96	2	21	26	0.8076923
NODE_181799_length_291_cov_1.307292	108	188	2	50	80	0.6250000
NODE_181799_length_291_cov_1.307292	108	188	4	30	80	0.3750000
NODE_181907_length_291_cov_1.114583	79	174	2	6	95	0.0631579
NODE_181907_length_291_cov_1.114583	79	174	4	89	95	0.9368421
NODE_181930_length_291_cov_1.078125	4	85	0	46	81	0.5679013
NODE_181930_length_291_cov_1.078125	4	85	2	35	81	0.4320988
NODE_182112_length_291_cov_1.031250	5	50	0	45	45	1.0000000
NODE_182205_length_291_cov_0.890625	0	55	1	55	55	1.0000000
NODE_182252_length_291_cov_0.802083	80	160	2	16	80	0.2000000
NODE_182252_length_291_cov_0.802083	80	160	3	15	80	0.1875000
NODE_182252_length_291_cov_0.802083	80	160	4	1	80	0.0125000
NODE_182252_length_291_cov_0.802083	80	160	6	5	80	0.0625000
NODE_182252_length_291_cov_0.802083	80	160	7	1	80	0.0125000
NODE_182252_length_291_cov_0.802083	80	160	10	4	80	0.0500000
NODE_182252_length_291_cov_0.802083	80	160	11	2	80	0.0250000
NODE_182252_length_291_cov_0.802083	80	160	13	36	80	0.4500000
NODE_182491_length_290_cov_96.963351	44	124	0	80	80	1.0000000
NODE_182491_length_290_cov_96.963351	97	177	0	80	80	1.0000000
NODE_182512_length_290_cov_5.968586	89	150	0	1	61	0.0163934
NODE_182512_length_290_cov_5.968586	89	150	2	60	61	0.9836066
NODE_182512_length_290_cov_5.968586	142	203	2	61	61	1.0000000
NODE_182535_length_290_cov_4.968586	32	52	0	6	20	0.3000000
NODE_182535_length_290_cov_4.968586	32	52	2	14	20	0.7000000
NODE_182535_length_290_cov_4.968586	73	93	2	6	20	0.3000000
NODE_182535_length_290_cov_4.968586	73	93	4	14	20	0.7000000
NODE_182547_length_290_cov_4.670157	63	139	0	76	76	1.0000000
NODE_182550_length_290_cov_4.575916	110	153	0	17	43	0.3953488
NODE_182550_length_290_cov_4.575916	110	153	1	26	43	0.6046512
NODE_182589_length_290_cov_3.816754	113	186	0	73	73	1.0000000
NODE_182607_length_290_cov_3.612565	114	181	2	67	67	1.0000000
NODE_182622_length_290_cov_3.445026	91	150	0	59	59	1.0000000
NODE_182772_length_290_cov_2.596859	189	218	0	29	29	1.0000000
NODE_182844_length_290_cov_2.319372	45	74	0	29	29	1.0000000
NODE_182973_length_290_cov_2.041885	59	139	2	80	80	1.0000000
NODE_182995_length_290_cov_1.979058	229	271	0	42	42	1.0000000
NODE_183288_length_290_cov_1.602094	16	68	0	52	52	1.0000000
NODE_183347_length_290_cov_1.575916	173	250	0	77	77	1.0000000
NODE_183373_length_290_cov_1.544503	151	203	0	52	52	1.0000000
NODE_183403_length_290_cov_1.513089	22	107	0	85	85	1.0000000
NODE_183436_length_290_cov_1.460733	11	91	0	80	80	1.0000000
NODE_183546_length_290_cov_1.335079	91	163	0	19	72	0.2638889
NODE_183546_length_290_cov_1.335079	91	163	2	53	72	0.7361111
NODE_183546_length_290_cov_1.335079	144	216	0	14	72	0.1944444
NODE_183546_length_290_cov_1.335079	144	216	2	58	72	0.8055556
NODE_183642_length_290_cov_1.314136	0	80	1	80	80	1.0000000
NODE_183663_length_290_cov_1.287958	17	97	0	80	80	1.0000000
NODE_183946_length_290_cov_1.068063	0	60	0	60	60	1.0000000
NODE_183946_length_290_cov_1.068063	33	113	0	80	80	1.0000000
NODE_184119_length_290_cov_1.000000	198	254	3	1	56	0.0178571
NODE_184119_length_290_cov_1.000000	198	254	5	1	56	0.0178571
NODE_184119_length_290_cov_1.000000	198	254	6	54	56	0.9642857
NODE_184326_length_290_cov_0.832461	154	236	0	82	82	1.0000000
NODE_184585_length_290_cov_0.701571	201	281	0	80	80	1.0000000
NODE_184716_length_289_cov_554.947368	45	125	19	4	80	0.0500000
NODE_184716_length_289_cov_554.947368	45	125	22	4	80	0.0500000
NODE_184716_length_289_cov_554.947368	45	125	24	11	80	0.1375000
NODE_184716_length_289_cov_554.947368	45	125	25	34	80	0.4250000
NODE_184716_length_289_cov_554.947368	45	125	26	2	80	0.0250000
NODE_184716_length_289_cov_554.947368	45	125	27	13	80	0.1625000
NODE_184716_length_289_cov_554.947368	45	125	29	12	80	0.1500000
NODE_184729_length_289_cov_7.436842	181	229	0	48	48	1.0000000
NODE_184745_length_289_cov_5.789474	35	100	0	65	65	1.0000000
NODE_184745_length_289_cov_5.789474	85	153	0	68	68	1.0000000
NODE_184745_length_289_cov_5.789474	146	181	0	35	35	1.0000000
NODE_184781_length_289_cov_4.515789	192	254	0	62	62	1.0000000
NODE_184806_length_289_cov_4.136842	101	148	0	47	47	1.0000000
NODE_184892_length_289_cov_2.973684	38	83	0	45	45	1.0000000
NODE_184960_length_289_cov_2.678947	105	168	0	63	63	1.0000000
NODE_184960_length_289_cov_2.678947	158	204	0	33	46	0.7173913
NODE_184960_length_289_cov_2.678947	158	204	2	13	46	0.2826087
NODE_184963_length_289_cov_2.673684	216	263	0	45	47	0.9574468
NODE_184963_length_289_cov_2.673684	216	263	1	2	47	0.0425532
NODE_185036_length_289_cov_2.378947	233	289	0	56	56	1.0000000
NODE_185152_length_289_cov_2.089474	26	91	0	65	65	1.0000000
NODE_185213_length_289_cov_1.921053	0	54	0	54	54	1.0000000
NODE_185383_length_289_cov_1.642105	58	123	0	65	65	1.0000000
NODE_185570_length_289_cov_1.547368	81	124	2	43	43	1.0000000
NODE_185617_length_289_cov_1.489474	192	274	0	82	82	1.0000000
NODE_185622_length_289_cov_1.484211	50	69	0	19	19	1.0000000
NODE_185708_length_289_cov_1.357895	31	74	0	43	43	1.0000000
NODE_185852_length_289_cov_1.278947	239	270	0	31	31	1.0000000
NODE_185864_length_289_cov_1.252632	23	66	0	43	43	1.0000000
NODE_185926_length_289_cov_1.168421	40	100	0	60	60	1.0000000
NODE_185937_length_289_cov_1.152632	0	50	0	50	50	1.0000000
NODE_185937_length_289_cov_1.152632	41	103	0	62	62	1.0000000
NODE_186095_length_289_cov_1.073684	152	198	0	46	46	1.0000000
NODE_186491_length_289_cov_0.878947	113	193	0	80	80	1.0000000
NODE_186491_length_289_cov_0.878947	166	246	0	80	80	1.0000000
NODE_186507_length_289_cov_0.863158	116	211	0	8	95	0.0842105
NODE_186507_length_289_cov_0.863158	116	211	2	87	95	0.9157895
NODE_186515_length_289_cov_0.857895	6	75	0	69	69	1.0000000
NODE_186547_length_289_cov_0.831579	230	289	0	54	59	0.9152542
NODE_186547_length_289_cov_0.831579	230	289	1	5	59	0.0847458
NODE_186631_length_289_cov_0.805263	98	159	0	61	61	1.0000000
NODE_186865_length_289_cov_0.568421	141	213	0	72	72	1.0000000
NODE_186934_length_288_cov_11.089947	135	195	0	23	60	0.3833333
NODE_186934_length_288_cov_11.089947	135	195	2	37	60	0.6166667
NODE_187025_length_288_cov_3.587302	108	188	0	80	80	1.0000000
NODE_187049_length_288_cov_3.296296	61	125	0	64	64	1.0000000
NODE_187049_length_288_cov_3.296296	102	178	0	76	76	1.0000000
NODE_187062_length_288_cov_3.206349	149	202	0	53	53	1.0000000
NODE_187170_length_288_cov_2.539683	4	68	2	37	64	0.5781250
NODE_187170_length_288_cov_2.539683	4	68	4	27	64	0.4218750
NODE_187187_length_288_cov_2.465608	137	182	0	45	45	1.0000000
NODE_187191_length_288_cov_2.449735	216	278	0	45	62	0.7258065
NODE_187191_length_288_cov_2.449735	216	278	2	17	62	0.2741936
NODE_187191_length_288_cov_2.449735	237	273	0	36	36	1.0000000
NODE_187248_length_288_cov_2.275132	10	46	0	36	36	1.0000000
NODE_187248_length_288_cov_2.275132	13	86	0	73	73	1.0000000
NODE_187248_length_288_cov_2.275132	47	100	0	48	53	0.9056604
NODE_187248_length_288_cov_2.275132	47	100	2	1	53	0.0188679
NODE_187248_length_288_cov_2.275132	47	100	4	4	53	0.0754717
NODE_187318_length_288_cov_2.153439	50	81	0	31	31	1.0000000
NODE_187431_length_288_cov_1.915344	0	75	0	75	75	1.0000000
NODE_187443_length_288_cov_1.888889	49	125	0	76	76	1.0000000
NODE_187484_length_288_cov_1.878307	0	42	0	42	42	1.0000000
NODE_187484_length_288_cov_1.878307	15	63	0	42	48	0.8750000
NODE_187484_length_288_cov_1.878307	15	63	1	6	48	0.1250000
NODE_187810_length_288_cov_1.492063	0	42	0	42	42	1.0000000
NODE_188135_length_288_cov_1.158730	213	288	0	75	75	1.0000000
NODE_188161_length_288_cov_1.100529	256	288	0	32	32	1.0000000
NODE_188169_length_288_cov_1.079365	10	74	0	64	64	1.0000000
NODE_188169_length_288_cov_1.079365	65	110	0	45	45	1.0000000
NODE_188760_length_288_cov_0.809524	141	170	0	29	29	1.0000000
NODE_189068_length_287_cov_7.632979	117	184	2	16	67	0.2388060
NODE_189068_length_287_cov_7.632979	117	184	3	14	67	0.2089552
NODE_189068_length_287_cov_7.632979	117	184	4	37	67	0.5522388
NODE_189079_length_287_cov_6.510638	20	100	0	80	80	1.0000000
NODE_189097_length_287_cov_5.781915	164	246	0	82	82	1.0000000
NODE_189182_length_287_cov_3.590426	114	194	0	80	80	1.0000000
NODE_189192_length_287_cov_3.452128	0	52	0	52	52	1.0000000
NODE_189208_length_287_cov_3.281915	263	286	1	11	23	0.4782609
NODE_189208_length_287_cov_3.281915	263	286	3	12	23	0.5217391
NODE_189266_length_287_cov_2.936170	41	110	0	69	69	1.0000000
NODE_189266_length_287_cov_2.936170	41	111	0	70	70	1.0000000
NODE_189266_length_287_cov_2.936170	94	167	0	73	73	1.0000000
NODE_189266_length_287_cov_2.936170	156	179	0	23	23	1.0000000
NODE_189330_length_287_cov_2.638298	22	86	0	64	64	1.0000000
NODE_189381_length_287_cov_2.436170	182	262	0	80	80	1.0000000
NODE_189582_length_287_cov_1.984043	137	166	3	14	29	0.4827586
NODE_189582_length_287_cov_1.984043	137	166	4	15	29	0.5172414
NODE_189594_length_287_cov_1.941489	56	123	0	67	67	1.0000000
NODE_189614_length_287_cov_1.904255	8	51	0	43	43	1.0000000
NODE_189710_length_287_cov_1.803191	146	217	0	71	71	1.0000000
NODE_189843_length_287_cov_1.627660	113	175	2	5	62	0.0806452
NODE_189843_length_287_cov_1.627660	113	175	3	5	62	0.0806452
NODE_189843_length_287_cov_1.627660	113	175	4	31	62	0.5000000
NODE_189843_length_287_cov_1.627660	113	175	5	21	62	0.3387097
NODE_189843_length_287_cov_1.627660	148	228	2	58	80	0.7250000
NODE_189843_length_287_cov_1.627660	148	228	3	5	80	0.0625000
NODE_189843_length_287_cov_1.627660	148	228	4	12	80	0.1500000
NODE_189843_length_287_cov_1.627660	148	228	5	5	80	0.0625000
NODE_189864_length_287_cov_1.627660	14	59	0	45	45	1.0000000
NODE_189864_length_287_cov_1.627660	41	112	0	71	71	1.0000000
NODE_189949_length_287_cov_1.574468	150	220	0	70	70	1.0000000
NODE_189985_length_287_cov_1.531915	123	154	0	31	31	1.0000000
NODE_190122_length_287_cov_1.356383	93	147	0	54	54	1.0000000
NODE_190142_length_287_cov_1.356383	135	199	0	64	64	1.0000000
NODE_190189_length_287_cov_1.335106	149	201	0	52	52	1.0000000
NODE_190654_length_287_cov_1.037234	23	44	0	21	21	1.0000000
NODE_190701_length_287_cov_0.994681	206	225	0	19	19	1.0000000
NODE_190802_length_287_cov_0.898936	0	57	0	11	57	0.1929825
NODE_190802_length_287_cov_0.898936	0	57	1	3	57	0.0526316
NODE_190802_length_287_cov_0.898936	0	57	2	29	57	0.5087720
NODE_190802_length_287_cov_0.898936	0	57	4	14	57	0.2456140
NODE_190873_length_287_cov_0.840426	46	121	0	18	75	0.2400000
NODE_190873_length_287_cov_0.840426	46	121	2	57	75	0.7600000
NODE_191306_length_286_cov_141.540107	4	63	0	59	59	1.0000000
NODE_191389_length_286_cov_3.935829	79	123	0	44	44	1.0000000
NODE_191391_length_286_cov_3.871658	45	121	0	76	76	1.0000000
NODE_191391_length_286_cov_3.871658	102	169	0	67	67	1.0000000
NODE_191393_length_286_cov_3.812834	62	142	1	14	80	0.1750000
NODE_191393_length_286_cov_3.812834	62	142	2	66	80	0.8250000
NODE_191430_length_286_cov_3.352941	63	143	0	80	80	1.0000000
NODE_191430_length_286_cov_3.352941	116	196	0	80	80	1.0000000
NODE_191466_length_286_cov_3.101604	217	271	0	54	54	1.0000000
NODE_191509_length_286_cov_2.823529	56	122	0	36	66	0.5454546
NODE_191509_length_286_cov_2.823529	56	122	2	2	66	0.0303030
NODE_191509_length_286_cov_2.823529	56	122	4	16	66	0.2424242
NODE_191509_length_286_cov_2.823529	56	122	6	12	66	0.1818182
NODE_191598_length_286_cov_2.438503	151	218	0	67	67	1.0000000
NODE_191754_length_286_cov_2.037433	57	138	0	81	81	1.0000000
NODE_191892_length_286_cov_1.807487	186	232	0	46	46	1.0000000
NODE_191892_length_286_cov_1.807487	239	285	0	46	46	1.0000000
NODE_192100_length_286_cov_1.566845	112	160	7	16	48	0.3333333
NODE_192100_length_286_cov_1.566845	112	160	8	32	48	0.6666667
NODE_192100_length_286_cov_1.566845	165	213	7	28	48	0.5833333
NODE_192100_length_286_cov_1.566845	165	213	8	20	48	0.4166667
NODE_192150_length_286_cov_1.497326	107	160	2	53	53	1.0000000
NODE_192233_length_286_cov_1.363636	20	87	0	67	67	1.0000000
NODE_192302_length_286_cov_1.358289	218	262	2	44	44	1.0000000
NODE_192357_length_286_cov_1.304813	147	205	1	12	58	0.2068966
NODE_192357_length_286_cov_1.304813	147	205	2	23	58	0.3965517
NODE_192357_length_286_cov_1.304813	147	205	3	23	58	0.3965517
NODE_192427_length_286_cov_1.203209	30	76	0	46	46	1.0000000
NODE_192427_length_286_cov_1.203209	49	129	0	80	80	1.0000000
NODE_192757_length_286_cov_1.074866	160	220	1	60	60	1.0000000
NODE_193023_length_286_cov_0.871658	218	279	0	61	61	1.0000000
NODE_193038_length_286_cov_0.855615	224	281	0	57	57	1.0000000
NODE_193362_length_286_cov_0.625668	110	190	0	80	80	1.0000000
NODE_193362_length_286_cov_0.625668	163	240	0	77	77	1.0000000
NODE_193481_length_285_cov_7.392473	91	152	0	59	61	0.9672131
NODE_193481_length_285_cov_7.392473	91	152	2	2	61	0.0327869
NODE_193481_length_285_cov_7.392473	150	184	2	34	34	1.0000000
NODE_193513_length_285_cov_4.650538	0	74	0	74	74	1.0000000
NODE_193513_length_285_cov_4.650538	47	127	0	80	80	1.0000000
NODE_193513_length_285_cov_4.650538	123	203	0	80	80	1.0000000
NODE_193513_length_285_cov_4.650538	176	256	0	80	80	1.0000000
NODE_193532_length_285_cov_4.091398	91	154	0	63	63	1.0000000
NODE_193538_length_285_cov_4.010753	120	201	0	81	81	1.0000000
NODE_193547_length_285_cov_3.854839	97	151	0	54	54	1.0000000
NODE_193547_length_285_cov_3.854839	106	153	0	47	47	1.0000000
NODE_193566_length_285_cov_3.607527	197	258	0	18	61	0.2950820
NODE_193566_length_285_cov_3.607527	197	258	1	1	61	0.0163934
NODE_193566_length_285_cov_3.607527	197	258	2	1	61	0.0163934
NODE_193566_length_285_cov_3.607527	197	258	3	5	61	0.0819672
NODE_193566_length_285_cov_3.607527	197	258	4	6	61	0.0983607
NODE_193566_length_285_cov_3.607527	197	258	5	30	61	0.4918033
NODE_193624_length_285_cov_3.037634	190	272	0	82	82	1.0000000
NODE_193660_length_285_cov_2.806452	215	279	0	64	64	1.0000000
NODE_193688_length_285_cov_2.736559	106	173	0	67	67	1.0000000
NODE_193784_length_285_cov_2.311828	220	262	0	42	42	1.0000000
NODE_193883_length_285_cov_2.043011	77	150	0	73	73	1.0000000
NODE_193883_length_285_cov_2.043011	155	197	0	42	42	1.0000000
NODE_193978_length_285_cov_1.876344	67	110	0	43	43	1.0000000
NODE_194150_length_285_cov_1.645161	112	160	0	48	48	1.0000000
NODE_194260_length_285_cov_1.548387	124	172	0	3	48	0.0625000
NODE_194260_length_285_cov_1.548387	124	172	2	45	48	0.9375000
NODE_194332_length_285_cov_1.456989	210	277	0	67	67	1.0000000
NODE_194499_length_285_cov_1.327957	114	191	0	77	77	1.0000000
NODE_194865_length_285_cov_1.096774	175	229	0	54	54	1.0000000
NODE_194865_length_285_cov_1.096774	230	271	0	41	41	1.0000000
NODE_195109_length_285_cov_0.924731	128	208	0	80	80	1.0000000
NODE_195115_length_285_cov_0.919355	5	65	0	60	60	1.0000000
NODE_195124_length_285_cov_0.913978	6	80	0	74	74	1.0000000
NODE_195124_length_285_cov_0.913978	58	133	0	75	75	1.0000000
NODE_195642_length_284_cov_7.967568	143	207	0	64	64	1.0000000
NODE_195667_length_284_cov_5.016216	115	169	0	54	54	1.0000000
NODE_195715_length_284_cov_3.913514	26	82	0	56	56	1.0000000
NODE_195760_length_284_cov_3.405405	209	283	0	74	74	1.0000000
NODE_195863_length_284_cov_2.718919	138	162	0	24	24	1.0000000
NODE_195863_length_284_cov_2.718919	138	215	0	77	77	1.0000000
NODE_196090_length_284_cov_2.097297	46	122	0	76	76	1.0000000
NODE_196253_length_284_cov_1.756757	27	100	0	73	73	1.0000000
NODE_196253_length_284_cov_1.756757	97	153	0	56	56	1.0000000
NODE_196273_length_284_cov_1.713514	24	59	0	35	35	1.0000000
NODE_196372_length_284_cov_1.654054	207	251	0	44	44	1.0000000
NODE_196426_length_284_cov_1.643243	180	239	0	59	59	1.0000000
NODE_196505_length_284_cov_1.540541	148	186	4	3	38	0.0789474
NODE_196505_length_284_cov_1.540541	148	186	5	20	38	0.5263158
NODE_196505_length_284_cov_1.540541	148	186	6	15	38	0.3947369
NODE_196670_length_284_cov_1.378378	65	145	2	39	80	0.4875000
NODE_196670_length_284_cov_1.378378	65	145	3	41	80	0.5125000
NODE_196670_length_284_cov_1.378378	118	165	3	47	47	1.0000000
NODE_196733_length_284_cov_1.329730	114	170	0	56	56	1.0000000
NODE_197755_length_284_cov_0.686486	13	94	0	81	81	1.0000000
NODE_197755_length_284_cov_0.686486	13	94	0	81	81	1.0000000
NODE_197755_length_284_cov_0.686486	13	94	0	81	81	1.0000000
NODE_197835_length_284_cov_0.551351	167	219	0	52	52	1.0000000
NODE_197936_length_283_cov_4.434783	81	137	14	2	56	0.0357143
NODE_197936_length_283_cov_4.434783	81	137	16	54	56	0.9642857
NODE_197936_length_283_cov_4.434783	114	190	0	1	76	0.0131579
NODE_197936_length_283_cov_4.434783	114	190	3	7	76	0.0921053
NODE_197936_length_283_cov_4.434783	114	190	5	5	76	0.0657895
NODE_197936_length_283_cov_4.434783	114	190	6	1	76	0.0131579
NODE_197936_length_283_cov_4.434783	114	190	7	13	76	0.1710526
NODE_197936_length_283_cov_4.434783	114	190	8	4	76	0.0526316
NODE_197936_length_283_cov_4.434783	114	190	10	8	76	0.1052632
NODE_197936_length_283_cov_4.434783	114	190	14	16	76	0.2105263
NODE_197936_length_283_cov_4.434783	114	190	16	21	76	0.2763158
NODE_197936_length_283_cov_4.434783	190	270	0	80	80	1.0000000
NODE_197937_length_283_cov_4.429348	104	168	0	64	64	1.0000000
NODE_197937_length_283_cov_4.429348	104	168	0	64	64	1.0000000
NODE_197937_length_283_cov_4.429348	141	207	0	66	66	1.0000000
NODE_197937_length_283_cov_4.429348	141	221	0	80	80	1.0000000
NODE_198007_length_283_cov_3.369565	0	35	0	35	35	1.0000000
NODE_198022_length_283_cov_3.309783	47	91	0	44	44	1.0000000
NODE_198081_length_283_cov_2.923913	95	137	0	42	42	1.0000000
NODE_198081_length_283_cov_2.923913	110	190	0	54	80	0.6750000
NODE_198081_length_283_cov_2.923913	110	190	1	26	80	0.3250000
NODE_198098_length_283_cov_2.782609	120	200	0	80	80	1.0000000
NODE_198109_length_283_cov_2.771739	29	72	0	43	43	1.0000000
NODE_198171_length_283_cov_2.494565	186	229	0	43	43	1.0000000
NODE_198176_length_283_cov_2.494565	181	238	0	57	57	1.0000000
NODE_198271_length_283_cov_2.217391	222	281	0	59	59	1.0000000
NODE_198518_length_283_cov_1.777174	40	120	0	80	80	1.0000000
NODE_198745_length_283_cov_1.543478	125	161	0	36	36	1.0000000
NODE_198751_length_283_cov_1.538043	182	203	0	1	21	0.0476190
NODE_198751_length_283_cov_1.538043	182	203	2	20	21	0.9523810
NODE_198986_length_283_cov_1.304348	208	270	0	62	62	1.0000000
NODE_199042_length_283_cov_1.211957	157	234	2	1	77	0.0129870
NODE_199042_length_283_cov_1.211957	157	234	4	13	77	0.1688312
NODE_199042_length_283_cov_1.211957	157	234	6	63	77	0.8181818
NODE_199070_length_283_cov_1.168478	183	250	2	67	67	1.0000000
NODE_199606_length_283_cov_0.918478	146	226	0	57	80	0.7125000
NODE_199606_length_283_cov_0.918478	146	226	1	17	80	0.2125000
NODE_199606_length_283_cov_0.918478	146	226	2	6	80	0.0750000
NODE_199606_length_283_cov_0.918478	199	279	0	80	80	1.0000000
NODE_199641_length_283_cov_0.885870	143	205	0	62	62	1.0000000
NODE_199958_length_283_cov_0.706522	119	159	0	40	40	1.0000000
NODE_200085_length_282_cov_51.027322	219	280	0	17	61	0.2786885
NODE_200085_length_282_cov_51.027322	219	280	1	30	61	0.4918033
NODE_200085_length_282_cov_51.027322	219	280	2	14	61	0.2295082
NODE_200085_length_282_cov_51.027322	219	282	0	19	63	0.3015873
NODE_200085_length_282_cov_51.027322	219	282	1	30	63	0.4761905
NODE_200085_length_282_cov_51.027322	219	282	2	14	63	0.2222222
NODE_200166_length_282_cov_3.901639	38	118	0	80	80	1.0000000
NODE_200166_length_282_cov_3.901639	91	171	0	80	80	1.0000000
NODE_200171_length_282_cov_3.874317	96	116	0	20	20	1.0000000
NODE_200201_length_282_cov_3.562842	224	279	0	55	55	1.0000000
NODE_200270_length_282_cov_2.890710	41	123	0	44	82	0.5365854
NODE_200270_length_282_cov_2.890710	41	123	2	38	82	0.4634146
NODE_200276_length_282_cov_2.846995	26	47	0	3	21	0.1428571
NODE_200276_length_282_cov_2.846995	26	47	2	18	21	0.8571429
NODE_200304_length_282_cov_2.770492	145	225	0	80	80	1.0000000
NODE_200304_length_282_cov_2.770492	198	278	0	80	80	1.0000000
NODE_200329_length_282_cov_2.655738	46	119	0	73	73	1.0000000
NODE_200329_length_282_cov_2.655738	100	159	0	59	59	1.0000000
NODE_200335_length_282_cov_2.622951	0	36	0	36	36	1.0000000
NODE_200335_length_282_cov_2.622951	9	89	0	80	80	1.0000000
NODE_200336_length_282_cov_2.622951	38	111	0	73	73	1.0000000
NODE_200336_length_282_cov_2.622951	98	144	0	46	46	1.0000000
NODE_200367_length_282_cov_2.508197	138	186	0	48	48	1.0000000
NODE_200367_length_282_cov_2.508197	191	234	0	43	43	1.0000000
NODE_200425_length_282_cov_2.289617	68	137	0	59	69	0.8550724
NODE_200425_length_282_cov_2.289617	68	137	2	10	69	0.1449275
NODE_200443_length_282_cov_2.229508	169	249	0	80	80	1.0000000
NODE_200501_length_282_cov_2.163934	138	192	0	54	54	1.0000000
NODE_200634_length_282_cov_1.901639	149	216	0	33	67	0.4925373
NODE_200634_length_282_cov_1.901639	149	216	2	34	67	0.5074627
NODE_200924_length_282_cov_1.612022	123	162	0	39	39	1.0000000
NODE_201084_length_282_cov_1.393443	158	225	0	67	67	1.0000000
NODE_201219_length_282_cov_1.273224	91	140	0	49	49	1.0000000
NODE_201413_length_282_cov_1.114754	5	53	0	48	48	1.0000000
NODE_202284_length_281_cov_7.895604	165	210	1	4	45	0.0888889
NODE_202284_length_281_cov_7.895604	165	210	3	41	45	0.9111111
NODE_202284_length_281_cov_7.895604	183	263	3	80	80	1.0000000
NODE_202294_length_281_cov_6.379121	151	231	0	80	80	1.0000000
NODE_202333_length_281_cov_4.565934	71	127	0	56	56	1.0000000
NODE_202337_length_281_cov_4.494505	211	261	0	50	50	1.0000000
NODE_202356_length_281_cov_4.219780	85	135	0	50	50	1.0000000
NODE_202356_length_281_cov_4.219780	145	188	0	43	43	1.0000000
NODE_202401_length_281_cov_3.620879	245	281	0	36	36	1.0000000
NODE_202421_length_281_cov_3.324176	104	161	0	2	57	0.0350877
NODE_202421_length_281_cov_3.324176	104	161	2	30	57	0.5263158
NODE_202421_length_281_cov_3.324176	104	161	3	25	57	0.4385965
NODE_202421_length_281_cov_3.324176	112	192	2	24	80	0.3000000
NODE_202421_length_281_cov_3.324176	112	192	3	56	80	0.7000000
NODE_202436_length_281_cov_3.197802	6	80	0	74	74	1.0000000
NODE_202473_length_281_cov_2.923077	92	150	0	58	58	1.0000000
NODE_202650_length_281_cov_2.241758	5	58	0	53	53	1.0000000
NODE_202712_length_281_cov_2.120879	56	136	1	71	80	0.8875000
NODE_202712_length_281_cov_2.120879	56	136	2	9	80	0.1125000
NODE_202788_length_281_cov_1.961538	199	270	0	71	71	1.0000000
NODE_203008_length_281_cov_1.675824	147	199	0	52	52	1.0000000
NODE_203008_length_281_cov_1.675824	178	198	0	20	20	1.0000000
NODE_203008_length_281_cov_1.675824	200	241	0	41	41	1.0000000
NODE_203065_length_281_cov_1.653846	29	65	0	36	36	1.0000000
NODE_203168_length_281_cov_1.483516	85	135	0	50	50	1.0000000
NODE_203168_length_281_cov_1.483516	86	166	0	80	80	1.0000000
NODE_203168_length_281_cov_1.483516	139	184	0	45	45	1.0000000
NODE_203183_length_281_cov_1.461538	223	276	0	48	53	0.9056604
NODE_203183_length_281_cov_1.461538	223	276	1	5	53	0.0943396
NODE_203262_length_281_cov_1.401099	237	281	0	44	44	1.0000000
NODE_203281_length_281_cov_1.401099	150	214	0	64	64	1.0000000
NODE_203281_length_281_cov_1.401099	187	267	0	80	80	1.0000000
NODE_203292_length_281_cov_1.401099	31	111	0	80	80	1.0000000
NODE_203440_length_281_cov_1.186813	0	79	0	79	79	1.0000000
NODE_203440_length_281_cov_1.186813	52	132	0	80	80	1.0000000
NODE_203516_length_281_cov_1.120879	47	82	0	35	35	1.0000000
NODE_203534_length_281_cov_1.120879	243	276	1	21	33	0.6363636
NODE_203534_length_281_cov_1.120879	243	276	2	12	33	0.3636364
NODE_203544_length_281_cov_1.120879	216	281	0	42	65	0.6461539
NODE_203544_length_281_cov_1.120879	216	281	1	23	65	0.3538462
NODE_203785_length_281_cov_1.060440	139	179	2	40	40	1.0000000
NODE_204094_length_281_cov_0.840659	72	138	0	66	66	1.0000000
NODE_204094_length_281_cov_0.840659	111	191	0	80	80	1.0000000
NODE_204467_length_280_cov_39.320442	118	198	2	80	80	1.0000000
NODE_204467_length_280_cov_39.320442	181	251	0	34	70	0.4857143
NODE_204467_length_280_cov_39.320442	181	251	1	3	70	0.0428571
NODE_204467_length_280_cov_39.320442	181	251	2	33	70	0.4714286
NODE_204468_length_280_cov_34.259669	97	137	0	1	40	0.0250000
NODE_204468_length_280_cov_34.259669	97	137	4	1	40	0.0250000
NODE_204468_length_280_cov_34.259669	97	137	10	1	40	0.0250000
NODE_204468_length_280_cov_34.259669	97	137	11	5	40	0.1250000
NODE_204468_length_280_cov_34.259669	97	137	13	3	40	0.0750000
NODE_204468_length_280_cov_34.259669	97	137	14	19	40	0.4750000
NODE_204468_length_280_cov_34.259669	97	137	15	4	40	0.1000000
NODE_204468_length_280_cov_34.259669	97	137	17	1	40	0.0250000
NODE_204468_length_280_cov_34.259669	97	137	19	5	40	0.1250000
NODE_204532_length_280_cov_4.287293	53	100	0	47	47	1.0000000
NODE_204532_length_280_cov_4.287293	129	186	0	57	57	1.0000000
NODE_204596_length_280_cov_3.436464	34	103	3	6	69	0.0869565
NODE_204596_length_280_cov_3.436464	34	103	4	1	69	0.0144928
NODE_204596_length_280_cov_3.436464	34	103	6	62	69	0.8985507
NODE_204597_length_280_cov_3.430939	17	97	0	80	80	1.0000000
NODE_204597_length_280_cov_3.430939	27	97	0	70	70	1.0000000
NODE_204674_length_280_cov_2.988950	118	164	0	46	46	1.0000000
NODE_204938_length_280_cov_2.165746	2	48	0	46	46	1.0000000
NODE_204938_length_280_cov_2.165746	6	48	0	42	42	1.0000000
NODE_204938_length_280_cov_2.165746	21	101	0	80	80	1.0000000
NODE_204938_length_280_cov_2.165746	22	101	0	79	79	1.0000000
NODE_204938_length_280_cov_2.165746	32	101	0	69	69	1.0000000
NODE_204976_length_280_cov_2.022099	105	148	0	43	43	1.0000000
NODE_204976_length_280_cov_2.022099	121	148	0	27	27	1.0000000
NODE_205044_length_280_cov_1.889503	50	132	0	22	82	0.2682927
NODE_205044_length_280_cov_1.889503	50	132	2	60	82	0.7317073
NODE_205062_length_280_cov_1.828729	45	75	3	3	30	0.1000000
NODE_205062_length_280_cov_1.828729	45	75	5	27	30	0.9000000
NODE_205410_length_280_cov_1.425414	17	50	1	33	33	1.0000000
NODE_205410_length_280_cov_1.425414	70	112	0	8	42	0.1904762
NODE_205410_length_280_cov_1.425414	70	112	1	34	42	0.8095238
NODE_205416_length_280_cov_1.414365	37	97	0	60	60	1.0000000
NODE_205633_length_280_cov_1.187845	56	136	0	80	80	1.0000000
NODE_205635_length_280_cov_1.182320	154	234	0	80	80	1.0000000
NODE_205635_length_280_cov_1.182320	207	280	0	73	73	1.0000000
NODE_205701_length_280_cov_1.127072	204	265	0	61	61	1.0000000
NODE_205794_length_280_cov_1.127072	0	39	0	39	39	1.0000000
NODE_205801_length_280_cov_1.127072	218	253	0	35	35	1.0000000
NODE_205894_length_280_cov_1.127072	0	59	0	59	59	1.0000000
NODE_206211_length_280_cov_0.911602	176	256	0	80	80	1.0000000
NODE_206211_length_280_cov_0.911602	229	280	0	51	51	1.0000000
NODE_206319_length_280_cov_0.845304	211	268	0	57	57	1.0000000
NODE_206531_length_280_cov_0.779006	129	203	0	74	74	1.0000000
NODE_206721_length_279_cov_50.005556	51	130	4	12	79	0.1518987
NODE_206721_length_279_cov_50.005556	51	130	5	2	79	0.0253165
NODE_206721_length_279_cov_50.005556	51	130	6	27	79	0.3417721
NODE_206721_length_279_cov_50.005556	51	130	10	38	79	0.4810127
NODE_206721_length_279_cov_50.005556	103	179	2	1	76	0.0131579
NODE_206721_length_279_cov_50.005556	103	179	5	1	76	0.0131579
NODE_206721_length_279_cov_50.005556	103	179	7	3	76	0.0394737
NODE_206721_length_279_cov_50.005556	103	179	8	38	76	0.5000000
NODE_206721_length_279_cov_50.005556	103	179	10	33	76	0.4342105
NODE_206744_length_279_cov_6.055556	196	228	0	32	32	1.0000000
NODE_206762_length_279_cov_5.166667	197	277	0	80	80	1.0000000
NODE_206788_length_279_cov_4.427778	107	187	0	80	80	1.0000000
NODE_206879_length_279_cov_3.200000	205	225	0	20	20	1.0000000
NODE_206886_length_279_cov_3.116667	115	195	0	80	80	1.0000000
NODE_206886_length_279_cov_3.116667	168	248	0	80	80	1.0000000
NODE_206972_length_279_cov_2.600000	67	147	0	51	80	0.6375000
NODE_206972_length_279_cov_2.600000	67	147	2	29	80	0.3625000
NODE_206972_length_279_cov_2.600000	120	199	0	79	79	1.0000000
NODE_207023_length_279_cov_2.427778	155	199	0	44	44	1.0000000
NODE_207052_length_279_cov_2.283333	168	240	0	72	72	1.0000000
NODE_207054_length_279_cov_2.277778	190	265	0	74	75	0.9866667
NODE_207054_length_279_cov_2.277778	190	265	2	1	75	0.0133333
NODE_207086_length_279_cov_2.266667	66	109	0	39	43	0.9069768
NODE_207086_length_279_cov_2.266667	66	109	2	4	43	0.0930233
NODE_207115_length_279_cov_2.255556	115	176	0	61	61	1.0000000
NODE_207115_length_279_cov_2.255556	168	222	0	54	54	1.0000000
NODE_207155_length_279_cov_2.200000	57	104	0	47	47	1.0000000
NODE_207269_length_279_cov_1.977778	0	62	0	62	62	1.0000000
NODE_207293_length_279_cov_1.944444	63	105	0	42	42	1.0000000
NODE_207306_length_279_cov_1.916667	182	262	0	80	80	1.0000000
NODE_207318_length_279_cov_1.866667	63	143	0	80	80	1.0000000
NODE_207387_length_279_cov_1.700000	8	37	0	29	29	1.0000000
NODE_207389_length_279_cov_1.700000	10	42	0	32	32	1.0000000
NODE_207534_length_279_cov_1.672222	103	183	0	4	80	0.0500000
NODE_207534_length_279_cov_1.672222	103	183	2	76	80	0.9500000
NODE_207641_length_279_cov_1.433333	51	110	0	59	59	1.0000000
NODE_207641_length_279_cov_1.433333	83	119	0	36	36	1.0000000
NODE_207929_length_279_cov_1.144444	146	211	0	65	65	1.0000000
NODE_207929_length_279_cov_1.144444	184	266	0	82	82	1.0000000
NODE_207931_length_279_cov_1.138889	125	188	0	4	63	0.0634921
NODE_207931_length_279_cov_1.138889	125	188	1	59	63	0.9365079
NODE_207932_length_279_cov_1.138889	111	191	0	80	80	1.0000000
NODE_207948_length_279_cov_1.133333	231	271	0	40	40	1.0000000
NODE_208183_length_279_cov_1.116667	15	92	0	77	77	1.0000000
NODE_208334_length_279_cov_0.988889	181	261	0	80	80	1.0000000
NODE_208410_length_279_cov_0.927778	50	69	0	19	19	1.0000000
NODE_208410_length_279_cov_0.927778	50	69	0	19	19	1.0000000
NODE_208664_length_279_cov_0.844444	35	70	0	35	35	1.0000000
NODE_209293_length_278_cov_44.882682	158	210	5	32	52	0.6153846
NODE_209293_length_278_cov_44.882682	158	210	6	8	52	0.1538462
NODE_209293_length_278_cov_44.882682	158	210	7	1	52	0.0192308
NODE_209293_length_278_cov_44.882682	158	210	8	11	52	0.2115385
NODE_209293_length_278_cov_44.882682	206	232	5	26	26	1.0000000
NODE_209293_length_278_cov_44.882682	206	265	3	12	59	0.2033898
NODE_209293_length_278_cov_44.882682	206	265	5	47	59	0.7966102
NODE_209294_length_278_cov_37.474860	0	52	1	10	52	0.1923077
NODE_209294_length_278_cov_37.474860	0	52	3	38	52	0.7307692
NODE_209294_length_278_cov_37.474860	0	52	4	4	52	0.0769231
NODE_209294_length_278_cov_37.474860	48	128	4	26	80	0.3250000
NODE_209294_length_278_cov_37.474860	48	128	6	13	80	0.1625000
NODE_209294_length_278_cov_37.474860	48	128	7	5	80	0.0625000
NODE_209294_length_278_cov_37.474860	48	128	9	36	80	0.4500000
NODE_209294_length_278_cov_37.474860	101	181	5	8	80	0.1000000
NODE_209294_length_278_cov_37.474860	101	181	6	17	80	0.2125000
NODE_209294_length_278_cov_37.474860	101	181	8	10	80	0.1250000
NODE_209294_length_278_cov_37.474860	101	181	9	45	80	0.5625000
NODE_209295_length_278_cov_21.340782	84	164	2	24	80	0.3000000
NODE_209295_length_278_cov_21.340782	84	164	4	56	80	0.7000000
NODE_209295_length_278_cov_21.340782	137	217	2	42	80	0.5250000
NODE_209295_length_278_cov_21.340782	137	217	3	4	80	0.0500000
NODE_209295_length_278_cov_21.340782	137	217	4	34	80	0.4250000
NODE_209360_length_278_cov_4.156425	132	210	0	74	78	0.9487180
NODE_209360_length_278_cov_4.156425	132	210	2	4	78	0.0512821
NODE_209360_length_278_cov_4.156425	193	263	0	70	70	1.0000000
NODE_209372_length_278_cov_3.977654	142	221	0	79	79	1.0000000
NODE_209378_length_278_cov_3.865922	168	210	0	42	42	1.0000000
NODE_209552_length_278_cov_2.558659	93	123	0	30	30	1.0000000
NODE_209565_length_278_cov_2.513966	54	106	0	52	52	1.0000000
NODE_209565_length_278_cov_2.513966	79	158	0	79	79	1.0000000
NODE_209605_length_278_cov_2.296089	127	207	0	80	80	1.0000000
NODE_209883_length_278_cov_1.731844	145	194	10	10	49	0.2040816
NODE_209883_length_278_cov_1.731844	145	194	12	12	49	0.2448980
NODE_209883_length_278_cov_1.731844	145	194	14	27	49	0.5510204
NODE_210038_length_278_cov_1.681564	129	184	0	6	55	0.1090909
NODE_210038_length_278_cov_1.681564	129	184	2	49	55	0.8909091
NODE_210068_length_278_cov_1.636872	13	41	0	28	28	1.0000000
NODE_210373_length_278_cov_1.290503	3	67	3	1	64	0.0156250
NODE_210373_length_278_cov_1.290503	3	67	4	5	64	0.0781250
NODE_210373_length_278_cov_1.290503	3	67	5	2	64	0.0312500
NODE_210373_length_278_cov_1.290503	3	67	7	4	64	0.0625000
NODE_210373_length_278_cov_1.290503	3	67	9	7	64	0.1093750
NODE_210373_length_278_cov_1.290503	3	67	10	45	64	0.7031250
NODE_210373_length_278_cov_1.290503	3	67	3	1	64	0.0156250
NODE_210373_length_278_cov_1.290503	3	67	4	5	64	0.0781250
NODE_210373_length_278_cov_1.290503	3	67	5	2	64	0.0312500
NODE_210373_length_278_cov_1.290503	3	67	7	4	64	0.0625000
NODE_210373_length_278_cov_1.290503	3	67	9	7	64	0.1093750
NODE_210373_length_278_cov_1.290503	3	67	10	45	64	0.7031250
NODE_210373_length_278_cov_1.290503	3	67	3	1	64	0.0156250
NODE_210373_length_278_cov_1.290503	3	67	4	5	64	0.0781250
NODE_210373_length_278_cov_1.290503	3	67	5	2	64	0.0312500
NODE_210373_length_278_cov_1.290503	3	67	7	4	64	0.0625000
NODE_210373_length_278_cov_1.290503	3	67	9	7	64	0.1093750
NODE_210373_length_278_cov_1.290503	3	67	10	45	64	0.7031250
NODE_210463_length_278_cov_1.150838	52	76	0	24	24	1.0000000
NODE_210463_length_278_cov_1.150838	58	84	0	26	26	1.0000000
NODE_210559_length_278_cov_1.139665	108	187	0	79	79	1.0000000
NODE_210612_length_278_cov_1.139665	232	278	0	46	46	1.0000000
NODE_210691_length_278_cov_1.139665	210	278	0	68	68	1.0000000
NODE_212166_length_277_cov_2.691011	0	60	0	60	60	1.0000000
NODE_212166_length_277_cov_2.691011	33	113	0	80	80	1.0000000
NODE_212175_length_277_cov_2.617978	85	127	1	7	42	0.1666667
NODE_212175_length_277_cov_2.617978	85	127	2	35	42	0.8333333
NODE_212233_length_277_cov_2.438202	137	218	0	81	81	1.0000000
NODE_212357_length_277_cov_2.140449	234	276	0	42	42	1.0000000
NODE_212377_length_277_cov_2.095506	41	114	0	73	73	1.0000000
NODE_212377_length_277_cov_2.095506	41	114	0	73	73	1.0000000
NODE_212377_length_277_cov_2.095506	94	161	0	67	67	1.0000000
NODE_212525_length_277_cov_1.837079	92	172	1	80	80	1.0000000
NODE_212558_length_277_cov_1.764045	115	155	0	17	40	0.4250000
NODE_212558_length_277_cov_1.764045	115	155	2	23	40	0.5750000
NODE_212605_length_277_cov_1.719101	150	215	0	65	65	1.0000000
NODE_212845_length_277_cov_1.505618	0	47	0	47	47	1.0000000
NODE_212845_length_277_cov_1.505618	20	100	0	80	80	1.0000000
NODE_212970_length_277_cov_1.426966	113	191	0	44	78	0.5641026
NODE_212970_length_277_cov_1.426966	113	191	2	34	78	0.4358974
NODE_213057_length_277_cov_1.314607	127	176	0	49	49	1.0000000
NODE_213091_length_277_cov_1.258427	141	222	0	81	81	1.0000000
NODE_213223_length_277_cov_1.146067	19	95	0	16	76	0.2105263
NODE_213223_length_277_cov_1.146067	19	95	2	60	76	0.7894737
NODE_213490_length_277_cov_1.061798	67	105	1	38	38	1.0000000
NODE_213505_length_277_cov_1.044944	19	77	0	26	58	0.4482759
NODE_213505_length_277_cov_1.044944	19	77	1	32	58	0.5517241
NODE_214572_length_276_cov_31.774011	91	153	7	1	62	0.0161290
NODE_214572_length_276_cov_31.774011	91	153	9	4	62	0.0645161
NODE_214572_length_276_cov_31.774011	91	153	10	5	62	0.0806452
NODE_214572_length_276_cov_31.774011	91	153	12	15	62	0.2419355
NODE_214572_length_276_cov_31.774011	91	153	13	3	62	0.0483871
NODE_214572_length_276_cov_31.774011	91	153	15	2	62	0.0322581
NODE_214572_length_276_cov_31.774011	91	153	16	1	62	0.0161290
NODE_214572_length_276_cov_31.774011	91	153	18	2	62	0.0322581
NODE_214572_length_276_cov_31.774011	91	153	19	3	62	0.0483871
NODE_214572_length_276_cov_31.774011	91	153	21	26	62	0.4193548
NODE_214576_length_276_cov_10.056497	66	146	3	80	80	1.0000000
NODE_214698_length_276_cov_3.564972	176	256	1	37	80	0.4625000
NODE_214698_length_276_cov_3.564972	176	256	2	5	80	0.0625000
NODE_214698_length_276_cov_3.564972	176	256	3	38	80	0.4750000
NODE_214785_length_276_cov_2.920904	203	260	0	57	57	1.0000000
NODE_214785_length_276_cov_2.920904	233	276	0	43	43	1.0000000
NODE_214883_length_276_cov_2.542373	164	204	4	13	40	0.3250000
NODE_214883_length_276_cov_2.542373	164	204	5	20	40	0.5000000
NODE_214883_length_276_cov_2.542373	164	204	7	7	40	0.1750000
NODE_215016_length_276_cov_2.197740	64	144	1	28	80	0.3500000
NODE_215016_length_276_cov_2.197740	64	144	3	52	80	0.6500000
NODE_215086_length_276_cov_2.022599	136	193	5	57	57	1.0000000
NODE_215105_length_276_cov_2.016949	97	138	0	41	41	1.0000000
NODE_215139_length_276_cov_2.005650	82	153	0	71	71	1.0000000
NODE_215234_length_276_cov_1.734463	102	182	0	13	80	0.1625000
NODE_215234_length_276_cov_1.734463	102	182	2	2	80	0.0250000
NODE_215234_length_276_cov_1.734463	102	182	4	65	80	0.8125000
NODE_215516_length_276_cov_1.525424	70	116	0	46	46	1.0000000
NODE_215516_length_276_cov_1.525424	123	169	0	46	46	1.0000000
NODE_215519_length_276_cov_1.514124	115	155	6	40	40	1.0000000
NODE_215748_length_276_cov_1.288136	114	154	0	40	40	1.0000000
NODE_216141_length_276_cov_1.124294	122	170	0	48	48	1.0000000
NODE_216141_length_276_cov_1.124294	132	163	0	31	31	1.0000000
NODE_216220_length_276_cov_1.039548	7	68	0	61	61	1.0000000
NODE_216220_length_276_cov_1.039548	7	70	0	63	63	1.0000000
NODE_216220_length_276_cov_1.039548	7	70	0	63	63	1.0000000
NODE_216220_length_276_cov_1.039548	7	70	0	63	63	1.0000000
NODE_216269_length_276_cov_1.000000	48	89	1	41	41	1.0000000
NODE_216269_length_276_cov_1.000000	62	106	1	44	44	1.0000000
NODE_216414_length_276_cov_0.898305	54	105	0	51	51	1.0000000
NODE_217265_length_275_cov_85.085227	94	174	14	15	80	0.1875000
NODE_217265_length_275_cov_85.085227	94	174	15	7	80	0.0875000
NODE_217265_length_275_cov_85.085227	94	174	16	19	80	0.2375000
NODE_217265_length_275_cov_85.085227	94	174	17	31	80	0.3875000
NODE_217265_length_275_cov_85.085227	94	174	18	8	80	0.1000000
NODE_217265_length_275_cov_85.085227	147	227	4	8	80	0.1000000
NODE_217265_length_275_cov_85.085227	147	227	5	3	80	0.0375000
NODE_217265_length_275_cov_85.085227	147	227	6	1	80	0.0125000
NODE_217265_length_275_cov_85.085227	147	227	7	8	80	0.1000000
NODE_217265_length_275_cov_85.085227	147	227	8	8	80	0.1000000
NODE_217265_length_275_cov_85.085227	147	227	9	5	80	0.0625000
NODE_217265_length_275_cov_85.085227	147	227	10	11	80	0.1375000
NODE_217265_length_275_cov_85.085227	147	227	12	5	80	0.0625000
NODE_217265_length_275_cov_85.085227	147	227	14	19	80	0.2375000
NODE_217265_length_275_cov_85.085227	147	227	17	12	80	0.1500000
NODE_217287_length_275_cov_5.818182	0	44	0	44	44	1.0000000
NODE_217355_length_275_cov_3.857955	0	67	0	67	67	1.0000000
NODE_217396_length_275_cov_3.306818	199	275	0	76	76	1.0000000
NODE_217402_length_275_cov_3.284091	127	175	0	33	48	0.6875000
NODE_217402_length_275_cov_3.284091	127	175	2	15	48	0.3125000
NODE_217433_length_275_cov_2.977273	95	145	2	50	50	1.0000000
NODE_217531_length_275_cov_2.585227	85	122	10	10	37	0.2702703
NODE_217531_length_275_cov_2.585227	85	122	11	27	37	0.7297297
NODE_217714_length_275_cov_2.090909	0	47	0	28	47	0.5957447
NODE_217714_length_275_cov_2.090909	0	47	2	19	47	0.4042553
NODE_217714_length_275_cov_2.090909	20	91	0	8	71	0.1126761
NODE_217714_length_275_cov_2.090909	20	91	2	63	71	0.8873239
NODE_217801_length_275_cov_1.960227	198	251	0	53	53	1.0000000
NODE_217835_length_275_cov_1.875000	190	247	0	57	57	1.0000000
NODE_217839_length_275_cov_1.857955	52	119	0	67	67	1.0000000
NODE_217839_length_275_cov_1.857955	136	182	0	46	46	1.0000000
NODE_217885_length_275_cov_1.755682	21	76	0	55	55	1.0000000
NODE_217912_length_275_cov_1.738636	225	256	0	31	31	1.0000000
NODE_217967_length_275_cov_1.738636	161	241	0	80	80	1.0000000
NODE_218257_length_275_cov_1.448864	123	155	3	10	32	0.3125000
NODE_218257_length_275_cov_1.448864	123	155	4	22	32	0.6875000
NODE_218402_length_275_cov_1.301136	132	196	0	64	64	1.0000000
NODE_218706_length_275_cov_1.159091	13	93	0	80	80	1.0000000
NODE_218734_length_275_cov_1.153409	11	91	0	80	80	1.0000000
NODE_219031_length_275_cov_0.937500	13	49	4	8	36	0.2222222
NODE_219031_length_275_cov_0.937500	13	49	5	3	36	0.0833333
NODE_219031_length_275_cov_0.937500	13	49	8	9	36	0.2500000
NODE_219031_length_275_cov_0.937500	13	49	9	1	36	0.0277778
NODE_219031_length_275_cov_0.937500	13	49	10	2	36	0.0555556
NODE_219031_length_275_cov_0.937500	13	49	11	10	36	0.2777778
NODE_219031_length_275_cov_0.937500	13	49	12	3	36	0.0833333
NODE_219031_length_275_cov_0.937500	22	86	5	2	64	0.0312500
NODE_219031_length_275_cov_0.937500	22	86	8	9	64	0.1406250
NODE_219031_length_275_cov_0.937500	22	86	9	1	64	0.0156250
NODE_219031_length_275_cov_0.937500	22	86	10	2	64	0.0312500
NODE_219031_length_275_cov_0.937500	22	86	11	10	64	0.1562500
NODE_219031_length_275_cov_0.937500	22	86	12	9	64	0.1406250
NODE_219031_length_275_cov_0.937500	22	86	13	5	64	0.0781250
NODE_219031_length_275_cov_0.937500	22	86	14	11	64	0.1718750
NODE_219031_length_275_cov_0.937500	22	86	15	15	64	0.2343750
NODE_219220_length_275_cov_0.869318	67	126	0	59	59	1.0000000
NODE_219655_length_275_cov_0.579545	40	70	0	30	30	1.0000000
NODE_220021_length_274_cov_6.074286	141	175	0	34	34	1.0000000
NODE_220047_length_274_cov_4.845714	48	105	2	57	57	1.0000000
NODE_220047_length_274_cov_4.845714	113	175	1	29	62	0.4677419
NODE_220047_length_274_cov_4.845714	113	175	2	33	62	0.5322581
NODE_220078_length_274_cov_4.080000	210	274	0	54	64	0.8437500
NODE_220078_length_274_cov_4.080000	210	274	2	10	64	0.1562500
NODE_220215_length_274_cov_2.988571	104	161	0	57	57	1.0000000
NODE_220221_length_274_cov_2.937143	199	234	0	35	35	1.0000000
NODE_220293_length_274_cov_2.622857	29	76	4	47	47	1.0000000
NODE_220293_length_274_cov_2.622857	82	157	0	63	75	0.8400000
NODE_220293_length_274_cov_2.622857	82	157	2	12	75	0.1600000
NODE_220413_length_274_cov_2.308571	51	130	0	3	79	0.0379747
NODE_220413_length_274_cov_2.308571	51	130	1	29	79	0.3670886
NODE_220413_length_274_cov_2.308571	51	130	3	9	79	0.1139240
NODE_220413_length_274_cov_2.308571	51	130	5	1	79	0.0126582
NODE_220413_length_274_cov_2.308571	51	130	6	5	79	0.0632911
NODE_220413_length_274_cov_2.308571	51	130	7	1	79	0.0126582
NODE_220413_length_274_cov_2.308571	51	130	9	6	79	0.0759494
NODE_220413_length_274_cov_2.308571	51	130	10	24	79	0.3037975
NODE_220413_length_274_cov_2.308571	51	130	11	1	79	0.0126582
NODE_220504_length_274_cov_2.062857	172	242	0	70	70	1.0000000
NODE_220504_length_274_cov_2.062857	215	256	0	41	41	1.0000000
NODE_220662_length_274_cov_1.754286	219	259	0	40	40	1.0000000
NODE_220681_length_274_cov_1.748571	168	231	0	63	63	1.0000000
NODE_220806_length_274_cov_1.737143	134	172	0	38	38	1.0000000
NODE_220847_length_274_cov_1.685714	132	189	0	11	57	0.1929825
NODE_220847_length_274_cov_1.685714	132	189	4	46	57	0.8070176
NODE_220847_length_274_cov_1.685714	141	199	0	2	58	0.0344828
NODE_220847_length_274_cov_1.685714	141	199	3	6	58	0.1034483
NODE_220847_length_274_cov_1.685714	141	199	4	50	58	0.8620690
NODE_220966_length_274_cov_1.502857	170	232	0	62	62	1.0000000
NODE_220966_length_274_cov_1.502857	223	274	0	51	51	1.0000000
NODE_221005_length_274_cov_1.457143	118	147	0	29	29	1.0000000
NODE_221101_length_274_cov_1.434286	25	69	0	44	44	1.0000000
NODE_221211_length_274_cov_1.285714	84	156	0	72	72	1.0000000
NODE_221612_length_274_cov_1.131429	205	251	0	46	46	1.0000000
NODE_221764_length_274_cov_0.994286	219	260	0	41	41	1.0000000
NODE_222849_length_273_cov_4.948276	204	262	0	58	58	1.0000000
NODE_222849_length_273_cov_4.948276	204	258	0	54	54	1.0000000
NODE_222914_length_273_cov_3.712644	103	183	0	1	80	0.0125000
NODE_222914_length_273_cov_3.712644	103	183	4	4	80	0.0500000
NODE_222914_length_273_cov_3.712644	103	183	5	1	80	0.0125000
NODE_222914_length_273_cov_3.712644	103	183	7	1	80	0.0125000
NODE_222914_length_273_cov_3.712644	103	183	8	32	80	0.4000000
NODE_222914_length_273_cov_3.712644	103	183	9	22	80	0.2750000
NODE_222914_length_273_cov_3.712644	103	183	10	19	80	0.2375000
NODE_222955_length_273_cov_3.298851	69	100	0	31	31	1.0000000
NODE_222955_length_273_cov_3.298851	73	153	0	80	80	1.0000000
NODE_222974_length_273_cov_3.195402	122	189	0	67	67	1.0000000
NODE_222991_length_273_cov_3.063218	76	151	6	8	75	0.1066667
NODE_222991_length_273_cov_3.063218	76	151	7	67	75	0.8933333
NODE_222991_length_273_cov_3.063218	135	191	2	19	56	0.3392857
NODE_222991_length_273_cov_3.063218	135	191	4	4	56	0.0714286
NODE_222991_length_273_cov_3.063218	135	191	5	2	56	0.0357143
NODE_222991_length_273_cov_3.063218	135	191	6	23	56	0.4107143
NODE_222991_length_273_cov_3.063218	135	191	7	8	56	0.1428571
NODE_223066_length_273_cov_2.706897	11	45	0	34	34	1.0000000
NODE_223203_length_273_cov_2.339080	69	145	0	76	76	1.0000000
NODE_223353_length_273_cov_2.051724	31	74	1	43	43	1.0000000
NODE_223377_length_273_cov_2.034483	81	161	0	80	80	1.0000000
NODE_223377_length_273_cov_2.034483	213	263	0	50	50	1.0000000
NODE_223680_length_273_cov_1.706897	181	238	0	57	57	1.0000000
NODE_223913_length_273_cov_1.442529	5	47	0	42	42	1.0000000
NODE_224023_length_273_cov_1.281609	167	247	0	80	80	1.0000000
NODE_224082_length_273_cov_1.189655	120	156	0	36	36	1.0000000
NODE_224082_length_273_cov_1.189655	129	160	0	31	31	1.0000000
NODE_224165_length_273_cov_1.172414	94	130	0	2	36	0.0555556
NODE_224165_length_273_cov_1.172414	94	130	1	12	36	0.3333333
NODE_224165_length_273_cov_1.172414	94	130	2	22	36	0.6111111
NODE_224254_length_273_cov_1.172414	8	58	0	50	50	1.0000000
NODE_224367_length_273_cov_1.166667	74	93	0	19	19	1.0000000
NODE_224441_length_273_cov_1.091954	6	42	0	36	36	1.0000000
NODE_224441_length_273_cov_1.091954	43	95	0	52	52	1.0000000
NODE_224587_length_273_cov_0.971264	188	235	0	47	47	1.0000000
NODE_225303_length_273_cov_0.586207	27	88	2	61	61	1.0000000
NODE_225344_length_273_cov_0.586207	24	79	0	55	55	1.0000000
NODE_225344_length_273_cov_0.586207	81	113	0	32	32	1.0000000
NODE_225592_length_272_cov_6.190751	172	236	2	64	64	1.0000000
NODE_225607_length_272_cov_5.335260	193	272	0	79	79	1.0000000
NODE_225633_length_272_cov_4.716763	228	257	0	29	29	1.0000000
NODE_225656_length_272_cov_4.219653	93	166	0	73	73	1.0000000
NODE_225656_length_272_cov_4.219653	146	219	0	73	73	1.0000000
NODE_225658_length_272_cov_4.184971	75	128	2	53	53	1.0000000
NODE_225739_length_272_cov_3.352601	154	199	0	17	45	0.3777778
NODE_225739_length_272_cov_3.352601	154	199	2	28	45	0.6222222
NODE_225872_length_272_cov_2.664740	106	186	0	80	80	1.0000000
NODE_226010_length_272_cov_2.335260	33	103	0	70	70	1.0000000
NODE_226029_length_272_cov_2.277457	219	256	0	37	37	1.0000000
NODE_226045_length_272_cov_2.236994	104	184	2	80	80	1.0000000
NODE_226169_length_272_cov_1.982659	172	252	0	80	80	1.0000000
NODE_226245_length_272_cov_1.780347	37	99	0	62	62	1.0000000
NODE_226245_length_272_cov_1.780347	90	152	0	62	62	1.0000000
NODE_226248_length_272_cov_1.768786	12	45	0	33	33	1.0000000
NODE_226461_length_272_cov_1.618497	97	160	4	5	63	0.0793651
NODE_226461_length_272_cov_1.618497	97	160	5	2	63	0.0317460
NODE_226461_length_272_cov_1.618497	97	160	7	3	63	0.0476190
NODE_226461_length_272_cov_1.618497	97	160	8	5	63	0.0793651
NODE_226461_length_272_cov_1.618497	97	160	9	2	63	0.0317460
NODE_226461_length_272_cov_1.618497	97	160	10	46	63	0.7301587
NODE_226508_length_272_cov_1.543353	69	137	0	68	68	1.0000000
NODE_227037_length_272_cov_1.173410	147	203	2	22	56	0.3928571
NODE_227037_length_272_cov_1.173410	147	203	4	34	56	0.6071429
NODE_227265_length_272_cov_0.988439	169	215	0	46	46	1.0000000
NODE_227444_length_272_cov_0.884393	126	163	0	37	37	1.0000000
NODE_228332_length_271_cov_5.238372	103	183	0	80	80	1.0000000
NODE_228423_length_271_cov_3.546512	102	165	0	63	63	1.0000000
NODE_228429_length_271_cov_3.476744	62	93	0	31	31	1.0000000
NODE_228494_length_271_cov_2.959302	96	176	0	80	80	1.0000000
NODE_228494_length_271_cov_2.959302	149	229	0	80	80	1.0000000
NODE_228554_length_271_cov_2.715116	160	241	0	81	81	1.0000000
NODE_228593_length_271_cov_2.622093	180	253	0	73	73	1.0000000
NODE_228623_length_271_cov_2.465116	45	75	0	30	30	1.0000000
NODE_228731_length_271_cov_2.284884	95	158	0	63	63	1.0000000
NODE_228731_length_271_cov_2.284884	131	211	0	80	80	1.0000000
NODE_228737_length_271_cov_2.273256	163	219	0	56	56	1.0000000
NODE_228830_length_271_cov_2.069767	130	212	0	54	82	0.6585366
NODE_228830_length_271_cov_2.069767	130	212	2	28	82	0.3414634
NODE_228932_length_271_cov_1.784884	135	183	0	48	48	1.0000000
NODE_228937_length_271_cov_1.779070	204	268	0	64	64	1.0000000
NODE_229085_length_271_cov_1.755814	119	199	0	47	80	0.5875000
NODE_229085_length_271_cov_1.755814	119	199	2	33	80	0.4125000
NODE_229242_length_271_cov_1.523256	122	183	2	61	61	1.0000000
NODE_229254_length_271_cov_1.511628	106	186	6	1	80	0.0125000
NODE_229254_length_271_cov_1.511628	106	186	7	15	80	0.1875000
NODE_229254_length_271_cov_1.511628	106	186	8	22	80	0.2750000
NODE_229254_length_271_cov_1.511628	106	186	9	24	80	0.3000000
NODE_229254_length_271_cov_1.511628	106	186	10	18	80	0.2250000
NODE_229525_length_271_cov_1.226744	119	184	0	65	65	1.0000000
NODE_229541_length_271_cov_1.197674	88	145	2	57	57	1.0000000
NODE_229541_length_271_cov_1.197674	118	192	1	17	74	0.2297297
NODE_229541_length_271_cov_1.197674	118	192	2	57	74	0.7702703
NODE_230154_length_271_cov_0.918605	155	227	0	72	72	1.0000000
NODE_230255_length_271_cov_0.889535	101	148	0	47	47	1.0000000
NODE_230318_length_271_cov_0.889535	127	188	0	61	61	1.0000000
NODE_231165_length_270_cov_4.818713	72	118	0	46	46	1.0000000
NODE_231187_length_270_cov_4.327485	5	82	0	77	77	1.0000000
NODE_231240_length_270_cov_3.666667	87	154	0	67	67	1.0000000
NODE_231240_length_270_cov_3.666667	140	207	0	67	67	1.0000000
NODE_231263_length_270_cov_3.491228	186	270	0	84	84	1.0000000
NODE_231310_length_270_cov_3.105263	43	90	6	47	47	1.0000000
NODE_231316_length_270_cov_3.046784	64	135	0	71	71	1.0000000
NODE_231439_length_270_cov_2.649123	210	270	0	60	60	1.0000000
NODE_231655_length_270_cov_2.087719	16	55	0	39	39	1.0000000
NODE_231655_length_270_cov_2.087719	78	108	0	30	30	1.0000000
NODE_231714_length_270_cov_2.040936	103	159	0	1	56	0.0178571
NODE_231714_length_270_cov_2.040936	103	159	4	7	56	0.1250000
NODE_231714_length_270_cov_2.040936	103	159	6	11	56	0.1964286
NODE_231714_length_270_cov_2.040936	103	159	8	14	56	0.2500000
NODE_231714_length_270_cov_2.040936	103	159	10	4	56	0.0714286
NODE_231714_length_270_cov_2.040936	103	159	11	19	56	0.3392857
NODE_231726_length_270_cov_2.017544	1	48	0	47	47	1.0000000
NODE_231820_length_270_cov_1.789474	146	228	0	2	82	0.0243902
NODE_231820_length_270_cov_1.789474	146	228	1	50	82	0.6097561
NODE_231820_length_270_cov_1.789474	146	228	2	30	82	0.3658537
NODE_232008_length_270_cov_1.678363	178	246	0	68	68	1.0000000
NODE_232021_length_270_cov_1.666667	127	191	4	24	64	0.3750000
NODE_232021_length_270_cov_1.666667	127	191	6	24	64	0.3750000
NODE_232021_length_270_cov_1.666667	127	191	8	16	64	0.2500000
NODE_232021_length_270_cov_1.666667	180	227	4	47	47	1.0000000
NODE_232087_length_270_cov_1.555556	138	218	0	80	80	1.0000000
NODE_232331_length_270_cov_1.280702	4	75	0	71	71	1.0000000
NODE_232331_length_270_cov_1.280702	57	137	0	80	80	1.0000000
NODE_232331_length_270_cov_1.280702	65	120	0	55	55	1.0000000
NODE_232331_length_270_cov_1.280702	125	198	0	73	73	1.0000000
NODE_232440_length_270_cov_1.192982	146	194	0	48	48	1.0000000
NODE_232583_length_270_cov_1.192982	61	141	0	80	80	1.0000000
NODE_233290_length_270_cov_0.847953	53	128	2	32	75	0.4266667
NODE_233290_length_270_cov_0.847953	53	128	4	43	75	0.5733333
NODE_234072_length_269_cov_3.894118	30	110	0	80	80	1.0000000
NODE_234072_length_269_cov_3.894118	83	163	0	80	80	1.0000000
NODE_234100_length_269_cov_3.605882	175	205	0	30	30	1.0000000
NODE_234116_length_269_cov_3.523529	192	233	1	12	41	0.2926829
NODE_234116_length_269_cov_3.523529	192	233	2	29	41	0.7073171
NODE_234116_length_269_cov_3.523529	206	268	1	47	62	0.7580645
NODE_234116_length_269_cov_3.523529	206	268	2	15	62	0.2419355
NODE_234118_length_269_cov_3.505882	13	93	0	80	80	1.0000000
NODE_234118_length_269_cov_3.505882	66	145	0	79	79	1.0000000
NODE_234162_length_269_cov_3.147059	134	174	3	40	40	1.0000000
NODE_234167_length_269_cov_3.111765	39	119	0	80	80	1.0000000
NODE_234167_length_269_cov_3.111765	92	169	0	77	77	1.0000000
NODE_234178_length_269_cov_3.000000	166	233	0	67	67	1.0000000
NODE_234205_length_269_cov_2.947059	55	123	2	68	68	1.0000000
NODE_234224_length_269_cov_2.858824	9	89	0	80	80	1.0000000
NODE_234224_length_269_cov_2.858824	62	91	0	29	29	1.0000000
NODE_234228_length_269_cov_2.823529	0	73	1	17	73	0.2328767
NODE_234228_length_269_cov_2.823529	0	73	3	1	73	0.0136986
NODE_234228_length_269_cov_2.823529	0	73	7	11	73	0.1506849
NODE_234228_length_269_cov_2.823529	0	73	8	18	73	0.2465753
NODE_234228_length_269_cov_2.823529	0	73	9	22	73	0.3013699
NODE_234228_length_269_cov_2.823529	0	73	11	4	73	0.0547945
NODE_234228_length_269_cov_2.823529	46	77	8	1	31	0.0322581
NODE_234228_length_269_cov_2.823529	46	77	9	22	31	0.7096774
NODE_234228_length_269_cov_2.823529	46	77	11	8	31	0.2580645
NODE_234431_length_269_cov_2.311765	111	157	0	46	46	1.0000000
NODE_234431_length_269_cov_2.311765	130	209	0	79	79	1.0000000
NODE_234606_length_269_cov_1.958824	176	248	0	72	72	1.0000000
NODE_234647_length_269_cov_1.847059	72	99	0	27	27	1.0000000
NODE_234657_length_269_cov_1.823529	30	81	0	51	51	1.0000000
NODE_234758_length_269_cov_1.800000	0	42	0	42	42	1.0000000
NODE_234978_length_269_cov_1.552941	90	170	0	80	80	1.0000000
NODE_235157_length_269_cov_1.400000	139	219	0	80	80	1.0000000
NODE_235168_length_269_cov_1.388235	185	252	0	67	67	1.0000000
NODE_235239_length_269_cov_1.288235	150	179	0	29	29	1.0000000
NODE_235292_length_269_cov_1.217647	141	221	1	80	80	1.0000000
NODE_235561_length_269_cov_1.194118	107	170	0	63	63	1.0000000
NODE_235561_length_269_cov_1.194118	143	221	0	78	78	1.0000000
NODE_235714_length_269_cov_1.094118	38	72	0	34	34	1.0000000
NODE_235780_length_269_cov_1.035294	6	36	0	30	30	1.0000000
NODE_235780_length_269_cov_1.035294	96	150	0	54	54	1.0000000
NODE_235930_length_269_cov_0.917647	4	79	0	75	75	1.0000000
NODE_235930_length_269_cov_0.917647	57	93	0	36	36	1.0000000
NODE_236243_length_269_cov_0.782353	2	52	0	50	50	1.0000000
NODE_236243_length_269_cov_0.782353	76	132	0	56	56	1.0000000
NODE_236856_length_268_cov_223.165680	161	188	0	27	27	1.0000000
NODE_236856_length_268_cov_223.165680	161	241	0	80	80	1.0000000
NODE_236878_length_268_cov_6.266272	29	111	1	66	82	0.8048781
NODE_236878_length_268_cov_6.266272	29	111	2	16	82	0.1951219
NODE_236909_length_268_cov_5.053254	137	217	0	80	80	1.0000000
NODE_236909_length_268_cov_5.053254	190	253	0	63	63	1.0000000
NODE_236911_length_268_cov_4.994083	92	168	0	76	76	1.0000000
NODE_236972_length_268_cov_3.905325	1	61	0	60	60	1.0000000
NODE_237107_length_268_cov_2.982249	95	175	3	16	80	0.2000000
NODE_237107_length_268_cov_2.982249	95	175	4	64	80	0.8000000
NODE_237115_length_268_cov_2.940828	28	97	0	69	69	1.0000000
NODE_237185_length_268_cov_2.668639	57	110	0	53	53	1.0000000
NODE_237190_length_268_cov_2.621302	149	176	0	27	27	1.0000000
NODE_237325_length_268_cov_2.289941	87	127	1	3	40	0.0750000
NODE_237325_length_268_cov_2.289941	87	127	2	37	40	0.9250000
NODE_237345_length_268_cov_2.224852	96	176	0	80	80	1.0000000
NODE_237345_length_268_cov_2.224852	149	229	0	80	80	1.0000000
NODE_237457_length_268_cov_2.005917	97	162	0	65	65	1.0000000
NODE_237502_length_268_cov_1.840237	80	155	2	75	75	1.0000000
NODE_237572_length_268_cov_1.810651	8	84	0	76	76	1.0000000
NODE_237831_length_268_cov_1.532544	186	257	0	15	71	0.2112676
NODE_237831_length_268_cov_1.532544	186	257	1	1	71	0.0140845
NODE_237831_length_268_cov_1.532544	186	257	2	11	71	0.1549296
NODE_237831_length_268_cov_1.532544	186	257	3	14	71	0.1971831
NODE_237831_length_268_cov_1.532544	186	257	4	30	71	0.4225352
NODE_237906_length_268_cov_1.508876	52	131	0	79	79	1.0000000
NODE_238009_length_268_cov_1.384615	0	46	0	46	46	1.0000000
NODE_238070_length_268_cov_1.278107	100	175	0	75	75	1.0000000
NODE_238153_length_268_cov_1.207101	187	209	0	22	22	1.0000000
NODE_238478_length_268_cov_1.153846	135	195	0	60	60	1.0000000
NODE_239018_length_268_cov_0.852071	59	119	0	60	60	1.0000000
NODE_239805_length_267_cov_4.297619	0	52	0	52	52	1.0000000
NODE_239817_length_267_cov_4.119048	41	87	0	46	46	1.0000000
NODE_239845_length_267_cov_3.785714	96	163	6	9	67	0.1343284
NODE_239845_length_267_cov_3.785714	96	163	8	58	67	0.8656716
NODE_239845_length_267_cov_3.785714	136	178	5	2	42	0.0476190
NODE_239845_length_267_cov_3.785714	136	178	6	22	42	0.5238096
NODE_239845_length_267_cov_3.785714	136	178	8	18	42	0.4285714
NODE_239873_length_267_cov_3.535714	40	101	0	61	61	1.0000000
NODE_239873_length_267_cov_3.535714	74	154	0	80	80	1.0000000
NODE_239958_length_267_cov_3.005952	216	267	0	28	51	0.5490196
NODE_239958_length_267_cov_3.005952	216	267	1	23	51	0.4509804
NODE_239959_length_267_cov_3.000000	87	144	6	3	57	0.0526316
NODE_239959_length_267_cov_3.000000	87	144	8	54	57	0.9473684
NODE_240007_length_267_cov_2.726190	177	220	2	26	43	0.6046512
NODE_240007_length_267_cov_2.726190	177	220	4	17	43	0.3953488
NODE_240024_length_267_cov_2.690476	117	170	6	6	53	0.1132075
NODE_240024_length_267_cov_2.690476	117	170	7	26	53	0.4905660
NODE_240024_length_267_cov_2.690476	117	170	8	21	53	0.3962264
NODE_240029_length_267_cov_2.666667	198	267	0	69	69	1.0000000
NODE_240114_length_267_cov_2.428571	189	254	1	4	65	0.0615385
NODE_240114_length_267_cov_2.428571	189	254	2	57	65	0.8769231
NODE_240114_length_267_cov_2.428571	189	254	3	4	65	0.0615385
NODE_240207_length_267_cov_2.208333	45	103	0	58	58	1.0000000
NODE_240246_length_267_cov_2.125000	124	175	2	16	51	0.3137255
NODE_240246_length_267_cov_2.125000	124	175	4	35	51	0.6862745
NODE_240303_length_267_cov_2.077381	65	146	0	81	81	1.0000000
NODE_240303_length_267_cov_2.077381	229	264	0	35	35	1.0000000
NODE_240331_length_267_cov_2.005952	147	228	4	81	81	1.0000000
NODE_240331_length_267_cov_2.005952	201	267	0	30	66	0.4545455
NODE_240331_length_267_cov_2.005952	201	267	4	36	66	0.5454546
NODE_240336_length_267_cov_1.988095	77	157	0	80	80	1.0000000
NODE_240336_length_267_cov_1.988095	130	210	0	80	80	1.0000000
NODE_240620_length_267_cov_1.755952	119	199	0	80	80	1.0000000
NODE_240624_length_267_cov_1.750000	23	104	4	81	81	1.0000000
NODE_240624_length_267_cov_1.750000	179	208	0	29	29	1.0000000
NODE_240653_length_267_cov_1.690476	18	90	0	72	72	1.0000000
NODE_240790_length_267_cov_1.517857	6	43	0	37	37	1.0000000
NODE_241075_length_267_cov_1.214286	37	91	0	54	54	1.0000000
NODE_241240_length_267_cov_1.214286	89	126	0	37	37	1.0000000
NODE_241352_length_267_cov_1.208333	124	164	0	13	40	0.3250000
NODE_241352_length_267_cov_1.208333	124	164	2	27	40	0.6750000
NODE_241484_length_267_cov_1.125000	57	103	2	16	46	0.3478261
NODE_241484_length_267_cov_1.125000	57	103	4	30	46	0.6521739
NODE_241512_length_267_cov_1.089286	119	196	0	77	77	1.0000000
NODE_241512_length_267_cov_1.089286	169	249	0	80	80	1.0000000
NODE_241517_length_267_cov_1.083333	133	152	3	1	19	0.0526316
NODE_241517_length_267_cov_1.083333	133	152	5	6	19	0.3157895
NODE_241517_length_267_cov_1.083333	133	152	6	2	19	0.1052632
NODE_241517_length_267_cov_1.083333	133	152	8	10	19	0.5263158
NODE_241517_length_267_cov_1.083333	183	264	0	7	81	0.0864198
NODE_241517_length_267_cov_1.083333	183	264	1	74	81	0.9135802
NODE_241588_length_267_cov_1.017857	205	267	0	62	62	1.0000000
NODE_241633_length_267_cov_0.982143	4	75	0	71	71	1.0000000
NODE_242999_length_266_cov_5.706587	120	199	0	79	79	1.0000000
NODE_242999_length_266_cov_5.706587	172	239	0	67	67	1.0000000
NODE_243010_length_266_cov_5.107784	68	150	0	82	82	1.0000000
NODE_243064_length_266_cov_4.125749	99	168	0	38	69	0.5507246
NODE_243064_length_266_cov_4.125749	99	168	2	31	69	0.4492754
NODE_243079_length_266_cov_3.958084	40	120	0	80	80	1.0000000
NODE_243079_length_266_cov_3.958084	93	159	0	66	66	1.0000000
NODE_243136_length_266_cov_3.419162	68	130	2	62	62	1.0000000
NODE_243136_length_266_cov_3.419162	116	183	0	25	67	0.3731343
NODE_243136_length_266_cov_3.419162	116	183	2	42	67	0.6268657
NODE_243168_length_266_cov_3.137725	6	86	0	80	80	1.0000000
NODE_243168_length_266_cov_3.137725	59	120	0	61	61	1.0000000
NODE_243174_length_266_cov_3.107784	166	232	2	19	66	0.2878788
NODE_243174_length_266_cov_3.107784	166	232	4	47	66	0.7121212
NODE_243475_length_266_cov_2.179641	110	191	2	81	81	1.0000000
NODE_243497_length_266_cov_2.137725	156	236	0	1	80	0.0125000
NODE_243497_length_266_cov_2.137725	156	236	1	16	80	0.2000000
NODE_243497_length_266_cov_2.137725	156	236	2	4	80	0.0500000
NODE_243497_length_266_cov_2.137725	156	236	4	59	80	0.7375000
NODE_243570_length_266_cov_2.023952	47	123	0	76	76	1.0000000
NODE_243972_length_266_cov_1.532934	155	235	2	34	80	0.4250000
NODE_243972_length_266_cov_1.532934	155	235	4	13	80	0.1625000
NODE_243972_length_266_cov_1.532934	155	235	6	33	80	0.4125000
NODE_244681_length_266_cov_1.113772	70	97	1	9	27	0.3333333
NODE_244681_length_266_cov_1.113772	70	97	2	18	27	0.6666667
NODE_244760_length_266_cov_1.023952	144	201	6	57	57	1.0000000
NODE_244760_length_266_cov_1.023952	199	265	1	19	66	0.2878788
NODE_244760_length_266_cov_1.023952	199	265	2	23	66	0.3484848
NODE_244760_length_266_cov_1.023952	199	265	3	1	66	0.0151515
NODE_244760_length_266_cov_1.023952	199	265	4	11	66	0.1666667
NODE_244760_length_266_cov_1.023952	199	265	6	12	66	0.1818182
NODE_245049_length_266_cov_0.916168	51	122	3	71	71	1.0000000
NODE_245280_length_266_cov_0.730539	132	158	0	26	26	1.0000000
NODE_245538_length_266_cov_0.610778	99	139	0	40	40	1.0000000
NODE_245538_length_266_cov_0.610778	112	156	0	44	44	1.0000000
NODE_246087_length_265_cov_7.843373	128	208	0	80	80	1.0000000
NODE_246192_length_265_cov_4.054217	65	145	0	80	80	1.0000000
NODE_246192_length_265_cov_4.054217	118	198	0	80	80	1.0000000
NODE_246198_length_265_cov_3.993976	195	231	0	36	36	1.0000000
NODE_246284_length_265_cov_3.150602	183	263	0	80	80	1.0000000
NODE_246374_length_265_cov_2.789157	177	238	0	61	61	1.0000000
NODE_246409_length_265_cov_2.734940	167	247	0	80	80	1.0000000
NODE_246432_length_265_cov_2.608434	188	259	0	71	71	1.0000000
NODE_246606_length_265_cov_2.156627	197	237	0	5	40	0.1250000
NODE_246606_length_265_cov_2.156627	197	237	2	35	40	0.8750000
NODE_246624_length_265_cov_2.150602	169	218	0	49	49	1.0000000
NODE_246692_length_265_cov_1.975904	15	44	0	29	29	1.0000000
NODE_246811_length_265_cov_1.843373	195	265	0	70	70	1.0000000
NODE_247028_length_265_cov_1.620482	115	186	0	71	71	1.0000000
NODE_247028_length_265_cov_1.620482	117	171	0	54	54	1.0000000
NODE_247031_length_265_cov_1.614458	53	113	1	10	60	0.1666667
NODE_247031_length_265_cov_1.614458	53	113	2	50	60	0.8333333
NODE_247031_length_265_cov_1.614458	86	166	2	80	80	1.0000000
NODE_247314_length_265_cov_1.337349	107	168	0	61	61	1.0000000
NODE_247952_length_265_cov_1.000000	187	251	0	64	64	1.0000000
NODE_247972_length_265_cov_0.987952	44	63	0	19	19	1.0000000
NODE_249395_length_264_cov_4.018182	141	178	0	37	37	1.0000000
NODE_249404_length_264_cov_3.957576	59	132	2	73	73	1.0000000
NODE_249404_length_264_cov_3.957576	112	192	0	31	80	0.3875000
NODE_249404_length_264_cov_3.957576	112	192	2	49	80	0.6125000
NODE_249415_length_264_cov_3.824242	178	220	0	42	42	1.0000000
NODE_249452_length_264_cov_3.400000	73	125	0	52	52	1.0000000
NODE_249452_length_264_cov_3.400000	124	165	0	41	41	1.0000000
NODE_249485_length_264_cov_3.133333	119	186	0	67	67	1.0000000
NODE_249530_length_264_cov_3.012121	122	198	0	76	76	1.0000000
NODE_249904_length_264_cov_2.048485	32	98	0	59	66	0.8939394
NODE_249904_length_264_cov_2.048485	32	98	2	7	66	0.1060606
NODE_249905_length_264_cov_2.048485	133	176	0	43	43	1.0000000
NODE_249912_length_264_cov_2.012121	20	84	0	64	64	1.0000000
NODE_249931_length_264_cov_1.951515	178	211	1	5	33	0.1515152
NODE_249931_length_264_cov_1.951515	178	211	2	28	33	0.8484849
NODE_249982_length_264_cov_1.854545	130	161	0	31	31	1.0000000
NODE_250202_length_264_cov_1.745455	26	81	0	55	55	1.0000000
NODE_250202_length_264_cov_1.745455	86	153	0	67	67	1.0000000
NODE_250203_length_264_cov_1.745455	90	169	2	79	79	1.0000000
NODE_250203_length_264_cov_1.745455	143	207	0	36	64	0.5625000
NODE_250203_length_264_cov_1.745455	143	207	2	28	64	0.4375000
NODE_250297_length_264_cov_1.569697	173	236	0	63	63	1.0000000
NODE_250314_length_264_cov_1.545455	206	255	0	49	49	1.0000000
NODE_250381_length_264_cov_1.545455	35	66	0	31	31	1.0000000
NODE_250446_length_264_cov_1.503030	0	63	0	63	63	1.0000000
NODE_250513_length_264_cov_1.406061	149	230	0	81	81	1.0000000
NODE_250513_length_264_cov_1.406061	225	260	0	35	35	1.0000000
NODE_250635_length_264_cov_1.236364	2	63	0	61	61	1.0000000
NODE_251015_length_264_cov_1.151515	11	68	0	57	57	1.0000000
NODE_251529_length_264_cov_0.921212	49	85	0	36	36	1.0000000
NODE_251703_length_264_cov_0.721212	233	252	0	19	19	1.0000000
NODE_252559_length_263_cov_5.115854	132	219	2	87	87	1.0000000
NODE_252563_length_263_cov_4.914634	45	117	1	72	72	1.0000000
NODE_252595_length_263_cov_4.225610	67	124	2	57	57	1.0000000
NODE_252663_length_263_cov_3.518293	104	176	0	72	72	1.0000000
NODE_252766_length_263_cov_2.908537	7	93	0	73	86	0.8488372
NODE_252766_length_263_cov_2.908537	7	93	2	13	86	0.1511628
NODE_252778_length_263_cov_2.798780	67	146	1	8	79	0.1012658
NODE_252778_length_263_cov_2.798780	67	146	2	71	79	0.8987342
NODE_252932_length_263_cov_2.396341	207	238	0	31	31	1.0000000
NODE_253261_length_263_cov_1.865854	51	81	2	21	30	0.7000000
NODE_253261_length_263_cov_1.865854	51	81	4	9	30	0.3000000
NODE_253310_length_263_cov_1.847561	113	189	0	76	76	1.0000000
NODE_253379_length_263_cov_1.750000	151	231	0	80	80	1.0000000
NODE_253468_length_263_cov_1.579268	32	95	0	16	63	0.2539683
NODE_253468_length_263_cov_1.579268	32	95	2	21	63	0.3333333
NODE_253468_length_263_cov_1.579268	32	95	4	26	63	0.4126984
NODE_253477_length_263_cov_1.567073	98	155	0	57	57	1.0000000
NODE_253619_length_263_cov_1.506098	157	217	0	22	60	0.3666667
NODE_253619_length_263_cov_1.506098	157	217	1	23	60	0.3833333
NODE_253619_length_263_cov_1.506098	157	217	2	15	60	0.2500000
NODE_253620_length_263_cov_1.506098	84	113	0	7	29	0.2413793
NODE_253620_length_263_cov_1.506098	84	113	2	22	29	0.7586207
NODE_253753_length_263_cov_1.286585	143	223	2	44	80	0.5500000
NODE_253753_length_263_cov_1.286585	143	223	4	6	80	0.0750000
NODE_253753_length_263_cov_1.286585	143	223	5	30	80	0.3750000
NODE_253788_length_263_cov_1.243902	206	263	0	57	57	1.0000000
NODE_254174_length_263_cov_1.170732	12	66	0	54	54	1.0000000
NODE_254174_length_263_cov_1.170732	39	119	0	80	80	1.0000000
NODE_254301_length_263_cov_1.067073	137	202	0	65	65	1.0000000
NODE_254301_length_263_cov_1.067073	175	255	0	80	80	1.0000000
NODE_254783_length_263_cov_0.810976	163	245	9	1	82	0.0121951
NODE_254783_length_263_cov_0.810976	163	245	10	1	82	0.0121951
NODE_254783_length_263_cov_0.810976	163	245	11	1	82	0.0121951
NODE_254783_length_263_cov_0.810976	163	245	12	2	82	0.0243902
NODE_254783_length_263_cov_0.810976	163	245	16	2	82	0.0243902
NODE_254783_length_263_cov_0.810976	163	245	17	2	82	0.0243902
NODE_254783_length_263_cov_0.810976	163	245	18	2	82	0.0243902
NODE_254783_length_263_cov_0.810976	163	245	19	2	82	0.0243902
NODE_254783_length_263_cov_0.810976	163	245	20	4	82	0.0487805
NODE_254783_length_263_cov_0.810976	163	245	21	7	82	0.0853659
NODE_254783_length_263_cov_0.810976	163	245	23	2	82	0.0243902
NODE_254783_length_263_cov_0.810976	163	245	25	2	82	0.0243902
NODE_254783_length_263_cov_0.810976	163	245	27	3	82	0.0365854
NODE_254783_length_263_cov_0.810976	163	245	33	4	82	0.0487805
NODE_254783_length_263_cov_0.810976	163	245	34	15	82	0.1829268
NODE_254783_length_263_cov_0.810976	163	245	36	2	82	0.0243902
NODE_254783_length_263_cov_0.810976	163	245	38	14	82	0.1707317
NODE_254783_length_263_cov_0.810976	163	245	39	4	82	0.0487805
NODE_254783_length_263_cov_0.810976	163	245	42	11	82	0.1341463
NODE_254783_length_263_cov_0.810976	163	245	43	1	82	0.0121951
NODE_255446_length_263_cov_0.621951	212	258	0	46	46	1.0000000
NODE_255524_length_263_cov_0.621951	131	151	0	20	20	1.0000000
NODE_255559_length_263_cov_0.621951	67	86	0	19	19	1.0000000
NODE_255727_length_262_cov_5.312883	20	82	0	62	62	1.0000000
NODE_255769_length_262_cov_4.447853	102	155	0	31	53	0.5849057
NODE_255769_length_262_cov_4.447853	102	155	2	22	53	0.4150943
NODE_255821_length_262_cov_3.766871	48	89	0	41	41	1.0000000
NODE_255860_length_262_cov_3.435583	158	235	0	77	77	1.0000000
NODE_255945_length_262_cov_2.938650	142	222	0	80	80	1.0000000
NODE_256009_length_262_cov_2.723926	103	183	0	80	80	1.0000000
NODE_256049_length_262_cov_2.509202	88	148	0	60	60	1.0000000
NODE_256050_length_262_cov_2.509202	0	61	0	61	61	1.0000000
NODE_256050_length_262_cov_2.509202	107	171	0	64	64	1.0000000
NODE_256050_length_262_cov_2.509202	144	224	0	80	80	1.0000000
NODE_256129_length_262_cov_2.429448	14	87	0	73	73	1.0000000
NODE_256129_length_262_cov_2.429448	62	149	0	87	87	1.0000000
NODE_256176_length_262_cov_2.226994	2	79	0	10	77	0.1298701
NODE_256176_length_262_cov_2.226994	2	79	2	67	77	0.8701299
NODE_256187_length_262_cov_2.202454	61	81	0	20	20	1.0000000
NODE_256199_length_262_cov_2.190184	172	235	0	63	63	1.0000000
NODE_256239_length_262_cov_2.177914	133	189	0	56	56	1.0000000
NODE_256265_length_262_cov_2.122699	96	157	0	61	61	1.0000000
NODE_256386_length_262_cov_1.877301	0	77	0	35	77	0.4545455
NODE_256386_length_262_cov_1.877301	0	77	1	42	77	0.5454546
NODE_256390_length_262_cov_1.877301	77	124	0	47	47	1.0000000
NODE_256481_length_262_cov_1.871166	192	252	0	60	60	1.0000000
NODE_256596_length_262_cov_1.736196	149	208	0	59	59	1.0000000
NODE_256630_length_262_cov_1.680982	2	82	0	80	80	1.0000000
NODE_256650_length_262_cov_1.656442	135	166	0	31	31	1.0000000
NODE_256659_length_262_cov_1.638037	111	142	2	6	31	0.1935484
NODE_256659_length_262_cov_1.638037	111	142	3	25	31	0.8064516
NODE_256704_length_262_cov_1.576687	102	182	0	80	80	1.0000000
NODE_256704_length_262_cov_1.576687	155	221	0	66	66	1.0000000
NODE_256742_length_262_cov_1.564417	69	124	0	55	55	1.0000000
NODE_256742_length_262_cov_1.564417	106	177	0	71	71	1.0000000
NODE_256933_length_262_cov_1.349693	52	102	0	50	50	1.0000000
NODE_256933_length_262_cov_1.349693	83	149	0	66	66	1.0000000
NODE_257199_length_262_cov_1.251534	44	124	0	39	80	0.4875000
NODE_257199_length_262_cov_1.251534	44	124	2	41	80	0.5125000
NODE_257199_length_262_cov_1.251534	97	171	2	74	74	1.0000000
NODE_258876_length_261_cov_31.913580	32	112	2	5	80	0.0625000
NODE_258876_length_261_cov_31.913580	32	112	3	38	80	0.4750000
NODE_258876_length_261_cov_31.913580	32	112	4	37	80	0.4625000
NODE_258876_length_261_cov_31.913580	85	171	2	21	86	0.2441860
NODE_258876_length_261_cov_31.913580	85	171	3	41	86	0.4767442
NODE_258876_length_261_cov_31.913580	85	171	4	24	86	0.2790698
NODE_258901_length_261_cov_6.376543	126	201	0	75	75	1.0000000
NODE_258901_length_261_cov_6.376543	179	254	0	75	75	1.0000000
NODE_258929_length_261_cov_5.469136	56	132	0	76	76	1.0000000
NODE_259329_length_261_cov_2.425926	53	134	0	30	81	0.3703704
NODE_259329_length_261_cov_2.425926	53	134	2	51	81	0.6296296
NODE_259361_length_261_cov_2.333333	41	136	0	53	95	0.5578948
NODE_259361_length_261_cov_2.333333	41	136	2	42	95	0.4421053
NODE_259435_length_261_cov_2.191358	86	122	0	12	36	0.3333333
NODE_259435_length_261_cov_2.191358	86	122	2	24	36	0.6666667
NODE_259495_length_261_cov_1.993827	134	214	0	80	80	1.0000000
NODE_259672_length_261_cov_1.882716	51	105	3	10	54	0.1851852
NODE_259672_length_261_cov_1.882716	51	105	4	44	54	0.8148148
NODE_259740_length_261_cov_1.839506	118	197	0	79	79	1.0000000
NODE_259769_length_261_cov_1.783951	69	141	0	72	72	1.0000000
NODE_260089_length_261_cov_1.388889	202	247	0	45	45	1.0000000
NODE_260090_length_261_cov_1.382716	14	61	0	47	47	1.0000000
NODE_260428_length_261_cov_1.253086	100	138	2	38	38	1.0000000
NODE_260738_length_261_cov_1.030864	122	205	0	83	83	1.0000000
NODE_260738_length_261_cov_1.030864	129	210	0	81	81	1.0000000
NODE_260738_length_261_cov_1.030864	129	184	0	55	55	1.0000000
NODE_260738_length_261_cov_1.030864	187	248	0	61	61	1.0000000
NODE_260767_length_261_cov_1.006173	3	45	0	42	42	1.0000000
NODE_260767_length_261_cov_1.006173	46	98	0	52	52	1.0000000
NODE_262062_length_261_cov_0.580247	11	31	0	20	20	1.0000000
NODE_262121_length_260_cov_8.844720	74	138	0	5	64	0.0781250
NODE_262121_length_260_cov_8.844720	74	138	1	59	64	0.9218750
NODE_262123_length_260_cov_8.447205	30	110	0	80	80	1.0000000
NODE_262123_length_260_cov_8.447205	83	167	0	84	84	1.0000000
NODE_262123_length_260_cov_8.447205	163	243	0	80	80	1.0000000
NODE_262149_length_260_cov_5.807453	38	118	2	62	80	0.7750000
NODE_262149_length_260_cov_5.807453	38	118	3	18	80	0.2250000
NODE_262149_length_260_cov_5.807453	91	171	1	5	80	0.0625000
NODE_262149_length_260_cov_5.807453	91	171	2	24	80	0.3000000
NODE_262149_length_260_cov_5.807453	91	171	3	51	80	0.6375000
NODE_262264_length_260_cov_3.645963	5	57	0	52	52	1.0000000
NODE_262329_length_260_cov_3.167702	91	163	0	72	72	1.0000000
NODE_262378_length_260_cov_2.981366	58	127	0	69	69	1.0000000
NODE_262384_length_260_cov_2.913043	10	90	0	80	80	1.0000000
NODE_262708_length_260_cov_2.161491	174	251	0	76	77	0.9870130
NODE_262708_length_260_cov_2.161491	174	251	1	1	77	0.0129870
NODE_262733_length_260_cov_2.080745	188	258	0	70	70	1.0000000
NODE_262788_length_260_cov_1.950311	27	85	0	47	58	0.8103448
NODE_262788_length_260_cov_1.950311	27	85	1	5	58	0.0862069
NODE_262788_length_260_cov_1.950311	27	85	2	5	58	0.0862069
NODE_262788_length_260_cov_1.950311	27	85	3	1	58	0.0172414
NODE_262930_length_260_cov_1.900621	14	50	0	36	36	1.0000000
NODE_263117_length_260_cov_1.683230	50	130	0	80	80	1.0000000
NODE_263428_length_260_cov_1.347826	38	118	0	65	80	0.8125000
NODE_263428_length_260_cov_1.347826	38	118	1	15	80	0.1875000
NODE_263533_length_260_cov_1.267081	114	199	0	85	85	1.0000000
NODE_263556_length_260_cov_1.267081	198	244	0	46	46	1.0000000
NODE_263568_length_260_cov_1.267081	145	189	2	44	44	1.0000000
NODE_265483_length_259_cov_4.800000	35	95	2	60	60	1.0000000
NODE_265584_length_259_cov_3.675000	119	161	0	42	42	1.0000000
NODE_265584_length_259_cov_3.675000	134	214	0	80	80	1.0000000
NODE_265592_length_259_cov_3.593750	100	143	1	43	43	1.0000000
NODE_265611_length_259_cov_3.475000	198	259	0	61	61	1.0000000
NODE_265625_length_259_cov_3.331250	72	118	0	2	46	0.0434783
NODE_265625_length_259_cov_3.331250	72	118	2	44	46	0.9565217
NODE_265636_length_259_cov_3.237500	103	160	0	57	57	1.0000000
NODE_265704_length_259_cov_2.937500	209	233	2	24	24	1.0000000
NODE_265735_length_259_cov_2.850000	0	41	0	41	41	1.0000000
NODE_265735_length_259_cov_2.850000	14	94	0	80	80	1.0000000
NODE_265818_length_259_cov_2.550000	9	82	0	73	73	1.0000000
NODE_265942_length_259_cov_2.287500	147	225	2	78	78	1.0000000
NODE_265942_length_259_cov_2.287500	198	241	2	43	43	1.0000000
NODE_266032_length_259_cov_2.156250	0	72	0	72	72	1.0000000
NODE_266080_length_259_cov_2.012500	8	73	0	65	65	1.0000000
NODE_266080_length_259_cov_2.012500	53	126	0	73	73	1.0000000
NODE_266101_length_259_cov_1.962500	108	189	0	81	81	1.0000000
NODE_266117_length_259_cov_1.918750	49	120	0	71	71	1.0000000
NODE_266183_length_259_cov_1.912500	114	177	0	58	63	0.9206349
NODE_266183_length_259_cov_1.912500	114	177	2	5	63	0.0793651
NODE_266365_length_259_cov_1.837500	180	252	2	17	72	0.2361111
NODE_266365_length_259_cov_1.837500	180	252	4	21	72	0.2916667
NODE_266365_length_259_cov_1.837500	180	252	6	34	72	0.4722222
NODE_266609_length_259_cov_1.593750	27	67	2	40	40	1.0000000
NODE_266746_length_259_cov_1.400000	117	164	0	47	47	1.0000000
NODE_266746_length_259_cov_1.400000	137	217	0	80	80	1.0000000
NODE_268816_length_258_cov_6.415094	129	209	0	80	80	1.0000000
NODE_268816_length_258_cov_6.415094	182	258	0	76	76	1.0000000
NODE_268823_length_258_cov_6.157233	1	81	0	80	80	1.0000000
NODE_268823_length_258_cov_6.157233	9	64	0	55	55	1.0000000
NODE_268852_length_258_cov_4.798742	83	163	0	80	80	1.0000000
NODE_268870_length_258_cov_4.396226	0	44	0	25	44	0.5681818
NODE_268870_length_258_cov_4.396226	0	44	1	19	44	0.4318182
NODE_268870_length_258_cov_4.396226	24	97	0	1	73	0.0136986
NODE_268870_length_258_cov_4.396226	24	97	1	68	73	0.9315069
NODE_268870_length_258_cov_4.396226	24	97	2	4	73	0.0547945
NODE_268880_length_258_cov_4.301887	0	54	0	54	54	1.0000000
NODE_268942_length_258_cov_3.616352	29	58	0	29	29	1.0000000
NODE_268982_length_258_cov_3.352201	47	127	0	80	80	1.0000000
NODE_269086_length_258_cov_2.886792	102	121	0	19	19	1.0000000
NODE_269091_length_258_cov_2.880503	92	172	0	80	80	1.0000000
NODE_269102_length_258_cov_2.855346	96	138	2	42	42	1.0000000
NODE_269102_length_258_cov_2.855346	148	191	1	2	43	0.0465116
NODE_269102_length_258_cov_2.855346	148	191	2	41	43	0.9534883
NODE_269113_length_258_cov_2.817610	10	58	0	31	48	0.6458333
NODE_269113_length_258_cov_2.817610	10	58	2	17	48	0.3541667
NODE_269264_length_258_cov_2.383648	48	128	0	80	80	1.0000000
NODE_269264_length_258_cov_2.383648	101	182	0	81	81	1.0000000
NODE_269338_length_258_cov_2.238994	61	141	0	80	80	1.0000000
NODE_269615_length_258_cov_1.918239	0	51	0	51	51	1.0000000
NODE_269682_length_258_cov_1.855346	26	47	2	4	21	0.1904762
NODE_269682_length_258_cov_1.855346	26	47	4	17	21	0.8095238
NODE_269682_length_258_cov_1.855346	71	104	4	16	33	0.4848485
NODE_269682_length_258_cov_1.855346	71	104	5	17	33	0.5151515
NODE_269682_length_258_cov_1.855346	81	156	3	4	75	0.0533333
NODE_269682_length_258_cov_1.855346	81	156	4	6	75	0.0800000
NODE_269682_length_258_cov_1.855346	81	156	5	35	75	0.4666667
NODE_269682_length_258_cov_1.855346	81	156	7	30	75	0.4000000
NODE_269749_length_258_cov_1.735849	105	176	0	71	71	1.0000000
NODE_269767_length_258_cov_1.710692	8	49	0	41	41	1.0000000
NODE_270191_length_258_cov_1.283019	127	191	0	64	64	1.0000000
NODE_270191_length_258_cov_1.283019	164	227	0	63	63	1.0000000
NODE_270465_length_258_cov_1.270440	4	55	0	51	51	1.0000000
NODE_270504_length_258_cov_1.232704	90	166	0	76	76	1.0000000
NODE_270547_length_258_cov_1.201258	49	98	0	49	49	1.0000000
NODE_270876_length_258_cov_0.962264	186	258	0	72	72	1.0000000
NODE_270970_length_258_cov_0.962264	69	124	0	55	55	1.0000000
NODE_272169_length_257_cov_71.158228	81	165	18	7	84	0.0833333
NODE_272169_length_257_cov_71.158228	81	165	19	13	84	0.1547619
NODE_272169_length_257_cov_71.158228	81	165	20	8	84	0.0952381
NODE_272169_length_257_cov_71.158228	81	165	21	24	84	0.2857143
NODE_272169_length_257_cov_71.158228	81	165	22	5	84	0.0595238
NODE_272169_length_257_cov_71.158228	81	165	23	2	84	0.0238095
NODE_272169_length_257_cov_71.158228	81	165	25	1	84	0.0119048
NODE_272169_length_257_cov_71.158228	81	165	27	24	84	0.2857143
NODE_272169_length_257_cov_71.158228	145	218	13	8	73	0.1095890
NODE_272169_length_257_cov_71.158228	145	218	14	1	73	0.0136986
NODE_272169_length_257_cov_71.158228	145	218	16	6	73	0.0821918
NODE_272169_length_257_cov_71.158228	145	218	17	3	73	0.0410959
NODE_272169_length_257_cov_71.158228	145	218	19	12	73	0.1643836
NODE_272169_length_257_cov_71.158228	145	218	20	6	73	0.0821918
NODE_272169_length_257_cov_71.158228	145	218	22	5	73	0.0684932
NODE_272169_length_257_cov_71.158228	145	218	24	3	73	0.0410959
NODE_272169_length_257_cov_71.158228	145	218	25	6	73	0.0821918
NODE_272169_length_257_cov_71.158228	145	218	27	23	73	0.3150685
NODE_272194_length_257_cov_6.329114	15	93	0	78	78	1.0000000
NODE_272275_length_257_cov_4.177215	25	86	0	61	61	1.0000000
NODE_272291_length_257_cov_3.987342	55	107	0	52	52	1.0000000
NODE_272304_length_257_cov_3.873418	145	225	0	80	80	1.0000000
NODE_272304_length_257_cov_3.873418	198	254	0	56	56	1.0000000
NODE_272322_length_257_cov_3.740506	133	199	0	28	66	0.4242424
NODE_272322_length_257_cov_3.740506	133	199	1	7	66	0.1060606
NODE_272322_length_257_cov_3.740506	133	199	2	31	66	0.4696970
NODE_272322_length_257_cov_3.740506	177	256	0	79	79	1.0000000
NODE_272486_length_257_cov_2.734177	1	65	0	64	64	1.0000000
NODE_272491_length_257_cov_2.677215	170	250	0	45	80	0.5625000
NODE_272491_length_257_cov_2.677215	170	250	2	11	80	0.1375000
NODE_272491_length_257_cov_2.677215	170	250	3	7	80	0.0875000
NODE_272491_length_257_cov_2.677215	170	250	5	7	80	0.0875000
NODE_272491_length_257_cov_2.677215	170	250	6	6	80	0.0750000
NODE_272491_length_257_cov_2.677215	170	250	8	4	80	0.0500000
NODE_272580_length_257_cov_2.537975	60	137	2	77	77	1.0000000
NODE_272596_length_257_cov_2.487342	95	172	2	13	77	0.1688312
NODE_272596_length_257_cov_2.487342	95	172	4	64	77	0.8311688
NODE_272625_length_257_cov_2.379747	106	186	0	11	80	0.1375000
NODE_272625_length_257_cov_2.379747	106	186	1	69	80	0.8625000
NODE_272625_length_257_cov_2.379747	159	207	0	32	48	0.6666667
NODE_272625_length_257_cov_2.379747	159	207	1	16	48	0.3333333
NODE_272724_length_257_cov_2.221519	163	240	0	77	77	1.0000000
NODE_272729_length_257_cov_2.202532	16	97	0	81	81	1.0000000
NODE_273151_length_257_cov_1.664557	220	239	0	19	19	1.0000000
NODE_273357_length_257_cov_1.500000	85	166	0	81	81	1.0000000
NODE_273462_length_257_cov_1.329114	120	186	0	66	66	1.0000000
NODE_273533_length_257_cov_1.291139	13	53	0	40	40	1.0000000
NODE_273697_length_257_cov_1.291139	205	257	2	52	52	1.0000000
NODE_273894_length_257_cov_1.221519	10	74	0	64	64	1.0000000
NODE_273917_length_257_cov_1.196203	70	150	0	80	80	1.0000000
NODE_273917_length_257_cov_1.196203	123	204	0	81	81	1.0000000
NODE_275399_length_257_cov_0.645570	138	158	0	20	20	1.0000000
NODE_275419_length_257_cov_0.645570	181	241	0	60	60	1.0000000
NODE_275598_length_256_cov_5.235669	30	77	0	47	47	1.0000000
NODE_275624_length_256_cov_4.598726	100	180	0	39	80	0.4875000
NODE_275624_length_256_cov_4.598726	100	180	2	41	80	0.5125000
NODE_275624_length_256_cov_4.598726	160	211	0	51	51	1.0000000
NODE_275682_length_256_cov_3.866242	112	166	0	54	54	1.0000000
NODE_275840_length_256_cov_2.878981	79	159	2	80	80	1.0000000
NODE_275840_length_256_cov_2.878981	132	212	0	31	80	0.3875000
NODE_275840_length_256_cov_2.878981	132	212	1	13	80	0.1625000
NODE_275840_length_256_cov_2.878981	132	212	2	36	80	0.4500000
NODE_275909_length_256_cov_2.598726	157	222	0	65	65	1.0000000
NODE_275909_length_256_cov_2.598726	195	249	0	54	54	1.0000000
NODE_275981_length_256_cov_2.445860	104	183	0	79	79	1.0000000
NODE_276082_length_256_cov_2.229299	0	58	0	58	58	1.0000000
NODE_276082_length_256_cov_2.229299	17	68	0	51	51	1.0000000
NODE_276082_length_256_cov_2.229299	41	88	0	47	47	1.0000000
NODE_276082_length_256_cov_2.229299	42	122	0	80	80	1.0000000
NODE_276098_length_256_cov_2.184713	192	246	0	54	54	1.0000000
NODE_276119_length_256_cov_2.121019	150	236	0	86	86	1.0000000
NODE_276174_length_256_cov_1.974522	130	174	0	44	44	1.0000000
NODE_276471_length_256_cov_1.707006	39	92	0	1	53	0.0188679
NODE_276471_length_256_cov_1.707006	39	92	2	6	53	0.1132075
NODE_276471_length_256_cov_1.707006	39	92	3	22	53	0.4150943
NODE_276471_length_256_cov_1.707006	39	92	4	24	53	0.4528302
NODE_276471_length_256_cov_1.707006	93	135	3	15	42	0.3571429
NODE_276471_length_256_cov_1.707006	93	135	4	27	42	0.6428571
NODE_276484_length_256_cov_1.700637	107	129	0	22	22	1.0000000
NODE_276495_length_256_cov_1.675159	52	98	0	46	46	1.0000000
NODE_276654_length_256_cov_1.598726	125	202	0	77	77	1.0000000
NODE_276654_length_256_cov_1.598726	178	256	0	78	78	1.0000000
NODE_276672_length_256_cov_1.579618	110	172	0	62	62	1.0000000
NODE_276672_length_256_cov_1.579618	194	239	0	45	45	1.0000000
NODE_276742_length_256_cov_1.464968	112	135	0	23	23	1.0000000
NODE_276826_length_256_cov_1.331210	138	209	0	71	71	1.0000000
NODE_276826_length_256_cov_1.331210	182	240	0	58	58	1.0000000
NODE_277113_length_256_cov_1.299363	88	160	0	72	72	1.0000000
NODE_277305_length_256_cov_1.203822	3	43	0	6	40	0.1500000
NODE_277305_length_256_cov_1.203822	3	43	2	34	40	0.8500000
NODE_277305_length_256_cov_1.203822	16	96	2	80	80	1.0000000
NODE_278934_length_255_cov_73.756410	52	99	0	41	47	0.8723404
NODE_278934_length_255_cov_73.756410	52	99	1	6	47	0.1276596
NODE_278934_length_255_cov_73.756410	133	184	4	15	51	0.2941177
NODE_278934_length_255_cov_73.756410	133	184	6	36	51	0.7058824
NODE_278934_length_255_cov_73.756410	157	237	4	32	80	0.4000000
NODE_278934_length_255_cov_73.756410	157	237	6	48	80	0.6000000
NODE_278937_length_255_cov_15.538462	219	255	0	36	36	1.0000000
NODE_279003_length_255_cov_4.884615	157	230	0	73	73	1.0000000
NODE_279003_length_255_cov_4.884615	203	248	0	45	45	1.0000000
NODE_279058_length_255_cov_4.012821	68	148	0	80	80	1.0000000
NODE_279075_length_255_cov_3.826923	16	80	0	64	64	1.0000000
NODE_279102_length_255_cov_3.596154	30	60	0	30	30	1.0000000
NODE_279134_length_255_cov_3.423077	64	109	0	45	45	1.0000000
NODE_279166_length_255_cov_3.262821	0	48	0	10	48	0.2083333
NODE_279166_length_255_cov_3.262821	0	48	2	38	48	0.7916667
NODE_279166_length_255_cov_3.262821	66	113	2	47	47	1.0000000
NODE_279241_length_255_cov_2.942308	157	176	0	1	19	0.0526316
NODE_279241_length_255_cov_2.942308	157	176	2	18	19	0.9473684
NODE_279320_length_255_cov_2.621795	227	254	0	27	27	1.0000000
NODE_279379_length_255_cov_2.602564	131	185	0	54	54	1.0000000
NODE_279427_length_255_cov_2.487179	43	119	0	76	76	1.0000000
NODE_279447_length_255_cov_2.435897	0	58	0	22	58	0.3793103
NODE_279447_length_255_cov_2.435897	0	58	2	36	58	0.6206896
NODE_279462_length_255_cov_2.391026	189	255	0	66	66	1.0000000
NODE_279507_length_255_cov_2.288462	0	60	0	60	60	1.0000000
NODE_279510_length_255_cov_2.288462	0	74	0	74	74	1.0000000
NODE_279620_length_255_cov_2.089744	105	145	2	40	40	1.0000000
NODE_279649_length_255_cov_1.987179	0	72	0	72	72	1.0000000
NODE_279842_length_255_cov_1.910256	198	255	0	57	57	1.0000000
NODE_279871_length_255_cov_1.871795	16	68	0	52	52	1.0000000
NODE_279892_length_255_cov_1.826923	146	218	0	72	72	1.0000000
NODE_279956_length_255_cov_1.705128	0	45	0	45	45	1.0000000
NODE_279956_length_255_cov_1.705128	41	121	0	80	80	1.0000000
NODE_279956_length_255_cov_1.705128	94	174	0	46	80	0.5750000
NODE_279956_length_255_cov_1.705128	94	174	1	34	80	0.4250000
NODE_280153_length_255_cov_1.576923	43	117	0	8	74	0.1081081
NODE_280153_length_255_cov_1.576923	43	117	2	44	74	0.5945946
NODE_280153_length_255_cov_1.576923	43	117	4	22	74	0.2972973
NODE_280153_length_255_cov_1.576923	90	175	0	3	85	0.0352941
NODE_280153_length_255_cov_1.576923	90	175	2	2	85	0.0235294
NODE_280153_length_255_cov_1.576923	90	175	4	80	85	0.9411765
NODE_280168_length_255_cov_1.557692	62	125	0	63	63	1.0000000
NODE_280297_length_255_cov_1.358974	178	246	0	68	68	1.0000000
NODE_280904_length_255_cov_1.128205	183	219	0	36	36	1.0000000
NODE_281094_length_255_cov_0.987179	220	241	0	21	21	1.0000000
NODE_281380_length_255_cov_0.955128	119	171	2	52	52	1.0000000
NODE_281384_length_255_cov_0.955128	12	92	0	4	80	0.0500000
NODE_281384_length_255_cov_0.955128	12	92	2	31	80	0.3875000
NODE_281384_length_255_cov_0.955128	12	92	3	29	80	0.3625000
NODE_281384_length_255_cov_0.955128	12	92	4	16	80	0.2000000
NODE_282137_length_255_cov_0.653846	87	106	0	19	19	1.0000000
NODE_282534_length_254_cov_4.935484	144	189	0	45	45	1.0000000
NODE_282534_length_254_cov_4.935484	164	242	0	78	78	1.0000000
NODE_282548_length_254_cov_4.722581	44	85	0	41	41	1.0000000
NODE_282576_length_254_cov_4.296774	149	174	0	25	25	1.0000000
NODE_282576_length_254_cov_4.296774	149	223	0	74	74	1.0000000
NODE_282590_length_254_cov_4.206452	57	86	4	29	29	1.0000000
NODE_282626_length_254_cov_3.677419	7	64	0	57	57	1.0000000
NODE_282626_length_254_cov_3.677419	60	117	0	57	57	1.0000000
NODE_282642_length_254_cov_3.593548	154	197	0	43	43	1.0000000
NODE_282659_length_254_cov_3.438710	82	129	0	47	47	1.0000000
NODE_282659_length_254_cov_3.438710	102	182	0	80	80	1.0000000
NODE_282736_length_254_cov_2.961290	5	79	0	74	74	1.0000000
NODE_282736_length_254_cov_2.961290	52	118	0	66	66	1.0000000
NODE_282771_length_254_cov_2.780645	169	252	0	39	83	0.4698795
NODE_282771_length_254_cov_2.780645	169	252	2	2	83	0.0240964
NODE_282771_length_254_cov_2.780645	169	252	4	42	83	0.5060241
NODE_282947_length_254_cov_2.341935	167	201	0	34	34	1.0000000
NODE_283082_length_254_cov_2.161290	14	74	0	60	60	1.0000000
NODE_283244_length_254_cov_1.974194	156	204	0	48	48	1.0000000
NODE_283440_length_254_cov_1.780645	79	126	2	16	47	0.3404255
NODE_283440_length_254_cov_1.780645	79	126	6	16	47	0.3404255
NODE_283440_length_254_cov_1.780645	79	126	7	9	47	0.1914894
NODE_283440_length_254_cov_1.780645	79	126	8	6	47	0.1276596
NODE_283952_length_254_cov_1.316129	23	87	0	64	64	1.0000000
NODE_284013_length_254_cov_1.316129	193	215	0	22	22	1.0000000
NODE_284256_length_254_cov_1.258065	181	249	0	68	68	1.0000000
NODE_284275_length_254_cov_1.238710	9	82	0	73	73	1.0000000
NODE_284275_length_254_cov_1.238710	62	82	0	20	20	1.0000000
NODE_284277_length_254_cov_1.238710	54	73	1	19	19	1.0000000
NODE_284301_length_254_cov_1.219355	98	157	0	59	59	1.0000000
NODE_284638_length_254_cov_0.987097	139	193	0	54	54	1.0000000
NODE_284638_length_254_cov_0.987097	205	254	0	49	49	1.0000000
NODE_284796_length_254_cov_0.987097	121	152	1	31	31	1.0000000
NODE_285963_length_253_cov_60.311688	137	202	4	1	65	0.0153846
NODE_285963_length_253_cov_60.311688	137	202	12	3	65	0.0461538
NODE_285963_length_253_cov_60.311688	137	202	14	61	65	0.9384615
NODE_285963_length_253_cov_60.311688	175	253	2	1	78	0.0128205
NODE_285963_length_253_cov_60.311688	175	253	4	7	78	0.0897436
NODE_285963_length_253_cov_60.311688	175	253	6	5	78	0.0641026
NODE_285963_length_253_cov_60.311688	175	253	8	3	78	0.0384615
NODE_285963_length_253_cov_60.311688	175	253	10	2	78	0.0256410
NODE_285963_length_253_cov_60.311688	175	253	12	2	78	0.0256410
NODE_285963_length_253_cov_60.311688	175	253	14	58	78	0.7435898
NODE_285965_length_253_cov_41.519481	0	68	0	2	68	0.0294118
NODE_285965_length_253_cov_41.519481	0	68	1	33	68	0.4852941
NODE_285965_length_253_cov_41.519481	0	68	2	33	68	0.4852941
NODE_285965_length_253_cov_41.519481	0	70	0	2	70	0.0285714
NODE_285965_length_253_cov_41.519481	0	70	1	33	70	0.4714286
NODE_285965_length_253_cov_41.519481	0	70	2	35	70	0.5000000
NODE_285965_length_253_cov_41.519481	2	73	1	33	71	0.4647887
NODE_285965_length_253_cov_41.519481	2	73	2	38	71	0.5352113
NODE_285965_length_253_cov_41.519481	7	73	1	28	66	0.4242424
NODE_285965_length_253_cov_41.519481	7	73	2	38	66	0.5757576
NODE_285965_length_253_cov_41.519481	46	123	2	35	77	0.4545455
NODE_285965_length_253_cov_41.519481	46	123	3	42	77	0.5454546
NODE_285965_length_253_cov_41.519481	46	123	2	35	77	0.4545455
NODE_285965_length_253_cov_41.519481	46	123	3	42	77	0.5454546
NODE_285965_length_253_cov_41.519481	46	123	2	35	77	0.4545455
NODE_285965_length_253_cov_41.519481	46	123	3	42	77	0.5454546
NODE_285967_length_253_cov_13.967532	25	105	4	15	80	0.1875000
NODE_285967_length_253_cov_13.967532	25	105	6	7	80	0.0875000
NODE_285967_length_253_cov_13.967532	25	105	8	37	80	0.4625000
NODE_285967_length_253_cov_13.967532	25	105	10	21	80	0.2625000
NODE_285967_length_253_cov_13.967532	78	158	4	18	80	0.2250000
NODE_285967_length_253_cov_13.967532	78	158	5	2	80	0.0250000
NODE_285967_length_253_cov_13.967532	78	158	7	16	80	0.2000000
NODE_285967_length_253_cov_13.967532	78	158	8	6	80	0.0750000
NODE_285967_length_253_cov_13.967532	78	158	9	1	80	0.0125000
NODE_285967_length_253_cov_13.967532	78	158	10	37	80	0.4625000
NODE_285969_length_253_cov_12.259740	0	54	0	54	54	1.0000000
NODE_285969_length_253_cov_12.259740	27	62	0	35	35	1.0000000
NODE_285969_length_253_cov_12.259740	51	131	0	80	80	1.0000000
NODE_285969_length_253_cov_12.259740	104	139	0	35	35	1.0000000
NODE_285969_length_253_cov_12.259740	128	208	0	80	80	1.0000000
NODE_285969_length_253_cov_12.259740	181	216	0	35	35	1.0000000
NODE_285987_length_253_cov_7.279221	184	250	2	66	66	1.0000000
NODE_286022_length_253_cov_5.376623	66	147	0	9	81	0.1111111
NODE_286022_length_253_cov_5.376623	66	147	2	25	81	0.3086420
NODE_286022_length_253_cov_5.376623	66	147	3	47	81	0.5802469
NODE_286022_length_253_cov_5.376623	120	185	3	65	65	1.0000000
NODE_286042_length_253_cov_4.896104	102	182	2	9	80	0.1125000
NODE_286042_length_253_cov_4.896104	102	182	3	7	80	0.0875000
NODE_286042_length_253_cov_4.896104	102	182	5	3	80	0.0375000
NODE_286042_length_253_cov_4.896104	102	182	7	15	80	0.1875000
NODE_286042_length_253_cov_4.896104	102	182	8	23	80	0.2875000
NODE_286042_length_253_cov_4.896104	102	182	9	23	80	0.2875000
NODE_286046_length_253_cov_4.798701	199	253	0	54	54	1.0000000
NODE_286069_length_253_cov_4.487013	85	126	0	8	41	0.1951219
NODE_286069_length_253_cov_4.487013	85	126	2	33	41	0.8048781
NODE_286151_length_253_cov_3.500000	44	105	0	61	61	1.0000000
NODE_286151_length_253_cov_3.500000	90	158	0	68	68	1.0000000
NODE_286259_length_253_cov_2.987013	85	165	0	80	80	1.0000000
NODE_286259_length_253_cov_2.987013	138	169	0	31	31	1.0000000
NODE_286275_length_253_cov_2.954545	100	148	0	48	48	1.0000000
NODE_286281_length_253_cov_2.909091	34	99	0	65	65	1.0000000
NODE_286288_length_253_cov_2.889610	129	200	0	49	71	0.6901408
NODE_286288_length_253_cov_2.889610	129	200	2	22	71	0.3098592
NODE_286288_length_253_cov_2.889610	173	253	0	8	80	0.1000000
NODE_286288_length_253_cov_2.889610	173	253	2	72	80	0.9000000
NODE_286289_length_253_cov_2.889610	21	76	0	55	55	1.0000000
NODE_286289_length_253_cov_2.889610	149	229	0	80	80	1.0000000
NODE_286379_length_253_cov_2.610390	113	193	0	80	80	1.0000000
NODE_286386_length_253_cov_2.584416	97	154	0	57	57	1.0000000
NODE_286545_length_253_cov_2.240260	185	250	0	65	65	1.0000000
NODE_286667_length_253_cov_1.987013	157	237	0	80	80	1.0000000
NODE_286667_length_253_cov_1.987013	210	253	0	43	43	1.0000000
NODE_286685_length_253_cov_1.987013	18	60	0	42	42	1.0000000
NODE_286829_length_253_cov_1.961039	186	232	0	46	46	1.0000000
NODE_286837_length_253_cov_1.948052	68	120	0	52	52	1.0000000
NODE_286838_length_253_cov_1.948052	63	114	0	51	51	1.0000000
NODE_286947_length_253_cov_1.746753	164	193	0	29	29	1.0000000
NODE_287031_length_253_cov_1.655844	40	120	0	80	80	1.0000000
NODE_287031_length_253_cov_1.655844	93	152	0	59	59	1.0000000
NODE_287133_length_253_cov_1.590909	102	148	0	5	46	0.1086956
NODE_287133_length_253_cov_1.590909	102	148	2	41	46	0.8913044
NODE_287156_length_253_cov_1.558442	67	149	0	82	82	1.0000000
NODE_287230_length_253_cov_1.441558	49	113	0	64	64	1.0000000
NODE_287230_length_253_cov_1.441558	102	166	0	64	64	1.0000000
NODE_287232_length_253_cov_1.441558	121	185	0	64	64	1.0000000
NODE_287234_length_253_cov_1.435065	50	81	0	31	31	1.0000000
NODE_287584_length_253_cov_1.324675	193	239	3	8	46	0.1739130
NODE_287584_length_253_cov_1.324675	193	239	4	28	46	0.6086956
NODE_287584_length_253_cov_1.324675	193	239	5	10	46	0.2173913
NODE_287599_length_253_cov_1.324675	90	132	6	42	42	1.0000000
NODE_287599_length_253_cov_1.324675	133	185	0	2	52	0.0384615
NODE_287599_length_253_cov_1.324675	133	185	1	3	52	0.0576923
NODE_287599_length_253_cov_1.324675	133	185	2	16	52	0.3076923
NODE_287599_length_253_cov_1.324675	133	185	4	2	52	0.0384615
NODE_287599_length_253_cov_1.324675	133	185	6	29	52	0.5576923
NODE_287721_length_253_cov_1.285714	87	125	0	38	38	1.0000000
NODE_287794_length_253_cov_1.214286	99	148	0	49	49	1.0000000
NODE_287845_length_253_cov_1.181818	185	247	0	62	62	1.0000000
NODE_287845_length_253_cov_1.181818	185	247	0	62	62	1.0000000
NODE_287989_length_253_cov_1.064935	83	159	0	8	76	0.1052632
NODE_287989_length_253_cov_1.064935	83	159	2	46	76	0.6052632
NODE_287989_length_253_cov_1.064935	83	159	4	22	76	0.2894737
NODE_288099_length_253_cov_0.993506	0	44	0	44	44	1.0000000
NODE_288465_length_253_cov_0.870130	17	46	0	29	29	1.0000000
NODE_288478_length_253_cov_0.850649	0	89	0	89	89	1.0000000
NODE_289563_length_252_cov_4.771242	94	148	0	54	54	1.0000000
NODE_289574_length_252_cov_4.614379	16	37	0	21	21	1.0000000
NODE_289624_length_252_cov_3.960784	7	85	0	78	78	1.0000000
NODE_289624_length_252_cov_3.960784	63	136	0	73	73	1.0000000
NODE_289663_length_252_cov_3.549020	89	157	0	68	68	1.0000000
NODE_289672_length_252_cov_3.405229	26	107	0	81	81	1.0000000
NODE_289705_length_252_cov_3.307190	91	141	0	50	50	1.0000000
NODE_289742_length_252_cov_3.032680	135	212	1	77	77	1.0000000
NODE_289775_length_252_cov_2.928105	0	57	0	57	57	1.0000000
NODE_289799_length_252_cov_2.803922	41	121	0	80	80	1.0000000
NODE_290032_length_252_cov_2.320261	0	64	0	64	64	1.0000000
NODE_290046_length_252_cov_2.281046	120	170	0	50	50	1.0000000
NODE_290066_length_252_cov_2.215686	137	175	11	2	38	0.0526316
NODE_290066_length_252_cov_2.215686	137	175	12	3	38	0.0789474
NODE_290066_length_252_cov_2.215686	137	175	13	7	38	0.1842105
NODE_290066_length_252_cov_2.215686	137	175	14	6	38	0.1578947
NODE_290066_length_252_cov_2.215686	137	175	16	20	38	0.5263158
NODE_290103_length_252_cov_2.052288	18	39	0	21	21	1.0000000
NODE_290238_length_252_cov_1.993464	80	139	2	59	59	1.0000000
NODE_290385_length_252_cov_1.810458	3	49	0	46	46	1.0000000
NODE_290623_length_252_cov_1.594771	103	156	0	53	53	1.0000000
NODE_290623_length_252_cov_1.594771	152	192	0	40	40	1.0000000
NODE_290638_length_252_cov_1.568627	1	68	0	67	67	1.0000000
NODE_290767_length_252_cov_1.359477	26	93	0	67	67	1.0000000
NODE_290790_length_252_cov_1.333333	179	232	0	53	53	1.0000000
NODE_290850_length_252_cov_1.333333	187	222	0	35	35	1.0000000
NODE_291072_length_252_cov_1.333333	31	111	0	80	80	1.0000000
NODE_291076_length_252_cov_1.333333	90	140	0	15	50	0.3000000
NODE_291076_length_252_cov_1.333333	90	140	2	35	50	0.7000000
NODE_291118_length_252_cov_1.326797	112	143	0	31	31	1.0000000
NODE_291351_length_252_cov_1.156863	1	32	0	31	31	1.0000000
NODE_291650_length_252_cov_1.000000	49	79	0	24	30	0.8000000
NODE_291650_length_252_cov_1.000000	49	79	2	6	30	0.2000000
NODE_291911_length_252_cov_0.836601	125	172	0	47	47	1.0000000
NODE_293004_length_251_cov_5.032895	0	62	0	62	62	1.0000000
NODE_293005_length_251_cov_5.026316	84	164	0	80	80	1.0000000
NODE_293165_length_251_cov_3.302632	187	249	0	62	62	1.0000000
NODE_293195_length_251_cov_3.131579	96	148	0	52	52	1.0000000
NODE_293238_length_251_cov_2.980263	11	38	1	27	27	1.0000000
NODE_293238_length_251_cov_2.980263	11	91	1	50	80	0.6250000
NODE_293238_length_251_cov_2.980263	11	91	2	30	80	0.3750000
NODE_293259_length_251_cov_2.842105	170	198	0	28	28	1.0000000
NODE_293279_length_251_cov_2.743421	181	232	0	51	51	1.0000000
NODE_293335_length_251_cov_2.677632	35	54	0	19	19	1.0000000
NODE_293454_length_251_cov_2.348684	196	251	0	55	55	1.0000000
NODE_293502_length_251_cov_2.328947	86	149	1	61	63	0.9682540
NODE_293502_length_251_cov_2.328947	86	149	2	2	63	0.0317460
NODE_293516_length_251_cov_2.296053	91	171	0	80	80	1.0000000
NODE_293516_length_251_cov_2.296053	144	224	0	80	80	1.0000000
NODE_293591_length_251_cov_2.065789	7	52	0	43	45	0.9555556
NODE_293591_length_251_cov_2.065789	7	52	1	2	45	0.0444444
NODE_293698_length_251_cov_2.013158	96	179	0	83	83	1.0000000
NODE_293698_length_251_cov_2.013158	96	179	0	83	83	1.0000000
NODE_293698_length_251_cov_2.013158	152	203	0	51	51	1.0000000
NODE_293698_length_251_cov_2.013158	152	201	0	49	49	1.0000000
NODE_293919_length_251_cov_1.710526	135	194	0	59	59	1.0000000
NODE_294028_length_251_cov_1.671053	94	127	0	33	33	1.0000000
NODE_294063_length_251_cov_1.644737	135	164	0	29	29	1.0000000
NODE_294147_length_251_cov_1.473684	137	202	0	65	65	1.0000000
NODE_294153_length_251_cov_1.460526	17	78	0	61	61	1.0000000
NODE_294190_length_251_cov_1.407895	182	246	0	64	64	1.0000000
NODE_294393_length_251_cov_1.342105	9	89	0	80	80	1.0000000
NODE_294393_length_251_cov_1.342105	62	91	0	29	29	1.0000000
NODE_294624_length_251_cov_1.296053	7	47	0	40	40	1.0000000
NODE_294624_length_251_cov_1.296053	24	47	0	23	23	1.0000000
NODE_295165_length_251_cov_1.006579	4	50	0	46	46	1.0000000
NODE_296033_length_251_cov_0.671053	184	204	0	20	20	1.0000000
NODE_296386_length_251_cov_0.572368	54	74	1	20	20	1.0000000
NODE_296437_length_250_cov_35.662252	33	99	0	66	66	1.0000000
NODE_296437_length_250_cov_35.662252	143	223	0	80	80	1.0000000
NODE_296456_length_250_cov_6.503311	186	250	0	64	64	1.0000000
NODE_296467_length_250_cov_5.867550	99	120	0	21	21	1.0000000
NODE_296520_length_250_cov_4.662252	143	187	0	44	44	1.0000000
NODE_296520_length_250_cov_4.662252	160	227	0	67	67	1.0000000
NODE_296598_length_250_cov_3.715232	37	90	2	53	53	1.0000000
NODE_296633_length_250_cov_3.417219	113	193	0	80	80	1.0000000
NODE_296633_length_250_cov_3.417219	166	246	0	80	80	1.0000000
NODE_296653_length_250_cov_3.364238	0	61	0	31	61	0.5081967
NODE_296653_length_250_cov_3.364238	0	61	2	30	61	0.4918033
NODE_296653_length_250_cov_3.364238	34	94	2	60	60	1.0000000
NODE_296680_length_250_cov_3.225166	157	209	0	52	52	1.0000000
NODE_296680_length_250_cov_3.225166	182	250	0	68	68	1.0000000
NODE_296699_length_250_cov_3.086093	33	67	0	34	34	1.0000000
NODE_296703_length_250_cov_3.052980	29	94	3	33	65	0.5076923
NODE_296703_length_250_cov_3.052980	29	94	4	32	65	0.4923077
NODE_296707_length_250_cov_3.039735	51	106	0	55	55	1.0000000
NODE_296737_length_250_cov_2.986755	124	185	0	61	61	1.0000000
NODE_296737_length_250_cov_2.986755	172	243	0	71	71	1.0000000
NODE_296885_length_250_cov_2.516556	0	49	0	49	49	1.0000000
NODE_296893_length_250_cov_2.476821	94	174	0	80	80	1.0000000
NODE_296893_length_250_cov_2.476821	147	227	0	80	80	1.0000000
NODE_296897_length_250_cov_2.470199	166	212	2	46	46	1.0000000
NODE_297070_length_250_cov_2.059603	150	207	0	57	57	1.0000000
NODE_297211_length_250_cov_2.019868	74	141	2	14	67	0.2089552
NODE_297211_length_250_cov_2.019868	74	141	4	53	67	0.7910448
NODE_297211_length_250_cov_2.019868	158	204	0	17	46	0.3695652
NODE_297211_length_250_cov_2.019868	158	204	2	29	46	0.6304348
NODE_297550_length_250_cov_1.688742	6	42	0	36	36	1.0000000
NODE_297624_length_250_cov_1.635762	150	191	1	41	41	1.0000000
NODE_297679_length_250_cov_1.529801	59	108	0	49	49	1.0000000
NODE_297679_length_250_cov_1.529801	81	161	0	80	80	1.0000000
NODE_297693_length_250_cov_1.516556	124	184	0	60	60	1.0000000
NODE_297693_length_250_cov_1.516556	166	237	0	71	71	1.0000000
NODE_297762_length_250_cov_1.377483	0	80	0	80	80	1.0000000
NODE_297963_length_250_cov_1.350993	40	98	0	58	58	1.0000000
NODE_298213_length_250_cov_1.291391	116	196	0	80	80	1.0000000
NODE_298719_length_250_cov_1.013245	126	163	0	37	37	1.0000000
NODE_298794_length_250_cov_1.006623	129	148	0	19	19	1.0000000
NODE_298900_length_250_cov_0.920530	126	178	0	52	52	1.0000000
NODE_299979_length_249_cov_55.413333	97	172	0	75	75	1.0000000
NODE_299979_length_249_cov_55.413333	150	225	0	75	75	1.0000000
NODE_300012_length_247_cov_51.243243	172	247	0	75	75	1.0000000
NODE_300014_length_247_cov_37.614865	156	239	0	83	83	1.0000000
NODE_300056_length_245_cov_40.876712	138	202	6	11	64	0.1718750
NODE_300056_length_245_cov_40.876712	138	202	8	5	64	0.0781250
NODE_300056_length_245_cov_40.876712	138	202	10	15	64	0.2343750
NODE_300056_length_245_cov_40.876712	138	202	11	17	64	0.2656250
NODE_300056_length_245_cov_40.876712	138	202	12	16	64	0.2500000
NODE_300056_length_245_cov_40.876712	138	202	6	11	64	0.1718750
NODE_300056_length_245_cov_40.876712	138	202	8	5	64	0.0781250
NODE_300056_length_245_cov_40.876712	138	202	10	15	64	0.2343750
NODE_300056_length_245_cov_40.876712	138	202	11	17	64	0.2656250
NODE_300056_length_245_cov_40.876712	138	202	12	16	64	0.2500000
NODE_300056_length_245_cov_40.876712	138	202	6	11	64	0.1718750
NODE_300056_length_245_cov_40.876712	138	202	8	5	64	0.0781250
NODE_300056_length_245_cov_40.876712	138	202	10	15	64	0.2343750
NODE_300056_length_245_cov_40.876712	138	202	11	17	64	0.2656250
NODE_300056_length_245_cov_40.876712	138	202	12	16	64	0.2500000
NODE_300056_length_245_cov_40.876712	175	241	3	20	66	0.3030303
NODE_300056_length_245_cov_40.876712	175	241	4	9	66	0.1363636
NODE_300056_length_245_cov_40.876712	175	241	6	21	66	0.3181818
NODE_300056_length_245_cov_40.876712	175	241	8	5	66	0.0757576
NODE_300056_length_245_cov_40.876712	175	241	10	11	66	0.1666667
NODE_300147_length_240_cov_80.744681	167	238	0	60	71	0.8450704
NODE_300147_length_240_cov_80.744681	167	238	2	11	71	0.1549296
NODE_300148_length_240_cov_38.035461	31	82	0	48	51	0.9411765
NODE_300148_length_240_cov_38.035461	31	82	1	3	51	0.0588235
NODE_300165_length_239_cov_72.878571	0	48	0	48	48	1.0000000
NODE_300165_length_239_cov_72.878571	21	101	0	80	80	1.0000000
NODE_300165_length_239_cov_72.878571	150	230	0	80	80	1.0000000
NODE_300165_length_239_cov_72.878571	150	230	0	80	80	1.0000000
NODE_300165_length_239_cov_72.878571	150	212	0	62	62	1.0000000
NODE_300165_length_239_cov_72.878571	150	221	0	71	71	1.0000000
NODE_300208_length_238_cov_385.683453	35	104	11	16	69	0.2318841
NODE_300208_length_238_cov_385.683453	35	104	12	14	69	0.2028985
NODE_300208_length_238_cov_385.683453	35	104	14	7	69	0.1014493
NODE_300208_length_238_cov_385.683453	35	104	17	28	69	0.4057971
NODE_300208_length_238_cov_385.683453	35	104	18	4	69	0.0579710
NODE_300225_length_237_cov_101.543478	83	163	0	29	80	0.3625000
NODE_300225_length_237_cov_101.543478	83	163	1	3	80	0.0375000
NODE_300225_length_237_cov_101.543478	83	163	3	5	80	0.0625000
NODE_300225_length_237_cov_101.543478	83	163	4	43	80	0.5375000
NODE_300225_length_237_cov_101.543478	83	163	0	29	80	0.3625000
NODE_300225_length_237_cov_101.543478	83	163	1	3	80	0.0375000
NODE_300225_length_237_cov_101.543478	83	163	3	5	80	0.0625000
NODE_300225_length_237_cov_101.543478	83	163	4	43	80	0.5375000
NODE_300225_length_237_cov_101.543478	83	163	0	29	80	0.3625000
NODE_300225_length_237_cov_101.543478	83	163	1	3	80	0.0375000
NODE_300225_length_237_cov_101.543478	83	163	3	5	80	0.0625000
NODE_300225_length_237_cov_101.543478	83	163	4	43	80	0.5375000
NODE_300225_length_237_cov_101.543478	83	163	0	29	80	0.3625000
NODE_300225_length_237_cov_101.543478	83	163	1	3	80	0.0375000
NODE_300225_length_237_cov_101.543478	83	163	3	5	80	0.0625000
NODE_300225_length_237_cov_101.543478	83	163	4	43	80	0.5375000
NODE_300225_length_237_cov_101.543478	136	216	2	3	80	0.0375000
NODE_300225_length_237_cov_101.543478	136	216	4	77	80	0.9625000
NODE_300225_length_237_cov_101.543478	136	216	2	3	80	0.0375000
NODE_300225_length_237_cov_101.543478	136	216	4	77	80	0.9625000
NODE_300225_length_237_cov_101.543478	136	216	2	3	80	0.0375000
NODE_300225_length_237_cov_101.543478	136	216	4	77	80	0.9625000
NODE_300225_length_237_cov_101.543478	138	216	2	3	78	0.0384615
NODE_300225_length_237_cov_101.543478	138	216	4	75	78	0.9615384
NODE_300225_length_237_cov_101.543478	138	216	2	3	78	0.0384615
NODE_300225_length_237_cov_101.543478	138	216	4	75	78	0.9615384
NODE_300227_length_237_cov_49.623188	13	88	0	75	75	1.0000000
NODE_300227_length_237_cov_49.623188	73	153	0	80	80	1.0000000
NODE_300227_length_237_cov_49.623188	126	206	0	80	80	1.0000000
NODE_300289_length_235_cov_67.904412	0	62	0	62	62	1.0000000
NODE_300289_length_235_cov_67.904412	25	111	0	86	86	1.0000000
NODE_300289_length_235_cov_67.904412	69	150	0	81	81	1.0000000
NODE_300289_length_235_cov_67.904412	113	194	0	81	81	1.0000000
NODE_300289_length_235_cov_67.904412	157	235	0	78	78	1.0000000
NODE_300322_length_234_cov_76.496296	0	76	0	19	76	0.2500000
NODE_300322_length_234_cov_76.496296	0	76	2	57	76	0.7500000
NODE_300322_length_234_cov_76.496296	0	76	0	19	76	0.2500000
NODE_300322_length_234_cov_76.496296	0	76	2	57	76	0.7500000
NODE_300322_length_234_cov_76.496296	0	76	0	19	76	0.2500000
NODE_300322_length_234_cov_76.496296	0	76	2	57	76	0.7500000
NODE_300322_length_234_cov_76.496296	0	76	0	19	76	0.2500000
NODE_300322_length_234_cov_76.496296	0	76	2	57	76	0.7500000
NODE_300322_length_234_cov_76.496296	49	128	2	79	79	1.0000000
NODE_300322_length_234_cov_76.496296	49	128	2	79	79	1.0000000
NODE_300322_length_234_cov_76.496296	124	204	0	41	80	0.5125000
NODE_300322_length_234_cov_76.496296	124	204	2	39	80	0.4875000
NODE_300322_length_234_cov_76.496296	124	204	0	41	80	0.5125000
NODE_300322_length_234_cov_76.496296	124	204	2	39	80	0.4875000
NODE_300322_length_234_cov_76.496296	124	204	0	41	80	0.5125000
NODE_300322_length_234_cov_76.496296	124	204	2	39	80	0.4875000
NODE_300322_length_234_cov_76.496296	177	226	0	49	49	1.0000000
NODE_300322_length_234_cov_76.496296	177	234	0	57	57	1.0000000
NODE_300322_length_234_cov_76.496296	182	234	0	52	52	1.0000000
NODE_300323_length_234_cov_71.548148	90	162	0	16	72	0.2222222
NODE_300323_length_234_cov_71.548148	90	162	2	56	72	0.7777778
NODE_300323_length_234_cov_71.548148	90	162	0	16	72	0.2222222
NODE_300323_length_234_cov_71.548148	90	162	2	56	72	0.7777778
NODE_300323_length_234_cov_71.548148	135	215	0	12	80	0.1500000
NODE_300323_length_234_cov_71.548148	135	215	2	68	80	0.8500000
NODE_300323_length_234_cov_71.548148	135	215	0	12	80	0.1500000
NODE_300323_length_234_cov_71.548148	135	215	2	68	80	0.8500000
NODE_300357_length_233_cov_180.701493	0	65	2	10	65	0.1538462
NODE_300357_length_233_cov_180.701493	0	65	3	16	65	0.2461538
NODE_300357_length_233_cov_180.701493	0	65	5	39	65	0.6000000
NODE_300357_length_233_cov_180.701493	38	118	5	49	80	0.6125000
NODE_300357_length_233_cov_180.701493	38	118	6	31	80	0.3875000
NODE_300392_length_232_cov_132.045113	53	133	4	7	80	0.0875000
NODE_300392_length_232_cov_132.045113	53	133	5	24	80	0.3000000
NODE_300392_length_232_cov_132.045113	53	133	6	8	80	0.1000000
NODE_300392_length_232_cov_132.045113	53	133	7	5	80	0.0625000
NODE_300392_length_232_cov_132.045113	53	133	9	36	80	0.4500000
NODE_300392_length_232_cov_132.045113	106	186	6	13	80	0.1625000
NODE_300392_length_232_cov_132.045113	106	186	7	19	80	0.2375000
NODE_300392_length_232_cov_132.045113	106	186	9	48	80	0.6000000
NODE_300471_length_230_cov_34.427481	0	59	0	59	59	1.0000000
NODE_300471_length_230_cov_34.427481	0	59	0	59	59	1.0000000
NODE_300471_length_230_cov_34.427481	10	59	0	49	49	1.0000000
NODE_300487_length_229_cov_76.907692	94	176	13	4	82	0.0487805
NODE_300487_length_229_cov_76.907692	94	176	15	16	82	0.1951219
NODE_300487_length_229_cov_76.907692	94	176	17	24	82	0.2926829
NODE_300487_length_229_cov_76.907692	94	176	18	7	82	0.0853659
NODE_300487_length_229_cov_76.907692	94	176	19	31	82	0.3780488
NODE_300523_length_228_cov_127.131783	0	76	1	75	76	0.9868421
NODE_300523_length_228_cov_127.131783	0	76	2	1	76	0.0131579
NODE_300523_length_228_cov_127.131783	5	76	1	70	71	0.9859155
NODE_300523_length_228_cov_127.131783	5	76	2	1	71	0.0140845
NODE_300523_length_228_cov_127.131783	10	76	1	65	66	0.9848485
NODE_300523_length_228_cov_127.131783	10	76	2	1	66	0.0151515
NODE_300523_length_228_cov_127.131783	49	129	1	26	80	0.3250000
NODE_300523_length_228_cov_127.131783	49	129	2	54	80	0.6750000
NODE_300523_length_228_cov_127.131783	49	129	1	26	80	0.3250000
NODE_300523_length_228_cov_127.131783	49	129	2	54	80	0.6750000
NODE_300523_length_228_cov_127.131783	49	129	1	26	80	0.3250000
NODE_300523_length_228_cov_127.131783	49	129	2	54	80	0.6750000
NODE_300523_length_228_cov_127.131783	125	205	1	61	80	0.7625000
NODE_300523_length_228_cov_127.131783	125	205	2	19	80	0.2375000
NODE_300523_length_228_cov_127.131783	125	205	1	61	80	0.7625000
NODE_300523_length_228_cov_127.131783	125	205	2	19	80	0.2375000
NODE_300523_length_228_cov_127.131783	125	205	1	61	80	0.7625000
NODE_300523_length_228_cov_127.131783	125	205	2	19	80	0.2375000
NODE_300523_length_228_cov_127.131783	178	228	0	3	50	0.0600000
NODE_300523_length_228_cov_127.131783	178	228	1	47	50	0.9400000
NODE_300523_length_228_cov_127.131783	178	228	0	3	50	0.0600000
NODE_300523_length_228_cov_127.131783	178	228	1	47	50	0.9400000
NODE_300523_length_228_cov_127.131783	178	228	0	3	50	0.0600000
NODE_300523_length_228_cov_127.131783	178	228	1	47	50	0.9400000
NODE_300524_length_228_cov_94.255814	34	99	0	65	65	1.0000000
NODE_300524_length_228_cov_94.255814	34	114	0	80	80	1.0000000
NODE_300524_length_228_cov_94.255814	41	111	0	70	70	1.0000000
NODE_300524_length_228_cov_94.255814	43	114	0	71	71	1.0000000
NODE_300524_length_228_cov_94.255814	87	167	0	80	80	1.0000000
NODE_300524_length_228_cov_94.255814	87	167	0	80	80	1.0000000
NODE_300524_length_228_cov_94.255814	87	167	0	80	80	1.0000000
NODE_300524_length_228_cov_94.255814	87	167	0	80	80	1.0000000
NODE_300547_length_228_cov_0.395349	27	107	0	80	80	1.0000000
NODE_300547_length_228_cov_0.395349	70	150	0	80	80	1.0000000
NODE_300556_length_227_cov_37.429688	40	111	0	71	71	1.0000000
NODE_300556_length_227_cov_37.429688	49	112	0	63	63	1.0000000
NODE_300556_length_227_cov_37.429688	93	172	0	79	79	1.0000000
NODE_300556_length_227_cov_37.429688	168	227	0	59	59	1.0000000
NODE_300556_length_227_cov_37.429688	168	227	0	59	59	1.0000000
NODE_300595_length_226_cov_547.629921	82	162	81	3	80	0.0375000
NODE_300595_length_226_cov_547.629921	82	162	85	2	80	0.0250000
NODE_300595_length_226_cov_547.629921	82	162	86	4	80	0.0500000
NODE_300595_length_226_cov_547.629921	82	162	87	4	80	0.0500000
NODE_300595_length_226_cov_547.629921	82	162	88	1	80	0.0125000
NODE_300595_length_226_cov_547.629921	82	162	89	2	80	0.0250000
NODE_300595_length_226_cov_547.629921	82	162	90	2	80	0.0250000
NODE_300595_length_226_cov_547.629921	82	162	91	5	80	0.0625000
NODE_300595_length_226_cov_547.629921	82	162	92	2	80	0.0250000
NODE_300595_length_226_cov_547.629921	82	162	93	3	80	0.0375000
NODE_300595_length_226_cov_547.629921	82	162	94	3	80	0.0375000
NODE_300595_length_226_cov_547.629921	82	162	96	1	80	0.0125000
NODE_300595_length_226_cov_547.629921	82	162	97	2	80	0.0250000
NODE_300595_length_226_cov_547.629921	82	162	98	2	80	0.0250000
NODE_300595_length_226_cov_547.629921	82	162	99	1	80	0.0125000
NODE_300595_length_226_cov_547.629921	82	162	100	2	80	0.0250000
NODE_300595_length_226_cov_547.629921	82	162	102	11	80	0.1375000
NODE_300595_length_226_cov_547.629921	82	162	103	1	80	0.0125000
NODE_300595_length_226_cov_547.629921	82	162	104	16	80	0.2000000
NODE_300595_length_226_cov_547.629921	82	162	105	2	80	0.0250000
NODE_300595_length_226_cov_547.629921	82	162	106	11	80	0.1375000
NODE_300617_length_225_cov_41.269841	81	165	2	18	84	0.2142857
NODE_300617_length_225_cov_41.269841	81	165	4	7	84	0.0833333
NODE_300617_length_225_cov_41.269841	81	165	6	35	84	0.4166667
NODE_300617_length_225_cov_41.269841	81	165	8	24	84	0.2857143
NODE_300617_length_225_cov_41.269841	134	218	0	47	84	0.5595238
NODE_300617_length_225_cov_41.269841	134	218	2	24	84	0.2857143
NODE_300617_length_225_cov_41.269841	134	218	4	7	84	0.0833333
NODE_300617_length_225_cov_41.269841	134	218	6	6	84	0.0714286
NODE_300661_length_224_cov_209.528000	12	84	2	25	72	0.3472222
NODE_300661_length_224_cov_209.528000	12	84	4	45	72	0.6250000
NODE_300661_length_224_cov_209.528000	12	84	6	2	72	0.0277778
NODE_300663_length_224_cov_146.568000	13	72	8	11	59	0.1864407
NODE_300663_length_224_cov_146.568000	13	72	10	4	59	0.0677966
NODE_300663_length_224_cov_146.568000	13	72	11	1	59	0.0169492
NODE_300663_length_224_cov_146.568000	13	72	12	16	59	0.2711864
NODE_300663_length_224_cov_146.568000	13	72	13	3	59	0.0508475
NODE_300663_length_224_cov_146.568000	13	72	15	1	59	0.0169492
NODE_300663_length_224_cov_146.568000	13	72	19	10	59	0.1694915
NODE_300663_length_224_cov_146.568000	13	72	21	2	59	0.0338983
NODE_300663_length_224_cov_146.568000	13	72	22	2	59	0.0338983
NODE_300663_length_224_cov_146.568000	13	72	24	1	59	0.0169492
NODE_300663_length_224_cov_146.568000	13	72	25	2	59	0.0338983
NODE_300663_length_224_cov_146.568000	13	72	27	6	59	0.1016949
NODE_300663_length_224_cov_146.568000	46	72	13	2	26	0.0769231
NODE_300663_length_224_cov_146.568000	46	72	15	1	26	0.0384615
NODE_300663_length_224_cov_146.568000	46	72	19	10	26	0.3846154
NODE_300663_length_224_cov_146.568000	46	72	21	2	26	0.0769231
NODE_300663_length_224_cov_146.568000	46	72	22	2	26	0.0769231
NODE_300663_length_224_cov_146.568000	46	72	24	1	26	0.0384615
NODE_300663_length_224_cov_146.568000	46	72	25	2	26	0.0769231
NODE_300663_length_224_cov_146.568000	46	72	27	6	26	0.2307692
NODE_300663_length_224_cov_146.568000	68	120	27	5	52	0.0961538
NODE_300663_length_224_cov_146.568000	68	120	28	5	52	0.0961538
NODE_300663_length_224_cov_146.568000	68	120	30	6	52	0.1153846
NODE_300663_length_224_cov_146.568000	68	120	32	36	52	0.6923077
NODE_300665_length_224_cov_59.088000	98	178	0	80	80	1.0000000
NODE_300665_length_224_cov_59.088000	98	178	0	80	80	1.0000000
NODE_300665_length_224_cov_59.088000	98	178	0	80	80	1.0000000
NODE_300665_length_224_cov_59.088000	151	217	0	66	66	1.0000000
NODE_300665_length_224_cov_59.088000	151	224	0	73	73	1.0000000
NODE_300667_length_224_cov_43.640000	98	157	0	59	59	1.0000000
NODE_300667_length_224_cov_43.640000	98	157	0	59	59	1.0000000
NODE_300667_length_224_cov_43.640000	106	157	0	51	51	1.0000000
NODE_300669_length_224_cov_36.224000	100	171	4	71	71	1.0000000
NODE_300669_length_224_cov_36.224000	151	224	0	13	73	0.1780822
NODE_300669_length_224_cov_36.224000	151	224	2	4	73	0.0547945
NODE_300669_length_224_cov_36.224000	151	224	4	56	73	0.7671233
NODE_300696_length_223_cov_35.814516	0	54	0	36	54	0.6666667
NODE_300696_length_223_cov_35.814516	0	54	2	18	54	0.3333333
NODE_300696_length_223_cov_35.814516	30	107	0	6	77	0.0779221
NODE_300696_length_223_cov_35.814516	30	107	2	19	77	0.2467532
NODE_300696_length_223_cov_35.814516	30	107	3	52	77	0.6753247
NODE_300768_length_221_cov_71.319672	14	94	0	43	80	0.5375000
NODE_300768_length_221_cov_71.319672	14	94	2	37	80	0.4625000
NODE_300800_length_220_cov_42.206612	3	74	0	48	71	0.6760563
NODE_300800_length_220_cov_42.206612	3	74	1	10	71	0.1408451
NODE_300800_length_220_cov_42.206612	3	74	2	13	71	0.1830986
NODE_300800_length_220_cov_42.206612	8	74	0	43	66	0.6515151
NODE_300800_length_220_cov_42.206612	8	74	1	10	66	0.1515152
NODE_300800_length_220_cov_42.206612	8	74	2	13	66	0.1969697
NODE_300800_length_220_cov_42.206612	47	98	0	4	51	0.0784314
NODE_300800_length_220_cov_42.206612	47	98	1	10	51	0.1960784
NODE_300800_length_220_cov_42.206612	47	98	2	37	51	0.7254902
NODE_300800_length_220_cov_42.206612	47	98	0	4	51	0.0784314
NODE_300800_length_220_cov_42.206612	47	98	1	10	51	0.1960784
NODE_300800_length_220_cov_42.206612	47	98	2	37	51	0.7254902
NODE_300800_length_220_cov_42.206612	47	98	0	4	51	0.0784314
NODE_300800_length_220_cov_42.206612	47	98	1	10	51	0.1960784
NODE_300800_length_220_cov_42.206612	47	98	2	37	51	0.7254902
NODE_300874_length_218_cov_244.773109	128	203	15	1	75	0.0133333
NODE_300874_length_218_cov_244.773109	128	203	16	1	75	0.0133333
NODE_300874_length_218_cov_244.773109	128	203	18	3	75	0.0400000
NODE_300874_length_218_cov_244.773109	128	203	19	7	75	0.0933333
NODE_300874_length_218_cov_244.773109	128	203	20	20	75	0.2666667
NODE_300874_length_218_cov_244.773109	128	203	22	15	75	0.2000000
NODE_300874_length_218_cov_244.773109	128	203	23	1	75	0.0133333
NODE_300874_length_218_cov_244.773109	128	203	25	2	75	0.0266667
NODE_300874_length_218_cov_244.773109	128	203	26	3	75	0.0400000
NODE_300874_length_218_cov_244.773109	128	203	27	5	75	0.0666667
NODE_300874_length_218_cov_244.773109	128	203	28	17	75	0.2266667
NODE_300874_length_218_cov_244.773109	176	218	6	2	42	0.0476190
NODE_300874_length_218_cov_244.773109	176	218	8	1	42	0.0238095
NODE_300874_length_218_cov_244.773109	176	218	9	2	42	0.0476190
NODE_300874_length_218_cov_244.773109	176	218	10	9	42	0.2142857
NODE_300874_length_218_cov_244.773109	176	218	13	1	42	0.0238095
NODE_300874_length_218_cov_244.773109	176	218	15	1	42	0.0238095
NODE_300874_length_218_cov_244.773109	176	218	16	1	42	0.0238095
NODE_300874_length_218_cov_244.773109	176	218	18	3	42	0.0714286
NODE_300874_length_218_cov_244.773109	176	218	19	7	42	0.1666667
NODE_300874_length_218_cov_244.773109	176	218	20	15	42	0.3571429
NODE_300915_length_217_cov_2.144068	14	49	0	35	35	1.0000000
NODE_300915_length_217_cov_2.144068	132	167	0	35	35	1.0000000
NODE_300924_length_216_cov_215.410256	0	63	1	15	63	0.2380952
NODE_300924_length_216_cov_215.410256	0	63	3	12	63	0.1904762
NODE_300924_length_216_cov_215.410256	0	63	5	11	63	0.1746032
NODE_300924_length_216_cov_215.410256	0	63	6	25	63	0.3968254
NODE_300924_length_216_cov_215.410256	36	102	5	2	66	0.0303030
NODE_300924_length_216_cov_215.410256	36	102	6	64	66	0.9696970
NODE_300925_length_216_cov_51.940171	164	216	1	3	52	0.0576923
NODE_300925_length_216_cov_51.940171	164	216	3	3	52	0.0576923
NODE_300925_length_216_cov_51.940171	164	216	4	46	52	0.8846154
NODE_300953_length_215_cov_14.784483	0	50	0	50	50	1.0000000
NODE_300953_length_215_cov_14.784483	23	103	0	80	80	1.0000000
NODE_300984_length_214_cov_144.165217	0	62	0	27	62	0.4354839
NODE_300984_length_214_cov_144.165217	0	62	1	27	62	0.4354839
NODE_300984_length_214_cov_144.165217	0	62	2	8	62	0.1290323
NODE_300984_length_214_cov_144.165217	0	62	0	27	62	0.4354839
NODE_300984_length_214_cov_144.165217	0	62	1	27	62	0.4354839
NODE_300984_length_214_cov_144.165217	0	62	2	8	62	0.1290323
NODE_300984_length_214_cov_144.165217	35	115	1	19	80	0.2375000
NODE_300984_length_214_cov_144.165217	35	115	2	61	80	0.7625000
NODE_300984_length_214_cov_144.165217	35	115	1	19	80	0.2375000
NODE_300984_length_214_cov_144.165217	35	115	2	61	80	0.7625000
NODE_300984_length_214_cov_144.165217	35	115	1	19	80	0.2375000
NODE_300984_length_214_cov_144.165217	35	115	2	61	80	0.7625000
NODE_300984_length_214_cov_144.165217	111	191	1	14	80	0.1750000
NODE_300984_length_214_cov_144.165217	111	191	2	66	80	0.8250000
NODE_300984_length_214_cov_144.165217	111	191	1	14	80	0.1750000
NODE_300984_length_214_cov_144.165217	111	191	2	66	80	0.8250000
NODE_300984_length_214_cov_144.165217	111	191	1	14	80	0.1750000
NODE_300984_length_214_cov_144.165217	111	191	2	66	80	0.8250000
NODE_300984_length_214_cov_144.165217	164	214	0	10	50	0.2000000
NODE_300984_length_214_cov_144.165217	164	214	1	27	50	0.5400000
NODE_300984_length_214_cov_144.165217	164	214	2	13	50	0.2600000
NODE_300984_length_214_cov_144.165217	164	214	0	10	50	0.2000000
NODE_300984_length_214_cov_144.165217	164	214	1	27	50	0.5400000
NODE_300984_length_214_cov_144.165217	164	214	2	13	50	0.2600000
NODE_300984_length_214_cov_144.165217	164	214	0	10	50	0.2000000
NODE_300984_length_214_cov_144.165217	164	214	1	27	50	0.5400000
NODE_300984_length_214_cov_144.165217	164	214	2	13	50	0.2600000
NODE_301068_length_211_cov_39.571429	4	84	0	80	80	1.0000000
NODE_301169_length_208_cov_45.238532	3	59	0	56	56	1.0000000
NODE_301169_length_208_cov_45.238532	35	112	0	77	77	1.0000000
NODE_301170_length_208_cov_35.229358	76	156	0	80	80	1.0000000
NODE_301179_length_207_cov_341.324074	33	113	0	80	80	1.0000000
NODE_301179_length_207_cov_341.324074	86	166	0	80	80	1.0000000
NODE_301248_length_205_cov_64.179245	6	77	0	28	71	0.3943662
NODE_301248_length_205_cov_64.179245	6	77	1	10	71	0.1408451
NODE_301248_length_205_cov_64.179245	6	77	2	18	71	0.2535211
NODE_301248_length_205_cov_64.179245	6	77	4	8	71	0.1126761
NODE_301248_length_205_cov_64.179245	6	77	6	7	71	0.0985916
NODE_301248_length_205_cov_64.179245	11	77	0	23	66	0.3484848
NODE_301248_length_205_cov_64.179245	11	77	1	10	66	0.1515152
NODE_301248_length_205_cov_64.179245	11	77	2	18	66	0.2727273
NODE_301248_length_205_cov_64.179245	11	77	4	8	66	0.1212121
NODE_301248_length_205_cov_64.179245	11	77	6	7	66	0.1060606
NODE_301248_length_205_cov_64.179245	50	98	2	12	48	0.2500000
NODE_301248_length_205_cov_64.179245	50	98	4	8	48	0.1666667
NODE_301248_length_205_cov_64.179245	50	98	6	28	48	0.5833333
NODE_301248_length_205_cov_64.179245	50	98	2	12	48	0.2500000
NODE_301248_length_205_cov_64.179245	50	98	4	8	48	0.1666667
NODE_301248_length_205_cov_64.179245	50	98	6	28	48	0.5833333
NODE_301248_length_205_cov_64.179245	50	98	2	12	48	0.2500000
NODE_301248_length_205_cov_64.179245	50	98	4	8	48	0.1666667
NODE_301248_length_205_cov_64.179245	50	98	6	28	48	0.5833333
NODE_301281_length_204_cov_183.390476	119	199	2	12	80	0.1500000
NODE_301281_length_204_cov_183.390476	119	199	3	4	80	0.0500000
NODE_301281_length_204_cov_183.390476	119	199	4	6	80	0.0750000
NODE_301281_length_204_cov_183.390476	119	199	6	37	80	0.4625000
NODE_301281_length_204_cov_183.390476	119	199	8	3	80	0.0375000
NODE_301281_length_204_cov_183.390476	119	199	10	10	80	0.1250000
NODE_301281_length_204_cov_183.390476	119	199	12	8	80	0.1000000
NODE_301281_length_204_cov_183.390476	172	194	2	7	22	0.3181818
NODE_301281_length_204_cov_183.390476	172	194	3	4	22	0.1818182
NODE_301281_length_204_cov_183.390476	172	194	4	6	22	0.2727273
NODE_301281_length_204_cov_183.390476	172	194	6	5	22	0.2272727
NODE_301283_length_204_cov_80.095238	10	90	2	4	80	0.0500000
NODE_301283_length_204_cov_80.095238	10	90	3	15	80	0.1875000
NODE_301283_length_204_cov_80.095238	10	90	4	15	80	0.1875000
NODE_301283_length_204_cov_80.095238	10	90	5	15	80	0.1875000
NODE_301283_length_204_cov_80.095238	10	90	7	4	80	0.0500000
NODE_301283_length_204_cov_80.095238	10	90	9	3	80	0.0375000
NODE_301283_length_204_cov_80.095238	10	90	10	24	80	0.3000000
NODE_301283_length_204_cov_80.095238	63	143	2	2	80	0.0250000
NODE_301283_length_204_cov_80.095238	63	143	9	10	80	0.1250000
NODE_301283_length_204_cov_80.095238	63	143	10	68	80	0.8500000
NODE_301345_length_202_cov_123.184466	0	64	2	9	64	0.1406250
NODE_301345_length_202_cov_123.184466	0	64	3	5	64	0.0781250
NODE_301345_length_202_cov_123.184466	0	64	4	2	64	0.0312500
NODE_301345_length_202_cov_123.184466	0	64	5	6	64	0.0937500
NODE_301345_length_202_cov_123.184466	0	64	6	1	64	0.0156250
NODE_301345_length_202_cov_123.184466	0	64	7	9	64	0.1406250
NODE_301345_length_202_cov_123.184466	0	64	9	2	64	0.0312500
NODE_301345_length_202_cov_123.184466	0	64	10	3	64	0.0468750
NODE_301345_length_202_cov_123.184466	0	64	12	27	64	0.4218750
NODE_301345_length_202_cov_123.184466	31	72	7	1	41	0.0243902
NODE_301345_length_202_cov_123.184466	31	72	9	2	41	0.0487805
NODE_301345_length_202_cov_123.184466	31	72	10	3	41	0.0731707
NODE_301345_length_202_cov_123.184466	31	72	12	28	41	0.6829268
NODE_301345_length_202_cov_123.184466	31	72	14	3	41	0.0731707
NODE_301345_length_202_cov_123.184466	31	72	16	3	41	0.0731707
NODE_301345_length_202_cov_123.184466	31	72	18	1	41	0.0243902
NODE_301370_length_201_cov_56.323529	133	201	0	10	68	0.1470588
NODE_301370_length_201_cov_56.323529	133	201	3	47	68	0.6911765
NODE_301370_length_201_cov_56.323529	133	201	4	5	68	0.0735294
NODE_301370_length_201_cov_56.323529	133	201	5	6	68	0.0882353
NODE_301371_length_201_cov_50.647059	44	99	1	12	55	0.2181818
NODE_301371_length_201_cov_50.647059	44	99	2	43	55	0.7818182
NODE_301371_length_201_cov_50.647059	136	201	1	10	65	0.1538462
NODE_301371_length_201_cov_50.647059	136	201	2	55	65	0.8461539
NODE_301371_length_201_cov_50.647059	136	201	1	10	65	0.1538462
NODE_301371_length_201_cov_50.647059	136	201	2	55	65	0.8461539
NODE_301371_length_201_cov_50.647059	136	201	1	10	65	0.1538462
NODE_301371_length_201_cov_50.647059	136	201	2	55	65	0.8461539
NODE_301371_length_201_cov_50.647059	136	201	1	10	65	0.1538462
NODE_301371_length_201_cov_50.647059	136	201	2	55	65	0.8461539
NODE_301405_length_200_cov_29.118812	0	73	6	4	73	0.0547945
NODE_301405_length_200_cov_29.118812	0	73	7	3	73	0.0410959
NODE_301405_length_200_cov_29.118812	0	73	8	2	73	0.0273973
NODE_301405_length_200_cov_29.118812	0	73	10	12	73	0.1643836
NODE_301405_length_200_cov_29.118812	0	73	11	1	73	0.0136986
NODE_301405_length_200_cov_29.118812	0	73	13	11	73	0.1506849
NODE_301405_length_200_cov_29.118812	0	73	15	29	73	0.3972603
NODE_301405_length_200_cov_29.118812	0	73	16	11	73	0.1506849
NODE_301419_length_199_cov_768.700000	94	142	28	24	48	0.5000000
NODE_301419_length_199_cov_768.700000	94	142	30	6	48	0.1250000
NODE_301419_length_199_cov_768.700000	94	142	32	3	48	0.0625000
NODE_301419_length_199_cov_768.700000	94	142	34	5	48	0.1041667
NODE_301419_length_199_cov_768.700000	94	142	36	10	48	0.2083333
NODE_301419_length_199_cov_768.700000	115	186	9	4	71	0.0563380
NODE_301419_length_199_cov_768.700000	115	186	10	3	71	0.0422535
NODE_301419_length_199_cov_768.700000	115	186	14	1	71	0.0140845
NODE_301419_length_199_cov_768.700000	115	186	16	2	71	0.0281690
NODE_301419_length_199_cov_768.700000	115	186	17	1	71	0.0140845
NODE_301419_length_199_cov_768.700000	115	186	18	1	71	0.0140845
NODE_301419_length_199_cov_768.700000	115	186	20	14	71	0.1971831
NODE_301419_length_199_cov_768.700000	115	186	22	3	71	0.0422535
NODE_301419_length_199_cov_768.700000	115	186	24	7	71	0.0985916
NODE_301419_length_199_cov_768.700000	115	186	25	1	71	0.0140845
NODE_301419_length_199_cov_768.700000	115	186	27	2	71	0.0281690
NODE_301419_length_199_cov_768.700000	115	186	28	29	71	0.4084507
NODE_301419_length_199_cov_768.700000	115	186	30	3	71	0.0422535
NODE_301420_length_199_cov_702.860000	3	78	1	1	75	0.0133333
NODE_301420_length_199_cov_702.860000	3	78	2	3	75	0.0400000
NODE_301420_length_199_cov_702.860000	3	78	4	1	75	0.0133333
NODE_301420_length_199_cov_702.860000	3	78	5	3	75	0.0400000
NODE_301420_length_199_cov_702.860000	3	78	7	1	75	0.0133333
NODE_301420_length_199_cov_702.860000	3	78	9	3	75	0.0400000
NODE_301420_length_199_cov_702.860000	3	78	12	6	75	0.0800000
NODE_301420_length_199_cov_702.860000	3	78	15	3	75	0.0400000
NODE_301420_length_199_cov_702.860000	3	78	18	1	75	0.0133333
NODE_301420_length_199_cov_702.860000	3	78	20	15	75	0.2000000
NODE_301420_length_199_cov_702.860000	3	78	22	1	75	0.0133333
NODE_301420_length_199_cov_702.860000	3	78	24	1	75	0.0133333
NODE_301420_length_199_cov_702.860000	3	78	27	3	75	0.0400000
NODE_301420_length_199_cov_702.860000	3	78	28	3	75	0.0400000
NODE_301420_length_199_cov_702.860000	3	78	29	1	75	0.0133333
NODE_301420_length_199_cov_702.860000	3	78	30	2	75	0.0266667
NODE_301420_length_199_cov_702.860000	3	78	32	1	75	0.0133333
NODE_301420_length_199_cov_702.860000	3	78	34	2	75	0.0266667
NODE_301420_length_199_cov_702.860000	3	78	36	3	75	0.0400000
NODE_301420_length_199_cov_702.860000	3	78	39	4	75	0.0533333
NODE_301420_length_199_cov_702.860000	3	78	40	1	75	0.0133333
NODE_301420_length_199_cov_702.860000	3	78	46	1	75	0.0133333
NODE_301420_length_199_cov_702.860000	3	78	48	2	75	0.0266667
NODE_301420_length_199_cov_702.860000	3	78	50	3	75	0.0400000
NODE_301420_length_199_cov_702.860000	3	78	51	2	75	0.0266667
NODE_301420_length_199_cov_702.860000	3	78	52	2	75	0.0266667
NODE_301420_length_199_cov_702.860000	3	78	54	5	75	0.0666667
NODE_301420_length_199_cov_702.860000	3	78	56	1	75	0.0133333
NODE_301420_length_199_cov_702.860000	51	131	32	1	80	0.0125000
NODE_301420_length_199_cov_702.860000	51	131	34	2	80	0.0250000
NODE_301420_length_199_cov_702.860000	51	131	36	3	80	0.0375000
NODE_301420_length_199_cov_702.860000	51	131	39	4	80	0.0500000
NODE_301420_length_199_cov_702.860000	51	131	40	1	80	0.0125000
NODE_301420_length_199_cov_702.860000	51	131	46	1	80	0.0125000
NODE_301420_length_199_cov_702.860000	51	131	48	2	80	0.0250000
NODE_301420_length_199_cov_702.860000	51	131	50	3	80	0.0375000
NODE_301420_length_199_cov_702.860000	51	131	51	2	80	0.0250000
NODE_301420_length_199_cov_702.860000	51	131	52	2	80	0.0250000
NODE_301420_length_199_cov_702.860000	51	131	54	5	80	0.0625000
NODE_301420_length_199_cov_702.860000	51	131	56	1	80	0.0125000
NODE_301420_length_199_cov_702.860000	51	131	60	3	80	0.0375000
NODE_301420_length_199_cov_702.860000	51	131	62	1	80	0.0125000
NODE_301420_length_199_cov_702.860000	51	131	64	6	80	0.0750000
NODE_301420_length_199_cov_702.860000	51	131	66	17	80	0.2125000
NODE_301420_length_199_cov_702.860000	51	131	68	19	80	0.2375000
NODE_301420_length_199_cov_702.860000	51	131	70	7	80	0.0875000
NODE_301421_length_199_cov_670.570000	22	52	17	3	30	0.1000000
NODE_301421_length_199_cov_670.570000	22	52	19	4	30	0.1333333
NODE_301421_length_199_cov_670.570000	22	52	21	2	30	0.0666667
NODE_301421_length_199_cov_670.570000	22	52	23	5	30	0.1666667
NODE_301421_length_199_cov_670.570000	22	52	25	13	30	0.4333333
NODE_301421_length_199_cov_670.570000	22	52	26	3	30	0.1000000
NODE_301421_length_199_cov_670.570000	25	105	19	4	80	0.0500000
NODE_301421_length_199_cov_670.570000	25	105	21	2	80	0.0250000
NODE_301421_length_199_cov_670.570000	25	105	23	5	80	0.0625000
NODE_301421_length_199_cov_670.570000	25	105	25	13	80	0.1625000
NODE_301421_length_199_cov_670.570000	25	105	26	3	80	0.0375000
NODE_301421_length_199_cov_670.570000	25	105	28	17	80	0.2125000
NODE_301421_length_199_cov_670.570000	25	105	30	2	80	0.0250000
NODE_301421_length_199_cov_670.570000	25	105	32	13	80	0.1625000
NODE_301421_length_199_cov_670.570000	25	105	34	2	80	0.0250000
NODE_301421_length_199_cov_670.570000	25	105	36	5	80	0.0625000
NODE_301421_length_199_cov_670.570000	25	105	38	14	80	0.1750000
NODE_301430_length_199_cov_215.860000	3	75	4	19	72	0.2638889
NODE_301430_length_199_cov_215.860000	3	75	5	25	72	0.3472222
NODE_301430_length_199_cov_215.860000	3	75	6	2	72	0.0277778
NODE_301430_length_199_cov_215.860000	3	75	10	2	72	0.0277778
NODE_301430_length_199_cov_215.860000	3	75	12	16	72	0.2222222
NODE_301430_length_199_cov_215.860000	3	75	14	8	72	0.1111111
NODE_301430_length_199_cov_215.860000	48	128	6	1	80	0.0125000
NODE_301430_length_199_cov_215.860000	48	128	10	2	80	0.0250000
NODE_301430_length_199_cov_215.860000	48	128	12	27	80	0.3375000
NODE_301430_length_199_cov_215.860000	48	128	14	50	80	0.6250000
NODE_301432_length_199_cov_206.800000	120	199	4	79	79	1.0000000
NODE_301441_length_199_cov_131.120000	97	177	0	80	80	1.0000000
NODE_301448_length_199_cov_97.490000	4	77	0	13	73	0.1780822
NODE_301448_length_199_cov_97.490000	4	77	1	12	73	0.1643836
NODE_301448_length_199_cov_97.490000	4	77	2	28	73	0.3835616
NODE_301448_length_199_cov_97.490000	4	77	4	20	73	0.2739726
NODE_301449_length_199_cov_96.090000	91	171	2	80	80	1.0000000
NODE_301455_length_199_cov_84.060000	44	75	4	12	31	0.3870968
NODE_301455_length_199_cov_84.060000	44	75	6	19	31	0.6129032
NODE_301456_length_199_cov_83.220000	0	64	2	64	64	1.0000000
NODE_301459_length_199_cov_80.390000	15	98	2	83	83	1.0000000
NODE_301469_length_199_cov_63.420000	128	194	4	4	66	0.0606061
NODE_301469_length_199_cov_63.420000	128	194	6	1	66	0.0151515
NODE_301469_length_199_cov_63.420000	128	194	8	3	66	0.0454545
NODE_301469_length_199_cov_63.420000	128	194	10	18	66	0.2727273
NODE_301469_length_199_cov_63.420000	128	194	13	10	66	0.1515152
NODE_301469_length_199_cov_63.420000	128	194	14	4	66	0.0606061
NODE_301469_length_199_cov_63.420000	128	194	16	1	66	0.0151515
NODE_301469_length_199_cov_63.420000	128	194	17	5	66	0.0757576
NODE_301469_length_199_cov_63.420000	128	194	18	20	66	0.3030303
NODE_301477_length_199_cov_58.660000	18	85	0	67	67	1.0000000
NODE_301484_length_199_cov_50.350000	102	183	0	81	81	1.0000000
NODE_301485_length_199_cov_49.630000	5	47	2	42	42	1.0000000
NODE_301485_length_199_cov_49.630000	100	163	0	8	63	0.1269841
NODE_301485_length_199_cov_49.630000	100	163	1	21	63	0.3333333
NODE_301485_length_199_cov_49.630000	100	163	2	34	63	0.5396826
NODE_301485_length_199_cov_49.630000	100	163	0	8	63	0.1269841
NODE_301485_length_199_cov_49.630000	100	163	1	21	63	0.3333333
NODE_301485_length_199_cov_49.630000	100	163	2	34	63	0.5396826
NODE_301485_length_199_cov_49.630000	100	163	0	8	63	0.1269841
NODE_301485_length_199_cov_49.630000	100	163	1	21	63	0.3333333
NODE_301485_length_199_cov_49.630000	100	163	2	34	63	0.5396826
NODE_301485_length_199_cov_49.630000	136	185	0	30	49	0.6122449
NODE_301485_length_199_cov_49.630000	136	185	1	19	49	0.3877551
NODE_301485_length_199_cov_49.630000	153	199	0	44	46	0.9565217
NODE_301485_length_199_cov_49.630000	153	199	1	2	46	0.0434783
NODE_301491_length_199_cov_40.000000	0	66	0	25	66	0.3787879
NODE_301491_length_199_cov_40.000000	0	66	2	4	66	0.0606061
NODE_301491_length_199_cov_40.000000	0	66	4	37	66	0.5606061
NODE_301491_length_199_cov_40.000000	34	114	4	80	80	1.0000000
NODE_301491_length_199_cov_40.000000	39	61	4	22	22	1.0000000
NODE_301498_length_199_cov_31.400000	3	77	0	63	74	0.8513514
NODE_301498_length_199_cov_31.400000	3	77	2	11	74	0.1486486
NODE_301498_length_199_cov_31.400000	76	153	2	77	77	1.0000000
NODE_301498_length_199_cov_31.400000	76	153	2	77	77	1.0000000
NODE_301498_length_199_cov_31.400000	76	153	2	77	77	1.0000000
NODE_301498_length_199_cov_31.400000	126	192	0	37	66	0.5606061
NODE_301498_length_199_cov_31.400000	126	192	2	29	66	0.4393939
NODE_301498_length_199_cov_31.400000	129	199	0	44	70	0.6285715
NODE_301498_length_199_cov_31.400000	129	199	2	26	70	0.3714286
NODE_301498_length_199_cov_31.400000	131	199	0	44	68	0.6470588
NODE_301498_length_199_cov_31.400000	131	199	2	24	68	0.3529412
NODE_301500_length_199_cov_30.140000	118	198	0	80	80	1.0000000
NODE_301500_length_199_cov_30.140000	118	198	0	80	80	1.0000000
NODE_301500_length_199_cov_30.140000	118	198	0	80	80	1.0000000
NODE_301500_length_199_cov_30.140000	118	198	0	80	80	1.0000000
NODE_301500_length_199_cov_30.140000	118	198	0	80	80	1.0000000
NODE_301500_length_199_cov_30.140000	127	198	0	71	71	1.0000000
NODE_301581_length_197_cov_41.265306	0	70	0	70	70	1.0000000
NODE_301611_length_196_cov_101.855670	72	136	6	17	64	0.2656250
NODE_301611_length_196_cov_101.855670	72	136	8	47	64	0.7343750
NODE_301611_length_196_cov_101.855670	72	136	6	17	64	0.2656250
NODE_301611_length_196_cov_101.855670	72	136	8	47	64	0.7343750
NODE_301611_length_196_cov_101.855670	109	169	1	15	60	0.2500000
NODE_301611_length_196_cov_101.855670	109	169	2	9	60	0.1500000
NODE_301611_length_196_cov_101.855670	109	169	4	2	60	0.0333333
NODE_301611_length_196_cov_101.855670	109	169	6	24	60	0.4000000
NODE_301611_length_196_cov_101.855670	109	169	8	10	60	0.1666667
NODE_301613_length_196_cov_100.618557	129	196	2	4	67	0.0597015
NODE_301613_length_196_cov_100.618557	129	196	4	21	67	0.3134328
NODE_301613_length_196_cov_100.618557	129	196	6	16	67	0.2388060
NODE_301613_length_196_cov_100.618557	129	196	8	18	67	0.2686567
NODE_301613_length_196_cov_100.618557	129	196	10	3	67	0.0447761
NODE_301613_length_196_cov_100.618557	129	196	12	5	67	0.0746269
NODE_301618_length_196_cov_67.268041	8	88	2	1	80	0.0125000
NODE_301618_length_196_cov_67.268041	8	88	3	32	80	0.4000000
NODE_301618_length_196_cov_67.268041	8	88	4	2	80	0.0250000
NODE_301618_length_196_cov_67.268041	8	88	5	45	80	0.5625000
NODE_301618_length_196_cov_67.268041	61	124	3	6	63	0.0952381
NODE_301618_length_196_cov_67.268041	61	124	5	57	63	0.9047619
NODE_301629_length_196_cov_40.195876	101	184	1	26	83	0.3132530
NODE_301629_length_196_cov_40.195876	101	184	2	3	83	0.0361446
NODE_301629_length_196_cov_40.195876	101	184	3	2	83	0.0240964
NODE_301629_length_196_cov_40.195876	101	184	5	15	83	0.1807229
NODE_301629_length_196_cov_40.195876	101	184	7	14	83	0.1686747
NODE_301629_length_196_cov_40.195876	101	184	8	23	83	0.2771084
NODE_301704_length_194_cov_63.252632	12	78	0	17	66	0.2575758
NODE_301704_length_194_cov_63.252632	12	78	1	6	66	0.0909091
NODE_301704_length_194_cov_63.252632	12	78	2	38	66	0.5757576
NODE_301704_length_194_cov_63.252632	12	78	4	5	66	0.0757576
NODE_301704_length_194_cov_63.252632	51	112	2	22	61	0.3606557
NODE_301704_length_194_cov_63.252632	51	112	4	39	61	0.6393443
NODE_301704_length_194_cov_63.252632	51	99	2	22	48	0.4583333
NODE_301704_length_194_cov_63.252632	51	99	4	26	48	0.5416667
NODE_301704_length_194_cov_63.252632	51	112	2	22	61	0.3606557
NODE_301704_length_194_cov_63.252632	51	112	4	39	61	0.6393443
NODE_301708_length_194_cov_35.010526	95	162	0	67	67	1.0000000
NODE_301708_length_194_cov_35.010526	95	162	0	67	67	1.0000000
NODE_301708_length_194_cov_35.010526	135	184	0	49	49	1.0000000
NODE_301714_length_194_cov_9.978947	153	194	0	41	41	1.0000000
NODE_301727_length_193_cov_117.170213	21	93	3	30	72	0.4166667
NODE_301727_length_193_cov_117.170213	21	93	5	3	72	0.0416667
NODE_301727_length_193_cov_117.170213	21	93	6	6	72	0.0833333
NODE_301727_length_193_cov_117.170213	21	93	8	33	72	0.4583333
NODE_301727_length_193_cov_117.170213	41	121	3	10	80	0.1250000
NODE_301727_length_193_cov_117.170213	41	121	5	3	80	0.0375000
NODE_301727_length_193_cov_117.170213	41	121	6	6	80	0.0750000
NODE_301727_length_193_cov_117.170213	41	121	8	61	80	0.7625000
NODE_301729_length_193_cov_54.734043	108	188	0	80	80	1.0000000
NODE_301729_length_193_cov_54.734043	161	183	0	22	22	1.0000000
NODE_301735_length_193_cov_30.638298	108	188	1	7	80	0.0875000
NODE_301735_length_193_cov_30.638298	108	188	3	1	80	0.0125000
NODE_301735_length_193_cov_30.638298	108	188	7	28	80	0.3500000
NODE_301735_length_193_cov_30.638298	108	188	8	2	80	0.0250000
NODE_301735_length_193_cov_30.638298	108	188	10	42	80	0.5250000
NODE_301735_length_193_cov_30.638298	161	183	1	2	22	0.0909091
NODE_301735_length_193_cov_30.638298	161	183	3	1	22	0.0454545
NODE_301735_length_193_cov_30.638298	161	183	7	19	22	0.8636364
NODE_301737_length_193_cov_29.968085	0	45	0	20	45	0.4444444
NODE_301737_length_193_cov_29.968085	0	45	2	5	45	0.1111111
NODE_301737_length_193_cov_29.968085	0	45	3	20	45	0.4444444
NODE_301737_length_193_cov_29.968085	8	57	0	12	49	0.2448980
NODE_301737_length_193_cov_29.968085	8	57	2	5	49	0.1020408
NODE_301737_length_193_cov_29.968085	8	57	3	31	49	0.6326531
NODE_301737_length_193_cov_29.968085	8	57	5	1	49	0.0204082
NODE_301737_length_193_cov_29.968085	30	98	3	26	68	0.3823529
NODE_301737_length_193_cov_29.968085	30	98	5	42	68	0.6176471
NODE_301737_length_193_cov_29.968085	30	98	3	26	68	0.3823529
NODE_301737_length_193_cov_29.968085	30	98	5	42	68	0.6176471
NODE_301737_length_193_cov_29.968085	30	98	3	26	68	0.3823529
NODE_301737_length_193_cov_29.968085	30	98	5	42	68	0.6176471
NODE_301737_length_193_cov_29.968085	146	188	2	13	42	0.3095238
NODE_301737_length_193_cov_29.968085	146	188	3	29	42	0.6904762
NODE_301776_length_192_cov_160.258065	0	76	3	3	76	0.0394737
NODE_301776_length_192_cov_160.258065	0	76	4	2	76	0.0263158
NODE_301776_length_192_cov_160.258065	0	76	6	1	76	0.0131579
NODE_301776_length_192_cov_160.258065	0	76	7	3	76	0.0394737
NODE_301776_length_192_cov_160.258065	0	76	8	1	76	0.0131579
NODE_301776_length_192_cov_160.258065	0	76	12	1	76	0.0131579
NODE_301776_length_192_cov_160.258065	0	76	13	2	76	0.0263158
NODE_301776_length_192_cov_160.258065	0	76	14	1	76	0.0131579
NODE_301776_length_192_cov_160.258065	0	76	15	1	76	0.0131579
NODE_301776_length_192_cov_160.258065	0	76	17	2	76	0.0263158
NODE_301776_length_192_cov_160.258065	0	76	18	3	76	0.0394737
NODE_301776_length_192_cov_160.258065	0	76	20	2	76	0.0263158
NODE_301776_length_192_cov_160.258065	0	76	21	1	76	0.0131579
NODE_301776_length_192_cov_160.258065	0	76	22	1	76	0.0131579
NODE_301776_length_192_cov_160.258065	0	76	24	2	76	0.0263158
NODE_301776_length_192_cov_160.258065	0	76	25	6	76	0.0789474
NODE_301776_length_192_cov_160.258065	0	76	26	2	76	0.0263158
NODE_301776_length_192_cov_160.258065	0	76	28	2	76	0.0263158
NODE_301776_length_192_cov_160.258065	0	76	29	4	76	0.0526316
NODE_301776_length_192_cov_160.258065	0	76	30	1	76	0.0131579
NODE_301776_length_192_cov_160.258065	0	76	31	1	76	0.0131579
NODE_301776_length_192_cov_160.258065	0	76	33	1	76	0.0131579
NODE_301776_length_192_cov_160.258065	0	76	34	3	76	0.0394737
NODE_301776_length_192_cov_160.258065	0	76	35	3	76	0.0394737
NODE_301776_length_192_cov_160.258065	0	76	36	2	76	0.0263158
NODE_301776_length_192_cov_160.258065	0	76	37	4	76	0.0526316
NODE_301776_length_192_cov_160.258065	0	76	38	2	76	0.0263158
NODE_301776_length_192_cov_160.258065	0	76	40	2	76	0.0263158
NODE_301776_length_192_cov_160.258065	0	76	41	3	76	0.0394737
NODE_301776_length_192_cov_160.258065	0	76	42	3	76	0.0394737
NODE_301776_length_192_cov_160.258065	0	76	44	2	76	0.0263158
NODE_301776_length_192_cov_160.258065	0	76	46	4	76	0.0526316
NODE_301776_length_192_cov_160.258065	0	76	48	1	76	0.0131579
NODE_301776_length_192_cov_160.258065	0	76	50	1	76	0.0131579
NODE_301776_length_192_cov_160.258065	0	76	52	2	76	0.0263158
NODE_301776_length_192_cov_160.258065	0	76	53	1	76	0.0131579
NODE_301825_length_191_cov_92.913043	81	144	2	14	63	0.2222222
NODE_301825_length_191_cov_92.913043	81	144	4	49	63	0.7777778
NODE_301855_length_190_cov_112.285714	8	91	0	83	83	1.0000000
NODE_301859_length_190_cov_41.373626	92	172	0	37	80	0.4625000
NODE_301859_length_190_cov_41.373626	92	172	2	43	80	0.5375000
NODE_301859_length_190_cov_41.373626	145	190	0	45	45	1.0000000
NODE_301880_length_189_cov_234.500000	19	88	0	69	69	1.0000000
NODE_301882_length_189_cov_192.211111	134	186	2	42	52	0.8076923
NODE_301882_length_189_cov_192.211111	134	186	3	10	52	0.1923077
NODE_301885_length_189_cov_70.600000	19	88	0	69	69	1.0000000
NODE_301885_length_189_cov_70.600000	72	156	0	84	84	1.0000000
NODE_301886_length_189_cov_63.455556	70	150	2	34	80	0.4250000
NODE_301886_length_189_cov_63.455556	70	150	4	46	80	0.5750000
NODE_301886_length_189_cov_63.455556	70	141	2	25	71	0.3521127
NODE_301886_length_189_cov_63.455556	70	141	4	46	71	0.6478873
NODE_301891_length_189_cov_43.600000	0	73	1	4	73	0.0547945
NODE_301891_length_189_cov_43.600000	0	73	2	4	73	0.0547945
NODE_301891_length_189_cov_43.600000	0	73	3	5	73	0.0684932
NODE_301891_length_189_cov_43.600000	0	73	4	15	73	0.2054795
NODE_301891_length_189_cov_43.600000	0	73	6	1	73	0.0136986
NODE_301891_length_189_cov_43.600000	0	73	11	5	73	0.0684932
NODE_301891_length_189_cov_43.600000	0	73	13	9	73	0.1232877
NODE_301891_length_189_cov_43.600000	0	73	14	30	73	0.4109589
NODE_301940_length_188_cov_2021.561798	108	188	0	1	80	0.0125000
NODE_301940_length_188_cov_2021.561798	108	188	1	5	80	0.0625000
NODE_301940_length_188_cov_2021.561798	108	188	3	2	80	0.0250000
NODE_301940_length_188_cov_2021.561798	108	188	6	4	80	0.0500000
NODE_301940_length_188_cov_2021.561798	108	188	8	1	80	0.0125000
NODE_301940_length_188_cov_2021.561798	108	188	9	1	80	0.0125000
NODE_301940_length_188_cov_2021.561798	108	188	11	11	80	0.1375000
NODE_301940_length_188_cov_2021.561798	108	188	12	1	80	0.0125000
NODE_301940_length_188_cov_2021.561798	108	188	14	1	80	0.0125000
NODE_301940_length_188_cov_2021.561798	108	188	20	5	80	0.0625000
NODE_301940_length_188_cov_2021.561798	108	188	22	3	80	0.0375000
NODE_301940_length_188_cov_2021.561798	108	188	23	6	80	0.0750000
NODE_301940_length_188_cov_2021.561798	108	188	26	26	80	0.3250000
NODE_301940_length_188_cov_2021.561798	108	188	28	1	80	0.0125000
NODE_301940_length_188_cov_2021.561798	108	188	30	2	80	0.0250000
NODE_301940_length_188_cov_2021.561798	108	188	32	3	80	0.0375000
NODE_301940_length_188_cov_2021.561798	108	188	34	1	80	0.0125000
NODE_301940_length_188_cov_2021.561798	108	188	36	6	80	0.0750000
NODE_301940_length_188_cov_2021.561798	161	183	1	1	22	0.0454545
NODE_301940_length_188_cov_2021.561798	161	183	3	2	22	0.0909091
NODE_301940_length_188_cov_2021.561798	161	183	6	4	22	0.1818182
NODE_301940_length_188_cov_2021.561798	161	183	8	1	22	0.0454545
NODE_301940_length_188_cov_2021.561798	161	183	9	1	22	0.0454545
NODE_301940_length_188_cov_2021.561798	161	183	11	11	22	0.5000000
NODE_301940_length_188_cov_2021.561798	161	183	12	1	22	0.0454545
NODE_301940_length_188_cov_2021.561798	161	183	14	1	22	0.0454545
NODE_301952_length_188_cov_37.988764	0	50	0	17	50	0.3400000
NODE_301952_length_188_cov_37.988764	0	50	1	12	50	0.2400000
NODE_301952_length_188_cov_37.988764	0	50	2	8	50	0.1600000
NODE_301952_length_188_cov_37.988764	0	50	3	13	50	0.2600000
NODE_301980_length_187_cov_71.170455	124	155	4	31	31	1.0000000
NODE_301981_length_187_cov_56.000000	72	136	10	31	64	0.4843750
NODE_301981_length_187_cov_56.000000	72	136	12	33	64	0.5156250
NODE_301981_length_187_cov_56.000000	72	136	10	31	64	0.4843750
NODE_301981_length_187_cov_56.000000	72	136	12	33	64	0.5156250
NODE_301981_length_187_cov_56.000000	109	175	1	8	66	0.1212121
NODE_301981_length_187_cov_56.000000	109	175	3	10	66	0.1515152
NODE_301981_length_187_cov_56.000000	109	175	5	4	66	0.0606061
NODE_301981_length_187_cov_56.000000	109	175	7	1	66	0.0151515
NODE_301981_length_187_cov_56.000000	109	175	9	5	66	0.0757576
NODE_301981_length_187_cov_56.000000	109	175	10	30	66	0.4545455
NODE_301981_length_187_cov_56.000000	109	175	12	8	66	0.1212121
NODE_301981_length_187_cov_56.000000	109	180	1	13	71	0.1830986
NODE_301981_length_187_cov_56.000000	109	180	3	10	71	0.1408451
NODE_301981_length_187_cov_56.000000	109	180	5	4	71	0.0563380
NODE_301981_length_187_cov_56.000000	109	180	7	1	71	0.0140845
NODE_301981_length_187_cov_56.000000	109	180	9	5	71	0.0704225
NODE_301981_length_187_cov_56.000000	109	180	10	30	71	0.4225352
NODE_301981_length_187_cov_56.000000	109	180	12	8	71	0.1126761
NODE_301986_length_187_cov_37.397727	4	57	0	40	53	0.7547170
NODE_301986_length_187_cov_37.397727	4	57	1	11	53	0.2075472
NODE_301986_length_187_cov_37.397727	4	57	2	2	53	0.0377358
NODE_301986_length_187_cov_37.397727	12	78	0	32	66	0.4848485
NODE_301986_length_187_cov_37.397727	12	78	1	11	66	0.1666667
NODE_301986_length_187_cov_37.397727	12	78	2	5	66	0.0757576
NODE_301986_length_187_cov_37.397727	12	78	3	12	66	0.1818182
NODE_301986_length_187_cov_37.397727	12	78	4	6	66	0.0909091
NODE_301986_length_187_cov_37.397727	51	112	1	4	61	0.0655738
NODE_301986_length_187_cov_37.397727	51	112	2	5	61	0.0819672
NODE_301986_length_187_cov_37.397727	51	112	3	12	61	0.1967213
NODE_301986_length_187_cov_37.397727	51	112	4	40	61	0.6557377
NODE_301986_length_187_cov_37.397727	51	114	1	4	63	0.0634921
NODE_301986_length_187_cov_37.397727	51	114	2	5	63	0.0793651
NODE_301986_length_187_cov_37.397727	51	114	3	12	63	0.1904762
NODE_301986_length_187_cov_37.397727	51	114	4	42	63	0.6666667
NODE_302020_length_186_cov_309.620690	20	104	0	84	84	1.0000000
NODE_302021_length_186_cov_295.505747	57	115	22	3	58	0.0517241
NODE_302021_length_186_cov_295.505747	57	115	23	17	58	0.2931035
NODE_302021_length_186_cov_295.505747	57	115	24	38	58	0.6551724
NODE_302021_length_186_cov_295.505747	101	168	14	4	67	0.0597015
NODE_302021_length_186_cov_295.505747	101	168	15	11	67	0.1641791
NODE_302021_length_186_cov_295.505747	101	168	16	4	67	0.0597015
NODE_302021_length_186_cov_295.505747	101	168	17	3	67	0.0447761
NODE_302021_length_186_cov_295.505747	101	168	19	4	67	0.0597015
NODE_302021_length_186_cov_295.505747	101	168	20	13	67	0.1940299
NODE_302021_length_186_cov_295.505747	101	168	22	16	67	0.2388060
NODE_302021_length_186_cov_295.505747	101	168	24	12	67	0.1791045
NODE_302025_length_186_cov_61.344828	38	118	4	4	80	0.0500000
NODE_302025_length_186_cov_61.344828	38	118	6	2	80	0.0250000
NODE_302025_length_186_cov_61.344828	38	118	8	74	80	0.9250000
NODE_302025_length_186_cov_61.344828	91	171	4	8	80	0.1000000
NODE_302025_length_186_cov_61.344828	91	171	5	6	80	0.0750000
NODE_302025_length_186_cov_61.344828	91	171	7	6	80	0.0750000
NODE_302025_length_186_cov_61.344828	91	171	8	60	80	0.7500000
NODE_302201_length_182_cov_127.759036	6	52	6	5	46	0.1086956
NODE_302201_length_182_cov_127.759036	6	52	8	3	46	0.0652174
NODE_302201_length_182_cov_127.759036	6	52	9	16	46	0.3478261
NODE_302201_length_182_cov_127.759036	6	52	10	2	46	0.0434783
NODE_302201_length_182_cov_127.759036	6	52	11	2	46	0.0434783
NODE_302201_length_182_cov_127.759036	6	52	12	4	46	0.0869565
NODE_302201_length_182_cov_127.759036	6	52	14	7	46	0.1521739
NODE_302201_length_182_cov_127.759036	6	52	15	2	46	0.0434783
NODE_302201_length_182_cov_127.759036	6	52	16	1	46	0.0217391
NODE_302201_length_182_cov_127.759036	6	52	17	1	46	0.0217391
NODE_302201_length_182_cov_127.759036	6	52	20	3	46	0.0652174
NODE_302201_length_182_cov_127.759036	59	105	24	1	46	0.0217391
NODE_302201_length_182_cov_127.759036	59	105	25	3	46	0.0652174
NODE_302201_length_182_cov_127.759036	59	105	27	5	46	0.1086956
NODE_302201_length_182_cov_127.759036	59	105	31	37	46	0.8043478
NODE_302214_length_182_cov_29.421687	5	35	0	30	30	1.0000000
NODE_302214_length_182_cov_29.421687	8	88	0	80	80	1.0000000
NODE_302236_length_181_cov_141.195122	1	60	0	12	59	0.2033898
NODE_302236_length_181_cov_141.195122	1	60	2	47	59	0.7966102
NODE_302236_length_181_cov_141.195122	34	60	2	26	26	1.0000000
NODE_302236_length_181_cov_141.195122	114	145	0	31	31	1.0000000
NODE_302285_length_180_cov_102.567901	6	75	0	28	69	0.4057971
NODE_302285_length_180_cov_102.567901	6	75	2	17	69	0.2463768
NODE_302285_length_180_cov_102.567901	6	75	4	24	69	0.3478261
NODE_302363_length_178_cov_93.620253	81	112	11	2	31	0.0645161
NODE_302363_length_178_cov_93.620253	81	112	13	29	31	0.9354839
NODE_302365_length_178_cov_62.696203	0	78	0	26	78	0.3333333
NODE_302365_length_178_cov_62.696203	0	78	2	52	78	0.6666667
NODE_302365_length_178_cov_62.696203	51	131	2	80	80	1.0000000
NODE_302477_length_175_cov_116.684211	42	122	2	16	80	0.2000000
NODE_302477_length_175_cov_116.684211	42	122	4	64	80	0.8000000
NODE_302477_length_175_cov_116.684211	95	175	0	37	80	0.4625000
NODE_302477_length_175_cov_116.684211	95	175	2	32	80	0.4000000
NODE_302477_length_175_cov_116.684211	95	175	4	11	80	0.1375000
NODE_302482_length_175_cov_61.000000	81	121	14	1	40	0.0250000
NODE_302482_length_175_cov_61.000000	81	121	16	6	40	0.1500000
NODE_302482_length_175_cov_61.000000	81	121	18	4	40	0.1000000
NODE_302482_length_175_cov_61.000000	81	121	20	1	40	0.0250000
NODE_302482_length_175_cov_61.000000	81	121	22	4	40	0.1000000
NODE_302482_length_175_cov_61.000000	81	121	24	24	40	0.6000000
NODE_302538_length_174_cov_173.893333	53	93	26	2	40	0.0500000
NODE_302538_length_174_cov_173.893333	53	93	28	1	40	0.0250000
NODE_302538_length_174_cov_173.893333	53	93	30	37	40	0.9250000
NODE_302543_length_174_cov_50.346667	91	161	0	20	70	0.2857143
NODE_302543_length_174_cov_50.346667	91	161	2	2	70	0.0285714
NODE_302543_length_174_cov_50.346667	91	161	4	22	70	0.3142857
NODE_302543_length_174_cov_50.346667	91	161	6	14	70	0.2000000
NODE_302543_length_174_cov_50.346667	91	161	8	12	70	0.1714286
NODE_302590_length_173_cov_184.351351	62	126	14	2	64	0.0312500
NODE_302590_length_173_cov_184.351351	62	126	16	62	64	0.9687500
NODE_302590_length_173_cov_184.351351	62	126	14	2	64	0.0312500
NODE_302590_length_173_cov_184.351351	62	126	16	62	64	0.9687500
NODE_302590_length_173_cov_184.351351	62	126	14	2	64	0.0312500
NODE_302590_length_173_cov_184.351351	62	126	16	62	64	0.9687500
NODE_302590_length_173_cov_184.351351	62	126	14	2	64	0.0312500
NODE_302590_length_173_cov_184.351351	62	126	16	62	64	0.9687500
NODE_302590_length_173_cov_184.351351	99	165	5	3	66	0.0454545
NODE_302590_length_173_cov_184.351351	99	165	6	3	66	0.0454545
NODE_302590_length_173_cov_184.351351	99	165	8	17	66	0.2575758
NODE_302590_length_173_cov_184.351351	99	165	10	1	66	0.0151515
NODE_302590_length_173_cov_184.351351	99	165	12	7	66	0.1060606
NODE_302590_length_173_cov_184.351351	99	165	14	1	66	0.0151515
NODE_302590_length_173_cov_184.351351	99	165	15	3	66	0.0454545
NODE_302590_length_173_cov_184.351351	99	165	16	31	66	0.4696970
NODE_302590_length_173_cov_184.351351	99	170	5	8	71	0.1126761
NODE_302590_length_173_cov_184.351351	99	170	6	3	71	0.0422535
NODE_302590_length_173_cov_184.351351	99	170	8	17	71	0.2394366
NODE_302590_length_173_cov_184.351351	99	170	10	1	71	0.0140845
NODE_302590_length_173_cov_184.351351	99	170	12	7	71	0.0985916
NODE_302590_length_173_cov_184.351351	99	170	14	1	71	0.0140845
NODE_302590_length_173_cov_184.351351	99	170	15	3	71	0.0422535
NODE_302590_length_173_cov_184.351351	99	170	16	31	71	0.4366197
NODE_302590_length_173_cov_184.351351	115	173	3	1	58	0.0172414
NODE_302590_length_173_cov_184.351351	115	173	5	10	58	0.1724138
NODE_302590_length_173_cov_184.351351	115	173	6	3	58	0.0517241
NODE_302590_length_173_cov_184.351351	115	173	8	17	58	0.2931035
NODE_302590_length_173_cov_184.351351	115	173	10	1	58	0.0172414
NODE_302590_length_173_cov_184.351351	115	173	12	7	58	0.1206897
NODE_302590_length_173_cov_184.351351	115	173	14	1	58	0.0172414
NODE_302590_length_173_cov_184.351351	115	173	15	3	58	0.0517241
NODE_302590_length_173_cov_184.351351	115	173	16	15	58	0.2586207
NODE_302596_length_173_cov_58.472973	0	78	0	51	78	0.6538461
NODE_302596_length_173_cov_58.472973	0	78	1	1	78	0.0128205
NODE_302596_length_173_cov_58.472973	0	78	2	4	78	0.0512821
NODE_302596_length_173_cov_58.472973	0	78	4	22	78	0.2820513
NODE_302597_length_173_cov_57.148649	101	142	12	15	41	0.3658537
NODE_302597_length_173_cov_57.148649	101	142	14	16	41	0.3902439
NODE_302597_length_173_cov_57.148649	101	142	16	10	41	0.2439024
NODE_302597_length_173_cov_57.148649	109	173	0	1	64	0.0156250
NODE_302597_length_173_cov_57.148649	109	173	3	1	64	0.0156250
NODE_302597_length_173_cov_57.148649	109	173	4	9	64	0.1406250
NODE_302597_length_173_cov_57.148649	109	173	7	9	64	0.1406250
NODE_302597_length_173_cov_57.148649	109	173	8	2	64	0.0312500
NODE_302597_length_173_cov_57.148649	109	173	10	3	64	0.0468750
NODE_302597_length_173_cov_57.148649	109	173	12	21	64	0.3281250
NODE_302597_length_173_cov_57.148649	109	173	14	16	64	0.2500000
NODE_302597_length_173_cov_57.148649	109	173	16	2	64	0.0312500
NODE_302686_length_171_cov_218.666667	12	90	0	33	78	0.4230769
NODE_302686_length_171_cov_218.666667	12	90	2	45	78	0.5769231
NODE_302686_length_171_cov_218.666667	12	90	0	33	78	0.4230769
NODE_302686_length_171_cov_218.666667	12	90	2	45	78	0.5769231
NODE_302686_length_171_cov_218.666667	21	90	0	24	69	0.3478261
NODE_302686_length_171_cov_218.666667	21	90	2	45	69	0.6521739
NODE_302689_length_171_cov_110.194444	81	161	0	80	80	1.0000000
NODE_302689_length_171_cov_110.194444	81	152	0	71	71	1.0000000
NODE_302691_length_171_cov_86.013889	106	171	0	65	65	1.0000000
NODE_302697_length_171_cov_46.430556	0	59	1	3	59	0.0508475
NODE_302697_length_171_cov_46.430556	0	59	3	5	59	0.0847458
NODE_302697_length_171_cov_46.430556	0	59	5	2	59	0.0338983
NODE_302697_length_171_cov_46.430556	0	59	6	28	59	0.4745763
NODE_302697_length_171_cov_46.430556	0	59	8	21	59	0.3559322
NODE_302697_length_171_cov_46.430556	32	98	6	6	66	0.0909091
NODE_302697_length_171_cov_46.430556	32	98	8	21	66	0.3181818
NODE_302697_length_171_cov_46.430556	32	98	10	39	66	0.5909091
NODE_302700_length_171_cov_40.069444	13	87	0	74	74	1.0000000
NODE_302702_length_171_cov_33.319444	84	158	2	18	74	0.2432432
NODE_302702_length_171_cov_33.319444	84	158	4	56	74	0.7567568
NODE_302764_length_170_cov_217.422535	10	90	6	4	80	0.0500000
NODE_302764_length_170_cov_217.422535	10	90	7	3	80	0.0375000
NODE_302764_length_170_cov_217.422535	10	90	9	1	80	0.0125000
NODE_302764_length_170_cov_217.422535	10	90	11	2	80	0.0250000
NODE_302764_length_170_cov_217.422535	10	90	13	3	80	0.0375000
NODE_302764_length_170_cov_217.422535	10	90	14	24	80	0.3000000
NODE_302764_length_170_cov_217.422535	10	90	18	10	80	0.1250000
NODE_302764_length_170_cov_217.422535	10	90	20	33	80	0.4125000
NODE_302764_length_170_cov_217.422535	10	90	6	4	80	0.0500000
NODE_302764_length_170_cov_217.422535	10	90	7	3	80	0.0375000
NODE_302764_length_170_cov_217.422535	10	90	9	1	80	0.0125000
NODE_302764_length_170_cov_217.422535	10	90	11	2	80	0.0250000
NODE_302764_length_170_cov_217.422535	10	90	13	3	80	0.0375000
NODE_302764_length_170_cov_217.422535	10	90	14	24	80	0.3000000
NODE_302764_length_170_cov_217.422535	10	90	18	10	80	0.1250000
NODE_302764_length_170_cov_217.422535	10	90	20	33	80	0.4125000
NODE_302764_length_170_cov_217.422535	10	90	6	4	80	0.0500000
NODE_302764_length_170_cov_217.422535	10	90	7	3	80	0.0375000
NODE_302764_length_170_cov_217.422535	10	90	9	1	80	0.0125000
NODE_302764_length_170_cov_217.422535	10	90	11	2	80	0.0250000
NODE_302764_length_170_cov_217.422535	10	90	13	3	80	0.0375000
NODE_302764_length_170_cov_217.422535	10	90	14	24	80	0.3000000
NODE_302764_length_170_cov_217.422535	10	90	18	10	80	0.1250000
NODE_302764_length_170_cov_217.422535	10	90	20	33	80	0.4125000
NODE_302764_length_170_cov_217.422535	10	90	6	4	80	0.0500000
NODE_302764_length_170_cov_217.422535	10	90	7	3	80	0.0375000
NODE_302764_length_170_cov_217.422535	10	90	9	1	80	0.0125000
NODE_302764_length_170_cov_217.422535	10	90	11	2	80	0.0250000
NODE_302764_length_170_cov_217.422535	10	90	13	3	80	0.0375000
NODE_302764_length_170_cov_217.422535	10	90	14	24	80	0.3000000
NODE_302764_length_170_cov_217.422535	10	90	18	10	80	0.1250000
NODE_302764_length_170_cov_217.422535	10	90	20	33	80	0.4125000
NODE_302764_length_170_cov_217.422535	10	90	6	4	80	0.0500000
NODE_302764_length_170_cov_217.422535	10	90	7	3	80	0.0375000
NODE_302764_length_170_cov_217.422535	10	90	9	1	80	0.0125000
NODE_302764_length_170_cov_217.422535	10	90	11	2	80	0.0250000
NODE_302764_length_170_cov_217.422535	10	90	13	3	80	0.0375000
NODE_302764_length_170_cov_217.422535	10	90	14	24	80	0.3000000
NODE_302764_length_170_cov_217.422535	10	90	18	10	80	0.1250000
NODE_302764_length_170_cov_217.422535	10	90	20	33	80	0.4125000
NODE_302764_length_170_cov_217.422535	19	90	11	1	71	0.0140845
NODE_302764_length_170_cov_217.422535	19	90	13	3	71	0.0422535
NODE_302764_length_170_cov_217.422535	19	90	14	24	71	0.3380282
NODE_302764_length_170_cov_217.422535	19	90	18	10	71	0.1408451
NODE_302764_length_170_cov_217.422535	19	90	20	33	71	0.4647887
NODE_302764_length_170_cov_217.422535	63	126	16	5	63	0.0793651
NODE_302764_length_170_cov_217.422535	63	126	18	7	63	0.1111111
NODE_302764_length_170_cov_217.422535	63	126	20	51	63	0.8095238
NODE_302764_length_170_cov_217.422535	63	126	16	5	63	0.0793651
NODE_302764_length_170_cov_217.422535	63	126	18	7	63	0.1111111
NODE_302764_length_170_cov_217.422535	63	126	20	51	63	0.8095238
NODE_302768_length_170_cov_102.816901	23	86	2	4	63	0.0634921
NODE_302768_length_170_cov_102.816901	23	86	3	21	63	0.3333333
NODE_302768_length_170_cov_102.816901	23	86	4	38	63	0.6031746
NODE_302806_length_169_cov_47.757143	70	150	4	2	80	0.0250000
NODE_302806_length_169_cov_47.757143	70	150	5	2	80	0.0250000
NODE_302806_length_169_cov_47.757143	70	150	7	1	80	0.0125000
NODE_302806_length_169_cov_47.757143	70	150	8	2	80	0.0250000
NODE_302806_length_169_cov_47.757143	70	150	10	11	80	0.1375000
NODE_302806_length_169_cov_47.757143	70	150	11	4	80	0.0500000
NODE_302806_length_169_cov_47.757143	70	150	12	58	80	0.7250000
NODE_302869_length_168_cov_10.391304	66	99	2	33	33	1.0000000
NODE_302869_length_168_cov_10.391304	135	168	1	30	33	0.9090909
NODE_302869_length_168_cov_10.391304	135	168	2	3	33	0.0909091
NODE_302966_length_166_cov_401.149254	31	109	9	78	78	1.0000000
NODE_302966_length_166_cov_401.149254	82	157	2	9	75	0.1200000
NODE_302966_length_166_cov_401.149254	82	157	3	5	75	0.0666667
NODE_302966_length_166_cov_401.149254	82	157	5	3	75	0.0400000
NODE_302966_length_166_cov_401.149254	82	157	7	25	75	0.3333333
NODE_302966_length_166_cov_401.149254	82	157	9	33	75	0.4400000
NODE_302974_length_166_cov_123.223881	46	97	0	51	51	1.0000000
NODE_303071_length_164_cov_154.076923	0	75	0	75	75	1.0000000
NODE_303071_length_164_cov_154.076923	48	128	0	80	80	1.0000000
NODE_303074_length_164_cov_69.369231	0	64	0	64	64	1.0000000
NODE_303079_length_164_cov_43.923077	36	100	0	64	64	1.0000000
NODE_303079_length_164_cov_43.923077	36	100	0	64	64	1.0000000
NODE_303079_length_164_cov_43.923077	73	153	0	80	80	1.0000000
NODE_303079_length_164_cov_43.923077	73	153	0	80	80	1.0000000
NODE_303079_length_164_cov_43.923077	73	153	0	80	80	1.0000000
NODE_303079_length_164_cov_43.923077	73	153	0	80	80	1.0000000
NODE_303079_length_164_cov_43.923077	73	153	0	80	80	1.0000000
NODE_303079_length_164_cov_43.923077	73	144	0	71	71	1.0000000
NODE_303135_length_163_cov_480.593750	0	40	2	7	40	0.1750000
NODE_303135_length_163_cov_480.593750	0	40	4	14	40	0.3500000
NODE_303135_length_163_cov_480.593750	0	40	6	2	40	0.0500000
NODE_303135_length_163_cov_480.593750	0	40	8	12	40	0.3000000
NODE_303135_length_163_cov_480.593750	0	40	10	5	40	0.1250000
NODE_303136_length_163_cov_368.000000	24	96	2	11	72	0.1527778
NODE_303136_length_163_cov_368.000000	24	96	4	61	72	0.8472222
NODE_303138_length_163_cov_319.843750	0	68	0	16	68	0.2352941
NODE_303138_length_163_cov_319.843750	0	68	1	2	68	0.0294118
NODE_303138_length_163_cov_319.843750	0	68	3	8	68	0.1176471
NODE_303138_length_163_cov_319.843750	0	68	5	42	68	0.6176471
NODE_303139_length_163_cov_198.078125	34	109	4	75	75	1.0000000
NODE_303139_length_163_cov_198.078125	34	114	4	80	80	1.0000000
NODE_303139_length_163_cov_198.078125	35	110	4	75	75	1.0000000
NODE_303139_length_163_cov_198.078125	87	163	0	18	76	0.2368421
NODE_303139_length_163_cov_198.078125	87	163	2	31	76	0.4078947
NODE_303139_length_163_cov_198.078125	87	163	4	27	76	0.3552631
NODE_303139_length_163_cov_198.078125	87	163	0	18	76	0.2368421
NODE_303139_length_163_cov_198.078125	87	163	2	31	76	0.4078947
NODE_303139_length_163_cov_198.078125	87	163	4	27	76	0.3552631
NODE_303139_length_163_cov_198.078125	87	163	0	18	76	0.2368421
NODE_303139_length_163_cov_198.078125	87	163	2	31	76	0.4078947
NODE_303139_length_163_cov_198.078125	87	163	4	27	76	0.3552631
NODE_303231_length_162_cov_421.047619	7	56	2	2	49	0.0408163
NODE_303231_length_162_cov_421.047619	7	56	4	6	49	0.1224490
NODE_303231_length_162_cov_421.047619	7	56	6	9	49	0.1836735
NODE_303231_length_162_cov_421.047619	7	56	7	5	49	0.1020408
NODE_303231_length_162_cov_421.047619	7	56	9	3	49	0.0612245
NODE_303231_length_162_cov_421.047619	7	56	11	5	49	0.1020408
NODE_303231_length_162_cov_421.047619	7	56	13	8	49	0.1632653
NODE_303231_length_162_cov_421.047619	7	56	14	11	49	0.2244898
NODE_303231_length_162_cov_421.047619	29	90	9	3	61	0.0491803
NODE_303231_length_162_cov_421.047619	29	90	11	5	61	0.0819672
NODE_303231_length_162_cov_421.047619	29	90	13	8	61	0.1311475
NODE_303231_length_162_cov_421.047619	29	90	14	45	61	0.7377049
NODE_303231_length_162_cov_421.047619	29	92	9	3	63	0.0476190
NODE_303231_length_162_cov_421.047619	29	92	11	5	63	0.0793651
NODE_303231_length_162_cov_421.047619	29	92	13	8	63	0.1269841
NODE_303231_length_162_cov_421.047619	29	92	14	47	63	0.7460318
NODE_303231_length_162_cov_421.047619	29	92	9	3	63	0.0476190
NODE_303231_length_162_cov_421.047619	29	92	11	5	63	0.0793651
NODE_303231_length_162_cov_421.047619	29	92	13	8	63	0.1269841
NODE_303231_length_162_cov_421.047619	29	92	14	47	63	0.7460318
NODE_303231_length_162_cov_421.047619	29	92	9	3	63	0.0476190
NODE_303231_length_162_cov_421.047619	29	92	11	5	63	0.0793651
NODE_303231_length_162_cov_421.047619	29	92	13	8	63	0.1269841
NODE_303231_length_162_cov_421.047619	29	92	14	47	63	0.7460318
NODE_303250_length_162_cov_45.380952	63	127	0	13	64	0.2031250
NODE_303250_length_162_cov_45.380952	63	127	2	51	64	0.7968750
NODE_303250_length_162_cov_45.380952	63	127	0	13	64	0.2031250
NODE_303250_length_162_cov_45.380952	63	127	2	51	64	0.7968750
NODE_303250_length_162_cov_45.380952	100	162	0	48	62	0.7741935
NODE_303250_length_162_cov_45.380952	100	162	2	14	62	0.2258064
NODE_303301_length_161_cov_1483.177419	51	131	32	6	80	0.0750000
NODE_303301_length_161_cov_1483.177419	51	131	34	14	80	0.1750000
NODE_303301_length_161_cov_1483.177419	51	131	36	8	80	0.1000000
NODE_303301_length_161_cov_1483.177419	51	131	38	52	80	0.6500000
NODE_303301_length_161_cov_1483.177419	104	161	7	2	57	0.0350877
NODE_303301_length_161_cov_1483.177419	104	161	9	3	57	0.0526316
NODE_303301_length_161_cov_1483.177419	104	161	12	1	57	0.0175439
NODE_303301_length_161_cov_1483.177419	104	161	15	1	57	0.0175439
NODE_303301_length_161_cov_1483.177419	104	161	17	7	57	0.1228070
NODE_303301_length_161_cov_1483.177419	104	161	19	1	57	0.0175439
NODE_303301_length_161_cov_1483.177419	104	161	21	3	57	0.0526316
NODE_303301_length_161_cov_1483.177419	104	161	23	1	57	0.0175439
NODE_303301_length_161_cov_1483.177419	104	161	26	5	57	0.0877193
NODE_303301_length_161_cov_1483.177419	104	161	28	1	57	0.0175439
NODE_303301_length_161_cov_1483.177419	104	161	32	11	57	0.1929825
NODE_303301_length_161_cov_1483.177419	104	161	34	14	57	0.2456140
NODE_303301_length_161_cov_1483.177419	104	161	36	7	57	0.1228070
NODE_303312_length_161_cov_71.500000	33	110	0	13	77	0.1688312
NODE_303312_length_161_cov_71.500000	33	110	2	64	77	0.8311688
NODE_303312_length_161_cov_71.500000	33	110	0	13	77	0.1688312
NODE_303312_length_161_cov_71.500000	33	110	2	64	77	0.8311688
NODE_303312_length_161_cov_71.500000	33	110	0	13	77	0.1688312
NODE_303312_length_161_cov_71.500000	33	110	2	64	77	0.8311688
NODE_303312_length_161_cov_71.500000	33	110	0	13	77	0.1688312
NODE_303312_length_161_cov_71.500000	33	110	2	64	77	0.8311688
NODE_303312_length_161_cov_71.500000	83	149	2	66	66	1.0000000
NODE_303312_length_161_cov_71.500000	83	161	0	5	78	0.0641026
NODE_303312_length_161_cov_71.500000	83	161	2	73	78	0.9358974
NODE_303312_length_161_cov_71.500000	86	161	0	5	75	0.0666667
NODE_303312_length_161_cov_71.500000	86	161	2	70	75	0.9333333
NODE_303312_length_161_cov_71.500000	86	161	0	5	75	0.0666667
NODE_303312_length_161_cov_71.500000	86	161	2	70	75	0.9333333
NODE_303312_length_161_cov_71.500000	88	161	0	5	73	0.0684932
NODE_303312_length_161_cov_71.500000	88	161	2	68	73	0.9315069
NODE_303321_length_161_cov_29.758065	0	80	0	80	80	1.0000000
NODE_303381_length_160_cov_143.573770	45	125	0	80	80	1.0000000
NODE_303381_length_160_cov_143.573770	93	160	0	67	67	1.0000000
NODE_303381_length_160_cov_143.573770	98	120	0	22	22	1.0000000
NODE_303388_length_160_cov_58.245902	0	45	0	19	45	0.4222222
NODE_303388_length_160_cov_58.245902	0	45	2	26	45	0.5777778
NODE_303431_length_159_cov_182.016667	71	156	0	6	85	0.0705882
NODE_303431_length_159_cov_182.016667	71	156	1	24	85	0.2823530
NODE_303431_length_159_cov_182.016667	71	156	2	55	85	0.6470588
NODE_303431_length_159_cov_182.016667	71	156	0	6	85	0.0705882
NODE_303431_length_159_cov_182.016667	71	156	1	24	85	0.2823530
NODE_303431_length_159_cov_182.016667	71	156	2	55	85	0.6470588
NODE_303431_length_159_cov_182.016667	71	156	0	6	85	0.0705882
NODE_303431_length_159_cov_182.016667	71	156	1	24	85	0.2823530
NODE_303431_length_159_cov_182.016667	71	156	2	55	85	0.6470588
NODE_303440_length_159_cov_85.750000	0	43	0	7	43	0.1627907
NODE_303440_length_159_cov_85.750000	0	43	2	17	43	0.3953488
NODE_303440_length_159_cov_85.750000	0	43	4	19	43	0.4418605
NODE_303440_length_159_cov_85.750000	16	97	2	8	81	0.0987654
NODE_303440_length_159_cov_85.750000	16	97	4	73	81	0.9012346
NODE_303440_length_159_cov_85.750000	65	145	0	9	80	0.1125000
NODE_303440_length_159_cov_85.750000	65	145	2	24	80	0.3000000
NODE_303440_length_159_cov_85.750000	65	145	4	47	80	0.5875000
NODE_303440_length_159_cov_85.750000	70	92	4	22	22	1.0000000
NODE_303546_length_158_cov_119.813559	34	77	4	43	43	1.0000000
NODE_303546_length_158_cov_119.813559	78	113	4	35	35	1.0000000
NODE_303546_length_158_cov_119.813559	123	158	1	16	35	0.4571429
NODE_303546_length_158_cov_119.813559	123	158	3	10	35	0.2857143
NODE_303546_length_158_cov_119.813559	123	158	4	9	35	0.2571429
NODE_303552_length_158_cov_70.135593	5	82	0	77	77	1.0000000
NODE_303552_length_158_cov_70.135593	5	82	0	77	77	1.0000000
NODE_303552_length_158_cov_70.135593	81	155	0	74	74	1.0000000
NODE_303555_length_158_cov_63.559322	80	151	0	11	71	0.1549296
NODE_303555_length_158_cov_63.559322	80	151	2	60	71	0.8450704
NODE_303556_length_158_cov_61.203390	2	66	4	7	64	0.1093750
NODE_303556_length_158_cov_61.203390	2	66	6	57	64	0.8906250
NODE_303556_length_158_cov_61.203390	2	66	4	7	64	0.1093750
NODE_303556_length_158_cov_61.203390	2	66	6	57	64	0.8906250
NODE_303556_length_158_cov_61.203390	2	66	4	7	64	0.1093750
NODE_303556_length_158_cov_61.203390	2	66	6	57	64	0.8906250
NODE_303556_length_158_cov_61.203390	39	119	4	5	80	0.0625000
NODE_303556_length_158_cov_61.203390	39	119	6	75	80	0.9375000
NODE_303563_length_158_cov_40.271186	43	107	2	64	64	1.0000000
NODE_303563_length_158_cov_40.271186	80	151	0	34	71	0.4788733
NODE_303563_length_158_cov_40.271186	80	151	2	37	71	0.5211267
NODE_303566_length_158_cov_29.661017	0	61	0	61	61	1.0000000
NODE_303566_length_158_cov_29.661017	34	64	0	30	30	1.0000000
NODE_303605_length_157_cov_1488.586207	57	138	6	7	81	0.0864198
NODE_303605_length_157_cov_1488.586207	57	138	8	5	81	0.0617284
NODE_303605_length_157_cov_1488.586207	57	138	10	3	81	0.0370370
NODE_303605_length_157_cov_1488.586207	57	138	12	11	81	0.1358025
NODE_303605_length_157_cov_1488.586207	57	138	14	1	81	0.0123457
NODE_303605_length_157_cov_1488.586207	57	138	16	54	81	0.6666667
NODE_303605_length_157_cov_1488.586207	111	157	0	9	46	0.1956522
NODE_303605_length_157_cov_1488.586207	111	157	2	4	46	0.0869565
NODE_303605_length_157_cov_1488.586207	111	157	4	5	46	0.1086956
NODE_303605_length_157_cov_1488.586207	111	157	6	8	46	0.1739130
NODE_303605_length_157_cov_1488.586207	111	157	8	5	46	0.1086956
NODE_303605_length_157_cov_1488.586207	111	157	10	3	46	0.0652174
NODE_303605_length_157_cov_1488.586207	111	157	12	11	46	0.2391304
NODE_303605_length_157_cov_1488.586207	111	157	14	1	46	0.0217391
NODE_303606_length_157_cov_295.896552	32	78	2	15	46	0.3260870
NODE_303606_length_157_cov_295.896552	32	78	4	31	46	0.6739131
NODE_303608_length_157_cov_161.689655	0	59	0	36	59	0.6101695
NODE_303608_length_157_cov_161.689655	0	59	2	16	59	0.2711864
NODE_303608_length_157_cov_161.689655	0	59	4	7	59	0.1186441
NODE_303608_length_157_cov_161.689655	0	59	0	36	59	0.6101695
NODE_303608_length_157_cov_161.689655	0	59	2	16	59	0.2711864
NODE_303608_length_157_cov_161.689655	0	59	4	7	59	0.1186441
NODE_303608_length_157_cov_161.689655	55	135	2	10	80	0.1250000
NODE_303608_length_157_cov_161.689655	55	135	4	70	80	0.8750000
NODE_303608_length_157_cov_161.689655	55	135	2	10	80	0.1250000
NODE_303608_length_157_cov_161.689655	55	135	4	70	80	0.8750000
NODE_303608_length_157_cov_161.689655	108	157	0	14	49	0.2857143
NODE_303608_length_157_cov_161.689655	108	157	2	18	49	0.3673469
NODE_303608_length_157_cov_161.689655	108	157	4	17	49	0.3469388
NODE_303608_length_157_cov_161.689655	113	157	0	14	44	0.3181818
NODE_303608_length_157_cov_161.689655	113	157	2	18	44	0.4090909
NODE_303608_length_157_cov_161.689655	113	157	4	12	44	0.2727273
NODE_303677_length_156_cov_100.491228	0	41	0	41	41	1.0000000
NODE_303677_length_156_cov_100.491228	21	94	0	73	73	1.0000000
NODE_303688_length_156_cov_37.368421	24	81	0	2	57	0.0350877
NODE_303688_length_156_cov_37.368421	24	81	2	3	57	0.0526316
NODE_303688_length_156_cov_37.368421	24	81	4	52	57	0.9122807
NODE_303688_length_156_cov_37.368421	54	134	4	80	80	1.0000000
NODE_303700_length_156_cov_9.543860	2	48	0	46	46	1.0000000
NODE_303700_length_156_cov_9.543860	59	105	0	46	46	1.0000000
NODE_303752_length_155_cov_56.750000	27	102	0	75	75	1.0000000
NODE_303752_length_155_cov_56.750000	80	155	0	75	75	1.0000000
NODE_304022_length_153_cov_0.944444	5	48	0	43	43	1.0000000
NODE_304022_length_153_cov_0.944444	37	86	0	49	49	1.0000000
NODE_304022_length_153_cov_0.944444	59	102	0	43	43	1.0000000
NODE_304022_length_153_cov_0.944444	91	140	0	49	49	1.0000000
NODE_304022_length_153_cov_0.944444	113	153	0	40	40	1.0000000
NODE_304027_length_152_cov_195.396226	9	89	0	80	80	1.0000000
NODE_304027_length_152_cov_195.396226	9	89	0	80	80	1.0000000
NODE_304027_length_152_cov_195.396226	85	149	0	64	64	1.0000000
NODE_304027_length_152_cov_195.396226	85	152	0	67	67	1.0000000
NODE_304027_length_152_cov_195.396226	85	152	0	67	67	1.0000000
NODE_304027_length_152_cov_195.396226	85	152	0	67	67	1.0000000
NODE_304030_length_152_cov_68.094340	99	150	2	10	51	0.1960784
NODE_304030_length_152_cov_68.094340	99	150	3	41	51	0.8039216
NODE_304112_length_151_cov_541.615385	19	88	0	14	69	0.2028985
NODE_304112_length_151_cov_541.615385	19	88	2	55	69	0.7971014
NODE_304112_length_151_cov_541.615385	72	149	0	15	77	0.1948052
NODE_304112_length_151_cov_541.615385	72	149	2	62	77	0.8051948
NODE_304229_length_150_cov_88.647059	51	102	0	51	51	1.0000000
NODE_304472_length_148_cov_34.183673	23	99	9	4	76	0.0526316
NODE_304472_length_148_cov_34.183673	23	99	11	5	76	0.0657895
NODE_304472_length_148_cov_34.183673	23	99	13	1	76	0.0131579
NODE_304472_length_148_cov_34.183673	23	99	15	2	76	0.0263158
NODE_304472_length_148_cov_34.183673	23	99	17	64	76	0.8421053
NODE_304570_length_147_cov_472.354167	0	55	0	3	55	0.0545455
NODE_304570_length_147_cov_472.354167	0	55	2	21	55	0.3818182
NODE_304570_length_147_cov_472.354167	0	55	4	31	55	0.5636364
NODE_304570_length_147_cov_472.354167	12	89	2	12	77	0.1558442
NODE_304570_length_147_cov_472.354167	12	89	4	65	77	0.8441558
NODE_304570_length_147_cov_472.354167	65	137	4	72	72	1.0000000
NODE_304572_length_147_cov_229.729167	7	56	0	20	49	0.4081633
NODE_304572_length_147_cov_229.729167	7	56	2	29	49	0.5918368
NODE_304572_length_147_cov_229.729167	29	93	2	64	64	1.0000000
NODE_304572_length_147_cov_229.729167	29	93	2	64	64	1.0000000
NODE_304572_length_147_cov_229.729167	29	93	2	64	64	1.0000000
NODE_304573_length_147_cov_213.770833	37	117	0	80	80	1.0000000
NODE_304573_length_147_cov_213.770833	90	146	0	56	56	1.0000000
NODE_304697_length_146_cov_182.893617	1	60	2	10	59	0.1694915
NODE_304697_length_146_cov_182.893617	1	60	3	6	59	0.1016949
NODE_304697_length_146_cov_182.893617	1	60	4	43	59	0.7288136
NODE_304697_length_146_cov_182.893617	34	60	4	26	26	1.0000000
NODE_304697_length_146_cov_182.893617	113	144	3	9	31	0.2903226
NODE_304697_length_146_cov_182.893617	113	144	4	22	31	0.7096774
NODE_304698_length_146_cov_152.808511	0	69	0	69	69	1.0000000
NODE_304698_length_146_cov_152.808511	42	122	0	80	80	1.0000000
NODE_304703_length_146_cov_89.808511	0	53	0	53	53	1.0000000
NODE_304703_length_146_cov_89.808511	26	106	0	80	80	1.0000000
NODE_304703_length_146_cov_89.808511	74	146	0	72	72	1.0000000
NODE_304703_length_146_cov_89.808511	79	101	0	22	22	1.0000000
NODE_304707_length_146_cov_57.446809	44	124	0	80	80	1.0000000
NODE_304708_length_146_cov_54.106383	0	69	0	69	69	1.0000000
NODE_304708_length_146_cov_54.106383	42	122	0	80	80	1.0000000
NODE_304710_length_146_cov_46.765957	3	83	0	80	80	1.0000000
NODE_304710_length_146_cov_46.765957	3	83	0	80	80	1.0000000
NODE_304710_length_146_cov_46.765957	3	83	0	80	80	1.0000000
NODE_304710_length_146_cov_46.765957	3	83	0	80	80	1.0000000
NODE_304710_length_146_cov_46.765957	3	83	0	80	80	1.0000000
NODE_304710_length_146_cov_46.765957	12	83	0	71	71	1.0000000
NODE_304710_length_146_cov_46.765957	56	136	0	80	80	1.0000000
NODE_304710_length_146_cov_46.765957	56	136	0	80	80	1.0000000
NODE_304711_length_146_cov_44.021277	0	69	0	69	69	1.0000000
NODE_304711_length_146_cov_44.021277	42	122	0	80	80	1.0000000
NODE_304798_length_145_cov_1385.413043	0	69	4	6	69	0.0869565
NODE_304798_length_145_cov_1385.413043	0	69	6	4	69	0.0579710
NODE_304798_length_145_cov_1385.413043	0	69	8	12	69	0.1739130
NODE_304798_length_145_cov_1385.413043	0	69	10	4	69	0.0579710
NODE_304798_length_145_cov_1385.413043	0	69	12	2	69	0.0289855
NODE_304798_length_145_cov_1385.413043	0	69	14	41	69	0.5942029
NODE_304798_length_145_cov_1385.413043	42	122	8	7	80	0.0875000
NODE_304798_length_145_cov_1385.413043	42	122	10	1	80	0.0125000
NODE_304798_length_145_cov_1385.413043	42	122	12	6	80	0.0750000
NODE_304798_length_145_cov_1385.413043	42	122	14	66	80	0.8250000
NODE_304799_length_145_cov_880.369565	56	120	4	12	64	0.1875000
NODE_304799_length_145_cov_880.369565	56	120	6	52	64	0.8125000
NODE_304799_length_145_cov_880.369565	56	120	4	12	64	0.1875000
NODE_304799_length_145_cov_880.369565	56	120	6	52	64	0.8125000
NODE_304799_length_145_cov_880.369565	56	120	4	12	64	0.1875000
NODE_304799_length_145_cov_880.369565	56	120	6	52	64	0.8125000
NODE_304799_length_145_cov_880.369565	93	142	0	4	49	0.0816327
NODE_304799_length_145_cov_880.369565	93	142	2	4	49	0.0816327
NODE_304799_length_145_cov_880.369565	93	142	4	26	49	0.5306122
NODE_304799_length_145_cov_880.369565	93	142	6	15	49	0.3061225
NODE_304923_length_144_cov_46.155556	1	81	0	80	80	1.0000000
NODE_305208_length_142_cov_244.488372	0	52	0	20	52	0.3846154
NODE_305208_length_142_cov_244.488372	0	52	2	32	52	0.6153846
NODE_305229_length_142_cov_46.976744	1	65	0	20	64	0.3125000
NODE_305229_length_142_cov_46.976744	1	65	2	12	64	0.1875000
NODE_305229_length_142_cov_46.976744	1	65	4	32	64	0.5000000
NODE_305229_length_142_cov_46.976744	1	65	0	20	64	0.3125000
NODE_305229_length_142_cov_46.976744	1	65	2	12	64	0.1875000
NODE_305229_length_142_cov_46.976744	1	65	4	32	64	0.5000000
NODE_305229_length_142_cov_46.976744	1	65	0	20	64	0.3125000
NODE_305229_length_142_cov_46.976744	1	65	2	12	64	0.1875000
NODE_305229_length_142_cov_46.976744	1	65	4	32	64	0.5000000
NODE_305230_length_142_cov_45.000000	0	69	0	69	69	1.0000000
NODE_305385_length_141_cov_178.785714	58	118	2	60	60	1.0000000
NODE_305398_length_141_cov_62.285714	26	106	0	80	80	1.0000000
NODE_305398_length_141_cov_62.285714	26	106	0	80	80	1.0000000
NODE_305398_length_141_cov_62.285714	26	97	0	71	71	1.0000000
NODE_305402_length_141_cov_41.142857	26	97	0	71	71	1.0000000
NODE_305600_length_140_cov_60.439024	8	88	2	80	80	1.0000000
NODE_305600_length_140_cov_60.439024	8	88	2	80	80	1.0000000
NODE_305600_length_140_cov_60.439024	8	88	2	80	80	1.0000000
NODE_305600_length_140_cov_60.439024	8	88	2	80	80	1.0000000
NODE_305600_length_140_cov_60.439024	8	88	2	80	80	1.0000000
NODE_305616_length_140_cov_35.146341	22	102	0	80	80	1.0000000
NODE_305616_length_140_cov_35.146341	75	105	0	30	30	1.0000000
NODE_305618_length_140_cov_34.048780	0	77	0	77	77	1.0000000
NODE_305618_length_140_cov_34.048780	0	77	0	77	77	1.0000000
NODE_305618_length_140_cov_34.048780	50	130	0	80	80	1.0000000
NODE_305618_length_140_cov_34.048780	50	130	0	80	80	1.0000000
NODE_305618_length_140_cov_34.048780	55	130	0	75	75	1.0000000
NODE_305619_length_140_cov_19.926829	44	118	0	74	74	1.0000000
NODE_305783_length_139_cov_29.700000	0	40	0	40	40	1.0000000
NODE_305783_length_139_cov_29.700000	0	40	0	40	40	1.0000000
NODE_305783_length_139_cov_29.700000	13	93	0	80	80	1.0000000
NODE_305783_length_139_cov_29.700000	13	93	0	80	80	1.0000000
NODE_305783_length_139_cov_29.700000	13	93	0	80	80	1.0000000
NODE_305783_length_139_cov_29.700000	13	93	0	80	80	1.0000000
NODE_305783_length_139_cov_29.700000	13	93	0	80	80	1.0000000
NODE_305783_length_139_cov_29.700000	13	84	0	71	71	1.0000000
NODE_305936_length_138_cov_1475.615385	30	97	7	67	67	1.0000000
NODE_305936_length_138_cov_1475.615385	70	138	6	7	68	0.1029412
NODE_305936_length_138_cov_1475.615385	70	138	7	61	68	0.8970588
NODE_305963_length_138_cov_29.564103	11	91	0	80	80	1.0000000
NODE_305963_length_138_cov_29.564103	11	91	0	80	80	1.0000000
NODE_305963_length_138_cov_29.564103	64	128	0	64	64	1.0000000
NODE_305963_length_138_cov_29.564103	64	128	0	64	64	1.0000000
NODE_306081_length_137_cov_185.684211	20	104	2	84	84	1.0000000
NODE_306092_length_137_cov_58.289474	76	106	6	30	30	1.0000000
NODE_306099_length_137_cov_36.473684	31	111	2	80	80	1.0000000
NODE_306208_length_136_cov_1257.621622	27	107	4	80	80	1.0000000
NODE_306209_length_136_cov_769.594595	0	69	0	69	69	1.0000000
NODE_306222_length_136_cov_128.324324	39	119	0	80	80	1.0000000
NODE_306227_length_136_cov_90.783784	10	86	0	13	76	0.1710526
NODE_306227_length_136_cov_90.783784	10	86	2	63	76	0.8289474
NODE_306227_length_136_cov_90.783784	59	136	0	11	77	0.1428571
NODE_306227_length_136_cov_90.783784	59	136	1	17	77	0.2207792
NODE_306227_length_136_cov_90.783784	59	136	2	49	77	0.6363636
NODE_306368_length_135_cov_2144.166667	0	73	4	27	73	0.3698630
NODE_306368_length_135_cov_2144.166667	0	73	6	2	73	0.0273973
NODE_306368_length_135_cov_2144.166667	0	73	8	44	73	0.6027398
NODE_306368_length_135_cov_2144.166667	46	126	4	1	80	0.0125000
NODE_306368_length_135_cov_2144.166667	46	126	6	3	80	0.0375000
NODE_306368_length_135_cov_2144.166667	46	126	8	76	80	0.9500000
NODE_306368_length_135_cov_2144.166667	83	135	0	2	52	0.0384615
NODE_306368_length_135_cov_2144.166667	83	135	4	8	52	0.1538462
NODE_306368_length_135_cov_2144.166667	83	135	6	3	52	0.0576923
NODE_306368_length_135_cov_2144.166667	83	135	8	39	52	0.7500000
NODE_306370_length_135_cov_630.194444	0	76	0	3	76	0.0394737
NODE_306370_length_135_cov_630.194444	0	76	2	6	76	0.0789474
NODE_306370_length_135_cov_630.194444	0	76	4	67	76	0.8815789
NODE_306371_length_135_cov_540.611111	0	76	0	9	76	0.1184211
NODE_306371_length_135_cov_540.611111	0	76	2	3	76	0.0394737
NODE_306371_length_135_cov_540.611111	0	76	3	1	76	0.0131579
NODE_306371_length_135_cov_540.611111	0	76	4	63	76	0.8289474
NODE_306373_length_135_cov_257.416667	36	88	6	52	52	1.0000000
NODE_306374_length_135_cov_239.638889	97	135	0	2	38	0.0526316
NODE_306374_length_135_cov_239.638889	97	135	2	18	38	0.4736842
NODE_306374_length_135_cov_239.638889	97	135	4	1	38	0.0263158
NODE_306374_length_135_cov_239.638889	97	135	6	2	38	0.0526316
NODE_306374_length_135_cov_239.638889	97	135	10	15	38	0.3947369
NODE_306400_length_135_cov_35.055556	8	88	0	80	80	1.0000000
NODE_306400_length_135_cov_35.055556	61	125	0	64	64	1.0000000
NODE_306400_length_135_cov_35.055556	61	125	0	64	64	1.0000000
NODE_306402_length_135_cov_31.805556	0	76	0	76	76	1.0000000
NODE_306658_length_133_cov_140.411765	8	43	2	1	35	0.0285714
NODE_306658_length_133_cov_140.411765	8	43	4	16	35	0.4571429
NODE_306658_length_133_cov_140.411765	8	43	6	18	35	0.5142857
NODE_306658_length_133_cov_140.411765	53	88	6	35	35	1.0000000
NODE_306658_length_133_cov_140.411765	98	133	2	10	35	0.2857143
NODE_306658_length_133_cov_140.411765	98	133	4	8	35	0.2285714
NODE_306658_length_133_cov_140.411765	98	133	6	17	35	0.4857143
NODE_306661_length_133_cov_109.441176	63	129	0	66	66	1.0000000
NODE_306812_length_132_cov_114.151515	2	44	0	42	42	1.0000000
NODE_306812_length_132_cov_114.151515	4	44	0	40	40	1.0000000
NODE_306812_length_132_cov_114.151515	17	83	0	66	66	1.0000000
NODE_306812_length_132_cov_114.151515	17	88	0	71	71	1.0000000
NODE_306824_length_132_cov_61.636364	3	76	2	73	73	1.0000000
NODE_306824_length_132_cov_61.636364	49	130	0	12	81	0.1481481
NODE_306824_length_132_cov_61.636364	49	130	2	69	81	0.8518519
NODE_306824_length_132_cov_61.636364	103	125	0	7	22	0.3181818
NODE_306824_length_132_cov_61.636364	103	125	2	15	22	0.6818182
NODE_306834_length_132_cov_33.393939	2	83	0	81	81	1.0000000
NODE_306834_length_132_cov_33.393939	7	29	0	22	22	1.0000000
NODE_306834_length_132_cov_33.393939	56	129	0	73	73	1.0000000
NODE_306965_length_131_cov_810.000000	0	60	0	2	60	0.0333333
NODE_306965_length_131_cov_810.000000	0	60	2	12	60	0.2000000
NODE_306965_length_131_cov_810.000000	0	60	4	46	60	0.7666667
NODE_306965_length_131_cov_810.000000	33	97	4	64	64	1.0000000
NODE_306965_length_131_cov_810.000000	33	97	4	64	64	1.0000000
NODE_306965_length_131_cov_810.000000	33	97	4	64	64	1.0000000
NODE_306985_length_131_cov_149.187500	25	105	0	80	80	1.0000000
NODE_306985_length_131_cov_149.187500	78	131	0	53	53	1.0000000
NODE_307121_length_130_cov_319.806452	54	126	0	72	72	1.0000000
NODE_307132_length_130_cov_153.516129	82	113	0	31	31	1.0000000
NODE_307140_length_130_cov_79.064516	0	53	0	53	53	1.0000000
NODE_307140_length_130_cov_79.064516	26	56	0	30	30	1.0000000
NODE_307270_length_129_cov_1851.133333	0	45	0	45	45	1.0000000
NODE_307270_length_129_cov_1851.133333	18	98	0	80	80	1.0000000
NODE_307285_length_129_cov_186.500000	0	78	0	2	78	0.0256410
NODE_307285_length_129_cov_186.500000	0	78	2	76	78	0.9743590
NODE_307285_length_129_cov_186.500000	53	129	0	2	76	0.0263158
NODE_307285_length_129_cov_186.500000	53	129	2	74	76	0.9736842
NODE_307287_length_129_cov_165.466667	36	111	0	75	75	1.0000000
NODE_307287_length_129_cov_165.466667	84	113	0	29	29	1.0000000
NODE_307292_length_129_cov_90.366667	0	48	0	48	48	1.0000000
NODE_307292_length_129_cov_90.366667	0	48	0	48	48	1.0000000
NODE_307292_length_129_cov_90.366667	0	48	0	48	48	1.0000000
NODE_307292_length_129_cov_90.366667	21	101	0	80	80	1.0000000
NODE_307442_length_128_cov_2621.517241	3	83	6	7	80	0.0875000
NODE_307442_length_128_cov_2621.517241	3	83	8	73	80	0.9125000
NODE_307442_length_128_cov_2621.517241	8	30	6	2	22	0.0909091
NODE_307442_length_128_cov_2621.517241	8	30	8	20	22	0.9090909
NODE_307442_length_128_cov_2621.517241	56	128	0	16	72	0.2222222
NODE_307442_length_128_cov_2621.517241	56	128	6	4	72	0.0555556
NODE_307442_length_128_cov_2621.517241	56	128	8	52	72	0.7222222
NODE_307443_length_128_cov_1604.275862	58	127	0	69	69	1.0000000
NODE_307458_length_128_cov_79.034483	43	123	0	80	80	1.0000000
NODE_307464_length_128_cov_61.793103	5	85	0	80	80	1.0000000
NODE_307549_length_127_cov_1879.785714	21	101	6	2	80	0.0250000
NODE_307549_length_127_cov_1879.785714	21	101	8	78	80	0.9750000
NODE_307549_length_127_cov_1879.785714	74	127	0	10	53	0.1886792
NODE_307549_length_127_cov_1879.785714	74	127	2	1	53	0.0188679
NODE_307549_length_127_cov_1879.785714	74	127	4	1	53	0.0188679
NODE_307549_length_127_cov_1879.785714	74	127	6	6	53	0.1132075
NODE_307549_length_127_cov_1879.785714	74	127	8	35	53	0.6603774
NODE_307583_length_127_cov_66.142857	38	118	0	80	80	1.0000000
NODE_307583_length_127_cov_66.142857	47	118	0	71	71	1.0000000
NODE_307590_length_127_cov_38.285714	12	86	2	74	74	1.0000000
NODE_307596_length_127_cov_30.607143	21	93	0	72	72	1.0000000
NODE_307662_length_126_cov_936.777778	24	96	4	72	72	1.0000000
NODE_307675_length_126_cov_147.185185	2	66	0	64	64	1.0000000
NODE_307675_length_126_cov_147.185185	2	66	0	64	64	1.0000000
NODE_307675_length_126_cov_147.185185	2	66	0	64	64	1.0000000
NODE_307675_length_126_cov_147.185185	39	99	0	60	60	1.0000000
NODE_307675_length_126_cov_147.185185	55	99	0	44	44	1.0000000
NODE_307684_length_126_cov_82.518519	44	75	2	31	31	1.0000000
NODE_307793_length_125_cov_656.807692	19	99	2	80	80	1.0000000
NODE_307806_length_125_cov_143.615385	52	125	0	73	73	1.0000000
NODE_307810_length_125_cov_131.923077	3	52	0	49	49	1.0000000
NODE_307810_length_125_cov_131.923077	25	89	0	64	64	1.0000000
NODE_307810_length_125_cov_131.923077	25	89	0	64	64	1.0000000
NODE_307816_length_125_cov_102.500000	0	56	0	56	56	1.0000000
NODE_307816_length_125_cov_102.500000	7	56	0	49	49	1.0000000
NODE_307816_length_125_cov_102.500000	29	114	0	85	85	1.0000000
NODE_307816_length_125_cov_102.500000	29	114	0	85	85	1.0000000
NODE_307816_length_125_cov_102.500000	29	114	0	85	85	1.0000000
NODE_307839_length_125_cov_28.115385	17	90	0	1	73	0.0136986
NODE_307839_length_125_cov_28.115385	17	90	2	5	73	0.0684932
NODE_307839_length_125_cov_28.115385	17	90	4	67	73	0.9178082
NODE_307839_length_125_cov_28.115385	57	98	4	41	41	1.0000000
NODE_307906_length_124_cov_945.680000	0	73	2	20	73	0.2739726
NODE_307906_length_124_cov_945.680000	0	73	4	53	73	0.7260274
NODE_307906_length_124_cov_945.680000	53	124	0	9	71	0.1267606
NODE_307906_length_124_cov_945.680000	53	124	2	7	71	0.0985916
NODE_307906_length_124_cov_945.680000	53	124	4	55	71	0.7746479
NODE_308023_length_123_cov_1186.083333	0	76	2	11	76	0.1447368
NODE_308023_length_123_cov_1186.083333	0	76	4	3	76	0.0394737
NODE_308023_length_123_cov_1186.083333	0	76	6	62	76	0.8157895
NODE_308023_length_123_cov_1186.083333	0	76	2	11	76	0.1447368
NODE_308023_length_123_cov_1186.083333	0	76	4	3	76	0.0394737
NODE_308023_length_123_cov_1186.083333	0	76	6	62	76	0.8157895
NODE_308023_length_123_cov_1186.083333	0	76	2	11	76	0.1447368
NODE_308023_length_123_cov_1186.083333	0	76	4	3	76	0.0394737
NODE_308023_length_123_cov_1186.083333	0	76	6	62	76	0.8157895
NODE_308023_length_123_cov_1186.083333	0	76	2	11	76	0.1447368
NODE_308023_length_123_cov_1186.083333	0	76	4	3	76	0.0394737
NODE_308023_length_123_cov_1186.083333	0	76	6	62	76	0.8157895
NODE_308023_length_123_cov_1186.083333	49	123	0	5	74	0.0675676
NODE_308023_length_123_cov_1186.083333	49	123	2	3	74	0.0405405
NODE_308023_length_123_cov_1186.083333	49	123	6	66	74	0.8918919
NODE_308023_length_123_cov_1186.083333	49	123	0	5	74	0.0675676
NODE_308023_length_123_cov_1186.083333	49	123	2	3	74	0.0405405
NODE_308023_length_123_cov_1186.083333	49	123	6	66	74	0.8918919
NODE_308023_length_123_cov_1186.083333	49	123	0	5	74	0.0675676
NODE_308023_length_123_cov_1186.083333	49	123	2	3	74	0.0405405
NODE_308023_length_123_cov_1186.083333	49	123	6	66	74	0.8918919
NODE_308024_length_123_cov_963.500000	19	88	0	69	69	1.0000000
NODE_308037_length_123_cov_181.291667	0	47	0	47	47	1.0000000
NODE_308037_length_123_cov_181.291667	24	100	0	76	76	1.0000000
NODE_308057_length_123_cov_55.375000	52	123	0	71	71	1.0000000
NODE_308057_length_123_cov_55.375000	52	123	0	71	71	1.0000000
NODE_308057_length_123_cov_55.375000	61	123	0	62	62	1.0000000
NODE_308068_length_123_cov_40.958333	9	89	0	80	80	1.0000000
NODE_308068_length_123_cov_40.958333	9	89	0	80	80	1.0000000
NODE_308068_length_123_cov_40.958333	9	89	0	80	80	1.0000000
NODE_308068_length_123_cov_40.958333	9	89	0	80	80	1.0000000
NODE_308068_length_123_cov_40.958333	9	89	0	80	80	1.0000000
NODE_308068_length_123_cov_40.958333	9	80	0	71	71	1.0000000
NODE_308180_length_122_cov_111.043478	8	88	0	80	80	1.0000000
NODE_308180_length_122_cov_111.043478	8	88	0	80	80	1.0000000
NODE_308184_length_122_cov_67.565217	0	50	0	50	50	1.0000000
NODE_308184_length_122_cov_67.565217	0	50	0	50	50	1.0000000
NODE_308184_length_122_cov_67.565217	23	103	0	80	80	1.0000000
NODE_308184_length_122_cov_67.565217	23	103	0	80	80	1.0000000
NODE_308184_length_122_cov_67.565217	23	103	0	80	80	1.0000000
NODE_308184_length_122_cov_67.565217	23	103	0	80	80	1.0000000
NODE_308184_length_122_cov_67.565217	23	103	0	80	80	1.0000000
NODE_308184_length_122_cov_67.565217	23	94	0	71	71	1.0000000
NODE_308188_length_122_cov_58.826087	28	99	0	71	71	1.0000000
NODE_308188_length_122_cov_58.826087	33	99	0	66	66	1.0000000
NODE_308188_length_122_cov_58.826087	72	122	0	50	50	1.0000000
NODE_308188_length_122_cov_58.826087	72	122	0	50	50	1.0000000
NODE_308198_length_122_cov_38.173913	12	93	0	81	81	1.0000000
NODE_308257_length_121_cov_159.318182	24	55	0	31	31	1.0000000
NODE_308260_length_121_cov_120.181818	20	100	0	80	80	1.0000000
NODE_308260_length_121_cov_120.181818	20	95	0	75	75	1.0000000
NODE_308260_length_121_cov_120.181818	20	100	0	80	80	1.0000000
NODE_308260_length_121_cov_120.181818	29	100	0	71	71	1.0000000
NODE_308273_length_121_cov_54.181818	7	70	0	63	63	1.0000000
NODE_308273_length_121_cov_54.181818	7	70	0	63	63	1.0000000
NODE_308273_length_121_cov_54.181818	7	70	0	63	63	1.0000000
NODE_308273_length_121_cov_54.181818	9	70	0	61	61	1.0000000
NODE_308273_length_121_cov_54.181818	43	109	0	66	66	1.0000000
NODE_308273_length_121_cov_54.181818	43	121	0	78	78	1.0000000
NODE_308273_length_121_cov_54.181818	64	117	0	53	53	1.0000000
NODE_308317_length_120_cov_1404.619048	0	64	0	12	64	0.1875000
NODE_308317_length_120_cov_1404.619048	0	64	2	1	64	0.0156250
NODE_308317_length_120_cov_1404.619048	0	64	3	1	64	0.0156250
NODE_308317_length_120_cov_1404.619048	0	64	4	50	64	0.7812500
NODE_308317_length_120_cov_1404.619048	45	117	2	12	72	0.1666667
NODE_308317_length_120_cov_1404.619048	45	117	4	60	72	0.8333333
NODE_308318_length_120_cov_1138.428571	19	99	0	80	80	1.0000000
NODE_308318_length_120_cov_1138.428571	72	120	0	48	48	1.0000000
NODE_308357_length_120_cov_54.666667	0	69	0	13	69	0.1884058
NODE_308357_length_120_cov_54.666667	0	69	2	56	69	0.8115942
NODE_308357_length_120_cov_54.666667	0	69	0	13	69	0.1884058
NODE_308357_length_120_cov_54.666667	0	69	2	56	69	0.8115942
NODE_308357_length_120_cov_54.666667	0	69	0	13	69	0.1884058
NODE_308357_length_120_cov_54.666667	0	69	2	56	69	0.8115942
NODE_308357_length_120_cov_54.666667	42	108	2	66	66	1.0000000
NODE_308357_length_120_cov_54.666667	53	120	0	6	67	0.0895522
NODE_308357_length_120_cov_54.666667	53	120	2	61	67	0.9104478
NODE_308357_length_120_cov_54.666667	53	120	0	6	67	0.0895522
NODE_308357_length_120_cov_54.666667	53	120	2	61	67	0.9104478
NODE_308487_length_118_cov_1211.578947	49	116	0	67	67	1.0000000
NODE_308488_length_118_cov_1157.157895	4	70	0	66	66	1.0000000
NODE_308500_length_118_cov_218.210526	0	63	0	63	63	1.0000000
NODE_308500_length_118_cov_218.210526	35	115	0	80	80	1.0000000
NODE_308504_length_118_cov_161.052632	4	70	0	66	66	1.0000000
NODE_308572_length_117_cov_338.555556	7	70	0	63	63	1.0000000
NODE_308572_length_117_cov_338.555556	7	70	0	63	63	1.0000000
NODE_308572_length_117_cov_338.555556	7	70	0	63	63	1.0000000
NODE_308572_length_117_cov_338.555556	9	70	0	61	61	1.0000000
NODE_308572_length_117_cov_338.555556	43	109	0	66	66	1.0000000
NODE_308572_length_117_cov_338.555556	43	114	0	71	71	1.0000000
NODE_308572_length_117_cov_338.555556	64	117	0	53	53	1.0000000
NODE_308654_length_116_cov_1897.470588	0	77	0	77	77	1.0000000
NODE_308654_length_116_cov_1897.470588	34	111	0	77	77	1.0000000
NODE_308668_length_116_cov_438.529412	15	95	0	80	80	1.0000000
NODE_308668_length_116_cov_438.529412	68	116	0	48	48	1.0000000
NODE_308701_length_116_cov_93.235294	52	116	0	64	64	1.0000000
NODE_308722_length_116_cov_46.882353	6	66	0	3	60	0.0500000
NODE_308722_length_116_cov_46.882353	6	66	1	1	60	0.0166667
NODE_308722_length_116_cov_46.882353	6	66	2	56	60	0.9333333
NODE_308727_length_116_cov_38.352941	20	100	0	80	80	1.0000000
NODE_308746_length_115_cov_1012.625000	31	114	0	4	83	0.0481928
NODE_308746_length_115_cov_1012.625000	31	114	2	79	83	0.9518072
NODE_308750_length_115_cov_776.625000	9	92	0	83	83	1.0000000
NODE_308752_length_115_cov_623.937500	0	74	0	74	74	1.0000000
NODE_308782_length_115_cov_144.812500	4	73	2	69	69	1.0000000
NODE_308806_length_115_cov_65.187500	16	76	2	60	60	1.0000000
NODE_308846_length_114_cov_819.466667	40	114	0	74	74	1.0000000
NODE_308846_length_114_cov_819.466667	40	114	0	74	74	1.0000000
NODE_308846_length_114_cov_819.466667	49	114	0	65	65	1.0000000
NODE_308866_length_114_cov_285.666667	0	78	0	78	78	1.0000000
NODE_308866_length_114_cov_285.666667	51	114	0	63	63	1.0000000
NODE_308886_length_114_cov_83.600000	51	82	0	31	31	1.0000000
NODE_308891_length_114_cov_67.666667	40	90	0	50	50	1.0000000
NODE_308939_length_113_cov_446.214286	5	82	0	77	77	1.0000000
NODE_308939_length_113_cov_446.214286	5	82	0	77	77	1.0000000
NODE_308967_length_113_cov_160.071429	0	64	0	64	64	1.0000000
NODE_308967_length_113_cov_160.071429	0	64	0	64	64	1.0000000
NODE_308967_length_113_cov_160.071429	37	103	0	66	66	1.0000000
NODE_308967_length_113_cov_160.071429	37	108	0	71	71	1.0000000
NODE_309037_length_112_cov_963.384615	43	112	0	3	69	0.0434783
NODE_309037_length_112_cov_963.384615	43	112	2	66	69	0.9565217
NODE_309044_length_112_cov_653.615385	7	78	0	71	71	1.0000000
NODE_309044_length_112_cov_653.615385	12	78	0	66	66	1.0000000
NODE_309044_length_112_cov_653.615385	51	112	0	61	61	1.0000000
NODE_309044_length_112_cov_653.615385	51	112	0	61	61	1.0000000
NODE_309067_length_112_cov_219.538462	0	62	0	62	62	1.0000000
NODE_309067_length_112_cov_219.538462	0	57	0	57	57	1.0000000
NODE_309067_length_112_cov_219.538462	0	62	0	62	62	1.0000000
NODE_309067_length_112_cov_219.538462	0	59	0	59	59	1.0000000
NODE_309067_length_112_cov_219.538462	35	112	0	77	77	1.0000000
NODE_309067_length_112_cov_219.538462	35	112	0	77	77	1.0000000
NODE_309067_length_112_cov_219.538462	35	112	0	77	77	1.0000000
NODE_309078_length_112_cov_160.307692	0	69	0	69	69	1.0000000
NODE_309079_length_112_cov_134.846154	11	91	0	80	80	1.0000000
NODE_309079_length_112_cov_134.846154	11	91	0	80	80	1.0000000
NODE_309079_length_112_cov_134.846154	64	112	0	48	48	1.0000000
NODE_309079_length_112_cov_134.846154	64	112	0	48	48	1.0000000
NODE_309079_length_112_cov_134.846154	64	112	0	48	48	1.0000000
NODE_309092_length_112_cov_84.384615	10	90	0	80	80	1.0000000
NODE_309097_length_112_cov_72.769231	36	100	0	64	64	1.0000000
NODE_309106_length_112_cov_35.307692	13	76	0	63	63	1.0000000
NODE_309123_length_111_cov_1107.833333	0	52	0	52	52	1.0000000
NODE_309123_length_111_cov_1107.833333	0	52	0	52	52	1.0000000
NODE_309123_length_111_cov_1107.833333	0	52	0	52	52	1.0000000
NODE_309123_length_111_cov_1107.833333	0	52	0	52	52	1.0000000
NODE_309123_length_111_cov_1107.833333	25	105	0	80	80	1.0000000
NODE_309123_length_111_cov_1107.833333	25	105	0	80	80	1.0000000
NODE_309123_length_111_cov_1107.833333	25	105	0	80	80	1.0000000
NODE_309123_length_111_cov_1107.833333	25	105	0	80	80	1.0000000
NODE_309123_length_111_cov_1107.833333	25	105	0	80	80	1.0000000
NODE_309123_length_111_cov_1107.833333	25	105	0	80	80	1.0000000
NODE_309126_length_111_cov_827.500000	3	74	0	71	71	1.0000000
NODE_309126_length_111_cov_827.500000	8	74	0	66	66	1.0000000
NODE_309126_length_111_cov_827.500000	47	111	0	64	64	1.0000000
NODE_309126_length_111_cov_827.500000	47	111	0	64	64	1.0000000
NODE_309126_length_111_cov_827.500000	47	111	0	64	64	1.0000000
NODE_309129_length_111_cov_726.833333	12	89	2	77	77	1.0000000
NODE_309129_length_111_cov_726.833333	12	89	2	77	77	1.0000000
NODE_309129_length_111_cov_726.833333	62	111	0	4	49	0.0816327
NODE_309129_length_111_cov_726.833333	62	111	2	45	49	0.9183673
NODE_309129_length_111_cov_726.833333	67	111	0	4	44	0.0909091
NODE_309129_length_111_cov_726.833333	67	111	2	40	44	0.9090909
NODE_309131_length_111_cov_692.416667	31	111	0	80	80	1.0000000
NODE_309149_length_111_cov_241.750000	30	97	0	67	67	1.0000000
NODE_309160_length_111_cov_169.416667	21	102	0	81	81	1.0000000
NODE_309200_length_110_cov_554.909091	1	28	2	27	27	1.0000000
NODE_309200_length_110_cov_554.909091	1	81	2	80	80	1.0000000
NODE_309202_length_110_cov_537.545455	0	75	0	75	75	1.0000000
NODE_309202_length_110_cov_537.545455	53	107	0	54	54	1.0000000
NODE_309235_length_110_cov_91.636364	19	54	2	35	35	1.0000000
NODE_309235_length_110_cov_91.636364	64	107	2	43	43	1.0000000
NODE_309239_length_110_cov_80.272727	19	54	0	35	35	1.0000000
NODE_309239_length_110_cov_80.272727	64	99	0	35	35	1.0000000
NODE_309241_length_110_cov_78.363636	19	54	0	35	35	1.0000000
NODE_309241_length_110_cov_78.363636	64	107	0	43	43	1.0000000
NODE_309245_length_110_cov_68.727273	11	46	0	35	35	1.0000000
NODE_309245_length_110_cov_68.727273	56	91	0	35	35	1.0000000
NODE_309252_length_110_cov_44.545455	5	57	0	52	52	1.0000000
NODE_309263_length_109_cov_1364.100000	29	98	0	69	69	1.0000000
NODE_309275_length_109_cov_689.800000	12	86	2	74	74	1.0000000
NODE_309309_length_109_cov_250.800000	4	66	0	62	62	1.0000000
NODE_309311_length_109_cov_242.000000	29	98	0	69	69	1.0000000
NODE_309326_length_109_cov_139.000000	26	106	0	80	80	1.0000000
NODE_309345_length_109_cov_84.500000	33	93	0	60	60	1.0000000
NODE_309349_length_109_cov_75.300000	0	65	0	65	65	1.0000000
NODE_309384_length_108_cov_1542.666667	28	108	0	80	80	1.0000000
NODE_309391_length_108_cov_987.666667	5	85	0	80	80	1.0000000
NODE_309391_length_108_cov_987.666667	5	85	0	80	80	1.0000000
NODE_309391_length_108_cov_987.666667	5	85	0	80	80	1.0000000
NODE_309391_length_108_cov_987.666667	5	85	0	80	80	1.0000000
NODE_309391_length_108_cov_987.666667	5	85	0	80	80	1.0000000
NODE_309391_length_108_cov_987.666667	58	108	0	50	50	1.0000000
NODE_309391_length_108_cov_987.666667	58	108	0	50	50	1.0000000
NODE_309395_length_108_cov_841.666667	1	65	0	64	64	1.0000000
NODE_309395_length_108_cov_841.666667	1	65	0	64	64	1.0000000
NODE_309395_length_108_cov_841.666667	1	65	0	64	64	1.0000000
NODE_309433_length_108_cov_213.333333	22	81	0	59	59	1.0000000
NODE_309433_length_108_cov_213.333333	55	81	0	26	26	1.0000000
NODE_309464_length_108_cov_107.888889	11	82	0	71	71	1.0000000
NODE_309464_length_108_cov_107.888889	16	82	0	66	66	1.0000000
NODE_309464_length_108_cov_107.888889	55	108	0	53	53	1.0000000
NODE_309464_length_108_cov_107.888889	55	108	0	53	53	1.0000000
NODE_309464_length_108_cov_107.888889	55	108	0	53	53	1.0000000
NODE_309472_length_108_cov_76.444444	13	76	0	63	63	1.0000000
NODE_309479_length_108_cov_51.000000	0	53	0	53	53	1.0000000
NODE_309479_length_108_cov_51.000000	0	53	0	53	53	1.0000000
NODE_309479_length_108_cov_51.000000	0	53	0	53	53	1.0000000
NODE_309479_length_108_cov_51.000000	26	106	0	80	80	1.0000000
NODE_309479_length_108_cov_51.000000	26	106	0	80	80	1.0000000
NODE_309479_length_108_cov_51.000000	26	106	0	80	80	1.0000000
NODE_309479_length_108_cov_51.000000	26	106	0	80	80	1.0000000
NODE_309479_length_108_cov_51.000000	26	106	0	80	80	1.0000000
NODE_309479_length_108_cov_51.000000	26	97	0	71	71	1.0000000
NODE_309490_length_108_cov_31.111111	11	82	0	71	71	1.0000000
NODE_309490_length_108_cov_31.111111	16	82	0	66	66	1.0000000
NODE_309490_length_108_cov_31.111111	55	108	0	53	53	1.0000000
NODE_309490_length_108_cov_31.111111	55	108	0	53	53	1.0000000
NODE_309490_length_108_cov_31.111111	55	108	0	53	53	1.0000000
NODE_309530_length_107_cov_608.250000	0	64	0	64	64	1.0000000
NODE_309530_length_107_cov_608.250000	53	103	0	50	50	1.0000000
NODE_309551_length_107_cov_303.250000	0	56	0	56	56	1.0000000
NODE_309551_length_107_cov_303.250000	29	99	0	70	70	1.0000000
NODE_309657_length_106_cov_522.571429	10	90	0	80	80	1.0000000
NODE_309657_length_106_cov_522.571429	10	90	0	80	80	1.0000000
NODE_309657_length_106_cov_522.571429	10	90	0	80	80	1.0000000
NODE_309657_length_106_cov_522.571429	10	90	0	80	80	1.0000000
NODE_309657_length_106_cov_522.571429	10	90	0	80	80	1.0000000
NODE_309657_length_106_cov_522.571429	19	90	0	71	71	1.0000000
NODE_309696_length_106_cov_161.857143	7	78	0	71	71	1.0000000
NODE_309696_length_106_cov_161.857143	51	106	0	55	55	1.0000000
NODE_309707_length_106_cov_130.714286	0	76	0	76	76	1.0000000
NODE_309714_length_106_cov_108.000000	0	76	0	76	76	1.0000000
NODE_309717_length_106_cov_102.142857	0	62	0	62	62	1.0000000
NODE_309717_length_106_cov_102.142857	35	106	0	71	71	1.0000000
NODE_309717_length_106_cov_102.142857	35	106	0	71	71	1.0000000
NODE_309747_length_106_cov_39.428571	0	76	0	76	76	1.0000000
NODE_309761_length_106_cov_30.857143	0	70	0	70	70	1.0000000
NODE_309761_length_106_cov_30.857143	0	70	0	70	70	1.0000000
NODE_309761_length_106_cov_30.857143	0	70	0	70	70	1.0000000
NODE_309761_length_106_cov_30.857143	43	92	0	49	49	1.0000000
NODE_309761_length_106_cov_30.857143	53	106	0	53	53	1.0000000
NODE_309761_length_106_cov_30.857143	53	106	0	53	53	1.0000000
NODE_309775_length_105_cov_2054.666667	31	105	0	74	74	1.0000000
NODE_309775_length_105_cov_2054.666667	31	105	0	74	74	1.0000000
NODE_309775_length_105_cov_2054.666667	31	105	0	74	74	1.0000000
NODE_309775_length_105_cov_2054.666667	31	105	0	74	74	1.0000000
NODE_309788_length_105_cov_830.833333	30	105	0	75	75	1.0000000
NODE_309789_length_105_cov_825.500000	0	77	0	77	77	1.0000000
NODE_309789_length_105_cov_825.500000	0	77	0	77	77	1.0000000
NODE_309789_length_105_cov_825.500000	50	99	0	49	49	1.0000000
NODE_309789_length_105_cov_825.500000	55	105	0	50	50	1.0000000
NODE_309815_length_105_cov_231.333333	0	54	0	54	54	1.0000000
NODE_309815_length_105_cov_231.333333	27	99	0	72	72	1.0000000
NODE_309842_length_105_cov_85.333333	14	94	0	80	80	1.0000000
NODE_309842_length_105_cov_85.333333	67	89	0	22	22	1.0000000
NODE_309855_length_105_cov_61.833333	23	103	0	80	80	1.0000000
NODE_309867_length_105_cov_40.666667	6	66	0	60	60	1.0000000
NODE_309925_length_104_cov_1016.000000	0	78	0	78	78	1.0000000
NODE_309925_length_104_cov_1016.000000	53	99	0	46	46	1.0000000
NODE_309935_length_104_cov_791.200000	0	67	0	67	67	1.0000000
NODE_309935_length_104_cov_791.200000	0	67	0	67	67	1.0000000
NODE_309935_length_104_cov_791.200000	40	104	0	64	64	1.0000000
NODE_309938_length_104_cov_574.200000	21	101	0	80	80	1.0000000
NODE_309938_length_104_cov_574.200000	21	101	0	80	80	1.0000000
NODE_309938_length_104_cov_574.200000	21	101	0	80	80	1.0000000
NODE_309938_length_104_cov_574.200000	21	101	0	80	80	1.0000000
NODE_309938_length_104_cov_574.200000	21	101	0	80	80	1.0000000
NODE_309938_length_104_cov_574.200000	21	92	0	71	71	1.0000000
NODE_309940_length_104_cov_547.400000	10	87	0	77	77	1.0000000
NODE_309940_length_104_cov_547.400000	10	87	0	77	77	1.0000000
NODE_310020_length_104_cov_46.800000	42	104	0	62	62	1.0000000
NODE_310054_length_103_cov_2267.000000	0	54	0	54	54	1.0000000
NODE_310054_length_103_cov_2267.000000	27	100	0	73	73	1.0000000
NODE_310082_length_103_cov_890.000000	6	70	0	64	64	1.0000000
NODE_310082_length_103_cov_890.000000	6	70	0	64	64	1.0000000
NODE_310082_length_103_cov_890.000000	6	70	0	64	64	1.0000000
NODE_310082_length_103_cov_890.000000	43	103	0	60	60	1.0000000
NODE_310082_length_103_cov_890.000000	59	103	0	44	44	1.0000000
NODE_310090_length_103_cov_768.500000	7	78	0	71	71	1.0000000
NODE_310090_length_103_cov_768.500000	12	78	0	66	66	1.0000000
NODE_310090_length_103_cov_768.500000	51	99	0	48	48	1.0000000
NODE_310090_length_103_cov_768.500000	51	99	0	48	48	1.0000000
NODE_310090_length_103_cov_768.500000	51	99	0	48	48	1.0000000
NODE_310091_length_103_cov_751.000000	0	71	0	71	71	1.0000000
NODE_310091_length_103_cov_751.000000	0	71	0	71	71	1.0000000
NODE_310091_length_103_cov_751.000000	44	93	0	49	49	1.0000000
NODE_310094_length_103_cov_678.000000	10	74	0	64	64	1.0000000
NODE_310094_length_103_cov_678.000000	10	74	0	64	64	1.0000000
NODE_310094_length_103_cov_678.000000	10	74	0	64	64	1.0000000
NODE_310094_length_103_cov_678.000000	47	96	0	49	49	1.0000000
NODE_310103_length_103_cov_462.750000	19	99	0	80	80	1.0000000
NODE_310116_length_103_cov_300.250000	0	63	0	63	63	1.0000000
NODE_310147_length_103_cov_103.250000	4	47	0	43	43	1.0000000
NODE_310152_length_103_cov_80.250000	36	99	0	63	63	1.0000000
NODE_310153_length_103_cov_76.500000	4	63	0	59	59	1.0000000
NODE_310160_length_103_cov_42.000000	0	78	0	78	78	1.0000000
NODE_310160_length_103_cov_42.000000	7	78	0	71	71	1.0000000
NODE_310160_length_103_cov_42.000000	12	78	0	66	66	1.0000000
NODE_310160_length_103_cov_42.000000	51	99	0	48	48	1.0000000
NODE_310160_length_103_cov_42.000000	51	99	0	48	48	1.0000000
NODE_310160_length_103_cov_42.000000	51	99	0	48	48	1.0000000
NODE_310211_length_102_cov_2033.666667	0	48	0	48	48	1.0000000
NODE_310211_length_102_cov_2033.666667	21	101	0	80	80	1.0000000
NODE_310227_length_102_cov_1028.333333	52	102	0	50	50	1.0000000
NODE_310230_length_102_cov_987.666667	15	98	0	83	83	1.0000000
NODE_310231_length_102_cov_934.000000	12	95	0	83	83	1.0000000
NODE_310246_length_102_cov_685.666667	0	73	0	73	73	1.0000000
NODE_310247_length_102_cov_646.666667	15	89	0	74	74	1.0000000
NODE_310269_length_102_cov_250.000000	12	72	0	60	60	1.0000000
NODE_310273_length_102_cov_216.333333	4	70	0	66	66	1.0000000
NODE_310273_length_102_cov_216.333333	4	70	0	66	66	1.0000000
NODE_310273_length_102_cov_216.333333	4	70	0	66	66	1.0000000
NODE_310273_length_102_cov_216.333333	43	92	0	49	49	1.0000000
NODE_310273_length_102_cov_216.333333	57	102	0	45	45	1.0000000
NODE_310287_length_102_cov_152.333333	0	63	0	63	63	1.0000000
NODE_310295_length_102_cov_124.333333	0	70	0	70	70	1.0000000
NODE_310302_length_102_cov_106.333333	0	78	0	78	78	1.0000000
NODE_310302_length_102_cov_106.333333	7	78	0	71	71	1.0000000
NODE_310302_length_102_cov_106.333333	12	78	0	66	66	1.0000000
NODE_310302_length_102_cov_106.333333	51	102	0	51	51	1.0000000
NODE_310302_length_102_cov_106.333333	51	102	0	51	51	1.0000000
NODE_310302_length_102_cov_106.333333	51	102	0	51	51	1.0000000
NODE_310316_length_102_cov_74.333333	31	99	0	68	68	1.0000000
NODE_310321_length_102_cov_71.000000	11	91	0	80	80	1.0000000
NODE_310336_length_102_cov_32.666667	0	65	0	65	65	1.0000000
NODE_310336_length_102_cov_32.666667	38	99	0	61	61	1.0000000
NODE_310405_length_101_cov_2217.000000	0	43	0	43	43	1.0000000
NODE_310405_length_101_cov_2217.000000	23	96	0	73	73	1.0000000
NODE_310464_length_101_cov_740.500000	2	66	0	64	64	1.0000000
NODE_310464_length_101_cov_740.500000	2	66	0	64	64	1.0000000
NODE_310464_length_101_cov_740.500000	2	66	0	64	64	1.0000000
NODE_310464_length_101_cov_740.500000	39	101	0	62	62	1.0000000
NODE_310464_length_101_cov_740.500000	55	101	0	46	46	1.0000000
NODE_310469_length_101_cov_701.000000	0	62	0	62	62	1.0000000
NODE_310469_length_101_cov_701.000000	35	99	0	64	64	1.0000000
NODE_310469_length_101_cov_701.000000	35	99	0	64	64	1.0000000
NODE_310469_length_101_cov_701.000000	35	99	0	64	64	1.0000000
NODE_310471_length_101_cov_679.000000	2	76	0	74	74	1.0000000
NODE_310500_length_101_cov_374.500000	2	50	0	48	48	1.0000000
NODE_310500_length_101_cov_374.500000	2	50	0	48	48	1.0000000
NODE_310500_length_101_cov_374.500000	2	50	0	48	48	1.0000000
NODE_310500_length_101_cov_374.500000	23	89	0	66	66	1.0000000
NODE_310500_length_101_cov_374.500000	23	94	0	71	71	1.0000000
NODE_310516_length_101_cov_294.000000	4	52	0	48	48	1.0000000
NODE_310516_length_101_cov_294.000000	4	52	0	48	48	1.0000000
NODE_310516_length_101_cov_294.000000	4	52	0	48	48	1.0000000
NODE_310516_length_101_cov_294.000000	25	91	0	66	66	1.0000000
NODE_310516_length_101_cov_294.000000	25	96	0	71	71	1.0000000
NODE_310529_length_101_cov_230.500000	2	76	0	74	74	1.0000000
NODE_310529_length_101_cov_230.500000	2	76	0	74	74	1.0000000
NODE_310529_length_101_cov_230.500000	2	76	0	74	74	1.0000000
NODE_310529_length_101_cov_230.500000	49	101	0	52	52	1.0000000
NODE_310529_length_101_cov_230.500000	55	101	0	46	46	1.0000000
NODE_310550_length_101_cov_157.000000	13	72	0	59	59	1.0000000
NODE_310550_length_101_cov_157.000000	46	72	0	26	26	1.0000000
NODE_310565_length_101_cov_134.500000	2	37	0	35	35	1.0000000
NODE_310685_length_100_cov_1883.000000	32	100	0	68	68	1.0000000
NODE_310685_length_100_cov_1883.000000	32	100	0	68	68	1.0000000
NODE_310685_length_100_cov_1883.000000	32	99	0	67	67	1.0000000
NODE_310685_length_100_cov_1883.000000	32	100	0	68	68	1.0000000
NODE_310704_length_100_cov_1310.000000	0	42	0	42	42	1.0000000
NODE_310704_length_100_cov_1310.000000	1	42	0	41	41	1.0000000
NODE_310704_length_100_cov_1310.000000	38	100	0	62	62	1.0000000
NODE_310704_length_100_cov_1310.000000	38	95	0	57	57	1.0000000
NODE_310704_length_100_cov_1310.000000	38	100	0	62	62	1.0000000
NODE_310704_length_100_cov_1310.000000	38	100	0	62	62	1.0000000
NODE_310708_length_100_cov_1239.000000	1	48	0	47	47	1.0000000
NODE_310740_length_100_cov_694.000000	0	62	0	62	62	1.0000000
NODE_310740_length_100_cov_694.000000	0	62	0	62	62	1.0000000
NODE_310740_length_100_cov_694.000000	35	100	0	65	65	1.0000000
NODE_310748_length_100_cov_602.000000	0	57	0	57	57	1.0000000
NODE_310750_length_100_cov_590.000000	0	58	0	58	58	1.0000000
NODE_310798_length_100_cov_274.000000	1	67	0	66	66	1.0000000
NODE_310798_length_100_cov_274.000000	1	67	0	66	66	1.0000000
NODE_310798_length_100_cov_274.000000	1	67	0	66	66	1.0000000
NODE_310798_length_100_cov_274.000000	40	100	0	60	60	1.0000000
NODE_310798_length_100_cov_274.000000	54	100	0	46	46	1.0000000
NODE_310808_length_100_cov_217.000000	4	75	0	71	71	1.0000000
NODE_310808_length_100_cov_217.000000	9	75	0	66	66	1.0000000
NODE_310808_length_100_cov_217.000000	48	99	0	51	51	1.0000000
NODE_310808_length_100_cov_217.000000	48	99	0	51	51	1.0000000
NODE_310808_length_100_cov_217.000000	48	99	0	51	51	1.0000000
NODE_310810_length_100_cov_209.000000	1	44	0	43	43	1.0000000
NODE_310810_length_100_cov_209.000000	40	100	0	60	60	1.0000000
NODE_310810_length_100_cov_209.000000	40	100	0	60	60	1.0000000
NODE_310819_length_100_cov_185.000000	0	46	0	46	46	1.0000000
NODE_310819_length_100_cov_185.000000	9	58	0	49	49	1.0000000
NODE_310819_length_100_cov_185.000000	31	99	0	68	68	1.0000000
NODE_310819_length_100_cov_185.000000	31	99	0	68	68	1.0000000
NODE_310819_length_100_cov_185.000000	31	99	0	68	68	1.0000000
NODE_310828_length_100_cov_164.000000	9	92	0	83	83	1.0000000
NODE_310837_length_100_cov_152.000000	11	91	0	80	80	1.0000000
NODE_310837_length_100_cov_152.000000	11	91	0	80	80	1.0000000
NODE_310837_length_100_cov_152.000000	11	91	0	80	80	1.0000000
NODE_310837_length_100_cov_152.000000	11	91	0	80	80	1.0000000
NODE_310837_length_100_cov_152.000000	11	91	0	80	80	1.0000000
NODE_310839_length_100_cov_150.000000	0	54	0	54	54	1.0000000
NODE_310839_length_100_cov_150.000000	0	54	0	54	54	1.0000000
NODE_310839_length_100_cov_150.000000	27	100	0	73	73	1.0000000
NODE_310839_length_100_cov_150.000000	27	100	0	73	73	1.0000000
NODE_310840_length_100_cov_148.000000	2	82	0	80	80	1.0000000
NODE_310841_length_100_cov_148.000000	0	71	0	71	71	1.0000000
NODE_310841_length_100_cov_148.000000	0	71	0	71	71	1.0000000
NODE_310841_length_100_cov_148.000000	0	62	0	62	62	1.0000000
NODE_310876_length_100_cov_71.000000	0	75	0	75	75	1.0000000
NODE_310876_length_100_cov_71.000000	4	75	0	71	71	1.0000000
NODE_310876_length_100_cov_71.000000	9	75	0	66	66	1.0000000
NODE_310876_length_100_cov_71.000000	48	100	0	52	52	1.0000000
NODE_310876_length_100_cov_71.000000	48	100	0	52	52	1.0000000
NODE_310876_length_100_cov_71.000000	48	100	0	52	52	1.0000000
NODE_310896_length_100_cov_41.000000	0	75	0	75	75	1.0000000
NODE_310896_length_100_cov_41.000000	4	75	0	71	71	1.0000000
NODE_310896_length_100_cov_41.000000	9	75	0	66	66	1.0000000
NODE_310896_length_100_cov_41.000000	48	99	0	51	51	1.0000000
NODE_310896_length_100_cov_41.000000	48	99	0	51	51	1.0000000
NODE_310896_length_100_cov_41.000000	48	99	0	51	51	1.0000000
NODE_310904_length_100_cov_30.000000	1	42	0	41	41	1.0000000
