NODE_1_length_25698_cov_36.651041	315	395	0	9	80	0.1125000
NODE_1_length_25698_cov_36.651041	315	395	2	71	80	0.8875000
NODE_1_length_25698_cov_36.651041	368	403	2	31	35	0.8857143
NODE_1_length_25698_cov_36.651041	368	403	4	1	35	0.0285714
NODE_1_length_25698_cov_36.651041	368	403	7	2	35	0.0571429
NODE_1_length_25698_cov_36.651041	368	403	28	1	35	0.0285714
NODE_1_length_25698_cov_36.651041	24448	24494	2	46	46	1.0000000
NODE_2_length_24307_cov_15.119712	2613	2689	0	23	76	0.3026316
NODE_2_length_24307_cov_15.119712	2613	2689	2	38	76	0.5000000
NODE_2_length_24307_cov_15.119712	2613	2689	7	15	76	0.1973684
NODE_2_length_24307_cov_15.119712	2662	2716	0	50	54	0.9259259
NODE_2_length_24307_cov_15.119712	2662	2716	2	4	54	0.0740741
NODE_2_length_24307_cov_15.119712	11257	11320	0	63	63	1.0000000
NODE_2_length_24307_cov_15.119712	20621	20701	16	2	80	0.0250000
NODE_2_length_24307_cov_15.119712	20621	20701	19	14	80	0.1750000
NODE_2_length_24307_cov_15.119712	20621	20701	20	8	80	0.1000000
NODE_2_length_24307_cov_15.119712	20621	20701	22	3	80	0.0375000
NODE_2_length_24307_cov_15.119712	20621	20701	24	20	80	0.2500000
NODE_2_length_24307_cov_15.119712	20621	20701	26	18	80	0.2250000
NODE_2_length_24307_cov_15.119712	20621	20701	28	15	80	0.1875000
NODE_2_length_24307_cov_15.119712	20674	20754	0	1	80	0.0125000
NODE_2_length_24307_cov_15.119712	20674	20754	2	18	80	0.2250000
NODE_2_length_24307_cov_15.119712	20674	20754	4	5	80	0.0625000
NODE_2_length_24307_cov_15.119712	20674	20754	12	3	80	0.0375000
NODE_2_length_24307_cov_15.119712	20674	20754	14	4	80	0.0500000
NODE_2_length_24307_cov_15.119712	20674	20754	22	12	80	0.1500000
NODE_2_length_24307_cov_15.119712	20674	20754	26	24	80	0.3000000
NODE_2_length_24307_cov_15.119712	20674	20754	28	13	80	0.1625000
NODE_7_length_12349_cov_28.144571	12251	12310	14	4	59	0.0677966
NODE_7_length_12349_cov_28.144571	12251	12310	16	6	59	0.1016949
NODE_7_length_12349_cov_28.144571	12251	12310	18	1	59	0.0169492
NODE_7_length_12349_cov_28.144571	12251	12310	19	1	59	0.0169492
NODE_7_length_12349_cov_28.144571	12251	12310	25	6	59	0.1016949
NODE_7_length_12349_cov_28.144571	12251	12310	31	1	59	0.0169492
NODE_7_length_12349_cov_28.144571	12251	12310	35	2	59	0.0338983
NODE_7_length_12349_cov_28.144571	12251	12310	36	1	59	0.0169492
NODE_7_length_12349_cov_28.144571	12251	12310	37	3	59	0.0508475
NODE_7_length_12349_cov_28.144571	12251	12310	40	2	59	0.0338983
NODE_7_length_12349_cov_28.144571	12251	12310	42	1	59	0.0169492
NODE_7_length_12349_cov_28.144571	12251	12310	44	1	59	0.0169492
NODE_7_length_12349_cov_28.144571	12251	12310	47	2	59	0.0338983
NODE_7_length_12349_cov_28.144571	12251	12310	49	1	59	0.0169492
NODE_7_length_12349_cov_28.144571	12251	12310	51	1	59	0.0169492
NODE_7_length_12349_cov_28.144571	12251	12310	53	1	59	0.0169492
NODE_7_length_12349_cov_28.144571	12251	12310	57	1	59	0.0169492
NODE_7_length_12349_cov_28.144571	12251	12310	61	2	59	0.0338983
NODE_7_length_12349_cov_28.144571	12251	12310	65	1	59	0.0169492
NODE_7_length_12349_cov_28.144571	12251	12310	70	1	59	0.0169492
NODE_7_length_12349_cov_28.144571	12251	12310	72	2	59	0.0338983
NODE_7_length_12349_cov_28.144571	12251	12310	76	1	59	0.0169492
NODE_7_length_12349_cov_28.144571	12251	12310	81	2	59	0.0338983
NODE_7_length_12349_cov_28.144571	12251	12310	84	1	59	0.0169492
NODE_7_length_12349_cov_28.144571	12251	12310	89	3	59	0.0508475
NODE_7_length_12349_cov_28.144571	12251	12310	91	3	59	0.0508475
NODE_7_length_12349_cov_28.144571	12251	12310	98	2	59	0.0338983
NODE_7_length_12349_cov_28.144571	12251	12310	102	1	59	0.0169492
NODE_7_length_12349_cov_28.144571	12251	12310	106	1	59	0.0169492
NODE_7_length_12349_cov_28.144571	12251	12310	108	1	59	0.0169492
NODE_7_length_12349_cov_28.144571	12251	12310	110	2	59	0.0338983
NODE_7_length_12349_cov_28.144571	12251	12310	112	1	59	0.0169492
NODE_7_length_12349_cov_28.144571	12284	12310	14	4	26	0.1538462
NODE_7_length_12349_cov_28.144571	12284	12310	16	6	26	0.2307692
NODE_7_length_12349_cov_28.144571	12284	12310	18	1	26	0.0384615
NODE_7_length_12349_cov_28.144571	12284	12310	19	1	26	0.0384615
NODE_7_length_12349_cov_28.144571	12284	12310	25	6	26	0.2307692
NODE_7_length_12349_cov_28.144571	12284	12310	31	1	26	0.0384615
NODE_7_length_12349_cov_28.144571	12284	12310	35	2	26	0.0769231
NODE_7_length_12349_cov_28.144571	12284	12310	36	1	26	0.0384615
NODE_7_length_12349_cov_28.144571	12284	12310	37	3	26	0.1153846
NODE_7_length_12349_cov_28.144571	12284	12310	40	1	26	0.0384615
NODE_10_length_11096_cov_14.154679	6455	6535	0	80	80	1.0000000
NODE_10_length_11096_cov_14.154679	6508	6588	0	80	80	1.0000000
NODE_10_length_11096_cov_14.154679	6584	6664	0	79	80	0.9875000
NODE_10_length_11096_cov_14.154679	6584	6664	2	1	80	0.0125000
NODE_10_length_11096_cov_14.154679	6637	6717	0	26	80	0.3250000
NODE_10_length_11096_cov_14.154679	6637	6717	2	2	80	0.0250000
NODE_10_length_11096_cov_14.154679	6637	6717	3	26	80	0.3250000
NODE_10_length_11096_cov_14.154679	6637	6717	4	26	80	0.3250000
NODE_10_length_11096_cov_14.154679	7182	7229	149	1	47	0.0212766
NODE_10_length_11096_cov_14.154679	7182	7229	157	4	47	0.0851064
NODE_10_length_11096_cov_14.154679	7182	7229	164	1	47	0.0212766
NODE_10_length_11096_cov_14.154679	7182	7229	165	1	47	0.0212766
NODE_10_length_11096_cov_14.154679	7182	7229	167	1	47	0.0212766
NODE_10_length_11096_cov_14.154679	7182	7229	169	1	47	0.0212766
NODE_10_length_11096_cov_14.154679	7182	7229	171	3	47	0.0638298
NODE_10_length_11096_cov_14.154679	7182	7229	179	1	47	0.0212766
NODE_10_length_11096_cov_14.154679	7182	7229	195	1	47	0.0212766
NODE_10_length_11096_cov_14.154679	7182	7229	199	2	47	0.0425532
NODE_10_length_11096_cov_14.154679	7182	7229	204	1	47	0.0212766
NODE_10_length_11096_cov_14.154679	7182	7229	209	1	47	0.0212766
NODE_10_length_11096_cov_14.154679	7182	7229	219	1	47	0.0212766
NODE_10_length_11096_cov_14.154679	7182	7229	223	1	47	0.0212766
NODE_10_length_11096_cov_14.154679	7182	7229	226	1	47	0.0212766
NODE_10_length_11096_cov_14.154679	7182	7229	233	1	47	0.0212766
NODE_10_length_11096_cov_14.154679	7182	7229	235	1	47	0.0212766
NODE_10_length_11096_cov_14.154679	7182	7229	243	3	47	0.0638298
NODE_10_length_11096_cov_14.154679	7182	7229	249	1	47	0.0212766
NODE_10_length_11096_cov_14.154679	7182	7229	251	1	47	0.0212766
NODE_10_length_11096_cov_14.154679	7182	7229	257	1	47	0.0212766
NODE_10_length_11096_cov_14.154679	7182	7229	259	1	47	0.0212766
NODE_10_length_11096_cov_14.154679	7182	7229	264	1	47	0.0212766
NODE_10_length_11096_cov_14.154679	7182	7229	266	2	47	0.0425532
NODE_10_length_11096_cov_14.154679	7182	7229	273	1	47	0.0212766
NODE_10_length_11096_cov_14.154679	7182	7229	275	3	47	0.0638298
NODE_10_length_11096_cov_14.154679	7182	7229	277	1	47	0.0212766
NODE_10_length_11096_cov_14.154679	7182	7229	279	1	47	0.0212766
NODE_10_length_11096_cov_14.154679	7182	7229	280	1	47	0.0212766
NODE_10_length_11096_cov_14.154679	7182	7229	284	1	47	0.0212766
NODE_10_length_11096_cov_14.154679	7182	7229	286	5	47	0.1063830
NODE_10_length_11096_cov_14.154679	7182	7229	288	1	47	0.0212766
NODE_10_length_11096_cov_14.154679	7218	7282	87	2	64	0.0312500
NODE_10_length_11096_cov_14.154679	7218	7282	88	2	64	0.0312500
NODE_10_length_11096_cov_14.154679	7218	7282	89	2	64	0.0312500
NODE_10_length_11096_cov_14.154679	7218	7282	90	1	64	0.0156250
NODE_10_length_11096_cov_14.154679	7218	7282	91	3	64	0.0468750
NODE_10_length_11096_cov_14.154679	7218	7282	92	2	64	0.0312500
NODE_10_length_11096_cov_14.154679	7218	7282	93	3	64	0.0468750
NODE_10_length_11096_cov_14.154679	7218	7282	95	2	64	0.0312500
NODE_10_length_11096_cov_14.154679	7218	7282	97	1	64	0.0156250
NODE_10_length_11096_cov_14.154679	7218	7282	98	1	64	0.0156250
NODE_10_length_11096_cov_14.154679	7218	7282	100	1	64	0.0156250
NODE_10_length_11096_cov_14.154679	7218	7282	106	1	64	0.0156250
NODE_10_length_11096_cov_14.154679	7218	7282	108	1	64	0.0156250
NODE_10_length_11096_cov_14.154679	7218	7282	109	1	64	0.0156250
NODE_10_length_11096_cov_14.154679	7218	7282	111	2	64	0.0312500
NODE_10_length_11096_cov_14.154679	7218	7282	112	1	64	0.0156250
NODE_10_length_11096_cov_14.154679	7218	7282	114	1	64	0.0156250
NODE_10_length_11096_cov_14.154679	7218	7282	115	4	64	0.0625000
NODE_10_length_11096_cov_14.154679	7218	7282	120	1	64	0.0156250
NODE_10_length_11096_cov_14.154679	7218	7282	122	1	64	0.0156250
NODE_10_length_11096_cov_14.154679	7218	7282	123	1	64	0.0156250
NODE_10_length_11096_cov_14.154679	7218	7282	124	2	64	0.0312500
NODE_10_length_11096_cov_14.154679	7218	7282	128	1	64	0.0156250
NODE_10_length_11096_cov_14.154679	7218	7282	129	1	64	0.0156250
NODE_10_length_11096_cov_14.154679	7218	7282	130	1	64	0.0156250
NODE_10_length_11096_cov_14.154679	7218	7282	137	3	64	0.0468750
NODE_10_length_11096_cov_14.154679	7218	7282	139	7	64	0.1093750
NODE_10_length_11096_cov_14.154679	7218	7282	141	3	64	0.0468750
NODE_10_length_11096_cov_14.154679	7218	7282	143	1	64	0.0156250
NODE_10_length_11096_cov_14.154679	7218	7282	149	1	64	0.0156250
NODE_10_length_11096_cov_14.154679	7218	7282	157	4	64	0.0625000
NODE_10_length_11096_cov_14.154679	7218	7282	164	1	64	0.0156250
NODE_10_length_11096_cov_14.154679	7218	7282	165	1	64	0.0156250
NODE_10_length_11096_cov_14.154679	7218	7282	167	1	64	0.0156250
NODE_10_length_11096_cov_14.154679	7218	7282	169	1	64	0.0156250
NODE_10_length_11096_cov_14.154679	7218	7282	171	2	64	0.0312500
NODE_13_length_10749_cov_34.330235	3589	3669	2	80	80	1.0000000
NODE_13_length_10749_cov_34.330235	3642	3722	0	45	80	0.5625000
NODE_13_length_10749_cov_34.330235	3642	3722	2	35	80	0.4375000
NODE_13_length_10749_cov_34.330235	3718	3798	0	80	80	1.0000000
NODE_13_length_10749_cov_34.330235	3771	3851	0	73	80	0.9125000
NODE_13_length_10749_cov_34.330235	3771	3851	3	2	80	0.0250000
NODE_13_length_10749_cov_34.330235	3771	3851	6	2	80	0.0250000
NODE_13_length_10749_cov_34.330235	3771	3851	8	3	80	0.0375000
NODE_14_length_10557_cov_50.055938	423	503	0	20	80	0.2500000
NODE_14_length_10557_cov_50.055938	423	503	4	60	80	0.7500000
NODE_14_length_10557_cov_50.055938	476	556	0	36	80	0.4500000
NODE_14_length_10557_cov_50.055938	476	556	4	44	80	0.5500000
NODE_14_length_10557_cov_50.055938	1625	1696	16	4	71	0.0563380
NODE_14_length_10557_cov_50.055938	1625	1696	20	2	71	0.0281690
NODE_14_length_10557_cov_50.055938	1625	1696	21	1	71	0.0140845
NODE_14_length_10557_cov_50.055938	1625	1696	23	2	71	0.0281690
NODE_14_length_10557_cov_50.055938	1625	1696	26	26	71	0.3661972
NODE_14_length_10557_cov_50.055938	1625	1696	27	22	71	0.3098592
NODE_14_length_10557_cov_50.055938	1625	1696	28	3	71	0.0422535
NODE_14_length_10557_cov_50.055938	1625	1696	29	10	71	0.1408451
NODE_14_length_10557_cov_50.055938	1625	1696	31	1	71	0.0140845
NODE_14_length_10557_cov_50.055938	1678	1733	15	1	55	0.0181818
NODE_14_length_10557_cov_50.055938	1678	1733	16	9	55	0.1636364
NODE_14_length_10557_cov_50.055938	1678	1733	18	15	55	0.2727273
NODE_14_length_10557_cov_50.055938	1678	1733	20	4	55	0.0727273
NODE_14_length_10557_cov_50.055938	1678	1733	22	1	55	0.0181818
NODE_14_length_10557_cov_50.055938	1678	1733	23	6	55	0.1090909
NODE_14_length_10557_cov_50.055938	1678	1733	24	3	55	0.0545455
NODE_14_length_10557_cov_50.055938	1678	1733	27	10	55	0.1818182
NODE_14_length_10557_cov_50.055938	1678	1733	28	1	55	0.0181818
NODE_14_length_10557_cov_50.055938	1678	1733	29	4	55	0.0727273
NODE_14_length_10557_cov_50.055938	1678	1733	31	1	55	0.0181818
NODE_14_length_10557_cov_50.055938	2428	2488	29	4	60	0.0666667
NODE_14_length_10557_cov_50.055938	2428	2488	30	2	60	0.0333333
NODE_14_length_10557_cov_50.055938	2428	2488	32	10	60	0.1666667
NODE_14_length_10557_cov_50.055938	2428	2488	33	2	60	0.0333333
NODE_14_length_10557_cov_50.055938	2428	2488	34	19	60	0.3166667
NODE_14_length_10557_cov_50.055938	2428	2488	35	2	60	0.0333333
NODE_14_length_10557_cov_50.055938	2428	2488	36	12	60	0.2000000
NODE_14_length_10557_cov_50.055938	2428	2488	38	9	60	0.1500000
NODE_17_length_10101_cov_12.236253	923	966	0	43	43	1.0000000
NODE_17_length_10101_cov_12.236253	943	1007	0	64	64	1.0000000
NODE_17_length_10101_cov_12.236253	1715	1795	0	80	80	1.0000000
NODE_17_length_10101_cov_12.236253	1768	1820	0	50	52	0.9615384
NODE_17_length_10101_cov_12.236253	1768	1820	2	1	52	0.0192308
NODE_17_length_10101_cov_12.236253	1768	1820	4	1	52	0.0192308
NODE_20_length_9442_cov_109.961147	2108	2188	0	16	80	0.2000000
NODE_20_length_9442_cov_109.961147	2108	2188	2	10	80	0.1250000
NODE_20_length_9442_cov_109.961147	2108	2188	4	28	80	0.3500000
NODE_20_length_9442_cov_109.961147	2108	2188	6	26	80	0.3250000
NODE_20_length_9442_cov_109.961147	2161	2241	2	2	80	0.0250000
NODE_20_length_9442_cov_109.961147	2161	2241	4	17	80	0.2125000
NODE_20_length_9442_cov_109.961147	2161	2241	6	61	80	0.7625000
NODE_21_length_9414_cov_34.165217	2363	2443	28	2	80	0.0250000
NODE_21_length_9414_cov_34.165217	2363	2443	30	2	80	0.0250000
NODE_21_length_9414_cov_34.165217	2363	2443	34	3	80	0.0375000
NODE_21_length_9414_cov_34.165217	2363	2443	36	7	80	0.0875000
NODE_21_length_9414_cov_34.165217	2363	2443	38	2	80	0.0250000
NODE_21_length_9414_cov_34.165217	2363	2443	40	2	80	0.0250000
NODE_21_length_9414_cov_34.165217	2363	2443	42	11	80	0.1375000
NODE_21_length_9414_cov_34.165217	2363	2443	44	16	80	0.2000000
NODE_21_length_9414_cov_34.165217	2363	2443	46	3	80	0.0375000
NODE_21_length_9414_cov_34.165217	2363	2443	48	1	80	0.0125000
NODE_21_length_9414_cov_34.165217	2363	2443	50	1	80	0.0125000
NODE_21_length_9414_cov_34.165217	2363	2443	52	7	80	0.0875000
NODE_21_length_9414_cov_34.165217	2363	2443	54	23	80	0.2875000
NODE_21_length_9414_cov_34.165217	2416	2484	10	7	68	0.1029412
NODE_21_length_9414_cov_34.165217	2416	2484	12	2	68	0.0294118
NODE_21_length_9414_cov_34.165217	2416	2484	16	3	68	0.0441176
NODE_21_length_9414_cov_34.165217	2416	2484	20	1	68	0.0147059
NODE_21_length_9414_cov_34.165217	2416	2484	26	1	68	0.0147059
NODE_21_length_9414_cov_34.165217	2416	2484	30	1	68	0.0147059
NODE_21_length_9414_cov_34.165217	2416	2484	34	11	68	0.1617647
NODE_21_length_9414_cov_34.165217	2416	2484	36	6	68	0.0882353
NODE_21_length_9414_cov_34.165217	2416	2484	38	7	68	0.1029412
NODE_21_length_9414_cov_34.165217	2416	2484	40	4	68	0.0588235
NODE_21_length_9414_cov_34.165217	2416	2484	42	10	68	0.1470588
NODE_21_length_9414_cov_34.165217	2416	2484	44	15	68	0.2205882
NODE_21_length_9414_cov_34.165217	5899	5975	84	1	76	0.0131579
NODE_21_length_9414_cov_34.165217	5899	5975	85	1	76	0.0131579
NODE_21_length_9414_cov_34.165217	5899	5975	86	1	76	0.0131579
NODE_21_length_9414_cov_34.165217	5899	5975	87	1	76	0.0131579
NODE_21_length_9414_cov_34.165217	5899	5975	88	2	76	0.0263158
NODE_21_length_9414_cov_34.165217	5899	5975	90	1	76	0.0131579
NODE_21_length_9414_cov_34.165217	5899	5975	94	1	76	0.0131579
NODE_21_length_9414_cov_34.165217	5899	5975	97	1	76	0.0131579
NODE_21_length_9414_cov_34.165217	5899	5975	99	2	76	0.0263158
NODE_21_length_9414_cov_34.165217	5899	5975	100	5	76	0.0657895
NODE_21_length_9414_cov_34.165217	5899	5975	103	5	76	0.0657895
NODE_21_length_9414_cov_34.165217	5899	5975	105	6	76	0.0789474
NODE_21_length_9414_cov_34.165217	5899	5975	106	2	76	0.0263158
NODE_21_length_9414_cov_34.165217	5899	5975	107	10	76	0.1315790
NODE_21_length_9414_cov_34.165217	5899	5975	108	3	76	0.0394737
NODE_21_length_9414_cov_34.165217	5899	5975	109	7	76	0.0921053
NODE_21_length_9414_cov_34.165217	5899	5975	110	3	76	0.0394737
NODE_21_length_9414_cov_34.165217	5899	5975	111	7	76	0.0921053
NODE_21_length_9414_cov_34.165217	5899	5975	112	1	76	0.0131579
NODE_21_length_9414_cov_34.165217	5899	5975	113	5	76	0.0657895
NODE_21_length_9414_cov_34.165217	5899	5975	114	1	76	0.0131579
NODE_21_length_9414_cov_34.165217	5899	5975	115	6	76	0.0789474
NODE_21_length_9414_cov_34.165217	5899	5975	117	4	76	0.0526316
NODE_24_length_9168_cov_47.407542	470	550	25	4	80	0.0500000
NODE_24_length_9168_cov_47.407542	470	550	31	6	80	0.0750000
NODE_24_length_9168_cov_47.407542	470	550	35	2	80	0.0250000
NODE_24_length_9168_cov_47.407542	470	550	37	2	80	0.0250000
NODE_24_length_9168_cov_47.407542	470	550	39	12	80	0.1500000
NODE_24_length_9168_cov_47.407542	470	550	41	6	80	0.0750000
NODE_24_length_9168_cov_47.407542	470	550	42	4	80	0.0500000
NODE_24_length_9168_cov_47.407542	470	550	43	11	80	0.1375000
NODE_24_length_9168_cov_47.407542	470	550	44	20	80	0.2500000
NODE_24_length_9168_cov_47.407542	470	550	47	12	80	0.1500000
NODE_24_length_9168_cov_47.407542	470	550	48	1	80	0.0125000
NODE_24_length_9168_cov_47.407542	523	603	18	18	80	0.2250000
NODE_24_length_9168_cov_47.407542	523	603	22	8	80	0.1000000
NODE_24_length_9168_cov_47.407542	523	603	23	6	80	0.0750000
NODE_24_length_9168_cov_47.407542	523	603	25	4	80	0.0500000
NODE_24_length_9168_cov_47.407542	523	603	29	3	80	0.0375000
NODE_24_length_9168_cov_47.407542	523	603	30	9	80	0.1125000
NODE_24_length_9168_cov_47.407542	523	603	31	15	80	0.1875000
NODE_24_length_9168_cov_47.407542	523	603	35	2	80	0.0250000
NODE_24_length_9168_cov_47.407542	523	603	37	2	80	0.0250000
NODE_24_length_9168_cov_47.407542	523	603	39	10	80	0.1250000
NODE_24_length_9168_cov_47.407542	523	603	41	2	80	0.0250000
NODE_24_length_9168_cov_47.407542	523	603	47	1	80	0.0125000
NODE_27_length_9108_cov_47.430347	4786	4866	207	2	80	0.0250000
NODE_27_length_9108_cov_47.430347	4786	4866	208	3	80	0.0375000
NODE_27_length_9108_cov_47.430347	4786	4866	209	1	80	0.0125000
NODE_27_length_9108_cov_47.430347	4786	4866	211	2	80	0.0250000
NODE_27_length_9108_cov_47.430347	4786	4866	213	5	80	0.0625000
NODE_27_length_9108_cov_47.430347	4786	4866	215	1	80	0.0125000
NODE_27_length_9108_cov_47.430347	4786	4866	216	1	80	0.0125000
NODE_27_length_9108_cov_47.430347	4786	4866	218	1	80	0.0125000
NODE_27_length_9108_cov_47.430347	4786	4866	222	2	80	0.0250000
NODE_27_length_9108_cov_47.430347	4786	4866	223	2	80	0.0250000
NODE_27_length_9108_cov_47.430347	4786	4866	225	1	80	0.0125000
NODE_27_length_9108_cov_47.430347	4786	4866	227	2	80	0.0250000
NODE_27_length_9108_cov_47.430347	4786	4866	229	1	80	0.0125000
NODE_27_length_9108_cov_47.430347	4786	4866	234	1	80	0.0125000
NODE_27_length_9108_cov_47.430347	4786	4866	235	3	80	0.0375000
NODE_27_length_9108_cov_47.430347	4786	4866	236	2	80	0.0250000
NODE_27_length_9108_cov_47.430347	4786	4866	237	2	80	0.0250000
NODE_27_length_9108_cov_47.430347	4786	4866	238	6	80	0.0750000
NODE_27_length_9108_cov_47.430347	4786	4866	239	2	80	0.0250000
NODE_27_length_9108_cov_47.430347	4786	4866	241	2	80	0.0250000
NODE_27_length_9108_cov_47.430347	4786	4866	242	7	80	0.0875000
NODE_27_length_9108_cov_47.430347	4786	4866	243	6	80	0.0750000
NODE_27_length_9108_cov_47.430347	4786	4866	244	3	80	0.0375000
NODE_27_length_9108_cov_47.430347	4786	4866	245	3	80	0.0375000
NODE_27_length_9108_cov_47.430347	4786	4866	246	6	80	0.0750000
NODE_27_length_9108_cov_47.430347	4786	4866	247	4	80	0.0500000
NODE_27_length_9108_cov_47.430347	4786	4866	248	6	80	0.0750000
NODE_27_length_9108_cov_47.430347	4786	4866	249	2	80	0.0250000
NODE_27_length_9108_cov_47.430347	4786	4866	251	1	80	0.0125000
NODE_27_length_9108_cov_47.430347	4839	4902	226	2	63	0.0317460
NODE_27_length_9108_cov_47.430347	4839	4902	228	1	63	0.0158730
NODE_27_length_9108_cov_47.430347	4839	4902	231	1	63	0.0158730
NODE_27_length_9108_cov_47.430347	4839	4902	232	1	63	0.0158730
NODE_27_length_9108_cov_47.430347	4839	4902	233	2	63	0.0317460
NODE_27_length_9108_cov_47.430347	4839	4902	234	1	63	0.0158730
NODE_27_length_9108_cov_47.430347	4839	4902	235	4	63	0.0634921
NODE_27_length_9108_cov_47.430347	4839	4902	237	3	63	0.0476190
NODE_27_length_9108_cov_47.430347	4839	4902	238	6	63	0.0952381
NODE_27_length_9108_cov_47.430347	4839	4902	239	3	63	0.0476190
NODE_27_length_9108_cov_47.430347	4839	4902	241	1	63	0.0158730
NODE_27_length_9108_cov_47.430347	4839	4902	242	6	63	0.0952381
NODE_27_length_9108_cov_47.430347	4839	4902	243	4	63	0.0634921
NODE_27_length_9108_cov_47.430347	4839	4902	244	4	63	0.0634921
NODE_27_length_9108_cov_47.430347	4839	4902	245	2	63	0.0317460
NODE_27_length_9108_cov_47.430347	4839	4902	246	3	63	0.0476190
NODE_27_length_9108_cov_47.430347	4839	4902	247	3	63	0.0476190
NODE_27_length_9108_cov_47.430347	4839	4902	248	8	63	0.1269841
NODE_27_length_9108_cov_47.430347	4839	4902	249	1	63	0.0158730
NODE_27_length_9108_cov_47.430347	4839	4902	250	6	63	0.0952381
NODE_27_length_9108_cov_47.430347	4839	4902	251	1	63	0.0158730
NODE_27_length_9108_cov_47.430347	4895	4963	158	1	68	0.0147059
NODE_27_length_9108_cov_47.430347	4895	4963	160	1	68	0.0147059
NODE_27_length_9108_cov_47.430347	4895	4963	161	1	68	0.0147059
NODE_27_length_9108_cov_47.430347	4895	4963	162	2	68	0.0294118
NODE_27_length_9108_cov_47.430347	4895	4963	169	2	68	0.0294118
NODE_27_length_9108_cov_47.430347	4895	4963	172	1	68	0.0147059
NODE_27_length_9108_cov_47.430347	4895	4963	174	3	68	0.0441176
NODE_27_length_9108_cov_47.430347	4895	4963	182	1	68	0.0147059
NODE_27_length_9108_cov_47.430347	4895	4963	186	1	68	0.0147059
NODE_27_length_9108_cov_47.430347	4895	4963	196	1	68	0.0147059
NODE_27_length_9108_cov_47.430347	4895	4963	198	2	68	0.0294118
NODE_27_length_9108_cov_47.430347	4895	4963	199	1	68	0.0147059
NODE_27_length_9108_cov_47.430347	4895	4963	201	1	68	0.0147059
NODE_27_length_9108_cov_47.430347	4895	4963	203	8	68	0.1176471
NODE_27_length_9108_cov_47.430347	4895	4963	204	1	68	0.0147059
NODE_27_length_9108_cov_47.430347	4895	4963	205	4	68	0.0588235
NODE_27_length_9108_cov_47.430347	4895	4963	206	3	68	0.0441176
NODE_27_length_9108_cov_47.430347	4895	4963	208	1	68	0.0147059
NODE_27_length_9108_cov_47.430347	4895	4963	216	1	68	0.0147059
NODE_27_length_9108_cov_47.430347	4895	4963	219	1	68	0.0147059
NODE_27_length_9108_cov_47.430347	4895	4963	220	2	68	0.0294118
NODE_27_length_9108_cov_47.430347	4895	4963	222	2	68	0.0294118
NODE_27_length_9108_cov_47.430347	4895	4963	223	1	68	0.0147059
NODE_27_length_9108_cov_47.430347	4895	4963	224	2	68	0.0294118
NODE_27_length_9108_cov_47.430347	4895	4963	228	4	68	0.0588235
NODE_27_length_9108_cov_47.430347	4895	4963	229	1	68	0.0147059
NODE_27_length_9108_cov_47.430347	4895	4963	230	3	68	0.0441176
NODE_27_length_9108_cov_47.430347	4895	4963	231	4	68	0.0588235
NODE_27_length_9108_cov_47.430347	4895	4963	237	2	68	0.0294118
NODE_27_length_9108_cov_47.430347	4895	4963	238	1	68	0.0147059
NODE_27_length_9108_cov_47.430347	4895	4963	239	3	68	0.0441176
NODE_27_length_9108_cov_47.430347	4895	4963	241	1	68	0.0147059
NODE_27_length_9108_cov_47.430347	4895	4963	244	1	68	0.0147059
NODE_27_length_9108_cov_47.430347	4895	4963	248	2	68	0.0294118
NODE_27_length_9108_cov_47.430347	4895	4963	250	1	68	0.0147059
NODE_27_length_9108_cov_47.430347	4895	4963	251	1	68	0.0147059
NODE_27_length_9108_cov_47.430347	4936	5016	25	1	80	0.0125000
NODE_27_length_9108_cov_47.430347	4936	5016	27	1	80	0.0125000
NODE_27_length_9108_cov_47.430347	4936	5016	29	2	80	0.0250000
NODE_27_length_9108_cov_47.430347	4936	5016	30	1	80	0.0125000
NODE_27_length_9108_cov_47.430347	4936	5016	38	1	80	0.0125000
NODE_27_length_9108_cov_47.430347	4936	5016	42	1	80	0.0125000
NODE_27_length_9108_cov_47.430347	4936	5016	49	1	80	0.0125000
NODE_27_length_9108_cov_47.430347	4936	5016	53	1	80	0.0125000
NODE_27_length_9108_cov_47.430347	4936	5016	59	1	80	0.0125000
NODE_27_length_9108_cov_47.430347	4936	5016	66	1	80	0.0125000
NODE_27_length_9108_cov_47.430347	4936	5016	72	1	80	0.0125000
NODE_27_length_9108_cov_47.430347	4936	5016	79	4	80	0.0500000
NODE_27_length_9108_cov_47.430347	4936	5016	85	1	80	0.0125000
NODE_27_length_9108_cov_47.430347	4936	5016	89	1	80	0.0125000
NODE_27_length_9108_cov_47.430347	4936	5016	93	3	80	0.0375000
NODE_27_length_9108_cov_47.430347	4936	5016	94	5	80	0.0625000
NODE_27_length_9108_cov_47.430347	4936	5016	98	5	80	0.0625000
NODE_27_length_9108_cov_47.430347	4936	5016	103	1	80	0.0125000
NODE_27_length_9108_cov_47.430347	4936	5016	108	2	80	0.0250000
NODE_27_length_9108_cov_47.430347	4936	5016	110	1	80	0.0125000
NODE_27_length_9108_cov_47.430347	4936	5016	116	1	80	0.0125000
NODE_27_length_9108_cov_47.430347	4936	5016	122	1	80	0.0125000
NODE_27_length_9108_cov_47.430347	4936	5016	126	1	80	0.0125000
NODE_27_length_9108_cov_47.430347	4936	5016	132	1	80	0.0125000
NODE_27_length_9108_cov_47.430347	4936	5016	134	1	80	0.0125000
NODE_27_length_9108_cov_47.430347	4936	5016	135	2	80	0.0250000
NODE_27_length_9108_cov_47.430347	4936	5016	139	3	80	0.0375000
NODE_27_length_9108_cov_47.430347	4936	5016	143	1	80	0.0125000
NODE_27_length_9108_cov_47.430347	4936	5016	146	1	80	0.0125000
NODE_27_length_9108_cov_47.430347	4936	5016	152	1	80	0.0125000
NODE_27_length_9108_cov_47.430347	4936	5016	153	1	80	0.0125000
NODE_27_length_9108_cov_47.430347	4936	5016	155	2	80	0.0250000
NODE_27_length_9108_cov_47.430347	4936	5016	156	2	80	0.0250000
NODE_27_length_9108_cov_47.430347	4936	5016	158	1	80	0.0125000
NODE_27_length_9108_cov_47.430347	4936	5016	160	1	80	0.0125000
NODE_27_length_9108_cov_47.430347	4936	5016	161	1	80	0.0125000
NODE_27_length_9108_cov_47.430347	4936	5016	162	2	80	0.0250000
NODE_27_length_9108_cov_47.430347	4936	5016	169	2	80	0.0250000
NODE_27_length_9108_cov_47.430347	4936	5016	172	1	80	0.0125000
NODE_27_length_9108_cov_47.430347	4936	5016	174	3	80	0.0375000
NODE_27_length_9108_cov_47.430347	4936	5016	182	1	80	0.0125000
NODE_27_length_9108_cov_47.430347	4936	5016	186	1	80	0.0125000
NODE_27_length_9108_cov_47.430347	4936	5016	196	1	80	0.0125000
NODE_27_length_9108_cov_47.430347	4936	5016	198	2	80	0.0250000
NODE_27_length_9108_cov_47.430347	4936	5016	199	1	80	0.0125000
NODE_27_length_9108_cov_47.430347	4936	5016	201	1	80	0.0125000
NODE_27_length_9108_cov_47.430347	4936	5016	203	8	80	0.1000000
NODE_27_length_9108_cov_47.430347	4936	5016	204	1	80	0.0125000
NODE_28_length_9108_cov_26.469974	44	120	0	1	76	0.0131579
NODE_28_length_9108_cov_26.469974	44	120	6	75	76	0.9868421
NODE_28_length_9108_cov_26.469974	7711	7791	4	1	80	0.0125000
NODE_28_length_9108_cov_26.469974	7711	7791	11	12	80	0.1500000
NODE_28_length_9108_cov_26.469974	7711	7791	13	4	80	0.0500000
NODE_28_length_9108_cov_26.469974	7711	7791	15	3	80	0.0375000
NODE_28_length_9108_cov_26.469974	7711	7791	16	3	80	0.0375000
NODE_28_length_9108_cov_26.469974	7711	7791	18	5	80	0.0625000
NODE_28_length_9108_cov_26.469974	7711	7791	22	3	80	0.0375000
NODE_28_length_9108_cov_26.469974	7711	7791	23	4	80	0.0500000
NODE_28_length_9108_cov_26.469974	7711	7791	25	1	80	0.0125000
NODE_28_length_9108_cov_26.469974	7711	7791	26	18	80	0.2250000
NODE_28_length_9108_cov_26.469974	7711	7791	30	1	80	0.0125000
NODE_28_length_9108_cov_26.469974	7711	7791	34	1	80	0.0125000
NODE_28_length_9108_cov_26.469974	7711	7791	38	1	80	0.0125000
NODE_28_length_9108_cov_26.469974	7711	7791	40	1	80	0.0125000
NODE_28_length_9108_cov_26.469974	7711	7791	42	1	80	0.0125000
NODE_28_length_9108_cov_26.469974	7711	7791	43	1	80	0.0125000
NODE_28_length_9108_cov_26.469974	7711	7791	44	1	80	0.0125000
NODE_28_length_9108_cov_26.469974	7711	7791	45	1	80	0.0125000
NODE_28_length_9108_cov_26.469974	7711	7791	48	1	80	0.0125000
NODE_28_length_9108_cov_26.469974	7711	7791	50	1	80	0.0125000
NODE_28_length_9108_cov_26.469974	7711	7791	53	1	80	0.0125000
NODE_28_length_9108_cov_26.469974	7711	7791	54	1	80	0.0125000
NODE_28_length_9108_cov_26.469974	7711	7791	60	1	80	0.0125000
NODE_28_length_9108_cov_26.469974	7711	7791	64	3	80	0.0375000
NODE_28_length_9108_cov_26.469974	7711	7791	65	2	80	0.0250000
NODE_28_length_9108_cov_26.469974	7711	7791	66	2	80	0.0250000
NODE_28_length_9108_cov_26.469974	7711	7791	67	4	80	0.0500000
NODE_28_length_9108_cov_26.469974	7711	7791	70	1	80	0.0125000
NODE_28_length_9108_cov_26.469974	7711	7791	73	1	80	0.0125000
NODE_28_length_9108_cov_26.469974	8144	8224	8	1	80	0.0125000
NODE_28_length_9108_cov_26.469974	8144	8224	18	3	80	0.0375000
NODE_28_length_9108_cov_26.469974	8144	8224	22	1	80	0.0125000
NODE_28_length_9108_cov_26.469974	8144	8224	23	2	80	0.0250000
NODE_28_length_9108_cov_26.469974	8144	8224	29	2	80	0.0250000
NODE_28_length_9108_cov_26.469974	8144	8224	30	4	80	0.0500000
NODE_28_length_9108_cov_26.469974	8144	8224	33	5	80	0.0625000
NODE_28_length_9108_cov_26.469974	8144	8224	35	5	80	0.0625000
NODE_28_length_9108_cov_26.469974	8144	8224	42	2	80	0.0250000
NODE_28_length_9108_cov_26.469974	8144	8224	44	2	80	0.0250000
NODE_28_length_9108_cov_26.469974	8144	8224	46	2	80	0.0250000
NODE_28_length_9108_cov_26.469974	8144	8224	50	2	80	0.0250000
NODE_28_length_9108_cov_26.469974	8144	8224	52	2	80	0.0250000
NODE_28_length_9108_cov_26.469974	8144	8224	55	2	80	0.0250000
NODE_28_length_9108_cov_26.469974	8144	8224	57	2	80	0.0250000
NODE_28_length_9108_cov_26.469974	8144	8224	60	2	80	0.0250000
NODE_28_length_9108_cov_26.469974	8144	8224	61	2	80	0.0250000
NODE_28_length_9108_cov_26.469974	8144	8224	64	2	80	0.0250000
NODE_28_length_9108_cov_26.469974	8144	8224	65	1	80	0.0125000
NODE_28_length_9108_cov_26.469974	8144	8224	69	5	80	0.0625000
NODE_28_length_9108_cov_26.469974	8144	8224	73	5	80	0.0625000
NODE_28_length_9108_cov_26.469974	8144	8224	75	1	80	0.0125000
NODE_28_length_9108_cov_26.469974	8144	8224	76	1	80	0.0125000
NODE_28_length_9108_cov_26.469974	8144	8224	77	4	80	0.0500000
NODE_28_length_9108_cov_26.469974	8144	8224	81	4	80	0.0500000
NODE_28_length_9108_cov_26.469974	8144	8224	85	1	80	0.0125000
NODE_28_length_9108_cov_26.469974	8144	8224	87	1	80	0.0125000
NODE_28_length_9108_cov_26.469974	8144	8224	94	1	80	0.0125000
NODE_28_length_9108_cov_26.469974	8144	8224	96	1	80	0.0125000
NODE_28_length_9108_cov_26.469974	8144	8224	98	5	80	0.0625000
NODE_28_length_9108_cov_26.469974	8144	8224	99	1	80	0.0125000
NODE_28_length_9108_cov_26.469974	8144	8224	100	1	80	0.0125000
NODE_28_length_9108_cov_26.469974	8144	8224	102	1	80	0.0125000
NODE_28_length_9108_cov_26.469974	8144	8224	106	4	80	0.0500000
NODE_28_length_9108_cov_26.469974	8568	8648	0	25	80	0.3125000
NODE_28_length_9108_cov_26.469974	8568	8648	7	13	80	0.1625000
NODE_28_length_9108_cov_26.469974	8568	8648	13	1	80	0.0125000
NODE_28_length_9108_cov_26.469974	8568	8648	14	41	80	0.5125000
NODE_28_length_9108_cov_26.469974	8621	8701	14	80	80	1.0000000
NODE_30_length_8743_cov_14.172721	7849	7929	47	2	80	0.0250000
NODE_30_length_8743_cov_14.172721	7849	7929	49	2	80	0.0250000
NODE_30_length_8743_cov_14.172721	7849	7929	52	2	80	0.0250000
NODE_30_length_8743_cov_14.172721	7849	7929	54	1	80	0.0125000
NODE_30_length_8743_cov_14.172721	7849	7929	58	12	80	0.1500000
NODE_30_length_8743_cov_14.172721	7849	7929	60	1	80	0.0125000
NODE_30_length_8743_cov_14.172721	7849	7929	62	9	80	0.1125000
NODE_30_length_8743_cov_14.172721	7849	7929	64	11	80	0.1375000
NODE_30_length_8743_cov_14.172721	7849	7929	67	8	80	0.1000000
NODE_30_length_8743_cov_14.172721	7849	7929	68	14	80	0.1750000
NODE_30_length_8743_cov_14.172721	7849	7929	72	3	80	0.0375000
NODE_30_length_8743_cov_14.172721	7849	7929	74	15	80	0.1875000
NODE_30_length_8743_cov_14.172721	7902	7964	12	1	62	0.0161290
NODE_30_length_8743_cov_14.172721	7902	7964	20	6	62	0.0967742
NODE_30_length_8743_cov_14.172721	7902	7964	22	1	62	0.0161290
NODE_30_length_8743_cov_14.172721	7902	7964	30	7	62	0.1129032
NODE_30_length_8743_cov_14.172721	7902	7964	32	7	62	0.1129032
NODE_30_length_8743_cov_14.172721	7902	7964	34	2	62	0.0322581
NODE_30_length_8743_cov_14.172721	7902	7964	38	2	62	0.0322581
NODE_30_length_8743_cov_14.172721	7902	7964	42	2	62	0.0322581
NODE_30_length_8743_cov_14.172721	7902	7964	44	1	62	0.0161290
NODE_30_length_8743_cov_14.172721	7902	7964	45	1	62	0.0161290
NODE_30_length_8743_cov_14.172721	7902	7964	47	7	62	0.1129032
NODE_30_length_8743_cov_14.172721	7902	7964	49	2	62	0.0322581
NODE_30_length_8743_cov_14.172721	7902	7964	52	2	62	0.0322581
NODE_30_length_8743_cov_14.172721	7902	7964	54	1	62	0.0161290
NODE_30_length_8743_cov_14.172721	7902	7964	58	12	62	0.1935484
NODE_30_length_8743_cov_14.172721	7902	7964	60	1	62	0.0161290
NODE_30_length_8743_cov_14.172721	7902	7964	62	7	62	0.1129032
NODE_32_length_8707_cov_6.353044	8541	8621	6	12	80	0.1500000
NODE_32_length_8707_cov_6.353044	8541	8621	22	8	80	0.1000000
NODE_32_length_8707_cov_6.353044	8541	8621	25	2	80	0.0250000
NODE_32_length_8707_cov_6.353044	8541	8621	26	15	80	0.1875000
NODE_32_length_8707_cov_6.353044	8541	8621	28	4	80	0.0500000
NODE_32_length_8707_cov_6.353044	8541	8621	36	4	80	0.0500000
NODE_32_length_8707_cov_6.353044	8541	8621	38	4	80	0.0500000
NODE_32_length_8707_cov_6.353044	8541	8621	42	31	80	0.3875000
NODE_32_length_8707_cov_6.353044	8541	8621	6	12	80	0.1500000
NODE_32_length_8707_cov_6.353044	8541	8621	22	8	80	0.1000000
NODE_32_length_8707_cov_6.353044	8541	8621	25	2	80	0.0250000
NODE_32_length_8707_cov_6.353044	8541	8621	26	15	80	0.1875000
NODE_32_length_8707_cov_6.353044	8541	8621	28	4	80	0.0500000
NODE_32_length_8707_cov_6.353044	8541	8621	36	4	80	0.0500000
NODE_32_length_8707_cov_6.353044	8541	8621	38	4	80	0.0500000
NODE_32_length_8707_cov_6.353044	8541	8621	42	31	80	0.3875000
NODE_32_length_8707_cov_6.353044	8541	8621	6	12	80	0.1500000
NODE_32_length_8707_cov_6.353044	8541	8621	22	8	80	0.1000000
NODE_32_length_8707_cov_6.353044	8541	8621	25	2	80	0.0250000
NODE_32_length_8707_cov_6.353044	8541	8621	26	15	80	0.1875000
NODE_32_length_8707_cov_6.353044	8541	8621	28	4	80	0.0500000
NODE_32_length_8707_cov_6.353044	8541	8621	36	4	80	0.0500000
NODE_32_length_8707_cov_6.353044	8541	8621	38	4	80	0.0500000
NODE_32_length_8707_cov_6.353044	8541	8621	42	31	80	0.3875000
NODE_32_length_8707_cov_6.353044	8594	8674	21	4	80	0.0500000
NODE_32_length_8707_cov_6.353044	8594	8674	36	1	80	0.0125000
NODE_32_length_8707_cov_6.353044	8594	8674	37	34	80	0.4250000
NODE_32_length_8707_cov_6.353044	8594	8674	39	2	80	0.0250000
NODE_32_length_8707_cov_6.353044	8594	8674	40	3	80	0.0375000
NODE_32_length_8707_cov_6.353044	8594	8674	42	36	80	0.4500000
NODE_32_length_8707_cov_6.353044	8594	8674	21	4	80	0.0500000
NODE_32_length_8707_cov_6.353044	8594	8674	36	1	80	0.0125000
NODE_32_length_8707_cov_6.353044	8594	8674	37	34	80	0.4250000
NODE_32_length_8707_cov_6.353044	8594	8674	39	2	80	0.0250000
NODE_32_length_8707_cov_6.353044	8594	8674	40	3	80	0.0375000
NODE_32_length_8707_cov_6.353044	8594	8674	42	36	80	0.4500000
NODE_32_length_8707_cov_6.353044	8594	8673	21	3	79	0.0379747
NODE_32_length_8707_cov_6.353044	8594	8673	36	1	79	0.0126582
NODE_32_length_8707_cov_6.353044	8594	8673	37	34	79	0.4303797
NODE_32_length_8707_cov_6.353044	8594	8673	39	2	79	0.0253165
NODE_32_length_8707_cov_6.353044	8594	8673	40	3	79	0.0379747
NODE_32_length_8707_cov_6.353044	8594	8673	42	36	79	0.4556962
NODE_32_length_8707_cov_6.353044	8599	8674	21	4	75	0.0533333
NODE_32_length_8707_cov_6.353044	8599	8674	36	1	75	0.0133333
NODE_32_length_8707_cov_6.353044	8599	8674	37	34	75	0.4533333
NODE_32_length_8707_cov_6.353044	8599	8674	39	2	75	0.0266667
NODE_32_length_8707_cov_6.353044	8599	8674	40	3	75	0.0400000
NODE_32_length_8707_cov_6.353044	8599	8674	42	31	75	0.4133333
NODE_38_length_8281_cov_13.025177	7108	7188	0	28	80	0.3500000
NODE_38_length_8281_cov_13.025177	7108	7188	1	26	80	0.3250000
NODE_38_length_8281_cov_13.025177	7108	7188	2	9	80	0.1125000
NODE_38_length_8281_cov_13.025177	7108	7188	3	5	80	0.0625000
NODE_38_length_8281_cov_13.025177	7108	7188	4	12	80	0.1500000
NODE_38_length_8281_cov_13.025177	7161	7199	1	1	38	0.0263158
NODE_38_length_8281_cov_13.025177	7161	7199	2	9	38	0.2368421
NODE_38_length_8281_cov_13.025177	7161	7199	3	5	38	0.1315790
NODE_38_length_8281_cov_13.025177	7161	7199	4	23	38	0.6052632
NODE_38_length_8281_cov_13.025177	7175	7255	3	1	80	0.0125000
NODE_38_length_8281_cov_13.025177	7175	7255	4	79	80	0.9875000
NODE_38_length_8281_cov_13.025177	7228	7308	4	52	80	0.6500000
NODE_38_length_8281_cov_13.025177	7228	7308	5	11	80	0.1375000
NODE_38_length_8281_cov_13.025177	7228	7308	6	6	80	0.0750000
NODE_38_length_8281_cov_13.025177	7228	7308	7	11	80	0.1375000
NODE_38_length_8281_cov_13.025177	7749	7829	0	80	80	1.0000000
NODE_38_length_8281_cov_13.025177	7802	7882	0	29	80	0.3625000
NODE_38_length_8281_cov_13.025177	7802	7882	2	51	80	0.6375000
NODE_38_length_8281_cov_13.025177	7878	7958	2	80	80	1.0000000
NODE_38_length_8281_cov_13.025177	7931	8011	0	32	80	0.4000000
NODE_38_length_8281_cov_13.025177	7931	8011	2	48	80	0.6000000
NODE_39_length_8259_cov_60.011152	1424	1504	0	2	80	0.0250000
NODE_39_length_8259_cov_60.011152	1424	1504	1	17	80	0.2125000
NODE_39_length_8259_cov_60.011152	1424	1504	2	3	80	0.0375000
NODE_39_length_8259_cov_60.011152	1424	1504	3	1	80	0.0125000
NODE_39_length_8259_cov_60.011152	1424	1504	4	31	80	0.3875000
NODE_39_length_8259_cov_60.011152	1424	1504	9	15	80	0.1875000
NODE_39_length_8259_cov_60.011152	1424	1504	10	11	80	0.1375000
NODE_39_length_8259_cov_60.011152	1477	1549	4	1	72	0.0138889
NODE_39_length_8259_cov_60.011152	1477	1549	9	15	72	0.2083333
NODE_39_length_8259_cov_60.011152	1477	1549	10	33	72	0.4583333
NODE_39_length_8259_cov_60.011152	1477	1549	14	1	72	0.0138889
NODE_39_length_8259_cov_60.011152	1477	1549	15	2	72	0.0277778
NODE_39_length_8259_cov_60.011152	1477	1549	16	20	72	0.2777778
NODE_40_length_8228_cov_17.079592	314	394	4	80	80	1.0000000
NODE_40_length_8228_cov_17.079592	367	447	0	43	80	0.5375000
NODE_40_length_8228_cov_17.079592	367	447	2	5	80	0.0625000
NODE_40_length_8228_cov_17.079592	367	447	4	32	80	0.4000000
NODE_40_length_8228_cov_17.079592	443	523	2	49	80	0.6125000
NODE_40_length_8228_cov_17.079592	443	523	3	29	80	0.3625000
NODE_40_length_8228_cov_17.079592	443	523	4	2	80	0.0250000
NODE_40_length_8228_cov_17.079592	496	576	2	3	80	0.0375000
NODE_40_length_8228_cov_17.079592	496	576	3	25	80	0.3125000
NODE_40_length_8228_cov_17.079592	496	576	4	52	80	0.6500000
NODE_40_length_8228_cov_17.079592	3154	3217	50	1	63	0.0158730
NODE_40_length_8228_cov_17.079592	3154	3217	95	1	63	0.0158730
NODE_40_length_8228_cov_17.079592	3154	3217	97	1	63	0.0158730
NODE_40_length_8228_cov_17.079592	3154	3217	99	1	63	0.0158730
NODE_40_length_8228_cov_17.079592	3154	3217	106	1	63	0.0158730
NODE_40_length_8228_cov_17.079592	3154	3217	108	2	63	0.0317460
NODE_40_length_8228_cov_17.079592	3154	3217	110	2	63	0.0317460
NODE_40_length_8228_cov_17.079592	3154	3217	112	1	63	0.0158730
NODE_40_length_8228_cov_17.079592	3154	3217	116	2	63	0.0317460
NODE_40_length_8228_cov_17.079592	3154	3217	120	3	63	0.0476190
NODE_40_length_8228_cov_17.079592	3154	3217	122	1	63	0.0158730
NODE_40_length_8228_cov_17.079592	3154	3217	125	1	63	0.0158730
NODE_40_length_8228_cov_17.079592	3154	3217	130	1	63	0.0158730
NODE_40_length_8228_cov_17.079592	3154	3217	131	1	63	0.0158730
NODE_40_length_8228_cov_17.079592	3154	3217	134	1	63	0.0158730
NODE_40_length_8228_cov_17.079592	3154	3217	136	6	63	0.0952381
NODE_40_length_8228_cov_17.079592	3154	3217	138	4	63	0.0634921
NODE_40_length_8228_cov_17.079592	3154	3217	150	1	63	0.0158730
NODE_40_length_8228_cov_17.079592	3154	3217	152	1	63	0.0158730
NODE_40_length_8228_cov_17.079592	3154	3217	154	1	63	0.0158730
NODE_40_length_8228_cov_17.079592	3154	3217	156	1	63	0.0158730
NODE_40_length_8228_cov_17.079592	3154	3217	170	1	63	0.0158730
NODE_40_length_8228_cov_17.079592	3154	3217	184	2	63	0.0317460
NODE_40_length_8228_cov_17.079592	3154	3217	190	1	63	0.0158730
NODE_40_length_8228_cov_17.079592	3154	3217	194	3	63	0.0476190
NODE_40_length_8228_cov_17.079592	3154	3217	196	4	63	0.0634921
NODE_40_length_8228_cov_17.079592	3154	3217	198	2	63	0.0317460
NODE_40_length_8228_cov_17.079592	3154	3217	205	1	63	0.0158730
NODE_40_length_8228_cov_17.079592	3154	3217	206	1	63	0.0158730
NODE_40_length_8228_cov_17.079592	3154	3217	208	2	63	0.0317460
NODE_40_length_8228_cov_17.079592	3154	3217	210	9	63	0.1428571
NODE_40_length_8228_cov_17.079592	3154	3217	212	3	63	0.0476190
NODE_43_length_8100_cov_32.115236	501	581	14	4	80	0.0500000
NODE_43_length_8100_cov_32.115236	501	581	16	24	80	0.3000000
NODE_43_length_8100_cov_32.115236	501	581	18	8	80	0.1000000
NODE_43_length_8100_cov_32.115236	501	581	22	16	80	0.2000000
NODE_43_length_8100_cov_32.115236	501	581	24	2	80	0.0250000
NODE_43_length_8100_cov_32.115236	501	581	26	3	80	0.0375000
NODE_43_length_8100_cov_32.115236	501	581	28	23	80	0.2875000
NODE_43_length_8100_cov_32.115236	554	634	12	7	80	0.0875000
NODE_43_length_8100_cov_32.115236	554	634	14	22	80	0.2750000
NODE_43_length_8100_cov_32.115236	554	634	16	14	80	0.1750000
NODE_43_length_8100_cov_32.115236	554	634	19	2	80	0.0250000
NODE_43_length_8100_cov_32.115236	554	634	20	1	80	0.0125000
NODE_43_length_8100_cov_32.115236	554	634	22	9	80	0.1125000
NODE_43_length_8100_cov_32.115236	554	634	24	1	80	0.0125000
NODE_43_length_8100_cov_32.115236	554	634	26	3	80	0.0375000
NODE_43_length_8100_cov_32.115236	554	634	28	21	80	0.2625000
NODE_43_length_8100_cov_32.115236	1383	1463	0	26	80	0.3250000
NODE_43_length_8100_cov_32.115236	1383	1463	2	54	80	0.6750000
NODE_43_length_8100_cov_32.115236	1436	1516	0	26	80	0.3250000
NODE_43_length_8100_cov_32.115236	1436	1516	1	4	80	0.0500000
NODE_43_length_8100_cov_32.115236	1436	1516	2	50	80	0.6250000
NODE_43_length_8100_cov_32.115236	3391	3462	378	1	71	0.0140845
NODE_43_length_8100_cov_32.115236	3391	3462	384	1	71	0.0140845
NODE_43_length_8100_cov_32.115236	3391	3462	386	1	71	0.0140845
NODE_43_length_8100_cov_32.115236	3391	3462	387	1	71	0.0140845
NODE_43_length_8100_cov_32.115236	3391	3462	394	1	71	0.0140845
NODE_43_length_8100_cov_32.115236	3391	3462	398	1	71	0.0140845
NODE_43_length_8100_cov_32.115236	3391	3462	418	2	71	0.0281690
NODE_43_length_8100_cov_32.115236	3391	3462	420	1	71	0.0140845
NODE_43_length_8100_cov_32.115236	3391	3462	434	1	71	0.0140845
NODE_43_length_8100_cov_32.115236	3391	3462	442	1	71	0.0140845
NODE_43_length_8100_cov_32.115236	3391	3462	444	1	71	0.0140845
NODE_43_length_8100_cov_32.115236	3391	3462	446	1	71	0.0140845
NODE_43_length_8100_cov_32.115236	3391	3462	460	1	71	0.0140845
NODE_43_length_8100_cov_32.115236	3391	3462	463	1	71	0.0140845
NODE_43_length_8100_cov_32.115236	3391	3462	472	1	71	0.0140845
NODE_43_length_8100_cov_32.115236	3391	3462	489	1	71	0.0140845
NODE_43_length_8100_cov_32.115236	3391	3462	515	1	71	0.0140845
NODE_43_length_8100_cov_32.115236	3391	3462	518	1	71	0.0140845
NODE_43_length_8100_cov_32.115236	3391	3462	555	1	71	0.0140845
NODE_43_length_8100_cov_32.115236	3391	3462	564	1	71	0.0140845
NODE_43_length_8100_cov_32.115236	3391	3462	580	1	71	0.0140845
NODE_43_length_8100_cov_32.115236	3391	3462	598	1	71	0.0140845
NODE_43_length_8100_cov_32.115236	3391	3462	600	1	71	0.0140845
NODE_43_length_8100_cov_32.115236	3391	3462	602	1	71	0.0140845
NODE_43_length_8100_cov_32.115236	3391	3462	610	1	71	0.0140845
NODE_43_length_8100_cov_32.115236	3391	3462	615	1	71	0.0140845
NODE_43_length_8100_cov_32.115236	3391	3462	622	1	71	0.0140845
NODE_43_length_8100_cov_32.115236	3391	3462	625	1	71	0.0140845
NODE_43_length_8100_cov_32.115236	3391	3462	632	1	71	0.0140845
NODE_43_length_8100_cov_32.115236	3391	3462	633	1	71	0.0140845
NODE_43_length_8100_cov_32.115236	3391	3462	645	2	71	0.0281690
NODE_43_length_8100_cov_32.115236	3391	3462	646	3	71	0.0422535
NODE_43_length_8100_cov_32.115236	3391	3462	647	1	71	0.0140845
NODE_43_length_8100_cov_32.115236	3391	3462	650	2	71	0.0281690
NODE_43_length_8100_cov_32.115236	3391	3462	651	2	71	0.0281690
NODE_43_length_8100_cov_32.115236	3391	3462	653	1	71	0.0140845
NODE_43_length_8100_cov_32.115236	3391	3462	655	1	71	0.0140845
NODE_43_length_8100_cov_32.115236	3391	3462	657	2	71	0.0281690
NODE_43_length_8100_cov_32.115236	3391	3462	660	1	71	0.0140845
NODE_43_length_8100_cov_32.115236	3391	3462	663	1	71	0.0140845
NODE_43_length_8100_cov_32.115236	3391	3462	667	1	71	0.0140845
NODE_43_length_8100_cov_32.115236	3391	3462	672	2	71	0.0281690
NODE_43_length_8100_cov_32.115236	3391	3462	673	2	71	0.0281690
NODE_43_length_8100_cov_32.115236	3391	3462	674	2	71	0.0281690
NODE_43_length_8100_cov_32.115236	3391	3462	675	1	71	0.0140845
NODE_43_length_8100_cov_32.115236	3391	3462	676	2	71	0.0281690
NODE_43_length_8100_cov_32.115236	3391	3462	677	2	71	0.0281690
NODE_43_length_8100_cov_32.115236	3391	3462	679	2	71	0.0281690
NODE_43_length_8100_cov_32.115236	3391	3462	682	7	71	0.0985916
NODE_43_length_8100_cov_32.115236	3391	3462	684	2	71	0.0281690
NODE_43_length_8100_cov_32.115236	3391	3462	685	1	71	0.0140845
NODE_43_length_8100_cov_32.115236	3435	3483	275	1	48	0.0208333
NODE_43_length_8100_cov_32.115236	3435	3483	278	1	48	0.0208333
NODE_43_length_8100_cov_32.115236	3435	3483	279	1	48	0.0208333
NODE_43_length_8100_cov_32.115236	3435	3483	280	1	48	0.0208333
NODE_43_length_8100_cov_32.115236	3435	3483	281	2	48	0.0416667
NODE_43_length_8100_cov_32.115236	3435	3483	287	1	48	0.0208333
NODE_43_length_8100_cov_32.115236	3435	3483	288	1	48	0.0208333
NODE_43_length_8100_cov_32.115236	3435	3483	289	1	48	0.0208333
NODE_43_length_8100_cov_32.115236	3435	3483	301	1	48	0.0208333
NODE_43_length_8100_cov_32.115236	3435	3483	314	1	48	0.0208333
NODE_43_length_8100_cov_32.115236	3435	3483	315	1	48	0.0208333
NODE_43_length_8100_cov_32.115236	3435	3483	321	1	48	0.0208333
NODE_43_length_8100_cov_32.115236	3435	3483	332	1	48	0.0208333
NODE_43_length_8100_cov_32.115236	3435	3483	341	1	48	0.0208333
NODE_43_length_8100_cov_32.115236	3435	3483	346	1	48	0.0208333
NODE_43_length_8100_cov_32.115236	3435	3483	356	1	48	0.0208333
NODE_43_length_8100_cov_32.115236	3435	3483	358	1	48	0.0208333
NODE_43_length_8100_cov_32.115236	3435	3483	366	1	48	0.0208333
NODE_43_length_8100_cov_32.115236	3435	3483	367	1	48	0.0208333
NODE_43_length_8100_cov_32.115236	3435	3483	368	1	48	0.0208333
NODE_43_length_8100_cov_32.115236	3435	3483	378	1	48	0.0208333
NODE_43_length_8100_cov_32.115236	3435	3483	384	1	48	0.0208333
NODE_43_length_8100_cov_32.115236	3435	3483	386	1	48	0.0208333
NODE_43_length_8100_cov_32.115236	3435	3483	387	1	48	0.0208333
NODE_43_length_8100_cov_32.115236	3435	3483	394	1	48	0.0208333
NODE_43_length_8100_cov_32.115236	3435	3483	398	1	48	0.0208333
NODE_43_length_8100_cov_32.115236	3435	3483	418	2	48	0.0416667
NODE_43_length_8100_cov_32.115236	3435	3483	420	1	48	0.0208333
NODE_43_length_8100_cov_32.115236	3435	3483	434	1	48	0.0208333
NODE_43_length_8100_cov_32.115236	3435	3483	442	1	48	0.0208333
NODE_43_length_8100_cov_32.115236	3435	3483	444	1	48	0.0208333
NODE_43_length_8100_cov_32.115236	3435	3483	446	1	48	0.0208333
NODE_43_length_8100_cov_32.115236	3435	3483	460	1	48	0.0208333
NODE_43_length_8100_cov_32.115236	3435	3483	463	1	48	0.0208333
NODE_43_length_8100_cov_32.115236	3435	3483	472	1	48	0.0208333
NODE_43_length_8100_cov_32.115236	3435	3483	489	1	48	0.0208333
NODE_43_length_8100_cov_32.115236	3435	3483	515	1	48	0.0208333
NODE_43_length_8100_cov_32.115236	3435	3483	518	1	48	0.0208333
NODE_43_length_8100_cov_32.115236	3435	3483	555	1	48	0.0208333
NODE_43_length_8100_cov_32.115236	3435	3483	564	1	48	0.0208333
NODE_43_length_8100_cov_32.115236	3435	3483	580	1	48	0.0208333
NODE_43_length_8100_cov_32.115236	3435	3483	598	1	48	0.0208333
NODE_43_length_8100_cov_32.115236	3435	3483	600	1	48	0.0208333
NODE_43_length_8100_cov_32.115236	3435	3483	602	1	48	0.0208333
NODE_43_length_8100_cov_32.115236	3435	3483	610	1	48	0.0208333
NODE_43_length_8100_cov_32.115236	3435	3483	615	1	48	0.0208333
NODE_46_length_7962_cov_31.622790	6281	6363	106	4	82	0.0487805
NODE_46_length_7962_cov_31.622790	6281	6363	107	2	82	0.0243902
NODE_46_length_7962_cov_31.622790	6281	6363	108	3	82	0.0365854
NODE_46_length_7962_cov_31.622790	6281	6363	110	2	82	0.0243902
NODE_46_length_7962_cov_31.622790	6281	6363	111	1	82	0.0121951
NODE_46_length_7962_cov_31.622790	6281	6363	112	3	82	0.0365854
NODE_46_length_7962_cov_31.622790	6281	6363	114	2	82	0.0243902
NODE_46_length_7962_cov_31.622790	6281	6363	119	1	82	0.0121951
NODE_46_length_7962_cov_31.622790	6281	6363	120	2	82	0.0243902
NODE_46_length_7962_cov_31.622790	6281	6363	122	1	82	0.0121951
NODE_46_length_7962_cov_31.622790	6281	6363	126	1	82	0.0121951
NODE_46_length_7962_cov_31.622790	6281	6363	130	1	82	0.0121951
NODE_46_length_7962_cov_31.622790	6281	6363	135	2	82	0.0243902
NODE_46_length_7962_cov_31.622790	6281	6363	137	2	82	0.0243902
NODE_46_length_7962_cov_31.622790	6281	6363	138	2	82	0.0243902
NODE_46_length_7962_cov_31.622790	6281	6363	143	1	82	0.0121951
NODE_46_length_7962_cov_31.622790	6281	6363	145	1	82	0.0121951
NODE_46_length_7962_cov_31.622790	6281	6363	146	3	82	0.0365854
NODE_46_length_7962_cov_31.622790	6281	6363	149	3	82	0.0365854
NODE_46_length_7962_cov_31.622790	6281	6363	150	6	82	0.0731707
NODE_46_length_7962_cov_31.622790	6281	6363	151	2	82	0.0243902
NODE_46_length_7962_cov_31.622790	6281	6363	152	6	82	0.0731707
NODE_46_length_7962_cov_31.622790	6281	6363	153	2	82	0.0243902
NODE_46_length_7962_cov_31.622790	6281	6363	154	2	82	0.0243902
NODE_46_length_7962_cov_31.622790	6281	6363	155	5	82	0.0609756
NODE_46_length_7962_cov_31.622790	6281	6363	156	1	82	0.0121951
NODE_46_length_7962_cov_31.622790	6281	6363	157	1	82	0.0121951
NODE_46_length_7962_cov_31.622790	6281	6363	158	2	82	0.0243902
NODE_46_length_7962_cov_31.622790	6281	6363	160	4	82	0.0487805
NODE_46_length_7962_cov_31.622790	6281	6363	161	3	82	0.0365854
NODE_46_length_7962_cov_31.622790	6281	6363	162	2	82	0.0243902
NODE_46_length_7962_cov_31.622790	6281	6363	163	5	82	0.0609756
NODE_46_length_7962_cov_31.622790	6281	6363	165	4	82	0.0487805
NODE_47_length_7944_cov_12.238496	348	419	0	22	71	0.3098592
NODE_47_length_7944_cov_12.238496	348	419	6	7	71	0.0985916
NODE_47_length_7944_cov_12.238496	348	419	8	14	71	0.1971831
NODE_47_length_7944_cov_12.238496	348	419	10	5	71	0.0704225
NODE_47_length_7944_cov_12.238496	348	419	20	16	71	0.2253521
NODE_47_length_7944_cov_12.238496	348	419	22	7	71	0.0985916
NODE_48_length_7919_cov_14.554859	2380	2460	0	4	80	0.0500000
NODE_48_length_7919_cov_14.554859	2380	2460	2	2	80	0.0250000
NODE_48_length_7919_cov_14.554859	2380	2460	4	1	80	0.0125000
NODE_48_length_7919_cov_14.554859	2380	2460	6	19	80	0.2375000
NODE_48_length_7919_cov_14.554859	2380	2460	8	35	80	0.4375000
NODE_48_length_7919_cov_14.554859	2380	2460	10	19	80	0.2375000
NODE_50_length_7830_cov_4.211098	0	52	0	52	52	1.0000000
NODE_50_length_7830_cov_4.211098	30	105	0	75	75	1.0000000
NODE_52_length_7779_cov_20.230859	7691	7771	2	68	80	0.8500000
NODE_52_length_7779_cov_20.230859	7691	7771	4	12	80	0.1500000
NODE_52_length_7779_cov_20.230859	7691	7771	2	68	80	0.8500000
NODE_52_length_7779_cov_20.230859	7691	7771	4	12	80	0.1500000
NODE_52_length_7779_cov_20.230859	7691	7761	2	58	70	0.8285714
NODE_52_length_7779_cov_20.230859	7691	7761	4	12	70	0.1714286
NODE_52_length_7779_cov_20.230859	7744	7779	0	8	35	0.2285714
NODE_52_length_7779_cov_20.230859	7744	7779	2	27	35	0.7714286
NODE_53_length_7765_cov_18.871119	254	322	15	1	68	0.0147059
NODE_53_length_7765_cov_18.871119	254	322	17	2	68	0.0294118
NODE_53_length_7765_cov_18.871119	254	322	19	3	68	0.0441176
NODE_53_length_7765_cov_18.871119	254	322	21	1	68	0.0147059
NODE_53_length_7765_cov_18.871119	254	322	23	1	68	0.0147059
NODE_53_length_7765_cov_18.871119	254	322	25	1	68	0.0147059
NODE_53_length_7765_cov_18.871119	254	322	27	1	68	0.0147059
NODE_53_length_7765_cov_18.871119	254	322	29	2	68	0.0294118
NODE_53_length_7765_cov_18.871119	254	322	31	2	68	0.0294118
NODE_53_length_7765_cov_18.871119	254	322	33	2	68	0.0294118
NODE_53_length_7765_cov_18.871119	254	322	34	1	68	0.0147059
NODE_53_length_7765_cov_18.871119	254	322	35	1	68	0.0147059
NODE_53_length_7765_cov_18.871119	254	322	37	5	68	0.0735294
NODE_53_length_7765_cov_18.871119	254	322	38	1	68	0.0147059
NODE_53_length_7765_cov_18.871119	254	322	40	1	68	0.0147059
NODE_53_length_7765_cov_18.871119	254	322	41	2	68	0.0294118
NODE_53_length_7765_cov_18.871119	254	322	42	1	68	0.0147059
NODE_53_length_7765_cov_18.871119	254	322	45	2	68	0.0294118
NODE_53_length_7765_cov_18.871119	254	322	47	6	68	0.0882353
NODE_53_length_7765_cov_18.871119	254	322	48	2	68	0.0294118
NODE_53_length_7765_cov_18.871119	254	322	49	1	68	0.0147059
NODE_53_length_7765_cov_18.871119	254	322	50	4	68	0.0588235
NODE_53_length_7765_cov_18.871119	254	322	51	2	68	0.0294118
NODE_53_length_7765_cov_18.871119	254	322	53	4	68	0.0588235
NODE_53_length_7765_cov_18.871119	254	322	54	2	68	0.0294118
NODE_53_length_7765_cov_18.871119	254	322	56	10	68	0.1470588
NODE_53_length_7765_cov_18.871119	254	322	57	4	68	0.0588235
NODE_53_length_7765_cov_18.871119	254	322	58	1	68	0.0147059
NODE_53_length_7765_cov_18.871119	254	322	60	1	68	0.0147059
NODE_53_length_7765_cov_18.871119	254	322	63	1	68	0.0147059
NODE_53_length_7765_cov_18.871119	353	433	18	3	80	0.0375000
NODE_53_length_7765_cov_18.871119	353	433	20	4	80	0.0500000
NODE_53_length_7765_cov_18.871119	353	433	22	1	80	0.0125000
NODE_53_length_7765_cov_18.871119	353	433	26	6	80	0.0750000
NODE_53_length_7765_cov_18.871119	353	433	32	3	80	0.0375000
NODE_53_length_7765_cov_18.871119	353	433	34	5	80	0.0625000
NODE_53_length_7765_cov_18.871119	353	433	38	2	80	0.0250000
NODE_53_length_7765_cov_18.871119	353	433	42	1	80	0.0125000
NODE_53_length_7765_cov_18.871119	353	433	44	4	80	0.0500000
NODE_53_length_7765_cov_18.871119	353	433	46	4	80	0.0500000
NODE_53_length_7765_cov_18.871119	353	433	48	2	80	0.0250000
NODE_53_length_7765_cov_18.871119	353	433	52	4	80	0.0500000
NODE_53_length_7765_cov_18.871119	353	433	54	1	80	0.0125000
NODE_53_length_7765_cov_18.871119	353	433	56	5	80	0.0625000
NODE_53_length_7765_cov_18.871119	353	433	58	5	80	0.0625000
NODE_53_length_7765_cov_18.871119	353	433	60	8	80	0.1000000
NODE_53_length_7765_cov_18.871119	353	433	62	1	80	0.0125000
NODE_53_length_7765_cov_18.871119	353	433	64	4	80	0.0500000
NODE_53_length_7765_cov_18.871119	353	433	66	10	80	0.1250000
NODE_53_length_7765_cov_18.871119	353	433	68	7	80	0.0875000
NODE_61_length_7411_cov_74.967314	2283	2347	0	64	64	1.0000000
NODE_61_length_7411_cov_74.967314	4725	4789	0	64	64	1.0000000
NODE_64_length_7305_cov_3.696087	971	1019	0	45	48	0.9375000
NODE_64_length_7305_cov_3.696087	971	1019	1	3	48	0.0625000
NODE_64_length_7305_cov_3.696087	7142	7190	3	2	48	0.0416667
NODE_64_length_7305_cov_3.696087	7142	7190	4	28	48	0.5833333
NODE_64_length_7305_cov_3.696087	7142	7190	6	18	48	0.3750000
NODE_66_length_7261_cov_12.433398	2313	2395	174	1	82	0.0121951
NODE_66_length_7261_cov_12.433398	2313	2395	177	1	82	0.0121951
NODE_66_length_7261_cov_12.433398	2313	2395	179	3	82	0.0365854
NODE_66_length_7261_cov_12.433398	2313	2395	181	3	82	0.0365854
NODE_66_length_7261_cov_12.433398	2313	2395	182	4	82	0.0487805
NODE_66_length_7261_cov_12.433398	2313	2395	183	1	82	0.0121951
NODE_66_length_7261_cov_12.433398	2313	2395	184	2	82	0.0243902
NODE_66_length_7261_cov_12.433398	2313	2395	187	1	82	0.0121951
NODE_66_length_7261_cov_12.433398	2313	2395	188	2	82	0.0243902
NODE_66_length_7261_cov_12.433398	2313	2395	189	1	82	0.0121951
NODE_66_length_7261_cov_12.433398	2313	2395	190	1	82	0.0121951
NODE_66_length_7261_cov_12.433398	2313	2395	191	3	82	0.0365854
NODE_66_length_7261_cov_12.433398	2313	2395	195	1	82	0.0121951
NODE_66_length_7261_cov_12.433398	2313	2395	196	4	82	0.0487805
NODE_66_length_7261_cov_12.433398	2313	2395	197	4	82	0.0487805
NODE_66_length_7261_cov_12.433398	2313	2395	200	1	82	0.0121951
NODE_66_length_7261_cov_12.433398	2313	2395	201	2	82	0.0243902
NODE_66_length_7261_cov_12.433398	2313	2395	203	1	82	0.0121951
NODE_66_length_7261_cov_12.433398	2313	2395	205	8	82	0.0975610
NODE_66_length_7261_cov_12.433398	2313	2395	208	2	82	0.0243902
NODE_66_length_7261_cov_12.433398	2313	2395	210	1	82	0.0121951
NODE_66_length_7261_cov_12.433398	2313	2395	212	1	82	0.0121951
NODE_66_length_7261_cov_12.433398	2313	2395	216	2	82	0.0243902
NODE_66_length_7261_cov_12.433398	2313	2395	224	1	82	0.0121951
NODE_66_length_7261_cov_12.433398	2313	2395	228	1	82	0.0121951
NODE_66_length_7261_cov_12.433398	2313	2395	238	1	82	0.0121951
NODE_66_length_7261_cov_12.433398	2313	2395	239	1	82	0.0121951
NODE_66_length_7261_cov_12.433398	2313	2395	243	1	82	0.0121951
NODE_66_length_7261_cov_12.433398	2313	2395	247	1	82	0.0121951
NODE_66_length_7261_cov_12.433398	2313	2395	249	1	82	0.0121951
NODE_66_length_7261_cov_12.433398	2313	2395	250	2	82	0.0243902
NODE_66_length_7261_cov_12.433398	2313	2395	254	1	82	0.0121951
NODE_66_length_7261_cov_12.433398	2313	2395	260	1	82	0.0121951
NODE_66_length_7261_cov_12.433398	2313	2395	265	1	82	0.0121951
NODE_66_length_7261_cov_12.433398	2313	2395	274	3	82	0.0365854
NODE_66_length_7261_cov_12.433398	2313	2395	278	2	82	0.0243902
NODE_66_length_7261_cov_12.433398	2313	2395	282	1	82	0.0121951
NODE_66_length_7261_cov_12.433398	2313	2395	284	1	82	0.0121951
NODE_66_length_7261_cov_12.433398	2313	2395	285	1	82	0.0121951
NODE_66_length_7261_cov_12.433398	2313	2395	287	1	82	0.0121951
NODE_66_length_7261_cov_12.433398	2313	2395	292	1	82	0.0121951
NODE_66_length_7261_cov_12.433398	2313	2395	296	1	82	0.0121951
NODE_66_length_7261_cov_12.433398	2313	2395	297	1	82	0.0121951
NODE_66_length_7261_cov_12.433398	2313	2395	303	2	82	0.0243902
NODE_66_length_7261_cov_12.433398	2313	2395	307	1	82	0.0121951
NODE_66_length_7261_cov_12.433398	2313	2395	315	1	82	0.0121951
NODE_66_length_7261_cov_12.433398	2313	2395	317	3	82	0.0365854
NODE_66_length_7261_cov_12.433398	2313	2395	321	1	82	0.0121951
NODE_73_length_7036_cov_65.961943	4375	4455	0	19	80	0.2375000
NODE_73_length_7036_cov_65.961943	4375	4455	1	61	80	0.7625000
NODE_73_length_7036_cov_65.961943	5538	5618	337	1	80	0.0125000
NODE_73_length_7036_cov_65.961943	5538	5618	339	1	80	0.0125000
NODE_73_length_7036_cov_65.961943	5538	5618	358	1	80	0.0125000
NODE_73_length_7036_cov_65.961943	5538	5618	364	1	80	0.0125000
NODE_73_length_7036_cov_65.961943	5538	5618	366	1	80	0.0125000
NODE_73_length_7036_cov_65.961943	5538	5618	369	1	80	0.0125000
NODE_73_length_7036_cov_65.961943	5538	5618	371	1	80	0.0125000
NODE_73_length_7036_cov_65.961943	5538	5618	380	1	80	0.0125000
NODE_73_length_7036_cov_65.961943	5538	5618	384	1	80	0.0125000
NODE_73_length_7036_cov_65.961943	5538	5618	393	1	80	0.0125000
NODE_73_length_7036_cov_65.961943	5538	5618	411	1	80	0.0125000
NODE_73_length_7036_cov_65.961943	5538	5618	430	1	80	0.0125000
NODE_73_length_7036_cov_65.961943	5538	5618	469	1	80	0.0125000
NODE_73_length_7036_cov_65.961943	5538	5618	483	1	80	0.0125000
NODE_73_length_7036_cov_65.961943	5538	5618	493	1	80	0.0125000
NODE_73_length_7036_cov_65.961943	5538	5618	499	1	80	0.0125000
NODE_73_length_7036_cov_65.961943	5538	5618	513	1	80	0.0125000
NODE_73_length_7036_cov_65.961943	5538	5618	524	1	80	0.0125000
NODE_73_length_7036_cov_65.961943	5538	5618	533	1	80	0.0125000
NODE_73_length_7036_cov_65.961943	5538	5618	566	1	80	0.0125000
NODE_73_length_7036_cov_65.961943	5538	5618	574	1	80	0.0125000
NODE_73_length_7036_cov_65.961943	5538	5618	580	1	80	0.0125000
NODE_73_length_7036_cov_65.961943	5538	5618	585	1	80	0.0125000
NODE_73_length_7036_cov_65.961943	5538	5618	604	1	80	0.0125000
NODE_73_length_7036_cov_65.961943	5538	5618	613	1	80	0.0125000
NODE_73_length_7036_cov_65.961943	5538	5618	632	1	80	0.0125000
NODE_73_length_7036_cov_65.961943	5538	5618	634	1	80	0.0125000
NODE_73_length_7036_cov_65.961943	5538	5618	637	1	80	0.0125000
NODE_73_length_7036_cov_65.961943	5538	5618	643	1	80	0.0125000
NODE_73_length_7036_cov_65.961943	5538	5618	653	1	80	0.0125000
NODE_73_length_7036_cov_65.961943	5538	5618	659	1	80	0.0125000
NODE_73_length_7036_cov_65.961943	5538	5618	666	1	80	0.0125000
NODE_73_length_7036_cov_65.961943	5538	5618	693	1	80	0.0125000
NODE_73_length_7036_cov_65.961943	5538	5618	695	1	80	0.0125000
NODE_73_length_7036_cov_65.961943	5538	5618	721	1	80	0.0125000
NODE_73_length_7036_cov_65.961943	5538	5618	740	1	80	0.0125000
NODE_73_length_7036_cov_65.961943	5538	5618	758	1	80	0.0125000
NODE_73_length_7036_cov_65.961943	5538	5618	762	1	80	0.0125000
NODE_73_length_7036_cov_65.961943	5538	5618	772	1	80	0.0125000
NODE_73_length_7036_cov_65.961943	5538	5618	781	1	80	0.0125000
NODE_73_length_7036_cov_65.961943	5538	5618	792	1	80	0.0125000
NODE_73_length_7036_cov_65.961943	5538	5618	795	1	80	0.0125000
NODE_73_length_7036_cov_65.961943	5538	5618	796	1	80	0.0125000
NODE_73_length_7036_cov_65.961943	5538	5618	799	1	80	0.0125000
NODE_73_length_7036_cov_65.961943	5538	5618	806	1	80	0.0125000
NODE_73_length_7036_cov_65.961943	5538	5618	819	1	80	0.0125000
NODE_73_length_7036_cov_65.961943	5538	5618	839	1	80	0.0125000
NODE_73_length_7036_cov_65.961943	5538	5618	848	1	80	0.0125000
NODE_73_length_7036_cov_65.961943	5538	5618	854	1	80	0.0125000
NODE_73_length_7036_cov_65.961943	5538	5618	859	2	80	0.0250000
NODE_73_length_7036_cov_65.961943	5538	5618	861	1	80	0.0125000
NODE_73_length_7036_cov_65.961943	5538	5618	863	1	80	0.0125000
NODE_73_length_7036_cov_65.961943	5538	5618	874	1	80	0.0125000
NODE_73_length_7036_cov_65.961943	5538	5618	878	1	80	0.0125000
NODE_73_length_7036_cov_65.961943	5538	5618	897	1	80	0.0125000
NODE_73_length_7036_cov_65.961943	5538	5618	908	2	80	0.0250000
NODE_73_length_7036_cov_65.961943	5538	5618	939	1	80	0.0125000
NODE_73_length_7036_cov_65.961943	5538	5618	955	1	80	0.0125000
NODE_73_length_7036_cov_65.961943	5538	5618	963	1	80	0.0125000
NODE_73_length_7036_cov_65.961943	5538	5618	966	1	80	0.0125000
NODE_73_length_7036_cov_65.961943	5538	5618	985	1	80	0.0125000
NODE_73_length_7036_cov_65.961943	5538	5618	1006	1	80	0.0125000
NODE_73_length_7036_cov_65.961943	5538	5618	1014	1	80	0.0125000
NODE_73_length_7036_cov_65.961943	5538	5618	1024	1	80	0.0125000
NODE_73_length_7036_cov_65.961943	5538	5618	1027	1	80	0.0125000
NODE_73_length_7036_cov_65.961943	5538	5618	1028	1	80	0.0125000
NODE_73_length_7036_cov_65.961943	5538	5618	1029	1	80	0.0125000
NODE_73_length_7036_cov_65.961943	5538	5618	1037	1	80	0.0125000
NODE_73_length_7036_cov_65.961943	5538	5618	1038	1	80	0.0125000
NODE_73_length_7036_cov_65.961943	5538	5618	1043	2	80	0.0250000
NODE_73_length_7036_cov_65.961943	5538	5618	1044	1	80	0.0125000
NODE_73_length_7036_cov_65.961943	5538	5618	1046	1	80	0.0125000
NODE_73_length_7036_cov_65.961943	5538	5618	1047	1	80	0.0125000
NODE_73_length_7036_cov_65.961943	5538	5618	1051	1	80	0.0125000
NODE_73_length_7036_cov_65.961943	5538	5618	1053	1	80	0.0125000
NODE_73_length_7036_cov_65.961943	5538	5618	1054	1	80	0.0125000
NODE_73_length_7036_cov_65.961943	5538	5618	1055	1	80	0.0125000
NODE_73_length_7036_cov_65.961943	5591	5666	874	1	75	0.0133333
NODE_73_length_7036_cov_65.961943	5591	5666	878	1	75	0.0133333
NODE_73_length_7036_cov_65.961943	5591	5666	897	1	75	0.0133333
NODE_73_length_7036_cov_65.961943	5591	5666	908	2	75	0.0266667
NODE_73_length_7036_cov_65.961943	5591	5666	939	1	75	0.0133333
NODE_73_length_7036_cov_65.961943	5591	5666	955	1	75	0.0133333
NODE_73_length_7036_cov_65.961943	5591	5666	963	1	75	0.0133333
NODE_73_length_7036_cov_65.961943	5591	5666	966	1	75	0.0133333
NODE_73_length_7036_cov_65.961943	5591	5666	985	1	75	0.0133333
NODE_73_length_7036_cov_65.961943	5591	5666	1006	1	75	0.0133333
NODE_73_length_7036_cov_65.961943	5591	5666	1014	1	75	0.0133333
NODE_73_length_7036_cov_65.961943	5591	5666	1024	1	75	0.0133333
NODE_73_length_7036_cov_65.961943	5591	5666	1027	1	75	0.0133333
NODE_73_length_7036_cov_65.961943	5591	5666	1028	1	75	0.0133333
NODE_73_length_7036_cov_65.961943	5591	5666	1029	1	75	0.0133333
NODE_73_length_7036_cov_65.961943	5591	5666	1037	1	75	0.0133333
NODE_73_length_7036_cov_65.961943	5591	5666	1038	1	75	0.0133333
NODE_73_length_7036_cov_65.961943	5591	5666	1043	2	75	0.0266667
NODE_73_length_7036_cov_65.961943	5591	5666	1044	1	75	0.0133333
NODE_73_length_7036_cov_65.961943	5591	5666	1046	1	75	0.0133333
NODE_73_length_7036_cov_65.961943	5591	5666	1047	1	75	0.0133333
NODE_73_length_7036_cov_65.961943	5591	5666	1051	2	75	0.0266667
NODE_73_length_7036_cov_65.961943	5591	5666	1053	1	75	0.0133333
NODE_73_length_7036_cov_65.961943	5591	5666	1054	1	75	0.0133333
NODE_73_length_7036_cov_65.961943	5591	5666	1055	1	75	0.0133333
NODE_73_length_7036_cov_65.961943	5591	5666	1061	1	75	0.0133333
NODE_73_length_7036_cov_65.961943	5591	5666	1066	1	75	0.0133333
NODE_73_length_7036_cov_65.961943	5591	5666	1074	1	75	0.0133333
NODE_73_length_7036_cov_65.961943	5591	5666	1096	1	75	0.0133333
NODE_73_length_7036_cov_65.961943	5591	5666	1100	1	75	0.0133333
NODE_73_length_7036_cov_65.961943	5591	5666	1126	1	75	0.0133333
NODE_73_length_7036_cov_65.961943	5591	5666	1130	1	75	0.0133333
NODE_73_length_7036_cov_65.961943	5591	5666	1142	1	75	0.0133333
NODE_73_length_7036_cov_65.961943	5591	5666	1144	2	75	0.0266667
NODE_73_length_7036_cov_65.961943	5591	5666	1148	1	75	0.0133333
NODE_73_length_7036_cov_65.961943	5591	5666	1151	1	75	0.0133333
NODE_73_length_7036_cov_65.961943	5591	5666	1155	1	75	0.0133333
NODE_73_length_7036_cov_65.961943	5591	5666	1156	2	75	0.0266667
NODE_73_length_7036_cov_65.961943	5591	5666	1157	4	75	0.0533333
NODE_73_length_7036_cov_65.961943	5591	5666	1158	1	75	0.0133333
NODE_73_length_7036_cov_65.961943	5591	5666	1162	1	75	0.0133333
NODE_73_length_7036_cov_65.961943	5591	5666	1163	1	75	0.0133333
NODE_73_length_7036_cov_65.961943	5591	5666	1164	2	75	0.0266667
NODE_73_length_7036_cov_65.961943	5591	5666	1165	1	75	0.0133333
NODE_73_length_7036_cov_65.961943	5591	5666	1166	1	75	0.0133333
NODE_73_length_7036_cov_65.961943	5591	5666	1168	1	75	0.0133333
NODE_73_length_7036_cov_65.961943	5591	5666	1176	1	75	0.0133333
NODE_73_length_7036_cov_65.961943	5591	5666	1187	1	75	0.0133333
NODE_73_length_7036_cov_65.961943	5591	5666	1195	1	75	0.0133333
NODE_73_length_7036_cov_65.961943	5591	5666	1203	1	75	0.0133333
NODE_73_length_7036_cov_65.961943	5591	5666	1217	1	75	0.0133333
NODE_73_length_7036_cov_65.961943	5591	5666	1218	1	75	0.0133333
NODE_73_length_7036_cov_65.961943	5591	5666	1247	1	75	0.0133333
NODE_73_length_7036_cov_65.961943	5591	5666	1249	1	75	0.0133333
NODE_73_length_7036_cov_65.961943	5591	5666	1261	1	75	0.0133333
NODE_73_length_7036_cov_65.961943	5591	5666	1263	1	75	0.0133333
NODE_73_length_7036_cov_65.961943	5591	5666	1270	1	75	0.0133333
NODE_73_length_7036_cov_65.961943	5591	5666	1282	1	75	0.0133333
NODE_73_length_7036_cov_65.961943	5591	5666	1291	1	75	0.0133333
NODE_73_length_7036_cov_65.961943	5591	5666	1322	1	75	0.0133333
NODE_73_length_7036_cov_65.961943	5591	5666	1323	1	75	0.0133333
NODE_73_length_7036_cov_65.961943	5591	5666	1327	1	75	0.0133333
NODE_73_length_7036_cov_65.961943	5591	5666	1328	1	75	0.0133333
NODE_73_length_7036_cov_65.961943	5591	5666	1333	1	75	0.0133333
NODE_73_length_7036_cov_65.961943	5591	5666	1335	1	75	0.0133333
NODE_73_length_7036_cov_65.961943	5591	5666	1337	1	75	0.0133333
NODE_73_length_7036_cov_65.961943	5690	5746	1418	1	56	0.0178571
NODE_73_length_7036_cov_65.961943	5690	5746	1419	1	56	0.0178571
NODE_73_length_7036_cov_65.961943	5690	5746	1425	1	56	0.0178571
NODE_73_length_7036_cov_65.961943	5690	5746	1427	1	56	0.0178571
NODE_73_length_7036_cov_65.961943	5690	5746	1437	1	56	0.0178571
NODE_73_length_7036_cov_65.961943	5690	5746	1439	1	56	0.0178571
NODE_73_length_7036_cov_65.961943	5690	5746	1440	1	56	0.0178571
NODE_73_length_7036_cov_65.961943	5690	5746	1442	1	56	0.0178571
NODE_73_length_7036_cov_65.961943	5690	5746	1443	1	56	0.0178571
NODE_73_length_7036_cov_65.961943	5690	5746	1444	1	56	0.0178571
NODE_73_length_7036_cov_65.961943	5690	5746	1445	1	56	0.0178571
NODE_73_length_7036_cov_65.961943	5690	5746	1446	1	56	0.0178571
NODE_73_length_7036_cov_65.961943	5690	5746	1450	1	56	0.0178571
NODE_73_length_7036_cov_65.961943	5690	5746	1451	1	56	0.0178571
NODE_73_length_7036_cov_65.961943	5690	5746	1453	2	56	0.0357143
NODE_73_length_7036_cov_65.961943	5690	5746	1454	3	56	0.0535714
NODE_73_length_7036_cov_65.961943	5690	5746	1455	2	56	0.0357143
NODE_73_length_7036_cov_65.961943	5690	5746	1456	1	56	0.0178571
NODE_73_length_7036_cov_65.961943	5690	5746	1457	1	56	0.0178571
NODE_73_length_7036_cov_65.961943	5690	5746	1458	3	56	0.0535714
NODE_73_length_7036_cov_65.961943	5690	5746	1459	2	56	0.0357143
NODE_73_length_7036_cov_65.961943	5690	5746	1460	4	56	0.0714286
NODE_73_length_7036_cov_65.961943	5690	5746	1462	1	56	0.0178571
NODE_73_length_7036_cov_65.961943	5690	5746	1463	1	56	0.0178571
NODE_73_length_7036_cov_65.961943	5690	5746	1465	2	56	0.0357143
NODE_73_length_7036_cov_65.961943	5690	5746	1466	4	56	0.0714286
NODE_73_length_7036_cov_65.961943	5690	5746	1467	3	56	0.0535714
NODE_73_length_7036_cov_65.961943	5690	5746	1469	1	56	0.0178571
NODE_73_length_7036_cov_65.961943	5690	5746	1470	1	56	0.0178571
NODE_73_length_7036_cov_65.961943	5690	5746	1471	2	56	0.0357143
NODE_73_length_7036_cov_65.961943	5690	5746	1473	1	56	0.0178571
NODE_73_length_7036_cov_65.961943	5690	5746	1479	1	56	0.0178571
NODE_73_length_7036_cov_65.961943	5690	5746	1483	1	56	0.0178571
NODE_73_length_7036_cov_65.961943	5690	5746	1486	1	56	0.0178571
NODE_73_length_7036_cov_65.961943	5690	5746	1489	1	56	0.0178571
NODE_73_length_7036_cov_65.961943	5690	5746	1490	1	56	0.0178571
NODE_73_length_7036_cov_65.961943	5690	5746	1496	1	56	0.0178571
NODE_73_length_7036_cov_65.961943	5690	5746	1497	1	56	0.0178571
NODE_73_length_7036_cov_65.961943	5690	5746	1505	1	56	0.0178571
NODE_73_length_7036_cov_65.961943	6373	6453	0	80	80	1.0000000
NODE_73_length_7036_cov_65.961943	6426	6506	0	80	80	1.0000000
NODE_74_length_6974_cov_16.058327	976	1056	27	13	80	0.1625000
NODE_74_length_6974_cov_16.058327	976	1056	34	1	80	0.0125000
NODE_74_length_6974_cov_16.058327	976	1056	35	8	80	0.1000000
NODE_74_length_6974_cov_16.058327	976	1056	36	3	80	0.0375000
NODE_74_length_6974_cov_16.058327	976	1056	38	11	80	0.1375000
NODE_74_length_6974_cov_16.058327	976	1056	40	18	80	0.2250000
NODE_74_length_6974_cov_16.058327	976	1056	41	5	80	0.0625000
NODE_74_length_6974_cov_16.058327	976	1056	42	17	80	0.2125000
NODE_74_length_6974_cov_16.058327	976	1056	43	3	80	0.0375000
NODE_74_length_6974_cov_16.058327	976	1056	45	1	80	0.0125000
NODE_74_length_6974_cov_16.058327	1029	1109	10	18	80	0.2250000
NODE_74_length_6974_cov_16.058327	1029	1109	14	7	80	0.0875000
NODE_74_length_6974_cov_16.058327	1029	1109	23	1	80	0.0125000
NODE_74_length_6974_cov_16.058327	1029	1109	24	6	80	0.0750000
NODE_74_length_6974_cov_16.058327	1029	1109	26	6	80	0.0750000
NODE_74_length_6974_cov_16.058327	1029	1109	27	6	80	0.0750000
NODE_74_length_6974_cov_16.058327	1029	1109	28	1	80	0.0125000
NODE_74_length_6974_cov_16.058327	1029	1109	34	3	80	0.0375000
NODE_74_length_6974_cov_16.058327	1029	1109	38	9	80	0.1125000
NODE_74_length_6974_cov_16.058327	1029	1109	40	5	80	0.0625000
NODE_74_length_6974_cov_16.058327	1029	1109	42	14	80	0.1750000
NODE_74_length_6974_cov_16.058327	1029	1109	43	3	80	0.0375000
NODE_74_length_6974_cov_16.058327	1029	1109	45	1	80	0.0125000
NODE_80_length_6826_cov_10.483574	4462	4542	0	9	80	0.1125000
NODE_80_length_6826_cov_10.483574	4462	4542	6	1	80	0.0125000
NODE_80_length_6826_cov_10.483574	4462	4542	25	1	80	0.0125000
NODE_80_length_6826_cov_10.483574	4462	4542	26	2	80	0.0250000
NODE_80_length_6826_cov_10.483574	4462	4542	28	6	80	0.0750000
NODE_80_length_6826_cov_10.483574	4462	4542	34	5	80	0.0625000
NODE_80_length_6826_cov_10.483574	4462	4542	36	3	80	0.0375000
NODE_80_length_6826_cov_10.483574	4462	4542	40	1	80	0.0125000
NODE_80_length_6826_cov_10.483574	4462	4542	43	1	80	0.0125000
NODE_80_length_6826_cov_10.483574	4462	4542	49	2	80	0.0250000
NODE_80_length_6826_cov_10.483574	4462	4542	53	2	80	0.0250000
NODE_80_length_6826_cov_10.483574	4462	4542	59	7	80	0.0875000
NODE_80_length_6826_cov_10.483574	4462	4542	61	3	80	0.0375000
NODE_80_length_6826_cov_10.483574	4462	4542	63	3	80	0.0375000
NODE_80_length_6826_cov_10.483574	4462	4542	71	12	80	0.1500000
NODE_80_length_6826_cov_10.483574	4462	4542	73	7	80	0.0875000
NODE_80_length_6826_cov_10.483574	4462	4542	75	1	80	0.0125000
NODE_80_length_6826_cov_10.483574	4462	4542	77	5	80	0.0625000
NODE_80_length_6826_cov_10.483574	4462	4542	78	6	80	0.0750000
NODE_80_length_6826_cov_10.483574	4462	4542	80	3	80	0.0375000
NODE_80_length_6826_cov_10.483574	4515	4595	58	2	80	0.0250000
NODE_80_length_6826_cov_10.483574	4515	4595	61	1	80	0.0125000
NODE_80_length_6826_cov_10.483574	4515	4595	62	1	80	0.0125000
NODE_80_length_6826_cov_10.483574	4515	4595	66	1	80	0.0125000
NODE_80_length_6826_cov_10.483574	4515	4595	67	1	80	0.0125000
NODE_80_length_6826_cov_10.483574	4515	4595	70	1	80	0.0125000
NODE_80_length_6826_cov_10.483574	4515	4595	71	5	80	0.0625000
NODE_80_length_6826_cov_10.483574	4515	4595	72	2	80	0.0250000
NODE_80_length_6826_cov_10.483574	4515	4595	73	7	80	0.0875000
NODE_80_length_6826_cov_10.483574	4515	4595	75	1	80	0.0125000
NODE_80_length_6826_cov_10.483574	4515	4595	77	6	80	0.0750000
NODE_80_length_6826_cov_10.483574	4515	4595	78	6	80	0.0750000
NODE_80_length_6826_cov_10.483574	4515	4595	80	10	80	0.1250000
NODE_80_length_6826_cov_10.483574	4515	4595	81	1	80	0.0125000
NODE_80_length_6826_cov_10.483574	4515	4595	82	5	80	0.0625000
NODE_80_length_6826_cov_10.483574	4515	4595	84	1	80	0.0125000
NODE_80_length_6826_cov_10.483574	4515	4595	86	4	80	0.0500000
NODE_80_length_6826_cov_10.483574	4515	4595	87	8	80	0.1000000
NODE_80_length_6826_cov_10.483574	4515	4595	88	6	80	0.0750000
NODE_80_length_6826_cov_10.483574	4515	4595	90	11	80	0.1375000
NODE_81_length_6816_cov_2.820753	6726	6801	0	75	75	1.0000000
NODE_81_length_6816_cov_2.820753	6774	6816	0	42	42	1.0000000
NODE_84_length_6744_cov_6.222272	5	85	0	55	80	0.6875000
NODE_84_length_6744_cov_6.222272	5	85	2	25	80	0.3125000
NODE_84_length_6744_cov_6.222272	58	138	0	2	80	0.0250000
NODE_84_length_6744_cov_6.222272	58	138	2	78	80	0.9750000
NODE_84_length_6744_cov_6.222272	6650	6730	0	14	80	0.1750000
NODE_84_length_6744_cov_6.222272	6650	6730	2	1	80	0.0125000
NODE_84_length_6744_cov_6.222272	6650	6730	3	6	80	0.0750000
NODE_84_length_6744_cov_6.222272	6650	6730	5	16	80	0.2000000
NODE_84_length_6744_cov_6.222272	6650	6730	7	21	80	0.2625000
NODE_84_length_6744_cov_6.222272	6650	6730	8	22	80	0.2750000
NODE_84_length_6744_cov_6.222272	6703	6744	0	28	41	0.6829268
NODE_84_length_6744_cov_6.222272	6703	6744	2	1	41	0.0243902
NODE_84_length_6744_cov_6.222272	6703	6744	3	6	41	0.1463415
NODE_84_length_6744_cov_6.222272	6703	6744	5	6	41	0.1463415
NODE_86_length_6733_cov_88.965029	3141	3221	0	2	80	0.0250000
NODE_86_length_6733_cov_88.965029	3141	3221	2	7	80	0.0875000
NODE_86_length_6733_cov_88.965029	3141	3221	4	19	80	0.2375000
NODE_86_length_6733_cov_88.965029	3141	3221	8	27	80	0.3375000
NODE_86_length_6733_cov_88.965029	3141	3221	10	9	80	0.1125000
NODE_86_length_6733_cov_88.965029	3141	3221	12	4	80	0.0500000
NODE_86_length_6733_cov_88.965029	3141	3221	14	12	80	0.1500000
NODE_86_length_6733_cov_88.965029	3194	3274	6	9	80	0.1125000
NODE_86_length_6733_cov_88.965029	3194	3274	8	7	80	0.0875000
NODE_86_length_6733_cov_88.965029	3194	3274	10	19	80	0.2375000
NODE_86_length_6733_cov_88.965029	3194	3274	12	10	80	0.1250000
NODE_86_length_6733_cov_88.965029	3194	3274	14	35	80	0.4375000
NODE_86_length_6733_cov_88.965029	3270	3350	6	2	80	0.0250000
NODE_86_length_6733_cov_88.965029	3270	3350	8	3	80	0.0375000
NODE_86_length_6733_cov_88.965029	3270	3350	18	18	80	0.2250000
NODE_86_length_6733_cov_88.965029	3270	3350	20	35	80	0.4375000
NODE_86_length_6733_cov_88.965029	3270	3350	21	1	80	0.0125000
NODE_86_length_6733_cov_88.965029	3270	3350	22	21	80	0.2625000
NODE_86_length_6733_cov_88.965029	3323	3403	6	3	80	0.0375000
NODE_86_length_6733_cov_88.965029	3323	3403	18	4	80	0.0500000
NODE_86_length_6733_cov_88.965029	3323	3403	19	22	80	0.2750000
NODE_86_length_6733_cov_88.965029	3323	3403	20	51	80	0.6375000
NODE_90_length_6627_cov_9.440564	350	430	0	5	80	0.0625000
NODE_90_length_6627_cov_9.440564	350	430	3	1	80	0.0125000
NODE_90_length_6627_cov_9.440564	350	430	4	21	80	0.2625000
NODE_90_length_6627_cov_9.440564	350	430	6	53	80	0.6625000
NODE_90_length_6627_cov_9.440564	403	483	0	11	80	0.1375000
NODE_90_length_6627_cov_9.440564	403	483	4	29	80	0.3625000
NODE_90_length_6627_cov_9.440564	403	483	6	40	80	0.5000000
NODE_95_length_6507_cov_95.786049	171	247	0	71	76	0.9342105
NODE_95_length_6507_cov_95.786049	171	247	1	1	76	0.0131579
NODE_95_length_6507_cov_95.786049	171	247	5	1	76	0.0131579
NODE_95_length_6507_cov_95.786049	171	247	15	1	76	0.0131579
NODE_95_length_6507_cov_95.786049	171	247	27	1	76	0.0131579
NODE_95_length_6507_cov_95.786049	171	247	96	1	76	0.0131579
NODE_96_length_6497_cov_2.677399	366	436	4	10	70	0.1428571
NODE_96_length_6497_cov_2.677399	366	436	6	7	70	0.1000000
NODE_96_length_6497_cov_2.677399	366	436	7	16	70	0.2285714
NODE_96_length_6497_cov_2.677399	366	436	8	8	70	0.1142857
NODE_96_length_6497_cov_2.677399	366	436	9	28	70	0.4000000
NODE_96_length_6497_cov_2.677399	366	436	10	1	70	0.0142857
NODE_96_length_6497_cov_2.677399	409	444	4	18	35	0.5142857
NODE_96_length_6497_cov_2.677399	409	444	6	7	35	0.2000000
NODE_96_length_6497_cov_2.677399	409	444	7	10	35	0.2857143
NODE_97_length_6450_cov_26.108172	5024	5104	4	7	80	0.0875000
NODE_97_length_6450_cov_26.108172	5024	5104	6	8	80	0.1000000
NODE_97_length_6450_cov_26.108172	5024	5104	9	2	80	0.0250000
NODE_97_length_6450_cov_26.108172	5024	5104	12	13	80	0.1625000
NODE_97_length_6450_cov_26.108172	5024	5104	18	6	80	0.0750000
NODE_97_length_6450_cov_26.108172	5024	5104	22	1	80	0.0125000
NODE_97_length_6450_cov_26.108172	5024	5104	24	19	80	0.2375000
NODE_97_length_6450_cov_26.108172	5024	5104	26	1	80	0.0125000
NODE_97_length_6450_cov_26.108172	5024	5104	28	6	80	0.0750000
NODE_97_length_6450_cov_26.108172	5024	5104	29	1	80	0.0125000
NODE_97_length_6450_cov_26.108172	5024	5104	30	4	80	0.0500000
NODE_97_length_6450_cov_26.108172	5024	5104	32	8	80	0.1000000
NODE_97_length_6450_cov_26.108172	5024	5104	33	4	80	0.0500000
NODE_109_length_6171_cov_36.061100	3743	3813	18	2	70	0.0285714
NODE_109_length_6171_cov_36.061100	3743	3813	20	2	70	0.0285714
NODE_109_length_6171_cov_36.061100	3743	3813	24	1	70	0.0142857
NODE_109_length_6171_cov_36.061100	3743	3813	28	1	70	0.0142857
NODE_109_length_6171_cov_36.061100	3743	3813	30	4	70	0.0571429
NODE_109_length_6171_cov_36.061100	3743	3813	34	3	70	0.0428571
NODE_109_length_6171_cov_36.061100	3743	3813	36	15	70	0.2142857
NODE_109_length_6171_cov_36.061100	3743	3813	42	3	70	0.0428571
NODE_109_length_6171_cov_36.061100	3743	3813	44	3	70	0.0428571
NODE_109_length_6171_cov_36.061100	3743	3813	46	11	70	0.1571429
NODE_109_length_6171_cov_36.061100	3743	3813	48	1	70	0.0142857
NODE_109_length_6171_cov_36.061100	3743	3813	50	4	70	0.0571429
NODE_109_length_6171_cov_36.061100	3743	3813	51	1	70	0.0142857
NODE_109_length_6171_cov_36.061100	3743	3813	53	4	70	0.0571429
NODE_109_length_6171_cov_36.061100	3743	3813	55	1	70	0.0142857
NODE_109_length_6171_cov_36.061100	3743	3813	56	5	70	0.0714286
NODE_109_length_6171_cov_36.061100	3743	3813	58	5	70	0.0714286
NODE_109_length_6171_cov_36.061100	3743	3813	61	1	70	0.0142857
NODE_109_length_6171_cov_36.061100	3743	3813	63	3	70	0.0428571
NODE_109_length_6171_cov_36.061100	3798	3851	54	1	53	0.0188679
NODE_109_length_6171_cov_36.061100	3798	3851	55	2	53	0.0377358
NODE_109_length_6171_cov_36.061100	3798	3851	56	8	53	0.1509434
NODE_109_length_6171_cov_36.061100	3798	3851	58	8	53	0.1509434
NODE_109_length_6171_cov_36.061100	3798	3851	59	1	53	0.0188679
NODE_109_length_6171_cov_36.061100	3798	3851	60	1	53	0.0188679
NODE_109_length_6171_cov_36.061100	3798	3851	61	8	53	0.1509434
NODE_109_length_6171_cov_36.061100	3798	3851	62	2	53	0.0377358
NODE_109_length_6171_cov_36.061100	3798	3851	63	13	53	0.2452830
NODE_109_length_6171_cov_36.061100	3798	3851	64	7	53	0.1320755
NODE_109_length_6171_cov_36.061100	3798	3851	66	2	53	0.0377358
NODE_109_length_6171_cov_36.061100	4552	4596	457	1	44	0.0227273
NODE_109_length_6171_cov_36.061100	4552	4596	460	1	44	0.0227273
NODE_109_length_6171_cov_36.061100	4552	4596	461	1	44	0.0227273
NODE_109_length_6171_cov_36.061100	4552	4596	462	2	44	0.0454545
NODE_109_length_6171_cov_36.061100	4552	4596	463	2	44	0.0454545
NODE_109_length_6171_cov_36.061100	4552	4596	467	3	44	0.0681818
NODE_109_length_6171_cov_36.061100	4552	4596	468	2	44	0.0454545
NODE_109_length_6171_cov_36.061100	4552	4596	470	1	44	0.0227273
NODE_109_length_6171_cov_36.061100	4552	4596	472	1	44	0.0227273
NODE_109_length_6171_cov_36.061100	4552	4596	473	1	44	0.0227273
NODE_109_length_6171_cov_36.061100	4552	4596	474	1	44	0.0227273
NODE_109_length_6171_cov_36.061100	4552	4596	477	1	44	0.0227273
NODE_109_length_6171_cov_36.061100	4552	4596	482	1	44	0.0227273
NODE_109_length_6171_cov_36.061100	4552	4596	483	1	44	0.0227273
NODE_109_length_6171_cov_36.061100	4552	4596	487	2	44	0.0454545
NODE_109_length_6171_cov_36.061100	4552	4596	494	1	44	0.0227273
NODE_109_length_6171_cov_36.061100	4552	4596	496	1	44	0.0227273
NODE_109_length_6171_cov_36.061100	4552	4596	499	1	44	0.0227273
NODE_109_length_6171_cov_36.061100	4552	4596	504	1	44	0.0227273
NODE_109_length_6171_cov_36.061100	4552	4596	505	1	44	0.0227273
NODE_109_length_6171_cov_36.061100	4552	4596	506	3	44	0.0681818
NODE_109_length_6171_cov_36.061100	4552	4596	507	3	44	0.0681818
NODE_109_length_6171_cov_36.061100	4552	4596	508	2	44	0.0454545
NODE_109_length_6171_cov_36.061100	4552	4596	510	4	44	0.0909091
NODE_109_length_6171_cov_36.061100	4552	4596	513	1	44	0.0227273
NODE_109_length_6171_cov_36.061100	4552	4596	514	1	44	0.0227273
NODE_109_length_6171_cov_36.061100	4552	4596	518	2	44	0.0454545
NODE_109_length_6171_cov_36.061100	4552	4596	521	1	44	0.0227273
NODE_109_length_6171_cov_36.061100	4552	4596	524	1	44	0.0227273
NODE_109_length_6171_cov_36.061100	4569	4649	482	1	80	0.0125000
NODE_109_length_6171_cov_36.061100	4569	4649	483	1	80	0.0125000
NODE_109_length_6171_cov_36.061100	4569	4649	487	2	80	0.0250000
NODE_109_length_6171_cov_36.061100	4569	4649	494	1	80	0.0125000
NODE_109_length_6171_cov_36.061100	4569	4649	496	1	80	0.0125000
NODE_109_length_6171_cov_36.061100	4569	4649	499	1	80	0.0125000
NODE_109_length_6171_cov_36.061100	4569	4649	501	1	80	0.0125000
NODE_109_length_6171_cov_36.061100	4569	4649	503	1	80	0.0125000
NODE_109_length_6171_cov_36.061100	4569	4649	504	1	80	0.0125000
NODE_109_length_6171_cov_36.061100	4569	4649	505	1	80	0.0125000
NODE_109_length_6171_cov_36.061100	4569	4649	506	3	80	0.0375000
NODE_109_length_6171_cov_36.061100	4569	4649	507	4	80	0.0500000
NODE_109_length_6171_cov_36.061100	4569	4649	508	2	80	0.0250000
NODE_109_length_6171_cov_36.061100	4569	4649	510	4	80	0.0500000
NODE_109_length_6171_cov_36.061100	4569	4649	511	2	80	0.0250000
NODE_109_length_6171_cov_36.061100	4569	4649	513	1	80	0.0125000
NODE_109_length_6171_cov_36.061100	4569	4649	514	1	80	0.0125000
NODE_109_length_6171_cov_36.061100	4569	4649	515	1	80	0.0125000
NODE_109_length_6171_cov_36.061100	4569	4649	517	1	80	0.0125000
NODE_109_length_6171_cov_36.061100	4569	4649	518	2	80	0.0250000
NODE_109_length_6171_cov_36.061100	4569	4649	520	1	80	0.0125000
NODE_109_length_6171_cov_36.061100	4569	4649	521	1	80	0.0125000
NODE_109_length_6171_cov_36.061100	4569	4649	522	1	80	0.0125000
NODE_109_length_6171_cov_36.061100	4569	4649	523	2	80	0.0250000
NODE_109_length_6171_cov_36.061100	4569	4649	524	3	80	0.0375000
NODE_109_length_6171_cov_36.061100	4569	4649	525	2	80	0.0250000
NODE_109_length_6171_cov_36.061100	4569	4649	526	1	80	0.0125000
NODE_109_length_6171_cov_36.061100	4569	4649	527	2	80	0.0250000
NODE_109_length_6171_cov_36.061100	4569	4649	528	2	80	0.0250000
NODE_109_length_6171_cov_36.061100	4569	4649	529	1	80	0.0125000
NODE_109_length_6171_cov_36.061100	4569	4649	530	1	80	0.0125000
NODE_109_length_6171_cov_36.061100	4569	4649	531	1	80	0.0125000
NODE_109_length_6171_cov_36.061100	4569	4649	532	1	80	0.0125000
NODE_109_length_6171_cov_36.061100	4569	4649	536	1	80	0.0125000
NODE_109_length_6171_cov_36.061100	4569	4649	538	1	80	0.0125000
NODE_109_length_6171_cov_36.061100	4569	4649	541	1	80	0.0125000
NODE_109_length_6171_cov_36.061100	4569	4649	543	2	80	0.0250000
NODE_109_length_6171_cov_36.061100	4569	4649	544	2	80	0.0250000
NODE_109_length_6171_cov_36.061100	4569	4649	552	4	80	0.0500000
NODE_109_length_6171_cov_36.061100	4569	4649	554	1	80	0.0125000
NODE_109_length_6171_cov_36.061100	4569	4649	555	1	80	0.0125000
NODE_109_length_6171_cov_36.061100	4569	4649	558	1	80	0.0125000
NODE_109_length_6171_cov_36.061100	4569	4649	561	1	80	0.0125000
NODE_109_length_6171_cov_36.061100	4569	4649	564	2	80	0.0250000
NODE_109_length_6171_cov_36.061100	4569	4649	565	1	80	0.0125000
NODE_109_length_6171_cov_36.061100	4569	4649	566	1	80	0.0125000
NODE_109_length_6171_cov_36.061100	4569	4649	568	1	80	0.0125000
NODE_109_length_6171_cov_36.061100	4569	4649	569	1	80	0.0125000
NODE_109_length_6171_cov_36.061100	4569	4649	570	1	80	0.0125000
NODE_109_length_6171_cov_36.061100	4569	4649	572	4	80	0.0500000
NODE_109_length_6171_cov_36.061100	4569	4649	574	1	80	0.0125000
NODE_109_length_6171_cov_36.061100	4569	4649	575	1	80	0.0125000
NODE_109_length_6171_cov_36.061100	4569	4649	576	1	80	0.0125000
NODE_109_length_6171_cov_36.061100	5742	5788	0	46	46	1.0000000
NODE_109_length_6171_cov_36.061100	5761	5841	0	78	80	0.9750000
NODE_109_length_6171_cov_36.061100	5761	5841	2	2	80	0.0250000
NODE_110_length_6148_cov_58.915358	5602	5682	0	80	80	1.0000000
NODE_110_length_6148_cov_58.915358	5655	5735	0	80	80	1.0000000
NODE_112_length_6026_cov_17.775772	4124	4204	0	1	80	0.0125000
NODE_112_length_6026_cov_17.775772	4124	4204	2	44	80	0.5500000
NODE_112_length_6026_cov_17.775772	4124	4204	4	35	80	0.4375000
NODE_112_length_6026_cov_17.775772	4177	4257	0	14	80	0.1750000
NODE_112_length_6026_cov_17.775772	4177	4257	2	20	80	0.2500000
NODE_112_length_6026_cov_17.775772	4177	4257	4	46	80	0.5750000
NODE_112_length_6026_cov_17.775772	4253	4333	0	52	80	0.6500000
NODE_112_length_6026_cov_17.775772	4253	4333	2	2	80	0.0250000
NODE_112_length_6026_cov_17.775772	4253	4333	12	5	80	0.0625000
NODE_112_length_6026_cov_17.775772	4253	4333	13	1	80	0.0125000
NODE_112_length_6026_cov_17.775772	4253	4333	14	20	80	0.2500000
NODE_112_length_6026_cov_17.775772	4306	4386	2	1	80	0.0125000
NODE_112_length_6026_cov_17.775772	4306	4386	12	5	80	0.0625000
NODE_112_length_6026_cov_17.775772	4306	4386	13	1	80	0.0125000
NODE_112_length_6026_cov_17.775772	4306	4386	14	25	80	0.3125000
NODE_112_length_6026_cov_17.775772	4306	4386	16	5	80	0.0625000
NODE_112_length_6026_cov_17.775772	4306	4386	18	43	80	0.5375000
NODE_124_length_5810_cov_24.750657	2064	2144	9	5	80	0.0625000
NODE_124_length_5810_cov_24.750657	2064	2144	10	2	80	0.0250000
NODE_124_length_5810_cov_24.750657	2064	2144	12	4	80	0.0500000
NODE_124_length_5810_cov_24.750657	2064	2144	16	3	80	0.0375000
NODE_124_length_5810_cov_24.750657	2064	2144	17	3	80	0.0375000
NODE_124_length_5810_cov_24.750657	2064	2144	18	14	80	0.1750000
NODE_124_length_5810_cov_24.750657	2064	2144	20	14	80	0.1750000
NODE_124_length_5810_cov_24.750657	2064	2144	22	8	80	0.1000000
NODE_124_length_5810_cov_24.750657	2064	2144	24	3	80	0.0375000
NODE_124_length_5810_cov_24.750657	2064	2144	26	1	80	0.0125000
NODE_124_length_5810_cov_24.750657	2064	2144	28	2	80	0.0250000
NODE_124_length_5810_cov_24.750657	2064	2144	30	2	80	0.0250000
NODE_124_length_5810_cov_24.750657	2064	2144	32	1	80	0.0125000
NODE_124_length_5810_cov_24.750657	2064	2144	34	1	80	0.0125000
NODE_124_length_5810_cov_24.750657	2064	2144	38	1	80	0.0125000
NODE_124_length_5810_cov_24.750657	2064	2144	39	1	80	0.0125000
NODE_124_length_5810_cov_24.750657	2064	2144	45	6	80	0.0750000
NODE_124_length_5810_cov_24.750657	2064	2144	47	1	80	0.0125000
NODE_124_length_5810_cov_24.750657	2064	2144	52	2	80	0.0250000
NODE_124_length_5810_cov_24.750657	2064	2144	54	2	80	0.0250000
NODE_124_length_5810_cov_24.750657	2064	2144	57	2	80	0.0250000
NODE_124_length_5810_cov_24.750657	2064	2144	62	2	80	0.0250000
NODE_124_length_5810_cov_24.750657	2117	2194	2	19	77	0.2467532
NODE_124_length_5810_cov_24.750657	2117	2194	4	10	77	0.1298701
NODE_124_length_5810_cov_24.750657	2117	2194	7	7	77	0.0909091
NODE_124_length_5810_cov_24.750657	2117	2194	9	19	77	0.2467532
NODE_124_length_5810_cov_24.750657	2117	2194	10	2	77	0.0259740
NODE_124_length_5810_cov_24.750657	2117	2194	12	4	77	0.0519481
NODE_124_length_5810_cov_24.750657	2117	2194	16	3	77	0.0389610
NODE_124_length_5810_cov_24.750657	2117	2194	17	3	77	0.0389610
NODE_124_length_5810_cov_24.750657	2117	2194	18	10	77	0.1298701
NODE_127_length_5771_cov_10.854549	2814	2883	3	4	69	0.0579710
NODE_127_length_5771_cov_10.854549	2814	2883	4	2	69	0.0289855
NODE_127_length_5771_cov_10.854549	2814	2883	6	39	69	0.5652174
NODE_127_length_5771_cov_10.854549	2814	2883	8	24	69	0.3478261
NODE_128_length_5769_cov_6.878483	5701	5731	0	30	30	1.0000000
NODE_133_length_5728_cov_16.351039	63	134	0	63	71	0.8873239
NODE_133_length_5728_cov_16.351039	63	134	2	8	71	0.1126761
NODE_133_length_5728_cov_16.351039	2960	3040	0	80	80	1.0000000
NODE_133_length_5728_cov_16.351039	5106	5172	80	1	66	0.0151515
NODE_133_length_5728_cov_16.351039	5106	5172	84	2	66	0.0303030
NODE_133_length_5728_cov_16.351039	5106	5172	86	5	66	0.0757576
NODE_133_length_5728_cov_16.351039	5106	5172	88	2	66	0.0303030
NODE_133_length_5728_cov_16.351039	5106	5172	96	1	66	0.0151515
NODE_133_length_5728_cov_16.351039	5106	5172	98	2	66	0.0303030
NODE_133_length_5728_cov_16.351039	5106	5172	104	1	66	0.0151515
NODE_133_length_5728_cov_16.351039	5106	5172	106	3	66	0.0454545
NODE_133_length_5728_cov_16.351039	5106	5172	110	1	66	0.0151515
NODE_133_length_5728_cov_16.351039	5106	5172	112	1	66	0.0151515
NODE_133_length_5728_cov_16.351039	5106	5172	114	1	66	0.0151515
NODE_133_length_5728_cov_16.351039	5106	5172	115	12	66	0.1818182
NODE_133_length_5728_cov_16.351039	5106	5172	116	1	66	0.0151515
NODE_133_length_5728_cov_16.351039	5106	5172	117	3	66	0.0454545
NODE_133_length_5728_cov_16.351039	5106	5172	118	2	66	0.0303030
NODE_133_length_5728_cov_16.351039	5106	5172	119	2	66	0.0303030
NODE_133_length_5728_cov_16.351039	5106	5172	125	1	66	0.0151515
NODE_133_length_5728_cov_16.351039	5106	5172	129	1	66	0.0151515
NODE_133_length_5728_cov_16.351039	5106	5172	130	2	66	0.0303030
NODE_133_length_5728_cov_16.351039	5106	5172	131	5	66	0.0757576
NODE_133_length_5728_cov_16.351039	5106	5172	132	3	66	0.0454545
NODE_133_length_5728_cov_16.351039	5106	5172	134	3	66	0.0454545
NODE_133_length_5728_cov_16.351039	5106	5172	135	1	66	0.0151515
NODE_133_length_5728_cov_16.351039	5106	5172	139	2	66	0.0303030
NODE_133_length_5728_cov_16.351039	5106	5172	141	2	66	0.0303030
NODE_133_length_5728_cov_16.351039	5106	5172	143	1	66	0.0151515
NODE_133_length_5728_cov_16.351039	5106	5172	148	1	66	0.0151515
NODE_133_length_5728_cov_16.351039	5106	5172	151	4	66	0.0606061
NODE_133_length_5728_cov_16.351039	5145	5225	115	1	80	0.0125000
NODE_133_length_5728_cov_16.351039	5145	5225	125	1	80	0.0125000
NODE_133_length_5728_cov_16.351039	5145	5225	129	1	80	0.0125000
NODE_133_length_5728_cov_16.351039	5145	5225	130	2	80	0.0250000
NODE_133_length_5728_cov_16.351039	5145	5225	131	5	80	0.0625000
NODE_133_length_5728_cov_16.351039	5145	5225	132	3	80	0.0375000
NODE_133_length_5728_cov_16.351039	5145	5225	134	3	80	0.0375000
NODE_133_length_5728_cov_16.351039	5145	5225	135	1	80	0.0125000
NODE_133_length_5728_cov_16.351039	5145	5225	139	2	80	0.0250000
NODE_133_length_5728_cov_16.351039	5145	5225	141	2	80	0.0250000
NODE_133_length_5728_cov_16.351039	5145	5225	143	1	80	0.0125000
NODE_133_length_5728_cov_16.351039	5145	5225	148	1	80	0.0125000
NODE_133_length_5728_cov_16.351039	5145	5225	150	1	80	0.0125000
NODE_133_length_5728_cov_16.351039	5145	5225	151	4	80	0.0500000
NODE_133_length_5728_cov_16.351039	5145	5225	154	1	80	0.0125000
NODE_133_length_5728_cov_16.351039	5145	5225	160	1	80	0.0125000
NODE_133_length_5728_cov_16.351039	5145	5225	162	4	80	0.0500000
NODE_133_length_5728_cov_16.351039	5145	5225	164	1	80	0.0125000
NODE_133_length_5728_cov_16.351039	5145	5225	165	1	80	0.0125000
NODE_133_length_5728_cov_16.351039	5145	5225	166	4	80	0.0500000
NODE_133_length_5728_cov_16.351039	5145	5225	170	1	80	0.0125000
NODE_133_length_5728_cov_16.351039	5145	5225	176	1	80	0.0125000
NODE_133_length_5728_cov_16.351039	5145	5225	179	4	80	0.0500000
NODE_133_length_5728_cov_16.351039	5145	5225	180	2	80	0.0250000
NODE_133_length_5728_cov_16.351039	5145	5225	181	1	80	0.0125000
NODE_133_length_5728_cov_16.351039	5145	5225	182	3	80	0.0375000
NODE_133_length_5728_cov_16.351039	5145	5225	183	4	80	0.0500000
NODE_133_length_5728_cov_16.351039	5145	5225	184	4	80	0.0500000
NODE_133_length_5728_cov_16.351039	5145	5225	185	3	80	0.0375000
NODE_133_length_5728_cov_16.351039	5145	5225	186	4	80	0.0500000
NODE_133_length_5728_cov_16.351039	5145	5225	187	4	80	0.0500000
NODE_133_length_5728_cov_16.351039	5145	5225	188	6	80	0.0750000
NODE_133_length_5728_cov_16.351039	5145	5225	189	2	80	0.0250000
NODE_133_length_5728_cov_16.351039	5145	5225	190	1	80	0.0125000
NODE_137_length_5696_cov_20.656244	179	258	0	2	79	0.0253165
NODE_137_length_5696_cov_20.656244	179	258	1	31	79	0.3924051
NODE_137_length_5696_cov_20.656244	179	258	2	25	79	0.3164557
NODE_137_length_5696_cov_20.656244	179	258	4	11	79	0.1392405
NODE_137_length_5696_cov_20.656244	179	258	6	10	79	0.1265823
NODE_137_length_5696_cov_20.656244	231	311	2	20	80	0.2500000
NODE_137_length_5696_cov_20.656244	231	311	4	29	80	0.3625000
NODE_137_length_5696_cov_20.656244	231	311	6	31	80	0.3875000
NODE_137_length_5696_cov_20.656244	307	387	1	44	80	0.5500000
NODE_137_length_5696_cov_20.656244	307	387	2	30	80	0.3750000
NODE_137_length_5696_cov_20.656244	307	387	3	6	80	0.0750000
NODE_137_length_5696_cov_20.656244	360	440	1	80	80	1.0000000
NODE_137_length_5696_cov_20.656244	5100	5180	0	56	80	0.7000000
NODE_137_length_5696_cov_20.656244	5100	5180	2	24	80	0.3000000
NODE_137_length_5696_cov_20.656244	5153	5233	0	80	80	1.0000000
NODE_137_length_5696_cov_20.656244	5280	5360	6	76	80	0.9500000
NODE_137_length_5696_cov_20.656244	5280	5360	8	4	80	0.0500000
NODE_137_length_5696_cov_20.656244	5333	5413	2	31	80	0.3875000
NODE_137_length_5696_cov_20.656244	5333	5413	6	45	80	0.5625000
NODE_137_length_5696_cov_20.656244	5333	5413	8	4	80	0.0500000
NODE_139_length_5681_cov_68.065030	253	333	0	80	80	1.0000000
NODE_139_length_5681_cov_68.065030	306	386	0	80	80	1.0000000
NODE_139_length_5681_cov_68.065030	4762	4842	145	4	80	0.0500000
NODE_139_length_5681_cov_68.065030	4762	4842	146	1	80	0.0125000
NODE_139_length_5681_cov_68.065030	4762	4842	147	1	80	0.0125000
NODE_139_length_5681_cov_68.065030	4762	4842	148	3	80	0.0375000
NODE_139_length_5681_cov_68.065030	4762	4842	152	1	80	0.0125000
NODE_139_length_5681_cov_68.065030	4762	4842	160	1	80	0.0125000
NODE_139_length_5681_cov_68.065030	4762	4842	161	4	80	0.0500000
NODE_139_length_5681_cov_68.065030	4762	4842	162	2	80	0.0250000
NODE_139_length_5681_cov_68.065030	4762	4842	163	5	80	0.0625000
NODE_139_length_5681_cov_68.065030	4762	4842	164	1	80	0.0125000
NODE_139_length_5681_cov_68.065030	4762	4842	165	2	80	0.0250000
NODE_139_length_5681_cov_68.065030	4762	4842	167	1	80	0.0125000
NODE_139_length_5681_cov_68.065030	4762	4842	170	1	80	0.0125000
NODE_139_length_5681_cov_68.065030	4762	4842	171	2	80	0.0250000
NODE_139_length_5681_cov_68.065030	4762	4842	172	5	80	0.0625000
NODE_139_length_5681_cov_68.065030	4762	4842	173	12	80	0.1500000
NODE_139_length_5681_cov_68.065030	4762	4842	174	1	80	0.0125000
NODE_139_length_5681_cov_68.065030	4762	4842	175	16	80	0.2000000
NODE_139_length_5681_cov_68.065030	4762	4842	176	4	80	0.0500000
NODE_139_length_5681_cov_68.065030	4762	4842	177	1	80	0.0125000
NODE_139_length_5681_cov_68.065030	4762	4842	179	3	80	0.0375000
NODE_139_length_5681_cov_68.065030	4762	4842	180	6	80	0.0750000
NODE_139_length_5681_cov_68.065030	4762	4842	181	1	80	0.0125000
NODE_139_length_5681_cov_68.065030	4762	4842	182	1	80	0.0125000
NODE_139_length_5681_cov_68.065030	4762	4842	183	1	80	0.0125000
NODE_139_length_5681_cov_68.065030	4762	4842	145	4	80	0.0500000
NODE_139_length_5681_cov_68.065030	4762	4842	146	1	80	0.0125000
NODE_139_length_5681_cov_68.065030	4762	4842	147	1	80	0.0125000
NODE_139_length_5681_cov_68.065030	4762	4842	148	3	80	0.0375000
NODE_139_length_5681_cov_68.065030	4762	4842	152	1	80	0.0125000
NODE_139_length_5681_cov_68.065030	4762	4842	160	1	80	0.0125000
NODE_139_length_5681_cov_68.065030	4762	4842	161	4	80	0.0500000
NODE_139_length_5681_cov_68.065030	4762	4842	162	2	80	0.0250000
NODE_139_length_5681_cov_68.065030	4762	4842	163	5	80	0.0625000
NODE_139_length_5681_cov_68.065030	4762	4842	164	1	80	0.0125000
NODE_139_length_5681_cov_68.065030	4762	4842	165	2	80	0.0250000
NODE_139_length_5681_cov_68.065030	4762	4842	167	1	80	0.0125000
NODE_139_length_5681_cov_68.065030	4762	4842	170	1	80	0.0125000
NODE_139_length_5681_cov_68.065030	4762	4842	171	2	80	0.0250000
NODE_139_length_5681_cov_68.065030	4762	4842	172	5	80	0.0625000
NODE_139_length_5681_cov_68.065030	4762	4842	173	12	80	0.1500000
NODE_139_length_5681_cov_68.065030	4762	4842	174	1	80	0.0125000
NODE_139_length_5681_cov_68.065030	4762	4842	175	16	80	0.2000000
NODE_139_length_5681_cov_68.065030	4762	4842	176	4	80	0.0500000
NODE_139_length_5681_cov_68.065030	4762	4842	177	1	80	0.0125000
NODE_139_length_5681_cov_68.065030	4762	4842	179	3	80	0.0375000
NODE_139_length_5681_cov_68.065030	4762	4842	180	6	80	0.0750000
NODE_139_length_5681_cov_68.065030	4762	4842	181	1	80	0.0125000
NODE_139_length_5681_cov_68.065030	4762	4842	182	1	80	0.0125000
NODE_139_length_5681_cov_68.065030	4762	4842	183	1	80	0.0125000
NODE_139_length_5681_cov_68.065030	4762	4842	145	4	80	0.0500000
NODE_139_length_5681_cov_68.065030	4762	4842	146	1	80	0.0125000
NODE_139_length_5681_cov_68.065030	4762	4842	147	1	80	0.0125000
NODE_139_length_5681_cov_68.065030	4762	4842	148	3	80	0.0375000
NODE_139_length_5681_cov_68.065030	4762	4842	152	1	80	0.0125000
NODE_139_length_5681_cov_68.065030	4762	4842	160	1	80	0.0125000
NODE_139_length_5681_cov_68.065030	4762	4842	161	4	80	0.0500000
NODE_139_length_5681_cov_68.065030	4762	4842	162	2	80	0.0250000
NODE_139_length_5681_cov_68.065030	4762	4842	163	5	80	0.0625000
NODE_139_length_5681_cov_68.065030	4762	4842	164	1	80	0.0125000
NODE_139_length_5681_cov_68.065030	4762	4842	165	2	80	0.0250000
NODE_139_length_5681_cov_68.065030	4762	4842	167	1	80	0.0125000
NODE_139_length_5681_cov_68.065030	4762	4842	170	1	80	0.0125000
NODE_139_length_5681_cov_68.065030	4762	4842	171	2	80	0.0250000
NODE_139_length_5681_cov_68.065030	4762	4842	172	5	80	0.0625000
NODE_139_length_5681_cov_68.065030	4762	4842	173	12	80	0.1500000
NODE_139_length_5681_cov_68.065030	4762	4842	174	1	80	0.0125000
NODE_139_length_5681_cov_68.065030	4762	4842	175	16	80	0.2000000
NODE_139_length_5681_cov_68.065030	4762	4842	176	4	80	0.0500000
NODE_139_length_5681_cov_68.065030	4762	4842	177	1	80	0.0125000
NODE_139_length_5681_cov_68.065030	4762	4842	179	3	80	0.0375000
NODE_139_length_5681_cov_68.065030	4762	4842	180	6	80	0.0750000
NODE_139_length_5681_cov_68.065030	4762	4842	181	1	80	0.0125000
NODE_139_length_5681_cov_68.065030	4762	4842	182	1	80	0.0125000
NODE_139_length_5681_cov_68.065030	4762	4842	183	1	80	0.0125000
NODE_139_length_5681_cov_68.065030	4762	4842	145	4	80	0.0500000
NODE_139_length_5681_cov_68.065030	4762	4842	146	1	80	0.0125000
NODE_139_length_5681_cov_68.065030	4762	4842	147	1	80	0.0125000
NODE_139_length_5681_cov_68.065030	4762	4842	148	3	80	0.0375000
NODE_139_length_5681_cov_68.065030	4762	4842	152	1	80	0.0125000
NODE_139_length_5681_cov_68.065030	4762	4842	160	1	80	0.0125000
NODE_139_length_5681_cov_68.065030	4762	4842	161	4	80	0.0500000
NODE_139_length_5681_cov_68.065030	4762	4842	162	2	80	0.0250000
NODE_139_length_5681_cov_68.065030	4762	4842	163	5	80	0.0625000
NODE_139_length_5681_cov_68.065030	4762	4842	164	1	80	0.0125000
NODE_139_length_5681_cov_68.065030	4762	4842	165	2	80	0.0250000
NODE_139_length_5681_cov_68.065030	4762	4842	167	1	80	0.0125000
NODE_139_length_5681_cov_68.065030	4762	4842	170	1	80	0.0125000
NODE_139_length_5681_cov_68.065030	4762	4842	171	2	80	0.0250000
NODE_139_length_5681_cov_68.065030	4762	4842	172	5	80	0.0625000
NODE_139_length_5681_cov_68.065030	4762	4842	173	12	80	0.1500000
NODE_139_length_5681_cov_68.065030	4762	4842	174	1	80	0.0125000
NODE_139_length_5681_cov_68.065030	4762	4842	175	16	80	0.2000000
NODE_139_length_5681_cov_68.065030	4762	4842	176	4	80	0.0500000
NODE_139_length_5681_cov_68.065030	4762	4842	177	1	80	0.0125000
NODE_139_length_5681_cov_68.065030	4762	4842	179	3	80	0.0375000
NODE_139_length_5681_cov_68.065030	4762	4842	180	6	80	0.0750000
NODE_139_length_5681_cov_68.065030	4762	4842	181	1	80	0.0125000
NODE_139_length_5681_cov_68.065030	4762	4842	182	1	80	0.0125000
NODE_139_length_5681_cov_68.065030	4762	4842	183	1	80	0.0125000
NODE_139_length_5681_cov_68.065030	4762	4842	145	4	80	0.0500000
NODE_139_length_5681_cov_68.065030	4762	4842	146	1	80	0.0125000
NODE_139_length_5681_cov_68.065030	4762	4842	147	1	80	0.0125000
NODE_139_length_5681_cov_68.065030	4762	4842	148	3	80	0.0375000
NODE_139_length_5681_cov_68.065030	4762	4842	152	1	80	0.0125000
NODE_139_length_5681_cov_68.065030	4762	4842	160	1	80	0.0125000
NODE_139_length_5681_cov_68.065030	4762	4842	161	4	80	0.0500000
NODE_139_length_5681_cov_68.065030	4762	4842	162	2	80	0.0250000
NODE_139_length_5681_cov_68.065030	4762	4842	163	5	80	0.0625000
NODE_139_length_5681_cov_68.065030	4762	4842	164	1	80	0.0125000
NODE_139_length_5681_cov_68.065030	4762	4842	165	2	80	0.0250000
NODE_139_length_5681_cov_68.065030	4762	4842	167	1	80	0.0125000
NODE_139_length_5681_cov_68.065030	4762	4842	170	1	80	0.0125000
NODE_139_length_5681_cov_68.065030	4762	4842	171	2	80	0.0250000
NODE_139_length_5681_cov_68.065030	4762	4842	172	5	80	0.0625000
NODE_139_length_5681_cov_68.065030	4762	4842	173	12	80	0.1500000
NODE_139_length_5681_cov_68.065030	4762	4842	174	1	80	0.0125000
NODE_139_length_5681_cov_68.065030	4762	4842	175	16	80	0.2000000
NODE_139_length_5681_cov_68.065030	4762	4842	176	4	80	0.0500000
NODE_139_length_5681_cov_68.065030	4762	4842	177	1	80	0.0125000
NODE_139_length_5681_cov_68.065030	4762	4842	179	3	80	0.0375000
NODE_139_length_5681_cov_68.065030	4762	4842	180	6	80	0.0750000
NODE_139_length_5681_cov_68.065030	4762	4842	181	1	80	0.0125000
NODE_139_length_5681_cov_68.065030	4762	4842	182	1	80	0.0125000
NODE_139_length_5681_cov_68.065030	4762	4842	183	1	80	0.0125000
NODE_139_length_5681_cov_68.065030	4762	4842	145	4	80	0.0500000
NODE_139_length_5681_cov_68.065030	4762	4842	146	1	80	0.0125000
NODE_139_length_5681_cov_68.065030	4762	4842	147	1	80	0.0125000
NODE_139_length_5681_cov_68.065030	4762	4842	148	3	80	0.0375000
NODE_139_length_5681_cov_68.065030	4762	4842	152	1	80	0.0125000
NODE_139_length_5681_cov_68.065030	4762	4842	160	1	80	0.0125000
NODE_139_length_5681_cov_68.065030	4762	4842	161	4	80	0.0500000
NODE_139_length_5681_cov_68.065030	4762	4842	162	2	80	0.0250000
NODE_139_length_5681_cov_68.065030	4762	4842	163	5	80	0.0625000
NODE_139_length_5681_cov_68.065030	4762	4842	164	1	80	0.0125000
NODE_139_length_5681_cov_68.065030	4762	4842	165	2	80	0.0250000
NODE_139_length_5681_cov_68.065030	4762	4842	167	1	80	0.0125000
NODE_139_length_5681_cov_68.065030	4762	4842	170	1	80	0.0125000
NODE_139_length_5681_cov_68.065030	4762	4842	171	2	80	0.0250000
NODE_139_length_5681_cov_68.065030	4762	4842	172	5	80	0.0625000
NODE_139_length_5681_cov_68.065030	4762	4842	173	12	80	0.1500000
NODE_139_length_5681_cov_68.065030	4762	4842	174	1	80	0.0125000
NODE_139_length_5681_cov_68.065030	4762	4842	175	16	80	0.2000000
NODE_139_length_5681_cov_68.065030	4762	4842	176	4	80	0.0500000
NODE_139_length_5681_cov_68.065030	4762	4842	177	1	80	0.0125000
NODE_139_length_5681_cov_68.065030	4762	4842	179	3	80	0.0375000
NODE_139_length_5681_cov_68.065030	4762	4842	180	6	80	0.0750000
NODE_139_length_5681_cov_68.065030	4762	4842	181	1	80	0.0125000
NODE_139_length_5681_cov_68.065030	4762	4842	182	1	80	0.0125000
NODE_139_length_5681_cov_68.065030	4762	4842	183	1	80	0.0125000
NODE_139_length_5681_cov_68.065030	4769	4839	145	1	70	0.0142857
NODE_139_length_5681_cov_68.065030	4769	4839	146	1	70	0.0142857
NODE_139_length_5681_cov_68.065030	4769	4839	147	1	70	0.0142857
NODE_139_length_5681_cov_68.065030	4769	4839	148	3	70	0.0428571
NODE_139_length_5681_cov_68.065030	4769	4839	152	1	70	0.0142857
NODE_139_length_5681_cov_68.065030	4769	4839	160	1	70	0.0142857
NODE_139_length_5681_cov_68.065030	4769	4839	161	4	70	0.0571429
NODE_139_length_5681_cov_68.065030	4769	4839	162	2	70	0.0285714
NODE_139_length_5681_cov_68.065030	4769	4839	163	1	70	0.0142857
NODE_139_length_5681_cov_68.065030	4769	4839	167	1	70	0.0142857
NODE_139_length_5681_cov_68.065030	4769	4839	170	1	70	0.0142857
NODE_139_length_5681_cov_68.065030	4769	4839	171	2	70	0.0285714
NODE_139_length_5681_cov_68.065030	4769	4839	172	5	70	0.0714286
NODE_139_length_5681_cov_68.065030	4769	4839	173	12	70	0.1714286
NODE_139_length_5681_cov_68.065030	4769	4839	174	1	70	0.0142857
NODE_139_length_5681_cov_68.065030	4769	4839	175	16	70	0.2285714
NODE_139_length_5681_cov_68.065030	4769	4839	176	4	70	0.0571429
NODE_139_length_5681_cov_68.065030	4769	4839	177	1	70	0.0142857
NODE_139_length_5681_cov_68.065030	4769	4839	179	3	70	0.0428571
NODE_139_length_5681_cov_68.065030	4769	4839	180	6	70	0.0857143
NODE_139_length_5681_cov_68.065030	4769	4839	181	1	70	0.0142857
NODE_139_length_5681_cov_68.065030	4769	4839	182	1	70	0.0142857
NODE_139_length_5681_cov_68.065030	4769	4839	183	1	70	0.0142857
NODE_139_length_5681_cov_68.065030	4771	4842	145	4	71	0.0563380
NODE_139_length_5681_cov_68.065030	4771	4842	146	1	71	0.0140845
NODE_139_length_5681_cov_68.065030	4771	4842	147	1	71	0.0140845
NODE_139_length_5681_cov_68.065030	4771	4842	148	3	71	0.0422535
NODE_139_length_5681_cov_68.065030	4771	4842	152	1	71	0.0140845
NODE_139_length_5681_cov_68.065030	4771	4842	160	1	71	0.0140845
NODE_139_length_5681_cov_68.065030	4771	4842	161	4	71	0.0563380
NODE_139_length_5681_cov_68.065030	4771	4842	162	2	71	0.0281690
NODE_139_length_5681_cov_68.065030	4771	4842	163	1	71	0.0140845
NODE_139_length_5681_cov_68.065030	4771	4842	167	1	71	0.0140845
NODE_139_length_5681_cov_68.065030	4771	4842	170	1	71	0.0140845
NODE_139_length_5681_cov_68.065030	4771	4842	171	2	71	0.0281690
NODE_139_length_5681_cov_68.065030	4771	4842	172	3	71	0.0422535
NODE_139_length_5681_cov_68.065030	4771	4842	173	12	71	0.1690141
NODE_139_length_5681_cov_68.065030	4771	4842	174	1	71	0.0140845
NODE_139_length_5681_cov_68.065030	4771	4842	175	16	71	0.2253521
NODE_139_length_5681_cov_68.065030	4771	4842	176	4	71	0.0563380
NODE_139_length_5681_cov_68.065030	4771	4842	177	1	71	0.0140845
NODE_139_length_5681_cov_68.065030	4771	4842	179	3	71	0.0422535
NODE_139_length_5681_cov_68.065030	4771	4842	180	6	71	0.0845070
NODE_139_length_5681_cov_68.065030	4771	4842	181	1	71	0.0140845
NODE_139_length_5681_cov_68.065030	4771	4842	182	1	71	0.0140845
NODE_139_length_5681_cov_68.065030	4771	4842	183	1	71	0.0140845
NODE_139_length_5681_cov_68.065030	4815	4895	85	1	80	0.0125000
NODE_139_length_5681_cov_68.065030	4815	4895	86	3	80	0.0375000
NODE_139_length_5681_cov_68.065030	4815	4895	88	1	80	0.0125000
NODE_139_length_5681_cov_68.065030	4815	4895	89	1	80	0.0125000
NODE_139_length_5681_cov_68.065030	4815	4895	90	2	80	0.0250000
NODE_139_length_5681_cov_68.065030	4815	4895	94	13	80	0.1625000
NODE_139_length_5681_cov_68.065030	4815	4895	111	1	80	0.0125000
NODE_139_length_5681_cov_68.065030	4815	4895	114	5	80	0.0625000
NODE_139_length_5681_cov_68.065030	4815	4895	115	1	80	0.0125000
NODE_139_length_5681_cov_68.065030	4815	4895	125	4	80	0.0500000
NODE_139_length_5681_cov_68.065030	4815	4895	126	2	80	0.0250000
NODE_139_length_5681_cov_68.065030	4815	4895	132	1	80	0.0125000
NODE_139_length_5681_cov_68.065030	4815	4895	136	1	80	0.0125000
NODE_139_length_5681_cov_68.065030	4815	4895	137	2	80	0.0250000
NODE_139_length_5681_cov_68.065030	4815	4895	141	3	80	0.0375000
NODE_139_length_5681_cov_68.065030	4815	4895	143	3	80	0.0375000
NODE_139_length_5681_cov_68.065030	4815	4895	145	12	80	0.1500000
NODE_139_length_5681_cov_68.065030	4815	4895	146	2	80	0.0250000
NODE_139_length_5681_cov_68.065030	4815	4895	147	1	80	0.0125000
NODE_139_length_5681_cov_68.065030	4815	4895	148	3	80	0.0375000
NODE_139_length_5681_cov_68.065030	4815	4895	152	1	80	0.0125000
NODE_139_length_5681_cov_68.065030	4815	4895	160	1	80	0.0125000
NODE_139_length_5681_cov_68.065030	4815	4895	161	4	80	0.0500000
NODE_139_length_5681_cov_68.065030	4815	4895	162	2	80	0.0250000
NODE_139_length_5681_cov_68.065030	4815	4895	163	1	80	0.0125000
NODE_139_length_5681_cov_68.065030	4815	4895	167	1	80	0.0125000
NODE_139_length_5681_cov_68.065030	4815	4895	171	2	80	0.0250000
NODE_139_length_5681_cov_68.065030	4815	4895	175	5	80	0.0625000
NODE_139_length_5681_cov_68.065030	4815	4895	177	1	80	0.0125000
NODE_139_length_5681_cov_68.065030	4815	4895	85	1	80	0.0125000
NODE_139_length_5681_cov_68.065030	4815	4895	86	3	80	0.0375000
NODE_139_length_5681_cov_68.065030	4815	4895	88	1	80	0.0125000
NODE_139_length_5681_cov_68.065030	4815	4895	89	1	80	0.0125000
NODE_139_length_5681_cov_68.065030	4815	4895	90	2	80	0.0250000
NODE_139_length_5681_cov_68.065030	4815	4895	94	13	80	0.1625000
NODE_139_length_5681_cov_68.065030	4815	4895	111	1	80	0.0125000
NODE_139_length_5681_cov_68.065030	4815	4895	114	5	80	0.0625000
NODE_139_length_5681_cov_68.065030	4815	4895	115	1	80	0.0125000
NODE_139_length_5681_cov_68.065030	4815	4895	125	4	80	0.0500000
NODE_139_length_5681_cov_68.065030	4815	4895	126	2	80	0.0250000
NODE_139_length_5681_cov_68.065030	4815	4895	132	1	80	0.0125000
NODE_139_length_5681_cov_68.065030	4815	4895	136	1	80	0.0125000
NODE_139_length_5681_cov_68.065030	4815	4895	137	2	80	0.0250000
NODE_139_length_5681_cov_68.065030	4815	4895	141	3	80	0.0375000
NODE_139_length_5681_cov_68.065030	4815	4895	143	3	80	0.0375000
NODE_139_length_5681_cov_68.065030	4815	4895	145	12	80	0.1500000
NODE_139_length_5681_cov_68.065030	4815	4895	146	2	80	0.0250000
NODE_139_length_5681_cov_68.065030	4815	4895	147	1	80	0.0125000
NODE_139_length_5681_cov_68.065030	4815	4895	148	3	80	0.0375000
NODE_139_length_5681_cov_68.065030	4815	4895	152	1	80	0.0125000
NODE_139_length_5681_cov_68.065030	4815	4895	160	1	80	0.0125000
NODE_139_length_5681_cov_68.065030	4815	4895	161	4	80	0.0500000
NODE_139_length_5681_cov_68.065030	4815	4895	162	2	80	0.0250000
NODE_139_length_5681_cov_68.065030	4815	4895	163	1	80	0.0125000
NODE_139_length_5681_cov_68.065030	4815	4895	167	1	80	0.0125000
NODE_139_length_5681_cov_68.065030	4815	4895	171	2	80	0.0250000
NODE_139_length_5681_cov_68.065030	4815	4895	175	5	80	0.0625000
NODE_139_length_5681_cov_68.065030	4815	4895	177	1	80	0.0125000
NODE_139_length_5681_cov_68.065030	4815	4895	85	1	80	0.0125000
NODE_139_length_5681_cov_68.065030	4815	4895	86	3	80	0.0375000
NODE_139_length_5681_cov_68.065030	4815	4895	88	1	80	0.0125000
NODE_139_length_5681_cov_68.065030	4815	4895	89	1	80	0.0125000
NODE_139_length_5681_cov_68.065030	4815	4895	90	2	80	0.0250000
NODE_139_length_5681_cov_68.065030	4815	4895	94	13	80	0.1625000
NODE_139_length_5681_cov_68.065030	4815	4895	111	1	80	0.0125000
NODE_139_length_5681_cov_68.065030	4815	4895	114	5	80	0.0625000
NODE_139_length_5681_cov_68.065030	4815	4895	115	1	80	0.0125000
NODE_139_length_5681_cov_68.065030	4815	4895	125	4	80	0.0500000
NODE_139_length_5681_cov_68.065030	4815	4895	126	2	80	0.0250000
NODE_139_length_5681_cov_68.065030	4815	4895	132	1	80	0.0125000
NODE_139_length_5681_cov_68.065030	4815	4895	136	1	80	0.0125000
NODE_139_length_5681_cov_68.065030	4815	4895	137	2	80	0.0250000
NODE_139_length_5681_cov_68.065030	4815	4895	141	3	80	0.0375000
NODE_139_length_5681_cov_68.065030	4815	4895	143	3	80	0.0375000
NODE_139_length_5681_cov_68.065030	4815	4895	145	12	80	0.1500000
NODE_139_length_5681_cov_68.065030	4815	4895	146	2	80	0.0250000
NODE_139_length_5681_cov_68.065030	4815	4895	147	1	80	0.0125000
NODE_139_length_5681_cov_68.065030	4815	4895	148	3	80	0.0375000
NODE_139_length_5681_cov_68.065030	4815	4895	152	1	80	0.0125000
NODE_139_length_5681_cov_68.065030	4815	4895	160	1	80	0.0125000
NODE_139_length_5681_cov_68.065030	4815	4895	161	4	80	0.0500000
NODE_139_length_5681_cov_68.065030	4815	4895	162	2	80	0.0250000
NODE_139_length_5681_cov_68.065030	4815	4895	163	1	80	0.0125000
NODE_139_length_5681_cov_68.065030	4815	4895	167	1	80	0.0125000
NODE_139_length_5681_cov_68.065030	4815	4895	171	2	80	0.0250000
NODE_139_length_5681_cov_68.065030	4815	4895	175	5	80	0.0625000
NODE_139_length_5681_cov_68.065030	4815	4895	177	1	80	0.0125000
NODE_139_length_5681_cov_68.065030	4815	4895	85	1	80	0.0125000
NODE_139_length_5681_cov_68.065030	4815	4895	86	3	80	0.0375000
NODE_139_length_5681_cov_68.065030	4815	4895	88	1	80	0.0125000
NODE_139_length_5681_cov_68.065030	4815	4895	89	1	80	0.0125000
NODE_139_length_5681_cov_68.065030	4815	4895	90	2	80	0.0250000
NODE_139_length_5681_cov_68.065030	4815	4895	94	13	80	0.1625000
NODE_139_length_5681_cov_68.065030	4815	4895	111	1	80	0.0125000
NODE_139_length_5681_cov_68.065030	4815	4895	114	5	80	0.0625000
NODE_139_length_5681_cov_68.065030	4815	4895	115	1	80	0.0125000
NODE_139_length_5681_cov_68.065030	4815	4895	125	4	80	0.0500000
NODE_139_length_5681_cov_68.065030	4815	4895	126	2	80	0.0250000
NODE_139_length_5681_cov_68.065030	4815	4895	132	1	80	0.0125000
NODE_139_length_5681_cov_68.065030	4815	4895	136	1	80	0.0125000
NODE_139_length_5681_cov_68.065030	4815	4895	137	2	80	0.0250000
NODE_139_length_5681_cov_68.065030	4815	4895	141	3	80	0.0375000
NODE_139_length_5681_cov_68.065030	4815	4895	143	3	80	0.0375000
NODE_139_length_5681_cov_68.065030	4815	4895	145	12	80	0.1500000
NODE_139_length_5681_cov_68.065030	4815	4895	146	2	80	0.0250000
NODE_139_length_5681_cov_68.065030	4815	4895	147	1	80	0.0125000
NODE_139_length_5681_cov_68.065030	4815	4895	148	3	80	0.0375000
NODE_139_length_5681_cov_68.065030	4815	4895	152	1	80	0.0125000
NODE_139_length_5681_cov_68.065030	4815	4895	160	1	80	0.0125000
NODE_139_length_5681_cov_68.065030	4815	4895	161	4	80	0.0500000
NODE_139_length_5681_cov_68.065030	4815	4895	162	2	80	0.0250000
NODE_139_length_5681_cov_68.065030	4815	4895	163	1	80	0.0125000
NODE_139_length_5681_cov_68.065030	4815	4895	167	1	80	0.0125000
NODE_139_length_5681_cov_68.065030	4815	4895	171	2	80	0.0250000
NODE_139_length_5681_cov_68.065030	4815	4895	175	5	80	0.0625000
NODE_139_length_5681_cov_68.065030	4815	4895	177	1	80	0.0125000
NODE_139_length_5681_cov_68.065030	4815	4895	85	1	80	0.0125000
NODE_139_length_5681_cov_68.065030	4815	4895	86	3	80	0.0375000
NODE_139_length_5681_cov_68.065030	4815	4895	88	1	80	0.0125000
NODE_139_length_5681_cov_68.065030	4815	4895	89	1	80	0.0125000
NODE_139_length_5681_cov_68.065030	4815	4895	90	2	80	0.0250000
NODE_139_length_5681_cov_68.065030	4815	4895	94	13	80	0.1625000
NODE_139_length_5681_cov_68.065030	4815	4895	111	1	80	0.0125000
NODE_139_length_5681_cov_68.065030	4815	4895	114	5	80	0.0625000
NODE_139_length_5681_cov_68.065030	4815	4895	115	1	80	0.0125000
NODE_139_length_5681_cov_68.065030	4815	4895	125	4	80	0.0500000
NODE_139_length_5681_cov_68.065030	4815	4895	126	2	80	0.0250000
NODE_139_length_5681_cov_68.065030	4815	4895	132	1	80	0.0125000
NODE_139_length_5681_cov_68.065030	4815	4895	136	1	80	0.0125000
NODE_139_length_5681_cov_68.065030	4815	4895	137	2	80	0.0250000
NODE_139_length_5681_cov_68.065030	4815	4895	141	3	80	0.0375000
NODE_139_length_5681_cov_68.065030	4815	4895	143	3	80	0.0375000
NODE_139_length_5681_cov_68.065030	4815	4895	145	12	80	0.1500000
NODE_139_length_5681_cov_68.065030	4815	4895	146	2	80	0.0250000
NODE_139_length_5681_cov_68.065030	4815	4895	147	1	80	0.0125000
NODE_139_length_5681_cov_68.065030	4815	4895	148	3	80	0.0375000
NODE_139_length_5681_cov_68.065030	4815	4895	152	1	80	0.0125000
NODE_139_length_5681_cov_68.065030	4815	4895	160	1	80	0.0125000
NODE_139_length_5681_cov_68.065030	4815	4895	161	4	80	0.0500000
NODE_139_length_5681_cov_68.065030	4815	4895	162	2	80	0.0250000
NODE_139_length_5681_cov_68.065030	4815	4895	163	1	80	0.0125000
NODE_139_length_5681_cov_68.065030	4815	4895	167	1	80	0.0125000
NODE_139_length_5681_cov_68.065030	4815	4895	171	2	80	0.0250000
NODE_139_length_5681_cov_68.065030	4815	4895	175	5	80	0.0625000
NODE_139_length_5681_cov_68.065030	4815	4895	177	1	80	0.0125000
NODE_139_length_5681_cov_68.065030	4815	4895	85	1	80	0.0125000
NODE_139_length_5681_cov_68.065030	4815	4895	86	3	80	0.0375000
NODE_139_length_5681_cov_68.065030	4815	4895	88	1	80	0.0125000
NODE_139_length_5681_cov_68.065030	4815	4895	89	1	80	0.0125000
NODE_139_length_5681_cov_68.065030	4815	4895	90	2	80	0.0250000
NODE_139_length_5681_cov_68.065030	4815	4895	94	13	80	0.1625000
NODE_139_length_5681_cov_68.065030	4815	4895	111	1	80	0.0125000
NODE_139_length_5681_cov_68.065030	4815	4895	114	5	80	0.0625000
NODE_139_length_5681_cov_68.065030	4815	4895	115	1	80	0.0125000
NODE_139_length_5681_cov_68.065030	4815	4895	125	4	80	0.0500000
NODE_139_length_5681_cov_68.065030	4815	4895	126	2	80	0.0250000
NODE_139_length_5681_cov_68.065030	4815	4895	132	1	80	0.0125000
NODE_139_length_5681_cov_68.065030	4815	4895	136	1	80	0.0125000
NODE_139_length_5681_cov_68.065030	4815	4895	137	2	80	0.0250000
NODE_139_length_5681_cov_68.065030	4815	4895	141	3	80	0.0375000
NODE_139_length_5681_cov_68.065030	4815	4895	143	3	80	0.0375000
NODE_139_length_5681_cov_68.065030	4815	4895	145	12	80	0.1500000
NODE_139_length_5681_cov_68.065030	4815	4895	146	2	80	0.0250000
NODE_139_length_5681_cov_68.065030	4815	4895	147	1	80	0.0125000
NODE_139_length_5681_cov_68.065030	4815	4895	148	3	80	0.0375000
NODE_139_length_5681_cov_68.065030	4815	4895	152	1	80	0.0125000
NODE_139_length_5681_cov_68.065030	4815	4895	160	1	80	0.0125000
NODE_139_length_5681_cov_68.065030	4815	4895	161	4	80	0.0500000
NODE_139_length_5681_cov_68.065030	4815	4895	162	2	80	0.0250000
NODE_139_length_5681_cov_68.065030	4815	4895	163	1	80	0.0125000
NODE_139_length_5681_cov_68.065030	4815	4895	167	1	80	0.0125000
NODE_139_length_5681_cov_68.065030	4815	4895	171	2	80	0.0250000
NODE_139_length_5681_cov_68.065030	4815	4895	175	5	80	0.0625000
NODE_139_length_5681_cov_68.065030	4815	4895	177	1	80	0.0125000
NODE_139_length_5681_cov_68.065030	4891	4971	16	4	80	0.0500000
NODE_139_length_5681_cov_68.065030	4891	4971	19	1	80	0.0125000
NODE_139_length_5681_cov_68.065030	4891	4971	20	13	80	0.1625000
NODE_139_length_5681_cov_68.065030	4891	4971	24	17	80	0.2125000
NODE_139_length_5681_cov_68.065030	4891	4971	34	6	80	0.0750000
NODE_139_length_5681_cov_68.065030	4891	4971	39	6	80	0.0750000
NODE_139_length_5681_cov_68.065030	4891	4971	40	2	80	0.0250000
NODE_139_length_5681_cov_68.065030	4891	4971	42	1	80	0.0125000
NODE_139_length_5681_cov_68.065030	4891	4971	46	3	80	0.0375000
NODE_139_length_5681_cov_68.065030	4891	4971	47	2	80	0.0250000
NODE_139_length_5681_cov_68.065030	4891	4971	49	1	80	0.0125000
NODE_139_length_5681_cov_68.065030	4891	4971	68	1	80	0.0125000
NODE_139_length_5681_cov_68.065030	4891	4971	70	3	80	0.0375000
NODE_139_length_5681_cov_68.065030	4891	4971	72	1	80	0.0125000
NODE_139_length_5681_cov_68.065030	4891	4971	80	2	80	0.0250000
NODE_139_length_5681_cov_68.065030	4891	4971	85	6	80	0.0750000
NODE_139_length_5681_cov_68.065030	4891	4971	86	1	80	0.0125000
NODE_139_length_5681_cov_68.065030	4891	4971	87	5	80	0.0625000
NODE_139_length_5681_cov_68.065030	4891	4971	94	5	80	0.0625000
NODE_139_length_5681_cov_68.065030	4944	5007	6	15	63	0.2380952
NODE_139_length_5681_cov_68.065030	4944	5007	13	5	63	0.0793651
NODE_139_length_5681_cov_68.065030	4944	5007	14	6	63	0.0952381
NODE_139_length_5681_cov_68.065030	4944	5007	16	14	63	0.2222222
NODE_139_length_5681_cov_68.065030	4944	5007	19	1	63	0.0158730
NODE_139_length_5681_cov_68.065030	4944	5007	20	13	63	0.2063492
NODE_139_length_5681_cov_68.065030	4944	5007	24	9	63	0.1428571
NODE_139_length_5681_cov_68.065030	4944	5024	2	1	80	0.0125000
NODE_139_length_5681_cov_68.065030	4944	5024	4	1	80	0.0125000
NODE_139_length_5681_cov_68.065030	4944	5024	6	30	80	0.3750000
NODE_139_length_5681_cov_68.065030	4944	5024	13	5	80	0.0625000
NODE_139_length_5681_cov_68.065030	4944	5024	14	6	80	0.0750000
NODE_139_length_5681_cov_68.065030	4944	5024	16	14	80	0.1750000
NODE_139_length_5681_cov_68.065030	4944	5024	19	1	80	0.0125000
NODE_139_length_5681_cov_68.065030	4944	5024	20	13	80	0.1625000
NODE_139_length_5681_cov_68.065030	4944	5024	24	9	80	0.1125000
NODE_140_length_5677_cov_21.613482	1792	1863	39	1	71	0.0140845
NODE_140_length_5677_cov_21.613482	1792	1863	41	1	71	0.0140845
NODE_140_length_5677_cov_21.613482	1792	1863	42	2	71	0.0281690
NODE_140_length_5677_cov_21.613482	1792	1863	46	1	71	0.0140845
NODE_140_length_5677_cov_21.613482	1792	1863	48	6	71	0.0845070
NODE_140_length_5677_cov_21.613482	1792	1863	50	4	71	0.0563380
NODE_140_length_5677_cov_21.613482	1792	1863	52	2	71	0.0281690
NODE_140_length_5677_cov_21.613482	1792	1863	56	3	71	0.0422535
NODE_140_length_5677_cov_21.613482	1792	1863	57	4	71	0.0563380
NODE_140_length_5677_cov_21.613482	1792	1863	59	2	71	0.0281690
NODE_140_length_5677_cov_21.613482	1792	1863	60	6	71	0.0845070
NODE_140_length_5677_cov_21.613482	1792	1863	61	4	71	0.0563380
NODE_140_length_5677_cov_21.613482	1792	1863	66	1	71	0.0140845
NODE_140_length_5677_cov_21.613482	1792	1863	68	4	71	0.0563380
NODE_140_length_5677_cov_21.613482	1792	1863	70	7	71	0.0985916
NODE_140_length_5677_cov_21.613482	1792	1863	72	3	71	0.0422535
NODE_140_length_5677_cov_21.613482	1792	1863	76	1	71	0.0140845
NODE_140_length_5677_cov_21.613482	1792	1863	78	10	71	0.1408451
NODE_140_length_5677_cov_21.613482	1792	1863	80	1	71	0.0140845
NODE_140_length_5677_cov_21.613482	1792	1863	81	1	71	0.0140845
NODE_140_length_5677_cov_21.613482	1792	1863	83	2	71	0.0281690
NODE_140_length_5677_cov_21.613482	1792	1863	85	5	71	0.0704225
NODE_140_length_5677_cov_21.613482	1845	1916	62	1	71	0.0140845
NODE_140_length_5677_cov_21.613482	1845	1916	64	8	71	0.1126761
NODE_140_length_5677_cov_21.613482	1845	1916	66	6	71	0.0845070
NODE_140_length_5677_cov_21.613482	1845	1916	67	1	71	0.0140845
NODE_140_length_5677_cov_21.613482	1845	1916	69	1	71	0.0140845
NODE_140_length_5677_cov_21.613482	1845	1916	71	2	71	0.0281690
NODE_140_length_5677_cov_21.613482	1845	1916	75	3	71	0.0422535
NODE_140_length_5677_cov_21.613482	1845	1916	78	13	71	0.1830986
NODE_140_length_5677_cov_21.613482	1845	1916	80	5	71	0.0704225
NODE_140_length_5677_cov_21.613482	1845	1916	81	9	71	0.1267606
NODE_140_length_5677_cov_21.613482	1845	1916	83	10	71	0.1408451
NODE_140_length_5677_cov_21.613482	1845	1916	85	9	71	0.1267606
NODE_140_length_5677_cov_21.613482	1845	1916	87	3	71	0.0422535
NODE_142_length_5631_cov_25.927332	96	176	0	23	80	0.2875000
NODE_142_length_5631_cov_25.927332	96	176	2	1	80	0.0125000
NODE_142_length_5631_cov_25.927332	96	176	4	20	80	0.2500000
NODE_142_length_5631_cov_25.927332	96	176	6	8	80	0.1000000
NODE_142_length_5631_cov_25.927332	96	176	8	20	80	0.2500000
NODE_142_length_5631_cov_25.927332	96	176	10	8	80	0.1000000
NODE_142_length_5631_cov_25.927332	149	229	6	10	80	0.1250000
NODE_142_length_5631_cov_25.927332	149	229	8	26	80	0.3250000
NODE_142_length_5631_cov_25.927332	149	229	10	44	80	0.5500000
NODE_146_length_5588_cov_40.961377	2793	2873	2	17	80	0.2125000
NODE_146_length_5588_cov_40.961377	2793	2873	4	25	80	0.3125000
NODE_146_length_5588_cov_40.961377	2793	2873	6	38	80	0.4750000
NODE_146_length_5588_cov_40.961377	2846	2926	2	27	80	0.3375000
NODE_146_length_5588_cov_40.961377	2846	2926	4	20	80	0.2500000
NODE_146_length_5588_cov_40.961377	2846	2926	6	5	80	0.0625000
NODE_146_length_5588_cov_40.961377	2846	2926	7	2	80	0.0250000
NODE_146_length_5588_cov_40.961377	2846	2926	8	14	80	0.1750000
NODE_146_length_5588_cov_40.961377	2846	2926	10	12	80	0.1500000
NODE_146_length_5588_cov_40.961377	2922	3002	9	31	80	0.3875000
NODE_146_length_5588_cov_40.961377	2922	3002	10	33	80	0.4125000
NODE_146_length_5588_cov_40.961377	2922	3002	13	2	80	0.0250000
NODE_146_length_5588_cov_40.961377	2922	3002	15	14	80	0.1750000
NODE_146_length_5588_cov_40.961377	2975	3055	8	1	80	0.0125000
NODE_146_length_5588_cov_40.961377	2975	3055	9	11	80	0.1375000
NODE_146_length_5588_cov_40.961377	2975	3055	10	23	80	0.2875000
NODE_146_length_5588_cov_40.961377	2975	3055	13	7	80	0.0875000
NODE_146_length_5588_cov_40.961377	2975	3055	15	38	80	0.4750000
NODE_149_length_5578_cov_5.173389	331	411	0	57	80	0.7125000
NODE_149_length_5578_cov_5.173389	331	411	2	23	80	0.2875000
NODE_149_length_5578_cov_5.173389	388	464	2	76	76	1.0000000
NODE_150_length_5572_cov_79.124246	1555	1627	25	1	72	0.0138889
NODE_150_length_5572_cov_79.124246	1555	1627	27	2	72	0.0277778
NODE_150_length_5572_cov_79.124246	1555	1627	28	3	72	0.0416667
NODE_150_length_5572_cov_79.124246	1555	1627	32	5	72	0.0694444
NODE_150_length_5572_cov_79.124246	1555	1627	43	4	72	0.0555556
NODE_150_length_5572_cov_79.124246	1555	1627	44	5	72	0.0694444
NODE_150_length_5572_cov_79.124246	1555	1627	46	1	72	0.0138889
NODE_150_length_5572_cov_79.124246	1555	1627	48	1	72	0.0138889
NODE_150_length_5572_cov_79.124246	1555	1627	52	2	72	0.0277778
NODE_150_length_5572_cov_79.124246	1555	1627	57	1	72	0.0138889
NODE_150_length_5572_cov_79.124246	1555	1627	59	1	72	0.0138889
NODE_150_length_5572_cov_79.124246	1555	1627	60	2	72	0.0277778
NODE_150_length_5572_cov_79.124246	1555	1627	61	1	72	0.0138889
NODE_150_length_5572_cov_79.124246	1555	1627	63	5	72	0.0694444
NODE_150_length_5572_cov_79.124246	1555	1627	69	2	72	0.0277778
NODE_150_length_5572_cov_79.124246	1555	1627	70	1	72	0.0138889
NODE_150_length_5572_cov_79.124246	1555	1627	72	1	72	0.0138889
NODE_150_length_5572_cov_79.124246	1555	1627	88	1	72	0.0138889
NODE_150_length_5572_cov_79.124246	1555	1627	95	1	72	0.0138889
NODE_150_length_5572_cov_79.124246	1555	1627	97	1	72	0.0138889
NODE_150_length_5572_cov_79.124246	1555	1627	100	1	72	0.0138889
NODE_150_length_5572_cov_79.124246	1555	1627	101	1	72	0.0138889
NODE_150_length_5572_cov_79.124246	1555	1627	109	1	72	0.0138889
NODE_150_length_5572_cov_79.124246	1555	1627	115	1	72	0.0138889
NODE_150_length_5572_cov_79.124246	1555	1627	123	1	72	0.0138889
NODE_150_length_5572_cov_79.124246	1555	1627	128	1	72	0.0138889
NODE_150_length_5572_cov_79.124246	1555	1627	132	1	72	0.0138889
NODE_150_length_5572_cov_79.124246	1555	1627	139	1	72	0.0138889
NODE_150_length_5572_cov_79.124246	1555	1627	141	1	72	0.0138889
NODE_150_length_5572_cov_79.124246	1555	1627	143	1	72	0.0138889
NODE_150_length_5572_cov_79.124246	1555	1627	145	1	72	0.0138889
NODE_150_length_5572_cov_79.124246	1555	1627	151	1	72	0.0138889
NODE_150_length_5572_cov_79.124246	1555	1627	157	1	72	0.0138889
NODE_150_length_5572_cov_79.124246	1555	1627	160	1	72	0.0138889
NODE_150_length_5572_cov_79.124246	1555	1627	164	2	72	0.0277778
NODE_150_length_5572_cov_79.124246	1555	1627	174	1	72	0.0138889
NODE_150_length_5572_cov_79.124246	1555	1627	179	1	72	0.0138889
NODE_150_length_5572_cov_79.124246	1555	1627	181	1	72	0.0138889
NODE_150_length_5572_cov_79.124246	1555	1627	196	1	72	0.0138889
NODE_150_length_5572_cov_79.124246	1555	1627	202	1	72	0.0138889
NODE_150_length_5572_cov_79.124246	1555	1627	206	1	72	0.0138889
NODE_150_length_5572_cov_79.124246	1555	1627	226	1	72	0.0138889
NODE_150_length_5572_cov_79.124246	1555	1627	230	1	72	0.0138889
NODE_150_length_5572_cov_79.124246	1555	1627	241	1	72	0.0138889
NODE_150_length_5572_cov_79.124246	1555	1627	254	1	72	0.0138889
NODE_150_length_5572_cov_79.124246	1555	1627	260	1	72	0.0138889
NODE_150_length_5572_cov_79.124246	1555	1627	262	1	72	0.0138889
NODE_150_length_5572_cov_79.124246	1555	1627	274	1	72	0.0138889
NODE_150_length_5572_cov_79.124246	1555	1627	279	1	72	0.0138889
NODE_150_length_5572_cov_79.124246	1555	1627	290	1	72	0.0138889
NODE_150_length_5572_cov_79.124246	1603	1680	139	1	77	0.0129870
NODE_150_length_5572_cov_79.124246	1603	1680	141	1	77	0.0129870
NODE_150_length_5572_cov_79.124246	1603	1680	143	1	77	0.0129870
NODE_150_length_5572_cov_79.124246	1603	1680	145	1	77	0.0129870
NODE_150_length_5572_cov_79.124246	1603	1680	151	1	77	0.0129870
NODE_150_length_5572_cov_79.124246	1603	1680	157	1	77	0.0129870
NODE_150_length_5572_cov_79.124246	1603	1680	160	1	77	0.0129870
NODE_150_length_5572_cov_79.124246	1603	1680	164	2	77	0.0259740
NODE_150_length_5572_cov_79.124246	1603	1680	174	1	77	0.0129870
NODE_150_length_5572_cov_79.124246	1603	1680	179	1	77	0.0129870
NODE_150_length_5572_cov_79.124246	1603	1680	181	1	77	0.0129870
NODE_150_length_5572_cov_79.124246	1603	1680	196	1	77	0.0129870
NODE_150_length_5572_cov_79.124246	1603	1680	202	1	77	0.0129870
NODE_150_length_5572_cov_79.124246	1603	1680	206	1	77	0.0129870
NODE_150_length_5572_cov_79.124246	1603	1680	226	1	77	0.0129870
NODE_150_length_5572_cov_79.124246	1603	1680	230	1	77	0.0129870
NODE_150_length_5572_cov_79.124246	1603	1680	241	1	77	0.0129870
NODE_150_length_5572_cov_79.124246	1603	1680	254	1	77	0.0129870
NODE_150_length_5572_cov_79.124246	1603	1680	260	1	77	0.0129870
NODE_150_length_5572_cov_79.124246	1603	1680	262	1	77	0.0129870
NODE_150_length_5572_cov_79.124246	1603	1680	274	1	77	0.0129870
NODE_150_length_5572_cov_79.124246	1603	1680	279	1	77	0.0129870
NODE_150_length_5572_cov_79.124246	1603	1680	290	1	77	0.0129870
NODE_150_length_5572_cov_79.124246	1603	1680	303	1	77	0.0129870
NODE_150_length_5572_cov_79.124246	1603	1680	308	2	77	0.0259740
NODE_150_length_5572_cov_79.124246	1603	1680	315	1	77	0.0129870
NODE_150_length_5572_cov_79.124246	1603	1680	317	1	77	0.0129870
NODE_150_length_5572_cov_79.124246	1603	1680	323	1	77	0.0129870
NODE_150_length_5572_cov_79.124246	1603	1680	333	1	77	0.0129870
NODE_150_length_5572_cov_79.124246	1603	1680	334	1	77	0.0129870
NODE_150_length_5572_cov_79.124246	1603	1680	336	1	77	0.0129870
NODE_150_length_5572_cov_79.124246	1603	1680	360	1	77	0.0129870
NODE_150_length_5572_cov_79.124246	1603	1680	369	2	77	0.0259740
NODE_150_length_5572_cov_79.124246	1603	1680	373	1	77	0.0129870
NODE_150_length_5572_cov_79.124246	1603	1680	377	1	77	0.0129870
NODE_150_length_5572_cov_79.124246	1603	1680	389	1	77	0.0129870
NODE_150_length_5572_cov_79.124246	1603	1680	400	1	77	0.0129870
NODE_150_length_5572_cov_79.124246	1603	1680	423	1	77	0.0129870
NODE_150_length_5572_cov_79.124246	1603	1680	427	1	77	0.0129870
NODE_150_length_5572_cov_79.124246	1603	1680	459	1	77	0.0129870
NODE_150_length_5572_cov_79.124246	1603	1680	496	1	77	0.0129870
NODE_150_length_5572_cov_79.124246	1603	1680	547	1	77	0.0129870
NODE_150_length_5572_cov_79.124246	1603	1680	571	1	77	0.0129870
NODE_150_length_5572_cov_79.124246	1603	1680	601	1	77	0.0129870
NODE_150_length_5572_cov_79.124246	1603	1680	610	1	77	0.0129870
NODE_150_length_5572_cov_79.124246	1603	1680	625	1	77	0.0129870
NODE_150_length_5572_cov_79.124246	1603	1680	657	1	77	0.0129870
NODE_150_length_5572_cov_79.124246	1603	1680	665	1	77	0.0129870
NODE_150_length_5572_cov_79.124246	1603	1680	673	1	77	0.0129870
NODE_150_length_5572_cov_79.124246	1603	1680	685	1	77	0.0129870
NODE_150_length_5572_cov_79.124246	1603	1680	688	1	77	0.0129870
NODE_150_length_5572_cov_79.124246	1603	1680	695	1	77	0.0129870
NODE_150_length_5572_cov_79.124246	1603	1680	701	1	77	0.0129870
NODE_150_length_5572_cov_79.124246	1603	1680	705	1	77	0.0129870
NODE_150_length_5572_cov_79.124246	1603	1680	724	1	77	0.0129870
NODE_150_length_5572_cov_79.124246	1603	1680	735	1	77	0.0129870
NODE_150_length_5572_cov_79.124246	1603	1680	762	1	77	0.0129870
NODE_150_length_5572_cov_79.124246	1603	1680	779	1	77	0.0129870
NODE_150_length_5572_cov_79.124246	1603	1680	795	1	77	0.0129870
NODE_150_length_5572_cov_79.124246	1603	1680	801	1	77	0.0129870
NODE_150_length_5572_cov_79.124246	1603	1680	803	1	77	0.0129870
NODE_150_length_5572_cov_79.124246	1603	1680	809	1	77	0.0129870
NODE_150_length_5572_cov_79.124246	1603	1680	829	1	77	0.0129870
NODE_150_length_5572_cov_79.124246	1603	1680	834	1	77	0.0129870
NODE_150_length_5572_cov_79.124246	1603	1680	842	1	77	0.0129870
NODE_150_length_5572_cov_79.124246	1603	1680	847	1	77	0.0129870
NODE_150_length_5572_cov_79.124246	1603	1680	872	1	77	0.0129870
NODE_150_length_5572_cov_79.124246	1603	1680	884	1	77	0.0129870
NODE_150_length_5572_cov_79.124246	1603	1680	912	1	77	0.0129870
NODE_150_length_5572_cov_79.124246	1603	1680	954	1	77	0.0129870
NODE_150_length_5572_cov_79.124246	1603	1680	976	1	77	0.0129870
NODE_150_length_5572_cov_79.124246	1603	1680	1033	1	77	0.0129870
NODE_150_length_5572_cov_79.124246	1603	1680	1057	1	77	0.0129870
NODE_150_length_5572_cov_79.124246	1603	1680	1059	1	77	0.0129870
NODE_150_length_5572_cov_79.124246	1637	1717	369	2	80	0.0250000
NODE_150_length_5572_cov_79.124246	1637	1717	373	1	80	0.0125000
NODE_150_length_5572_cov_79.124246	1637	1717	377	1	80	0.0125000
NODE_150_length_5572_cov_79.124246	1637	1717	389	1	80	0.0125000
NODE_150_length_5572_cov_79.124246	1637	1717	400	1	80	0.0125000
NODE_150_length_5572_cov_79.124246	1637	1717	423	1	80	0.0125000
NODE_150_length_5572_cov_79.124246	1637	1717	427	1	80	0.0125000
NODE_150_length_5572_cov_79.124246	1637	1717	459	1	80	0.0125000
NODE_150_length_5572_cov_79.124246	1637	1717	496	1	80	0.0125000
NODE_150_length_5572_cov_79.124246	1637	1717	547	1	80	0.0125000
NODE_150_length_5572_cov_79.124246	1637	1717	571	1	80	0.0125000
NODE_150_length_5572_cov_79.124246	1637	1717	601	1	80	0.0125000
NODE_150_length_5572_cov_79.124246	1637	1717	610	1	80	0.0125000
NODE_150_length_5572_cov_79.124246	1637	1717	625	1	80	0.0125000
NODE_150_length_5572_cov_79.124246	1637	1717	657	1	80	0.0125000
NODE_150_length_5572_cov_79.124246	1637	1717	665	1	80	0.0125000
NODE_150_length_5572_cov_79.124246	1637	1717	673	1	80	0.0125000
NODE_150_length_5572_cov_79.124246	1637	1717	685	1	80	0.0125000
NODE_150_length_5572_cov_79.124246	1637	1717	688	1	80	0.0125000
NODE_150_length_5572_cov_79.124246	1637	1717	695	1	80	0.0125000
NODE_150_length_5572_cov_79.124246	1637	1717	701	1	80	0.0125000
NODE_150_length_5572_cov_79.124246	1637	1717	705	1	80	0.0125000
NODE_150_length_5572_cov_79.124246	1637	1717	724	1	80	0.0125000
NODE_150_length_5572_cov_79.124246	1637	1717	735	1	80	0.0125000
NODE_150_length_5572_cov_79.124246	1637	1717	762	1	80	0.0125000
NODE_150_length_5572_cov_79.124246	1637	1717	779	1	80	0.0125000
NODE_150_length_5572_cov_79.124246	1637	1717	795	1	80	0.0125000
NODE_150_length_5572_cov_79.124246	1637	1717	801	1	80	0.0125000
NODE_150_length_5572_cov_79.124246	1637	1717	803	1	80	0.0125000
NODE_150_length_5572_cov_79.124246	1637	1717	809	1	80	0.0125000
NODE_150_length_5572_cov_79.124246	1637	1717	829	1	80	0.0125000
NODE_150_length_5572_cov_79.124246	1637	1717	834	1	80	0.0125000
NODE_150_length_5572_cov_79.124246	1637	1717	842	1	80	0.0125000
NODE_150_length_5572_cov_79.124246	1637	1717	847	1	80	0.0125000
NODE_150_length_5572_cov_79.124246	1637	1717	872	1	80	0.0125000
NODE_150_length_5572_cov_79.124246	1637	1717	884	1	80	0.0125000
NODE_150_length_5572_cov_79.124246	1637	1717	912	1	80	0.0125000
NODE_150_length_5572_cov_79.124246	1637	1717	954	1	80	0.0125000
NODE_150_length_5572_cov_79.124246	1637	1717	976	1	80	0.0125000
NODE_150_length_5572_cov_79.124246	1637	1717	1033	1	80	0.0125000
NODE_150_length_5572_cov_79.124246	1637	1717	1057	1	80	0.0125000
NODE_150_length_5572_cov_79.124246	1637	1717	1059	1	80	0.0125000
NODE_150_length_5572_cov_79.124246	1637	1717	1068	1	80	0.0125000
NODE_150_length_5572_cov_79.124246	1637	1717	1070	1	80	0.0125000
NODE_150_length_5572_cov_79.124246	1637	1717	1080	1	80	0.0125000
NODE_150_length_5572_cov_79.124246	1637	1717	1104	1	80	0.0125000
NODE_150_length_5572_cov_79.124246	1637	1717	1107	1	80	0.0125000
NODE_150_length_5572_cov_79.124246	1637	1717	1113	1	80	0.0125000
NODE_150_length_5572_cov_79.124246	1637	1717	1115	1	80	0.0125000
NODE_150_length_5572_cov_79.124246	1637	1717	1128	1	80	0.0125000
NODE_150_length_5572_cov_79.124246	1637	1717	1157	1	80	0.0125000
NODE_150_length_5572_cov_79.124246	1637	1717	1165	1	80	0.0125000
NODE_150_length_5572_cov_79.124246	1637	1717	1183	1	80	0.0125000
NODE_150_length_5572_cov_79.124246	1637	1717	1187	1	80	0.0125000
NODE_150_length_5572_cov_79.124246	1637	1717	1199	1	80	0.0125000
NODE_150_length_5572_cov_79.124246	1637	1717	1220	1	80	0.0125000
NODE_150_length_5572_cov_79.124246	1637	1717	1233	1	80	0.0125000
NODE_150_length_5572_cov_79.124246	1637	1717	1248	1	80	0.0125000
NODE_150_length_5572_cov_79.124246	1637	1717	1255	1	80	0.0125000
NODE_150_length_5572_cov_79.124246	1637	1717	1260	1	80	0.0125000
NODE_150_length_5572_cov_79.124246	1637	1717	1275	1	80	0.0125000
NODE_150_length_5572_cov_79.124246	1637	1717	1282	1	80	0.0125000
NODE_150_length_5572_cov_79.124246	1637	1717	1286	1	80	0.0125000
NODE_150_length_5572_cov_79.124246	1637	1717	1299	1	80	0.0125000
NODE_150_length_5572_cov_79.124246	1637	1717	1302	1	80	0.0125000
NODE_150_length_5572_cov_79.124246	1637	1717	1303	1	80	0.0125000
NODE_150_length_5572_cov_79.124246	1637	1717	1304	1	80	0.0125000
NODE_150_length_5572_cov_79.124246	1637	1717	1305	1	80	0.0125000
NODE_150_length_5572_cov_79.124246	1637	1717	1306	2	80	0.0250000
NODE_150_length_5572_cov_79.124246	1637	1717	1307	1	80	0.0125000
NODE_150_length_5572_cov_79.124246	1637	1717	1308	1	80	0.0125000
NODE_150_length_5572_cov_79.124246	1637	1717	1309	1	80	0.0125000
NODE_150_length_5572_cov_79.124246	1637	1717	1310	2	80	0.0250000
NODE_150_length_5572_cov_79.124246	1637	1717	1311	1	80	0.0125000
NODE_150_length_5572_cov_79.124246	1637	1717	1312	1	80	0.0125000
NODE_150_length_5572_cov_79.124246	1637	1717	1313	2	80	0.0250000
NODE_150_length_5572_cov_79.124246	1690	1770	765	1	80	0.0125000
NODE_150_length_5572_cov_79.124246	1690	1770	779	1	80	0.0125000
NODE_150_length_5572_cov_79.124246	1690	1770	830	1	80	0.0125000
NODE_150_length_5572_cov_79.124246	1690	1770	855	1	80	0.0125000
NODE_150_length_5572_cov_79.124246	1690	1770	880	1	80	0.0125000
NODE_150_length_5572_cov_79.124246	1690	1770	909	1	80	0.0125000
NODE_150_length_5572_cov_79.124246	1690	1770	927	1	80	0.0125000
NODE_150_length_5572_cov_79.124246	1690	1770	936	1	80	0.0125000
NODE_150_length_5572_cov_79.124246	1690	1770	941	1	80	0.0125000
NODE_150_length_5572_cov_79.124246	1690	1770	950	1	80	0.0125000
NODE_150_length_5572_cov_79.124246	1690	1770	986	1	80	0.0125000
NODE_150_length_5572_cov_79.124246	1690	1770	989	1	80	0.0125000
NODE_150_length_5572_cov_79.124246	1690	1770	1008	1	80	0.0125000
NODE_150_length_5572_cov_79.124246	1690	1770	1022	1	80	0.0125000
NODE_150_length_5572_cov_79.124246	1690	1770	1045	1	80	0.0125000
NODE_150_length_5572_cov_79.124246	1690	1770	1053	1	80	0.0125000
NODE_150_length_5572_cov_79.124246	1690	1770	1070	1	80	0.0125000
NODE_150_length_5572_cov_79.124246	1690	1770	1082	1	80	0.0125000
NODE_150_length_5572_cov_79.124246	1690	1770	1102	1	80	0.0125000
NODE_150_length_5572_cov_79.124246	1690	1770	1103	1	80	0.0125000
NODE_150_length_5572_cov_79.124246	1690	1770	1108	1	80	0.0125000
NODE_150_length_5572_cov_79.124246	1690	1770	1122	1	80	0.0125000
NODE_150_length_5572_cov_79.124246	1690	1770	1125	1	80	0.0125000
NODE_150_length_5572_cov_79.124246	1690	1770	1154	1	80	0.0125000
NODE_150_length_5572_cov_79.124246	1690	1770	1167	1	80	0.0125000
NODE_150_length_5572_cov_79.124246	1690	1770	1178	1	80	0.0125000
NODE_150_length_5572_cov_79.124246	1690	1770	1183	1	80	0.0125000
NODE_150_length_5572_cov_79.124246	1690	1770	1187	1	80	0.0125000
NODE_150_length_5572_cov_79.124246	1690	1770	1191	1	80	0.0125000
NODE_150_length_5572_cov_79.124246	1690	1770	1199	1	80	0.0125000
NODE_150_length_5572_cov_79.124246	1690	1770	1202	1	80	0.0125000
NODE_150_length_5572_cov_79.124246	1690	1770	1206	1	80	0.0125000
NODE_150_length_5572_cov_79.124246	1690	1770	1215	1	80	0.0125000
NODE_150_length_5572_cov_79.124246	1690	1770	1220	1	80	0.0125000
NODE_150_length_5572_cov_79.124246	1690	1770	1226	1	80	0.0125000
NODE_150_length_5572_cov_79.124246	1690	1770	1229	1	80	0.0125000
NODE_150_length_5572_cov_79.124246	1690	1770	1233	1	80	0.0125000
NODE_150_length_5572_cov_79.124246	1690	1770	1234	2	80	0.0250000
NODE_150_length_5572_cov_79.124246	1690	1770	1238	1	80	0.0125000
NODE_150_length_5572_cov_79.124246	1690	1770	1248	1	80	0.0125000
NODE_150_length_5572_cov_79.124246	1690	1770	1250	1	80	0.0125000
NODE_150_length_5572_cov_79.124246	1690	1770	1254	1	80	0.0125000
NODE_150_length_5572_cov_79.124246	1690	1770	1255	1	80	0.0125000
NODE_150_length_5572_cov_79.124246	1690	1770	1258	1	80	0.0125000
NODE_150_length_5572_cov_79.124246	1690	1770	1260	1	80	0.0125000
NODE_150_length_5572_cov_79.124246	1690	1770	1261	1	80	0.0125000
NODE_150_length_5572_cov_79.124246	1690	1770	1273	1	80	0.0125000
NODE_150_length_5572_cov_79.124246	1690	1770	1275	1	80	0.0125000
NODE_150_length_5572_cov_79.124246	1690	1770	1277	1	80	0.0125000
NODE_150_length_5572_cov_79.124246	1690	1770	1282	1	80	0.0125000
NODE_150_length_5572_cov_79.124246	1690	1770	1286	1	80	0.0125000
NODE_150_length_5572_cov_79.124246	1690	1770	1287	1	80	0.0125000
NODE_150_length_5572_cov_79.124246	1690	1770	1289	1	80	0.0125000
NODE_150_length_5572_cov_79.124246	1690	1770	1293	1	80	0.0125000
NODE_150_length_5572_cov_79.124246	1690	1770	1299	1	80	0.0125000
NODE_150_length_5572_cov_79.124246	1690	1770	1302	2	80	0.0250000
NODE_150_length_5572_cov_79.124246	1690	1770	1303	2	80	0.0250000
NODE_150_length_5572_cov_79.124246	1690	1770	1304	2	80	0.0250000
NODE_150_length_5572_cov_79.124246	1690	1770	1305	1	80	0.0125000
NODE_150_length_5572_cov_79.124246	1690	1770	1306	3	80	0.0375000
NODE_150_length_5572_cov_79.124246	1690	1770	1307	1	80	0.0125000
NODE_150_length_5572_cov_79.124246	1690	1770	1308	1	80	0.0125000
NODE_150_length_5572_cov_79.124246	1690	1770	1309	2	80	0.0250000
NODE_150_length_5572_cov_79.124246	1690	1770	1310	2	80	0.0250000
NODE_150_length_5572_cov_79.124246	1690	1770	1311	1	80	0.0125000
NODE_150_length_5572_cov_79.124246	1690	1770	1312	1	80	0.0125000
NODE_150_length_5572_cov_79.124246	1690	1770	1313	3	80	0.0375000
NODE_150_length_5572_cov_79.124246	1690	1770	1316	1	80	0.0125000
NODE_150_length_5572_cov_79.124246	1690	1770	1317	2	80	0.0250000
NODE_150_length_5572_cov_79.124246	5130	5210	0	52	80	0.6500000
NODE_150_length_5572_cov_79.124246	5130	5210	4	28	80	0.3500000
NODE_150_length_5572_cov_79.124246	5183	5263	0	16	80	0.2000000
NODE_150_length_5572_cov_79.124246	5183	5263	4	64	80	0.8000000
NODE_151_length_5557_cov_26.198241	341	414	0	73	73	1.0000000
NODE_151_length_5557_cov_26.198241	394	460	0	66	66	1.0000000
NODE_156_length_5500_cov_35.832438	81	161	3	51	80	0.6375000
NODE_156_length_5500_cov_35.832438	81	161	6	29	80	0.3625000
NODE_156_length_5500_cov_35.832438	134	214	6	80	80	1.0000000
NODE_159_length_5470_cov_5.987526	5180	5249	0	25	69	0.3623188
NODE_159_length_5470_cov_5.987526	5180	5249	2	44	69	0.6376812
NODE_160_length_5434_cov_14.997751	541	621	2	1	80	0.0125000
NODE_160_length_5434_cov_14.997751	541	621	4	9	80	0.1125000
NODE_160_length_5434_cov_14.997751	541	621	6	70	80	0.8750000
NODE_160_length_5434_cov_14.997751	594	674	0	2	80	0.0250000
NODE_160_length_5434_cov_14.997751	594	674	2	2	80	0.0250000
NODE_160_length_5434_cov_14.997751	594	674	4	32	80	0.4000000
NODE_160_length_5434_cov_14.997751	594	674	6	44	80	0.5500000
NODE_160_length_5434_cov_14.997751	2664	2744	0	69	80	0.8625000
NODE_160_length_5434_cov_14.997751	2664	2744	2	11	80	0.1375000
NODE_160_length_5434_cov_14.997751	2717	2797	0	80	80	1.0000000
NODE_160_length_5434_cov_14.997751	3041	3093	2	52	52	1.0000000
NODE_160_length_5434_cov_14.997751	3419	3467	20	6	48	0.1250000
NODE_160_length_5434_cov_14.997751	3419	3467	22	16	48	0.3333333
NODE_160_length_5434_cov_14.997751	3419	3467	23	7	48	0.1458333
NODE_160_length_5434_cov_14.997751	3419	3467	24	19	48	0.3958333
NODE_161_length_5425_cov_15.812242	141	218	9	7	77	0.0909091
NODE_161_length_5425_cov_15.812242	141	218	11	2	77	0.0259740
NODE_161_length_5425_cov_15.812242	141	218	13	2	77	0.0259740
NODE_161_length_5425_cov_15.812242	141	218	15	9	77	0.1168831
NODE_161_length_5425_cov_15.812242	141	218	19	2	77	0.0259740
NODE_161_length_5425_cov_15.812242	141	218	21	9	77	0.1168831
NODE_161_length_5425_cov_15.812242	141	218	23	10	77	0.1298701
NODE_161_length_5425_cov_15.812242	141	218	25	1	77	0.0129870
NODE_161_length_5425_cov_15.812242	141	218	29	1	77	0.0129870
NODE_161_length_5425_cov_15.812242	141	218	30	4	77	0.0519481
NODE_161_length_5425_cov_15.812242	141	218	34	2	77	0.0259740
NODE_161_length_5425_cov_15.812242	141	218	36	3	77	0.0389610
NODE_161_length_5425_cov_15.812242	141	218	38	2	77	0.0259740
NODE_161_length_5425_cov_15.812242	141	218	40	2	77	0.0259740
NODE_161_length_5425_cov_15.812242	141	218	43	1	77	0.0129870
NODE_161_length_5425_cov_15.812242	141	218	49	2	77	0.0259740
NODE_161_length_5425_cov_15.812242	141	218	51	1	77	0.0129870
NODE_161_length_5425_cov_15.812242	141	218	53	2	77	0.0259740
NODE_161_length_5425_cov_15.812242	141	218	57	2	77	0.0259740
NODE_161_length_5425_cov_15.812242	141	218	63	1	77	0.0129870
NODE_161_length_5425_cov_15.812242	141	218	66	3	77	0.0389610
NODE_161_length_5425_cov_15.812242	141	218	72	1	77	0.0129870
NODE_161_length_5425_cov_15.812242	141	218	75	3	77	0.0389610
NODE_161_length_5425_cov_15.812242	141	218	77	1	77	0.0129870
NODE_161_length_5425_cov_15.812242	141	218	78	4	77	0.0519481
NODE_161_length_5425_cov_15.812242	841	921	10	29	80	0.3625000
NODE_161_length_5425_cov_15.812242	841	921	14	17	80	0.2125000
NODE_161_length_5425_cov_15.812242	841	921	16	11	80	0.1375000
NODE_161_length_5425_cov_15.812242	841	921	18	23	80	0.2875000
NODE_161_length_5425_cov_15.812242	894	974	0	9	80	0.1125000
NODE_161_length_5425_cov_15.812242	894	974	2	17	80	0.2125000
NODE_161_length_5425_cov_15.812242	894	974	4	23	80	0.2875000
NODE_161_length_5425_cov_15.812242	894	974	9	1	80	0.0125000
NODE_161_length_5425_cov_15.812242	894	974	10	30	80	0.3750000
NODE_163_length_5402_cov_5.397322	191	263	21	6	72	0.0833333
NODE_163_length_5402_cov_5.397322	191	263	22	6	72	0.0833333
NODE_163_length_5402_cov_5.397322	191	263	23	34	72	0.4722222
NODE_163_length_5402_cov_5.397322	191	263	24	26	72	0.3611111
NODE_163_length_5402_cov_5.397322	2305	2385	65	2	80	0.0250000
NODE_163_length_5402_cov_5.397322	2305	2385	67	1	80	0.0125000
NODE_163_length_5402_cov_5.397322	2305	2385	69	5	80	0.0625000
NODE_163_length_5402_cov_5.397322	2305	2385	70	3	80	0.0375000
NODE_163_length_5402_cov_5.397322	2305	2385	71	11	80	0.1375000
NODE_163_length_5402_cov_5.397322	2305	2385	72	4	80	0.0500000
NODE_163_length_5402_cov_5.397322	2305	2385	73	10	80	0.1250000
NODE_163_length_5402_cov_5.397322	2305	2385	74	1	80	0.0125000
NODE_163_length_5402_cov_5.397322	2305	2385	75	6	80	0.0750000
NODE_163_length_5402_cov_5.397322	2305	2385	76	1	80	0.0125000
NODE_163_length_5402_cov_5.397322	2305	2385	78	1	80	0.0125000
NODE_163_length_5402_cov_5.397322	2305	2385	79	3	80	0.0375000
NODE_163_length_5402_cov_5.397322	2305	2385	80	2	80	0.0250000
NODE_163_length_5402_cov_5.397322	2305	2385	81	1	80	0.0125000
NODE_163_length_5402_cov_5.397322	2305	2385	82	1	80	0.0125000
NODE_163_length_5402_cov_5.397322	2305	2385	83	1	80	0.0125000
NODE_163_length_5402_cov_5.397322	2305	2385	84	5	80	0.0625000
NODE_163_length_5402_cov_5.397322	2305	2385	85	8	80	0.1000000
NODE_163_length_5402_cov_5.397322	2305	2385	87	3	80	0.0375000
NODE_163_length_5402_cov_5.397322	2305	2385	88	2	80	0.0250000
NODE_163_length_5402_cov_5.397322	2305	2385	89	5	80	0.0625000
NODE_163_length_5402_cov_5.397322	2305	2385	90	3	80	0.0375000
NODE_163_length_5402_cov_5.397322	2305	2385	91	1	80	0.0125000
NODE_163_length_5402_cov_5.397322	2358	2438	70	6	80	0.0750000
NODE_163_length_5402_cov_5.397322	2358	2438	71	2	80	0.0250000
NODE_163_length_5402_cov_5.397322	2358	2438	72	4	80	0.0500000
NODE_163_length_5402_cov_5.397322	2358	2438	73	6	80	0.0750000
NODE_163_length_5402_cov_5.397322	2358	2438	74	2	80	0.0250000
NODE_163_length_5402_cov_5.397322	2358	2438	75	12	80	0.1500000
NODE_163_length_5402_cov_5.397322	2358	2438	76	4	80	0.0500000
NODE_163_length_5402_cov_5.397322	2358	2438	77	5	80	0.0625000
NODE_163_length_5402_cov_5.397322	2358	2438	78	1	80	0.0125000
NODE_163_length_5402_cov_5.397322	2358	2438	79	2	80	0.0250000
NODE_163_length_5402_cov_5.397322	2358	2438	80	1	80	0.0125000
NODE_163_length_5402_cov_5.397322	2358	2438	82	1	80	0.0125000
NODE_163_length_5402_cov_5.397322	2358	2438	83	3	80	0.0375000
NODE_163_length_5402_cov_5.397322	2358	2438	84	7	80	0.0875000
NODE_163_length_5402_cov_5.397322	2358	2438	85	4	80	0.0500000
NODE_163_length_5402_cov_5.397322	2358	2438	86	4	80	0.0500000
NODE_163_length_5402_cov_5.397322	2358	2438	87	2	80	0.0250000
NODE_163_length_5402_cov_5.397322	2358	2438	88	4	80	0.0500000
NODE_163_length_5402_cov_5.397322	2358	2438	89	4	80	0.0500000
NODE_163_length_5402_cov_5.397322	2358	2438	90	3	80	0.0375000
NODE_163_length_5402_cov_5.397322	2358	2438	91	3	80	0.0375000
NODE_164_length_5383_cov_15.680545	205	285	0	80	80	1.0000000
NODE_164_length_5383_cov_15.680545	258	317	0	59	59	1.0000000
NODE_164_length_5383_cov_15.680545	2042	2122	16	26	80	0.3250000
NODE_164_length_5383_cov_15.680545	2042	2122	18	14	80	0.1750000
NODE_164_length_5383_cov_15.680545	2042	2122	20	25	80	0.3125000
NODE_164_length_5383_cov_15.680545	2042	2122	22	15	80	0.1875000
NODE_164_length_5383_cov_15.680545	2095	2175	0	7	80	0.0875000
NODE_164_length_5383_cov_15.680545	2095	2175	6	11	80	0.1375000
NODE_164_length_5383_cov_15.680545	2095	2175	8	6	80	0.0750000
NODE_164_length_5383_cov_15.680545	2095	2175	10	13	80	0.1625000
NODE_164_length_5383_cov_15.680545	2095	2175	12	10	80	0.1250000
NODE_164_length_5383_cov_15.680545	2095	2175	14	3	80	0.0375000
NODE_164_length_5383_cov_15.680545	2095	2175	18	11	80	0.1375000
NODE_164_length_5383_cov_15.680545	2095	2175	20	15	80	0.1875000
NODE_164_length_5383_cov_15.680545	2095	2175	22	4	80	0.0500000
NODE_165_length_5382_cov_16.894378	1301	1347	5	32	46	0.6956522
NODE_165_length_5382_cov_16.894378	1301	1347	7	1	46	0.0217391
NODE_165_length_5382_cov_16.894378	1301	1347	15	4	46	0.0869565
NODE_165_length_5382_cov_16.894378	1301	1347	17	5	46	0.1086956
NODE_165_length_5382_cov_16.894378	1301	1347	19	2	46	0.0434783
NODE_165_length_5382_cov_16.894378	1301	1347	21	2	46	0.0434783
NODE_165_length_5382_cov_16.894378	5056	5082	83	2	26	0.0769231
NODE_165_length_5382_cov_16.894378	5056	5082	85	1	26	0.0384615
NODE_165_length_5382_cov_16.894378	5056	5082	87	1	26	0.0384615
NODE_165_length_5382_cov_16.894378	5056	5082	89	1	26	0.0384615
NODE_165_length_5382_cov_16.894378	5056	5082	92	1	26	0.0384615
NODE_165_length_5382_cov_16.894378	5056	5082	96	1	26	0.0384615
NODE_165_length_5382_cov_16.894378	5056	5082	98	1	26	0.0384615
NODE_165_length_5382_cov_16.894378	5056	5082	100	3	26	0.1153846
NODE_165_length_5382_cov_16.894378	5056	5082	101	1	26	0.0384615
NODE_165_length_5382_cov_16.894378	5056	5082	105	2	26	0.0769231
NODE_165_length_5382_cov_16.894378	5056	5082	106	2	26	0.0769231
NODE_165_length_5382_cov_16.894378	5056	5082	108	2	26	0.0769231
NODE_165_length_5382_cov_16.894378	5056	5082	109	1	26	0.0384615
NODE_165_length_5382_cov_16.894378	5056	5082	110	1	26	0.0384615
NODE_165_length_5382_cov_16.894378	5056	5082	115	1	26	0.0384615
NODE_165_length_5382_cov_16.894378	5056	5082	123	1	26	0.0384615
NODE_165_length_5382_cov_16.894378	5056	5082	134	1	26	0.0384615
NODE_165_length_5382_cov_16.894378	5056	5082	140	1	26	0.0384615
NODE_165_length_5382_cov_16.894378	5056	5082	146	1	26	0.0384615
NODE_165_length_5382_cov_16.894378	5056	5082	163	1	26	0.0384615
NODE_165_length_5382_cov_16.894378	5056	5115	83	2	59	0.0338983
NODE_165_length_5382_cov_16.894378	5056	5115	85	1	59	0.0169492
NODE_165_length_5382_cov_16.894378	5056	5115	87	1	59	0.0169492
NODE_165_length_5382_cov_16.894378	5056	5115	89	1	59	0.0169492
NODE_165_length_5382_cov_16.894378	5056	5115	92	1	59	0.0169492
NODE_165_length_5382_cov_16.894378	5056	5115	96	1	59	0.0169492
NODE_165_length_5382_cov_16.894378	5056	5115	98	1	59	0.0169492
NODE_165_length_5382_cov_16.894378	5056	5115	100	3	59	0.0508475
NODE_165_length_5382_cov_16.894378	5056	5115	101	1	59	0.0169492
NODE_165_length_5382_cov_16.894378	5056	5115	105	2	59	0.0338983
NODE_165_length_5382_cov_16.894378	5056	5115	106	2	59	0.0338983
NODE_165_length_5382_cov_16.894378	5056	5115	108	2	59	0.0338983
NODE_165_length_5382_cov_16.894378	5056	5115	109	1	59	0.0169492
NODE_165_length_5382_cov_16.894378	5056	5115	110	1	59	0.0169492
NODE_165_length_5382_cov_16.894378	5056	5115	115	1	59	0.0169492
NODE_165_length_5382_cov_16.894378	5056	5115	123	1	59	0.0169492
NODE_165_length_5382_cov_16.894378	5056	5115	134	1	59	0.0169492
NODE_165_length_5382_cov_16.894378	5056	5115	140	1	59	0.0169492
NODE_165_length_5382_cov_16.894378	5056	5115	146	1	59	0.0169492
NODE_165_length_5382_cov_16.894378	5056	5115	163	1	59	0.0169492
NODE_165_length_5382_cov_16.894378	5056	5115	164	1	59	0.0169492
NODE_165_length_5382_cov_16.894378	5056	5115	168	1	59	0.0169492
NODE_165_length_5382_cov_16.894378	5056	5115	174	4	59	0.0677966
NODE_165_length_5382_cov_16.894378	5056	5115	175	1	59	0.0169492
NODE_165_length_5382_cov_16.894378	5056	5115	177	1	59	0.0169492
NODE_165_length_5382_cov_16.894378	5056	5115	178	1	59	0.0169492
NODE_165_length_5382_cov_16.894378	5056	5115	184	2	59	0.0338983
NODE_165_length_5382_cov_16.894378	5056	5115	185	1	59	0.0169492
NODE_165_length_5382_cov_16.894378	5056	5115	188	1	59	0.0169492
NODE_165_length_5382_cov_16.894378	5056	5115	198	1	59	0.0169492
NODE_165_length_5382_cov_16.894378	5056	5115	204	1	59	0.0169492
NODE_165_length_5382_cov_16.894378	5056	5115	208	2	59	0.0338983
NODE_165_length_5382_cov_16.894378	5056	5115	210	1	59	0.0169492
NODE_165_length_5382_cov_16.894378	5056	5115	213	1	59	0.0169492
NODE_165_length_5382_cov_16.894378	5056	5115	214	3	59	0.0508475
NODE_165_length_5382_cov_16.894378	5056	5115	218	1	59	0.0169492
NODE_165_length_5382_cov_16.894378	5056	5115	221	1	59	0.0169492
NODE_165_length_5382_cov_16.894378	5056	5115	226	1	59	0.0169492
NODE_165_length_5382_cov_16.894378	5056	5115	246	1	59	0.0169492
NODE_165_length_5382_cov_16.894378	5056	5115	247	1	59	0.0169492
NODE_165_length_5382_cov_16.894378	5056	5115	265	1	59	0.0169492
NODE_165_length_5382_cov_16.894378	5056	5115	273	1	59	0.0169492
NODE_165_length_5382_cov_16.894378	5056	5115	282	1	59	0.0169492
NODE_165_length_5382_cov_16.894378	5056	5115	288	1	59	0.0169492
NODE_165_length_5382_cov_16.894378	5056	5115	290	1	59	0.0169492
NODE_165_length_5382_cov_16.894378	5056	5115	294	1	59	0.0169492
NODE_167_length_5339_cov_28.708969	3375	3455	12	3	80	0.0375000
NODE_167_length_5339_cov_28.708969	3375	3455	14	48	80	0.6000000
NODE_167_length_5339_cov_28.708969	3375	3455	16	23	80	0.2875000
NODE_167_length_5339_cov_28.708969	3375	3455	18	3	80	0.0375000
NODE_167_length_5339_cov_28.708969	3375	3455	20	1	80	0.0125000
NODE_167_length_5339_cov_28.708969	3375	3455	22	2	80	0.0250000
NODE_167_length_5339_cov_28.708969	3428	3508	14	17	80	0.2125000
NODE_167_length_5339_cov_28.708969	3428	3508	16	8	80	0.1000000
NODE_167_length_5339_cov_28.708969	3428	3508	18	37	80	0.4625000
NODE_167_length_5339_cov_28.708969	3428	3508	20	2	80	0.0250000
NODE_167_length_5339_cov_28.708969	3428	3508	22	16	80	0.2000000
NODE_168_length_5336_cov_33.036471	3109	3189	0	8	80	0.1000000
NODE_168_length_5336_cov_33.036471	3109	3189	2	2	80	0.0250000
NODE_168_length_5336_cov_33.036471	3109	3189	9	1	80	0.0125000
NODE_168_length_5336_cov_33.036471	3109	3189	10	4	80	0.0500000
NODE_168_length_5336_cov_33.036471	3109	3189	12	2	80	0.0250000
NODE_168_length_5336_cov_33.036471	3109	3189	31	3	80	0.0375000
NODE_168_length_5336_cov_33.036471	3109	3189	37	2	80	0.0250000
NODE_168_length_5336_cov_33.036471	3109	3189	44	1	80	0.0125000
NODE_168_length_5336_cov_33.036471	3109	3189	50	1	80	0.0125000
NODE_168_length_5336_cov_33.036471	3109	3189	51	3	80	0.0375000
NODE_168_length_5336_cov_33.036471	3109	3189	53	2	80	0.0250000
NODE_168_length_5336_cov_33.036471	3109	3189	55	41	80	0.5125000
NODE_168_length_5336_cov_33.036471	3109	3189	57	10	80	0.1250000
NODE_168_length_5336_cov_33.036471	3162	3242	18	6	80	0.0750000
NODE_168_length_5336_cov_33.036471	3162	3242	20	14	80	0.1750000
NODE_168_length_5336_cov_33.036471	3162	3242	22	8	80	0.1000000
NODE_168_length_5336_cov_33.036471	3162	3242	24	9	80	0.1125000
NODE_168_length_5336_cov_33.036471	3162	3242	26	1	80	0.0125000
NODE_168_length_5336_cov_33.036471	3162	3242	41	4	80	0.0500000
NODE_168_length_5336_cov_33.036471	3162	3242	43	2	80	0.0250000
NODE_168_length_5336_cov_33.036471	3162	3242	51	1	80	0.0125000
NODE_168_length_5336_cov_33.036471	3162	3242	52	2	80	0.0250000
NODE_168_length_5336_cov_33.036471	3162	3242	53	7	80	0.0875000
NODE_168_length_5336_cov_33.036471	3162	3242	55	16	80	0.2000000
NODE_168_length_5336_cov_33.036471	3162	3242	57	10	80	0.1250000
NODE_179_length_5269_cov_23.392650	1905	1985	2	80	80	1.0000000
NODE_179_length_5269_cov_23.392650	1958	2038	0	49	80	0.6125000
NODE_179_length_5269_cov_23.392650	1958	2038	2	31	80	0.3875000
NODE_181_length_5207_cov_31.352780	4588	4668	0	46	80	0.5750000
NODE_181_length_5207_cov_31.352780	4588	4668	4	3	80	0.0375000
NODE_181_length_5207_cov_31.352780	4588	4668	6	31	80	0.3875000
NODE_181_length_5207_cov_31.352780	4641	4721	6	80	80	1.0000000
NODE_183_length_5193_cov_14.930506	4659	4739	0	18	80	0.2250000
NODE_183_length_5193_cov_14.930506	4659	4739	2	62	80	0.7750000
NODE_183_length_5193_cov_14.930506	4712	4792	0	2	80	0.0250000
NODE_183_length_5193_cov_14.930506	4712	4792	2	78	80	0.9750000
NODE_183_length_5193_cov_14.930506	4788	4868	0	78	80	0.9750000
NODE_183_length_5193_cov_14.930506	4788	4868	2	2	80	0.0250000
NODE_183_length_5193_cov_14.930506	4841	4921	0	80	80	1.0000000
NODE_186_length_5159_cov_261.593676	158	227	130	2	69	0.0289855
NODE_186_length_5159_cov_261.593676	158	227	132	2	69	0.0289855
NODE_186_length_5159_cov_261.593676	158	227	134	2	69	0.0289855
NODE_186_length_5159_cov_261.593676	158	227	140	3	69	0.0434783
NODE_186_length_5159_cov_261.593676	158	227	150	1	69	0.0144928
NODE_186_length_5159_cov_261.593676	158	227	151	2	69	0.0289855
NODE_186_length_5159_cov_261.593676	158	227	152	4	69	0.0579710
NODE_186_length_5159_cov_261.593676	158	227	154	2	69	0.0289855
NODE_186_length_5159_cov_261.593676	158	227	155	2	69	0.0289855
NODE_186_length_5159_cov_261.593676	158	227	156	4	69	0.0579710
NODE_186_length_5159_cov_261.593676	158	227	157	1	69	0.0144928
NODE_186_length_5159_cov_261.593676	158	227	158	4	69	0.0579710
NODE_186_length_5159_cov_261.593676	158	227	159	2	69	0.0289855
NODE_186_length_5159_cov_261.593676	158	227	160	2	69	0.0289855
NODE_186_length_5159_cov_261.593676	158	227	164	1	69	0.0144928
NODE_186_length_5159_cov_261.593676	158	227	165	1	69	0.0144928
NODE_186_length_5159_cov_261.593676	158	227	169	2	69	0.0289855
NODE_186_length_5159_cov_261.593676	158	227	173	3	69	0.0434783
NODE_186_length_5159_cov_261.593676	158	227	174	1	69	0.0144928
NODE_186_length_5159_cov_261.593676	158	227	176	3	69	0.0434783
NODE_186_length_5159_cov_261.593676	158	227	178	2	69	0.0289855
NODE_186_length_5159_cov_261.593676	158	227	182	1	69	0.0144928
NODE_186_length_5159_cov_261.593676	158	227	184	2	69	0.0289855
NODE_186_length_5159_cov_261.593676	158	227	185	3	69	0.0434783
NODE_186_length_5159_cov_261.593676	158	227	188	7	69	0.1014493
NODE_186_length_5159_cov_261.593676	158	227	189	2	69	0.0289855
NODE_186_length_5159_cov_261.593676	158	227	190	3	69	0.0434783
NODE_186_length_5159_cov_261.593676	158	227	191	2	69	0.0289855
NODE_186_length_5159_cov_261.593676	158	227	192	3	69	0.0434783
NODE_189_length_5138_cov_31.467355	3004	3075	4	3	71	0.0422535
NODE_189_length_5138_cov_31.467355	3004	3075	6	3	71	0.0422535
NODE_189_length_5138_cov_31.467355	3004	3075	10	8	71	0.1126761
NODE_189_length_5138_cov_31.467355	3004	3075	12	7	71	0.0985916
NODE_189_length_5138_cov_31.467355	3004	3075	14	3	71	0.0422535
NODE_189_length_5138_cov_31.467355	3004	3075	16	2	71	0.0281690
NODE_189_length_5138_cov_31.467355	3004	3075	18	2	71	0.0281690
NODE_189_length_5138_cov_31.467355	3004	3075	19	3	71	0.0422535
NODE_189_length_5138_cov_31.467355	3004	3075	20	7	71	0.0985916
NODE_189_length_5138_cov_31.467355	3004	3075	22	10	71	0.1408451
NODE_189_length_5138_cov_31.467355	3004	3075	23	4	71	0.0563380
NODE_189_length_5138_cov_31.467355	3004	3075	26	1	71	0.0140845
NODE_189_length_5138_cov_31.467355	3004	3075	27	3	71	0.0422535
NODE_189_length_5138_cov_31.467355	3004	3075	29	1	71	0.0140845
NODE_189_length_5138_cov_31.467355	3004	3075	31	2	71	0.0281690
NODE_189_length_5138_cov_31.467355	3004	3075	34	1	71	0.0140845
NODE_189_length_5138_cov_31.467355	3004	3075	35	4	71	0.0563380
NODE_189_length_5138_cov_31.467355	3004	3075	37	2	71	0.0281690
NODE_189_length_5138_cov_31.467355	3004	3075	38	2	71	0.0281690
NODE_189_length_5138_cov_31.467355	3004	3075	40	2	71	0.0281690
NODE_189_length_5138_cov_31.467355	3004	3075	44	1	71	0.0140845
NODE_191_length_5126_cov_5.900935	731	811	6	4	80	0.0500000
NODE_191_length_5126_cov_5.900935	731	811	8	22	80	0.2750000
NODE_191_length_5126_cov_5.900935	731	811	14	15	80	0.1875000
NODE_191_length_5126_cov_5.900935	731	811	16	28	80	0.3500000
NODE_191_length_5126_cov_5.900935	731	811	18	11	80	0.1375000
NODE_191_length_5126_cov_5.900935	784	864	4	21	80	0.2625000
NODE_191_length_5126_cov_5.900935	784	864	6	22	80	0.2750000
NODE_191_length_5126_cov_5.900935	784	864	8	2	80	0.0250000
NODE_191_length_5126_cov_5.900935	784	864	14	4	80	0.0500000
NODE_191_length_5126_cov_5.900935	784	864	16	20	80	0.2500000
NODE_191_length_5126_cov_5.900935	784	864	18	11	80	0.1375000
NODE_194_length_5102_cov_12.729962	367	447	4	71	80	0.8875000
NODE_194_length_5102_cov_12.729962	367	447	6	9	80	0.1125000
NODE_194_length_5102_cov_12.729962	420	500	4	18	80	0.2250000
NODE_194_length_5102_cov_12.729962	420	500	6	62	80	0.7750000
NODE_194_length_5102_cov_12.729962	496	576	0	46	80	0.5750000
NODE_194_length_5102_cov_12.729962	496	576	2	17	80	0.2125000
NODE_194_length_5102_cov_12.729962	496	576	4	4	80	0.0500000
NODE_194_length_5102_cov_12.729962	496	576	6	13	80	0.1625000
NODE_194_length_5102_cov_12.729962	549	629	0	80	80	1.0000000
NODE_196_length_5079_cov_5.580522	875	940	85	2	65	0.0307692
NODE_196_length_5079_cov_5.580522	875	940	87	3	65	0.0461538
NODE_196_length_5079_cov_5.580522	875	940	89	8	65	0.1230769
NODE_196_length_5079_cov_5.580522	875	940	90	1	65	0.0153846
NODE_196_length_5079_cov_5.580522	875	940	91	4	65	0.0615385
NODE_196_length_5079_cov_5.580522	875	940	93	1	65	0.0153846
NODE_196_length_5079_cov_5.580522	875	940	94	2	65	0.0307692
NODE_196_length_5079_cov_5.580522	875	940	95	1	65	0.0153846
NODE_196_length_5079_cov_5.580522	875	940	96	1	65	0.0153846
NODE_196_length_5079_cov_5.580522	875	940	97	6	65	0.0923077
NODE_196_length_5079_cov_5.580522	875	940	98	9	65	0.1384615
NODE_196_length_5079_cov_5.580522	875	940	99	3	65	0.0461538
NODE_196_length_5079_cov_5.580522	875	940	100	4	65	0.0615385
NODE_196_length_5079_cov_5.580522	875	940	101	7	65	0.1076923
NODE_196_length_5079_cov_5.580522	875	940	102	1	65	0.0153846
NODE_196_length_5079_cov_5.580522	875	940	103	5	65	0.0769231
NODE_196_length_5079_cov_5.580522	875	940	105	2	65	0.0307692
NODE_196_length_5079_cov_5.580522	875	940	106	4	65	0.0615385
NODE_196_length_5079_cov_5.580522	875	940	108	1	65	0.0153846
NODE_197_length_5057_cov_16.348729	2929	3000	278	1	71	0.0140845
NODE_197_length_5057_cov_16.348729	2929	3000	296	1	71	0.0140845
NODE_197_length_5057_cov_16.348729	2929	3000	311	1	71	0.0140845
NODE_197_length_5057_cov_16.348729	2929	3000	315	1	71	0.0140845
NODE_197_length_5057_cov_16.348729	2929	3000	323	1	71	0.0140845
NODE_197_length_5057_cov_16.348729	2929	3000	333	1	71	0.0140845
NODE_197_length_5057_cov_16.348729	2929	3000	336	1	71	0.0140845
NODE_197_length_5057_cov_16.348729	2929	3000	346	1	71	0.0140845
NODE_197_length_5057_cov_16.348729	2929	3000	351	1	71	0.0140845
NODE_197_length_5057_cov_16.348729	2929	3000	360	1	71	0.0140845
NODE_197_length_5057_cov_16.348729	2929	3000	368	1	71	0.0140845
NODE_197_length_5057_cov_16.348729	2929	3000	372	1	71	0.0140845
NODE_197_length_5057_cov_16.348729	2929	3000	387	1	71	0.0140845
NODE_197_length_5057_cov_16.348729	2929	3000	400	1	71	0.0140845
NODE_197_length_5057_cov_16.348729	2929	3000	402	1	71	0.0140845
NODE_197_length_5057_cov_16.348729	2929	3000	414	1	71	0.0140845
NODE_197_length_5057_cov_16.348729	2929	3000	423	1	71	0.0140845
NODE_197_length_5057_cov_16.348729	2929	3000	436	1	71	0.0140845
NODE_197_length_5057_cov_16.348729	2929	3000	448	1	71	0.0140845
NODE_197_length_5057_cov_16.348729	2929	3000	454	1	71	0.0140845
NODE_197_length_5057_cov_16.348729	2929	3000	465	1	71	0.0140845
NODE_197_length_5057_cov_16.348729	2929	3000	503	1	71	0.0140845
NODE_197_length_5057_cov_16.348729	2929	3000	511	1	71	0.0140845
NODE_197_length_5057_cov_16.348729	2929	3000	517	1	71	0.0140845
NODE_197_length_5057_cov_16.348729	2929	3000	523	1	71	0.0140845
NODE_197_length_5057_cov_16.348729	2929	3000	542	1	71	0.0140845
NODE_197_length_5057_cov_16.348729	2929	3000	545	1	71	0.0140845
NODE_197_length_5057_cov_16.348729	2929	3000	549	1	71	0.0140845
NODE_197_length_5057_cov_16.348729	2929	3000	557	1	71	0.0140845
NODE_197_length_5057_cov_16.348729	2929	3000	559	1	71	0.0140845
NODE_197_length_5057_cov_16.348729	2929	3000	563	1	71	0.0140845
NODE_197_length_5057_cov_16.348729	2929	3000	574	1	71	0.0140845
NODE_197_length_5057_cov_16.348729	2929	3000	594	1	71	0.0140845
NODE_197_length_5057_cov_16.348729	2929	3000	600	1	71	0.0140845
NODE_197_length_5057_cov_16.348729	2929	3000	611	1	71	0.0140845
NODE_197_length_5057_cov_16.348729	2929	3000	623	2	71	0.0281690
NODE_197_length_5057_cov_16.348729	2929	3000	627	1	71	0.0140845
NODE_197_length_5057_cov_16.348729	2929	3000	629	1	71	0.0140845
NODE_197_length_5057_cov_16.348729	2929	3000	632	1	71	0.0140845
NODE_197_length_5057_cov_16.348729	2929	3000	637	1	71	0.0140845
NODE_197_length_5057_cov_16.348729	2929	3000	638	1	71	0.0140845
NODE_197_length_5057_cov_16.348729	2929	3000	646	1	71	0.0140845
NODE_197_length_5057_cov_16.348729	2929	3000	647	1	71	0.0140845
NODE_197_length_5057_cov_16.348729	2929	3000	661	2	71	0.0281690
NODE_197_length_5057_cov_16.348729	2929	3000	662	1	71	0.0140845
NODE_197_length_5057_cov_16.348729	2929	3000	664	1	71	0.0140845
NODE_197_length_5057_cov_16.348729	2929	3000	672	1	71	0.0140845
NODE_197_length_5057_cov_16.348729	2929	3000	675	1	71	0.0140845
NODE_197_length_5057_cov_16.348729	2929	3000	679	2	71	0.0281690
NODE_197_length_5057_cov_16.348729	2929	3000	682	1	71	0.0140845
NODE_197_length_5057_cov_16.348729	2929	3000	683	2	71	0.0281690
NODE_197_length_5057_cov_16.348729	2929	3000	688	1	71	0.0140845
NODE_197_length_5057_cov_16.348729	2929	3000	693	1	71	0.0140845
NODE_197_length_5057_cov_16.348729	2929	3000	699	1	71	0.0140845
NODE_197_length_5057_cov_16.348729	2929	3000	709	1	71	0.0140845
NODE_197_length_5057_cov_16.348729	2929	3000	714	1	71	0.0140845
NODE_197_length_5057_cov_16.348729	2929	3000	717	1	71	0.0140845
NODE_197_length_5057_cov_16.348729	2929	3000	719	1	71	0.0140845
NODE_197_length_5057_cov_16.348729	2929	3000	726	1	71	0.0140845
NODE_197_length_5057_cov_16.348729	2929	3000	730	1	71	0.0140845
NODE_197_length_5057_cov_16.348729	2929	3000	733	1	71	0.0140845
NODE_197_length_5057_cov_16.348729	2929	3000	734	3	71	0.0422535
NODE_197_length_5057_cov_16.348729	2929	3000	736	1	71	0.0140845
NODE_197_length_5057_cov_16.348729	2929	3000	738	1	71	0.0140845
NODE_197_length_5057_cov_16.348729	2929	3000	740	1	71	0.0140845
NODE_197_length_5057_cov_16.348729	2973	3012	661	2	39	0.0512821
NODE_197_length_5057_cov_16.348729	2973	3012	662	1	39	0.0256410
NODE_197_length_5057_cov_16.348729	2973	3012	664	1	39	0.0256410
NODE_197_length_5057_cov_16.348729	2973	3012	672	1	39	0.0256410
NODE_197_length_5057_cov_16.348729	2973	3012	675	1	39	0.0256410
NODE_197_length_5057_cov_16.348729	2973	3012	679	2	39	0.0512821
NODE_197_length_5057_cov_16.348729	2973	3012	682	1	39	0.0256410
NODE_197_length_5057_cov_16.348729	2973	3012	683	2	39	0.0512821
NODE_197_length_5057_cov_16.348729	2973	3012	688	1	39	0.0256410
NODE_197_length_5057_cov_16.348729	2973	3012	693	1	39	0.0256410
NODE_197_length_5057_cov_16.348729	2973	3012	699	1	39	0.0256410
NODE_197_length_5057_cov_16.348729	2973	3012	709	1	39	0.0256410
NODE_197_length_5057_cov_16.348729	2973	3012	714	1	39	0.0256410
NODE_197_length_5057_cov_16.348729	2973	3012	717	1	39	0.0256410
NODE_197_length_5057_cov_16.348729	2973	3012	719	1	39	0.0256410
NODE_197_length_5057_cov_16.348729	2973	3012	724	1	39	0.0256410
NODE_197_length_5057_cov_16.348729	2973	3012	725	1	39	0.0256410
NODE_197_length_5057_cov_16.348729	2973	3012	726	1	39	0.0256410
NODE_197_length_5057_cov_16.348729	2973	3012	730	1	39	0.0256410
NODE_197_length_5057_cov_16.348729	2973	3012	731	1	39	0.0256410
NODE_197_length_5057_cov_16.348729	2973	3012	733	1	39	0.0256410
NODE_197_length_5057_cov_16.348729	2973	3012	734	4	39	0.1025641
NODE_197_length_5057_cov_16.348729	2973	3012	735	2	39	0.0512821
NODE_197_length_5057_cov_16.348729	2973	3012	736	3	39	0.0769231
NODE_197_length_5057_cov_16.348729	2973	3012	737	1	39	0.0256410
NODE_197_length_5057_cov_16.348729	2973	3012	738	3	39	0.0769231
NODE_197_length_5057_cov_16.348729	2973	3012	740	1	39	0.0256410
NODE_197_length_5057_cov_16.348729	2973	3012	742	1	39	0.0256410
NODE_198_length_5053_cov_11.281994	791	834	8	43	43	1.0000000
NODE_198_length_5053_cov_11.281994	807	887	0	31	80	0.3875000
NODE_198_length_5053_cov_11.281994	807	887	4	8	80	0.1000000
NODE_198_length_5053_cov_11.281994	807	887	8	41	80	0.5125000
NODE_198_length_5053_cov_11.281994	883	963	0	80	80	1.0000000
NODE_198_length_5053_cov_11.281994	936	999	0	63	63	1.0000000
NODE_204_length_4906_cov_37.988350	3170	3251	34	1	81	0.0123457
NODE_204_length_4906_cov_37.988350	3170	3251	38	1	81	0.0123457
NODE_204_length_4906_cov_37.988350	3170	3251	43	2	81	0.0246914
NODE_204_length_4906_cov_37.988350	3170	3251	44	3	81	0.0370370
NODE_204_length_4906_cov_37.988350	3170	3251	52	2	81	0.0246914
NODE_204_length_4906_cov_37.988350	3170	3251	54	1	81	0.0123457
NODE_204_length_4906_cov_37.988350	3170	3251	65	1	81	0.0123457
NODE_204_length_4906_cov_37.988350	3170	3251	69	1	81	0.0123457
NODE_204_length_4906_cov_37.988350	3170	3251	72	1	81	0.0123457
NODE_204_length_4906_cov_37.988350	3170	3251	81	1	81	0.0123457
NODE_204_length_4906_cov_37.988350	3170	3251	82	4	81	0.0493827
NODE_204_length_4906_cov_37.988350	3170	3251	92	1	81	0.0123457
NODE_204_length_4906_cov_37.988350	3170	3251	99	2	81	0.0246914
NODE_204_length_4906_cov_37.988350	3170	3251	103	1	81	0.0123457
NODE_204_length_4906_cov_37.988350	3170	3251	106	1	81	0.0123457
NODE_204_length_4906_cov_37.988350	3170	3251	114	1	81	0.0123457
NODE_204_length_4906_cov_37.988350	3170	3251	117	1	81	0.0123457
NODE_204_length_4906_cov_37.988350	3170	3251	124	2	81	0.0246914
NODE_204_length_4906_cov_37.988350	3170	3251	126	3	81	0.0370370
NODE_204_length_4906_cov_37.988350	3170	3251	130	2	81	0.0246914
NODE_204_length_4906_cov_37.988350	3170	3251	131	3	81	0.0370370
NODE_204_length_4906_cov_37.988350	3170	3251	137	1	81	0.0123457
NODE_204_length_4906_cov_37.988350	3170	3251	142	1	81	0.0123457
NODE_204_length_4906_cov_37.988350	3170	3251	144	2	81	0.0246914
NODE_204_length_4906_cov_37.988350	3170	3251	147	1	81	0.0123457
NODE_204_length_4906_cov_37.988350	3170	3251	151	1	81	0.0123457
NODE_204_length_4906_cov_37.988350	3170	3251	154	2	81	0.0246914
NODE_204_length_4906_cov_37.988350	3170	3251	156	1	81	0.0123457
NODE_204_length_4906_cov_37.988350	3170	3251	169	1	81	0.0123457
NODE_204_length_4906_cov_37.988350	3170	3251	172	1	81	0.0123457
NODE_204_length_4906_cov_37.988350	3170	3251	180	1	81	0.0123457
NODE_204_length_4906_cov_37.988350	3170	3251	185	1	81	0.0123457
NODE_204_length_4906_cov_37.988350	3170	3251	189	1	81	0.0123457
NODE_204_length_4906_cov_37.988350	3170	3251	192	1	81	0.0123457
NODE_204_length_4906_cov_37.988350	3170	3251	198	1	81	0.0123457
NODE_204_length_4906_cov_37.988350	3170	3251	202	1	81	0.0123457
NODE_204_length_4906_cov_37.988350	3170	3251	204	1	81	0.0123457
NODE_204_length_4906_cov_37.988350	3170	3251	213	1	81	0.0123457
NODE_204_length_4906_cov_37.988350	3170	3251	218	1	81	0.0123457
NODE_204_length_4906_cov_37.988350	3170	3251	225	1	81	0.0123457
NODE_204_length_4906_cov_37.988350	3170	3251	227	1	81	0.0123457
NODE_204_length_4906_cov_37.988350	3170	3251	239	1	81	0.0123457
NODE_204_length_4906_cov_37.988350	3170	3251	242	1	81	0.0123457
NODE_204_length_4906_cov_37.988350	3170	3251	245	1	81	0.0123457
NODE_204_length_4906_cov_37.988350	3170	3251	248	1	81	0.0123457
NODE_204_length_4906_cov_37.988350	3170	3251	251	1	81	0.0123457
NODE_204_length_4906_cov_37.988350	3170	3251	272	1	81	0.0123457
NODE_204_length_4906_cov_37.988350	3170	3251	274	1	81	0.0123457
NODE_204_length_4906_cov_37.988350	3170	3251	276	1	81	0.0123457
NODE_204_length_4906_cov_37.988350	3170	3251	283	1	81	0.0123457
NODE_204_length_4906_cov_37.988350	3170	3251	291	1	81	0.0123457
NODE_204_length_4906_cov_37.988350	3170	3251	296	1	81	0.0123457
NODE_204_length_4906_cov_37.988350	3170	3251	298	1	81	0.0123457
NODE_204_length_4906_cov_37.988350	3170	3251	303	1	81	0.0123457
NODE_204_length_4906_cov_37.988350	3170	3251	307	1	81	0.0123457
NODE_204_length_4906_cov_37.988350	3170	3251	310	1	81	0.0123457
NODE_204_length_4906_cov_37.988350	3170	3251	314	1	81	0.0123457
NODE_204_length_4906_cov_37.988350	3170	3251	317	2	81	0.0246914
NODE_204_length_4906_cov_37.988350	3170	3251	333	1	81	0.0123457
NODE_204_length_4906_cov_37.988350	3170	3251	335	1	81	0.0123457
NODE_204_length_4906_cov_37.988350	3170	3251	338	1	81	0.0123457
NODE_204_length_4906_cov_37.988350	3170	3251	339	1	81	0.0123457
NODE_204_length_4906_cov_37.988350	3170	3251	342	1	81	0.0123457
NODE_204_length_4906_cov_37.988350	3170	3251	346	1	81	0.0123457
NODE_205_length_4888_cov_60.162247	4029	4068	13	22	39	0.5641026
NODE_205_length_4888_cov_60.162247	4029	4068	15	1	39	0.0256410
NODE_205_length_4888_cov_60.162247	4029	4068	17	16	39	0.4102564
NODE_205_length_4888_cov_60.162247	4041	4121	13	13	80	0.1625000
NODE_205_length_4888_cov_60.162247	4041	4121	17	61	80	0.7625000
NODE_205_length_4888_cov_60.162247	4041	4121	19	6	80	0.0750000
NODE_207_length_4875_cov_63.035176	2905	2985	0	11	80	0.1375000
NODE_207_length_4875_cov_63.035176	2905	2985	2	69	80	0.8625000
NODE_207_length_4875_cov_63.035176	2958	3038	2	43	80	0.5375000
NODE_207_length_4875_cov_63.035176	2958	3038	4	1	80	0.0125000
NODE_207_length_4875_cov_63.035176	2958	3038	6	5	80	0.0625000
NODE_207_length_4875_cov_63.035176	2958	3038	8	11	80	0.1375000
NODE_207_length_4875_cov_63.035176	2958	3038	12	7	80	0.0875000
NODE_207_length_4875_cov_63.035176	2958	3038	14	13	80	0.1625000
NODE_208_length_4875_cov_8.996859	4683	4760	0	29	77	0.3766234
NODE_208_length_4875_cov_8.996859	4683	4760	2	48	77	0.6233766
NODE_208_length_4875_cov_8.996859	4736	4813	0	77	77	1.0000000
NODE_211_length_4827_cov_15.364636	1803	1865	36	10	62	0.1612903
NODE_211_length_4827_cov_15.364636	1803	1865	37	2	62	0.0322581
NODE_211_length_4827_cov_15.364636	1803	1865	38	4	62	0.0645161
NODE_211_length_4827_cov_15.364636	1803	1865	40	3	62	0.0483871
NODE_211_length_4827_cov_15.364636	1803	1865	44	1	62	0.0161290
NODE_211_length_4827_cov_15.364636	1803	1865	45	7	62	0.1129032
NODE_211_length_4827_cov_15.364636	1803	1865	47	1	62	0.0161290
NODE_211_length_4827_cov_15.364636	1803	1865	51	4	62	0.0645161
NODE_211_length_4827_cov_15.364636	1803	1865	56	2	62	0.0322581
NODE_211_length_4827_cov_15.364636	1803	1865	66	1	62	0.0161290
NODE_211_length_4827_cov_15.364636	1803	1865	68	2	62	0.0322581
NODE_211_length_4827_cov_15.364636	1803	1865	70	3	62	0.0483871
NODE_211_length_4827_cov_15.364636	1803	1865	72	2	62	0.0322581
NODE_211_length_4827_cov_15.364636	1803	1865	76	1	62	0.0161290
NODE_211_length_4827_cov_15.364636	1803	1865	80	2	62	0.0322581
NODE_211_length_4827_cov_15.364636	1803	1865	82	1	62	0.0161290
NODE_211_length_4827_cov_15.364636	1803	1865	84	1	62	0.0161290
NODE_211_length_4827_cov_15.364636	1803	1865	86	2	62	0.0322581
NODE_211_length_4827_cov_15.364636	1803	1865	88	4	62	0.0645161
NODE_211_length_4827_cov_15.364636	1803	1865	92	1	62	0.0161290
NODE_211_length_4827_cov_15.364636	1803	1865	98	1	62	0.0161290
NODE_211_length_4827_cov_15.364636	1803	1865	100	1	62	0.0161290
NODE_211_length_4827_cov_15.364636	1803	1865	108	2	62	0.0322581
NODE_211_length_4827_cov_15.364636	1803	1865	112	2	62	0.0322581
NODE_211_length_4827_cov_15.364636	1803	1865	114	2	62	0.0322581
NODE_211_length_4827_cov_15.364636	1899	1979	47	3	80	0.0375000
NODE_211_length_4827_cov_15.364636	1899	1979	49	2	80	0.0250000
NODE_211_length_4827_cov_15.364636	1899	1979	50	3	80	0.0375000
NODE_211_length_4827_cov_15.364636	1899	1979	51	1	80	0.0125000
NODE_211_length_4827_cov_15.364636	1899	1979	53	2	80	0.0250000
NODE_211_length_4827_cov_15.364636	1899	1979	55	22	80	0.2750000
NODE_211_length_4827_cov_15.364636	1899	1979	57	15	80	0.1875000
NODE_211_length_4827_cov_15.364636	1899	1979	58	6	80	0.0750000
NODE_211_length_4827_cov_15.364636	1899	1979	59	7	80	0.0875000
NODE_211_length_4827_cov_15.364636	1899	1979	60	10	80	0.1250000
NODE_211_length_4827_cov_15.364636	1899	1979	61	6	80	0.0750000
NODE_211_length_4827_cov_15.364636	1899	1979	62	3	80	0.0375000
NODE_211_length_4827_cov_15.364636	1952	1996	47	2	44	0.0454545
NODE_211_length_4827_cov_15.364636	1952	1996	48	4	44	0.0909091
NODE_211_length_4827_cov_15.364636	1952	1996	49	4	44	0.0909091
NODE_211_length_4827_cov_15.364636	1952	1996	50	10	44	0.2272727
NODE_211_length_4827_cov_15.364636	1952	1996	53	2	44	0.0454545
NODE_211_length_4827_cov_15.364636	1952	1996	55	20	44	0.4545455
NODE_211_length_4827_cov_15.364636	1952	1996	57	1	44	0.0227273
NODE_211_length_4827_cov_15.364636	1952	1996	59	1	44	0.0227273
NODE_212_length_4821_cov_10.856840	999	1061	6	4	62	0.0645161
NODE_212_length_4821_cov_10.856840	999	1061	8	24	62	0.3870968
NODE_212_length_4821_cov_10.856840	999	1061	13	16	62	0.2580645
NODE_212_length_4821_cov_10.856840	999	1061	14	5	62	0.0806452
NODE_212_length_4821_cov_10.856840	999	1061	16	3	62	0.0483871
NODE_212_length_4821_cov_10.856840	999	1061	17	9	62	0.1451613
NODE_212_length_4821_cov_10.856840	999	1061	19	1	62	0.0161290
NODE_213_length_4819_cov_16.363347	2392	2461	22	8	69	0.1159420
NODE_213_length_4819_cov_16.363347	2392	2461	25	6	69	0.0869565
NODE_213_length_4819_cov_16.363347	2392	2461	29	4	69	0.0579710
NODE_213_length_4819_cov_16.363347	2392	2461	30	8	69	0.1159420
NODE_213_length_4819_cov_16.363347	2392	2461	34	1	69	0.0144928
NODE_213_length_4819_cov_16.363347	2392	2461	36	1	69	0.0144928
NODE_213_length_4819_cov_16.363347	2392	2461	38	1	69	0.0144928
NODE_213_length_4819_cov_16.363347	2392	2461	42	13	69	0.1884058
NODE_213_length_4819_cov_16.363347	2392	2461	44	27	69	0.3913043
NODE_217_length_4794_cov_14.912886	657	737	93	1	80	0.0125000
NODE_217_length_4794_cov_14.912886	657	737	97	1	80	0.0125000
NODE_217_length_4794_cov_14.912886	657	737	101	3	80	0.0375000
NODE_217_length_4794_cov_14.912886	657	737	103	5	80	0.0625000
NODE_217_length_4794_cov_14.912886	657	737	105	3	80	0.0375000
NODE_217_length_4794_cov_14.912886	657	737	107	6	80	0.0750000
NODE_217_length_4794_cov_14.912886	657	737	109	3	80	0.0375000
NODE_217_length_4794_cov_14.912886	657	737	112	2	80	0.0250000
NODE_217_length_4794_cov_14.912886	657	737	113	1	80	0.0125000
NODE_217_length_4794_cov_14.912886	657	737	116	1	80	0.0125000
NODE_217_length_4794_cov_14.912886	657	737	120	1	80	0.0125000
NODE_217_length_4794_cov_14.912886	657	737	123	8	80	0.1000000
NODE_217_length_4794_cov_14.912886	657	737	124	8	80	0.1000000
NODE_217_length_4794_cov_14.912886	657	737	126	8	80	0.1000000
NODE_217_length_4794_cov_14.912886	657	737	128	4	80	0.0500000
NODE_217_length_4794_cov_14.912886	657	737	130	2	80	0.0250000
NODE_217_length_4794_cov_14.912886	657	737	131	2	80	0.0250000
NODE_217_length_4794_cov_14.912886	657	737	132	2	80	0.0250000
NODE_217_length_4794_cov_14.912886	657	737	133	1	80	0.0125000
NODE_217_length_4794_cov_14.912886	657	737	134	3	80	0.0375000
NODE_217_length_4794_cov_14.912886	657	737	136	4	80	0.0500000
NODE_217_length_4794_cov_14.912886	657	737	137	3	80	0.0375000
NODE_217_length_4794_cov_14.912886	657	737	138	2	80	0.0250000
NODE_217_length_4794_cov_14.912886	657	737	140	4	80	0.0500000
NODE_217_length_4794_cov_14.912886	657	737	142	2	80	0.0250000
NODE_217_length_4794_cov_14.912886	4240	4312	16	1	72	0.0138889
NODE_217_length_4794_cov_14.912886	4240	4312	20	19	72	0.2638889
NODE_217_length_4794_cov_14.912886	4240	4312	23	14	72	0.1944444
NODE_217_length_4794_cov_14.912886	4240	4312	24	6	72	0.0833333
NODE_217_length_4794_cov_14.912886	4240	4312	25	8	72	0.1111111
NODE_217_length_4794_cov_14.912886	4240	4312	26	5	72	0.0694444
NODE_217_length_4794_cov_14.912886	4240	4312	27	11	72	0.1527778
NODE_217_length_4794_cov_14.912886	4240	4312	29	7	72	0.0972222
NODE_217_length_4794_cov_14.912886	4240	4312	31	1	72	0.0138889
NODE_217_length_4794_cov_14.912886	4293	4312	16	1	19	0.0526316
NODE_217_length_4794_cov_14.912886	4293	4312	20	18	19	0.9473684
NODE_217_length_4794_cov_14.912886	4345	4408	3	13	63	0.2063492
NODE_217_length_4794_cov_14.912886	4345	4408	4	1	63	0.0158730
NODE_217_length_4794_cov_14.912886	4345	4408	5	6	63	0.0952381
NODE_217_length_4794_cov_14.912886	4345	4408	6	19	63	0.3015873
NODE_217_length_4794_cov_14.912886	4345	4408	8	24	63	0.3809524
NODE_218_length_4791_cov_16.126172	2438	2518	0	80	80	1.0000000
NODE_218_length_4791_cov_16.126172	2491	2571	0	80	80	1.0000000
NODE_218_length_4791_cov_16.126172	2567	2647	0	8	80	0.1000000
NODE_218_length_4791_cov_16.126172	2567	2647	4	72	80	0.9000000
NODE_218_length_4791_cov_16.126172	2620	2700	0	15	80	0.1875000
NODE_218_length_4791_cov_16.126172	2620	2700	4	65	80	0.8125000
NODE_218_length_4791_cov_16.126172	4607	4687	0	80	80	1.0000000
NODE_219_length_4790_cov_9.713494	2159	2239	29	7	80	0.0875000
NODE_219_length_4790_cov_9.713494	2159	2239	31	2	80	0.0250000
NODE_219_length_4790_cov_9.713494	2159	2239	34	4	80	0.0500000
NODE_219_length_4790_cov_9.713494	2159	2239	35	1	80	0.0125000
NODE_219_length_4790_cov_9.713494	2159	2239	36	6	80	0.0750000
NODE_219_length_4790_cov_9.713494	2159	2239	38	1	80	0.0125000
NODE_219_length_4790_cov_9.713494	2159	2239	39	1	80	0.0125000
NODE_219_length_4790_cov_9.713494	2159	2239	42	6	80	0.0750000
NODE_219_length_4790_cov_9.713494	2159	2239	43	6	80	0.0750000
NODE_219_length_4790_cov_9.713494	2159	2239	45	11	80	0.1375000
NODE_219_length_4790_cov_9.713494	2159	2239	47	4	80	0.0500000
NODE_219_length_4790_cov_9.713494	2159	2239	49	8	80	0.1000000
NODE_219_length_4790_cov_9.713494	2159	2239	50	2	80	0.0250000
NODE_219_length_4790_cov_9.713494	2159	2239	51	5	80	0.0625000
NODE_219_length_4790_cov_9.713494	2159	2239	53	4	80	0.0500000
NODE_219_length_4790_cov_9.713494	2159	2239	55	12	80	0.1500000
NODE_219_length_4790_cov_9.713494	4273	4353	5	8	80	0.1000000
NODE_219_length_4790_cov_9.713494	4273	4353	6	9	80	0.1125000
NODE_219_length_4790_cov_9.713494	4273	4353	8	24	80	0.3000000
NODE_219_length_4790_cov_9.713494	4273	4353	9	2	80	0.0250000
NODE_219_length_4790_cov_9.713494	4273	4353	10	12	80	0.1500000
NODE_219_length_4790_cov_9.713494	4273	4353	11	6	80	0.0750000
NODE_219_length_4790_cov_9.713494	4273	4353	12	19	80	0.2375000
NODE_219_length_4790_cov_9.713494	4273	4335	8	23	62	0.3709677
NODE_219_length_4790_cov_9.713494	4273	4335	9	2	62	0.0322581
NODE_219_length_4790_cov_9.713494	4273	4335	10	12	62	0.1935484
NODE_219_length_4790_cov_9.713494	4273	4335	11	6	62	0.0967742
NODE_219_length_4790_cov_9.713494	4273	4335	12	19	62	0.3064516
NODE_219_length_4790_cov_9.713494	4326	4406	2	13	80	0.1625000
NODE_219_length_4790_cov_9.713494	4326	4406	4	7	80	0.0875000
NODE_219_length_4790_cov_9.713494	4326	4406	5	41	80	0.5125000
NODE_219_length_4790_cov_9.713494	4326	4406	6	9	80	0.1125000
NODE_219_length_4790_cov_9.713494	4326	4406	8	10	80	0.1250000
NODE_221_length_4772_cov_10.560454	4281	4367	0	86	86	1.0000000
NODE_222_length_4770_cov_106.953543	2778	2858	80	4	80	0.0500000
NODE_222_length_4770_cov_106.953543	2778	2858	81	1	80	0.0125000
NODE_222_length_4770_cov_106.953543	2778	2858	82	2	80	0.0250000
NODE_222_length_4770_cov_106.953543	2778	2858	83	4	80	0.0500000
NODE_222_length_4770_cov_106.953543	2778	2858	84	1	80	0.0125000
NODE_222_length_4770_cov_106.953543	2778	2858	85	3	80	0.0375000
NODE_222_length_4770_cov_106.953543	2778	2858	87	4	80	0.0500000
NODE_222_length_4770_cov_106.953543	2778	2858	91	3	80	0.0375000
NODE_222_length_4770_cov_106.953543	2778	2858	97	4	80	0.0500000
NODE_222_length_4770_cov_106.953543	2778	2858	98	5	80	0.0625000
NODE_222_length_4770_cov_106.953543	2778	2858	100	5	80	0.0625000
NODE_222_length_4770_cov_106.953543	2778	2858	102	10	80	0.1250000
NODE_222_length_4770_cov_106.953543	2778	2858	104	11	80	0.1375000
NODE_222_length_4770_cov_106.953543	2778	2858	106	10	80	0.1250000
NODE_222_length_4770_cov_106.953543	2778	2858	108	3	80	0.0375000
NODE_222_length_4770_cov_106.953543	2778	2858	109	1	80	0.0125000
NODE_222_length_4770_cov_106.953543	2778	2858	110	7	80	0.0875000
NODE_222_length_4770_cov_106.953543	2778	2858	112	1	80	0.0125000
NODE_222_length_4770_cov_106.953543	2778	2858	114	1	80	0.0125000
NODE_222_length_4770_cov_106.953543	2831	2911	74	2	80	0.0250000
NODE_222_length_4770_cov_106.953543	2831	2911	75	1	80	0.0125000
NODE_222_length_4770_cov_106.953543	2831	2911	76	1	80	0.0125000
NODE_222_length_4770_cov_106.953543	2831	2911	77	1	80	0.0125000
NODE_222_length_4770_cov_106.953543	2831	2911	78	1	80	0.0125000
NODE_222_length_4770_cov_106.953543	2831	2911	79	5	80	0.0625000
NODE_222_length_4770_cov_106.953543	2831	2911	80	6	80	0.0750000
NODE_222_length_4770_cov_106.953543	2831	2911	81	6	80	0.0750000
NODE_222_length_4770_cov_106.953543	2831	2911	82	4	80	0.0500000
NODE_222_length_4770_cov_106.953543	2831	2911	83	7	80	0.0875000
NODE_222_length_4770_cov_106.953543	2831	2911	84	5	80	0.0625000
NODE_222_length_4770_cov_106.953543	2831	2911	85	3	80	0.0375000
NODE_222_length_4770_cov_106.953543	2831	2911	86	1	80	0.0125000
NODE_222_length_4770_cov_106.953543	2831	2911	87	6	80	0.0750000
NODE_222_length_4770_cov_106.953543	2831	2911	88	5	80	0.0625000
NODE_222_length_4770_cov_106.953543	2831	2911	91	4	80	0.0500000
NODE_222_length_4770_cov_106.953543	2831	2911	94	1	80	0.0125000
NODE_222_length_4770_cov_106.953543	2831	2911	96	1	80	0.0125000
NODE_222_length_4770_cov_106.953543	2831	2911	97	3	80	0.0375000
NODE_222_length_4770_cov_106.953543	2831	2911	98	2	80	0.0250000
NODE_222_length_4770_cov_106.953543	2831	2911	100	1	80	0.0125000
NODE_222_length_4770_cov_106.953543	2831	2911	101	3	80	0.0375000
NODE_222_length_4770_cov_106.953543	2831	2911	103	2	80	0.0250000
NODE_222_length_4770_cov_106.953543	2831	2911	105	8	80	0.1000000
NODE_222_length_4770_cov_106.953543	2831	2911	106	1	80	0.0125000
NODE_222_length_4770_cov_106.953543	2907	2987	100	2	80	0.0250000
NODE_222_length_4770_cov_106.953543	2907	2987	101	1	80	0.0125000
NODE_222_length_4770_cov_106.953543	2907	2987	105	1	80	0.0125000
NODE_222_length_4770_cov_106.953543	2907	2987	106	2	80	0.0250000
NODE_222_length_4770_cov_106.953543	2907	2987	108	1	80	0.0125000
NODE_222_length_4770_cov_106.953543	2907	2987	110	2	80	0.0250000
NODE_222_length_4770_cov_106.953543	2907	2987	112	1	80	0.0125000
NODE_222_length_4770_cov_106.953543	2907	2987	113	2	80	0.0250000
NODE_222_length_4770_cov_106.953543	2907	2987	119	2	80	0.0250000
NODE_222_length_4770_cov_106.953543	2907	2987	123	1	80	0.0125000
NODE_222_length_4770_cov_106.953543	2907	2987	133	2	80	0.0250000
NODE_222_length_4770_cov_106.953543	2907	2987	140	3	80	0.0375000
NODE_222_length_4770_cov_106.953543	2907	2987	152	1	80	0.0125000
NODE_222_length_4770_cov_106.953543	2907	2987	158	1	80	0.0125000
NODE_222_length_4770_cov_106.953543	2907	2987	162	1	80	0.0125000
NODE_222_length_4770_cov_106.953543	2907	2987	179	1	80	0.0125000
NODE_222_length_4770_cov_106.953543	2907	2987	185	2	80	0.0250000
NODE_222_length_4770_cov_106.953543	2907	2987	187	3	80	0.0375000
NODE_222_length_4770_cov_106.953543	2907	2987	188	1	80	0.0125000
NODE_222_length_4770_cov_106.953543	2907	2987	194	5	80	0.0625000
NODE_222_length_4770_cov_106.953543	2907	2987	198	6	80	0.0750000
NODE_222_length_4770_cov_106.953543	2907	2987	199	1	80	0.0125000
NODE_222_length_4770_cov_106.953543	2907	2987	201	2	80	0.0250000
NODE_222_length_4770_cov_106.953543	2907	2987	202	1	80	0.0125000
NODE_222_length_4770_cov_106.953543	2907	2987	203	1	80	0.0125000
NODE_222_length_4770_cov_106.953543	2907	2987	207	1	80	0.0125000
NODE_222_length_4770_cov_106.953543	2907	2987	210	3	80	0.0375000
NODE_222_length_4770_cov_106.953543	2907	2987	212	2	80	0.0250000
NODE_222_length_4770_cov_106.953543	2907	2987	214	4	80	0.0500000
NODE_222_length_4770_cov_106.953543	2907	2987	216	1	80	0.0125000
NODE_222_length_4770_cov_106.953543	2907	2987	217	2	80	0.0250000
NODE_222_length_4770_cov_106.953543	2907	2987	218	1	80	0.0125000
NODE_222_length_4770_cov_106.953543	2907	2987	219	3	80	0.0375000
NODE_222_length_4770_cov_106.953543	2907	2987	222	1	80	0.0125000
NODE_222_length_4770_cov_106.953543	2907	2987	229	1	80	0.0125000
NODE_222_length_4770_cov_106.953543	2907	2987	230	1	80	0.0125000
NODE_222_length_4770_cov_106.953543	2907	2987	240	1	80	0.0125000
NODE_222_length_4770_cov_106.953543	2907	2987	243	1	80	0.0125000
NODE_222_length_4770_cov_106.953543	2907	2987	245	2	80	0.0250000
NODE_222_length_4770_cov_106.953543	2907	2987	246	4	80	0.0500000
NODE_222_length_4770_cov_106.953543	2907	2987	247	1	80	0.0125000
NODE_222_length_4770_cov_106.953543	2907	2987	249	1	80	0.0125000
NODE_222_length_4770_cov_106.953543	2907	2987	250	1	80	0.0125000
NODE_222_length_4770_cov_106.953543	2907	2987	253	3	80	0.0375000
NODE_222_length_4770_cov_106.953543	2960	3040	208	1	80	0.0125000
NODE_222_length_4770_cov_106.953543	2960	3040	214	5	80	0.0625000
NODE_222_length_4770_cov_106.953543	2960	3040	215	4	80	0.0500000
NODE_222_length_4770_cov_106.953543	2960	3040	216	1	80	0.0125000
NODE_222_length_4770_cov_106.953543	2960	3040	217	4	80	0.0500000
NODE_222_length_4770_cov_106.953543	2960	3040	218	1	80	0.0125000
NODE_222_length_4770_cov_106.953543	2960	3040	219	6	80	0.0750000
NODE_222_length_4770_cov_106.953543	2960	3040	222	3	80	0.0375000
NODE_222_length_4770_cov_106.953543	2960	3040	223	1	80	0.0125000
NODE_222_length_4770_cov_106.953543	2960	3040	224	1	80	0.0125000
NODE_222_length_4770_cov_106.953543	2960	3040	226	1	80	0.0125000
NODE_222_length_4770_cov_106.953543	2960	3040	229	1	80	0.0125000
NODE_222_length_4770_cov_106.953543	2960	3040	230	2	80	0.0250000
NODE_222_length_4770_cov_106.953543	2960	3040	231	2	80	0.0250000
NODE_222_length_4770_cov_106.953543	2960	3040	235	2	80	0.0250000
NODE_222_length_4770_cov_106.953543	2960	3040	238	1	80	0.0125000
NODE_222_length_4770_cov_106.953543	2960	3040	239	1	80	0.0125000
NODE_222_length_4770_cov_106.953543	2960	3040	240	2	80	0.0250000
NODE_222_length_4770_cov_106.953543	2960	3040	243	1	80	0.0125000
NODE_222_length_4770_cov_106.953543	2960	3040	245	2	80	0.0250000
NODE_222_length_4770_cov_106.953543	2960	3040	246	4	80	0.0500000
NODE_222_length_4770_cov_106.953543	2960	3040	247	3	80	0.0375000
NODE_222_length_4770_cov_106.953543	2960	3040	249	1	80	0.0125000
NODE_222_length_4770_cov_106.953543	2960	3040	250	4	80	0.0500000
NODE_222_length_4770_cov_106.953543	2960	3040	251	1	80	0.0125000
NODE_222_length_4770_cov_106.953543	2960	3040	252	1	80	0.0125000
NODE_222_length_4770_cov_106.953543	2960	3040	253	5	80	0.0625000
NODE_222_length_4770_cov_106.953543	2960	3040	254	1	80	0.0125000
NODE_222_length_4770_cov_106.953543	2960	3040	257	3	80	0.0375000
NODE_222_length_4770_cov_106.953543	2960	3040	259	3	80	0.0375000
NODE_222_length_4770_cov_106.953543	2960	3040	260	2	80	0.0250000
NODE_222_length_4770_cov_106.953543	2960	3040	261	1	80	0.0125000
NODE_222_length_4770_cov_106.953543	2960	3040	265	5	80	0.0625000
NODE_222_length_4770_cov_106.953543	2960	3040	267	3	80	0.0375000
NODE_222_length_4770_cov_106.953543	2960	3040	269	1	80	0.0125000
NODE_223_length_4768_cov_15.447205	1237	1317	8	17	80	0.2125000
NODE_223_length_4768_cov_15.447205	1237	1317	9	6	80	0.0750000
NODE_223_length_4768_cov_15.447205	1237	1317	10	30	80	0.3750000
NODE_223_length_4768_cov_15.447205	1237	1317	11	10	80	0.1250000
NODE_223_length_4768_cov_15.447205	1237	1317	12	7	80	0.0875000
NODE_223_length_4768_cov_15.447205	1237	1317	13	7	80	0.0875000
NODE_223_length_4768_cov_15.447205	1237	1317	14	3	80	0.0375000
NODE_228_length_4730_cov_30.142734	256	336	1	80	80	1.0000000
NODE_228_length_4730_cov_30.142734	309	389	1	39	80	0.4875000
NODE_228_length_4730_cov_30.142734	309	389	2	41	80	0.5125000
NODE_228_length_4730_cov_30.142734	4052	4132	10	4	80	0.0500000
NODE_228_length_4730_cov_30.142734	4052	4132	16	1	80	0.0125000
NODE_228_length_4730_cov_30.142734	4052	4132	17	68	80	0.8500000
NODE_228_length_4730_cov_30.142734	4052	4132	19	5	80	0.0625000
NODE_228_length_4730_cov_30.142734	4052	4132	21	2	80	0.0250000
NODE_228_length_4730_cov_30.142734	4105	4185	17	25	80	0.3125000
NODE_228_length_4730_cov_30.142734	4105	4185	20	19	80	0.2375000
NODE_228_length_4730_cov_30.142734	4105	4185	21	25	80	0.3125000
NODE_228_length_4730_cov_30.142734	4105	4185	22	11	80	0.1375000
NODE_231_length_4706_cov_25.522683	2181	2261	22	6	80	0.0750000
NODE_231_length_4706_cov_25.522683	2181	2261	24	6	80	0.0750000
NODE_231_length_4706_cov_25.522683	2181	2261	25	1	80	0.0125000
NODE_231_length_4706_cov_25.522683	2181	2261	26	4	80	0.0500000
NODE_231_length_4706_cov_25.522683	2181	2261	27	3	80	0.0375000
NODE_231_length_4706_cov_25.522683	2181	2261	28	1	80	0.0125000
NODE_231_length_4706_cov_25.522683	2181	2261	34	13	80	0.1625000
NODE_231_length_4706_cov_25.522683	2181	2261	36	7	80	0.0875000
NODE_231_length_4706_cov_25.522683	2181	2261	38	1	80	0.0125000
NODE_231_length_4706_cov_25.522683	2181	2261	40	2	80	0.0250000
NODE_231_length_4706_cov_25.522683	2181	2261	42	4	80	0.0500000
NODE_231_length_4706_cov_25.522683	2181	2261	43	1	80	0.0125000
NODE_231_length_4706_cov_25.522683	2181	2261	45	1	80	0.0125000
NODE_231_length_4706_cov_25.522683	2181	2261	47	1	80	0.0125000
NODE_231_length_4706_cov_25.522683	2181	2261	49	4	80	0.0500000
NODE_231_length_4706_cov_25.522683	2181	2261	56	1	80	0.0125000
NODE_231_length_4706_cov_25.522683	2181	2261	62	1	80	0.0125000
NODE_231_length_4706_cov_25.522683	2181	2261	63	1	80	0.0125000
NODE_231_length_4706_cov_25.522683	2181	2261	66	1	80	0.0125000
NODE_231_length_4706_cov_25.522683	2181	2261	68	2	80	0.0250000
NODE_231_length_4706_cov_25.522683	2181	2261	70	2	80	0.0250000
NODE_231_length_4706_cov_25.522683	2181	2261	72	6	80	0.0750000
NODE_231_length_4706_cov_25.522683	2181	2261	74	1	80	0.0125000
NODE_231_length_4706_cov_25.522683	2181	2261	77	1	80	0.0125000
NODE_231_length_4706_cov_25.522683	2181	2261	78	1	80	0.0125000
NODE_231_length_4706_cov_25.522683	2181	2261	80	1	80	0.0125000
NODE_231_length_4706_cov_25.522683	2181	2261	83	2	80	0.0250000
NODE_231_length_4706_cov_25.522683	2181	2261	86	3	80	0.0375000
NODE_231_length_4706_cov_25.522683	2181	2261	88	2	80	0.0250000
NODE_231_length_4706_cov_25.522683	2234	2288	3	2	54	0.0370370
NODE_231_length_4706_cov_25.522683	2234	2288	5	4	54	0.0740741
NODE_231_length_4706_cov_25.522683	2234	2288	7	3	54	0.0555556
NODE_231_length_4706_cov_25.522683	2234	2288	8	1	54	0.0185185
NODE_231_length_4706_cov_25.522683	2234	2288	9	1	54	0.0185185
NODE_231_length_4706_cov_25.522683	2234	2288	10	3	54	0.0555556
NODE_231_length_4706_cov_25.522683	2234	2288	12	8	54	0.1481481
NODE_231_length_4706_cov_25.522683	2234	2288	16	1	54	0.0185185
NODE_231_length_4706_cov_25.522683	2234	2288	17	1	54	0.0185185
NODE_231_length_4706_cov_25.522683	2234	2288	19	2	54	0.0370370
NODE_231_length_4706_cov_25.522683	2234	2288	22	7	54	0.1296296
NODE_231_length_4706_cov_25.522683	2234	2288	24	6	54	0.1111111
NODE_231_length_4706_cov_25.522683	2234	2288	25	1	54	0.0185185
NODE_231_length_4706_cov_25.522683	2234	2288	26	4	54	0.0740741
NODE_231_length_4706_cov_25.522683	2234	2288	27	3	54	0.0555556
NODE_231_length_4706_cov_25.522683	2234	2288	28	1	54	0.0185185
NODE_231_length_4706_cov_25.522683	2234	2288	34	6	54	0.1111111
NODE_231_length_4706_cov_25.522683	3943	4026	26	13	83	0.1566265
NODE_231_length_4706_cov_25.522683	3943	4026	28	6	83	0.0722892
NODE_231_length_4706_cov_25.522683	3943	4026	30	7	83	0.0843373
NODE_231_length_4706_cov_25.522683	3943	4026	32	4	83	0.0481928
NODE_231_length_4706_cov_25.522683	3943	4026	34	4	83	0.0481928
NODE_231_length_4706_cov_25.522683	3943	4026	35	2	83	0.0240964
NODE_231_length_4706_cov_25.522683	3943	4026	36	14	83	0.1686747
NODE_231_length_4706_cov_25.522683	3943	4026	39	2	83	0.0240964
NODE_231_length_4706_cov_25.522683	3943	4026	40	3	83	0.0361446
NODE_231_length_4706_cov_25.522683	3943	4026	42	5	83	0.0602410
NODE_231_length_4706_cov_25.522683	3943	4026	43	3	83	0.0361446
NODE_231_length_4706_cov_25.522683	3943	4026	44	5	83	0.0602410
NODE_231_length_4706_cov_25.522683	3943	4026	45	1	83	0.0120482
NODE_231_length_4706_cov_25.522683	3943	4026	47	2	83	0.0240964
NODE_231_length_4706_cov_25.522683	3943	4026	48	1	83	0.0120482
NODE_231_length_4706_cov_25.522683	3943	4026	55	3	83	0.0361446
NODE_231_length_4706_cov_25.522683	3943	4026	59	2	83	0.0240964
NODE_231_length_4706_cov_25.522683	3943	4026	61	4	83	0.0481928
NODE_231_length_4706_cov_25.522683	3943	4026	65	1	83	0.0120482
NODE_231_length_4706_cov_25.522683	3943	4026	67	1	83	0.0120482
NODE_235_length_4693_cov_16.973008	374	454	8	6	80	0.0750000
NODE_235_length_4693_cov_16.973008	374	454	10	23	80	0.2875000
NODE_235_length_4693_cov_16.973008	374	454	12	24	80	0.3000000
NODE_235_length_4693_cov_16.973008	374	454	16	17	80	0.2125000
NODE_235_length_4693_cov_16.973008	374	454	18	9	80	0.1125000
NODE_235_length_4693_cov_16.973008	374	454	20	1	80	0.0125000
NODE_235_length_4693_cov_16.973008	427	507	16	20	80	0.2500000
NODE_235_length_4693_cov_16.973008	427	507	18	18	80	0.2250000
NODE_235_length_4693_cov_16.973008	427	507	19	4	80	0.0500000
NODE_235_length_4693_cov_16.973008	427	507	20	31	80	0.3875000
NODE_235_length_4693_cov_16.973008	427	507	21	7	80	0.0875000
NODE_240_length_4672_cov_39.029084	1391	1470	142	1	79	0.0126582
NODE_240_length_4672_cov_39.029084	1391	1470	160	1	79	0.0126582
NODE_240_length_4672_cov_39.029084	1391	1470	187	1	79	0.0126582
NODE_240_length_4672_cov_39.029084	1391	1470	200	1	79	0.0126582
NODE_240_length_4672_cov_39.029084	1391	1470	204	1	79	0.0126582
NODE_240_length_4672_cov_39.029084	1391	1470	206	1	79	0.0126582
NODE_240_length_4672_cov_39.029084	1391	1470	212	1	79	0.0126582
NODE_240_length_4672_cov_39.029084	1391	1470	217	1	79	0.0126582
NODE_240_length_4672_cov_39.029084	1391	1470	219	1	79	0.0126582
NODE_240_length_4672_cov_39.029084	1391	1470	254	1	79	0.0126582
NODE_240_length_4672_cov_39.029084	1391	1470	265	1	79	0.0126582
NODE_240_length_4672_cov_39.029084	1391	1470	275	2	79	0.0253165
NODE_240_length_4672_cov_39.029084	1391	1470	281	1	79	0.0126582
NODE_240_length_4672_cov_39.029084	1391	1470	290	1	79	0.0126582
NODE_240_length_4672_cov_39.029084	1391	1470	295	1	79	0.0126582
NODE_240_length_4672_cov_39.029084	1391	1470	299	4	79	0.0506329
NODE_240_length_4672_cov_39.029084	1391	1470	326	1	79	0.0126582
NODE_240_length_4672_cov_39.029084	1391	1470	336	1	79	0.0126582
NODE_240_length_4672_cov_39.029084	1391	1470	339	1	79	0.0126582
NODE_240_length_4672_cov_39.029084	1391	1470	347	1	79	0.0126582
NODE_240_length_4672_cov_39.029084	1391	1470	365	1	79	0.0126582
NODE_240_length_4672_cov_39.029084	1391	1470	371	1	79	0.0126582
NODE_240_length_4672_cov_39.029084	1391	1470	375	1	79	0.0126582
NODE_240_length_4672_cov_39.029084	1391	1470	387	1	79	0.0126582
NODE_240_length_4672_cov_39.029084	1391	1470	391	1	79	0.0126582
NODE_240_length_4672_cov_39.029084	1391	1470	394	1	79	0.0126582
NODE_240_length_4672_cov_39.029084	1391	1470	407	1	79	0.0126582
NODE_240_length_4672_cov_39.029084	1391	1470	425	1	79	0.0126582
NODE_240_length_4672_cov_39.029084	1391	1470	431	1	79	0.0126582
NODE_240_length_4672_cov_39.029084	1391	1470	454	1	79	0.0126582
NODE_240_length_4672_cov_39.029084	1391	1470	471	1	79	0.0126582
NODE_240_length_4672_cov_39.029084	1391	1470	475	1	79	0.0126582
NODE_240_length_4672_cov_39.029084	1391	1470	485	1	79	0.0126582
NODE_240_length_4672_cov_39.029084	1391	1470	489	1	79	0.0126582
NODE_240_length_4672_cov_39.029084	1391	1470	498	1	79	0.0126582
NODE_240_length_4672_cov_39.029084	1391	1470	502	1	79	0.0126582
NODE_240_length_4672_cov_39.029084	1391	1470	503	1	79	0.0126582
NODE_240_length_4672_cov_39.029084	1391	1470	511	1	79	0.0126582
NODE_240_length_4672_cov_39.029084	1391	1470	514	1	79	0.0126582
NODE_240_length_4672_cov_39.029084	1391	1470	515	4	79	0.0506329
NODE_240_length_4672_cov_39.029084	1391	1470	517	1	79	0.0126582
NODE_240_length_4672_cov_39.029084	1391	1470	530	1	79	0.0126582
NODE_240_length_4672_cov_39.029084	1391	1470	536	1	79	0.0126582
NODE_240_length_4672_cov_39.029084	1391	1470	540	1	79	0.0126582
NODE_240_length_4672_cov_39.029084	1391	1470	546	2	79	0.0253165
NODE_240_length_4672_cov_39.029084	1391	1470	557	1	79	0.0126582
NODE_240_length_4672_cov_39.029084	1391	1470	563	1	79	0.0126582
NODE_240_length_4672_cov_39.029084	1391	1470	571	1	79	0.0126582
NODE_240_length_4672_cov_39.029084	1391	1470	573	1	79	0.0126582
NODE_240_length_4672_cov_39.029084	1391	1470	575	1	79	0.0126582
NODE_240_length_4672_cov_39.029084	1391	1470	577	1	79	0.0126582
NODE_240_length_4672_cov_39.029084	1391	1470	579	1	79	0.0126582
NODE_240_length_4672_cov_39.029084	1391	1470	582	1	79	0.0126582
NODE_240_length_4672_cov_39.029084	1391	1470	584	1	79	0.0126582
NODE_240_length_4672_cov_39.029084	1391	1470	592	2	79	0.0253165
NODE_240_length_4672_cov_39.029084	1391	1470	596	3	79	0.0379747
NODE_240_length_4672_cov_39.029084	1391	1470	598	1	79	0.0126582
NODE_240_length_4672_cov_39.029084	1391	1470	599	2	79	0.0253165
NODE_240_length_4672_cov_39.029084	1391	1470	600	2	79	0.0253165
NODE_240_length_4672_cov_39.029084	1391	1470	603	1	79	0.0126582
NODE_240_length_4672_cov_39.029084	1391	1470	604	1	79	0.0126582
NODE_240_length_4672_cov_39.029084	1391	1470	605	1	79	0.0126582
NODE_240_length_4672_cov_39.029084	1391	1470	606	1	79	0.0126582
NODE_240_length_4672_cov_39.029084	1391	1470	607	1	79	0.0126582
NODE_240_length_4672_cov_39.029084	1391	1470	608	1	79	0.0126582
NODE_240_length_4672_cov_39.029084	1391	1470	609	1	79	0.0126582
NODE_240_length_4672_cov_39.029084	1444	1523	285	1	79	0.0126582
NODE_240_length_4672_cov_39.029084	1444	1523	291	1	79	0.0126582
NODE_240_length_4672_cov_39.029084	1444	1523	305	1	79	0.0126582
NODE_240_length_4672_cov_39.029084	1444	1523	306	1	79	0.0126582
NODE_240_length_4672_cov_39.029084	1444	1523	317	1	79	0.0126582
NODE_240_length_4672_cov_39.029084	1444	1523	332	1	79	0.0126582
NODE_240_length_4672_cov_39.029084	1444	1523	354	1	79	0.0126582
NODE_240_length_4672_cov_39.029084	1444	1523	366	1	79	0.0126582
NODE_240_length_4672_cov_39.029084	1444	1523	375	1	79	0.0126582
NODE_240_length_4672_cov_39.029084	1444	1523	377	1	79	0.0126582
NODE_240_length_4672_cov_39.029084	1444	1523	379	1	79	0.0126582
NODE_240_length_4672_cov_39.029084	1444	1523	385	1	79	0.0126582
NODE_240_length_4672_cov_39.029084	1444	1523	397	1	79	0.0126582
NODE_240_length_4672_cov_39.029084	1444	1523	402	1	79	0.0126582
NODE_240_length_4672_cov_39.029084	1444	1523	419	1	79	0.0126582
NODE_240_length_4672_cov_39.029084	1444	1523	424	1	79	0.0126582
NODE_240_length_4672_cov_39.029084	1444	1523	426	1	79	0.0126582
NODE_240_length_4672_cov_39.029084	1444	1523	430	1	79	0.0126582
NODE_240_length_4672_cov_39.029084	1444	1523	454	1	79	0.0126582
NODE_240_length_4672_cov_39.029084	1444	1523	457	2	79	0.0253165
NODE_240_length_4672_cov_39.029084	1444	1523	461	1	79	0.0126582
NODE_240_length_4672_cov_39.029084	1444	1523	475	1	79	0.0126582
NODE_240_length_4672_cov_39.029084	1444	1523	490	1	79	0.0126582
NODE_240_length_4672_cov_39.029084	1444	1523	495	1	79	0.0126582
NODE_240_length_4672_cov_39.029084	1444	1523	505	1	79	0.0126582
NODE_240_length_4672_cov_39.029084	1444	1523	513	1	79	0.0126582
NODE_240_length_4672_cov_39.029084	1444	1523	532	1	79	0.0126582
NODE_240_length_4672_cov_39.029084	1444	1523	538	1	79	0.0126582
NODE_240_length_4672_cov_39.029084	1444	1523	540	1	79	0.0126582
NODE_240_length_4672_cov_39.029084	1444	1523	543	1	79	0.0126582
NODE_240_length_4672_cov_39.029084	1444	1523	557	1	79	0.0126582
NODE_240_length_4672_cov_39.029084	1444	1523	559	1	79	0.0126582
NODE_240_length_4672_cov_39.029084	1444	1523	563	2	79	0.0253165
NODE_240_length_4672_cov_39.029084	1444	1523	571	1	79	0.0126582
NODE_240_length_4672_cov_39.029084	1444	1523	573	2	79	0.0253165
NODE_240_length_4672_cov_39.029084	1444	1523	575	1	79	0.0126582
NODE_240_length_4672_cov_39.029084	1444	1523	576	2	79	0.0253165
NODE_240_length_4672_cov_39.029084	1444	1523	577	1	79	0.0126582
NODE_240_length_4672_cov_39.029084	1444	1523	578	1	79	0.0126582
NODE_240_length_4672_cov_39.029084	1444	1523	579	1	79	0.0126582
NODE_240_length_4672_cov_39.029084	1444	1523	582	1	79	0.0126582
NODE_240_length_4672_cov_39.029084	1444	1523	584	1	79	0.0126582
NODE_240_length_4672_cov_39.029084	1444	1523	585	1	79	0.0126582
NODE_240_length_4672_cov_39.029084	1444	1523	592	2	79	0.0253165
NODE_240_length_4672_cov_39.029084	1444	1523	596	3	79	0.0379747
NODE_240_length_4672_cov_39.029084	1444	1523	598	1	79	0.0126582
NODE_240_length_4672_cov_39.029084	1444	1523	599	4	79	0.0506329
NODE_240_length_4672_cov_39.029084	1444	1523	600	5	79	0.0632911
NODE_240_length_4672_cov_39.029084	1444	1523	603	1	79	0.0126582
NODE_240_length_4672_cov_39.029084	1444	1523	604	4	79	0.0506329
NODE_240_length_4672_cov_39.029084	1444	1523	605	4	79	0.0506329
NODE_240_length_4672_cov_39.029084	1444	1523	606	1	79	0.0126582
NODE_240_length_4672_cov_39.029084	1444	1523	607	4	79	0.0506329
NODE_240_length_4672_cov_39.029084	1444	1523	608	1	79	0.0126582
NODE_240_length_4672_cov_39.029084	1444	1523	609	1	79	0.0126582
NODE_240_length_4672_cov_39.029084	1444	1523	611	1	79	0.0126582
NODE_246_length_4602_cov_17.281368	3106	3186	3	7	80	0.0875000
NODE_246_length_4602_cov_17.281368	3106	3186	8	13	80	0.1625000
NODE_246_length_4602_cov_17.281368	3106	3186	9	15	80	0.1875000
NODE_246_length_4602_cov_17.281368	3106	3186	20	22	80	0.2750000
NODE_246_length_4602_cov_17.281368	3106	3186	21	16	80	0.2000000
NODE_246_length_4602_cov_17.281368	3106	3186	22	7	80	0.0875000
NODE_246_length_4602_cov_17.281368	3159	3239	20	22	80	0.2750000
NODE_246_length_4602_cov_17.281368	3159	3239	22	58	80	0.7250000
NODE_248_length_4587_cov_14.431150	1294	1370	167	2	76	0.0263158
NODE_248_length_4587_cov_14.431150	1294	1370	169	4	76	0.0526316
NODE_248_length_4587_cov_14.431150	1294	1370	171	2	76	0.0263158
NODE_248_length_4587_cov_14.431150	1294	1370	179	1	76	0.0131579
NODE_248_length_4587_cov_14.431150	1294	1370	183	1	76	0.0131579
NODE_248_length_4587_cov_14.431150	1294	1370	190	1	76	0.0131579
NODE_248_length_4587_cov_14.431150	1294	1370	193	1	76	0.0131579
NODE_248_length_4587_cov_14.431150	1294	1370	194	2	76	0.0263158
NODE_248_length_4587_cov_14.431150	1294	1370	198	1	76	0.0131579
NODE_248_length_4587_cov_14.431150	1294	1370	200	1	76	0.0131579
NODE_248_length_4587_cov_14.431150	1294	1370	201	1	76	0.0131579
NODE_248_length_4587_cov_14.431150	1294	1370	202	1	76	0.0131579
NODE_248_length_4587_cov_14.431150	1294	1370	203	1	76	0.0131579
NODE_248_length_4587_cov_14.431150	1294	1370	206	2	76	0.0263158
NODE_248_length_4587_cov_14.431150	1294	1370	207	1	76	0.0131579
NODE_248_length_4587_cov_14.431150	1294	1370	220	3	76	0.0394737
NODE_248_length_4587_cov_14.431150	1294	1370	223	1	76	0.0131579
NODE_248_length_4587_cov_14.431150	1294	1370	226	4	76	0.0526316
NODE_248_length_4587_cov_14.431150	1294	1370	227	2	76	0.0263158
NODE_248_length_4587_cov_14.431150	1294	1370	228	1	76	0.0131579
NODE_248_length_4587_cov_14.431150	1294	1370	229	1	76	0.0131579
NODE_248_length_4587_cov_14.431150	1294	1370	231	1	76	0.0131579
NODE_248_length_4587_cov_14.431150	1294	1370	233	1	76	0.0131579
NODE_248_length_4587_cov_14.431150	1294	1370	234	1	76	0.0131579
NODE_248_length_4587_cov_14.431150	1294	1370	236	5	76	0.0657895
NODE_248_length_4587_cov_14.431150	1294	1370	237	6	76	0.0789474
NODE_248_length_4587_cov_14.431150	1294	1370	238	2	76	0.0263158
NODE_248_length_4587_cov_14.431150	1294	1370	239	2	76	0.0263158
NODE_248_length_4587_cov_14.431150	1294	1370	240	2	76	0.0263158
NODE_248_length_4587_cov_14.431150	1294	1370	241	1	76	0.0131579
NODE_248_length_4587_cov_14.431150	1294	1370	242	2	76	0.0263158
NODE_248_length_4587_cov_14.431150	1294	1370	243	2	76	0.0263158
NODE_248_length_4587_cov_14.431150	1294	1370	247	2	76	0.0263158
NODE_248_length_4587_cov_14.431150	1294	1370	252	1	76	0.0131579
NODE_248_length_4587_cov_14.431150	1294	1370	253	1	76	0.0131579
NODE_248_length_4587_cov_14.431150	1294	1370	255	2	76	0.0263158
NODE_248_length_4587_cov_14.431150	1294	1370	260	3	76	0.0394737
NODE_248_length_4587_cov_14.431150	1294	1370	262	1	76	0.0131579
NODE_248_length_4587_cov_14.431150	1294	1370	267	1	76	0.0131579
NODE_248_length_4587_cov_14.431150	1294	1370	270	1	76	0.0131579
NODE_248_length_4587_cov_14.431150	1294	1370	272	1	76	0.0131579
NODE_248_length_4587_cov_14.431150	1294	1370	274	2	76	0.0263158
NODE_248_length_4587_cov_14.431150	1294	1370	276	1	76	0.0131579
NODE_248_length_4587_cov_14.431150	1294	1370	277	1	76	0.0131579
NODE_248_length_4587_cov_14.431150	1347	1427	239	2	80	0.0250000
NODE_248_length_4587_cov_14.431150	1347	1427	241	1	80	0.0125000
NODE_248_length_4587_cov_14.431150	1347	1427	242	2	80	0.0250000
NODE_248_length_4587_cov_14.431150	1347	1427	243	1	80	0.0125000
NODE_248_length_4587_cov_14.431150	1347	1427	247	2	80	0.0250000
NODE_248_length_4587_cov_14.431150	1347	1427	252	2	80	0.0250000
NODE_248_length_4587_cov_14.431150	1347	1427	253	2	80	0.0250000
NODE_248_length_4587_cov_14.431150	1347	1427	255	2	80	0.0250000
NODE_248_length_4587_cov_14.431150	1347	1427	260	5	80	0.0625000
NODE_248_length_4587_cov_14.431150	1347	1427	262	1	80	0.0125000
NODE_248_length_4587_cov_14.431150	1347	1427	264	1	80	0.0125000
NODE_248_length_4587_cov_14.431150	1347	1427	267	1	80	0.0125000
NODE_248_length_4587_cov_14.431150	1347	1427	270	2	80	0.0250000
NODE_248_length_4587_cov_14.431150	1347	1427	271	1	80	0.0125000
NODE_248_length_4587_cov_14.431150	1347	1427	272	2	80	0.0250000
NODE_248_length_4587_cov_14.431150	1347	1427	274	3	80	0.0375000
NODE_248_length_4587_cov_14.431150	1347	1427	276	2	80	0.0250000
NODE_248_length_4587_cov_14.431150	1347	1427	277	4	80	0.0500000
NODE_248_length_4587_cov_14.431150	1347	1427	279	2	80	0.0250000
NODE_248_length_4587_cov_14.431150	1347	1427	280	1	80	0.0125000
NODE_248_length_4587_cov_14.431150	1347	1427	281	3	80	0.0375000
NODE_248_length_4587_cov_14.431150	1347	1427	282	1	80	0.0125000
NODE_248_length_4587_cov_14.431150	1347	1427	283	1	80	0.0125000
NODE_248_length_4587_cov_14.431150	1347	1427	285	1	80	0.0125000
NODE_248_length_4587_cov_14.431150	1347	1427	286	2	80	0.0250000
NODE_248_length_4587_cov_14.431150	1347	1427	290	1	80	0.0125000
NODE_248_length_4587_cov_14.431150	1347	1427	293	1	80	0.0125000
NODE_248_length_4587_cov_14.431150	1347	1427	294	4	80	0.0500000
NODE_248_length_4587_cov_14.431150	1347	1427	296	1	80	0.0125000
NODE_248_length_4587_cov_14.431150	1347	1427	297	1	80	0.0125000
NODE_248_length_4587_cov_14.431150	1347	1427	298	3	80	0.0375000
NODE_248_length_4587_cov_14.431150	1347	1427	299	1	80	0.0125000
NODE_248_length_4587_cov_14.431150	1347	1427	300	7	80	0.0875000
NODE_248_length_4587_cov_14.431150	1347	1427	301	1	80	0.0125000
NODE_248_length_4587_cov_14.431150	1347	1427	302	5	80	0.0625000
NODE_248_length_4587_cov_14.431150	1347	1427	303	1	80	0.0125000
NODE_248_length_4587_cov_14.431150	1347	1427	304	2	80	0.0250000
NODE_248_length_4587_cov_14.431150	1347	1427	305	2	80	0.0250000
NODE_248_length_4587_cov_14.431150	1347	1427	307	1	80	0.0125000
NODE_248_length_4587_cov_14.431150	1347	1427	308	1	80	0.0125000
NODE_248_length_4587_cov_14.431150	1347	1427	309	1	80	0.0125000
NODE_248_length_4587_cov_14.431150	1466	1533	145	2	67	0.0298507
NODE_248_length_4587_cov_14.431150	1466	1533	154	1	67	0.0149254
NODE_248_length_4587_cov_14.431150	1466	1533	156	3	67	0.0447761
NODE_248_length_4587_cov_14.431150	1466	1533	158	8	67	0.1194030
NODE_248_length_4587_cov_14.431150	1466	1533	159	13	67	0.1940299
NODE_248_length_4587_cov_14.431150	1466	1533	160	4	67	0.0597015
NODE_248_length_4587_cov_14.431150	1466	1533	161	3	67	0.0447761
NODE_248_length_4587_cov_14.431150	1466	1533	162	1	67	0.0149254
NODE_248_length_4587_cov_14.431150	1466	1533	165	3	67	0.0447761
NODE_248_length_4587_cov_14.431150	1466	1533	167	2	67	0.0298507
NODE_248_length_4587_cov_14.431150	1466	1533	169	1	67	0.0149254
NODE_248_length_4587_cov_14.431150	1466	1533	171	1	67	0.0149254
NODE_248_length_4587_cov_14.431150	1466	1533	173	2	67	0.0298507
NODE_248_length_4587_cov_14.431150	1466	1533	174	2	67	0.0298507
NODE_248_length_4587_cov_14.431150	1466	1533	175	2	67	0.0298507
NODE_248_length_4587_cov_14.431150	1466	1533	176	5	67	0.0746269
NODE_248_length_4587_cov_14.431150	1466	1533	179	1	67	0.0149254
NODE_248_length_4587_cov_14.431150	1466	1533	180	2	67	0.0298507
NODE_248_length_4587_cov_14.431150	1466	1533	182	1	67	0.0149254
NODE_248_length_4587_cov_14.431150	1466	1533	183	1	67	0.0149254
NODE_248_length_4587_cov_14.431150	1466	1533	184	3	67	0.0447761
NODE_248_length_4587_cov_14.431150	1466	1533	185	1	67	0.0149254
NODE_248_length_4587_cov_14.431150	1466	1533	186	1	67	0.0149254
NODE_248_length_4587_cov_14.431150	1466	1533	188	1	67	0.0149254
NODE_248_length_4587_cov_14.431150	1466	1533	196	1	67	0.0149254
NODE_248_length_4587_cov_14.431150	1466	1533	199	1	67	0.0149254
NODE_248_length_4587_cov_14.431150	1466	1533	205	1	67	0.0149254
NODE_248_length_4587_cov_14.431150	4316	4382	293	1	66	0.0151515
NODE_248_length_4587_cov_14.431150	4316	4382	299	1	66	0.0151515
NODE_248_length_4587_cov_14.431150	4316	4382	304	1	66	0.0151515
NODE_248_length_4587_cov_14.431150	4316	4382	315	1	66	0.0151515
NODE_248_length_4587_cov_14.431150	4316	4382	321	1	66	0.0151515
NODE_248_length_4587_cov_14.431150	4316	4382	323	1	66	0.0151515
NODE_248_length_4587_cov_14.431150	4316	4382	334	1	66	0.0151515
NODE_248_length_4587_cov_14.431150	4316	4382	343	1	66	0.0151515
NODE_248_length_4587_cov_14.431150	4316	4382	349	1	66	0.0151515
NODE_248_length_4587_cov_14.431150	4316	4382	350	2	66	0.0303030
NODE_248_length_4587_cov_14.431150	4316	4382	357	1	66	0.0151515
NODE_248_length_4587_cov_14.431150	4316	4382	366	1	66	0.0151515
NODE_248_length_4587_cov_14.431150	4316	4382	389	1	66	0.0151515
NODE_248_length_4587_cov_14.431150	4316	4382	391	1	66	0.0151515
NODE_248_length_4587_cov_14.431150	4316	4382	403	1	66	0.0151515
NODE_248_length_4587_cov_14.431150	4316	4382	404	1	66	0.0151515
NODE_248_length_4587_cov_14.431150	4316	4382	420	1	66	0.0151515
NODE_248_length_4587_cov_14.431150	4316	4382	427	1	66	0.0151515
NODE_248_length_4587_cov_14.431150	4316	4382	432	1	66	0.0151515
NODE_248_length_4587_cov_14.431150	4316	4382	434	1	66	0.0151515
NODE_248_length_4587_cov_14.431150	4316	4382	436	2	66	0.0303030
NODE_248_length_4587_cov_14.431150	4316	4382	437	1	66	0.0151515
NODE_248_length_4587_cov_14.431150	4316	4382	439	1	66	0.0151515
NODE_248_length_4587_cov_14.431150	4316	4382	441	2	66	0.0303030
NODE_248_length_4587_cov_14.431150	4316	4382	455	1	66	0.0151515
NODE_248_length_4587_cov_14.431150	4316	4382	469	1	66	0.0151515
NODE_248_length_4587_cov_14.431150	4316	4382	476	1	66	0.0151515
NODE_248_length_4587_cov_14.431150	4316	4382	485	1	66	0.0151515
NODE_248_length_4587_cov_14.431150	4316	4382	491	1	66	0.0151515
NODE_248_length_4587_cov_14.431150	4316	4382	492	1	66	0.0151515
NODE_248_length_4587_cov_14.431150	4316	4382	494	1	66	0.0151515
NODE_248_length_4587_cov_14.431150	4316	4382	502	1	66	0.0151515
NODE_248_length_4587_cov_14.431150	4316	4382	504	1	66	0.0151515
NODE_248_length_4587_cov_14.431150	4316	4382	506	1	66	0.0151515
NODE_248_length_4587_cov_14.431150	4316	4382	516	1	66	0.0151515
NODE_248_length_4587_cov_14.431150	4316	4382	518	1	66	0.0151515
NODE_248_length_4587_cov_14.431150	4316	4382	531	1	66	0.0151515
NODE_248_length_4587_cov_14.431150	4316	4382	537	1	66	0.0151515
NODE_248_length_4587_cov_14.431150	4316	4382	538	1	66	0.0151515
NODE_248_length_4587_cov_14.431150	4316	4382	539	3	66	0.0454545
NODE_248_length_4587_cov_14.431150	4316	4382	540	1	66	0.0151515
NODE_248_length_4587_cov_14.431150	4316	4382	541	2	66	0.0303030
NODE_248_length_4587_cov_14.431150	4316	4382	542	2	66	0.0303030
NODE_248_length_4587_cov_14.431150	4316	4382	543	1	66	0.0151515
NODE_248_length_4587_cov_14.431150	4316	4382	544	2	66	0.0303030
NODE_248_length_4587_cov_14.431150	4316	4382	546	2	66	0.0303030
NODE_248_length_4587_cov_14.431150	4316	4382	547	4	66	0.0606061
NODE_248_length_4587_cov_14.431150	4316	4382	548	1	66	0.0151515
NODE_248_length_4587_cov_14.431150	4316	4382	550	4	66	0.0606061
NODE_248_length_4587_cov_14.431150	4316	4382	551	1	66	0.0151515
NODE_248_length_4587_cov_14.431150	4316	4382	552	1	66	0.0151515
NODE_248_length_4587_cov_14.431150	4355	4435	435	1	80	0.0125000
NODE_248_length_4587_cov_14.431150	4355	4435	447	1	80	0.0125000
NODE_248_length_4587_cov_14.431150	4355	4435	451	1	80	0.0125000
NODE_248_length_4587_cov_14.431150	4355	4435	464	1	80	0.0125000
NODE_248_length_4587_cov_14.431150	4355	4435	466	1	80	0.0125000
NODE_248_length_4587_cov_14.431150	4355	4435	474	1	80	0.0125000
NODE_248_length_4587_cov_14.431150	4355	4435	482	1	80	0.0125000
NODE_248_length_4587_cov_14.431150	4355	4435	488	1	80	0.0125000
NODE_248_length_4587_cov_14.431150	4355	4435	503	1	80	0.0125000
NODE_248_length_4587_cov_14.431150	4355	4435	507	2	80	0.0250000
NODE_248_length_4587_cov_14.431150	4355	4435	514	1	80	0.0125000
NODE_248_length_4587_cov_14.431150	4355	4435	524	1	80	0.0125000
NODE_248_length_4587_cov_14.431150	4355	4435	526	1	80	0.0125000
NODE_248_length_4587_cov_14.431150	4355	4435	531	1	80	0.0125000
NODE_248_length_4587_cov_14.431150	4355	4435	532	1	80	0.0125000
NODE_248_length_4587_cov_14.431150	4355	4435	537	2	80	0.0250000
NODE_248_length_4587_cov_14.431150	4355	4435	538	1	80	0.0125000
NODE_248_length_4587_cov_14.431150	4355	4435	539	3	80	0.0375000
NODE_248_length_4587_cov_14.431150	4355	4435	540	2	80	0.0250000
NODE_248_length_4587_cov_14.431150	4355	4435	541	2	80	0.0250000
NODE_248_length_4587_cov_14.431150	4355	4435	542	4	80	0.0500000
NODE_248_length_4587_cov_14.431150	4355	4435	543	1	80	0.0125000
NODE_248_length_4587_cov_14.431150	4355	4435	544	4	80	0.0500000
NODE_248_length_4587_cov_14.431150	4355	4435	545	1	80	0.0125000
NODE_248_length_4587_cov_14.431150	4355	4435	546	2	80	0.0250000
NODE_248_length_4587_cov_14.431150	4355	4435	547	5	80	0.0625000
NODE_248_length_4587_cov_14.431150	4355	4435	548	1	80	0.0125000
NODE_248_length_4587_cov_14.431150	4355	4435	550	5	80	0.0625000
NODE_248_length_4587_cov_14.431150	4355	4435	551	2	80	0.0250000
NODE_248_length_4587_cov_14.431150	4355	4435	552	2	80	0.0250000
NODE_248_length_4587_cov_14.431150	4355	4435	554	1	80	0.0125000
NODE_248_length_4587_cov_14.431150	4355	4435	557	1	80	0.0125000
NODE_248_length_4587_cov_14.431150	4355	4435	558	2	80	0.0250000
NODE_248_length_4587_cov_14.431150	4355	4435	559	2	80	0.0250000
NODE_248_length_4587_cov_14.431150	4355	4435	560	6	80	0.0750000
NODE_248_length_4587_cov_14.431150	4355	4435	561	1	80	0.0125000
NODE_248_length_4587_cov_14.431150	4355	4435	562	1	80	0.0125000
NODE_248_length_4587_cov_14.431150	4355	4435	566	3	80	0.0375000
NODE_248_length_4587_cov_14.431150	4355	4435	569	1	80	0.0125000
NODE_248_length_4587_cov_14.431150	4355	4435	570	1	80	0.0125000
NODE_248_length_4587_cov_14.431150	4355	4435	571	2	80	0.0250000
NODE_248_length_4587_cov_14.431150	4355	4435	572	1	80	0.0125000
NODE_248_length_4587_cov_14.431150	4355	4435	573	5	80	0.0625000
NODE_249_length_4572_cov_50.244579	2406	2483	19	12	77	0.1558442
NODE_249_length_4572_cov_50.244579	2406	2483	20	2	77	0.0259740
NODE_249_length_4572_cov_50.244579	2406	2483	23	5	77	0.0649351
NODE_249_length_4572_cov_50.244579	2406	2483	25	12	77	0.1558442
NODE_249_length_4572_cov_50.244579	2406	2483	27	14	77	0.1818182
NODE_249_length_4572_cov_50.244579	2406	2483	29	32	77	0.4155844
NODE_249_length_4572_cov_50.244579	2406	2483	19	12	77	0.1558442
NODE_249_length_4572_cov_50.244579	2406	2483	20	2	77	0.0259740
NODE_249_length_4572_cov_50.244579	2406	2483	23	5	77	0.0649351
NODE_249_length_4572_cov_50.244579	2406	2483	25	12	77	0.1558442
NODE_249_length_4572_cov_50.244579	2406	2483	27	14	77	0.1818182
NODE_249_length_4572_cov_50.244579	2406	2483	29	32	77	0.4155844
NODE_251_length_4556_cov_14.556652	4229	4288	83	4	59	0.0677966
NODE_251_length_4556_cov_14.556652	4229	4288	84	4	59	0.0677966
NODE_251_length_4556_cov_14.556652	4229	4288	85	3	59	0.0508475
NODE_251_length_4556_cov_14.556652	4229	4288	86	4	59	0.0677966
NODE_251_length_4556_cov_14.556652	4229	4288	88	1	59	0.0169492
NODE_251_length_4556_cov_14.556652	4229	4288	90	1	59	0.0169492
NODE_251_length_4556_cov_14.556652	4229	4288	92	1	59	0.0169492
NODE_251_length_4556_cov_14.556652	4229	4288	93	1	59	0.0169492
NODE_251_length_4556_cov_14.556652	4229	4288	94	2	59	0.0338983
NODE_251_length_4556_cov_14.556652	4229	4288	95	4	59	0.0677966
NODE_251_length_4556_cov_14.556652	4229	4288	96	2	59	0.0338983
NODE_251_length_4556_cov_14.556652	4229	4288	97	4	59	0.0677966
NODE_251_length_4556_cov_14.556652	4229	4288	98	10	59	0.1694915
NODE_251_length_4556_cov_14.556652	4229	4288	99	3	59	0.0508475
NODE_251_length_4556_cov_14.556652	4229	4288	100	5	59	0.0847458
NODE_251_length_4556_cov_14.556652	4229	4288	101	2	59	0.0338983
NODE_251_length_4556_cov_14.556652	4229	4288	103	3	59	0.0508475
NODE_251_length_4556_cov_14.556652	4229	4288	108	1	59	0.0169492
NODE_251_length_4556_cov_14.556652	4229	4288	110	1	59	0.0169492
NODE_251_length_4556_cov_14.556652	4229	4288	111	3	59	0.0508475
NODE_252_length_4550_cov_5.664120	3548	3628	2	14	80	0.1750000
NODE_252_length_4550_cov_5.664120	3548	3628	4	66	80	0.8250000
NODE_252_length_4550_cov_5.664120	3601	3681	0	49	80	0.6125000
NODE_252_length_4550_cov_5.664120	3601	3681	2	18	80	0.2250000
NODE_252_length_4550_cov_5.664120	3601	3681	4	13	80	0.1625000
NODE_253_length_4544_cov_10.690439	353	433	2	69	80	0.8625000
NODE_253_length_4544_cov_10.690439	353	433	3	1	80	0.0125000
NODE_253_length_4544_cov_10.690439	353	433	4	10	80	0.1250000
NODE_253_length_4544_cov_10.690439	406	486	2	69	80	0.8625000
NODE_253_length_4544_cov_10.690439	406	486	3	1	80	0.0125000
NODE_253_length_4544_cov_10.690439	406	486	4	10	80	0.1250000
NODE_253_length_4544_cov_10.690439	4487	4544	0	54	57	0.9473684
NODE_253_length_4544_cov_10.690439	4487	4544	2	1	57	0.0175439
NODE_253_length_4544_cov_10.690439	4487	4544	12	2	57	0.0350877
NODE_255_length_4535_cov_24.849188	675	755	0	5	80	0.0625000
NODE_255_length_4535_cov_24.849188	675	755	4	75	80	0.9375000
NODE_255_length_4535_cov_24.849188	728	809	0	58	81	0.7160494
NODE_255_length_4535_cov_24.849188	728	809	4	23	81	0.2839506
NODE_255_length_4535_cov_24.849188	1319	1399	0	19	80	0.2375000
NODE_255_length_4535_cov_24.849188	1319	1399	4	61	80	0.7625000
NODE_255_length_4535_cov_24.849188	1372	1452	0	17	80	0.2125000
NODE_255_length_4535_cov_24.849188	1372	1452	1	5	80	0.0625000
NODE_255_length_4535_cov_24.849188	1372	1452	4	23	80	0.2875000
NODE_255_length_4535_cov_24.849188	1372	1452	24	1	80	0.0125000
NODE_255_length_4535_cov_24.849188	1372	1452	36	3	80	0.0375000
NODE_255_length_4535_cov_24.849188	1372	1452	37	1	80	0.0125000
NODE_255_length_4535_cov_24.849188	1372	1452	38	1	80	0.0125000
NODE_255_length_4535_cov_24.849188	1372	1452	40	1	80	0.0125000
NODE_255_length_4535_cov_24.849188	1372	1452	41	1	80	0.0125000
NODE_255_length_4535_cov_24.849188	1372	1452	42	1	80	0.0125000
NODE_255_length_4535_cov_24.849188	1372	1452	45	2	80	0.0250000
NODE_255_length_4535_cov_24.849188	1372	1452	47	1	80	0.0125000
NODE_255_length_4535_cov_24.849188	1372	1452	58	1	80	0.0125000
NODE_255_length_4535_cov_24.849188	1372	1452	63	1	80	0.0125000
NODE_255_length_4535_cov_24.849188	1372	1452	64	1	80	0.0125000
NODE_255_length_4535_cov_24.849188	1372	1452	71	1	80	0.0125000
NODE_255_length_4535_cov_24.849188	1372	1452	76	1	80	0.0125000
NODE_255_length_4535_cov_24.849188	1372	1452	77	1	80	0.0125000
NODE_255_length_4535_cov_24.849188	1372	1452	85	1	80	0.0125000
NODE_255_length_4535_cov_24.849188	1372	1452	97	1	80	0.0125000
NODE_255_length_4535_cov_24.849188	1372	1452	98	1	80	0.0125000
NODE_255_length_4535_cov_24.849188	1372	1452	101	1	80	0.0125000
NODE_255_length_4535_cov_24.849188	1372	1452	113	1	80	0.0125000
NODE_255_length_4535_cov_24.849188	1372	1452	114	1	80	0.0125000
NODE_255_length_4535_cov_24.849188	1372	1452	117	1	80	0.0125000
NODE_255_length_4535_cov_24.849188	1372	1452	125	2	80	0.0250000
NODE_255_length_4535_cov_24.849188	1372	1452	126	2	80	0.0250000
NODE_255_length_4535_cov_24.849188	1372	1452	128	2	80	0.0250000
NODE_255_length_4535_cov_24.849188	1372	1452	139	1	80	0.0125000
NODE_255_length_4535_cov_24.849188	1372	1452	147	1	80	0.0125000
NODE_255_length_4535_cov_24.849188	1372	1452	154	2	80	0.0250000
NODE_258_length_4528_cov_19.736509	4295	4366	6	10	71	0.1408451
NODE_258_length_4528_cov_19.736509	4295	4366	10	12	71	0.1690141
NODE_258_length_4528_cov_19.736509	4295	4366	12	45	71	0.6338028
NODE_258_length_4528_cov_19.736509	4295	4366	15	1	71	0.0140845
NODE_258_length_4528_cov_19.736509	4295	4366	25	1	71	0.0140845
NODE_258_length_4528_cov_19.736509	4295	4366	39	1	71	0.0140845
NODE_258_length_4528_cov_19.736509	4295	4366	63	1	71	0.0140845
NODE_259_length_4505_cov_10.409215	3166	3202	31	5	36	0.1388889
NODE_259_length_4505_cov_10.409215	3166	3202	43	3	36	0.0833333
NODE_259_length_4505_cov_10.409215	3166	3202	44	2	36	0.0555556
NODE_259_length_4505_cov_10.409215	3166	3202	46	19	36	0.5277778
NODE_259_length_4505_cov_10.409215	3166	3202	47	7	36	0.1944444
NODE_259_length_4505_cov_10.409215	3175	3255	43	8	80	0.1000000
NODE_259_length_4505_cov_10.409215	3175	3255	44	1	80	0.0125000
NODE_259_length_4505_cov_10.409215	3175	3255	45	15	80	0.1875000
NODE_259_length_4505_cov_10.409215	3175	3255	46	23	80	0.2875000
NODE_259_length_4505_cov_10.409215	3175	3255	47	28	80	0.3500000
NODE_259_length_4505_cov_10.409215	3175	3255	49	5	80	0.0625000
NODE_260_length_4498_cov_8.216185	3161	3219	0	56	58	0.9655172
NODE_260_length_4498_cov_8.216185	3161	3219	4	2	58	0.0344828
NODE_260_length_4498_cov_8.216185	4257	4314	0	57	57	1.0000000
NODE_263_length_4476_cov_29.825451	141	215	0	7	74	0.0945946
NODE_263_length_4476_cov_29.825451	141	215	2	37	74	0.5000000
NODE_263_length_4476_cov_29.825451	141	215	4	23	74	0.3108108
NODE_263_length_4476_cov_29.825451	141	215	6	7	74	0.0945946
NODE_263_length_4476_cov_29.825451	1890	1970	53	7	80	0.0875000
NODE_263_length_4476_cov_29.825451	1890	1970	57	1	80	0.0125000
NODE_263_length_4476_cov_29.825451	1890	1970	59	2	80	0.0250000
NODE_263_length_4476_cov_29.825451	1890	1970	61	1	80	0.0125000
NODE_263_length_4476_cov_29.825451	1890	1970	63	14	80	0.1750000
NODE_263_length_4476_cov_29.825451	1890	1970	64	2	80	0.0250000
NODE_263_length_4476_cov_29.825451	1890	1970	65	9	80	0.1125000
NODE_263_length_4476_cov_29.825451	1890	1970	67	1	80	0.0125000
NODE_263_length_4476_cov_29.825451	1890	1970	69	2	80	0.0250000
NODE_263_length_4476_cov_29.825451	1890	1970	74	1	80	0.0125000
NODE_263_length_4476_cov_29.825451	1890	1970	75	3	80	0.0375000
NODE_263_length_4476_cov_29.825451	1890	1970	77	6	80	0.0750000
NODE_263_length_4476_cov_29.825451	1890	1970	79	4	80	0.0500000
NODE_263_length_4476_cov_29.825451	1890	1970	81	2	80	0.0250000
NODE_263_length_4476_cov_29.825451	1890	1970	83	2	80	0.0250000
NODE_263_length_4476_cov_29.825451	1890	1970	85	1	80	0.0125000
NODE_263_length_4476_cov_29.825451	1890	1970	86	1	80	0.0125000
NODE_263_length_4476_cov_29.825451	1890	1970	87	2	80	0.0250000
NODE_263_length_4476_cov_29.825451	1890	1970	88	1	80	0.0125000
NODE_263_length_4476_cov_29.825451	1890	1970	89	9	80	0.1125000
NODE_263_length_4476_cov_29.825451	1890	1970	91	2	80	0.0250000
NODE_263_length_4476_cov_29.825451	1890	1970	93	1	80	0.0125000
NODE_263_length_4476_cov_29.825451	1890	1970	95	5	80	0.0625000
NODE_263_length_4476_cov_29.825451	1890	1970	97	1	80	0.0125000
NODE_263_length_4476_cov_29.825451	1943	2023	39	1	80	0.0125000
NODE_263_length_4476_cov_29.825451	1943	2023	43	3	80	0.0375000
NODE_263_length_4476_cov_29.825451	1943	2023	50	1	80	0.0125000
NODE_263_length_4476_cov_29.825451	1943	2023	51	2	80	0.0250000
NODE_263_length_4476_cov_29.825451	1943	2023	59	2	80	0.0250000
NODE_263_length_4476_cov_29.825451	1943	2023	61	4	80	0.0500000
NODE_263_length_4476_cov_29.825451	1943	2023	63	8	80	0.1000000
NODE_263_length_4476_cov_29.825451	1943	2023	64	5	80	0.0625000
NODE_263_length_4476_cov_29.825451	1943	2023	66	3	80	0.0375000
NODE_263_length_4476_cov_29.825451	1943	2023	67	4	80	0.0500000
NODE_263_length_4476_cov_29.825451	1943	2023	68	5	80	0.0625000
NODE_263_length_4476_cov_29.825451	1943	2023	70	4	80	0.0500000
NODE_263_length_4476_cov_29.825451	1943	2023	72	6	80	0.0750000
NODE_263_length_4476_cov_29.825451	1943	2023	76	2	80	0.0250000
NODE_263_length_4476_cov_29.825451	1943	2023	80	2	80	0.0250000
NODE_263_length_4476_cov_29.825451	1943	2023	81	2	80	0.0250000
NODE_263_length_4476_cov_29.825451	1943	2023	83	2	80	0.0250000
NODE_263_length_4476_cov_29.825451	1943	2023	85	1	80	0.0125000
NODE_263_length_4476_cov_29.825451	1943	2023	86	1	80	0.0125000
NODE_263_length_4476_cov_29.825451	1943	2023	87	2	80	0.0250000
NODE_263_length_4476_cov_29.825451	1943	2023	88	2	80	0.0250000
NODE_263_length_4476_cov_29.825451	1943	2023	89	9	80	0.1125000
NODE_263_length_4476_cov_29.825451	1943	2023	91	2	80	0.0250000
NODE_263_length_4476_cov_29.825451	1943	2023	93	1	80	0.0125000
NODE_263_length_4476_cov_29.825451	1943	2023	95	5	80	0.0625000
NODE_263_length_4476_cov_29.825451	1943	2023	97	1	80	0.0125000
NODE_264_length_4474_cov_17.051886	23	99	0	1	76	0.0131579
NODE_264_length_4474_cov_17.051886	23	99	2	75	76	0.9868421
NODE_264_length_4474_cov_17.051886	23	98	0	1	75	0.0133333
NODE_264_length_4474_cov_17.051886	23	98	2	74	75	0.9866667
NODE_264_length_4474_cov_17.051886	23	99	0	1	76	0.0131579
NODE_264_length_4474_cov_17.051886	23	99	2	75	76	0.9868421
NODE_264_length_4474_cov_17.051886	32	99	2	67	67	1.0000000
NODE_264_length_4474_cov_17.051886	76	140	2	64	64	1.0000000
NODE_264_length_4474_cov_17.051886	1528	1569	88	3	41	0.0731707
NODE_264_length_4474_cov_17.051886	1528	1569	89	5	41	0.1219512
NODE_264_length_4474_cov_17.051886	1528	1569	91	4	41	0.0975610
NODE_264_length_4474_cov_17.051886	1528	1569	92	1	41	0.0243902
NODE_264_length_4474_cov_17.051886	1528	1569	93	2	41	0.0487805
NODE_264_length_4474_cov_17.051886	1528	1569	94	1	41	0.0243902
NODE_264_length_4474_cov_17.051886	1528	1569	97	1	41	0.0243902
NODE_264_length_4474_cov_17.051886	1528	1569	105	1	41	0.0243902
NODE_264_length_4474_cov_17.051886	1528	1569	108	1	41	0.0243902
NODE_264_length_4474_cov_17.051886	1528	1569	114	1	41	0.0243902
NODE_264_length_4474_cov_17.051886	1528	1569	117	1	41	0.0243902
NODE_264_length_4474_cov_17.051886	1528	1569	126	2	41	0.0487805
NODE_264_length_4474_cov_17.051886	1528	1569	127	1	41	0.0243902
NODE_264_length_4474_cov_17.051886	1528	1569	132	2	41	0.0487805
NODE_264_length_4474_cov_17.051886	1528	1569	135	2	41	0.0487805
NODE_264_length_4474_cov_17.051886	1528	1569	139	1	41	0.0243902
NODE_264_length_4474_cov_17.051886	1528	1569	142	1	41	0.0243902
NODE_264_length_4474_cov_17.051886	1528	1569	146	1	41	0.0243902
NODE_264_length_4474_cov_17.051886	1528	1569	147	2	41	0.0487805
NODE_264_length_4474_cov_17.051886	1528	1569	148	1	41	0.0243902
NODE_264_length_4474_cov_17.051886	1528	1569	149	1	41	0.0243902
NODE_264_length_4474_cov_17.051886	1528	1569	153	1	41	0.0243902
NODE_264_length_4474_cov_17.051886	1528	1569	156	1	41	0.0243902
NODE_264_length_4474_cov_17.051886	1528	1569	158	1	41	0.0243902
NODE_264_length_4474_cov_17.051886	1528	1569	163	1	41	0.0243902
NODE_264_length_4474_cov_17.051886	1528	1569	167	1	41	0.0243902
NODE_264_length_4474_cov_17.051886	1528	1569	172	1	41	0.0243902
NODE_264_length_4474_cov_17.051886	1536	1609	34	1	73	0.0136986
NODE_264_length_4474_cov_17.051886	1536	1609	35	1	73	0.0136986
NODE_264_length_4474_cov_17.051886	1536	1609	36	2	73	0.0273973
NODE_264_length_4474_cov_17.051886	1536	1609	38	4	73	0.0547945
NODE_264_length_4474_cov_17.051886	1536	1609	42	4	73	0.0547945
NODE_264_length_4474_cov_17.051886	1536	1609	43	1	73	0.0136986
NODE_264_length_4474_cov_17.051886	1536	1609	46	4	73	0.0547945
NODE_264_length_4474_cov_17.051886	1536	1609	49	1	73	0.0136986
NODE_264_length_4474_cov_17.051886	1536	1609	51	5	73	0.0684932
NODE_264_length_4474_cov_17.051886	1536	1609	55	1	73	0.0136986
NODE_264_length_4474_cov_17.051886	1536	1609	58	2	73	0.0273973
NODE_264_length_4474_cov_17.051886	1536	1609	60	1	73	0.0136986
NODE_264_length_4474_cov_17.051886	1536	1609	64	1	73	0.0136986
NODE_264_length_4474_cov_17.051886	1536	1609	66	6	73	0.0821918
NODE_264_length_4474_cov_17.051886	1536	1609	70	1	73	0.0136986
NODE_264_length_4474_cov_17.051886	1536	1609	77	1	73	0.0136986
NODE_264_length_4474_cov_17.051886	1536	1609	83	1	73	0.0136986
NODE_264_length_4474_cov_17.051886	1536	1609	85	2	73	0.0273973
NODE_264_length_4474_cov_17.051886	1536	1609	86	1	73	0.0136986
NODE_264_length_4474_cov_17.051886	1536	1609	88	3	73	0.0410959
NODE_264_length_4474_cov_17.051886	1536	1609	89	5	73	0.0684932
NODE_264_length_4474_cov_17.051886	1536	1609	91	4	73	0.0547945
NODE_264_length_4474_cov_17.051886	1536	1609	92	1	73	0.0136986
NODE_264_length_4474_cov_17.051886	1536	1609	93	2	73	0.0273973
NODE_264_length_4474_cov_17.051886	1536	1609	94	1	73	0.0136986
NODE_264_length_4474_cov_17.051886	1536	1609	97	1	73	0.0136986
NODE_264_length_4474_cov_17.051886	1536	1609	105	1	73	0.0136986
NODE_264_length_4474_cov_17.051886	1536	1609	108	1	73	0.0136986
NODE_264_length_4474_cov_17.051886	1536	1609	114	1	73	0.0136986
NODE_264_length_4474_cov_17.051886	1536	1609	117	1	73	0.0136986
NODE_264_length_4474_cov_17.051886	1536	1609	126	2	73	0.0273973
NODE_264_length_4474_cov_17.051886	1536	1609	127	1	73	0.0136986
NODE_264_length_4474_cov_17.051886	1536	1609	132	2	73	0.0273973
NODE_264_length_4474_cov_17.051886	1536	1609	135	2	73	0.0273973
NODE_264_length_4474_cov_17.051886	1536	1609	139	1	73	0.0136986
NODE_264_length_4474_cov_17.051886	1536	1609	142	1	73	0.0136986
NODE_264_length_4474_cov_17.051886	1536	1609	146	1	73	0.0136986
NODE_264_length_4474_cov_17.051886	1536	1609	147	1	73	0.0136986
NODE_264_length_4474_cov_17.051886	1536	1609	149	1	73	0.0136986
NODE_264_length_4474_cov_17.051886	1618	1643	2	19	25	0.7600000
NODE_264_length_4474_cov_17.051886	1618	1643	5	1	25	0.0400000
NODE_264_length_4474_cov_17.051886	1618	1643	10	1	25	0.0400000
NODE_264_length_4474_cov_17.051886	1618	1643	12	2	25	0.0800000
NODE_264_length_4474_cov_17.051886	1618	1643	13	2	25	0.0800000
NODE_264_length_4474_cov_17.051886	1618	1696	2	72	78	0.9230769
NODE_264_length_4474_cov_17.051886	1618	1696	5	1	78	0.0128205
NODE_264_length_4474_cov_17.051886	1618	1696	10	1	78	0.0128205
NODE_264_length_4474_cov_17.051886	1618	1696	12	2	78	0.0256410
NODE_264_length_4474_cov_17.051886	1618	1696	13	2	78	0.0256410
NODE_265_length_4474_cov_14.441829	282	362	4	55	80	0.6875000
NODE_265_length_4474_cov_14.441829	282	362	6	25	80	0.3125000
NODE_265_length_4474_cov_14.441829	335	415	0	38	80	0.4750000
NODE_265_length_4474_cov_14.441829	335	415	2	5	80	0.0625000
NODE_265_length_4474_cov_14.441829	335	415	4	34	80	0.4250000
NODE_265_length_4474_cov_14.441829	335	415	33	1	80	0.0125000
NODE_265_length_4474_cov_14.441829	335	415	101	1	80	0.0125000
NODE_265_length_4474_cov_14.441829	335	415	134	1	80	0.0125000
NODE_265_length_4474_cov_14.441829	1522	1575	8	13	53	0.2452830
NODE_265_length_4474_cov_14.441829	1522	1575	10	7	53	0.1320755
NODE_265_length_4474_cov_14.441829	1522	1575	14	6	53	0.1132075
NODE_265_length_4474_cov_14.441829	1522	1575	16	23	53	0.4339623
NODE_265_length_4474_cov_14.441829	1522	1575	34	2	53	0.0377358
NODE_265_length_4474_cov_14.441829	1522	1575	38	2	53	0.0377358
NODE_265_length_4474_cov_14.441829	1548	1623	13	12	75	0.1600000
NODE_265_length_4474_cov_14.441829	1548	1623	14	10	75	0.1333333
NODE_265_length_4474_cov_14.441829	1548	1623	15	1	75	0.0133333
NODE_265_length_4474_cov_14.441829	1548	1623	16	21	75	0.2800000
NODE_265_length_4474_cov_14.441829	1548	1623	17	8	75	0.1066667
NODE_265_length_4474_cov_14.441829	1548	1623	19	18	75	0.2400000
NODE_265_length_4474_cov_14.441829	1548	1623	21	5	75	0.0666667
NODE_265_length_4474_cov_14.441829	3068	3121	7	10	53	0.1886792
NODE_265_length_4474_cov_14.441829	3068	3121	9	9	53	0.1698113
NODE_265_length_4474_cov_14.441829	3068	3121	11	5	53	0.0943396
NODE_265_length_4474_cov_14.441829	3068	3121	12	7	53	0.1320755
NODE_265_length_4474_cov_14.441829	3068	3121	13	5	53	0.0943396
NODE_265_length_4474_cov_14.441829	3068	3121	14	2	53	0.0377358
NODE_265_length_4474_cov_14.441829	3068	3121	18	7	53	0.1320755
NODE_265_length_4474_cov_14.441829	3068	3121	20	6	53	0.1132075
NODE_265_length_4474_cov_14.441829	3068	3121	25	1	53	0.0188679
NODE_265_length_4474_cov_14.441829	3068	3121	29	1	53	0.0188679
NODE_268_length_4463_cov_7.023144	119	168	0	41	49	0.8367347
NODE_268_length_4463_cov_7.023144	119	168	2	3	49	0.0612245
NODE_268_length_4463_cov_7.023144	119	168	10	1	49	0.0204082
NODE_268_length_4463_cov_7.023144	119	168	12	2	49	0.0408163
NODE_268_length_4463_cov_7.023144	119	168	16	1	49	0.0204082
NODE_268_length_4463_cov_7.023144	119	168	22	1	49	0.0204082
NODE_270_length_4453_cov_16.820395	3383	3463	71	1	80	0.0125000
NODE_270_length_4453_cov_16.820395	3383	3463	77	2	80	0.0250000
NODE_270_length_4453_cov_16.820395	3383	3463	81	3	80	0.0375000
NODE_270_length_4453_cov_16.820395	3383	3463	88	2	80	0.0250000
NODE_270_length_4453_cov_16.820395	3383	3463	92	2	80	0.0250000
NODE_270_length_4453_cov_16.820395	3383	3463	93	2	80	0.0250000
NODE_270_length_4453_cov_16.820395	3383	3463	95	1	80	0.0125000
NODE_270_length_4453_cov_16.820395	3383	3463	98	1	80	0.0125000
NODE_270_length_4453_cov_16.820395	3383	3463	99	5	80	0.0625000
NODE_270_length_4453_cov_16.820395	3383	3463	100	10	80	0.1250000
NODE_270_length_4453_cov_16.820395	3383	3463	101	1	80	0.0125000
NODE_270_length_4453_cov_16.820395	3383	3463	102	6	80	0.0750000
NODE_270_length_4453_cov_16.820395	3383	3463	103	2	80	0.0250000
NODE_270_length_4453_cov_16.820395	3383	3463	104	11	80	0.1375000
NODE_270_length_4453_cov_16.820395	3383	3463	106	7	80	0.0875000
NODE_270_length_4453_cov_16.820395	3383	3463	107	6	80	0.0750000
NODE_270_length_4453_cov_16.820395	3383	3463	108	11	80	0.1375000
NODE_270_length_4453_cov_16.820395	3383	3463	111	1	80	0.0125000
NODE_270_length_4453_cov_16.820395	3383	3463	112	1	80	0.0125000
NODE_270_length_4453_cov_16.820395	3383	3463	114	4	80	0.0500000
NODE_270_length_4453_cov_16.820395	3383	3463	115	1	80	0.0125000
NODE_270_length_4453_cov_16.820395	3436	3496	37	2	60	0.0333333
NODE_270_length_4453_cov_16.820395	3436	3496	44	1	60	0.0166667
NODE_270_length_4453_cov_16.820395	3436	3496	46	1	60	0.0166667
NODE_270_length_4453_cov_16.820395	3436	3496	48	1	60	0.0166667
NODE_270_length_4453_cov_16.820395	3436	3496	50	2	60	0.0333333
NODE_270_length_4453_cov_16.820395	3436	3496	51	4	60	0.0666667
NODE_270_length_4453_cov_16.820395	3436	3496	53	1	60	0.0166667
NODE_270_length_4453_cov_16.820395	3436	3496	55	2	60	0.0333333
NODE_270_length_4453_cov_16.820395	3436	3496	57	3	60	0.0500000
NODE_270_length_4453_cov_16.820395	3436	3496	59	1	60	0.0166667
NODE_270_length_4453_cov_16.820395	3436	3496	61	4	60	0.0666667
NODE_270_length_4453_cov_16.820395	3436	3496	65	6	60	0.1000000
NODE_270_length_4453_cov_16.820395	3436	3496	67	3	60	0.0500000
NODE_270_length_4453_cov_16.820395	3436	3496	71	3	60	0.0500000
NODE_270_length_4453_cov_16.820395	3436	3496	77	2	60	0.0333333
NODE_270_length_4453_cov_16.820395	3436	3496	81	3	60	0.0500000
NODE_270_length_4453_cov_16.820395	3436	3496	88	2	60	0.0333333
NODE_270_length_4453_cov_16.820395	3436	3496	92	2	60	0.0333333
NODE_270_length_4453_cov_16.820395	3436	3496	93	2	60	0.0333333
NODE_270_length_4453_cov_16.820395	3436	3496	95	1	60	0.0166667
NODE_270_length_4453_cov_16.820395	3436	3496	99	5	60	0.0833333
NODE_270_length_4453_cov_16.820395	3436	3496	101	1	60	0.0166667
NODE_270_length_4453_cov_16.820395	3436	3496	103	2	60	0.0333333
NODE_270_length_4453_cov_16.820395	3436	3496	104	6	60	0.1000000
NODE_272_length_4436_cov_31.114595	2807	2871	14	14	64	0.2187500
NODE_272_length_4436_cov_31.114595	2807	2871	18	4	64	0.0625000
NODE_272_length_4436_cov_31.114595	2807	2871	24	2	64	0.0312500
NODE_272_length_4436_cov_31.114595	2807	2871	28	12	64	0.1875000
NODE_272_length_4436_cov_31.114595	2807	2871	30	1	64	0.0156250
NODE_272_length_4436_cov_31.114595	2807	2871	32	5	64	0.0781250
NODE_272_length_4436_cov_31.114595	2807	2871	34	1	64	0.0156250
NODE_272_length_4436_cov_31.114595	2807	2871	36	3	64	0.0468750
NODE_272_length_4436_cov_31.114595	2807	2871	38	5	64	0.0781250
NODE_272_length_4436_cov_31.114595	2807	2871	40	17	64	0.2656250
NODE_272_length_4436_cov_31.114595	2846	2906	2	8	60	0.1333333
NODE_272_length_4436_cov_31.114595	2846	2906	4	2	60	0.0333333
NODE_272_length_4436_cov_31.114595	2846	2906	6	3	60	0.0500000
NODE_272_length_4436_cov_31.114595	2846	2906	10	10	60	0.1666667
NODE_272_length_4436_cov_31.114595	2846	2906	12	12	60	0.2000000
NODE_272_length_4436_cov_31.114595	2846	2906	14	14	60	0.2333333
NODE_272_length_4436_cov_31.114595	2846	2906	18	4	60	0.0666667
NODE_272_length_4436_cov_31.114595	2846	2906	24	2	60	0.0333333
NODE_272_length_4436_cov_31.114595	2846	2906	28	5	60	0.0833333
NODE_272_length_4436_cov_31.114595	2846	2898	4	2	52	0.0384615
NODE_272_length_4436_cov_31.114595	2846	2898	6	3	52	0.0576923
NODE_272_length_4436_cov_31.114595	2846	2898	10	10	52	0.1923077
NODE_272_length_4436_cov_31.114595	2846	2898	12	12	52	0.2307692
NODE_272_length_4436_cov_31.114595	2846	2898	14	14	52	0.2692308
NODE_272_length_4436_cov_31.114595	2846	2898	18	4	52	0.0769231
NODE_272_length_4436_cov_31.114595	2846	2898	24	2	52	0.0384615
NODE_272_length_4436_cov_31.114595	2846	2898	28	5	52	0.0961538
NODE_278_length_4391_cov_7.711323	66	141	0	75	75	1.0000000
NODE_278_length_4391_cov_7.711323	119	155	0	31	36	0.8611111
NODE_278_length_4391_cov_7.711323	119	155	2	5	36	0.1388889
NODE_279_length_4385_cov_6.067662	1556	1606	2	1	50	0.0200000
NODE_279_length_4385_cov_6.067662	1556	1606	4	3	50	0.0600000
NODE_279_length_4385_cov_6.067662	1556	1606	6	6	50	0.1200000
NODE_279_length_4385_cov_6.067662	1556	1606	8	2	50	0.0400000
NODE_279_length_4385_cov_6.067662	1556	1606	10	15	50	0.3000000
NODE_279_length_4385_cov_6.067662	1556	1606	12	2	50	0.0400000
NODE_279_length_4385_cov_6.067662	1556	1606	14	4	50	0.0800000
NODE_279_length_4385_cov_6.067662	1556	1606	16	1	50	0.0200000
NODE_279_length_4385_cov_6.067662	1556	1606	18	7	50	0.1400000
NODE_279_length_4385_cov_6.067662	1556	1606	20	1	50	0.0200000
NODE_279_length_4385_cov_6.067662	1556	1606	24	2	50	0.0400000
NODE_279_length_4385_cov_6.067662	1556	1606	26	6	50	0.1200000
NODE_286_length_4331_cov_37.938800	1898	1978	29	16	80	0.2000000
NODE_286_length_4331_cov_37.938800	1898	1978	31	2	80	0.0250000
NODE_286_length_4331_cov_37.938800	1898	1978	33	5	80	0.0625000
NODE_286_length_4331_cov_37.938800	1898	1978	34	5	80	0.0625000
NODE_286_length_4331_cov_37.938800	1898	1978	35	15	80	0.1875000
NODE_286_length_4331_cov_37.938800	1898	1978	36	5	80	0.0625000
NODE_286_length_4331_cov_37.938800	1898	1978	37	13	80	0.1625000
NODE_286_length_4331_cov_37.938800	1898	1978	38	2	80	0.0250000
NODE_286_length_4331_cov_37.938800	1898	1978	39	7	80	0.0875000
NODE_286_length_4331_cov_37.938800	1898	1978	40	8	80	0.1000000
NODE_286_length_4331_cov_37.938800	1898	1978	44	2	80	0.0250000
NODE_286_length_4331_cov_37.938800	1951	2031	34	5	80	0.0625000
NODE_286_length_4331_cov_37.938800	1951	2031	35	5	80	0.0625000
NODE_286_length_4331_cov_37.938800	1951	2031	36	5	80	0.0625000
NODE_286_length_4331_cov_37.938800	1951	2031	38	12	80	0.1500000
NODE_286_length_4331_cov_37.938800	1951	2031	40	11	80	0.1375000
NODE_286_length_4331_cov_37.938800	1951	2031	41	2	80	0.0250000
NODE_286_length_4331_cov_37.938800	1951	2031	43	3	80	0.0375000
NODE_286_length_4331_cov_37.938800	1951	2031	44	4	80	0.0500000
NODE_286_length_4331_cov_37.938800	1951	2031	45	2	80	0.0250000
NODE_286_length_4331_cov_37.938800	1951	2031	46	5	80	0.0625000
NODE_286_length_4331_cov_37.938800	1951	2031	48	11	80	0.1375000
NODE_286_length_4331_cov_37.938800	1951	2031	49	1	80	0.0125000
NODE_286_length_4331_cov_37.938800	1951	2031	53	1	80	0.0125000
NODE_286_length_4331_cov_37.938800	1951	2031	55	3	80	0.0375000
NODE_286_length_4331_cov_37.938800	1951	2031	57	6	80	0.0750000
NODE_286_length_4331_cov_37.938800	1951	2031	67	2	80	0.0250000
NODE_286_length_4331_cov_37.938800	1951	2031	68	2	80	0.0250000
NODE_286_length_4331_cov_37.938800	2027	2107	57	1	80	0.0125000
NODE_286_length_4331_cov_37.938800	2027	2107	59	1	80	0.0125000
NODE_286_length_4331_cov_37.938800	2027	2107	60	2	80	0.0250000
NODE_286_length_4331_cov_37.938800	2027	2107	61	1	80	0.0125000
NODE_286_length_4331_cov_37.938800	2027	2107	62	10	80	0.1250000
NODE_286_length_4331_cov_37.938800	2027	2107	63	1	80	0.0125000
NODE_286_length_4331_cov_37.938800	2027	2107	64	2	80	0.0250000
NODE_286_length_4331_cov_37.938800	2027	2107	67	3	80	0.0375000
NODE_286_length_4331_cov_37.938800	2027	2107	68	2	80	0.0250000
NODE_286_length_4331_cov_37.938800	2027	2107	79	1	80	0.0125000
NODE_286_length_4331_cov_37.938800	2027	2107	86	2	80	0.0250000
NODE_286_length_4331_cov_37.938800	2027	2107	93	4	80	0.0500000
NODE_286_length_4331_cov_37.938800	2027	2107	95	3	80	0.0375000
NODE_286_length_4331_cov_37.938800	2027	2107	99	1	80	0.0125000
NODE_286_length_4331_cov_37.938800	2027	2107	101	3	80	0.0375000
NODE_286_length_4331_cov_37.938800	2027	2107	112	1	80	0.0125000
NODE_286_length_4331_cov_37.938800	2027	2107	127	1	80	0.0125000
NODE_286_length_4331_cov_37.938800	2027	2107	129	7	80	0.0875000
NODE_286_length_4331_cov_37.938800	2027	2107	133	2	80	0.0250000
NODE_286_length_4331_cov_37.938800	2027	2107	135	1	80	0.0125000
NODE_286_length_4331_cov_37.938800	2027	2107	140	1	80	0.0125000
NODE_286_length_4331_cov_37.938800	2027	2107	141	1	80	0.0125000
NODE_286_length_4331_cov_37.938800	2027	2107	147	2	80	0.0250000
NODE_286_length_4331_cov_37.938800	2027	2107	148	2	80	0.0250000
NODE_286_length_4331_cov_37.938800	2027	2107	149	2	80	0.0250000
NODE_286_length_4331_cov_37.938800	2027	2107	151	14	80	0.1750000
NODE_286_length_4331_cov_37.938800	2027	2107	152	1	80	0.0125000
NODE_286_length_4331_cov_37.938800	2027	2107	154	3	80	0.0375000
NODE_286_length_4331_cov_37.938800	2027	2107	157	1	80	0.0125000
NODE_286_length_4331_cov_37.938800	2027	2107	158	2	80	0.0250000
NODE_286_length_4331_cov_37.938800	2027	2107	160	2	80	0.0250000
NODE_286_length_4331_cov_37.938800	2080	2160	94	1	80	0.0125000
NODE_286_length_4331_cov_37.938800	2080	2160	113	1	80	0.0125000
NODE_286_length_4331_cov_37.938800	2080	2160	116	1	80	0.0125000
NODE_286_length_4331_cov_37.938800	2080	2160	126	1	80	0.0125000
NODE_286_length_4331_cov_37.938800	2080	2160	129	1	80	0.0125000
NODE_286_length_4331_cov_37.938800	2080	2160	134	5	80	0.0625000
NODE_286_length_4331_cov_37.938800	2080	2160	140	2	80	0.0250000
NODE_286_length_4331_cov_37.938800	2080	2160	142	1	80	0.0125000
NODE_286_length_4331_cov_37.938800	2080	2160	143	1	80	0.0125000
NODE_286_length_4331_cov_37.938800	2080	2160	144	5	80	0.0625000
NODE_286_length_4331_cov_37.938800	2080	2160	146	2	80	0.0250000
NODE_286_length_4331_cov_37.938800	2080	2160	147	3	80	0.0375000
NODE_286_length_4331_cov_37.938800	2080	2160	148	4	80	0.0500000
NODE_286_length_4331_cov_37.938800	2080	2160	149	6	80	0.0750000
NODE_286_length_4331_cov_37.938800	2080	2160	150	5	80	0.0625000
NODE_286_length_4331_cov_37.938800	2080	2160	151	15	80	0.1875000
NODE_286_length_4331_cov_37.938800	2080	2160	152	5	80	0.0625000
NODE_286_length_4331_cov_37.938800	2080	2160	154	5	80	0.0625000
NODE_286_length_4331_cov_37.938800	2080	2160	157	1	80	0.0125000
NODE_286_length_4331_cov_37.938800	2080	2160	158	3	80	0.0375000
NODE_286_length_4331_cov_37.938800	2080	2160	160	12	80	0.1500000
NODE_289_length_4320_cov_7.680881	442	522	0	80	80	1.0000000
NODE_289_length_4320_cov_7.680881	495	575	0	80	80	1.0000000
NODE_289_length_4320_cov_7.680881	571	651	0	80	80	1.0000000
NODE_289_length_4320_cov_7.680881	624	704	0	80	80	1.0000000
NODE_290_length_4314_cov_5.311507	1436	1516	0	80	80	1.0000000
NODE_290_length_4314_cov_5.311507	1489	1569	0	80	80	1.0000000
NODE_290_length_4314_cov_5.311507	3331	3400	0	50	69	0.7246377
NODE_290_length_4314_cov_5.311507	3331	3400	2	19	69	0.2753623
NODE_290_length_4314_cov_5.311507	3420	3482	0	16	62	0.2580645
NODE_290_length_4314_cov_5.311507	3420	3482	1	1	62	0.0161290
NODE_290_length_4314_cov_5.311507	3420	3482	2	45	62	0.7258065
NODE_292_length_4311_cov_8.733381	92	171	13	20	79	0.2531646
NODE_292_length_4311_cov_8.733381	92	171	15	8	79	0.1012658
NODE_292_length_4311_cov_8.733381	92	171	16	25	79	0.3164557
NODE_292_length_4311_cov_8.733381	92	171	18	7	79	0.0886076
NODE_292_length_4311_cov_8.733381	92	171	24	3	79	0.0379747
NODE_292_length_4311_cov_8.733381	92	171	26	16	79	0.2025317
NODE_292_length_4311_cov_8.733381	1925	2005	0	24	80	0.3000000
NODE_292_length_4311_cov_8.733381	1925	2005	2	5	80	0.0625000
NODE_292_length_4311_cov_8.733381	1925	2005	4	51	80	0.6375000
NODE_292_length_4311_cov_8.733381	1978	2058	0	27	80	0.3375000
NODE_292_length_4311_cov_8.733381	1978	2058	2	1	80	0.0125000
NODE_292_length_4311_cov_8.733381	1978	2058	4	52	80	0.6500000
NODE_294_length_4293_cov_3.809251	244	326	0	40	82	0.4878049
NODE_294_length_4293_cov_3.809251	244	326	2	42	82	0.5121951
NODE_294_length_4293_cov_3.809251	301	394	0	39	93	0.4193548
NODE_294_length_4293_cov_3.809251	301	394	2	54	93	0.5806451
NODE_295_length_4284_cov_15.940263	3726	3806	0	80	80	1.0000000
NODE_295_length_4284_cov_15.940263	3779	3858	0	56	79	0.7088608
NODE_295_length_4284_cov_15.940263	3779	3858	2	23	79	0.2911392
NODE_299_length_4277_cov_5.451173	3818	3898	2	24	80	0.3000000
NODE_299_length_4277_cov_5.451173	3818	3898	4	56	80	0.7000000
NODE_299_length_4277_cov_5.451173	3927	3995	2	68	68	1.0000000
NODE_299_length_4277_cov_5.451173	3968	4048	0	27	80	0.3375000
NODE_299_length_4277_cov_5.451173	3968	4048	2	53	80	0.6625000
NODE_300_length_4274_cov_18.943234	591	671	0	29	80	0.3625000
NODE_300_length_4274_cov_18.943234	591	671	9	3	80	0.0375000
NODE_300_length_4274_cov_18.943234	591	671	15	19	80	0.2375000
NODE_300_length_4274_cov_18.943234	591	671	16	6	80	0.0750000
NODE_300_length_4274_cov_18.943234	591	671	20	23	80	0.2875000
NODE_300_length_4274_cov_18.943234	644	724	8	4	80	0.0500000
NODE_300_length_4274_cov_18.943234	644	724	16	4	80	0.0500000
NODE_300_length_4274_cov_18.943234	644	724	20	57	80	0.7125000
NODE_300_length_4274_cov_18.943234	644	724	22	15	80	0.1875000
NODE_301_length_4274_cov_16.160958	416	496	0	23	80	0.2875000
NODE_301_length_4274_cov_16.160958	416	496	4	26	80	0.3250000
NODE_301_length_4274_cov_16.160958	416	496	8	1	80	0.0125000
NODE_301_length_4274_cov_16.160958	416	496	11	1	80	0.0125000
NODE_301_length_4274_cov_16.160958	416	496	14	29	80	0.3625000
NODE_301_length_4274_cov_16.160958	1034	1114	0	18	80	0.2250000
NODE_301_length_4274_cov_16.160958	1034	1114	4	62	80	0.7750000
NODE_301_length_4274_cov_16.160958	1087	1167	0	15	80	0.1875000
NODE_301_length_4274_cov_16.160958	1087	1167	3	1	80	0.0125000
NODE_301_length_4274_cov_16.160958	1087	1167	4	64	80	0.8000000
NODE_301_length_4274_cov_16.160958	1163	1243	0	5	80	0.0625000
NODE_301_length_4274_cov_16.160958	1163	1243	4	75	80	0.9375000
NODE_301_length_4274_cov_16.160958	1216	1296	0	20	80	0.2500000
NODE_301_length_4274_cov_16.160958	1216	1296	4	60	80	0.7500000
NODE_301_length_4274_cov_16.160958	3411	3491	4	1	80	0.0125000
NODE_301_length_4274_cov_16.160958	3411	3491	6	1	80	0.0125000
NODE_301_length_4274_cov_16.160958	3411	3491	8	29	80	0.3625000
NODE_301_length_4274_cov_16.160958	3411	3491	10	10	80	0.1250000
NODE_301_length_4274_cov_16.160958	3411	3491	12	1	80	0.0125000
NODE_301_length_4274_cov_16.160958	3411	3491	14	2	80	0.0250000
NODE_301_length_4274_cov_16.160958	3411	3491	16	9	80	0.1125000
NODE_301_length_4274_cov_16.160958	3411	3491	18	10	80	0.1250000
NODE_301_length_4274_cov_16.160958	3411	3491	20	1	80	0.0125000
NODE_301_length_4274_cov_16.160958	3411	3491	22	12	80	0.1500000
NODE_301_length_4274_cov_16.160958	3411	3491	26	4	80	0.0500000
NODE_302_length_4270_cov_14.045792	3835	3915	156	3	80	0.0375000
NODE_302_length_4270_cov_14.045792	3835	3915	158	1	80	0.0125000
NODE_302_length_4270_cov_14.045792	3835	3915	163	1	80	0.0125000
NODE_302_length_4270_cov_14.045792	3835	3915	169	1	80	0.0125000
NODE_302_length_4270_cov_14.045792	3835	3915	176	4	80	0.0500000
NODE_302_length_4270_cov_14.045792	3835	3915	180	1	80	0.0125000
NODE_302_length_4270_cov_14.045792	3835	3915	182	3	80	0.0375000
NODE_302_length_4270_cov_14.045792	3835	3915	183	2	80	0.0250000
NODE_302_length_4270_cov_14.045792	3835	3915	184	1	80	0.0125000
NODE_302_length_4270_cov_14.045792	3835	3915	185	2	80	0.0250000
NODE_302_length_4270_cov_14.045792	3835	3915	186	1	80	0.0125000
NODE_302_length_4270_cov_14.045792	3835	3915	188	1	80	0.0125000
NODE_302_length_4270_cov_14.045792	3835	3915	189	2	80	0.0250000
NODE_302_length_4270_cov_14.045792	3835	3915	191	1	80	0.0125000
NODE_302_length_4270_cov_14.045792	3835	3915	192	2	80	0.0250000
NODE_302_length_4270_cov_14.045792	3835	3915	194	1	80	0.0125000
NODE_302_length_4270_cov_14.045792	3835	3915	200	1	80	0.0125000
NODE_302_length_4270_cov_14.045792	3835	3915	201	1	80	0.0125000
NODE_302_length_4270_cov_14.045792	3835	3915	202	1	80	0.0125000
NODE_302_length_4270_cov_14.045792	3835	3915	203	5	80	0.0625000
NODE_302_length_4270_cov_14.045792	3835	3915	205	5	80	0.0625000
NODE_302_length_4270_cov_14.045792	3835	3915	206	7	80	0.0875000
NODE_302_length_4270_cov_14.045792	3835	3915	207	6	80	0.0750000
NODE_302_length_4270_cov_14.045792	3835	3915	208	11	80	0.1375000
NODE_302_length_4270_cov_14.045792	3835	3915	209	2	80	0.0250000
NODE_302_length_4270_cov_14.045792	3835	3915	210	6	80	0.0750000
NODE_302_length_4270_cov_14.045792	3835	3915	211	2	80	0.0250000
NODE_302_length_4270_cov_14.045792	3835	3915	212	1	80	0.0125000
NODE_302_length_4270_cov_14.045792	3835	3915	213	4	80	0.0500000
NODE_302_length_4270_cov_14.045792	3835	3915	214	1	80	0.0125000
NODE_302_length_4270_cov_14.045792	3888	3968	157	2	80	0.0250000
NODE_302_length_4270_cov_14.045792	3888	3968	158	1	80	0.0125000
NODE_302_length_4270_cov_14.045792	3888	3968	159	1	80	0.0125000
NODE_302_length_4270_cov_14.045792	3888	3968	160	3	80	0.0375000
NODE_302_length_4270_cov_14.045792	3888	3968	161	1	80	0.0125000
NODE_302_length_4270_cov_14.045792	3888	3968	162	3	80	0.0375000
NODE_302_length_4270_cov_14.045792	3888	3968	164	2	80	0.0250000
NODE_302_length_4270_cov_14.045792	3888	3968	165	1	80	0.0125000
NODE_302_length_4270_cov_14.045792	3888	3968	166	3	80	0.0375000
NODE_302_length_4270_cov_14.045792	3888	3968	168	2	80	0.0250000
NODE_302_length_4270_cov_14.045792	3888	3968	169	1	80	0.0125000
NODE_302_length_4270_cov_14.045792	3888	3968	170	2	80	0.0250000
NODE_302_length_4270_cov_14.045792	3888	3968	171	1	80	0.0125000
NODE_302_length_4270_cov_14.045792	3888	3968	172	2	80	0.0250000
NODE_302_length_4270_cov_14.045792	3888	3968	173	3	80	0.0375000
NODE_302_length_4270_cov_14.045792	3888	3968	176	3	80	0.0375000
NODE_302_length_4270_cov_14.045792	3888	3968	177	1	80	0.0125000
NODE_302_length_4270_cov_14.045792	3888	3968	178	3	80	0.0375000
NODE_302_length_4270_cov_14.045792	3888	3968	179	3	80	0.0375000
NODE_302_length_4270_cov_14.045792	3888	3968	180	1	80	0.0125000
NODE_302_length_4270_cov_14.045792	3888	3968	181	2	80	0.0250000
NODE_302_length_4270_cov_14.045792	3888	3968	184	1	80	0.0125000
NODE_302_length_4270_cov_14.045792	3888	3968	185	1	80	0.0125000
NODE_302_length_4270_cov_14.045792	3888	3968	187	1	80	0.0125000
NODE_302_length_4270_cov_14.045792	3888	3968	191	2	80	0.0250000
NODE_302_length_4270_cov_14.045792	3888	3968	200	3	80	0.0375000
NODE_302_length_4270_cov_14.045792	3888	3968	201	3	80	0.0375000
NODE_302_length_4270_cov_14.045792	3888	3968	202	2	80	0.0250000
NODE_302_length_4270_cov_14.045792	3888	3968	203	5	80	0.0625000
NODE_302_length_4270_cov_14.045792	3888	3968	204	1	80	0.0125000
NODE_302_length_4270_cov_14.045792	3888	3968	205	5	80	0.0625000
NODE_302_length_4270_cov_14.045792	3888	3968	206	5	80	0.0625000
NODE_302_length_4270_cov_14.045792	3888	3968	207	3	80	0.0375000
NODE_302_length_4270_cov_14.045792	3888	3968	208	2	80	0.0250000
NODE_302_length_4270_cov_14.045792	3888	3968	209	1	80	0.0125000
NODE_302_length_4270_cov_14.045792	3888	3968	210	4	80	0.0500000
NODE_303_length_4260_cov_24.780822	244	311	12	1	67	0.0149254
NODE_303_length_4260_cov_24.780822	244	311	14	16	67	0.2388060
NODE_303_length_4260_cov_24.780822	244	311	16	2	67	0.0298507
NODE_303_length_4260_cov_24.780822	244	311	17	35	67	0.5223880
NODE_303_length_4260_cov_24.780822	244	311	18	13	67	0.1940299
NODE_303_length_4260_cov_24.780822	244	311	12	1	67	0.0149254
NODE_303_length_4260_cov_24.780822	244	311	14	16	67	0.2388060
NODE_303_length_4260_cov_24.780822	244	311	16	2	67	0.0298507
NODE_303_length_4260_cov_24.780822	244	311	17	35	67	0.5223880
NODE_303_length_4260_cov_24.780822	244	311	18	13	67	0.1940299
NODE_303_length_4260_cov_24.780822	263	311	12	1	48	0.0208333
NODE_303_length_4260_cov_24.780822	263	311	14	15	48	0.3125000
NODE_303_length_4260_cov_24.780822	263	311	16	1	48	0.0208333
NODE_303_length_4260_cov_24.780822	263	311	17	18	48	0.3750000
NODE_303_length_4260_cov_24.780822	263	311	18	13	48	0.2708333
NODE_303_length_4260_cov_24.780822	1605	1633	5	2	28	0.0714286
NODE_303_length_4260_cov_24.780822	1605	1633	9	4	28	0.1428571
NODE_303_length_4260_cov_24.780822	1605	1633	12	1	28	0.0357143
NODE_303_length_4260_cov_24.780822	1605	1633	14	10	28	0.3571429
NODE_303_length_4260_cov_24.780822	1605	1633	16	3	28	0.1071429
NODE_303_length_4260_cov_24.780822	1605	1633	19	7	28	0.2500000
NODE_303_length_4260_cov_24.780822	1605	1633	20	1	28	0.0357143
NODE_303_length_4260_cov_24.780822	1660	1699	38	2	39	0.0512821
NODE_303_length_4260_cov_24.780822	1660	1699	40	2	39	0.0512821
NODE_303_length_4260_cov_24.780822	1660	1699	42	1	39	0.0256410
NODE_303_length_4260_cov_24.780822	1660	1699	46	2	39	0.0512821
NODE_303_length_4260_cov_24.780822	1660	1699	47	10	39	0.2564103
NODE_303_length_4260_cov_24.780822	1660	1699	48	3	39	0.0769231
NODE_303_length_4260_cov_24.780822	1660	1699	49	2	39	0.0512821
NODE_303_length_4260_cov_24.780822	1660	1699	51	14	39	0.3589744
NODE_303_length_4260_cov_24.780822	1660	1699	53	2	39	0.0512821
NODE_303_length_4260_cov_24.780822	1660	1699	54	1	39	0.0256410
NODE_310_length_4207_cov_6.923564	3664	3722	12	1	58	0.0172414
NODE_310_length_4207_cov_6.923564	3664	3722	14	6	58	0.1034483
NODE_310_length_4207_cov_6.923564	3664	3722	16	1	58	0.0172414
NODE_310_length_4207_cov_6.923564	3664	3722	18	15	58	0.2586207
NODE_310_length_4207_cov_6.923564	3664	3722	20	1	58	0.0172414
NODE_310_length_4207_cov_6.923564	3664	3722	22	9	58	0.1551724
NODE_310_length_4207_cov_6.923564	3664	3722	24	8	58	0.1379310
NODE_310_length_4207_cov_6.923564	3664	3722	25	8	58	0.1379310
NODE_310_length_4207_cov_6.923564	3664	3722	26	5	58	0.0862069
NODE_310_length_4207_cov_6.923564	3664	3722	27	4	58	0.0689655
NODE_310_length_4207_cov_6.923564	3695	3775	10	3	80	0.0375000
NODE_310_length_4207_cov_6.923564	3695	3775	12	28	80	0.3500000
NODE_310_length_4207_cov_6.923564	3695	3775	13	1	80	0.0125000
NODE_310_length_4207_cov_6.923564	3695	3775	14	10	80	0.1250000
NODE_310_length_4207_cov_6.923564	3695	3775	15	13	80	0.1625000
NODE_310_length_4207_cov_6.923564	3695	3775	16	2	80	0.0250000
NODE_310_length_4207_cov_6.923564	3695	3775	17	4	80	0.0500000
NODE_310_length_4207_cov_6.923564	3695	3775	18	15	80	0.1875000
NODE_310_length_4207_cov_6.923564	3695	3775	22	4	80	0.0500000
NODE_311_length_4205_cov_6.121042	592	632	8	3	40	0.0750000
NODE_311_length_4205_cov_6.121042	592	632	10	2	40	0.0500000
NODE_311_length_4205_cov_6.121042	592	632	13	1	40	0.0250000
NODE_311_length_4205_cov_6.121042	592	632	14	10	40	0.2500000
NODE_311_length_4205_cov_6.121042	592	632	16	24	40	0.6000000
NODE_311_length_4205_cov_6.121042	605	685	7	6	80	0.0750000
NODE_311_length_4205_cov_6.121042	605	685	11	7	80	0.0875000
NODE_311_length_4205_cov_6.121042	605	685	12	1	80	0.0125000
NODE_311_length_4205_cov_6.121042	605	685	13	5	80	0.0625000
NODE_311_length_4205_cov_6.121042	605	685	14	3	80	0.0375000
NODE_311_length_4205_cov_6.121042	605	685	15	19	80	0.2375000
NODE_311_length_4205_cov_6.121042	605	685	16	39	80	0.4875000
NODE_311_length_4205_cov_6.121042	681	745	0	11	64	0.1718750
NODE_311_length_4205_cov_6.121042	681	745	2	12	64	0.1875000
NODE_311_length_4205_cov_6.121042	681	745	3	23	64	0.3593750
NODE_311_length_4205_cov_6.121042	681	745	4	13	64	0.2031250
NODE_311_length_4205_cov_6.121042	681	745	7	5	64	0.0781250
NODE_312_length_4196_cov_4.170857	340	420	0	12	80	0.1500000
NODE_312_length_4196_cov_4.170857	340	420	2	34	80	0.4250000
NODE_312_length_4196_cov_4.170857	340	420	4	34	80	0.4250000
NODE_312_length_4196_cov_4.170857	393	473	0	65	80	0.8125000
NODE_312_length_4196_cov_4.170857	393	473	2	15	80	0.1875000
NODE_316_length_4179_cov_6.655882	1	65	4	1	64	0.0156250
NODE_316_length_4179_cov_6.655882	1	65	6	5	64	0.0781250
NODE_316_length_4179_cov_6.655882	1	65	8	1	64	0.0156250
NODE_316_length_4179_cov_6.655882	1	65	12	5	64	0.0781250
NODE_316_length_4179_cov_6.655882	1	65	16	4	64	0.0625000
NODE_316_length_4179_cov_6.655882	1	65	18	4	64	0.0625000
NODE_316_length_4179_cov_6.655882	1	65	20	5	64	0.0781250
NODE_316_length_4179_cov_6.655882	1	65	22	1	64	0.0156250
NODE_316_length_4179_cov_6.655882	1	65	24	5	64	0.0781250
NODE_316_length_4179_cov_6.655882	1	65	26	5	64	0.0781250
NODE_316_length_4179_cov_6.655882	1	65	28	28	64	0.4375000
NODE_316_length_4179_cov_6.655882	1087	1140	4	53	53	1.0000000
NODE_316_length_4179_cov_6.655882	1818	1898	4	80	80	1.0000000
NODE_319_length_4150_cov_10.600099	2827	2849	137	4	22	0.1818182
NODE_319_length_4150_cov_10.600099	2827	2849	138	2	22	0.0909091
NODE_319_length_4150_cov_10.600099	2827	2849	139	2	22	0.0909091
NODE_319_length_4150_cov_10.600099	2827	2849	140	13	22	0.5909091
NODE_319_length_4150_cov_10.600099	2827	2849	142	1	22	0.0454545
NODE_319_length_4150_cov_10.600099	2973	3053	14	10	80	0.1250000
NODE_319_length_4150_cov_10.600099	2973	3053	15	7	80	0.0875000
NODE_319_length_4150_cov_10.600099	2973	3053	17	11	80	0.1375000
NODE_319_length_4150_cov_10.600099	2973	3053	19	9	80	0.1125000
NODE_319_length_4150_cov_10.600099	2973	3053	21	1	80	0.0125000
NODE_319_length_4150_cov_10.600099	2973	3053	23	2	80	0.0250000
NODE_319_length_4150_cov_10.600099	2973	3053	25	8	80	0.1000000
NODE_319_length_4150_cov_10.600099	2973	3053	27	10	80	0.1250000
NODE_319_length_4150_cov_10.600099	2973	3053	29	6	80	0.0750000
NODE_319_length_4150_cov_10.600099	2973	3053	31	16	80	0.2000000
NODE_319_length_4150_cov_10.600099	3026	3106	27	5	80	0.0625000
NODE_319_length_4150_cov_10.600099	3026	3106	28	2	80	0.0250000
NODE_319_length_4150_cov_10.600099	3026	3106	29	6	80	0.0750000
NODE_319_length_4150_cov_10.600099	3026	3106	31	18	80	0.2250000
NODE_319_length_4150_cov_10.600099	3026	3106	32	8	80	0.1000000
NODE_319_length_4150_cov_10.600099	3026	3106	33	34	80	0.4250000
NODE_319_length_4150_cov_10.600099	3026	3106	34	6	80	0.0750000
NODE_319_length_4150_cov_10.600099	3026	3106	35	1	80	0.0125000
NODE_324_length_4119_cov_27.984328	2818	2898	118	1	80	0.0125000
NODE_324_length_4119_cov_27.984328	2818	2898	123	9	80	0.1125000
NODE_324_length_4119_cov_27.984328	2818	2898	124	1	80	0.0125000
NODE_324_length_4119_cov_27.984328	2818	2898	125	3	80	0.0375000
NODE_324_length_4119_cov_27.984328	2818	2898	127	1	80	0.0125000
NODE_324_length_4119_cov_27.984328	2818	2898	129	4	80	0.0500000
NODE_324_length_4119_cov_27.984328	2818	2898	137	1	80	0.0125000
NODE_324_length_4119_cov_27.984328	2818	2898	139	3	80	0.0375000
NODE_324_length_4119_cov_27.984328	2818	2898	141	2	80	0.0250000
NODE_324_length_4119_cov_27.984328	2818	2898	143	4	80	0.0500000
NODE_324_length_4119_cov_27.984328	2818	2898	145	1	80	0.0125000
NODE_324_length_4119_cov_27.984328	2818	2898	153	4	80	0.0500000
NODE_324_length_4119_cov_27.984328	2818	2898	154	1	80	0.0125000
NODE_324_length_4119_cov_27.984328	2818	2898	155	4	80	0.0500000
NODE_324_length_4119_cov_27.984328	2818	2898	156	3	80	0.0375000
NODE_324_length_4119_cov_27.984328	2818	2898	157	21	80	0.2625000
NODE_324_length_4119_cov_27.984328	2818	2898	158	1	80	0.0125000
NODE_324_length_4119_cov_27.984328	2818	2898	159	2	80	0.0250000
NODE_324_length_4119_cov_27.984328	2818	2898	160	2	80	0.0250000
NODE_324_length_4119_cov_27.984328	2818	2898	161	7	80	0.0875000
NODE_324_length_4119_cov_27.984328	2818	2898	162	4	80	0.0500000
NODE_324_length_4119_cov_27.984328	2818	2898	163	1	80	0.0125000
NODE_325_length_4108_cov_14.755550	378	422	2	4	44	0.0909091
NODE_325_length_4108_cov_14.755550	378	422	4	1	44	0.0227273
NODE_325_length_4108_cov_14.755550	378	422	7	15	44	0.3409091
NODE_325_length_4108_cov_14.755550	378	422	9	18	44	0.4090909
NODE_325_length_4108_cov_14.755550	378	422	14	1	44	0.0227273
NODE_325_length_4108_cov_14.755550	378	422	15	5	44	0.1136364
NODE_325_length_4108_cov_14.755550	3537	3617	4	19	80	0.2375000
NODE_325_length_4108_cov_14.755550	3537	3617	6	19	80	0.2375000
NODE_325_length_4108_cov_14.755550	3537	3617	8	42	80	0.5250000
NODE_325_length_4108_cov_14.755550	3590	3670	0	4	80	0.0500000
NODE_325_length_4108_cov_14.755550	3590	3670	4	44	80	0.5500000
NODE_325_length_4108_cov_14.755550	3590	3670	6	24	80	0.3000000
NODE_325_length_4108_cov_14.755550	3590	3670	8	8	80	0.1000000
NODE_326_length_4107_cov_1.855539	207	287	2	16	80	0.2000000
NODE_326_length_4107_cov_1.855539	207	287	4	2	80	0.0250000
NODE_326_length_4107_cov_1.855539	207	287	6	62	80	0.7750000
NODE_328_length_4096_cov_31.197648	379	459	0	80	80	1.0000000
NODE_328_length_4096_cov_31.197648	432	512	0	80	80	1.0000000
NODE_328_length_4096_cov_31.197648	3305	3385	0	80	80	1.0000000
NODE_328_length_4096_cov_31.197648	3358	3438	0	80	80	1.0000000
NODE_329_length_4081_cov_20.248870	3673	3753	4	1	80	0.0125000
NODE_329_length_4081_cov_20.248870	3673	3753	6	58	80	0.7250000
NODE_329_length_4081_cov_20.248870	3673	3753	7	1	80	0.0125000
NODE_329_length_4081_cov_20.248870	3673	3753	8	20	80	0.2500000
NODE_329_length_4081_cov_20.248870	3726	3806	0	6	80	0.0750000
NODE_329_length_4081_cov_20.248870	3726	3806	1	1	80	0.0125000
NODE_329_length_4081_cov_20.248870	3726	3806	2	14	80	0.1750000
NODE_329_length_4081_cov_20.248870	3726	3806	4	22	80	0.2750000
NODE_329_length_4081_cov_20.248870	3726	3806	6	37	80	0.4625000
NODE_330_length_4076_cov_15.138044	1062	1142	0	80	80	1.0000000
NODE_330_length_4076_cov_15.138044	1115	1195	0	63	80	0.7875000
NODE_330_length_4076_cov_15.138044	1115	1195	2	17	80	0.2125000
NODE_331_length_4069_cov_14.261209	3871	3936	0	21	65	0.3230769
NODE_331_length_4069_cov_14.261209	3871	3936	2	44	65	0.6769231
NODE_333_length_4050_cov_31.044039	1703	1783	28	1	80	0.0125000
NODE_333_length_4050_cov_31.044039	1703	1783	29	9	80	0.1125000
NODE_333_length_4050_cov_31.044039	1703	1783	30	6	80	0.0750000
NODE_333_length_4050_cov_31.044039	1703	1783	31	8	80	0.1000000
NODE_333_length_4050_cov_31.044039	1703	1783	32	6	80	0.0750000
NODE_333_length_4050_cov_31.044039	1703	1783	33	5	80	0.0625000
NODE_333_length_4050_cov_31.044039	1703	1783	34	11	80	0.1375000
NODE_333_length_4050_cov_31.044039	1703	1783	35	6	80	0.0750000
NODE_333_length_4050_cov_31.044039	1703	1783	36	12	80	0.1500000
NODE_333_length_4050_cov_31.044039	1703	1783	37	3	80	0.0375000
NODE_333_length_4050_cov_31.044039	1703	1783	39	3	80	0.0375000
NODE_333_length_4050_cov_31.044039	1703	1783	40	4	80	0.0500000
NODE_333_length_4050_cov_31.044039	1703	1783	41	5	80	0.0625000
NODE_333_length_4050_cov_31.044039	1703	1783	42	1	80	0.0125000
NODE_335_length_4021_cov_34.619072	379	459	0	6	80	0.0750000
NODE_335_length_4021_cov_34.619072	379	459	4	45	80	0.5625000
NODE_335_length_4021_cov_34.619072	379	459	6	29	80	0.3625000
NODE_335_length_4021_cov_34.619072	432	512	0	59	80	0.7375000
NODE_335_length_4021_cov_34.619072	432	512	4	21	80	0.2625000
NODE_336_length_4020_cov_5.130834	3455	3535	0	80	80	1.0000000
NODE_336_length_4020_cov_5.130834	3508	3588	0	32	80	0.4000000
NODE_336_length_4020_cov_5.130834	3508	3588	2	48	80	0.6000000
NODE_339_length_4004_cov_9.718054	387	467	0	80	80	1.0000000
NODE_339_length_4004_cov_9.718054	440	520	0	74	80	0.9250000
NODE_339_length_4004_cov_9.718054	440	520	3	1	80	0.0125000
NODE_339_length_4004_cov_9.718054	440	520	4	5	80	0.0625000
NODE_339_length_4004_cov_9.718054	516	596	0	4	80	0.0500000
NODE_339_length_4004_cov_9.718054	516	596	3	2	80	0.0250000
NODE_339_length_4004_cov_9.718054	516	596	4	74	80	0.9250000
NODE_339_length_4004_cov_9.718054	569	649	0	57	80	0.7125000
NODE_339_length_4004_cov_9.718054	569	649	3	2	80	0.0250000
NODE_339_length_4004_cov_9.718054	569	649	4	21	80	0.2625000
NODE_341_length_3991_cov_18.617934	867	947	2	80	80	1.0000000
NODE_341_length_3991_cov_18.617934	920	1000	0	18	80	0.2250000
NODE_341_length_3991_cov_18.617934	920	1000	2	62	80	0.7750000
NODE_341_length_3991_cov_18.617934	996	1076	0	80	80	1.0000000
NODE_341_length_3991_cov_18.617934	1049	1124	0	74	75	0.9866667
NODE_341_length_3991_cov_18.617934	1049	1124	2	1	75	0.0133333
NODE_348_length_3973_cov_6.906298	17	65	0	48	48	1.0000000
NODE_348_length_3973_cov_6.906298	1945	1995	7	1	50	0.0200000
NODE_348_length_3973_cov_6.906298	1945	1995	11	1	50	0.0200000
NODE_348_length_3973_cov_6.906298	1945	1995	15	4	50	0.0800000
NODE_348_length_3973_cov_6.906298	1945	1995	17	9	50	0.1800000
NODE_348_length_3973_cov_6.906298	1945	1995	19	12	50	0.2400000
NODE_348_length_3973_cov_6.906298	1945	1995	21	6	50	0.1200000
NODE_348_length_3973_cov_6.906298	1945	1995	22	9	50	0.1800000
NODE_348_length_3973_cov_6.906298	1945	1995	24	8	50	0.1600000
NODE_350_length_3960_cov_6.246827	2673	2761	0	84	88	0.9545454
NODE_350_length_3960_cov_6.246827	2673	2761	2	4	88	0.0454545
NODE_350_length_3960_cov_6.246827	3520	3600	0	80	80	1.0000000
NODE_350_length_3960_cov_6.246827	3573	3653	0	80	80	1.0000000
NODE_353_length_3952_cov_8.805346	826	906	0	16	80	0.2000000
NODE_353_length_3952_cov_8.805346	826	906	2	64	80	0.8000000
NODE_353_length_3952_cov_8.805346	879	959	2	51	80	0.6375000
NODE_353_length_3952_cov_8.805346	879	959	4	29	80	0.3625000
NODE_354_length_3928_cov_5.936798	2440	2521	0	81	81	1.0000000
NODE_354_length_3928_cov_5.936798	2493	2574	0	81	81	1.0000000
NODE_356_length_3923_cov_14.807793	3759	3800	0	17	41	0.4146341
NODE_356_length_3923_cov_14.807793	3759	3800	2	24	41	0.5853658
NODE_358_length_3922_cov_7.609731	1493	1573	95	7	80	0.0875000
NODE_358_length_3922_cov_7.609731	1493	1573	97	4	80	0.0500000
NODE_358_length_3922_cov_7.609731	1493	1573	99	1	80	0.0125000
NODE_358_length_3922_cov_7.609731	1493	1573	100	1	80	0.0125000
NODE_358_length_3922_cov_7.609731	1493	1573	101	2	80	0.0250000
NODE_358_length_3922_cov_7.609731	1493	1573	102	1	80	0.0125000
NODE_358_length_3922_cov_7.609731	1493	1573	103	1	80	0.0125000
NODE_358_length_3922_cov_7.609731	1493	1573	104	5	80	0.0625000
NODE_358_length_3922_cov_7.609731	1493	1573	105	9	80	0.1125000
NODE_358_length_3922_cov_7.609731	1493	1573	106	8	80	0.1000000
NODE_358_length_3922_cov_7.609731	1493	1573	107	6	80	0.0750000
NODE_358_length_3922_cov_7.609731	1493	1573	108	5	80	0.0625000
NODE_358_length_3922_cov_7.609731	1493	1573	109	10	80	0.1250000
NODE_358_length_3922_cov_7.609731	1493	1573	110	6	80	0.0750000
NODE_358_length_3922_cov_7.609731	1493	1573	111	4	80	0.0500000
NODE_358_length_3922_cov_7.609731	1493	1573	112	1	80	0.0125000
NODE_358_length_3922_cov_7.609731	1493	1573	113	7	80	0.0875000
NODE_358_length_3922_cov_7.609731	1493	1573	114	1	80	0.0125000
NODE_358_length_3922_cov_7.609731	1493	1573	115	1	80	0.0125000
NODE_358_length_3922_cov_7.609731	1546	1600	90	1	54	0.0185185
NODE_358_length_3922_cov_7.609731	1546	1600	92	1	54	0.0185185
NODE_358_length_3922_cov_7.609731	1546	1600	93	1	54	0.0185185
NODE_358_length_3922_cov_7.609731	1546	1600	94	3	54	0.0555556
NODE_358_length_3922_cov_7.609731	1546	1600	97	3	54	0.0555556
NODE_358_length_3922_cov_7.609731	1546	1600	100	1	54	0.0185185
NODE_358_length_3922_cov_7.609731	1546	1600	101	1	54	0.0185185
NODE_358_length_3922_cov_7.609731	1546	1600	103	1	54	0.0185185
NODE_358_length_3922_cov_7.609731	1546	1600	104	5	54	0.0925926
NODE_358_length_3922_cov_7.609731	1546	1600	105	1	54	0.0185185
NODE_358_length_3922_cov_7.609731	1546	1600	106	2	54	0.0370370
NODE_358_length_3922_cov_7.609731	1546	1600	107	6	54	0.1111111
NODE_358_length_3922_cov_7.609731	1546	1600	108	7	54	0.1296296
NODE_358_length_3922_cov_7.609731	1546	1600	109	4	54	0.0740741
NODE_358_length_3922_cov_7.609731	1546	1600	110	3	54	0.0555556
NODE_358_length_3922_cov_7.609731	1546	1600	111	3	54	0.0555556
NODE_358_length_3922_cov_7.609731	1546	1600	112	1	54	0.0185185
NODE_358_length_3922_cov_7.609731	1546	1600	113	8	54	0.1481481
NODE_358_length_3922_cov_7.609731	1546	1600	114	1	54	0.0185185
NODE_358_length_3922_cov_7.609731	1546	1600	115	1	54	0.0185185
NODE_359_length_3921_cov_9.943223	2936	3016	265	1	80	0.0125000
NODE_359_length_3921_cov_9.943223	2936	3016	271	2	80	0.0250000
NODE_359_length_3921_cov_9.943223	2936	3016	272	1	80	0.0125000
NODE_359_length_3921_cov_9.943223	2936	3016	277	1	80	0.0125000
NODE_359_length_3921_cov_9.943223	2936	3016	278	2	80	0.0250000
NODE_359_length_3921_cov_9.943223	2936	3016	279	3	80	0.0375000
NODE_359_length_3921_cov_9.943223	2936	3016	280	1	80	0.0125000
NODE_359_length_3921_cov_9.943223	2936	3016	281	2	80	0.0250000
NODE_359_length_3921_cov_9.943223	2936	3016	282	1	80	0.0125000
NODE_359_length_3921_cov_9.943223	2936	3016	284	1	80	0.0125000
NODE_359_length_3921_cov_9.943223	2936	3016	286	1	80	0.0125000
NODE_359_length_3921_cov_9.943223	2936	3016	287	1	80	0.0125000
NODE_359_length_3921_cov_9.943223	2936	3016	289	1	80	0.0125000
NODE_359_length_3921_cov_9.943223	2936	3016	290	1	80	0.0125000
NODE_359_length_3921_cov_9.943223	2936	3016	292	3	80	0.0375000
NODE_359_length_3921_cov_9.943223	2936	3016	293	1	80	0.0125000
NODE_359_length_3921_cov_9.943223	2936	3016	294	1	80	0.0125000
NODE_359_length_3921_cov_9.943223	2936	3016	297	1	80	0.0125000
NODE_359_length_3921_cov_9.943223	2936	3016	298	1	80	0.0125000
NODE_359_length_3921_cov_9.943223	2936	3016	299	1	80	0.0125000
NODE_359_length_3921_cov_9.943223	2936	3016	300	1	80	0.0125000
NODE_359_length_3921_cov_9.943223	2936	3016	301	1	80	0.0125000
NODE_359_length_3921_cov_9.943223	2936	3016	309	1	80	0.0125000
NODE_359_length_3921_cov_9.943223	2936	3016	311	2	80	0.0250000
NODE_359_length_3921_cov_9.943223	2936	3016	319	1	80	0.0125000
NODE_359_length_3921_cov_9.943223	2936	3016	322	1	80	0.0125000
NODE_359_length_3921_cov_9.943223	2936	3016	324	1	80	0.0125000
NODE_359_length_3921_cov_9.943223	2936	3016	326	1	80	0.0125000
NODE_359_length_3921_cov_9.943223	2936	3016	332	2	80	0.0250000
NODE_359_length_3921_cov_9.943223	2936	3016	334	1	80	0.0125000
NODE_359_length_3921_cov_9.943223	2936	3016	342	2	80	0.0250000
NODE_359_length_3921_cov_9.943223	2936	3016	345	1	80	0.0125000
NODE_359_length_3921_cov_9.943223	2936	3016	346	1	80	0.0125000
NODE_359_length_3921_cov_9.943223	2936	3016	351	1	80	0.0125000
NODE_359_length_3921_cov_9.943223	2936	3016	360	1	80	0.0125000
NODE_359_length_3921_cov_9.943223	2936	3016	361	1	80	0.0125000
NODE_359_length_3921_cov_9.943223	2936	3016	362	1	80	0.0125000
NODE_359_length_3921_cov_9.943223	2936	3016	363	1	80	0.0125000
NODE_359_length_3921_cov_9.943223	2936	3016	371	1	80	0.0125000
NODE_359_length_3921_cov_9.943223	2936	3016	372	1	80	0.0125000
NODE_359_length_3921_cov_9.943223	2936	3016	373	2	80	0.0250000
NODE_359_length_3921_cov_9.943223	2936	3016	376	2	80	0.0250000
NODE_359_length_3921_cov_9.943223	2936	3016	378	1	80	0.0125000
NODE_359_length_3921_cov_9.943223	2936	3016	379	1	80	0.0125000
NODE_359_length_3921_cov_9.943223	2936	3016	380	2	80	0.0250000
NODE_359_length_3921_cov_9.943223	2936	3016	381	1	80	0.0125000
NODE_359_length_3921_cov_9.943223	2936	3016	382	2	80	0.0250000
NODE_359_length_3921_cov_9.943223	2936	3016	384	2	80	0.0250000
NODE_359_length_3921_cov_9.943223	2936	3016	385	2	80	0.0250000
NODE_359_length_3921_cov_9.943223	2936	3016	387	3	80	0.0375000
NODE_359_length_3921_cov_9.943223	2936	3016	389	2	80	0.0250000
NODE_359_length_3921_cov_9.943223	2936	3016	390	1	80	0.0125000
NODE_359_length_3921_cov_9.943223	2936	3016	393	1	80	0.0125000
NODE_359_length_3921_cov_9.943223	2936	3016	395	5	80	0.0625000
NODE_359_length_3921_cov_9.943223	2936	3016	396	2	80	0.0250000
NODE_359_length_3921_cov_9.943223	2936	3016	397	1	80	0.0125000
NODE_359_length_3921_cov_9.943223	2989	3057	284	2	68	0.0294118
NODE_359_length_3921_cov_9.943223	2989	3057	286	3	68	0.0441176
NODE_359_length_3921_cov_9.943223	2989	3057	288	3	68	0.0441176
NODE_359_length_3921_cov_9.943223	2989	3057	289	1	68	0.0147059
NODE_359_length_3921_cov_9.943223	2989	3057	291	2	68	0.0294118
NODE_359_length_3921_cov_9.943223	2989	3057	295	2	68	0.0294118
NODE_359_length_3921_cov_9.943223	2989	3057	303	1	68	0.0147059
NODE_359_length_3921_cov_9.943223	2989	3057	307	1	68	0.0147059
NODE_359_length_3921_cov_9.943223	2989	3057	317	2	68	0.0294118
NODE_359_length_3921_cov_9.943223	2989	3057	319	1	68	0.0147059
NODE_359_length_3921_cov_9.943223	2989	3057	321	2	68	0.0294118
NODE_359_length_3921_cov_9.943223	2989	3057	325	1	68	0.0147059
NODE_359_length_3921_cov_9.943223	2989	3057	329	1	68	0.0147059
NODE_359_length_3921_cov_9.943223	2989	3057	331	2	68	0.0294118
NODE_359_length_3921_cov_9.943223	2989	3057	332	1	68	0.0147059
NODE_359_length_3921_cov_9.943223	2989	3057	340	1	68	0.0147059
NODE_359_length_3921_cov_9.943223	2989	3057	344	2	68	0.0294118
NODE_359_length_3921_cov_9.943223	2989	3057	345	2	68	0.0294118
NODE_359_length_3921_cov_9.943223	2989	3057	346	2	68	0.0294118
NODE_359_length_3921_cov_9.943223	2989	3057	348	2	68	0.0294118
NODE_359_length_3921_cov_9.943223	2989	3057	352	1	68	0.0147059
NODE_359_length_3921_cov_9.943223	2989	3057	353	2	68	0.0294118
NODE_359_length_3921_cov_9.943223	2989	3057	355	1	68	0.0147059
NODE_359_length_3921_cov_9.943223	2989	3057	357	1	68	0.0147059
NODE_359_length_3921_cov_9.943223	2989	3057	360	2	68	0.0294118
NODE_359_length_3921_cov_9.943223	2989	3057	361	1	68	0.0147059
NODE_359_length_3921_cov_9.943223	2989	3057	362	2	68	0.0294118
NODE_359_length_3921_cov_9.943223	2989	3057	371	1	68	0.0147059
NODE_359_length_3921_cov_9.943223	2989	3057	373	2	68	0.0294118
NODE_359_length_3921_cov_9.943223	2989	3057	376	1	68	0.0147059
NODE_359_length_3921_cov_9.943223	2989	3057	378	1	68	0.0147059
NODE_359_length_3921_cov_9.943223	2989	3057	379	1	68	0.0147059
NODE_359_length_3921_cov_9.943223	2989	3057	381	1	68	0.0147059
NODE_359_length_3921_cov_9.943223	2989	3057	382	2	68	0.0294118
NODE_359_length_3921_cov_9.943223	2989	3057	384	2	68	0.0294118
NODE_359_length_3921_cov_9.943223	2989	3057	387	3	68	0.0441176
NODE_359_length_3921_cov_9.943223	2989	3057	389	1	68	0.0147059
NODE_359_length_3921_cov_9.943223	2989	3057	393	1	68	0.0147059
NODE_359_length_3921_cov_9.943223	2989	3057	395	5	68	0.0735294
NODE_359_length_3921_cov_9.943223	2989	3057	396	2	68	0.0294118
NODE_359_length_3921_cov_9.943223	2989	3057	397	1	68	0.0147059
NODE_359_length_3921_cov_9.943223	3047	3066	250	1	19	0.0526316
NODE_359_length_3921_cov_9.943223	3047	3066	261	1	19	0.0526316
NODE_359_length_3921_cov_9.943223	3047	3066	264	1	19	0.0526316
NODE_359_length_3921_cov_9.943223	3047	3066	266	1	19	0.0526316
NODE_359_length_3921_cov_9.943223	3047	3066	271	1	19	0.0526316
NODE_359_length_3921_cov_9.943223	3047	3066	273	1	19	0.0526316
NODE_359_length_3921_cov_9.943223	3047	3066	274	1	19	0.0526316
NODE_359_length_3921_cov_9.943223	3047	3066	279	1	19	0.0526316
NODE_359_length_3921_cov_9.943223	3047	3066	282	1	19	0.0526316
NODE_359_length_3921_cov_9.943223	3047	3066	284	2	19	0.1052632
NODE_359_length_3921_cov_9.943223	3047	3066	286	3	19	0.1578947
NODE_359_length_3921_cov_9.943223	3047	3066	288	3	19	0.1578947
NODE_359_length_3921_cov_9.943223	3047	3066	289	1	19	0.0526316
NODE_359_length_3921_cov_9.943223	3047	3066	291	1	19	0.0526316
NODE_363_length_3898_cov_40.033167	3296	3370	30	1	74	0.0135135
NODE_363_length_3898_cov_40.033167	3296	3370	34	3	74	0.0405405
NODE_363_length_3898_cov_40.033167	3296	3370	36	1	74	0.0135135
NODE_363_length_3898_cov_40.033167	3296	3370	38	2	74	0.0270270
NODE_363_length_3898_cov_40.033167	3296	3370	42	5	74	0.0675676
NODE_363_length_3898_cov_40.033167	3296	3370	44	1	74	0.0135135
NODE_363_length_3898_cov_40.033167	3296	3370	46	1	74	0.0135135
NODE_363_length_3898_cov_40.033167	3296	3370	47	1	74	0.0135135
NODE_363_length_3898_cov_40.033167	3296	3370	52	1	74	0.0135135
NODE_363_length_3898_cov_40.033167	3296	3370	58	3	74	0.0405405
NODE_363_length_3898_cov_40.033167	3296	3370	59	3	74	0.0405405
NODE_363_length_3898_cov_40.033167	3296	3370	61	3	74	0.0405405
NODE_363_length_3898_cov_40.033167	3296	3370	65	14	74	0.1891892
NODE_363_length_3898_cov_40.033167	3296	3370	66	35	74	0.4729730
NODE_363_length_3898_cov_40.033167	3539	3619	19	9	80	0.1125000
NODE_363_length_3898_cov_40.033167	3539	3619	20	4	80	0.0500000
NODE_363_length_3898_cov_40.033167	3539	3619	21	12	80	0.1500000
NODE_363_length_3898_cov_40.033167	3539	3619	22	14	80	0.1750000
NODE_363_length_3898_cov_40.033167	3539	3619	24	22	80	0.2750000
NODE_363_length_3898_cov_40.033167	3539	3619	26	12	80	0.1500000
NODE_363_length_3898_cov_40.033167	3539	3619	27	1	80	0.0125000
NODE_363_length_3898_cov_40.033167	3539	3619	28	5	80	0.0625000
NODE_363_length_3898_cov_40.033167	3539	3619	30	1	80	0.0125000
NODE_364_length_3898_cov_7.550145	668	748	1	6	80	0.0750000
NODE_364_length_3898_cov_7.550145	668	748	2	16	80	0.2000000
NODE_364_length_3898_cov_7.550145	668	748	3	29	80	0.3625000
NODE_364_length_3898_cov_7.550145	668	748	5	29	80	0.3625000
NODE_364_length_3898_cov_7.550145	721	801	5	36	80	0.4500000
NODE_364_length_3898_cov_7.550145	721	801	7	19	80	0.2375000
NODE_364_length_3898_cov_7.550145	721	801	9	15	80	0.1875000
NODE_364_length_3898_cov_7.550145	721	801	10	5	80	0.0625000
NODE_364_length_3898_cov_7.550145	721	801	21	1	80	0.0125000
NODE_364_length_3898_cov_7.550145	721	801	23	2	80	0.0250000
NODE_364_length_3898_cov_7.550145	721	801	27	2	80	0.0250000
NODE_367_length_3882_cov_4.166006	3244	3324	4	6	80	0.0750000
NODE_367_length_3882_cov_4.166006	3244	3324	6	40	80	0.5000000
NODE_367_length_3882_cov_4.166006	3244	3324	8	11	80	0.1375000
NODE_367_length_3882_cov_4.166006	3244	3324	10	23	80	0.2875000
NODE_367_length_3882_cov_4.166006	3282	3324	4	6	42	0.1428571
NODE_367_length_3882_cov_4.166006	3282	3324	6	2	42	0.0476190
NODE_367_length_3882_cov_4.166006	3282	3324	8	11	42	0.2619048
NODE_367_length_3882_cov_4.166006	3282	3324	10	23	42	0.5476190
NODE_367_length_3882_cov_4.166006	3297	3377	0	8	80	0.1000000
NODE_367_length_3882_cov_4.166006	3297	3377	4	51	80	0.6375000
NODE_367_length_3882_cov_4.166006	3297	3377	8	11	80	0.1375000
NODE_367_length_3882_cov_4.166006	3297	3377	10	10	80	0.1250000
NODE_367_length_3882_cov_4.166006	3297	3377	0	8	80	0.1000000
NODE_367_length_3882_cov_4.166006	3297	3377	4	51	80	0.6375000
NODE_367_length_3882_cov_4.166006	3297	3377	8	11	80	0.1375000
NODE_367_length_3882_cov_4.166006	3297	3377	10	10	80	0.1250000
NODE_367_length_3882_cov_4.166006	3373	3450	0	77	77	1.0000000
NODE_374_length_3853_cov_18.816196	524	579	12	3	55	0.0545455
NODE_374_length_3853_cov_18.816196	524	579	14	3	55	0.0545455
NODE_374_length_3853_cov_18.816196	524	579	18	7	55	0.1272727
NODE_374_length_3853_cov_18.816196	524	579	19	22	55	0.4000000
NODE_374_length_3853_cov_18.816196	524	579	20	20	55	0.3636364
NODE_374_length_3853_cov_18.816196	559	639	2	19	80	0.2375000
NODE_374_length_3853_cov_18.816196	559	639	4	15	80	0.1875000
NODE_374_length_3853_cov_18.816196	559	639	8	8	80	0.1000000
NODE_374_length_3853_cov_18.816196	559	639	12	4	80	0.0500000
NODE_374_length_3853_cov_18.816196	559	639	14	3	80	0.0375000
NODE_374_length_3853_cov_18.816196	559	639	19	31	80	0.3875000
NODE_379_length_3829_cov_12.697319	515	595	4	76	80	0.9500000
NODE_379_length_3829_cov_12.697319	515	595	6	4	80	0.0500000
NODE_379_length_3829_cov_12.697319	568	648	0	2	80	0.0250000
NODE_379_length_3829_cov_12.697319	568	648	2	29	80	0.3625000
NODE_379_length_3829_cov_12.697319	568	648	4	49	80	0.6125000
NODE_379_length_3829_cov_12.697319	644	724	2	28	80	0.3500000
NODE_379_length_3829_cov_12.697319	644	724	6	43	80	0.5375000
NODE_379_length_3829_cov_12.697319	644	724	8	9	80	0.1125000
NODE_379_length_3829_cov_12.697319	697	777	6	71	80	0.8875000
NODE_379_length_3829_cov_12.697319	697	777	8	9	80	0.1125000
NODE_381_length_3815_cov_17.218784	399	479	0	31	80	0.3875000
NODE_381_length_3815_cov_17.218784	399	479	2	49	80	0.6125000
NODE_381_length_3815_cov_17.218784	452	532	2	63	80	0.7875000
NODE_381_length_3815_cov_17.218784	452	532	4	17	80	0.2125000
NODE_383_length_3812_cov_65.007272	840	903	15	1	63	0.0158730
NODE_383_length_3812_cov_65.007272	840	903	17	1	63	0.0158730
NODE_383_length_3812_cov_65.007272	840	903	25	1	63	0.0158730
NODE_383_length_3812_cov_65.007272	840	903	26	1	63	0.0158730
NODE_383_length_3812_cov_65.007272	840	903	27	1	63	0.0158730
NODE_383_length_3812_cov_65.007272	840	903	32	1	63	0.0158730
NODE_383_length_3812_cov_65.007272	840	903	33	1	63	0.0158730
NODE_383_length_3812_cov_65.007272	840	903	42	2	63	0.0317460
NODE_383_length_3812_cov_65.007272	840	903	53	2	63	0.0317460
NODE_383_length_3812_cov_65.007272	840	903	56	1	63	0.0158730
NODE_383_length_3812_cov_65.007272	840	903	64	1	63	0.0158730
NODE_383_length_3812_cov_65.007272	840	903	67	2	63	0.0317460
NODE_383_length_3812_cov_65.007272	840	903	69	2	63	0.0317460
NODE_383_length_3812_cov_65.007272	840	903	72	1	63	0.0158730
NODE_383_length_3812_cov_65.007272	840	903	74	1	63	0.0158730
NODE_383_length_3812_cov_65.007272	840	903	77	1	63	0.0158730
NODE_383_length_3812_cov_65.007272	840	903	78	1	63	0.0158730
NODE_383_length_3812_cov_65.007272	840	903	80	1	63	0.0158730
NODE_383_length_3812_cov_65.007272	840	903	81	1	63	0.0158730
NODE_383_length_3812_cov_65.007272	840	903	82	2	63	0.0317460
NODE_383_length_3812_cov_65.007272	840	903	88	1	63	0.0158730
NODE_383_length_3812_cov_65.007272	840	903	93	1	63	0.0158730
NODE_383_length_3812_cov_65.007272	840	903	95	1	63	0.0158730
NODE_383_length_3812_cov_65.007272	840	903	101	1	63	0.0158730
NODE_383_length_3812_cov_65.007272	840	903	102	1	63	0.0158730
NODE_383_length_3812_cov_65.007272	840	903	108	1	63	0.0158730
NODE_383_length_3812_cov_65.007272	840	903	116	1	63	0.0158730
NODE_383_length_3812_cov_65.007272	840	903	124	2	63	0.0317460
NODE_383_length_3812_cov_65.007272	840	903	127	1	63	0.0158730
NODE_383_length_3812_cov_65.007272	840	903	131	2	63	0.0317460
NODE_383_length_3812_cov_65.007272	840	903	133	1	63	0.0158730
NODE_383_length_3812_cov_65.007272	840	903	137	1	63	0.0158730
NODE_383_length_3812_cov_65.007272	840	903	139	1	63	0.0158730
NODE_383_length_3812_cov_65.007272	840	903	143	1	63	0.0158730
NODE_383_length_3812_cov_65.007272	840	903	152	3	63	0.0476190
NODE_383_length_3812_cov_65.007272	840	903	153	1	63	0.0158730
NODE_383_length_3812_cov_65.007272	840	903	155	1	63	0.0158730
NODE_383_length_3812_cov_65.007272	840	903	158	1	63	0.0158730
NODE_383_length_3812_cov_65.007272	840	903	160	1	63	0.0158730
NODE_383_length_3812_cov_65.007272	840	903	163	1	63	0.0158730
NODE_383_length_3812_cov_65.007272	840	903	165	1	63	0.0158730
NODE_383_length_3812_cov_65.007272	840	903	169	2	63	0.0317460
NODE_383_length_3812_cov_65.007272	840	903	171	2	63	0.0317460
NODE_383_length_3812_cov_65.007272	840	903	173	1	63	0.0158730
NODE_383_length_3812_cov_65.007272	840	903	190	1	63	0.0158730
NODE_383_length_3812_cov_65.007272	840	903	196	1	63	0.0158730
NODE_383_length_3812_cov_65.007272	840	903	200	1	63	0.0158730
NODE_383_length_3812_cov_65.007272	840	903	205	1	63	0.0158730
NODE_383_length_3812_cov_65.007272	840	903	213	1	63	0.0158730
NODE_383_length_3812_cov_65.007272	840	903	220	2	63	0.0317460
NODE_383_length_3812_cov_65.007272	840	903	230	1	63	0.0158730
NODE_384_length_3805_cov_9.533189	145	236	0	22	91	0.2417582
NODE_384_length_3805_cov_9.533189	145	236	2	69	91	0.7582418
NODE_384_length_3805_cov_9.533189	209	279	2	70	70	1.0000000
NODE_386_length_3799_cov_10.046486	2944	3024	6	3	80	0.0375000
NODE_386_length_3799_cov_10.046486	2944	3024	8	22	80	0.2750000
NODE_386_length_3799_cov_10.046486	2944	3024	10	1	80	0.0125000
NODE_386_length_3799_cov_10.046486	2944	3024	12	3	80	0.0375000
NODE_386_length_3799_cov_10.046486	2944	3024	13	10	80	0.1250000
NODE_386_length_3799_cov_10.046486	2944	3024	16	3	80	0.0375000
NODE_386_length_3799_cov_10.046486	2944	3024	17	4	80	0.0500000
NODE_386_length_3799_cov_10.046486	2944	3024	18	34	80	0.4250000
NODE_386_length_3799_cov_10.046486	2997	3077	6	3	80	0.0375000
NODE_386_length_3799_cov_10.046486	2997	3077	10	9	80	0.1125000
NODE_386_length_3799_cov_10.046486	2997	3077	16	31	80	0.3875000
NODE_386_length_3799_cov_10.046486	2997	3077	18	37	80	0.4625000
NODE_388_length_3795_cov_13.724297	3350	3430	0	1	80	0.0125000
NODE_388_length_3795_cov_13.724297	3350	3430	2	24	80	0.3000000
NODE_388_length_3795_cov_13.724297	3350	3430	6	55	80	0.6875000
NODE_388_length_3795_cov_13.724297	3403	3483	0	11	80	0.1375000
NODE_388_length_3795_cov_13.724297	3403	3483	2	11	80	0.1375000
NODE_388_length_3795_cov_13.724297	3403	3483	4	31	80	0.3875000
NODE_388_length_3795_cov_13.724297	3403	3483	6	27	80	0.3375000
NODE_388_length_3795_cov_13.724297	3479	3562	2	41	83	0.4939759
NODE_388_length_3795_cov_13.724297	3479	3562	4	11	83	0.1325301
NODE_388_length_3795_cov_13.724297	3479	3562	6	31	83	0.3734940
NODE_388_length_3795_cov_13.724297	3479	3562	2	41	83	0.4939759
NODE_388_length_3795_cov_13.724297	3479	3562	4	11	83	0.1325301
NODE_388_length_3795_cov_13.724297	3479	3562	6	31	83	0.3734940
NODE_388_length_3795_cov_13.724297	3479	3552	2	41	73	0.5616438
NODE_388_length_3795_cov_13.724297	3479	3552	4	11	73	0.1506849
NODE_388_length_3795_cov_13.724297	3479	3552	6	21	73	0.2876712
NODE_388_length_3795_cov_13.724297	3535	3586	6	35	51	0.6862745
NODE_388_length_3795_cov_13.724297	3535	3586	8	16	51	0.3137255
NODE_388_length_3795_cov_13.724297	3535	3584	6	35	49	0.7142857
NODE_388_length_3795_cov_13.724297	3535	3584	8	14	49	0.2857143
NODE_388_length_3795_cov_13.724297	3698	3721	48	23	23	1.0000000
NODE_394_length_3774_cov_7.720544	538	595	2	57	57	1.0000000
NODE_404_length_3747_cov_3.328947	2230	2292	0	1	62	0.0161290
NODE_404_length_3747_cov_3.328947	2230	2292	2	57	62	0.9193549
NODE_404_length_3747_cov_3.328947	2230	2292	3	4	62	0.0645161
NODE_406_length_3743_cov_38.767014	1354	1434	50	2	80	0.0250000
NODE_406_length_3743_cov_38.767014	1354	1434	52	1	80	0.0125000
NODE_406_length_3743_cov_38.767014	1354	1434	55	1	80	0.0125000
NODE_406_length_3743_cov_38.767014	1354	1434	61	1	80	0.0125000
NODE_406_length_3743_cov_38.767014	1354	1434	63	4	80	0.0500000
NODE_406_length_3743_cov_38.767014	1354	1434	64	5	80	0.0625000
NODE_406_length_3743_cov_38.767014	1354	1434	66	7	80	0.0875000
NODE_406_length_3743_cov_38.767014	1354	1434	69	1	80	0.0125000
NODE_406_length_3743_cov_38.767014	1354	1434	70	5	80	0.0625000
NODE_406_length_3743_cov_38.767014	1354	1434	72	3	80	0.0375000
NODE_406_length_3743_cov_38.767014	1354	1434	74	5	80	0.0625000
NODE_406_length_3743_cov_38.767014	1354	1434	76	2	80	0.0250000
NODE_406_length_3743_cov_38.767014	1354	1434	77	19	80	0.2375000
NODE_406_length_3743_cov_38.767014	1354	1434	78	6	80	0.0750000
NODE_406_length_3743_cov_38.767014	1354	1434	79	2	80	0.0250000
NODE_406_length_3743_cov_38.767014	1354	1434	80	8	80	0.1000000
NODE_406_length_3743_cov_38.767014	1354	1434	81	8	80	0.1000000
NODE_406_length_3743_cov_38.767014	1407	1487	31	12	80	0.1500000
NODE_406_length_3743_cov_38.767014	1407	1487	38	1	80	0.0125000
NODE_406_length_3743_cov_38.767014	1407	1487	42	1	80	0.0125000
NODE_406_length_3743_cov_38.767014	1407	1487	44	4	80	0.0500000
NODE_406_length_3743_cov_38.767014	1407	1487	46	1	80	0.0125000
NODE_406_length_3743_cov_38.767014	1407	1487	48	1	80	0.0125000
NODE_406_length_3743_cov_38.767014	1407	1487	50	1	80	0.0125000
NODE_406_length_3743_cov_38.767014	1407	1487	53	1	80	0.0125000
NODE_406_length_3743_cov_38.767014	1407	1487	57	4	80	0.0500000
NODE_406_length_3743_cov_38.767014	1407	1487	59	7	80	0.0875000
NODE_406_length_3743_cov_38.767014	1407	1487	61	4	80	0.0500000
NODE_406_length_3743_cov_38.767014	1407	1487	63	5	80	0.0625000
NODE_406_length_3743_cov_38.767014	1407	1487	65	4	80	0.0500000
NODE_406_length_3743_cov_38.767014	1407	1487	66	9	80	0.1125000
NODE_406_length_3743_cov_38.767014	1407	1487	67	3	80	0.0375000
NODE_406_length_3743_cov_38.767014	1407	1487	72	3	80	0.0375000
NODE_406_length_3743_cov_38.767014	1407	1487	74	5	80	0.0625000
NODE_406_length_3743_cov_38.767014	1407	1487	76	1	80	0.0125000
NODE_406_length_3743_cov_38.767014	1407	1487	77	7	80	0.0875000
NODE_406_length_3743_cov_38.767014	1407	1487	78	6	80	0.0750000
NODE_408_length_3733_cov_16.204458	186	249	0	9	63	0.1428571
NODE_408_length_3733_cov_16.204458	186	249	2	1	63	0.0158730
NODE_408_length_3733_cov_16.204458	186	249	4	39	63	0.6190476
NODE_408_length_3733_cov_16.204458	186	249	6	3	63	0.0476190
NODE_408_length_3733_cov_16.204458	186	249	8	1	63	0.0158730
NODE_408_length_3733_cov_16.204458	186	249	10	4	63	0.0634921
NODE_408_length_3733_cov_16.204458	186	249	16	1	63	0.0158730
NODE_408_length_3733_cov_16.204458	186	249	44	1	63	0.0158730
NODE_408_length_3733_cov_16.204458	186	249	45	1	63	0.0158730
NODE_408_length_3733_cov_16.204458	186	249	50	1	63	0.0158730
NODE_408_length_3733_cov_16.204458	186	249	54	1	63	0.0158730
NODE_408_length_3733_cov_16.204458	186	249	58	1	63	0.0158730
NODE_413_length_3707_cov_56.575665	2387	2467	0	15	80	0.1875000
NODE_413_length_3707_cov_56.575665	2387	2467	4	65	80	0.8125000
NODE_413_length_3707_cov_56.575665	2440	2520	0	11	80	0.1375000
NODE_413_length_3707_cov_56.575665	2440	2520	4	69	80	0.8625000
NODE_413_length_3707_cov_56.575665	2516	2596	0	5	80	0.0625000
NODE_413_length_3707_cov_56.575665	2516	2596	4	11	80	0.1375000
NODE_413_length_3707_cov_56.575665	2516	2596	8	8	80	0.1000000
NODE_413_length_3707_cov_56.575665	2516	2596	14	9	80	0.1125000
NODE_413_length_3707_cov_56.575665	2516	2596	16	47	80	0.5875000
NODE_413_length_3707_cov_56.575665	2569	2649	0	5	80	0.0625000
NODE_413_length_3707_cov_56.575665	2569	2649	4	2	80	0.0250000
NODE_413_length_3707_cov_56.575665	2569	2649	6	2	80	0.0250000
NODE_413_length_3707_cov_56.575665	2569	2649	8	4	80	0.0500000
NODE_413_length_3707_cov_56.575665	2569	2649	10	6	80	0.0750000
NODE_413_length_3707_cov_56.575665	2569	2649	14	11	80	0.1375000
NODE_413_length_3707_cov_56.575665	2569	2649	16	50	80	0.6250000
NODE_416_length_3690_cov_7.476190	723	792	10	69	69	1.0000000
NODE_416_length_3690_cov_7.476190	776	855	0	52	79	0.6582279
NODE_416_length_3690_cov_7.476190	776	855	9	1	79	0.0126582
NODE_416_length_3690_cov_7.476190	776	855	10	26	79	0.3291139
NODE_419_length_3685_cov_7.011154	1966	2046	147	1	80	0.0125000
NODE_419_length_3685_cov_7.011154	1966	2046	151	1	80	0.0125000
NODE_419_length_3685_cov_7.011154	1966	2046	155	2	80	0.0250000
NODE_419_length_3685_cov_7.011154	1966	2046	159	3	80	0.0375000
NODE_419_length_3685_cov_7.011154	1966	2046	161	1	80	0.0125000
NODE_419_length_3685_cov_7.011154	1966	2046	166	1	80	0.0125000
NODE_419_length_3685_cov_7.011154	1966	2046	167	2	80	0.0250000
NODE_419_length_3685_cov_7.011154	1966	2046	171	1	80	0.0125000
NODE_419_length_3685_cov_7.011154	1966	2046	172	4	80	0.0500000
NODE_419_length_3685_cov_7.011154	1966	2046	173	5	80	0.0625000
NODE_419_length_3685_cov_7.011154	1966	2046	174	2	80	0.0250000
NODE_419_length_3685_cov_7.011154	1966	2046	175	4	80	0.0500000
NODE_419_length_3685_cov_7.011154	1966	2046	176	1	80	0.0125000
NODE_419_length_3685_cov_7.011154	1966	2046	177	1	80	0.0125000
NODE_419_length_3685_cov_7.011154	1966	2046	179	2	80	0.0250000
NODE_419_length_3685_cov_7.011154	1966	2046	181	1	80	0.0125000
NODE_419_length_3685_cov_7.011154	1966	2046	185	1	80	0.0125000
NODE_419_length_3685_cov_7.011154	1966	2046	191	1	80	0.0125000
NODE_419_length_3685_cov_7.011154	1966	2046	192	1	80	0.0125000
NODE_419_length_3685_cov_7.011154	1966	2046	193	3	80	0.0375000
NODE_419_length_3685_cov_7.011154	1966	2046	196	3	80	0.0375000
NODE_419_length_3685_cov_7.011154	1966	2046	198	1	80	0.0125000
NODE_419_length_3685_cov_7.011154	1966	2046	201	9	80	0.1125000
NODE_419_length_3685_cov_7.011154	1966	2046	202	2	80	0.0250000
NODE_419_length_3685_cov_7.011154	1966	2046	203	7	80	0.0875000
NODE_419_length_3685_cov_7.011154	1966	2046	204	2	80	0.0250000
NODE_419_length_3685_cov_7.011154	1966	2046	205	4	80	0.0500000
NODE_419_length_3685_cov_7.011154	1966	2046	207	1	80	0.0125000
NODE_419_length_3685_cov_7.011154	1966	2046	209	3	80	0.0375000
NODE_419_length_3685_cov_7.011154	1966	2046	210	3	80	0.0375000
NODE_419_length_3685_cov_7.011154	1966	2046	211	2	80	0.0250000
NODE_419_length_3685_cov_7.011154	1966	2046	213	5	80	0.0625000
NODE_419_length_3685_cov_7.011154	2019	2086	144	1	67	0.0149254
NODE_419_length_3685_cov_7.011154	2019	2086	150	1	67	0.0149254
NODE_419_length_3685_cov_7.011154	2019	2086	155	1	67	0.0149254
NODE_419_length_3685_cov_7.011154	2019	2086	157	3	67	0.0447761
NODE_419_length_3685_cov_7.011154	2019	2086	159	2	67	0.0298507
NODE_419_length_3685_cov_7.011154	2019	2086	160	3	67	0.0447761
NODE_419_length_3685_cov_7.011154	2019	2086	163	1	67	0.0149254
NODE_419_length_3685_cov_7.011154	2019	2086	178	1	67	0.0149254
NODE_419_length_3685_cov_7.011154	2019	2086	183	1	67	0.0149254
NODE_419_length_3685_cov_7.011154	2019	2086	185	1	67	0.0149254
NODE_419_length_3685_cov_7.011154	2019	2086	187	2	67	0.0298507
NODE_419_length_3685_cov_7.011154	2019	2086	188	3	67	0.0447761
NODE_419_length_3685_cov_7.011154	2019	2086	189	3	67	0.0447761
NODE_419_length_3685_cov_7.011154	2019	2086	193	1	67	0.0149254
NODE_419_length_3685_cov_7.011154	2019	2086	194	1	67	0.0149254
NODE_419_length_3685_cov_7.011154	2019	2086	196	4	67	0.0597015
NODE_419_length_3685_cov_7.011154	2019	2086	198	2	67	0.0298507
NODE_419_length_3685_cov_7.011154	2019	2086	200	1	67	0.0149254
NODE_419_length_3685_cov_7.011154	2019	2086	201	7	67	0.1044776
NODE_419_length_3685_cov_7.011154	2019	2086	202	1	67	0.0149254
NODE_419_length_3685_cov_7.011154	2019	2086	203	6	67	0.0895522
NODE_419_length_3685_cov_7.011154	2019	2086	204	4	67	0.0597015
NODE_419_length_3685_cov_7.011154	2019	2086	207	2	67	0.0298507
NODE_419_length_3685_cov_7.011154	2019	2086	208	1	67	0.0149254
NODE_419_length_3685_cov_7.011154	2019	2086	209	2	67	0.0298507
NODE_419_length_3685_cov_7.011154	2019	2086	210	5	67	0.0746269
NODE_419_length_3685_cov_7.011154	2019	2086	211	2	67	0.0298507
NODE_419_length_3685_cov_7.011154	2019	2086	213	5	67	0.0746269
NODE_426_length_3667_cov_1089.047365	1634	1705	14	70	71	0.9859155
NODE_426_length_3667_cov_1089.047365	1634	1705	16	1	71	0.0140845
NODE_426_length_3667_cov_1089.047365	1678	1758	0	2	80	0.0250000
NODE_426_length_3667_cov_1089.047365	1678	1758	9	1	80	0.0125000
NODE_426_length_3667_cov_1089.047365	1678	1758	10	32	80	0.4000000
NODE_426_length_3667_cov_1089.047365	1678	1758	12	5	80	0.0625000
NODE_426_length_3667_cov_1089.047365	1678	1758	14	40	80	0.5000000
NODE_428_length_3660_cov_79.447627	1806	1870	134	1	64	0.0156250
NODE_428_length_3660_cov_79.447627	1806	1870	136	2	64	0.0312500
NODE_428_length_3660_cov_79.447627	1806	1870	137	2	64	0.0312500
NODE_428_length_3660_cov_79.447627	1806	1870	139	3	64	0.0468750
NODE_428_length_3660_cov_79.447627	1806	1870	145	2	64	0.0312500
NODE_428_length_3660_cov_79.447627	1806	1870	153	1	64	0.0156250
NODE_428_length_3660_cov_79.447627	1806	1870	156	1	64	0.0156250
NODE_428_length_3660_cov_79.447627	1806	1870	158	1	64	0.0156250
NODE_428_length_3660_cov_79.447627	1806	1870	160	1	64	0.0156250
NODE_428_length_3660_cov_79.447627	1806	1870	171	1	64	0.0156250
NODE_428_length_3660_cov_79.447627	1806	1870	175	1	64	0.0156250
NODE_428_length_3660_cov_79.447627	1806	1870	182	1	64	0.0156250
NODE_428_length_3660_cov_79.447627	1806	1870	186	1	64	0.0156250
NODE_428_length_3660_cov_79.447627	1806	1870	192	1	64	0.0156250
NODE_428_length_3660_cov_79.447627	1806	1870	195	1	64	0.0156250
NODE_428_length_3660_cov_79.447627	1806	1870	199	1	64	0.0156250
NODE_428_length_3660_cov_79.447627	1806	1870	200	1	64	0.0156250
NODE_428_length_3660_cov_79.447627	1806	1870	201	1	64	0.0156250
NODE_428_length_3660_cov_79.447627	1806	1870	205	3	64	0.0468750
NODE_428_length_3660_cov_79.447627	1806	1870	206	2	64	0.0312500
NODE_428_length_3660_cov_79.447627	1806	1870	210	1	64	0.0156250
NODE_428_length_3660_cov_79.447627	1806	1870	212	1	64	0.0156250
NODE_428_length_3660_cov_79.447627	1806	1870	214	1	64	0.0156250
NODE_428_length_3660_cov_79.447627	1806	1870	217	2	64	0.0312500
NODE_428_length_3660_cov_79.447627	1806	1870	227	1	64	0.0156250
NODE_428_length_3660_cov_79.447627	1806	1870	234	1	64	0.0156250
NODE_428_length_3660_cov_79.447627	1806	1870	238	1	64	0.0156250
NODE_428_length_3660_cov_79.447627	1806	1870	247	1	64	0.0156250
NODE_428_length_3660_cov_79.447627	1806	1870	249	1	64	0.0156250
NODE_428_length_3660_cov_79.447627	1806	1870	255	2	64	0.0312500
NODE_428_length_3660_cov_79.447627	1806	1870	259	1	64	0.0156250
NODE_428_length_3660_cov_79.447627	1806	1870	260	2	64	0.0312500
NODE_428_length_3660_cov_79.447627	1806	1870	261	6	64	0.0937500
NODE_428_length_3660_cov_79.447627	1806	1870	263	2	64	0.0312500
NODE_428_length_3660_cov_79.447627	1806	1870	266	1	64	0.0156250
NODE_428_length_3660_cov_79.447627	1806	1870	272	1	64	0.0156250
NODE_428_length_3660_cov_79.447627	1806	1870	278	1	64	0.0156250
NODE_428_length_3660_cov_79.447627	1806	1870	280	1	64	0.0156250
NODE_428_length_3660_cov_79.447627	1806	1870	283	1	64	0.0156250
NODE_428_length_3660_cov_79.447627	1806	1870	284	1	64	0.0156250
NODE_428_length_3660_cov_79.447627	1806	1870	285	3	64	0.0468750
NODE_428_length_3660_cov_79.447627	1806	1870	286	1	64	0.0156250
NODE_428_length_3660_cov_79.447627	1806	1870	287	1	64	0.0156250
NODE_428_length_3660_cov_79.447627	1806	1870	288	1	64	0.0156250
NODE_428_length_3660_cov_79.447627	1806	1870	289	1	64	0.0156250
NODE_428_length_3660_cov_79.447627	1859	1906	278	1	47	0.0212766
NODE_428_length_3660_cov_79.447627	1859	1906	280	1	47	0.0212766
NODE_428_length_3660_cov_79.447627	1859	1906	283	1	47	0.0212766
NODE_428_length_3660_cov_79.447627	1859	1906	284	1	47	0.0212766
NODE_428_length_3660_cov_79.447627	1859	1906	285	3	47	0.0638298
NODE_428_length_3660_cov_79.447627	1859	1906	286	1	47	0.0212766
NODE_428_length_3660_cov_79.447627	1859	1906	287	1	47	0.0212766
NODE_428_length_3660_cov_79.447627	1859	1906	288	1	47	0.0212766
NODE_428_length_3660_cov_79.447627	1859	1906	289	2	47	0.0425532
NODE_428_length_3660_cov_79.447627	1859	1906	291	1	47	0.0212766
NODE_428_length_3660_cov_79.447627	1859	1906	295	3	47	0.0638298
NODE_428_length_3660_cov_79.447627	1859	1906	297	2	47	0.0425532
NODE_428_length_3660_cov_79.447627	1859	1906	298	1	47	0.0212766
NODE_428_length_3660_cov_79.447627	1859	1906	299	1	47	0.0212766
NODE_428_length_3660_cov_79.447627	1859	1906	302	2	47	0.0425532
NODE_428_length_3660_cov_79.447627	1859	1906	304	1	47	0.0212766
NODE_428_length_3660_cov_79.447627	1859	1906	312	1	47	0.0212766
NODE_428_length_3660_cov_79.447627	1859	1906	315	1	47	0.0212766
NODE_428_length_3660_cov_79.447627	1859	1906	316	2	47	0.0425532
NODE_428_length_3660_cov_79.447627	1859	1906	317	1	47	0.0212766
NODE_428_length_3660_cov_79.447627	1859	1906	318	3	47	0.0638298
NODE_428_length_3660_cov_79.447627	1859	1906	319	4	47	0.0851064
NODE_428_length_3660_cov_79.447627	1859	1906	321	1	47	0.0212766
NODE_428_length_3660_cov_79.447627	1859	1906	325	3	47	0.0638298
NODE_428_length_3660_cov_79.447627	1859	1906	326	1	47	0.0212766
NODE_428_length_3660_cov_79.447627	1859	1906	327	2	47	0.0425532
NODE_428_length_3660_cov_79.447627	1859	1906	328	5	47	0.1063830
NODE_428_length_3660_cov_79.447627	2358	2438	0	80	80	1.0000000
NODE_428_length_3660_cov_79.447627	2411	2491	0	80	80	1.0000000
NODE_428_length_3660_cov_79.447627	2487	2567	0	80	80	1.0000000
NODE_428_length_3660_cov_79.447627	2540	2620	0	80	80	1.0000000
NODE_430_length_3634_cov_34.913154	1499	1544	147	1	45	0.0222222
NODE_430_length_3634_cov_34.913154	1499	1544	154	1	45	0.0222222
NODE_430_length_3634_cov_34.913154	1499	1544	164	1	45	0.0222222
NODE_430_length_3634_cov_34.913154	1499	1544	194	1	45	0.0222222
NODE_430_length_3634_cov_34.913154	1499	1544	198	1	45	0.0222222
NODE_430_length_3634_cov_34.913154	1499	1544	199	1	45	0.0222222
NODE_430_length_3634_cov_34.913154	1499	1544	201	1	45	0.0222222
NODE_430_length_3634_cov_34.913154	1499	1544	203	1	45	0.0222222
NODE_430_length_3634_cov_34.913154	1499	1544	207	1	45	0.0222222
NODE_430_length_3634_cov_34.913154	1499	1544	211	1	45	0.0222222
NODE_430_length_3634_cov_34.913154	1499	1544	216	1	45	0.0222222
NODE_430_length_3634_cov_34.913154	1499	1544	218	1	45	0.0222222
NODE_430_length_3634_cov_34.913154	1499	1544	229	1	45	0.0222222
NODE_430_length_3634_cov_34.913154	1499	1544	232	1	45	0.0222222
NODE_430_length_3634_cov_34.913154	1499	1544	240	2	45	0.0444444
NODE_430_length_3634_cov_34.913154	1499	1544	249	1	45	0.0222222
NODE_430_length_3634_cov_34.913154	1499	1544	257	1	45	0.0222222
NODE_430_length_3634_cov_34.913154	1499	1544	259	1	45	0.0222222
NODE_430_length_3634_cov_34.913154	1499	1544	274	1	45	0.0222222
NODE_430_length_3634_cov_34.913154	1499	1544	278	1	45	0.0222222
NODE_430_length_3634_cov_34.913154	1499	1544	288	1	45	0.0222222
NODE_430_length_3634_cov_34.913154	1499	1544	302	1	45	0.0222222
NODE_430_length_3634_cov_34.913154	1499	1544	310	1	45	0.0222222
NODE_430_length_3634_cov_34.913154	1499	1544	319	1	45	0.0222222
NODE_430_length_3634_cov_34.913154	1499	1544	327	1	45	0.0222222
NODE_430_length_3634_cov_34.913154	1499	1544	335	1	45	0.0222222
NODE_430_length_3634_cov_34.913154	1499	1544	369	3	45	0.0666667
NODE_430_length_3634_cov_34.913154	1499	1544	377	1	45	0.0222222
NODE_430_length_3634_cov_34.913154	1499	1544	383	1	45	0.0222222
NODE_430_length_3634_cov_34.913154	1499	1544	385	1	45	0.0222222
NODE_430_length_3634_cov_34.913154	1499	1544	386	1	45	0.0222222
NODE_430_length_3634_cov_34.913154	1499	1544	388	2	45	0.0444444
NODE_430_length_3634_cov_34.913154	1499	1544	389	1	45	0.0222222
NODE_430_length_3634_cov_34.913154	1499	1544	411	1	45	0.0222222
NODE_430_length_3634_cov_34.913154	1499	1544	420	1	45	0.0222222
NODE_430_length_3634_cov_34.913154	1499	1544	422	1	45	0.0222222
NODE_430_length_3634_cov_34.913154	1499	1544	427	1	45	0.0222222
NODE_430_length_3634_cov_34.913154	1499	1544	429	1	45	0.0222222
NODE_430_length_3634_cov_34.913154	1499	1544	437	1	45	0.0222222
NODE_430_length_3634_cov_34.913154	1499	1544	438	1	45	0.0222222
NODE_430_length_3634_cov_34.913154	1499	1544	445	1	45	0.0222222
NODE_430_length_3634_cov_34.913154	1517	1597	259	1	80	0.0125000
NODE_430_length_3634_cov_34.913154	1517	1597	274	1	80	0.0125000
NODE_430_length_3634_cov_34.913154	1517	1597	278	1	80	0.0125000
NODE_430_length_3634_cov_34.913154	1517	1597	288	1	80	0.0125000
NODE_430_length_3634_cov_34.913154	1517	1597	302	1	80	0.0125000
NODE_430_length_3634_cov_34.913154	1517	1597	310	1	80	0.0125000
NODE_430_length_3634_cov_34.913154	1517	1597	319	1	80	0.0125000
NODE_430_length_3634_cov_34.913154	1517	1597	327	1	80	0.0125000
NODE_430_length_3634_cov_34.913154	1517	1597	335	1	80	0.0125000
NODE_430_length_3634_cov_34.913154	1517	1597	369	3	80	0.0375000
NODE_430_length_3634_cov_34.913154	1517	1597	377	1	80	0.0125000
NODE_430_length_3634_cov_34.913154	1517	1597	383	1	80	0.0125000
NODE_430_length_3634_cov_34.913154	1517	1597	385	1	80	0.0125000
NODE_430_length_3634_cov_34.913154	1517	1597	386	1	80	0.0125000
NODE_430_length_3634_cov_34.913154	1517	1597	388	2	80	0.0250000
NODE_430_length_3634_cov_34.913154	1517	1597	389	1	80	0.0125000
NODE_430_length_3634_cov_34.913154	1517	1597	411	1	80	0.0125000
NODE_430_length_3634_cov_34.913154	1517	1597	420	1	80	0.0125000
NODE_430_length_3634_cov_34.913154	1517	1597	422	1	80	0.0125000
NODE_430_length_3634_cov_34.913154	1517	1597	427	1	80	0.0125000
NODE_430_length_3634_cov_34.913154	1517	1597	429	1	80	0.0125000
NODE_430_length_3634_cov_34.913154	1517	1597	437	1	80	0.0125000
NODE_430_length_3634_cov_34.913154	1517	1597	438	1	80	0.0125000
NODE_430_length_3634_cov_34.913154	1517	1597	445	1	80	0.0125000
NODE_430_length_3634_cov_34.913154	1517	1597	449	3	80	0.0375000
NODE_430_length_3634_cov_34.913154	1517	1597	451	1	80	0.0125000
NODE_430_length_3634_cov_34.913154	1517	1597	459	1	80	0.0125000
NODE_430_length_3634_cov_34.913154	1517	1597	460	1	80	0.0125000
NODE_430_length_3634_cov_34.913154	1517	1597	462	1	80	0.0125000
NODE_430_length_3634_cov_34.913154	1517	1597	465	1	80	0.0125000
NODE_430_length_3634_cov_34.913154	1517	1597	476	1	80	0.0125000
NODE_430_length_3634_cov_34.913154	1517	1597	490	1	80	0.0125000
NODE_430_length_3634_cov_34.913154	1517	1597	493	1	80	0.0125000
NODE_430_length_3634_cov_34.913154	1517	1597	495	2	80	0.0250000
NODE_430_length_3634_cov_34.913154	1517	1597	511	1	80	0.0125000
NODE_430_length_3634_cov_34.913154	1517	1597	518	1	80	0.0125000
NODE_430_length_3634_cov_34.913154	1517	1597	531	1	80	0.0125000
NODE_430_length_3634_cov_34.913154	1517	1597	541	1	80	0.0125000
NODE_430_length_3634_cov_34.913154	1517	1597	548	1	80	0.0125000
NODE_430_length_3634_cov_34.913154	1517	1597	549	1	80	0.0125000
NODE_430_length_3634_cov_34.913154	1517	1597	557	2	80	0.0250000
NODE_430_length_3634_cov_34.913154	1517	1597	564	1	80	0.0125000
NODE_430_length_3634_cov_34.913154	1517	1597	576	1	80	0.0125000
NODE_430_length_3634_cov_34.913154	1517	1597	577	1	80	0.0125000
NODE_430_length_3634_cov_34.913154	1517	1597	578	1	80	0.0125000
NODE_430_length_3634_cov_34.913154	1517	1597	579	1	80	0.0125000
NODE_430_length_3634_cov_34.913154	1517	1597	586	1	80	0.0125000
NODE_430_length_3634_cov_34.913154	1517	1597	589	1	80	0.0125000
NODE_430_length_3634_cov_34.913154	1517	1597	593	2	80	0.0250000
NODE_430_length_3634_cov_34.913154	1517	1597	596	1	80	0.0125000
NODE_430_length_3634_cov_34.913154	1517	1597	607	1	80	0.0125000
NODE_430_length_3634_cov_34.913154	1517	1597	622	1	80	0.0125000
NODE_430_length_3634_cov_34.913154	1517	1597	628	1	80	0.0125000
NODE_430_length_3634_cov_34.913154	1517	1597	641	1	80	0.0125000
NODE_430_length_3634_cov_34.913154	1517	1597	656	1	80	0.0125000
NODE_430_length_3634_cov_34.913154	1517	1597	659	2	80	0.0250000
NODE_430_length_3634_cov_34.913154	1517	1597	661	1	80	0.0125000
NODE_430_length_3634_cov_34.913154	1517	1597	662	1	80	0.0125000
NODE_430_length_3634_cov_34.913154	1517	1597	663	1	80	0.0125000
NODE_430_length_3634_cov_34.913154	1517	1597	664	3	80	0.0375000
NODE_430_length_3634_cov_34.913154	1517	1597	668	2	80	0.0250000
NODE_430_length_3634_cov_34.913154	1517	1597	669	3	80	0.0375000
NODE_430_length_3634_cov_34.913154	1517	1597	670	1	80	0.0125000
NODE_430_length_3634_cov_34.913154	1517	1597	671	1	80	0.0125000
NODE_430_length_3634_cov_34.913154	1517	1597	674	1	80	0.0125000
NODE_430_length_3634_cov_34.913154	1517	1597	679	1	80	0.0125000
NODE_430_length_3634_cov_34.913154	1978	2058	152	1	80	0.0125000
NODE_430_length_3634_cov_34.913154	1978	2058	153	1	80	0.0125000
NODE_430_length_3634_cov_34.913154	1978	2058	161	1	80	0.0125000
NODE_430_length_3634_cov_34.913154	1978	2058	165	1	80	0.0125000
NODE_430_length_3634_cov_34.913154	1978	2058	169	1	80	0.0125000
NODE_430_length_3634_cov_34.913154	1978	2058	172	1	80	0.0125000
NODE_430_length_3634_cov_34.913154	1978	2058	174	1	80	0.0125000
NODE_430_length_3634_cov_34.913154	1978	2058	175	2	80	0.0250000
NODE_430_length_3634_cov_34.913154	1978	2058	177	1	80	0.0125000
NODE_430_length_3634_cov_34.913154	1978	2058	189	1	80	0.0125000
NODE_430_length_3634_cov_34.913154	1978	2058	194	1	80	0.0125000
NODE_430_length_3634_cov_34.913154	1978	2058	198	1	80	0.0125000
NODE_430_length_3634_cov_34.913154	1978	2058	213	2	80	0.0250000
NODE_430_length_3634_cov_34.913154	1978	2058	224	1	80	0.0125000
NODE_430_length_3634_cov_34.913154	1978	2058	234	1	80	0.0125000
NODE_430_length_3634_cov_34.913154	1978	2058	238	1	80	0.0125000
NODE_430_length_3634_cov_34.913154	1978	2058	242	1	80	0.0125000
NODE_430_length_3634_cov_34.913154	1978	2058	244	1	80	0.0125000
NODE_430_length_3634_cov_34.913154	1978	2058	246	1	80	0.0125000
NODE_430_length_3634_cov_34.913154	1978	2058	252	1	80	0.0125000
NODE_430_length_3634_cov_34.913154	1978	2058	256	1	80	0.0125000
NODE_430_length_3634_cov_34.913154	1978	2058	269	1	80	0.0125000
NODE_430_length_3634_cov_34.913154	1978	2058	271	1	80	0.0125000
NODE_430_length_3634_cov_34.913154	1978	2058	275	1	80	0.0125000
NODE_430_length_3634_cov_34.913154	1978	2058	285	2	80	0.0250000
NODE_430_length_3634_cov_34.913154	1978	2058	287	1	80	0.0125000
NODE_430_length_3634_cov_34.913154	1978	2058	300	1	80	0.0125000
NODE_430_length_3634_cov_34.913154	1978	2058	304	1	80	0.0125000
NODE_430_length_3634_cov_34.913154	1978	2058	314	1	80	0.0125000
NODE_430_length_3634_cov_34.913154	1978	2058	318	1	80	0.0125000
NODE_430_length_3634_cov_34.913154	1978	2058	323	1	80	0.0125000
NODE_430_length_3634_cov_34.913154	1978	2058	327	1	80	0.0125000
NODE_430_length_3634_cov_34.913154	1978	2058	333	2	80	0.0250000
NODE_430_length_3634_cov_34.913154	1978	2058	334	1	80	0.0125000
NODE_430_length_3634_cov_34.913154	1978	2058	339	1	80	0.0125000
NODE_430_length_3634_cov_34.913154	1978	2058	347	1	80	0.0125000
NODE_430_length_3634_cov_34.913154	1978	2058	352	1	80	0.0125000
NODE_430_length_3634_cov_34.913154	1978	2058	354	1	80	0.0125000
NODE_430_length_3634_cov_34.913154	1978	2058	359	1	80	0.0125000
NODE_430_length_3634_cov_34.913154	1978	2058	366	1	80	0.0125000
NODE_430_length_3634_cov_34.913154	1978	2058	372	1	80	0.0125000
NODE_430_length_3634_cov_34.913154	1978	2058	374	1	80	0.0125000
NODE_430_length_3634_cov_34.913154	1978	2058	378	1	80	0.0125000
NODE_430_length_3634_cov_34.913154	1978	2058	381	1	80	0.0125000
NODE_430_length_3634_cov_34.913154	1978	2058	386	1	80	0.0125000
NODE_430_length_3634_cov_34.913154	1978	2058	388	1	80	0.0125000
NODE_430_length_3634_cov_34.913154	1978	2058	393	1	80	0.0125000
NODE_430_length_3634_cov_34.913154	1978	2058	397	4	80	0.0500000
NODE_430_length_3634_cov_34.913154	1978	2058	399	1	80	0.0125000
NODE_430_length_3634_cov_34.913154	1978	2058	405	2	80	0.0250000
NODE_430_length_3634_cov_34.913154	1978	2058	407	2	80	0.0250000
NODE_430_length_3634_cov_34.913154	1978	2058	409	1	80	0.0125000
NODE_430_length_3634_cov_34.913154	1978	2058	411	1	80	0.0125000
NODE_430_length_3634_cov_34.913154	1978	2058	415	1	80	0.0125000
NODE_430_length_3634_cov_34.913154	1978	2058	437	1	80	0.0125000
NODE_430_length_3634_cov_34.913154	1978	2058	439	1	80	0.0125000
NODE_430_length_3634_cov_34.913154	1978	2058	457	1	80	0.0125000
NODE_430_length_3634_cov_34.913154	1978	2058	467	1	80	0.0125000
NODE_430_length_3634_cov_34.913154	1978	2058	470	1	80	0.0125000
NODE_430_length_3634_cov_34.913154	1978	2058	479	1	80	0.0125000
NODE_430_length_3634_cov_34.913154	1978	2058	485	1	80	0.0125000
NODE_430_length_3634_cov_34.913154	1978	2058	497	1	80	0.0125000
NODE_430_length_3634_cov_34.913154	1978	2058	514	1	80	0.0125000
NODE_430_length_3634_cov_34.913154	1978	2058	525	1	80	0.0125000
NODE_430_length_3634_cov_34.913154	1978	2058	543	1	80	0.0125000
NODE_430_length_3634_cov_34.913154	1978	2058	545	1	80	0.0125000
NODE_430_length_3634_cov_34.913154	1978	2058	551	1	80	0.0125000
NODE_430_length_3634_cov_34.913154	1978	2058	565	1	80	0.0125000
NODE_430_length_3634_cov_34.913154	1978	2058	579	1	80	0.0125000
NODE_430_length_3634_cov_34.913154	1978	2058	582	1	80	0.0125000
NODE_430_length_3634_cov_34.913154	1978	2058	592	1	80	0.0125000
NODE_430_length_3634_cov_34.913154	2031	2077	50	1	46	0.0217391
NODE_430_length_3634_cov_34.913154	2031	2077	62	1	46	0.0217391
NODE_430_length_3634_cov_34.913154	2031	2077	64	1	46	0.0217391
NODE_430_length_3634_cov_34.913154	2031	2077	74	2	46	0.0434783
NODE_430_length_3634_cov_34.913154	2031	2077	76	1	46	0.0217391
NODE_430_length_3634_cov_34.913154	2031	2077	83	1	46	0.0217391
NODE_430_length_3634_cov_34.913154	2031	2077	87	1	46	0.0217391
NODE_430_length_3634_cov_34.913154	2031	2077	94	1	46	0.0217391
NODE_430_length_3634_cov_34.913154	2031	2077	101	1	46	0.0217391
NODE_430_length_3634_cov_34.913154	2031	2077	108	2	46	0.0434783
NODE_430_length_3634_cov_34.913154	2031	2077	116	2	46	0.0434783
NODE_430_length_3634_cov_34.913154	2031	2077	119	1	46	0.0217391
NODE_430_length_3634_cov_34.913154	2031	2077	123	1	46	0.0217391
NODE_430_length_3634_cov_34.913154	2031	2077	127	1	46	0.0217391
NODE_430_length_3634_cov_34.913154	2031	2077	130	1	46	0.0217391
NODE_430_length_3634_cov_34.913154	2031	2077	141	1	46	0.0217391
NODE_430_length_3634_cov_34.913154	2031	2077	152	1	46	0.0217391
NODE_430_length_3634_cov_34.913154	2031	2077	153	1	46	0.0217391
NODE_430_length_3634_cov_34.913154	2031	2077	161	1	46	0.0217391
NODE_430_length_3634_cov_34.913154	2031	2077	165	1	46	0.0217391
NODE_430_length_3634_cov_34.913154	2031	2077	169	1	46	0.0217391
NODE_430_length_3634_cov_34.913154	2031	2077	172	1	46	0.0217391
NODE_430_length_3634_cov_34.913154	2031	2077	174	1	46	0.0217391
NODE_430_length_3634_cov_34.913154	2031	2077	175	2	46	0.0434783
NODE_430_length_3634_cov_34.913154	2031	2077	177	1	46	0.0217391
NODE_430_length_3634_cov_34.913154	2031	2077	189	1	46	0.0217391
NODE_430_length_3634_cov_34.913154	2031	2077	194	1	46	0.0217391
NODE_430_length_3634_cov_34.913154	2031	2077	198	1	46	0.0217391
NODE_430_length_3634_cov_34.913154	2031	2077	213	2	46	0.0434783
NODE_430_length_3634_cov_34.913154	2031	2077	224	1	46	0.0217391
NODE_430_length_3634_cov_34.913154	2031	2077	234	1	46	0.0217391
NODE_430_length_3634_cov_34.913154	2031	2077	238	1	46	0.0217391
NODE_430_length_3634_cov_34.913154	2031	2077	242	1	46	0.0217391
NODE_430_length_3634_cov_34.913154	2031	2077	244	1	46	0.0217391
NODE_430_length_3634_cov_34.913154	2031	2077	246	1	46	0.0217391
NODE_430_length_3634_cov_34.913154	2031	2077	252	1	46	0.0217391
NODE_430_length_3634_cov_34.913154	2031	2077	256	1	46	0.0217391
NODE_430_length_3634_cov_34.913154	2031	2077	269	1	46	0.0217391
NODE_430_length_3634_cov_34.913154	2031	2077	271	1	46	0.0217391
NODE_430_length_3634_cov_34.913154	2031	2077	275	1	46	0.0217391
NODE_430_length_3634_cov_34.913154	2031	2077	285	1	46	0.0217391
NODE_435_length_3622_cov_29.112120	201	281	0	3	80	0.0375000
NODE_435_length_3622_cov_29.112120	201	281	2	6	80	0.0750000
NODE_435_length_3622_cov_29.112120	201	281	5	26	80	0.3250000
NODE_435_length_3622_cov_29.112120	201	281	6	4	80	0.0500000
NODE_435_length_3622_cov_29.112120	201	281	12	41	80	0.5125000
NODE_435_length_3622_cov_29.112120	254	334	11	36	80	0.4500000
NODE_435_length_3622_cov_29.112120	254	334	12	33	80	0.4125000
NODE_435_length_3622_cov_29.112120	254	334	13	4	80	0.0500000
NODE_435_length_3622_cov_29.112120	254	334	14	7	80	0.0875000
NODE_435_length_3622_cov_29.112120	2310	2390	236	1	80	0.0125000
NODE_435_length_3622_cov_29.112120	2310	2390	237	1	80	0.0125000
NODE_435_length_3622_cov_29.112120	2310	2390	238	1	80	0.0125000
NODE_435_length_3622_cov_29.112120	2310	2390	241	1	80	0.0125000
NODE_435_length_3622_cov_29.112120	2310	2390	245	1	80	0.0125000
NODE_435_length_3622_cov_29.112120	2310	2390	248	2	80	0.0250000
NODE_435_length_3622_cov_29.112120	2310	2390	250	2	80	0.0250000
NODE_435_length_3622_cov_29.112120	2310	2390	258	1	80	0.0125000
NODE_435_length_3622_cov_29.112120	2310	2390	259	1	80	0.0125000
NODE_435_length_3622_cov_29.112120	2310	2390	260	1	80	0.0125000
NODE_435_length_3622_cov_29.112120	2310	2390	263	2	80	0.0250000
NODE_435_length_3622_cov_29.112120	2310	2390	265	1	80	0.0125000
NODE_435_length_3622_cov_29.112120	2310	2390	269	1	80	0.0125000
NODE_435_length_3622_cov_29.112120	2310	2390	275	1	80	0.0125000
NODE_435_length_3622_cov_29.112120	2310	2390	279	1	80	0.0125000
NODE_435_length_3622_cov_29.112120	2310	2390	285	1	80	0.0125000
NODE_435_length_3622_cov_29.112120	2310	2390	289	1	80	0.0125000
NODE_435_length_3622_cov_29.112120	2310	2390	293	1	80	0.0125000
NODE_435_length_3622_cov_29.112120	2310	2390	296	2	80	0.0250000
NODE_435_length_3622_cov_29.112120	2310	2390	311	1	80	0.0125000
NODE_435_length_3622_cov_29.112120	2310	2390	323	1	80	0.0125000
NODE_435_length_3622_cov_29.112120	2310	2390	327	1	80	0.0125000
NODE_435_length_3622_cov_29.112120	2310	2390	329	1	80	0.0125000
NODE_435_length_3622_cov_29.112120	2310	2390	333	1	80	0.0125000
NODE_435_length_3622_cov_29.112120	2310	2390	335	1	80	0.0125000
NODE_435_length_3622_cov_29.112120	2310	2390	338	1	80	0.0125000
NODE_435_length_3622_cov_29.112120	2310	2390	350	1	80	0.0125000
NODE_435_length_3622_cov_29.112120	2310	2390	354	1	80	0.0125000
NODE_435_length_3622_cov_29.112120	2310	2390	358	1	80	0.0125000
NODE_435_length_3622_cov_29.112120	2310	2390	363	1	80	0.0125000
NODE_435_length_3622_cov_29.112120	2310	2390	367	1	80	0.0125000
NODE_435_length_3622_cov_29.112120	2310	2390	369	1	80	0.0125000
NODE_435_length_3622_cov_29.112120	2310	2390	373	1	80	0.0125000
NODE_435_length_3622_cov_29.112120	2310	2390	379	1	80	0.0125000
NODE_435_length_3622_cov_29.112120	2310	2390	393	1	80	0.0125000
NODE_435_length_3622_cov_29.112120	2310	2390	398	1	80	0.0125000
NODE_435_length_3622_cov_29.112120	2310	2390	410	1	80	0.0125000
NODE_435_length_3622_cov_29.112120	2310	2390	412	1	80	0.0125000
NODE_435_length_3622_cov_29.112120	2310	2390	416	1	80	0.0125000
NODE_435_length_3622_cov_29.112120	2310	2390	417	1	80	0.0125000
NODE_435_length_3622_cov_29.112120	2310	2390	426	4	80	0.0500000
NODE_435_length_3622_cov_29.112120	2310	2390	428	2	80	0.0250000
NODE_435_length_3622_cov_29.112120	2310	2390	429	1	80	0.0125000
NODE_435_length_3622_cov_29.112120	2310	2390	430	1	80	0.0125000
NODE_435_length_3622_cov_29.112120	2310	2390	431	2	80	0.0250000
NODE_435_length_3622_cov_29.112120	2310	2390	433	1	80	0.0125000
NODE_435_length_3622_cov_29.112120	2310	2390	435	2	80	0.0250000
NODE_435_length_3622_cov_29.112120	2310	2390	438	1	80	0.0125000
NODE_435_length_3622_cov_29.112120	2310	2390	439	1	80	0.0125000
NODE_435_length_3622_cov_29.112120	2310	2390	440	1	80	0.0125000
NODE_435_length_3622_cov_29.112120	2310	2390	443	2	80	0.0250000
NODE_435_length_3622_cov_29.112120	2310	2390	444	1	80	0.0125000
NODE_435_length_3622_cov_29.112120	2310	2390	446	10	80	0.1250000
NODE_435_length_3622_cov_29.112120	2310	2390	447	1	80	0.0125000
NODE_435_length_3622_cov_29.112120	2310	2390	449	1	80	0.0125000
NODE_435_length_3622_cov_29.112120	2310	2390	451	5	80	0.0625000
NODE_435_length_3622_cov_29.112120	2363	2441	18	2	78	0.0256410
NODE_435_length_3622_cov_29.112120	2363	2441	20	1	78	0.0128205
NODE_435_length_3622_cov_29.112120	2363	2441	24	2	78	0.0256410
NODE_435_length_3622_cov_29.112120	2363	2441	32	2	78	0.0256410
NODE_435_length_3622_cov_29.112120	2363	2441	40	1	78	0.0128205
NODE_435_length_3622_cov_29.112120	2363	2441	55	1	78	0.0128205
NODE_435_length_3622_cov_29.112120	2363	2441	65	1	78	0.0128205
NODE_435_length_3622_cov_29.112120	2363	2441	69	1	78	0.0128205
NODE_435_length_3622_cov_29.112120	2363	2441	75	2	78	0.0256410
NODE_435_length_3622_cov_29.112120	2363	2441	79	3	78	0.0384615
NODE_435_length_3622_cov_29.112120	2363	2441	89	1	78	0.0128205
NODE_435_length_3622_cov_29.112120	2363	2441	90	1	78	0.0128205
NODE_435_length_3622_cov_29.112120	2363	2441	92	2	78	0.0256410
NODE_435_length_3622_cov_29.112120	2363	2441	93	2	78	0.0256410
NODE_435_length_3622_cov_29.112120	2363	2441	97	3	78	0.0384615
NODE_435_length_3622_cov_29.112120	2363	2441	102	1	78	0.0128205
NODE_435_length_3622_cov_29.112120	2363	2441	109	1	78	0.0128205
NODE_435_length_3622_cov_29.112120	2363	2441	110	1	78	0.0128205
NODE_435_length_3622_cov_29.112120	2363	2441	116	1	78	0.0128205
NODE_435_length_3622_cov_29.112120	2363	2441	118	1	78	0.0128205
NODE_435_length_3622_cov_29.112120	2363	2441	124	1	78	0.0128205
NODE_435_length_3622_cov_29.112120	2363	2441	127	1	78	0.0128205
NODE_435_length_3622_cov_29.112120	2363	2441	137	1	78	0.0128205
NODE_435_length_3622_cov_29.112120	2363	2441	143	2	78	0.0256410
NODE_435_length_3622_cov_29.112120	2363	2441	148	1	78	0.0128205
NODE_435_length_3622_cov_29.112120	2363	2441	156	1	78	0.0128205
NODE_435_length_3622_cov_29.112120	2363	2441	158	1	78	0.0128205
NODE_435_length_3622_cov_29.112120	2363	2441	161	1	78	0.0128205
NODE_435_length_3622_cov_29.112120	2363	2441	162	1	78	0.0128205
NODE_435_length_3622_cov_29.112120	2363	2441	167	1	78	0.0128205
NODE_435_length_3622_cov_29.112120	2363	2441	174	1	78	0.0128205
NODE_435_length_3622_cov_29.112120	2363	2441	175	1	78	0.0128205
NODE_435_length_3622_cov_29.112120	2363	2441	179	1	78	0.0128205
NODE_435_length_3622_cov_29.112120	2363	2441	185	1	78	0.0128205
NODE_435_length_3622_cov_29.112120	2363	2441	193	1	78	0.0128205
NODE_435_length_3622_cov_29.112120	2363	2441	199	1	78	0.0128205
NODE_435_length_3622_cov_29.112120	2363	2441	212	1	78	0.0128205
NODE_435_length_3622_cov_29.112120	2363	2441	225	2	78	0.0256410
NODE_435_length_3622_cov_29.112120	2363	2441	233	1	78	0.0128205
NODE_435_length_3622_cov_29.112120	2363	2441	236	1	78	0.0128205
NODE_435_length_3622_cov_29.112120	2363	2441	237	1	78	0.0128205
NODE_435_length_3622_cov_29.112120	2363	2441	238	1	78	0.0128205
NODE_435_length_3622_cov_29.112120	2363	2441	241	1	78	0.0128205
NODE_435_length_3622_cov_29.112120	2363	2441	245	1	78	0.0128205
NODE_435_length_3622_cov_29.112120	2363	2441	248	2	78	0.0256410
NODE_435_length_3622_cov_29.112120	2363	2441	250	2	78	0.0256410
NODE_435_length_3622_cov_29.112120	2363	2441	258	1	78	0.0128205
NODE_435_length_3622_cov_29.112120	2363	2441	259	1	78	0.0128205
NODE_435_length_3622_cov_29.112120	2363	2441	260	1	78	0.0128205
NODE_435_length_3622_cov_29.112120	2363	2441	263	2	78	0.0256410
NODE_435_length_3622_cov_29.112120	2363	2441	265	1	78	0.0128205
NODE_435_length_3622_cov_29.112120	2363	2441	269	1	78	0.0128205
NODE_435_length_3622_cov_29.112120	2363	2441	275	1	78	0.0128205
NODE_435_length_3622_cov_29.112120	2363	2441	279	1	78	0.0128205
NODE_435_length_3622_cov_29.112120	2363	2441	285	1	78	0.0128205
NODE_435_length_3622_cov_29.112120	2363	2441	289	1	78	0.0128205
NODE_435_length_3622_cov_29.112120	2363	2441	293	1	78	0.0128205
NODE_435_length_3622_cov_29.112120	2363	2441	296	2	78	0.0256410
NODE_435_length_3622_cov_29.112120	2363	2441	311	1	78	0.0128205
NODE_435_length_3622_cov_29.112120	2363	2441	323	1	78	0.0128205
NODE_435_length_3622_cov_29.112120	2363	2441	327	1	78	0.0128205
NODE_435_length_3622_cov_29.112120	2363	2441	329	1	78	0.0128205
NODE_437_length_3610_cov_8.785816	294	340	10	20	46	0.4347826
NODE_437_length_3610_cov_8.785816	294	340	16	26	46	0.5652174
NODE_437_length_3610_cov_8.785816	313	393	10	1	80	0.0125000
NODE_437_length_3610_cov_8.785816	313	393	14	51	80	0.6375000
NODE_437_length_3610_cov_8.785816	313	393	16	28	80	0.3500000
NODE_444_length_3588_cov_16.296360	2421	2501	0	80	80	1.0000000
NODE_444_length_3588_cov_16.296360	2474	2539	0	65	65	1.0000000
NODE_447_length_3585_cov_2.283419	605	668	1	63	63	1.0000000
NODE_451_length_3567_cov_16.283160	410	429	6	6	19	0.3157895
NODE_451_length_3567_cov_16.283160	410	429	7	1	19	0.0526316
NODE_451_length_3567_cov_16.283160	410	429	8	7	19	0.3684210
NODE_451_length_3567_cov_16.283160	410	429	10	5	19	0.2631579
NODE_451_length_3567_cov_16.283160	2259	2339	252	1	80	0.0125000
NODE_451_length_3567_cov_16.283160	2259	2339	260	1	80	0.0125000
NODE_451_length_3567_cov_16.283160	2259	2339	261	1	80	0.0125000
NODE_451_length_3567_cov_16.283160	2259	2339	262	1	80	0.0125000
NODE_451_length_3567_cov_16.283160	2259	2339	270	1	80	0.0125000
NODE_451_length_3567_cov_16.283160	2259	2339	274	5	80	0.0625000
NODE_451_length_3567_cov_16.283160	2259	2339	276	1	80	0.0125000
NODE_451_length_3567_cov_16.283160	2259	2339	277	1	80	0.0125000
NODE_451_length_3567_cov_16.283160	2259	2339	279	3	80	0.0375000
NODE_451_length_3567_cov_16.283160	2259	2339	283	2	80	0.0250000
NODE_451_length_3567_cov_16.283160	2259	2339	287	1	80	0.0125000
NODE_451_length_3567_cov_16.283160	2259	2339	288	1	80	0.0125000
NODE_451_length_3567_cov_16.283160	2259	2339	289	5	80	0.0625000
NODE_451_length_3567_cov_16.283160	2259	2339	290	2	80	0.0250000
NODE_451_length_3567_cov_16.283160	2259	2339	291	9	80	0.1125000
NODE_451_length_3567_cov_16.283160	2259	2339	292	4	80	0.0500000
NODE_451_length_3567_cov_16.283160	2259	2339	293	5	80	0.0625000
NODE_451_length_3567_cov_16.283160	2259	2339	294	3	80	0.0375000
NODE_451_length_3567_cov_16.283160	2259	2339	295	2	80	0.0250000
NODE_451_length_3567_cov_16.283160	2259	2339	296	5	80	0.0625000
NODE_451_length_3567_cov_16.283160	2259	2339	299	2	80	0.0250000
NODE_451_length_3567_cov_16.283160	2259	2339	301	2	80	0.0250000
NODE_451_length_3567_cov_16.283160	2259	2339	302	1	80	0.0125000
NODE_451_length_3567_cov_16.283160	2259	2339	303	3	80	0.0375000
NODE_451_length_3567_cov_16.283160	2259	2339	304	1	80	0.0125000
NODE_451_length_3567_cov_16.283160	2259	2339	305	1	80	0.0125000
NODE_451_length_3567_cov_16.283160	2259	2339	306	2	80	0.0250000
NODE_451_length_3567_cov_16.283160	2259	2339	307	2	80	0.0250000
NODE_451_length_3567_cov_16.283160	2259	2339	308	2	80	0.0250000
NODE_451_length_3567_cov_16.283160	2259	2339	309	2	80	0.0250000
NODE_451_length_3567_cov_16.283160	2259	2339	310	1	80	0.0125000
NODE_451_length_3567_cov_16.283160	2259	2339	311	4	80	0.0500000
NODE_451_length_3567_cov_16.283160	2259	2339	312	2	80	0.0250000
NODE_451_length_3567_cov_16.283160	2259	2339	313	1	80	0.0125000
NODE_451_length_3567_cov_16.283160	2312	2379	0	1	67	0.0149254
NODE_451_length_3567_cov_16.283160	2312	2379	11	1	67	0.0149254
NODE_451_length_3567_cov_16.283160	2312	2379	13	2	67	0.0298507
NODE_451_length_3567_cov_16.283160	2312	2379	15	1	67	0.0149254
NODE_451_length_3567_cov_16.283160	2312	2379	44	3	67	0.0447761
NODE_451_length_3567_cov_16.283160	2312	2379	56	1	67	0.0149254
NODE_451_length_3567_cov_16.283160	2312	2379	60	1	67	0.0149254
NODE_451_length_3567_cov_16.283160	2312	2379	68	1	67	0.0149254
NODE_451_length_3567_cov_16.283160	2312	2379	79	1	67	0.0149254
NODE_451_length_3567_cov_16.283160	2312	2379	89	1	67	0.0149254
NODE_451_length_3567_cov_16.283160	2312	2379	95	1	67	0.0149254
NODE_451_length_3567_cov_16.283160	2312	2379	97	1	67	0.0149254
NODE_451_length_3567_cov_16.283160	2312	2379	111	1	67	0.0149254
NODE_451_length_3567_cov_16.283160	2312	2379	112	1	67	0.0149254
NODE_451_length_3567_cov_16.283160	2312	2379	122	1	67	0.0149254
NODE_451_length_3567_cov_16.283160	2312	2379	132	1	67	0.0149254
NODE_451_length_3567_cov_16.283160	2312	2379	149	1	67	0.0149254
NODE_451_length_3567_cov_16.283160	2312	2379	155	1	67	0.0149254
NODE_451_length_3567_cov_16.283160	2312	2379	180	1	67	0.0149254
NODE_451_length_3567_cov_16.283160	2312	2379	183	1	67	0.0149254
NODE_451_length_3567_cov_16.283160	2312	2379	195	1	67	0.0149254
NODE_451_length_3567_cov_16.283160	2312	2379	201	1	67	0.0149254
NODE_451_length_3567_cov_16.283160	2312	2379	211	1	67	0.0149254
NODE_451_length_3567_cov_16.283160	2312	2379	214	1	67	0.0149254
NODE_451_length_3567_cov_16.283160	2312	2379	218	1	67	0.0149254
NODE_451_length_3567_cov_16.283160	2312	2379	226	1	67	0.0149254
NODE_451_length_3567_cov_16.283160	2312	2379	228	1	67	0.0149254
NODE_451_length_3567_cov_16.283160	2312	2379	231	1	67	0.0149254
NODE_451_length_3567_cov_16.283160	2312	2379	235	1	67	0.0149254
NODE_451_length_3567_cov_16.283160	2312	2379	236	1	67	0.0149254
NODE_451_length_3567_cov_16.283160	2312	2379	238	1	67	0.0149254
NODE_451_length_3567_cov_16.283160	2312	2379	239	3	67	0.0447761
NODE_451_length_3567_cov_16.283160	2312	2379	248	1	67	0.0149254
NODE_451_length_3567_cov_16.283160	2312	2379	252	3	67	0.0447761
NODE_451_length_3567_cov_16.283160	2312	2379	260	1	67	0.0149254
NODE_451_length_3567_cov_16.283160	2312	2379	261	1	67	0.0149254
NODE_451_length_3567_cov_16.283160	2312	2379	262	1	67	0.0149254
NODE_451_length_3567_cov_16.283160	2312	2379	270	1	67	0.0149254
NODE_451_length_3567_cov_16.283160	2312	2379	274	5	67	0.0746269
NODE_451_length_3567_cov_16.283160	2312	2379	276	1	67	0.0149254
NODE_451_length_3567_cov_16.283160	2312	2379	277	1	67	0.0149254
NODE_451_length_3567_cov_16.283160	2312	2379	279	3	67	0.0447761
NODE_451_length_3567_cov_16.283160	2312	2379	289	3	67	0.0447761
NODE_451_length_3567_cov_16.283160	2312	2379	290	1	67	0.0149254
NODE_451_length_3567_cov_16.283160	2312	2379	291	1	67	0.0149254
NODE_451_length_3567_cov_16.283160	2312	2379	292	3	67	0.0447761
NODE_451_length_3567_cov_16.283160	2312	2379	293	2	67	0.0298507
NODE_451_length_3567_cov_16.283160	2312	2379	294	2	67	0.0298507
NODE_454_length_3557_cov_12.423077	640	718	0	48	78	0.6153846
NODE_454_length_3557_cov_12.423077	640	718	2	8	78	0.1025641
NODE_454_length_3557_cov_12.423077	640	718	4	3	78	0.0384615
NODE_454_length_3557_cov_12.423077	640	718	6	19	78	0.2435897
NODE_454_length_3557_cov_12.423077	640	688	0	48	48	1.0000000
NODE_454_length_3557_cov_12.423077	640	688	0	48	48	1.0000000
NODE_454_length_3557_cov_12.423077	640	688	0	48	48	1.0000000
NODE_454_length_3557_cov_12.423077	640	688	0	48	48	1.0000000
NODE_454_length_3557_cov_12.423077	693	771	2	3	78	0.0384615
NODE_454_length_3557_cov_12.423077	693	771	4	3	78	0.0384615
NODE_454_length_3557_cov_12.423077	693	771	6	72	78	0.9230769
NODE_455_length_3548_cov_7.216295	554	634	0	80	80	1.0000000
NODE_455_length_3548_cov_7.216295	607	687	0	80	80	1.0000000
NODE_461_length_3518_cov_40.508336	1320	1400	0	80	80	1.0000000
NODE_461_length_3518_cov_40.508336	1373	1453	0	80	80	1.0000000
NODE_465_length_3497_cov_65.791348	3062	3142	588	2	80	0.0250000
NODE_465_length_3497_cov_65.791348	3062	3142	589	1	80	0.0125000
NODE_465_length_3497_cov_65.791348	3062	3142	590	2	80	0.0250000
NODE_465_length_3497_cov_65.791348	3062	3142	592	2	80	0.0250000
NODE_465_length_3497_cov_65.791348	3062	3142	593	1	80	0.0125000
NODE_465_length_3497_cov_65.791348	3062	3142	594	2	80	0.0250000
NODE_465_length_3497_cov_65.791348	3062	3142	597	1	80	0.0125000
NODE_465_length_3497_cov_65.791348	3062	3142	612	2	80	0.0250000
NODE_465_length_3497_cov_65.791348	3062	3142	631	1	80	0.0125000
NODE_465_length_3497_cov_65.791348	3062	3142	649	1	80	0.0125000
NODE_465_length_3497_cov_65.791348	3062	3142	672	1	80	0.0125000
NODE_465_length_3497_cov_65.791348	3062	3142	681	1	80	0.0125000
NODE_465_length_3497_cov_65.791348	3062	3142	685	1	80	0.0125000
NODE_465_length_3497_cov_65.791348	3062	3142	687	2	80	0.0250000
NODE_465_length_3497_cov_65.791348	3062	3142	688	1	80	0.0125000
NODE_465_length_3497_cov_65.791348	3062	3142	709	1	80	0.0125000
NODE_465_length_3497_cov_65.791348	3062	3142	718	1	80	0.0125000
NODE_465_length_3497_cov_65.791348	3062	3142	723	1	80	0.0125000
NODE_465_length_3497_cov_65.791348	3062	3142	728	1	80	0.0125000
NODE_465_length_3497_cov_65.791348	3062	3142	741	1	80	0.0125000
NODE_465_length_3497_cov_65.791348	3062	3142	746	1	80	0.0125000
NODE_465_length_3497_cov_65.791348	3062	3142	749	3	80	0.0375000
NODE_465_length_3497_cov_65.791348	3062	3142	761	1	80	0.0125000
NODE_465_length_3497_cov_65.791348	3062	3142	777	1	80	0.0125000
NODE_465_length_3497_cov_65.791348	3062	3142	784	2	80	0.0250000
NODE_465_length_3497_cov_65.791348	3062	3142	787	1	80	0.0125000
NODE_465_length_3497_cov_65.791348	3062	3142	789	1	80	0.0125000
NODE_465_length_3497_cov_65.791348	3062	3142	794	1	80	0.0125000
NODE_465_length_3497_cov_65.791348	3062	3142	805	1	80	0.0125000
NODE_465_length_3497_cov_65.791348	3062	3142	807	2	80	0.0250000
NODE_465_length_3497_cov_65.791348	3062	3142	808	1	80	0.0125000
NODE_465_length_3497_cov_65.791348	3062	3142	811	1	80	0.0125000
NODE_465_length_3497_cov_65.791348	3062	3142	815	2	80	0.0250000
NODE_465_length_3497_cov_65.791348	3062	3142	816	1	80	0.0125000
NODE_465_length_3497_cov_65.791348	3062	3142	817	2	80	0.0250000
NODE_465_length_3497_cov_65.791348	3062	3142	818	1	80	0.0125000
NODE_465_length_3497_cov_65.791348	3062	3142	819	1	80	0.0125000
NODE_465_length_3497_cov_65.791348	3062	3142	823	1	80	0.0125000
NODE_465_length_3497_cov_65.791348	3062	3142	824	2	80	0.0250000
NODE_465_length_3497_cov_65.791348	3062	3142	826	1	80	0.0125000
NODE_465_length_3497_cov_65.791348	3062	3142	831	1	80	0.0125000
NODE_465_length_3497_cov_65.791348	3062	3142	832	1	80	0.0125000
NODE_465_length_3497_cov_65.791348	3062	3142	835	1	80	0.0125000
NODE_465_length_3497_cov_65.791348	3062	3142	836	1	80	0.0125000
NODE_465_length_3497_cov_65.791348	3062	3142	837	1	80	0.0125000
NODE_465_length_3497_cov_65.791348	3062	3142	839	2	80	0.0250000
NODE_465_length_3497_cov_65.791348	3062	3142	840	1	80	0.0125000
NODE_465_length_3497_cov_65.791348	3062	3142	842	1	80	0.0125000
NODE_465_length_3497_cov_65.791348	3062	3142	844	1	80	0.0125000
NODE_465_length_3497_cov_65.791348	3062	3142	847	1	80	0.0125000
NODE_465_length_3497_cov_65.791348	3062	3142	856	1	80	0.0125000
NODE_465_length_3497_cov_65.791348	3062	3142	859	2	80	0.0250000
NODE_465_length_3497_cov_65.791348	3062	3142	864	1	80	0.0125000
NODE_465_length_3497_cov_65.791348	3062	3142	865	1	80	0.0125000
NODE_465_length_3497_cov_65.791348	3062	3142	867	1	80	0.0125000
NODE_465_length_3497_cov_65.791348	3062	3142	871	1	80	0.0125000
NODE_465_length_3497_cov_65.791348	3062	3142	876	1	80	0.0125000
NODE_465_length_3497_cov_65.791348	3062	3142	878	1	80	0.0125000
NODE_465_length_3497_cov_65.791348	3062	3142	881	1	80	0.0125000
NODE_465_length_3497_cov_65.791348	3062	3142	883	2	80	0.0250000
NODE_465_length_3497_cov_65.791348	3062	3142	884	1	80	0.0125000
NODE_465_length_3497_cov_65.791348	3062	3142	885	1	80	0.0125000
NODE_465_length_3497_cov_65.791348	3062	3142	887	1	80	0.0125000
NODE_465_length_3497_cov_65.791348	3062	3142	888	1	80	0.0125000
NODE_466_length_3488_cov_2.243730	506	529	0	3	23	0.1304348
NODE_466_length_3488_cov_2.243730	506	529	2	20	23	0.8695652
NODE_470_length_3483_cov_14.759456	360	440	0	75	80	0.9375000
NODE_470_length_3483_cov_14.759456	360	440	2	5	80	0.0625000
NODE_470_length_3483_cov_14.759456	413	493	0	22	80	0.2750000
NODE_470_length_3483_cov_14.759456	413	493	2	58	80	0.7250000
NODE_474_length_3471_cov_37.887604	2795	2875	0	23	80	0.2875000
NODE_474_length_3471_cov_37.887604	2795	2875	1	19	80	0.2375000
NODE_474_length_3471_cov_37.887604	2795	2875	2	38	80	0.4750000
NODE_474_length_3471_cov_37.887604	2848	2928	2	80	80	1.0000000
NODE_474_length_3471_cov_37.887604	2924	2943	2	19	19	1.0000000
NODE_474_length_3471_cov_37.887604	2924	3004	1	17	80	0.2125000
NODE_474_length_3471_cov_37.887604	2924	3004	2	61	80	0.7625000
NODE_474_length_3471_cov_37.887604	2924	3004	3	2	80	0.0250000
NODE_474_length_3471_cov_37.887604	2977	3057	1	17	80	0.2125000
NODE_474_length_3471_cov_37.887604	2977	3057	2	61	80	0.7625000
NODE_474_length_3471_cov_37.887604	2977	3057	3	2	80	0.0250000
NODE_479_length_3451_cov_29.833234	2973	3053	0	62	80	0.7750000
NODE_479_length_3451_cov_29.833234	2973	3053	2	2	80	0.0250000
NODE_479_length_3451_cov_29.833234	2973	3053	6	4	80	0.0500000
NODE_479_length_3451_cov_29.833234	2973	3053	8	12	80	0.1500000
NODE_479_length_3451_cov_29.833234	3026	3106	0	9	80	0.1125000
NODE_479_length_3451_cov_29.833234	3026	3106	2	2	80	0.0250000
NODE_479_length_3451_cov_29.833234	3026	3106	6	4	80	0.0500000
NODE_479_length_3451_cov_29.833234	3026	3106	8	59	80	0.7375000
NODE_479_length_3451_cov_29.833234	3026	3106	10	6	80	0.0750000
NODE_481_length_3446_cov_32.421273	3181	3261	36	1	80	0.0125000
NODE_481_length_3446_cov_32.421273	3181	3261	38	1	80	0.0125000
NODE_481_length_3446_cov_32.421273	3181	3261	39	1	80	0.0125000
NODE_481_length_3446_cov_32.421273	3181	3261	40	2	80	0.0250000
NODE_481_length_3446_cov_32.421273	3181	3261	42	4	80	0.0500000
NODE_481_length_3446_cov_32.421273	3181	3261	44	41	80	0.5125000
NODE_481_length_3446_cov_32.421273	3181	3261	46	7	80	0.0875000
NODE_481_length_3446_cov_32.421273	3181	3261	48	21	80	0.2625000
NODE_481_length_3446_cov_32.421273	3181	3261	52	2	80	0.0250000
NODE_482_length_3444_cov_29.954858	792	872	12	6	80	0.0750000
NODE_482_length_3444_cov_29.954858	792	872	15	3	80	0.0375000
NODE_482_length_3444_cov_29.954858	792	872	18	2	80	0.0250000
NODE_482_length_3444_cov_29.954858	792	872	20	7	80	0.0875000
NODE_482_length_3444_cov_29.954858	792	872	22	8	80	0.1000000
NODE_482_length_3444_cov_29.954858	792	872	24	13	80	0.1625000
NODE_482_length_3444_cov_29.954858	792	872	25	6	80	0.0750000
NODE_482_length_3444_cov_29.954858	792	872	26	35	80	0.4375000
NODE_482_length_3444_cov_29.954858	845	925	11	39	80	0.4875000
NODE_482_length_3444_cov_29.954858	845	925	15	6	80	0.0750000
NODE_482_length_3444_cov_29.954858	845	925	17	1	80	0.0125000
NODE_482_length_3444_cov_29.954858	845	925	23	1	80	0.0125000
NODE_482_length_3444_cov_29.954858	845	925	24	12	80	0.1500000
NODE_482_length_3444_cov_29.954858	845	925	25	12	80	0.1500000
NODE_482_length_3444_cov_29.954858	845	925	26	9	80	0.1125000
NODE_483_length_3442_cov_17.799880	3155	3220	0	1	65	0.0153846
NODE_483_length_3442_cov_17.799880	3155	3220	5	2	65	0.0307692
NODE_483_length_3442_cov_17.799880	3155	3220	9	5	65	0.0769231
NODE_483_length_3442_cov_17.799880	3155	3220	11	2	65	0.0307692
NODE_483_length_3442_cov_17.799880	3155	3220	13	4	65	0.0615385
NODE_483_length_3442_cov_17.799880	3155	3220	17	1	65	0.0153846
NODE_483_length_3442_cov_17.799880	3155	3220	19	1	65	0.0153846
NODE_483_length_3442_cov_17.799880	3155	3220	20	2	65	0.0307692
NODE_483_length_3442_cov_17.799880	3155	3220	24	1	65	0.0153846
NODE_483_length_3442_cov_17.799880	3155	3220	26	1	65	0.0153846
NODE_483_length_3442_cov_17.799880	3155	3220	30	2	65	0.0307692
NODE_483_length_3442_cov_17.799880	3155	3220	32	1	65	0.0153846
NODE_483_length_3442_cov_17.799880	3155	3220	34	1	65	0.0153846
NODE_483_length_3442_cov_17.799880	3155	3220	36	4	65	0.0615385
NODE_483_length_3442_cov_17.799880	3155	3220	38	1	65	0.0153846
NODE_483_length_3442_cov_17.799880	3155	3220	40	1	65	0.0153846
NODE_483_length_3442_cov_17.799880	3155	3220	44	1	65	0.0153846
NODE_483_length_3442_cov_17.799880	3155	3220	48	4	65	0.0615385
NODE_483_length_3442_cov_17.799880	3155	3220	51	5	65	0.0769231
NODE_483_length_3442_cov_17.799880	3155	3220	54	4	65	0.0615385
NODE_483_length_3442_cov_17.799880	3155	3220	55	1	65	0.0153846
NODE_483_length_3442_cov_17.799880	3155	3220	56	1	65	0.0153846
NODE_483_length_3442_cov_17.799880	3155	3220	58	3	65	0.0461538
NODE_483_length_3442_cov_17.799880	3155	3220	64	4	65	0.0615385
NODE_483_length_3442_cov_17.799880	3155	3220	66	1	65	0.0153846
NODE_483_length_3442_cov_17.799880	3155	3220	71	1	65	0.0153846
NODE_483_length_3442_cov_17.799880	3155	3220	73	2	65	0.0307692
NODE_483_length_3442_cov_17.799880	3155	3220	75	1	65	0.0153846
NODE_483_length_3442_cov_17.799880	3155	3220	76	1	65	0.0153846
NODE_483_length_3442_cov_17.799880	3155	3220	78	1	65	0.0153846
NODE_483_length_3442_cov_17.799880	3155	3220	82	3	65	0.0461538
NODE_483_length_3442_cov_17.799880	3155	3220	84	2	65	0.0307692
NODE_483_length_3442_cov_17.799880	3208	3273	66	1	65	0.0153846
NODE_483_length_3442_cov_17.799880	3208	3273	71	1	65	0.0153846
NODE_483_length_3442_cov_17.799880	3208	3273	73	2	65	0.0307692
NODE_483_length_3442_cov_17.799880	3208	3273	75	1	65	0.0153846
NODE_483_length_3442_cov_17.799880	3208	3273	76	1	65	0.0153846
NODE_483_length_3442_cov_17.799880	3208	3273	78	1	65	0.0153846
NODE_483_length_3442_cov_17.799880	3208	3273	82	3	65	0.0461538
NODE_483_length_3442_cov_17.799880	3208	3273	84	2	65	0.0307692
NODE_483_length_3442_cov_17.799880	3208	3273	86	4	65	0.0615385
NODE_483_length_3442_cov_17.799880	3208	3273	88	1	65	0.0153846
NODE_483_length_3442_cov_17.799880	3208	3273	89	3	65	0.0461538
NODE_483_length_3442_cov_17.799880	3208	3273	91	1	65	0.0153846
NODE_483_length_3442_cov_17.799880	3208	3273	98	1	65	0.0153846
NODE_483_length_3442_cov_17.799880	3208	3273	104	1	65	0.0153846
NODE_483_length_3442_cov_17.799880	3208	3273	107	1	65	0.0153846
NODE_483_length_3442_cov_17.799880	3208	3273	109	1	65	0.0153846
NODE_483_length_3442_cov_17.799880	3208	3273	110	1	65	0.0153846
NODE_483_length_3442_cov_17.799880	3208	3273	113	1	65	0.0153846
NODE_483_length_3442_cov_17.799880	3208	3273	118	1	65	0.0153846
NODE_483_length_3442_cov_17.799880	3208	3273	123	2	65	0.0307692
NODE_483_length_3442_cov_17.799880	3208	3273	124	2	65	0.0307692
NODE_483_length_3442_cov_17.799880	3208	3273	129	1	65	0.0153846
NODE_483_length_3442_cov_17.799880	3208	3273	134	1	65	0.0153846
NODE_483_length_3442_cov_17.799880	3208	3273	138	1	65	0.0153846
NODE_483_length_3442_cov_17.799880	3208	3273	140	2	65	0.0307692
NODE_483_length_3442_cov_17.799880	3208	3273	142	1	65	0.0153846
NODE_483_length_3442_cov_17.799880	3208	3273	144	3	65	0.0461538
NODE_483_length_3442_cov_17.799880	3208	3273	148	1	65	0.0153846
NODE_483_length_3442_cov_17.799880	3208	3273	154	1	65	0.0153846
NODE_483_length_3442_cov_17.799880	3208	3273	157	1	65	0.0153846
NODE_483_length_3442_cov_17.799880	3208	3273	165	1	65	0.0153846
NODE_483_length_3442_cov_17.799880	3208	3273	166	1	65	0.0153846
NODE_483_length_3442_cov_17.799880	3208	3273	168	1	65	0.0153846
NODE_483_length_3442_cov_17.799880	3208	3273	175	1	65	0.0153846
NODE_483_length_3442_cov_17.799880	3208	3273	180	2	65	0.0307692
NODE_483_length_3442_cov_17.799880	3208	3273	186	1	65	0.0153846
NODE_483_length_3442_cov_17.799880	3208	3273	188	1	65	0.0153846
NODE_483_length_3442_cov_17.799880	3208	3273	194	1	65	0.0153846
NODE_483_length_3442_cov_17.799880	3208	3273	196	1	65	0.0153846
NODE_483_length_3442_cov_17.799880	3208	3273	203	1	65	0.0153846
NODE_483_length_3442_cov_17.799880	3208	3273	205	1	65	0.0153846
NODE_483_length_3442_cov_17.799880	3208	3273	209	1	65	0.0153846
NODE_483_length_3442_cov_17.799880	3208	3273	216	1	65	0.0153846
NODE_483_length_3442_cov_17.799880	3208	3273	225	1	65	0.0153846
NODE_483_length_3442_cov_17.799880	3208	3273	229	2	65	0.0307692
NODE_483_length_3442_cov_17.799880	3208	3273	236	1	65	0.0153846
NODE_483_length_3442_cov_17.799880	3208	3273	238	1	65	0.0153846
NODE_483_length_3442_cov_17.799880	3208	3273	240	1	65	0.0153846
NODE_483_length_3442_cov_17.799880	3208	3273	242	1	65	0.0153846
NODE_486_length_3429_cov_5.070270	125	148	57	3	23	0.1304348
NODE_486_length_3429_cov_5.070270	125	148	59	3	23	0.1304348
NODE_486_length_3429_cov_5.070270	125	148	61	9	23	0.3913043
NODE_486_length_3429_cov_5.070270	125	148	62	1	23	0.0434783
NODE_486_length_3429_cov_5.070270	125	148	63	2	23	0.0869565
NODE_486_length_3429_cov_5.070270	125	148	67	2	23	0.0869565
NODE_486_length_3429_cov_5.070270	125	148	68	1	23	0.0434783
NODE_486_length_3429_cov_5.070270	125	148	70	1	23	0.0434783
NODE_486_length_3429_cov_5.070270	125	148	73	1	23	0.0434783
NODE_493_length_3408_cov_2.406769	0	45	0	45	45	1.0000000
NODE_495_length_3405_cov_44.930127	2683	2759	0	23	76	0.3026316
NODE_495_length_3405_cov_44.930127	2683	2759	2	53	76	0.6973684
NODE_495_length_3405_cov_44.930127	3116	3164	10	44	48	0.9166667
NODE_495_length_3405_cov_44.930127	3116	3164	11	4	48	0.0833333
NODE_496_length_3402_cov_28.961550	128	183	9	2	55	0.0363636
NODE_496_length_3402_cov_28.961550	128	183	11	2	55	0.0363636
NODE_496_length_3402_cov_28.961550	128	183	12	44	55	0.8000000
NODE_496_length_3402_cov_28.961550	128	183	14	7	55	0.1272727
NODE_496_length_3402_cov_28.961550	3154	3234	59	4	80	0.0500000
NODE_496_length_3402_cov_28.961550	3154	3234	61	12	80	0.1500000
NODE_496_length_3402_cov_28.961550	3154	3234	65	1	80	0.0125000
NODE_496_length_3402_cov_28.961550	3154	3234	79	8	80	0.1000000
NODE_496_length_3402_cov_28.961550	3154	3234	81	2	80	0.0250000
NODE_496_length_3402_cov_28.961550	3154	3234	82	5	80	0.0625000
NODE_496_length_3402_cov_28.961550	3154	3234	86	1	80	0.0125000
NODE_496_length_3402_cov_28.961550	3154	3234	88	2	80	0.0250000
NODE_496_length_3402_cov_28.961550	3154	3234	90	4	80	0.0500000
NODE_496_length_3402_cov_28.961550	3154	3234	94	4	80	0.0500000
NODE_496_length_3402_cov_28.961550	3154	3234	95	4	80	0.0500000
NODE_496_length_3402_cov_28.961550	3154	3234	97	15	80	0.1875000
NODE_496_length_3402_cov_28.961550	3154	3234	98	2	80	0.0250000
NODE_496_length_3402_cov_28.961550	3154	3234	99	6	80	0.0750000
NODE_496_length_3402_cov_28.961550	3154	3234	100	10	80	0.1250000
NODE_496_length_3402_cov_28.961550	3207	3287	3	2	80	0.0250000
NODE_496_length_3402_cov_28.961550	3207	3287	4	3	80	0.0375000
NODE_496_length_3402_cov_28.961550	3207	3287	5	1	80	0.0125000
NODE_496_length_3402_cov_28.961550	3207	3287	13	4	80	0.0500000
NODE_496_length_3402_cov_28.961550	3207	3287	14	4	80	0.0500000
NODE_496_length_3402_cov_28.961550	3207	3287	16	1	80	0.0125000
NODE_496_length_3402_cov_28.961550	3207	3287	17	2	80	0.0250000
NODE_496_length_3402_cov_28.961550	3207	3287	21	5	80	0.0625000
NODE_496_length_3402_cov_28.961550	3207	3287	25	1	80	0.0125000
NODE_496_length_3402_cov_28.961550	3207	3287	27	7	80	0.0875000
NODE_496_length_3402_cov_28.961550	3207	3287	29	4	80	0.0500000
NODE_496_length_3402_cov_28.961550	3207	3287	31	2	80	0.0250000
NODE_496_length_3402_cov_28.961550	3207	3287	34	1	80	0.0125000
NODE_496_length_3402_cov_28.961550	3207	3287	38	2	80	0.0250000
NODE_496_length_3402_cov_28.961550	3207	3287	42	1	80	0.0125000
NODE_496_length_3402_cov_28.961550	3207	3287	47	1	80	0.0125000
NODE_496_length_3402_cov_28.961550	3207	3287	49	1	80	0.0125000
NODE_496_length_3402_cov_28.961550	3207	3287	51	1	80	0.0125000
NODE_496_length_3402_cov_28.961550	3207	3287	53	1	80	0.0125000
NODE_496_length_3402_cov_28.961550	3207	3287	56	7	80	0.0875000
NODE_496_length_3402_cov_28.961550	3207	3287	58	1	80	0.0125000
NODE_496_length_3402_cov_28.961550	3207	3287	59	5	80	0.0625000
NODE_496_length_3402_cov_28.961550	3207	3287	61	12	80	0.1500000
NODE_496_length_3402_cov_28.961550	3207	3287	65	1	80	0.0125000
NODE_496_length_3402_cov_28.961550	3207	3287	79	8	80	0.1000000
NODE_496_length_3402_cov_28.961550	3207	3287	81	2	80	0.0250000
NODE_498_length_3393_cov_43.623558	1009	1075	13	1	66	0.0151515
NODE_498_length_3393_cov_43.623558	1009	1075	15	1	66	0.0151515
NODE_498_length_3393_cov_43.623558	1009	1075	17	1	66	0.0151515
NODE_498_length_3393_cov_43.623558	1009	1075	19	1	66	0.0151515
NODE_498_length_3393_cov_43.623558	1009	1075	20	2	66	0.0303030
NODE_498_length_3393_cov_43.623558	1009	1075	22	2	66	0.0303030
NODE_498_length_3393_cov_43.623558	1009	1075	26	1	66	0.0151515
NODE_498_length_3393_cov_43.623558	1009	1075	28	1	66	0.0151515
NODE_498_length_3393_cov_43.623558	1009	1075	39	1	66	0.0151515
NODE_498_length_3393_cov_43.623558	1009	1075	40	1	66	0.0151515
NODE_498_length_3393_cov_43.623558	1009	1075	41	1	66	0.0151515
NODE_498_length_3393_cov_43.623558	1009	1075	43	1	66	0.0151515
NODE_498_length_3393_cov_43.623558	1009	1075	47	1	66	0.0151515
NODE_498_length_3393_cov_43.623558	1009	1075	48	4	66	0.0606061
NODE_498_length_3393_cov_43.623558	1009	1075	53	1	66	0.0151515
NODE_498_length_3393_cov_43.623558	1009	1075	55	2	66	0.0303030
NODE_498_length_3393_cov_43.623558	1009	1075	56	2	66	0.0303030
NODE_498_length_3393_cov_43.623558	1009	1075	58	1	66	0.0151515
NODE_498_length_3393_cov_43.623558	1009	1075	62	2	66	0.0303030
NODE_498_length_3393_cov_43.623558	1009	1075	66	1	66	0.0151515
NODE_498_length_3393_cov_43.623558	1009	1075	68	1	66	0.0151515
NODE_498_length_3393_cov_43.623558	1009	1075	73	1	66	0.0151515
NODE_498_length_3393_cov_43.623558	1009	1075	75	1	66	0.0151515
NODE_498_length_3393_cov_43.623558	1009	1075	84	1	66	0.0151515
NODE_498_length_3393_cov_43.623558	1009	1075	86	2	66	0.0303030
NODE_498_length_3393_cov_43.623558	1009	1075	87	1	66	0.0151515
NODE_498_length_3393_cov_43.623558	1009	1075	89	1	66	0.0151515
NODE_498_length_3393_cov_43.623558	1009	1075	92	1	66	0.0151515
NODE_498_length_3393_cov_43.623558	1009	1075	95	1	66	0.0151515
NODE_498_length_3393_cov_43.623558	1009	1075	98	1	66	0.0151515
NODE_498_length_3393_cov_43.623558	1009	1075	102	1	66	0.0151515
NODE_498_length_3393_cov_43.623558	1009	1075	106	2	66	0.0303030
NODE_498_length_3393_cov_43.623558	1009	1075	110	1	66	0.0151515
NODE_498_length_3393_cov_43.623558	1009	1075	112	4	66	0.0606061
NODE_498_length_3393_cov_43.623558	1009	1075	116	1	66	0.0151515
NODE_498_length_3393_cov_43.623558	1009	1075	117	3	66	0.0454545
NODE_498_length_3393_cov_43.623558	1009	1075	121	1	66	0.0151515
NODE_498_length_3393_cov_43.623558	1009	1075	123	1	66	0.0151515
NODE_498_length_3393_cov_43.623558	1009	1075	124	1	66	0.0151515
NODE_498_length_3393_cov_43.623558	1009	1075	126	2	66	0.0303030
NODE_498_length_3393_cov_43.623558	1009	1075	127	1	66	0.0151515
NODE_498_length_3393_cov_43.623558	1009	1075	129	3	66	0.0454545
NODE_498_length_3393_cov_43.623558	1009	1075	131	3	66	0.0454545
NODE_498_length_3393_cov_43.623558	1009	1075	133	2	66	0.0303030
NODE_498_length_3393_cov_43.623558	1009	1075	135	1	66	0.0151515
NODE_498_length_3393_cov_43.623558	1048	1128	0	38	80	0.4750000
NODE_498_length_3393_cov_43.623558	1048	1128	2	3	80	0.0375000
NODE_498_length_3393_cov_43.623558	1048	1128	3	8	80	0.1000000
NODE_498_length_3393_cov_43.623558	1048	1128	5	1	80	0.0125000
NODE_498_length_3393_cov_43.623558	1048	1128	7	1	80	0.0125000
NODE_498_length_3393_cov_43.623558	1048	1128	11	2	80	0.0250000
NODE_498_length_3393_cov_43.623558	1048	1128	13	1	80	0.0125000
NODE_498_length_3393_cov_43.623558	1048	1128	15	1	80	0.0125000
NODE_498_length_3393_cov_43.623558	1048	1128	17	1	80	0.0125000
NODE_498_length_3393_cov_43.623558	1048	1128	19	1	80	0.0125000
NODE_498_length_3393_cov_43.623558	1048	1128	20	2	80	0.0250000
NODE_498_length_3393_cov_43.623558	1048	1128	22	2	80	0.0250000
NODE_498_length_3393_cov_43.623558	1048	1128	26	1	80	0.0125000
NODE_498_length_3393_cov_43.623558	1048	1128	28	1	80	0.0125000
NODE_498_length_3393_cov_43.623558	1048	1128	39	1	80	0.0125000
NODE_498_length_3393_cov_43.623558	1048	1128	40	1	80	0.0125000
NODE_498_length_3393_cov_43.623558	1048	1128	41	1	80	0.0125000
NODE_498_length_3393_cov_43.623558	1048	1128	43	1	80	0.0125000
NODE_498_length_3393_cov_43.623558	1048	1128	47	1	80	0.0125000
NODE_498_length_3393_cov_43.623558	1048	1128	48	4	80	0.0500000
NODE_498_length_3393_cov_43.623558	1048	1128	53	1	80	0.0125000
NODE_498_length_3393_cov_43.623558	1048	1128	55	2	80	0.0250000
NODE_498_length_3393_cov_43.623558	1048	1128	56	2	80	0.0250000
NODE_498_length_3393_cov_43.623558	1048	1128	58	1	80	0.0125000
NODE_498_length_3393_cov_43.623558	1048	1128	62	2	80	0.0250000
NODE_498_length_3393_cov_43.623558	3086	3128	13	1	42	0.0238095
NODE_498_length_3393_cov_43.623558	3086	3128	59	1	42	0.0238095
NODE_498_length_3393_cov_43.623558	3086	3128	67	1	42	0.0238095
NODE_498_length_3393_cov_43.623558	3086	3128	107	1	42	0.0238095
NODE_498_length_3393_cov_43.623558	3086	3128	127	1	42	0.0238095
NODE_498_length_3393_cov_43.623558	3086	3128	146	1	42	0.0238095
NODE_498_length_3393_cov_43.623558	3086	3128	160	1	42	0.0238095
NODE_498_length_3393_cov_43.623558	3086	3128	185	1	42	0.0238095
NODE_498_length_3393_cov_43.623558	3086	3128	188	1	42	0.0238095
NODE_498_length_3393_cov_43.623558	3086	3128	193	1	42	0.0238095
NODE_498_length_3393_cov_43.623558	3086	3128	197	1	42	0.0238095
NODE_498_length_3393_cov_43.623558	3086	3128	203	2	42	0.0476190
NODE_498_length_3393_cov_43.623558	3086	3128	205	1	42	0.0238095
NODE_498_length_3393_cov_43.623558	3086	3128	207	1	42	0.0238095
NODE_498_length_3393_cov_43.623558	3086	3128	209	2	42	0.0476190
NODE_498_length_3393_cov_43.623558	3086	3128	210	2	42	0.0476190
NODE_498_length_3393_cov_43.623558	3086	3128	214	1	42	0.0238095
NODE_498_length_3393_cov_43.623558	3086	3128	224	1	42	0.0238095
NODE_498_length_3393_cov_43.623558	3086	3128	240	1	42	0.0238095
NODE_498_length_3393_cov_43.623558	3086	3128	247	1	42	0.0238095
NODE_498_length_3393_cov_43.623558	3086	3128	249	1	42	0.0238095
NODE_498_length_3393_cov_43.623558	3086	3128	256	1	42	0.0238095
NODE_498_length_3393_cov_43.623558	3086	3128	260	1	42	0.0238095
NODE_498_length_3393_cov_43.623558	3086	3128	276	1	42	0.0238095
NODE_498_length_3393_cov_43.623558	3086	3128	277	1	42	0.0238095
NODE_498_length_3393_cov_43.623558	3086	3128	278	2	42	0.0476190
NODE_498_length_3393_cov_43.623558	3086	3128	282	1	42	0.0238095
NODE_498_length_3393_cov_43.623558	3086	3128	284	1	42	0.0238095
NODE_498_length_3393_cov_43.623558	3086	3128	294	1	42	0.0238095
NODE_498_length_3393_cov_43.623558	3086	3128	295	1	42	0.0238095
NODE_498_length_3393_cov_43.623558	3086	3128	297	1	42	0.0238095
NODE_498_length_3393_cov_43.623558	3086	3128	301	1	42	0.0238095
NODE_498_length_3393_cov_43.623558	3086	3128	302	1	42	0.0238095
NODE_498_length_3393_cov_43.623558	3086	3128	308	2	42	0.0476190
NODE_498_length_3393_cov_43.623558	3086	3128	310	1	42	0.0238095
NODE_498_length_3393_cov_43.623558	3086	3128	312	1	42	0.0238095
NODE_498_length_3393_cov_43.623558	3086	3128	320	1	42	0.0238095
NODE_498_length_3393_cov_43.623558	3293	3373	154	1	80	0.0125000
NODE_498_length_3393_cov_43.623558	3293	3373	159	1	80	0.0125000
NODE_498_length_3393_cov_43.623558	3293	3373	164	1	80	0.0125000
NODE_498_length_3393_cov_43.623558	3293	3373	182	1	80	0.0125000
NODE_498_length_3393_cov_43.623558	3293	3373	191	1	80	0.0125000
NODE_498_length_3393_cov_43.623558	3293	3373	200	1	80	0.0125000
NODE_498_length_3393_cov_43.623558	3293	3373	208	1	80	0.0125000
NODE_498_length_3393_cov_43.623558	3293	3373	210	1	80	0.0125000
NODE_498_length_3393_cov_43.623558	3293	3373	218	1	80	0.0125000
NODE_498_length_3393_cov_43.623558	3293	3373	219	1	80	0.0125000
NODE_498_length_3393_cov_43.623558	3293	3373	225	1	80	0.0125000
NODE_498_length_3393_cov_43.623558	3293	3373	243	1	80	0.0125000
NODE_498_length_3393_cov_43.623558	3293	3373	265	2	80	0.0250000
NODE_498_length_3393_cov_43.623558	3293	3373	279	1	80	0.0125000
NODE_498_length_3393_cov_43.623558	3293	3373	280	1	80	0.0125000
NODE_498_length_3393_cov_43.623558	3293	3373	293	1	80	0.0125000
NODE_498_length_3393_cov_43.623558	3293	3373	305	1	80	0.0125000
NODE_498_length_3393_cov_43.623558	3293	3373	329	1	80	0.0125000
NODE_498_length_3393_cov_43.623558	3293	3373	345	1	80	0.0125000
NODE_498_length_3393_cov_43.623558	3293	3373	357	1	80	0.0125000
NODE_498_length_3393_cov_43.623558	3293	3373	380	1	80	0.0125000
NODE_498_length_3393_cov_43.623558	3293	3373	386	1	80	0.0125000
NODE_498_length_3393_cov_43.623558	3293	3373	390	1	80	0.0125000
NODE_498_length_3393_cov_43.623558	3293	3373	409	1	80	0.0125000
NODE_498_length_3393_cov_43.623558	3293	3373	434	3	80	0.0375000
NODE_498_length_3393_cov_43.623558	3293	3373	440	2	80	0.0250000
NODE_498_length_3393_cov_43.623558	3293	3373	441	2	80	0.0250000
NODE_498_length_3393_cov_43.623558	3293	3373	443	1	80	0.0125000
NODE_498_length_3393_cov_43.623558	3293	3373	445	1	80	0.0125000
NODE_498_length_3393_cov_43.623558	3293	3373	455	1	80	0.0125000
NODE_498_length_3393_cov_43.623558	3293	3373	461	1	80	0.0125000
NODE_498_length_3393_cov_43.623558	3293	3373	462	1	80	0.0125000
NODE_498_length_3393_cov_43.623558	3293	3373	465	1	80	0.0125000
NODE_498_length_3393_cov_43.623558	3293	3373	473	1	80	0.0125000
NODE_498_length_3393_cov_43.623558	3293	3373	475	1	80	0.0125000
NODE_498_length_3393_cov_43.623558	3293	3373	484	2	80	0.0250000
NODE_498_length_3393_cov_43.623558	3293	3373	486	1	80	0.0125000
NODE_498_length_3393_cov_43.623558	3293	3373	488	1	80	0.0125000
NODE_498_length_3393_cov_43.623558	3293	3373	490	2	80	0.0250000
NODE_498_length_3393_cov_43.623558	3293	3373	496	1	80	0.0125000
NODE_498_length_3393_cov_43.623558	3293	3373	498	1	80	0.0125000
NODE_498_length_3393_cov_43.623558	3293	3373	500	3	80	0.0375000
NODE_498_length_3393_cov_43.623558	3293	3373	502	3	80	0.0375000
NODE_498_length_3393_cov_43.623558	3293	3373	505	2	80	0.0250000
NODE_498_length_3393_cov_43.623558	3293	3373	511	2	80	0.0250000
NODE_498_length_3393_cov_43.623558	3293	3373	522	1	80	0.0125000
NODE_498_length_3393_cov_43.623558	3293	3373	523	1	80	0.0125000
NODE_498_length_3393_cov_43.623558	3293	3373	526	1	80	0.0125000
NODE_498_length_3393_cov_43.623558	3293	3373	529	1	80	0.0125000
NODE_498_length_3393_cov_43.623558	3293	3373	533	1	80	0.0125000
NODE_498_length_3393_cov_43.623558	3293	3373	539	1	80	0.0125000
NODE_498_length_3393_cov_43.623558	3293	3373	546	1	80	0.0125000
NODE_498_length_3393_cov_43.623558	3293	3373	552	1	80	0.0125000
NODE_498_length_3393_cov_43.623558	3293	3373	553	1	80	0.0125000
NODE_498_length_3393_cov_43.623558	3293	3373	559	2	80	0.0250000
NODE_498_length_3393_cov_43.623558	3293	3373	562	1	80	0.0125000
NODE_498_length_3393_cov_43.623558	3293	3373	563	1	80	0.0125000
NODE_498_length_3393_cov_43.623558	3293	3373	568	1	80	0.0125000
NODE_498_length_3393_cov_43.623558	3293	3373	573	2	80	0.0250000
NODE_498_length_3393_cov_43.623558	3293	3373	579	1	80	0.0125000
NODE_498_length_3393_cov_43.623558	3293	3373	581	1	80	0.0125000
NODE_498_length_3393_cov_43.623558	3293	3373	583	1	80	0.0125000
NODE_498_length_3393_cov_43.623558	3293	3373	585	1	80	0.0125000
NODE_498_length_3393_cov_43.623558	3293	3373	602	1	80	0.0125000
NODE_498_length_3393_cov_43.623558	3293	3373	605	1	80	0.0125000
NODE_499_length_3392_cov_41.514728	255	335	2	20	80	0.2500000
NODE_499_length_3392_cov_41.514728	255	335	4	60	80	0.7500000
NODE_499_length_3392_cov_41.514728	308	388	2	65	80	0.8125000
NODE_499_length_3392_cov_41.514728	308	388	4	15	80	0.1875000
NODE_499_length_3392_cov_41.514728	917	997	345	1	80	0.0125000
NODE_499_length_3392_cov_41.514728	917	997	349	1	80	0.0125000
NODE_499_length_3392_cov_41.514728	917	997	353	1	80	0.0125000
NODE_499_length_3392_cov_41.514728	917	997	357	1	80	0.0125000
NODE_499_length_3392_cov_41.514728	917	997	364	2	80	0.0250000
NODE_499_length_3392_cov_41.514728	917	997	377	1	80	0.0125000
NODE_499_length_3392_cov_41.514728	917	997	380	1	80	0.0125000
NODE_499_length_3392_cov_41.514728	917	997	384	2	80	0.0250000
NODE_499_length_3392_cov_41.514728	917	997	394	1	80	0.0125000
NODE_499_length_3392_cov_41.514728	917	997	400	1	80	0.0125000
NODE_499_length_3392_cov_41.514728	917	997	411	1	80	0.0125000
NODE_499_length_3392_cov_41.514728	917	997	417	1	80	0.0125000
NODE_499_length_3392_cov_41.514728	917	997	419	1	80	0.0125000
NODE_499_length_3392_cov_41.514728	917	997	425	1	80	0.0125000
NODE_499_length_3392_cov_41.514728	917	997	433	1	80	0.0125000
NODE_499_length_3392_cov_41.514728	917	997	445	1	80	0.0125000
NODE_499_length_3392_cov_41.514728	917	997	466	1	80	0.0125000
NODE_499_length_3392_cov_41.514728	917	997	508	1	80	0.0125000
NODE_499_length_3392_cov_41.514728	917	997	517	1	80	0.0125000
NODE_499_length_3392_cov_41.514728	917	997	521	1	80	0.0125000
NODE_499_length_3392_cov_41.514728	917	997	530	1	80	0.0125000
NODE_499_length_3392_cov_41.514728	917	997	535	1	80	0.0125000
NODE_499_length_3392_cov_41.514728	917	997	539	2	80	0.0250000
NODE_499_length_3392_cov_41.514728	917	997	543	1	80	0.0125000
NODE_499_length_3392_cov_41.514728	917	997	547	1	80	0.0125000
NODE_499_length_3392_cov_41.514728	917	997	553	1	80	0.0125000
NODE_499_length_3392_cov_41.514728	917	997	564	1	80	0.0125000
NODE_499_length_3392_cov_41.514728	917	997	571	1	80	0.0125000
NODE_499_length_3392_cov_41.514728	917	997	572	1	80	0.0125000
NODE_499_length_3392_cov_41.514728	917	997	573	1	80	0.0125000
NODE_499_length_3392_cov_41.514728	917	997	577	1	80	0.0125000
NODE_499_length_3392_cov_41.514728	917	997	581	1	80	0.0125000
NODE_499_length_3392_cov_41.514728	917	997	585	1	80	0.0125000
NODE_499_length_3392_cov_41.514728	917	997	598	1	80	0.0125000
NODE_499_length_3392_cov_41.514728	917	997	601	1	80	0.0125000
NODE_499_length_3392_cov_41.514728	917	997	602	2	80	0.0250000
NODE_499_length_3392_cov_41.514728	917	997	603	1	80	0.0125000
NODE_499_length_3392_cov_41.514728	917	997	604	2	80	0.0250000
NODE_499_length_3392_cov_41.514728	917	997	606	3	80	0.0375000
NODE_499_length_3392_cov_41.514728	917	997	614	1	80	0.0125000
NODE_499_length_3392_cov_41.514728	917	997	615	1	80	0.0125000
NODE_499_length_3392_cov_41.514728	917	997	617	1	80	0.0125000
NODE_499_length_3392_cov_41.514728	917	997	623	1	80	0.0125000
NODE_499_length_3392_cov_41.514728	917	997	628	1	80	0.0125000
NODE_499_length_3392_cov_41.514728	917	997	632	1	80	0.0125000
NODE_499_length_3392_cov_41.514728	917	997	645	2	80	0.0250000
NODE_499_length_3392_cov_41.514728	917	997	649	1	80	0.0125000
NODE_499_length_3392_cov_41.514728	917	997	667	1	80	0.0125000
NODE_499_length_3392_cov_41.514728	917	997	674	1	80	0.0125000
NODE_499_length_3392_cov_41.514728	917	997	677	1	80	0.0125000
NODE_499_length_3392_cov_41.514728	917	997	686	1	80	0.0125000
NODE_499_length_3392_cov_41.514728	917	997	690	1	80	0.0125000
NODE_499_length_3392_cov_41.514728	917	997	693	1	80	0.0125000
NODE_499_length_3392_cov_41.514728	917	997	694	1	80	0.0125000
NODE_499_length_3392_cov_41.514728	917	997	695	1	80	0.0125000
NODE_499_length_3392_cov_41.514728	917	997	713	1	80	0.0125000
NODE_499_length_3392_cov_41.514728	917	997	716	1	80	0.0125000
NODE_499_length_3392_cov_41.514728	917	997	718	1	80	0.0125000
NODE_499_length_3392_cov_41.514728	917	997	724	2	80	0.0250000
NODE_499_length_3392_cov_41.514728	917	997	725	1	80	0.0125000
NODE_499_length_3392_cov_41.514728	917	997	726	1	80	0.0125000
NODE_499_length_3392_cov_41.514728	917	997	728	1	80	0.0125000
NODE_499_length_3392_cov_41.514728	917	997	730	1	80	0.0125000
NODE_499_length_3392_cov_41.514728	917	997	732	1	80	0.0125000
NODE_499_length_3392_cov_41.514728	917	997	735	1	80	0.0125000
NODE_499_length_3392_cov_41.514728	917	997	741	2	80	0.0250000
NODE_499_length_3392_cov_41.514728	917	997	745	1	80	0.0125000
NODE_499_length_3392_cov_41.514728	917	997	747	1	80	0.0125000
NODE_499_length_3392_cov_41.514728	917	997	748	1	80	0.0125000
NODE_499_length_3392_cov_41.514728	917	997	753	1	80	0.0125000
NODE_499_length_3392_cov_41.514728	970	1053	148	1	83	0.0120482
NODE_499_length_3392_cov_41.514728	970	1053	150	1	83	0.0120482
NODE_499_length_3392_cov_41.514728	970	1053	156	1	83	0.0120482
NODE_499_length_3392_cov_41.514728	970	1053	159	1	83	0.0120482
NODE_499_length_3392_cov_41.514728	970	1053	164	1	83	0.0120482
NODE_499_length_3392_cov_41.514728	970	1053	180	1	83	0.0120482
NODE_499_length_3392_cov_41.514728	970	1053	184	1	83	0.0120482
NODE_499_length_3392_cov_41.514728	970	1053	194	1	83	0.0120482
NODE_499_length_3392_cov_41.514728	970	1053	196	1	83	0.0120482
NODE_499_length_3392_cov_41.514728	970	1053	203	1	83	0.0120482
NODE_499_length_3392_cov_41.514728	970	1053	204	1	83	0.0120482
NODE_499_length_3392_cov_41.514728	970	1053	205	1	83	0.0120482
NODE_499_length_3392_cov_41.514728	970	1053	206	2	83	0.0240964
NODE_499_length_3392_cov_41.514728	970	1053	208	1	83	0.0120482
NODE_499_length_3392_cov_41.514728	970	1053	209	1	83	0.0120482
NODE_499_length_3392_cov_41.514728	970	1053	214	1	83	0.0120482
NODE_499_length_3392_cov_41.514728	970	1053	217	1	83	0.0120482
NODE_499_length_3392_cov_41.514728	970	1053	218	2	83	0.0240964
NODE_499_length_3392_cov_41.514728	970	1053	219	1	83	0.0120482
NODE_499_length_3392_cov_41.514728	970	1053	220	1	83	0.0120482
NODE_499_length_3392_cov_41.514728	970	1053	221	1	83	0.0120482
NODE_499_length_3392_cov_41.514728	970	1053	223	3	83	0.0361446
NODE_499_length_3392_cov_41.514728	970	1053	233	1	83	0.0120482
NODE_499_length_3392_cov_41.514728	970	1053	238	1	83	0.0120482
NODE_499_length_3392_cov_41.514728	970	1053	242	1	83	0.0120482
NODE_499_length_3392_cov_41.514728	970	1053	246	1	83	0.0120482
NODE_499_length_3392_cov_41.514728	970	1053	248	1	83	0.0120482
NODE_499_length_3392_cov_41.514728	970	1053	249	1	83	0.0120482
NODE_499_length_3392_cov_41.514728	970	1053	257	1	83	0.0120482
NODE_499_length_3392_cov_41.514728	970	1053	263	1	83	0.0120482
NODE_499_length_3392_cov_41.514728	970	1053	271	1	83	0.0120482
NODE_499_length_3392_cov_41.514728	970	1053	276	2	83	0.0240964
NODE_499_length_3392_cov_41.514728	970	1053	279	1	83	0.0120482
NODE_499_length_3392_cov_41.514728	970	1053	284	2	83	0.0240964
NODE_499_length_3392_cov_41.514728	970	1053	285	1	83	0.0120482
NODE_499_length_3392_cov_41.514728	970	1053	287	1	83	0.0120482
NODE_499_length_3392_cov_41.514728	970	1053	292	1	83	0.0120482
NODE_499_length_3392_cov_41.514728	970	1053	293	1	83	0.0120482
NODE_499_length_3392_cov_41.514728	970	1053	299	1	83	0.0120482
NODE_499_length_3392_cov_41.514728	970	1053	300	1	83	0.0120482
NODE_499_length_3392_cov_41.514728	970	1053	317	1	83	0.0120482
NODE_499_length_3392_cov_41.514728	970	1053	319	1	83	0.0120482
NODE_499_length_3392_cov_41.514728	970	1053	325	1	83	0.0120482
NODE_499_length_3392_cov_41.514728	970	1053	331	1	83	0.0120482
NODE_499_length_3392_cov_41.514728	970	1053	336	1	83	0.0120482
NODE_499_length_3392_cov_41.514728	970	1053	338	1	83	0.0120482
NODE_499_length_3392_cov_41.514728	970	1053	339	1	83	0.0120482
NODE_499_length_3392_cov_41.514728	970	1053	340	1	83	0.0120482
NODE_499_length_3392_cov_41.514728	970	1053	345	1	83	0.0120482
NODE_499_length_3392_cov_41.514728	970	1053	349	1	83	0.0120482
NODE_499_length_3392_cov_41.514728	970	1053	350	1	83	0.0120482
NODE_499_length_3392_cov_41.514728	970	1053	352	1	83	0.0120482
NODE_499_length_3392_cov_41.514728	970	1053	353	1	83	0.0120482
NODE_499_length_3392_cov_41.514728	970	1053	357	1	83	0.0120482
NODE_499_length_3392_cov_41.514728	970	1053	364	2	83	0.0240964
NODE_499_length_3392_cov_41.514728	970	1053	377	1	83	0.0120482
NODE_499_length_3392_cov_41.514728	970	1053	380	1	83	0.0120482
NODE_499_length_3392_cov_41.514728	970	1053	384	2	83	0.0240964
NODE_499_length_3392_cov_41.514728	970	1053	394	1	83	0.0120482
NODE_499_length_3392_cov_41.514728	970	1053	400	1	83	0.0120482
NODE_499_length_3392_cov_41.514728	970	1053	411	1	83	0.0120482
NODE_499_length_3392_cov_41.514728	970	1053	417	1	83	0.0120482
NODE_499_length_3392_cov_41.514728	970	1053	419	1	83	0.0120482
NODE_499_length_3392_cov_41.514728	970	1053	425	1	83	0.0120482
NODE_499_length_3392_cov_41.514728	970	1053	433	1	83	0.0120482
NODE_499_length_3392_cov_41.514728	970	1053	445	1	83	0.0120482
NODE_499_length_3392_cov_41.514728	970	1053	466	1	83	0.0120482
NODE_499_length_3392_cov_41.514728	970	1053	508	1	83	0.0120482
NODE_499_length_3392_cov_41.514728	970	1053	517	1	83	0.0120482
NODE_499_length_3392_cov_41.514728	970	1053	521	1	83	0.0120482
NODE_499_length_3392_cov_41.514728	970	1053	530	1	83	0.0120482
NODE_499_length_3392_cov_41.514728	970	1053	535	1	83	0.0120482
NODE_499_length_3392_cov_41.514728	970	1053	539	2	83	0.0240964
NODE_499_length_3392_cov_41.514728	970	1053	543	1	83	0.0120482
NODE_501_length_3389_cov_8.244073	2159	2239	0	11	80	0.1375000
NODE_501_length_3389_cov_8.244073	2159	2239	8	69	80	0.8625000
NODE_501_length_3389_cov_8.244073	2212	2292	0	26	80	0.3250000
NODE_501_length_3389_cov_8.244073	2212	2292	8	54	80	0.6750000
NODE_506_length_3363_cov_4.412684	56	124	28	1	68	0.0147059
NODE_506_length_3363_cov_4.412684	56	124	38	2	68	0.0294118
NODE_506_length_3363_cov_4.412684	56	124	40	2	68	0.0294118
NODE_506_length_3363_cov_4.412684	56	124	42	1	68	0.0147059
NODE_506_length_3363_cov_4.412684	56	124	44	2	68	0.0294118
NODE_506_length_3363_cov_4.412684	56	124	47	1	68	0.0147059
NODE_506_length_3363_cov_4.412684	56	124	54	1	68	0.0147059
NODE_506_length_3363_cov_4.412684	56	124	68	2	68	0.0294118
NODE_506_length_3363_cov_4.412684	56	124	72	1	68	0.0147059
NODE_506_length_3363_cov_4.412684	56	124	74	1	68	0.0147059
NODE_506_length_3363_cov_4.412684	56	124	80	5	68	0.0735294
NODE_506_length_3363_cov_4.412684	56	124	82	2	68	0.0294118
NODE_506_length_3363_cov_4.412684	56	124	83	2	68	0.0294118
NODE_506_length_3363_cov_4.412684	56	124	84	45	68	0.6617647
NODE_510_length_3353_cov_2.687462	0	61	0	29	61	0.4754098
NODE_510_length_3353_cov_2.687462	0	61	4	32	61	0.5245901
NODE_510_length_3353_cov_2.687462	0	61	0	29	61	0.4754098
NODE_510_length_3353_cov_2.687462	0	61	4	32	61	0.5245901
NODE_510_length_3353_cov_2.687462	34	99	4	65	65	1.0000000
NODE_513_length_3348_cov_243.959372	2473	2553	668	1	80	0.0125000
NODE_513_length_3348_cov_243.959372	2473	2553	672	1	80	0.0125000
NODE_513_length_3348_cov_243.959372	2473	2553	673	1	80	0.0125000
NODE_513_length_3348_cov_243.959372	2473	2553	675	1	80	0.0125000
NODE_513_length_3348_cov_243.959372	2473	2553	680	1	80	0.0125000
NODE_513_length_3348_cov_243.959372	2473	2553	683	1	80	0.0125000
NODE_513_length_3348_cov_243.959372	2473	2553	684	1	80	0.0125000
NODE_513_length_3348_cov_243.959372	2473	2553	695	1	80	0.0125000
NODE_513_length_3348_cov_243.959372	2473	2553	700	3	80	0.0375000
NODE_513_length_3348_cov_243.959372	2473	2553	702	1	80	0.0125000
NODE_513_length_3348_cov_243.959372	2473	2553	703	2	80	0.0250000
NODE_513_length_3348_cov_243.959372	2473	2553	704	2	80	0.0250000
NODE_513_length_3348_cov_243.959372	2473	2553	708	1	80	0.0125000
NODE_513_length_3348_cov_243.959372	2473	2553	709	1	80	0.0125000
NODE_513_length_3348_cov_243.959372	2473	2553	711	3	80	0.0375000
NODE_513_length_3348_cov_243.959372	2473	2553	712	1	80	0.0125000
NODE_513_length_3348_cov_243.959372	2473	2553	713	1	80	0.0125000
NODE_513_length_3348_cov_243.959372	2473	2553	714	1	80	0.0125000
NODE_513_length_3348_cov_243.959372	2473	2553	717	1	80	0.0125000
NODE_513_length_3348_cov_243.959372	2473	2553	718	1	80	0.0125000
NODE_513_length_3348_cov_243.959372	2473	2553	719	1	80	0.0125000
NODE_513_length_3348_cov_243.959372	2473	2553	720	1	80	0.0125000
NODE_513_length_3348_cov_243.959372	2473	2553	723	2	80	0.0250000
NODE_513_length_3348_cov_243.959372	2473	2553	724	1	80	0.0125000
NODE_513_length_3348_cov_243.959372	2473	2553	725	1	80	0.0125000
NODE_513_length_3348_cov_243.959372	2473	2553	728	1	80	0.0125000
NODE_513_length_3348_cov_243.959372	2473	2553	741	1	80	0.0125000
NODE_513_length_3348_cov_243.959372	2473	2553	758	1	80	0.0125000
NODE_513_length_3348_cov_243.959372	2473	2553	764	2	80	0.0250000
NODE_513_length_3348_cov_243.959372	2473	2553	765	1	80	0.0125000
NODE_513_length_3348_cov_243.959372	2473	2553	768	1	80	0.0125000
NODE_513_length_3348_cov_243.959372	2473	2553	771	1	80	0.0125000
NODE_513_length_3348_cov_243.959372	2473	2553	773	5	80	0.0625000
NODE_513_length_3348_cov_243.959372	2473	2553	774	2	80	0.0250000
NODE_513_length_3348_cov_243.959372	2473	2553	775	2	80	0.0250000
NODE_513_length_3348_cov_243.959372	2473	2553	776	2	80	0.0250000
NODE_513_length_3348_cov_243.959372	2473	2553	777	1	80	0.0125000
NODE_513_length_3348_cov_243.959372	2473	2553	778	2	80	0.0250000
NODE_513_length_3348_cov_243.959372	2473	2553	779	2	80	0.0250000
NODE_513_length_3348_cov_243.959372	2473	2553	780	4	80	0.0500000
NODE_513_length_3348_cov_243.959372	2473	2553	781	3	80	0.0375000
NODE_513_length_3348_cov_243.959372	2473	2553	783	1	80	0.0125000
NODE_513_length_3348_cov_243.959372	2473	2553	784	1	80	0.0125000
NODE_513_length_3348_cov_243.959372	2473	2553	785	2	80	0.0250000
NODE_513_length_3348_cov_243.959372	2473	2553	787	1	80	0.0125000
NODE_513_length_3348_cov_243.959372	2473	2553	788	2	80	0.0250000
NODE_513_length_3348_cov_243.959372	2473	2553	789	1	80	0.0125000
NODE_513_length_3348_cov_243.959372	2473	2553	790	1	80	0.0125000
NODE_513_length_3348_cov_243.959372	2473	2553	793	2	80	0.0250000
NODE_513_length_3348_cov_243.959372	2473	2553	800	1	80	0.0125000
NODE_513_length_3348_cov_243.959372	2473	2553	803	1	80	0.0125000
NODE_513_length_3348_cov_243.959372	2473	2553	805	1	80	0.0125000
NODE_513_length_3348_cov_243.959372	2473	2553	811	1	80	0.0125000
NODE_513_length_3348_cov_243.959372	2473	2553	820	1	80	0.0125000
NODE_513_length_3348_cov_243.959372	2473	2553	830	1	80	0.0125000
NODE_513_length_3348_cov_243.959372	2526	2606	673	1	80	0.0125000
NODE_513_length_3348_cov_243.959372	2526	2606	680	1	80	0.0125000
NODE_513_length_3348_cov_243.959372	2526	2606	684	1	80	0.0125000
NODE_513_length_3348_cov_243.959372	2526	2606	695	1	80	0.0125000
NODE_513_length_3348_cov_243.959372	2526	2606	700	3	80	0.0375000
NODE_513_length_3348_cov_243.959372	2526	2606	701	1	80	0.0125000
NODE_513_length_3348_cov_243.959372	2526	2606	702	1	80	0.0125000
NODE_513_length_3348_cov_243.959372	2526	2606	703	3	80	0.0375000
NODE_513_length_3348_cov_243.959372	2526	2606	704	2	80	0.0250000
NODE_513_length_3348_cov_243.959372	2526	2606	705	1	80	0.0125000
NODE_513_length_3348_cov_243.959372	2526	2606	708	1	80	0.0125000
NODE_513_length_3348_cov_243.959372	2526	2606	709	1	80	0.0125000
NODE_513_length_3348_cov_243.959372	2526	2606	711	3	80	0.0375000
NODE_513_length_3348_cov_243.959372	2526	2606	712	1	80	0.0125000
NODE_513_length_3348_cov_243.959372	2526	2606	713	2	80	0.0250000
NODE_513_length_3348_cov_243.959372	2526	2606	714	1	80	0.0125000
NODE_513_length_3348_cov_243.959372	2526	2606	717	1	80	0.0125000
NODE_513_length_3348_cov_243.959372	2526	2606	719	1	80	0.0125000
NODE_513_length_3348_cov_243.959372	2526	2606	720	2	80	0.0250000
NODE_513_length_3348_cov_243.959372	2526	2606	721	1	80	0.0125000
NODE_513_length_3348_cov_243.959372	2526	2606	722	1	80	0.0125000
NODE_513_length_3348_cov_243.959372	2526	2606	723	2	80	0.0250000
NODE_513_length_3348_cov_243.959372	2526	2606	724	2	80	0.0250000
NODE_513_length_3348_cov_243.959372	2526	2606	725	3	80	0.0375000
NODE_513_length_3348_cov_243.959372	2526	2606	726	2	80	0.0250000
NODE_513_length_3348_cov_243.959372	2526	2606	727	1	80	0.0125000
NODE_513_length_3348_cov_243.959372	2526	2606	729	2	80	0.0250000
NODE_513_length_3348_cov_243.959372	2526	2606	730	1	80	0.0125000
NODE_513_length_3348_cov_243.959372	2526	2606	732	1	80	0.0125000
NODE_513_length_3348_cov_243.959372	2526	2606	733	2	80	0.0250000
NODE_513_length_3348_cov_243.959372	2526	2606	735	3	80	0.0375000
NODE_513_length_3348_cov_243.959372	2526	2606	736	2	80	0.0250000
NODE_513_length_3348_cov_243.959372	2526	2606	737	2	80	0.0250000
NODE_513_length_3348_cov_243.959372	2526	2606	738	2	80	0.0250000
NODE_513_length_3348_cov_243.959372	2526	2606	739	2	80	0.0250000
NODE_513_length_3348_cov_243.959372	2526	2606	740	1	80	0.0125000
NODE_513_length_3348_cov_243.959372	2526	2606	742	1	80	0.0125000
NODE_513_length_3348_cov_243.959372	2526	2606	747	1	80	0.0125000
NODE_513_length_3348_cov_243.959372	2526	2606	749	1	80	0.0125000
NODE_513_length_3348_cov_243.959372	2526	2606	750	1	80	0.0125000
NODE_513_length_3348_cov_243.959372	2526	2606	753	2	80	0.0250000
NODE_513_length_3348_cov_243.959372	2526	2606	755	2	80	0.0250000
NODE_513_length_3348_cov_243.959372	2526	2606	759	1	80	0.0125000
NODE_513_length_3348_cov_243.959372	2526	2606	763	1	80	0.0125000
NODE_513_length_3348_cov_243.959372	2526	2606	764	1	80	0.0125000
NODE_513_length_3348_cov_243.959372	2526	2606	765	2	80	0.0250000
NODE_513_length_3348_cov_243.959372	2526	2606	766	2	80	0.0250000
NODE_513_length_3348_cov_243.959372	2526	2606	767	2	80	0.0250000
NODE_513_length_3348_cov_243.959372	2526	2606	769	1	80	0.0125000
NODE_513_length_3348_cov_243.959372	2526	2606	772	1	80	0.0125000
NODE_513_length_3348_cov_243.959372	2526	2606	773	1	80	0.0125000
NODE_513_length_3348_cov_243.959372	2526	2606	774	2	80	0.0250000
NODE_514_length_3348_cov_31.953216	103	183	0	13	80	0.1625000
NODE_514_length_3348_cov_31.953216	103	183	2	15	80	0.1875000
NODE_514_length_3348_cov_31.953216	103	183	4	6	80	0.0750000
NODE_514_length_3348_cov_31.953216	103	183	6	46	80	0.5750000
NODE_514_length_3348_cov_31.953216	105	179	0	11	74	0.1486486
NODE_514_length_3348_cov_31.953216	105	179	2	15	74	0.2027027
NODE_514_length_3348_cov_31.953216	105	179	4	6	74	0.0810811
NODE_514_length_3348_cov_31.953216	105	179	6	42	74	0.5675676
NODE_514_length_3348_cov_31.953216	156	236	4	22	80	0.2750000
NODE_514_length_3348_cov_31.953216	156	236	6	58	80	0.7250000
NODE_514_length_3348_cov_31.953216	156	236	4	22	80	0.2750000
NODE_514_length_3348_cov_31.953216	156	236	6	58	80	0.7250000
NODE_514_length_3348_cov_31.953216	2405	2476	89	3	71	0.0422535
NODE_514_length_3348_cov_31.953216	2405	2476	90	2	71	0.0281690
NODE_514_length_3348_cov_31.953216	2405	2476	91	1	71	0.0140845
NODE_514_length_3348_cov_31.953216	2405	2476	94	2	71	0.0281690
NODE_514_length_3348_cov_31.953216	2405	2476	96	2	71	0.0281690
NODE_514_length_3348_cov_31.953216	2405	2476	97	1	71	0.0140845
NODE_514_length_3348_cov_31.953216	2405	2476	98	4	71	0.0563380
NODE_514_length_3348_cov_31.953216	2405	2476	102	1	71	0.0140845
NODE_514_length_3348_cov_31.953216	2405	2476	110	1	71	0.0140845
NODE_514_length_3348_cov_31.953216	2405	2476	116	2	71	0.0281690
NODE_514_length_3348_cov_31.953216	2405	2476	121	2	71	0.0281690
NODE_514_length_3348_cov_31.953216	2405	2476	125	1	71	0.0140845
NODE_514_length_3348_cov_31.953216	2405	2476	127	4	71	0.0563380
NODE_514_length_3348_cov_31.953216	2405	2476	129	1	71	0.0140845
NODE_514_length_3348_cov_31.953216	2405	2476	130	2	71	0.0281690
NODE_514_length_3348_cov_31.953216	2405	2476	132	1	71	0.0140845
NODE_514_length_3348_cov_31.953216	2405	2476	133	2	71	0.0281690
NODE_514_length_3348_cov_31.953216	2405	2476	135	4	71	0.0563380
NODE_514_length_3348_cov_31.953216	2405	2476	138	1	71	0.0140845
NODE_514_length_3348_cov_31.953216	2405	2476	144	1	71	0.0140845
NODE_514_length_3348_cov_31.953216	2405	2476	151	1	71	0.0140845
NODE_514_length_3348_cov_31.953216	2405	2476	153	1	71	0.0140845
NODE_514_length_3348_cov_31.953216	2405	2476	156	1	71	0.0140845
NODE_514_length_3348_cov_31.953216	2405	2476	158	1	71	0.0140845
NODE_514_length_3348_cov_31.953216	2405	2476	162	1	71	0.0140845
NODE_514_length_3348_cov_31.953216	2405	2476	163	1	71	0.0140845
NODE_514_length_3348_cov_31.953216	2405	2476	169	1	71	0.0140845
NODE_514_length_3348_cov_31.953216	2405	2476	171	1	71	0.0140845
NODE_514_length_3348_cov_31.953216	2405	2476	173	1	71	0.0140845
NODE_514_length_3348_cov_31.953216	2405	2476	185	1	71	0.0140845
NODE_514_length_3348_cov_31.953216	2405	2476	187	1	71	0.0140845
NODE_514_length_3348_cov_31.953216	2405	2476	189	3	71	0.0422535
NODE_514_length_3348_cov_31.953216	2405	2476	191	1	71	0.0140845
NODE_514_length_3348_cov_31.953216	2405	2476	193	1	71	0.0140845
NODE_514_length_3348_cov_31.953216	2405	2476	195	3	71	0.0422535
NODE_514_length_3348_cov_31.953216	2405	2476	197	1	71	0.0140845
NODE_514_length_3348_cov_31.953216	2405	2476	198	3	71	0.0422535
NODE_514_length_3348_cov_31.953216	2405	2476	199	2	71	0.0281690
NODE_514_length_3348_cov_31.953216	2405	2476	209	1	71	0.0140845
NODE_514_length_3348_cov_31.953216	2405	2476	219	1	71	0.0140845
NODE_514_length_3348_cov_31.953216	2405	2476	223	1	71	0.0140845
NODE_514_length_3348_cov_31.953216	2405	2476	236	1	71	0.0140845
NODE_514_length_3348_cov_31.953216	2405	2476	238	1	71	0.0140845
NODE_514_length_3348_cov_31.953216	2405	2476	242	2	71	0.0281690
NODE_514_length_3348_cov_31.953216	2405	2476	245	1	71	0.0140845
NODE_514_length_3348_cov_31.953216	2458	2529	191	1	71	0.0140845
NODE_514_length_3348_cov_31.953216	2458	2529	193	1	71	0.0140845
NODE_514_length_3348_cov_31.953216	2458	2529	195	2	71	0.0281690
NODE_514_length_3348_cov_31.953216	2458	2529	197	1	71	0.0140845
NODE_514_length_3348_cov_31.953216	2458	2529	198	3	71	0.0422535
NODE_514_length_3348_cov_31.953216	2458	2529	199	2	71	0.0281690
NODE_514_length_3348_cov_31.953216	2458	2529	209	1	71	0.0140845
NODE_514_length_3348_cov_31.953216	2458	2529	219	1	71	0.0140845
NODE_514_length_3348_cov_31.953216	2458	2529	223	1	71	0.0140845
NODE_514_length_3348_cov_31.953216	2458	2529	235	2	71	0.0281690
NODE_514_length_3348_cov_31.953216	2458	2529	236	2	71	0.0281690
NODE_514_length_3348_cov_31.953216	2458	2529	237	3	71	0.0422535
NODE_514_length_3348_cov_31.953216	2458	2529	238	1	71	0.0140845
NODE_514_length_3348_cov_31.953216	2458	2529	239	2	71	0.0281690
NODE_514_length_3348_cov_31.953216	2458	2529	241	3	71	0.0422535
NODE_514_length_3348_cov_31.953216	2458	2529	242	3	71	0.0422535
NODE_514_length_3348_cov_31.953216	2458	2529	243	2	71	0.0281690
NODE_514_length_3348_cov_31.953216	2458	2529	244	4	71	0.0563380
NODE_514_length_3348_cov_31.953216	2458	2529	245	3	71	0.0422535
NODE_514_length_3348_cov_31.953216	2458	2529	246	7	71	0.0985916
NODE_514_length_3348_cov_31.953216	2458	2529	247	3	71	0.0422535
NODE_514_length_3348_cov_31.953216	2458	2529	248	2	71	0.0281690
NODE_514_length_3348_cov_31.953216	2458	2529	249	4	71	0.0563380
NODE_514_length_3348_cov_31.953216	2458	2529	250	1	71	0.0140845
NODE_514_length_3348_cov_31.953216	2458	2529	251	3	71	0.0422535
NODE_514_length_3348_cov_31.953216	2458	2529	252	5	71	0.0704225
NODE_514_length_3348_cov_31.953216	2458	2529	253	5	71	0.0704225
NODE_514_length_3348_cov_31.953216	2458	2529	255	3	71	0.0422535
NODE_517_length_3335_cov_19.649567	2100	2180	6	33	80	0.4125000
NODE_517_length_3335_cov_19.649567	2100	2180	8	47	80	0.5875000
NODE_517_length_3335_cov_19.649567	2153	2233	6	17	80	0.2125000
NODE_517_length_3335_cov_19.649567	2153	2233	8	63	80	0.7875000
NODE_517_length_3335_cov_19.649567	2229	2309	0	14	80	0.1750000
NODE_517_length_3335_cov_19.649567	2229	2309	2	50	80	0.6250000
NODE_517_length_3335_cov_19.649567	2229	2309	4	11	80	0.1375000
NODE_517_length_3335_cov_19.649567	2229	2309	6	5	80	0.0625000
NODE_517_length_3335_cov_19.649567	2282	2362	2	68	80	0.8500000
NODE_517_length_3335_cov_19.649567	2282	2362	4	12	80	0.1500000
NODE_518_length_3333_cov_24.805504	734	814	2	62	80	0.7750000
NODE_518_length_3333_cov_24.805504	734	814	4	18	80	0.2250000
NODE_518_length_3333_cov_24.805504	787	867	2	44	80	0.5500000
NODE_518_length_3333_cov_24.805504	787	867	4	36	80	0.4500000
NODE_523_length_3312_cov_6.996576	85	165	0	80	80	1.0000000
NODE_523_length_3312_cov_6.996576	138	218	0	80	80	1.0000000
NODE_525_length_3302_cov_3.859195	3184	3262	1	2	78	0.0256410
NODE_525_length_3302_cov_3.859195	3184	3262	7	32	78	0.4102564
NODE_525_length_3302_cov_3.859195	3184	3262	9	8	78	0.1025641
NODE_525_length_3302_cov_3.859195	3184	3262	11	4	78	0.0512821
NODE_525_length_3302_cov_3.859195	3184	3262	13	1	78	0.0128205
NODE_525_length_3302_cov_3.859195	3184	3262	14	1	78	0.0128205
NODE_525_length_3302_cov_3.859195	3184	3262	15	30	78	0.3846154
NODE_525_length_3302_cov_3.859195	3184	3253	7	25	69	0.3623188
NODE_525_length_3302_cov_3.859195	3184	3253	9	8	69	0.1159420
NODE_525_length_3302_cov_3.859195	3184	3253	11	4	69	0.0579710
NODE_525_length_3302_cov_3.859195	3184	3253	13	1	69	0.0144928
NODE_525_length_3302_cov_3.859195	3184	3253	14	1	69	0.0144928
NODE_525_length_3302_cov_3.859195	3184	3253	15	30	69	0.4347826
NODE_526_length_3299_cov_6.014687	1632	1688	4	2	56	0.0357143
NODE_526_length_3299_cov_6.014687	1632	1688	6	9	56	0.1607143
NODE_526_length_3299_cov_6.014687	1632	1688	7	2	56	0.0357143
NODE_526_length_3299_cov_6.014687	1632	1688	9	14	56	0.2500000
NODE_526_length_3299_cov_6.014687	1632	1688	11	24	56	0.4285714
NODE_526_length_3299_cov_6.014687	1632	1688	12	1	56	0.0178571
NODE_526_length_3299_cov_6.014687	1632	1688	14	4	56	0.0714286
NODE_530_length_3290_cov_17.805390	773	853	8	7	80	0.0875000
NODE_530_length_3290_cov_17.805390	773	853	10	48	80	0.6000000
NODE_530_length_3290_cov_17.805390	773	853	12	5	80	0.0625000
NODE_530_length_3290_cov_17.805390	773	853	16	20	80	0.2500000
NODE_530_length_3290_cov_17.805390	826	906	2	11	80	0.1375000
NODE_530_length_3290_cov_17.805390	826	906	8	39	80	0.4875000
NODE_530_length_3290_cov_17.805390	826	906	10	26	80	0.3250000
NODE_530_length_3290_cov_17.805390	826	906	12	4	80	0.0500000
NODE_531_length_3290_cov_12.352554	2749	2829	0	29	80	0.3625000
NODE_531_length_3290_cov_12.352554	2749	2829	2	51	80	0.6375000
NODE_531_length_3290_cov_12.352554	2802	2882	0	80	80	1.0000000
NODE_532_length_3286_cov_5.973015	0	50	0	50	50	1.0000000
NODE_532_length_3286_cov_5.973015	0	50	0	50	50	1.0000000
NODE_532_length_3286_cov_5.973015	0	50	0	50	50	1.0000000
NODE_532_length_3286_cov_5.973015	23	89	0	66	66	1.0000000
NODE_532_length_3286_cov_5.973015	23	94	0	71	71	1.0000000
NODE_533_length_3284_cov_6.453689	313	392	0	79	79	1.0000000
NODE_533_length_3284_cov_6.453689	365	445	0	80	80	1.0000000
NODE_541_length_3267_cov_12.768624	11	91	6	2	80	0.0250000
NODE_541_length_3267_cov_12.768624	11	91	10	8	80	0.1000000
NODE_541_length_3267_cov_12.768624	11	91	12	2	80	0.0250000
NODE_541_length_3267_cov_12.768624	11	91	14	2	80	0.0250000
NODE_541_length_3267_cov_12.768624	11	91	18	3	80	0.0375000
NODE_541_length_3267_cov_12.768624	11	91	25	5	80	0.0625000
NODE_541_length_3267_cov_12.768624	11	91	29	3	80	0.0375000
NODE_541_length_3267_cov_12.768624	11	91	33	5	80	0.0625000
NODE_541_length_3267_cov_12.768624	11	91	37	10	80	0.1250000
NODE_541_length_3267_cov_12.768624	11	91	47	4	80	0.0500000
NODE_541_length_3267_cov_12.768624	11	91	49	14	80	0.1750000
NODE_541_length_3267_cov_12.768624	11	91	51	22	80	0.2750000
NODE_542_length_3266_cov_14.108304	2620	2684	6	19	64	0.2968750
NODE_542_length_3266_cov_14.108304	2620	2684	7	3	64	0.0468750
NODE_542_length_3266_cov_14.108304	2620	2684	9	1	64	0.0156250
NODE_542_length_3266_cov_14.108304	2620	2684	13	15	64	0.2343750
NODE_542_length_3266_cov_14.108304	2620	2684	14	8	64	0.1250000
NODE_542_length_3266_cov_14.108304	2620	2684	16	18	64	0.2812500
NODE_542_length_3266_cov_14.108304	2620	2684	6	19	64	0.2968750
NODE_542_length_3266_cov_14.108304	2620	2684	7	3	64	0.0468750
NODE_542_length_3266_cov_14.108304	2620	2684	9	1	64	0.0156250
NODE_542_length_3266_cov_14.108304	2620	2684	13	15	64	0.2343750
NODE_542_length_3266_cov_14.108304	2620	2684	14	8	64	0.1250000
NODE_542_length_3266_cov_14.108304	2620	2684	16	18	64	0.2812500
NODE_542_length_3266_cov_14.108304	2620	2684	6	19	64	0.2968750
NODE_542_length_3266_cov_14.108304	2620	2684	7	3	64	0.0468750
NODE_542_length_3266_cov_14.108304	2620	2684	9	1	64	0.0156250
NODE_542_length_3266_cov_14.108304	2620	2684	13	15	64	0.2343750
NODE_542_length_3266_cov_14.108304	2620	2684	14	8	64	0.1250000
NODE_542_length_3266_cov_14.108304	2620	2684	16	18	64	0.2812500
NODE_547_length_3242_cov_12.407891	391	471	0	80	80	1.0000000
NODE_547_length_3242_cov_12.407891	444	524	0	80	80	1.0000000
NODE_550_length_3233_cov_19.903957	411	491	0	80	80	1.0000000
NODE_550_length_3233_cov_19.903957	411	491	0	80	80	1.0000000
NODE_550_length_3233_cov_19.903957	464	544	0	80	80	1.0000000
NODE_552_length_3232_cov_11.378870	2586	2621	12	35	35	1.0000000
NODE_555_length_3214_cov_22.853291	2090	2170	47	20	80	0.2500000
NODE_555_length_3214_cov_22.853291	2090	2170	49	5	80	0.0625000
NODE_555_length_3214_cov_22.853291	2090	2170	50	4	80	0.0500000
NODE_555_length_3214_cov_22.853291	2090	2170	51	4	80	0.0500000
NODE_555_length_3214_cov_22.853291	2090	2170	52	7	80	0.0875000
NODE_555_length_3214_cov_22.853291	2090	2170	54	10	80	0.1250000
NODE_555_length_3214_cov_22.853291	2090	2170	55	3	80	0.0375000
NODE_555_length_3214_cov_22.853291	2090	2170	56	7	80	0.0875000
NODE_555_length_3214_cov_22.853291	2090	2170	58	4	80	0.0500000
NODE_555_length_3214_cov_22.853291	2090	2170	60	5	80	0.0625000
NODE_555_length_3214_cov_22.853291	2090	2170	62	2	80	0.0250000
NODE_555_length_3214_cov_22.853291	2090	2170	64	4	80	0.0500000
NODE_555_length_3214_cov_22.853291	2090	2170	66	1	80	0.0125000
NODE_555_length_3214_cov_22.853291	2090	2170	68	4	80	0.0500000
NODE_555_length_3214_cov_22.853291	2143	2223	47	9	80	0.1125000
NODE_555_length_3214_cov_22.853291	2143	2223	50	3	80	0.0375000
NODE_555_length_3214_cov_22.853291	2143	2223	52	2	80	0.0250000
NODE_555_length_3214_cov_22.853291	2143	2223	53	2	80	0.0250000
NODE_555_length_3214_cov_22.853291	2143	2223	54	1	80	0.0125000
NODE_555_length_3214_cov_22.853291	2143	2223	55	4	80	0.0500000
NODE_555_length_3214_cov_22.853291	2143	2223	56	3	80	0.0375000
NODE_555_length_3214_cov_22.853291	2143	2223	57	8	80	0.1000000
NODE_555_length_3214_cov_22.853291	2143	2223	59	2	80	0.0250000
NODE_555_length_3214_cov_22.853291	2143	2223	60	18	80	0.2250000
NODE_555_length_3214_cov_22.853291	2143	2223	62	7	80	0.0875000
NODE_555_length_3214_cov_22.853291	2143	2223	64	8	80	0.1000000
NODE_555_length_3214_cov_22.853291	2143	2223	65	4	80	0.0500000
NODE_555_length_3214_cov_22.853291	2143	2223	66	4	80	0.0500000
NODE_555_length_3214_cov_22.853291	2143	2223	68	5	80	0.0625000
NODE_555_length_3214_cov_22.853291	3028	3086	21	1	58	0.0172414
NODE_555_length_3214_cov_22.853291	3028	3086	23	2	58	0.0344828
NODE_555_length_3214_cov_22.853291	3028	3086	27	3	58	0.0517241
NODE_555_length_3214_cov_22.853291	3028	3086	29	11	58	0.1896552
NODE_555_length_3214_cov_22.853291	3028	3086	31	1	58	0.0172414
NODE_555_length_3214_cov_22.853291	3028	3086	32	2	58	0.0344828
NODE_555_length_3214_cov_22.853291	3028	3086	34	4	58	0.0689655
NODE_555_length_3214_cov_22.853291	3028	3086	35	5	58	0.0862069
NODE_555_length_3214_cov_22.853291	3028	3086	36	1	58	0.0172414
NODE_555_length_3214_cov_22.853291	3028	3086	38	1	58	0.0172414
NODE_555_length_3214_cov_22.853291	3028	3086	40	6	58	0.1034483
NODE_555_length_3214_cov_22.853291	3028	3086	44	6	58	0.1034483
NODE_555_length_3214_cov_22.853291	3028	3086	46	3	58	0.0517241
NODE_555_length_3214_cov_22.853291	3028	3086	49	6	58	0.1034483
NODE_555_length_3214_cov_22.853291	3028	3086	50	5	58	0.0862069
NODE_555_length_3214_cov_22.853291	3028	3086	56	1	58	0.0172414
NODE_556_length_3211_cov_1.921915	95	175	0	3	80	0.0375000
NODE_556_length_3211_cov_1.921915	95	175	7	1	80	0.0125000
NODE_556_length_3211_cov_1.921915	95	175	8	3	80	0.0375000
NODE_556_length_3211_cov_1.921915	95	175	10	36	80	0.4500000
NODE_556_length_3211_cov_1.921915	95	175	12	2	80	0.0250000
NODE_556_length_3211_cov_1.921915	95	175	14	35	80	0.4375000
NODE_556_length_3211_cov_1.921915	148	178	0	6	30	0.2000000
NODE_556_length_3211_cov_1.921915	148	178	7	1	30	0.0333333
NODE_556_length_3211_cov_1.921915	148	178	8	3	30	0.1000000
NODE_556_length_3211_cov_1.921915	148	178	10	20	30	0.6666667
NODE_557_length_3210_cov_7.428480	2040	2111	10	2	71	0.0281690
NODE_557_length_3210_cov_7.428480	2040	2111	14	5	71	0.0704225
NODE_557_length_3210_cov_7.428480	2040	2111	18	2	71	0.0281690
NODE_557_length_3210_cov_7.428480	2040	2111	20	7	71	0.0985916
NODE_557_length_3210_cov_7.428480	2040	2111	21	1	71	0.0140845
NODE_557_length_3210_cov_7.428480	2040	2111	26	23	71	0.3239437
NODE_557_length_3210_cov_7.428480	2040	2111	28	31	71	0.4366197
NODE_557_length_3210_cov_7.428480	2084	2164	6	9	80	0.1125000
NODE_557_length_3210_cov_7.428480	2084	2164	10	4	80	0.0500000
NODE_557_length_3210_cov_7.428480	2084	2164	12	7	80	0.0875000
NODE_557_length_3210_cov_7.428480	2084	2164	14	10	80	0.1250000
NODE_557_length_3210_cov_7.428480	2084	2164	21	1	80	0.0125000
NODE_557_length_3210_cov_7.428480	2084	2164	25	1	80	0.0125000
NODE_557_length_3210_cov_7.428480	2084	2164	26	14	80	0.1750000
NODE_557_length_3210_cov_7.428480	2084	2164	28	34	80	0.4250000
NODE_557_length_3210_cov_7.428480	2715	2797	0	29	82	0.3536585
NODE_557_length_3210_cov_7.428480	2715	2797	4	8	82	0.0975610
NODE_557_length_3210_cov_7.428480	2715	2797	5	45	82	0.5487805
NODE_557_length_3210_cov_7.428480	2770	2850	0	8	80	0.1000000
NODE_557_length_3210_cov_7.428480	2770	2850	3	1	80	0.0125000
NODE_557_length_3210_cov_7.428480	2770	2850	5	71	80	0.8875000
NODE_562_length_3201_cov_3.591231	3120	3200	0	58	80	0.7250000
NODE_562_length_3201_cov_3.591231	3120	3200	2	14	80	0.1750000
NODE_562_length_3201_cov_3.591231	3120	3200	5	8	80	0.1000000
NODE_566_length_3189_cov_69.446602	137	188	2	51	51	1.0000000
NODE_567_length_3188_cov_7.233085	1663	1743	10	2	80	0.0250000
NODE_567_length_3188_cov_7.233085	1663	1743	11	2	80	0.0250000
NODE_567_length_3188_cov_7.233085	1663	1743	12	5	80	0.0625000
NODE_567_length_3188_cov_7.233085	1663	1743	14	23	80	0.2875000
NODE_567_length_3188_cov_7.233085	1663	1743	15	1	80	0.0125000
NODE_567_length_3188_cov_7.233085	1663	1743	16	30	80	0.3750000
NODE_567_length_3188_cov_7.233085	1663	1743	18	17	80	0.2125000
NODE_567_length_3188_cov_7.233085	1716	1796	8	23	80	0.2875000
NODE_567_length_3188_cov_7.233085	1716	1796	9	8	80	0.1000000
NODE_567_length_3188_cov_7.233085	1716	1796	10	10	80	0.1250000
NODE_567_length_3188_cov_7.233085	1716	1796	11	2	80	0.0250000
NODE_567_length_3188_cov_7.233085	1716	1796	12	19	80	0.2375000
NODE_567_length_3188_cov_7.233085	1716	1796	14	2	80	0.0250000
NODE_567_length_3188_cov_7.233085	1716	1796	15	1	80	0.0125000
NODE_567_length_3188_cov_7.233085	1716	1796	16	15	80	0.1875000
NODE_570_length_3177_cov_2.789474	2021	2042	0	21	21	1.0000000
NODE_575_length_3158_cov_19.018960	840	920	1	8	80	0.1000000
NODE_575_length_3158_cov_19.018960	840	920	3	7	80	0.0875000
NODE_575_length_3158_cov_19.018960	840	920	4	60	80	0.7500000
NODE_575_length_3158_cov_19.018960	840	920	5	5	80	0.0625000
NODE_575_length_3158_cov_19.018960	893	973	2	46	80	0.5750000
NODE_575_length_3158_cov_19.018960	893	973	4	34	80	0.4250000
NODE_575_length_3158_cov_19.018960	2833	2915	0	37	82	0.4512195
NODE_575_length_3158_cov_19.018960	2833	2915	2	45	82	0.5487805
NODE_575_length_3158_cov_19.018960	2888	2959	2	71	71	1.0000000
NODE_576_length_3150_cov_26.520813	770	850	28	10	80	0.1250000
NODE_576_length_3150_cov_26.520813	770	850	35	8	80	0.1000000
NODE_576_length_3150_cov_26.520813	770	850	36	2	80	0.0250000
NODE_576_length_3150_cov_26.520813	770	850	37	4	80	0.0500000
NODE_576_length_3150_cov_26.520813	770	850	38	1	80	0.0125000
NODE_576_length_3150_cov_26.520813	770	850	40	4	80	0.0500000
NODE_576_length_3150_cov_26.520813	770	850	42	3	80	0.0375000
NODE_576_length_3150_cov_26.520813	770	850	44	13	80	0.1625000
NODE_576_length_3150_cov_26.520813	770	850	46	6	80	0.0750000
NODE_576_length_3150_cov_26.520813	770	850	48	29	80	0.3625000
NODE_576_length_3150_cov_26.520813	823	901	19	26	78	0.3333333
NODE_576_length_3150_cov_26.520813	823	901	21	7	78	0.0897436
NODE_576_length_3150_cov_26.520813	823	901	25	1	78	0.0128205
NODE_576_length_3150_cov_26.520813	823	901	27	5	78	0.0641026
NODE_576_length_3150_cov_26.520813	823	901	28	2	78	0.0256410
NODE_576_length_3150_cov_26.520813	823	901	29	4	78	0.0512821
NODE_576_length_3150_cov_26.520813	823	901	31	1	78	0.0128205
NODE_576_length_3150_cov_26.520813	823	901	33	4	78	0.0512821
NODE_576_length_3150_cov_26.520813	823	901	35	9	78	0.1153846
NODE_576_length_3150_cov_26.520813	823	901	37	4	78	0.0512821
NODE_576_length_3150_cov_26.520813	823	901	38	1	78	0.0128205
NODE_576_length_3150_cov_26.520813	823	901	40	4	78	0.0512821
NODE_576_length_3150_cov_26.520813	823	901	42	3	78	0.0384615
NODE_576_length_3150_cov_26.520813	823	901	44	6	78	0.0769231
NODE_576_length_3150_cov_26.520813	823	901	46	1	78	0.0128205
NODE_576_length_3150_cov_26.520813	2616	2696	0	80	80	1.0000000
NODE_576_length_3150_cov_26.520813	2669	2749	0	80	80	1.0000000
NODE_577_length_3150_cov_5.923959	2313	2393	0	22	80	0.2750000
NODE_577_length_3150_cov_5.923959	2313	2393	6	58	80	0.7250000
NODE_579_length_3148_cov_2.313873	3053	3105	0	1	52	0.0192308
NODE_579_length_3148_cov_2.313873	3053	3105	4	51	52	0.9807692
NODE_581_length_3146_cov_18.277322	2418	2498	0	80	80	1.0000000
NODE_581_length_3146_cov_18.277322	2471	2551	0	48	80	0.6000000
NODE_581_length_3146_cov_18.277322	2471	2551	2	32	80	0.4000000
NODE_581_length_3146_cov_18.277322	2547	2627	2	12	80	0.1500000
NODE_581_length_3146_cov_18.277322	2547	2627	3	17	80	0.2125000
NODE_581_length_3146_cov_18.277322	2547	2627	4	51	80	0.6375000
NODE_581_length_3146_cov_18.277322	2600	2680	2	25	80	0.3125000
NODE_581_length_3146_cov_18.277322	2600	2680	3	51	80	0.6375000
NODE_581_length_3146_cov_18.277322	2600	2680	4	4	80	0.0500000
NODE_581_length_3146_cov_18.277322	2975	3055	3	3	80	0.0375000
NODE_581_length_3146_cov_18.277322	2975	3055	4	77	80	0.9625000
NODE_585_length_3134_cov_8.717957	1290	1362	30	9	72	0.1250000
NODE_585_length_3134_cov_8.717957	1290	1362	34	3	72	0.0416667
NODE_585_length_3134_cov_8.717957	1290	1362	36	2	72	0.0277778
NODE_585_length_3134_cov_8.717957	1290	1362	38	4	72	0.0555556
NODE_585_length_3134_cov_8.717957	1290	1362	41	1	72	0.0138889
NODE_585_length_3134_cov_8.717957	1290	1362	42	10	72	0.1388889
NODE_585_length_3134_cov_8.717957	1290	1362	44	2	72	0.0277778
NODE_585_length_3134_cov_8.717957	1290	1362	48	8	72	0.1111111
NODE_585_length_3134_cov_8.717957	1290	1362	50	4	72	0.0555556
NODE_585_length_3134_cov_8.717957	1290	1362	52	13	72	0.1805556
NODE_585_length_3134_cov_8.717957	1290	1362	54	2	72	0.0277778
NODE_585_length_3134_cov_8.717957	1290	1362	56	6	72	0.0833333
NODE_585_length_3134_cov_8.717957	1290	1362	58	6	72	0.0833333
NODE_585_length_3134_cov_8.717957	1290	1362	60	2	72	0.0277778
NODE_585_length_3134_cov_8.717957	1335	1415	52	12	80	0.1500000
NODE_585_length_3134_cov_8.717957	1335	1415	54	5	80	0.0625000
NODE_585_length_3134_cov_8.717957	1335	1415	55	7	80	0.0875000
NODE_585_length_3134_cov_8.717957	1335	1415	56	6	80	0.0750000
NODE_585_length_3134_cov_8.717957	1335	1415	58	27	80	0.3375000
NODE_585_length_3134_cov_8.717957	1335	1415	60	5	80	0.0625000
NODE_585_length_3134_cov_8.717957	1335	1415	61	1	80	0.0125000
NODE_585_length_3134_cov_8.717957	1335	1415	62	1	80	0.0125000
NODE_585_length_3134_cov_8.717957	1335	1415	63	6	80	0.0750000
NODE_585_length_3134_cov_8.717957	1335	1415	64	6	80	0.0750000
NODE_585_length_3134_cov_8.717957	1335	1415	65	4	80	0.0500000
NODE_586_length_3131_cov_26.910620	232	312	0	80	80	1.0000000
NODE_586_length_3131_cov_26.910620	285	364	0	79	79	1.0000000
NODE_586_length_3131_cov_26.910620	2151	2231	0	80	80	1.0000000
NODE_586_length_3131_cov_26.910620	2155	2227	0	72	72	1.0000000
NODE_586_length_3131_cov_26.910620	2204	2284	0	80	80	1.0000000
NODE_586_length_3131_cov_26.910620	2208	2284	0	76	76	1.0000000
NODE_586_length_3131_cov_26.910620	2280	2360	0	80	80	1.0000000
NODE_586_length_3131_cov_26.910620	2333	2413	0	47	80	0.5875000
NODE_586_length_3131_cov_26.910620	2333	2413	2	33	80	0.4125000
NODE_590_length_3118_cov_5.059622	367	445	0	37	78	0.4743590
NODE_590_length_3118_cov_5.059622	367	445	2	41	78	0.5256410
NODE_590_length_3118_cov_5.059622	418	498	0	80	80	1.0000000
NODE_591_length_3117_cov_5.938038	2525	2605	0	80	80	1.0000000
NODE_591_length_3117_cov_5.938038	2578	2658	0	80	80	1.0000000
NODE_595_length_3110_cov_31.733643	2864	2923	2	1	59	0.0169492
NODE_595_length_3110_cov_31.733643	2864	2923	7	1	59	0.0169492
NODE_595_length_3110_cov_31.733643	2864	2923	8	2	59	0.0338983
NODE_595_length_3110_cov_31.733643	2864	2923	9	1	59	0.0169492
NODE_595_length_3110_cov_31.733643	2864	2923	11	7	59	0.1186441
NODE_595_length_3110_cov_31.733643	2864	2923	13	5	59	0.0847458
NODE_595_length_3110_cov_31.733643	2864	2923	14	1	59	0.0169492
NODE_595_length_3110_cov_31.733643	2864	2923	18	41	59	0.6949152
NODE_602_length_3093_cov_54.559786	571	651	0	80	80	1.0000000
NODE_602_length_3093_cov_54.559786	624	704	0	80	80	1.0000000
NODE_602_length_3093_cov_54.559786	2901	2981	72	2	80	0.0250000
NODE_602_length_3093_cov_54.559786	2901	2981	84	1	80	0.0125000
NODE_602_length_3093_cov_54.559786	2901	2981	86	3	80	0.0375000
NODE_602_length_3093_cov_54.559786	2901	2981	90	3	80	0.0375000
NODE_602_length_3093_cov_54.559786	2901	2981	92	8	80	0.1000000
NODE_602_length_3093_cov_54.559786	2901	2981	96	3	80	0.0375000
NODE_602_length_3093_cov_54.559786	2901	2981	100	6	80	0.0750000
NODE_602_length_3093_cov_54.559786	2901	2981	102	4	80	0.0500000
NODE_602_length_3093_cov_54.559786	2901	2981	106	10	80	0.1250000
NODE_602_length_3093_cov_54.559786	2901	2981	108	5	80	0.0625000
NODE_602_length_3093_cov_54.559786	2901	2981	112	5	80	0.0625000
NODE_602_length_3093_cov_54.559786	2901	2981	116	1	80	0.0125000
NODE_602_length_3093_cov_54.559786	2901	2981	118	7	80	0.0875000
NODE_602_length_3093_cov_54.559786	2901	2981	124	1	80	0.0125000
NODE_602_length_3093_cov_54.559786	2901	2981	126	7	80	0.0875000
NODE_602_length_3093_cov_54.559786	2901	2981	127	1	80	0.0125000
NODE_602_length_3093_cov_54.559786	2901	2981	128	13	80	0.1625000
NODE_602_length_3093_cov_54.559786	2954	3034	38	1	80	0.0125000
NODE_602_length_3093_cov_54.559786	2954	3034	40	1	80	0.0125000
NODE_602_length_3093_cov_54.559786	2954	3034	41	1	80	0.0125000
NODE_602_length_3093_cov_54.559786	2954	3034	42	1	80	0.0125000
NODE_602_length_3093_cov_54.559786	2954	3034	44	2	80	0.0250000
NODE_602_length_3093_cov_54.559786	2954	3034	54	1	80	0.0125000
NODE_602_length_3093_cov_54.559786	2954	3034	56	1	80	0.0125000
NODE_602_length_3093_cov_54.559786	2954	3034	63	4	80	0.0500000
NODE_602_length_3093_cov_54.559786	2954	3034	65	6	80	0.0750000
NODE_602_length_3093_cov_54.559786	2954	3034	81	3	80	0.0375000
NODE_602_length_3093_cov_54.559786	2954	3034	85	2	80	0.0250000
NODE_602_length_3093_cov_54.559786	2954	3034	91	5	80	0.0625000
NODE_602_length_3093_cov_54.559786	2954	3034	92	1	80	0.0125000
NODE_602_length_3093_cov_54.559786	2954	3034	98	1	80	0.0125000
NODE_602_length_3093_cov_54.559786	2954	3034	100	4	80	0.0500000
NODE_602_length_3093_cov_54.559786	2954	3034	102	8	80	0.1000000
NODE_602_length_3093_cov_54.559786	2954	3034	105	1	80	0.0125000
NODE_602_length_3093_cov_54.559786	2954	3034	106	1	80	0.0125000
NODE_602_length_3093_cov_54.559786	2954	3034	114	6	80	0.0750000
NODE_602_length_3093_cov_54.559786	2954	3034	118	6	80	0.0750000
NODE_602_length_3093_cov_54.559786	2954	3034	124	1	80	0.0125000
NODE_602_length_3093_cov_54.559786	2954	3034	126	7	80	0.0875000
NODE_602_length_3093_cov_54.559786	2954	3034	127	1	80	0.0125000
NODE_602_length_3093_cov_54.559786	2954	3034	128	15	80	0.1875000
NODE_603_length_3091_cov_35.895722	1743	1804	8	61	61	1.0000000
NODE_603_length_3091_cov_35.895722	1777	1857	2	25	80	0.3125000
NODE_603_length_3091_cov_35.895722	1777	1857	8	40	80	0.5000000
NODE_603_length_3091_cov_35.895722	1777	1857	10	15	80	0.1875000
NODE_603_length_3091_cov_35.895722	2472	2535	0	36	63	0.5714286
NODE_603_length_3091_cov_35.895722	2472	2535	2	27	63	0.4285714
NODE_603_length_3091_cov_35.895722	2508	2553	0	38	45	0.8444445
NODE_603_length_3091_cov_35.895722	2508	2553	2	7	45	0.1555556
NODE_603_length_3091_cov_35.895722	2534	2604	0	12	70	0.1714286
NODE_603_length_3091_cov_35.895722	2534	2604	2	17	70	0.2428571
NODE_603_length_3091_cov_35.895722	2534	2604	4	41	70	0.5857143
NODE_603_length_3091_cov_35.895722	2578	2618	4	40	40	1.0000000
NODE_603_length_3091_cov_35.895722	2586	2623	4	37	37	1.0000000
NODE_603_length_3091_cov_35.895722	2626	2671	2	9	45	0.2000000
NODE_603_length_3091_cov_35.895722	2626	2671	4	36	45	0.8000000
NODE_603_length_3091_cov_35.895722	2682	2730	6	40	48	0.8333333
NODE_603_length_3091_cov_35.895722	2682	2730	7	4	48	0.0833333
NODE_603_length_3091_cov_35.895722	2682	2730	8	4	48	0.0833333
NODE_603_length_3091_cov_35.895722	2918	2969	0	51	51	1.0000000
NODE_603_length_3091_cov_35.895722	2942	2987	0	45	45	1.0000000
NODE_603_length_3091_cov_35.895722	2994	3039	0	45	45	1.0000000
NODE_607_length_3079_cov_7.081879	2340	2420	11	2	80	0.0250000
NODE_607_length_3079_cov_7.081879	2340	2420	12	16	80	0.2000000
NODE_607_length_3079_cov_7.081879	2340	2420	15	20	80	0.2500000
NODE_607_length_3079_cov_7.081879	2340	2420	16	7	80	0.0875000
NODE_607_length_3079_cov_7.081879	2340	2420	17	13	80	0.1625000
NODE_607_length_3079_cov_7.081879	2340	2420	18	22	80	0.2750000
NODE_607_length_3079_cov_7.081879	2886	2938	29	3	52	0.0576923
NODE_607_length_3079_cov_7.081879	2886	2938	33	3	52	0.0576923
NODE_607_length_3079_cov_7.081879	2886	2938	34	2	52	0.0384615
NODE_607_length_3079_cov_7.081879	2886	2938	36	5	52	0.0961538
NODE_607_length_3079_cov_7.081879	2886	2938	38	2	52	0.0384615
NODE_607_length_3079_cov_7.081879	2886	2938	44	11	52	0.2115385
NODE_607_length_3079_cov_7.081879	2886	2938	50	1	52	0.0192308
NODE_607_length_3079_cov_7.081879	2886	2938	52	4	52	0.0769231
NODE_607_length_3079_cov_7.081879	2886	2938	54	1	52	0.0192308
NODE_607_length_3079_cov_7.081879	2886	2938	60	3	52	0.0576923
NODE_607_length_3079_cov_7.081879	2886	2938	64	1	52	0.0192308
NODE_607_length_3079_cov_7.081879	2886	2938	65	1	52	0.0192308
NODE_607_length_3079_cov_7.081879	2886	2938	72	3	52	0.0576923
NODE_607_length_3079_cov_7.081879	2886	2938	81	1	52	0.0192308
NODE_607_length_3079_cov_7.081879	2886	2938	83	1	52	0.0192308
NODE_607_length_3079_cov_7.081879	2886	2938	93	3	52	0.0576923
NODE_607_length_3079_cov_7.081879	2886	2938	95	1	52	0.0192308
NODE_607_length_3079_cov_7.081879	2886	2938	102	1	52	0.0192308
NODE_607_length_3079_cov_7.081879	2886	2938	112	1	52	0.0192308
NODE_607_length_3079_cov_7.081879	2886	2938	113	3	52	0.0576923
NODE_607_length_3079_cov_7.081879	2886	2938	115	1	52	0.0192308
NODE_607_length_3079_cov_7.081879	2893	2959	34	2	66	0.0303030
NODE_607_length_3079_cov_7.081879	2893	2959	36	4	66	0.0606061
NODE_607_length_3079_cov_7.081879	2893	2959	38	2	66	0.0303030
NODE_607_length_3079_cov_7.081879	2893	2959	44	11	66	0.1666667
NODE_607_length_3079_cov_7.081879	2893	2959	50	1	66	0.0151515
NODE_607_length_3079_cov_7.081879	2893	2959	52	4	66	0.0606061
NODE_607_length_3079_cov_7.081879	2893	2959	54	1	66	0.0151515
NODE_607_length_3079_cov_7.081879	2893	2959	60	3	66	0.0454545
NODE_607_length_3079_cov_7.081879	2893	2959	64	1	66	0.0151515
NODE_607_length_3079_cov_7.081879	2893	2959	65	1	66	0.0151515
NODE_607_length_3079_cov_7.081879	2893	2959	72	3	66	0.0454545
NODE_607_length_3079_cov_7.081879	2893	2959	81	1	66	0.0151515
NODE_607_length_3079_cov_7.081879	2893	2959	83	1	66	0.0151515
NODE_607_length_3079_cov_7.081879	2893	2959	93	3	66	0.0454545
NODE_607_length_3079_cov_7.081879	2893	2959	95	1	66	0.0151515
NODE_607_length_3079_cov_7.081879	2893	2959	102	1	66	0.0151515
NODE_607_length_3079_cov_7.081879	2893	2959	112	1	66	0.0151515
NODE_607_length_3079_cov_7.081879	2893	2959	113	3	66	0.0454545
NODE_607_length_3079_cov_7.081879	2893	2959	115	1	66	0.0151515
NODE_607_length_3079_cov_7.081879	2893	2959	119	2	66	0.0303030
NODE_607_length_3079_cov_7.081879	2893	2959	121	1	66	0.0151515
NODE_607_length_3079_cov_7.081879	2893	2959	125	1	66	0.0151515
NODE_607_length_3079_cov_7.081879	2893	2959	130	2	66	0.0303030
NODE_607_length_3079_cov_7.081879	2893	2959	131	2	66	0.0303030
NODE_607_length_3079_cov_7.081879	2893	2959	134	1	66	0.0151515
NODE_607_length_3079_cov_7.081879	2893	2959	136	1	66	0.0151515
NODE_607_length_3079_cov_7.081879	2893	2959	141	3	66	0.0454545
NODE_607_length_3079_cov_7.081879	2893	2959	142	1	66	0.0151515
NODE_607_length_3079_cov_7.081879	2893	2959	143	2	66	0.0303030
NODE_607_length_3079_cov_7.081879	2893	2959	145	4	66	0.0606061
NODE_607_length_3079_cov_7.081879	2893	2959	147	1	66	0.0151515
NODE_607_length_3079_cov_7.081879	2932	2993	102	1	61	0.0163934
NODE_607_length_3079_cov_7.081879	2932	2993	112	1	61	0.0163934
NODE_607_length_3079_cov_7.081879	2932	2993	113	3	61	0.0491803
NODE_607_length_3079_cov_7.081879	2932	2993	115	1	61	0.0163934
NODE_607_length_3079_cov_7.081879	2932	2993	119	2	61	0.0327869
NODE_607_length_3079_cov_7.081879	2932	2993	121	1	61	0.0163934
NODE_607_length_3079_cov_7.081879	2932	2993	125	1	61	0.0163934
NODE_607_length_3079_cov_7.081879	2932	2993	130	2	61	0.0327869
NODE_607_length_3079_cov_7.081879	2932	2993	131	2	61	0.0327869
NODE_607_length_3079_cov_7.081879	2932	2993	134	1	61	0.0163934
NODE_607_length_3079_cov_7.081879	2932	2993	136	1	61	0.0163934
NODE_607_length_3079_cov_7.081879	2932	2993	141	3	61	0.0491803
NODE_607_length_3079_cov_7.081879	2932	2993	142	1	61	0.0163934
NODE_607_length_3079_cov_7.081879	2932	2993	143	2	61	0.0327869
NODE_607_length_3079_cov_7.081879	2932	2993	145	16	61	0.2622951
NODE_607_length_3079_cov_7.081879	2932	2993	147	1	61	0.0163934
NODE_607_length_3079_cov_7.081879	2932	2993	149	11	61	0.1803279
NODE_607_length_3079_cov_7.081879	2932	2993	151	3	61	0.0491803
NODE_607_length_3079_cov_7.081879	2932	2993	153	8	61	0.1311475
NODE_607_length_3079_cov_7.081879	2932	2995	102	1	63	0.0158730
NODE_607_length_3079_cov_7.081879	2932	2995	112	1	63	0.0158730
NODE_607_length_3079_cov_7.081879	2932	2995	113	3	63	0.0476190
NODE_607_length_3079_cov_7.081879	2932	2995	115	1	63	0.0158730
NODE_607_length_3079_cov_7.081879	2932	2995	119	2	63	0.0317460
NODE_607_length_3079_cov_7.081879	2932	2995	121	1	63	0.0158730
NODE_607_length_3079_cov_7.081879	2932	2995	125	1	63	0.0158730
NODE_607_length_3079_cov_7.081879	2932	2995	130	2	63	0.0317460
NODE_607_length_3079_cov_7.081879	2932	2995	131	2	63	0.0317460
NODE_607_length_3079_cov_7.081879	2932	2995	134	1	63	0.0158730
NODE_607_length_3079_cov_7.081879	2932	2995	136	1	63	0.0158730
NODE_607_length_3079_cov_7.081879	2932	2995	141	3	63	0.0476190
NODE_607_length_3079_cov_7.081879	2932	2995	142	1	63	0.0158730
NODE_607_length_3079_cov_7.081879	2932	2995	143	2	63	0.0317460
NODE_607_length_3079_cov_7.081879	2932	2995	145	16	63	0.2539683
NODE_607_length_3079_cov_7.081879	2932	2995	147	1	63	0.0158730
NODE_607_length_3079_cov_7.081879	2932	2995	149	13	63	0.2063492
NODE_607_length_3079_cov_7.081879	2932	2995	151	3	63	0.0476190
NODE_607_length_3079_cov_7.081879	2932	2995	153	8	63	0.1269841
NODE_607_length_3079_cov_7.081879	2932	2995	102	1	63	0.0158730
NODE_607_length_3079_cov_7.081879	2932	2995	112	1	63	0.0158730
NODE_607_length_3079_cov_7.081879	2932	2995	113	3	63	0.0476190
NODE_607_length_3079_cov_7.081879	2932	2995	115	1	63	0.0158730
NODE_607_length_3079_cov_7.081879	2932	2995	119	2	63	0.0317460
NODE_607_length_3079_cov_7.081879	2932	2995	121	1	63	0.0158730
NODE_607_length_3079_cov_7.081879	2932	2995	125	1	63	0.0158730
NODE_607_length_3079_cov_7.081879	2932	2995	130	2	63	0.0317460
NODE_607_length_3079_cov_7.081879	2932	2995	131	2	63	0.0317460
NODE_607_length_3079_cov_7.081879	2932	2995	134	1	63	0.0158730
NODE_607_length_3079_cov_7.081879	2932	2995	136	1	63	0.0158730
NODE_607_length_3079_cov_7.081879	2932	2995	141	3	63	0.0476190
NODE_607_length_3079_cov_7.081879	2932	2995	142	1	63	0.0158730
NODE_607_length_3079_cov_7.081879	2932	2995	143	2	63	0.0317460
NODE_607_length_3079_cov_7.081879	2932	2995	145	16	63	0.2539683
NODE_607_length_3079_cov_7.081879	2932	2995	147	1	63	0.0158730
NODE_607_length_3079_cov_7.081879	2932	2995	149	13	63	0.2063492
NODE_607_length_3079_cov_7.081879	2932	2995	151	3	63	0.0476190
NODE_607_length_3079_cov_7.081879	2932	2995	153	8	63	0.1269841
NODE_608_length_3077_cov_23.535259	1244	1321	0	32	77	0.4155844
NODE_608_length_3077_cov_23.535259	1244	1321	2	8	77	0.1038961
NODE_608_length_3077_cov_23.535259	1244	1321	4	37	77	0.4805195
NODE_608_length_3077_cov_23.535259	1911	1991	0	39	80	0.4875000
NODE_608_length_3077_cov_23.535259	1911	1991	7	41	80	0.5125000
NODE_608_length_3077_cov_23.535259	1964	2016	7	52	52	1.0000000
NODE_608_length_3077_cov_23.535259	2028	2114	6	2	86	0.0232558
NODE_608_length_3077_cov_23.535259	2028	2114	7	23	86	0.2674419
NODE_608_length_3077_cov_23.535259	2028	2114	8	35	86	0.4069767
NODE_608_length_3077_cov_23.535259	2028	2114	12	10	86	0.1162791
NODE_608_length_3077_cov_23.535259	2028	2114	13	1	86	0.0116279
NODE_608_length_3077_cov_23.535259	2028	2114	14	15	86	0.1744186
NODE_609_length_3077_cov_8.693083	1157	1237	2	1	80	0.0125000
NODE_609_length_3077_cov_8.693083	1157	1237	6	3	80	0.0375000
NODE_609_length_3077_cov_8.693083	1157	1237	10	3	80	0.0375000
NODE_609_length_3077_cov_8.693083	1157	1237	12	8	80	0.1000000
NODE_609_length_3077_cov_8.693083	1157	1237	13	10	80	0.1250000
NODE_609_length_3077_cov_8.693083	1157	1237	14	16	80	0.2000000
NODE_609_length_3077_cov_8.693083	1157	1237	20	1	80	0.0125000
NODE_609_length_3077_cov_8.693083	1157	1237	22	1	80	0.0125000
NODE_609_length_3077_cov_8.693083	1157	1237	24	9	80	0.1125000
NODE_609_length_3077_cov_8.693083	1157	1237	25	11	80	0.1375000
NODE_609_length_3077_cov_8.693083	1157	1237	27	10	80	0.1250000
NODE_609_length_3077_cov_8.693083	1157	1237	29	2	80	0.0250000
NODE_609_length_3077_cov_8.693083	1157	1237	30	1	80	0.0125000
NODE_609_length_3077_cov_8.693083	1157	1237	31	2	80	0.0250000
NODE_609_length_3077_cov_8.693083	1157	1237	33	1	80	0.0125000
NODE_609_length_3077_cov_8.693083	1157	1237	35	1	80	0.0125000
NODE_609_length_3077_cov_8.693083	1161	1184	10	3	23	0.1304348
NODE_609_length_3077_cov_8.693083	1161	1184	12	8	23	0.3478261
NODE_609_length_3077_cov_8.693083	1161	1184	13	10	23	0.4347826
NODE_609_length_3077_cov_8.693083	1161	1184	14	2	23	0.0869565
NODE_609_length_3077_cov_8.693083	1233	1313	31	2	80	0.0250000
NODE_609_length_3077_cov_8.693083	1233	1313	33	1	80	0.0125000
NODE_609_length_3077_cov_8.693083	1233	1313	35	2	80	0.0250000
NODE_609_length_3077_cov_8.693083	1233	1313	36	3	80	0.0375000
NODE_609_length_3077_cov_8.693083	1233	1313	37	4	80	0.0500000
NODE_609_length_3077_cov_8.693083	1233	1313	38	6	80	0.0750000
NODE_609_length_3077_cov_8.693083	1233	1313	39	5	80	0.0625000
NODE_609_length_3077_cov_8.693083	1233	1313	41	5	80	0.0625000
NODE_609_length_3077_cov_8.693083	1233	1313	43	6	80	0.0750000
NODE_609_length_3077_cov_8.693083	1233	1313	47	2	80	0.0250000
NODE_609_length_3077_cov_8.693083	1233	1313	48	3	80	0.0375000
NODE_609_length_3077_cov_8.693083	1233	1313	49	4	80	0.0500000
NODE_609_length_3077_cov_8.693083	1233	1313	50	7	80	0.0875000
NODE_609_length_3077_cov_8.693083	1233	1313	51	3	80	0.0375000
NODE_609_length_3077_cov_8.693083	1233	1313	52	2	80	0.0250000
NODE_609_length_3077_cov_8.693083	1233	1313	53	12	80	0.1500000
NODE_609_length_3077_cov_8.693083	1233	1313	55	9	80	0.1125000
NODE_609_length_3077_cov_8.693083	1233	1313	57	4	80	0.0500000
NODE_609_length_3077_cov_8.693083	1286	1352	39	2	66	0.0303030
NODE_609_length_3077_cov_8.693083	1286	1352	41	2	66	0.0303030
NODE_609_length_3077_cov_8.693083	1286	1352	43	16	66	0.2424242
NODE_609_length_3077_cov_8.693083	1286	1352	44	3	66	0.0454545
NODE_609_length_3077_cov_8.693083	1286	1352	45	10	66	0.1515152
NODE_609_length_3077_cov_8.693083	1286	1352	46	4	66	0.0606061
NODE_609_length_3077_cov_8.693083	1286	1352	48	4	66	0.0606061
NODE_609_length_3077_cov_8.693083	1286	1352	50	6	66	0.0909091
NODE_609_length_3077_cov_8.693083	1286	1352	52	2	66	0.0303030
NODE_609_length_3077_cov_8.693083	1286	1352	53	7	66	0.1060606
NODE_609_length_3077_cov_8.693083	1286	1352	55	6	66	0.0909091
NODE_609_length_3077_cov_8.693083	1286	1352	57	4	66	0.0606061
NODE_609_length_3077_cov_8.693083	2672	2757	0	3	85	0.0352941
NODE_609_length_3077_cov_8.693083	2672	2757	4	14	85	0.1647059
NODE_609_length_3077_cov_8.693083	2672	2757	6	6	85	0.0705882
NODE_609_length_3077_cov_8.693083	2672	2757	8	6	85	0.0705882
NODE_609_length_3077_cov_8.693083	2672	2757	14	3	85	0.0352941
NODE_609_length_3077_cov_8.693083	2672	2757	16	5	85	0.0588235
NODE_609_length_3077_cov_8.693083	2672	2757	18	11	85	0.1294118
NODE_609_length_3077_cov_8.693083	2672	2757	19	9	85	0.1058824
NODE_609_length_3077_cov_8.693083	2672	2757	21	12	85	0.1411765
NODE_609_length_3077_cov_8.693083	2672	2757	25	16	85	0.1882353
NODE_611_length_3074_cov_2.996303	2561	2629	53	3	68	0.0441176
NODE_611_length_3074_cov_2.996303	2561	2629	58	1	68	0.0147059
NODE_611_length_3074_cov_2.996303	2561	2629	67	1	68	0.0147059
NODE_611_length_3074_cov_2.996303	2561	2629	74	1	68	0.0147059
NODE_611_length_3074_cov_2.996303	2561	2629	82	1	68	0.0147059
NODE_611_length_3074_cov_2.996303	2561	2629	107	1	68	0.0147059
NODE_611_length_3074_cov_2.996303	2561	2629	111	1	68	0.0147059
NODE_611_length_3074_cov_2.996303	2561	2629	123	1	68	0.0147059
NODE_611_length_3074_cov_2.996303	2561	2629	132	1	68	0.0147059
NODE_611_length_3074_cov_2.996303	2561	2629	137	1	68	0.0147059
NODE_611_length_3074_cov_2.996303	2561	2629	141	1	68	0.0147059
NODE_611_length_3074_cov_2.996303	2561	2629	145	1	68	0.0147059
NODE_611_length_3074_cov_2.996303	2561	2629	146	3	68	0.0441176
NODE_611_length_3074_cov_2.996303	2561	2629	154	1	68	0.0147059
NODE_611_length_3074_cov_2.996303	2561	2629	157	1	68	0.0147059
NODE_611_length_3074_cov_2.996303	2561	2629	161	1	68	0.0147059
NODE_611_length_3074_cov_2.996303	2561	2629	175	1	68	0.0147059
NODE_611_length_3074_cov_2.996303	2561	2629	181	1	68	0.0147059
NODE_611_length_3074_cov_2.996303	2561	2629	192	1	68	0.0147059
NODE_611_length_3074_cov_2.996303	2561	2629	193	1	68	0.0147059
NODE_611_length_3074_cov_2.996303	2561	2629	196	1	68	0.0147059
NODE_611_length_3074_cov_2.996303	2561	2629	211	1	68	0.0147059
NODE_611_length_3074_cov_2.996303	2561	2629	215	1	68	0.0147059
NODE_611_length_3074_cov_2.996303	2561	2629	222	1	68	0.0147059
NODE_611_length_3074_cov_2.996303	2561	2629	226	1	68	0.0147059
NODE_611_length_3074_cov_2.996303	2561	2629	229	1	68	0.0147059
NODE_611_length_3074_cov_2.996303	2561	2629	234	1	68	0.0147059
NODE_611_length_3074_cov_2.996303	2561	2629	237	1	68	0.0147059
NODE_611_length_3074_cov_2.996303	2561	2629	239	1	68	0.0147059
NODE_611_length_3074_cov_2.996303	2561	2629	240	2	68	0.0294118
NODE_611_length_3074_cov_2.996303	2561	2629	254	1	68	0.0147059
NODE_611_length_3074_cov_2.996303	2561	2629	261	1	68	0.0147059
NODE_611_length_3074_cov_2.996303	2561	2629	266	1	68	0.0147059
NODE_611_length_3074_cov_2.996303	2561	2629	289	1	68	0.0147059
NODE_611_length_3074_cov_2.996303	2561	2629	291	1	68	0.0147059
NODE_611_length_3074_cov_2.996303	2561	2629	292	1	68	0.0147059
NODE_611_length_3074_cov_2.996303	2561	2629	301	1	68	0.0147059
NODE_611_length_3074_cov_2.996303	2561	2629	307	1	68	0.0147059
NODE_611_length_3074_cov_2.996303	2561	2629	309	1	68	0.0147059
NODE_611_length_3074_cov_2.996303	2561	2629	313	1	68	0.0147059
NODE_611_length_3074_cov_2.996303	2561	2629	315	1	68	0.0147059
NODE_611_length_3074_cov_2.996303	2561	2629	319	1	68	0.0147059
NODE_611_length_3074_cov_2.996303	2561	2629	323	1	68	0.0147059
NODE_611_length_3074_cov_2.996303	2561	2629	328	1	68	0.0147059
NODE_611_length_3074_cov_2.996303	2561	2629	332	1	68	0.0147059
NODE_611_length_3074_cov_2.996303	2561	2629	339	1	68	0.0147059
NODE_611_length_3074_cov_2.996303	2561	2629	352	1	68	0.0147059
NODE_611_length_3074_cov_2.996303	2561	2629	356	1	68	0.0147059
NODE_611_length_3074_cov_2.996303	2561	2629	362	1	68	0.0147059
NODE_611_length_3074_cov_2.996303	2561	2629	369	1	68	0.0147059
NODE_611_length_3074_cov_2.996303	2561	2629	376	1	68	0.0147059
NODE_611_length_3074_cov_2.996303	2561	2629	393	1	68	0.0147059
NODE_611_length_3074_cov_2.996303	2561	2629	415	1	68	0.0147059
NODE_611_length_3074_cov_2.996303	2561	2629	417	1	68	0.0147059
NODE_611_length_3074_cov_2.996303	2561	2629	433	1	68	0.0147059
NODE_611_length_3074_cov_2.996303	2561	2629	447	1	68	0.0147059
NODE_611_length_3074_cov_2.996303	2561	2629	454	1	68	0.0147059
NODE_611_length_3074_cov_2.996303	2561	2629	458	1	68	0.0147059
NODE_611_length_3074_cov_2.996303	2561	2629	469	1	68	0.0147059
NODE_611_length_3074_cov_2.996303	2561	2629	478	1	68	0.0147059
NODE_611_length_3074_cov_2.996303	2561	2629	495	1	68	0.0147059
NODE_611_length_3074_cov_2.996303	2561	2629	504	1	68	0.0147059
NODE_611_length_3074_cov_2.996303	2561	2629	514	1	68	0.0147059
NODE_615_length_3069_cov_2.448822	2948	2991	0	25	43	0.5813953
NODE_615_length_3069_cov_2.448822	2948	2991	2	18	43	0.4186046
NODE_616_length_3059_cov_20.037500	346	426	10	6	80	0.0750000
NODE_616_length_3059_cov_20.037500	346	426	12	4	80	0.0500000
NODE_616_length_3059_cov_20.037500	346	426	16	17	80	0.2125000
NODE_616_length_3059_cov_20.037500	346	426	18	2	80	0.0250000
NODE_616_length_3059_cov_20.037500	346	426	20	6	80	0.0750000
NODE_616_length_3059_cov_20.037500	346	426	22	3	80	0.0375000
NODE_616_length_3059_cov_20.037500	346	426	26	2	80	0.0250000
NODE_616_length_3059_cov_20.037500	346	426	28	2	80	0.0250000
NODE_616_length_3059_cov_20.037500	346	426	34	2	80	0.0250000
NODE_616_length_3059_cov_20.037500	346	426	44	1	80	0.0125000
NODE_616_length_3059_cov_20.037500	346	426	46	5	80	0.0625000
NODE_616_length_3059_cov_20.037500	346	426	48	14	80	0.1750000
NODE_616_length_3059_cov_20.037500	346	426	50	6	80	0.0750000
NODE_616_length_3059_cov_20.037500	346	426	54	8	80	0.1000000
NODE_616_length_3059_cov_20.037500	346	426	56	2	80	0.0250000
NODE_616_length_3059_cov_20.037500	399	479	30	1	80	0.0125000
NODE_616_length_3059_cov_20.037500	399	479	32	3	80	0.0375000
NODE_616_length_3059_cov_20.037500	399	479	37	1	80	0.0125000
NODE_616_length_3059_cov_20.037500	399	479	38	2	80	0.0250000
NODE_616_length_3059_cov_20.037500	399	479	40	12	80	0.1500000
NODE_616_length_3059_cov_20.037500	399	479	42	19	80	0.2375000
NODE_616_length_3059_cov_20.037500	399	479	44	5	80	0.0625000
NODE_616_length_3059_cov_20.037500	399	479	46	1	80	0.0125000
NODE_616_length_3059_cov_20.037500	399	479	48	14	80	0.1750000
NODE_616_length_3059_cov_20.037500	399	479	50	6	80	0.0750000
NODE_616_length_3059_cov_20.037500	399	479	54	14	80	0.1750000
NODE_616_length_3059_cov_20.037500	399	479	56	2	80	0.0250000
NODE_616_length_3059_cov_20.037500	1317	1397	0	80	80	1.0000000
NODE_616_length_3059_cov_20.037500	1370	1447	0	77	77	1.0000000
NODE_616_length_3059_cov_20.037500	2514	2594	0	80	80	1.0000000
NODE_616_length_3059_cov_20.037500	2567	2647	0	80	80	1.0000000
NODE_617_length_3058_cov_21.767489	2802	2882	0	53	80	0.6625000
NODE_617_length_3058_cov_21.767489	2802	2882	1	1	80	0.0125000
NODE_617_length_3058_cov_21.767489	2802	2882	2	1	80	0.0125000
NODE_617_length_3058_cov_21.767489	2802	2882	6	23	80	0.2875000
NODE_617_length_3058_cov_21.767489	2802	2882	11	1	80	0.0125000
NODE_617_length_3058_cov_21.767489	2802	2882	12	1	80	0.0125000
NODE_617_length_3058_cov_21.767489	2855	2930	0	4	75	0.0533333
NODE_617_length_3058_cov_21.767489	2855	2930	6	35	75	0.4666667
NODE_617_length_3058_cov_21.767489	2855	2930	8	17	75	0.2266667
NODE_617_length_3058_cov_21.767489	2855	2930	10	3	75	0.0400000
NODE_617_length_3058_cov_21.767489	2855	2930	13	3	75	0.0400000
NODE_617_length_3058_cov_21.767489	2855	2930	15	4	75	0.0533333
NODE_617_length_3058_cov_21.767489	2855	2930	17	9	75	0.1200000
NODE_621_length_3047_cov_47.232361	418	489	0	71	71	1.0000000
NODE_621_length_3047_cov_47.232361	758	801	15	4	43	0.0930233
NODE_621_length_3047_cov_47.232361	758	801	16	3	43	0.0697674
NODE_621_length_3047_cov_47.232361	758	801	20	1	43	0.0232558
NODE_621_length_3047_cov_47.232361	758	801	22	1	43	0.0232558
NODE_621_length_3047_cov_47.232361	758	801	24	1	43	0.0232558
NODE_621_length_3047_cov_47.232361	758	801	26	11	43	0.2558140
NODE_621_length_3047_cov_47.232361	758	801	28	6	43	0.1395349
NODE_621_length_3047_cov_47.232361	758	801	29	1	43	0.0232558
NODE_621_length_3047_cov_47.232361	758	801	31	3	43	0.0697674
NODE_621_length_3047_cov_47.232361	758	801	35	2	43	0.0465116
NODE_621_length_3047_cov_47.232361	758	801	41	1	43	0.0232558
NODE_621_length_3047_cov_47.232361	758	801	42	1	43	0.0232558
NODE_621_length_3047_cov_47.232361	758	801	44	3	43	0.0697674
NODE_621_length_3047_cov_47.232361	758	801	46	3	43	0.0697674
NODE_621_length_3047_cov_47.232361	758	801	48	2	43	0.0465116
NODE_623_length_3044_cov_38.951783	1702	1782	0	80	80	1.0000000
NODE_623_length_3044_cov_38.951783	1755	1835	0	80	80	1.0000000
NODE_623_length_3044_cov_38.951783	1831	1911	0	80	80	1.0000000
NODE_623_length_3044_cov_38.951783	1884	1964	0	80	80	1.0000000
NODE_623_length_3044_cov_38.951783	2556	2636	0	80	80	1.0000000
NODE_623_length_3044_cov_38.951783	2609	2689	0	80	80	1.0000000
NODE_625_length_3039_cov_3.258163	261	337	0	11	76	0.1447368
NODE_625_length_3039_cov_3.258163	261	337	2	61	76	0.8026316
NODE_625_length_3039_cov_3.258163	261	337	4	4	76	0.0526316
NODE_625_length_3039_cov_3.258163	261	336	0	10	75	0.1333333
NODE_625_length_3039_cov_3.258163	261	336	2	61	75	0.8133333
NODE_625_length_3039_cov_3.258163	261	336	4	4	75	0.0533333
NODE_625_length_3039_cov_3.258163	261	337	0	11	76	0.1447368
NODE_625_length_3039_cov_3.258163	261	337	2	61	76	0.8026316
NODE_625_length_3039_cov_3.258163	261	337	4	4	76	0.0526316
NODE_625_length_3039_cov_3.258163	270	337	0	11	67	0.1641791
NODE_625_length_3039_cov_3.258163	270	337	2	56	67	0.8358209
NODE_627_length_3036_cov_8.968676	2303	2367	0	21	64	0.3281250
NODE_627_length_3036_cov_8.968676	2303	2367	4	15	64	0.2343750
NODE_627_length_3036_cov_8.968676	2303	2367	6	28	64	0.4375000
NODE_627_length_3036_cov_8.968676	2340	2420	6	35	80	0.4375000
NODE_627_length_3036_cov_8.968676	2340	2420	8	28	80	0.3500000
NODE_627_length_3036_cov_8.968676	2340	2420	10	13	80	0.1625000
NODE_627_length_3036_cov_8.968676	2340	2420	14	4	80	0.0500000
NODE_627_length_3036_cov_8.968676	2416	2496	10	37	80	0.4625000
NODE_627_length_3036_cov_8.968676	2416	2496	12	14	80	0.1750000
NODE_627_length_3036_cov_8.968676	2416	2496	14	16	80	0.2000000
NODE_627_length_3036_cov_8.968676	2416	2496	16	13	80	0.1625000
NODE_627_length_3036_cov_8.968676	2469	2549	2	1	80	0.0125000
NODE_627_length_3036_cov_8.968676	2469	2549	4	13	80	0.1625000
NODE_627_length_3036_cov_8.968676	2469	2549	8	35	80	0.4375000
NODE_627_length_3036_cov_8.968676	2469	2549	10	31	80	0.3875000
NODE_629_length_3032_cov_7.470849	1026	1068	30	1	42	0.0238095
NODE_629_length_3032_cov_7.470849	1026	1068	32	5	42	0.1190476
NODE_629_length_3032_cov_7.470849	1026	1068	34	8	42	0.1904762
NODE_629_length_3032_cov_7.470849	1026	1068	36	6	42	0.1428571
NODE_629_length_3032_cov_7.470849	1026	1068	38	22	42	0.5238096
NODE_630_length_3025_cov_11.862611	2371	2451	0	74	80	0.9250000
NODE_630_length_3025_cov_11.862611	2371	2451	2	6	80	0.0750000
NODE_630_length_3025_cov_11.862611	2424	2504	0	21	80	0.2625000
NODE_630_length_3025_cov_11.862611	2424	2504	2	59	80	0.7375000
NODE_630_length_3025_cov_11.862611	2500	2580	2	76	80	0.9500000
NODE_630_length_3025_cov_11.862611	2500	2580	4	4	80	0.0500000
NODE_630_length_3025_cov_11.862611	2553	2633	2	23	80	0.2875000
NODE_630_length_3025_cov_11.862611	2553	2633	4	11	80	0.1375000
NODE_630_length_3025_cov_11.862611	2553	2633	6	46	80	0.5750000
NODE_635_length_3012_cov_33.100240	2379	2459	0	12	80	0.1500000
NODE_635_length_3012_cov_33.100240	2379	2459	4	68	80	0.8500000
NODE_635_length_3012_cov_33.100240	2432	2512	0	30	80	0.3750000
NODE_635_length_3012_cov_33.100240	2432	2512	4	50	80	0.6250000
NODE_637_length_3007_cov_11.843535	2641	2721	0	13	80	0.1625000
NODE_637_length_3007_cov_11.843535	2641	2721	2	60	80	0.7500000
NODE_637_length_3007_cov_11.843535	2641	2721	3	2	80	0.0250000
NODE_637_length_3007_cov_11.843535	2641	2721	4	3	80	0.0375000
NODE_637_length_3007_cov_11.843535	2641	2721	5	2	80	0.0250000
NODE_643_length_2992_cov_2.636709	2032	2112	0	69	80	0.8625000
NODE_643_length_2992_cov_2.636709	2032	2112	2	11	80	0.1375000
NODE_643_length_2992_cov_2.636709	2085	2165	0	16	80	0.2000000
NODE_643_length_2992_cov_2.636709	2085	2165	2	15	80	0.1875000
NODE_643_length_2992_cov_2.636709	2085	2165	3	2	80	0.0250000
NODE_643_length_2992_cov_2.636709	2085	2165	5	3	80	0.0375000
NODE_643_length_2992_cov_2.636709	2085	2165	6	5	80	0.0625000
NODE_643_length_2992_cov_2.636709	2085	2165	8	8	80	0.1000000
NODE_643_length_2992_cov_2.636709	2085	2165	10	1	80	0.0125000
NODE_643_length_2992_cov_2.636709	2085	2165	12	2	80	0.0250000
NODE_643_length_2992_cov_2.636709	2085	2165	14	2	80	0.0250000
NODE_643_length_2992_cov_2.636709	2085	2165	16	16	80	0.2000000
NODE_643_length_2992_cov_2.636709	2085	2165	18	8	80	0.1000000
NODE_643_length_2992_cov_2.636709	2085	2165	20	2	80	0.0250000
NODE_646_length_2978_cov_4.883293	382	452	0	8	70	0.1142857
NODE_646_length_2978_cov_4.883293	382	452	2	62	70	0.8857143
NODE_646_length_2978_cov_4.883293	1858	1938	4	15	80	0.1875000
NODE_646_length_2978_cov_4.883293	1858	1938	6	4	80	0.0500000
NODE_646_length_2978_cov_4.883293	1858	1938	8	61	80	0.7625000
NODE_646_length_2978_cov_4.883293	1926	1991	2	30	65	0.4615385
NODE_646_length_2978_cov_4.883293	1926	1991	4	9	65	0.1384615
NODE_646_length_2978_cov_4.883293	1926	1991	6	26	65	0.4000000
NODE_646_length_2978_cov_4.883293	1987	2066	0	4	79	0.0506329
NODE_646_length_2978_cov_4.883293	1987	2066	2	75	79	0.9493671
NODE_646_length_2978_cov_4.883293	2040	2079	0	17	39	0.4358974
NODE_646_length_2978_cov_4.883293	2040	2079	2	22	39	0.5641026
NODE_647_length_2976_cov_24.683003	1764	1844	0	8	80	0.1000000
NODE_647_length_2976_cov_24.683003	1764	1844	2	72	80	0.9000000
NODE_647_length_2976_cov_24.683003	1817	1897	0	61	80	0.7625000
NODE_647_length_2976_cov_24.683003	1817	1897	2	19	80	0.2375000
NODE_647_length_2976_cov_24.683003	1893	1973	0	45	80	0.5625000
NODE_647_length_2976_cov_24.683003	1893	1973	2	7	80	0.0875000
NODE_647_length_2976_cov_24.683003	1893	1973	4	28	80	0.3500000
NODE_647_length_2976_cov_24.683003	1946	2026	0	14	80	0.1750000
NODE_647_length_2976_cov_24.683003	1946	2026	2	2	80	0.0250000
NODE_647_length_2976_cov_24.683003	1946	2026	4	64	80	0.8000000
NODE_651_length_2967_cov_16.146095	238	318	0	32	80	0.4000000
NODE_651_length_2967_cov_16.146095	238	318	4	48	80	0.6000000
NODE_651_length_2967_cov_16.146095	291	371	3	30	80	0.3750000
NODE_651_length_2967_cov_16.146095	291	371	4	50	80	0.6250000
NODE_651_length_2967_cov_16.146095	367	447	0	72	80	0.9000000
NODE_651_length_2967_cov_16.146095	367	447	2	2	80	0.0250000
NODE_651_length_2967_cov_16.146095	367	447	3	6	80	0.0750000
NODE_651_length_2967_cov_16.146095	420	500	0	80	80	1.0000000
NODE_653_length_2965_cov_19.913468	92	134	16	7	42	0.1666667
NODE_653_length_2965_cov_19.913468	92	134	18	3	42	0.0714286
NODE_653_length_2965_cov_19.913468	92	134	20	1	42	0.0238095
NODE_653_length_2965_cov_19.913468	92	134	24	4	42	0.0952381
NODE_653_length_2965_cov_19.913468	92	134	36	2	42	0.0476190
NODE_653_length_2965_cov_19.913468	92	134	38	1	42	0.0238095
NODE_653_length_2965_cov_19.913468	92	134	42	1	42	0.0238095
NODE_653_length_2965_cov_19.913468	92	134	44	1	42	0.0238095
NODE_653_length_2965_cov_19.913468	92	134	46	6	42	0.1428571
NODE_653_length_2965_cov_19.913468	92	134	52	3	42	0.0714286
NODE_653_length_2965_cov_19.913468	92	134	54	13	42	0.3095238
NODE_653_length_2965_cov_19.913468	109	178	10	8	69	0.1159420
NODE_653_length_2965_cov_19.913468	109	178	12	11	69	0.1594203
NODE_653_length_2965_cov_19.913468	109	178	13	1	69	0.0144928
NODE_653_length_2965_cov_19.913468	109	178	14	24	69	0.3478261
NODE_653_length_2965_cov_19.913468	109	178	16	7	69	0.1014493
NODE_653_length_2965_cov_19.913468	109	178	18	3	69	0.0434783
NODE_653_length_2965_cov_19.913468	109	178	20	1	69	0.0144928
NODE_653_length_2965_cov_19.913468	109	178	24	4	69	0.0579710
NODE_653_length_2965_cov_19.913468	109	178	36	2	69	0.0289855
NODE_653_length_2965_cov_19.913468	109	178	38	1	69	0.0144928
NODE_653_length_2965_cov_19.913468	109	178	42	1	69	0.0144928
NODE_653_length_2965_cov_19.913468	109	178	44	1	69	0.0144928
NODE_653_length_2965_cov_19.913468	109	178	46	5	69	0.0724638
NODE_653_length_2965_cov_19.913468	109	178	10	8	69	0.1159420
NODE_653_length_2965_cov_19.913468	109	178	12	11	69	0.1594203
NODE_653_length_2965_cov_19.913468	109	178	13	1	69	0.0144928
NODE_653_length_2965_cov_19.913468	109	178	14	24	69	0.3478261
NODE_653_length_2965_cov_19.913468	109	178	16	7	69	0.1014493
NODE_653_length_2965_cov_19.913468	109	178	18	3	69	0.0434783
NODE_653_length_2965_cov_19.913468	109	178	20	1	69	0.0144928
NODE_653_length_2965_cov_19.913468	109	178	24	4	69	0.0579710
NODE_653_length_2965_cov_19.913468	109	178	36	2	69	0.0289855
NODE_653_length_2965_cov_19.913468	109	178	38	1	69	0.0144928
NODE_653_length_2965_cov_19.913468	109	178	42	1	69	0.0144928
NODE_653_length_2965_cov_19.913468	109	178	44	1	69	0.0144928
NODE_653_length_2965_cov_19.913468	109	178	46	5	69	0.0724638
NODE_653_length_2965_cov_19.913468	2298	2378	2	80	80	1.0000000
NODE_653_length_2965_cov_19.913468	2351	2431	2	41	80	0.5125000
NODE_653_length_2965_cov_19.913468	2351	2431	3	8	80	0.1000000
NODE_653_length_2965_cov_19.913468	2351	2431	4	31	80	0.3875000
NODE_653_length_2965_cov_19.913468	2427	2507	2	22	80	0.2750000
NODE_653_length_2965_cov_19.913468	2427	2507	6	58	80	0.7250000
NODE_653_length_2965_cov_19.913468	2480	2560	0	47	80	0.5875000
NODE_653_length_2965_cov_19.913468	2480	2560	4	5	80	0.0625000
NODE_653_length_2965_cov_19.913468	2480	2560	6	28	80	0.3500000
NODE_656_length_2960_cov_35.741699	459	539	0	40	80	0.5000000
NODE_656_length_2960_cov_35.741699	459	539	4	40	80	0.5000000
NODE_656_length_2960_cov_35.741699	512	592	2	6	80	0.0750000
NODE_656_length_2960_cov_35.741699	512	592	4	73	80	0.9125000
NODE_656_length_2960_cov_35.741699	512	592	6	1	80	0.0125000
NODE_659_length_2951_cov_7.195652	1100	1141	204	1	41	0.0243902
NODE_659_length_2951_cov_7.195652	1100	1141	205	1	41	0.0243902
NODE_659_length_2951_cov_7.195652	1100	1141	217	1	41	0.0243902
NODE_659_length_2951_cov_7.195652	1100	1141	221	1	41	0.0243902
NODE_659_length_2951_cov_7.195652	1100	1141	224	1	41	0.0243902
NODE_659_length_2951_cov_7.195652	1100	1141	234	1	41	0.0243902
NODE_659_length_2951_cov_7.195652	1100	1141	236	1	41	0.0243902
NODE_659_length_2951_cov_7.195652	1100	1141	237	1	41	0.0243902
NODE_659_length_2951_cov_7.195652	1100	1141	245	1	41	0.0243902
NODE_659_length_2951_cov_7.195652	1100	1141	247	1	41	0.0243902
NODE_659_length_2951_cov_7.195652	1100	1141	257	1	41	0.0243902
NODE_659_length_2951_cov_7.195652	1100	1141	261	1	41	0.0243902
NODE_659_length_2951_cov_7.195652	1100	1141	266	1	41	0.0243902
NODE_659_length_2951_cov_7.195652	1100	1141	279	1	41	0.0243902
NODE_659_length_2951_cov_7.195652	1100	1141	284	1	41	0.0243902
NODE_659_length_2951_cov_7.195652	1100	1141	286	1	41	0.0243902
NODE_659_length_2951_cov_7.195652	1100	1141	293	1	41	0.0243902
NODE_659_length_2951_cov_7.195652	1100	1141	295	1	41	0.0243902
NODE_659_length_2951_cov_7.195652	1100	1141	298	1	41	0.0243902
NODE_659_length_2951_cov_7.195652	1100	1141	304	1	41	0.0243902
NODE_659_length_2951_cov_7.195652	1100	1141	310	1	41	0.0243902
NODE_659_length_2951_cov_7.195652	1100	1141	312	1	41	0.0243902
NODE_659_length_2951_cov_7.195652	1100	1141	314	1	41	0.0243902
NODE_659_length_2951_cov_7.195652	1100	1141	324	1	41	0.0243902
NODE_659_length_2951_cov_7.195652	1100	1141	328	1	41	0.0243902
NODE_659_length_2951_cov_7.195652	1100	1141	338	1	41	0.0243902
NODE_659_length_2951_cov_7.195652	1100	1141	344	1	41	0.0243902
NODE_659_length_2951_cov_7.195652	1100	1141	346	1	41	0.0243902
NODE_659_length_2951_cov_7.195652	1100	1141	347	1	41	0.0243902
NODE_659_length_2951_cov_7.195652	1100	1141	349	1	41	0.0243902
NODE_659_length_2951_cov_7.195652	1100	1141	353	2	41	0.0487805
NODE_659_length_2951_cov_7.195652	1100	1141	354	1	41	0.0243902
NODE_659_length_2951_cov_7.195652	1100	1141	356	2	41	0.0487805
NODE_659_length_2951_cov_7.195652	1100	1141	359	2	41	0.0487805
NODE_659_length_2951_cov_7.195652	1100	1141	362	1	41	0.0243902
NODE_659_length_2951_cov_7.195652	1100	1141	363	1	41	0.0243902
NODE_659_length_2951_cov_7.195652	1100	1141	371	1	41	0.0243902
NODE_659_length_2951_cov_7.195652	1100	1141	374	1	41	0.0243902
NODE_665_length_2935_cov_37.693230	1492	1572	30	1	80	0.0125000
NODE_665_length_2935_cov_37.693230	1492	1572	32	1	80	0.0125000
NODE_665_length_2935_cov_37.693230	1492	1572	36	1	80	0.0125000
NODE_665_length_2935_cov_37.693230	1492	1572	38	1	80	0.0125000
NODE_665_length_2935_cov_37.693230	1492	1572	42	4	80	0.0500000
NODE_665_length_2935_cov_37.693230	1492	1572	44	4	80	0.0500000
NODE_665_length_2935_cov_37.693230	1492	1572	48	2	80	0.0250000
NODE_665_length_2935_cov_37.693230	1492	1572	50	17	80	0.2125000
NODE_665_length_2935_cov_37.693230	1492	1572	52	5	80	0.0625000
NODE_665_length_2935_cov_37.693230	1492	1572	54	2	80	0.0250000
NODE_665_length_2935_cov_37.693230	1492	1572	56	23	80	0.2875000
NODE_665_length_2935_cov_37.693230	1492	1572	58	6	80	0.0750000
NODE_665_length_2935_cov_37.693230	1492	1572	60	7	80	0.0875000
NODE_665_length_2935_cov_37.693230	1492	1572	62	6	80	0.0750000
NODE_665_length_2935_cov_37.693230	1534	1589	34	4	55	0.0727273
NODE_665_length_2935_cov_37.693230	1534	1589	36	1	55	0.0181818
NODE_665_length_2935_cov_37.693230	1534	1589	38	3	55	0.0545455
NODE_665_length_2935_cov_37.693230	1534	1589	42	1	55	0.0181818
NODE_665_length_2935_cov_37.693230	1534	1589	44	1	55	0.0181818
NODE_665_length_2935_cov_37.693230	1534	1589	46	6	55	0.1090909
NODE_665_length_2935_cov_37.693230	1534	1589	48	3	55	0.0545455
NODE_665_length_2935_cov_37.693230	1534	1589	50	13	55	0.2363636
NODE_665_length_2935_cov_37.693230	1534	1589	54	2	55	0.0363636
NODE_665_length_2935_cov_37.693230	1534	1589	56	21	55	0.3818182
NODE_665_length_2935_cov_37.693230	1545	1619	0	1	74	0.0135135
NODE_665_length_2935_cov_37.693230	1545	1619	2	1	74	0.0135135
NODE_665_length_2935_cov_37.693230	1545	1619	4	1	74	0.0135135
NODE_665_length_2935_cov_37.693230	1545	1619	6	1	74	0.0135135
NODE_665_length_2935_cov_37.693230	1545	1619	8	1	74	0.0135135
NODE_665_length_2935_cov_37.693230	1545	1619	10	7	74	0.0945946
NODE_665_length_2935_cov_37.693230	1545	1619	12	1	74	0.0135135
NODE_665_length_2935_cov_37.693230	1545	1619	14	2	74	0.0270270
NODE_665_length_2935_cov_37.693230	1545	1619	16	2	74	0.0270270
NODE_665_length_2935_cov_37.693230	1545	1619	18	2	74	0.0270270
NODE_665_length_2935_cov_37.693230	1545	1619	22	7	74	0.0945946
NODE_665_length_2935_cov_37.693230	1545	1619	25	1	74	0.0135135
NODE_665_length_2935_cov_37.693230	1545	1619	31	1	74	0.0135135
NODE_665_length_2935_cov_37.693230	1545	1619	33	2	74	0.0270270
NODE_665_length_2935_cov_37.693230	1545	1619	34	4	74	0.0540541
NODE_665_length_2935_cov_37.693230	1545	1619	36	1	74	0.0135135
NODE_665_length_2935_cov_37.693230	1545	1619	38	3	74	0.0405405
NODE_665_length_2935_cov_37.693230	1545	1619	42	1	74	0.0135135
NODE_665_length_2935_cov_37.693230	1545	1619	44	1	74	0.0135135
NODE_665_length_2935_cov_37.693230	1545	1619	46	6	74	0.0810811
NODE_665_length_2935_cov_37.693230	1545	1619	48	3	74	0.0405405
NODE_665_length_2935_cov_37.693230	1545	1619	50	13	74	0.1756757
NODE_665_length_2935_cov_37.693230	1545	1619	54	2	74	0.0270270
NODE_665_length_2935_cov_37.693230	1545	1619	56	10	74	0.1351351
NODE_665_length_2935_cov_37.693230	1625	1701	0	76	76	1.0000000
NODE_665_length_2935_cov_37.693230	2863	2906	4	7	43	0.1627907
NODE_665_length_2935_cov_37.693230	2863	2906	6	36	43	0.8372093
NODE_675_length_2913_cov_4.376688	2664	2739	2	1	75	0.0133333
NODE_675_length_2913_cov_4.376688	2664	2739	10	2	75	0.0266667
NODE_675_length_2913_cov_4.376688	2664	2739	12	13	75	0.1733333
NODE_675_length_2913_cov_4.376688	2664	2739	14	15	75	0.2000000
NODE_675_length_2913_cov_4.376688	2664	2739	16	44	75	0.5866666
NODE_675_length_2913_cov_4.376688	2664	2723	14	15	59	0.2542373
NODE_675_length_2913_cov_4.376688	2664	2723	16	44	59	0.7457627
NODE_675_length_2913_cov_4.376688	2664	2739	2	1	75	0.0133333
NODE_675_length_2913_cov_4.376688	2664	2739	10	2	75	0.0266667
NODE_675_length_2913_cov_4.376688	2664	2739	12	13	75	0.1733333
NODE_675_length_2913_cov_4.376688	2664	2739	14	15	75	0.2000000
NODE_675_length_2913_cov_4.376688	2664	2739	16	44	75	0.5866666
NODE_675_length_2913_cov_4.376688	2664	2739	2	1	75	0.0133333
NODE_675_length_2913_cov_4.376688	2664	2739	10	2	75	0.0266667
NODE_675_length_2913_cov_4.376688	2664	2739	12	13	75	0.1733333
NODE_675_length_2913_cov_4.376688	2664	2739	14	15	75	0.2000000
NODE_675_length_2913_cov_4.376688	2664	2739	16	44	75	0.5866666
NODE_675_length_2913_cov_4.376688	2673	2739	2	1	66	0.0151515
NODE_675_length_2913_cov_4.376688	2673	2739	10	2	66	0.0303030
NODE_675_length_2913_cov_4.376688	2673	2739	12	13	66	0.1969697
NODE_675_length_2913_cov_4.376688	2673	2739	14	15	66	0.2272727
NODE_675_length_2913_cov_4.376688	2673	2739	16	35	66	0.5303030
NODE_675_length_2913_cov_4.376688	2717	2780	0	41	63	0.6507937
NODE_675_length_2913_cov_4.376688	2717	2780	2	1	63	0.0158730
NODE_675_length_2913_cov_4.376688	2717	2780	10	2	63	0.0317460
NODE_675_length_2913_cov_4.376688	2717	2780	12	13	63	0.2063492
NODE_675_length_2913_cov_4.376688	2717	2780	14	6	63	0.0952381
NODE_675_length_2913_cov_4.376688	2745	2778	0	33	33	1.0000000
NODE_677_length_2909_cov_71.975089	2090	2174	30	3	84	0.0357143
NODE_677_length_2909_cov_71.975089	2090	2174	33	2	84	0.0238095
NODE_677_length_2909_cov_71.975089	2090	2174	34	1	84	0.0119048
NODE_677_length_2909_cov_71.975089	2090	2174	36	5	84	0.0595238
NODE_677_length_2909_cov_71.975089	2090	2174	38	1	84	0.0119048
NODE_677_length_2909_cov_71.975089	2090	2174	41	1	84	0.0119048
NODE_677_length_2909_cov_71.975089	2090	2174	42	1	84	0.0119048
NODE_677_length_2909_cov_71.975089	2090	2174	45	5	84	0.0595238
NODE_677_length_2909_cov_71.975089	2090	2174	47	1	84	0.0119048
NODE_677_length_2909_cov_71.975089	2090	2174	48	2	84	0.0238095
NODE_677_length_2909_cov_71.975089	2090	2174	50	1	84	0.0119048
NODE_677_length_2909_cov_71.975089	2090	2174	54	4	84	0.0476190
NODE_677_length_2909_cov_71.975089	2090	2174	56	3	84	0.0357143
NODE_677_length_2909_cov_71.975089	2090	2174	57	1	84	0.0119048
NODE_677_length_2909_cov_71.975089	2090	2174	59	1	84	0.0119048
NODE_677_length_2909_cov_71.975089	2090	2174	61	1	84	0.0119048
NODE_677_length_2909_cov_71.975089	2090	2174	62	2	84	0.0238095
NODE_677_length_2909_cov_71.975089	2090	2174	63	1	84	0.0119048
NODE_677_length_2909_cov_71.975089	2090	2174	65	1	84	0.0119048
NODE_677_length_2909_cov_71.975089	2090	2174	66	1	84	0.0119048
NODE_677_length_2909_cov_71.975089	2090	2174	67	1	84	0.0119048
NODE_677_length_2909_cov_71.975089	2090	2174	75	1	84	0.0119048
NODE_677_length_2909_cov_71.975089	2090	2174	77	1	84	0.0119048
NODE_677_length_2909_cov_71.975089	2090	2174	80	1	84	0.0119048
NODE_677_length_2909_cov_71.975089	2090	2174	82	1	84	0.0119048
NODE_677_length_2909_cov_71.975089	2090	2174	83	1	84	0.0119048
NODE_677_length_2909_cov_71.975089	2090	2174	84	3	84	0.0357143
NODE_677_length_2909_cov_71.975089	2090	2174	85	1	84	0.0119048
NODE_677_length_2909_cov_71.975089	2090	2174	87	1	84	0.0119048
NODE_677_length_2909_cov_71.975089	2090	2174	96	1	84	0.0119048
NODE_677_length_2909_cov_71.975089	2090	2174	113	1	84	0.0119048
NODE_677_length_2909_cov_71.975089	2090	2174	114	2	84	0.0238095
NODE_677_length_2909_cov_71.975089	2090	2174	118	1	84	0.0119048
NODE_677_length_2909_cov_71.975089	2090	2174	126	1	84	0.0119048
NODE_677_length_2909_cov_71.975089	2090	2174	129	1	84	0.0119048
NODE_677_length_2909_cov_71.975089	2090	2174	133	3	84	0.0357143
NODE_677_length_2909_cov_71.975089	2090	2174	135	1	84	0.0119048
NODE_677_length_2909_cov_71.975089	2090	2174	137	1	84	0.0119048
NODE_677_length_2909_cov_71.975089	2090	2174	149	1	84	0.0119048
NODE_677_length_2909_cov_71.975089	2090	2174	155	1	84	0.0119048
NODE_677_length_2909_cov_71.975089	2090	2174	171	1	84	0.0119048
NODE_677_length_2909_cov_71.975089	2090	2174	172	2	84	0.0238095
NODE_677_length_2909_cov_71.975089	2090	2174	174	1	84	0.0119048
NODE_677_length_2909_cov_71.975089	2090	2174	177	1	84	0.0119048
NODE_677_length_2909_cov_71.975089	2090	2174	181	2	84	0.0238095
NODE_677_length_2909_cov_71.975089	2090	2174	187	2	84	0.0238095
NODE_677_length_2909_cov_71.975089	2090	2174	193	1	84	0.0119048
NODE_677_length_2909_cov_71.975089	2090	2174	205	2	84	0.0238095
NODE_677_length_2909_cov_71.975089	2090	2174	207	1	84	0.0119048
NODE_677_length_2909_cov_71.975089	2090	2174	208	1	84	0.0119048
NODE_677_length_2909_cov_71.975089	2090	2174	210	1	84	0.0119048
NODE_677_length_2909_cov_71.975089	2090	2174	213	1	84	0.0119048
NODE_677_length_2909_cov_71.975089	2090	2174	218	1	84	0.0119048
NODE_677_length_2909_cov_71.975089	2090	2174	219	2	84	0.0238095
NODE_677_length_2909_cov_71.975089	2090	2174	220	1	84	0.0119048
NODE_677_length_2909_cov_71.975089	2090	2174	224	1	84	0.0119048
NODE_678_length_2908_cov_5.937344	2495	2575	0	15	80	0.1875000
NODE_678_length_2908_cov_5.937344	2495	2575	3	40	80	0.5000000
NODE_678_length_2908_cov_5.937344	2495	2575	4	1	80	0.0125000
NODE_678_length_2908_cov_5.937344	2495	2575	6	24	80	0.3000000
NODE_678_length_2908_cov_5.937344	2548	2628	3	2	80	0.0250000
NODE_678_length_2908_cov_5.937344	2548	2628	4	1	80	0.0125000
NODE_678_length_2908_cov_5.937344	2548	2628	5	22	80	0.2750000
NODE_678_length_2908_cov_5.937344	2548	2628	6	55	80	0.6875000
NODE_678_length_2908_cov_5.937344	2624	2704	0	4	80	0.0500000
NODE_678_length_2908_cov_5.937344	2624	2704	3	40	80	0.5000000
NODE_678_length_2908_cov_5.937344	2624	2704	5	36	80	0.4500000
NODE_678_length_2908_cov_5.937344	2677	2757	0	57	80	0.7125000
NODE_678_length_2908_cov_5.937344	2677	2757	3	23	80	0.2875000
NODE_679_length_2905_cov_12.777619	2358	2419	0	61	61	1.0000000
NODE_679_length_2905_cov_12.777619	2358	2419	0	61	61	1.0000000
NODE_679_length_2905_cov_12.777619	2358	2419	0	61	61	1.0000000
NODE_679_length_2905_cov_12.777619	2392	2472	0	80	80	1.0000000
NODE_680_length_2903_cov_5.474322	2423	2464	21	4	41	0.0975610
NODE_680_length_2903_cov_5.474322	2423	2464	23	6	41	0.1463415
NODE_680_length_2903_cov_5.474322	2423	2464	24	7	41	0.1707317
NODE_680_length_2903_cov_5.474322	2423	2464	25	24	41	0.5853658
NODE_684_length_2898_cov_5.786352	0	74	0	20	74	0.2702703
NODE_684_length_2898_cov_5.786352	0	74	4	29	74	0.3918919
NODE_684_length_2898_cov_5.786352	0	74	8	25	74	0.3378378
NODE_684_length_2898_cov_5.786352	47	124	4	13	77	0.1688312
NODE_684_length_2898_cov_5.786352	47	124	8	64	77	0.8311688
NODE_686_length_2895_cov_8.519313	869	949	0	80	80	1.0000000
NODE_686_length_2895_cov_8.519313	922	1002	0	80	80	1.0000000
NODE_688_length_2894_cov_2.036136	2677	2757	14	1	80	0.0125000
NODE_688_length_2894_cov_2.036136	2677	2757	18	3	80	0.0375000
NODE_688_length_2894_cov_2.036136	2677	2757	20	7	80	0.0875000
NODE_688_length_2894_cov_2.036136	2677	2757	22	11	80	0.1375000
NODE_688_length_2894_cov_2.036136	2677	2757	24	27	80	0.3375000
NODE_688_length_2894_cov_2.036136	2677	2757	26	31	80	0.3875000
NODE_689_length_2891_cov_7.938037	193	275	2	6	82	0.0731707
NODE_689_length_2891_cov_7.938037	193	275	4	1	82	0.0121951
NODE_689_length_2891_cov_7.938037	193	275	6	31	82	0.3780488
NODE_689_length_2891_cov_7.938037	193	275	8	10	82	0.1219512
NODE_689_length_2891_cov_7.938037	193	275	10	4	82	0.0487805
NODE_689_length_2891_cov_7.938037	193	275	12	1	82	0.0121951
NODE_689_length_2891_cov_7.938037	193	275	15	5	82	0.0609756
NODE_689_length_2891_cov_7.938037	193	275	19	1	82	0.0121951
NODE_689_length_2891_cov_7.938037	193	275	21	1	82	0.0121951
NODE_689_length_2891_cov_7.938037	193	275	24	7	82	0.0853659
NODE_689_length_2891_cov_7.938037	193	275	30	4	82	0.0487805
NODE_689_length_2891_cov_7.938037	193	275	32	6	82	0.0731707
NODE_689_length_2891_cov_7.938037	193	275	34	4	82	0.0487805
NODE_689_length_2891_cov_7.938037	193	275	36	1	82	0.0121951
NODE_691_length_2889_cov_11.426882	407	487	0	79	80	0.9875000
NODE_691_length_2889_cov_11.426882	407	487	4	1	80	0.0125000
NODE_691_length_2889_cov_11.426882	460	540	0	26	80	0.3250000
NODE_691_length_2889_cov_11.426882	460	540	4	54	80	0.6750000
NODE_691_length_2889_cov_11.426882	1006	1086	14	1	80	0.0125000
NODE_691_length_2889_cov_11.426882	1006	1086	16	3	80	0.0375000
NODE_691_length_2889_cov_11.426882	1006	1086	18	1	80	0.0125000
NODE_691_length_2889_cov_11.426882	1006	1086	20	5	80	0.0625000
NODE_691_length_2889_cov_11.426882	1006	1086	28	7	80	0.0875000
NODE_691_length_2889_cov_11.426882	1006	1086	30	1	80	0.0125000
NODE_691_length_2889_cov_11.426882	1006	1086	32	4	80	0.0500000
NODE_691_length_2889_cov_11.426882	1006	1086	36	5	80	0.0625000
NODE_691_length_2889_cov_11.426882	1006	1086	38	18	80	0.2250000
NODE_691_length_2889_cov_11.426882	1006	1086	40	19	80	0.2375000
NODE_691_length_2889_cov_11.426882	1006	1086	42	9	80	0.1125000
NODE_691_length_2889_cov_11.426882	1006	1086	46	4	80	0.0500000
NODE_691_length_2889_cov_11.426882	1006	1086	48	3	80	0.0375000
NODE_691_length_2889_cov_11.426882	1007	1086	14	1	79	0.0126582
NODE_691_length_2889_cov_11.426882	1007	1086	16	3	79	0.0379747
NODE_691_length_2889_cov_11.426882	1007	1086	18	1	79	0.0126582
NODE_691_length_2889_cov_11.426882	1007	1086	20	5	79	0.0632911
NODE_691_length_2889_cov_11.426882	1007	1086	28	7	79	0.0886076
NODE_691_length_2889_cov_11.426882	1007	1086	30	1	79	0.0126582
NODE_691_length_2889_cov_11.426882	1007	1086	32	4	79	0.0506329
NODE_691_length_2889_cov_11.426882	1007	1086	36	5	79	0.0632911
NODE_691_length_2889_cov_11.426882	1007	1086	38	18	79	0.2278481
NODE_691_length_2889_cov_11.426882	1007	1086	40	19	79	0.2405063
NODE_691_length_2889_cov_11.426882	1007	1086	42	9	79	0.1139240
NODE_691_length_2889_cov_11.426882	1007	1086	46	4	79	0.0506329
NODE_691_length_2889_cov_11.426882	1007	1086	48	2	79	0.0253165
NODE_691_length_2889_cov_11.426882	1059	1138	0	43	79	0.5443038
NODE_691_length_2889_cov_11.426882	1059	1138	4	4	79	0.0506329
NODE_691_length_2889_cov_11.426882	1059	1138	8	2	79	0.0253165
NODE_691_length_2889_cov_11.426882	1059	1138	12	1	79	0.0126582
NODE_691_length_2889_cov_11.426882	1059	1138	14	3	79	0.0379747
NODE_691_length_2889_cov_11.426882	1059	1138	16	3	79	0.0379747
NODE_691_length_2889_cov_11.426882	1059	1138	18	1	79	0.0126582
NODE_691_length_2889_cov_11.426882	1059	1138	20	5	79	0.0632911
NODE_691_length_2889_cov_11.426882	1059	1138	28	7	79	0.0886076
NODE_691_length_2889_cov_11.426882	1059	1138	30	1	79	0.0126582
NODE_691_length_2889_cov_11.426882	1059	1138	32	4	79	0.0506329
NODE_691_length_2889_cov_11.426882	1059	1138	36	5	79	0.0632911
NODE_691_length_2889_cov_11.426882	1059	1138	0	43	79	0.5443038
NODE_691_length_2889_cov_11.426882	1059	1138	4	4	79	0.0506329
NODE_691_length_2889_cov_11.426882	1059	1138	8	2	79	0.0253165
NODE_691_length_2889_cov_11.426882	1059	1138	12	1	79	0.0126582
NODE_691_length_2889_cov_11.426882	1059	1138	14	3	79	0.0379747
NODE_691_length_2889_cov_11.426882	1059	1138	16	3	79	0.0379747
NODE_691_length_2889_cov_11.426882	1059	1138	18	1	79	0.0126582
NODE_691_length_2889_cov_11.426882	1059	1138	20	5	79	0.0632911
NODE_691_length_2889_cov_11.426882	1059	1138	28	7	79	0.0886076
NODE_691_length_2889_cov_11.426882	1059	1138	30	1	79	0.0126582
NODE_691_length_2889_cov_11.426882	1059	1138	32	4	79	0.0506329
NODE_691_length_2889_cov_11.426882	1059	1138	36	5	79	0.0632911
NODE_693_length_2888_cov_3.789172	992	1072	2	42	80	0.5250000
NODE_693_length_2888_cov_3.789172	992	1072	3	2	80	0.0250000
NODE_693_length_2888_cov_3.789172	992	1072	10	6	80	0.0750000
NODE_693_length_2888_cov_3.789172	992	1072	11	3	80	0.0375000
NODE_693_length_2888_cov_3.789172	992	1072	12	27	80	0.3375000
NODE_693_length_2888_cov_3.789172	1045	1087	2	42	42	1.0000000
NODE_697_length_2878_cov_6.277798	2712	2781	2	18	69	0.2608696
NODE_697_length_2878_cov_6.277798	2712	2781	4	14	69	0.2028985
NODE_697_length_2878_cov_6.277798	2712	2781	6	5	69	0.0724638
NODE_697_length_2878_cov_6.277798	2712	2781	8	6	69	0.0869565
NODE_697_length_2878_cov_6.277798	2712	2781	12	9	69	0.1304348
NODE_697_length_2878_cov_6.277798	2712	2781	14	2	69	0.0289855
NODE_697_length_2878_cov_6.277798	2712	2781	16	14	69	0.2028985
NODE_697_length_2878_cov_6.277798	2712	2781	18	1	69	0.0144928
NODE_703_length_2862_cov_9.060803	2409	2489	0	80	80	1.0000000
NODE_703_length_2862_cov_9.060803	2462	2542	0	80	80	1.0000000
NODE_712_length_2840_cov_2.079533	1660	1740	0	80	80	1.0000000
NODE_713_length_2839_cov_16.762044	327	402	0	46	75	0.6133333
NODE_713_length_2839_cov_16.762044	327	402	4	29	75	0.3866667
NODE_713_length_2839_cov_16.762044	380	468	0	24	88	0.2727273
NODE_713_length_2839_cov_16.762044	380	468	4	64	88	0.7272727
NODE_713_length_2839_cov_16.762044	1021	1101	0	80	80	1.0000000
NODE_713_length_2839_cov_16.762044	1074	1154	0	80	80	1.0000000
NODE_714_length_2835_cov_29.691520	1552	1581	139	1	29	0.0344828
NODE_714_length_2835_cov_29.691520	1552	1581	140	1	29	0.0344828
NODE_714_length_2835_cov_29.691520	1552	1581	142	1	29	0.0344828
NODE_714_length_2835_cov_29.691520	1552	1581	143	1	29	0.0344828
NODE_714_length_2835_cov_29.691520	1552	1581	145	2	29	0.0689655
NODE_714_length_2835_cov_29.691520	1552	1581	146	1	29	0.0344828
NODE_714_length_2835_cov_29.691520	1552	1581	148	3	29	0.1034483
NODE_714_length_2835_cov_29.691520	1552	1581	152	1	29	0.0344828
NODE_714_length_2835_cov_29.691520	1552	1581	153	1	29	0.0344828
NODE_714_length_2835_cov_29.691520	1552	1581	155	2	29	0.0689655
NODE_714_length_2835_cov_29.691520	1552	1581	157	2	29	0.0689655
NODE_714_length_2835_cov_29.691520	1552	1581	158	1	29	0.0344828
NODE_714_length_2835_cov_29.691520	1552	1581	159	2	29	0.0689655
NODE_714_length_2835_cov_29.691520	1552	1581	160	1	29	0.0344828
NODE_714_length_2835_cov_29.691520	1552	1581	161	2	29	0.0689655
NODE_714_length_2835_cov_29.691520	1552	1581	162	1	29	0.0344828
NODE_714_length_2835_cov_29.691520	1552	1581	164	2	29	0.0689655
NODE_714_length_2835_cov_29.691520	1552	1581	166	3	29	0.1034483
NODE_714_length_2835_cov_29.691520	1552	1581	168	1	29	0.0344828
NODE_714_length_2835_cov_29.691520	1554	1629	41	1	75	0.0133333
NODE_714_length_2835_cov_29.691520	1554	1629	45	2	75	0.0266667
NODE_714_length_2835_cov_29.691520	1554	1629	47	1	75	0.0133333
NODE_714_length_2835_cov_29.691520	1554	1629	49	5	75	0.0666667
NODE_714_length_2835_cov_29.691520	1554	1629	50	1	75	0.0133333
NODE_714_length_2835_cov_29.691520	1554	1629	60	1	75	0.0133333
NODE_714_length_2835_cov_29.691520	1554	1629	63	1	75	0.0133333
NODE_714_length_2835_cov_29.691520	1554	1629	65	1	75	0.0133333
NODE_714_length_2835_cov_29.691520	1554	1629	71	1	75	0.0133333
NODE_714_length_2835_cov_29.691520	1554	1629	73	1	75	0.0133333
NODE_714_length_2835_cov_29.691520	1554	1629	74	1	75	0.0133333
NODE_714_length_2835_cov_29.691520	1554	1629	76	1	75	0.0133333
NODE_714_length_2835_cov_29.691520	1554	1629	81	2	75	0.0266667
NODE_714_length_2835_cov_29.691520	1554	1629	89	1	75	0.0133333
NODE_714_length_2835_cov_29.691520	1554	1629	97	1	75	0.0133333
NODE_714_length_2835_cov_29.691520	1554	1629	101	1	75	0.0133333
NODE_714_length_2835_cov_29.691520	1554	1629	107	1	75	0.0133333
NODE_714_length_2835_cov_29.691520	1554	1629	108	3	75	0.0400000
NODE_714_length_2835_cov_29.691520	1554	1629	110	1	75	0.0133333
NODE_714_length_2835_cov_29.691520	1554	1629	111	2	75	0.0266667
NODE_714_length_2835_cov_29.691520	1554	1629	116	3	75	0.0400000
NODE_714_length_2835_cov_29.691520	1554	1629	118	2	75	0.0266667
NODE_714_length_2835_cov_29.691520	1554	1629	120	1	75	0.0133333
NODE_714_length_2835_cov_29.691520	1554	1629	122	3	75	0.0400000
NODE_714_length_2835_cov_29.691520	1554	1629	125	1	75	0.0133333
NODE_714_length_2835_cov_29.691520	1554	1629	128	1	75	0.0133333
NODE_714_length_2835_cov_29.691520	1554	1629	130	1	75	0.0133333
NODE_714_length_2835_cov_29.691520	1554	1629	133	1	75	0.0133333
NODE_714_length_2835_cov_29.691520	1554	1629	134	1	75	0.0133333
NODE_714_length_2835_cov_29.691520	1554	1629	136	1	75	0.0133333
NODE_714_length_2835_cov_29.691520	1554	1629	138	2	75	0.0266667
NODE_714_length_2835_cov_29.691520	1554	1629	139	3	75	0.0400000
NODE_714_length_2835_cov_29.691520	1554	1629	140	1	75	0.0133333
NODE_714_length_2835_cov_29.691520	1554	1629	142	1	75	0.0133333
NODE_714_length_2835_cov_29.691520	1554	1629	143	1	75	0.0133333
NODE_714_length_2835_cov_29.691520	1554	1629	145	2	75	0.0266667
NODE_714_length_2835_cov_29.691520	1554	1629	146	1	75	0.0133333
NODE_714_length_2835_cov_29.691520	1554	1629	148	3	75	0.0400000
NODE_714_length_2835_cov_29.691520	1554	1629	152	1	75	0.0133333
NODE_714_length_2835_cov_29.691520	1554	1629	153	1	75	0.0133333
NODE_714_length_2835_cov_29.691520	1554	1629	155	2	75	0.0266667
NODE_714_length_2835_cov_29.691520	1554	1629	157	2	75	0.0266667
NODE_714_length_2835_cov_29.691520	1554	1629	158	1	75	0.0133333
NODE_714_length_2835_cov_29.691520	1554	1629	159	2	75	0.0266667
NODE_714_length_2835_cov_29.691520	1554	1629	160	1	75	0.0133333
NODE_714_length_2835_cov_29.691520	1554	1629	161	2	75	0.0266667
NODE_714_length_2835_cov_29.691520	1554	1629	162	1	75	0.0133333
NODE_714_length_2835_cov_29.691520	1554	1629	164	2	75	0.0266667
NODE_714_length_2835_cov_29.691520	1554	1629	166	2	75	0.0266667
NODE_720_length_2825_cov_9.731108	487	567	0	3	80	0.0375000
NODE_720_length_2825_cov_9.731108	487	567	2	2	80	0.0250000
NODE_720_length_2825_cov_9.731108	487	567	6	75	80	0.9375000
NODE_720_length_2825_cov_9.731108	540	620	2	20	80	0.2500000
NODE_720_length_2825_cov_9.731108	540	620	4	9	80	0.1125000
NODE_720_length_2825_cov_9.731108	540	620	6	51	80	0.6375000
NODE_726_length_2810_cov_2.844338	206	289	26	1	83	0.0120482
NODE_726_length_2810_cov_2.844338	206	289	28	1	83	0.0120482
NODE_726_length_2810_cov_2.844338	206	289	30	1	83	0.0120482
NODE_726_length_2810_cov_2.844338	206	289	32	1	83	0.0120482
NODE_726_length_2810_cov_2.844338	206	289	34	2	83	0.0240964
NODE_726_length_2810_cov_2.844338	206	289	40	2	83	0.0240964
NODE_726_length_2810_cov_2.844338	206	289	42	1	83	0.0120482
NODE_726_length_2810_cov_2.844338	206	289	44	8	83	0.0963855
NODE_726_length_2810_cov_2.844338	206	289	50	4	83	0.0481928
NODE_726_length_2810_cov_2.844338	206	289	52	5	83	0.0602410
NODE_726_length_2810_cov_2.844338	206	289	54	10	83	0.1204819
NODE_726_length_2810_cov_2.844338	206	289	55	10	83	0.1204819
NODE_726_length_2810_cov_2.844338	206	289	57	1	83	0.0120482
NODE_726_length_2810_cov_2.844338	206	289	61	2	83	0.0240964
NODE_726_length_2810_cov_2.844338	206	289	63	1	83	0.0120482
NODE_726_length_2810_cov_2.844338	206	289	65	4	83	0.0481928
NODE_726_length_2810_cov_2.844338	206	289	71	3	83	0.0361446
NODE_726_length_2810_cov_2.844338	206	289	73	3	83	0.0361446
NODE_726_length_2810_cov_2.844338	206	289	75	2	83	0.0240964
NODE_726_length_2810_cov_2.844338	206	289	77	2	83	0.0240964
NODE_726_length_2810_cov_2.844338	206	289	79	1	83	0.0120482
NODE_726_length_2810_cov_2.844338	206	289	81	1	83	0.0120482
NODE_726_length_2810_cov_2.844338	206	289	82	1	83	0.0120482
NODE_726_length_2810_cov_2.844338	206	289	84	1	83	0.0120482
NODE_726_length_2810_cov_2.844338	206	289	85	7	83	0.0843373
NODE_726_length_2810_cov_2.844338	206	289	87	6	83	0.0722892
NODE_726_length_2810_cov_2.844338	206	289	89	2	83	0.0240964
NODE_728_length_2808_cov_2.867110	140	163	11	7	23	0.3043478
NODE_728_length_2808_cov_2.867110	140	163	12	11	23	0.4782609
NODE_728_length_2808_cov_2.867110	140	163	14	5	23	0.2173913
NODE_729_length_2807_cov_8.423191	125	205	2	73	80	0.9125000
NODE_729_length_2807_cov_8.423191	125	205	4	7	80	0.0875000
NODE_729_length_2807_cov_8.423191	178	258	2	20	80	0.2500000
NODE_729_length_2807_cov_8.423191	178	258	4	47	80	0.5875000
NODE_729_length_2807_cov_8.423191	178	258	6	13	80	0.1625000
NODE_729_length_2807_cov_8.423191	2451	2515	0	11	64	0.1718750
NODE_729_length_2807_cov_8.423191	2451	2515	2	27	64	0.4218750
NODE_729_length_2807_cov_8.423191	2451	2515	3	1	64	0.0156250
NODE_729_length_2807_cov_8.423191	2451	2515	4	17	64	0.2656250
NODE_729_length_2807_cov_8.423191	2451	2515	6	8	64	0.1250000
NODE_735_length_2801_cov_26.131384	461	521	2	50	60	0.8333333
NODE_735_length_2801_cov_26.131384	461	521	4	10	60	0.1666667
NODE_735_length_2801_cov_26.131384	494	574	2	31	80	0.3875000
NODE_735_length_2801_cov_26.131384	494	574	4	49	80	0.6125000
NODE_735_length_2801_cov_26.131384	1536	1596	25	1	60	0.0166667
NODE_735_length_2801_cov_26.131384	1536	1596	27	1	60	0.0166667
NODE_735_length_2801_cov_26.131384	1536	1596	31	3	60	0.0500000
NODE_735_length_2801_cov_26.131384	1536	1596	37	2	60	0.0333333
NODE_735_length_2801_cov_26.131384	1536	1596	39	1	60	0.0166667
NODE_735_length_2801_cov_26.131384	1536	1596	43	1	60	0.0166667
NODE_735_length_2801_cov_26.131384	1536	1596	51	4	60	0.0666667
NODE_735_length_2801_cov_26.131384	1536	1596	53	2	60	0.0333333
NODE_735_length_2801_cov_26.131384	1536	1596	56	2	60	0.0333333
NODE_735_length_2801_cov_26.131384	1536	1596	58	2	60	0.0333333
NODE_735_length_2801_cov_26.131384	1536	1596	60	1	60	0.0166667
NODE_735_length_2801_cov_26.131384	1536	1596	61	3	60	0.0500000
NODE_735_length_2801_cov_26.131384	1536	1596	63	1	60	0.0166667
NODE_735_length_2801_cov_26.131384	1536	1596	69	1	60	0.0166667
NODE_735_length_2801_cov_26.131384	1536	1596	71	1	60	0.0166667
NODE_735_length_2801_cov_26.131384	1536	1596	74	2	60	0.0333333
NODE_735_length_2801_cov_26.131384	1536	1596	78	1	60	0.0166667
NODE_735_length_2801_cov_26.131384	1536	1596	80	1	60	0.0166667
NODE_735_length_2801_cov_26.131384	1536	1596	83	1	60	0.0166667
NODE_735_length_2801_cov_26.131384	1536	1596	84	6	60	0.1000000
NODE_735_length_2801_cov_26.131384	1536	1596	88	1	60	0.0166667
NODE_735_length_2801_cov_26.131384	1536	1596	93	1	60	0.0166667
NODE_735_length_2801_cov_26.131384	1536	1596	95	3	60	0.0500000
NODE_735_length_2801_cov_26.131384	1536	1596	96	1	60	0.0166667
NODE_735_length_2801_cov_26.131384	1536	1596	97	2	60	0.0333333
NODE_735_length_2801_cov_26.131384	1536	1596	99	3	60	0.0500000
NODE_735_length_2801_cov_26.131384	1536	1596	101	1	60	0.0166667
NODE_735_length_2801_cov_26.131384	1536	1596	111	2	60	0.0333333
NODE_735_length_2801_cov_26.131384	1536	1596	113	1	60	0.0166667
NODE_735_length_2801_cov_26.131384	1536	1596	117	3	60	0.0500000
NODE_735_length_2801_cov_26.131384	1536	1596	119	1	60	0.0166667
NODE_735_length_2801_cov_26.131384	1536	1596	120	1	60	0.0166667
NODE_735_length_2801_cov_26.131384	1536	1596	125	1	60	0.0166667
NODE_735_length_2801_cov_26.131384	1536	1596	127	2	60	0.0333333
NODE_735_length_2801_cov_26.131384	1815	1881	0	36	66	0.5454546
NODE_735_length_2801_cov_26.131384	1815	1881	2	30	66	0.4545455
NODE_735_length_2801_cov_26.131384	1854	1934	2	80	80	1.0000000
NODE_736_length_2801_cov_3.594375	2589	2645	14	18	56	0.3214286
NODE_736_length_2801_cov_3.594375	2589	2645	16	2	56	0.0357143
NODE_736_length_2801_cov_3.594375	2589	2645	17	36	56	0.6428571
NODE_738_length_2796_cov_94.511680	1090	1137	28	1	47	0.0212766
NODE_738_length_2796_cov_94.511680	1090	1137	31	3	47	0.0638298
NODE_738_length_2796_cov_94.511680	1090	1137	33	1	47	0.0212766
NODE_738_length_2796_cov_94.511680	1090	1137	35	1	47	0.0212766
NODE_738_length_2796_cov_94.511680	1090	1137	47	1	47	0.0212766
NODE_738_length_2796_cov_94.511680	1090	1137	49	1	47	0.0212766
NODE_738_length_2796_cov_94.511680	1090	1137	53	3	47	0.0638298
NODE_738_length_2796_cov_94.511680	1090	1137	59	1	47	0.0212766
NODE_738_length_2796_cov_94.511680	1090	1137	65	1	47	0.0212766
NODE_738_length_2796_cov_94.511680	1090	1137	67	1	47	0.0212766
NODE_738_length_2796_cov_94.511680	1090	1137	69	1	47	0.0212766
NODE_738_length_2796_cov_94.511680	1090	1137	73	1	47	0.0212766
NODE_738_length_2796_cov_94.511680	1090	1137	76	1	47	0.0212766
NODE_738_length_2796_cov_94.511680	1090	1137	77	1	47	0.0212766
NODE_738_length_2796_cov_94.511680	1090	1137	79	3	47	0.0638298
NODE_738_length_2796_cov_94.511680	1090	1137	82	2	47	0.0425532
NODE_738_length_2796_cov_94.511680	1090	1137	87	1	47	0.0212766
NODE_738_length_2796_cov_94.511680	1090	1137	89	1	47	0.0212766
NODE_738_length_2796_cov_94.511680	1090	1137	97	2	47	0.0425532
NODE_738_length_2796_cov_94.511680	1090	1137	107	1	47	0.0212766
NODE_738_length_2796_cov_94.511680	1090	1137	112	3	47	0.0638298
NODE_738_length_2796_cov_94.511680	1090	1137	116	2	47	0.0425532
NODE_738_length_2796_cov_94.511680	1090	1137	118	5	47	0.1063830
NODE_738_length_2796_cov_94.511680	1090	1137	124	1	47	0.0212766
NODE_738_length_2796_cov_94.511680	1090	1137	135	1	47	0.0212766
NODE_738_length_2796_cov_94.511680	1090	1137	138	1	47	0.0212766
NODE_738_length_2796_cov_94.511680	1090	1137	140	1	47	0.0212766
NODE_738_length_2796_cov_94.511680	1090	1137	146	1	47	0.0212766
NODE_738_length_2796_cov_94.511680	1090	1137	149	1	47	0.0212766
NODE_738_length_2796_cov_94.511680	1090	1137	152	1	47	0.0212766
NODE_738_length_2796_cov_94.511680	1090	1137	158	1	47	0.0212766
NODE_738_length_2796_cov_94.511680	1090	1137	160	1	47	0.0212766
NODE_738_length_2796_cov_94.511680	2717	2796	0	79	79	1.0000000
NODE_744_length_2791_cov_9.997028	310	390	0	22	80	0.2750000
NODE_744_length_2791_cov_9.997028	310	390	5	8	80	0.1000000
NODE_744_length_2791_cov_9.997028	310	390	6	7	80	0.0875000
NODE_744_length_2791_cov_9.997028	310	390	8	43	80	0.5375000
NODE_744_length_2791_cov_9.997028	363	443	0	3	80	0.0375000
NODE_744_length_2791_cov_9.997028	363	443	2	23	80	0.2875000
NODE_744_length_2791_cov_9.997028	363	443	8	54	80	0.6750000
NODE_752_length_2778_cov_31.340799	2241	2321	0	17	80	0.2125000
NODE_752_length_2778_cov_31.340799	2241	2321	2	63	80	0.7875000
NODE_752_length_2778_cov_31.340799	2294	2374	0	70	80	0.8750000
NODE_752_length_2778_cov_31.340799	2294	2374	2	10	80	0.1250000
NODE_752_length_2778_cov_31.340799	2370	2450	0	68	80	0.8500000
NODE_752_length_2778_cov_31.340799	2370	2450	2	12	80	0.1500000
NODE_752_length_2778_cov_31.340799	2423	2503	0	15	80	0.1875000
NODE_752_length_2778_cov_31.340799	2423	2503	2	43	80	0.5375000
NODE_752_length_2778_cov_31.340799	2423	2503	4	22	80	0.2750000
NODE_752_length_2778_cov_31.340799	2564	2620	0	28	56	0.5000000
NODE_752_length_2778_cov_31.340799	2564	2620	2	28	56	0.5000000
NODE_758_length_2767_cov_12.450150	1941	2021	0	80	80	1.0000000
NODE_758_length_2767_cov_12.450150	1994	2074	0	80	80	1.0000000
NODE_767_length_2745_cov_5.322751	511	583	4	72	72	1.0000000
NODE_777_length_2720_cov_25.561618	2213	2293	2	63	80	0.7875000
NODE_777_length_2720_cov_25.561618	2213	2293	4	17	80	0.2125000
NODE_777_length_2720_cov_25.561618	2266	2346	0	15	80	0.1875000
NODE_777_length_2720_cov_25.561618	2266	2346	1	1	80	0.0125000
NODE_777_length_2720_cov_25.561618	2266	2346	2	64	80	0.8000000
NODE_782_length_2716_cov_39.885747	715	795	18	2	80	0.0250000
NODE_782_length_2716_cov_39.885747	715	795	20	19	80	0.2375000
NODE_782_length_2716_cov_39.885747	715	795	22	23	80	0.2875000
NODE_782_length_2716_cov_39.885747	715	795	28	2	80	0.0250000
NODE_782_length_2716_cov_39.885747	715	795	30	34	80	0.4250000
NODE_782_length_2716_cov_39.885747	768	848	8	6	80	0.0750000
NODE_782_length_2716_cov_39.885747	768	848	10	17	80	0.2125000
NODE_782_length_2716_cov_39.885747	768	848	11	1	80	0.0125000
NODE_782_length_2716_cov_39.885747	768	848	12	14	80	0.1750000
NODE_782_length_2716_cov_39.885747	768	848	14	5	80	0.0625000
NODE_782_length_2716_cov_39.885747	768	848	16	8	80	0.1000000
NODE_782_length_2716_cov_39.885747	768	848	18	4	80	0.0500000
NODE_782_length_2716_cov_39.885747	768	848	20	19	80	0.2375000
NODE_782_length_2716_cov_39.885747	768	848	22	6	80	0.0750000
NODE_782_length_2716_cov_39.885747	844	924	4	19	80	0.2375000
NODE_782_length_2716_cov_39.885747	844	924	6	13	80	0.1625000
NODE_782_length_2716_cov_39.885747	844	924	7	5	80	0.0625000
NODE_782_length_2716_cov_39.885747	844	924	9	21	80	0.2625000
NODE_782_length_2716_cov_39.885747	844	924	10	5	80	0.0625000
NODE_782_length_2716_cov_39.885747	844	924	11	17	80	0.2125000
NODE_782_length_2716_cov_39.885747	897	977	7	6	80	0.0750000
NODE_782_length_2716_cov_39.885747	897	977	8	22	80	0.2750000
NODE_782_length_2716_cov_39.885747	897	977	9	15	80	0.1875000
NODE_782_length_2716_cov_39.885747	897	977	10	24	80	0.3000000
NODE_782_length_2716_cov_39.885747	897	977	11	13	80	0.1625000
NODE_785_length_2710_cov_10.896974	2410	2446	6	1	36	0.0277778
NODE_785_length_2710_cov_10.896974	2410	2446	8	35	36	0.9722222
NODE_785_length_2710_cov_10.896974	2419	2499	6	10	80	0.1250000
NODE_785_length_2710_cov_10.896974	2419	2499	8	70	80	0.8750000
NODE_788_length_2708_cov_25.097355	2289	2369	0	80	80	1.0000000
NODE_788_length_2708_cov_25.097355	2342	2422	0	80	80	1.0000000
NODE_789_length_2708_cov_14.569950	18	98	110	3	80	0.0375000
NODE_789_length_2708_cov_14.569950	18	98	115	1	80	0.0125000
NODE_789_length_2708_cov_14.569950	18	98	118	1	80	0.0125000
NODE_789_length_2708_cov_14.569950	18	98	138	1	80	0.0125000
NODE_789_length_2708_cov_14.569950	18	98	140	1	80	0.0125000
NODE_789_length_2708_cov_14.569950	18	98	148	2	80	0.0250000
NODE_789_length_2708_cov_14.569950	18	98	160	4	80	0.0500000
NODE_789_length_2708_cov_14.569950	18	98	164	1	80	0.0125000
NODE_789_length_2708_cov_14.569950	18	98	166	1	80	0.0125000
NODE_789_length_2708_cov_14.569950	18	98	167	1	80	0.0125000
NODE_789_length_2708_cov_14.569950	18	98	168	64	80	0.8000000
NODE_789_length_2708_cov_14.569950	71	134	18	1	63	0.0158730
NODE_789_length_2708_cov_14.569950	71	134	38	1	63	0.0158730
NODE_789_length_2708_cov_14.569950	71	134	50	1	63	0.0158730
NODE_789_length_2708_cov_14.569950	71	134	78	1	63	0.0158730
NODE_789_length_2708_cov_14.569950	71	134	106	1	63	0.0158730
NODE_789_length_2708_cov_14.569950	71	134	116	1	63	0.0158730
NODE_789_length_2708_cov_14.569950	71	134	128	1	63	0.0158730
NODE_789_length_2708_cov_14.569950	71	134	130	1	63	0.0158730
NODE_789_length_2708_cov_14.569950	71	134	132	2	63	0.0317460
NODE_789_length_2708_cov_14.569950	71	134	134	2	63	0.0317460
NODE_789_length_2708_cov_14.569950	71	134	136	1	63	0.0158730
NODE_789_length_2708_cov_14.569950	71	134	139	1	63	0.0158730
NODE_789_length_2708_cov_14.569950	71	134	140	1	63	0.0158730
NODE_789_length_2708_cov_14.569950	71	134	146	1	63	0.0158730
NODE_789_length_2708_cov_14.569950	71	134	152	3	63	0.0476190
NODE_789_length_2708_cov_14.569950	71	134	156	4	63	0.0634921
NODE_789_length_2708_cov_14.569950	71	134	158	1	63	0.0158730
NODE_789_length_2708_cov_14.569950	71	134	162	2	63	0.0317460
NODE_789_length_2708_cov_14.569950	71	134	166	1	63	0.0158730
NODE_789_length_2708_cov_14.569950	71	134	168	36	63	0.5714286
NODE_797_length_2691_cov_35.457948	401	481	0	80	80	1.0000000
NODE_797_length_2691_cov_35.457948	454	534	0	32	80	0.4000000
NODE_797_length_2691_cov_35.457948	454	534	2	48	80	0.6000000
NODE_803_length_2684_cov_17.345068	146	194	0	48	48	1.0000000
NODE_803_length_2684_cov_17.345068	146	194	0	48	48	1.0000000
NODE_803_length_2684_cov_17.345068	146	194	0	48	48	1.0000000
NODE_803_length_2684_cov_17.345068	146	194	0	48	48	1.0000000
NODE_803_length_2684_cov_17.345068	146	194	0	48	48	1.0000000
NODE_805_length_2682_cov_43.500581	913	992	416	1	79	0.0126582
NODE_805_length_2682_cov_43.500581	913	992	418	1	79	0.0126582
NODE_805_length_2682_cov_43.500581	913	992	419	1	79	0.0126582
NODE_805_length_2682_cov_43.500581	913	992	420	1	79	0.0126582
NODE_805_length_2682_cov_43.500581	913	992	422	1	79	0.0126582
NODE_805_length_2682_cov_43.500581	913	992	426	1	79	0.0126582
NODE_805_length_2682_cov_43.500581	913	992	429	1	79	0.0126582
NODE_805_length_2682_cov_43.500581	913	992	435	1	79	0.0126582
NODE_805_length_2682_cov_43.500581	913	992	445	1	79	0.0126582
NODE_805_length_2682_cov_43.500581	913	992	451	2	79	0.0253165
NODE_805_length_2682_cov_43.500581	913	992	464	1	79	0.0126582
NODE_805_length_2682_cov_43.500581	913	992	467	1	79	0.0126582
NODE_805_length_2682_cov_43.500581	913	992	476	1	79	0.0126582
NODE_805_length_2682_cov_43.500581	913	992	482	1	79	0.0126582
NODE_805_length_2682_cov_43.500581	913	992	488	2	79	0.0253165
NODE_805_length_2682_cov_43.500581	913	992	489	1	79	0.0126582
NODE_805_length_2682_cov_43.500581	913	992	490	1	79	0.0126582
NODE_805_length_2682_cov_43.500581	913	992	491	3	79	0.0379747
NODE_805_length_2682_cov_43.500581	913	992	493	1	79	0.0126582
NODE_805_length_2682_cov_43.500581	913	992	497	1	79	0.0126582
NODE_805_length_2682_cov_43.500581	913	992	505	1	79	0.0126582
NODE_805_length_2682_cov_43.500581	913	992	509	1	79	0.0126582
NODE_805_length_2682_cov_43.500581	913	992	523	1	79	0.0126582
NODE_805_length_2682_cov_43.500581	913	992	538	1	79	0.0126582
NODE_805_length_2682_cov_43.500581	913	992	557	1	79	0.0126582
NODE_805_length_2682_cov_43.500581	913	992	561	2	79	0.0253165
NODE_805_length_2682_cov_43.500581	913	992	568	1	79	0.0126582
NODE_805_length_2682_cov_43.500581	913	992	572	1	79	0.0126582
NODE_805_length_2682_cov_43.500581	913	992	575	1	79	0.0126582
NODE_805_length_2682_cov_43.500581	913	992	577	1	79	0.0126582
NODE_805_length_2682_cov_43.500581	913	992	582	1	79	0.0126582
NODE_805_length_2682_cov_43.500581	913	992	597	1	79	0.0126582
NODE_805_length_2682_cov_43.500581	913	992	600	1	79	0.0126582
NODE_805_length_2682_cov_43.500581	913	992	603	1	79	0.0126582
NODE_805_length_2682_cov_43.500581	913	992	606	1	79	0.0126582
NODE_805_length_2682_cov_43.500581	913	992	612	1	79	0.0126582
NODE_805_length_2682_cov_43.500581	913	992	620	1	79	0.0126582
NODE_805_length_2682_cov_43.500581	913	992	634	1	79	0.0126582
NODE_805_length_2682_cov_43.500581	913	992	642	1	79	0.0126582
NODE_805_length_2682_cov_43.500581	913	992	647	1	79	0.0126582
NODE_805_length_2682_cov_43.500581	913	992	650	1	79	0.0126582
NODE_805_length_2682_cov_43.500581	913	992	651	1	79	0.0126582
NODE_805_length_2682_cov_43.500581	913	992	664	1	79	0.0126582
NODE_805_length_2682_cov_43.500581	913	992	666	1	79	0.0126582
NODE_805_length_2682_cov_43.500581	913	992	667	2	79	0.0253165
NODE_805_length_2682_cov_43.500581	913	992	668	3	79	0.0379747
NODE_805_length_2682_cov_43.500581	913	992	669	2	79	0.0253165
NODE_805_length_2682_cov_43.500581	913	992	671	3	79	0.0379747
NODE_805_length_2682_cov_43.500581	913	992	672	2	79	0.0253165
NODE_805_length_2682_cov_43.500581	913	992	673	3	79	0.0379747
NODE_805_length_2682_cov_43.500581	913	992	675	1	79	0.0126582
NODE_805_length_2682_cov_43.500581	913	992	679	4	79	0.0506329
NODE_805_length_2682_cov_43.500581	913	992	681	1	79	0.0126582
NODE_805_length_2682_cov_43.500581	913	992	683	1	79	0.0126582
NODE_805_length_2682_cov_43.500581	913	992	695	2	79	0.0253165
NODE_805_length_2682_cov_43.500581	913	992	697	2	79	0.0253165
NODE_805_length_2682_cov_43.500581	913	992	701	1	79	0.0126582
NODE_805_length_2682_cov_43.500581	913	992	702	1	79	0.0126582
NODE_805_length_2682_cov_43.500581	913	992	709	2	79	0.0253165
NODE_805_length_2682_cov_43.500581	965	1002	381	1	37	0.0270270
NODE_805_length_2682_cov_43.500581	965	1002	384	1	37	0.0270270
NODE_805_length_2682_cov_43.500581	965	1002	389	1	37	0.0270270
NODE_805_length_2682_cov_43.500581	965	1002	393	1	37	0.0270270
NODE_805_length_2682_cov_43.500581	965	1002	399	1	37	0.0270270
NODE_805_length_2682_cov_43.500581	965	1002	404	2	37	0.0540541
NODE_805_length_2682_cov_43.500581	965	1002	408	1	37	0.0270270
NODE_805_length_2682_cov_43.500581	965	1002	411	1	37	0.0270270
NODE_805_length_2682_cov_43.500581	965	1002	416	2	37	0.0540541
NODE_805_length_2682_cov_43.500581	965	1002	418	1	37	0.0270270
NODE_805_length_2682_cov_43.500581	965	1002	419	1	37	0.0270270
NODE_805_length_2682_cov_43.500581	965	1002	420	1	37	0.0270270
NODE_805_length_2682_cov_43.500581	965	1002	422	1	37	0.0270270
NODE_805_length_2682_cov_43.500581	965	1002	426	1	37	0.0270270
NODE_805_length_2682_cov_43.500581	965	1002	429	1	37	0.0270270
NODE_805_length_2682_cov_43.500581	965	1002	435	1	37	0.0270270
NODE_805_length_2682_cov_43.500581	965	1002	445	1	37	0.0270270
NODE_805_length_2682_cov_43.500581	965	1002	451	2	37	0.0540541
NODE_805_length_2682_cov_43.500581	965	1002	464	1	37	0.0270270
NODE_805_length_2682_cov_43.500581	965	1002	467	1	37	0.0270270
NODE_805_length_2682_cov_43.500581	965	1002	476	1	37	0.0270270
NODE_805_length_2682_cov_43.500581	965	1002	482	1	37	0.0270270
NODE_805_length_2682_cov_43.500581	965	1002	488	2	37	0.0540541
NODE_805_length_2682_cov_43.500581	965	1002	489	1	37	0.0270270
NODE_805_length_2682_cov_43.500581	965	1002	490	1	37	0.0270270
NODE_805_length_2682_cov_43.500581	965	1002	491	3	37	0.0810811
NODE_805_length_2682_cov_43.500581	965	1002	493	1	37	0.0270270
NODE_805_length_2682_cov_43.500581	965	1002	497	1	37	0.0270270
NODE_805_length_2682_cov_43.500581	965	1002	505	1	37	0.0270270
NODE_805_length_2682_cov_43.500581	965	1002	509	1	37	0.0270270
NODE_805_length_2682_cov_43.500581	965	1002	523	1	37	0.0270270
NODE_808_length_2675_cov_10.369565	209	289	42	6	80	0.0750000
NODE_808_length_2675_cov_10.369565	209	289	46	11	80	0.1375000
NODE_808_length_2675_cov_10.369565	209	289	48	8	80	0.1000000
NODE_808_length_2675_cov_10.369565	209	289	49	1	80	0.0125000
NODE_808_length_2675_cov_10.369565	209	289	50	12	80	0.1500000
NODE_808_length_2675_cov_10.369565	209	289	52	7	80	0.0875000
NODE_808_length_2675_cov_10.369565	209	289	54	10	80	0.1250000
NODE_808_length_2675_cov_10.369565	209	289	55	2	80	0.0250000
NODE_808_length_2675_cov_10.369565	209	289	56	10	80	0.1250000
NODE_808_length_2675_cov_10.369565	209	289	57	7	80	0.0875000
NODE_808_length_2675_cov_10.369565	209	289	58	6	80	0.0750000
NODE_813_length_2670_cov_17.489304	1995	2075	0	60	80	0.7500000
NODE_813_length_2670_cov_17.489304	1995	2075	2	1	80	0.0125000
NODE_813_length_2670_cov_17.489304	1995	2075	4	19	80	0.2375000
NODE_813_length_2670_cov_17.489304	2048	2128	0	80	80	1.0000000
NODE_813_length_2670_cov_17.489304	2124	2204	0	16	80	0.2000000
NODE_813_length_2670_cov_17.489304	2124	2204	2	64	80	0.8000000
NODE_813_length_2670_cov_17.489304	2177	2257	0	36	80	0.4500000
NODE_813_length_2670_cov_17.489304	2177	2257	2	44	80	0.5500000
NODE_815_length_2665_cov_19.145752	548	628	0	80	80	1.0000000
NODE_815_length_2665_cov_19.145752	601	681	0	80	80	1.0000000
NODE_815_length_2665_cov_19.145752	2099	2176	0	57	77	0.7402598
NODE_815_length_2665_cov_19.145752	2099	2176	2	14	77	0.1818182
NODE_815_length_2665_cov_19.145752	2099	2176	4	6	77	0.0779221
NODE_815_length_2665_cov_19.145752	2172	2252	4	16	80	0.2000000
NODE_815_length_2665_cov_19.145752	2172	2252	6	64	80	0.8000000
NODE_815_length_2665_cov_19.145752	2172	2252	4	16	80	0.2000000
NODE_815_length_2665_cov_19.145752	2172	2252	6	64	80	0.8000000
NODE_815_length_2665_cov_19.145752	2225	2267	2	7	42	0.1666667
NODE_815_length_2665_cov_19.145752	2225	2267	4	6	42	0.1428571
NODE_815_length_2665_cov_19.145752	2225	2267	6	29	42	0.6904762
NODE_816_length_2664_cov_4.175049	2005	2085	0	29	80	0.3625000
NODE_816_length_2664_cov_4.175049	2005	2085	2	40	80	0.5000000
NODE_816_length_2664_cov_4.175049	2005	2085	4	11	80	0.1375000
NODE_816_length_2664_cov_4.175049	2058	2138	2	26	80	0.3250000
NODE_816_length_2664_cov_4.175049	2058	2138	4	54	80	0.6750000
NODE_822_length_2650_cov_19.800862	800	880	26	2	80	0.0250000
NODE_822_length_2650_cov_19.800862	800	880	28	10	80	0.1250000
NODE_822_length_2650_cov_19.800862	800	880	30	1	80	0.0125000
NODE_822_length_2650_cov_19.800862	800	880	38	2	80	0.0250000
NODE_822_length_2650_cov_19.800862	800	880	40	3	80	0.0375000
NODE_822_length_2650_cov_19.800862	800	880	42	29	80	0.3625000
NODE_822_length_2650_cov_19.800862	800	880	44	30	80	0.3750000
NODE_822_length_2650_cov_19.800862	800	880	46	3	80	0.0375000
NODE_824_length_2645_cov_8.618225	931	1011	0	80	80	1.0000000
NODE_824_length_2645_cov_8.618225	984	1064	0	80	80	1.0000000
NODE_827_length_2640_cov_16.462810	94	164	230	1	70	0.0142857
NODE_827_length_2640_cov_16.462810	94	164	240	1	70	0.0142857
NODE_827_length_2640_cov_16.462810	94	164	245	1	70	0.0142857
NODE_827_length_2640_cov_16.462810	94	164	254	1	70	0.0142857
NODE_827_length_2640_cov_16.462810	94	164	256	1	70	0.0142857
NODE_827_length_2640_cov_16.462810	94	164	258	1	70	0.0142857
NODE_827_length_2640_cov_16.462810	94	164	270	1	70	0.0142857
NODE_827_length_2640_cov_16.462810	94	164	274	1	70	0.0142857
NODE_827_length_2640_cov_16.462810	94	164	277	1	70	0.0142857
NODE_827_length_2640_cov_16.462810	94	164	281	1	70	0.0142857
NODE_827_length_2640_cov_16.462810	94	164	296	3	70	0.0428571
NODE_827_length_2640_cov_16.462810	94	164	298	1	70	0.0142857
NODE_827_length_2640_cov_16.462810	94	164	302	1	70	0.0142857
NODE_827_length_2640_cov_16.462810	94	164	307	1	70	0.0142857
NODE_827_length_2640_cov_16.462810	94	164	309	1	70	0.0142857
NODE_827_length_2640_cov_16.462810	94	164	310	1	70	0.0142857
NODE_827_length_2640_cov_16.462810	94	164	313	1	70	0.0142857
NODE_827_length_2640_cov_16.462810	94	164	317	1	70	0.0142857
NODE_827_length_2640_cov_16.462810	94	164	328	1	70	0.0142857
NODE_827_length_2640_cov_16.462810	94	164	333	1	70	0.0142857
NODE_827_length_2640_cov_16.462810	94	164	335	1	70	0.0142857
NODE_827_length_2640_cov_16.462810	94	164	351	1	70	0.0142857
NODE_827_length_2640_cov_16.462810	94	164	358	2	70	0.0285714
NODE_827_length_2640_cov_16.462810	94	164	363	1	70	0.0142857
NODE_827_length_2640_cov_16.462810	94	164	373	1	70	0.0142857
NODE_827_length_2640_cov_16.462810	94	164	383	1	70	0.0142857
NODE_827_length_2640_cov_16.462810	94	164	389	1	70	0.0142857
NODE_827_length_2640_cov_16.462810	94	164	393	1	70	0.0142857
NODE_827_length_2640_cov_16.462810	94	164	401	1	70	0.0142857
NODE_827_length_2640_cov_16.462810	94	164	403	1	70	0.0142857
NODE_827_length_2640_cov_16.462810	94	164	407	1	70	0.0142857
NODE_827_length_2640_cov_16.462810	94	164	408	1	70	0.0142857
NODE_827_length_2640_cov_16.462810	94	164	410	1	70	0.0142857
NODE_827_length_2640_cov_16.462810	94	164	411	2	70	0.0285714
NODE_827_length_2640_cov_16.462810	94	164	412	1	70	0.0142857
NODE_827_length_2640_cov_16.462810	94	164	413	2	70	0.0285714
NODE_827_length_2640_cov_16.462810	94	164	414	1	70	0.0142857
NODE_827_length_2640_cov_16.462810	94	164	416	1	70	0.0142857
NODE_827_length_2640_cov_16.462810	94	164	426	1	70	0.0142857
NODE_827_length_2640_cov_16.462810	94	164	446	1	70	0.0142857
NODE_827_length_2640_cov_16.462810	94	164	456	1	70	0.0142857
NODE_827_length_2640_cov_16.462810	94	164	461	1	70	0.0142857
NODE_827_length_2640_cov_16.462810	94	164	471	1	70	0.0142857
NODE_827_length_2640_cov_16.462810	94	164	483	1	70	0.0142857
NODE_827_length_2640_cov_16.462810	94	164	487	1	70	0.0142857
NODE_827_length_2640_cov_16.462810	94	164	493	2	70	0.0285714
NODE_827_length_2640_cov_16.462810	94	164	495	1	70	0.0142857
NODE_827_length_2640_cov_16.462810	94	164	496	1	70	0.0142857
NODE_827_length_2640_cov_16.462810	94	164	497	2	70	0.0285714
NODE_827_length_2640_cov_16.462810	94	164	498	1	70	0.0142857
NODE_827_length_2640_cov_16.462810	94	164	500	2	70	0.0285714
NODE_827_length_2640_cov_16.462810	94	164	503	1	70	0.0142857
NODE_827_length_2640_cov_16.462810	94	164	504	1	70	0.0142857
NODE_827_length_2640_cov_16.462810	94	164	505	2	70	0.0285714
NODE_827_length_2640_cov_16.462810	94	164	506	2	70	0.0285714
NODE_827_length_2640_cov_16.462810	94	164	509	5	70	0.0714286
NODE_827_length_2640_cov_16.462810	147	209	140	2	62	0.0322581
NODE_827_length_2640_cov_16.462810	147	209	148	1	62	0.0161290
NODE_827_length_2640_cov_16.462810	147	209	154	1	62	0.0161290
NODE_827_length_2640_cov_16.462810	147	209	159	2	62	0.0322581
NODE_827_length_2640_cov_16.462810	147	209	160	3	62	0.0483871
NODE_827_length_2640_cov_16.462810	147	209	161	6	62	0.0967742
NODE_827_length_2640_cov_16.462810	147	209	163	1	62	0.0161290
NODE_827_length_2640_cov_16.462810	147	209	164	3	62	0.0483871
NODE_827_length_2640_cov_16.462810	147	209	166	1	62	0.0161290
NODE_827_length_2640_cov_16.462810	147	209	170	2	62	0.0322581
NODE_827_length_2640_cov_16.462810	147	209	172	1	62	0.0161290
NODE_827_length_2640_cov_16.462810	147	209	175	1	62	0.0161290
NODE_827_length_2640_cov_16.462810	147	209	177	1	62	0.0161290
NODE_827_length_2640_cov_16.462810	147	209	178	2	62	0.0322581
NODE_827_length_2640_cov_16.462810	147	209	180	2	62	0.0322581
NODE_827_length_2640_cov_16.462810	147	209	182	1	62	0.0161290
NODE_827_length_2640_cov_16.462810	147	209	184	1	62	0.0161290
NODE_827_length_2640_cov_16.462810	147	209	186	1	62	0.0161290
NODE_827_length_2640_cov_16.462810	147	209	192	2	62	0.0322581
NODE_827_length_2640_cov_16.462810	147	209	197	1	62	0.0161290
NODE_827_length_2640_cov_16.462810	147	209	198	2	62	0.0322581
NODE_827_length_2640_cov_16.462810	147	209	203	4	62	0.0645161
NODE_827_length_2640_cov_16.462810	147	209	211	1	62	0.0161290
NODE_827_length_2640_cov_16.462810	147	209	214	1	62	0.0161290
NODE_827_length_2640_cov_16.462810	147	209	217	1	62	0.0161290
NODE_827_length_2640_cov_16.462810	147	209	227	1	62	0.0161290
NODE_827_length_2640_cov_16.462810	147	209	230	1	62	0.0161290
NODE_827_length_2640_cov_16.462810	147	209	240	1	62	0.0161290
NODE_827_length_2640_cov_16.462810	147	209	245	1	62	0.0161290
NODE_827_length_2640_cov_16.462810	147	209	254	1	62	0.0161290
NODE_827_length_2640_cov_16.462810	147	209	256	1	62	0.0161290
NODE_827_length_2640_cov_16.462810	147	209	258	1	62	0.0161290
NODE_827_length_2640_cov_16.462810	147	209	270	1	62	0.0161290
NODE_827_length_2640_cov_16.462810	147	209	274	1	62	0.0161290
NODE_827_length_2640_cov_16.462810	147	209	277	1	62	0.0161290
NODE_827_length_2640_cov_16.462810	147	209	281	1	62	0.0161290
NODE_827_length_2640_cov_16.462810	147	209	296	3	62	0.0483871
NODE_827_length_2640_cov_16.462810	147	209	298	1	62	0.0161290
NODE_827_length_2640_cov_16.462810	147	209	302	1	62	0.0161290
NODE_827_length_2640_cov_16.462810	147	209	307	1	62	0.0161290
NODE_827_length_2640_cov_16.462810	147	209	309	1	62	0.0161290
NODE_828_length_2636_cov_200.191171	561	641	243	1	80	0.0125000
NODE_828_length_2636_cov_200.191171	561	641	255	1	80	0.0125000
NODE_828_length_2636_cov_200.191171	561	641	257	2	80	0.0250000
NODE_828_length_2636_cov_200.191171	561	641	259	1	80	0.0125000
NODE_828_length_2636_cov_200.191171	561	641	261	1	80	0.0125000
NODE_828_length_2636_cov_200.191171	561	641	262	1	80	0.0125000
NODE_828_length_2636_cov_200.191171	561	641	263	2	80	0.0250000
NODE_828_length_2636_cov_200.191171	561	641	264	2	80	0.0250000
NODE_828_length_2636_cov_200.191171	561	641	275	1	80	0.0125000
NODE_828_length_2636_cov_200.191171	561	641	284	1	80	0.0125000
NODE_828_length_2636_cov_200.191171	561	641	288	8	80	0.1000000
NODE_828_length_2636_cov_200.191171	561	641	293	1	80	0.0125000
NODE_828_length_2636_cov_200.191171	561	641	294	1	80	0.0125000
NODE_828_length_2636_cov_200.191171	561	641	298	1	80	0.0125000
NODE_828_length_2636_cov_200.191171	561	641	300	1	80	0.0125000
NODE_828_length_2636_cov_200.191171	561	641	301	2	80	0.0250000
NODE_828_length_2636_cov_200.191171	561	641	306	1	80	0.0125000
NODE_828_length_2636_cov_200.191171	561	641	308	1	80	0.0125000
NODE_828_length_2636_cov_200.191171	561	641	312	1	80	0.0125000
NODE_828_length_2636_cov_200.191171	561	641	313	4	80	0.0500000
NODE_828_length_2636_cov_200.191171	561	641	315	3	80	0.0375000
NODE_828_length_2636_cov_200.191171	561	641	319	1	80	0.0125000
NODE_828_length_2636_cov_200.191171	561	641	321	2	80	0.0250000
NODE_828_length_2636_cov_200.191171	561	641	322	6	80	0.0750000
NODE_828_length_2636_cov_200.191171	561	641	324	3	80	0.0375000
NODE_828_length_2636_cov_200.191171	561	641	325	1	80	0.0125000
NODE_828_length_2636_cov_200.191171	561	641	326	1	80	0.0125000
NODE_828_length_2636_cov_200.191171	561	641	327	1	80	0.0125000
NODE_828_length_2636_cov_200.191171	561	641	328	4	80	0.0500000
NODE_828_length_2636_cov_200.191171	561	641	332	1	80	0.0125000
NODE_828_length_2636_cov_200.191171	561	641	333	1	80	0.0125000
NODE_828_length_2636_cov_200.191171	561	641	335	1	80	0.0125000
NODE_828_length_2636_cov_200.191171	561	641	337	1	80	0.0125000
NODE_828_length_2636_cov_200.191171	561	641	338	1	80	0.0125000
NODE_828_length_2636_cov_200.191171	561	641	339	1	80	0.0125000
NODE_828_length_2636_cov_200.191171	561	641	341	7	80	0.0875000
NODE_828_length_2636_cov_200.191171	561	641	342	4	80	0.0500000
NODE_828_length_2636_cov_200.191171	561	641	343	1	80	0.0125000
NODE_828_length_2636_cov_200.191171	561	641	344	2	80	0.0250000
NODE_828_length_2636_cov_200.191171	561	641	345	2	80	0.0250000
NODE_828_length_2636_cov_200.191171	561	641	346	2	80	0.0250000
NODE_828_length_2636_cov_200.191171	614	695	65	1	81	0.0123457
NODE_828_length_2636_cov_200.191171	614	695	68	2	81	0.0246914
NODE_828_length_2636_cov_200.191171	614	695	74	3	81	0.0370370
NODE_828_length_2636_cov_200.191171	614	695	82	1	81	0.0123457
NODE_828_length_2636_cov_200.191171	614	695	84	1	81	0.0123457
NODE_828_length_2636_cov_200.191171	614	695	86	3	81	0.0370370
NODE_828_length_2636_cov_200.191171	614	695	89	1	81	0.0123457
NODE_828_length_2636_cov_200.191171	614	695	91	1	81	0.0123457
NODE_828_length_2636_cov_200.191171	614	695	92	1	81	0.0123457
NODE_828_length_2636_cov_200.191171	614	695	93	1	81	0.0123457
NODE_828_length_2636_cov_200.191171	614	695	95	1	81	0.0123457
NODE_828_length_2636_cov_200.191171	614	695	98	1	81	0.0123457
NODE_828_length_2636_cov_200.191171	614	695	102	1	81	0.0123457
NODE_828_length_2636_cov_200.191171	614	695	104	1	81	0.0123457
NODE_828_length_2636_cov_200.191171	614	695	112	2	81	0.0246914
NODE_828_length_2636_cov_200.191171	614	695	122	1	81	0.0123457
NODE_828_length_2636_cov_200.191171	614	695	133	2	81	0.0246914
NODE_828_length_2636_cov_200.191171	614	695	139	1	81	0.0123457
NODE_828_length_2636_cov_200.191171	614	695	141	1	81	0.0123457
NODE_828_length_2636_cov_200.191171	614	695	160	1	81	0.0123457
NODE_828_length_2636_cov_200.191171	614	695	171	1	81	0.0123457
NODE_828_length_2636_cov_200.191171	614	695	178	1	81	0.0123457
NODE_828_length_2636_cov_200.191171	614	695	194	1	81	0.0123457
NODE_828_length_2636_cov_200.191171	614	695	227	1	81	0.0123457
NODE_828_length_2636_cov_200.191171	614	695	231	1	81	0.0123457
NODE_828_length_2636_cov_200.191171	614	695	234	1	81	0.0123457
NODE_828_length_2636_cov_200.191171	614	695	235	2	81	0.0246914
NODE_828_length_2636_cov_200.191171	614	695	236	1	81	0.0123457
NODE_828_length_2636_cov_200.191171	614	695	240	3	81	0.0370370
NODE_828_length_2636_cov_200.191171	614	695	243	3	81	0.0370370
NODE_828_length_2636_cov_200.191171	614	695	245	1	81	0.0123457
NODE_828_length_2636_cov_200.191171	614	695	253	2	81	0.0246914
NODE_828_length_2636_cov_200.191171	614	695	255	1	81	0.0123457
NODE_828_length_2636_cov_200.191171	614	695	265	1	81	0.0123457
NODE_828_length_2636_cov_200.191171	614	695	278	2	81	0.0246914
NODE_828_length_2636_cov_200.191171	614	695	279	1	81	0.0123457
NODE_828_length_2636_cov_200.191171	614	695	280	1	81	0.0123457
NODE_828_length_2636_cov_200.191171	614	695	281	1	81	0.0123457
NODE_828_length_2636_cov_200.191171	614	695	282	1	81	0.0123457
NODE_828_length_2636_cov_200.191171	614	695	284	2	81	0.0246914
NODE_828_length_2636_cov_200.191171	614	695	288	8	81	0.0987654
NODE_828_length_2636_cov_200.191171	614	695	294	1	81	0.0123457
NODE_828_length_2636_cov_200.191171	614	695	300	1	81	0.0123457
NODE_828_length_2636_cov_200.191171	614	695	301	2	81	0.0246914
NODE_828_length_2636_cov_200.191171	614	695	308	1	81	0.0123457
NODE_828_length_2636_cov_200.191171	614	695	312	1	81	0.0123457
NODE_828_length_2636_cov_200.191171	614	695	313	4	81	0.0493827
NODE_828_length_2636_cov_200.191171	614	695	315	2	81	0.0246914
NODE_828_length_2636_cov_200.191171	614	695	322	6	81	0.0740741
NODE_830_length_2631_cov_10.831754	446	526	2	44	80	0.5500000
NODE_830_length_2631_cov_10.831754	446	526	4	15	80	0.1875000
NODE_830_length_2631_cov_10.831754	446	526	6	21	80	0.2625000
NODE_830_length_2631_cov_10.831754	499	572	2	6	73	0.0821918
NODE_830_length_2631_cov_10.831754	499	572	4	26	73	0.3561644
NODE_830_length_2631_cov_10.831754	499	572	6	41	73	0.5616438
NODE_833_length_2622_cov_63.057471	1877	1953	234	1	76	0.0131579
NODE_833_length_2622_cov_63.057471	1877	1953	236	1	76	0.0131579
NODE_833_length_2622_cov_63.057471	1877	1953	238	2	76	0.0263158
NODE_833_length_2622_cov_63.057471	1877	1953	240	1	76	0.0131579
NODE_833_length_2622_cov_63.057471	1877	1953	244	1	76	0.0131579
NODE_833_length_2622_cov_63.057471	1877	1953	250	2	76	0.0263158
NODE_833_length_2622_cov_63.057471	1877	1953	252	1	76	0.0131579
NODE_833_length_2622_cov_63.057471	1877	1953	253	1	76	0.0131579
NODE_833_length_2622_cov_63.057471	1877	1953	257	1	76	0.0131579
NODE_833_length_2622_cov_63.057471	1877	1953	259	1	76	0.0131579
NODE_833_length_2622_cov_63.057471	1877	1953	263	1	76	0.0131579
NODE_833_length_2622_cov_63.057471	1877	1953	271	1	76	0.0131579
NODE_833_length_2622_cov_63.057471	1877	1953	274	2	76	0.0263158
NODE_833_length_2622_cov_63.057471	1877	1953	276	3	76	0.0394737
NODE_833_length_2622_cov_63.057471	1877	1953	277	2	76	0.0263158
NODE_833_length_2622_cov_63.057471	1877	1953	292	1	76	0.0131579
NODE_833_length_2622_cov_63.057471	1877	1953	294	1	76	0.0131579
NODE_833_length_2622_cov_63.057471	1877	1953	297	1	76	0.0131579
NODE_833_length_2622_cov_63.057471	1877	1953	303	1	76	0.0131579
NODE_833_length_2622_cov_63.057471	1877	1953	304	1	76	0.0131579
NODE_833_length_2622_cov_63.057471	1877	1953	308	2	76	0.0263158
NODE_833_length_2622_cov_63.057471	1877	1953	310	2	76	0.0263158
NODE_833_length_2622_cov_63.057471	1877	1953	312	1	76	0.0131579
NODE_833_length_2622_cov_63.057471	1877	1953	316	1	76	0.0131579
NODE_833_length_2622_cov_63.057471	1877	1953	317	1	76	0.0131579
NODE_833_length_2622_cov_63.057471	1877	1953	320	1	76	0.0131579
NODE_833_length_2622_cov_63.057471	1877	1953	326	2	76	0.0263158
NODE_833_length_2622_cov_63.057471	1877	1953	328	1	76	0.0131579
NODE_833_length_2622_cov_63.057471	1877	1953	331	1	76	0.0131579
NODE_833_length_2622_cov_63.057471	1877	1953	332	1	76	0.0131579
NODE_833_length_2622_cov_63.057471	1877	1953	333	4	76	0.0526316
NODE_833_length_2622_cov_63.057471	1877	1953	335	2	76	0.0263158
NODE_833_length_2622_cov_63.057471	1877	1953	336	1	76	0.0131579
NODE_833_length_2622_cov_63.057471	1877	1953	337	7	76	0.0921053
NODE_833_length_2622_cov_63.057471	1877	1953	338	2	76	0.0263158
NODE_833_length_2622_cov_63.057471	1877	1953	339	12	76	0.1578947
NODE_833_length_2622_cov_63.057471	1877	1953	340	1	76	0.0131579
NODE_833_length_2622_cov_63.057471	1877	1953	341	4	76	0.0526316
NODE_833_length_2622_cov_63.057471	1877	1953	343	2	76	0.0263158
NODE_833_length_2622_cov_63.057471	1877	1953	345	2	76	0.0263158
NODE_833_length_2622_cov_63.057471	2426	2506	97	4	80	0.0500000
NODE_833_length_2622_cov_63.057471	2426	2506	98	1	80	0.0125000
NODE_833_length_2622_cov_63.057471	2426	2506	100	1	80	0.0125000
NODE_833_length_2622_cov_63.057471	2426	2506	104	4	80	0.0500000
NODE_833_length_2622_cov_63.057471	2426	2506	106	2	80	0.0250000
NODE_833_length_2622_cov_63.057471	2426	2506	109	1	80	0.0125000
NODE_833_length_2622_cov_63.057471	2426	2506	118	1	80	0.0125000
NODE_833_length_2622_cov_63.057471	2426	2506	122	1	80	0.0125000
NODE_833_length_2622_cov_63.057471	2426	2506	123	1	80	0.0125000
NODE_833_length_2622_cov_63.057471	2426	2506	124	14	80	0.1750000
NODE_833_length_2622_cov_63.057471	2426	2506	126	2	80	0.0250000
NODE_833_length_2622_cov_63.057471	2426	2506	127	6	80	0.0750000
NODE_833_length_2622_cov_63.057471	2426	2506	128	2	80	0.0250000
NODE_833_length_2622_cov_63.057471	2426	2506	129	2	80	0.0250000
NODE_833_length_2622_cov_63.057471	2426	2506	130	1	80	0.0125000
NODE_833_length_2622_cov_63.057471	2426	2506	132	2	80	0.0250000
NODE_833_length_2622_cov_63.057471	2426	2506	133	1	80	0.0125000
NODE_833_length_2622_cov_63.057471	2426	2506	134	1	80	0.0125000
NODE_833_length_2622_cov_63.057471	2426	2506	136	1	80	0.0125000
NODE_833_length_2622_cov_63.057471	2426	2506	137	4	80	0.0500000
NODE_833_length_2622_cov_63.057471	2426	2506	138	2	80	0.0250000
NODE_833_length_2622_cov_63.057471	2426	2506	141	1	80	0.0125000
NODE_833_length_2622_cov_63.057471	2426	2506	145	1	80	0.0125000
NODE_833_length_2622_cov_63.057471	2426	2506	153	3	80	0.0375000
NODE_833_length_2622_cov_63.057471	2426	2506	154	1	80	0.0125000
NODE_833_length_2622_cov_63.057471	2426	2506	155	4	80	0.0500000
NODE_833_length_2622_cov_63.057471	2426	2506	156	1	80	0.0125000
NODE_833_length_2622_cov_63.057471	2426	2506	157	3	80	0.0375000
NODE_833_length_2622_cov_63.057471	2426	2506	158	6	80	0.0750000
NODE_833_length_2622_cov_63.057471	2426	2506	160	2	80	0.0250000
NODE_833_length_2622_cov_63.057471	2426	2506	161	1	80	0.0125000
NODE_833_length_2622_cov_63.057471	2426	2506	162	1	80	0.0125000
NODE_833_length_2622_cov_63.057471	2426	2506	164	2	80	0.0250000
NODE_833_length_2622_cov_63.057471	2479	2559	91	1	80	0.0125000
NODE_833_length_2622_cov_63.057471	2479	2559	93	2	80	0.0250000
NODE_833_length_2622_cov_63.057471	2479	2559	103	1	80	0.0125000
NODE_833_length_2622_cov_63.057471	2479	2559	105	2	80	0.0250000
NODE_833_length_2622_cov_63.057471	2479	2559	109	1	80	0.0125000
NODE_833_length_2622_cov_63.057471	2479	2559	115	2	80	0.0250000
NODE_833_length_2622_cov_63.057471	2479	2559	117	2	80	0.0250000
NODE_833_length_2622_cov_63.057471	2479	2559	119	2	80	0.0250000
NODE_833_length_2622_cov_63.057471	2479	2559	123	1	80	0.0125000
NODE_833_length_2622_cov_63.057471	2479	2559	125	6	80	0.0750000
NODE_833_length_2622_cov_63.057471	2479	2559	129	1	80	0.0125000
NODE_833_length_2622_cov_63.057471	2479	2559	131	2	80	0.0250000
NODE_833_length_2622_cov_63.057471	2479	2559	133	2	80	0.0250000
NODE_833_length_2622_cov_63.057471	2479	2559	135	4	80	0.0500000
NODE_833_length_2622_cov_63.057471	2479	2559	137	5	80	0.0625000
NODE_833_length_2622_cov_63.057471	2479	2559	141	3	80	0.0375000
NODE_833_length_2622_cov_63.057471	2479	2559	145	1	80	0.0125000
NODE_833_length_2622_cov_63.057471	2479	2559	147	1	80	0.0125000
NODE_833_length_2622_cov_63.057471	2479	2559	151	1	80	0.0125000
NODE_833_length_2622_cov_63.057471	2479	2559	153	3	80	0.0375000
NODE_833_length_2622_cov_63.057471	2479	2559	154	1	80	0.0125000
NODE_833_length_2622_cov_63.057471	2479	2559	155	7	80	0.0875000
NODE_833_length_2622_cov_63.057471	2479	2559	156	1	80	0.0125000
NODE_833_length_2622_cov_63.057471	2479	2559	157	4	80	0.0500000
NODE_833_length_2622_cov_63.057471	2479	2559	158	6	80	0.0750000
NODE_833_length_2622_cov_63.057471	2479	2559	159	1	80	0.0125000
NODE_833_length_2622_cov_63.057471	2479	2559	160	2	80	0.0250000
NODE_833_length_2622_cov_63.057471	2479	2559	161	5	80	0.0625000
NODE_833_length_2622_cov_63.057471	2479	2559	162	1	80	0.0125000
NODE_833_length_2622_cov_63.057471	2479	2559	163	6	80	0.0750000
NODE_833_length_2622_cov_63.057471	2479	2559	164	3	80	0.0375000
NODE_836_length_2617_cov_16.817315	1404	1448	6	14	44	0.3181818
NODE_836_length_2617_cov_16.817315	1404	1448	8	18	44	0.4090909
NODE_836_length_2617_cov_16.817315	1404	1448	11	12	44	0.2727273
NODE_836_length_2617_cov_16.817315	1467	1521	11	5	54	0.0925926
NODE_836_length_2617_cov_16.817315	1467	1521	13	29	54	0.5370370
NODE_836_length_2617_cov_16.817315	1467	1521	15	19	54	0.3518519
NODE_836_length_2617_cov_16.817315	1467	1521	17	1	54	0.0185185
NODE_839_length_2610_cov_2.232577	2127	2163	0	32	36	0.8888889
NODE_839_length_2610_cov_2.232577	2127	2163	2	1	36	0.0277778
NODE_839_length_2610_cov_2.232577	2127	2163	4	3	36	0.0833333
NODE_840_length_2609_cov_13.245418	2066	2146	52	9	80	0.1125000
NODE_840_length_2609_cov_13.245418	2066	2146	53	3	80	0.0375000
NODE_840_length_2609_cov_13.245418	2066	2146	54	8	80	0.1000000
NODE_840_length_2609_cov_13.245418	2066	2146	55	7	80	0.0875000
NODE_840_length_2609_cov_13.245418	2066	2146	57	11	80	0.1375000
NODE_840_length_2609_cov_13.245418	2066	2146	59	7	80	0.0875000
NODE_840_length_2609_cov_13.245418	2066	2146	60	35	80	0.4375000
NODE_840_length_2609_cov_13.245418	2119	2199	0	5	80	0.0625000
NODE_840_length_2609_cov_13.245418	2119	2199	2	32	80	0.4000000
NODE_840_length_2609_cov_13.245418	2119	2199	4	8	80	0.1000000
NODE_840_length_2609_cov_13.245418	2119	2199	5	2	80	0.0250000
NODE_840_length_2609_cov_13.245418	2119	2199	18	2	80	0.0250000
NODE_840_length_2609_cov_13.245418	2119	2199	52	13	80	0.1625000
NODE_840_length_2609_cov_13.245418	2119	2199	54	4	80	0.0500000
NODE_840_length_2609_cov_13.245418	2119	2199	60	14	80	0.1750000
NODE_840_length_2609_cov_13.245418	2195	2275	4	10	80	0.1250000
NODE_840_length_2609_cov_13.245418	2195	2275	5	5	80	0.0625000
NODE_840_length_2609_cov_13.245418	2195	2275	6	65	80	0.8125000
NODE_840_length_2609_cov_13.245418	2248	2328	2	41	80	0.5125000
NODE_840_length_2609_cov_13.245418	2248	2328	4	20	80	0.2500000
NODE_840_length_2609_cov_13.245418	2248	2328	6	19	80	0.2375000
NODE_845_length_2595_cov_5.638622	2157	2237	0	80	80	1.0000000
NODE_847_length_2594_cov_109.880160	386	450	53	1	64	0.0156250
NODE_847_length_2594_cov_109.880160	386	450	55	1	64	0.0156250
NODE_847_length_2594_cov_109.880160	386	450	58	1	64	0.0156250
NODE_847_length_2594_cov_109.880160	386	450	59	1	64	0.0156250
NODE_847_length_2594_cov_109.880160	386	450	61	1	64	0.0156250
NODE_847_length_2594_cov_109.880160	386	450	63	1	64	0.0156250
NODE_847_length_2594_cov_109.880160	386	450	66	2	64	0.0312500
NODE_847_length_2594_cov_109.880160	386	450	71	1	64	0.0156250
NODE_847_length_2594_cov_109.880160	386	450	74	2	64	0.0312500
NODE_847_length_2594_cov_109.880160	386	450	78	1	64	0.0156250
NODE_847_length_2594_cov_109.880160	386	450	99	1	64	0.0156250
NODE_847_length_2594_cov_109.880160	386	450	103	1	64	0.0156250
NODE_847_length_2594_cov_109.880160	386	450	114	1	64	0.0156250
NODE_847_length_2594_cov_109.880160	386	450	121	1	64	0.0156250
NODE_847_length_2594_cov_109.880160	386	450	132	1	64	0.0156250
NODE_847_length_2594_cov_109.880160	386	450	138	1	64	0.0156250
NODE_847_length_2594_cov_109.880160	386	450	160	1	64	0.0156250
NODE_847_length_2594_cov_109.880160	386	450	180	1	64	0.0156250
NODE_847_length_2594_cov_109.880160	386	450	189	2	64	0.0312500
NODE_847_length_2594_cov_109.880160	386	450	195	3	64	0.0468750
NODE_847_length_2594_cov_109.880160	386	450	200	1	64	0.0156250
NODE_847_length_2594_cov_109.880160	386	450	201	2	64	0.0312500
NODE_847_length_2594_cov_109.880160	386	450	203	1	64	0.0156250
NODE_847_length_2594_cov_109.880160	386	450	207	1	64	0.0156250
NODE_847_length_2594_cov_109.880160	386	450	216	1	64	0.0156250
NODE_847_length_2594_cov_109.880160	386	450	220	2	64	0.0312500
NODE_847_length_2594_cov_109.880160	386	450	228	1	64	0.0156250
NODE_847_length_2594_cov_109.880160	386	450	230	2	64	0.0312500
NODE_847_length_2594_cov_109.880160	386	450	234	2	64	0.0312500
NODE_847_length_2594_cov_109.880160	386	450	238	2	64	0.0312500
NODE_847_length_2594_cov_109.880160	386	450	240	1	64	0.0156250
NODE_847_length_2594_cov_109.880160	386	450	244	1	64	0.0156250
NODE_847_length_2594_cov_109.880160	386	450	252	1	64	0.0156250
NODE_847_length_2594_cov_109.880160	386	450	256	2	64	0.0312500
NODE_847_length_2594_cov_109.880160	386	450	260	3	64	0.0468750
NODE_847_length_2594_cov_109.880160	386	450	261	4	64	0.0625000
NODE_847_length_2594_cov_109.880160	386	450	265	2	64	0.0312500
NODE_847_length_2594_cov_109.880160	386	450	275	1	64	0.0156250
NODE_847_length_2594_cov_109.880160	386	450	279	3	64	0.0468750
NODE_847_length_2594_cov_109.880160	386	450	281	3	64	0.0468750
NODE_847_length_2594_cov_109.880160	386	450	285	2	64	0.0312500
NODE_847_length_2594_cov_109.880160	386	450	286	1	64	0.0156250
NODE_856_length_2575_cov_4.890549	1860	1912	0	26	52	0.5000000
NODE_856_length_2575_cov_4.890549	1860	1912	2	26	52	0.5000000
NODE_857_length_2572_cov_46.828548	302	382	0	80	80	1.0000000
NODE_857_length_2572_cov_46.828548	355	435	0	80	80	1.0000000
NODE_868_length_2551_cov_40.721860	1104	1150	10	1	46	0.0217391
NODE_868_length_2551_cov_40.721860	1104	1150	11	9	46	0.1956522
NODE_868_length_2551_cov_40.721860	1104	1150	13	10	46	0.2173913
NODE_868_length_2551_cov_40.721860	1104	1150	14	6	46	0.1304348
NODE_868_length_2551_cov_40.721860	1104	1150	15	19	46	0.4130435
NODE_868_length_2551_cov_40.721860	1104	1150	16	1	46	0.0217391
NODE_868_length_2551_cov_40.721860	1199	1259	0	14	60	0.2333333
NODE_868_length_2551_cov_40.721860	1199	1259	2	22	60	0.3666667
NODE_868_length_2551_cov_40.721860	1199	1259	3	1	60	0.0166667
NODE_868_length_2551_cov_40.721860	1199	1259	4	23	60	0.3833333
NODE_870_length_2547_cov_218.062908	436	486	0	8	50	0.1600000
NODE_870_length_2547_cov_218.062908	436	486	2	13	50	0.2600000
NODE_870_length_2547_cov_218.062908	436	486	4	6	50	0.1200000
NODE_870_length_2547_cov_218.062908	436	486	6	3	50	0.0600000
NODE_870_length_2547_cov_218.062908	436	486	8	2	50	0.0400000
NODE_870_length_2547_cov_218.062908	436	486	10	4	50	0.0800000
NODE_870_length_2547_cov_218.062908	436	486	13	1	50	0.0200000
NODE_870_length_2547_cov_218.062908	436	486	15	4	50	0.0800000
NODE_870_length_2547_cov_218.062908	436	486	17	1	50	0.0200000
NODE_870_length_2547_cov_218.062908	436	486	19	1	50	0.0200000
NODE_870_length_2547_cov_218.062908	436	486	23	7	50	0.1400000
NODE_879_length_2527_cov_27.275947	503	548	95	6	45	0.1333333
NODE_879_length_2527_cov_27.275947	503	548	96	1	45	0.0222222
NODE_879_length_2527_cov_27.275947	503	548	98	2	45	0.0444444
NODE_879_length_2527_cov_27.275947	503	548	100	1	45	0.0222222
NODE_879_length_2527_cov_27.275947	503	548	101	2	45	0.0444444
NODE_879_length_2527_cov_27.275947	503	548	103	2	45	0.0444444
NODE_879_length_2527_cov_27.275947	503	548	104	3	45	0.0666667
NODE_879_length_2527_cov_27.275947	503	548	105	5	45	0.1111111
NODE_879_length_2527_cov_27.275947	503	548	106	3	45	0.0666667
NODE_879_length_2527_cov_27.275947	503	548	107	2	45	0.0444444
NODE_879_length_2527_cov_27.275947	503	548	108	1	45	0.0222222
NODE_879_length_2527_cov_27.275947	503	548	109	2	45	0.0444444
NODE_879_length_2527_cov_27.275947	503	548	111	3	45	0.0666667
NODE_879_length_2527_cov_27.275947	503	548	115	2	45	0.0444444
NODE_879_length_2527_cov_27.275947	503	548	117	2	45	0.0444444
NODE_879_length_2527_cov_27.275947	503	548	119	1	45	0.0222222
NODE_879_length_2527_cov_27.275947	503	548	122	1	45	0.0222222
NODE_879_length_2527_cov_27.275947	503	548	125	1	45	0.0222222
NODE_879_length_2527_cov_27.275947	503	548	127	5	45	0.1111111
NODE_884_length_2519_cov_15.991322	2122	2202	0	12	80	0.1500000
NODE_884_length_2519_cov_15.991322	2122	2202	4	68	80	0.8500000
NODE_884_length_2519_cov_15.991322	2175	2255	0	65	80	0.8125000
NODE_884_length_2519_cov_15.991322	2175	2255	4	15	80	0.1875000
NODE_885_length_2518_cov_7.035965	62	142	48	4	80	0.0500000
NODE_885_length_2518_cov_7.035965	62	142	54	3	80	0.0375000
NODE_885_length_2518_cov_7.035965	62	142	56	5	80	0.0625000
NODE_885_length_2518_cov_7.035965	62	142	58	1	80	0.0125000
NODE_885_length_2518_cov_7.035965	62	142	60	2	80	0.0250000
NODE_885_length_2518_cov_7.035965	62	142	64	1	80	0.0125000
NODE_885_length_2518_cov_7.035965	62	142	66	1	80	0.0125000
NODE_885_length_2518_cov_7.035965	62	142	75	1	80	0.0125000
NODE_885_length_2518_cov_7.035965	62	142	77	1	80	0.0125000
NODE_885_length_2518_cov_7.035965	62	142	79	2	80	0.0250000
NODE_885_length_2518_cov_7.035965	62	142	80	9	80	0.1125000
NODE_885_length_2518_cov_7.035965	62	142	81	5	80	0.0625000
NODE_885_length_2518_cov_7.035965	62	142	82	3	80	0.0375000
NODE_885_length_2518_cov_7.035965	62	142	84	9	80	0.1125000
NODE_885_length_2518_cov_7.035965	62	142	86	5	80	0.0625000
NODE_885_length_2518_cov_7.035965	62	142	88	9	80	0.1125000
NODE_885_length_2518_cov_7.035965	62	142	90	19	80	0.2375000
NODE_885_length_2518_cov_7.035965	2005	2085	0	80	80	1.0000000
NODE_885_length_2518_cov_7.035965	2058	2138	0	80	80	1.0000000
NODE_887_length_2515_cov_37.984272	393	473	0	57	80	0.7125000
NODE_887_length_2515_cov_37.984272	393	473	2	23	80	0.2875000
NODE_887_length_2515_cov_37.984272	446	526	0	4	80	0.0500000
NODE_887_length_2515_cov_37.984272	446	526	2	76	80	0.9500000
NODE_887_length_2515_cov_37.984272	1896	1976	5	4	80	0.0500000
NODE_887_length_2515_cov_37.984272	1896	1976	6	76	80	0.9500000
NODE_887_length_2515_cov_37.984272	1949	2029	2	12	80	0.1500000
NODE_887_length_2515_cov_37.984272	1949	2029	4	4	80	0.0500000
NODE_887_length_2515_cov_37.984272	1949	2029	5	1	80	0.0125000
NODE_887_length_2515_cov_37.984272	1949	2029	6	63	80	0.7875000
NODE_887_length_2515_cov_37.984272	2025	2105	2	59	80	0.7375000
NODE_887_length_2515_cov_37.984272	2025	2105	4	21	80	0.2625000
NODE_887_length_2515_cov_37.984272	2025	2104	2	59	79	0.7468355
NODE_887_length_2515_cov_37.984272	2025	2104	4	20	79	0.2531646
NODE_887_length_2515_cov_37.984272	2078	2158	2	47	80	0.5875000
NODE_887_length_2515_cov_37.984272	2078	2158	4	33	80	0.4125000
NODE_888_length_2512_cov_48.259428	1299	1379	21	3	80	0.0375000
NODE_888_length_2512_cov_48.259428	1299	1379	22	1	80	0.0125000
NODE_888_length_2512_cov_48.259428	1299	1379	23	7	80	0.0875000
NODE_888_length_2512_cov_48.259428	1299	1379	25	6	80	0.0750000
NODE_888_length_2512_cov_48.259428	1299	1379	26	6	80	0.0750000
NODE_888_length_2512_cov_48.259428	1299	1379	27	1	80	0.0125000
NODE_888_length_2512_cov_48.259428	1299	1379	30	5	80	0.0625000
NODE_888_length_2512_cov_48.259428	1299	1379	31	7	80	0.0875000
NODE_888_length_2512_cov_48.259428	1299	1379	32	4	80	0.0500000
NODE_888_length_2512_cov_48.259428	1299	1379	33	10	80	0.1250000
NODE_888_length_2512_cov_48.259428	1299	1379	34	8	80	0.1000000
NODE_888_length_2512_cov_48.259428	1299	1379	35	1	80	0.0125000
NODE_888_length_2512_cov_48.259428	1299	1379	36	1	80	0.0125000
NODE_888_length_2512_cov_48.259428	1299	1379	37	1	80	0.0125000
NODE_888_length_2512_cov_48.259428	1299	1379	38	3	80	0.0375000
NODE_888_length_2512_cov_48.259428	1299	1379	40	16	80	0.2000000
NODE_888_length_2512_cov_48.259428	1352	1432	21	7	80	0.0875000
NODE_888_length_2512_cov_48.259428	1352	1432	22	1	80	0.0125000
NODE_888_length_2512_cov_48.259428	1352	1432	23	8	80	0.1000000
NODE_888_length_2512_cov_48.259428	1352	1432	25	7	80	0.0875000
NODE_888_length_2512_cov_48.259428	1352	1432	26	20	80	0.2500000
NODE_888_length_2512_cov_48.259428	1352	1432	27	14	80	0.1750000
NODE_888_length_2512_cov_48.259428	1352	1432	28	6	80	0.0750000
NODE_888_length_2512_cov_48.259428	1352	1432	30	16	80	0.2000000
NODE_888_length_2512_cov_48.259428	1352	1432	31	1	80	0.0125000
NODE_888_length_2512_cov_48.259428	1428	1512	21	3	84	0.0357143
NODE_888_length_2512_cov_48.259428	1428	1512	23	8	84	0.0952381
NODE_888_length_2512_cov_48.259428	1428	1512	24	1	84	0.0119048
NODE_888_length_2512_cov_48.259428	1428	1512	27	7	84	0.0833333
NODE_888_length_2512_cov_48.259428	1428	1512	28	1	84	0.0119048
NODE_888_length_2512_cov_48.259428	1428	1512	29	3	84	0.0357143
NODE_888_length_2512_cov_48.259428	1428	1512	34	3	84	0.0357143
NODE_888_length_2512_cov_48.259428	1428	1512	39	2	84	0.0238095
NODE_888_length_2512_cov_48.259428	1428	1512	41	8	84	0.0952381
NODE_888_length_2512_cov_48.259428	1428	1512	42	1	84	0.0119048
NODE_888_length_2512_cov_48.259428	1428	1512	43	1	84	0.0119048
NODE_888_length_2512_cov_48.259428	1428	1512	44	1	84	0.0119048
NODE_888_length_2512_cov_48.259428	1428	1512	48	2	84	0.0238095
NODE_888_length_2512_cov_48.259428	1428	1512	50	3	84	0.0357143
NODE_888_length_2512_cov_48.259428	1428	1512	54	6	84	0.0714286
NODE_888_length_2512_cov_48.259428	1428	1512	56	4	84	0.0476190
NODE_888_length_2512_cov_48.259428	1428	1512	59	1	84	0.0119048
NODE_888_length_2512_cov_48.259428	1428	1512	61	2	84	0.0238095
NODE_888_length_2512_cov_48.259428	1428	1512	64	2	84	0.0238095
NODE_888_length_2512_cov_48.259428	1428	1512	66	3	84	0.0357143
NODE_888_length_2512_cov_48.259428	1428	1512	68	4	84	0.0476190
NODE_888_length_2512_cov_48.259428	1428	1512	70	6	84	0.0714286
NODE_888_length_2512_cov_48.259428	1428	1512	72	1	84	0.0119048
NODE_888_length_2512_cov_48.259428	1428	1512	74	1	84	0.0119048
NODE_888_length_2512_cov_48.259428	1428	1512	76	2	84	0.0238095
NODE_888_length_2512_cov_48.259428	1428	1512	78	1	84	0.0119048
NODE_888_length_2512_cov_48.259428	1428	1512	79	1	84	0.0119048
NODE_888_length_2512_cov_48.259428	1428	1512	81	5	84	0.0595238
NODE_888_length_2512_cov_48.259428	1428	1512	82	1	84	0.0119048
NODE_888_length_2512_cov_48.259428	1485	1565	64	2	80	0.0250000
NODE_888_length_2512_cov_48.259428	1485	1565	66	3	80	0.0375000
NODE_888_length_2512_cov_48.259428	1485	1565	68	4	80	0.0500000
NODE_888_length_2512_cov_48.259428	1485	1565	70	6	80	0.0750000
NODE_888_length_2512_cov_48.259428	1485	1565	72	1	80	0.0125000
NODE_888_length_2512_cov_48.259428	1485	1565	74	1	80	0.0125000
NODE_888_length_2512_cov_48.259428	1485	1565	76	2	80	0.0250000
NODE_888_length_2512_cov_48.259428	1485	1565	78	1	80	0.0125000
NODE_888_length_2512_cov_48.259428	1485	1565	79	1	80	0.0125000
NODE_888_length_2512_cov_48.259428	1485	1565	81	6	80	0.0750000
NODE_888_length_2512_cov_48.259428	1485	1565	82	2	80	0.0250000
NODE_888_length_2512_cov_48.259428	1485	1565	83	4	80	0.0500000
NODE_888_length_2512_cov_48.259428	1485	1565	87	2	80	0.0250000
NODE_888_length_2512_cov_48.259428	1485	1565	89	7	80	0.0875000
NODE_888_length_2512_cov_48.259428	1485	1565	90	2	80	0.0250000
NODE_888_length_2512_cov_48.259428	1485	1565	91	2	80	0.0250000
NODE_888_length_2512_cov_48.259428	1485	1565	92	9	80	0.1125000
NODE_888_length_2512_cov_48.259428	1485	1565	93	1	80	0.0125000
NODE_888_length_2512_cov_48.259428	1485	1565	96	4	80	0.0500000
NODE_888_length_2512_cov_48.259428	1485	1565	97	9	80	0.1125000
NODE_888_length_2512_cov_48.259428	1485	1565	99	5	80	0.0625000
NODE_888_length_2512_cov_48.259428	1485	1565	101	6	80	0.0750000
NODE_891_length_2505_cov_102.009975	390	470	8	2	80	0.0250000
NODE_891_length_2505_cov_102.009975	390	470	10	6	80	0.0750000
NODE_891_length_2505_cov_102.009975	390	470	12	26	80	0.3250000
NODE_891_length_2505_cov_102.009975	390	470	16	46	80	0.5750000
NODE_891_length_2505_cov_102.009975	443	510	2	20	67	0.2985075
NODE_891_length_2505_cov_102.009975	443	510	3	1	67	0.0149254
NODE_891_length_2505_cov_102.009975	443	510	4	5	67	0.0746269
NODE_891_length_2505_cov_102.009975	443	510	8	16	67	0.2388060
NODE_891_length_2505_cov_102.009975	443	510	12	25	67	0.3731343
NODE_894_length_2499_cov_2.655417	2325	2375	9	2	50	0.0400000
NODE_894_length_2499_cov_2.655417	2325	2375	10	1	50	0.0200000
NODE_894_length_2499_cov_2.655417	2325	2375	15	1	50	0.0200000
NODE_894_length_2499_cov_2.655417	2325	2375	17	1	50	0.0200000
NODE_894_length_2499_cov_2.655417	2325	2375	18	1	50	0.0200000
NODE_894_length_2499_cov_2.655417	2325	2375	22	1	50	0.0200000
NODE_894_length_2499_cov_2.655417	2325	2375	23	4	50	0.0800000
NODE_894_length_2499_cov_2.655417	2325	2375	26	1	50	0.0200000
NODE_894_length_2499_cov_2.655417	2325	2375	27	2	50	0.0400000
NODE_894_length_2499_cov_2.655417	2325	2375	29	2	50	0.0400000
NODE_894_length_2499_cov_2.655417	2325	2375	31	1	50	0.0200000
NODE_894_length_2499_cov_2.655417	2325	2375	32	2	50	0.0400000
NODE_894_length_2499_cov_2.655417	2325	2375	33	3	50	0.0600000
NODE_894_length_2499_cov_2.655417	2325	2375	35	19	50	0.3800000
NODE_894_length_2499_cov_2.655417	2325	2375	36	1	50	0.0200000
NODE_894_length_2499_cov_2.655417	2325	2375	37	8	50	0.1600000
NODE_895_length_2498_cov_9.614840	239	281	0	42	42	1.0000000
NODE_895_length_2498_cov_9.614840	254	335	0	79	81	0.9753087
NODE_895_length_2498_cov_9.614840	254	335	4	2	81	0.0246914
NODE_895_length_2498_cov_9.614840	254	335	0	79	81	0.9753087
NODE_895_length_2498_cov_9.614840	254	335	4	2	81	0.0246914
NODE_895_length_2498_cov_9.614840	331	411	0	9	80	0.1125000
NODE_895_length_2498_cov_9.614840	331	411	4	14	80	0.1750000
NODE_895_length_2498_cov_9.614840	331	411	6	57	80	0.7125000
NODE_895_length_2498_cov_9.614840	384	464	0	60	80	0.7500000
NODE_895_length_2498_cov_9.614840	384	464	4	2	80	0.0250000
NODE_895_length_2498_cov_9.614840	384	464	6	18	80	0.2250000
NODE_898_length_2495_cov_5.151085	2395	2444	0	3	49	0.0612245
NODE_898_length_2495_cov_5.151085	2395	2444	2	46	49	0.9387755
NODE_898_length_2495_cov_5.151085	2395	2444	0	3	49	0.0612245
NODE_898_length_2495_cov_5.151085	2395	2444	2	46	49	0.9387755
NODE_898_length_2495_cov_5.151085	2396	2444	0	3	48	0.0625000
NODE_898_length_2495_cov_5.151085	2396	2444	2	45	48	0.9375000
NODE_898_length_2495_cov_5.151085	2396	2444	0	3	48	0.0625000
NODE_898_length_2495_cov_5.151085	2396	2444	2	45	48	0.9375000
NODE_898_length_2495_cov_5.151085	2396	2444	0	3	48	0.0625000
NODE_898_length_2495_cov_5.151085	2396	2444	2	45	48	0.9375000
NODE_900_length_2492_cov_43.645215	408	488	0	28	80	0.3500000
NODE_900_length_2492_cov_43.645215	408	488	2	52	80	0.6500000
NODE_903_length_2489_cov_15.105021	204	234	0	12	30	0.4000000
NODE_903_length_2489_cov_15.105021	204	234	3	1	30	0.0333333
NODE_903_length_2489_cov_15.105021	204	234	4	2	30	0.0666667
NODE_903_length_2489_cov_15.105021	204	234	6	15	30	0.5000000
NODE_905_length_2488_cov_2.434910	2141	2200	42	3	59	0.0508475
NODE_905_length_2488_cov_2.434910	2141	2200	44	6	59	0.1016949
NODE_905_length_2488_cov_2.434910	2141	2200	46	10	59	0.1694915
NODE_905_length_2488_cov_2.434910	2141	2200	48	4	59	0.0677966
NODE_905_length_2488_cov_2.434910	2141	2200	50	10	59	0.1694915
NODE_905_length_2488_cov_2.434910	2141	2200	52	9	59	0.1525424
NODE_905_length_2488_cov_2.434910	2141	2200	54	11	59	0.1864407
NODE_905_length_2488_cov_2.434910	2141	2200	55	3	59	0.0508475
NODE_905_length_2488_cov_2.434910	2141	2200	57	3	59	0.0508475
NODE_906_length_2484_cov_335.301887	224	279	919	1	55	0.0181818
NODE_906_length_2484_cov_335.301887	224	279	924	1	55	0.0181818
NODE_906_length_2484_cov_335.301887	224	279	926	1	55	0.0181818
NODE_906_length_2484_cov_335.301887	224	279	927	2	55	0.0363636
NODE_906_length_2484_cov_335.301887	224	279	929	1	55	0.0181818
NODE_906_length_2484_cov_335.301887	224	279	931	1	55	0.0181818
NODE_906_length_2484_cov_335.301887	224	279	935	1	55	0.0181818
NODE_906_length_2484_cov_335.301887	224	279	942	1	55	0.0181818
NODE_906_length_2484_cov_335.301887	224	279	948	1	55	0.0181818
NODE_906_length_2484_cov_335.301887	224	279	969	1	55	0.0181818
NODE_906_length_2484_cov_335.301887	224	279	975	1	55	0.0181818
NODE_906_length_2484_cov_335.301887	224	279	976	1	55	0.0181818
NODE_906_length_2484_cov_335.301887	224	279	990	1	55	0.0181818
NODE_906_length_2484_cov_335.301887	224	279	992	2	55	0.0363636
NODE_906_length_2484_cov_335.301887	224	279	998	1	55	0.0181818
NODE_906_length_2484_cov_335.301887	224	279	1006	1	55	0.0181818
NODE_906_length_2484_cov_335.301887	224	279	1009	1	55	0.0181818
NODE_906_length_2484_cov_335.301887	224	279	1014	1	55	0.0181818
NODE_906_length_2484_cov_335.301887	224	279	1015	1	55	0.0181818
NODE_906_length_2484_cov_335.301887	224	279	1016	1	55	0.0181818
NODE_906_length_2484_cov_335.301887	224	279	1017	1	55	0.0181818
NODE_906_length_2484_cov_335.301887	224	279	1029	1	55	0.0181818
NODE_906_length_2484_cov_335.301887	224	279	1036	2	55	0.0363636
NODE_906_length_2484_cov_335.301887	224	279	1037	1	55	0.0181818
NODE_906_length_2484_cov_335.301887	224	279	1041	2	55	0.0363636
NODE_906_length_2484_cov_335.301887	224	279	1044	1	55	0.0181818
NODE_906_length_2484_cov_335.301887	224	279	1046	2	55	0.0363636
NODE_906_length_2484_cov_335.301887	224	279	1047	1	55	0.0181818
NODE_906_length_2484_cov_335.301887	224	279	1048	1	55	0.0181818
NODE_906_length_2484_cov_335.301887	224	279	1049	1	55	0.0181818
NODE_906_length_2484_cov_335.301887	224	279	1050	1	55	0.0181818
NODE_906_length_2484_cov_335.301887	224	279	1051	1	55	0.0181818
NODE_906_length_2484_cov_335.301887	224	279	1052	1	55	0.0181818
NODE_906_length_2484_cov_335.301887	224	279	1053	1	55	0.0181818
NODE_906_length_2484_cov_335.301887	224	279	1054	1	55	0.0181818
NODE_906_length_2484_cov_335.301887	224	279	1055	2	55	0.0363636
NODE_906_length_2484_cov_335.301887	224	279	1056	3	55	0.0545455
NODE_906_length_2484_cov_335.301887	224	279	1057	1	55	0.0181818
NODE_906_length_2484_cov_335.301887	224	279	1058	1	55	0.0181818
NODE_906_length_2484_cov_335.301887	224	279	1059	1	55	0.0181818
NODE_906_length_2484_cov_335.301887	224	279	1060	1	55	0.0181818
NODE_906_length_2484_cov_335.301887	224	279	1062	2	55	0.0363636
NODE_906_length_2484_cov_335.301887	224	279	1063	2	55	0.0363636
NODE_906_length_2484_cov_335.301887	224	279	1064	2	55	0.0363636
NODE_906_length_2484_cov_335.301887	252	332	811	1	80	0.0125000
NODE_906_length_2484_cov_335.301887	252	332	822	1	80	0.0125000
NODE_906_length_2484_cov_335.301887	252	332	829	1	80	0.0125000
NODE_906_length_2484_cov_335.301887	252	332	831	1	80	0.0125000
NODE_906_length_2484_cov_335.301887	252	332	832	2	80	0.0250000
NODE_906_length_2484_cov_335.301887	252	332	834	1	80	0.0125000
NODE_906_length_2484_cov_335.301887	252	332	851	1	80	0.0125000
NODE_906_length_2484_cov_335.301887	252	332	858	1	80	0.0125000
NODE_906_length_2484_cov_335.301887	252	332	868	1	80	0.0125000
NODE_906_length_2484_cov_335.301887	252	332	875	1	80	0.0125000
NODE_906_length_2484_cov_335.301887	252	332	886	2	80	0.0250000
NODE_906_length_2484_cov_335.301887	252	332	904	1	80	0.0125000
NODE_906_length_2484_cov_335.301887	252	332	922	1	80	0.0125000
NODE_906_length_2484_cov_335.301887	252	332	942	1	80	0.0125000
NODE_906_length_2484_cov_335.301887	252	332	964	1	80	0.0125000
NODE_906_length_2484_cov_335.301887	252	332	969	1	80	0.0125000
NODE_906_length_2484_cov_335.301887	252	332	970	1	80	0.0125000
NODE_906_length_2484_cov_335.301887	252	332	975	1	80	0.0125000
NODE_906_length_2484_cov_335.301887	252	332	984	1	80	0.0125000
NODE_906_length_2484_cov_335.301887	252	332	987	1	80	0.0125000
NODE_906_length_2484_cov_335.301887	252	332	988	1	80	0.0125000
NODE_906_length_2484_cov_335.301887	252	332	992	1	80	0.0125000
NODE_906_length_2484_cov_335.301887	252	332	993	1	80	0.0125000
NODE_906_length_2484_cov_335.301887	252	332	1010	1	80	0.0125000
NODE_906_length_2484_cov_335.301887	252	332	1027	1	80	0.0125000
NODE_906_length_2484_cov_335.301887	252	332	1028	1	80	0.0125000
NODE_906_length_2484_cov_335.301887	252	332	1029	1	80	0.0125000
NODE_906_length_2484_cov_335.301887	252	332	1030	1	80	0.0125000
NODE_906_length_2484_cov_335.301887	252	332	1033	1	80	0.0125000
NODE_906_length_2484_cov_335.301887	252	332	1034	1	80	0.0125000
NODE_906_length_2484_cov_335.301887	252	332	1035	1	80	0.0125000
NODE_906_length_2484_cov_335.301887	252	332	1036	1	80	0.0125000
NODE_906_length_2484_cov_335.301887	252	332	1040	1	80	0.0125000
NODE_906_length_2484_cov_335.301887	252	332	1041	2	80	0.0250000
NODE_906_length_2484_cov_335.301887	252	332	1044	2	80	0.0250000
NODE_906_length_2484_cov_335.301887	252	332	1046	3	80	0.0375000
NODE_906_length_2484_cov_335.301887	252	332	1047	1	80	0.0125000
NODE_906_length_2484_cov_335.301887	252	332	1048	1	80	0.0125000
NODE_906_length_2484_cov_335.301887	252	332	1049	1	80	0.0125000
NODE_906_length_2484_cov_335.301887	252	332	1050	2	80	0.0250000
NODE_906_length_2484_cov_335.301887	252	332	1051	2	80	0.0250000
NODE_906_length_2484_cov_335.301887	252	332	1052	2	80	0.0250000
NODE_906_length_2484_cov_335.301887	252	332	1053	1	80	0.0125000
NODE_906_length_2484_cov_335.301887	252	332	1054	1	80	0.0125000
NODE_906_length_2484_cov_335.301887	252	332	1055	2	80	0.0250000
NODE_906_length_2484_cov_335.301887	252	332	1056	3	80	0.0375000
NODE_906_length_2484_cov_335.301887	252	332	1057	1	80	0.0125000
NODE_906_length_2484_cov_335.301887	252	332	1058	1	80	0.0125000
NODE_906_length_2484_cov_335.301887	252	332	1059	3	80	0.0375000
NODE_906_length_2484_cov_335.301887	252	332	1060	1	80	0.0125000
NODE_906_length_2484_cov_335.301887	252	332	1061	1	80	0.0125000
NODE_906_length_2484_cov_335.301887	252	332	1062	5	80	0.0625000
NODE_906_length_2484_cov_335.301887	252	332	1063	2	80	0.0250000
NODE_906_length_2484_cov_335.301887	252	332	1064	4	80	0.0500000
NODE_906_length_2484_cov_335.301887	252	332	1066	1	80	0.0125000
NODE_906_length_2484_cov_335.301887	252	332	1068	2	80	0.0250000
NODE_906_length_2484_cov_335.301887	252	332	1079	1	80	0.0125000
NODE_912_length_2479_cov_90.381092	369	449	0	29	80	0.3625000
NODE_912_length_2479_cov_90.381092	369	449	2	43	80	0.5375000
NODE_912_length_2479_cov_90.381092	369	449	6	8	80	0.1000000
NODE_912_length_2479_cov_90.381092	422	499	2	19	77	0.2467532
NODE_912_length_2479_cov_90.381092	422	499	4	5	77	0.0649351
NODE_912_length_2479_cov_90.381092	422	499	6	53	77	0.6883117
NODE_912_length_2479_cov_90.381092	1610	1685	203	1	75	0.0133333
NODE_912_length_2479_cov_90.381092	1610	1685	261	1	75	0.0133333
NODE_912_length_2479_cov_90.381092	1610	1685	268	2	75	0.0266667
NODE_912_length_2479_cov_90.381092	1610	1685	270	1	75	0.0133333
NODE_912_length_2479_cov_90.381092	1610	1685	285	1	75	0.0133333
NODE_912_length_2479_cov_90.381092	1610	1685	296	2	75	0.0266667
NODE_912_length_2479_cov_90.381092	1610	1685	300	4	75	0.0533333
NODE_912_length_2479_cov_90.381092	1610	1685	314	1	75	0.0133333
NODE_912_length_2479_cov_90.381092	1610	1685	327	1	75	0.0133333
NODE_912_length_2479_cov_90.381092	1610	1685	332	1	75	0.0133333
NODE_912_length_2479_cov_90.381092	1610	1685	338	1	75	0.0133333
NODE_912_length_2479_cov_90.381092	1610	1685	346	1	75	0.0133333
NODE_912_length_2479_cov_90.381092	1610	1685	357	1	75	0.0133333
NODE_912_length_2479_cov_90.381092	1610	1685	360	1	75	0.0133333
NODE_912_length_2479_cov_90.381092	1610	1685	389	1	75	0.0133333
NODE_912_length_2479_cov_90.381092	1610	1685	393	1	75	0.0133333
NODE_912_length_2479_cov_90.381092	1610	1685	401	1	75	0.0133333
NODE_912_length_2479_cov_90.381092	1610	1685	410	1	75	0.0133333
NODE_912_length_2479_cov_90.381092	1610	1685	417	1	75	0.0133333
NODE_912_length_2479_cov_90.381092	1610	1685	431	2	75	0.0266667
NODE_912_length_2479_cov_90.381092	1610	1685	448	1	75	0.0133333
NODE_912_length_2479_cov_90.381092	1610	1685	455	1	75	0.0133333
NODE_912_length_2479_cov_90.381092	1610	1685	459	1	75	0.0133333
NODE_912_length_2479_cov_90.381092	1610	1685	471	3	75	0.0400000
NODE_912_length_2479_cov_90.381092	1610	1685	478	1	75	0.0133333
NODE_912_length_2479_cov_90.381092	1610	1685	480	1	75	0.0133333
NODE_912_length_2479_cov_90.381092	1610	1685	484	1	75	0.0133333
NODE_912_length_2479_cov_90.381092	1610	1685	493	1	75	0.0133333
NODE_912_length_2479_cov_90.381092	1610	1685	510	1	75	0.0133333
NODE_912_length_2479_cov_90.381092	1610	1685	512	1	75	0.0133333
NODE_912_length_2479_cov_90.381092	1610	1685	517	1	75	0.0133333
NODE_912_length_2479_cov_90.381092	1610	1685	529	1	75	0.0133333
NODE_912_length_2479_cov_90.381092	1610	1685	534	1	75	0.0133333
NODE_912_length_2479_cov_90.381092	1610	1685	539	1	75	0.0133333
NODE_912_length_2479_cov_90.381092	1610	1685	554	1	75	0.0133333
NODE_912_length_2479_cov_90.381092	1610	1685	556	1	75	0.0133333
NODE_912_length_2479_cov_90.381092	1610	1685	569	1	75	0.0133333
NODE_912_length_2479_cov_90.381092	1610	1685	571	1	75	0.0133333
NODE_912_length_2479_cov_90.381092	1610	1685	577	1	75	0.0133333
NODE_912_length_2479_cov_90.381092	1610	1685	587	1	75	0.0133333
NODE_912_length_2479_cov_90.381092	1610	1685	591	1	75	0.0133333
NODE_912_length_2479_cov_90.381092	1610	1685	594	2	75	0.0266667
NODE_912_length_2479_cov_90.381092	1610	1685	604	2	75	0.0266667
NODE_912_length_2479_cov_90.381092	1610	1685	613	1	75	0.0133333
NODE_912_length_2479_cov_90.381092	1610	1685	622	1	75	0.0133333
NODE_912_length_2479_cov_90.381092	1610	1685	636	1	75	0.0133333
NODE_912_length_2479_cov_90.381092	1610	1685	638	1	75	0.0133333
NODE_912_length_2479_cov_90.381092	1610	1685	659	1	75	0.0133333
NODE_912_length_2479_cov_90.381092	1610	1685	662	1	75	0.0133333
NODE_912_length_2479_cov_90.381092	1610	1685	665	1	75	0.0133333
NODE_912_length_2479_cov_90.381092	1610	1685	667	1	75	0.0133333
NODE_912_length_2479_cov_90.381092	1610	1685	668	1	75	0.0133333
NODE_912_length_2479_cov_90.381092	1610	1685	669	1	75	0.0133333
NODE_912_length_2479_cov_90.381092	1610	1685	672	1	75	0.0133333
NODE_912_length_2479_cov_90.381092	1610	1685	676	1	75	0.0133333
NODE_912_length_2479_cov_90.381092	1610	1685	686	3	75	0.0400000
NODE_912_length_2479_cov_90.381092	1610	1685	687	1	75	0.0133333
NODE_912_length_2479_cov_90.381092	1610	1685	688	2	75	0.0266667
NODE_912_length_2479_cov_90.381092	1610	1685	689	2	75	0.0266667
NODE_912_length_2479_cov_90.381092	1610	1685	690	1	75	0.0133333
NODE_912_length_2479_cov_90.381092	1610	1685	691	1	75	0.0133333
NODE_912_length_2479_cov_90.381092	1658	1730	591	1	72	0.0138889
NODE_912_length_2479_cov_90.381092	1658	1730	594	2	72	0.0277778
NODE_912_length_2479_cov_90.381092	1658	1730	604	2	72	0.0277778
NODE_912_length_2479_cov_90.381092	1658	1730	611	1	72	0.0138889
NODE_912_length_2479_cov_90.381092	1658	1730	613	1	72	0.0138889
NODE_912_length_2479_cov_90.381092	1658	1730	621	1	72	0.0138889
NODE_912_length_2479_cov_90.381092	1658	1730	622	1	72	0.0138889
NODE_912_length_2479_cov_90.381092	1658	1730	623	3	72	0.0416667
NODE_912_length_2479_cov_90.381092	1658	1730	625	1	72	0.0138889
NODE_912_length_2479_cov_90.381092	1658	1730	636	1	72	0.0138889
NODE_912_length_2479_cov_90.381092	1658	1730	638	1	72	0.0138889
NODE_912_length_2479_cov_90.381092	1658	1730	648	1	72	0.0138889
NODE_912_length_2479_cov_90.381092	1658	1730	650	1	72	0.0138889
NODE_912_length_2479_cov_90.381092	1658	1730	651	3	72	0.0416667
NODE_912_length_2479_cov_90.381092	1658	1730	653	2	72	0.0277778
NODE_912_length_2479_cov_90.381092	1658	1730	655	3	72	0.0416667
NODE_912_length_2479_cov_90.381092	1658	1730	657	3	72	0.0416667
NODE_912_length_2479_cov_90.381092	1658	1730	658	2	72	0.0277778
NODE_912_length_2479_cov_90.381092	1658	1730	659	1	72	0.0138889
NODE_912_length_2479_cov_90.381092	1658	1730	662	3	72	0.0416667
NODE_912_length_2479_cov_90.381092	1658	1730	664	4	72	0.0555556
NODE_912_length_2479_cov_90.381092	1658	1730	665	3	72	0.0416667
NODE_912_length_2479_cov_90.381092	1658	1730	667	1	72	0.0138889
NODE_912_length_2479_cov_90.381092	1658	1730	668	1	72	0.0138889
NODE_912_length_2479_cov_90.381092	1658	1730	669	1	72	0.0138889
NODE_912_length_2479_cov_90.381092	1658	1730	672	1	72	0.0138889
NODE_912_length_2479_cov_90.381092	1658	1730	674	1	72	0.0138889
NODE_912_length_2479_cov_90.381092	1658	1730	675	1	72	0.0138889
NODE_912_length_2479_cov_90.381092	1658	1730	676	1	72	0.0138889
NODE_912_length_2479_cov_90.381092	1658	1730	677	2	72	0.0277778
NODE_912_length_2479_cov_90.381092	1658	1730	678	2	72	0.0277778
NODE_912_length_2479_cov_90.381092	1658	1730	679	1	72	0.0138889
NODE_912_length_2479_cov_90.381092	1658	1730	685	1	72	0.0138889
NODE_912_length_2479_cov_90.381092	1658	1730	686	4	72	0.0555556
NODE_912_length_2479_cov_90.381092	1658	1730	687	1	72	0.0138889
NODE_912_length_2479_cov_90.381092	1658	1730	688	4	72	0.0555556
NODE_912_length_2479_cov_90.381092	1658	1730	689	3	72	0.0416667
NODE_912_length_2479_cov_90.381092	1658	1730	690	2	72	0.0277778
NODE_912_length_2479_cov_90.381092	1658	1730	691	2	72	0.0277778
NODE_912_length_2479_cov_90.381092	1658	1730	694	2	72	0.0277778
NODE_913_length_2479_cov_3.433193	2379	2426	0	47	47	1.0000000
NODE_913_length_2479_cov_3.433193	2399	2479	0	80	80	1.0000000
NODE_915_length_2474_cov_7.237895	399	479	0	80	80	1.0000000
NODE_915_length_2474_cov_7.237895	452	532	0	80	80	1.0000000
NODE_922_length_2465_cov_3.098056	2133	2213	0	24	80	0.3000000
NODE_922_length_2465_cov_3.098056	2133	2213	1	19	80	0.2375000
NODE_922_length_2465_cov_3.098056	2133	2213	2	37	80	0.4625000
NODE_922_length_2465_cov_3.098056	2191	2253	0	23	62	0.3709677
NODE_922_length_2465_cov_3.098056	2191	2253	2	39	62	0.6290323
NODE_923_length_2464_cov_24.562791	331	409	0	78	78	1.0000000
NODE_923_length_2464_cov_24.562791	382	462	0	80	80	1.0000000
NODE_924_length_2461_cov_2.696444	292	372	0	80	80	1.0000000
NODE_924_length_2461_cov_2.696444	345	425	0	80	80	1.0000000
NODE_938_length_2447_cov_16.079216	2344	2424	33	2	80	0.0250000
NODE_938_length_2447_cov_16.079216	2344	2424	35	2	80	0.0250000
NODE_938_length_2447_cov_16.079216	2344	2424	39	1	80	0.0125000
NODE_938_length_2447_cov_16.079216	2344	2424	45	1	80	0.0125000
NODE_938_length_2447_cov_16.079216	2344	2424	47	7	80	0.0875000
NODE_938_length_2447_cov_16.079216	2344	2424	49	6	80	0.0750000
NODE_938_length_2447_cov_16.079216	2344	2424	51	4	80	0.0500000
NODE_938_length_2447_cov_16.079216	2344	2424	53	2	80	0.0250000
NODE_938_length_2447_cov_16.079216	2344	2424	55	5	80	0.0625000
NODE_938_length_2447_cov_16.079216	2344	2424	57	1	80	0.0125000
NODE_938_length_2447_cov_16.079216	2344	2424	59	6	80	0.0750000
NODE_938_length_2447_cov_16.079216	2344	2424	61	7	80	0.0875000
NODE_938_length_2447_cov_16.079216	2344	2424	62	3	80	0.0375000
NODE_938_length_2447_cov_16.079216	2344	2424	64	3	80	0.0375000
NODE_938_length_2447_cov_16.079216	2344	2424	65	8	80	0.1000000
NODE_938_length_2447_cov_16.079216	2344	2424	67	4	80	0.0500000
NODE_938_length_2447_cov_16.079216	2344	2424	68	5	80	0.0625000
NODE_938_length_2447_cov_16.079216	2344	2424	70	3	80	0.0375000
NODE_938_length_2447_cov_16.079216	2344	2424	72	10	80	0.1250000
NODE_938_length_2447_cov_16.079216	2397	2447	8	2	50	0.0400000
NODE_938_length_2447_cov_16.079216	2397	2447	12	2	50	0.0400000
NODE_938_length_2447_cov_16.079216	2397	2447	14	3	50	0.0600000
NODE_938_length_2447_cov_16.079216	2397	2447	16	1	50	0.0200000
NODE_938_length_2447_cov_16.079216	2397	2447	18	1	50	0.0200000
NODE_938_length_2447_cov_16.079216	2397	2447	23	1	50	0.0200000
NODE_938_length_2447_cov_16.079216	2397	2447	24	2	50	0.0400000
NODE_938_length_2447_cov_16.079216	2397	2447	25	7	50	0.1400000
NODE_938_length_2447_cov_16.079216	2397	2447	29	1	50	0.0200000
NODE_938_length_2447_cov_16.079216	2397	2447	31	2	50	0.0400000
NODE_938_length_2447_cov_16.079216	2397	2447	33	3	50	0.0600000
NODE_938_length_2447_cov_16.079216	2397	2447	35	2	50	0.0400000
NODE_938_length_2447_cov_16.079216	2397	2447	39	1	50	0.0200000
NODE_938_length_2447_cov_16.079216	2397	2447	45	1	50	0.0200000
NODE_938_length_2447_cov_16.079216	2397	2447	47	7	50	0.1400000
NODE_938_length_2447_cov_16.079216	2397	2447	49	6	50	0.1200000
NODE_938_length_2447_cov_16.079216	2397	2447	51	4	50	0.0800000
NODE_938_length_2447_cov_16.079216	2397	2447	53	2	50	0.0400000
NODE_938_length_2447_cov_16.079216	2397	2447	55	2	50	0.0400000
NODE_940_length_2446_cov_2.341287	1521	1578	2	57	57	1.0000000
NODE_940_length_2446_cov_2.341287	1551	1593	0	7	42	0.1666667
NODE_940_length_2446_cov_2.341287	1551	1593	2	35	42	0.8333333
NODE_949_length_2437_cov_13.341745	418	498	0	8	80	0.1000000
NODE_949_length_2437_cov_13.341745	418	498	5	2	80	0.0250000
NODE_949_length_2437_cov_13.341745	418	498	6	70	80	0.8750000
NODE_949_length_2437_cov_13.341745	471	551	0	39	80	0.4875000
NODE_949_length_2437_cov_13.341745	471	551	1	6	80	0.0750000
NODE_949_length_2437_cov_13.341745	471	551	3	1	80	0.0125000
NODE_949_length_2437_cov_13.341745	471	551	5	2	80	0.0250000
NODE_949_length_2437_cov_13.341745	471	551	6	19	80	0.2375000
NODE_949_length_2437_cov_13.341745	471	551	7	7	80	0.0875000
NODE_949_length_2437_cov_13.341745	471	551	11	1	80	0.0125000
NODE_949_length_2437_cov_13.341745	471	551	13	1	80	0.0125000
NODE_949_length_2437_cov_13.341745	471	551	19	1	80	0.0125000
NODE_949_length_2437_cov_13.341745	471	551	22	1	80	0.0125000
NODE_949_length_2437_cov_13.341745	471	551	30	1	80	0.0125000
NODE_949_length_2437_cov_13.341745	471	551	36	1	80	0.0125000
NODE_951_length_2432_cov_70.360909	1875	1955	0	52	80	0.6500000
NODE_951_length_2432_cov_70.360909	1875	1955	4	20	80	0.2500000
NODE_951_length_2432_cov_70.360909	1875	1955	8	8	80	0.1000000
NODE_951_length_2432_cov_70.360909	1928	2008	4	19	80	0.2375000
NODE_951_length_2432_cov_70.360909	1928	2008	8	61	80	0.7625000
NODE_955_length_2430_cov_19.835264	0	68	32	1	68	0.0147059
NODE_955_length_2430_cov_19.835264	0	68	33	1	68	0.0147059
NODE_955_length_2430_cov_19.835264	0	68	35	1	68	0.0147059
NODE_955_length_2430_cov_19.835264	0	68	41	1	68	0.0147059
NODE_955_length_2430_cov_19.835264	0	68	46	1	68	0.0147059
NODE_955_length_2430_cov_19.835264	0	68	56	1	68	0.0147059
NODE_955_length_2430_cov_19.835264	0	68	59	1	68	0.0147059
NODE_955_length_2430_cov_19.835264	0	68	63	1	68	0.0147059
NODE_955_length_2430_cov_19.835264	0	68	64	1	68	0.0147059
NODE_955_length_2430_cov_19.835264	0	68	65	1	68	0.0147059
NODE_955_length_2430_cov_19.835264	0	68	67	1	68	0.0147059
NODE_955_length_2430_cov_19.835264	0	68	68	1	68	0.0147059
NODE_955_length_2430_cov_19.835264	0	68	71	2	68	0.0294118
NODE_955_length_2430_cov_19.835264	0	68	76	1	68	0.0147059
NODE_955_length_2430_cov_19.835264	0	68	78	1	68	0.0147059
NODE_955_length_2430_cov_19.835264	0	68	79	1	68	0.0147059
NODE_955_length_2430_cov_19.835264	0	68	88	1	68	0.0147059
NODE_955_length_2430_cov_19.835264	0	68	96	1	68	0.0147059
NODE_955_length_2430_cov_19.835264	0	68	100	1	68	0.0147059
NODE_955_length_2430_cov_19.835264	0	68	102	1	68	0.0147059
NODE_955_length_2430_cov_19.835264	0	68	108	1	68	0.0147059
NODE_955_length_2430_cov_19.835264	0	68	109	1	68	0.0147059
NODE_955_length_2430_cov_19.835264	0	68	113	1	68	0.0147059
NODE_955_length_2430_cov_19.835264	0	68	121	1	68	0.0147059
NODE_955_length_2430_cov_19.835264	0	68	123	1	68	0.0147059
NODE_955_length_2430_cov_19.835264	0	68	129	1	68	0.0147059
NODE_955_length_2430_cov_19.835264	0	68	131	1	68	0.0147059
NODE_955_length_2430_cov_19.835264	0	68	132	1	68	0.0147059
NODE_955_length_2430_cov_19.835264	0	68	138	2	68	0.0294118
NODE_955_length_2430_cov_19.835264	0	68	139	1	68	0.0147059
NODE_955_length_2430_cov_19.835264	0	68	140	1	68	0.0147059
NODE_955_length_2430_cov_19.835264	0	68	141	1	68	0.0147059
NODE_955_length_2430_cov_19.835264	0	68	143	1	68	0.0147059
NODE_955_length_2430_cov_19.835264	0	68	146	1	68	0.0147059
NODE_955_length_2430_cov_19.835264	0	68	152	2	68	0.0294118
NODE_955_length_2430_cov_19.835264	0	68	154	1	68	0.0147059
NODE_955_length_2430_cov_19.835264	0	68	156	2	68	0.0294118
NODE_955_length_2430_cov_19.835264	0	68	158	5	68	0.0735294
NODE_955_length_2430_cov_19.835264	0	68	159	1	68	0.0147059
NODE_955_length_2430_cov_19.835264	0	68	164	2	68	0.0294118
NODE_955_length_2430_cov_19.835264	0	68	167	1	68	0.0147059
NODE_955_length_2430_cov_19.835264	0	68	168	3	68	0.0441176
NODE_955_length_2430_cov_19.835264	0	68	170	2	68	0.0294118
NODE_955_length_2430_cov_19.835264	0	68	172	1	68	0.0147059
NODE_955_length_2430_cov_19.835264	0	68	175	1	68	0.0147059
NODE_955_length_2430_cov_19.835264	0	68	184	1	68	0.0147059
NODE_955_length_2430_cov_19.835264	0	68	192	1	68	0.0147059
NODE_955_length_2430_cov_19.835264	0	68	202	1	68	0.0147059
NODE_955_length_2430_cov_19.835264	0	68	204	1	68	0.0147059
NODE_955_length_2430_cov_19.835264	0	68	214	1	68	0.0147059
NODE_955_length_2430_cov_19.835264	0	68	228	1	68	0.0147059
NODE_955_length_2430_cov_19.835264	0	68	240	1	68	0.0147059
NODE_955_length_2430_cov_19.835264	0	68	247	1	68	0.0147059
NODE_955_length_2430_cov_19.835264	0	68	248	2	68	0.0294118
NODE_955_length_2430_cov_19.835264	0	68	250	1	68	0.0147059
NODE_955_length_2430_cov_19.835264	0	24	32	1	24	0.0416667
NODE_955_length_2430_cov_19.835264	0	24	33	1	24	0.0416667
NODE_955_length_2430_cov_19.835264	0	24	35	1	24	0.0416667
NODE_955_length_2430_cov_19.835264	0	24	41	1	24	0.0416667
NODE_955_length_2430_cov_19.835264	0	24	46	1	24	0.0416667
NODE_955_length_2430_cov_19.835264	0	24	56	1	24	0.0416667
NODE_955_length_2430_cov_19.835264	0	24	59	1	24	0.0416667
NODE_955_length_2430_cov_19.835264	0	24	63	1	24	0.0416667
NODE_955_length_2430_cov_19.835264	0	24	64	1	24	0.0416667
NODE_955_length_2430_cov_19.835264	0	24	65	1	24	0.0416667
NODE_955_length_2430_cov_19.835264	0	24	67	1	24	0.0416667
NODE_955_length_2430_cov_19.835264	0	24	68	1	24	0.0416667
NODE_955_length_2430_cov_19.835264	0	24	71	2	24	0.0833333
NODE_955_length_2430_cov_19.835264	0	24	76	1	24	0.0416667
NODE_955_length_2430_cov_19.835264	0	24	78	1	24	0.0416667
NODE_955_length_2430_cov_19.835264	0	24	79	1	24	0.0416667
NODE_955_length_2430_cov_19.835264	0	24	88	1	24	0.0416667
NODE_955_length_2430_cov_19.835264	0	24	96	1	24	0.0416667
NODE_955_length_2430_cov_19.835264	0	24	100	1	24	0.0416667
NODE_955_length_2430_cov_19.835264	0	24	102	1	24	0.0416667
NODE_955_length_2430_cov_19.835264	0	24	108	1	24	0.0416667
NODE_955_length_2430_cov_19.835264	0	24	109	1	24	0.0416667
NODE_955_length_2430_cov_19.835264	0	24	113	1	24	0.0416667
NODE_956_length_2428_cov_179.842422	538	618	0	17	80	0.2125000
NODE_956_length_2428_cov_179.842422	538	618	10	63	80	0.7875000
NODE_956_length_2428_cov_179.842422	591	671	0	70	80	0.8750000
NODE_956_length_2428_cov_179.842422	591	671	10	10	80	0.1250000
NODE_956_length_2428_cov_179.842422	667	747	0	80	80	1.0000000
NODE_956_length_2428_cov_179.842422	720	800	0	80	80	1.0000000
NODE_956_length_2428_cov_179.842422	1308	1388	2	37	80	0.4625000
NODE_956_length_2428_cov_179.842422	1308	1388	4	43	80	0.5375000
NODE_956_length_2428_cov_179.842422	1361	1441	0	29	80	0.3625000
NODE_956_length_2428_cov_179.842422	1361	1441	2	45	80	0.5625000
NODE_956_length_2428_cov_179.842422	1361	1441	4	6	80	0.0750000
NODE_956_length_2428_cov_179.842422	1437	1517	0	41	80	0.5125000
NODE_956_length_2428_cov_179.842422	1437	1517	2	12	80	0.1500000
NODE_956_length_2428_cov_179.842422	1437	1517	4	27	80	0.3375000
NODE_956_length_2428_cov_179.842422	1490	1570	2	24	80	0.3000000
NODE_956_length_2428_cov_179.842422	1490	1570	4	56	80	0.7000000
NODE_956_length_2428_cov_179.842422	1986	2026	774	1	40	0.0250000
NODE_956_length_2428_cov_179.842422	1986	2026	777	1	40	0.0250000
NODE_956_length_2428_cov_179.842422	1986	2026	779	1	40	0.0250000
NODE_956_length_2428_cov_179.842422	1986	2026	781	1	40	0.0250000
NODE_956_length_2428_cov_179.842422	1986	2026	782	1	40	0.0250000
NODE_956_length_2428_cov_179.842422	1986	2026	783	1	40	0.0250000
NODE_956_length_2428_cov_179.842422	1986	2026	784	1	40	0.0250000
NODE_956_length_2428_cov_179.842422	1986	2026	787	1	40	0.0250000
NODE_956_length_2428_cov_179.842422	1986	2026	788	2	40	0.0500000
NODE_956_length_2428_cov_179.842422	1986	2026	790	1	40	0.0250000
NODE_956_length_2428_cov_179.842422	1986	2026	791	1	40	0.0250000
NODE_956_length_2428_cov_179.842422	1986	2026	794	1	40	0.0250000
NODE_956_length_2428_cov_179.842422	1986	2026	799	2	40	0.0500000
NODE_956_length_2428_cov_179.842422	1986	2026	800	1	40	0.0250000
NODE_956_length_2428_cov_179.842422	1986	2026	801	1	40	0.0250000
NODE_956_length_2428_cov_179.842422	1986	2026	802	1	40	0.0250000
NODE_956_length_2428_cov_179.842422	1986	2026	803	1	40	0.0250000
NODE_956_length_2428_cov_179.842422	1986	2026	807	1	40	0.0250000
NODE_956_length_2428_cov_179.842422	1986	2026	809	1	40	0.0250000
NODE_956_length_2428_cov_179.842422	1986	2026	811	1	40	0.0250000
NODE_956_length_2428_cov_179.842422	1986	2026	818	1	40	0.0250000
NODE_956_length_2428_cov_179.842422	1986	2026	819	2	40	0.0500000
NODE_956_length_2428_cov_179.842422	1986	2026	823	3	40	0.0750000
NODE_956_length_2428_cov_179.842422	1986	2026	824	1	40	0.0250000
NODE_956_length_2428_cov_179.842422	1986	2026	826	2	40	0.0500000
NODE_956_length_2428_cov_179.842422	1986	2026	833	1	40	0.0250000
NODE_956_length_2428_cov_179.842422	1986	2026	837	1	40	0.0250000
NODE_956_length_2428_cov_179.842422	1986	2026	858	1	40	0.0250000
NODE_956_length_2428_cov_179.842422	1986	2026	860	1	40	0.0250000
NODE_956_length_2428_cov_179.842422	1986	2026	863	1	40	0.0250000
NODE_956_length_2428_cov_179.842422	1986	2026	866	1	40	0.0250000
NODE_956_length_2428_cov_179.842422	1986	2026	867	1	40	0.0250000
NODE_956_length_2428_cov_179.842422	1986	2026	871	1	40	0.0250000
NODE_956_length_2428_cov_179.842422	1986	2026	873	1	40	0.0250000
NODE_959_length_2422_cov_6.665088	197	255	0	16	58	0.2758621
NODE_959_length_2422_cov_6.665088	197	255	2	6	58	0.1034483
NODE_959_length_2422_cov_6.665088	197	255	4	36	58	0.6206896
NODE_963_length_2414_cov_32.871706	411	491	0	80	80	1.0000000
NODE_963_length_2414_cov_32.871706	464	544	0	80	80	1.0000000
NODE_964_length_2414_cov_2.105832	2349	2390	0	41	41	1.0000000
NODE_968_length_2410_cov_9.107313	1874	1954	4	2	80	0.0250000
NODE_968_length_2410_cov_9.107313	1874	1954	6	14	80	0.1750000
NODE_968_length_2410_cov_9.107313	1874	1954	8	45	80	0.5625000
NODE_968_length_2410_cov_9.107313	1874	1954	10	19	80	0.2375000
NODE_968_length_2410_cov_9.107313	1927	2007	0	10	80	0.1250000
NODE_968_length_2410_cov_9.107313	1927	2007	4	11	80	0.1375000
NODE_968_length_2410_cov_9.107313	1927	2007	8	39	80	0.4875000
NODE_968_length_2410_cov_9.107313	1927	2007	10	20	80	0.2500000
NODE_977_length_2390_cov_20.371454	1753	1833	0	6	80	0.0750000
NODE_977_length_2390_cov_20.371454	1753	1833	4	22	80	0.2750000
NODE_977_length_2390_cov_20.371454	1753	1833	8	8	80	0.1000000
NODE_977_length_2390_cov_20.371454	1753	1833	10	44	80	0.5500000
NODE_977_length_2390_cov_20.371454	1806	1886	0	5	80	0.0625000
NODE_977_length_2390_cov_20.371454	1806	1886	2	6	80	0.0750000
NODE_977_length_2390_cov_20.371454	1806	1886	6	18	80	0.2250000
NODE_977_length_2390_cov_20.371454	1806	1886	10	51	80	0.6375000
NODE_979_length_2389_cov_17.904803	1601	1681	10	80	80	1.0000000
NODE_979_length_2389_cov_17.904803	1654	1734	0	6	80	0.0750000
NODE_979_length_2389_cov_17.904803	1654	1734	5	9	80	0.1125000
NODE_979_length_2389_cov_17.904803	1654	1734	10	65	80	0.8125000
NODE_979_length_2389_cov_17.904803	1730	1810	0	80	80	1.0000000
NODE_979_length_2389_cov_17.904803	1783	1863	0	80	80	1.0000000
NODE_988_length_2381_cov_32.280894	398	478	0	33	80	0.4125000
NODE_988_length_2381_cov_32.280894	398	478	2	10	80	0.1250000
NODE_988_length_2381_cov_32.280894	398	478	6	12	80	0.1500000
NODE_988_length_2381_cov_32.280894	398	478	8	25	80	0.3125000
NODE_988_length_2381_cov_32.280894	451	531	2	16	80	0.2000000
NODE_988_length_2381_cov_32.280894	451	531	6	11	80	0.1375000
NODE_988_length_2381_cov_32.280894	451	531	8	53	80	0.6625000
NODE_988_length_2381_cov_32.280894	527	607	0	67	80	0.8375000
NODE_988_length_2381_cov_32.280894	527	607	2	13	80	0.1625000
NODE_988_length_2381_cov_32.280894	580	660	0	80	80	1.0000000
NODE_988_length_2381_cov_32.280894	2288	2368	4	49	80	0.6125000
NODE_988_length_2381_cov_32.280894	2288	2368	6	31	80	0.3875000
NODE_997_length_2369_cov_4.896916	241	321	0	80	80	1.0000000
NODE_997_length_2369_cov_4.896916	294	374	0	80	80	1.0000000
NODE_1002_length_2364_cov_2.482561	0	79	0	79	79	1.0000000
NODE_1004_length_2360_cov_8.620080	587	651	28	2	64	0.0312500
NODE_1004_length_2360_cov_8.620080	587	651	32	9	64	0.1406250
NODE_1004_length_2360_cov_8.620080	587	651	34	10	64	0.1562500
NODE_1004_length_2360_cov_8.620080	587	651	36	19	64	0.2968750
NODE_1004_length_2360_cov_8.620080	587	651	38	24	64	0.3750000
NODE_1004_length_2360_cov_8.620080	587	651	28	2	64	0.0312500
NODE_1004_length_2360_cov_8.620080	587	651	32	9	64	0.1406250
NODE_1004_length_2360_cov_8.620080	587	651	34	10	64	0.1562500
NODE_1004_length_2360_cov_8.620080	587	651	36	19	64	0.2968750
NODE_1004_length_2360_cov_8.620080	587	651	38	24	64	0.3750000
NODE_1004_length_2360_cov_8.620080	624	684	3	1	60	0.0166667
NODE_1004_length_2360_cov_8.620080	624	684	6	1	60	0.0166667
NODE_1004_length_2360_cov_8.620080	624	684	9	5	60	0.0833333
NODE_1004_length_2360_cov_8.620080	624	684	10	3	60	0.0500000
NODE_1004_length_2360_cov_8.620080	624	684	11	1	60	0.0166667
NODE_1004_length_2360_cov_8.620080	624	684	13	9	60	0.1500000
NODE_1004_length_2360_cov_8.620080	624	684	19	1	60	0.0166667
NODE_1004_length_2360_cov_8.620080	624	684	23	1	60	0.0166667
NODE_1004_length_2360_cov_8.620080	624	684	27	2	60	0.0333333
NODE_1004_length_2360_cov_8.620080	624	684	29	2	60	0.0333333
NODE_1004_length_2360_cov_8.620080	624	684	33	3	60	0.0500000
NODE_1004_length_2360_cov_8.620080	624	684	36	11	60	0.1833333
NODE_1004_length_2360_cov_8.620080	624	684	38	20	60	0.3333333
NODE_1004_length_2360_cov_8.620080	1827	1907	3	20	80	0.2500000
NODE_1004_length_2360_cov_8.620080	1827	1907	6	60	80	0.7500000
NODE_1004_length_2360_cov_8.620080	1880	1960	2	15	80	0.1875000
NODE_1004_length_2360_cov_8.620080	1880	1960	3	42	80	0.5250000
NODE_1004_length_2360_cov_8.620080	1880	1960	5	16	80	0.2000000
NODE_1004_length_2360_cov_8.620080	1880	1960	6	7	80	0.0875000
NODE_1005_length_2359_cov_22.317257	958	1038	0	4	80	0.0500000
NODE_1005_length_2359_cov_22.317257	958	1038	7	2	80	0.0250000
NODE_1005_length_2359_cov_22.317257	958	1038	8	62	80	0.7750000
NODE_1005_length_2359_cov_22.317257	958	1038	10	12	80	0.1500000
NODE_1005_length_2359_cov_22.317257	1011	1091	0	6	80	0.0750000
NODE_1005_length_2359_cov_22.317257	1011	1091	2	23	80	0.2875000
NODE_1005_length_2359_cov_22.317257	1011	1091	8	15	80	0.1875000
NODE_1005_length_2359_cov_22.317257	1011	1091	10	36	80	0.4500000
NODE_1008_length_2357_cov_25.711249	716	796	2	4	80	0.0500000
NODE_1008_length_2357_cov_25.711249	716	796	3	9	80	0.1125000
NODE_1008_length_2357_cov_25.711249	716	796	4	54	80	0.6750000
NODE_1008_length_2357_cov_25.711249	716	796	5	5	80	0.0625000
NODE_1008_length_2357_cov_25.711249	716	796	8	3	80	0.0375000
NODE_1008_length_2357_cov_25.711249	716	796	10	5	80	0.0625000
NODE_1008_length_2357_cov_25.711249	769	849	4	19	80	0.2375000
NODE_1008_length_2357_cov_25.711249	769	849	6	2	80	0.0250000
NODE_1008_length_2357_cov_25.711249	769	849	8	3	80	0.0375000
NODE_1008_length_2357_cov_25.711249	769	849	10	56	80	0.7000000
NODE_1015_length_2345_cov_5.386465	1845	1925	0	34	80	0.4250000
NODE_1015_length_2345_cov_5.386465	1845	1925	4	46	80	0.5750000
NODE_1015_length_2345_cov_5.386465	1898	1978	4	80	80	1.0000000
NODE_1016_length_2344_cov_6.236526	1208	1269	10	16	61	0.2622951
NODE_1016_length_2344_cov_6.236526	1208	1269	12	45	61	0.7377049
NODE_1016_length_2344_cov_6.236526	1208	1269	10	16	61	0.2622951
NODE_1016_length_2344_cov_6.236526	1208	1269	12	45	61	0.7377049
NODE_1016_length_2344_cov_6.236526	1208	1269	10	16	61	0.2622951
NODE_1016_length_2344_cov_6.236526	1208	1269	12	45	61	0.7377049
NODE_1016_length_2344_cov_6.236526	1208	1267	10	16	59	0.2711864
NODE_1016_length_2344_cov_6.236526	1208	1267	12	43	59	0.7288136
NODE_1023_length_2332_cov_4.725929	34	101	4	6	67	0.0895522
NODE_1023_length_2332_cov_4.725929	34	101	6	27	67	0.4029851
NODE_1023_length_2332_cov_4.725929	34	101	8	32	67	0.4776119
NODE_1023_length_2332_cov_4.725929	34	101	27	2	67	0.0298507
NODE_1027_length_2327_cov_18.210952	2213	2293	2	80	80	1.0000000
NODE_1027_length_2327_cov_18.210952	2266	2327	0	16	61	0.2622951
NODE_1027_length_2327_cov_18.210952	2266	2327	2	45	61	0.7377049
NODE_1028_length_2326_cov_15.583745	1709	1789	0	80	80	1.0000000
NODE_1028_length_2326_cov_15.583745	1762	1842	0	80	80	1.0000000
NODE_1030_length_2325_cov_14.998652	553	633	0	80	80	1.0000000
NODE_1030_length_2325_cov_14.998652	606	686	0	80	80	1.0000000
NODE_1034_length_2317_cov_11.956718	920	1000	8	80	80	1.0000000
NODE_1034_length_2317_cov_11.956718	973	1053	0	2	80	0.0250000
NODE_1034_length_2317_cov_11.956718	973	1053	4	38	80	0.4750000
NODE_1034_length_2317_cov_11.956718	973	1053	8	40	80	0.5000000
NODE_1034_length_2317_cov_11.956718	1049	1129	0	36	80	0.4500000
NODE_1034_length_2317_cov_11.956718	1049	1129	2	42	80	0.5250000
NODE_1034_length_2317_cov_11.956718	1049	1129	4	2	80	0.0250000
NODE_1034_length_2317_cov_11.956718	1102	1184	2	82	82	1.0000000
NODE_1037_length_2316_cov_8.556608	168	247	127	1	79	0.0126582
NODE_1037_length_2316_cov_8.556608	168	247	128	1	79	0.0126582
NODE_1037_length_2316_cov_8.556608	168	247	129	1	79	0.0126582
NODE_1037_length_2316_cov_8.556608	168	247	131	1	79	0.0126582
NODE_1037_length_2316_cov_8.556608	168	247	132	3	79	0.0379747
NODE_1037_length_2316_cov_8.556608	168	247	143	1	79	0.0126582
NODE_1037_length_2316_cov_8.556608	168	247	145	1	79	0.0126582
NODE_1037_length_2316_cov_8.556608	168	247	149	1	79	0.0126582
NODE_1037_length_2316_cov_8.556608	168	247	153	1	79	0.0126582
NODE_1037_length_2316_cov_8.556608	168	247	156	1	79	0.0126582
NODE_1037_length_2316_cov_8.556608	168	247	157	1	79	0.0126582
NODE_1037_length_2316_cov_8.556608	168	247	168	1	79	0.0126582
NODE_1037_length_2316_cov_8.556608	168	247	171	1	79	0.0126582
NODE_1037_length_2316_cov_8.556608	168	247	174	1	79	0.0126582
NODE_1037_length_2316_cov_8.556608	168	247	176	1	79	0.0126582
NODE_1037_length_2316_cov_8.556608	168	247	177	4	79	0.0506329
NODE_1037_length_2316_cov_8.556608	168	247	178	2	79	0.0253165
NODE_1037_length_2316_cov_8.556608	168	247	179	1	79	0.0126582
NODE_1037_length_2316_cov_8.556608	168	247	180	3	79	0.0379747
NODE_1037_length_2316_cov_8.556608	168	247	181	2	79	0.0253165
NODE_1037_length_2316_cov_8.556608	168	247	182	1	79	0.0126582
NODE_1037_length_2316_cov_8.556608	168	247	183	1	79	0.0126582
NODE_1037_length_2316_cov_8.556608	168	247	185	1	79	0.0126582
NODE_1037_length_2316_cov_8.556608	168	247	188	1	79	0.0126582
NODE_1037_length_2316_cov_8.556608	168	247	190	4	79	0.0506329
NODE_1037_length_2316_cov_8.556608	168	247	192	9	79	0.1139240
NODE_1037_length_2316_cov_8.556608	168	247	193	2	79	0.0253165
NODE_1037_length_2316_cov_8.556608	168	247	194	10	79	0.1265823
NODE_1037_length_2316_cov_8.556608	168	247	195	3	79	0.0379747
NODE_1037_length_2316_cov_8.556608	168	247	196	8	79	0.1012658
NODE_1037_length_2316_cov_8.556608	168	247	197	2	79	0.0253165
NODE_1037_length_2316_cov_8.556608	168	247	198	6	79	0.0759494
NODE_1037_length_2316_cov_8.556608	168	247	199	1	79	0.0126582
NODE_1037_length_2316_cov_8.556608	168	247	200	1	79	0.0126582
NODE_1037_length_2316_cov_8.556608	1117	1198	70	2	81	0.0246914
NODE_1037_length_2316_cov_8.556608	1117	1198	72	6	81	0.0740741
NODE_1037_length_2316_cov_8.556608	1117	1198	74	8	81	0.0987654
NODE_1037_length_2316_cov_8.556608	1117	1198	75	2	81	0.0246914
NODE_1037_length_2316_cov_8.556608	1117	1198	76	10	81	0.1234568
NODE_1037_length_2316_cov_8.556608	1117	1198	78	15	81	0.1851852
NODE_1037_length_2316_cov_8.556608	1117	1198	80	17	81	0.2098765
NODE_1037_length_2316_cov_8.556608	1117	1198	82	1	81	0.0123457
NODE_1037_length_2316_cov_8.556608	1117	1198	83	1	81	0.0123457
NODE_1037_length_2316_cov_8.556608	1117	1198	84	13	81	0.1604938
NODE_1037_length_2316_cov_8.556608	1117	1198	86	5	81	0.0617284
NODE_1037_length_2316_cov_8.556608	1117	1198	88	1	81	0.0123457
NODE_1037_length_2316_cov_8.556608	1369	1412	151	1	43	0.0232558
NODE_1037_length_2316_cov_8.556608	1369	1412	152	2	43	0.0465116
NODE_1037_length_2316_cov_8.556608	1369	1412	153	3	43	0.0697674
NODE_1037_length_2316_cov_8.556608	1369	1412	159	1	43	0.0232558
NODE_1037_length_2316_cov_8.556608	1369	1412	160	1	43	0.0232558
NODE_1037_length_2316_cov_8.556608	1369	1412	165	3	43	0.0697674
NODE_1037_length_2316_cov_8.556608	1369	1412	167	2	43	0.0465116
NODE_1037_length_2316_cov_8.556608	1369	1412	168	1	43	0.0232558
NODE_1037_length_2316_cov_8.556608	1369	1412	173	2	43	0.0465116
NODE_1037_length_2316_cov_8.556608	1369	1412	176	3	43	0.0697674
NODE_1037_length_2316_cov_8.556608	1369	1412	178	3	43	0.0697674
NODE_1037_length_2316_cov_8.556608	1369	1412	179	2	43	0.0465116
NODE_1037_length_2316_cov_8.556608	1369	1412	180	1	43	0.0232558
NODE_1037_length_2316_cov_8.556608	1369	1412	181	6	43	0.1395349
NODE_1037_length_2316_cov_8.556608	1369	1412	183	1	43	0.0232558
NODE_1037_length_2316_cov_8.556608	1369	1412	184	2	43	0.0465116
NODE_1037_length_2316_cov_8.556608	1369	1412	185	3	43	0.0697674
NODE_1037_length_2316_cov_8.556608	1369	1412	187	4	43	0.0930233
NODE_1037_length_2316_cov_8.556608	1369	1412	190	1	43	0.0232558
NODE_1037_length_2316_cov_8.556608	1369	1412	191	1	43	0.0232558
NODE_1040_length_2311_cov_2.821881	2121	2201	1	3	80	0.0375000
NODE_1040_length_2311_cov_2.821881	2121	2201	2	71	80	0.8875000
NODE_1040_length_2311_cov_2.821881	2121	2201	4	6	80	0.0750000
NODE_1040_length_2311_cov_2.821881	2174	2225	1	27	51	0.5294118
NODE_1040_length_2311_cov_2.821881	2174	2225	2	24	51	0.4705882
NODE_1044_length_2306_cov_17.347984	995	1075	6	27	80	0.3375000
NODE_1044_length_2306_cov_17.347984	995	1075	10	4	80	0.0500000
NODE_1044_length_2306_cov_17.347984	995	1075	12	25	80	0.3125000
NODE_1044_length_2306_cov_17.347984	995	1075	14	24	80	0.3000000
NODE_1044_length_2306_cov_17.347984	1048	1128	4	7	80	0.0875000
NODE_1044_length_2306_cov_17.347984	1048	1128	6	1	80	0.0125000
NODE_1044_length_2306_cov_17.347984	1048	1128	8	6	80	0.0750000
NODE_1044_length_2306_cov_17.347984	1048	1128	12	64	80	0.8000000
NODE_1044_length_2306_cov_17.347984	1048	1128	14	2	80	0.0250000
NODE_1052_length_2300_cov_9.803271	934	1014	0	80	80	1.0000000
NODE_1052_length_2300_cov_9.803271	1892	1965	0	73	73	1.0000000
NODE_1059_length_2289_cov_17.807306	968	1026	109	1	58	0.0172414
NODE_1059_length_2289_cov_17.807306	968	1026	110	5	58	0.0862069
NODE_1059_length_2289_cov_17.807306	968	1026	111	2	58	0.0344828
NODE_1059_length_2289_cov_17.807306	968	1026	112	1	58	0.0172414
NODE_1059_length_2289_cov_17.807306	968	1026	113	6	58	0.1034483
NODE_1059_length_2289_cov_17.807306	968	1026	114	13	58	0.2241379
NODE_1059_length_2289_cov_17.807306	968	1026	115	12	58	0.2068966
NODE_1059_length_2289_cov_17.807306	968	1026	116	3	58	0.0517241
NODE_1059_length_2289_cov_17.807306	968	1026	117	5	58	0.0862069
NODE_1059_length_2289_cov_17.807306	968	1026	118	1	58	0.0172414
NODE_1059_length_2289_cov_17.807306	968	1026	119	7	58	0.1206897
NODE_1059_length_2289_cov_17.807306	968	1026	124	2	58	0.0344828
NODE_1059_length_2289_cov_17.807306	1021	1079	81	4	58	0.0689655
NODE_1059_length_2289_cov_17.807306	1021	1079	83	3	58	0.0517241
NODE_1059_length_2289_cov_17.807306	1021	1079	85	2	58	0.0344828
NODE_1059_length_2289_cov_17.807306	1021	1079	89	1	58	0.0172414
NODE_1059_length_2289_cov_17.807306	1021	1079	90	1	58	0.0172414
NODE_1059_length_2289_cov_17.807306	1021	1079	91	1	58	0.0172414
NODE_1059_length_2289_cov_17.807306	1021	1079	92	1	58	0.0172414
NODE_1059_length_2289_cov_17.807306	1021	1079	94	9	58	0.1551724
NODE_1059_length_2289_cov_17.807306	1021	1079	96	1	58	0.0172414
NODE_1059_length_2289_cov_17.807306	1021	1079	98	2	58	0.0344828
NODE_1059_length_2289_cov_17.807306	1021	1079	100	3	58	0.0517241
NODE_1059_length_2289_cov_17.807306	1021	1079	102	2	58	0.0344828
NODE_1059_length_2289_cov_17.807306	1021	1079	104	1	58	0.0172414
NODE_1059_length_2289_cov_17.807306	1021	1079	109	4	58	0.0689655
NODE_1059_length_2289_cov_17.807306	1021	1079	111	2	58	0.0344828
NODE_1059_length_2289_cov_17.807306	1021	1079	113	1	58	0.0172414
NODE_1059_length_2289_cov_17.807306	1021	1079	114	3	58	0.0517241
NODE_1059_length_2289_cov_17.807306	1021	1079	115	7	58	0.1206897
NODE_1059_length_2289_cov_17.807306	1021	1079	117	6	58	0.1034483
NODE_1059_length_2289_cov_17.807306	1021	1079	119	3	58	0.0517241
NODE_1059_length_2289_cov_17.807306	1021	1079	121	1	58	0.0172414
NODE_1060_length_2289_cov_7.736986	2161	2218	160	1	57	0.0175439
NODE_1060_length_2289_cov_7.736986	2161	2218	180	1	57	0.0175439
NODE_1060_length_2289_cov_7.736986	2161	2218	197	1	57	0.0175439
NODE_1060_length_2289_cov_7.736986	2161	2218	201	1	57	0.0175439
NODE_1060_length_2289_cov_7.736986	2161	2218	203	1	57	0.0175439
NODE_1060_length_2289_cov_7.736986	2161	2218	209	1	57	0.0175439
NODE_1060_length_2289_cov_7.736986	2161	2218	210	1	57	0.0175439
NODE_1060_length_2289_cov_7.736986	2161	2218	218	1	57	0.0175439
NODE_1060_length_2289_cov_7.736986	2161	2218	226	1	57	0.0175439
NODE_1060_length_2289_cov_7.736986	2161	2218	228	1	57	0.0175439
NODE_1060_length_2289_cov_7.736986	2161	2218	230	1	57	0.0175439
NODE_1060_length_2289_cov_7.736986	2161	2218	238	1	57	0.0175439
NODE_1060_length_2289_cov_7.736986	2161	2218	240	1	57	0.0175439
NODE_1060_length_2289_cov_7.736986	2161	2218	248	1	57	0.0175439
NODE_1060_length_2289_cov_7.736986	2161	2218	252	2	57	0.0350877
NODE_1060_length_2289_cov_7.736986	2161	2218	258	2	57	0.0350877
NODE_1060_length_2289_cov_7.736986	2161	2218	260	1	57	0.0175439
NODE_1060_length_2289_cov_7.736986	2161	2218	276	1	57	0.0175439
NODE_1060_length_2289_cov_7.736986	2161	2218	281	1	57	0.0175439
NODE_1060_length_2289_cov_7.736986	2161	2218	282	1	57	0.0175439
NODE_1060_length_2289_cov_7.736986	2161	2218	284	1	57	0.0175439
NODE_1060_length_2289_cov_7.736986	2161	2218	286	1	57	0.0175439
NODE_1060_length_2289_cov_7.736986	2161	2218	290	5	57	0.0877193
NODE_1060_length_2289_cov_7.736986	2161	2218	294	23	57	0.4035088
NODE_1060_length_2289_cov_7.736986	2161	2218	296	5	57	0.0877193
NODE_1060_length_2289_cov_7.736986	2191	2271	190	2	80	0.0250000
NODE_1060_length_2289_cov_7.736986	2191	2271	194	1	80	0.0125000
NODE_1060_length_2289_cov_7.736986	2191	2271	205	1	80	0.0125000
NODE_1060_length_2289_cov_7.736986	2191	2271	210	1	80	0.0125000
NODE_1060_length_2289_cov_7.736986	2191	2271	220	2	80	0.0250000
NODE_1060_length_2289_cov_7.736986	2191	2271	224	1	80	0.0125000
NODE_1060_length_2289_cov_7.736986	2191	2271	237	1	80	0.0125000
NODE_1060_length_2289_cov_7.736986	2191	2271	252	1	80	0.0125000
NODE_1060_length_2289_cov_7.736986	2191	2271	264	1	80	0.0125000
NODE_1060_length_2289_cov_7.736986	2191	2271	272	1	80	0.0125000
NODE_1060_length_2289_cov_7.736986	2191	2271	274	2	80	0.0250000
NODE_1060_length_2289_cov_7.736986	2191	2271	282	1	80	0.0125000
NODE_1060_length_2289_cov_7.736986	2191	2271	286	9	80	0.1125000
NODE_1060_length_2289_cov_7.736986	2191	2271	288	12	80	0.1500000
NODE_1060_length_2289_cov_7.736986	2191	2271	290	21	80	0.2625000
NODE_1060_length_2289_cov_7.736986	2191	2271	294	23	80	0.2875000
NODE_1061_length_2288_cov_8.539973	340	420	4	53	80	0.6625000
NODE_1061_length_2288_cov_8.539973	340	420	6	2	80	0.0250000
NODE_1061_length_2288_cov_8.539973	340	420	8	4	80	0.0500000
NODE_1061_length_2288_cov_8.539973	340	420	9	1	80	0.0125000
NODE_1061_length_2288_cov_8.539973	340	420	10	2	80	0.0250000
NODE_1061_length_2288_cov_8.539973	340	420	12	8	80	0.1000000
NODE_1061_length_2288_cov_8.539973	340	420	13	9	80	0.1125000
NODE_1061_length_2288_cov_8.539973	340	420	15	1	80	0.0125000
NODE_1061_length_2288_cov_8.539973	393	473	0	29	80	0.3625000
NODE_1061_length_2288_cov_8.539973	393	473	1	3	80	0.0375000
NODE_1061_length_2288_cov_8.539973	393	473	4	48	80	0.6000000
NODE_1065_length_2278_cov_19.655805	450	530	0	20	80	0.2500000
NODE_1065_length_2278_cov_19.655805	450	530	2	60	80	0.7500000
NODE_1065_length_2278_cov_19.655805	503	583	0	42	80	0.5250000
NODE_1065_length_2278_cov_19.655805	503	583	2	32	80	0.4000000
NODE_1065_length_2278_cov_19.655805	503	583	4	6	80	0.0750000
NODE_1065_length_2278_cov_19.655805	579	659	0	6	80	0.0750000
NODE_1065_length_2278_cov_19.655805	579	659	4	74	80	0.9250000
NODE_1065_length_2278_cov_19.655805	632	712	0	59	80	0.7375000
NODE_1065_length_2278_cov_19.655805	632	712	4	21	80	0.2625000
NODE_1071_length_2272_cov_26.123792	226	306	0	2	80	0.0250000
NODE_1071_length_2272_cov_26.123792	226	306	2	78	80	0.9750000
NODE_1071_length_2272_cov_26.123792	279	359	0	2	80	0.0250000
NODE_1071_length_2272_cov_26.123792	279	359	2	78	80	0.9750000
NODE_1071_length_2272_cov_26.123792	1684	1731	37	1	47	0.0212766
NODE_1071_length_2272_cov_26.123792	1684	1731	38	1	47	0.0212766
NODE_1071_length_2272_cov_26.123792	1684	1731	40	1	47	0.0212766
NODE_1071_length_2272_cov_26.123792	1684	1731	61	1	47	0.0212766
NODE_1071_length_2272_cov_26.123792	1684	1731	90	1	47	0.0212766
NODE_1071_length_2272_cov_26.123792	1684	1731	102	2	47	0.0425532
NODE_1071_length_2272_cov_26.123792	1684	1731	110	1	47	0.0212766
NODE_1071_length_2272_cov_26.123792	1684	1731	114	1	47	0.0212766
NODE_1071_length_2272_cov_26.123792	1684	1731	131	1	47	0.0212766
NODE_1071_length_2272_cov_26.123792	1684	1731	132	4	47	0.0851064
NODE_1071_length_2272_cov_26.123792	1684	1731	135	1	47	0.0212766
NODE_1071_length_2272_cov_26.123792	1684	1731	137	1	47	0.0212766
NODE_1071_length_2272_cov_26.123792	1684	1731	143	1	47	0.0212766
NODE_1071_length_2272_cov_26.123792	1684	1731	149	2	47	0.0425532
NODE_1071_length_2272_cov_26.123792	1684	1731	150	1	47	0.0212766
NODE_1071_length_2272_cov_26.123792	1684	1731	156	2	47	0.0425532
NODE_1071_length_2272_cov_26.123792	1684	1731	158	1	47	0.0212766
NODE_1071_length_2272_cov_26.123792	1684	1731	160	1	47	0.0212766
NODE_1071_length_2272_cov_26.123792	1684	1731	162	1	47	0.0212766
NODE_1071_length_2272_cov_26.123792	1684	1731	166	1	47	0.0212766
NODE_1071_length_2272_cov_26.123792	1684	1731	170	2	47	0.0425532
NODE_1071_length_2272_cov_26.123792	1684	1731	179	1	47	0.0212766
NODE_1071_length_2272_cov_26.123792	1684	1731	187	1	47	0.0212766
NODE_1071_length_2272_cov_26.123792	1684	1731	202	1	47	0.0212766
NODE_1071_length_2272_cov_26.123792	1684	1731	204	1	47	0.0212766
NODE_1071_length_2272_cov_26.123792	1684	1731	208	1	47	0.0212766
NODE_1071_length_2272_cov_26.123792	1684	1731	212	1	47	0.0212766
NODE_1071_length_2272_cov_26.123792	1684	1731	214	1	47	0.0212766
NODE_1071_length_2272_cov_26.123792	1684	1731	218	1	47	0.0212766
NODE_1071_length_2272_cov_26.123792	1684	1731	222	1	47	0.0212766
NODE_1071_length_2272_cov_26.123792	1684	1731	232	1	47	0.0212766
NODE_1071_length_2272_cov_26.123792	1684	1731	234	1	47	0.0212766
NODE_1071_length_2272_cov_26.123792	1684	1731	237	1	47	0.0212766
NODE_1071_length_2272_cov_26.123792	1684	1731	238	1	47	0.0212766
NODE_1071_length_2272_cov_26.123792	1684	1731	245	1	47	0.0212766
NODE_1071_length_2272_cov_26.123792	1684	1731	249	1	47	0.0212766
NODE_1071_length_2272_cov_26.123792	1684	1731	260	1	47	0.0212766
NODE_1071_length_2272_cov_26.123792	1684	1731	266	1	47	0.0212766
NODE_1071_length_2272_cov_26.123792	1684	1731	270	1	47	0.0212766
NODE_1071_length_2272_cov_26.123792	1684	1731	277	1	47	0.0212766
NODE_1071_length_2272_cov_26.123792	1694	1725	102	1	31	0.0322581
NODE_1071_length_2272_cov_26.123792	1694	1725	110	1	31	0.0322581
NODE_1071_length_2272_cov_26.123792	1694	1725	114	1	31	0.0322581
NODE_1071_length_2272_cov_26.123792	1694	1725	131	1	31	0.0322581
NODE_1071_length_2272_cov_26.123792	1694	1725	132	4	31	0.1290323
NODE_1071_length_2272_cov_26.123792	1694	1725	135	1	31	0.0322581
NODE_1071_length_2272_cov_26.123792	1694	1725	137	1	31	0.0322581
NODE_1071_length_2272_cov_26.123792	1694	1725	143	1	31	0.0322581
NODE_1071_length_2272_cov_26.123792	1694	1725	149	2	31	0.0645161
NODE_1071_length_2272_cov_26.123792	1694	1725	150	1	31	0.0322581
NODE_1071_length_2272_cov_26.123792	1694	1725	156	2	31	0.0645161
NODE_1071_length_2272_cov_26.123792	1694	1725	158	1	31	0.0322581
NODE_1071_length_2272_cov_26.123792	1694	1725	160	1	31	0.0322581
NODE_1071_length_2272_cov_26.123792	1694	1725	162	1	31	0.0322581
NODE_1071_length_2272_cov_26.123792	1694	1725	166	1	31	0.0322581
NODE_1071_length_2272_cov_26.123792	1694	1725	170	2	31	0.0645161
NODE_1071_length_2272_cov_26.123792	1694	1725	179	1	31	0.0322581
NODE_1071_length_2272_cov_26.123792	1694	1725	187	1	31	0.0322581
NODE_1071_length_2272_cov_26.123792	1694	1725	202	1	31	0.0322581
NODE_1071_length_2272_cov_26.123792	1694	1725	204	1	31	0.0322581
NODE_1071_length_2272_cov_26.123792	1694	1725	208	1	31	0.0322581
NODE_1071_length_2272_cov_26.123792	1694	1725	212	1	31	0.0322581
NODE_1071_length_2272_cov_26.123792	1694	1725	214	1	31	0.0322581
NODE_1071_length_2272_cov_26.123792	1694	1725	218	1	31	0.0322581
NODE_1071_length_2272_cov_26.123792	1694	1725	222	1	31	0.0322581
NODE_1071_length_2272_cov_26.123792	1759	1833	0	35	74	0.4729730
NODE_1071_length_2272_cov_26.123792	1759	1833	8	39	74	0.5270270
NODE_1071_length_2272_cov_26.123792	1812	1892	8	80	80	1.0000000
NODE_1072_length_2272_cov_8.175334	213	293	96	1	80	0.0125000
NODE_1072_length_2272_cov_8.175334	213	293	98	2	80	0.0250000
NODE_1072_length_2272_cov_8.175334	213	293	99	2	80	0.0250000
NODE_1072_length_2272_cov_8.175334	213	293	101	3	80	0.0375000
NODE_1072_length_2272_cov_8.175334	213	293	102	1	80	0.0125000
NODE_1072_length_2272_cov_8.175334	213	293	108	1	80	0.0125000
NODE_1072_length_2272_cov_8.175334	213	293	110	1	80	0.0125000
NODE_1072_length_2272_cov_8.175334	213	293	118	1	80	0.0125000
NODE_1072_length_2272_cov_8.175334	213	293	119	2	80	0.0250000
NODE_1072_length_2272_cov_8.175334	213	293	120	5	80	0.0625000
NODE_1072_length_2272_cov_8.175334	213	293	121	9	80	0.1125000
NODE_1072_length_2272_cov_8.175334	213	293	122	1	80	0.0125000
NODE_1072_length_2272_cov_8.175334	213	293	123	3	80	0.0375000
NODE_1072_length_2272_cov_8.175334	213	293	125	1	80	0.0125000
NODE_1072_length_2272_cov_8.175334	213	293	127	3	80	0.0375000
NODE_1072_length_2272_cov_8.175334	213	293	128	4	80	0.0500000
NODE_1072_length_2272_cov_8.175334	213	293	129	1	80	0.0125000
NODE_1072_length_2272_cov_8.175334	213	293	130	1	80	0.0125000
NODE_1072_length_2272_cov_8.175334	213	293	131	3	80	0.0375000
NODE_1072_length_2272_cov_8.175334	213	293	132	3	80	0.0375000
NODE_1072_length_2272_cov_8.175334	213	293	135	3	80	0.0375000
NODE_1072_length_2272_cov_8.175334	213	293	136	1	80	0.0125000
NODE_1072_length_2272_cov_8.175334	213	293	138	11	80	0.1375000
NODE_1072_length_2272_cov_8.175334	213	293	139	1	80	0.0125000
NODE_1072_length_2272_cov_8.175334	213	293	140	2	80	0.0250000
NODE_1072_length_2272_cov_8.175334	213	293	142	5	80	0.0625000
NODE_1072_length_2272_cov_8.175334	213	293	143	3	80	0.0375000
NODE_1072_length_2272_cov_8.175334	213	293	144	3	80	0.0375000
NODE_1072_length_2272_cov_8.175334	213	293	145	3	80	0.0375000
NODE_1072_length_2272_cov_8.175334	266	346	6	1	80	0.0125000
NODE_1072_length_2272_cov_8.175334	266	346	8	1	80	0.0125000
NODE_1072_length_2272_cov_8.175334	266	346	24	1	80	0.0125000
NODE_1072_length_2272_cov_8.175334	266	346	26	1	80	0.0125000
NODE_1072_length_2272_cov_8.175334	266	346	29	1	80	0.0125000
NODE_1072_length_2272_cov_8.175334	266	346	36	2	80	0.0250000
NODE_1072_length_2272_cov_8.175334	266	346	46	2	80	0.0250000
NODE_1072_length_2272_cov_8.175334	266	346	47	2	80	0.0250000
NODE_1072_length_2272_cov_8.175334	266	346	51	5	80	0.0625000
NODE_1072_length_2272_cov_8.175334	266	346	53	5	80	0.0625000
NODE_1072_length_2272_cov_8.175334	266	346	57	2	80	0.0250000
NODE_1072_length_2272_cov_8.175334	266	346	59	3	80	0.0375000
NODE_1072_length_2272_cov_8.175334	266	346	61	6	80	0.0750000
NODE_1072_length_2272_cov_8.175334	266	346	65	1	80	0.0125000
NODE_1072_length_2272_cov_8.175334	266	346	67	1	80	0.0125000
NODE_1072_length_2272_cov_8.175334	266	346	68	2	80	0.0250000
NODE_1072_length_2272_cov_8.175334	266	346	74	2	80	0.0250000
NODE_1072_length_2272_cov_8.175334	266	346	82	1	80	0.0125000
NODE_1072_length_2272_cov_8.175334	266	346	86	5	80	0.0625000
NODE_1072_length_2272_cov_8.175334	266	346	88	2	80	0.0250000
NODE_1072_length_2272_cov_8.175334	266	346	92	5	80	0.0625000
NODE_1072_length_2272_cov_8.175334	266	346	94	1	80	0.0125000
NODE_1072_length_2272_cov_8.175334	266	346	96	2	80	0.0250000
NODE_1072_length_2272_cov_8.175334	266	346	98	2	80	0.0250000
NODE_1072_length_2272_cov_8.175334	266	346	99	2	80	0.0250000
NODE_1072_length_2272_cov_8.175334	266	346	101	3	80	0.0375000
NODE_1072_length_2272_cov_8.175334	266	346	102	1	80	0.0125000
NODE_1072_length_2272_cov_8.175334	266	346	108	1	80	0.0125000
NODE_1072_length_2272_cov_8.175334	266	346	110	1	80	0.0125000
NODE_1072_length_2272_cov_8.175334	266	346	119	2	80	0.0250000
NODE_1072_length_2272_cov_8.175334	266	346	121	7	80	0.0875000
NODE_1072_length_2272_cov_8.175334	266	346	123	1	80	0.0125000
NODE_1072_length_2272_cov_8.175334	266	346	125	1	80	0.0125000
NODE_1072_length_2272_cov_8.175334	266	346	127	2	80	0.0250000
NODE_1072_length_2272_cov_8.175334	266	346	128	3	80	0.0375000
NODE_1077_length_2266_cov_13.206276	359	439	17	10	80	0.1250000
NODE_1077_length_2266_cov_13.206276	359	439	18	1	80	0.0125000
NODE_1077_length_2266_cov_13.206276	359	439	19	10	80	0.1250000
NODE_1077_length_2266_cov_13.206276	359	439	21	36	80	0.4500000
NODE_1077_length_2266_cov_13.206276	359	439	23	14	80	0.1750000
NODE_1077_length_2266_cov_13.206276	359	439	26	3	80	0.0375000
NODE_1077_length_2266_cov_13.206276	359	439	27	6	80	0.0750000
NODE_1077_length_2266_cov_13.206276	412	492	8	5	80	0.0625000
NODE_1077_length_2266_cov_13.206276	412	492	12	11	80	0.1375000
NODE_1077_length_2266_cov_13.206276	412	492	16	15	80	0.1875000
NODE_1077_length_2266_cov_13.206276	412	492	18	2	80	0.0250000
NODE_1077_length_2266_cov_13.206276	412	492	21	36	80	0.4500000
NODE_1077_length_2266_cov_13.206276	412	492	23	11	80	0.1375000
NODE_1077_length_2266_cov_13.206276	488	568	12	7	80	0.0875000
NODE_1077_length_2266_cov_13.206276	488	568	14	4	80	0.0500000
NODE_1077_length_2266_cov_13.206276	488	568	16	20	80	0.2500000
NODE_1077_length_2266_cov_13.206276	488	568	18	25	80	0.3125000
NODE_1077_length_2266_cov_13.206276	488	568	19	3	80	0.0375000
NODE_1077_length_2266_cov_13.206276	488	568	20	6	80	0.0750000
NODE_1077_length_2266_cov_13.206276	488	568	22	15	80	0.1875000
NODE_1077_length_2266_cov_13.206276	541	627	4	13	86	0.1511628
NODE_1077_length_2266_cov_13.206276	541	627	6	12	86	0.1395349
NODE_1077_length_2266_cov_13.206276	541	627	10	4	86	0.0465116
NODE_1077_length_2266_cov_13.206276	541	627	12	37	86	0.4302326
NODE_1077_length_2266_cov_13.206276	541	627	18	8	86	0.0930233
NODE_1077_length_2266_cov_13.206276	541	627	19	3	86	0.0348837
NODE_1077_length_2266_cov_13.206276	541	627	20	6	86	0.0697674
NODE_1077_length_2266_cov_13.206276	541	627	22	3	86	0.0348837
NODE_1078_length_2262_cov_11.759131	413	493	0	80	80	1.0000000
NODE_1078_length_2262_cov_11.759131	466	546	0	80	80	1.0000000
NODE_1079_length_2260_cov_37.814901	219	299	0	9	80	0.1125000
NODE_1079_length_2260_cov_37.814901	219	299	3	32	80	0.4000000
NODE_1079_length_2260_cov_37.814901	219	299	4	39	80	0.4875000
NODE_1079_length_2260_cov_37.814901	742	822	0	56	80	0.7000000
NODE_1079_length_2260_cov_37.814901	742	822	2	24	80	0.3000000
NODE_1079_length_2260_cov_37.814901	795	875	0	80	80	1.0000000
NODE_1079_length_2260_cov_37.814901	1533	1613	13	4	80	0.0500000
NODE_1079_length_2260_cov_37.814901	1533	1613	14	37	80	0.4625000
NODE_1079_length_2260_cov_37.814901	1533	1613	16	39	80	0.4875000
NODE_1079_length_2260_cov_37.814901	1586	1666	0	34	80	0.4250000
NODE_1079_length_2260_cov_37.814901	1586	1666	2	2	80	0.0250000
NODE_1079_length_2260_cov_37.814901	1586	1666	13	3	80	0.0375000
NODE_1079_length_2260_cov_37.814901	1586	1666	14	27	80	0.3375000
NODE_1079_length_2260_cov_37.814901	1586	1666	16	14	80	0.1750000
NODE_1079_length_2260_cov_37.814901	1662	1742	0	80	80	1.0000000
NODE_1079_length_2260_cov_37.814901	1715	1795	0	80	80	1.0000000
NODE_1082_length_2253_cov_8.904828	472	552	35	2	80	0.0250000
NODE_1082_length_2253_cov_8.904828	472	552	36	1	80	0.0125000
NODE_1082_length_2253_cov_8.904828	472	552	37	3	80	0.0375000
NODE_1082_length_2253_cov_8.904828	472	552	38	4	80	0.0500000
NODE_1082_length_2253_cov_8.904828	472	552	39	8	80	0.1000000
NODE_1082_length_2253_cov_8.904828	472	552	40	1	80	0.0125000
NODE_1082_length_2253_cov_8.904828	472	552	42	4	80	0.0500000
NODE_1082_length_2253_cov_8.904828	472	552	44	5	80	0.0625000
NODE_1082_length_2253_cov_8.904828	472	552	52	2	80	0.0250000
NODE_1082_length_2253_cov_8.904828	472	552	56	5	80	0.0625000
NODE_1082_length_2253_cov_8.904828	472	552	58	3	80	0.0375000
NODE_1082_length_2253_cov_8.904828	472	552	64	5	80	0.0625000
NODE_1082_length_2253_cov_8.904828	472	552	65	8	80	0.1000000
NODE_1082_length_2253_cov_8.904828	472	552	67	1	80	0.0125000
NODE_1082_length_2253_cov_8.904828	472	552	68	3	80	0.0375000
NODE_1082_length_2253_cov_8.904828	472	552	74	1	80	0.0125000
NODE_1082_length_2253_cov_8.904828	472	552	78	2	80	0.0250000
NODE_1082_length_2253_cov_8.904828	472	552	80	2	80	0.0250000
NODE_1082_length_2253_cov_8.904828	472	552	83	1	80	0.0125000
NODE_1082_length_2253_cov_8.904828	472	552	84	9	80	0.1125000
NODE_1082_length_2253_cov_8.904828	472	552	86	3	80	0.0375000
NODE_1082_length_2253_cov_8.904828	472	552	87	1	80	0.0125000
NODE_1082_length_2253_cov_8.904828	472	552	88	2	80	0.0250000
NODE_1082_length_2253_cov_8.904828	472	552	95	1	80	0.0125000
NODE_1082_length_2253_cov_8.904828	472	552	97	3	80	0.0375000
NODE_1085_length_2252_cov_2.801208	1128	1170	0	10	42	0.2380952
NODE_1085_length_2252_cov_2.801208	1128	1170	2	4	42	0.0952381
NODE_1085_length_2252_cov_2.801208	1128	1170	5	7	42	0.1666667
NODE_1085_length_2252_cov_2.801208	1128	1170	6	1	42	0.0238095
NODE_1085_length_2252_cov_2.801208	1128	1170	7	1	42	0.0238095
NODE_1085_length_2252_cov_2.801208	1128	1170	8	19	42	0.4523810
NODE_1085_length_2252_cov_2.801208	1137	1172	0	1	35	0.0285714
NODE_1085_length_2252_cov_2.801208	1137	1172	2	4	35	0.1142857
NODE_1085_length_2252_cov_2.801208	1137	1172	5	7	35	0.2000000
NODE_1085_length_2252_cov_2.801208	1137	1172	6	1	35	0.0285714
NODE_1085_length_2252_cov_2.801208	1137	1172	7	1	35	0.0285714
NODE_1085_length_2252_cov_2.801208	1137	1172	8	21	35	0.6000000
NODE_1086_length_2252_cov_2.078031	13	62	0	49	49	1.0000000
NODE_1086_length_2252_cov_2.078031	13	61	0	48	48	1.0000000
NODE_1086_length_2252_cov_2.078031	13	62	0	49	49	1.0000000
NODE_1086_length_2252_cov_2.078031	13	62	0	49	49	1.0000000
NODE_1086_length_2252_cov_2.078031	13	61	0	48	48	1.0000000
NODE_1087_length_2251_cov_15.458178	1443	1506	0	20	63	0.3174603
NODE_1087_length_2251_cov_15.458178	1443	1506	2	1	63	0.0158730
NODE_1087_length_2251_cov_15.458178	1443	1506	4	28	63	0.4444444
NODE_1087_length_2251_cov_15.458178	1443	1506	7	4	63	0.0634921
NODE_1087_length_2251_cov_15.458178	1443	1506	10	7	63	0.1111111
NODE_1087_length_2251_cov_15.458178	1443	1506	11	2	63	0.0317460
NODE_1087_length_2251_cov_15.458178	1443	1506	12	1	63	0.0158730
NODE_1087_length_2251_cov_15.458178	1496	1550	7	1	54	0.0185185
NODE_1087_length_2251_cov_15.458178	1496	1550	10	7	54	0.1296296
NODE_1087_length_2251_cov_15.458178	1496	1550	11	1	54	0.0185185
NODE_1087_length_2251_cov_15.458178	1496	1550	12	4	54	0.0740741
NODE_1087_length_2251_cov_15.458178	1496	1550	14	9	54	0.1666667
NODE_1087_length_2251_cov_15.458178	1496	1550	16	3	54	0.0555556
NODE_1087_length_2251_cov_15.458178	1496	1550	18	1	54	0.0185185
NODE_1087_length_2251_cov_15.458178	1496	1550	20	1	54	0.0185185
NODE_1087_length_2251_cov_15.458178	1496	1550	22	2	54	0.0370370
NODE_1087_length_2251_cov_15.458178	1496	1550	26	2	54	0.0370370
NODE_1087_length_2251_cov_15.458178	1496	1550	28	1	54	0.0185185
NODE_1087_length_2251_cov_15.458178	1496	1550	34	4	54	0.0740741
NODE_1087_length_2251_cov_15.458178	1496	1550	35	9	54	0.1666667
NODE_1087_length_2251_cov_15.458178	1496	1550	36	1	54	0.0185185
NODE_1087_length_2251_cov_15.458178	1496	1550	37	1	54	0.0185185
NODE_1087_length_2251_cov_15.458178	1496	1550	40	1	54	0.0185185
NODE_1087_length_2251_cov_15.458178	1496	1550	41	2	54	0.0370370
NODE_1087_length_2251_cov_15.458178	1496	1550	45	2	54	0.0370370
NODE_1087_length_2251_cov_15.458178	1496	1550	51	1	54	0.0185185
NODE_1087_length_2251_cov_15.458178	1496	1550	56	1	54	0.0185185
NODE_1089_length_2250_cov_18.370990	1658	1738	0	58	80	0.7250000
NODE_1089_length_2250_cov_18.370990	1658	1738	2	22	80	0.2750000
NODE_1089_length_2250_cov_18.370990	1711	1791	0	5	80	0.0625000
NODE_1089_length_2250_cov_18.370990	1711	1791	2	75	80	0.9375000
NODE_1090_length_2250_cov_5.331474	1844	1924	0	80	80	1.0000000
NODE_1093_length_2247_cov_7.906890	364	436	0	72	72	1.0000000
NODE_1095_length_2246_cov_7.612948	1992	2055	4	56	63	0.8888889
NODE_1095_length_2246_cov_7.612948	1992	2055	6	3	63	0.0476190
NODE_1095_length_2246_cov_7.612948	1992	2055	8	1	63	0.0158730
NODE_1095_length_2246_cov_7.612948	1992	2055	10	2	63	0.0317460
NODE_1095_length_2246_cov_7.612948	1992	2055	12	1	63	0.0158730
NODE_1095_length_2246_cov_7.612948	2045	2108	2	15	63	0.2380952
NODE_1095_length_2246_cov_7.612948	2045	2108	4	29	63	0.4603175
NODE_1095_length_2246_cov_7.612948	2045	2108	6	19	63	0.3015873
NODE_1104_length_2233_cov_35.127460	1517	1597	0	26	80	0.3250000
NODE_1104_length_2233_cov_35.127460	1517	1597	4	53	80	0.6625000
NODE_1104_length_2233_cov_35.127460	1517	1597	5	1	80	0.0125000
NODE_1104_length_2233_cov_35.127460	1570	1650	1	21	80	0.2625000
NODE_1104_length_2233_cov_35.127460	1570	1650	4	26	80	0.3250000
NODE_1104_length_2233_cov_35.127460	1570	1650	5	33	80	0.4125000
NODE_1105_length_2231_cov_45.701689	315	396	2	11	81	0.1358025
NODE_1105_length_2231_cov_45.701689	315	396	4	7	81	0.0864198
NODE_1105_length_2231_cov_45.701689	315	396	6	17	81	0.2098765
NODE_1105_length_2231_cov_45.701689	315	396	8	4	81	0.0493827
NODE_1105_length_2231_cov_45.701689	315	396	12	17	81	0.2098765
NODE_1105_length_2231_cov_45.701689	315	396	14	22	81	0.2716049
NODE_1105_length_2231_cov_45.701689	315	396	16	3	81	0.0370370
NODE_1105_length_2231_cov_45.701689	369	449	0	13	80	0.1625000
NODE_1105_length_2231_cov_45.701689	369	449	2	51	80	0.6375000
NODE_1105_length_2231_cov_45.701689	369	449	4	7	80	0.0875000
NODE_1105_length_2231_cov_45.701689	369	449	6	9	80	0.1125000
NODE_1105_length_2231_cov_45.701689	496	576	0	80	80	1.0000000
NODE_1105_length_2231_cov_45.701689	582	662	0	80	80	1.0000000
NODE_1105_length_2231_cov_45.701689	625	705	0	80	80	1.0000000
NODE_1105_length_2231_cov_45.701689	711	791	0	80	80	1.0000000
NODE_1105_length_2231_cov_45.701689	1141	1186	0	3	45	0.0666667
NODE_1105_length_2231_cov_45.701689	1141	1186	9	9	45	0.2000000
NODE_1105_length_2231_cov_45.701689	1141	1186	11	4	45	0.0888889
NODE_1105_length_2231_cov_45.701689	1141	1186	20	29	45	0.6444445
NODE_1105_length_2231_cov_45.701689	1787	1867	0	80	80	1.0000000
NODE_1105_length_2231_cov_45.701689	1840	1920	0	80	80	1.0000000
NODE_1106_length_2230_cov_12.608634	1520	1600	0	80	80	1.0000000
NODE_1106_length_2230_cov_12.608634	1573	1653	0	80	80	1.0000000
NODE_1112_length_2218_cov_5.292591	1427	1497	0	38	70	0.5428572
NODE_1112_length_2218_cov_5.292591	1427	1497	6	32	70	0.4571429
NODE_1112_length_2218_cov_5.292591	1470	1536	6	31	66	0.4696970
NODE_1112_length_2218_cov_5.292591	1470	1536	8	15	66	0.2272727
NODE_1112_length_2218_cov_5.292591	1470	1536	10	20	66	0.3030303
NODE_1115_length_2215_cov_51.865784	108	188	2	80	80	1.0000000
NODE_1115_length_2215_cov_51.865784	161	241	0	40	80	0.5000000
NODE_1115_length_2215_cov_51.865784	161	241	2	40	80	0.5000000
NODE_1115_length_2215_cov_51.865784	237	317	0	80	80	1.0000000
NODE_1115_length_2215_cov_51.865784	290	370	0	80	80	1.0000000
NODE_1115_length_2215_cov_51.865784	1030	1102	2	1	72	0.0138889
NODE_1115_length_2215_cov_51.865784	1030	1102	6	1	72	0.0138889
NODE_1115_length_2215_cov_51.865784	1030	1102	7	2	72	0.0277778
NODE_1115_length_2215_cov_51.865784	1030	1102	11	1	72	0.0138889
NODE_1115_length_2215_cov_51.865784	1030	1102	12	1	72	0.0138889
NODE_1115_length_2215_cov_51.865784	1030	1102	13	5	72	0.0694444
NODE_1115_length_2215_cov_51.865784	1030	1102	15	2	72	0.0277778
NODE_1115_length_2215_cov_51.865784	1030	1102	19	4	72	0.0555556
NODE_1115_length_2215_cov_51.865784	1030	1102	20	4	72	0.0555556
NODE_1115_length_2215_cov_51.865784	1030	1102	22	5	72	0.0694444
NODE_1115_length_2215_cov_51.865784	1030	1102	23	6	72	0.0833333
NODE_1115_length_2215_cov_51.865784	1030	1102	24	4	72	0.0555556
NODE_1115_length_2215_cov_51.865784	1030	1102	26	2	72	0.0277778
NODE_1115_length_2215_cov_51.865784	1030	1102	28	1	72	0.0138889
NODE_1115_length_2215_cov_51.865784	1030	1102	29	1	72	0.0138889
NODE_1115_length_2215_cov_51.865784	1030	1102	30	1	72	0.0138889
NODE_1115_length_2215_cov_51.865784	1030	1102	33	1	72	0.0138889
NODE_1115_length_2215_cov_51.865784	1030	1102	34	3	72	0.0416667
NODE_1115_length_2215_cov_51.865784	1030	1102	35	1	72	0.0138889
NODE_1115_length_2215_cov_51.865784	1030	1102	38	2	72	0.0277778
NODE_1115_length_2215_cov_51.865784	1030	1102	40	2	72	0.0277778
NODE_1115_length_2215_cov_51.865784	1030	1102	43	1	72	0.0138889
NODE_1115_length_2215_cov_51.865784	1030	1102	45	2	72	0.0277778
NODE_1115_length_2215_cov_51.865784	1030	1102	47	2	72	0.0277778
NODE_1115_length_2215_cov_51.865784	1030	1102	48	1	72	0.0138889
NODE_1115_length_2215_cov_51.865784	1030	1102	49	1	72	0.0138889
NODE_1115_length_2215_cov_51.865784	1030	1102	53	1	72	0.0138889
NODE_1115_length_2215_cov_51.865784	1030	1102	55	1	72	0.0138889
NODE_1115_length_2215_cov_51.865784	1030	1102	56	2	72	0.0277778
NODE_1115_length_2215_cov_51.865784	1030	1102	59	1	72	0.0138889
NODE_1115_length_2215_cov_51.865784	1030	1102	63	2	72	0.0277778
NODE_1115_length_2215_cov_51.865784	1030	1102	65	1	72	0.0138889
NODE_1115_length_2215_cov_51.865784	1030	1102	69	1	72	0.0138889
NODE_1115_length_2215_cov_51.865784	1030	1102	70	4	72	0.0555556
NODE_1115_length_2215_cov_51.865784	1030	1102	72	2	72	0.0277778
NODE_1115_length_2215_cov_51.865784	1571	1651	0	31	80	0.3875000
NODE_1115_length_2215_cov_51.865784	1571	1651	2	10	80	0.1250000
NODE_1115_length_2215_cov_51.865784	1571	1651	4	39	80	0.4875000
NODE_1115_length_2215_cov_51.865784	1624	1704	4	80	80	1.0000000
NODE_1117_length_2212_cov_63.988168	459	539	0	80	80	1.0000000
NODE_1117_length_2212_cov_63.988168	512	592	0	80	80	1.0000000
NODE_1117_length_2212_cov_63.988168	588	668	0	10	80	0.1250000
NODE_1117_length_2212_cov_63.988168	588	668	1	25	80	0.3125000
NODE_1117_length_2212_cov_63.988168	588	668	2	38	80	0.4750000
NODE_1117_length_2212_cov_63.988168	588	668	3	7	80	0.0875000
NODE_1117_length_2212_cov_63.988168	641	721	2	20	80	0.2500000
NODE_1117_length_2212_cov_63.988168	641	721	3	18	80	0.2250000
NODE_1117_length_2212_cov_63.988168	641	721	4	19	80	0.2375000
NODE_1117_length_2212_cov_63.988168	641	721	6	23	80	0.2875000
NODE_1119_length_2212_cov_4.632750	1479	1559	0	66	80	0.8250000
NODE_1119_length_2212_cov_4.632750	1479	1559	2	14	80	0.1750000
NODE_1119_length_2212_cov_4.632750	1532	1612	0	13	80	0.1625000
NODE_1119_length_2212_cov_4.632750	1532	1612	2	67	80	0.8375000
NODE_1122_length_2211_cov_16.247159	1808	1888	4	28	80	0.3500000
NODE_1122_length_2211_cov_16.247159	1808	1888	8	42	80	0.5250000
NODE_1122_length_2211_cov_16.247159	1808	1888	10	3	80	0.0375000
NODE_1122_length_2211_cov_16.247159	1808	1888	12	7	80	0.0875000
NODE_1124_length_2207_cov_46.766129	1273	1348	230	1	75	0.0133333
NODE_1124_length_2207_cov_46.766129	1273	1348	234	1	75	0.0133333
NODE_1124_length_2207_cov_46.766129	1273	1348	240	1	75	0.0133333
NODE_1124_length_2207_cov_46.766129	1273	1348	244	2	75	0.0266667
NODE_1124_length_2207_cov_46.766129	1273	1348	245	1	75	0.0133333
NODE_1124_length_2207_cov_46.766129	1273	1348	246	1	75	0.0133333
NODE_1124_length_2207_cov_46.766129	1273	1348	247	3	75	0.0400000
NODE_1124_length_2207_cov_46.766129	1273	1348	248	1	75	0.0133333
NODE_1124_length_2207_cov_46.766129	1273	1348	250	3	75	0.0400000
NODE_1124_length_2207_cov_46.766129	1273	1348	251	2	75	0.0266667
NODE_1124_length_2207_cov_46.766129	1273	1348	252	1	75	0.0133333
NODE_1124_length_2207_cov_46.766129	1273	1348	256	1	75	0.0133333
NODE_1124_length_2207_cov_46.766129	1273	1348	257	4	75	0.0533333
NODE_1124_length_2207_cov_46.766129	1273	1348	258	1	75	0.0133333
NODE_1124_length_2207_cov_46.766129	1273	1348	260	3	75	0.0400000
NODE_1124_length_2207_cov_46.766129	1273	1348	261	1	75	0.0133333
NODE_1124_length_2207_cov_46.766129	1273	1348	263	1	75	0.0133333
NODE_1124_length_2207_cov_46.766129	1273	1348	264	3	75	0.0400000
NODE_1124_length_2207_cov_46.766129	1273	1348	266	4	75	0.0533333
NODE_1124_length_2207_cov_46.766129	1273	1348	270	1	75	0.0133333
NODE_1124_length_2207_cov_46.766129	1273	1348	274	1	75	0.0133333
NODE_1124_length_2207_cov_46.766129	1273	1348	279	1	75	0.0133333
NODE_1124_length_2207_cov_46.766129	1273	1348	280	1	75	0.0133333
NODE_1124_length_2207_cov_46.766129	1273	1348	281	3	75	0.0400000
NODE_1124_length_2207_cov_46.766129	1273	1348	282	2	75	0.0266667
NODE_1124_length_2207_cov_46.766129	1273	1348	283	3	75	0.0400000
NODE_1124_length_2207_cov_46.766129	1273	1348	285	2	75	0.0266667
NODE_1124_length_2207_cov_46.766129	1273	1348	286	4	75	0.0533333
NODE_1124_length_2207_cov_46.766129	1273	1348	287	3	75	0.0400000
NODE_1124_length_2207_cov_46.766129	1273	1348	288	4	75	0.0533333
NODE_1124_length_2207_cov_46.766129	1273	1348	289	3	75	0.0400000
NODE_1124_length_2207_cov_46.766129	1273	1348	290	1	75	0.0133333
NODE_1124_length_2207_cov_46.766129	1273	1348	291	1	75	0.0133333
NODE_1124_length_2207_cov_46.766129	1273	1348	292	2	75	0.0266667
NODE_1124_length_2207_cov_46.766129	1273	1348	293	5	75	0.0666667
NODE_1124_length_2207_cov_46.766129	1273	1348	295	1	75	0.0133333
NODE_1124_length_2207_cov_46.766129	1273	1348	298	1	75	0.0133333
NODE_1124_length_2207_cov_46.766129	1273	1348	300	1	75	0.0133333
NODE_1124_length_2207_cov_46.766129	1324	1401	107	2	77	0.0259740
NODE_1124_length_2207_cov_46.766129	1324	1401	109	1	77	0.0129870
NODE_1124_length_2207_cov_46.766129	1324	1401	115	2	77	0.0259740
NODE_1124_length_2207_cov_46.766129	1324	1401	121	1	77	0.0129870
NODE_1124_length_2207_cov_46.766129	1324	1401	124	1	77	0.0129870
NODE_1124_length_2207_cov_46.766129	1324	1401	127	3	77	0.0389610
NODE_1124_length_2207_cov_46.766129	1324	1401	129	2	77	0.0259740
NODE_1124_length_2207_cov_46.766129	1324	1401	131	2	77	0.0259740
NODE_1124_length_2207_cov_46.766129	1324	1401	132	3	77	0.0389610
NODE_1124_length_2207_cov_46.766129	1324	1401	133	1	77	0.0129870
NODE_1124_length_2207_cov_46.766129	1324	1401	134	1	77	0.0129870
NODE_1124_length_2207_cov_46.766129	1324	1401	141	1	77	0.0129870
NODE_1124_length_2207_cov_46.766129	1324	1401	151	1	77	0.0129870
NODE_1124_length_2207_cov_46.766129	1324	1401	153	3	77	0.0389610
NODE_1124_length_2207_cov_46.766129	1324	1401	155	2	77	0.0259740
NODE_1124_length_2207_cov_46.766129	1324	1401	167	1	77	0.0129870
NODE_1124_length_2207_cov_46.766129	1324	1401	170	1	77	0.0129870
NODE_1124_length_2207_cov_46.766129	1324	1401	172	1	77	0.0129870
NODE_1124_length_2207_cov_46.766129	1324	1401	175	2	77	0.0259740
NODE_1124_length_2207_cov_46.766129	1324	1401	176	2	77	0.0259740
NODE_1124_length_2207_cov_46.766129	1324	1401	184	1	77	0.0129870
NODE_1124_length_2207_cov_46.766129	1324	1401	186	1	77	0.0129870
NODE_1124_length_2207_cov_46.766129	1324	1401	190	1	77	0.0129870
NODE_1124_length_2207_cov_46.766129	1324	1401	196	4	77	0.0519481
NODE_1124_length_2207_cov_46.766129	1324	1401	204	2	77	0.0259740
NODE_1124_length_2207_cov_46.766129	1324	1401	208	3	77	0.0389610
NODE_1124_length_2207_cov_46.766129	1324	1401	217	1	77	0.0129870
NODE_1124_length_2207_cov_46.766129	1324	1401	221	3	77	0.0389610
NODE_1124_length_2207_cov_46.766129	1324	1401	222	2	77	0.0259740
NODE_1124_length_2207_cov_46.766129	1324	1401	224	1	77	0.0129870
NODE_1124_length_2207_cov_46.766129	1324	1401	228	1	77	0.0129870
NODE_1124_length_2207_cov_46.766129	1324	1401	230	1	77	0.0129870
NODE_1124_length_2207_cov_46.766129	1324	1401	234	1	77	0.0129870
NODE_1124_length_2207_cov_46.766129	1324	1401	240	1	77	0.0129870
NODE_1124_length_2207_cov_46.766129	1324	1401	244	2	77	0.0259740
NODE_1124_length_2207_cov_46.766129	1324	1401	245	1	77	0.0129870
NODE_1124_length_2207_cov_46.766129	1324	1401	246	1	77	0.0129870
NODE_1124_length_2207_cov_46.766129	1324	1401	247	3	77	0.0389610
NODE_1124_length_2207_cov_46.766129	1324	1401	248	1	77	0.0129870
NODE_1124_length_2207_cov_46.766129	1324	1401	250	3	77	0.0389610
NODE_1124_length_2207_cov_46.766129	1324	1401	251	1	77	0.0129870
NODE_1124_length_2207_cov_46.766129	1324	1401	256	1	77	0.0129870
NODE_1124_length_2207_cov_46.766129	1324	1401	257	3	77	0.0389610
NODE_1124_length_2207_cov_46.766129	1324	1401	258	1	77	0.0129870
NODE_1124_length_2207_cov_46.766129	1324	1401	260	1	77	0.0129870
NODE_1124_length_2207_cov_46.766129	1324	1401	264	2	77	0.0259740
NODE_1124_length_2207_cov_46.766129	1324	1401	266	1	77	0.0129870
NODE_1127_length_2205_cov_12.762108	1818	1898	2	2	80	0.0250000
NODE_1127_length_2205_cov_12.762108	1818	1898	4	28	80	0.3500000
NODE_1127_length_2205_cov_12.762108	1818	1898	6	21	80	0.2625000
NODE_1127_length_2205_cov_12.762108	1818	1898	8	29	80	0.3625000
NODE_1127_length_2205_cov_12.762108	1871	1951	0	34	80	0.4250000
NODE_1127_length_2205_cov_12.762108	1871	1951	4	29	80	0.3625000
NODE_1127_length_2205_cov_12.762108	1871	1951	6	11	80	0.1375000
NODE_1127_length_2205_cov_12.762108	1871	1951	8	6	80	0.0750000
NODE_1127_length_2205_cov_12.762108	1872	1951	0	34	79	0.4303797
NODE_1127_length_2205_cov_12.762108	1872	1951	4	29	79	0.3670886
NODE_1127_length_2205_cov_12.762108	1872	1951	6	11	79	0.1392405
NODE_1127_length_2205_cov_12.762108	1872	1951	8	5	79	0.0632911
NODE_1127_length_2205_cov_12.762108	1947	2020	0	73	73	1.0000000
NODE_1128_length_2202_cov_8.687114	1848	1912	0	64	64	1.0000000
NODE_1130_length_2200_cov_10.639695	1461	1541	0	80	80	1.0000000
NODE_1130_length_2200_cov_10.639695	1514	1594	0	80	80	1.0000000
NODE_1131_length_2199_cov_10.839524	1709	1789	0	52	80	0.6500000
NODE_1131_length_2199_cov_10.839524	1709	1789	2	28	80	0.3500000
NODE_1131_length_2199_cov_10.839524	1762	1842	2	80	80	1.0000000
NODE_1135_length_2196_cov_64.718646	885	965	26	3	80	0.0375000
NODE_1135_length_2196_cov_64.718646	885	965	30	2	80	0.0250000
NODE_1135_length_2196_cov_64.718646	885	965	36	6	80	0.0750000
NODE_1135_length_2196_cov_64.718646	885	965	38	2	80	0.0250000
NODE_1135_length_2196_cov_64.718646	885	965	44	3	80	0.0375000
NODE_1135_length_2196_cov_64.718646	885	965	46	5	80	0.0625000
NODE_1135_length_2196_cov_64.718646	885	965	48	10	80	0.1250000
NODE_1135_length_2196_cov_64.718646	885	965	54	3	80	0.0375000
NODE_1135_length_2196_cov_64.718646	885	965	55	15	80	0.1875000
NODE_1135_length_2196_cov_64.718646	885	965	56	5	80	0.0625000
NODE_1135_length_2196_cov_64.718646	885	965	60	1	80	0.0125000
NODE_1135_length_2196_cov_64.718646	885	965	61	25	80	0.3125000
NODE_1135_length_2196_cov_64.718646	938	1018	10	5	80	0.0625000
NODE_1135_length_2196_cov_64.718646	938	1018	14	10	80	0.1250000
NODE_1135_length_2196_cov_64.718646	938	1018	18	3	80	0.0375000
NODE_1135_length_2196_cov_64.718646	938	1018	20	6	80	0.0750000
NODE_1135_length_2196_cov_64.718646	938	1018	22	5	80	0.0625000
NODE_1135_length_2196_cov_64.718646	938	1018	27	1	80	0.0125000
NODE_1135_length_2196_cov_64.718646	938	1018	28	3	80	0.0375000
NODE_1135_length_2196_cov_64.718646	938	1018	38	1	80	0.0125000
NODE_1135_length_2196_cov_64.718646	938	1018	39	1	80	0.0125000
NODE_1135_length_2196_cov_64.718646	938	1018	40	3	80	0.0375000
NODE_1135_length_2196_cov_64.718646	938	1018	43	1	80	0.0125000
NODE_1135_length_2196_cov_64.718646	938	1018	49	2	80	0.0250000
NODE_1135_length_2196_cov_64.718646	938	1018	51	8	80	0.1000000
NODE_1135_length_2196_cov_64.718646	938	1018	56	1	80	0.0125000
NODE_1135_length_2196_cov_64.718646	938	1018	59	2	80	0.0250000
NODE_1135_length_2196_cov_64.718646	938	1018	60	1	80	0.0125000
NODE_1135_length_2196_cov_64.718646	938	1018	61	27	80	0.3375000
NODE_1138_length_2195_cov_8.443225	114	136	11	2	22	0.0909091
NODE_1138_length_2195_cov_8.443225	114	136	14	6	22	0.2727273
NODE_1138_length_2195_cov_8.443225	114	136	15	14	22	0.6363636
NODE_1139_length_2195_cov_6.113550	1245	1330	0	85	85	1.0000000
NODE_1139_length_2195_cov_6.113550	1306	1352	0	46	46	1.0000000
NODE_1141_length_2194_cov_1.366587	15	77	4	1	62	0.0161290
NODE_1141_length_2194_cov_1.366587	15	77	6	2	62	0.0322581
NODE_1141_length_2194_cov_1.366587	15	77	8	59	62	0.9516129
NODE_1142_length_2193_cov_8.320917	374	454	2	6	80	0.0750000
NODE_1142_length_2193_cov_8.320917	374	454	4	31	80	0.3875000
NODE_1142_length_2193_cov_8.320917	374	454	8	43	80	0.5375000
NODE_1142_length_2193_cov_8.320917	427	502	0	5	75	0.0666667
NODE_1142_length_2193_cov_8.320917	427	502	2	2	75	0.0266667
NODE_1142_length_2193_cov_8.320917	427	502	4	36	75	0.4800000
NODE_1142_length_2193_cov_8.320917	427	502	6	1	75	0.0133333
NODE_1142_length_2193_cov_8.320917	427	502	8	31	75	0.4133333
NODE_1146_length_2189_cov_36.884689	383	463	0	80	80	1.0000000
NODE_1146_length_2189_cov_36.884689	436	516	0	80	80	1.0000000
NODE_1146_length_2189_cov_36.884689	1257	1337	0	80	80	1.0000000
NODE_1146_length_2189_cov_36.884689	1310	1390	0	80	80	1.0000000
NODE_1146_length_2189_cov_36.884689	1427	1507	0	80	80	1.0000000
NODE_1146_length_2189_cov_36.884689	1480	1560	0	80	80	1.0000000
NODE_1152_length_2184_cov_9.464748	1536	1616	2	51	80	0.6375000
NODE_1152_length_2184_cov_9.464748	1536	1616	4	29	80	0.3625000
NODE_1152_length_2184_cov_9.464748	1589	1669	2	17	80	0.2125000
NODE_1152_length_2184_cov_9.464748	1589	1669	3	1	80	0.0125000
NODE_1152_length_2184_cov_9.464748	1589	1669	4	62	80	0.7750000
NODE_1154_length_2183_cov_45.471209	1632	1712	0	41	80	0.5125000
NODE_1154_length_2183_cov_45.471209	1632	1712	2	36	80	0.4500000
NODE_1154_length_2183_cov_45.471209	1632	1712	3	3	80	0.0375000
NODE_1154_length_2183_cov_45.471209	1685	1765	1	16	80	0.2000000
NODE_1154_length_2183_cov_45.471209	1685	1765	2	24	80	0.3000000
NODE_1154_length_2183_cov_45.471209	1685	1765	3	40	80	0.5000000
NODE_1159_length_2176_cov_47.338950	0	52	0	52	52	1.0000000
NODE_1162_length_2174_cov_40.560964	1638	1718	0	80	80	1.0000000
NODE_1162_length_2174_cov_40.560964	1691	1771	0	80	80	1.0000000
NODE_1163_length_2174_cov_35.399518	284	364	0	80	80	1.0000000
NODE_1163_length_2174_cov_35.399518	337	414	0	53	77	0.6883117
NODE_1163_length_2174_cov_35.399518	337	414	1	14	77	0.1818182
NODE_1163_length_2174_cov_35.399518	337	414	3	10	77	0.1298701
NODE_1163_length_2174_cov_35.399518	1542	1620	144	2	78	0.0256410
NODE_1163_length_2174_cov_35.399518	1542	1620	145	3	78	0.0384615
NODE_1163_length_2174_cov_35.399518	1542	1620	146	2	78	0.0256410
NODE_1163_length_2174_cov_35.399518	1542	1620	147	3	78	0.0384615
NODE_1163_length_2174_cov_35.399518	1542	1620	149	4	78	0.0512821
NODE_1163_length_2174_cov_35.399518	1542	1620	150	1	78	0.0128205
NODE_1163_length_2174_cov_35.399518	1542	1620	151	1	78	0.0128205
NODE_1163_length_2174_cov_35.399518	1542	1620	152	1	78	0.0128205
NODE_1163_length_2174_cov_35.399518	1542	1620	153	2	78	0.0256410
NODE_1163_length_2174_cov_35.399518	1542	1620	154	2	78	0.0256410
NODE_1163_length_2174_cov_35.399518	1542	1620	155	1	78	0.0128205
NODE_1163_length_2174_cov_35.399518	1542	1620	157	1	78	0.0128205
NODE_1163_length_2174_cov_35.399518	1542	1620	159	1	78	0.0128205
NODE_1163_length_2174_cov_35.399518	1542	1620	161	1	78	0.0128205
NODE_1163_length_2174_cov_35.399518	1542	1620	165	1	78	0.0128205
NODE_1163_length_2174_cov_35.399518	1542	1620	169	1	78	0.0128205
NODE_1163_length_2174_cov_35.399518	1542	1620	172	1	78	0.0128205
NODE_1163_length_2174_cov_35.399518	1542	1620	173	1	78	0.0128205
NODE_1163_length_2174_cov_35.399518	1542	1620	176	2	78	0.0256410
NODE_1163_length_2174_cov_35.399518	1542	1620	177	1	78	0.0128205
NODE_1163_length_2174_cov_35.399518	1542	1620	178	2	78	0.0256410
NODE_1163_length_2174_cov_35.399518	1542	1620	180	1	78	0.0128205
NODE_1163_length_2174_cov_35.399518	1542	1620	181	2	78	0.0256410
NODE_1163_length_2174_cov_35.399518	1542	1620	182	1	78	0.0128205
NODE_1163_length_2174_cov_35.399518	1542	1620	184	5	78	0.0641026
NODE_1163_length_2174_cov_35.399518	1542	1620	185	2	78	0.0256410
NODE_1163_length_2174_cov_35.399518	1542	1620	186	1	78	0.0128205
NODE_1163_length_2174_cov_35.399518	1542	1620	187	3	78	0.0384615
NODE_1163_length_2174_cov_35.399518	1542	1620	188	2	78	0.0256410
NODE_1163_length_2174_cov_35.399518	1542	1620	189	3	78	0.0384615
NODE_1163_length_2174_cov_35.399518	1542	1620	190	3	78	0.0384615
NODE_1163_length_2174_cov_35.399518	1542	1620	191	3	78	0.0384615
NODE_1163_length_2174_cov_35.399518	1542	1620	192	7	78	0.0897436
NODE_1163_length_2174_cov_35.399518	1542	1620	193	4	78	0.0512821
NODE_1163_length_2174_cov_35.399518	1542	1620	194	5	78	0.0641026
NODE_1163_length_2174_cov_35.399518	1542	1620	195	2	78	0.0256410
NODE_1163_length_2174_cov_35.399518	1593	1673	144	2	80	0.0250000
NODE_1163_length_2174_cov_35.399518	1593	1673	145	3	80	0.0375000
NODE_1163_length_2174_cov_35.399518	1593	1673	146	3	80	0.0375000
NODE_1163_length_2174_cov_35.399518	1593	1673	147	4	80	0.0500000
NODE_1163_length_2174_cov_35.399518	1593	1673	148	1	80	0.0125000
NODE_1163_length_2174_cov_35.399518	1593	1673	149	4	80	0.0500000
NODE_1163_length_2174_cov_35.399518	1593	1673	150	1	80	0.0125000
NODE_1163_length_2174_cov_35.399518	1593	1673	151	1	80	0.0125000
NODE_1163_length_2174_cov_35.399518	1593	1673	152	5	80	0.0625000
NODE_1163_length_2174_cov_35.399518	1593	1673	153	2	80	0.0250000
NODE_1163_length_2174_cov_35.399518	1593	1673	154	4	80	0.0500000
NODE_1163_length_2174_cov_35.399518	1593	1673	155	1	80	0.0125000
NODE_1163_length_2174_cov_35.399518	1593	1673	157	2	80	0.0250000
NODE_1163_length_2174_cov_35.399518	1593	1673	158	2	80	0.0250000
NODE_1163_length_2174_cov_35.399518	1593	1673	159	2	80	0.0250000
NODE_1163_length_2174_cov_35.399518	1593	1673	160	3	80	0.0375000
NODE_1163_length_2174_cov_35.399518	1593	1673	161	3	80	0.0375000
NODE_1163_length_2174_cov_35.399518	1593	1673	162	3	80	0.0375000
NODE_1163_length_2174_cov_35.399518	1593	1673	163	1	80	0.0125000
NODE_1163_length_2174_cov_35.399518	1593	1673	165	1	80	0.0125000
NODE_1163_length_2174_cov_35.399518	1593	1673	167	3	80	0.0375000
NODE_1163_length_2174_cov_35.399518	1593	1673	169	1	80	0.0125000
NODE_1163_length_2174_cov_35.399518	1593	1673	179	1	80	0.0125000
NODE_1163_length_2174_cov_35.399518	1593	1673	181	1	80	0.0125000
NODE_1163_length_2174_cov_35.399518	1593	1673	185	2	80	0.0250000
NODE_1163_length_2174_cov_35.399518	1593	1673	186	1	80	0.0125000
NODE_1163_length_2174_cov_35.399518	1593	1673	189	2	80	0.0250000
NODE_1163_length_2174_cov_35.399518	1593	1673	191	1	80	0.0125000
NODE_1163_length_2174_cov_35.399518	1593	1673	192	1	80	0.0125000
NODE_1163_length_2174_cov_35.399518	1593	1673	195	1	80	0.0125000
NODE_1163_length_2174_cov_35.399518	1593	1673	196	2	80	0.0250000
NODE_1163_length_2174_cov_35.399518	1593	1673	198	1	80	0.0125000
NODE_1163_length_2174_cov_35.399518	1593	1673	201	2	80	0.0250000
NODE_1163_length_2174_cov_35.399518	1593	1673	202	1	80	0.0125000
NODE_1163_length_2174_cov_35.399518	1593	1673	203	2	80	0.0250000
NODE_1163_length_2174_cov_35.399518	1593	1673	209	4	80	0.0500000
NODE_1163_length_2174_cov_35.399518	1593	1673	211	4	80	0.0500000
NODE_1163_length_2174_cov_35.399518	1593	1673	213	1	80	0.0125000
NODE_1163_length_2174_cov_35.399518	1593	1673	214	1	80	0.0125000
NODE_1163_length_2174_cov_35.399518	2075	2152	61	35	77	0.4545455
NODE_1163_length_2174_cov_35.399518	2075	2152	62	42	77	0.5454546
NODE_1163_length_2174_cov_35.399518	2075	2152	61	35	77	0.4545455
NODE_1163_length_2174_cov_35.399518	2075	2152	62	42	77	0.5454546
NODE_1163_length_2174_cov_35.399518	2075	2152	61	35	77	0.4545455
NODE_1163_length_2174_cov_35.399518	2075	2152	62	42	77	0.5454546
NODE_1163_length_2174_cov_35.399518	2125	2174	2	1	49	0.0204082
NODE_1163_length_2174_cov_35.399518	2125	2174	12	3	49	0.0612245
NODE_1163_length_2174_cov_35.399518	2125	2174	14	1	49	0.0204082
NODE_1163_length_2174_cov_35.399518	2125	2174	28	1	49	0.0204082
NODE_1163_length_2174_cov_35.399518	2125	2174	29	1	49	0.0204082
NODE_1163_length_2174_cov_35.399518	2125	2174	39	3	49	0.0612245
NODE_1163_length_2174_cov_35.399518	2125	2174	45	1	49	0.0204082
NODE_1163_length_2174_cov_35.399518	2125	2174	51	1	49	0.0204082
NODE_1163_length_2174_cov_35.399518	2125	2174	52	1	49	0.0204082
NODE_1163_length_2174_cov_35.399518	2125	2174	54	1	49	0.0204082
NODE_1163_length_2174_cov_35.399518	2125	2174	59	5	49	0.1020408
NODE_1163_length_2174_cov_35.399518	2125	2174	61	7	49	0.1428571
NODE_1163_length_2174_cov_35.399518	2125	2174	62	23	49	0.4693878
NODE_1163_length_2174_cov_35.399518	2128	2174	2	1	46	0.0217391
NODE_1163_length_2174_cov_35.399518	2128	2174	12	3	46	0.0652174
NODE_1163_length_2174_cov_35.399518	2128	2174	14	1	46	0.0217391
NODE_1163_length_2174_cov_35.399518	2128	2174	28	1	46	0.0217391
NODE_1163_length_2174_cov_35.399518	2128	2174	29	1	46	0.0217391
NODE_1163_length_2174_cov_35.399518	2128	2174	39	3	46	0.0652174
NODE_1163_length_2174_cov_35.399518	2128	2174	45	1	46	0.0217391
NODE_1163_length_2174_cov_35.399518	2128	2174	51	1	46	0.0217391
NODE_1163_length_2174_cov_35.399518	2128	2174	52	1	46	0.0217391
NODE_1163_length_2174_cov_35.399518	2128	2174	54	1	46	0.0217391
NODE_1163_length_2174_cov_35.399518	2128	2174	59	5	46	0.1086956
NODE_1163_length_2174_cov_35.399518	2128	2174	61	7	46	0.1521739
NODE_1163_length_2174_cov_35.399518	2128	2174	62	20	46	0.4347826
NODE_1163_length_2174_cov_35.399518	2130	2174	2	1	44	0.0227273
NODE_1163_length_2174_cov_35.399518	2130	2174	12	3	44	0.0681818
NODE_1163_length_2174_cov_35.399518	2130	2174	14	1	44	0.0227273
NODE_1163_length_2174_cov_35.399518	2130	2174	28	1	44	0.0227273
NODE_1163_length_2174_cov_35.399518	2130	2174	29	1	44	0.0227273
NODE_1163_length_2174_cov_35.399518	2130	2174	39	3	44	0.0681818
NODE_1163_length_2174_cov_35.399518	2130	2174	45	1	44	0.0227273
NODE_1163_length_2174_cov_35.399518	2130	2174	51	1	44	0.0227273
NODE_1163_length_2174_cov_35.399518	2130	2174	52	1	44	0.0227273
NODE_1163_length_2174_cov_35.399518	2130	2174	54	1	44	0.0227273
NODE_1163_length_2174_cov_35.399518	2130	2174	59	5	44	0.1136364
NODE_1163_length_2174_cov_35.399518	2130	2174	61	7	44	0.1590909
NODE_1163_length_2174_cov_35.399518	2130	2174	62	18	44	0.4090909
NODE_1164_length_2172_cov_44.861553	1110	1190	2	59	80	0.7375000
NODE_1164_length_2172_cov_44.861553	1110	1190	4	21	80	0.2625000
NODE_1164_length_2172_cov_44.861553	1163	1243	0	30	80	0.3750000
NODE_1164_length_2172_cov_44.861553	1163	1243	2	46	80	0.5750000
NODE_1164_length_2172_cov_44.861553	1163	1243	4	4	80	0.0500000
NODE_1164_length_2172_cov_44.861553	1239	1319	0	5	80	0.0625000
NODE_1164_length_2172_cov_44.861553	1239	1319	2	16	80	0.2000000
NODE_1164_length_2172_cov_44.861553	1239	1319	4	59	80	0.7375000
NODE_1164_length_2172_cov_44.861553	1292	1372	0	42	80	0.5250000
NODE_1164_length_2172_cov_44.861553	1292	1372	2	22	80	0.2750000
NODE_1164_length_2172_cov_44.861553	1292	1372	4	16	80	0.2000000
NODE_1166_length_2167_cov_33.133946	414	494	0	80	80	1.0000000
NODE_1166_length_2167_cov_33.133946	467	547	0	72	80	0.9000000
NODE_1166_length_2167_cov_33.133946	467	547	1	7	80	0.0875000
NODE_1166_length_2167_cov_33.133946	467	547	2	1	80	0.0125000
NODE_1166_length_2167_cov_33.133946	543	623	1	3	80	0.0375000
NODE_1166_length_2167_cov_33.133946	543	623	2	68	80	0.8500000
NODE_1166_length_2167_cov_33.133946	543	623	4	9	80	0.1125000
NODE_1166_length_2167_cov_33.133946	596	676	2	18	80	0.2250000
NODE_1166_length_2167_cov_33.133946	596	676	4	25	80	0.3125000
NODE_1166_length_2167_cov_33.133946	596	676	5	12	80	0.1500000
NODE_1166_length_2167_cov_33.133946	596	676	6	24	80	0.3000000
NODE_1166_length_2167_cov_33.133946	596	676	10	1	80	0.0125000
NODE_1169_length_2165_cov_21.460794	980	1060	0	27	80	0.3375000
NODE_1169_length_2165_cov_21.460794	980	1060	2	53	80	0.6625000
NODE_1169_length_2165_cov_21.460794	1033	1113	0	56	80	0.7000000
NODE_1169_length_2165_cov_21.460794	1033	1113	2	24	80	0.3000000
NODE_1176_length_2157_cov_22.284257	989	1069	0	80	80	1.0000000
NODE_1176_length_2157_cov_22.284257	1042	1122	0	80	80	1.0000000
NODE_1176_length_2157_cov_22.284257	1118	1198	0	26	80	0.3250000
NODE_1176_length_2157_cov_22.284257	1118	1198	2	14	80	0.1750000
NODE_1176_length_2157_cov_22.284257	1118	1198	5	40	80	0.5000000
NODE_1176_length_2157_cov_22.284257	1171	1251	3	30	80	0.3750000
NODE_1176_length_2157_cov_22.284257	1171	1251	5	50	80	0.6250000
NODE_1177_length_2157_cov_8.830418	867	947	0	80	80	1.0000000
NODE_1177_length_2157_cov_8.830418	920	1000	0	63	80	0.7875000
NODE_1177_length_2157_cov_8.830418	920	1000	2	17	80	0.2125000
NODE_1177_length_2157_cov_8.830418	996	1076	2	10	80	0.1250000
NODE_1177_length_2157_cov_8.830418	996	1076	4	2	80	0.0250000
NODE_1177_length_2157_cov_8.830418	996	1076	5	10	80	0.1250000
NODE_1177_length_2157_cov_8.830418	996	1076	6	58	80	0.7250000
NODE_1177_length_2157_cov_8.830418	1049	1129	4	54	80	0.6750000
NODE_1177_length_2157_cov_8.830418	1049	1129	6	26	80	0.3250000
NODE_1178_length_2156_cov_25.065630	0	41	17	5	41	0.1219512
NODE_1178_length_2156_cov_25.065630	0	41	21	2	41	0.0487805
NODE_1178_length_2156_cov_25.065630	0	41	23	1	41	0.0243902
NODE_1178_length_2156_cov_25.065630	0	41	29	2	41	0.0487805
NODE_1178_length_2156_cov_25.065630	0	41	36	1	41	0.0243902
NODE_1178_length_2156_cov_25.065630	0	41	38	1	41	0.0243902
NODE_1178_length_2156_cov_25.065630	0	41	42	1	41	0.0243902
NODE_1178_length_2156_cov_25.065630	0	41	44	3	41	0.0731707
NODE_1178_length_2156_cov_25.065630	0	41	48	7	41	0.1707317
NODE_1178_length_2156_cov_25.065630	0	41	49	2	41	0.0487805
NODE_1178_length_2156_cov_25.065630	0	41	53	7	41	0.1707317
NODE_1178_length_2156_cov_25.065630	0	41	55	1	41	0.0243902
NODE_1178_length_2156_cov_25.065630	0	41	57	2	41	0.0487805
NODE_1178_length_2156_cov_25.065630	0	41	59	3	41	0.0731707
NODE_1178_length_2156_cov_25.065630	0	41	60	2	41	0.0487805
NODE_1178_length_2156_cov_25.065630	0	41	69	1	41	0.0243902
NODE_1178_length_2156_cov_25.065630	14	94	44	2	80	0.0250000
NODE_1178_length_2156_cov_25.065630	14	94	48	7	80	0.0875000
NODE_1178_length_2156_cov_25.065630	14	94	49	2	80	0.0250000
NODE_1178_length_2156_cov_25.065630	14	94	53	7	80	0.0875000
NODE_1178_length_2156_cov_25.065630	14	94	55	1	80	0.0125000
NODE_1178_length_2156_cov_25.065630	14	94	57	2	80	0.0250000
NODE_1178_length_2156_cov_25.065630	14	94	59	3	80	0.0375000
NODE_1178_length_2156_cov_25.065630	14	94	60	2	80	0.0250000
NODE_1178_length_2156_cov_25.065630	14	94	69	2	80	0.0250000
NODE_1178_length_2156_cov_25.065630	14	94	73	1	80	0.0125000
NODE_1178_length_2156_cov_25.065630	14	94	75	1	80	0.0125000
NODE_1178_length_2156_cov_25.065630	14	94	77	1	80	0.0125000
NODE_1178_length_2156_cov_25.065630	14	94	83	1	80	0.0125000
NODE_1178_length_2156_cov_25.065630	14	94	84	1	80	0.0125000
NODE_1178_length_2156_cov_25.065630	14	94	86	2	80	0.0250000
NODE_1178_length_2156_cov_25.065630	14	94	88	1	80	0.0125000
NODE_1178_length_2156_cov_25.065630	14	94	90	1	80	0.0125000
NODE_1178_length_2156_cov_25.065630	14	94	97	1	80	0.0125000
NODE_1178_length_2156_cov_25.065630	14	94	98	4	80	0.0500000
NODE_1178_length_2156_cov_25.065630	14	94	106	2	80	0.0250000
NODE_1178_length_2156_cov_25.065630	14	94	110	2	80	0.0250000
NODE_1178_length_2156_cov_25.065630	14	94	113	5	80	0.0625000
NODE_1178_length_2156_cov_25.065630	14	94	115	10	80	0.1250000
NODE_1178_length_2156_cov_25.065630	14	94	116	7	80	0.0875000
NODE_1178_length_2156_cov_25.065630	14	94	119	5	80	0.0625000
NODE_1178_length_2156_cov_25.065630	14	94	121	6	80	0.0750000
NODE_1178_length_2156_cov_25.065630	14	94	125	1	80	0.0125000
NODE_1181_length_2156_cov_3.216334	1890	1970	0	80	80	1.0000000
NODE_1181_length_2156_cov_3.216334	1943	2023	0	80	80	1.0000000
NODE_1184_length_2153_cov_11.610029	1968	2048	0	30	80	0.3750000
NODE_1184_length_2153_cov_11.610029	1968	2048	4	6	80	0.0750000
NODE_1184_length_2153_cov_11.610029	1968	2048	8	31	80	0.3875000
NODE_1184_length_2153_cov_11.610029	1968	2048	12	1	80	0.0125000
NODE_1184_length_2153_cov_11.610029	1968	2048	16	2	80	0.0250000
NODE_1184_length_2153_cov_11.610029	1968	2048	22	3	80	0.0375000
NODE_1184_length_2153_cov_11.610029	1968	2048	26	7	80	0.0875000
NODE_1184_length_2153_cov_11.610029	1977	2048	0	21	71	0.2957746
NODE_1184_length_2153_cov_11.610029	1977	2048	4	6	71	0.0845070
NODE_1184_length_2153_cov_11.610029	1977	2048	8	31	71	0.4366197
NODE_1184_length_2153_cov_11.610029	1977	2048	12	1	71	0.0140845
NODE_1184_length_2153_cov_11.610029	1977	2048	16	2	71	0.0281690
NODE_1184_length_2153_cov_11.610029	1977	2048	22	3	71	0.0422535
NODE_1184_length_2153_cov_11.610029	1977	2048	26	7	71	0.0985916
NODE_1190_length_2147_cov_25.116211	814	894	58	7	80	0.0875000
NODE_1190_length_2147_cov_25.116211	814	894	62	5	80	0.0625000
NODE_1190_length_2147_cov_25.116211	814	894	66	3	80	0.0375000
NODE_1190_length_2147_cov_25.116211	814	894	68	13	80	0.1625000
NODE_1190_length_2147_cov_25.116211	814	894	71	3	80	0.0375000
NODE_1190_length_2147_cov_25.116211	814	894	72	4	80	0.0500000
NODE_1190_length_2147_cov_25.116211	814	894	73	1	80	0.0125000
NODE_1190_length_2147_cov_25.116211	814	894	74	11	80	0.1375000
NODE_1190_length_2147_cov_25.116211	814	894	75	3	80	0.0375000
NODE_1190_length_2147_cov_25.116211	814	894	76	8	80	0.1000000
NODE_1190_length_2147_cov_25.116211	814	894	77	5	80	0.0625000
NODE_1190_length_2147_cov_25.116211	814	894	79	14	80	0.1750000
NODE_1190_length_2147_cov_25.116211	814	894	81	3	80	0.0375000
NODE_1190_length_2147_cov_25.116211	867	947	20	9	80	0.1125000
NODE_1190_length_2147_cov_25.116211	867	947	24	5	80	0.0625000
NODE_1190_length_2147_cov_25.116211	867	947	28	1	80	0.0125000
NODE_1190_length_2147_cov_25.116211	867	947	30	2	80	0.0250000
NODE_1190_length_2147_cov_25.116211	867	947	32	2	80	0.0250000
NODE_1190_length_2147_cov_25.116211	867	947	34	4	80	0.0500000
NODE_1190_length_2147_cov_25.116211	867	947	36	2	80	0.0250000
NODE_1190_length_2147_cov_25.116211	867	947	38	2	80	0.0250000
NODE_1190_length_2147_cov_25.116211	867	947	41	1	80	0.0125000
NODE_1190_length_2147_cov_25.116211	867	947	42	1	80	0.0125000
NODE_1190_length_2147_cov_25.116211	867	947	47	2	80	0.0250000
NODE_1190_length_2147_cov_25.116211	867	947	49	4	80	0.0500000
NODE_1190_length_2147_cov_25.116211	867	947	51	8	80	0.1000000
NODE_1190_length_2147_cov_25.116211	867	947	55	1	80	0.0125000
NODE_1190_length_2147_cov_25.116211	867	947	56	4	80	0.0500000
NODE_1190_length_2147_cov_25.116211	867	947	61	1	80	0.0125000
NODE_1190_length_2147_cov_25.116211	867	947	62	9	80	0.1125000
NODE_1190_length_2147_cov_25.116211	867	947	66	2	80	0.0250000
NODE_1190_length_2147_cov_25.116211	867	947	68	1	80	0.0125000
NODE_1190_length_2147_cov_25.116211	867	947	72	3	80	0.0375000
NODE_1190_length_2147_cov_25.116211	867	947	74	5	80	0.0625000
NODE_1190_length_2147_cov_25.116211	867	947	75	1	80	0.0125000
NODE_1190_length_2147_cov_25.116211	867	947	79	7	80	0.0875000
NODE_1190_length_2147_cov_25.116211	867	947	81	3	80	0.0375000
NODE_1197_length_2136_cov_16.947472	279	359	2	31	80	0.3875000
NODE_1197_length_2136_cov_16.947472	279	359	4	49	80	0.6125000
NODE_1197_length_2136_cov_16.947472	332	412	0	14	80	0.1750000
NODE_1197_length_2136_cov_16.947472	332	412	2	40	80	0.5000000
NODE_1197_length_2136_cov_16.947472	332	412	4	15	80	0.1875000
NODE_1197_length_2136_cov_16.947472	332	412	6	11	80	0.1375000
NODE_1197_length_2136_cov_16.947472	408	488	5	51	80	0.6375000
NODE_1197_length_2136_cov_16.947472	408	488	6	29	80	0.3625000
NODE_1197_length_2136_cov_16.947472	461	541	0	27	80	0.3375000
NODE_1197_length_2136_cov_16.947472	461	541	5	53	80	0.6625000
NODE_1199_length_2133_cov_15.038840	498	578	0	49	80	0.6125000
NODE_1199_length_2133_cov_15.038840	498	578	4	31	80	0.3875000
NODE_1199_length_2133_cov_15.038840	551	631	4	36	80	0.4500000
NODE_1199_length_2133_cov_15.038840	551	631	6	44	80	0.5500000
NODE_1199_length_2133_cov_15.038840	627	707	0	53	80	0.6625000
NODE_1199_length_2133_cov_15.038840	627	707	2	22	80	0.2750000
NODE_1199_length_2133_cov_15.038840	627	707	6	5	80	0.0625000
NODE_1199_length_2133_cov_15.038840	680	722	0	42	42	1.0000000
NODE_1204_length_2128_cov_11.799409	1698	1778	0	56	80	0.7000000
NODE_1204_length_2128_cov_11.799409	1698	1778	8	24	80	0.3000000
NODE_1204_length_2128_cov_11.799409	1751	1831	0	3	80	0.0375000
NODE_1204_length_2128_cov_11.799409	1751	1831	8	77	80	0.9625000
NODE_1206_length_2126_cov_6.854465	1614	1694	0	80	80	1.0000000
NODE_1206_length_2126_cov_6.854465	1667	1747	0	80	80	1.0000000
NODE_1209_length_2123_cov_12.668478	102	143	0	41	41	1.0000000
NODE_1209_length_2123_cov_12.668478	1474	1500	0	26	26	1.0000000
NODE_1209_length_2123_cov_12.668478	1552	1601	4	12	49	0.2448980
NODE_1209_length_2123_cov_12.668478	1552	1601	6	34	49	0.6938776
NODE_1209_length_2123_cov_12.668478	1552	1601	8	3	49	0.0612245
NODE_1209_length_2123_cov_12.668478	1574	1654	4	3	80	0.0375000
NODE_1209_length_2123_cov_12.668478	1574	1654	6	39	80	0.4875000
NODE_1209_length_2123_cov_12.668478	1574	1654	8	38	80	0.4750000
NODE_1211_length_2121_cov_10.101879	497	577	0	74	80	0.9250000
NODE_1211_length_2121_cov_10.101879	497	577	2	6	80	0.0750000
NODE_1211_length_2121_cov_10.101879	550	630	0	80	80	1.0000000
NODE_1211_length_2121_cov_10.101879	1935	2008	2	6	73	0.0821918
NODE_1211_length_2121_cov_10.101879	1935	2008	6	13	73	0.1780822
NODE_1211_length_2121_cov_10.101879	1935	2008	8	54	73	0.7397260
NODE_1212_length_2121_cov_9.964886	1523	1603	2	4	80	0.0500000
NODE_1212_length_2121_cov_9.964886	1523	1603	4	46	80	0.5750000
NODE_1212_length_2121_cov_9.964886	1523	1603	6	30	80	0.3750000
NODE_1212_length_2121_cov_9.964886	1576	1656	0	21	80	0.2625000
NODE_1212_length_2121_cov_9.964886	1576	1656	2	36	80	0.4500000
NODE_1212_length_2121_cov_9.964886	1576	1656	6	23	80	0.2875000
NODE_1213_length_2120_cov_24.609599	25	92	0	67	67	1.0000000
NODE_1215_length_2119_cov_18.446040	366	446	0	80	80	1.0000000
NODE_1215_length_2119_cov_18.446040	419	499	0	80	80	1.0000000
NODE_1215_length_2119_cov_18.446040	1239	1319	0	80	80	1.0000000
NODE_1215_length_2119_cov_18.446040	1292	1372	0	80	80	1.0000000
NODE_1225_length_2110_cov_8.668324	1755	1835	0	80	80	1.0000000
NODE_1225_length_2110_cov_8.668324	1808	1888	0	80	80	1.0000000
NODE_1227_length_2106_cov_14.643747	1579	1659	0	3	80	0.0375000
NODE_1227_length_2106_cov_14.643747	1579	1659	4	4	80	0.0500000
NODE_1227_length_2106_cov_14.643747	1579	1659	6	73	80	0.9125000
NODE_1227_length_2106_cov_14.643747	1632	1712	0	32	80	0.4000000
NODE_1227_length_2106_cov_14.643747	1632	1712	1	24	80	0.3000000
NODE_1227_length_2106_cov_14.643747	1632	1712	4	4	80	0.0500000
NODE_1227_length_2106_cov_14.643747	1632	1712	6	20	80	0.2500000
NODE_1227_length_2106_cov_14.643747	1708	1786	1	42	78	0.5384616
NODE_1227_length_2106_cov_14.643747	1708	1786	2	36	78	0.4615385
NODE_1227_length_2106_cov_14.643747	1759	1839	1	3	80	0.0375000
NODE_1227_length_2106_cov_14.643747	1759	1839	2	77	80	0.9625000
NODE_1228_length_2106_cov_3.173393	48	96	0	48	48	1.0000000
NODE_1228_length_2106_cov_3.173393	48	96	0	48	48	1.0000000
NODE_1228_length_2106_cov_3.173393	48	96	0	48	48	1.0000000
NODE_1228_length_2106_cov_3.173393	48	96	0	48	48	1.0000000
NODE_1228_length_2106_cov_3.173393	48	96	0	48	48	1.0000000
NODE_1229_length_2102_cov_23.872192	390	470	0	80	80	1.0000000
NODE_1229_length_2102_cov_23.872192	443	523	0	80	80	1.0000000
NODE_1229_length_2102_cov_23.872192	519	599	0	5	80	0.0625000
NODE_1229_length_2102_cov_23.872192	519	599	4	75	80	0.9375000
NODE_1229_length_2102_cov_23.872192	572	652	0	29	80	0.3625000
NODE_1229_length_2102_cov_23.872192	572	652	4	51	80	0.6375000
NODE_1229_length_2102_cov_23.872192	1049	1101	401	1	52	0.0192308
NODE_1229_length_2102_cov_23.872192	1049	1101	403	1	52	0.0192308
NODE_1229_length_2102_cov_23.872192	1049	1101	406	1	52	0.0192308
NODE_1229_length_2102_cov_23.872192	1049	1101	411	2	52	0.0384615
NODE_1229_length_2102_cov_23.872192	1049	1101	412	1	52	0.0192308
NODE_1229_length_2102_cov_23.872192	1049	1101	423	2	52	0.0384615
NODE_1229_length_2102_cov_23.872192	1049	1101	427	1	52	0.0192308
NODE_1229_length_2102_cov_23.872192	1049	1101	435	2	52	0.0384615
NODE_1229_length_2102_cov_23.872192	1049	1101	437	1	52	0.0192308
NODE_1229_length_2102_cov_23.872192	1049	1101	440	1	52	0.0192308
NODE_1229_length_2102_cov_23.872192	1049	1101	448	1	52	0.0192308
NODE_1229_length_2102_cov_23.872192	1049	1101	450	1	52	0.0192308
NODE_1229_length_2102_cov_23.872192	1049	1101	452	1	52	0.0192308
NODE_1229_length_2102_cov_23.872192	1049	1101	454	2	52	0.0384615
NODE_1229_length_2102_cov_23.872192	1049	1101	457	1	52	0.0192308
NODE_1229_length_2102_cov_23.872192	1049	1101	465	1	52	0.0192308
NODE_1229_length_2102_cov_23.872192	1049	1101	468	1	52	0.0192308
NODE_1229_length_2102_cov_23.872192	1049	1101	471	1	52	0.0192308
NODE_1229_length_2102_cov_23.872192	1049	1101	475	2	52	0.0384615
NODE_1229_length_2102_cov_23.872192	1049	1101	494	1	52	0.0192308
NODE_1229_length_2102_cov_23.872192	1049	1101	508	1	52	0.0192308
NODE_1229_length_2102_cov_23.872192	1049	1101	523	1	52	0.0192308
NODE_1229_length_2102_cov_23.872192	1049	1101	524	1	52	0.0192308
NODE_1229_length_2102_cov_23.872192	1049	1101	529	2	52	0.0384615
NODE_1229_length_2102_cov_23.872192	1049	1101	530	2	52	0.0384615
NODE_1229_length_2102_cov_23.872192	1049	1101	532	2	52	0.0384615
NODE_1229_length_2102_cov_23.872192	1049	1101	533	1	52	0.0192308
NODE_1229_length_2102_cov_23.872192	1049	1101	535	1	52	0.0192308
NODE_1229_length_2102_cov_23.872192	1049	1101	536	4	52	0.0769231
NODE_1229_length_2102_cov_23.872192	1049	1101	537	4	52	0.0769231
NODE_1229_length_2102_cov_23.872192	1049	1101	538	4	52	0.0769231
NODE_1229_length_2102_cov_23.872192	1049	1101	539	2	52	0.0384615
NODE_1229_length_2102_cov_23.872192	1049	1101	540	2	52	0.0384615
NODE_1231_length_2100_cov_21.504248	450	530	2	36	80	0.4500000
NODE_1231_length_2100_cov_21.504248	450	530	4	16	80	0.2000000
NODE_1231_length_2100_cov_21.504248	450	530	6	28	80	0.3500000
NODE_1231_length_2100_cov_21.504248	503	578	2	5	75	0.0666667
NODE_1231_length_2100_cov_21.504248	503	578	4	56	75	0.7466667
NODE_1231_length_2100_cov_21.504248	503	578	6	14	75	0.1866667
NODE_1231_length_2100_cov_21.504248	579	659	0	42	80	0.5250000
NODE_1231_length_2100_cov_21.504248	579	659	2	38	80	0.4750000
NODE_1231_length_2100_cov_21.504248	632	712	0	9	80	0.1125000
NODE_1231_length_2100_cov_21.504248	632	712	2	71	80	0.8875000
NODE_1231_length_2100_cov_21.504248	1420	1500	0	80	80	1.0000000
NODE_1231_length_2100_cov_21.504248	1473	1553	0	80	80	1.0000000
NODE_1232_length_2100_cov_6.399300	1510	1590	0	43	80	0.5375000
NODE_1232_length_2100_cov_6.399300	1510	1590	2	37	80	0.4625000
NODE_1232_length_2100_cov_6.399300	1559	1590	2	31	31	1.0000000
NODE_1232_length_2100_cov_6.399300	1563	1644	0	26	81	0.3209876
NODE_1232_length_2100_cov_6.399300	1563	1644	2	55	81	0.6790124
NODE_1232_length_2100_cov_6.399300	1563	1644	0	26	81	0.3209876
NODE_1232_length_2100_cov_6.399300	1563	1644	2	55	81	0.6790124
NODE_1234_length_2099_cov_40.603500	960	1040	0	80	80	1.0000000
NODE_1234_length_2099_cov_40.603500	1013	1093	0	80	80	1.0000000
NODE_1234_length_2099_cov_40.603500	1089	1169	0	12	80	0.1500000
NODE_1234_length_2099_cov_40.603500	1089	1169	2	28	80	0.3500000
NODE_1234_length_2099_cov_40.603500	1089	1169	6	8	80	0.1000000
NODE_1234_length_2099_cov_40.603500	1089	1169	10	32	80	0.4000000
NODE_1234_length_2099_cov_40.603500	1142	1222	4	13	80	0.1625000
NODE_1234_length_2099_cov_40.603500	1142	1222	8	26	80	0.3250000
NODE_1234_length_2099_cov_40.603500	1142	1222	10	41	80	0.5125000
NODE_1235_length_2098_cov_62.733867	1042	1122	2	18	80	0.2250000
NODE_1235_length_2098_cov_62.733867	1042	1122	4	17	80	0.2125000
NODE_1235_length_2098_cov_62.733867	1042	1122	5	1	80	0.0125000
NODE_1235_length_2098_cov_62.733867	1042	1122	6	44	80	0.5500000
NODE_1235_length_2098_cov_62.733867	1095	1175	2	17	80	0.2125000
NODE_1235_length_2098_cov_62.733867	1095	1175	4	44	80	0.5500000
NODE_1235_length_2098_cov_62.733867	1095	1175	6	19	80	0.2375000
NODE_1235_length_2098_cov_62.733867	1171	1251	2	21	80	0.2625000
NODE_1235_length_2098_cov_62.733867	1171	1251	8	5	80	0.0625000
NODE_1235_length_2098_cov_62.733867	1171	1251	10	11	80	0.1375000
NODE_1235_length_2098_cov_62.733867	1171	1251	12	43	80	0.5375000
NODE_1235_length_2098_cov_62.733867	1224	1304	4	19	80	0.2375000
NODE_1235_length_2098_cov_62.733867	1224	1304	8	18	80	0.2250000
NODE_1235_length_2098_cov_62.733867	1224	1304	10	18	80	0.2250000
NODE_1235_length_2098_cov_62.733867	1224	1304	12	25	80	0.3125000
NODE_1236_length_2098_cov_20.220110	550	630	0	80	80	1.0000000
NODE_1236_length_2098_cov_20.220110	603	683	0	80	80	1.0000000
NODE_1236_length_2098_cov_20.220110	1571	1651	2	47	80	0.5875000
NODE_1236_length_2098_cov_20.220110	1571	1651	4	33	80	0.4125000
NODE_1236_length_2098_cov_20.220110	1624	1704	2	49	80	0.6125000
NODE_1236_length_2098_cov_20.220110	1624	1704	4	31	80	0.3875000
NODE_1237_length_2098_cov_8.261631	324	404	2	21	80	0.2625000
NODE_1237_length_2098_cov_8.261631	324	404	4	59	80	0.7375000
NODE_1239_length_2095_cov_29.930862	1128	1209	136	1	81	0.0123457
NODE_1239_length_2095_cov_29.930862	1128	1209	146	1	81	0.0123457
NODE_1239_length_2095_cov_29.930862	1128	1209	161	1	81	0.0123457
NODE_1239_length_2095_cov_29.930862	1128	1209	167	1	81	0.0123457
NODE_1239_length_2095_cov_29.930862	1128	1209	174	1	81	0.0123457
NODE_1239_length_2095_cov_29.930862	1128	1209	183	1	81	0.0123457
NODE_1239_length_2095_cov_29.930862	1128	1209	186	1	81	0.0123457
NODE_1239_length_2095_cov_29.930862	1128	1209	201	1	81	0.0123457
NODE_1239_length_2095_cov_29.930862	1128	1209	221	1	81	0.0123457
NODE_1239_length_2095_cov_29.930862	1128	1209	226	1	81	0.0123457
NODE_1239_length_2095_cov_29.930862	1128	1209	235	1	81	0.0123457
NODE_1239_length_2095_cov_29.930862	1128	1209	243	1	81	0.0123457
NODE_1239_length_2095_cov_29.930862	1128	1209	250	1	81	0.0123457
NODE_1239_length_2095_cov_29.930862	1128	1209	256	1	81	0.0123457
NODE_1239_length_2095_cov_29.930862	1128	1209	261	1	81	0.0123457
NODE_1239_length_2095_cov_29.930862	1128	1209	269	1	81	0.0123457
NODE_1239_length_2095_cov_29.930862	1128	1209	270	1	81	0.0123457
NODE_1239_length_2095_cov_29.930862	1128	1209	273	2	81	0.0246914
NODE_1239_length_2095_cov_29.930862	1128	1209	275	2	81	0.0246914
NODE_1239_length_2095_cov_29.930862	1128	1209	282	1	81	0.0123457
NODE_1239_length_2095_cov_29.930862	1128	1209	284	1	81	0.0123457
NODE_1239_length_2095_cov_29.930862	1128	1209	306	1	81	0.0123457
NODE_1239_length_2095_cov_29.930862	1128	1209	310	1	81	0.0123457
NODE_1239_length_2095_cov_29.930862	1128	1209	315	1	81	0.0123457
NODE_1239_length_2095_cov_29.930862	1128	1209	326	1	81	0.0123457
NODE_1239_length_2095_cov_29.930862	1128	1209	340	1	81	0.0123457
NODE_1239_length_2095_cov_29.930862	1128	1209	348	1	81	0.0123457
NODE_1239_length_2095_cov_29.930862	1128	1209	353	1	81	0.0123457
NODE_1239_length_2095_cov_29.930862	1128	1209	355	3	81	0.0370370
NODE_1239_length_2095_cov_29.930862	1128	1209	366	1	81	0.0123457
NODE_1239_length_2095_cov_29.930862	1128	1209	374	1	81	0.0123457
NODE_1239_length_2095_cov_29.930862	1128	1209	379	1	81	0.0123457
NODE_1239_length_2095_cov_29.930862	1128	1209	398	1	81	0.0123457
NODE_1239_length_2095_cov_29.930862	1128	1209	412	1	81	0.0123457
NODE_1239_length_2095_cov_29.930862	1128	1209	418	1	81	0.0123457
NODE_1239_length_2095_cov_29.930862	1128	1209	424	1	81	0.0123457
NODE_1239_length_2095_cov_29.930862	1128	1209	433	1	81	0.0123457
NODE_1239_length_2095_cov_29.930862	1128	1209	439	1	81	0.0123457
NODE_1239_length_2095_cov_29.930862	1128	1209	452	1	81	0.0123457
NODE_1239_length_2095_cov_29.930862	1128	1209	458	1	81	0.0123457
NODE_1239_length_2095_cov_29.930862	1128	1209	466	1	81	0.0123457
NODE_1239_length_2095_cov_29.930862	1128	1209	470	1	81	0.0123457
NODE_1239_length_2095_cov_29.930862	1128	1209	483	1	81	0.0123457
NODE_1239_length_2095_cov_29.930862	1128	1209	504	1	81	0.0123457
NODE_1239_length_2095_cov_29.930862	1128	1209	506	1	81	0.0123457
NODE_1239_length_2095_cov_29.930862	1128	1209	509	1	81	0.0123457
NODE_1239_length_2095_cov_29.930862	1128	1209	516	1	81	0.0123457
NODE_1239_length_2095_cov_29.930862	1128	1209	526	1	81	0.0123457
NODE_1239_length_2095_cov_29.930862	1128	1209	536	1	81	0.0123457
NODE_1239_length_2095_cov_29.930862	1128	1209	539	2	81	0.0246914
NODE_1239_length_2095_cov_29.930862	1128	1209	540	1	81	0.0123457
NODE_1239_length_2095_cov_29.930862	1128	1209	543	1	81	0.0123457
NODE_1239_length_2095_cov_29.930862	1128	1209	548	1	81	0.0123457
NODE_1239_length_2095_cov_29.930862	1128	1209	552	1	81	0.0123457
NODE_1239_length_2095_cov_29.930862	1128	1209	568	1	81	0.0123457
NODE_1239_length_2095_cov_29.930862	1128	1209	575	1	81	0.0123457
NODE_1239_length_2095_cov_29.930862	1128	1209	582	1	81	0.0123457
NODE_1239_length_2095_cov_29.930862	1128	1209	587	1	81	0.0123457
NODE_1239_length_2095_cov_29.930862	1128	1209	614	1	81	0.0123457
NODE_1239_length_2095_cov_29.930862	1128	1209	619	1	81	0.0123457
NODE_1239_length_2095_cov_29.930862	1128	1209	631	1	81	0.0123457
NODE_1239_length_2095_cov_29.930862	1128	1209	636	1	81	0.0123457
NODE_1239_length_2095_cov_29.930862	1128	1209	642	1	81	0.0123457
NODE_1239_length_2095_cov_29.930862	1128	1209	644	1	81	0.0123457
NODE_1239_length_2095_cov_29.930862	1128	1209	649	1	81	0.0123457
NODE_1239_length_2095_cov_29.930862	1128	1209	651	1	81	0.0123457
NODE_1239_length_2095_cov_29.930862	1128	1209	656	1	81	0.0123457
NODE_1239_length_2095_cov_29.930862	1128	1209	659	1	81	0.0123457
NODE_1239_length_2095_cov_29.930862	1128	1209	666	1	81	0.0123457
NODE_1239_length_2095_cov_29.930862	1128	1209	670	1	81	0.0123457
NODE_1239_length_2095_cov_29.930862	1128	1209	671	1	81	0.0123457
NODE_1239_length_2095_cov_29.930862	1128	1209	676	1	81	0.0123457
NODE_1239_length_2095_cov_29.930862	1128	1209	687	1	81	0.0123457
NODE_1239_length_2095_cov_29.930862	1128	1209	696	1	81	0.0123457
NODE_1239_length_2095_cov_29.930862	1128	1209	710	1	81	0.0123457
NODE_1239_length_2095_cov_29.930862	1128	1209	715	1	81	0.0123457
NODE_1239_length_2095_cov_29.930862	1204	1258	676	1	54	0.0185185
NODE_1239_length_2095_cov_29.930862	1204	1258	687	1	54	0.0185185
NODE_1239_length_2095_cov_29.930862	1204	1258	696	1	54	0.0185185
NODE_1239_length_2095_cov_29.930862	1204	1258	710	1	54	0.0185185
NODE_1239_length_2095_cov_29.930862	1204	1258	715	1	54	0.0185185
NODE_1239_length_2095_cov_29.930862	1204	1258	728	1	54	0.0185185
NODE_1239_length_2095_cov_29.930862	1204	1258	737	1	54	0.0185185
NODE_1239_length_2095_cov_29.930862	1204	1258	741	2	54	0.0370370
NODE_1239_length_2095_cov_29.930862	1204	1258	742	1	54	0.0185185
NODE_1239_length_2095_cov_29.930862	1204	1258	744	1	54	0.0185185
NODE_1239_length_2095_cov_29.930862	1204	1258	745	1	54	0.0185185
NODE_1239_length_2095_cov_29.930862	1204	1258	746	1	54	0.0185185
NODE_1239_length_2095_cov_29.930862	1204	1258	750	1	54	0.0185185
NODE_1239_length_2095_cov_29.930862	1204	1258	752	1	54	0.0185185
NODE_1239_length_2095_cov_29.930862	1204	1258	755	1	54	0.0185185
NODE_1239_length_2095_cov_29.930862	1204	1258	756	2	54	0.0370370
NODE_1239_length_2095_cov_29.930862	1204	1258	758	1	54	0.0185185
NODE_1239_length_2095_cov_29.930862	1204	1258	761	1	54	0.0185185
NODE_1239_length_2095_cov_29.930862	1204	1258	762	1	54	0.0185185
NODE_1239_length_2095_cov_29.930862	1204	1258	763	1	54	0.0185185
NODE_1239_length_2095_cov_29.930862	1204	1258	766	1	54	0.0185185
NODE_1239_length_2095_cov_29.930862	1204	1258	767	3	54	0.0555556
NODE_1239_length_2095_cov_29.930862	1204	1258	768	1	54	0.0185185
NODE_1239_length_2095_cov_29.930862	1204	1258	769	2	54	0.0370370
NODE_1239_length_2095_cov_29.930862	1204	1258	771	2	54	0.0370370
NODE_1239_length_2095_cov_29.930862	1204	1258	772	2	54	0.0370370
NODE_1239_length_2095_cov_29.930862	1204	1258	773	2	54	0.0370370
NODE_1239_length_2095_cov_29.930862	1204	1258	777	2	54	0.0370370
NODE_1239_length_2095_cov_29.930862	1204	1258	778	1	54	0.0185185
NODE_1239_length_2095_cov_29.930862	1204	1258	779	2	54	0.0370370
NODE_1239_length_2095_cov_29.930862	1204	1258	780	1	54	0.0185185
NODE_1239_length_2095_cov_29.930862	1204	1258	781	1	54	0.0185185
NODE_1239_length_2095_cov_29.930862	1204	1258	782	2	54	0.0370370
NODE_1239_length_2095_cov_29.930862	1204	1258	784	2	54	0.0370370
NODE_1239_length_2095_cov_29.930862	1204	1258	785	2	54	0.0370370
NODE_1239_length_2095_cov_29.930862	1204	1258	790	2	54	0.0370370
NODE_1239_length_2095_cov_29.930862	1204	1258	792	4	54	0.0740741
NODE_1251_length_2084_cov_1.720403	959	1039	4	5	80	0.0625000
NODE_1251_length_2084_cov_1.720403	959	1039	5	27	80	0.3375000
NODE_1251_length_2084_cov_1.720403	959	1039	7	18	80	0.2250000
NODE_1251_length_2084_cov_1.720403	959	1039	9	30	80	0.3750000
NODE_1251_length_2084_cov_1.720403	1012	1092	3	9	80	0.1125000
NODE_1251_length_2084_cov_1.720403	1012	1092	5	19	80	0.2375000
NODE_1251_length_2084_cov_1.720403	1012	1092	7	52	80	0.6500000
NODE_1252_length_2083_cov_5.864415	419	499	0	80	80	1.0000000
NODE_1252_length_2083_cov_5.864415	472	552	0	27	80	0.3375000
NODE_1252_length_2083_cov_5.864415	472	552	2	53	80	0.6625000
NODE_1252_length_2083_cov_5.864415	548	628	0	8	80	0.1000000
NODE_1252_length_2083_cov_5.864415	548	628	2	72	80	0.9000000
NODE_1252_length_2083_cov_5.864415	601	681	0	61	80	0.7625000
NODE_1252_length_2083_cov_5.864415	601	681	2	19	80	0.2375000
NODE_1256_length_2078_cov_47.394644	311	391	6	80	80	1.0000000
NODE_1256_length_2078_cov_47.394644	364	444	0	42	80	0.5250000
NODE_1256_length_2078_cov_47.394644	364	444	6	38	80	0.4750000
NODE_1256_length_2078_cov_47.394644	440	520	0	80	80	1.0000000
NODE_1256_length_2078_cov_47.394644	493	573	0	80	80	1.0000000
NODE_1267_length_2067_cov_13.647866	1349	1429	5	17	80	0.2125000
NODE_1267_length_2067_cov_13.647866	1349	1429	6	29	80	0.3625000
NODE_1267_length_2067_cov_13.647866	1349	1429	7	2	80	0.0250000
NODE_1267_length_2067_cov_13.647866	1349	1429	8	14	80	0.1750000
NODE_1267_length_2067_cov_13.647866	1349	1429	10	13	80	0.1625000
NODE_1267_length_2067_cov_13.647866	1349	1429	16	5	80	0.0625000
NODE_1267_length_2067_cov_13.647866	1402	1482	6	8	80	0.1000000
NODE_1267_length_2067_cov_13.647866	1402	1482	8	1	80	0.0125000
NODE_1267_length_2067_cov_13.647866	1402	1482	10	13	80	0.1625000
NODE_1267_length_2067_cov_13.647866	1402	1482	13	12	80	0.1500000
NODE_1267_length_2067_cov_13.647866	1402	1482	14	6	80	0.0750000
NODE_1267_length_2067_cov_13.647866	1402	1482	16	40	80	0.5000000
NODE_1269_length_2066_cov_19.127605	1497	1577	0	4	80	0.0500000
NODE_1269_length_2066_cov_19.127605	1497	1577	4	11	80	0.1375000
NODE_1269_length_2066_cov_19.127605	1497	1577	8	32	80	0.4000000
NODE_1269_length_2066_cov_19.127605	1497	1577	13	2	80	0.0250000
NODE_1269_length_2066_cov_19.127605	1497	1577	14	31	80	0.3875000
NODE_1269_length_2066_cov_19.127605	1550	1630	4	1	80	0.0125000
NODE_1269_length_2066_cov_19.127605	1550	1630	10	52	80	0.6500000
NODE_1269_length_2066_cov_19.127605	1550	1630	14	27	80	0.3375000
NODE_1274_length_2061_cov_43.187054	364	444	0	76	80	0.9500000
NODE_1274_length_2061_cov_43.187054	364	444	2	4	80	0.0500000
NODE_1274_length_2061_cov_43.187054	417	497	0	23	80	0.2875000
NODE_1274_length_2061_cov_43.187054	417	497	2	57	80	0.7125000
NODE_1275_length_2061_cov_3.251784	981	1033	0	52	52	1.0000000
NODE_1275_length_2061_cov_3.251784	1006	1086	0	80	80	1.0000000
NODE_1277_length_2058_cov_4.531394	1844	1875	0	3	31	0.0967742
NODE_1277_length_2058_cov_4.531394	1844	1875	2	2	31	0.0645161
NODE_1277_length_2058_cov_4.531394	1844	1875	6	9	31	0.2903226
NODE_1277_length_2058_cov_4.531394	1844	1875	9	1	31	0.0322581
NODE_1277_length_2058_cov_4.531394	1844	1875	13	16	31	0.5161290
NODE_1277_length_2058_cov_4.531394	1848	1928	2	1	80	0.0125000
NODE_1277_length_2058_cov_4.531394	1848	1928	6	9	80	0.1125000
NODE_1277_length_2058_cov_4.531394	1848	1928	9	1	80	0.0125000
NODE_1277_length_2058_cov_4.531394	1848	1928	13	23	80	0.2875000
NODE_1277_length_2058_cov_4.531394	1848	1928	14	17	80	0.2125000
NODE_1277_length_2058_cov_4.531394	1848	1928	16	7	80	0.0875000
NODE_1277_length_2058_cov_4.531394	1848	1928	18	22	80	0.2750000
NODE_1279_length_2056_cov_20.525805	749	829	0	51	80	0.6375000
NODE_1279_length_2056_cov_20.525805	749	829	2	27	80	0.3375000
NODE_1279_length_2056_cov_20.525805	749	829	6	2	80	0.0250000
NODE_1279_length_2056_cov_20.525805	802	882	2	25	80	0.3125000
NODE_1279_length_2056_cov_20.525805	802	882	6	3	80	0.0375000
NODE_1279_length_2056_cov_20.525805	802	882	13	1	80	0.0125000
NODE_1279_length_2056_cov_20.525805	802	882	14	47	80	0.5875000
NODE_1279_length_2056_cov_20.525805	802	882	16	4	80	0.0500000
NODE_1279_length_2056_cov_20.525805	878	958	14	8	80	0.1000000
NODE_1279_length_2056_cov_20.525805	878	958	16	20	80	0.2500000
NODE_1279_length_2056_cov_20.525805	878	958	18	1	80	0.0125000
NODE_1279_length_2056_cov_20.525805	878	958	22	21	80	0.2625000
NODE_1279_length_2056_cov_20.525805	878	958	26	30	80	0.3750000
NODE_1279_length_2056_cov_20.525805	931	1011	10	10	80	0.1250000
NODE_1279_length_2056_cov_20.525805	931	1011	12	43	80	0.5375000
NODE_1279_length_2056_cov_20.525805	931	1011	14	8	80	0.1000000
NODE_1279_length_2056_cov_20.525805	931	1011	22	19	80	0.2375000
NODE_1281_length_2055_cov_10.047546	1468	1548	0	80	80	1.0000000
NODE_1281_length_2055_cov_10.047546	1521	1601	0	80	80	1.0000000
NODE_1286_length_2049_cov_6.846154	270	350	0	80	80	1.0000000
NODE_1286_length_2049_cov_6.846154	323	403	0	28	80	0.3500000
NODE_1286_length_2049_cov_6.846154	323	403	2	52	80	0.6500000
NODE_1286_length_2049_cov_6.846154	1595	1674	0	79	79	1.0000000
NODE_1286_length_2049_cov_6.846154	1648	1712	0	64	64	1.0000000
NODE_1293_length_2045_cov_46.790339	876	956	11	2	80	0.0250000
NODE_1293_length_2045_cov_46.790339	876	956	12	6	80	0.0750000
NODE_1293_length_2045_cov_46.790339	876	956	13	19	80	0.2375000
NODE_1293_length_2045_cov_46.790339	876	956	14	6	80	0.0750000
NODE_1293_length_2045_cov_46.790339	876	956	16	8	80	0.1000000
NODE_1293_length_2045_cov_46.790339	876	956	18	7	80	0.0875000
NODE_1293_length_2045_cov_46.790339	876	956	19	13	80	0.1625000
NODE_1293_length_2045_cov_46.790339	876	956	20	19	80	0.2375000
NODE_1293_length_2045_cov_46.790339	929	1009	7	4	80	0.0500000
NODE_1293_length_2045_cov_46.790339	929	1009	8	26	80	0.3250000
NODE_1293_length_2045_cov_46.790339	929	1009	10	14	80	0.1750000
NODE_1293_length_2045_cov_46.790339	929	1009	12	9	80	0.1125000
NODE_1293_length_2045_cov_46.790339	929	1009	13	5	80	0.0625000
NODE_1293_length_2045_cov_46.790339	929	1009	14	12	80	0.1500000
NODE_1293_length_2045_cov_46.790339	929	1009	16	8	80	0.1000000
NODE_1293_length_2045_cov_46.790339	929	1009	18	2	80	0.0250000
NODE_1293_length_2045_cov_46.790339	1005	1085	11	17	80	0.2125000
NODE_1293_length_2045_cov_46.790339	1005	1085	12	18	80	0.2250000
NODE_1293_length_2045_cov_46.790339	1005	1085	13	24	80	0.3000000
NODE_1293_length_2045_cov_46.790339	1005	1085	14	19	80	0.2375000
NODE_1293_length_2045_cov_46.790339	1005	1085	15	1	80	0.0125000
NODE_1293_length_2045_cov_46.790339	1005	1085	16	1	80	0.0125000
NODE_1293_length_2045_cov_46.790339	1058	1138	2	18	80	0.2250000
NODE_1293_length_2045_cov_46.790339	1058	1138	4	16	80	0.2000000
NODE_1293_length_2045_cov_46.790339	1058	1138	6	3	80	0.0375000
NODE_1293_length_2045_cov_46.790339	1058	1138	8	8	80	0.1000000
NODE_1293_length_2045_cov_46.790339	1058	1138	10	1	80	0.0125000
NODE_1293_length_2045_cov_46.790339	1058	1138	12	15	80	0.1875000
NODE_1293_length_2045_cov_46.790339	1058	1138	14	19	80	0.2375000
NODE_1298_length_2042_cov_4.447761	241	315	0	5	74	0.0675676
NODE_1298_length_2042_cov_4.447761	241	315	2	11	74	0.1486486
NODE_1298_length_2042_cov_4.447761	241	315	4	58	74	0.7837838
NODE_1301_length_2040_cov_30.109737	1760	1844	220	1	84	0.0119048
NODE_1301_length_2040_cov_30.109737	1760	1844	223	4	84	0.0476190
NODE_1301_length_2040_cov_30.109737	1760	1844	225	1	84	0.0119048
NODE_1301_length_2040_cov_30.109737	1760	1844	227	2	84	0.0238095
NODE_1301_length_2040_cov_30.109737	1760	1844	233	2	84	0.0238095
NODE_1301_length_2040_cov_30.109737	1760	1844	237	3	84	0.0357143
NODE_1301_length_2040_cov_30.109737	1760	1844	241	1	84	0.0119048
NODE_1301_length_2040_cov_30.109737	1760	1844	243	1	84	0.0119048
NODE_1301_length_2040_cov_30.109737	1760	1844	245	1	84	0.0119048
NODE_1301_length_2040_cov_30.109737	1760	1844	246	3	84	0.0357143
NODE_1301_length_2040_cov_30.109737	1760	1844	248	1	84	0.0119048
NODE_1301_length_2040_cov_30.109737	1760	1844	250	2	84	0.0238095
NODE_1301_length_2040_cov_30.109737	1760	1844	253	2	84	0.0238095
NODE_1301_length_2040_cov_30.109737	1760	1844	254	1	84	0.0119048
NODE_1301_length_2040_cov_30.109737	1760	1844	256	2	84	0.0238095
NODE_1301_length_2040_cov_30.109737	1760	1844	269	1	84	0.0119048
NODE_1301_length_2040_cov_30.109737	1760	1844	277	1	84	0.0119048
NODE_1301_length_2040_cov_30.109737	1760	1844	283	1	84	0.0119048
NODE_1301_length_2040_cov_30.109737	1760	1844	288	1	84	0.0119048
NODE_1301_length_2040_cov_30.109737	1760	1844	289	1	84	0.0119048
NODE_1301_length_2040_cov_30.109737	1760	1844	292	1	84	0.0119048
NODE_1301_length_2040_cov_30.109737	1760	1844	293	1	84	0.0119048
NODE_1301_length_2040_cov_30.109737	1760	1844	294	3	84	0.0357143
NODE_1301_length_2040_cov_30.109737	1760	1844	295	1	84	0.0119048
NODE_1301_length_2040_cov_30.109737	1760	1844	301	1	84	0.0119048
NODE_1301_length_2040_cov_30.109737	1760	1844	302	2	84	0.0238095
NODE_1301_length_2040_cov_30.109737	1760	1844	304	1	84	0.0119048
NODE_1301_length_2040_cov_30.109737	1760	1844	306	1	84	0.0119048
NODE_1301_length_2040_cov_30.109737	1760	1844	307	1	84	0.0119048
NODE_1301_length_2040_cov_30.109737	1760	1844	308	1	84	0.0119048
NODE_1301_length_2040_cov_30.109737	1760	1844	309	3	84	0.0357143
NODE_1301_length_2040_cov_30.109737	1760	1844	310	1	84	0.0119048
NODE_1301_length_2040_cov_30.109737	1760	1844	314	1	84	0.0119048
NODE_1301_length_2040_cov_30.109737	1760	1844	315	1	84	0.0119048
NODE_1301_length_2040_cov_30.109737	1760	1844	316	2	84	0.0238095
NODE_1301_length_2040_cov_30.109737	1760	1844	318	3	84	0.0357143
NODE_1301_length_2040_cov_30.109737	1760	1844	319	1	84	0.0119048
NODE_1301_length_2040_cov_30.109737	1760	1844	320	1	84	0.0119048
NODE_1301_length_2040_cov_30.109737	1760	1844	321	3	84	0.0357143
NODE_1301_length_2040_cov_30.109737	1760	1844	323	2	84	0.0238095
NODE_1301_length_2040_cov_30.109737	1760	1844	324	1	84	0.0119048
NODE_1301_length_2040_cov_30.109737	1760	1844	325	2	84	0.0238095
NODE_1301_length_2040_cov_30.109737	1760	1844	326	2	84	0.0238095
NODE_1301_length_2040_cov_30.109737	1760	1844	327	2	84	0.0238095
NODE_1301_length_2040_cov_30.109737	1760	1844	328	1	84	0.0119048
NODE_1301_length_2040_cov_30.109737	1760	1844	329	5	84	0.0595238
NODE_1301_length_2040_cov_30.109737	1760	1844	330	1	84	0.0119048
NODE_1301_length_2040_cov_30.109737	1760	1844	331	3	84	0.0357143
NODE_1301_length_2040_cov_30.109737	1760	1844	332	1	84	0.0119048
NODE_1301_length_2040_cov_30.109737	1760	1844	333	1	84	0.0119048
NODE_1301_length_2040_cov_30.109737	1760	1844	334	2	84	0.0238095
NODE_1306_length_2036_cov_11.672173	369	449	0	80	80	1.0000000
NODE_1306_length_2036_cov_11.672173	422	502	0	80	80	1.0000000
NODE_1312_length_2032_cov_11.188308	416	496	0	80	80	1.0000000
NODE_1312_length_2032_cov_11.188308	469	549	0	80	80	1.0000000
NODE_1318_length_2027_cov_43.702282	1129	1209	0	80	80	1.0000000
NODE_1318_length_2027_cov_43.702282	1182	1262	0	80	80	1.0000000
NODE_1318_length_2027_cov_43.702282	1258	1338	0	80	80	1.0000000
NODE_1318_length_2027_cov_43.702282	1311	1391	0	80	80	1.0000000
NODE_1319_length_2027_cov_6.558610	229	303	0	74	74	1.0000000
NODE_1319_length_2027_cov_6.558610	229	303	0	74	74	1.0000000
NODE_1319_length_2027_cov_6.558610	276	356	0	80	80	1.0000000
NODE_1320_length_2026_cov_18.457706	688	768	0	4	80	0.0500000
NODE_1320_length_2026_cov_18.457706	688	768	2	76	80	0.9500000
NODE_1320_length_2026_cov_18.457706	741	821	0	57	80	0.7125000
NODE_1320_length_2026_cov_18.457706	741	821	2	23	80	0.2875000
NODE_1324_length_2025_cov_10.711319	617	697	0	80	80	1.0000000
NODE_1324_length_2025_cov_10.711319	712	783	0	20	71	0.2816902
NODE_1324_length_2025_cov_10.711319	712	783	6	51	71	0.7183099
NODE_1324_length_2025_cov_10.711319	756	829	0	1	73	0.0136986
NODE_1324_length_2025_cov_10.711319	756	829	6	72	73	0.9863014
NODE_1325_length_2024_cov_33.891948	1045	1125	0	80	80	1.0000000
NODE_1325_length_2024_cov_33.891948	1098	1178	0	80	80	1.0000000
NODE_1331_length_2018_cov_33.742053	1215	1295	183	1	80	0.0125000
NODE_1331_length_2018_cov_33.742053	1215	1295	184	1	80	0.0125000
NODE_1331_length_2018_cov_33.742053	1215	1295	185	2	80	0.0250000
NODE_1331_length_2018_cov_33.742053	1215	1295	186	1	80	0.0125000
NODE_1331_length_2018_cov_33.742053	1215	1295	193	2	80	0.0250000
NODE_1331_length_2018_cov_33.742053	1215	1295	200	1	80	0.0125000
NODE_1331_length_2018_cov_33.742053	1215	1295	204	1	80	0.0125000
NODE_1331_length_2018_cov_33.742053	1215	1295	206	1	80	0.0125000
NODE_1331_length_2018_cov_33.742053	1215	1295	216	1	80	0.0125000
NODE_1331_length_2018_cov_33.742053	1215	1295	218	5	80	0.0625000
NODE_1331_length_2018_cov_33.742053	1215	1295	219	1	80	0.0125000
NODE_1331_length_2018_cov_33.742053	1215	1295	220	6	80	0.0750000
NODE_1331_length_2018_cov_33.742053	1215	1295	222	5	80	0.0625000
NODE_1331_length_2018_cov_33.742053	1215	1295	231	2	80	0.0250000
NODE_1331_length_2018_cov_33.742053	1215	1295	232	2	80	0.0250000
NODE_1331_length_2018_cov_33.742053	1215	1295	237	3	80	0.0375000
NODE_1331_length_2018_cov_33.742053	1215	1295	245	2	80	0.0250000
NODE_1331_length_2018_cov_33.742053	1215	1295	251	1	80	0.0125000
NODE_1331_length_2018_cov_33.742053	1215	1295	252	2	80	0.0250000
NODE_1331_length_2018_cov_33.742053	1215	1295	254	4	80	0.0500000
NODE_1331_length_2018_cov_33.742053	1215	1295	255	1	80	0.0125000
NODE_1331_length_2018_cov_33.742053	1215	1295	256	1	80	0.0125000
NODE_1331_length_2018_cov_33.742053	1215	1295	257	5	80	0.0625000
NODE_1331_length_2018_cov_33.742053	1215	1295	258	3	80	0.0375000
NODE_1331_length_2018_cov_33.742053	1215	1295	259	4	80	0.0500000
NODE_1331_length_2018_cov_33.742053	1215	1295	260	6	80	0.0750000
NODE_1331_length_2018_cov_33.742053	1215	1295	261	4	80	0.0500000
NODE_1331_length_2018_cov_33.742053	1215	1295	262	4	80	0.0500000
NODE_1331_length_2018_cov_33.742053	1215	1295	263	1	80	0.0125000
NODE_1331_length_2018_cov_33.742053	1215	1295	268	3	80	0.0375000
NODE_1331_length_2018_cov_33.742053	1215	1295	277	1	80	0.0125000
NODE_1331_length_2018_cov_33.742053	1215	1295	279	1	80	0.0125000
NODE_1331_length_2018_cov_33.742053	1215	1295	281	1	80	0.0125000
NODE_1331_length_2018_cov_33.742053	1215	1295	289	1	80	0.0125000
NODE_1331_length_2018_cov_33.742053	1268	1298	254	1	30	0.0333333
NODE_1331_length_2018_cov_33.742053	1268	1298	255	1	30	0.0333333
NODE_1331_length_2018_cov_33.742053	1268	1298	257	1	30	0.0333333
NODE_1331_length_2018_cov_33.742053	1268	1298	258	2	30	0.0666667
NODE_1331_length_2018_cov_33.742053	1268	1298	259	3	30	0.1000000
NODE_1331_length_2018_cov_33.742053	1268	1298	260	6	30	0.2000000
NODE_1331_length_2018_cov_33.742053	1268	1298	261	1	30	0.0333333
NODE_1331_length_2018_cov_33.742053	1268	1298	262	4	30	0.1333333
NODE_1331_length_2018_cov_33.742053	1268	1298	263	1	30	0.0333333
NODE_1331_length_2018_cov_33.742053	1268	1298	268	3	30	0.1000000
NODE_1331_length_2018_cov_33.742053	1268	1298	277	3	30	0.1000000
NODE_1331_length_2018_cov_33.742053	1268	1298	279	1	30	0.0333333
NODE_1331_length_2018_cov_33.742053	1268	1298	281	2	30	0.0666667
NODE_1331_length_2018_cov_33.742053	1268	1298	289	1	30	0.0333333
NODE_1331_length_2018_cov_33.742053	1876	1942	133	1	66	0.0151515
NODE_1331_length_2018_cov_33.742053	1876	1942	136	1	66	0.0151515
NODE_1331_length_2018_cov_33.742053	1876	1942	142	1	66	0.0151515
NODE_1331_length_2018_cov_33.742053	1876	1942	158	1	66	0.0151515
NODE_1331_length_2018_cov_33.742053	1876	1942	164	1	66	0.0151515
NODE_1331_length_2018_cov_33.742053	1876	1942	171	1	66	0.0151515
NODE_1331_length_2018_cov_33.742053	1876	1942	177	1	66	0.0151515
NODE_1331_length_2018_cov_33.742053	1876	1942	186	1	66	0.0151515
NODE_1331_length_2018_cov_33.742053	1876	1942	204	1	66	0.0151515
NODE_1331_length_2018_cov_33.742053	1876	1942	211	2	66	0.0303030
NODE_1331_length_2018_cov_33.742053	1876	1942	228	1	66	0.0151515
NODE_1331_length_2018_cov_33.742053	1876	1942	229	1	66	0.0151515
NODE_1331_length_2018_cov_33.742053	1876	1942	231	1	66	0.0151515
NODE_1331_length_2018_cov_33.742053	1876	1942	233	1	66	0.0151515
NODE_1331_length_2018_cov_33.742053	1876	1942	240	1	66	0.0151515
NODE_1331_length_2018_cov_33.742053	1876	1942	241	2	66	0.0303030
NODE_1331_length_2018_cov_33.742053	1876	1942	242	2	66	0.0303030
NODE_1331_length_2018_cov_33.742053	1876	1942	243	1	66	0.0151515
NODE_1331_length_2018_cov_33.742053	1876	1942	245	5	66	0.0757576
NODE_1331_length_2018_cov_33.742053	1876	1942	251	2	66	0.0303030
NODE_1331_length_2018_cov_33.742053	1876	1942	280	2	66	0.0303030
NODE_1331_length_2018_cov_33.742053	1876	1942	284	1	66	0.0151515
NODE_1331_length_2018_cov_33.742053	1876	1942	294	2	66	0.0303030
NODE_1331_length_2018_cov_33.742053	1876	1942	310	1	66	0.0151515
NODE_1331_length_2018_cov_33.742053	1876	1942	314	1	66	0.0151515
NODE_1331_length_2018_cov_33.742053	1876	1942	318	1	66	0.0151515
NODE_1331_length_2018_cov_33.742053	1876	1942	321	1	66	0.0151515
NODE_1331_length_2018_cov_33.742053	1876	1942	323	1	66	0.0151515
NODE_1331_length_2018_cov_33.742053	1876	1942	331	1	66	0.0151515
NODE_1331_length_2018_cov_33.742053	1876	1942	333	1	66	0.0151515
NODE_1331_length_2018_cov_33.742053	1876	1942	339	1	66	0.0151515
NODE_1331_length_2018_cov_33.742053	1876	1942	340	1	66	0.0151515
NODE_1331_length_2018_cov_33.742053	1876	1942	343	2	66	0.0303030
NODE_1331_length_2018_cov_33.742053	1876	1942	345	1	66	0.0151515
NODE_1331_length_2018_cov_33.742053	1876	1942	363	1	66	0.0151515
NODE_1331_length_2018_cov_33.742053	1876	1942	383	1	66	0.0151515
NODE_1331_length_2018_cov_33.742053	1876	1942	401	1	66	0.0151515
NODE_1331_length_2018_cov_33.742053	1876	1942	403	1	66	0.0151515
NODE_1331_length_2018_cov_33.742053	1876	1942	407	1	66	0.0151515
NODE_1331_length_2018_cov_33.742053	1876	1942	412	1	66	0.0151515
NODE_1331_length_2018_cov_33.742053	1876	1942	434	1	66	0.0151515
NODE_1331_length_2018_cov_33.742053	1876	1942	436	1	66	0.0151515
NODE_1331_length_2018_cov_33.742053	1876	1942	437	1	66	0.0151515
NODE_1331_length_2018_cov_33.742053	1876	1942	441	1	66	0.0151515
NODE_1331_length_2018_cov_33.742053	1876	1942	446	1	66	0.0151515
NODE_1331_length_2018_cov_33.742053	1876	1942	451	1	66	0.0151515
NODE_1331_length_2018_cov_33.742053	1876	1942	464	1	66	0.0151515
NODE_1331_length_2018_cov_33.742053	1876	1942	471	2	66	0.0303030
NODE_1331_length_2018_cov_33.742053	1876	1942	476	1	66	0.0151515
NODE_1331_length_2018_cov_33.742053	1876	1942	486	1	66	0.0151515
NODE_1331_length_2018_cov_33.742053	1876	1942	495	1	66	0.0151515
NODE_1331_length_2018_cov_33.742053	1876	1942	500	2	66	0.0303030
NODE_1331_length_2018_cov_33.742053	1876	1942	514	1	66	0.0151515
NODE_1331_length_2018_cov_33.742053	1915	1995	8	4	80	0.0500000
NODE_1331_length_2018_cov_33.742053	1915	1995	10	2	80	0.0250000
NODE_1331_length_2018_cov_33.742053	1915	1995	17	1	80	0.0125000
NODE_1331_length_2018_cov_33.742053	1915	1995	19	2	80	0.0250000
NODE_1331_length_2018_cov_33.742053	1915	1995	26	4	80	0.0500000
NODE_1331_length_2018_cov_33.742053	1915	1995	27	6	80	0.0750000
NODE_1331_length_2018_cov_33.742053	1915	1995	31	1	80	0.0125000
NODE_1331_length_2018_cov_33.742053	1915	1995	35	1	80	0.0125000
NODE_1331_length_2018_cov_33.742053	1915	1995	37	2	80	0.0250000
NODE_1331_length_2018_cov_33.742053	1915	1995	38	1	80	0.0125000
NODE_1331_length_2018_cov_33.742053	1915	1995	45	1	80	0.0125000
NODE_1331_length_2018_cov_33.742053	1915	1995	46	1	80	0.0125000
NODE_1331_length_2018_cov_33.742053	1915	1995	50	1	80	0.0125000
NODE_1331_length_2018_cov_33.742053	1915	1995	52	2	80	0.0250000
NODE_1331_length_2018_cov_33.742053	1915	1995	57	1	80	0.0125000
NODE_1331_length_2018_cov_33.742053	1915	1995	65	1	80	0.0125000
NODE_1331_length_2018_cov_33.742053	1915	1995	69	1	80	0.0125000
NODE_1331_length_2018_cov_33.742053	1915	1995	76	1	80	0.0125000
NODE_1331_length_2018_cov_33.742053	1915	1995	84	1	80	0.0125000
NODE_1331_length_2018_cov_33.742053	1915	1995	86	1	80	0.0125000
NODE_1331_length_2018_cov_33.742053	1915	1995	89	1	80	0.0125000
NODE_1331_length_2018_cov_33.742053	1915	1995	97	1	80	0.0125000
NODE_1331_length_2018_cov_33.742053	1915	1995	101	1	80	0.0125000
NODE_1331_length_2018_cov_33.742053	1915	1995	103	1	80	0.0125000
NODE_1331_length_2018_cov_33.742053	1915	1995	104	2	80	0.0250000
NODE_1331_length_2018_cov_33.742053	1915	1995	107	1	80	0.0125000
NODE_1331_length_2018_cov_33.742053	1915	1995	108	2	80	0.0250000
NODE_1331_length_2018_cov_33.742053	1915	1995	115	1	80	0.0125000
NODE_1331_length_2018_cov_33.742053	1915	1995	117	1	80	0.0125000
NODE_1331_length_2018_cov_33.742053	1915	1995	120	1	80	0.0125000
NODE_1331_length_2018_cov_33.742053	1915	1995	124	1	80	0.0125000
NODE_1331_length_2018_cov_33.742053	1915	1995	128	3	80	0.0375000
NODE_1331_length_2018_cov_33.742053	1915	1995	133	3	80	0.0375000
NODE_1331_length_2018_cov_33.742053	1915	1995	136	1	80	0.0125000
NODE_1331_length_2018_cov_33.742053	1915	1995	142	1	80	0.0125000
NODE_1331_length_2018_cov_33.742053	1915	1995	158	1	80	0.0125000
NODE_1331_length_2018_cov_33.742053	1915	1995	164	1	80	0.0125000
NODE_1331_length_2018_cov_33.742053	1915	1995	171	1	80	0.0125000
NODE_1331_length_2018_cov_33.742053	1915	1995	177	1	80	0.0125000
NODE_1331_length_2018_cov_33.742053	1915	1995	186	1	80	0.0125000
NODE_1331_length_2018_cov_33.742053	1915	1995	204	1	80	0.0125000
NODE_1331_length_2018_cov_33.742053	1915	1995	211	2	80	0.0250000
NODE_1331_length_2018_cov_33.742053	1915	1995	228	1	80	0.0125000
NODE_1331_length_2018_cov_33.742053	1915	1995	229	1	80	0.0125000
NODE_1331_length_2018_cov_33.742053	1915	1995	231	1	80	0.0125000
NODE_1331_length_2018_cov_33.742053	1915	1995	233	1	80	0.0125000
NODE_1331_length_2018_cov_33.742053	1915	1995	240	1	80	0.0125000
NODE_1331_length_2018_cov_33.742053	1915	1995	241	2	80	0.0250000
NODE_1331_length_2018_cov_33.742053	1915	1995	242	2	80	0.0250000
NODE_1331_length_2018_cov_33.742053	1915	1995	243	1	80	0.0125000
NODE_1331_length_2018_cov_33.742053	1915	1995	245	5	80	0.0625000
NODE_1331_length_2018_cov_33.742053	1915	1995	251	1	80	0.0125000
NODE_1337_length_2011_cov_22.430439	434	514	0	80	80	1.0000000
NODE_1337_length_2011_cov_22.430439	487	567	0	80	80	1.0000000
NODE_1337_length_2011_cov_22.430439	1124	1204	0	31	80	0.3875000
NODE_1337_length_2011_cov_22.430439	1124	1204	1	3	80	0.0375000
NODE_1337_length_2011_cov_22.430439	1124	1204	6	11	80	0.1375000
NODE_1337_length_2011_cov_22.430439	1124	1204	8	4	80	0.0500000
NODE_1337_length_2011_cov_22.430439	1124	1204	9	31	80	0.3875000
NODE_1337_length_2011_cov_22.430439	1177	1257	8	16	80	0.2000000
NODE_1337_length_2011_cov_22.430439	1177	1257	9	52	80	0.6500000
NODE_1337_length_2011_cov_22.430439	1177	1257	10	12	80	0.1500000
NODE_1343_length_2001_cov_10.416404	692	772	2	46	80	0.5750000
NODE_1343_length_2001_cov_10.416404	692	772	12	34	80	0.4250000
NODE_1343_length_2001_cov_10.416404	745	825	10	43	80	0.5375000
NODE_1343_length_2001_cov_10.416404	745	825	12	37	80	0.4625000
NODE_1350_length_1991_cov_112.926533	212	292	276	1	80	0.0125000
NODE_1350_length_1991_cov_112.926533	212	292	280	3	80	0.0375000
NODE_1350_length_1991_cov_112.926533	212	292	286	1	80	0.0125000
NODE_1350_length_1991_cov_112.926533	212	292	287	1	80	0.0125000
NODE_1350_length_1991_cov_112.926533	212	292	291	3	80	0.0375000
NODE_1350_length_1991_cov_112.926533	212	292	297	1	80	0.0125000
NODE_1350_length_1991_cov_112.926533	212	292	299	2	80	0.0250000
NODE_1350_length_1991_cov_112.926533	212	292	304	1	80	0.0125000
NODE_1350_length_1991_cov_112.926533	212	292	305	2	80	0.0250000
NODE_1350_length_1991_cov_112.926533	212	292	310	1	80	0.0125000
NODE_1350_length_1991_cov_112.926533	212	292	313	3	80	0.0375000
NODE_1350_length_1991_cov_112.926533	212	292	316	1	80	0.0125000
NODE_1350_length_1991_cov_112.926533	212	292	317	1	80	0.0125000
NODE_1350_length_1991_cov_112.926533	212	292	318	1	80	0.0125000
NODE_1350_length_1991_cov_112.926533	212	292	323	1	80	0.0125000
NODE_1350_length_1991_cov_112.926533	212	292	324	1	80	0.0125000
NODE_1350_length_1991_cov_112.926533	212	292	325	1	80	0.0125000
NODE_1350_length_1991_cov_112.926533	212	292	327	1	80	0.0125000
NODE_1350_length_1991_cov_112.926533	212	292	329	3	80	0.0375000
NODE_1350_length_1991_cov_112.926533	212	292	330	2	80	0.0250000
NODE_1350_length_1991_cov_112.926533	212	292	332	1	80	0.0125000
NODE_1350_length_1991_cov_112.926533	212	292	337	1	80	0.0125000
NODE_1350_length_1991_cov_112.926533	212	292	340	1	80	0.0125000
NODE_1350_length_1991_cov_112.926533	212	292	344	1	80	0.0125000
NODE_1350_length_1991_cov_112.926533	212	292	345	2	80	0.0250000
NODE_1350_length_1991_cov_112.926533	212	292	347	1	80	0.0125000
NODE_1350_length_1991_cov_112.926533	212	292	351	1	80	0.0125000
NODE_1350_length_1991_cov_112.926533	212	292	356	1	80	0.0125000
NODE_1350_length_1991_cov_112.926533	212	292	357	1	80	0.0125000
NODE_1350_length_1991_cov_112.926533	212	292	359	4	80	0.0500000
NODE_1350_length_1991_cov_112.926533	212	292	364	1	80	0.0125000
NODE_1350_length_1991_cov_112.926533	212	292	366	4	80	0.0500000
NODE_1350_length_1991_cov_112.926533	212	292	368	2	80	0.0250000
NODE_1350_length_1991_cov_112.926533	212	292	371	3	80	0.0375000
NODE_1350_length_1991_cov_112.926533	212	292	372	2	80	0.0250000
NODE_1350_length_1991_cov_112.926533	212	292	373	3	80	0.0375000
NODE_1350_length_1991_cov_112.926533	212	292	375	2	80	0.0250000
NODE_1350_length_1991_cov_112.926533	212	292	377	5	80	0.0625000
NODE_1350_length_1991_cov_112.926533	212	292	378	5	80	0.0625000
NODE_1350_length_1991_cov_112.926533	212	292	379	7	80	0.0875000
NODE_1350_length_1991_cov_112.926533	212	292	383	1	80	0.0125000
NODE_1352_length_1988_cov_13.736368	865	945	2	27	80	0.3375000
NODE_1352_length_1988_cov_13.736368	865	945	8	53	80	0.6625000
NODE_1352_length_1988_cov_13.736368	918	998	2	14	80	0.1750000
NODE_1352_length_1988_cov_13.736368	918	998	6	2	80	0.0250000
NODE_1352_length_1988_cov_13.736368	918	998	8	64	80	0.8000000
NODE_1353_length_1988_cov_9.980413	1616	1696	0	80	80	1.0000000
NODE_1353_length_1988_cov_9.980413	1669	1749	0	80	80	1.0000000
NODE_1356_length_1983_cov_17.332803	494	574	0	13	80	0.1625000
NODE_1356_length_1983_cov_17.332803	494	574	2	67	80	0.8375000
NODE_1356_length_1983_cov_17.332803	547	627	2	28	80	0.3500000
NODE_1356_length_1983_cov_17.332803	547	627	4	49	80	0.6125000
NODE_1356_length_1983_cov_17.332803	547	627	6	3	80	0.0375000
NODE_1356_length_1983_cov_17.332803	1600	1680	0	9	80	0.1125000
NODE_1356_length_1983_cov_17.332803	1600	1680	4	45	80	0.5625000
NODE_1356_length_1983_cov_17.332803	1600	1680	6	26	80	0.3250000
NODE_1356_length_1983_cov_17.332803	1653	1733	0	62	80	0.7750000
NODE_1356_length_1983_cov_17.332803	1653	1733	4	18	80	0.2250000
NODE_1359_length_1982_cov_17.164100	457	537	0	42	80	0.5250000
NODE_1359_length_1982_cov_17.164100	457	537	2	38	80	0.4750000
NODE_1359_length_1982_cov_17.164100	510	590	0	25	80	0.3125000
NODE_1359_length_1982_cov_17.164100	510	590	2	55	80	0.6875000
NODE_1359_length_1982_cov_17.164100	586	666	0	80	80	1.0000000
NODE_1359_length_1982_cov_17.164100	639	723	0	84	84	1.0000000
NODE_1360_length_1981_cov_46.444208	0	70	0	70	70	1.0000000
NODE_1362_length_1979_cov_1.630851	1554	1634	0	64	80	0.8000000
NODE_1362_length_1979_cov_1.630851	1554	1634	1	3	80	0.0375000
NODE_1362_length_1979_cov_1.630851	1554	1634	2	13	80	0.1625000
NODE_1364_length_1976_cov_1.959510	154	215	0	8	61	0.1311475
NODE_1364_length_1976_cov_1.959510	154	215	2	13	61	0.2131148
NODE_1364_length_1976_cov_1.959510	154	215	4	40	61	0.6557377
NODE_1364_length_1976_cov_1.959510	154	215	0	8	61	0.1311475
NODE_1364_length_1976_cov_1.959510	154	215	2	13	61	0.2131148
NODE_1364_length_1976_cov_1.959510	154	215	4	40	61	0.6557377
NODE_1364_length_1976_cov_1.959510	154	213	0	8	59	0.1355932
NODE_1364_length_1976_cov_1.959510	154	213	2	13	59	0.2203390
NODE_1364_length_1976_cov_1.959510	154	213	4	38	59	0.6440678
NODE_1365_length_1974_cov_8.058133	617	697	0	34	80	0.4250000
NODE_1365_length_1974_cov_8.058133	617	697	2	46	80	0.5750000
NODE_1365_length_1974_cov_8.058133	670	750	0	8	80	0.1000000
NODE_1365_length_1974_cov_8.058133	670	750	2	72	80	0.9000000
NODE_1366_length_1973_cov_14.885272	640	726	0	86	86	1.0000000
NODE_1366_length_1973_cov_14.885272	699	779	0	62	80	0.7750000
NODE_1366_length_1973_cov_14.885272	699	779	2	18	80	0.2250000
NODE_1366_length_1973_cov_14.885272	1389	1469	0	80	80	1.0000000
NODE_1366_length_1973_cov_14.885272	1442	1522	0	80	80	1.0000000
NODE_1372_length_1971_cov_3.126068	1662	1742	6	7	80	0.0875000
NODE_1372_length_1971_cov_3.126068	1662	1742	8	8	80	0.1000000
NODE_1372_length_1971_cov_3.126068	1662	1742	12	3	80	0.0375000
NODE_1372_length_1971_cov_3.126068	1662	1742	14	13	80	0.1625000
NODE_1372_length_1971_cov_3.126068	1662	1742	22	17	80	0.2125000
NODE_1372_length_1971_cov_3.126068	1662	1742	24	14	80	0.1750000
NODE_1372_length_1971_cov_3.126068	1662	1742	26	2	80	0.0250000
NODE_1372_length_1971_cov_3.126068	1662	1742	28	4	80	0.0500000
NODE_1372_length_1971_cov_3.126068	1662	1742	30	3	80	0.0375000
NODE_1372_length_1971_cov_3.126068	1662	1742	32	7	80	0.0875000
NODE_1372_length_1971_cov_3.126068	1662	1742	38	2	80	0.0250000
NODE_1372_length_1971_cov_3.126068	1715	1799	22	2	84	0.0238095
NODE_1372_length_1971_cov_3.126068	1715	1799	24	7	84	0.0833333
NODE_1372_length_1971_cov_3.126068	1715	1799	26	2	84	0.0238095
NODE_1372_length_1971_cov_3.126068	1715	1799	28	4	84	0.0476190
NODE_1372_length_1971_cov_3.126068	1715	1799	30	3	84	0.0357143
NODE_1372_length_1971_cov_3.126068	1715	1799	32	7	84	0.0833333
NODE_1372_length_1971_cov_3.126068	1715	1799	36	11	84	0.1309524
NODE_1372_length_1971_cov_3.126068	1715	1799	38	30	84	0.3571429
NODE_1372_length_1971_cov_3.126068	1715	1799	39	1	84	0.0119048
NODE_1372_length_1971_cov_3.126068	1715	1799	40	8	84	0.0952381
NODE_1372_length_1971_cov_3.126068	1715	1799	41	2	84	0.0238095
NODE_1372_length_1971_cov_3.126068	1715	1799	42	6	84	0.0714286
NODE_1372_length_1971_cov_3.126068	1715	1799	44	1	84	0.0119048
NODE_1386_length_1962_cov_23.774557	281	311	4	30	30	1.0000000
NODE_1386_length_1962_cov_23.774557	329	355	4	24	26	0.9230769
NODE_1386_length_1962_cov_23.774557	329	355	6	2	26	0.0769231
NODE_1386_length_1962_cov_23.774557	408	487	0	11	79	0.1392405
NODE_1386_length_1962_cov_23.774557	408	487	2	6	79	0.0759494
NODE_1386_length_1962_cov_23.774557	408	487	4	62	79	0.7848101
NODE_1386_length_1962_cov_23.774557	460	540	0	40	80	0.5000000
NODE_1386_length_1962_cov_23.774557	460	540	2	16	80	0.2000000
NODE_1386_length_1962_cov_23.774557	460	540	4	24	80	0.3000000
NODE_1386_length_1962_cov_23.774557	1417	1497	0	80	80	1.0000000
NODE_1386_length_1962_cov_23.774557	1470	1550	0	80	80	1.0000000
NODE_1386_length_1962_cov_23.774557	1607	1640	0	33	33	1.0000000
NODE_1395_length_1953_cov_26.183927	1	81	0	5	80	0.0625000
NODE_1395_length_1953_cov_26.183927	1	81	8	2	80	0.0250000
NODE_1395_length_1953_cov_26.183927	1	81	26	4	80	0.0500000
NODE_1395_length_1953_cov_26.183927	1	81	27	1	80	0.0125000
NODE_1395_length_1953_cov_26.183927	1	81	28	2	80	0.0250000
NODE_1395_length_1953_cov_26.183927	1	81	30	11	80	0.1375000
NODE_1395_length_1953_cov_26.183927	1	81	31	1	80	0.0125000
NODE_1395_length_1953_cov_26.183927	1	81	33	2	80	0.0250000
NODE_1395_length_1953_cov_26.183927	1	81	35	13	80	0.1625000
NODE_1395_length_1953_cov_26.183927	1	81	45	25	80	0.3125000
NODE_1395_length_1953_cov_26.183927	1	81	46	13	80	0.1625000
NODE_1395_length_1953_cov_26.183927	1	81	48	1	80	0.0125000
NODE_1395_length_1953_cov_26.183927	6	28	8	2	22	0.0909091
NODE_1395_length_1953_cov_26.183927	6	28	26	4	22	0.1818182
NODE_1395_length_1953_cov_26.183927	6	28	27	1	22	0.0454545
NODE_1395_length_1953_cov_26.183927	6	28	28	2	22	0.0909091
NODE_1395_length_1953_cov_26.183927	6	28	30	11	22	0.5000000
NODE_1395_length_1953_cov_26.183927	6	28	31	1	22	0.0454545
NODE_1395_length_1953_cov_26.183927	6	28	33	1	22	0.0454545
NODE_1395_length_1953_cov_26.183927	152	232	0	23	80	0.2875000
NODE_1395_length_1953_cov_26.183927	152	232	2	57	80	0.7125000
NODE_1395_length_1953_cov_26.183927	205	257	0	47	52	0.9038461
NODE_1395_length_1953_cov_26.183927	205	257	2	5	52	0.0961538
NODE_1405_length_1943_cov_11.218547	516	596	6	17	80	0.2125000
NODE_1405_length_1943_cov_11.218547	516	596	8	35	80	0.4375000
NODE_1405_length_1943_cov_11.218547	516	596	10	28	80	0.3500000
NODE_1405_length_1943_cov_11.218547	569	649	0	15	80	0.1875000
NODE_1405_length_1943_cov_11.218547	569	649	2	10	80	0.1250000
NODE_1405_length_1943_cov_11.218547	569	649	4	22	80	0.2750000
NODE_1405_length_1943_cov_11.218547	569	649	9	1	80	0.0125000
NODE_1405_length_1943_cov_11.218547	569	649	10	32	80	0.4000000
NODE_1408_length_1941_cov_14.407709	891	921	0	30	30	1.0000000
NODE_1408_length_1941_cov_14.407709	894	964	0	70	70	1.0000000
NODE_1408_length_1941_cov_14.407709	1878	1941	0	63	63	1.0000000
NODE_1409_length_1941_cov_9.632465	139	213	6	16	74	0.2162162
NODE_1409_length_1941_cov_9.632465	139	213	10	58	74	0.7837838
NODE_1409_length_1941_cov_9.632465	139	219	6	16	80	0.2000000
NODE_1409_length_1941_cov_9.632465	139	219	10	64	80	0.8000000
NODE_1409_length_1941_cov_9.632465	139	194	6	16	55	0.2909091
NODE_1409_length_1941_cov_9.632465	139	194	10	39	55	0.7090909
NODE_1409_length_1941_cov_9.632465	192	272	7	27	80	0.3375000
NODE_1409_length_1941_cov_9.632465	192	272	8	19	80	0.2375000
NODE_1409_length_1941_cov_9.632465	192	272	10	34	80	0.4250000
NODE_1414_length_1936_cov_13.338596	679	759	0	80	80	1.0000000
NODE_1414_length_1936_cov_13.338596	732	812	0	80	80	1.0000000
NODE_1414_length_1936_cov_13.338596	738	812	0	74	74	1.0000000
NODE_1414_length_1936_cov_13.338596	738	759	0	21	21	1.0000000
NODE_1415_length_1936_cov_12.592814	102	153	0	1	51	0.0196078
NODE_1415_length_1936_cov_12.592814	102	153	2	25	51	0.4901961
NODE_1415_length_1936_cov_12.592814	102	153	8	3	51	0.0588235
NODE_1415_length_1936_cov_12.592814	102	153	10	20	51	0.3921569
NODE_1415_length_1936_cov_12.592814	102	153	12	2	51	0.0392157
NODE_1415_length_1936_cov_12.592814	154	230	20	2	76	0.0263158
NODE_1415_length_1936_cov_12.592814	154	230	22	2	76	0.0263158
NODE_1415_length_1936_cov_12.592814	154	230	30	1	76	0.0131579
NODE_1415_length_1936_cov_12.592814	154	230	32	2	76	0.0263158
NODE_1415_length_1936_cov_12.592814	154	230	38	7	76	0.0921053
NODE_1415_length_1936_cov_12.592814	154	230	40	1	76	0.0131579
NODE_1415_length_1936_cov_12.592814	154	230	41	3	76	0.0394737
NODE_1415_length_1936_cov_12.592814	154	230	43	4	76	0.0526316
NODE_1415_length_1936_cov_12.592814	154	230	45	4	76	0.0526316
NODE_1415_length_1936_cov_12.592814	154	230	46	1	76	0.0131579
NODE_1415_length_1936_cov_12.592814	154	230	47	24	76	0.3157895
NODE_1415_length_1936_cov_12.592814	154	230	49	25	76	0.3289474
NODE_1415_length_1936_cov_12.592814	211	251	23	3	40	0.0750000
NODE_1415_length_1936_cov_12.592814	211	251	29	7	40	0.1750000
NODE_1415_length_1936_cov_12.592814	211	251	31	5	40	0.1250000
NODE_1415_length_1936_cov_12.592814	211	251	33	1	40	0.0250000
NODE_1415_length_1936_cov_12.592814	211	251	37	2	40	0.0500000
NODE_1415_length_1936_cov_12.592814	211	251	45	7	40	0.1750000
NODE_1415_length_1936_cov_12.592814	211	251	47	6	40	0.1500000
NODE_1415_length_1936_cov_12.592814	211	251	49	9	40	0.2250000
NODE_1416_length_1933_cov_86.724646	1044	1124	0	46	80	0.5750000
NODE_1416_length_1933_cov_86.724646	1044	1124	4	8	80	0.1000000
NODE_1416_length_1933_cov_86.724646	1044	1124	6	18	80	0.2250000
NODE_1416_length_1933_cov_86.724646	1044	1124	8	8	80	0.1000000
NODE_1416_length_1933_cov_86.724646	1097	1177	4	1	80	0.0125000
NODE_1416_length_1933_cov_86.724646	1097	1177	6	31	80	0.3875000
NODE_1416_length_1933_cov_86.724646	1097	1177	8	35	80	0.4375000
NODE_1416_length_1933_cov_86.724646	1097	1177	10	13	80	0.1625000
NODE_1416_length_1933_cov_86.724646	1173	1253	4	5	80	0.0625000
NODE_1416_length_1933_cov_86.724646	1173	1253	6	55	80	0.6875000
NODE_1416_length_1933_cov_86.724646	1173	1253	8	20	80	0.2500000
NODE_1416_length_1933_cov_86.724646	1226	1306	4	5	80	0.0625000
NODE_1416_length_1933_cov_86.724646	1226	1306	6	6	80	0.0750000
NODE_1416_length_1933_cov_86.724646	1226	1306	8	30	80	0.3750000
NODE_1416_length_1933_cov_86.724646	1226	1306	9	15	80	0.1875000
NODE_1416_length_1933_cov_86.724646	1226	1306	10	19	80	0.2375000
NODE_1416_length_1933_cov_86.724646	1226	1306	12	5	80	0.0625000
NODE_1419_length_1932_cov_5.905074	1534	1614	4	11	80	0.1375000
NODE_1419_length_1932_cov_5.905074	1534	1614	7	1	80	0.0125000
NODE_1419_length_1932_cov_5.905074	1534	1614	8	8	80	0.1000000
NODE_1419_length_1932_cov_5.905074	1534	1614	12	1	80	0.0125000
NODE_1419_length_1932_cov_5.905074	1534	1614	14	59	80	0.7375000
NODE_1422_length_1930_cov_3.005461	1700	1780	50	1	80	0.0125000
NODE_1422_length_1930_cov_3.005461	1700	1780	52	4	80	0.0500000
NODE_1422_length_1930_cov_3.005461	1700	1780	78	1	80	0.0125000
NODE_1422_length_1930_cov_3.005461	1700	1780	90	1	80	0.0125000
NODE_1422_length_1930_cov_3.005461	1700	1780	96	1	80	0.0125000
NODE_1422_length_1930_cov_3.005461	1700	1780	98	4	80	0.0500000
NODE_1422_length_1930_cov_3.005461	1700	1780	100	1	80	0.0125000
NODE_1422_length_1930_cov_3.005461	1700	1780	104	4	80	0.0500000
NODE_1422_length_1930_cov_3.005461	1700	1780	105	1	80	0.0125000
NODE_1422_length_1930_cov_3.005461	1700	1780	106	1	80	0.0125000
NODE_1422_length_1930_cov_3.005461	1700	1780	107	2	80	0.0250000
NODE_1422_length_1930_cov_3.005461	1700	1780	108	1	80	0.0125000
NODE_1422_length_1930_cov_3.005461	1700	1780	110	6	80	0.0750000
NODE_1422_length_1930_cov_3.005461	1700	1780	111	10	80	0.1250000
NODE_1422_length_1930_cov_3.005461	1700	1780	112	12	80	0.1500000
NODE_1422_length_1930_cov_3.005461	1700	1780	114	30	80	0.3750000
NODE_1427_length_1928_cov_2.580098	74	131	28	7	57	0.1228070
NODE_1427_length_1928_cov_2.580098	74	131	30	6	57	0.1052632
NODE_1427_length_1928_cov_2.580098	74	131	32	10	57	0.1754386
NODE_1427_length_1928_cov_2.580098	74	131	34	15	57	0.2631579
NODE_1427_length_1928_cov_2.580098	74	131	36	19	57	0.3333333
NODE_1427_length_1928_cov_2.580098	127	184	8	1	57	0.0175439
NODE_1427_length_1928_cov_2.580098	127	184	10	1	57	0.0175439
NODE_1427_length_1928_cov_2.580098	127	184	12	5	57	0.0877193
NODE_1427_length_1928_cov_2.580098	127	184	13	5	57	0.0877193
NODE_1427_length_1928_cov_2.580098	127	184	14	13	57	0.2280702
NODE_1427_length_1928_cov_2.580098	127	184	15	6	57	0.1052632
NODE_1427_length_1928_cov_2.580098	127	184	16	2	57	0.0350877
NODE_1427_length_1928_cov_2.580098	127	184	17	3	57	0.0526316
NODE_1427_length_1928_cov_2.580098	127	184	20	5	57	0.0877193
NODE_1427_length_1928_cov_2.580098	127	184	26	6	57	0.1052632
NODE_1427_length_1928_cov_2.580098	127	184	28	10	57	0.1754386
NODE_1434_length_1919_cov_17.901099	454	529	2	10	75	0.1333333
NODE_1434_length_1919_cov_17.901099	454	529	3	1	75	0.0133333
NODE_1434_length_1919_cov_17.901099	454	529	4	17	75	0.2266667
NODE_1434_length_1919_cov_17.901099	454	529	6	27	75	0.3600000
NODE_1434_length_1919_cov_17.901099	454	529	8	20	75	0.2666667
NODE_1434_length_1919_cov_17.901099	507	558	4	39	51	0.7647059
NODE_1434_length_1919_cov_17.901099	507	558	6	6	51	0.1176471
NODE_1434_length_1919_cov_17.901099	507	558	8	6	51	0.1176471
NODE_1436_length_1918_cov_14.876855	314	396	13	24	82	0.2926829
NODE_1436_length_1918_cov_14.876855	314	396	15	7	82	0.0853659
NODE_1436_length_1918_cov_14.876855	314	396	17	15	82	0.1829268
NODE_1436_length_1918_cov_14.876855	314	396	19	29	82	0.3536585
NODE_1436_length_1918_cov_14.876855	314	396	21	7	82	0.0853659
NODE_1438_length_1918_cov_3.493128	9	55	1	16	46	0.3478261
NODE_1438_length_1918_cov_3.493128	9	55	5	23	46	0.5000000
NODE_1438_length_1918_cov_3.493128	9	55	7	7	46	0.1521739
NODE_1438_length_1918_cov_3.493128	1480	1561	0	22	81	0.2716049
NODE_1438_length_1918_cov_3.493128	1480	1561	2	54	81	0.6666667
NODE_1438_length_1918_cov_3.493128	1480	1561	6	5	81	0.0617284
NODE_1440_length_1916_cov_4.426527	162	192	12	30	30	1.0000000
NODE_1442_length_1915_cov_35.787996	106	186	15	2	80	0.0250000
NODE_1442_length_1915_cov_35.787996	106	186	17	5	80	0.0625000
NODE_1442_length_1915_cov_35.787996	106	186	18	1	80	0.0125000
NODE_1442_length_1915_cov_35.787996	106	186	23	3	80	0.0375000
NODE_1442_length_1915_cov_35.787996	106	186	27	2	80	0.0250000
NODE_1442_length_1915_cov_35.787996	106	186	31	1	80	0.0125000
NODE_1442_length_1915_cov_35.787996	106	186	35	1	80	0.0125000
NODE_1442_length_1915_cov_35.787996	106	186	39	1	80	0.0125000
NODE_1442_length_1915_cov_35.787996	106	186	40	1	80	0.0125000
NODE_1442_length_1915_cov_35.787996	106	186	43	1	80	0.0125000
NODE_1442_length_1915_cov_35.787996	106	186	53	1	80	0.0125000
NODE_1442_length_1915_cov_35.787996	106	186	55	2	80	0.0250000
NODE_1442_length_1915_cov_35.787996	106	186	56	2	80	0.0250000
NODE_1442_length_1915_cov_35.787996	106	186	58	1	80	0.0125000
NODE_1442_length_1915_cov_35.787996	106	186	60	1	80	0.0125000
NODE_1442_length_1915_cov_35.787996	106	186	62	2	80	0.0250000
NODE_1442_length_1915_cov_35.787996	106	186	64	1	80	0.0125000
NODE_1442_length_1915_cov_35.787996	106	186	66	2	80	0.0250000
NODE_1442_length_1915_cov_35.787996	106	186	68	1	80	0.0125000
NODE_1442_length_1915_cov_35.787996	106	186	70	1	80	0.0125000
NODE_1442_length_1915_cov_35.787996	106	186	72	2	80	0.0250000
NODE_1442_length_1915_cov_35.787996	106	186	73	3	80	0.0375000
NODE_1442_length_1915_cov_35.787996	106	186	75	1	80	0.0125000
NODE_1442_length_1915_cov_35.787996	106	186	80	1	80	0.0125000
NODE_1442_length_1915_cov_35.787996	106	186	82	2	80	0.0250000
NODE_1442_length_1915_cov_35.787996	106	186	83	4	80	0.0500000
NODE_1442_length_1915_cov_35.787996	106	186	87	5	80	0.0625000
NODE_1442_length_1915_cov_35.787996	106	186	89	10	80	0.1250000
NODE_1442_length_1915_cov_35.787996	106	186	91	6	80	0.0750000
NODE_1442_length_1915_cov_35.787996	106	186	93	3	80	0.0375000
NODE_1442_length_1915_cov_35.787996	106	186	95	2	80	0.0250000
NODE_1442_length_1915_cov_35.787996	106	186	97	4	80	0.0500000
NODE_1442_length_1915_cov_35.787996	106	186	99	3	80	0.0375000
NODE_1442_length_1915_cov_35.787996	106	186	101	1	80	0.0125000
NODE_1442_length_1915_cov_35.787996	106	186	103	1	80	0.0125000
NODE_1451_length_1905_cov_18.464563	740	820	0	80	80	1.0000000
NODE_1451_length_1905_cov_18.464563	793	873	0	80	80	1.0000000
NODE_1451_length_1905_cov_18.464563	869	949	0	80	80	1.0000000
NODE_1451_length_1905_cov_18.464563	922	1010	0	88	88	1.0000000
NODE_1452_length_1905_cov_7.197121	596	676	0	46	80	0.5750000
NODE_1452_length_1905_cov_7.197121	596	676	2	34	80	0.4250000
NODE_1452_length_1905_cov_7.197121	649	682	2	33	33	1.0000000
NODE_1455_length_1902_cov_1.633943	1728	1792	28	1	64	0.0156250
NODE_1455_length_1902_cov_1.633943	1728	1792	30	2	64	0.0312500
NODE_1455_length_1902_cov_1.633943	1728	1792	31	1	64	0.0156250
NODE_1455_length_1902_cov_1.633943	1728	1792	32	8	64	0.1250000
NODE_1455_length_1902_cov_1.633943	1728	1792	34	1	64	0.0156250
NODE_1455_length_1902_cov_1.633943	1728	1792	36	1	64	0.0156250
NODE_1455_length_1902_cov_1.633943	1728	1792	38	5	64	0.0781250
NODE_1455_length_1902_cov_1.633943	1728	1792	41	1	64	0.0156250
NODE_1455_length_1902_cov_1.633943	1728	1792	43	2	64	0.0312500
NODE_1455_length_1902_cov_1.633943	1728	1792	45	1	64	0.0156250
NODE_1455_length_1902_cov_1.633943	1728	1792	51	3	64	0.0468750
NODE_1455_length_1902_cov_1.633943	1728	1792	61	1	64	0.0156250
NODE_1455_length_1902_cov_1.633943	1728	1792	65	1	64	0.0156250
NODE_1455_length_1902_cov_1.633943	1728	1792	67	12	64	0.1875000
NODE_1455_length_1902_cov_1.633943	1728	1792	69	6	64	0.0937500
NODE_1455_length_1902_cov_1.633943	1728	1792	70	4	64	0.0625000
NODE_1455_length_1902_cov_1.633943	1728	1792	72	9	64	0.1406250
NODE_1455_length_1902_cov_1.633943	1728	1792	74	2	64	0.0312500
NODE_1455_length_1902_cov_1.633943	1728	1792	76	3	64	0.0468750
NODE_1458_length_1900_cov_1.081066	1805	1851	0	46	46	1.0000000
NODE_1458_length_1900_cov_1.081066	1824	1900	0	76	76	1.0000000
NODE_1461_length_1895_cov_17.940980	1070	1150	0	35	80	0.4375000
NODE_1461_length_1895_cov_17.940980	1070	1150	2	45	80	0.5625000
NODE_1461_length_1895_cov_17.940980	1123	1203	2	80	80	1.0000000
NODE_1466_length_1893_cov_3.299331	918	998	2	45	80	0.5625000
NODE_1466_length_1893_cov_3.299331	918	998	4	1	80	0.0125000
NODE_1466_length_1893_cov_3.299331	918	998	6	20	80	0.2500000
NODE_1466_length_1893_cov_3.299331	918	998	8	14	80	0.1750000
NODE_1467_length_1892_cov_5.158394	317	397	2	51	80	0.6375000
NODE_1467_length_1892_cov_5.158394	317	397	4	29	80	0.3625000
NODE_1467_length_1892_cov_5.158394	370	445	2	71	75	0.9466667
NODE_1467_length_1892_cov_5.158394	370	445	4	4	75	0.0533333
NODE_1469_length_1889_cov_4.049162	1652	1686	4	34	34	1.0000000
NODE_1470_length_1889_cov_3.888268	960	1040	2	30	80	0.3750000
NODE_1470_length_1889_cov_3.888268	960	1040	4	50	80	0.6250000
NODE_1470_length_1889_cov_3.888268	1013	1093	0	30	80	0.3750000
NODE_1470_length_1889_cov_3.888268	1013	1093	2	50	80	0.6250000
NODE_1472_length_1888_cov_17.106764	15	96	54	1	81	0.0123457
NODE_1472_length_1888_cov_17.106764	15	96	56	1	81	0.0123457
NODE_1472_length_1888_cov_17.106764	15	96	60	3	81	0.0370370
NODE_1472_length_1888_cov_17.106764	15	96	64	1	81	0.0123457
NODE_1472_length_1888_cov_17.106764	15	96	79	1	81	0.0123457
NODE_1472_length_1888_cov_17.106764	15	96	82	1	81	0.0123457
NODE_1472_length_1888_cov_17.106764	15	96	86	1	81	0.0123457
NODE_1472_length_1888_cov_17.106764	15	96	88	1	81	0.0123457
NODE_1472_length_1888_cov_17.106764	15	96	89	2	81	0.0246914
NODE_1472_length_1888_cov_17.106764	15	96	96	1	81	0.0123457
NODE_1472_length_1888_cov_17.106764	15	96	98	7	81	0.0864198
NODE_1472_length_1888_cov_17.106764	15	96	100	2	81	0.0246914
NODE_1472_length_1888_cov_17.106764	15	96	102	4	81	0.0493827
NODE_1472_length_1888_cov_17.106764	15	96	103	1	81	0.0123457
NODE_1472_length_1888_cov_17.106764	15	96	111	1	81	0.0123457
NODE_1472_length_1888_cov_17.106764	15	96	112	10	81	0.1234568
NODE_1472_length_1888_cov_17.106764	15	96	116	1	81	0.0123457
NODE_1472_length_1888_cov_17.106764	15	96	119	2	81	0.0246914
NODE_1472_length_1888_cov_17.106764	15	96	121	13	81	0.1604938
NODE_1472_length_1888_cov_17.106764	15	96	125	4	81	0.0493827
NODE_1472_length_1888_cov_17.106764	15	96	127	7	81	0.0864198
NODE_1472_length_1888_cov_17.106764	15	96	130	13	81	0.1604938
NODE_1472_length_1888_cov_17.106764	15	96	136	3	81	0.0370370
NODE_1472_length_1888_cov_17.106764	68	143	40	2	75	0.0266667
NODE_1472_length_1888_cov_17.106764	68	143	41	1	75	0.0133333
NODE_1472_length_1888_cov_17.106764	68	143	42	4	75	0.0533333
NODE_1472_length_1888_cov_17.106764	68	143	44	1	75	0.0133333
NODE_1472_length_1888_cov_17.106764	68	143	48	3	75	0.0400000
NODE_1472_length_1888_cov_17.106764	68	143	50	1	75	0.0133333
NODE_1472_length_1888_cov_17.106764	68	143	54	1	75	0.0133333
NODE_1472_length_1888_cov_17.106764	68	143	61	1	75	0.0133333
NODE_1472_length_1888_cov_17.106764	68	143	76	1	75	0.0133333
NODE_1472_length_1888_cov_17.106764	68	143	78	3	75	0.0400000
NODE_1472_length_1888_cov_17.106764	68	143	82	1	75	0.0133333
NODE_1472_length_1888_cov_17.106764	68	143	93	1	75	0.0133333
NODE_1472_length_1888_cov_17.106764	68	143	97	1	75	0.0133333
NODE_1472_length_1888_cov_17.106764	68	143	103	1	75	0.0133333
NODE_1472_length_1888_cov_17.106764	68	143	107	1	75	0.0133333
NODE_1472_length_1888_cov_17.106764	68	143	113	4	75	0.0533333
NODE_1472_length_1888_cov_17.106764	68	143	115	2	75	0.0266667
NODE_1472_length_1888_cov_17.106764	68	143	119	1	75	0.0133333
NODE_1472_length_1888_cov_17.106764	68	143	121	1	75	0.0133333
NODE_1472_length_1888_cov_17.106764	68	143	122	1	75	0.0133333
NODE_1472_length_1888_cov_17.106764	68	143	124	2	75	0.0266667
NODE_1472_length_1888_cov_17.106764	68	143	125	4	75	0.0533333
NODE_1472_length_1888_cov_17.106764	68	143	126	1	75	0.0133333
NODE_1472_length_1888_cov_17.106764	68	143	127	7	75	0.0933333
NODE_1472_length_1888_cov_17.106764	68	143	130	13	75	0.1733333
NODE_1472_length_1888_cov_17.106764	68	143	132	2	75	0.0266667
NODE_1472_length_1888_cov_17.106764	68	143	134	2	75	0.0266667
NODE_1472_length_1888_cov_17.106764	68	143	136	12	75	0.1600000
NODE_1477_length_1885_cov_4.439530	441	521	0	80	80	1.0000000
NODE_1477_length_1885_cov_4.439530	494	574	0	80	80	1.0000000
NODE_1483_length_1882_cov_5.884464	1499	1579	2	15	80	0.1875000
NODE_1483_length_1882_cov_5.884464	1499	1579	6	65	80	0.8125000
NODE_1483_length_1882_cov_5.884464	1552	1632	1	30	80	0.3750000
NODE_1483_length_1882_cov_5.884464	1552	1632	5	22	80	0.2750000
NODE_1483_length_1882_cov_5.884464	1552	1632	6	28	80	0.3500000
NODE_1493_length_1875_cov_3.974662	1650	1730	10	8	80	0.1000000
NODE_1493_length_1875_cov_3.974662	1650	1730	12	18	80	0.2250000
NODE_1493_length_1875_cov_3.974662	1650	1730	14	16	80	0.2000000
NODE_1493_length_1875_cov_3.974662	1650	1730	16	30	80	0.3750000
NODE_1493_length_1875_cov_3.974662	1650	1730	18	8	80	0.1000000
NODE_1497_length_1872_cov_21.355330	153	201	0	48	48	1.0000000
NODE_1503_length_1868_cov_96.046919	1018	1098	28	2	80	0.0250000
NODE_1503_length_1868_cov_96.046919	1018	1098	34	12	80	0.1500000
NODE_1503_length_1868_cov_96.046919	1018	1098	36	6	80	0.0750000
NODE_1503_length_1868_cov_96.046919	1018	1098	38	3	80	0.0375000
NODE_1503_length_1868_cov_96.046919	1018	1098	40	1	80	0.0125000
NODE_1503_length_1868_cov_96.046919	1018	1098	42	2	80	0.0250000
NODE_1503_length_1868_cov_96.046919	1018	1098	48	2	80	0.0250000
NODE_1503_length_1868_cov_96.046919	1018	1098	54	2	80	0.0250000
NODE_1503_length_1868_cov_96.046919	1018	1098	56	7	80	0.0875000
NODE_1503_length_1868_cov_96.046919	1018	1098	58	4	80	0.0500000
NODE_1503_length_1868_cov_96.046919	1018	1098	59	5	80	0.0625000
NODE_1503_length_1868_cov_96.046919	1018	1098	60	1	80	0.0125000
NODE_1503_length_1868_cov_96.046919	1018	1098	62	2	80	0.0250000
NODE_1503_length_1868_cov_96.046919	1018	1098	66	1	80	0.0125000
NODE_1503_length_1868_cov_96.046919	1018	1098	68	2	80	0.0250000
NODE_1503_length_1868_cov_96.046919	1018	1098	69	4	80	0.0500000
NODE_1503_length_1868_cov_96.046919	1018	1098	70	3	80	0.0375000
NODE_1503_length_1868_cov_96.046919	1018	1098	74	3	80	0.0375000
NODE_1503_length_1868_cov_96.046919	1018	1098	75	1	80	0.0125000
NODE_1503_length_1868_cov_96.046919	1018	1098	76	12	80	0.1500000
NODE_1503_length_1868_cov_96.046919	1018	1098	78	2	80	0.0250000
NODE_1503_length_1868_cov_96.046919	1018	1098	79	2	80	0.0250000
NODE_1503_length_1868_cov_96.046919	1018	1098	81	1	80	0.0125000
NODE_1503_length_1868_cov_96.046919	1071	1151	45	1	80	0.0125000
NODE_1503_length_1868_cov_96.046919	1071	1151	53	1	80	0.0125000
NODE_1503_length_1868_cov_96.046919	1071	1151	59	1	80	0.0125000
NODE_1503_length_1868_cov_96.046919	1071	1151	61	1	80	0.0125000
NODE_1503_length_1868_cov_96.046919	1071	1151	62	29	80	0.3625000
NODE_1503_length_1868_cov_96.046919	1071	1151	64	6	80	0.0750000
NODE_1503_length_1868_cov_96.046919	1071	1151	66	6	80	0.0750000
NODE_1503_length_1868_cov_96.046919	1071	1151	67	2	80	0.0250000
NODE_1503_length_1868_cov_96.046919	1071	1151	68	1	80	0.0125000
NODE_1503_length_1868_cov_96.046919	1071	1151	69	3	80	0.0375000
NODE_1503_length_1868_cov_96.046919	1071	1151	70	5	80	0.0625000
NODE_1503_length_1868_cov_96.046919	1071	1151	71	1	80	0.0125000
NODE_1503_length_1868_cov_96.046919	1071	1151	72	1	80	0.0125000
NODE_1503_length_1868_cov_96.046919	1071	1151	74	3	80	0.0375000
NODE_1503_length_1868_cov_96.046919	1071	1151	75	2	80	0.0250000
NODE_1503_length_1868_cov_96.046919	1071	1151	76	12	80	0.1500000
NODE_1503_length_1868_cov_96.046919	1071	1151	78	2	80	0.0250000
NODE_1503_length_1868_cov_96.046919	1071	1151	79	2	80	0.0250000
NODE_1503_length_1868_cov_96.046919	1071	1151	81	1	80	0.0125000
NODE_1508_length_1866_cov_53.869270	1149	1229	4	7	80	0.0875000
NODE_1508_length_1866_cov_53.869270	1149	1229	6	9	80	0.1125000
NODE_1508_length_1866_cov_53.869270	1149	1229	10	64	80	0.8000000
NODE_1508_length_1866_cov_53.869270	1202	1282	0	44	80	0.5500000
NODE_1508_length_1866_cov_53.869270	1202	1282	4	16	80	0.2000000
NODE_1508_length_1866_cov_53.869270	1202	1282	10	20	80	0.2500000
NODE_1508_length_1866_cov_53.869270	1278	1358	0	80	80	1.0000000
NODE_1508_length_1866_cov_53.869270	1331	1411	0	27	80	0.3375000
NODE_1508_length_1866_cov_53.869270	1331	1411	2	53	80	0.6625000
NODE_1510_length_1866_cov_3.347482	888	966	0	78	78	1.0000000
NODE_1510_length_1866_cov_3.347482	939	1019	0	80	80	1.0000000
NODE_1513_length_1863_cov_11.265306	698	778	0	80	80	1.0000000
NODE_1513_length_1863_cov_11.265306	751	831	0	80	80	1.0000000
NODE_1518_length_1858_cov_19.019329	23	85	0	62	62	1.0000000
NODE_1518_length_1858_cov_19.019329	1125	1205	0	36	80	0.4500000
NODE_1518_length_1858_cov_19.019329	1125	1205	4	44	80	0.5500000
NODE_1518_length_1858_cov_19.019329	1178	1256	0	16	78	0.2051282
NODE_1518_length_1858_cov_19.019329	1178	1256	4	62	78	0.7948718
NODE_1518_length_1858_cov_19.019329	1387	1464	0	41	77	0.5324675
NODE_1518_length_1858_cov_19.019329	1387	1464	2	36	77	0.4675325
NODE_1518_length_1858_cov_19.019329	1440	1503	2	63	63	1.0000000
NODE_1519_length_1857_cov_18.402730	1282	1348	4	66	66	1.0000000
NODE_1519_length_1857_cov_18.402730	1321	1401	0	23	80	0.2875000
NODE_1519_length_1857_cov_18.402730	1321	1401	4	57	80	0.7125000
NODE_1519_length_1857_cov_18.402730	1397	1477	0	80	80	1.0000000
NODE_1519_length_1857_cov_18.402730	1450	1530	0	80	80	1.0000000
NODE_1531_length_1845_cov_12.653494	473	553	0	30	80	0.3750000
NODE_1531_length_1845_cov_12.653494	473	553	2	50	80	0.6250000
NODE_1531_length_1845_cov_12.653494	526	606	0	80	80	1.0000000
NODE_1546_length_1833_cov_31.337947	810	888	0	78	78	1.0000000
NODE_1546_length_1833_cov_31.337947	861	941	0	80	80	1.0000000
NODE_1546_length_1833_cov_31.337947	937	1017	0	80	80	1.0000000
NODE_1546_length_1833_cov_31.337947	990	1070	0	34	80	0.4250000
NODE_1546_length_1833_cov_31.337947	990	1070	2	46	80	0.5750000
NODE_1550_length_1831_cov_3.065820	112	154	8	5	42	0.1190476
NODE_1550_length_1831_cov_3.065820	112	154	10	2	42	0.0476190
NODE_1550_length_1831_cov_3.065820	112	154	12	8	42	0.1904762
NODE_1550_length_1831_cov_3.065820	112	154	14	1	42	0.0238095
NODE_1550_length_1831_cov_3.065820	112	154	16	2	42	0.0476190
NODE_1550_length_1831_cov_3.065820	112	154	18	2	42	0.0476190
NODE_1550_length_1831_cov_3.065820	112	154	20	2	42	0.0476190
NODE_1550_length_1831_cov_3.065820	112	154	24	1	42	0.0238095
NODE_1550_length_1831_cov_3.065820	112	154	26	1	42	0.0238095
NODE_1550_length_1831_cov_3.065820	112	154	30	2	42	0.0476190
NODE_1550_length_1831_cov_3.065820	112	154	36	4	42	0.0952381
NODE_1550_length_1831_cov_3.065820	112	154	38	2	42	0.0476190
NODE_1550_length_1831_cov_3.065820	112	154	40	2	42	0.0476190
NODE_1550_length_1831_cov_3.065820	112	154	44	1	42	0.0238095
NODE_1550_length_1831_cov_3.065820	112	154	46	2	42	0.0476190
NODE_1550_length_1831_cov_3.065820	112	154	48	5	42	0.1190476
NODE_1553_length_1830_cov_2.512998	123	203	0	80	80	1.0000000
NODE_1553_length_1830_cov_2.512998	176	256	0	80	80	1.0000000
NODE_1553_length_1830_cov_2.512998	308	357	4	19	49	0.3877551
NODE_1553_length_1830_cov_2.512998	308	357	6	12	49	0.2448980
NODE_1553_length_1830_cov_2.512998	308	357	8	18	49	0.3673469
NODE_1554_length_1828_cov_40.437825	789	869	13	44	80	0.5500000
NODE_1554_length_1828_cov_40.437825	789	869	16	8	80	0.1000000
NODE_1554_length_1828_cov_40.437825	789	869	17	3	80	0.0375000
NODE_1554_length_1828_cov_40.437825	789	869	18	2	80	0.0250000
NODE_1554_length_1828_cov_40.437825	789	869	19	23	80	0.2875000
NODE_1554_length_1828_cov_40.437825	842	922	16	9	80	0.1125000
NODE_1554_length_1828_cov_40.437825	842	922	17	3	80	0.0375000
NODE_1554_length_1828_cov_40.437825	842	922	18	3	80	0.0375000
NODE_1554_length_1828_cov_40.437825	842	922	19	14	80	0.1750000
NODE_1554_length_1828_cov_40.437825	842	922	20	41	80	0.5125000
NODE_1554_length_1828_cov_40.437825	842	922	22	10	80	0.1250000
NODE_1554_length_1828_cov_40.437825	918	998	2	15	80	0.1875000
NODE_1554_length_1828_cov_40.437825	918	998	8	1	80	0.0125000
NODE_1554_length_1828_cov_40.437825	918	998	9	3	80	0.0375000
NODE_1554_length_1828_cov_40.437825	918	998	11	22	80	0.2750000
NODE_1554_length_1828_cov_40.437825	918	998	13	20	80	0.2500000
NODE_1554_length_1828_cov_40.437825	918	998	20	19	80	0.2375000
NODE_1554_length_1828_cov_40.437825	971	1051	2	20	80	0.2500000
NODE_1554_length_1828_cov_40.437825	971	1051	6	21	80	0.2625000
NODE_1554_length_1828_cov_40.437825	971	1051	8	28	80	0.3500000
NODE_1554_length_1828_cov_40.437825	971	1051	9	3	80	0.0375000
NODE_1554_length_1828_cov_40.437825	971	1051	11	6	80	0.0750000
NODE_1554_length_1828_cov_40.437825	971	1051	13	2	80	0.0250000
NODE_1559_length_1825_cov_6.652955	641	689	2	14	48	0.2916667
NODE_1559_length_1825_cov_6.652955	641	689	4	34	48	0.7083333
NODE_1559_length_1825_cov_6.652955	694	744	2	32	50	0.6400000
NODE_1559_length_1825_cov_6.652955	694	744	4	17	50	0.3400000
NODE_1559_length_1825_cov_6.652955	694	744	6	1	50	0.0200000
NODE_1562_length_1824_cov_10.152464	685	765	7	3	80	0.0375000
NODE_1562_length_1824_cov_10.152464	685	765	8	8	80	0.1000000
NODE_1562_length_1824_cov_10.152464	685	765	9	6	80	0.0750000
NODE_1562_length_1824_cov_10.152464	685	765	10	14	80	0.1750000
NODE_1562_length_1824_cov_10.152464	685	765	12	49	80	0.6125000
NODE_1562_length_1824_cov_10.152464	738	818	6	41	80	0.5125000
NODE_1562_length_1824_cov_10.152464	738	818	7	3	80	0.0375000
NODE_1562_length_1824_cov_10.152464	738	818	8	4	80	0.0500000
NODE_1562_length_1824_cov_10.152464	738	818	9	6	80	0.0750000
NODE_1562_length_1824_cov_10.152464	738	818	10	14	80	0.1750000
NODE_1562_length_1824_cov_10.152464	738	818	11	12	80	0.1500000
NODE_1562_length_1824_cov_10.152464	1412	1433	14	21	21	1.0000000
NODE_1564_length_1821_cov_7.682346	953	1033	0	80	80	1.0000000
NODE_1564_length_1821_cov_7.682346	1006	1086	0	80	80	1.0000000
NODE_1566_length_1820_cov_12.061592	477	557	2	57	80	0.7125000
NODE_1566_length_1820_cov_12.061592	477	557	8	23	80	0.2875000
NODE_1566_length_1820_cov_12.061592	530	610	2	4	80	0.0500000
NODE_1566_length_1820_cov_12.061592	530	610	6	41	80	0.5125000
NODE_1566_length_1820_cov_12.061592	530	610	8	35	80	0.4375000
NODE_1566_length_1820_cov_12.061592	1232	1312	0	12	80	0.1500000
NODE_1566_length_1820_cov_12.061592	1232	1312	2	68	80	0.8500000
NODE_1566_length_1820_cov_12.061592	1285	1365	0	65	80	0.8125000
NODE_1566_length_1820_cov_12.061592	1285	1365	2	15	80	0.1875000
NODE_1572_length_1817_cov_8.302095	63	122	0	2	59	0.0338983
NODE_1572_length_1817_cov_8.302095	63	122	1	2	59	0.0338983
NODE_1572_length_1817_cov_8.302095	63	122	2	24	59	0.4067796
NODE_1572_length_1817_cov_8.302095	63	122	3	3	59	0.0508475
NODE_1572_length_1817_cov_8.302095	63	122	4	5	59	0.0847458
NODE_1572_length_1817_cov_8.302095	63	122	6	22	59	0.3728814
NODE_1572_length_1817_cov_8.302095	63	122	8	1	59	0.0169492
NODE_1572_length_1817_cov_8.302095	1195	1275	0	80	80	1.0000000
NODE_1572_length_1817_cov_8.302095	1248	1328	0	80	80	1.0000000
NODE_1573_length_1816_cov_25.489225	1059	1139	0	13	80	0.1625000
NODE_1573_length_1816_cov_25.489225	1059	1139	2	67	80	0.8375000
NODE_1573_length_1816_cov_25.489225	1112	1192	0	66	80	0.8250000
NODE_1573_length_1816_cov_25.489225	1112	1192	2	14	80	0.1750000
NODE_1578_length_1812_cov_11.453006	398	427	0	29	29	1.0000000
NODE_1578_length_1812_cov_11.453006	400	480	0	80	80	1.0000000
NODE_1586_length_1807_cov_3.977752	1743	1807	0	64	64	1.0000000
NODE_1590_length_1806_cov_2.681312	1461	1541	0	1	80	0.0125000
NODE_1590_length_1806_cov_2.681312	1461	1541	1	5	80	0.0625000
NODE_1590_length_1806_cov_2.681312	1461	1541	4	1	80	0.0125000
NODE_1590_length_1806_cov_2.681312	1461	1541	8	5	80	0.0625000
NODE_1590_length_1806_cov_2.681312	1461	1541	10	6	80	0.0750000
NODE_1590_length_1806_cov_2.681312	1461	1541	11	1	80	0.0125000
NODE_1590_length_1806_cov_2.681312	1461	1541	13	2	80	0.0250000
NODE_1590_length_1806_cov_2.681312	1461	1541	14	3	80	0.0375000
NODE_1590_length_1806_cov_2.681312	1461	1541	16	1	80	0.0125000
NODE_1590_length_1806_cov_2.681312	1461	1541	18	2	80	0.0250000
NODE_1590_length_1806_cov_2.681312	1461	1541	20	1	80	0.0125000
NODE_1590_length_1806_cov_2.681312	1461	1541	21	4	80	0.0500000
NODE_1590_length_1806_cov_2.681312	1461	1541	27	3	80	0.0375000
NODE_1590_length_1806_cov_2.681312	1461	1541	29	4	80	0.0500000
NODE_1590_length_1806_cov_2.681312	1461	1541	31	1	80	0.0125000
NODE_1590_length_1806_cov_2.681312	1461	1541	35	1	80	0.0125000
NODE_1590_length_1806_cov_2.681312	1461	1541	37	4	80	0.0500000
NODE_1590_length_1806_cov_2.681312	1461	1541	39	10	80	0.1250000
NODE_1590_length_1806_cov_2.681312	1461	1541	45	1	80	0.0125000
NODE_1590_length_1806_cov_2.681312	1461	1541	46	1	80	0.0125000
NODE_1590_length_1806_cov_2.681312	1461	1541	48	1	80	0.0125000
NODE_1590_length_1806_cov_2.681312	1461	1541	50	3	80	0.0375000
NODE_1590_length_1806_cov_2.681312	1461	1541	52	1	80	0.0125000
NODE_1590_length_1806_cov_2.681312	1461	1541	54	9	80	0.1125000
NODE_1590_length_1806_cov_2.681312	1461	1541	60	3	80	0.0375000
NODE_1590_length_1806_cov_2.681312	1461	1541	62	2	80	0.0250000
NODE_1590_length_1806_cov_2.681312	1461	1541	64	1	80	0.0125000
NODE_1590_length_1806_cov_2.681312	1461	1541	68	1	80	0.0125000
NODE_1590_length_1806_cov_2.681312	1461	1541	74	2	80	0.0250000
NODE_1590_length_1806_cov_2.681312	1517	1594	0	54	77	0.7012987
NODE_1590_length_1806_cov_2.681312	1517	1594	1	5	77	0.0649351
NODE_1590_length_1806_cov_2.681312	1517	1594	4	1	77	0.0129870
NODE_1590_length_1806_cov_2.681312	1517	1594	8	5	77	0.0649351
NODE_1590_length_1806_cov_2.681312	1517	1594	10	6	77	0.0779221
NODE_1590_length_1806_cov_2.681312	1517	1594	11	1	77	0.0129870
NODE_1590_length_1806_cov_2.681312	1517	1594	13	2	77	0.0259740
NODE_1590_length_1806_cov_2.681312	1517	1594	14	3	77	0.0389610
NODE_1593_length_1805_cov_10.271395	258	329	0	25	71	0.3521127
NODE_1593_length_1805_cov_10.271395	258	329	8	46	71	0.6478873
NODE_1593_length_1805_cov_10.271395	311	391	8	22	80	0.2750000
NODE_1593_length_1805_cov_10.271395	311	391	10	58	80	0.7250000
NODE_1598_length_1802_cov_11.546682	1284	1364	0	80	80	1.0000000
NODE_1598_length_1802_cov_11.546682	1337	1417	0	80	80	1.0000000
NODE_1600_length_1801_cov_12.145711	85	165	34	17	80	0.2125000
NODE_1600_length_1801_cov_12.145711	85	165	36	3	80	0.0375000
NODE_1600_length_1801_cov_12.145711	85	165	38	9	80	0.1125000
NODE_1600_length_1801_cov_12.145711	85	165	40	3	80	0.0375000
NODE_1600_length_1801_cov_12.145711	85	165	46	3	80	0.0375000
NODE_1600_length_1801_cov_12.145711	85	165	51	4	80	0.0500000
NODE_1600_length_1801_cov_12.145711	85	165	52	17	80	0.2125000
NODE_1600_length_1801_cov_12.145711	85	165	53	7	80	0.0875000
NODE_1600_length_1801_cov_12.145711	85	165	54	14	80	0.1750000
NODE_1600_length_1801_cov_12.145711	85	165	55	3	80	0.0375000
NODE_1600_length_1801_cov_12.145711	138	218	10	3	80	0.0375000
NODE_1600_length_1801_cov_12.145711	138	218	14	1	80	0.0125000
NODE_1600_length_1801_cov_12.145711	138	218	18	1	80	0.0125000
NODE_1600_length_1801_cov_12.145711	138	218	21	1	80	0.0125000
NODE_1600_length_1801_cov_12.145711	138	218	22	1	80	0.0125000
NODE_1600_length_1801_cov_12.145711	138	218	24	1	80	0.0125000
NODE_1600_length_1801_cov_12.145711	138	218	26	2	80	0.0250000
NODE_1600_length_1801_cov_12.145711	138	218	30	7	80	0.0875000
NODE_1600_length_1801_cov_12.145711	138	218	45	10	80	0.1250000
NODE_1600_length_1801_cov_12.145711	138	218	47	1	80	0.0125000
NODE_1600_length_1801_cov_12.145711	138	218	51	16	80	0.2000000
NODE_1600_length_1801_cov_12.145711	138	218	52	3	80	0.0375000
NODE_1600_length_1801_cov_12.145711	138	218	53	7	80	0.0875000
NODE_1600_length_1801_cov_12.145711	138	218	54	14	80	0.1750000
NODE_1600_length_1801_cov_12.145711	138	218	55	12	80	0.1500000
NODE_1601_length_1801_cov_9.793184	1010	1090	0	18	80	0.2250000
NODE_1601_length_1801_cov_9.793184	1010	1090	2	19	80	0.2375000
NODE_1601_length_1801_cov_9.793184	1010	1090	4	43	80	0.5375000
NODE_1601_length_1801_cov_9.793184	1063	1143	0	71	80	0.8875000
NODE_1601_length_1801_cov_9.793184	1063	1143	2	9	80	0.1125000
NODE_1604_length_1800_cov_15.074662	695	775	0	80	80	1.0000000
NODE_1604_length_1800_cov_15.074662	755	826	0	71	71	1.0000000
NODE_1605_length_1800_cov_7.281599	10	74	19	1	64	0.0156250
NODE_1605_length_1800_cov_7.281599	10	74	24	1	64	0.0156250
NODE_1605_length_1800_cov_7.281599	10	74	25	1	64	0.0156250
NODE_1605_length_1800_cov_7.281599	10	74	27	2	64	0.0312500
NODE_1605_length_1800_cov_7.281599	10	74	30	1	64	0.0156250
NODE_1605_length_1800_cov_7.281599	10	74	34	4	64	0.0625000
NODE_1605_length_1800_cov_7.281599	10	74	36	9	64	0.1406250
NODE_1605_length_1800_cov_7.281599	10	74	40	1	64	0.0156250
NODE_1605_length_1800_cov_7.281599	10	74	48	2	64	0.0312500
NODE_1605_length_1800_cov_7.281599	10	74	50	1	64	0.0156250
NODE_1605_length_1800_cov_7.281599	10	74	56	2	64	0.0312500
NODE_1605_length_1800_cov_7.281599	10	74	64	1	64	0.0156250
NODE_1605_length_1800_cov_7.281599	10	74	67	1	64	0.0156250
NODE_1605_length_1800_cov_7.281599	10	74	68	1	64	0.0156250
NODE_1605_length_1800_cov_7.281599	10	74	70	2	64	0.0312500
NODE_1605_length_1800_cov_7.281599	10	74	72	6	64	0.0937500
NODE_1605_length_1800_cov_7.281599	10	74	74	6	64	0.0937500
NODE_1605_length_1800_cov_7.281599	10	74	75	1	64	0.0156250
NODE_1605_length_1800_cov_7.281599	10	74	77	2	64	0.0312500
NODE_1605_length_1800_cov_7.281599	10	74	79	2	64	0.0312500
NODE_1605_length_1800_cov_7.281599	10	74	80	9	64	0.1406250
NODE_1605_length_1800_cov_7.281599	10	74	81	2	64	0.0312500
NODE_1605_length_1800_cov_7.281599	10	74	85	4	64	0.0625000
NODE_1605_length_1800_cov_7.281599	10	74	95	2	64	0.0312500
NODE_1605_length_1800_cov_7.281599	10	74	19	1	64	0.0156250
NODE_1605_length_1800_cov_7.281599	10	74	24	1	64	0.0156250
NODE_1605_length_1800_cov_7.281599	10	74	25	1	64	0.0156250
NODE_1605_length_1800_cov_7.281599	10	74	27	2	64	0.0312500
NODE_1605_length_1800_cov_7.281599	10	74	30	1	64	0.0156250
NODE_1605_length_1800_cov_7.281599	10	74	34	4	64	0.0625000
NODE_1605_length_1800_cov_7.281599	10	74	36	9	64	0.1406250
NODE_1605_length_1800_cov_7.281599	10	74	40	1	64	0.0156250
NODE_1605_length_1800_cov_7.281599	10	74	48	2	64	0.0312500
NODE_1605_length_1800_cov_7.281599	10	74	50	1	64	0.0156250
NODE_1605_length_1800_cov_7.281599	10	74	56	2	64	0.0312500
NODE_1605_length_1800_cov_7.281599	10	74	64	1	64	0.0156250
NODE_1605_length_1800_cov_7.281599	10	74	67	1	64	0.0156250
NODE_1605_length_1800_cov_7.281599	10	74	68	1	64	0.0156250
NODE_1605_length_1800_cov_7.281599	10	74	70	2	64	0.0312500
NODE_1605_length_1800_cov_7.281599	10	74	72	6	64	0.0937500
NODE_1605_length_1800_cov_7.281599	10	74	74	6	64	0.0937500
NODE_1605_length_1800_cov_7.281599	10	74	75	1	64	0.0156250
NODE_1605_length_1800_cov_7.281599	10	74	77	2	64	0.0312500
NODE_1605_length_1800_cov_7.281599	10	74	79	2	64	0.0312500
NODE_1605_length_1800_cov_7.281599	10	74	80	9	64	0.1406250
NODE_1605_length_1800_cov_7.281599	10	74	81	2	64	0.0312500
NODE_1605_length_1800_cov_7.281599	10	74	85	4	64	0.0625000
NODE_1605_length_1800_cov_7.281599	10	74	95	2	64	0.0312500
NODE_1605_length_1800_cov_7.281599	10	74	19	1	64	0.0156250
NODE_1605_length_1800_cov_7.281599	10	74	24	1	64	0.0156250
NODE_1605_length_1800_cov_7.281599	10	74	25	1	64	0.0156250
NODE_1605_length_1800_cov_7.281599	10	74	27	2	64	0.0312500
NODE_1605_length_1800_cov_7.281599	10	74	30	1	64	0.0156250
NODE_1605_length_1800_cov_7.281599	10	74	34	4	64	0.0625000
NODE_1605_length_1800_cov_7.281599	10	74	36	9	64	0.1406250
NODE_1605_length_1800_cov_7.281599	10	74	40	1	64	0.0156250
NODE_1605_length_1800_cov_7.281599	10	74	48	2	64	0.0312500
NODE_1605_length_1800_cov_7.281599	10	74	50	1	64	0.0156250
NODE_1605_length_1800_cov_7.281599	10	74	56	2	64	0.0312500
NODE_1605_length_1800_cov_7.281599	10	74	64	1	64	0.0156250
NODE_1605_length_1800_cov_7.281599	10	74	67	1	64	0.0156250
NODE_1605_length_1800_cov_7.281599	10	74	68	1	64	0.0156250
NODE_1605_length_1800_cov_7.281599	10	74	70	2	64	0.0312500
NODE_1605_length_1800_cov_7.281599	10	74	72	6	64	0.0937500
NODE_1605_length_1800_cov_7.281599	10	74	74	6	64	0.0937500
NODE_1605_length_1800_cov_7.281599	10	74	75	1	64	0.0156250
NODE_1605_length_1800_cov_7.281599	10	74	77	2	64	0.0312500
NODE_1605_length_1800_cov_7.281599	10	74	79	2	64	0.0312500
NODE_1605_length_1800_cov_7.281599	10	74	80	9	64	0.1406250
NODE_1605_length_1800_cov_7.281599	10	74	81	2	64	0.0312500
NODE_1605_length_1800_cov_7.281599	10	74	85	4	64	0.0625000
NODE_1605_length_1800_cov_7.281599	10	74	95	2	64	0.0312500
NODE_1605_length_1800_cov_7.281599	47	127	74	5	80	0.0625000
NODE_1605_length_1800_cov_7.281599	47	127	75	1	80	0.0125000
NODE_1605_length_1800_cov_7.281599	47	127	77	2	80	0.0250000
NODE_1605_length_1800_cov_7.281599	47	127	79	2	80	0.0250000
NODE_1605_length_1800_cov_7.281599	47	127	80	9	80	0.1125000
NODE_1605_length_1800_cov_7.281599	47	127	81	2	80	0.0250000
NODE_1605_length_1800_cov_7.281599	47	127	82	1	80	0.0125000
NODE_1605_length_1800_cov_7.281599	47	127	85	4	80	0.0500000
NODE_1605_length_1800_cov_7.281599	47	127	88	1	80	0.0125000
NODE_1605_length_1800_cov_7.281599	47	127	95	2	80	0.0250000
NODE_1605_length_1800_cov_7.281599	47	127	96	2	80	0.0250000
NODE_1605_length_1800_cov_7.281599	47	127	98	6	80	0.0750000
NODE_1605_length_1800_cov_7.281599	47	127	99	11	80	0.1375000
NODE_1605_length_1800_cov_7.281599	47	127	101	5	80	0.0625000
NODE_1605_length_1800_cov_7.281599	47	127	102	11	80	0.1375000
NODE_1605_length_1800_cov_7.281599	47	127	104	16	80	0.2000000
NODE_1605_length_1800_cov_7.281599	63	126	80	3	63	0.0476190
NODE_1605_length_1800_cov_7.281599	63	126	81	2	63	0.0317460
NODE_1605_length_1800_cov_7.281599	63	126	85	4	63	0.0634921
NODE_1605_length_1800_cov_7.281599	63	126	88	1	63	0.0158730
NODE_1605_length_1800_cov_7.281599	63	126	95	2	63	0.0317460
NODE_1605_length_1800_cov_7.281599	63	126	96	2	63	0.0317460
NODE_1605_length_1800_cov_7.281599	63	126	98	6	63	0.0952381
NODE_1605_length_1800_cov_7.281599	63	126	99	11	63	0.1746032
NODE_1605_length_1800_cov_7.281599	63	126	101	5	63	0.0793651
NODE_1605_length_1800_cov_7.281599	63	126	102	11	63	0.1746032
NODE_1605_length_1800_cov_7.281599	63	126	104	16	63	0.2539683
NODE_1616_length_1793_cov_16.161157	539	619	0	80	80	1.0000000
NODE_1616_length_1793_cov_16.161157	592	672	0	80	80	1.0000000
NODE_1616_length_1793_cov_16.161157	1202	1281	0	79	79	1.0000000
NODE_1616_length_1793_cov_16.161157	1254	1335	0	81	81	1.0000000
NODE_1617_length_1793_cov_14.322904	521	601	8	39	80	0.4875000
NODE_1617_length_1793_cov_14.322904	521	601	10	41	80	0.5125000
NODE_1617_length_1793_cov_14.322904	574	654	0	20	80	0.2500000
NODE_1617_length_1793_cov_14.322904	574	654	4	13	80	0.1625000
NODE_1617_length_1793_cov_14.322904	574	654	8	47	80	0.5875000
NODE_1617_length_1793_cov_14.322904	1230	1310	0	80	80	1.0000000
NODE_1618_length_1791_cov_5.516548	1190	1261	0	22	71	0.3098592
NODE_1618_length_1791_cov_5.516548	1190	1261	3	8	71	0.1126761
NODE_1618_length_1791_cov_5.516548	1190	1261	4	41	71	0.5774648
NODE_1621_length_1790_cov_4.282082	684	764	0	80	80	1.0000000
NODE_1621_length_1790_cov_4.282082	737	817	0	40	80	0.5000000
NODE_1621_length_1790_cov_4.282082	737	817	2	40	80	0.5000000
NODE_1623_length_1788_cov_39.558911	385	465	0	62	80	0.7750000
NODE_1623_length_1788_cov_39.558911	385	465	1	18	80	0.2250000
NODE_1623_length_1788_cov_39.558911	438	518	0	9	80	0.1125000
NODE_1623_length_1788_cov_39.558911	438	518	1	71	80	0.8875000
NODE_1623_length_1788_cov_39.558911	514	594	1	25	80	0.3125000
NODE_1623_length_1788_cov_39.558911	514	594	2	55	80	0.6875000
NODE_1623_length_1788_cov_39.558911	567	647	1	50	80	0.6250000
NODE_1623_length_1788_cov_39.558911	567	647	2	30	80	0.3750000
NODE_1624_length_1787_cov_44.927133	530	610	29	6	80	0.0750000
NODE_1624_length_1787_cov_44.927133	530	610	31	5	80	0.0625000
NODE_1624_length_1787_cov_44.927133	530	610	33	9	80	0.1125000
NODE_1624_length_1787_cov_44.927133	530	610	39	1	80	0.0125000
NODE_1624_length_1787_cov_44.927133	530	610	41	9	80	0.1125000
NODE_1624_length_1787_cov_44.927133	530	610	43	4	80	0.0500000
NODE_1624_length_1787_cov_44.927133	530	610	45	1	80	0.0125000
NODE_1624_length_1787_cov_44.927133	530	610	47	1	80	0.0125000
NODE_1624_length_1787_cov_44.927133	530	610	49	1	80	0.0125000
NODE_1624_length_1787_cov_44.927133	530	610	53	2	80	0.0250000
NODE_1624_length_1787_cov_44.927133	530	610	55	1	80	0.0125000
NODE_1624_length_1787_cov_44.927133	530	610	56	5	80	0.0625000
NODE_1624_length_1787_cov_44.927133	530	610	57	1	80	0.0125000
NODE_1624_length_1787_cov_44.927133	530	610	59	1	80	0.0125000
NODE_1624_length_1787_cov_44.927133	530	610	63	9	80	0.1125000
NODE_1624_length_1787_cov_44.927133	530	610	64	3	80	0.0375000
NODE_1624_length_1787_cov_44.927133	530	610	65	6	80	0.0750000
NODE_1624_length_1787_cov_44.927133	530	610	66	9	80	0.1125000
NODE_1624_length_1787_cov_44.927133	530	610	67	1	80	0.0125000
NODE_1624_length_1787_cov_44.927133	530	610	68	3	80	0.0375000
NODE_1624_length_1787_cov_44.927133	530	610	69	2	80	0.0250000
NODE_1625_length_1787_cov_2.752370	675	755	0	23	80	0.2875000
NODE_1625_length_1787_cov_2.752370	675	755	2	57	80	0.7125000
NODE_1625_length_1787_cov_2.752370	728	806	0	27	78	0.3461539
NODE_1625_length_1787_cov_2.752370	728	806	2	51	78	0.6538461
NODE_1626_length_1786_cov_13.459395	523	603	0	41	80	0.5125000
NODE_1626_length_1786_cov_13.459395	523	603	4	39	80	0.4875000
NODE_1626_length_1786_cov_13.459395	576	656	0	9	80	0.1125000
NODE_1626_length_1786_cov_13.459395	576	656	4	71	80	0.8875000
NODE_1633_length_1784_cov_40.769733	358	438	0	80	80	1.0000000
NODE_1633_length_1784_cov_40.769733	411	491	0	80	80	1.0000000
NODE_1633_length_1784_cov_40.769733	1057	1137	0	13	80	0.1625000
NODE_1633_length_1784_cov_40.769733	1057	1137	2	67	80	0.8375000
NODE_1633_length_1784_cov_40.769733	1110	1190	0	66	80	0.8250000
NODE_1633_length_1784_cov_40.769733	1110	1190	2	14	80	0.1750000
NODE_1633_length_1784_cov_40.769733	1186	1266	0	80	80	1.0000000
NODE_1633_length_1784_cov_40.769733	1239	1319	0	80	80	1.0000000
NODE_1634_length_1784_cov_6.049258	1646	1725	0	79	79	1.0000000
NODE_1637_length_1783_cov_45.569477	600	680	0	6	80	0.0750000
NODE_1637_length_1783_cov_45.569477	600	680	6	17	80	0.2125000
NODE_1637_length_1783_cov_45.569477	600	680	8	31	80	0.3875000
NODE_1637_length_1783_cov_45.569477	600	680	9	8	80	0.1000000
NODE_1637_length_1783_cov_45.569477	600	680	10	16	80	0.2000000
NODE_1637_length_1783_cov_45.569477	600	680	12	2	80	0.0250000
NODE_1637_length_1783_cov_45.569477	653	733	4	32	80	0.4000000
NODE_1637_length_1783_cov_45.569477	653	733	8	1	80	0.0125000
NODE_1637_length_1783_cov_45.569477	653	733	9	8	80	0.1000000
NODE_1637_length_1783_cov_45.569477	653	733	10	26	80	0.3250000
NODE_1637_length_1783_cov_45.569477	653	733	12	13	80	0.1625000
NODE_1640_length_1780_cov_21.089233	361	441	0	51	80	0.6375000
NODE_1640_length_1780_cov_21.089233	361	441	2	29	80	0.3625000
NODE_1640_length_1780_cov_21.089233	414	494	0	80	80	1.0000000
NODE_1640_length_1780_cov_21.089233	1031	1104	4	6	73	0.0821918
NODE_1640_length_1780_cov_21.089233	1031	1104	5	6	73	0.0821918
NODE_1640_length_1780_cov_21.089233	1031	1104	7	1	73	0.0136986
NODE_1640_length_1780_cov_21.089233	1031	1104	9	1	73	0.0136986
NODE_1640_length_1780_cov_21.089233	1031	1104	11	2	73	0.0273973
NODE_1640_length_1780_cov_21.089233	1031	1104	15	5	73	0.0684932
NODE_1640_length_1780_cov_21.089233	1031	1104	16	8	73	0.1095890
NODE_1640_length_1780_cov_21.089233	1031	1104	18	3	73	0.0410959
NODE_1640_length_1780_cov_21.089233	1031	1104	22	3	73	0.0410959
NODE_1640_length_1780_cov_21.089233	1031	1104	29	1	73	0.0136986
NODE_1640_length_1780_cov_21.089233	1031	1104	31	1	73	0.0136986
NODE_1640_length_1780_cov_21.089233	1031	1104	32	4	73	0.0547945
NODE_1640_length_1780_cov_21.089233	1031	1104	34	1	73	0.0136986
NODE_1640_length_1780_cov_21.089233	1031	1104	35	4	73	0.0547945
NODE_1640_length_1780_cov_21.089233	1031	1104	43	5	73	0.0684932
NODE_1640_length_1780_cov_21.089233	1031	1104	45	1	73	0.0136986
NODE_1640_length_1780_cov_21.089233	1031	1104	46	1	73	0.0136986
NODE_1640_length_1780_cov_21.089233	1031	1104	47	2	73	0.0273973
NODE_1640_length_1780_cov_21.089233	1031	1104	49	2	73	0.0273973
NODE_1640_length_1780_cov_21.089233	1031	1104	54	1	73	0.0136986
NODE_1640_length_1780_cov_21.089233	1031	1104	56	1	73	0.0136986
NODE_1640_length_1780_cov_21.089233	1031	1104	58	2	73	0.0273973
NODE_1640_length_1780_cov_21.089233	1031	1104	60	2	73	0.0273973
NODE_1640_length_1780_cov_21.089233	1031	1104	67	1	73	0.0136986
NODE_1640_length_1780_cov_21.089233	1031	1104	68	2	73	0.0273973
NODE_1640_length_1780_cov_21.089233	1031	1104	70	2	73	0.0273973
NODE_1640_length_1780_cov_21.089233	1031	1104	72	1	73	0.0136986
NODE_1640_length_1780_cov_21.089233	1031	1104	73	1	73	0.0136986
NODE_1640_length_1780_cov_21.089233	1031	1104	74	2	73	0.0273973
NODE_1640_length_1780_cov_21.089233	1031	1104	78	1	73	0.0136986
NODE_1640_length_1780_cov_21.089233	1071	1112	32	1	41	0.0243902
NODE_1640_length_1780_cov_21.089233	1071	1112	34	1	41	0.0243902
NODE_1640_length_1780_cov_21.089233	1071	1112	35	4	41	0.0975610
NODE_1640_length_1780_cov_21.089233	1071	1112	43	5	41	0.1219512
NODE_1640_length_1780_cov_21.089233	1071	1112	45	1	41	0.0243902
NODE_1640_length_1780_cov_21.089233	1071	1112	46	1	41	0.0243902
NODE_1640_length_1780_cov_21.089233	1071	1112	47	2	41	0.0487805
NODE_1640_length_1780_cov_21.089233	1071	1112	49	2	41	0.0487805
NODE_1640_length_1780_cov_21.089233	1071	1112	54	1	41	0.0243902
NODE_1640_length_1780_cov_21.089233	1071	1112	56	1	41	0.0243902
NODE_1640_length_1780_cov_21.089233	1071	1112	58	2	41	0.0487805
NODE_1640_length_1780_cov_21.089233	1071	1112	60	2	41	0.0487805
NODE_1640_length_1780_cov_21.089233	1071	1112	67	1	41	0.0243902
NODE_1640_length_1780_cov_21.089233	1071	1112	68	2	41	0.0487805
NODE_1640_length_1780_cov_21.089233	1071	1112	70	2	41	0.0487805
NODE_1640_length_1780_cov_21.089233	1071	1112	72	1	41	0.0243902
NODE_1640_length_1780_cov_21.089233	1071	1112	73	1	41	0.0243902
NODE_1640_length_1780_cov_21.089233	1071	1112	74	2	41	0.0487805
NODE_1640_length_1780_cov_21.089233	1071	1112	78	3	41	0.0731707
NODE_1640_length_1780_cov_21.089233	1071	1112	81	2	41	0.0487805
NODE_1640_length_1780_cov_21.089233	1071	1112	83	4	41	0.0975610
NODE_1641_length_1780_cov_7.837597	1682	1747	0	65	65	1.0000000
NODE_1649_length_1778_cov_52.804050	1528	1568	0	1	40	0.0250000
NODE_1649_length_1778_cov_52.804050	1528	1568	6	2	40	0.0500000
NODE_1649_length_1778_cov_52.804050	1528	1568	12	1	40	0.0250000
NODE_1649_length_1778_cov_52.804050	1528	1568	18	4	40	0.1000000
NODE_1649_length_1778_cov_52.804050	1528	1568	22	6	40	0.1500000
NODE_1649_length_1778_cov_52.804050	1528	1568	34	1	40	0.0250000
NODE_1649_length_1778_cov_52.804050	1528	1568	35	1	40	0.0250000
NODE_1649_length_1778_cov_52.804050	1528	1568	37	1	40	0.0250000
NODE_1649_length_1778_cov_52.804050	1528	1568	48	1	40	0.0250000
NODE_1649_length_1778_cov_52.804050	1528	1568	50	2	40	0.0500000
NODE_1649_length_1778_cov_52.804050	1528	1568	54	2	40	0.0500000
NODE_1649_length_1778_cov_52.804050	1528	1568	56	3	40	0.0750000
NODE_1649_length_1778_cov_52.804050	1528	1568	60	2	40	0.0500000
NODE_1649_length_1778_cov_52.804050	1528	1568	62	1	40	0.0250000
NODE_1649_length_1778_cov_52.804050	1528	1568	66	2	40	0.0500000
NODE_1649_length_1778_cov_52.804050	1528	1568	67	1	40	0.0250000
NODE_1649_length_1778_cov_52.804050	1528	1568	71	2	40	0.0500000
NODE_1649_length_1778_cov_52.804050	1528	1568	72	7	40	0.1750000
NODE_1649_length_1778_cov_52.804050	1541	1621	22	1	80	0.0125000
NODE_1649_length_1778_cov_52.804050	1541	1621	34	1	80	0.0125000
NODE_1649_length_1778_cov_52.804050	1541	1621	35	1	80	0.0125000
NODE_1649_length_1778_cov_52.804050	1541	1621	37	1	80	0.0125000
NODE_1649_length_1778_cov_52.804050	1541	1621	48	1	80	0.0125000
NODE_1649_length_1778_cov_52.804050	1541	1621	50	2	80	0.0250000
NODE_1649_length_1778_cov_52.804050	1541	1621	54	2	80	0.0250000
NODE_1649_length_1778_cov_52.804050	1541	1621	56	3	80	0.0375000
NODE_1649_length_1778_cov_52.804050	1541	1621	60	2	80	0.0250000
NODE_1649_length_1778_cov_52.804050	1541	1621	62	1	80	0.0125000
NODE_1649_length_1778_cov_52.804050	1541	1621	66	2	80	0.0250000
NODE_1649_length_1778_cov_52.804050	1541	1621	67	1	80	0.0125000
NODE_1649_length_1778_cov_52.804050	1541	1621	71	2	80	0.0250000
NODE_1649_length_1778_cov_52.804050	1541	1621	72	8	80	0.1000000
NODE_1649_length_1778_cov_52.804050	1541	1621	78	22	80	0.2750000
NODE_1649_length_1778_cov_52.804050	1541	1621	80	7	80	0.0875000
NODE_1649_length_1778_cov_52.804050	1541	1621	84	1	80	0.0125000
NODE_1649_length_1778_cov_52.804050	1541	1621	98	1	80	0.0125000
NODE_1649_length_1778_cov_52.804050	1541	1621	100	5	80	0.0625000
NODE_1649_length_1778_cov_52.804050	1541	1621	102	16	80	0.2000000
NODE_1649_length_1778_cov_52.804050	1541	1621	22	1	80	0.0125000
NODE_1649_length_1778_cov_52.804050	1541	1621	34	1	80	0.0125000
NODE_1649_length_1778_cov_52.804050	1541	1621	35	1	80	0.0125000
NODE_1649_length_1778_cov_52.804050	1541	1621	37	1	80	0.0125000
NODE_1649_length_1778_cov_52.804050	1541	1621	48	1	80	0.0125000
NODE_1649_length_1778_cov_52.804050	1541	1621	50	2	80	0.0250000
NODE_1649_length_1778_cov_52.804050	1541	1621	54	2	80	0.0250000
NODE_1649_length_1778_cov_52.804050	1541	1621	56	3	80	0.0375000
NODE_1649_length_1778_cov_52.804050	1541	1621	60	2	80	0.0250000
NODE_1649_length_1778_cov_52.804050	1541	1621	62	1	80	0.0125000
NODE_1649_length_1778_cov_52.804050	1541	1621	66	2	80	0.0250000
NODE_1649_length_1778_cov_52.804050	1541	1621	67	1	80	0.0125000
NODE_1649_length_1778_cov_52.804050	1541	1621	71	2	80	0.0250000
NODE_1649_length_1778_cov_52.804050	1541	1621	72	8	80	0.1000000
NODE_1649_length_1778_cov_52.804050	1541	1621	78	22	80	0.2750000
NODE_1649_length_1778_cov_52.804050	1541	1621	80	7	80	0.0875000
NODE_1649_length_1778_cov_52.804050	1541	1621	84	1	80	0.0125000
NODE_1649_length_1778_cov_52.804050	1541	1621	98	1	80	0.0125000
NODE_1649_length_1778_cov_52.804050	1541	1621	100	5	80	0.0625000
NODE_1649_length_1778_cov_52.804050	1541	1621	102	16	80	0.2000000
NODE_1649_length_1778_cov_52.804050	1541	1621	22	1	80	0.0125000
NODE_1649_length_1778_cov_52.804050	1541	1621	34	1	80	0.0125000
NODE_1649_length_1778_cov_52.804050	1541	1621	35	1	80	0.0125000
NODE_1649_length_1778_cov_52.804050	1541	1621	37	1	80	0.0125000
NODE_1649_length_1778_cov_52.804050	1541	1621	48	1	80	0.0125000
NODE_1649_length_1778_cov_52.804050	1541	1621	50	2	80	0.0250000
NODE_1649_length_1778_cov_52.804050	1541	1621	54	2	80	0.0250000
NODE_1649_length_1778_cov_52.804050	1541	1621	56	3	80	0.0375000
NODE_1649_length_1778_cov_52.804050	1541	1621	60	2	80	0.0250000
NODE_1649_length_1778_cov_52.804050	1541	1621	62	1	80	0.0125000
NODE_1649_length_1778_cov_52.804050	1541	1621	66	2	80	0.0250000
NODE_1649_length_1778_cov_52.804050	1541	1621	67	1	80	0.0125000
NODE_1649_length_1778_cov_52.804050	1541	1621	71	2	80	0.0250000
NODE_1649_length_1778_cov_52.804050	1541	1621	72	8	80	0.1000000
NODE_1649_length_1778_cov_52.804050	1541	1621	78	22	80	0.2750000
NODE_1649_length_1778_cov_52.804050	1541	1621	80	7	80	0.0875000
NODE_1649_length_1778_cov_52.804050	1541	1621	84	1	80	0.0125000
NODE_1649_length_1778_cov_52.804050	1541	1621	98	1	80	0.0125000
NODE_1649_length_1778_cov_52.804050	1541	1621	100	5	80	0.0625000
NODE_1649_length_1778_cov_52.804050	1541	1621	102	16	80	0.2000000
NODE_1649_length_1778_cov_52.804050	1541	1621	22	1	80	0.0125000
NODE_1649_length_1778_cov_52.804050	1541	1621	34	1	80	0.0125000
NODE_1649_length_1778_cov_52.804050	1541	1621	35	1	80	0.0125000
NODE_1649_length_1778_cov_52.804050	1541	1621	37	1	80	0.0125000
NODE_1649_length_1778_cov_52.804050	1541	1621	48	1	80	0.0125000
NODE_1649_length_1778_cov_52.804050	1541	1621	50	2	80	0.0250000
NODE_1649_length_1778_cov_52.804050	1541	1621	54	2	80	0.0250000
NODE_1649_length_1778_cov_52.804050	1541	1621	56	3	80	0.0375000
NODE_1649_length_1778_cov_52.804050	1541	1621	60	2	80	0.0250000
NODE_1649_length_1778_cov_52.804050	1541	1621	62	1	80	0.0125000
NODE_1649_length_1778_cov_52.804050	1541	1621	66	2	80	0.0250000
NODE_1649_length_1778_cov_52.804050	1541	1621	67	1	80	0.0125000
NODE_1649_length_1778_cov_52.804050	1541	1621	71	2	80	0.0250000
NODE_1649_length_1778_cov_52.804050	1541	1621	72	8	80	0.1000000
NODE_1649_length_1778_cov_52.804050	1541	1621	78	22	80	0.2750000
NODE_1649_length_1778_cov_52.804050	1541	1621	80	7	80	0.0875000
NODE_1649_length_1778_cov_52.804050	1541	1621	84	1	80	0.0125000
NODE_1649_length_1778_cov_52.804050	1541	1621	98	1	80	0.0125000
NODE_1649_length_1778_cov_52.804050	1541	1621	100	5	80	0.0625000
NODE_1649_length_1778_cov_52.804050	1541	1621	102	16	80	0.2000000
NODE_1649_length_1778_cov_52.804050	1541	1621	22	1	80	0.0125000
NODE_1649_length_1778_cov_52.804050	1541	1621	34	1	80	0.0125000
NODE_1649_length_1778_cov_52.804050	1541	1621	35	1	80	0.0125000
NODE_1649_length_1778_cov_52.804050	1541	1621	37	1	80	0.0125000
NODE_1649_length_1778_cov_52.804050	1541	1621	48	1	80	0.0125000
NODE_1649_length_1778_cov_52.804050	1541	1621	50	2	80	0.0250000
NODE_1649_length_1778_cov_52.804050	1541	1621	54	2	80	0.0250000
NODE_1649_length_1778_cov_52.804050	1541	1621	56	3	80	0.0375000
NODE_1649_length_1778_cov_52.804050	1541	1621	60	2	80	0.0250000
NODE_1649_length_1778_cov_52.804050	1541	1621	62	1	80	0.0125000
NODE_1649_length_1778_cov_52.804050	1541	1621	66	2	80	0.0250000
NODE_1649_length_1778_cov_52.804050	1541	1621	67	1	80	0.0125000
NODE_1649_length_1778_cov_52.804050	1541	1621	71	2	80	0.0250000
NODE_1649_length_1778_cov_52.804050	1541	1621	72	8	80	0.1000000
NODE_1649_length_1778_cov_52.804050	1541	1621	78	22	80	0.2750000
NODE_1649_length_1778_cov_52.804050	1541	1621	80	7	80	0.0875000
NODE_1649_length_1778_cov_52.804050	1541	1621	84	1	80	0.0125000
NODE_1649_length_1778_cov_52.804050	1541	1621	98	1	80	0.0125000
NODE_1649_length_1778_cov_52.804050	1541	1621	100	5	80	0.0625000
NODE_1649_length_1778_cov_52.804050	1541	1621	102	16	80	0.2000000
NODE_1649_length_1778_cov_52.804050	1541	1621	22	1	80	0.0125000
NODE_1649_length_1778_cov_52.804050	1541	1621	34	1	80	0.0125000
NODE_1649_length_1778_cov_52.804050	1541	1621	35	1	80	0.0125000
NODE_1649_length_1778_cov_52.804050	1541	1621	37	1	80	0.0125000
NODE_1649_length_1778_cov_52.804050	1541	1621	48	1	80	0.0125000
NODE_1649_length_1778_cov_52.804050	1541	1621	50	2	80	0.0250000
NODE_1649_length_1778_cov_52.804050	1541	1621	54	2	80	0.0250000
NODE_1649_length_1778_cov_52.804050	1541	1621	56	3	80	0.0375000
NODE_1649_length_1778_cov_52.804050	1541	1621	60	2	80	0.0250000
NODE_1649_length_1778_cov_52.804050	1541	1621	62	1	80	0.0125000
NODE_1649_length_1778_cov_52.804050	1541	1621	66	2	80	0.0250000
NODE_1649_length_1778_cov_52.804050	1541	1621	67	1	80	0.0125000
NODE_1649_length_1778_cov_52.804050	1541	1621	71	2	80	0.0250000
NODE_1649_length_1778_cov_52.804050	1541	1621	72	8	80	0.1000000
NODE_1649_length_1778_cov_52.804050	1541	1621	78	22	80	0.2750000
NODE_1649_length_1778_cov_52.804050	1541	1621	80	7	80	0.0875000
NODE_1649_length_1778_cov_52.804050	1541	1621	84	1	80	0.0125000
NODE_1649_length_1778_cov_52.804050	1541	1621	98	1	80	0.0125000
NODE_1649_length_1778_cov_52.804050	1541	1621	100	5	80	0.0625000
NODE_1649_length_1778_cov_52.804050	1541	1621	102	16	80	0.2000000
NODE_1649_length_1778_cov_52.804050	1617	1697	90	6	80	0.0750000
NODE_1649_length_1778_cov_52.804050	1617	1697	102	5	80	0.0625000
NODE_1649_length_1778_cov_52.804050	1617	1697	106	6	80	0.0750000
NODE_1649_length_1778_cov_52.804050	1617	1697	108	10	80	0.1250000
NODE_1649_length_1778_cov_52.804050	1617	1697	114	4	80	0.0500000
NODE_1649_length_1778_cov_52.804050	1617	1697	119	1	80	0.0125000
NODE_1649_length_1778_cov_52.804050	1617	1697	120	9	80	0.1125000
NODE_1649_length_1778_cov_52.804050	1617	1697	126	2	80	0.0250000
NODE_1649_length_1778_cov_52.804050	1617	1697	128	4	80	0.0500000
NODE_1649_length_1778_cov_52.804050	1617	1697	132	1	80	0.0125000
NODE_1649_length_1778_cov_52.804050	1617	1697	135	1	80	0.0125000
NODE_1649_length_1778_cov_52.804050	1617	1697	136	6	80	0.0750000
NODE_1649_length_1778_cov_52.804050	1617	1697	140	6	80	0.0750000
NODE_1649_length_1778_cov_52.804050	1617	1697	146	1	80	0.0125000
NODE_1649_length_1778_cov_52.804050	1617	1697	148	1	80	0.0125000
NODE_1649_length_1778_cov_52.804050	1617	1697	150	4	80	0.0500000
NODE_1649_length_1778_cov_52.804050	1617	1697	152	2	80	0.0250000
NODE_1649_length_1778_cov_52.804050	1617	1697	154	1	80	0.0125000
NODE_1649_length_1778_cov_52.804050	1617	1697	155	1	80	0.0125000
NODE_1649_length_1778_cov_52.804050	1617	1697	156	9	80	0.1125000
NODE_1649_length_1778_cov_52.804050	1617	1697	90	6	80	0.0750000
NODE_1649_length_1778_cov_52.804050	1617	1697	102	5	80	0.0625000
NODE_1649_length_1778_cov_52.804050	1617	1697	106	6	80	0.0750000
NODE_1649_length_1778_cov_52.804050	1617	1697	108	10	80	0.1250000
NODE_1649_length_1778_cov_52.804050	1617	1697	114	4	80	0.0500000
NODE_1649_length_1778_cov_52.804050	1617	1697	119	1	80	0.0125000
NODE_1649_length_1778_cov_52.804050	1617	1697	120	9	80	0.1125000
NODE_1649_length_1778_cov_52.804050	1617	1697	126	2	80	0.0250000
NODE_1649_length_1778_cov_52.804050	1617	1697	128	4	80	0.0500000
NODE_1649_length_1778_cov_52.804050	1617	1697	132	1	80	0.0125000
NODE_1649_length_1778_cov_52.804050	1617	1697	135	1	80	0.0125000
NODE_1649_length_1778_cov_52.804050	1617	1697	136	6	80	0.0750000
NODE_1649_length_1778_cov_52.804050	1617	1697	140	6	80	0.0750000
NODE_1649_length_1778_cov_52.804050	1617	1697	146	1	80	0.0125000
NODE_1649_length_1778_cov_52.804050	1617	1697	148	1	80	0.0125000
NODE_1649_length_1778_cov_52.804050	1617	1697	150	4	80	0.0500000
NODE_1649_length_1778_cov_52.804050	1617	1697	152	2	80	0.0250000
NODE_1649_length_1778_cov_52.804050	1617	1697	154	1	80	0.0125000
NODE_1649_length_1778_cov_52.804050	1617	1697	155	1	80	0.0125000
NODE_1649_length_1778_cov_52.804050	1617	1697	156	9	80	0.1125000
NODE_1649_length_1778_cov_52.804050	1617	1697	90	6	80	0.0750000
NODE_1649_length_1778_cov_52.804050	1617	1697	102	5	80	0.0625000
NODE_1649_length_1778_cov_52.804050	1617	1697	106	6	80	0.0750000
NODE_1649_length_1778_cov_52.804050	1617	1697	108	10	80	0.1250000
NODE_1649_length_1778_cov_52.804050	1617	1697	114	4	80	0.0500000
NODE_1649_length_1778_cov_52.804050	1617	1697	119	1	80	0.0125000
NODE_1649_length_1778_cov_52.804050	1617	1697	120	9	80	0.1125000
NODE_1649_length_1778_cov_52.804050	1617	1697	126	2	80	0.0250000
NODE_1649_length_1778_cov_52.804050	1617	1697	128	4	80	0.0500000
NODE_1649_length_1778_cov_52.804050	1617	1697	132	1	80	0.0125000
NODE_1649_length_1778_cov_52.804050	1617	1697	135	1	80	0.0125000
NODE_1649_length_1778_cov_52.804050	1617	1697	136	6	80	0.0750000
NODE_1649_length_1778_cov_52.804050	1617	1697	140	6	80	0.0750000
NODE_1649_length_1778_cov_52.804050	1617	1697	146	1	80	0.0125000
NODE_1649_length_1778_cov_52.804050	1617	1697	148	1	80	0.0125000
NODE_1649_length_1778_cov_52.804050	1617	1697	150	4	80	0.0500000
NODE_1649_length_1778_cov_52.804050	1617	1697	152	2	80	0.0250000
NODE_1649_length_1778_cov_52.804050	1617	1697	154	1	80	0.0125000
NODE_1649_length_1778_cov_52.804050	1617	1697	155	1	80	0.0125000
NODE_1649_length_1778_cov_52.804050	1617	1697	156	9	80	0.1125000
NODE_1649_length_1778_cov_52.804050	1617	1697	90	6	80	0.0750000
NODE_1649_length_1778_cov_52.804050	1617	1697	102	5	80	0.0625000
NODE_1649_length_1778_cov_52.804050	1617	1697	106	6	80	0.0750000
NODE_1649_length_1778_cov_52.804050	1617	1697	108	10	80	0.1250000
NODE_1649_length_1778_cov_52.804050	1617	1697	114	4	80	0.0500000
NODE_1649_length_1778_cov_52.804050	1617	1697	119	1	80	0.0125000
NODE_1649_length_1778_cov_52.804050	1617	1697	120	9	80	0.1125000
NODE_1649_length_1778_cov_52.804050	1617	1697	126	2	80	0.0250000
NODE_1649_length_1778_cov_52.804050	1617	1697	128	4	80	0.0500000
NODE_1649_length_1778_cov_52.804050	1617	1697	132	1	80	0.0125000
NODE_1649_length_1778_cov_52.804050	1617	1697	135	1	80	0.0125000
NODE_1649_length_1778_cov_52.804050	1617	1697	136	6	80	0.0750000
NODE_1649_length_1778_cov_52.804050	1617	1697	140	6	80	0.0750000
NODE_1649_length_1778_cov_52.804050	1617	1697	146	1	80	0.0125000
NODE_1649_length_1778_cov_52.804050	1617	1697	148	1	80	0.0125000
NODE_1649_length_1778_cov_52.804050	1617	1697	150	4	80	0.0500000
NODE_1649_length_1778_cov_52.804050	1617	1697	152	2	80	0.0250000
NODE_1649_length_1778_cov_52.804050	1617	1697	154	1	80	0.0125000
NODE_1649_length_1778_cov_52.804050	1617	1697	155	1	80	0.0125000
NODE_1649_length_1778_cov_52.804050	1617	1697	156	9	80	0.1125000
NODE_1649_length_1778_cov_52.804050	1670	1750	52	5	80	0.0625000
NODE_1649_length_1778_cov_52.804050	1670	1750	54	3	80	0.0375000
NODE_1649_length_1778_cov_52.804050	1670	1750	63	1	80	0.0125000
NODE_1649_length_1778_cov_52.804050	1670	1750	66	12	80	0.1500000
NODE_1649_length_1778_cov_52.804050	1670	1750	68	3	80	0.0375000
NODE_1649_length_1778_cov_52.804050	1670	1750	72	11	80	0.1375000
NODE_1649_length_1778_cov_52.804050	1670	1750	74	7	80	0.0875000
NODE_1649_length_1778_cov_52.804050	1670	1750	88	1	80	0.0125000
NODE_1649_length_1778_cov_52.804050	1670	1750	89	9	80	0.1125000
NODE_1649_length_1778_cov_52.804050	1670	1750	90	7	80	0.0875000
NODE_1649_length_1778_cov_52.804050	1670	1750	106	6	80	0.0750000
NODE_1649_length_1778_cov_52.804050	1670	1750	108	5	80	0.0625000
NODE_1649_length_1778_cov_52.804050	1670	1750	114	4	80	0.0500000
NODE_1649_length_1778_cov_52.804050	1670	1750	119	1	80	0.0125000
NODE_1649_length_1778_cov_52.804050	1670	1750	120	5	80	0.0625000
NODE_1649_length_1778_cov_52.804050	1670	1750	52	5	80	0.0625000
NODE_1649_length_1778_cov_52.804050	1670	1750	54	3	80	0.0375000
NODE_1649_length_1778_cov_52.804050	1670	1750	63	1	80	0.0125000
NODE_1649_length_1778_cov_52.804050	1670	1750	66	12	80	0.1500000
NODE_1649_length_1778_cov_52.804050	1670	1750	68	3	80	0.0375000
NODE_1649_length_1778_cov_52.804050	1670	1750	72	11	80	0.1375000
NODE_1649_length_1778_cov_52.804050	1670	1750	74	7	80	0.0875000
NODE_1649_length_1778_cov_52.804050	1670	1750	88	1	80	0.0125000
NODE_1649_length_1778_cov_52.804050	1670	1750	89	9	80	0.1125000
NODE_1649_length_1778_cov_52.804050	1670	1750	90	7	80	0.0875000
NODE_1649_length_1778_cov_52.804050	1670	1750	106	6	80	0.0750000
NODE_1649_length_1778_cov_52.804050	1670	1750	108	5	80	0.0625000
NODE_1649_length_1778_cov_52.804050	1670	1750	114	4	80	0.0500000
NODE_1649_length_1778_cov_52.804050	1670	1750	119	1	80	0.0125000
NODE_1649_length_1778_cov_52.804050	1670	1750	120	5	80	0.0625000
NODE_1649_length_1778_cov_52.804050	1670	1750	52	5	80	0.0625000
NODE_1649_length_1778_cov_52.804050	1670	1750	54	3	80	0.0375000
NODE_1649_length_1778_cov_52.804050	1670	1750	63	1	80	0.0125000
NODE_1649_length_1778_cov_52.804050	1670	1750	66	12	80	0.1500000
NODE_1649_length_1778_cov_52.804050	1670	1750	68	3	80	0.0375000
NODE_1649_length_1778_cov_52.804050	1670	1750	72	11	80	0.1375000
NODE_1649_length_1778_cov_52.804050	1670	1750	74	7	80	0.0875000
NODE_1649_length_1778_cov_52.804050	1670	1750	88	1	80	0.0125000
NODE_1649_length_1778_cov_52.804050	1670	1750	89	9	80	0.1125000
NODE_1649_length_1778_cov_52.804050	1670	1750	90	7	80	0.0875000
NODE_1649_length_1778_cov_52.804050	1670	1750	106	6	80	0.0750000
NODE_1649_length_1778_cov_52.804050	1670	1750	108	5	80	0.0625000
NODE_1649_length_1778_cov_52.804050	1670	1750	114	4	80	0.0500000
NODE_1649_length_1778_cov_52.804050	1670	1750	119	1	80	0.0125000
NODE_1649_length_1778_cov_52.804050	1670	1750	120	5	80	0.0625000
NODE_1649_length_1778_cov_52.804050	1670	1741	66	12	71	0.1690141
NODE_1649_length_1778_cov_52.804050	1670	1741	68	3	71	0.0422535
NODE_1649_length_1778_cov_52.804050	1670	1741	72	11	71	0.1549296
NODE_1649_length_1778_cov_52.804050	1670	1741	74	7	71	0.0985916
NODE_1649_length_1778_cov_52.804050	1670	1741	88	1	71	0.0140845
NODE_1649_length_1778_cov_52.804050	1670	1741	89	9	71	0.1267606
NODE_1649_length_1778_cov_52.804050	1670	1741	90	7	71	0.0985916
NODE_1649_length_1778_cov_52.804050	1670	1741	106	6	71	0.0845070
NODE_1649_length_1778_cov_52.804050	1670	1741	108	5	71	0.0704225
NODE_1649_length_1778_cov_52.804050	1670	1741	114	4	71	0.0563380
NODE_1649_length_1778_cov_52.804050	1670	1741	119	1	71	0.0140845
NODE_1649_length_1778_cov_52.804050	1670	1741	120	5	71	0.0704225
NODE_1649_length_1778_cov_52.804050	1673	1743	54	1	70	0.0142857
NODE_1649_length_1778_cov_52.804050	1673	1743	63	1	70	0.0142857
NODE_1649_length_1778_cov_52.804050	1673	1743	66	12	70	0.1714286
NODE_1649_length_1778_cov_52.804050	1673	1743	68	3	70	0.0428571
NODE_1649_length_1778_cov_52.804050	1673	1743	72	11	70	0.1571429
NODE_1649_length_1778_cov_52.804050	1673	1743	74	7	70	0.1000000
NODE_1649_length_1778_cov_52.804050	1673	1743	88	1	70	0.0142857
NODE_1649_length_1778_cov_52.804050	1673	1743	89	9	70	0.1285714
NODE_1649_length_1778_cov_52.804050	1673	1743	90	7	70	0.1000000
NODE_1649_length_1778_cov_52.804050	1673	1743	106	6	70	0.0857143
NODE_1649_length_1778_cov_52.804050	1673	1743	108	5	70	0.0714286
NODE_1649_length_1778_cov_52.804050	1673	1743	114	4	70	0.0571429
NODE_1649_length_1778_cov_52.804050	1673	1743	119	1	70	0.0142857
NODE_1649_length_1778_cov_52.804050	1673	1743	120	2	70	0.0285714
NODE_1649_length_1778_cov_52.804050	1679	1750	52	5	71	0.0704225
NODE_1649_length_1778_cov_52.804050	1679	1750	54	3	71	0.0422535
NODE_1649_length_1778_cov_52.804050	1679	1750	63	1	71	0.0140845
NODE_1649_length_1778_cov_52.804050	1679	1750	66	12	71	0.1690141
NODE_1649_length_1778_cov_52.804050	1679	1750	68	3	71	0.0422535
NODE_1649_length_1778_cov_52.804050	1679	1750	72	11	71	0.1549296
NODE_1649_length_1778_cov_52.804050	1679	1750	74	7	71	0.0985916
NODE_1649_length_1778_cov_52.804050	1679	1750	88	1	71	0.0140845
NODE_1649_length_1778_cov_52.804050	1679	1750	89	9	71	0.1267606
NODE_1649_length_1778_cov_52.804050	1679	1750	90	7	71	0.0985916
NODE_1649_length_1778_cov_52.804050	1679	1750	106	6	71	0.0845070
NODE_1649_length_1778_cov_52.804050	1679	1750	108	5	71	0.0704225
NODE_1649_length_1778_cov_52.804050	1679	1750	114	1	71	0.0140845
NODE_1651_length_1776_cov_43.081694	1246	1308	0	54	62	0.8709677
NODE_1651_length_1776_cov_43.081694	1246	1308	2	3	62	0.0483871
NODE_1651_length_1776_cov_43.081694	1246	1308	8	2	62	0.0322581
NODE_1651_length_1776_cov_43.081694	1246	1308	10	2	62	0.0322581
NODE_1651_length_1776_cov_43.081694	1246	1308	21	1	62	0.0161290
NODE_1651_length_1776_cov_43.081694	1281	1361	0	80	80	1.0000000
NODE_1652_length_1776_cov_9.256410	1120	1200	0	80	80	1.0000000
NODE_1652_length_1776_cov_9.256410	1173	1253	0	80	80	1.0000000
NODE_1652_length_1776_cov_9.256410	1249	1329	0	80	80	1.0000000
NODE_1652_length_1776_cov_9.256410	1302	1382	0	80	80	1.0000000
NODE_1657_length_1775_cov_54.208234	1103	1167	176	1	64	0.0156250
NODE_1657_length_1775_cov_54.208234	1103	1167	180	1	64	0.0156250
NODE_1657_length_1775_cov_54.208234	1103	1167	184	2	64	0.0312500
NODE_1657_length_1775_cov_54.208234	1103	1167	186	1	64	0.0156250
NODE_1657_length_1775_cov_54.208234	1103	1167	191	1	64	0.0156250
NODE_1657_length_1775_cov_54.208234	1103	1167	193	2	64	0.0312500
NODE_1657_length_1775_cov_54.208234	1103	1167	198	2	64	0.0312500
NODE_1657_length_1775_cov_54.208234	1103	1167	205	2	64	0.0312500
NODE_1657_length_1775_cov_54.208234	1103	1167	206	3	64	0.0468750
NODE_1657_length_1775_cov_54.208234	1103	1167	207	1	64	0.0156250
NODE_1657_length_1775_cov_54.208234	1103	1167	209	3	64	0.0468750
NODE_1657_length_1775_cov_54.208234	1103	1167	210	5	64	0.0781250
NODE_1657_length_1775_cov_54.208234	1103	1167	211	5	64	0.0781250
NODE_1657_length_1775_cov_54.208234	1103	1167	213	2	64	0.0312500
NODE_1657_length_1775_cov_54.208234	1103	1167	214	3	64	0.0468750
NODE_1657_length_1775_cov_54.208234	1103	1167	215	3	64	0.0468750
NODE_1657_length_1775_cov_54.208234	1103	1167	216	2	64	0.0312500
NODE_1657_length_1775_cov_54.208234	1103	1167	217	1	64	0.0156250
NODE_1657_length_1775_cov_54.208234	1103	1167	223	1	64	0.0156250
NODE_1657_length_1775_cov_54.208234	1103	1167	224	2	64	0.0312500
NODE_1657_length_1775_cov_54.208234	1103	1167	226	1	64	0.0156250
NODE_1657_length_1775_cov_54.208234	1103	1167	231	2	64	0.0312500
NODE_1657_length_1775_cov_54.208234	1103	1167	232	6	64	0.0937500
NODE_1657_length_1775_cov_54.208234	1103	1167	234	10	64	0.1562500
NODE_1657_length_1775_cov_54.208234	1103	1167	236	2	64	0.0312500
NODE_1657_length_1775_cov_54.208234	1103	1167	176	1	64	0.0156250
NODE_1657_length_1775_cov_54.208234	1103	1167	180	1	64	0.0156250
NODE_1657_length_1775_cov_54.208234	1103	1167	184	2	64	0.0312500
NODE_1657_length_1775_cov_54.208234	1103	1167	186	1	64	0.0156250
NODE_1657_length_1775_cov_54.208234	1103	1167	191	1	64	0.0156250
NODE_1657_length_1775_cov_54.208234	1103	1167	193	2	64	0.0312500
NODE_1657_length_1775_cov_54.208234	1103	1167	198	2	64	0.0312500
NODE_1657_length_1775_cov_54.208234	1103	1167	205	2	64	0.0312500
NODE_1657_length_1775_cov_54.208234	1103	1167	206	3	64	0.0468750
NODE_1657_length_1775_cov_54.208234	1103	1167	207	1	64	0.0156250
NODE_1657_length_1775_cov_54.208234	1103	1167	209	3	64	0.0468750
NODE_1657_length_1775_cov_54.208234	1103	1167	210	5	64	0.0781250
NODE_1657_length_1775_cov_54.208234	1103	1167	211	5	64	0.0781250
NODE_1657_length_1775_cov_54.208234	1103	1167	213	2	64	0.0312500
NODE_1657_length_1775_cov_54.208234	1103	1167	214	3	64	0.0468750
NODE_1657_length_1775_cov_54.208234	1103	1167	215	3	64	0.0468750
NODE_1657_length_1775_cov_54.208234	1103	1167	216	2	64	0.0312500
NODE_1657_length_1775_cov_54.208234	1103	1167	217	1	64	0.0156250
NODE_1657_length_1775_cov_54.208234	1103	1167	223	1	64	0.0156250
NODE_1657_length_1775_cov_54.208234	1103	1167	224	2	64	0.0312500
NODE_1657_length_1775_cov_54.208234	1103	1167	226	1	64	0.0156250
NODE_1657_length_1775_cov_54.208234	1103	1167	231	2	64	0.0312500
NODE_1657_length_1775_cov_54.208234	1103	1167	232	6	64	0.0937500
NODE_1657_length_1775_cov_54.208234	1103	1167	234	10	64	0.1562500
NODE_1657_length_1775_cov_54.208234	1103	1167	236	2	64	0.0312500
NODE_1657_length_1775_cov_54.208234	1140	1200	133	1	60	0.0166667
NODE_1657_length_1775_cov_54.208234	1140	1200	134	3	60	0.0500000
NODE_1657_length_1775_cov_54.208234	1140	1200	135	5	60	0.0833333
NODE_1657_length_1775_cov_54.208234	1140	1200	136	3	60	0.0500000
NODE_1657_length_1775_cov_54.208234	1140	1200	138	1	60	0.0166667
NODE_1657_length_1775_cov_54.208234	1140	1200	141	1	60	0.0166667
NODE_1657_length_1775_cov_54.208234	1140	1200	143	3	60	0.0500000
NODE_1657_length_1775_cov_54.208234	1140	1200	145	1	60	0.0166667
NODE_1657_length_1775_cov_54.208234	1140	1200	147	1	60	0.0166667
NODE_1657_length_1775_cov_54.208234	1140	1200	149	4	60	0.0666667
NODE_1657_length_1775_cov_54.208234	1140	1200	155	1	60	0.0166667
NODE_1657_length_1775_cov_54.208234	1140	1200	158	2	60	0.0333333
NODE_1657_length_1775_cov_54.208234	1140	1200	166	1	60	0.0166667
NODE_1657_length_1775_cov_54.208234	1140	1200	167	2	60	0.0333333
NODE_1657_length_1775_cov_54.208234	1140	1200	168	1	60	0.0166667
NODE_1657_length_1775_cov_54.208234	1140	1200	169	3	60	0.0500000
NODE_1657_length_1775_cov_54.208234	1140	1200	176	1	60	0.0166667
NODE_1657_length_1775_cov_54.208234	1140	1200	180	1	60	0.0166667
NODE_1657_length_1775_cov_54.208234	1140	1200	184	2	60	0.0333333
NODE_1657_length_1775_cov_54.208234	1140	1200	186	1	60	0.0166667
NODE_1657_length_1775_cov_54.208234	1140	1200	191	1	60	0.0166667
NODE_1657_length_1775_cov_54.208234	1140	1200	193	2	60	0.0333333
NODE_1657_length_1775_cov_54.208234	1140	1200	198	2	60	0.0333333
NODE_1657_length_1775_cov_54.208234	1140	1200	206	3	60	0.0500000
NODE_1657_length_1775_cov_54.208234	1140	1200	207	1	60	0.0166667
NODE_1657_length_1775_cov_54.208234	1140	1200	210	1	60	0.0166667
NODE_1657_length_1775_cov_54.208234	1140	1200	211	1	60	0.0166667
NODE_1657_length_1775_cov_54.208234	1140	1200	214	1	60	0.0166667
NODE_1657_length_1775_cov_54.208234	1140	1200	215	2	60	0.0333333
NODE_1657_length_1775_cov_54.208234	1140	1200	217	1	60	0.0166667
NODE_1657_length_1775_cov_54.208234	1140	1200	223	1	60	0.0166667
NODE_1657_length_1775_cov_54.208234	1140	1200	224	2	60	0.0333333
NODE_1657_length_1775_cov_54.208234	1140	1200	226	1	60	0.0166667
NODE_1657_length_1775_cov_54.208234	1140	1200	231	1	60	0.0166667
NODE_1657_length_1775_cov_54.208234	1140	1200	236	2	60	0.0333333
NODE_1658_length_1775_cov_13.181981	1170	1250	0	80	80	1.0000000
NODE_1658_length_1775_cov_13.181981	1223	1303	0	80	80	1.0000000
NODE_1659_length_1775_cov_4.218974	1304	1384	0	80	80	1.0000000
NODE_1659_length_1775_cov_4.218974	1357	1437	0	80	80	1.0000000
NODE_1660_length_1774_cov_48.617313	345	425	0	80	80	1.0000000
NODE_1660_length_1774_cov_48.617313	398	478	0	80	80	1.0000000
NODE_1660_length_1774_cov_48.617313	474	554	0	80	80	1.0000000
NODE_1660_length_1774_cov_48.617313	527	607	0	80	80	1.0000000
NODE_1660_length_1774_cov_48.617313	1027	1107	0	61	80	0.7625000
NODE_1660_length_1774_cov_48.617313	1027	1107	2	19	80	0.2375000
NODE_1660_length_1774_cov_48.617313	1080	1160	0	80	80	1.0000000
NODE_1660_length_1774_cov_48.617313	1156	1236	0	80	80	1.0000000
NODE_1660_length_1774_cov_48.617313	1209	1289	0	80	80	1.0000000
NODE_1662_length_1774_cov_8.011343	1655	1735	0	80	80	1.0000000
NODE_1663_length_1773_cov_5.547192	433	513	0	80	80	1.0000000
NODE_1663_length_1773_cov_5.547192	486	566	0	80	80	1.0000000
NODE_1664_length_1773_cov_3.925329	267	347	0	35	80	0.4375000
NODE_1664_length_1773_cov_3.925329	267	347	2	45	80	0.5625000
NODE_1664_length_1773_cov_3.925329	320	400	0	80	80	1.0000000
NODE_1666_length_1770_cov_9.912029	369	437	0	68	68	1.0000000
NODE_1666_length_1770_cov_9.912029	388	431	0	43	43	1.0000000
NODE_1666_length_1770_cov_9.912029	509	577	2	30	68	0.4411765
NODE_1666_length_1770_cov_9.912029	509	577	4	38	68	0.5588235
NODE_1666_length_1770_cov_9.912029	515	571	2	18	56	0.3214286
NODE_1666_length_1770_cov_9.912029	515	571	4	38	56	0.6785714
NODE_1666_length_1770_cov_9.912029	579	618	2	39	39	1.0000000
NODE_1666_length_1770_cov_9.912029	697	776	0	40	79	0.5063291
NODE_1666_length_1770_cov_9.912029	697	776	1	1	79	0.0126582
NODE_1666_length_1770_cov_9.912029	697	776	2	38	79	0.4810127
NODE_1666_length_1770_cov_9.912029	714	794	0	23	80	0.2875000
NODE_1666_length_1770_cov_9.912029	714	794	1	1	80	0.0125000
NODE_1666_length_1770_cov_9.912029	714	794	2	56	80	0.7000000
NODE_1666_length_1770_cov_9.912029	767	819	2	52	52	1.0000000
NODE_1666_length_1770_cov_9.912029	785	819	2	34	34	1.0000000
NODE_1667_length_1768_cov_9.134811	687	736	80	2	49	0.0408163
NODE_1667_length_1768_cov_9.134811	687	736	81	1	49	0.0204082
NODE_1667_length_1768_cov_9.134811	687	736	84	3	49	0.0612245
NODE_1667_length_1768_cov_9.134811	687	736	85	2	49	0.0408163
NODE_1667_length_1768_cov_9.134811	687	736	86	2	49	0.0408163
NODE_1667_length_1768_cov_9.134811	687	736	87	5	49	0.1020408
NODE_1667_length_1768_cov_9.134811	687	736	88	1	49	0.0204082
NODE_1667_length_1768_cov_9.134811	687	736	90	4	49	0.0816327
NODE_1667_length_1768_cov_9.134811	687	736	92	1	49	0.0204082
NODE_1667_length_1768_cov_9.134811	687	736	95	3	49	0.0612245
NODE_1667_length_1768_cov_9.134811	687	736	97	4	49	0.0816327
NODE_1667_length_1768_cov_9.134811	687	736	98	1	49	0.0204082
NODE_1667_length_1768_cov_9.134811	687	736	101	4	49	0.0816327
NODE_1667_length_1768_cov_9.134811	687	736	103	1	49	0.0204082
NODE_1667_length_1768_cov_9.134811	687	736	107	3	49	0.0612245
NODE_1667_length_1768_cov_9.134811	687	736	108	11	49	0.2244898
NODE_1667_length_1768_cov_9.134811	687	736	109	1	49	0.0204082
NODE_1668_length_1768_cov_6.605153	1207	1287	0	44	80	0.5500000
NODE_1668_length_1768_cov_6.605153	1207	1287	4	36	80	0.4500000
NODE_1668_length_1768_cov_6.605153	1260	1340	0	13	80	0.1625000
NODE_1668_length_1768_cov_6.605153	1260	1340	4	67	80	0.8375000
NODE_1668_length_1768_cov_6.605153	1336	1416	0	12	80	0.1500000
NODE_1668_length_1768_cov_6.605153	1336	1416	2	7	80	0.0875000
NODE_1668_length_1768_cov_6.605153	1336	1416	4	61	80	0.7625000
NODE_1668_length_1768_cov_6.605153	1389	1469	4	80	80	1.0000000
NODE_1669_length_1767_cov_5.475420	508	588	8	8	80	0.1000000
NODE_1669_length_1767_cov_5.475420	508	588	10	42	80	0.5250000
NODE_1669_length_1767_cov_5.475420	508	588	12	25	80	0.3125000
NODE_1669_length_1767_cov_5.475420	508	588	14	5	80	0.0625000
NODE_1680_length_1762_cov_18.673482	606	686	0	5	80	0.0625000
NODE_1680_length_1762_cov_18.673482	606	686	2	33	80	0.4125000
NODE_1680_length_1762_cov_18.673482	606	686	3	42	80	0.5250000
NODE_1680_length_1762_cov_18.673482	659	739	0	8	80	0.1000000
NODE_1680_length_1762_cov_18.673482	659	739	1	27	80	0.3375000
NODE_1680_length_1762_cov_18.673482	659	739	3	45	80	0.5625000
NODE_1680_length_1762_cov_18.673482	735	815	0	80	80	1.0000000
NODE_1680_length_1762_cov_18.673482	788	868	0	80	80	1.0000000
NODE_1681_length_1762_cov_6.760072	1033	1113	6	37	80	0.4625000
NODE_1681_length_1762_cov_6.760072	1033	1113	8	43	80	0.5375000
NODE_1681_length_1762_cov_6.760072	1086	1166	2	2	80	0.0250000
NODE_1681_length_1762_cov_6.760072	1086	1166	4	51	80	0.6375000
NODE_1681_length_1762_cov_6.760072	1086	1166	8	27	80	0.3375000
NODE_1685_length_1760_cov_8.064419	941	1021	0	80	80	1.0000000
NODE_1685_length_1760_cov_8.064419	994	1074	0	80	80	1.0000000
NODE_1692_length_1758_cov_99.869198	599	679	0	4	80	0.0500000
NODE_1692_length_1758_cov_99.869198	599	679	2	5	80	0.0625000
NODE_1692_length_1758_cov_99.869198	599	679	6	22	80	0.2750000
NODE_1692_length_1758_cov_99.869198	599	679	8	49	80	0.6125000
NODE_1692_length_1758_cov_99.869198	652	732	0	4	80	0.0500000
NODE_1692_length_1758_cov_99.869198	652	732	2	24	80	0.3000000
NODE_1692_length_1758_cov_99.869198	652	732	4	4	80	0.0500000
NODE_1692_length_1758_cov_99.869198	652	732	6	48	80	0.6000000
NODE_1692_length_1758_cov_99.869198	728	808	4	20	80	0.2500000
NODE_1692_length_1758_cov_99.869198	728	808	6	38	80	0.4750000
NODE_1692_length_1758_cov_99.869198	728	808	8	22	80	0.2750000
NODE_1692_length_1758_cov_99.869198	781	861	4	24	80	0.3000000
NODE_1692_length_1758_cov_99.869198	781	861	6	18	80	0.2250000
NODE_1692_length_1758_cov_99.869198	781	861	8	9	80	0.1125000
NODE_1692_length_1758_cov_99.869198	781	861	10	19	80	0.2375000
NODE_1692_length_1758_cov_99.869198	781	861	12	10	80	0.1250000
NODE_1693_length_1757_cov_3.126659	49	121	2	72	72	1.0000000
NODE_1696_length_1755_cov_9.938406	231	311	0	80	80	1.0000000
NODE_1696_length_1755_cov_9.938406	284	364	0	80	80	1.0000000
NODE_1698_length_1755_cov_3.614130	171	222	0	51	51	1.0000000
NODE_1699_length_1754_cov_8.523263	0	77	0	15	77	0.1948052
NODE_1699_length_1754_cov_8.523263	0	77	7	14	77	0.1818182
NODE_1699_length_1754_cov_8.523263	0	77	12	1	77	0.0129870
NODE_1699_length_1754_cov_8.523263	0	77	13	11	77	0.1428571
NODE_1699_length_1754_cov_8.523263	0	77	15	1	77	0.0129870
NODE_1699_length_1754_cov_8.523263	0	77	16	35	77	0.4545455
NODE_1699_length_1754_cov_8.523263	0	77	0	15	77	0.1948052
NODE_1699_length_1754_cov_8.523263	0	77	7	14	77	0.1818182
NODE_1699_length_1754_cov_8.523263	0	77	12	1	77	0.0129870
NODE_1699_length_1754_cov_8.523263	0	77	13	11	77	0.1428571
NODE_1699_length_1754_cov_8.523263	0	77	15	1	77	0.0129870
NODE_1699_length_1754_cov_8.523263	0	77	16	35	77	0.4545455
NODE_1699_length_1754_cov_8.523263	0	77	0	15	77	0.1948052
NODE_1699_length_1754_cov_8.523263	0	77	7	14	77	0.1818182
NODE_1699_length_1754_cov_8.523263	0	77	12	1	77	0.0129870
NODE_1699_length_1754_cov_8.523263	0	77	13	11	77	0.1428571
NODE_1699_length_1754_cov_8.523263	0	77	15	1	77	0.0129870
NODE_1699_length_1754_cov_8.523263	0	77	16	35	77	0.4545455
NODE_1699_length_1754_cov_8.523263	50	99	16	49	49	1.0000000
NODE_1699_length_1754_cov_8.523263	53	99	16	46	46	1.0000000
NODE_1699_length_1754_cov_8.523263	55	99	16	44	44	1.0000000
NODE_1700_length_1753_cov_26.851874	356	436	0	74	80	0.9250000
NODE_1700_length_1753_cov_26.851874	356	436	2	6	80	0.0750000
NODE_1700_length_1753_cov_26.851874	409	489	0	80	80	1.0000000
NODE_1701_length_1753_cov_12.297461	355	435	0	51	80	0.6375000
NODE_1701_length_1753_cov_12.297461	355	435	2	29	80	0.3625000
NODE_1701_length_1753_cov_12.297461	408	488	0	37	80	0.4625000
NODE_1701_length_1753_cov_12.297461	408	488	2	43	80	0.5375000
NODE_1705_length_1750_cov_90.732283	1191	1254	105	2	63	0.0317460
NODE_1705_length_1750_cov_90.732283	1191	1254	106	2	63	0.0317460
NODE_1705_length_1750_cov_90.732283	1191	1254	107	2	63	0.0317460
NODE_1705_length_1750_cov_90.732283	1191	1254	109	1	63	0.0158730
NODE_1705_length_1750_cov_90.732283	1191	1254	110	1	63	0.0158730
NODE_1705_length_1750_cov_90.732283	1191	1254	112	1	63	0.0158730
NODE_1705_length_1750_cov_90.732283	1191	1254	114	2	63	0.0317460
NODE_1705_length_1750_cov_90.732283	1191	1254	115	1	63	0.0158730
NODE_1705_length_1750_cov_90.732283	1191	1254	116	1	63	0.0158730
NODE_1705_length_1750_cov_90.732283	1191	1254	118	1	63	0.0158730
NODE_1705_length_1750_cov_90.732283	1191	1254	119	2	63	0.0317460
NODE_1705_length_1750_cov_90.732283	1191	1254	123	1	63	0.0158730
NODE_1705_length_1750_cov_90.732283	1191	1254	124	2	63	0.0317460
NODE_1705_length_1750_cov_90.732283	1191	1254	125	1	63	0.0158730
NODE_1705_length_1750_cov_90.732283	1191	1254	126	2	63	0.0317460
NODE_1705_length_1750_cov_90.732283	1191	1254	128	2	63	0.0317460
NODE_1705_length_1750_cov_90.732283	1191	1254	132	1	63	0.0158730
NODE_1705_length_1750_cov_90.732283	1191	1254	134	1	63	0.0158730
NODE_1705_length_1750_cov_90.732283	1191	1254	136	2	63	0.0317460
NODE_1705_length_1750_cov_90.732283	1191	1254	140	1	63	0.0158730
NODE_1705_length_1750_cov_90.732283	1191	1254	142	2	63	0.0317460
NODE_1705_length_1750_cov_90.732283	1191	1254	146	1	63	0.0158730
NODE_1705_length_1750_cov_90.732283	1191	1254	147	1	63	0.0158730
NODE_1705_length_1750_cov_90.732283	1191	1254	148	1	63	0.0158730
NODE_1705_length_1750_cov_90.732283	1191	1254	149	1	63	0.0158730
NODE_1705_length_1750_cov_90.732283	1191	1254	152	1	63	0.0158730
NODE_1705_length_1750_cov_90.732283	1191	1254	153	1	63	0.0158730
NODE_1705_length_1750_cov_90.732283	1191	1254	159	1	63	0.0158730
NODE_1705_length_1750_cov_90.732283	1191	1254	161	4	63	0.0634921
NODE_1705_length_1750_cov_90.732283	1191	1254	165	1	63	0.0158730
NODE_1705_length_1750_cov_90.732283	1191	1254	167	2	63	0.0317460
NODE_1705_length_1750_cov_90.732283	1191	1254	173	1	63	0.0158730
NODE_1705_length_1750_cov_90.732283	1191	1254	177	2	63	0.0317460
NODE_1705_length_1750_cov_90.732283	1191	1254	178	1	63	0.0158730
NODE_1705_length_1750_cov_90.732283	1191	1254	179	4	63	0.0634921
NODE_1705_length_1750_cov_90.732283	1191	1254	180	1	63	0.0158730
NODE_1705_length_1750_cov_90.732283	1191	1254	182	1	63	0.0158730
NODE_1705_length_1750_cov_90.732283	1191	1254	183	1	63	0.0158730
NODE_1705_length_1750_cov_90.732283	1191	1254	189	1	63	0.0158730
NODE_1705_length_1750_cov_90.732283	1191	1254	190	1	63	0.0158730
NODE_1705_length_1750_cov_90.732283	1191	1254	197	1	63	0.0158730
NODE_1705_length_1750_cov_90.732283	1191	1254	198	1	63	0.0158730
NODE_1705_length_1750_cov_90.732283	1191	1254	200	1	63	0.0158730
NODE_1705_length_1750_cov_90.732283	1191	1254	201	1	63	0.0158730
NODE_1705_length_1750_cov_90.732283	1191	1254	203	1	63	0.0158730
NODE_1705_length_1750_cov_90.732283	1239	1310	177	2	71	0.0281690
NODE_1705_length_1750_cov_90.732283	1239	1310	178	1	71	0.0140845
NODE_1705_length_1750_cov_90.732283	1239	1310	179	3	71	0.0422535
NODE_1705_length_1750_cov_90.732283	1239	1310	180	1	71	0.0140845
NODE_1705_length_1750_cov_90.732283	1239	1310	182	1	71	0.0140845
NODE_1705_length_1750_cov_90.732283	1239	1310	189	1	71	0.0140845
NODE_1705_length_1750_cov_90.732283	1239	1310	190	1	71	0.0140845
NODE_1705_length_1750_cov_90.732283	1239	1310	197	1	71	0.0140845
NODE_1705_length_1750_cov_90.732283	1239	1310	198	1	71	0.0140845
NODE_1705_length_1750_cov_90.732283	1239	1310	200	1	71	0.0140845
NODE_1705_length_1750_cov_90.732283	1239	1310	201	1	71	0.0140845
NODE_1705_length_1750_cov_90.732283	1239	1310	203	1	71	0.0140845
NODE_1705_length_1750_cov_90.732283	1239	1310	208	1	71	0.0140845
NODE_1705_length_1750_cov_90.732283	1239	1310	214	1	71	0.0140845
NODE_1705_length_1750_cov_90.732283	1239	1310	224	2	71	0.0281690
NODE_1705_length_1750_cov_90.732283	1239	1310	226	1	71	0.0140845
NODE_1705_length_1750_cov_90.732283	1239	1310	229	1	71	0.0140845
NODE_1705_length_1750_cov_90.732283	1239	1310	232	1	71	0.0140845
NODE_1705_length_1750_cov_90.732283	1239	1310	233	1	71	0.0140845
NODE_1705_length_1750_cov_90.732283	1239	1310	234	3	71	0.0422535
NODE_1705_length_1750_cov_90.732283	1239	1310	235	1	71	0.0140845
NODE_1705_length_1750_cov_90.732283	1239	1310	237	2	71	0.0281690
NODE_1705_length_1750_cov_90.732283	1239	1310	239	2	71	0.0281690
NODE_1705_length_1750_cov_90.732283	1239	1310	241	2	71	0.0281690
NODE_1705_length_1750_cov_90.732283	1239	1310	243	4	71	0.0563380
NODE_1705_length_1750_cov_90.732283	1239	1310	244	1	71	0.0140845
NODE_1705_length_1750_cov_90.732283	1239	1310	248	1	71	0.0140845
NODE_1705_length_1750_cov_90.732283	1239	1310	250	1	71	0.0140845
NODE_1705_length_1750_cov_90.732283	1239	1310	252	1	71	0.0140845
NODE_1705_length_1750_cov_90.732283	1239	1310	258	1	71	0.0140845
NODE_1705_length_1750_cov_90.732283	1239	1310	259	1	71	0.0140845
NODE_1705_length_1750_cov_90.732283	1239	1310	260	7	71	0.0985916
NODE_1705_length_1750_cov_90.732283	1239	1310	261	4	71	0.0563380
NODE_1705_length_1750_cov_90.732283	1239	1310	262	5	71	0.0704225
NODE_1705_length_1750_cov_90.732283	1239	1310	263	1	71	0.0140845
NODE_1705_length_1750_cov_90.732283	1239	1310	264	1	71	0.0140845
NODE_1705_length_1750_cov_90.732283	1239	1310	265	1	71	0.0140845
NODE_1705_length_1750_cov_90.732283	1239	1310	268	2	71	0.0281690
NODE_1705_length_1750_cov_90.732283	1239	1310	270	4	71	0.0563380
NODE_1705_length_1750_cov_90.732283	1239	1310	271	1	71	0.0140845
NODE_1705_length_1750_cov_90.732283	1239	1310	272	2	71	0.0281690
NODE_1711_length_1746_cov_3.095932	458	524	0	66	66	1.0000000
NODE_1712_length_1745_cov_7.646416	430	510	4	80	80	1.0000000
NODE_1712_length_1745_cov_7.646416	483	563	0	37	80	0.4625000
NODE_1712_length_1745_cov_7.646416	483	563	4	43	80	0.5375000
NODE_1715_length_1744_cov_10.144681	1213	1289	0	14	76	0.1842105
NODE_1715_length_1744_cov_10.144681	1213	1289	1	6	76	0.0789474
NODE_1715_length_1744_cov_10.144681	1213	1289	3	3	76	0.0394737
NODE_1715_length_1744_cov_10.144681	1213	1289	4	6	76	0.0789474
NODE_1715_length_1744_cov_10.144681	1213	1289	6	1	76	0.0131579
NODE_1715_length_1744_cov_10.144681	1213	1289	8	46	76	0.6052632
NODE_1715_length_1744_cov_10.144681	1262	1342	8	80	80	1.0000000
NODE_1719_length_1742_cov_18.923311	699	776	0	77	77	1.0000000
NODE_1719_length_1742_cov_18.923311	749	829	0	80	80	1.0000000
NODE_1722_length_1741_cov_7.657734	1234	1314	0	80	80	1.0000000
NODE_1722_length_1741_cov_7.657734	1287	1367	0	80	80	1.0000000
NODE_1722_length_1741_cov_7.657734	1363	1443	0	80	80	1.0000000
NODE_1722_length_1741_cov_7.657734	1416	1496	0	80	80	1.0000000
NODE_1726_length_1740_cov_38.411335	517	597	0	42	80	0.5250000
NODE_1726_length_1740_cov_38.411335	517	597	2	38	80	0.4750000
NODE_1726_length_1740_cov_38.411335	570	650	0	80	80	1.0000000
NODE_1726_length_1740_cov_38.411335	646	726	0	42	80	0.5250000
NODE_1726_length_1740_cov_38.411335	646	726	4	38	80	0.4750000
NODE_1726_length_1740_cov_38.411335	699	779	4	80	80	1.0000000
NODE_1727_length_1740_cov_10.843388	552	632	2	18	80	0.2250000
NODE_1727_length_1740_cov_10.843388	552	632	4	62	80	0.7750000
NODE_1727_length_1740_cov_10.843388	708	788	0	80	80	1.0000000
NODE_1727_length_1740_cov_10.843388	708	788	0	80	80	1.0000000
NODE_1727_length_1740_cov_10.843388	708	788	0	80	80	1.0000000
NODE_1727_length_1740_cov_10.843388	761	841	0	70	80	0.8750000
NODE_1727_length_1740_cov_10.843388	761	841	2	10	80	0.1250000
NODE_1727_length_1740_cov_10.843388	761	808	0	47	47	1.0000000
NODE_1727_length_1740_cov_10.843388	761	808	0	47	47	1.0000000
NODE_1737_length_1736_cov_71.959682	841	901	84	1	60	0.0166667
NODE_1737_length_1736_cov_71.959682	841	901	87	3	60	0.0500000
NODE_1737_length_1736_cov_71.959682	841	901	88	3	60	0.0500000
NODE_1737_length_1736_cov_71.959682	841	901	89	3	60	0.0500000
NODE_1737_length_1736_cov_71.959682	841	901	96	2	60	0.0333333
NODE_1737_length_1736_cov_71.959682	841	901	98	3	60	0.0500000
NODE_1737_length_1736_cov_71.959682	841	901	100	4	60	0.0666667
NODE_1737_length_1736_cov_71.959682	841	901	102	1	60	0.0166667
NODE_1737_length_1736_cov_71.959682	841	901	104	3	60	0.0500000
NODE_1737_length_1736_cov_71.959682	841	901	105	1	60	0.0166667
NODE_1737_length_1736_cov_71.959682	841	901	106	6	60	0.1000000
NODE_1737_length_1736_cov_71.959682	841	901	108	1	60	0.0166667
NODE_1737_length_1736_cov_71.959682	841	901	112	8	60	0.1333333
NODE_1737_length_1736_cov_71.959682	841	901	114	1	60	0.0166667
NODE_1737_length_1736_cov_71.959682	841	901	116	6	60	0.1000000
NODE_1737_length_1736_cov_71.959682	841	901	117	11	60	0.1833333
NODE_1737_length_1736_cov_71.959682	841	901	119	3	60	0.0500000
NODE_1738_length_1736_cov_29.174710	1361	1390	163	1	29	0.0344828
NODE_1738_length_1736_cov_29.174710	1361	1390	167	5	29	0.1724138
NODE_1738_length_1736_cov_29.174710	1361	1390	169	1	29	0.0344828
NODE_1738_length_1736_cov_29.174710	1361	1390	170	1	29	0.0344828
NODE_1738_length_1736_cov_29.174710	1361	1390	171	2	29	0.0689655
NODE_1738_length_1736_cov_29.174710	1361	1390	173	3	29	0.1034483
NODE_1738_length_1736_cov_29.174710	1361	1390	174	1	29	0.0344828
NODE_1738_length_1736_cov_29.174710	1361	1390	175	1	29	0.0344828
NODE_1738_length_1736_cov_29.174710	1361	1390	176	1	29	0.0344828
NODE_1738_length_1736_cov_29.174710	1361	1390	177	1	29	0.0344828
NODE_1738_length_1736_cov_29.174710	1361	1390	178	6	29	0.2068966
NODE_1738_length_1736_cov_29.174710	1361	1390	181	3	29	0.1034483
NODE_1738_length_1736_cov_29.174710	1361	1390	182	2	29	0.0689655
NODE_1738_length_1736_cov_29.174710	1361	1390	183	1	29	0.0344828
NODE_1738_length_1736_cov_29.174710	1566	1628	228	1	62	0.0161290
NODE_1738_length_1736_cov_29.174710	1566	1628	230	1	62	0.0161290
NODE_1738_length_1736_cov_29.174710	1566	1628	232	2	62	0.0322581
NODE_1738_length_1736_cov_29.174710	1566	1628	234	4	62	0.0645161
NODE_1738_length_1736_cov_29.174710	1566	1628	236	2	62	0.0322581
NODE_1738_length_1736_cov_29.174710	1566	1628	240	2	62	0.0322581
NODE_1738_length_1736_cov_29.174710	1566	1628	241	1	62	0.0161290
NODE_1738_length_1736_cov_29.174710	1566	1628	242	1	62	0.0161290
NODE_1738_length_1736_cov_29.174710	1566	1628	256	1	62	0.0161290
NODE_1738_length_1736_cov_29.174710	1566	1628	261	1	62	0.0161290
NODE_1738_length_1736_cov_29.174710	1566	1628	274	1	62	0.0161290
NODE_1738_length_1736_cov_29.174710	1566	1628	275	1	62	0.0161290
NODE_1738_length_1736_cov_29.174710	1566	1628	277	1	62	0.0161290
NODE_1738_length_1736_cov_29.174710	1566	1628	279	1	62	0.0161290
NODE_1738_length_1736_cov_29.174710	1566	1628	281	1	62	0.0161290
NODE_1738_length_1736_cov_29.174710	1566	1628	293	1	62	0.0161290
NODE_1738_length_1736_cov_29.174710	1566	1628	294	1	62	0.0161290
NODE_1738_length_1736_cov_29.174710	1566	1628	295	1	62	0.0161290
NODE_1738_length_1736_cov_29.174710	1566	1628	298	2	62	0.0322581
NODE_1738_length_1736_cov_29.174710	1566	1628	299	1	62	0.0161290
NODE_1738_length_1736_cov_29.174710	1566	1628	300	2	62	0.0322581
NODE_1738_length_1736_cov_29.174710	1566	1628	301	2	62	0.0322581
NODE_1738_length_1736_cov_29.174710	1566	1628	302	5	62	0.0806452
NODE_1738_length_1736_cov_29.174710	1566	1628	303	3	62	0.0483871
NODE_1738_length_1736_cov_29.174710	1566	1628	304	3	62	0.0483871
NODE_1738_length_1736_cov_29.174710	1566	1628	305	2	62	0.0322581
NODE_1738_length_1736_cov_29.174710	1566	1628	306	2	62	0.0322581
NODE_1738_length_1736_cov_29.174710	1566	1628	307	3	62	0.0483871
NODE_1738_length_1736_cov_29.174710	1566	1628	308	2	62	0.0322581
NODE_1738_length_1736_cov_29.174710	1566	1628	309	3	62	0.0483871
NODE_1738_length_1736_cov_29.174710	1566	1628	310	3	62	0.0483871
NODE_1738_length_1736_cov_29.174710	1566	1628	311	1	62	0.0161290
NODE_1738_length_1736_cov_29.174710	1566	1628	312	1	62	0.0161290
NODE_1738_length_1736_cov_29.174710	1566	1628	315	1	62	0.0161290
NODE_1738_length_1736_cov_29.174710	1566	1628	316	1	62	0.0161290
NODE_1738_length_1736_cov_29.174710	1566	1628	320	1	62	0.0161290
NODE_1743_length_1732_cov_6.162890	807	887	4	80	80	1.0000000
NODE_1743_length_1732_cov_6.162890	860	940	0	51	80	0.6375000
NODE_1743_length_1732_cov_6.162890	860	940	2	2	80	0.0250000
NODE_1743_length_1732_cov_6.162890	860	940	4	27	80	0.3375000
NODE_1749_length_1729_cov_23.708589	364	443	4	79	79	1.0000000
NODE_1749_length_1729_cov_23.708589	416	496	2	44	80	0.5500000
NODE_1749_length_1729_cov_23.708589	416	496	4	36	80	0.4500000
NODE_1749_length_1729_cov_23.708589	492	572	0	75	80	0.9375000
NODE_1749_length_1729_cov_23.708589	492	572	2	5	80	0.0625000
NODE_1749_length_1729_cov_23.708589	545	625	0	80	80	1.0000000
NODE_1753_length_1728_cov_26.505832	259	339	0	16	80	0.2000000
NODE_1753_length_1728_cov_26.505832	259	339	4	8	80	0.1000000
NODE_1753_length_1728_cov_26.505832	259	339	6	56	80	0.7000000
NODE_1753_length_1728_cov_26.505832	312	392	0	43	80	0.5375000
NODE_1753_length_1728_cov_26.505832	312	392	6	37	80	0.4625000
NODE_1757_length_1725_cov_142.158057	767	814	551	1	47	0.0212766
NODE_1757_length_1725_cov_142.158057	767	814	554	1	47	0.0212766
NODE_1757_length_1725_cov_142.158057	767	814	556	2	47	0.0425532
NODE_1757_length_1725_cov_142.158057	767	814	559	1	47	0.0212766
NODE_1757_length_1725_cov_142.158057	767	814	563	2	47	0.0425532
NODE_1757_length_1725_cov_142.158057	767	814	567	1	47	0.0212766
NODE_1757_length_1725_cov_142.158057	767	814	573	1	47	0.0212766
NODE_1757_length_1725_cov_142.158057	767	814	575	1	47	0.0212766
NODE_1757_length_1725_cov_142.158057	767	814	576	1	47	0.0212766
NODE_1757_length_1725_cov_142.158057	767	814	579	1	47	0.0212766
NODE_1757_length_1725_cov_142.158057	767	814	589	1	47	0.0212766
NODE_1757_length_1725_cov_142.158057	767	814	597	1	47	0.0212766
NODE_1757_length_1725_cov_142.158057	767	814	598	1	47	0.0212766
NODE_1757_length_1725_cov_142.158057	767	814	600	3	47	0.0638298
NODE_1757_length_1725_cov_142.158057	767	814	601	1	47	0.0212766
NODE_1757_length_1725_cov_142.158057	767	814	609	3	47	0.0638298
NODE_1757_length_1725_cov_142.158057	767	814	623	1	47	0.0212766
NODE_1757_length_1725_cov_142.158057	767	814	635	1	47	0.0212766
NODE_1757_length_1725_cov_142.158057	767	814	644	1	47	0.0212766
NODE_1757_length_1725_cov_142.158057	767	814	646	1	47	0.0212766
NODE_1757_length_1725_cov_142.158057	767	814	648	1	47	0.0212766
NODE_1757_length_1725_cov_142.158057	767	814	673	2	47	0.0425532
NODE_1757_length_1725_cov_142.158057	767	814	677	1	47	0.0212766
NODE_1757_length_1725_cov_142.158057	767	814	681	1	47	0.0212766
NODE_1757_length_1725_cov_142.158057	767	814	682	2	47	0.0425532
NODE_1757_length_1725_cov_142.158057	767	814	683	1	47	0.0212766
NODE_1757_length_1725_cov_142.158057	767	814	685	1	47	0.0212766
NODE_1757_length_1725_cov_142.158057	767	814	697	1	47	0.0212766
NODE_1757_length_1725_cov_142.158057	767	814	699	2	47	0.0425532
NODE_1757_length_1725_cov_142.158057	767	814	701	1	47	0.0212766
NODE_1757_length_1725_cov_142.158057	767	814	703	1	47	0.0212766
NODE_1757_length_1725_cov_142.158057	767	814	704	1	47	0.0212766
NODE_1757_length_1725_cov_142.158057	767	814	705	3	47	0.0638298
NODE_1757_length_1725_cov_142.158057	767	814	712	1	47	0.0212766
NODE_1757_length_1725_cov_142.158057	767	814	713	1	47	0.0212766
NODE_1757_length_1725_cov_142.158057	767	814	714	1	47	0.0212766
NODE_1757_length_1725_cov_142.158057	803	867	558	2	64	0.0312500
NODE_1757_length_1725_cov_142.158057	803	867	563	2	64	0.0312500
NODE_1757_length_1725_cov_142.158057	803	867	568	1	64	0.0156250
NODE_1757_length_1725_cov_142.158057	803	867	572	1	64	0.0156250
NODE_1757_length_1725_cov_142.158057	803	867	574	2	64	0.0312500
NODE_1757_length_1725_cov_142.158057	803	867	586	1	64	0.0156250
NODE_1757_length_1725_cov_142.158057	803	867	587	1	64	0.0156250
NODE_1757_length_1725_cov_142.158057	803	867	598	1	64	0.0156250
NODE_1757_length_1725_cov_142.158057	803	867	602	1	64	0.0156250
NODE_1757_length_1725_cov_142.158057	803	867	609	1	64	0.0156250
NODE_1757_length_1725_cov_142.158057	803	867	612	1	64	0.0156250
NODE_1757_length_1725_cov_142.158057	803	867	623	1	64	0.0156250
NODE_1757_length_1725_cov_142.158057	803	867	630	1	64	0.0156250
NODE_1757_length_1725_cov_142.158057	803	867	644	1	64	0.0156250
NODE_1757_length_1725_cov_142.158057	803	867	648	1	64	0.0156250
NODE_1757_length_1725_cov_142.158057	803	867	656	1	64	0.0156250
NODE_1757_length_1725_cov_142.158057	803	867	658	1	64	0.0156250
NODE_1757_length_1725_cov_142.158057	803	867	676	1	64	0.0156250
NODE_1757_length_1725_cov_142.158057	803	867	682	1	64	0.0156250
NODE_1757_length_1725_cov_142.158057	803	867	684	1	64	0.0156250
NODE_1757_length_1725_cov_142.158057	803	867	686	2	64	0.0312500
NODE_1757_length_1725_cov_142.158057	803	867	694	2	64	0.0312500
NODE_1757_length_1725_cov_142.158057	803	867	696	1	64	0.0156250
NODE_1757_length_1725_cov_142.158057	803	867	697	1	64	0.0156250
NODE_1757_length_1725_cov_142.158057	803	867	699	1	64	0.0156250
NODE_1757_length_1725_cov_142.158057	803	867	700	1	64	0.0156250
NODE_1757_length_1725_cov_142.158057	803	867	701	2	64	0.0312500
NODE_1757_length_1725_cov_142.158057	803	867	703	2	64	0.0312500
NODE_1757_length_1725_cov_142.158057	803	867	704	1	64	0.0156250
NODE_1757_length_1725_cov_142.158057	803	867	705	3	64	0.0468750
NODE_1757_length_1725_cov_142.158057	803	867	708	1	64	0.0156250
NODE_1757_length_1725_cov_142.158057	803	867	710	2	64	0.0312500
NODE_1757_length_1725_cov_142.158057	803	867	711	1	64	0.0156250
NODE_1757_length_1725_cov_142.158057	803	867	712	2	64	0.0312500
NODE_1757_length_1725_cov_142.158057	803	867	713	3	64	0.0468750
NODE_1757_length_1725_cov_142.158057	803	867	714	2	64	0.0312500
NODE_1757_length_1725_cov_142.158057	803	867	715	3	64	0.0468750
NODE_1757_length_1725_cov_142.158057	803	867	716	1	64	0.0156250
NODE_1757_length_1725_cov_142.158057	803	867	717	1	64	0.0156250
NODE_1757_length_1725_cov_142.158057	803	867	719	1	64	0.0156250
NODE_1757_length_1725_cov_142.158057	803	867	720	2	64	0.0312500
NODE_1757_length_1725_cov_142.158057	803	867	721	2	64	0.0312500
NODE_1757_length_1725_cov_142.158057	803	867	725	2	64	0.0312500
NODE_1757_length_1725_cov_142.158057	803	867	729	2	64	0.0312500
NODE_1759_length_1724_cov_17.931077	677	746	0	69	69	1.0000000
NODE_1759_length_1724_cov_17.931077	788	850	0	9	62	0.1451613
NODE_1759_length_1724_cov_17.931077	788	850	7	21	62	0.3387097
NODE_1759_length_1724_cov_17.931077	788	850	9	15	62	0.2419355
NODE_1759_length_1724_cov_17.931077	788	850	10	17	62	0.2741936
NODE_1761_length_1723_cov_35.355296	1174	1254	2	80	80	1.0000000
NODE_1761_length_1723_cov_35.355296	1227	1307	0	53	80	0.6625000
NODE_1761_length_1723_cov_35.355296	1227	1307	2	27	80	0.3375000
NODE_1763_length_1722_cov_13.235367	708	788	0	71	80	0.8875000
NODE_1763_length_1722_cov_13.235367	708	788	2	9	80	0.1125000
NODE_1763_length_1722_cov_13.235367	761	841	0	18	80	0.2250000
NODE_1763_length_1722_cov_13.235367	761	841	2	62	80	0.7750000
NODE_1763_length_1722_cov_13.235367	1319	1399	0	80	80	1.0000000
NODE_1763_length_1722_cov_13.235367	1372	1452	0	80	80	1.0000000
NODE_1765_length_1720_cov_27.328192	1248	1307	48	16	59	0.2711864
NODE_1765_length_1720_cov_27.328192	1248	1307	50	10	59	0.1694915
NODE_1765_length_1720_cov_27.328192	1248	1307	53	6	59	0.1016949
NODE_1765_length_1720_cov_27.328192	1248	1307	55	27	59	0.4576271
NODE_1765_length_1720_cov_27.328192	1280	1360	18	10	80	0.1250000
NODE_1765_length_1720_cov_27.328192	1280	1360	25	10	80	0.1250000
NODE_1765_length_1720_cov_27.328192	1280	1360	26	1	80	0.0125000
NODE_1765_length_1720_cov_27.328192	1280	1360	33	12	80	0.1500000
NODE_1765_length_1720_cov_27.328192	1280	1360	39	2	80	0.0250000
NODE_1765_length_1720_cov_27.328192	1280	1360	45	2	80	0.0250000
NODE_1765_length_1720_cov_27.328192	1280	1360	47	8	80	0.1000000
NODE_1765_length_1720_cov_27.328192	1280	1360	49	8	80	0.1000000
NODE_1765_length_1720_cov_27.328192	1280	1360	53	6	80	0.0750000
NODE_1765_length_1720_cov_27.328192	1280	1360	55	21	80	0.2625000
NODE_1766_length_1720_cov_4.129550	241	321	0	80	80	1.0000000
NODE_1766_length_1720_cov_4.129550	294	374	0	80	80	1.0000000
NODE_1768_length_1719_cov_9.878395	410	490	2	24	80	0.3000000
NODE_1768_length_1719_cov_9.878395	410	490	4	56	80	0.7000000
NODE_1768_length_1719_cov_9.878395	463	543	0	35	80	0.4375000
NODE_1768_length_1719_cov_9.878395	463	543	2	24	80	0.3000000
NODE_1768_length_1719_cov_9.878395	463	543	4	21	80	0.2625000
NODE_1768_length_1719_cov_9.878395	539	619	0	80	80	1.0000000
NODE_1768_length_1719_cov_9.878395	592	672	0	80	80	1.0000000
NODE_1772_length_1717_cov_5.159456	145	219	2	2	74	0.0270270
NODE_1772_length_1717_cov_5.159456	145	219	4	3	74	0.0405405
NODE_1772_length_1717_cov_5.159456	145	219	6	1	74	0.0135135
NODE_1772_length_1717_cov_5.159456	145	219	8	1	74	0.0135135
NODE_1772_length_1717_cov_5.159456	145	219	16	2	74	0.0270270
NODE_1772_length_1717_cov_5.159456	145	219	20	1	74	0.0135135
NODE_1772_length_1717_cov_5.159456	145	219	23	3	74	0.0405405
NODE_1772_length_1717_cov_5.159456	145	219	25	2	74	0.0270270
NODE_1772_length_1717_cov_5.159456	145	219	27	3	74	0.0405405
NODE_1772_length_1717_cov_5.159456	145	219	29	1	74	0.0135135
NODE_1772_length_1717_cov_5.159456	145	219	31	6	74	0.0810811
NODE_1772_length_1717_cov_5.159456	145	219	42	2	74	0.0270270
NODE_1772_length_1717_cov_5.159456	145	219	43	1	74	0.0135135
NODE_1772_length_1717_cov_5.159456	145	219	45	1	74	0.0135135
NODE_1772_length_1717_cov_5.159456	145	219	47	4	74	0.0540541
NODE_1772_length_1717_cov_5.159456	145	219	48	1	74	0.0135135
NODE_1772_length_1717_cov_5.159456	145	219	50	2	74	0.0270270
NODE_1772_length_1717_cov_5.159456	145	219	52	3	74	0.0405405
NODE_1772_length_1717_cov_5.159456	145	219	60	4	74	0.0540541
NODE_1772_length_1717_cov_5.159456	145	219	62	2	74	0.0270270
NODE_1772_length_1717_cov_5.159456	145	219	66	2	74	0.0270270
NODE_1772_length_1717_cov_5.159456	145	219	68	1	74	0.0135135
NODE_1772_length_1717_cov_5.159456	145	219	70	2	74	0.0270270
NODE_1772_length_1717_cov_5.159456	145	219	72	5	74	0.0675676
NODE_1772_length_1717_cov_5.159456	145	219	74	1	74	0.0135135
NODE_1772_length_1717_cov_5.159456	145	219	76	1	74	0.0135135
NODE_1772_length_1717_cov_5.159456	145	219	78	9	74	0.1216216
NODE_1772_length_1717_cov_5.159456	145	219	80	3	74	0.0405405
NODE_1772_length_1717_cov_5.159456	145	219	82	5	74	0.0675676
NODE_1772_length_1717_cov_5.159456	1450	1508	4	48	58	0.8275862
NODE_1772_length_1717_cov_5.159456	1450	1508	6	10	58	0.1724138
NODE_1772_length_1717_cov_5.159456	1503	1561	4	28	58	0.4827586
NODE_1772_length_1717_cov_5.159456	1503	1561	6	30	58	0.5172414
NODE_1778_length_1715_cov_12.607054	555	635	0	80	80	1.0000000
NODE_1778_length_1715_cov_12.607054	608	688	0	80	80	1.0000000
NODE_1778_length_1715_cov_12.607054	684	764	0	23	80	0.2875000
NODE_1778_length_1715_cov_12.607054	684	764	4	57	80	0.7125000
NODE_1778_length_1715_cov_12.607054	737	817	0	21	80	0.2625000
NODE_1778_length_1715_cov_12.607054	737	817	4	59	80	0.7375000
NODE_1788_length_1707_cov_16.909204	397	477	0	35	80	0.4375000
NODE_1788_length_1707_cov_16.909204	397	477	2	45	80	0.5625000
NODE_1788_length_1707_cov_16.909204	450	530	2	71	80	0.8875000
NODE_1788_length_1707_cov_16.909204	450	530	4	9	80	0.1125000
NODE_1788_length_1707_cov_16.909204	1151	1231	6	80	80	1.0000000
NODE_1788_length_1707_cov_16.909204	1204	1284	0	45	80	0.5625000
NODE_1788_length_1707_cov_16.909204	1204	1284	6	35	80	0.4375000
NODE_1792_length_1705_cov_19.645081	451	531	0	80	80	1.0000000
NODE_1792_length_1705_cov_19.645081	504	584	0	80	80	1.0000000
NODE_1792_length_1705_cov_19.645081	580	660	0	80	80	1.0000000
NODE_1792_length_1705_cov_19.645081	633	714	0	81	81	1.0000000
NODE_1792_length_1705_cov_19.645081	1315	1395	0	6	80	0.0750000
NODE_1792_length_1705_cov_19.645081	1315	1395	2	10	80	0.1250000
NODE_1792_length_1705_cov_19.645081	1315	1395	6	18	80	0.2250000
NODE_1792_length_1705_cov_19.645081	1315	1395	8	8	80	0.1000000
NODE_1792_length_1705_cov_19.645081	1315	1395	10	38	80	0.4750000
NODE_1792_length_1705_cov_19.645081	1368	1448	0	9	80	0.1125000
NODE_1792_length_1705_cov_19.645081	1368	1448	4	11	80	0.1375000
NODE_1792_length_1705_cov_19.645081	1368	1448	8	41	80	0.5125000
NODE_1792_length_1705_cov_19.645081	1368	1448	10	19	80	0.2375000
NODE_1796_length_1703_cov_26.016833	1201	1264	4	49	63	0.7777778
NODE_1796_length_1703_cov_26.016833	1201	1264	6	3	63	0.0476190
NODE_1796_length_1703_cov_26.016833	1201	1264	15	1	63	0.0158730
NODE_1796_length_1703_cov_26.016833	1201	1264	39	2	63	0.0317460
NODE_1796_length_1703_cov_26.016833	1201	1264	58	1	63	0.0158730
NODE_1796_length_1703_cov_26.016833	1201	1264	60	2	63	0.0317460
NODE_1796_length_1703_cov_26.016833	1201	1264	64	1	63	0.0158730
NODE_1796_length_1703_cov_26.016833	1201	1264	68	1	63	0.0158730
NODE_1796_length_1703_cov_26.016833	1201	1264	70	3	63	0.0476190
NODE_1796_length_1703_cov_26.016833	1207	1264	4	49	57	0.8596491
NODE_1796_length_1703_cov_26.016833	1207	1264	6	3	57	0.0526316
NODE_1796_length_1703_cov_26.016833	1207	1264	15	1	57	0.0175439
NODE_1796_length_1703_cov_26.016833	1207	1264	39	2	57	0.0350877
NODE_1796_length_1703_cov_26.016833	1207	1264	58	1	57	0.0175439
NODE_1796_length_1703_cov_26.016833	1207	1264	60	1	57	0.0175439
NODE_1796_length_1703_cov_26.016833	1207	1264	4	49	57	0.8596491
NODE_1796_length_1703_cov_26.016833	1207	1264	6	3	57	0.0526316
NODE_1796_length_1703_cov_26.016833	1207	1264	15	1	57	0.0175439
NODE_1796_length_1703_cov_26.016833	1207	1264	39	2	57	0.0350877
NODE_1796_length_1703_cov_26.016833	1207	1264	58	1	57	0.0175439
NODE_1796_length_1703_cov_26.016833	1207	1264	60	1	57	0.0175439
NODE_1799_length_1701_cov_15.969413	1490	1565	21	1	75	0.0133333
NODE_1799_length_1701_cov_15.969413	1490	1565	23	1	75	0.0133333
NODE_1799_length_1701_cov_15.969413	1490	1565	29	1	75	0.0133333
NODE_1799_length_1701_cov_15.969413	1490	1565	35	1	75	0.0133333
NODE_1799_length_1701_cov_15.969413	1490	1565	40	2	75	0.0266667
NODE_1799_length_1701_cov_15.969413	1490	1565	42	2	75	0.0266667
NODE_1799_length_1701_cov_15.969413	1490	1565	52	1	75	0.0133333
NODE_1799_length_1701_cov_15.969413	1490	1565	53	1	75	0.0133333
NODE_1799_length_1701_cov_15.969413	1490	1565	56	1	75	0.0133333
NODE_1799_length_1701_cov_15.969413	1490	1565	57	1	75	0.0133333
NODE_1799_length_1701_cov_15.969413	1490	1565	59	1	75	0.0133333
NODE_1799_length_1701_cov_15.969413	1490	1565	61	1	75	0.0133333
NODE_1799_length_1701_cov_15.969413	1490	1565	63	1	75	0.0133333
NODE_1799_length_1701_cov_15.969413	1490	1565	64	1	75	0.0133333
NODE_1799_length_1701_cov_15.969413	1490	1565	66	1	75	0.0133333
NODE_1799_length_1701_cov_15.969413	1490	1565	74	3	75	0.0400000
NODE_1799_length_1701_cov_15.969413	1490	1565	77	1	75	0.0133333
NODE_1799_length_1701_cov_15.969413	1490	1565	85	1	75	0.0133333
NODE_1799_length_1701_cov_15.969413	1490	1565	87	1	75	0.0133333
NODE_1799_length_1701_cov_15.969413	1490	1565	89	1	75	0.0133333
NODE_1799_length_1701_cov_15.969413	1490	1565	97	1	75	0.0133333
NODE_1799_length_1701_cov_15.969413	1490	1565	98	1	75	0.0133333
NODE_1799_length_1701_cov_15.969413	1490	1565	99	2	75	0.0266667
NODE_1799_length_1701_cov_15.969413	1490	1565	101	1	75	0.0133333
NODE_1799_length_1701_cov_15.969413	1490	1565	102	2	75	0.0266667
NODE_1799_length_1701_cov_15.969413	1490	1565	104	3	75	0.0400000
NODE_1799_length_1701_cov_15.969413	1490	1565	108	2	75	0.0266667
NODE_1799_length_1701_cov_15.969413	1490	1565	111	1	75	0.0133333
NODE_1799_length_1701_cov_15.969413	1490	1565	119	1	75	0.0133333
NODE_1799_length_1701_cov_15.969413	1490	1565	121	2	75	0.0266667
NODE_1799_length_1701_cov_15.969413	1490	1565	125	3	75	0.0400000
NODE_1799_length_1701_cov_15.969413	1490	1565	129	2	75	0.0266667
NODE_1799_length_1701_cov_15.969413	1490	1565	131	1	75	0.0133333
NODE_1799_length_1701_cov_15.969413	1490	1565	132	2	75	0.0266667
NODE_1799_length_1701_cov_15.969413	1490	1565	134	3	75	0.0400000
NODE_1799_length_1701_cov_15.969413	1490	1565	136	1	75	0.0133333
NODE_1799_length_1701_cov_15.969413	1490	1565	137	1	75	0.0133333
NODE_1799_length_1701_cov_15.969413	1490	1565	138	1	75	0.0133333
NODE_1799_length_1701_cov_15.969413	1490	1565	142	1	75	0.0133333
NODE_1799_length_1701_cov_15.969413	1490	1565	145	2	75	0.0266667
NODE_1799_length_1701_cov_15.969413	1490	1565	147	2	75	0.0266667
NODE_1799_length_1701_cov_15.969413	1490	1565	156	1	75	0.0133333
NODE_1799_length_1701_cov_15.969413	1490	1565	157	2	75	0.0266667
NODE_1799_length_1701_cov_15.969413	1490	1565	158	2	75	0.0266667
NODE_1799_length_1701_cov_15.969413	1490	1565	159	1	75	0.0133333
NODE_1799_length_1701_cov_15.969413	1490	1565	163	2	75	0.0266667
NODE_1799_length_1701_cov_15.969413	1490	1565	168	4	75	0.0533333
NODE_1799_length_1701_cov_15.969413	1490	1565	173	1	75	0.0133333
NODE_1799_length_1701_cov_15.969413	1490	1565	174	1	75	0.0133333
NODE_1799_length_1701_cov_15.969413	1490	1565	176	1	75	0.0133333
NODE_1799_length_1701_cov_15.969413	1490	1565	180	1	75	0.0133333
NODE_1799_length_1701_cov_15.969413	1538	1603	134	3	65	0.0461538
NODE_1799_length_1701_cov_15.969413	1538	1603	136	1	65	0.0153846
NODE_1799_length_1701_cov_15.969413	1538	1603	137	1	65	0.0153846
NODE_1799_length_1701_cov_15.969413	1538	1603	138	1	65	0.0153846
NODE_1799_length_1701_cov_15.969413	1538	1603	142	1	65	0.0153846
NODE_1799_length_1701_cov_15.969413	1538	1603	145	2	65	0.0307692
NODE_1799_length_1701_cov_15.969413	1538	1603	147	2	65	0.0307692
NODE_1799_length_1701_cov_15.969413	1538	1603	156	1	65	0.0153846
NODE_1799_length_1701_cov_15.969413	1538	1603	157	2	65	0.0307692
NODE_1799_length_1701_cov_15.969413	1538	1603	158	2	65	0.0307692
NODE_1799_length_1701_cov_15.969413	1538	1603	159	1	65	0.0153846
NODE_1799_length_1701_cov_15.969413	1538	1603	163	2	65	0.0307692
NODE_1799_length_1701_cov_15.969413	1538	1603	168	4	65	0.0615385
NODE_1799_length_1701_cov_15.969413	1538	1603	173	1	65	0.0153846
NODE_1799_length_1701_cov_15.969413	1538	1603	174	1	65	0.0153846
NODE_1799_length_1701_cov_15.969413	1538	1603	176	1	65	0.0153846
NODE_1799_length_1701_cov_15.969413	1538	1603	180	1	65	0.0153846
NODE_1799_length_1701_cov_15.969413	1538	1603	182	1	65	0.0153846
NODE_1799_length_1701_cov_15.969413	1538	1603	183	1	65	0.0153846
NODE_1799_length_1701_cov_15.969413	1538	1603	185	6	65	0.0923077
NODE_1799_length_1701_cov_15.969413	1538	1603	186	5	65	0.0769231
NODE_1799_length_1701_cov_15.969413	1538	1603	187	2	65	0.0307692
NODE_1799_length_1701_cov_15.969413	1538	1603	189	4	65	0.0615385
NODE_1799_length_1701_cov_15.969413	1538	1603	199	7	65	0.1076923
NODE_1799_length_1701_cov_15.969413	1538	1603	201	6	65	0.0923077
NODE_1799_length_1701_cov_15.969413	1538	1603	202	6	65	0.0923077
NODE_1800_length_1701_cov_13.549313	607	687	20	20	80	0.2500000
NODE_1800_length_1701_cov_13.549313	607	687	26	10	80	0.1250000
NODE_1800_length_1701_cov_13.549313	607	687	28	50	80	0.6250000
NODE_1800_length_1701_cov_13.549313	660	740	20	12	80	0.1500000
NODE_1800_length_1701_cov_13.549313	660	740	26	22	80	0.2750000
NODE_1800_length_1701_cov_13.549313	660	740	28	46	80	0.5750000
NODE_1805_length_1700_cov_20.003123	1168	1197	249	1	29	0.0344828
NODE_1805_length_1700_cov_20.003123	1168	1197	251	1	29	0.0344828
NODE_1805_length_1700_cov_20.003123	1168	1197	252	3	29	0.1034483
NODE_1805_length_1700_cov_20.003123	1168	1197	254	1	29	0.0344828
NODE_1805_length_1700_cov_20.003123	1168	1197	255	1	29	0.0344828
NODE_1805_length_1700_cov_20.003123	1168	1197	258	1	29	0.0344828
NODE_1805_length_1700_cov_20.003123	1168	1197	259	1	29	0.0344828
NODE_1805_length_1700_cov_20.003123	1168	1197	261	1	29	0.0344828
NODE_1805_length_1700_cov_20.003123	1168	1197	262	1	29	0.0344828
NODE_1805_length_1700_cov_20.003123	1168	1197	263	2	29	0.0689655
NODE_1805_length_1700_cov_20.003123	1168	1197	264	1	29	0.0344828
NODE_1805_length_1700_cov_20.003123	1168	1197	266	1	29	0.0344828
NODE_1805_length_1700_cov_20.003123	1168	1197	267	4	29	0.1379310
NODE_1805_length_1700_cov_20.003123	1168	1197	271	2	29	0.0689655
NODE_1805_length_1700_cov_20.003123	1168	1197	274	1	29	0.0344828
NODE_1805_length_1700_cov_20.003123	1168	1197	275	1	29	0.0344828
NODE_1805_length_1700_cov_20.003123	1168	1197	276	1	29	0.0344828
NODE_1805_length_1700_cov_20.003123	1168	1197	278	3	29	0.1034483
NODE_1805_length_1700_cov_20.003123	1168	1197	284	1	29	0.0344828
NODE_1805_length_1700_cov_20.003123	1168	1197	285	1	29	0.0344828
NODE_1805_length_1700_cov_20.003123	1184	1263	249	1	79	0.0126582
NODE_1805_length_1700_cov_20.003123	1184	1263	251	1	79	0.0126582
NODE_1805_length_1700_cov_20.003123	1184	1263	254	1	79	0.0126582
NODE_1805_length_1700_cov_20.003123	1184	1263	257	1	79	0.0126582
NODE_1805_length_1700_cov_20.003123	1184	1263	258	4	79	0.0506329
NODE_1805_length_1700_cov_20.003123	1184	1263	259	2	79	0.0253165
NODE_1805_length_1700_cov_20.003123	1184	1263	260	2	79	0.0253165
NODE_1805_length_1700_cov_20.003123	1184	1263	261	1	79	0.0126582
NODE_1805_length_1700_cov_20.003123	1184	1263	262	1	79	0.0126582
NODE_1805_length_1700_cov_20.003123	1184	1263	263	1	79	0.0126582
NODE_1805_length_1700_cov_20.003123	1184	1263	264	1	79	0.0126582
NODE_1805_length_1700_cov_20.003123	1184	1263	265	1	79	0.0126582
NODE_1805_length_1700_cov_20.003123	1184	1263	267	3	79	0.0379747
NODE_1805_length_1700_cov_20.003123	1184	1263	269	3	79	0.0379747
NODE_1805_length_1700_cov_20.003123	1184	1263	270	2	79	0.0253165
NODE_1805_length_1700_cov_20.003123	1184	1263	271	1	79	0.0126582
NODE_1805_length_1700_cov_20.003123	1184	1263	274	2	79	0.0253165
NODE_1805_length_1700_cov_20.003123	1184	1263	280	1	79	0.0126582
NODE_1805_length_1700_cov_20.003123	1184	1263	282	1	79	0.0126582
NODE_1805_length_1700_cov_20.003123	1184	1263	284	1	79	0.0126582
NODE_1805_length_1700_cov_20.003123	1184	1263	286	5	79	0.0632911
NODE_1805_length_1700_cov_20.003123	1184	1263	287	1	79	0.0126582
NODE_1805_length_1700_cov_20.003123	1184	1263	288	2	79	0.0253165
NODE_1805_length_1700_cov_20.003123	1184	1263	290	4	79	0.0506329
NODE_1805_length_1700_cov_20.003123	1184	1263	293	1	79	0.0126582
NODE_1805_length_1700_cov_20.003123	1184	1263	294	2	79	0.0253165
NODE_1805_length_1700_cov_20.003123	1184	1263	295	1	79	0.0126582
NODE_1805_length_1700_cov_20.003123	1184	1263	296	1	79	0.0126582
NODE_1805_length_1700_cov_20.003123	1184	1263	297	1	79	0.0126582
NODE_1805_length_1700_cov_20.003123	1184	1263	298	1	79	0.0126582
NODE_1805_length_1700_cov_20.003123	1184	1263	304	1	79	0.0126582
NODE_1805_length_1700_cov_20.003123	1184	1263	306	1	79	0.0126582
NODE_1805_length_1700_cov_20.003123	1184	1263	307	1	79	0.0126582
NODE_1805_length_1700_cov_20.003123	1184	1263	308	1	79	0.0126582
NODE_1805_length_1700_cov_20.003123	1184	1263	309	1	79	0.0126582
NODE_1805_length_1700_cov_20.003123	1184	1263	311	1	79	0.0126582
NODE_1805_length_1700_cov_20.003123	1184	1263	312	2	79	0.0253165
NODE_1805_length_1700_cov_20.003123	1184	1263	313	1	79	0.0126582
NODE_1805_length_1700_cov_20.003123	1184	1263	315	1	79	0.0126582
NODE_1805_length_1700_cov_20.003123	1184	1263	318	2	79	0.0253165
NODE_1805_length_1700_cov_20.003123	1184	1263	320	1	79	0.0126582
NODE_1805_length_1700_cov_20.003123	1184	1263	325	1	79	0.0126582
NODE_1805_length_1700_cov_20.003123	1184	1263	329	2	79	0.0253165
NODE_1805_length_1700_cov_20.003123	1184	1263	330	1	79	0.0126582
NODE_1805_length_1700_cov_20.003123	1184	1263	333	2	79	0.0253165
NODE_1805_length_1700_cov_20.003123	1184	1263	334	1	79	0.0126582
NODE_1805_length_1700_cov_20.003123	1184	1263	335	1	79	0.0126582
NODE_1805_length_1700_cov_20.003123	1184	1263	336	5	79	0.0632911
NODE_1805_length_1700_cov_20.003123	1184	1263	338	1	79	0.0126582
NODE_1805_length_1700_cov_20.003123	1184	1263	340	1	79	0.0126582
NODE_1805_length_1700_cov_20.003123	1184	1263	342	1	79	0.0126582
NODE_1810_length_1698_cov_19.175735	1001	1081	8	80	80	1.0000000
NODE_1810_length_1698_cov_19.175735	1054	1134	0	26	80	0.3250000
NODE_1810_length_1698_cov_19.175735	1054	1134	8	54	80	0.6750000
NODE_1814_length_1696_cov_11.494678	590	670	3	74	80	0.9250000
NODE_1814_length_1696_cov_11.494678	590	670	4	6	80	0.0750000
NODE_1814_length_1696_cov_11.494678	643	723	2	34	80	0.4250000
NODE_1814_length_1696_cov_11.494678	643	723	3	21	80	0.2625000
NODE_1814_length_1696_cov_11.494678	643	723	4	25	80	0.3125000
NODE_1815_length_1696_cov_6.620539	369	449	0	37	80	0.4625000
NODE_1815_length_1696_cov_6.620539	369	449	2	43	80	0.5375000
NODE_1815_length_1696_cov_6.620539	422	502	0	7	80	0.0875000
NODE_1815_length_1696_cov_6.620539	422	502	2	73	80	0.9125000
NODE_1816_length_1695_cov_27.783208	399	479	10	8	80	0.1000000
NODE_1816_length_1695_cov_27.783208	399	479	12	27	80	0.3375000
NODE_1816_length_1695_cov_27.783208	399	479	14	17	80	0.2125000
NODE_1816_length_1695_cov_27.783208	399	479	16	28	80	0.3500000
NODE_1816_length_1695_cov_27.783208	452	532	0	4	80	0.0500000
NODE_1816_length_1695_cov_27.783208	452	532	2	4	80	0.0500000
NODE_1816_length_1695_cov_27.783208	452	532	4	19	80	0.2375000
NODE_1816_length_1695_cov_27.783208	452	532	6	21	80	0.2625000
NODE_1816_length_1695_cov_27.783208	452	532	8	3	80	0.0375000
NODE_1816_length_1695_cov_27.783208	452	532	16	29	80	0.3625000
NODE_1817_length_1695_cov_12.084586	1047	1127	0	80	80	1.0000000
NODE_1817_length_1695_cov_12.084586	1100	1180	0	80	80	1.0000000
NODE_1825_length_1692_cov_4.557439	727	807	0	4	80	0.0500000
NODE_1825_length_1692_cov_4.557439	727	807	4	21	80	0.2625000
NODE_1825_length_1692_cov_4.557439	727	807	6	55	80	0.6875000
NODE_1825_length_1692_cov_4.557439	780	860	2	49	80	0.6125000
NODE_1825_length_1692_cov_4.557439	780	860	6	31	80	0.3875000
NODE_1830_length_1689_cov_5.844025	1210	1285	0	75	75	1.0000000
NODE_1830_length_1689_cov_5.844025	1260	1338	0	78	78	1.0000000
NODE_1837_length_1682_cov_14.416930	1183	1263	0	80	80	1.0000000
NODE_1837_length_1682_cov_14.416930	1236	1315	0	70	79	0.8860760
NODE_1837_length_1682_cov_14.416930	1236	1315	2	9	79	0.1139240
NODE_1843_length_1678_cov_23.965168	636	716	0	80	80	1.0000000
NODE_1843_length_1678_cov_23.965168	689	769	0	80	80	1.0000000
NODE_1843_length_1678_cov_23.965168	1145	1225	0	80	80	1.0000000
NODE_1843_length_1678_cov_23.965168	1198	1278	0	75	80	0.9375000
NODE_1843_length_1678_cov_23.965168	1198	1278	2	5	80	0.0625000
NODE_1846_length_1677_cov_3.578580	407	487	2	18	80	0.2250000
NODE_1846_length_1677_cov_3.578580	407	487	4	36	80	0.4500000
NODE_1846_length_1677_cov_3.578580	407	487	6	26	80	0.3250000
NODE_1846_length_1677_cov_3.578580	460	530	3	1	70	0.0142857
NODE_1846_length_1677_cov_3.578580	460	530	4	69	70	0.9857143
NODE_1846_length_1677_cov_3.578580	666	724	0	58	58	1.0000000
NODE_1856_length_1670_cov_29.264163	741	821	0	80	80	1.0000000
NODE_1856_length_1670_cov_29.264163	794	874	0	80	80	1.0000000
NODE_1857_length_1669_cov_5.913376	246	326	0	2	80	0.0250000
NODE_1857_length_1669_cov_5.913376	246	326	2	78	80	0.9750000
NODE_1857_length_1669_cov_5.913376	299	379	0	55	80	0.6875000
NODE_1857_length_1669_cov_5.913376	299	379	2	25	80	0.3125000
NODE_1860_length_1668_cov_18.372212	1100	1180	0	7	80	0.0875000
NODE_1860_length_1668_cov_18.372212	1100	1180	2	73	80	0.9125000
NODE_1860_length_1668_cov_18.372212	1153	1233	0	7	80	0.0875000
NODE_1860_length_1668_cov_18.372212	1153	1233	2	73	80	0.9125000
NODE_1861_length_1667_cov_15.651786	902	982	8	14	80	0.1750000
NODE_1861_length_1667_cov_15.651786	902	982	10	8	80	0.1000000
NODE_1861_length_1667_cov_15.651786	902	982	12	12	80	0.1500000
NODE_1861_length_1667_cov_15.651786	902	982	14	15	80	0.1875000
NODE_1861_length_1667_cov_15.651786	902	982	18	6	80	0.0750000
NODE_1861_length_1667_cov_15.651786	902	982	20	6	80	0.0750000
NODE_1861_length_1667_cov_15.651786	902	982	22	6	80	0.0750000
NODE_1861_length_1667_cov_15.651786	902	982	24	1	80	0.0125000
NODE_1861_length_1667_cov_15.651786	902	982	26	4	80	0.0500000
NODE_1861_length_1667_cov_15.651786	902	982	28	8	80	0.1000000
NODE_1861_length_1667_cov_15.651786	955	1035	10	2	80	0.0250000
NODE_1861_length_1667_cov_15.651786	955	1035	12	6	80	0.0750000
NODE_1861_length_1667_cov_15.651786	955	1035	14	4	80	0.0500000
NODE_1861_length_1667_cov_15.651786	955	1035	18	2	80	0.0250000
NODE_1861_length_1667_cov_15.651786	955	1035	20	7	80	0.0875000
NODE_1861_length_1667_cov_15.651786	955	1035	22	21	80	0.2625000
NODE_1861_length_1667_cov_15.651786	955	1035	24	1	80	0.0125000
NODE_1861_length_1667_cov_15.651786	955	1035	26	4	80	0.0500000
NODE_1861_length_1667_cov_15.651786	955	1035	28	33	80	0.4125000
NODE_1862_length_1667_cov_3.661352	649	679	0	30	30	1.0000000
NODE_1865_length_1666_cov_4.601149	1541	1623	0	7	82	0.0853659
NODE_1865_length_1666_cov_4.601149	1541	1623	2	6	82	0.0731707
NODE_1865_length_1666_cov_4.601149	1541	1623	4	69	82	0.8414634
NODE_1865_length_1666_cov_4.601149	1553	1613	0	1	60	0.0166667
NODE_1865_length_1666_cov_4.601149	1553	1613	4	59	60	0.9833333
NODE_1865_length_1666_cov_4.601149	1553	1613	0	1	60	0.0166667
NODE_1865_length_1666_cov_4.601149	1553	1613	4	59	60	0.9833333
NODE_1865_length_1666_cov_4.601149	1557	1623	4	66	66	1.0000000
NODE_1865_length_1666_cov_4.601149	1596	1666	0	12	70	0.1714286
NODE_1865_length_1666_cov_4.601149	1596	1666	4	58	70	0.8285714
NODE_1865_length_1666_cov_4.601149	1596	1666	0	12	70	0.1714286
NODE_1865_length_1666_cov_4.601149	1596	1666	4	58	70	0.8285714
NODE_1865_length_1666_cov_4.601149	1596	1666	0	12	70	0.1714286
NODE_1865_length_1666_cov_4.601149	1596	1666	4	58	70	0.8285714
NODE_1872_length_1662_cov_16.638516	538	618	0	19	80	0.2375000
NODE_1872_length_1662_cov_16.638516	538	618	2	41	80	0.5125000
NODE_1872_length_1662_cov_16.638516	538	618	3	20	80	0.2500000
NODE_1872_length_1662_cov_16.638516	591	671	0	7	80	0.0875000
NODE_1872_length_1662_cov_16.638516	591	671	3	48	80	0.6000000
NODE_1872_length_1662_cov_16.638516	591	671	5	10	80	0.1250000
NODE_1872_length_1662_cov_16.638516	591	671	8	15	80	0.1875000
NODE_1872_length_1662_cov_16.638516	667	747	8	34	80	0.4250000
NODE_1872_length_1662_cov_16.638516	667	747	10	46	80	0.5750000
NODE_1872_length_1662_cov_16.638516	720	800	7	36	80	0.4500000
NODE_1872_length_1662_cov_16.638516	720	800	9	17	80	0.2125000
NODE_1872_length_1662_cov_16.638516	720	800	10	27	80	0.3375000
NODE_1876_length_1660_cov_28.297886	415	495	4	21	80	0.2625000
NODE_1876_length_1660_cov_28.297886	415	495	8	39	80	0.4875000
NODE_1876_length_1660_cov_28.297886	415	495	11	1	80	0.0125000
NODE_1876_length_1660_cov_28.297886	415	495	12	19	80	0.2375000
NODE_1876_length_1660_cov_28.297886	468	548	4	74	80	0.9250000
NODE_1876_length_1660_cov_28.297886	468	548	8	3	80	0.0375000
NODE_1876_length_1660_cov_28.297886	468	548	11	1	80	0.0125000
NODE_1876_length_1660_cov_28.297886	468	548	12	2	80	0.0250000
NODE_1886_length_1654_cov_17.245016	631	711	8	80	80	1.0000000
NODE_1886_length_1654_cov_17.245016	684	764	0	49	80	0.6125000
NODE_1886_length_1654_cov_17.245016	684	764	8	31	80	0.3875000
NODE_1888_length_1653_cov_34.827542	0	41	0	37	41	0.9024390
NODE_1888_length_1653_cov_34.827542	0	41	2	4	41	0.0975610
NODE_1888_length_1653_cov_34.827542	14	44	0	23	30	0.7666667
NODE_1888_length_1653_cov_34.827542	14	44	2	7	30	0.2333333
NODE_1888_length_1653_cov_34.827542	1081	1161	4	10	80	0.1250000
NODE_1888_length_1653_cov_34.827542	1081	1161	5	2	80	0.0250000
NODE_1888_length_1653_cov_34.827542	1081	1161	6	56	80	0.7000000
NODE_1888_length_1653_cov_34.827542	1081	1161	8	12	80	0.1500000
NODE_1888_length_1653_cov_34.827542	1134	1214	4	10	80	0.1250000
NODE_1888_length_1653_cov_34.827542	1134	1214	5	22	80	0.2750000
NODE_1888_length_1653_cov_34.827542	1134	1214	6	33	80	0.4125000
NODE_1888_length_1653_cov_34.827542	1134	1214	7	11	80	0.1375000
NODE_1888_length_1653_cov_34.827542	1134	1214	9	4	80	0.0500000
NODE_1888_length_1653_cov_34.827542	1210	1290	7	78	80	0.9750000
NODE_1888_length_1653_cov_34.827542	1210	1290	9	2	80	0.0250000
NODE_1888_length_1653_cov_34.827542	1263	1339	3	11	76	0.1447368
NODE_1888_length_1653_cov_34.827542	1263	1339	5	12	76	0.1578947
NODE_1888_length_1653_cov_34.827542	1263	1339	7	52	76	0.6842105
NODE_1888_length_1653_cov_34.827542	1263	1339	9	1	76	0.0131579
NODE_1892_length_1652_cov_23.939472	1352	1432	0	80	80	1.0000000
NODE_1892_length_1652_cov_23.939472	1405	1485	0	78	80	0.9750000
NODE_1892_length_1652_cov_23.939472	1405	1485	4	2	80	0.0250000
NODE_1894_length_1651_cov_3.916881	1552	1617	0	65	65	1.0000000
NODE_1899_length_1649_cov_7.480000	774	854	0	80	80	1.0000000
NODE_1899_length_1649_cov_7.480000	827	907	0	80	80	1.0000000
NODE_1903_length_1647_cov_3.534238	1012	1075	0	26	63	0.4126984
NODE_1903_length_1647_cov_3.534238	1012	1075	2	37	63	0.5873016
NODE_1906_length_1645_cov_16.040103	155	235	0	80	80	1.0000000
NODE_1906_length_1645_cov_16.040103	208	288	0	80	80	1.0000000
NODE_1906_length_1645_cov_16.040103	1090	1170	4	33	80	0.4125000
NODE_1906_length_1645_cov_16.040103	1090	1170	6	30	80	0.3750000
NODE_1906_length_1645_cov_16.040103	1090	1170	8	7	80	0.0875000
NODE_1906_length_1645_cov_16.040103	1090	1170	10	10	80	0.1250000
NODE_1906_length_1645_cov_16.040103	1143	1222	6	79	79	1.0000000
NODE_1908_length_1644_cov_2.902913	1160	1240	17	4	80	0.0500000
NODE_1908_length_1644_cov_2.902913	1160	1240	18	13	80	0.1625000
NODE_1908_length_1644_cov_2.902913	1160	1240	19	24	80	0.3000000
NODE_1908_length_1644_cov_2.902913	1160	1240	20	14	80	0.1750000
NODE_1908_length_1644_cov_2.902913	1160	1240	21	25	80	0.3125000
NODE_1917_length_1641_cov_34.032425	487	567	2	40	80	0.5000000
NODE_1917_length_1641_cov_34.032425	487	567	4	40	80	0.5000000
NODE_1917_length_1641_cov_34.032425	540	620	0	7	80	0.0875000
NODE_1917_length_1641_cov_34.032425	540	620	2	31	80	0.3875000
NODE_1917_length_1641_cov_34.032425	540	620	4	42	80	0.5250000
NODE_1917_length_1641_cov_34.032425	616	696	0	80	80	1.0000000
NODE_1917_length_1641_cov_34.032425	669	749	0	80	80	1.0000000
NODE_1917_length_1641_cov_34.032425	1168	1248	4	80	80	1.0000000
NODE_1917_length_1641_cov_34.032425	1219	1301	0	51	82	0.6219512
NODE_1917_length_1641_cov_34.032425	1219	1301	4	31	82	0.3780488
NODE_1918_length_1641_cov_7.042802	339	390	0	18	51	0.3529412
NODE_1918_length_1641_cov_7.042802	339	390	2	33	51	0.6470588
NODE_1922_length_1640_cov_33.097339	943	1023	0	80	80	1.0000000
NODE_1922_length_1640_cov_33.097339	996	1076	0	80	80	1.0000000
NODE_1922_length_1640_cov_33.097339	1072	1152	0	80	80	1.0000000
NODE_1922_length_1640_cov_33.097339	1125	1206	0	81	81	1.0000000
NODE_1923_length_1640_cov_18.519143	471	551	0	72	80	0.9000000
NODE_1923_length_1640_cov_18.519143	471	551	2	8	80	0.1000000
NODE_1923_length_1640_cov_18.519143	524	604	0	19	80	0.2375000
NODE_1923_length_1640_cov_18.519143	524	604	2	47	80	0.5875000
NODE_1923_length_1640_cov_18.519143	524	604	4	14	80	0.1750000
NODE_1925_length_1639_cov_6.585714	975	1056	0	81	81	1.0000000
NODE_1925_length_1639_cov_6.585714	1028	1109	0	81	81	1.0000000
NODE_1926_length_1639_cov_2.163636	1260	1334	2	8	74	0.1081081
NODE_1926_length_1639_cov_2.163636	1260	1334	4	26	74	0.3513514
NODE_1926_length_1639_cov_2.163636	1260	1334	6	40	74	0.5405405
NODE_1926_length_1639_cov_2.163636	1312	1387	2	46	75	0.6133333
NODE_1926_length_1639_cov_2.163636	1312	1387	4	16	75	0.2133333
NODE_1926_length_1639_cov_2.163636	1312	1387	6	13	75	0.1733333
NODE_1928_length_1638_cov_18.598441	443	523	3	3	80	0.0375000
NODE_1928_length_1638_cov_18.598441	443	523	5	12	80	0.1500000
NODE_1928_length_1638_cov_18.598441	443	523	10	15	80	0.1875000
NODE_1928_length_1638_cov_18.598441	443	523	11	19	80	0.2375000
NODE_1928_length_1638_cov_18.598441	443	523	13	11	80	0.1375000
NODE_1928_length_1638_cov_18.598441	443	523	14	3	80	0.0375000
NODE_1928_length_1638_cov_18.598441	443	523	15	2	80	0.0250000
NODE_1928_length_1638_cov_18.598441	443	523	18	15	80	0.1875000
NODE_1928_length_1638_cov_18.598441	496	576	3	3	80	0.0375000
NODE_1928_length_1638_cov_18.598441	496	576	4	20	80	0.2500000
NODE_1928_length_1638_cov_18.598441	496	576	5	41	80	0.5125000
NODE_1928_length_1638_cov_18.598441	496	576	7	4	80	0.0500000
NODE_1928_length_1638_cov_18.598441	496	576	10	12	80	0.1500000
NODE_1928_length_1638_cov_18.598441	1157	1237	2	6	80	0.0750000
NODE_1928_length_1638_cov_18.598441	1157	1237	4	74	80	0.9250000
NODE_1928_length_1638_cov_18.598441	1210	1290	0	13	80	0.1625000
NODE_1928_length_1638_cov_18.598441	1210	1290	2	3	80	0.0375000
NODE_1928_length_1638_cov_18.598441	1210	1290	4	64	80	0.8000000
NODE_1932_length_1637_cov_12.048765	410	490	0	16	80	0.2000000
NODE_1932_length_1637_cov_12.048765	410	490	2	31	80	0.3875000
NODE_1932_length_1637_cov_12.048765	410	490	8	3	80	0.0375000
NODE_1932_length_1637_cov_12.048765	410	490	10	30	80	0.3750000
NODE_1932_length_1637_cov_12.048765	463	543	0	8	80	0.1000000
NODE_1932_length_1637_cov_12.048765	463	543	6	2	80	0.0250000
NODE_1932_length_1637_cov_12.048765	463	543	8	18	80	0.2250000
NODE_1932_length_1637_cov_12.048765	463	543	10	52	80	0.6500000
NODE_1932_length_1637_cov_12.048765	1081	1161	0	2	80	0.0250000
NODE_1932_length_1637_cov_12.048765	1081	1161	4	78	80	0.9750000
NODE_1932_length_1637_cov_12.048765	1134	1214	0	30	80	0.3750000
NODE_1932_length_1637_cov_12.048765	1134	1214	4	50	80	0.6250000
NODE_1934_length_1635_cov_21.022786	958	1038	0	38	80	0.4750000
NODE_1934_length_1635_cov_21.022786	958	1038	2	42	80	0.5250000
NODE_1934_length_1635_cov_21.022786	1011	1091	0	2	80	0.0250000
NODE_1934_length_1635_cov_21.022786	1011	1091	2	78	80	0.9750000
NODE_1934_length_1635_cov_21.022786	1087	1167	0	17	80	0.2125000
NODE_1934_length_1635_cov_21.022786	1087	1167	2	63	80	0.7875000
NODE_1934_length_1635_cov_21.022786	1140	1220	2	45	80	0.5625000
NODE_1934_length_1635_cov_21.022786	1140	1220	4	35	80	0.4375000
NODE_1936_length_1633_cov_16.743807	1067	1147	0	63	80	0.7875000
NODE_1936_length_1633_cov_16.743807	1067	1147	1	4	80	0.0500000
NODE_1936_length_1633_cov_16.743807	1067	1147	2	13	80	0.1625000
NODE_1936_length_1633_cov_16.743807	1120	1200	0	79	80	0.9875000
NODE_1936_length_1633_cov_16.743807	1120	1200	4	1	80	0.0125000
NODE_1937_length_1633_cov_14.271838	977	1057	0	80	80	1.0000000
NODE_1937_length_1633_cov_14.271838	1030	1110	0	78	80	0.9750000
NODE_1937_length_1633_cov_14.271838	1030	1110	2	2	80	0.0250000
NODE_1937_length_1633_cov_14.271838	1106	1186	0	7	80	0.0875000
NODE_1937_length_1633_cov_14.271838	1106	1186	2	73	80	0.9125000
NODE_1937_length_1633_cov_14.271838	1159	1239	0	58	80	0.7250000
NODE_1937_length_1633_cov_14.271838	1159	1239	2	22	80	0.2750000
NODE_1939_length_1631_cov_25.881201	424	504	0	58	80	0.7250000
NODE_1939_length_1631_cov_25.881201	424	504	2	22	80	0.2750000
NODE_1939_length_1631_cov_25.881201	477	557	0	30	80	0.3750000
NODE_1939_length_1631_cov_25.881201	477	557	4	50	80	0.6250000
NODE_1939_length_1631_cov_25.881201	553	633	4	15	80	0.1875000
NODE_1939_length_1631_cov_25.881201	553	633	6	5	80	0.0625000
NODE_1939_length_1631_cov_25.881201	553	633	8	60	80	0.7500000
NODE_1939_length_1631_cov_25.881201	606	686	4	10	80	0.1250000
NODE_1939_length_1631_cov_25.881201	606	686	6	52	80	0.6500000
NODE_1939_length_1631_cov_25.881201	606	686	8	12	80	0.1500000
NODE_1939_length_1631_cov_25.881201	606	686	9	2	80	0.0250000
NODE_1939_length_1631_cov_25.881201	606	686	10	4	80	0.0500000
NODE_1943_length_1629_cov_32.733987	518	598	0	80	80	1.0000000
NODE_1943_length_1629_cov_32.733987	635	715	2	63	80	0.7875000
NODE_1943_length_1629_cov_32.733987	635	715	4	17	80	0.2125000
NODE_1943_length_1629_cov_32.733987	688	768	2	51	80	0.6375000
NODE_1943_length_1629_cov_32.733987	688	768	4	29	80	0.3625000
NODE_1946_length_1628_cov_15.551995	1454	1518	179	1	64	0.0156250
NODE_1946_length_1628_cov_15.551995	1454	1518	189	1	64	0.0156250
NODE_1946_length_1628_cov_15.551995	1454	1518	197	1	64	0.0156250
NODE_1946_length_1628_cov_15.551995	1454	1518	212	1	64	0.0156250
NODE_1946_length_1628_cov_15.551995	1454	1518	236	1	64	0.0156250
NODE_1946_length_1628_cov_15.551995	1454	1518	240	2	64	0.0312500
NODE_1946_length_1628_cov_15.551995	1454	1518	242	2	64	0.0312500
NODE_1946_length_1628_cov_15.551995	1454	1518	246	1	64	0.0156250
NODE_1946_length_1628_cov_15.551995	1454	1518	251	2	64	0.0312500
NODE_1946_length_1628_cov_15.551995	1454	1518	257	1	64	0.0156250
NODE_1946_length_1628_cov_15.551995	1454	1518	271	1	64	0.0156250
NODE_1946_length_1628_cov_15.551995	1454	1518	291	2	64	0.0312500
NODE_1946_length_1628_cov_15.551995	1454	1518	296	1	64	0.0156250
NODE_1946_length_1628_cov_15.551995	1454	1518	303	1	64	0.0156250
NODE_1946_length_1628_cov_15.551995	1454	1518	305	1	64	0.0156250
NODE_1946_length_1628_cov_15.551995	1454	1518	309	1	64	0.0156250
NODE_1946_length_1628_cov_15.551995	1454	1518	330	2	64	0.0312500
NODE_1946_length_1628_cov_15.551995	1454	1518	334	1	64	0.0156250
NODE_1946_length_1628_cov_15.551995	1454	1518	345	2	64	0.0312500
NODE_1946_length_1628_cov_15.551995	1454	1518	349	1	64	0.0156250
NODE_1946_length_1628_cov_15.551995	1454	1518	373	1	64	0.0156250
NODE_1946_length_1628_cov_15.551995	1454	1518	379	1	64	0.0156250
NODE_1946_length_1628_cov_15.551995	1454	1518	391	1	64	0.0156250
NODE_1946_length_1628_cov_15.551995	1454	1518	399	1	64	0.0156250
NODE_1946_length_1628_cov_15.551995	1454	1518	413	1	64	0.0156250
NODE_1946_length_1628_cov_15.551995	1454	1518	423	1	64	0.0156250
NODE_1946_length_1628_cov_15.551995	1454	1518	431	1	64	0.0156250
NODE_1946_length_1628_cov_15.551995	1454	1518	435	4	64	0.0625000
NODE_1946_length_1628_cov_15.551995	1454	1518	437	1	64	0.0156250
NODE_1946_length_1628_cov_15.551995	1454	1518	444	1	64	0.0156250
NODE_1946_length_1628_cov_15.551995	1454	1518	446	1	64	0.0156250
NODE_1946_length_1628_cov_15.551995	1454	1518	453	1	64	0.0156250
NODE_1946_length_1628_cov_15.551995	1454	1518	456	1	64	0.0156250
NODE_1946_length_1628_cov_15.551995	1454	1518	467	1	64	0.0156250
NODE_1946_length_1628_cov_15.551995	1454	1518	468	1	64	0.0156250
NODE_1946_length_1628_cov_15.551995	1454	1518	472	1	64	0.0156250
NODE_1946_length_1628_cov_15.551995	1454	1518	480	2	64	0.0312500
NODE_1946_length_1628_cov_15.551995	1454	1518	486	1	64	0.0156250
NODE_1946_length_1628_cov_15.551995	1454	1518	494	1	64	0.0156250
NODE_1946_length_1628_cov_15.551995	1454	1518	496	2	64	0.0312500
NODE_1946_length_1628_cov_15.551995	1454	1518	500	2	64	0.0312500
NODE_1946_length_1628_cov_15.551995	1454	1518	502	2	64	0.0312500
NODE_1946_length_1628_cov_15.551995	1454	1518	514	1	64	0.0156250
NODE_1946_length_1628_cov_15.551995	1454	1518	517	1	64	0.0156250
NODE_1946_length_1628_cov_15.551995	1454	1518	519	2	64	0.0312500
NODE_1946_length_1628_cov_15.551995	1454	1518	523	1	64	0.0156250
NODE_1946_length_1628_cov_15.551995	1454	1518	529	1	64	0.0156250
NODE_1946_length_1628_cov_15.551995	1454	1518	533	3	64	0.0468750
NODE_1947_length_1628_cov_4.852845	81	163	36	9	82	0.1097561
NODE_1947_length_1628_cov_4.852845	81	163	38	27	82	0.3292683
NODE_1947_length_1628_cov_4.852845	81	163	40	16	82	0.1951219
NODE_1947_length_1628_cov_4.852845	81	163	42	12	82	0.1463415
NODE_1947_length_1628_cov_4.852845	81	163	44	8	82	0.0975610
NODE_1947_length_1628_cov_4.852845	81	163	46	9	82	0.1097561
NODE_1947_length_1628_cov_4.852845	81	163	48	1	82	0.0121951
NODE_1952_length_1626_cov_20.549443	495	575	0	11	80	0.1375000
NODE_1952_length_1626_cov_20.549443	495	575	8	34	80	0.4250000
NODE_1952_length_1626_cov_20.549443	495	575	10	23	80	0.2875000
NODE_1952_length_1626_cov_20.549443	495	575	12	12	80	0.1500000
NODE_1952_length_1626_cov_20.549443	548	628	10	23	80	0.2875000
NODE_1952_length_1626_cov_20.549443	548	628	12	57	80	0.7125000
NODE_1953_length_1626_cov_6.552718	1189	1269	0	24	80	0.3000000
NODE_1953_length_1626_cov_6.552718	1189	1269	2	56	80	0.7000000
NODE_1953_length_1626_cov_6.552718	1242	1321	2	79	79	1.0000000
NODE_1954_length_1626_cov_4.728880	247	329	8	8	82	0.0975610
NODE_1954_length_1626_cov_4.728880	247	329	10	10	82	0.1219512
NODE_1954_length_1626_cov_4.728880	247	329	12	34	82	0.4146341
NODE_1954_length_1626_cov_4.728880	247	329	14	30	82	0.3658537
NODE_1954_length_1626_cov_4.728880	302	382	2	2	80	0.0250000
NODE_1954_length_1626_cov_4.728880	302	382	4	27	80	0.3375000
NODE_1954_length_1626_cov_4.728880	302	382	8	1	80	0.0125000
NODE_1954_length_1626_cov_4.728880	302	382	10	11	80	0.1375000
NODE_1954_length_1626_cov_4.728880	302	382	12	13	80	0.1625000
NODE_1954_length_1626_cov_4.728880	302	382	14	26	80	0.3250000
NODE_1956_length_1625_cov_20.598952	938	1018	6	80	80	1.0000000
NODE_1956_length_1625_cov_20.598952	991	1071	0	43	80	0.5375000
NODE_1956_length_1625_cov_20.598952	991	1071	6	37	80	0.4625000
NODE_1962_length_1623_cov_28.551181	416	486	21	1	70	0.0142857
NODE_1962_length_1623_cov_28.551181	416	486	23	6	70	0.0857143
NODE_1962_length_1623_cov_28.551181	416	486	24	20	70	0.2857143
NODE_1962_length_1623_cov_28.551181	416	486	26	3	70	0.0428571
NODE_1962_length_1623_cov_28.551181	416	486	28	23	70	0.3285714
NODE_1962_length_1623_cov_28.551181	416	486	30	12	70	0.1714286
NODE_1962_length_1623_cov_28.551181	416	486	32	5	70	0.0714286
NODE_1962_length_1623_cov_28.551181	459	507	6	2	48	0.0416667
NODE_1962_length_1623_cov_28.551181	459	507	7	3	48	0.0625000
NODE_1962_length_1623_cov_28.551181	459	507	9	2	48	0.0416667
NODE_1962_length_1623_cov_28.551181	459	507	10	1	48	0.0208333
NODE_1962_length_1623_cov_28.551181	459	507	16	2	48	0.0416667
NODE_1962_length_1623_cov_28.551181	459	507	17	1	48	0.0208333
NODE_1962_length_1623_cov_28.551181	459	507	18	6	48	0.1250000
NODE_1962_length_1623_cov_28.551181	459	507	19	2	48	0.0416667
NODE_1962_length_1623_cov_28.551181	459	507	21	3	48	0.0625000
NODE_1962_length_1623_cov_28.551181	459	507	23	6	48	0.1250000
NODE_1962_length_1623_cov_28.551181	459	507	24	20	48	0.4166667
NODE_1965_length_1622_cov_7.969140	645	725	0	40	80	0.5000000
NODE_1965_length_1622_cov_7.969140	645	725	2	40	80	0.5000000
NODE_1965_length_1622_cov_7.969140	698	778	0	80	80	1.0000000
NODE_1970_length_1621_cov_2.192510	330	401	1	1	71	0.0140845
NODE_1970_length_1621_cov_2.192510	330	401	3	1	71	0.0140845
NODE_1970_length_1621_cov_2.192510	330	401	5	4	71	0.0563380
NODE_1970_length_1621_cov_2.192510	330	401	7	1	71	0.0140845
NODE_1970_length_1621_cov_2.192510	330	401	10	24	71	0.3380282
NODE_1970_length_1621_cov_2.192510	330	401	12	3	71	0.0422535
NODE_1970_length_1621_cov_2.192510	330	401	14	15	71	0.2112676
NODE_1970_length_1621_cov_2.192510	330	401	16	22	71	0.3098592
NODE_1975_length_1618_cov_44.138907	361	441	0	31	80	0.3875000
NODE_1975_length_1618_cov_44.138907	361	441	2	49	80	0.6125000
NODE_1975_length_1618_cov_44.138907	414	494	2	80	80	1.0000000
NODE_1975_length_1618_cov_44.138907	1063	1143	0	62	80	0.7750000
NODE_1975_length_1618_cov_44.138907	1063	1143	4	18	80	0.2250000
NODE_1975_length_1618_cov_44.138907	1116	1196	0	9	80	0.1125000
NODE_1975_length_1618_cov_44.138907	1116	1196	4	71	80	0.8875000
NODE_1976_length_1618_cov_5.779460	332	414	0	18	82	0.2195122
NODE_1976_length_1618_cov_5.779460	332	414	2	64	82	0.7804878
NODE_1976_length_1618_cov_5.779460	387	467	0	25	80	0.3125000
NODE_1976_length_1618_cov_5.779460	387	467	2	55	80	0.6875000
NODE_1976_length_1618_cov_5.779460	972	1028	2	5	56	0.0892857
NODE_1976_length_1618_cov_5.779460	972	1028	3	1	56	0.0178571
NODE_1976_length_1618_cov_5.779460	972	1028	4	50	56	0.8928571
NODE_1980_length_1616_cov_5.313777	589	669	0	4	80	0.0500000
NODE_1980_length_1616_cov_5.313777	589	669	2	12	80	0.1500000
NODE_1980_length_1616_cov_5.313777	589	669	4	64	80	0.8000000
NODE_1980_length_1616_cov_5.313777	642	722	4	80	80	1.0000000
NODE_1981_length_1615_cov_12.575858	1032	1112	0	2	80	0.0250000
NODE_1981_length_1615_cov_12.575858	1032	1112	1	9	80	0.1125000
NODE_1981_length_1615_cov_12.575858	1032	1112	7	12	80	0.1500000
NODE_1981_length_1615_cov_12.575858	1032	1112	11	5	80	0.0625000
NODE_1981_length_1615_cov_12.575858	1032	1112	13	45	80	0.5625000
NODE_1981_length_1615_cov_12.575858	1032	1112	14	7	80	0.0875000
NODE_1981_length_1615_cov_12.575858	1085	1162	6	6	77	0.0779221
NODE_1981_length_1615_cov_12.575858	1085	1162	12	18	77	0.2337662
NODE_1981_length_1615_cov_12.575858	1085	1162	13	20	77	0.2597403
NODE_1981_length_1615_cov_12.575858	1085	1162	14	27	77	0.3506494
NODE_1981_length_1615_cov_12.575858	1085	1162	18	6	77	0.0779221
NODE_1981_length_1615_cov_12.575858	1158	1238	5	15	80	0.1875000
NODE_1981_length_1615_cov_12.575858	1158	1238	6	23	80	0.2875000
NODE_1981_length_1615_cov_12.575858	1158	1238	9	42	80	0.5250000
NODE_1981_length_1615_cov_12.575858	1211	1291	4	39	80	0.4875000
NODE_1981_length_1615_cov_12.575858	1211	1291	5	24	80	0.3000000
NODE_1981_length_1615_cov_12.575858	1211	1291	9	17	80	0.2125000
NODE_1983_length_1614_cov_94.900990	0	46	10	2	46	0.0434783
NODE_1983_length_1614_cov_94.900990	0	46	14	4	46	0.0869565
NODE_1983_length_1614_cov_94.900990	0	46	20	6	46	0.1304348
NODE_1983_length_1614_cov_94.900990	0	46	26	1	46	0.0217391
NODE_1983_length_1614_cov_94.900990	0	46	30	3	46	0.0652174
NODE_1983_length_1614_cov_94.900990	0	46	32	2	46	0.0434783
NODE_1983_length_1614_cov_94.900990	0	46	34	1	46	0.0217391
NODE_1983_length_1614_cov_94.900990	0	46	36	1	46	0.0217391
NODE_1983_length_1614_cov_94.900990	0	46	38	26	46	0.5652174
NODE_1983_length_1614_cov_94.900990	23	99	38	76	76	1.0000000
NODE_1984_length_1614_cov_18.799340	655	735	0	17	80	0.2125000
NODE_1984_length_1614_cov_18.799340	655	735	4	24	80	0.3000000
NODE_1984_length_1614_cov_18.799340	655	735	6	39	80	0.4875000
NODE_1984_length_1614_cov_18.799340	708	788	2	40	80	0.5000000
NODE_1984_length_1614_cov_18.799340	708	788	6	40	80	0.5000000
NODE_1986_length_1613_cov_6.865258	1128	1203	12	3	75	0.0400000
NODE_1986_length_1613_cov_6.865258	1128	1203	14	7	75	0.0933333
NODE_1986_length_1613_cov_6.865258	1128	1203	16	28	75	0.3733333
NODE_1986_length_1613_cov_6.865258	1128	1203	18	37	75	0.4933333
NODE_1986_length_1613_cov_6.865258	1176	1256	4	26	80	0.3250000
NODE_1986_length_1613_cov_6.865258	1176	1256	8	5	80	0.0625000
NODE_1986_length_1613_cov_6.865258	1176	1256	12	5	80	0.0625000
NODE_1986_length_1613_cov_6.865258	1176	1256	14	27	80	0.3375000
NODE_1986_length_1613_cov_6.865258	1176	1256	16	17	80	0.2125000
NODE_1993_length_1610_cov_18.014560	1035	1115	0	80	80	1.0000000
NODE_1993_length_1610_cov_18.014560	1088	1168	0	80	80	1.0000000
NODE_2001_length_1603_cov_9.128324	1109	1189	0	13	80	0.1625000
NODE_2001_length_1603_cov_9.128324	1109	1189	4	67	80	0.8375000
NODE_2001_length_1603_cov_9.128324	1162	1242	4	80	80	1.0000000
NODE_2003_length_1602_cov_79.840319	1378	1445	86	1	67	0.0149254
NODE_2003_length_1602_cov_79.840319	1378	1445	88	6	67	0.0895522
NODE_2003_length_1602_cov_79.840319	1378	1445	90	2	67	0.0298507
NODE_2003_length_1602_cov_79.840319	1378	1445	92	1	67	0.0149254
NODE_2003_length_1602_cov_79.840319	1378	1445	94	2	67	0.0298507
NODE_2003_length_1602_cov_79.840319	1378	1445	96	4	67	0.0597015
NODE_2003_length_1602_cov_79.840319	1378	1445	99	3	67	0.0447761
NODE_2003_length_1602_cov_79.840319	1378	1445	100	3	67	0.0447761
NODE_2003_length_1602_cov_79.840319	1378	1445	102	2	67	0.0298507
NODE_2003_length_1602_cov_79.840319	1378	1445	108	1	67	0.0149254
NODE_2003_length_1602_cov_79.840319	1378	1445	110	1	67	0.0149254
NODE_2003_length_1602_cov_79.840319	1378	1445	114	1	67	0.0149254
NODE_2003_length_1602_cov_79.840319	1378	1445	115	1	67	0.0149254
NODE_2003_length_1602_cov_79.840319	1378	1445	119	1	67	0.0149254
NODE_2003_length_1602_cov_79.840319	1378	1445	121	2	67	0.0298507
NODE_2003_length_1602_cov_79.840319	1378	1445	124	1	67	0.0149254
NODE_2003_length_1602_cov_79.840319	1378	1445	131	1	67	0.0149254
NODE_2003_length_1602_cov_79.840319	1378	1445	139	1	67	0.0149254
NODE_2003_length_1602_cov_79.840319	1378	1445	143	1	67	0.0149254
NODE_2003_length_1602_cov_79.840319	1378	1445	148	1	67	0.0149254
NODE_2003_length_1602_cov_79.840319	1378	1445	154	1	67	0.0149254
NODE_2003_length_1602_cov_79.840319	1378	1445	155	1	67	0.0149254
NODE_2003_length_1602_cov_79.840319	1378	1445	157	1	67	0.0149254
NODE_2003_length_1602_cov_79.840319	1378	1445	159	1	67	0.0149254
NODE_2003_length_1602_cov_79.840319	1378	1445	160	2	67	0.0298507
NODE_2003_length_1602_cov_79.840319	1378	1445	161	1	67	0.0149254
NODE_2003_length_1602_cov_79.840319	1378	1445	163	2	67	0.0298507
NODE_2003_length_1602_cov_79.840319	1378	1445	164	1	67	0.0149254
NODE_2003_length_1602_cov_79.840319	1378	1445	165	2	67	0.0298507
NODE_2003_length_1602_cov_79.840319	1378	1445	166	2	67	0.0298507
NODE_2003_length_1602_cov_79.840319	1378	1445	167	1	67	0.0149254
NODE_2003_length_1602_cov_79.840319	1378	1445	173	1	67	0.0149254
NODE_2003_length_1602_cov_79.840319	1378	1445	178	1	67	0.0149254
NODE_2003_length_1602_cov_79.840319	1378	1445	179	1	67	0.0149254
NODE_2003_length_1602_cov_79.840319	1378	1445	185	1	67	0.0149254
NODE_2003_length_1602_cov_79.840319	1378	1445	187	1	67	0.0149254
NODE_2003_length_1602_cov_79.840319	1378	1445	194	1	67	0.0149254
NODE_2003_length_1602_cov_79.840319	1378	1445	196	2	67	0.0298507
NODE_2003_length_1602_cov_79.840319	1378	1445	200	1	67	0.0149254
NODE_2003_length_1602_cov_79.840319	1378	1445	202	1	67	0.0149254
NODE_2003_length_1602_cov_79.840319	1378	1445	204	1	67	0.0149254
NODE_2003_length_1602_cov_79.840319	1378	1445	205	3	67	0.0447761
NODE_2003_length_1602_cov_79.840319	1378	1445	207	1	67	0.0149254
NODE_2003_length_1602_cov_79.840319	1378	1445	212	1	67	0.0149254
NODE_2003_length_1602_cov_79.840319	1462	1508	33	2	46	0.0434783
NODE_2003_length_1602_cov_79.840319	1462	1508	34	5	46	0.1086956
NODE_2003_length_1602_cov_79.840319	1462	1508	35	1	46	0.0217391
NODE_2003_length_1602_cov_79.840319	1462	1508	36	1	46	0.0217391
NODE_2003_length_1602_cov_79.840319	1462	1508	37	1	46	0.0217391
NODE_2003_length_1602_cov_79.840319	1462	1508	39	2	46	0.0434783
NODE_2003_length_1602_cov_79.840319	1462	1508	42	1	46	0.0217391
NODE_2003_length_1602_cov_79.840319	1462	1508	43	1	46	0.0217391
NODE_2003_length_1602_cov_79.840319	1462	1508	44	1	46	0.0217391
NODE_2003_length_1602_cov_79.840319	1462	1508	46	1	46	0.0217391
NODE_2003_length_1602_cov_79.840319	1462	1508	47	1	46	0.0217391
NODE_2003_length_1602_cov_79.840319	1462	1508	48	4	46	0.0869565
NODE_2003_length_1602_cov_79.840319	1462	1508	50	1	46	0.0217391
NODE_2003_length_1602_cov_79.840319	1462	1508	53	2	46	0.0434783
NODE_2003_length_1602_cov_79.840319	1462	1508	55	4	46	0.0869565
NODE_2003_length_1602_cov_79.840319	1462	1508	56	4	46	0.0869565
NODE_2003_length_1602_cov_79.840319	1462	1508	57	1	46	0.0217391
NODE_2003_length_1602_cov_79.840319	1462	1508	61	1	46	0.0217391
NODE_2003_length_1602_cov_79.840319	1462	1508	66	1	46	0.0217391
NODE_2003_length_1602_cov_79.840319	1462	1508	68	2	46	0.0434783
NODE_2003_length_1602_cov_79.840319	1462	1508	69	2	46	0.0434783
NODE_2003_length_1602_cov_79.840319	1462	1508	71	1	46	0.0217391
NODE_2003_length_1602_cov_79.840319	1462	1508	72	1	46	0.0217391
NODE_2003_length_1602_cov_79.840319	1462	1508	73	1	46	0.0217391
NODE_2003_length_1602_cov_79.840319	1462	1508	76	4	46	0.0869565
NODE_2004_length_1602_cov_2.701264	1490	1570	8	8	80	0.1000000
NODE_2004_length_1602_cov_2.701264	1490	1570	10	3	80	0.0375000
NODE_2004_length_1602_cov_2.701264	1490	1570	12	69	80	0.8625000
NODE_2009_length_1600_cov_34.988008	785	865	0	80	80	1.0000000
NODE_2009_length_1600_cov_34.988008	838	918	0	80	80	1.0000000
NODE_2009_length_1600_cov_34.988008	914	994	0	62	80	0.7750000
NODE_2009_length_1600_cov_34.988008	914	994	2	18	80	0.2250000
NODE_2009_length_1600_cov_34.988008	967	1047	0	9	80	0.1125000
NODE_2009_length_1600_cov_34.988008	967	1047	2	71	80	0.8875000
NODE_2011_length_1600_cov_11.383744	0	72	0	72	72	1.0000000
NODE_2011_length_1600_cov_11.383744	45	99	0	54	54	1.0000000
NODE_2011_length_1600_cov_11.383744	891	971	4	45	80	0.5625000
NODE_2011_length_1600_cov_11.383744	891	971	5	1	80	0.0125000
NODE_2011_length_1600_cov_11.383744	891	971	6	16	80	0.2000000
NODE_2011_length_1600_cov_11.383744	891	971	10	18	80	0.2250000
NODE_2011_length_1600_cov_11.383744	944	1024	4	4	80	0.0500000
NODE_2011_length_1600_cov_11.383744	944	1024	6	21	80	0.2625000
NODE_2011_length_1600_cov_11.383744	944	1024	8	31	80	0.3875000
NODE_2011_length_1600_cov_11.383744	944	1024	10	24	80	0.3000000
NODE_2013_length_1600_cov_7.236509	1037	1109	0	72	72	1.0000000
NODE_2013_length_1600_cov_7.236509	1090	1160	0	70	70	1.0000000
NODE_2018_length_1598_cov_29.337558	335	415	0	80	80	1.0000000
NODE_2018_length_1598_cov_29.337558	388	468	0	73	80	0.9125000
NODE_2018_length_1598_cov_29.337558	388	468	2	2	80	0.0250000
NODE_2018_length_1598_cov_29.337558	388	468	4	2	80	0.0250000
NODE_2018_length_1598_cov_29.337558	388	468	6	3	80	0.0375000
NODE_2018_length_1598_cov_29.337558	464	516	4	1	52	0.0192308
NODE_2018_length_1598_cov_29.337558	464	516	6	3	52	0.0576923
NODE_2018_length_1598_cov_29.337558	464	516	8	4	52	0.0769231
NODE_2018_length_1598_cov_29.337558	464	516	12	15	52	0.2884615
NODE_2018_length_1598_cov_29.337558	464	516	16	17	52	0.3269231
NODE_2018_length_1598_cov_29.337558	464	516	20	12	52	0.2307692
NODE_2018_length_1598_cov_29.337558	1026	1106	0	80	80	1.0000000
NODE_2018_length_1598_cov_29.337558	1079	1159	0	80	80	1.0000000
NODE_2019_length_1598_cov_3.730487	1117	1197	0	52	80	0.6500000
NODE_2019_length_1598_cov_3.730487	1117	1197	2	28	80	0.3500000
NODE_2021_length_1597_cov_7.434579	1373	1453	10	1	80	0.0125000
NODE_2021_length_1597_cov_7.434579	1373	1453	14	3	80	0.0375000
NODE_2021_length_1597_cov_7.434579	1373	1453	15	12	80	0.1500000
NODE_2021_length_1597_cov_7.434579	1373	1453	17	2	80	0.0250000
NODE_2021_length_1597_cov_7.434579	1373	1453	20	4	80	0.0500000
NODE_2021_length_1597_cov_7.434579	1373	1453	22	7	80	0.0875000
NODE_2021_length_1597_cov_7.434579	1373	1453	24	3	80	0.0375000
NODE_2021_length_1597_cov_7.434579	1373	1453	25	2	80	0.0250000
NODE_2021_length_1597_cov_7.434579	1373	1453	26	3	80	0.0375000
NODE_2021_length_1597_cov_7.434579	1373	1453	28	1	80	0.0125000
NODE_2021_length_1597_cov_7.434579	1373	1453	30	1	80	0.0125000
NODE_2021_length_1597_cov_7.434579	1373	1453	31	3	80	0.0375000
NODE_2021_length_1597_cov_7.434579	1373	1453	37	1	80	0.0125000
NODE_2021_length_1597_cov_7.434579	1373	1453	38	2	80	0.0250000
NODE_2021_length_1597_cov_7.434579	1373	1453	40	1	80	0.0125000
NODE_2021_length_1597_cov_7.434579	1373	1453	45	6	80	0.0750000
NODE_2021_length_1597_cov_7.434579	1373	1453	46	8	80	0.1000000
NODE_2021_length_1597_cov_7.434579	1373	1453	47	1	80	0.0125000
NODE_2021_length_1597_cov_7.434579	1373	1453	73	1	80	0.0125000
NODE_2021_length_1597_cov_7.434579	1373	1453	75	1	80	0.0125000
NODE_2021_length_1597_cov_7.434579	1373	1453	83	2	80	0.0250000
NODE_2021_length_1597_cov_7.434579	1373	1453	95	1	80	0.0125000
NODE_2021_length_1597_cov_7.434579	1373	1453	96	1	80	0.0125000
NODE_2021_length_1597_cov_7.434579	1373	1453	97	1	80	0.0125000
NODE_2021_length_1597_cov_7.434579	1373	1453	103	1	80	0.0125000
NODE_2021_length_1597_cov_7.434579	1373	1453	106	1	80	0.0125000
NODE_2021_length_1597_cov_7.434579	1373	1453	117	1	80	0.0125000
NODE_2021_length_1597_cov_7.434579	1373	1453	121	2	80	0.0250000
NODE_2021_length_1597_cov_7.434579	1373	1453	125	1	80	0.0125000
NODE_2021_length_1597_cov_7.434579	1373	1453	127	1	80	0.0125000
NODE_2021_length_1597_cov_7.434579	1373	1453	132	2	80	0.0250000
NODE_2021_length_1597_cov_7.434579	1373	1453	136	2	80	0.0250000
NODE_2021_length_1597_cov_7.434579	1373	1453	147	1	80	0.0125000
NODE_2021_length_1597_cov_7.434579	1382	1453	15	7	71	0.0985916
NODE_2021_length_1597_cov_7.434579	1382	1453	17	2	71	0.0281690
NODE_2021_length_1597_cov_7.434579	1382	1453	20	4	71	0.0563380
NODE_2021_length_1597_cov_7.434579	1382	1453	22	7	71	0.0985916
NODE_2021_length_1597_cov_7.434579	1382	1453	24	3	71	0.0422535
NODE_2021_length_1597_cov_7.434579	1382	1453	25	2	71	0.0281690
NODE_2021_length_1597_cov_7.434579	1382	1453	26	3	71	0.0422535
NODE_2021_length_1597_cov_7.434579	1382	1453	28	1	71	0.0140845
NODE_2021_length_1597_cov_7.434579	1382	1453	30	1	71	0.0140845
NODE_2021_length_1597_cov_7.434579	1382	1453	31	3	71	0.0422535
NODE_2021_length_1597_cov_7.434579	1382	1453	37	1	71	0.0140845
NODE_2021_length_1597_cov_7.434579	1382	1453	38	2	71	0.0281690
NODE_2021_length_1597_cov_7.434579	1382	1453	40	1	71	0.0140845
NODE_2021_length_1597_cov_7.434579	1382	1453	45	6	71	0.0845070
NODE_2021_length_1597_cov_7.434579	1382	1453	46	8	71	0.1126761
NODE_2021_length_1597_cov_7.434579	1382	1453	47	1	71	0.0140845
NODE_2021_length_1597_cov_7.434579	1382	1453	73	1	71	0.0140845
NODE_2021_length_1597_cov_7.434579	1382	1453	75	1	71	0.0140845
NODE_2021_length_1597_cov_7.434579	1382	1453	83	2	71	0.0281690
NODE_2021_length_1597_cov_7.434579	1382	1453	95	1	71	0.0140845
NODE_2021_length_1597_cov_7.434579	1382	1453	96	1	71	0.0140845
NODE_2021_length_1597_cov_7.434579	1382	1453	97	1	71	0.0140845
NODE_2021_length_1597_cov_7.434579	1382	1453	103	1	71	0.0140845
NODE_2021_length_1597_cov_7.434579	1382	1453	106	1	71	0.0140845
NODE_2021_length_1597_cov_7.434579	1382	1453	117	1	71	0.0140845
NODE_2021_length_1597_cov_7.434579	1382	1453	121	2	71	0.0281690
NODE_2021_length_1597_cov_7.434579	1382	1453	125	1	71	0.0140845
NODE_2021_length_1597_cov_7.434579	1382	1453	127	1	71	0.0140845
NODE_2021_length_1597_cov_7.434579	1382	1453	132	2	71	0.0281690
NODE_2021_length_1597_cov_7.434579	1382	1453	136	2	71	0.0281690
NODE_2021_length_1597_cov_7.434579	1382	1453	147	1	71	0.0140845
NODE_2022_length_1595_cov_16.788770	215	267	7	11	52	0.2115385
NODE_2022_length_1595_cov_16.788770	215	267	11	8	52	0.1538462
NODE_2022_length_1595_cov_16.788770	215	267	13	30	52	0.5769231
NODE_2022_length_1595_cov_16.788770	215	267	15	3	52	0.0576923
NODE_2022_length_1595_cov_16.788770	614	673	35	9	59	0.1525424
NODE_2022_length_1595_cov_16.788770	614	673	39	5	59	0.0847458
NODE_2022_length_1595_cov_16.788770	614	673	43	1	59	0.0169492
NODE_2022_length_1595_cov_16.788770	614	673	47	8	59	0.1355932
NODE_2022_length_1595_cov_16.788770	614	673	49	36	59	0.6101695
NODE_2025_length_1593_cov_22.412316	144	224	0	80	80	1.0000000
NODE_2025_length_1593_cov_22.412316	197	277	0	80	80	1.0000000
NODE_2025_length_1593_cov_22.412316	1192	1272	0	5	80	0.0625000
NODE_2025_length_1593_cov_22.412316	1192	1272	1	2	80	0.0250000
NODE_2025_length_1593_cov_22.412316	1192	1272	3	27	80	0.3375000
NODE_2025_length_1593_cov_22.412316	1192	1272	4	46	80	0.5750000
NODE_2025_length_1593_cov_22.412316	1245	1325	2	30	80	0.3750000
NODE_2025_length_1593_cov_22.412316	1245	1325	4	50	80	0.6250000
NODE_2026_length_1593_cov_14.092369	357	437	0	43	80	0.5375000
NODE_2026_length_1593_cov_14.092369	357	437	2	37	80	0.4625000
NODE_2026_length_1593_cov_14.092369	410	490	0	16	80	0.2000000
NODE_2026_length_1593_cov_14.092369	410	490	2	64	80	0.8000000
NODE_2026_length_1593_cov_14.092369	1061	1141	0	60	80	0.7500000
NODE_2026_length_1593_cov_14.092369	1061	1141	4	20	80	0.2500000
NODE_2026_length_1593_cov_14.092369	1114	1194	0	80	80	1.0000000
NODE_2031_length_1592_cov_4.576691	277	357	4	80	80	1.0000000
NODE_2031_length_1592_cov_4.576691	330	410	0	28	80	0.3500000
NODE_2031_length_1592_cov_4.576691	330	410	4	52	80	0.6500000
NODE_2034_length_1591_cov_15.481233	841	921	0	13	80	0.1625000
NODE_2034_length_1591_cov_15.481233	841	921	2	28	80	0.3500000
NODE_2034_length_1591_cov_15.481233	841	921	6	2	80	0.0250000
NODE_2034_length_1591_cov_15.481233	841	921	11	1	80	0.0125000
NODE_2034_length_1591_cov_15.481233	841	921	12	36	80	0.4500000
NODE_2034_length_1591_cov_15.481233	894	974	6	7	80	0.0875000
NODE_2034_length_1591_cov_15.481233	894	974	10	2	80	0.0250000
NODE_2034_length_1591_cov_15.481233	894	974	12	71	80	0.8875000
NODE_2035_length_1591_cov_4.040885	35	65	0	30	30	1.0000000
NODE_2035_length_1591_cov_4.040885	38	99	0	59	61	0.9672131
NODE_2035_length_1591_cov_4.040885	38	99	2	1	61	0.0163934
NODE_2035_length_1591_cov_4.040885	38	99	4	1	61	0.0163934
NODE_2042_length_1589_cov_10.184564	379	459	0	80	80	1.0000000
NODE_2042_length_1589_cov_10.184564	432	512	0	80	80	1.0000000
NODE_2042_length_1589_cov_10.184564	473	512	0	39	39	1.0000000
NODE_2042_length_1589_cov_10.184564	508	588	0	80	80	1.0000000
NODE_2042_length_1589_cov_10.184564	561	641	0	48	80	0.6000000
NODE_2042_length_1589_cov_10.184564	561	641	2	32	80	0.4000000
NODE_2043_length_1588_cov_9.955675	415	495	0	34	80	0.4250000
NODE_2043_length_1588_cov_9.955675	415	495	2	46	80	0.5750000
NODE_2043_length_1588_cov_9.955675	468	548	0	15	80	0.1875000
NODE_2043_length_1588_cov_9.955675	468	548	2	65	80	0.8125000
NODE_2046_length_1587_cov_7.942204	710	790	0	35	80	0.4375000
NODE_2046_length_1587_cov_7.942204	710	790	2	3	80	0.0375000
NODE_2046_length_1587_cov_7.942204	710	790	4	38	80	0.4750000
NODE_2046_length_1587_cov_7.942204	710	790	6	4	80	0.0500000
NODE_2046_length_1587_cov_7.942204	763	843	0	80	80	1.0000000
NODE_2049_length_1586_cov_6.488231	447	474	0	27	27	1.0000000
NODE_2049_length_1586_cov_6.488231	447	527	0	80	80	1.0000000
NODE_2049_length_1586_cov_6.488231	500	580	0	80	80	1.0000000
NODE_2056_length_1583_cov_27.825472	800	880	0	80	80	1.0000000
NODE_2056_length_1583_cov_27.825472	853	933	0	80	80	1.0000000
NODE_2056_length_1583_cov_27.825472	929	1009	0	80	80	1.0000000
NODE_2056_length_1583_cov_27.825472	982	1062	0	80	80	1.0000000
NODE_2060_length_1581_cov_10.610661	457	537	0	31	80	0.3875000
NODE_2060_length_1581_cov_10.610661	457	537	2	3	80	0.0375000
NODE_2060_length_1581_cov_10.610661	457	537	4	46	80	0.5750000
NODE_2060_length_1581_cov_10.610661	510	590	2	27	80	0.3375000
NODE_2060_length_1581_cov_10.610661	510	590	4	53	80	0.6625000
NODE_2065_length_1579_cov_7.395946	5	80	0	75	75	1.0000000
NODE_2065_length_1579_cov_7.395946	58	126	0	68	68	1.0000000
NODE_2066_length_1579_cov_7.152027	1331	1409	4	21	78	0.2692308
NODE_2066_length_1579_cov_7.152027	1331	1409	7	29	78	0.3717949
NODE_2066_length_1579_cov_7.152027	1331	1409	10	9	78	0.1153846
NODE_2066_length_1579_cov_7.152027	1331	1409	11	2	78	0.0256410
NODE_2066_length_1579_cov_7.152027	1331	1409	12	17	78	0.2179487
NODE_2066_length_1579_cov_7.152027	1382	1462	8	2	80	0.0250000
NODE_2066_length_1579_cov_7.152027	1382	1462	9	12	80	0.1500000
NODE_2066_length_1579_cov_7.152027	1382	1462	10	20	80	0.2500000
NODE_2066_length_1579_cov_7.152027	1382	1462	11	3	80	0.0375000
NODE_2066_length_1579_cov_7.152027	1382	1462	12	20	80	0.2500000
NODE_2066_length_1579_cov_7.152027	1382	1462	14	22	80	0.2750000
NODE_2066_length_1579_cov_7.152027	1382	1462	16	1	80	0.0125000
NODE_2067_length_1579_cov_6.741892	4	52	27	1	48	0.0208333
NODE_2067_length_1579_cov_6.741892	4	52	59	2	48	0.0416667
NODE_2067_length_1579_cov_6.741892	4	52	63	2	48	0.0416667
NODE_2067_length_1579_cov_6.741892	4	52	67	2	48	0.0416667
NODE_2067_length_1579_cov_6.741892	4	52	69	1	48	0.0208333
NODE_2067_length_1579_cov_6.741892	4	52	77	2	48	0.0416667
NODE_2067_length_1579_cov_6.741892	4	52	78	4	48	0.0833333
NODE_2067_length_1579_cov_6.741892	4	52	80	6	48	0.1250000
NODE_2067_length_1579_cov_6.741892	4	52	84	1	48	0.0208333
NODE_2067_length_1579_cov_6.741892	4	52	85	5	48	0.1041667
NODE_2067_length_1579_cov_6.741892	4	52	93	1	48	0.0208333
NODE_2067_length_1579_cov_6.741892	4	52	97	1	48	0.0208333
NODE_2067_length_1579_cov_6.741892	4	52	105	3	48	0.0625000
NODE_2067_length_1579_cov_6.741892	4	52	109	5	48	0.1041667
NODE_2067_length_1579_cov_6.741892	4	52	111	4	48	0.0833333
NODE_2067_length_1579_cov_6.741892	4	52	113	1	48	0.0208333
NODE_2067_length_1579_cov_6.741892	4	52	120	1	48	0.0208333
NODE_2067_length_1579_cov_6.741892	4	52	121	3	48	0.0625000
NODE_2067_length_1579_cov_6.741892	4	52	123	3	48	0.0625000
NODE_2067_length_1579_cov_6.741892	4	52	27	1	48	0.0208333
NODE_2067_length_1579_cov_6.741892	4	52	59	2	48	0.0416667
NODE_2067_length_1579_cov_6.741892	4	52	63	2	48	0.0416667
NODE_2067_length_1579_cov_6.741892	4	52	67	2	48	0.0416667
NODE_2067_length_1579_cov_6.741892	4	52	69	1	48	0.0208333
NODE_2067_length_1579_cov_6.741892	4	52	77	2	48	0.0416667
NODE_2067_length_1579_cov_6.741892	4	52	78	4	48	0.0833333
NODE_2067_length_1579_cov_6.741892	4	52	80	6	48	0.1250000
NODE_2067_length_1579_cov_6.741892	4	52	84	1	48	0.0208333
NODE_2067_length_1579_cov_6.741892	4	52	85	5	48	0.1041667
NODE_2067_length_1579_cov_6.741892	4	52	93	1	48	0.0208333
NODE_2067_length_1579_cov_6.741892	4	52	97	1	48	0.0208333
NODE_2067_length_1579_cov_6.741892	4	52	105	3	48	0.0625000
NODE_2067_length_1579_cov_6.741892	4	52	109	5	48	0.1041667
NODE_2067_length_1579_cov_6.741892	4	52	111	4	48	0.0833333
NODE_2067_length_1579_cov_6.741892	4	52	113	1	48	0.0208333
NODE_2067_length_1579_cov_6.741892	4	52	120	1	48	0.0208333
NODE_2067_length_1579_cov_6.741892	4	52	121	3	48	0.0625000
NODE_2067_length_1579_cov_6.741892	4	52	123	3	48	0.0625000
NODE_2067_length_1579_cov_6.741892	4	52	27	1	48	0.0208333
NODE_2067_length_1579_cov_6.741892	4	52	59	2	48	0.0416667
NODE_2067_length_1579_cov_6.741892	4	52	63	2	48	0.0416667
NODE_2067_length_1579_cov_6.741892	4	52	67	2	48	0.0416667
NODE_2067_length_1579_cov_6.741892	4	52	69	1	48	0.0208333
NODE_2067_length_1579_cov_6.741892	4	52	77	2	48	0.0416667
NODE_2067_length_1579_cov_6.741892	4	52	78	4	48	0.0833333
NODE_2067_length_1579_cov_6.741892	4	52	80	6	48	0.1250000
NODE_2067_length_1579_cov_6.741892	4	52	84	1	48	0.0208333
NODE_2067_length_1579_cov_6.741892	4	52	85	5	48	0.1041667
NODE_2067_length_1579_cov_6.741892	4	52	93	1	48	0.0208333
NODE_2067_length_1579_cov_6.741892	4	52	97	1	48	0.0208333
NODE_2067_length_1579_cov_6.741892	4	52	105	3	48	0.0625000
NODE_2067_length_1579_cov_6.741892	4	52	109	5	48	0.1041667
NODE_2067_length_1579_cov_6.741892	4	52	111	4	48	0.0833333
NODE_2067_length_1579_cov_6.741892	4	52	113	1	48	0.0208333
NODE_2067_length_1579_cov_6.741892	4	52	120	1	48	0.0208333
NODE_2067_length_1579_cov_6.741892	4	52	121	3	48	0.0625000
NODE_2067_length_1579_cov_6.741892	4	52	123	3	48	0.0625000
NODE_2067_length_1579_cov_6.741892	25	105	85	5	80	0.0625000
NODE_2067_length_1579_cov_6.741892	25	105	93	1	80	0.0125000
NODE_2067_length_1579_cov_6.741892	25	105	97	1	80	0.0125000
NODE_2067_length_1579_cov_6.741892	25	105	105	3	80	0.0375000
NODE_2067_length_1579_cov_6.741892	25	105	109	5	80	0.0625000
NODE_2067_length_1579_cov_6.741892	25	105	111	4	80	0.0500000
NODE_2067_length_1579_cov_6.741892	25	105	113	1	80	0.0125000
NODE_2067_length_1579_cov_6.741892	25	105	120	1	80	0.0125000
NODE_2067_length_1579_cov_6.741892	25	105	121	3	80	0.0375000
NODE_2067_length_1579_cov_6.741892	25	105	123	4	80	0.0500000
NODE_2067_length_1579_cov_6.741892	25	105	125	1	80	0.0125000
NODE_2067_length_1579_cov_6.741892	25	105	131	7	80	0.0875000
NODE_2067_length_1579_cov_6.741892	25	105	133	9	80	0.1125000
NODE_2067_length_1579_cov_6.741892	25	105	134	6	80	0.0750000
NODE_2067_length_1579_cov_6.741892	25	105	135	2	80	0.0250000
NODE_2067_length_1579_cov_6.741892	25	105	137	27	80	0.3375000
NODE_2067_length_1579_cov_6.741892	25	91	85	5	66	0.0757576
NODE_2067_length_1579_cov_6.741892	25	91	93	1	66	0.0151515
NODE_2067_length_1579_cov_6.741892	25	91	97	1	66	0.0151515
NODE_2067_length_1579_cov_6.741892	25	91	105	3	66	0.0454545
NODE_2067_length_1579_cov_6.741892	25	91	109	5	66	0.0757576
NODE_2067_length_1579_cov_6.741892	25	91	111	4	66	0.0606061
NODE_2067_length_1579_cov_6.741892	25	91	113	1	66	0.0151515
NODE_2067_length_1579_cov_6.741892	25	91	120	1	66	0.0151515
NODE_2067_length_1579_cov_6.741892	25	91	121	3	66	0.0454545
NODE_2067_length_1579_cov_6.741892	25	91	123	4	66	0.0606061
NODE_2067_length_1579_cov_6.741892	25	91	125	1	66	0.0151515
NODE_2067_length_1579_cov_6.741892	25	91	131	7	66	0.1060606
NODE_2067_length_1579_cov_6.741892	25	91	133	9	66	0.1363636
NODE_2067_length_1579_cov_6.741892	25	91	134	6	66	0.0909091
NODE_2067_length_1579_cov_6.741892	25	91	135	2	66	0.0303030
NODE_2067_length_1579_cov_6.741892	25	91	137	13	66	0.1969697
NODE_2067_length_1579_cov_6.741892	25	96	85	5	71	0.0704225
NODE_2067_length_1579_cov_6.741892	25	96	93	1	71	0.0140845
NODE_2067_length_1579_cov_6.741892	25	96	97	1	71	0.0140845
NODE_2067_length_1579_cov_6.741892	25	96	105	3	71	0.0422535
NODE_2067_length_1579_cov_6.741892	25	96	109	5	71	0.0704225
NODE_2067_length_1579_cov_6.741892	25	96	111	4	71	0.0563380
NODE_2067_length_1579_cov_6.741892	25	96	113	1	71	0.0140845
NODE_2067_length_1579_cov_6.741892	25	96	120	1	71	0.0140845
NODE_2067_length_1579_cov_6.741892	25	96	121	3	71	0.0422535
NODE_2067_length_1579_cov_6.741892	25	96	123	4	71	0.0563380
NODE_2067_length_1579_cov_6.741892	25	96	125	1	71	0.0140845
NODE_2067_length_1579_cov_6.741892	25	96	131	7	71	0.0985916
NODE_2067_length_1579_cov_6.741892	25	96	133	9	71	0.1267606
NODE_2067_length_1579_cov_6.741892	25	96	134	6	71	0.0845070
NODE_2067_length_1579_cov_6.741892	25	96	135	2	71	0.0281690
NODE_2067_length_1579_cov_6.741892	25	96	137	18	71	0.2535211
NODE_2076_length_1575_cov_4.250000	993	1073	0	19	80	0.2375000
NODE_2076_length_1575_cov_4.250000	993	1073	2	61	80	0.7625000
NODE_2076_length_1575_cov_4.250000	1046	1126	0	38	80	0.4750000
NODE_2076_length_1575_cov_4.250000	1046	1126	2	42	80	0.5250000
NODE_2078_length_1574_cov_40.682034	551	631	9	13	80	0.1625000
NODE_2078_length_1574_cov_40.682034	551	631	16	6	80	0.0750000
NODE_2078_length_1574_cov_40.682034	551	631	17	9	80	0.1125000
NODE_2078_length_1574_cov_40.682034	551	631	18	22	80	0.2750000
NODE_2078_length_1574_cov_40.682034	551	631	20	1	80	0.0125000
NODE_2078_length_1574_cov_40.682034	551	631	21	29	80	0.3625000
NODE_2078_length_1574_cov_40.682034	604	684	12	20	80	0.2500000
NODE_2078_length_1574_cov_40.682034	604	684	14	27	80	0.3375000
NODE_2078_length_1574_cov_40.682034	604	684	16	5	80	0.0625000
NODE_2078_length_1574_cov_40.682034	604	684	18	28	80	0.3500000
NODE_2078_length_1574_cov_40.682034	680	760	0	68	80	0.8500000
NODE_2078_length_1574_cov_40.682034	680	760	12	12	80	0.1500000
NODE_2078_length_1574_cov_40.682034	733	813	0	80	80	1.0000000
NODE_2079_length_1574_cov_7.572203	1306	1386	0	4	80	0.0500000
NODE_2079_length_1574_cov_7.572203	1306	1386	14	42	80	0.5250000
NODE_2079_length_1574_cov_7.572203	1306	1386	16	2	80	0.0250000
NODE_2079_length_1574_cov_7.572203	1306	1386	28	8	80	0.1000000
NODE_2079_length_1574_cov_7.572203	1306	1386	32	24	80	0.3000000
NODE_2079_length_1574_cov_7.572203	1359	1439	25	25	80	0.3125000
NODE_2079_length_1574_cov_7.572203	1359	1439	26	12	80	0.1500000
NODE_2079_length_1574_cov_7.572203	1359	1439	28	16	80	0.2000000
NODE_2079_length_1574_cov_7.572203	1359	1439	30	3	80	0.0375000
NODE_2079_length_1574_cov_7.572203	1359	1439	32	24	80	0.3000000
NODE_2081_length_1573_cov_16.107191	437	512	0	75	75	1.0000000
NODE_2081_length_1573_cov_16.107191	485	565	0	80	80	1.0000000
NODE_2081_length_1573_cov_16.107191	561	639	0	14	78	0.1794872
NODE_2081_length_1573_cov_16.107191	561	639	2	56	78	0.7179487
NODE_2081_length_1573_cov_16.107191	561	639	4	8	78	0.1025641
NODE_2081_length_1573_cov_16.107191	612	692	2	36	80	0.4500000
NODE_2081_length_1573_cov_16.107191	612	692	4	44	80	0.5500000
NODE_2085_length_1572_cov_25.966735	359	404	232	3	45	0.0666667
NODE_2085_length_1572_cov_25.966735	359	404	233	1	45	0.0222222
NODE_2085_length_1572_cov_25.966735	359	404	234	1	45	0.0222222
NODE_2085_length_1572_cov_25.966735	359	404	235	2	45	0.0444444
NODE_2085_length_1572_cov_25.966735	359	404	236	3	45	0.0666667
NODE_2085_length_1572_cov_25.966735	359	404	237	1	45	0.0222222
NODE_2085_length_1572_cov_25.966735	359	404	242	1	45	0.0222222
NODE_2085_length_1572_cov_25.966735	359	404	245	1	45	0.0222222
NODE_2085_length_1572_cov_25.966735	359	404	246	2	45	0.0444444
NODE_2085_length_1572_cov_25.966735	359	404	250	1	45	0.0222222
NODE_2085_length_1572_cov_25.966735	359	404	252	1	45	0.0222222
NODE_2085_length_1572_cov_25.966735	359	404	254	1	45	0.0222222
NODE_2085_length_1572_cov_25.966735	359	404	255	3	45	0.0666667
NODE_2085_length_1572_cov_25.966735	359	404	256	2	45	0.0444444
NODE_2085_length_1572_cov_25.966735	359	404	257	1	45	0.0222222
NODE_2085_length_1572_cov_25.966735	359	404	261	1	45	0.0222222
NODE_2085_length_1572_cov_25.966735	359	404	267	1	45	0.0222222
NODE_2085_length_1572_cov_25.966735	359	404	270	1	45	0.0222222
NODE_2085_length_1572_cov_25.966735	359	404	271	1	45	0.0222222
NODE_2085_length_1572_cov_25.966735	359	404	274	1	45	0.0222222
NODE_2085_length_1572_cov_25.966735	359	404	276	1	45	0.0222222
NODE_2085_length_1572_cov_25.966735	359	404	278	1	45	0.0222222
NODE_2085_length_1572_cov_25.966735	359	404	283	1	45	0.0222222
NODE_2085_length_1572_cov_25.966735	359	404	285	2	45	0.0444444
NODE_2085_length_1572_cov_25.966735	359	404	289	2	45	0.0444444
NODE_2085_length_1572_cov_25.966735	359	404	290	1	45	0.0222222
NODE_2085_length_1572_cov_25.966735	359	404	292	1	45	0.0222222
NODE_2085_length_1572_cov_25.966735	359	404	295	1	45	0.0222222
NODE_2085_length_1572_cov_25.966735	359	404	299	1	45	0.0222222
NODE_2085_length_1572_cov_25.966735	359	404	301	1	45	0.0222222
NODE_2085_length_1572_cov_25.966735	359	404	307	1	45	0.0222222
NODE_2085_length_1572_cov_25.966735	359	404	311	1	45	0.0222222
NODE_2085_length_1572_cov_25.966735	359	404	315	1	45	0.0222222
NODE_2085_length_1572_cov_25.966735	359	404	325	1	45	0.0222222
NODE_2085_length_1572_cov_25.966735	405	477	171	1	72	0.0138889
NODE_2085_length_1572_cov_25.966735	405	477	172	3	72	0.0416667
NODE_2085_length_1572_cov_25.966735	405	477	174	3	72	0.0416667
NODE_2085_length_1572_cov_25.966735	405	477	175	1	72	0.0138889
NODE_2085_length_1572_cov_25.966735	405	477	176	2	72	0.0277778
NODE_2085_length_1572_cov_25.966735	405	477	177	5	72	0.0694444
NODE_2085_length_1572_cov_25.966735	405	477	180	1	72	0.0138889
NODE_2085_length_1572_cov_25.966735	405	477	181	3	72	0.0416667
NODE_2085_length_1572_cov_25.966735	405	477	183	3	72	0.0416667
NODE_2085_length_1572_cov_25.966735	405	477	185	4	72	0.0555556
NODE_2085_length_1572_cov_25.966735	405	477	186	1	72	0.0138889
NODE_2085_length_1572_cov_25.966735	405	477	187	4	72	0.0555556
NODE_2085_length_1572_cov_25.966735	405	477	188	1	72	0.0138889
NODE_2085_length_1572_cov_25.966735	405	477	189	1	72	0.0138889
NODE_2085_length_1572_cov_25.966735	405	477	190	3	72	0.0416667
NODE_2085_length_1572_cov_25.966735	405	477	191	4	72	0.0555556
NODE_2085_length_1572_cov_25.966735	405	477	192	1	72	0.0138889
NODE_2085_length_1572_cov_25.966735	405	477	193	2	72	0.0277778
NODE_2085_length_1572_cov_25.966735	405	477	194	1	72	0.0138889
NODE_2085_length_1572_cov_25.966735	405	477	195	3	72	0.0416667
NODE_2085_length_1572_cov_25.966735	405	477	196	2	72	0.0277778
NODE_2085_length_1572_cov_25.966735	405	477	197	3	72	0.0416667
NODE_2085_length_1572_cov_25.966735	405	477	198	3	72	0.0416667
NODE_2085_length_1572_cov_25.966735	405	477	205	1	72	0.0138889
NODE_2085_length_1572_cov_25.966735	405	477	209	1	72	0.0138889
NODE_2085_length_1572_cov_25.966735	405	477	216	1	72	0.0138889
NODE_2085_length_1572_cov_25.966735	405	477	221	1	72	0.0138889
NODE_2085_length_1572_cov_25.966735	405	477	222	2	72	0.0277778
NODE_2085_length_1572_cov_25.966735	405	477	225	1	72	0.0138889
NODE_2085_length_1572_cov_25.966735	405	477	226	2	72	0.0277778
NODE_2085_length_1572_cov_25.966735	405	477	228	2	72	0.0277778
NODE_2085_length_1572_cov_25.966735	405	477	230	1	72	0.0138889
NODE_2085_length_1572_cov_25.966735	405	477	231	1	72	0.0138889
NODE_2085_length_1572_cov_25.966735	405	477	232	2	72	0.0277778
NODE_2085_length_1572_cov_25.966735	405	477	233	2	72	0.0277778
NODE_2085_length_1572_cov_25.966735	1016	1096	0	13	80	0.1625000
NODE_2085_length_1572_cov_25.966735	1016	1096	2	4	80	0.0500000
NODE_2085_length_1572_cov_25.966735	1016	1096	4	63	80	0.7875000
NODE_2085_length_1572_cov_25.966735	1069	1149	0	21	80	0.2625000
NODE_2085_length_1572_cov_25.966735	1069	1149	2	15	80	0.1875000
NODE_2085_length_1572_cov_25.966735	1069	1149	4	44	80	0.5500000
NODE_2086_length_1572_cov_3.513238	1386	1462	4	17	76	0.2236842
NODE_2086_length_1572_cov_3.513238	1386	1462	6	16	76	0.2105263
NODE_2086_length_1572_cov_3.513238	1386	1462	8	18	76	0.2368421
NODE_2086_length_1572_cov_3.513238	1386	1462	10	25	76	0.3289474
NODE_2090_length_1570_cov_21.745071	700	780	0	6	80	0.0750000
NODE_2090_length_1570_cov_21.745071	700	780	2	17	80	0.2125000
NODE_2090_length_1570_cov_21.745071	700	780	3	1	80	0.0125000
NODE_2090_length_1570_cov_21.745071	700	780	6	16	80	0.2000000
NODE_2090_length_1570_cov_21.745071	700	780	8	9	80	0.1125000
NODE_2090_length_1570_cov_21.745071	700	780	10	31	80	0.3875000
NODE_2090_length_1570_cov_21.745071	753	833	6	3	80	0.0375000
NODE_2090_length_1570_cov_21.745071	753	833	8	10	80	0.1250000
NODE_2090_length_1570_cov_21.745071	753	833	10	18	80	0.2250000
NODE_2090_length_1570_cov_21.745071	753	833	12	36	80	0.4500000
NODE_2090_length_1570_cov_21.745071	753	833	14	13	80	0.1625000
NODE_2091_length_1570_cov_3.276003	387	467	0	80	80	1.0000000
NODE_2091_length_1570_cov_3.276003	440	520	0	80	80	1.0000000
NODE_2093_length_1569_cov_53.941497	741	821	0	80	80	1.0000000
NODE_2093_length_1569_cov_53.941497	794	874	0	72	80	0.9000000
NODE_2093_length_1569_cov_53.941497	794	874	2	8	80	0.1000000
NODE_2093_length_1569_cov_53.941497	870	950	2	80	80	1.0000000
NODE_2093_length_1569_cov_53.941497	923	1003	0	19	80	0.2375000
NODE_2093_length_1569_cov_53.941497	923	1003	2	61	80	0.7625000
NODE_2094_length_1569_cov_12.426531	640	720	0	80	80	1.0000000
NODE_2094_length_1569_cov_12.426531	693	773	0	80	80	1.0000000
NODE_2094_length_1569_cov_12.426531	769	849	0	80	80	1.0000000
NODE_2094_length_1569_cov_12.426531	822	902	0	80	80	1.0000000
NODE_2095_length_1569_cov_12.365986	450	530	14	39	80	0.4875000
NODE_2095_length_1569_cov_12.365986	450	530	15	5	80	0.0625000
NODE_2095_length_1569_cov_12.365986	450	530	17	16	80	0.2000000
NODE_2095_length_1569_cov_12.365986	450	530	19	14	80	0.1750000
NODE_2095_length_1569_cov_12.365986	450	530	21	6	80	0.0750000
NODE_2095_length_1569_cov_12.365986	450	530	14	39	80	0.4875000
NODE_2095_length_1569_cov_12.365986	450	530	15	5	80	0.0625000
NODE_2095_length_1569_cov_12.365986	450	530	17	16	80	0.2000000
NODE_2095_length_1569_cov_12.365986	450	530	19	14	80	0.1750000
NODE_2095_length_1569_cov_12.365986	450	530	21	6	80	0.0750000
NODE_2095_length_1569_cov_12.365986	503	564	6	5	61	0.0819672
NODE_2095_length_1569_cov_12.365986	503	564	8	2	61	0.0327869
NODE_2095_length_1569_cov_12.365986	503	564	10	1	61	0.0163934
NODE_2095_length_1569_cov_12.365986	503	564	11	1	61	0.0163934
NODE_2095_length_1569_cov_12.365986	503	564	17	32	61	0.5245901
NODE_2095_length_1569_cov_12.365986	503	564	19	14	61	0.2295082
NODE_2095_length_1569_cov_12.365986	503	564	21	6	61	0.0983607
NODE_2095_length_1569_cov_12.365986	503	556	11	1	53	0.0188679
NODE_2095_length_1569_cov_12.365986	503	556	17	32	53	0.6037736
NODE_2095_length_1569_cov_12.365986	503	556	19	14	53	0.2641509
NODE_2095_length_1569_cov_12.365986	503	556	21	6	53	0.1132075
NODE_2096_length_1569_cov_11.599320	798	878	0	39	80	0.4875000
NODE_2096_length_1569_cov_11.599320	798	878	4	1	80	0.0125000
NODE_2096_length_1569_cov_11.599320	798	878	6	8	80	0.1000000
NODE_2096_length_1569_cov_11.599320	798	878	8	16	80	0.2000000
NODE_2096_length_1569_cov_11.599320	798	878	10	16	80	0.2000000
NODE_2096_length_1569_cov_11.599320	851	931	8	45	80	0.5625000
NODE_2096_length_1569_cov_11.599320	851	931	10	35	80	0.4375000
NODE_2097_length_1569_cov_10.917687	521	601	8	69	80	0.8625000
NODE_2097_length_1569_cov_10.917687	521	601	10	11	80	0.1375000
NODE_2097_length_1569_cov_10.917687	574	654	2	12	80	0.1500000
NODE_2097_length_1569_cov_10.917687	574	654	8	16	80	0.2000000
NODE_2097_length_1569_cov_10.917687	574	654	10	52	80	0.6500000
NODE_2108_length_1563_cov_15.357240	590	670	0	32	80	0.4000000
NODE_2108_length_1563_cov_15.357240	590	670	4	48	80	0.6000000
NODE_2108_length_1563_cov_15.357240	643	723	0	12	80	0.1500000
NODE_2108_length_1563_cov_15.357240	643	723	4	68	80	0.8500000
NODE_2110_length_1561_cov_18.420657	354	434	0	22	80	0.2750000
NODE_2110_length_1561_cov_18.420657	354	434	4	58	80	0.7250000
NODE_2110_length_1561_cov_18.420657	407	487	0	26	80	0.3250000
NODE_2110_length_1561_cov_18.420657	407	487	4	54	80	0.6750000
NODE_2110_length_1561_cov_18.420657	483	563	0	16	80	0.2000000
NODE_2110_length_1561_cov_18.420657	483	563	1	1	80	0.0125000
NODE_2110_length_1561_cov_18.420657	483	563	2	63	80	0.7875000
NODE_2110_length_1561_cov_18.420657	536	616	2	80	80	1.0000000
NODE_2116_length_1559_cov_7.071233	347	427	2	39	80	0.4875000
NODE_2116_length_1559_cov_7.071233	347	427	4	41	80	0.5125000
NODE_2116_length_1559_cov_7.071233	400	478	0	48	78	0.6153846
NODE_2116_length_1559_cov_7.071233	400	478	2	30	78	0.3846154
NODE_2116_length_1559_cov_7.071233	1187	1238	0	51	51	1.0000000
NODE_2118_length_1558_cov_3.486635	338	418	0	80	80	1.0000000
NODE_2118_length_1558_cov_3.486635	391	471	0	80	80	1.0000000
NODE_2119_length_1557_cov_17.089163	542	622	0	40	80	0.5000000
NODE_2119_length_1557_cov_17.089163	542	622	2	40	80	0.5000000
NODE_2119_length_1557_cov_17.089163	595	675	0	3	80	0.0375000
NODE_2119_length_1557_cov_17.089163	595	675	2	77	80	0.9625000
NODE_2120_length_1557_cov_4.639918	0	56	0	48	56	0.8571429
NODE_2120_length_1557_cov_4.639918	0	56	2	8	56	0.1428571
NODE_2120_length_1557_cov_4.639918	49	112	2	63	63	1.0000000
NODE_2120_length_1557_cov_4.639918	85	161	2	76	76	1.0000000
NODE_2123_length_1556_cov_23.289636	456	536	0	80	80	1.0000000
NODE_2123_length_1556_cov_23.289636	509	589	0	80	80	1.0000000
NODE_2123_length_1556_cov_23.289636	681	761	2	27	80	0.3375000
NODE_2123_length_1556_cov_23.289636	681	761	4	53	80	0.6625000
NODE_2123_length_1556_cov_23.289636	734	814	2	35	80	0.4375000
NODE_2123_length_1556_cov_23.289636	734	814	4	45	80	0.5625000
NODE_2123_length_1556_cov_23.289636	1445	1525	84	2	80	0.0250000
NODE_2123_length_1556_cov_23.289636	1445	1525	86	2	80	0.0250000
NODE_2123_length_1556_cov_23.289636	1445	1525	94	1	80	0.0125000
NODE_2123_length_1556_cov_23.289636	1445	1525	98	1	80	0.0125000
NODE_2123_length_1556_cov_23.289636	1445	1525	100	1	80	0.0125000
NODE_2123_length_1556_cov_23.289636	1445	1525	106	1	80	0.0125000
NODE_2123_length_1556_cov_23.289636	1445	1525	108	2	80	0.0250000
NODE_2123_length_1556_cov_23.289636	1445	1525	112	70	80	0.8750000
NODE_2124_length_1556_cov_7.494166	300	380	1	19	80	0.2375000
NODE_2124_length_1556_cov_7.494166	300	380	2	61	80	0.7625000
NODE_2124_length_1556_cov_7.494166	353	433	1	72	80	0.9000000
NODE_2124_length_1556_cov_7.494166	353	433	2	8	80	0.1000000
NODE_2126_length_1555_cov_13.461538	666	746	0	48	80	0.6000000
NODE_2126_length_1555_cov_13.461538	666	746	2	32	80	0.4000000
NODE_2126_length_1555_cov_13.461538	719	799	0	80	80	1.0000000
NODE_2127_length_1554_cov_30.239175	144	226	4	12	82	0.1463415
NODE_2127_length_1554_cov_30.239175	144	226	6	6	82	0.0731707
NODE_2127_length_1554_cov_30.239175	144	226	8	62	82	0.7560976
NODE_2127_length_1554_cov_30.239175	144	226	10	2	82	0.0243902
NODE_2127_length_1554_cov_30.239175	199	279	8	29	80	0.3625000
NODE_2127_length_1554_cov_30.239175	199	279	9	4	80	0.0500000
NODE_2127_length_1554_cov_30.239175	199	279	10	10	80	0.1250000
NODE_2127_length_1554_cov_30.239175	199	279	11	8	80	0.1000000
NODE_2127_length_1554_cov_30.239175	199	279	12	2	80	0.0250000
NODE_2127_length_1554_cov_30.239175	199	279	14	7	80	0.0875000
NODE_2127_length_1554_cov_30.239175	199	279	16	5	80	0.0625000
NODE_2127_length_1554_cov_30.239175	199	279	17	1	80	0.0125000
NODE_2127_length_1554_cov_30.239175	199	279	19	1	80	0.0125000
NODE_2127_length_1554_cov_30.239175	199	279	28	6	80	0.0750000
NODE_2127_length_1554_cov_30.239175	199	279	30	1	80	0.0125000
NODE_2127_length_1554_cov_30.239175	199	279	32	5	80	0.0625000
NODE_2127_length_1554_cov_30.239175	199	279	34	1	80	0.0125000
NODE_2127_length_1554_cov_30.239175	877	903	0	4	26	0.1538462
NODE_2127_length_1554_cov_30.239175	877	903	2	22	26	0.8461539
NODE_2127_length_1554_cov_30.239175	930	1010	0	25	80	0.3125000
NODE_2127_length_1554_cov_30.239175	930	1010	2	55	80	0.6875000
NODE_2127_length_1554_cov_30.239175	983	1063	0	78	80	0.9750000
NODE_2127_length_1554_cov_30.239175	983	1063	2	2	80	0.0250000
NODE_2128_length_1554_cov_5.381443	1494	1554	6	4	60	0.0666667
NODE_2128_length_1554_cov_5.381443	1494	1554	7	1	60	0.0166667
NODE_2128_length_1554_cov_5.381443	1494	1554	10	2	60	0.0333333
NODE_2128_length_1554_cov_5.381443	1494	1554	18	53	60	0.8833333
NODE_2132_length_1552_cov_11.367515	379	445	0	66	66	1.0000000
NODE_2132_length_1552_cov_11.367515	418	484	0	66	66	1.0000000
NODE_2138_length_1549_cov_15.480000	1288	1368	0	1	80	0.0125000
NODE_2138_length_1549_cov_15.480000	1288	1368	2	79	80	0.9875000
NODE_2138_length_1549_cov_15.480000	1341	1421	0	10	80	0.1250000
NODE_2138_length_1549_cov_15.480000	1341	1421	2	70	80	0.8750000
NODE_2142_length_1548_cov_12.789510	770	850	0	80	80	1.0000000
NODE_2142_length_1548_cov_12.789510	823	903	0	80	80	1.0000000
NODE_2149_length_1546_cov_24.069800	775	855	0	30	80	0.3750000
NODE_2149_length_1546_cov_24.069800	775	855	2	2	80	0.0250000
NODE_2149_length_1546_cov_24.069800	775	855	3	2	80	0.0250000
NODE_2149_length_1546_cov_24.069800	775	855	4	46	80	0.5750000
NODE_2149_length_1546_cov_24.069800	828	908	0	10	80	0.1250000
NODE_2149_length_1546_cov_24.069800	828	908	4	70	80	0.8750000
NODE_2150_length_1546_cov_10.911541	417	497	0	59	80	0.7375000
NODE_2150_length_1546_cov_10.911541	417	497	2	21	80	0.2625000
NODE_2150_length_1546_cov_10.911541	470	550	0	6	80	0.0750000
NODE_2150_length_1546_cov_10.911541	470	550	2	74	80	0.9250000
NODE_2150_length_1546_cov_10.911541	1065	1145	0	80	80	1.0000000
NODE_2150_length_1546_cov_10.911541	1118	1198	0	80	80	1.0000000
NODE_2155_length_1543_cov_10.400970	480	560	2	64	80	0.8000000
NODE_2155_length_1543_cov_10.400970	480	560	3	2	80	0.0250000
NODE_2155_length_1543_cov_10.400970	480	560	4	14	80	0.1750000
NODE_2155_length_1543_cov_10.400970	533	613	0	14	80	0.1750000
NODE_2155_length_1543_cov_10.400970	533	613	2	66	80	0.8250000
NODE_2156_length_1543_cov_4.532548	43	98	2	55	55	1.0000000
NODE_2162_length_1541_cov_7.316921	523	603	6	15	80	0.1875000
NODE_2162_length_1541_cov_7.316921	523	603	8	65	80	0.8125000
NODE_2162_length_1541_cov_7.316921	576	658	4	19	82	0.2317073
NODE_2162_length_1541_cov_7.316921	576	658	6	44	82	0.5365854
NODE_2162_length_1541_cov_7.316921	576	658	8	19	82	0.2317073
NODE_2165_length_1539_cov_19.067361	334	414	2	71	80	0.8875000
NODE_2165_length_1539_cov_19.067361	334	414	4	9	80	0.1125000
NODE_2165_length_1539_cov_19.067361	387	467	0	24	80	0.3000000
NODE_2165_length_1539_cov_19.067361	387	467	2	56	80	0.7000000
NODE_2165_length_1539_cov_19.067361	463	543	0	80	80	1.0000000
NODE_2165_length_1539_cov_19.067361	516	596	0	80	80	1.0000000
NODE_2171_length_1538_cov_68.273801	604	684	0	67	80	0.8375000
NODE_2171_length_1538_cov_68.273801	604	684	2	13	80	0.1625000
NODE_2171_length_1538_cov_68.273801	657	737	0	14	80	0.1750000
NODE_2171_length_1538_cov_68.273801	657	737	2	66	80	0.8250000
NODE_2172_length_1538_cov_2.402363	1456	1499	0	43	43	1.0000000
NODE_2173_length_1537_cov_39.413074	782	862	0	21	80	0.2625000
NODE_2173_length_1537_cov_39.413074	782	862	2	59	80	0.7375000
NODE_2173_length_1537_cov_39.413074	835	915	0	74	80	0.9250000
NODE_2173_length_1537_cov_39.413074	835	915	2	6	80	0.0750000
NODE_2173_length_1537_cov_39.413074	911	991	0	65	80	0.8125000
NODE_2173_length_1537_cov_39.413074	911	991	4	15	80	0.1875000
NODE_2173_length_1537_cov_39.413074	964	1044	0	12	80	0.1500000
NODE_2173_length_1537_cov_39.413074	964	1044	4	68	80	0.8500000
NODE_2174_length_1537_cov_30.412378	739	819	2	28	80	0.3500000
NODE_2174_length_1537_cov_30.412378	739	819	4	26	80	0.3250000
NODE_2174_length_1537_cov_30.412378	739	819	10	26	80	0.3250000
NODE_2174_length_1537_cov_30.412378	792	872	4	1	80	0.0125000
NODE_2174_length_1537_cov_30.412378	792	872	7	3	80	0.0375000
NODE_2174_length_1537_cov_30.412378	792	872	8	42	80	0.5250000
NODE_2174_length_1537_cov_30.412378	792	872	10	34	80	0.4250000
NODE_2174_length_1537_cov_30.412378	868	948	4	32	80	0.4000000
NODE_2174_length_1537_cov_30.412378	868	948	6	32	80	0.4000000
NODE_2174_length_1537_cov_30.412378	868	948	7	13	80	0.1625000
NODE_2174_length_1537_cov_30.412378	868	948	8	1	80	0.0125000
NODE_2174_length_1537_cov_30.412378	868	948	10	2	80	0.0250000
NODE_2174_length_1537_cov_30.412378	921	1001	0	10	80	0.1250000
NODE_2174_length_1537_cov_30.412378	921	1001	4	70	80	0.8750000
NODE_2175_length_1537_cov_18.707232	669	749	0	58	80	0.7250000
NODE_2175_length_1537_cov_18.707232	669	749	2	22	80	0.2750000
NODE_2175_length_1537_cov_18.707232	722	802	0	5	80	0.0625000
NODE_2175_length_1537_cov_18.707232	722	802	2	41	80	0.5125000
NODE_2175_length_1537_cov_18.707232	722	802	4	34	80	0.4250000
NODE_2176_length_1536_cov_24.991649	832	912	0	80	80	1.0000000
NODE_2176_length_1536_cov_24.991649	885	965	0	80	80	1.0000000
NODE_2176_length_1536_cov_24.991649	961	1041	0	20	80	0.2500000
NODE_2176_length_1536_cov_24.991649	961	1041	4	24	80	0.3000000
NODE_2176_length_1536_cov_24.991649	961	1041	6	36	80	0.4500000
NODE_2176_length_1536_cov_24.991649	1014	1094	2	41	80	0.5125000
NODE_2176_length_1536_cov_24.991649	1014	1094	6	39	80	0.4875000
NODE_2183_length_1535_cov_46.662256	992	1072	6	80	80	1.0000000
NODE_2183_length_1535_cov_46.662256	1045	1125	0	20	80	0.2500000
NODE_2183_length_1535_cov_46.662256	1045	1125	6	60	80	0.7500000
NODE_2183_length_1535_cov_46.662256	1127	1203	0	29	76	0.3815790
NODE_2183_length_1535_cov_46.662256	1127	1203	2	47	76	0.6184211
NODE_2183_length_1535_cov_46.662256	1176	1256	2	71	80	0.8875000
NODE_2183_length_1535_cov_46.662256	1176	1256	4	9	80	0.1125000
NODE_2184_length_1535_cov_32.610724	992	1072	0	5	80	0.0625000
NODE_2184_length_1535_cov_32.610724	992	1072	4	75	80	0.9375000
NODE_2184_length_1535_cov_32.610724	1045	1125	0	42	80	0.5250000
NODE_2184_length_1535_cov_32.610724	1045	1125	4	38	80	0.4750000
NODE_2184_length_1535_cov_32.610724	1121	1201	0	25	80	0.3125000
NODE_2184_length_1535_cov_32.610724	1121	1201	2	55	80	0.6875000
NODE_2184_length_1535_cov_32.610724	1174	1254	0	40	80	0.5000000
NODE_2184_length_1535_cov_32.610724	1174	1254	2	40	80	0.5000000
NODE_2185_length_1535_cov_25.406685	619	699	0	6	80	0.0750000
NODE_2185_length_1535_cov_25.406685	619	699	2	48	80	0.6000000
NODE_2185_length_1535_cov_25.406685	619	699	4	26	80	0.3250000
NODE_2185_length_1535_cov_25.406685	672	752	2	38	80	0.4750000
NODE_2185_length_1535_cov_25.406685	672	752	4	42	80	0.5250000
NODE_2190_length_1534_cov_13.542857	439	519	0	80	80	1.0000000
NODE_2190_length_1534_cov_13.542857	492	567	0	75	75	1.0000000
NODE_2197_length_1531_cov_17.336592	324	404	0	80	80	1.0000000
NODE_2198_length_1531_cov_6.267458	606	686	0	80	80	1.0000000
NODE_2198_length_1531_cov_6.267458	659	739	0	80	80	1.0000000
NODE_2199_length_1530_cov_13.514326	323	403	2	43	80	0.5375000
NODE_2199_length_1530_cov_13.514326	323	403	6	2	80	0.0250000
NODE_2199_length_1530_cov_13.514326	323	403	8	12	80	0.1500000
NODE_2199_length_1530_cov_13.514326	323	403	11	1	80	0.0125000
NODE_2199_length_1530_cov_13.514326	323	403	12	22	80	0.2750000
NODE_2199_length_1530_cov_13.514326	376	456	8	12	80	0.1500000
NODE_2199_length_1530_cov_13.514326	376	456	10	33	80	0.4125000
NODE_2199_length_1530_cov_13.514326	376	456	11	1	80	0.0125000
NODE_2199_length_1530_cov_13.514326	376	456	12	34	80	0.4250000
NODE_2199_length_1530_cov_13.514326	1465	1513	0	48	48	1.0000000
NODE_2200_length_1530_cov_9.012579	637	717	0	80	80	1.0000000
NODE_2200_length_1530_cov_9.012579	690	770	0	80	80	1.0000000
NODE_2203_length_1529_cov_21.061538	983	1063	4	15	80	0.1875000
NODE_2203_length_1529_cov_21.061538	983	1063	8	25	80	0.3125000
NODE_2203_length_1529_cov_21.061538	983	1063	10	2	80	0.0250000
NODE_2203_length_1529_cov_21.061538	983	1063	12	1	80	0.0125000
NODE_2203_length_1529_cov_21.061538	983	1063	13	1	80	0.0125000
NODE_2203_length_1529_cov_21.061538	983	1063	14	36	80	0.4500000
NODE_2203_length_1529_cov_21.061538	1036	1116	0	11	80	0.1375000
NODE_2203_length_1529_cov_21.061538	1036	1116	6	30	80	0.3750000
NODE_2203_length_1529_cov_21.061538	1036	1116	10	14	80	0.1750000
NODE_2203_length_1529_cov_21.061538	1036	1116	14	25	80	0.3125000
NODE_2205_length_1529_cov_1.380420	219	282	0	4	63	0.0634921
NODE_2205_length_1529_cov_1.380420	219	282	2	22	63	0.3492064
NODE_2205_length_1529_cov_1.380420	219	282	4	37	63	0.5873016
NODE_2205_length_1529_cov_1.380420	272	323	0	11	51	0.2156863
NODE_2205_length_1529_cov_1.380420	272	323	2	9	51	0.1764706
NODE_2205_length_1529_cov_1.380420	272	323	4	31	51	0.6078432
NODE_2206_length_1528_cov_8.578027	449	529	4	80	80	1.0000000
NODE_2206_length_1528_cov_8.578027	502	582	0	39	80	0.4875000
NODE_2206_length_1528_cov_8.578027	502	582	4	41	80	0.5125000
NODE_2210_length_1526_cov_92.265592	986	1066	8	38	80	0.4750000
NODE_2210_length_1526_cov_92.265592	986	1066	10	8	80	0.1000000
NODE_2210_length_1526_cov_92.265592	986	1066	12	34	80	0.4250000
NODE_2210_length_1526_cov_92.265592	1039	1119	4	17	80	0.2125000
NODE_2210_length_1526_cov_92.265592	1039	1119	10	38	80	0.4750000
NODE_2210_length_1526_cov_92.265592	1039	1119	12	25	80	0.3125000
NODE_2211_length_1526_cov_4.051857	291	370	0	25	79	0.3164557
NODE_2211_length_1526_cov_4.051857	291	370	2	28	79	0.3544304
NODE_2211_length_1526_cov_4.051857	291	370	4	26	79	0.3291139
NODE_2213_length_1525_cov_20.232118	1014	1090	235	1	76	0.0131579
NODE_2213_length_1525_cov_20.232118	1014	1090	236	1	76	0.0131579
NODE_2213_length_1525_cov_20.232118	1014	1090	240	1	76	0.0131579
NODE_2213_length_1525_cov_20.232118	1014	1090	242	2	76	0.0263158
NODE_2213_length_1525_cov_20.232118	1014	1090	244	1	76	0.0131579
NODE_2213_length_1525_cov_20.232118	1014	1090	249	1	76	0.0131579
NODE_2213_length_1525_cov_20.232118	1014	1090	258	1	76	0.0131579
NODE_2213_length_1525_cov_20.232118	1014	1090	269	1	76	0.0131579
NODE_2213_length_1525_cov_20.232118	1014	1090	273	2	76	0.0263158
NODE_2213_length_1525_cov_20.232118	1014	1090	275	1	76	0.0131579
NODE_2213_length_1525_cov_20.232118	1014	1090	282	1	76	0.0131579
NODE_2213_length_1525_cov_20.232118	1014	1090	283	1	76	0.0131579
NODE_2213_length_1525_cov_20.232118	1014	1090	284	2	76	0.0263158
NODE_2213_length_1525_cov_20.232118	1014	1090	285	2	76	0.0263158
NODE_2213_length_1525_cov_20.232118	1014	1090	287	2	76	0.0263158
NODE_2213_length_1525_cov_20.232118	1014	1090	289	2	76	0.0263158
NODE_2213_length_1525_cov_20.232118	1014	1090	290	3	76	0.0394737
NODE_2213_length_1525_cov_20.232118	1014	1090	292	1	76	0.0131579
NODE_2213_length_1525_cov_20.232118	1014	1090	293	1	76	0.0131579
NODE_2213_length_1525_cov_20.232118	1014	1090	296	1	76	0.0131579
NODE_2213_length_1525_cov_20.232118	1014	1090	297	1	76	0.0131579
NODE_2213_length_1525_cov_20.232118	1014	1090	300	3	76	0.0394737
NODE_2213_length_1525_cov_20.232118	1014	1090	301	1	76	0.0131579
NODE_2213_length_1525_cov_20.232118	1014	1090	303	1	76	0.0131579
NODE_2213_length_1525_cov_20.232118	1014	1090	305	1	76	0.0131579
NODE_2213_length_1525_cov_20.232118	1014	1090	306	2	76	0.0263158
NODE_2213_length_1525_cov_20.232118	1014	1090	309	2	76	0.0263158
NODE_2213_length_1525_cov_20.232118	1014	1090	310	2	76	0.0263158
NODE_2213_length_1525_cov_20.232118	1014	1090	312	1	76	0.0131579
NODE_2213_length_1525_cov_20.232118	1014	1090	314	5	76	0.0657895
NODE_2213_length_1525_cov_20.232118	1014	1090	318	1	76	0.0131579
NODE_2213_length_1525_cov_20.232118	1014	1090	320	1	76	0.0131579
NODE_2213_length_1525_cov_20.232118	1014	1090	322	3	76	0.0394737
NODE_2213_length_1525_cov_20.232118	1014	1090	323	2	76	0.0263158
NODE_2213_length_1525_cov_20.232118	1014	1090	325	1	76	0.0131579
NODE_2213_length_1525_cov_20.232118	1014	1090	326	1	76	0.0131579
NODE_2213_length_1525_cov_20.232118	1014	1090	327	2	76	0.0263158
NODE_2213_length_1525_cov_20.232118	1014	1090	328	1	76	0.0131579
NODE_2213_length_1525_cov_20.232118	1014	1090	330	4	76	0.0526316
NODE_2213_length_1525_cov_20.232118	1014	1090	331	1	76	0.0131579
NODE_2213_length_1525_cov_20.232118	1014	1090	332	2	76	0.0263158
NODE_2213_length_1525_cov_20.232118	1014	1090	333	2	76	0.0263158
NODE_2213_length_1525_cov_20.232118	1014	1090	338	1	76	0.0131579
NODE_2213_length_1525_cov_20.232118	1014	1090	339	1	76	0.0131579
NODE_2213_length_1525_cov_20.232118	1014	1090	340	2	76	0.0263158
NODE_2213_length_1525_cov_20.232118	1014	1090	341	1	76	0.0131579
NODE_2213_length_1525_cov_20.232118	1014	1090	342	3	76	0.0394737
NODE_2213_length_1525_cov_20.232118	1281	1338	0	57	57	1.0000000
NODE_2214_length_1525_cov_11.421459	804	884	0	42	80	0.5250000
NODE_2214_length_1525_cov_11.421459	804	884	2	11	80	0.1375000
NODE_2214_length_1525_cov_11.421459	804	884	4	27	80	0.3375000
NODE_2214_length_1525_cov_11.421459	857	937	2	14	80	0.1750000
NODE_2214_length_1525_cov_11.421459	857	937	4	66	80	0.8250000
NODE_2217_length_1524_cov_130.874386	171	243	426	1	72	0.0138889
NODE_2217_length_1524_cov_130.874386	171	243	428	1	72	0.0138889
NODE_2217_length_1524_cov_130.874386	171	243	429	1	72	0.0138889
NODE_2217_length_1524_cov_130.874386	171	243	436	1	72	0.0138889
NODE_2217_length_1524_cov_130.874386	171	243	437	1	72	0.0138889
NODE_2217_length_1524_cov_130.874386	171	243	448	1	72	0.0138889
NODE_2217_length_1524_cov_130.874386	171	243	459	1	72	0.0138889
NODE_2217_length_1524_cov_130.874386	171	243	461	1	72	0.0138889
NODE_2217_length_1524_cov_130.874386	171	243	465	1	72	0.0138889
NODE_2217_length_1524_cov_130.874386	171	243	490	1	72	0.0138889
NODE_2217_length_1524_cov_130.874386	171	243	495	1	72	0.0138889
NODE_2217_length_1524_cov_130.874386	171	243	524	1	72	0.0138889
NODE_2217_length_1524_cov_130.874386	171	243	532	1	72	0.0138889
NODE_2217_length_1524_cov_130.874386	171	243	539	1	72	0.0138889
NODE_2217_length_1524_cov_130.874386	171	243	544	1	72	0.0138889
NODE_2217_length_1524_cov_130.874386	171	243	545	2	72	0.0277778
NODE_2217_length_1524_cov_130.874386	171	243	561	1	72	0.0138889
NODE_2217_length_1524_cov_130.874386	171	243	570	1	72	0.0138889
NODE_2217_length_1524_cov_130.874386	171	243	583	1	72	0.0138889
NODE_2217_length_1524_cov_130.874386	171	243	591	1	72	0.0138889
NODE_2217_length_1524_cov_130.874386	171	243	603	2	72	0.0277778
NODE_2217_length_1524_cov_130.874386	171	243	611	1	72	0.0138889
NODE_2217_length_1524_cov_130.874386	171	243	621	1	72	0.0138889
NODE_2217_length_1524_cov_130.874386	171	243	644	1	72	0.0138889
NODE_2217_length_1524_cov_130.874386	171	243	650	1	72	0.0138889
NODE_2217_length_1524_cov_130.874386	171	243	660	1	72	0.0138889
NODE_2217_length_1524_cov_130.874386	171	243	664	1	72	0.0138889
NODE_2217_length_1524_cov_130.874386	171	243	672	1	72	0.0138889
NODE_2217_length_1524_cov_130.874386	171	243	674	1	72	0.0138889
NODE_2217_length_1524_cov_130.874386	171	243	678	1	72	0.0138889
NODE_2217_length_1524_cov_130.874386	171	243	685	1	72	0.0138889
NODE_2217_length_1524_cov_130.874386	171	243	692	1	72	0.0138889
NODE_2217_length_1524_cov_130.874386	171	243	693	1	72	0.0138889
NODE_2217_length_1524_cov_130.874386	171	243	694	1	72	0.0138889
NODE_2217_length_1524_cov_130.874386	171	243	698	1	72	0.0138889
NODE_2217_length_1524_cov_130.874386	171	243	699	1	72	0.0138889
NODE_2217_length_1524_cov_130.874386	171	243	703	1	72	0.0138889
NODE_2217_length_1524_cov_130.874386	171	243	707	1	72	0.0138889
NODE_2217_length_1524_cov_130.874386	171	243	714	1	72	0.0138889
NODE_2217_length_1524_cov_130.874386	171	243	715	1	72	0.0138889
NODE_2217_length_1524_cov_130.874386	171	243	716	1	72	0.0138889
NODE_2217_length_1524_cov_130.874386	171	243	717	1	72	0.0138889
NODE_2217_length_1524_cov_130.874386	171	243	718	7	72	0.0972222
NODE_2217_length_1524_cov_130.874386	171	243	719	4	72	0.0555556
NODE_2217_length_1524_cov_130.874386	171	243	720	2	72	0.0277778
NODE_2217_length_1524_cov_130.874386	171	243	721	3	72	0.0416667
NODE_2217_length_1524_cov_130.874386	171	243	722	9	72	0.1250000
NODE_2217_length_1524_cov_130.874386	171	243	724	1	72	0.0138889
NODE_2217_length_1524_cov_130.874386	171	243	726	2	72	0.0277778
NODE_2217_length_1524_cov_130.874386	191	247	591	1	56	0.0178571
NODE_2217_length_1524_cov_130.874386	191	247	603	2	56	0.0357143
NODE_2217_length_1524_cov_130.874386	191	247	611	1	56	0.0178571
NODE_2217_length_1524_cov_130.874386	191	247	621	1	56	0.0178571
NODE_2217_length_1524_cov_130.874386	191	247	644	1	56	0.0178571
NODE_2217_length_1524_cov_130.874386	191	247	650	1	56	0.0178571
NODE_2217_length_1524_cov_130.874386	191	247	660	1	56	0.0178571
NODE_2217_length_1524_cov_130.874386	191	247	664	1	56	0.0178571
NODE_2217_length_1524_cov_130.874386	191	247	672	1	56	0.0178571
NODE_2217_length_1524_cov_130.874386	191	247	674	1	56	0.0178571
NODE_2217_length_1524_cov_130.874386	191	247	678	1	56	0.0178571
NODE_2217_length_1524_cov_130.874386	191	247	685	1	56	0.0178571
NODE_2217_length_1524_cov_130.874386	191	247	692	1	56	0.0178571
NODE_2217_length_1524_cov_130.874386	191	247	693	1	56	0.0178571
NODE_2217_length_1524_cov_130.874386	191	247	694	1	56	0.0178571
NODE_2217_length_1524_cov_130.874386	191	247	696	1	56	0.0178571
NODE_2217_length_1524_cov_130.874386	191	247	698	1	56	0.0178571
NODE_2217_length_1524_cov_130.874386	191	247	699	1	56	0.0178571
NODE_2217_length_1524_cov_130.874386	191	247	703	1	56	0.0178571
NODE_2217_length_1524_cov_130.874386	191	247	706	1	56	0.0178571
NODE_2217_length_1524_cov_130.874386	191	247	707	2	56	0.0357143
NODE_2217_length_1524_cov_130.874386	191	247	712	1	56	0.0178571
NODE_2217_length_1524_cov_130.874386	191	247	714	1	56	0.0178571
NODE_2217_length_1524_cov_130.874386	191	247	715	1	56	0.0178571
NODE_2217_length_1524_cov_130.874386	191	247	716	1	56	0.0178571
NODE_2217_length_1524_cov_130.874386	191	247	717	1	56	0.0178571
NODE_2217_length_1524_cov_130.874386	191	247	718	7	56	0.1250000
NODE_2217_length_1524_cov_130.874386	191	247	719	4	56	0.0714286
NODE_2217_length_1524_cov_130.874386	191	247	720	2	56	0.0357143
NODE_2217_length_1524_cov_130.874386	191	247	721	3	56	0.0535714
NODE_2217_length_1524_cov_130.874386	191	247	722	9	56	0.1607143
NODE_2217_length_1524_cov_130.874386	191	247	724	1	56	0.0178571
NODE_2217_length_1524_cov_130.874386	191	247	726	2	56	0.0357143
NODE_2217_length_1524_cov_130.874386	219	296	390	1	77	0.0129870
NODE_2217_length_1524_cov_130.874386	219	296	398	1	77	0.0129870
NODE_2217_length_1524_cov_130.874386	219	296	404	1	77	0.0129870
NODE_2217_length_1524_cov_130.874386	219	296	422	1	77	0.0129870
NODE_2217_length_1524_cov_130.874386	219	296	431	1	77	0.0129870
NODE_2217_length_1524_cov_130.874386	219	296	459	1	77	0.0129870
NODE_2217_length_1524_cov_130.874386	219	296	467	1	77	0.0129870
NODE_2217_length_1524_cov_130.874386	219	296	474	1	77	0.0129870
NODE_2217_length_1524_cov_130.874386	219	296	488	1	77	0.0129870
NODE_2217_length_1524_cov_130.874386	219	296	500	1	77	0.0129870
NODE_2217_length_1524_cov_130.874386	219	296	512	1	77	0.0129870
NODE_2217_length_1524_cov_130.874386	219	296	529	1	77	0.0129870
NODE_2217_length_1524_cov_130.874386	219	296	538	2	77	0.0259740
NODE_2217_length_1524_cov_130.874386	219	296	540	1	77	0.0129870
NODE_2217_length_1524_cov_130.874386	219	296	553	1	77	0.0129870
NODE_2217_length_1524_cov_130.874386	219	296	565	1	77	0.0129870
NODE_2217_length_1524_cov_130.874386	219	296	575	1	77	0.0129870
NODE_2217_length_1524_cov_130.874386	219	296	587	1	77	0.0129870
NODE_2217_length_1524_cov_130.874386	219	296	593	2	77	0.0259740
NODE_2217_length_1524_cov_130.874386	219	296	602	1	77	0.0129870
NODE_2217_length_1524_cov_130.874386	219	296	603	1	77	0.0129870
NODE_2217_length_1524_cov_130.874386	219	296	605	1	77	0.0129870
NODE_2217_length_1524_cov_130.874386	219	296	609	2	77	0.0259740
NODE_2217_length_1524_cov_130.874386	219	296	612	1	77	0.0129870
NODE_2217_length_1524_cov_130.874386	219	296	624	1	77	0.0129870
NODE_2217_length_1524_cov_130.874386	219	296	632	1	77	0.0129870
NODE_2217_length_1524_cov_130.874386	219	296	637	2	77	0.0259740
NODE_2217_length_1524_cov_130.874386	219	296	638	1	77	0.0129870
NODE_2217_length_1524_cov_130.874386	219	296	641	1	77	0.0129870
NODE_2217_length_1524_cov_130.874386	219	296	643	1	77	0.0129870
NODE_2217_length_1524_cov_130.874386	219	296	644	2	77	0.0259740
NODE_2217_length_1524_cov_130.874386	219	296	650	1	77	0.0129870
NODE_2217_length_1524_cov_130.874386	219	296	651	2	77	0.0259740
NODE_2217_length_1524_cov_130.874386	219	296	653	2	77	0.0259740
NODE_2217_length_1524_cov_130.874386	219	296	657	1	77	0.0129870
NODE_2217_length_1524_cov_130.874386	219	296	666	1	77	0.0129870
NODE_2217_length_1524_cov_130.874386	219	296	671	1	77	0.0129870
NODE_2217_length_1524_cov_130.874386	219	296	673	1	77	0.0129870
NODE_2217_length_1524_cov_130.874386	219	296	680	1	77	0.0129870
NODE_2217_length_1524_cov_130.874386	219	296	681	1	77	0.0129870
NODE_2217_length_1524_cov_130.874386	219	296	690	2	77	0.0259740
NODE_2217_length_1524_cov_130.874386	219	296	696	1	77	0.0129870
NODE_2217_length_1524_cov_130.874386	219	296	706	1	77	0.0129870
NODE_2217_length_1524_cov_130.874386	219	296	707	2	77	0.0259740
NODE_2217_length_1524_cov_130.874386	219	296	712	1	77	0.0129870
NODE_2217_length_1524_cov_130.874386	219	296	714	1	77	0.0129870
NODE_2217_length_1524_cov_130.874386	219	296	716	1	77	0.0129870
NODE_2217_length_1524_cov_130.874386	219	296	717	1	77	0.0129870
NODE_2217_length_1524_cov_130.874386	219	296	718	4	77	0.0519481
NODE_2217_length_1524_cov_130.874386	219	296	719	2	77	0.0259740
NODE_2217_length_1524_cov_130.874386	219	296	720	1	77	0.0129870
NODE_2217_length_1524_cov_130.874386	219	296	721	2	77	0.0259740
NODE_2217_length_1524_cov_130.874386	219	296	722	8	77	0.1038961
NODE_2217_length_1524_cov_130.874386	219	296	724	1	77	0.0129870
NODE_2217_length_1524_cov_130.874386	219	296	726	2	77	0.0259740
NODE_2217_length_1524_cov_130.874386	253	333	196	1	80	0.0125000
NODE_2217_length_1524_cov_130.874386	253	333	215	1	80	0.0125000
NODE_2217_length_1524_cov_130.874386	253	333	219	1	80	0.0125000
NODE_2217_length_1524_cov_130.874386	253	333	227	1	80	0.0125000
NODE_2217_length_1524_cov_130.874386	253	333	235	2	80	0.0250000
NODE_2217_length_1524_cov_130.874386	253	333	239	1	80	0.0125000
NODE_2217_length_1524_cov_130.874386	253	333	242	1	80	0.0125000
NODE_2217_length_1524_cov_130.874386	253	333	247	1	80	0.0125000
NODE_2217_length_1524_cov_130.874386	253	333	251	2	80	0.0250000
NODE_2217_length_1524_cov_130.874386	253	333	255	2	80	0.0250000
NODE_2217_length_1524_cov_130.874386	253	333	261	2	80	0.0250000
NODE_2217_length_1524_cov_130.874386	253	333	263	2	80	0.0250000
NODE_2217_length_1524_cov_130.874386	253	333	266	1	80	0.0125000
NODE_2217_length_1524_cov_130.874386	253	333	275	2	80	0.0250000
NODE_2217_length_1524_cov_130.874386	253	333	285	1	80	0.0125000
NODE_2217_length_1524_cov_130.874386	253	333	295	1	80	0.0125000
NODE_2217_length_1524_cov_130.874386	253	333	305	2	80	0.0250000
NODE_2217_length_1524_cov_130.874386	253	333	309	1	80	0.0125000
NODE_2217_length_1524_cov_130.874386	253	333	322	1	80	0.0125000
NODE_2217_length_1524_cov_130.874386	253	333	326	1	80	0.0125000
NODE_2217_length_1524_cov_130.874386	253	333	335	1	80	0.0125000
NODE_2217_length_1524_cov_130.874386	253	333	339	1	80	0.0125000
NODE_2217_length_1524_cov_130.874386	253	333	353	1	80	0.0125000
NODE_2217_length_1524_cov_130.874386	253	333	360	1	80	0.0125000
NODE_2217_length_1524_cov_130.874386	253	333	363	1	80	0.0125000
NODE_2217_length_1524_cov_130.874386	253	333	364	1	80	0.0125000
NODE_2217_length_1524_cov_130.874386	253	333	366	1	80	0.0125000
NODE_2217_length_1524_cov_130.874386	253	333	368	1	80	0.0125000
NODE_2217_length_1524_cov_130.874386	253	333	370	1	80	0.0125000
NODE_2217_length_1524_cov_130.874386	253	333	378	1	80	0.0125000
NODE_2217_length_1524_cov_130.874386	253	333	390	1	80	0.0125000
NODE_2217_length_1524_cov_130.874386	253	333	398	1	80	0.0125000
NODE_2217_length_1524_cov_130.874386	253	333	404	1	80	0.0125000
NODE_2217_length_1524_cov_130.874386	253	333	422	1	80	0.0125000
NODE_2217_length_1524_cov_130.874386	253	333	431	1	80	0.0125000
NODE_2217_length_1524_cov_130.874386	253	333	459	1	80	0.0125000
NODE_2217_length_1524_cov_130.874386	253	333	467	1	80	0.0125000
NODE_2217_length_1524_cov_130.874386	253	333	474	1	80	0.0125000
NODE_2217_length_1524_cov_130.874386	253	333	488	1	80	0.0125000
NODE_2217_length_1524_cov_130.874386	253	333	500	1	80	0.0125000
NODE_2217_length_1524_cov_130.874386	253	333	512	1	80	0.0125000
NODE_2217_length_1524_cov_130.874386	253	333	529	1	80	0.0125000
NODE_2217_length_1524_cov_130.874386	253	333	538	2	80	0.0250000
NODE_2217_length_1524_cov_130.874386	253	333	540	1	80	0.0125000
NODE_2217_length_1524_cov_130.874386	253	333	553	1	80	0.0125000
NODE_2217_length_1524_cov_130.874386	253	333	565	1	80	0.0125000
NODE_2217_length_1524_cov_130.874386	253	333	575	1	80	0.0125000
NODE_2217_length_1524_cov_130.874386	253	333	587	1	80	0.0125000
NODE_2217_length_1524_cov_130.874386	253	333	593	2	80	0.0250000
NODE_2217_length_1524_cov_130.874386	253	333	602	1	80	0.0125000
NODE_2217_length_1524_cov_130.874386	253	333	603	1	80	0.0125000
NODE_2217_length_1524_cov_130.874386	253	333	605	1	80	0.0125000
NODE_2217_length_1524_cov_130.874386	253	333	609	2	80	0.0250000
NODE_2217_length_1524_cov_130.874386	253	333	612	1	80	0.0125000
NODE_2217_length_1524_cov_130.874386	253	333	624	1	80	0.0125000
NODE_2217_length_1524_cov_130.874386	253	333	632	1	80	0.0125000
NODE_2217_length_1524_cov_130.874386	253	333	637	2	80	0.0250000
NODE_2217_length_1524_cov_130.874386	253	333	638	1	80	0.0125000
NODE_2217_length_1524_cov_130.874386	253	333	641	1	80	0.0125000
NODE_2217_length_1524_cov_130.874386	253	333	643	1	80	0.0125000
NODE_2217_length_1524_cov_130.874386	253	333	644	2	80	0.0250000
NODE_2217_length_1524_cov_130.874386	253	333	650	1	80	0.0125000
NODE_2217_length_1524_cov_130.874386	253	333	651	2	80	0.0250000
NODE_2217_length_1524_cov_130.874386	253	333	653	2	80	0.0250000
NODE_2217_length_1524_cov_130.874386	253	333	657	1	80	0.0125000
NODE_2217_length_1524_cov_130.874386	253	333	666	1	80	0.0125000
NODE_2217_length_1524_cov_130.874386	306	386	62	2	80	0.0250000
NODE_2217_length_1524_cov_130.874386	306	386	67	1	80	0.0125000
NODE_2217_length_1524_cov_130.874386	306	386	69	1	80	0.0125000
NODE_2217_length_1524_cov_130.874386	306	386	70	1	80	0.0125000
NODE_2217_length_1524_cov_130.874386	306	386	72	2	80	0.0250000
NODE_2217_length_1524_cov_130.874386	306	386	80	1	80	0.0125000
NODE_2217_length_1524_cov_130.874386	306	386	81	1	80	0.0125000
NODE_2217_length_1524_cov_130.874386	306	386	84	1	80	0.0125000
NODE_2217_length_1524_cov_130.874386	306	386	90	2	80	0.0250000
NODE_2217_length_1524_cov_130.874386	306	386	92	1	80	0.0125000
NODE_2217_length_1524_cov_130.874386	306	386	96	1	80	0.0125000
NODE_2217_length_1524_cov_130.874386	306	386	97	1	80	0.0125000
NODE_2217_length_1524_cov_130.874386	306	386	98	1	80	0.0125000
NODE_2217_length_1524_cov_130.874386	306	386	102	2	80	0.0250000
NODE_2217_length_1524_cov_130.874386	306	386	120	4	80	0.0500000
NODE_2217_length_1524_cov_130.874386	306	386	123	1	80	0.0125000
NODE_2217_length_1524_cov_130.874386	306	386	133	1	80	0.0125000
NODE_2217_length_1524_cov_130.874386	306	386	137	1	80	0.0125000
NODE_2217_length_1524_cov_130.874386	306	386	142	1	80	0.0125000
NODE_2217_length_1524_cov_130.874386	306	386	145	1	80	0.0125000
NODE_2217_length_1524_cov_130.874386	306	386	153	1	80	0.0125000
NODE_2217_length_1524_cov_130.874386	306	386	155	3	80	0.0375000
NODE_2217_length_1524_cov_130.874386	306	386	157	2	80	0.0250000
NODE_2217_length_1524_cov_130.874386	306	386	159	1	80	0.0125000
NODE_2217_length_1524_cov_130.874386	306	386	162	1	80	0.0125000
NODE_2217_length_1524_cov_130.874386	306	386	163	2	80	0.0250000
NODE_2217_length_1524_cov_130.874386	306	386	168	1	80	0.0125000
NODE_2217_length_1524_cov_130.874386	306	386	171	2	80	0.0250000
NODE_2217_length_1524_cov_130.874386	306	386	174	1	80	0.0125000
NODE_2217_length_1524_cov_130.874386	306	386	179	1	80	0.0125000
NODE_2217_length_1524_cov_130.874386	306	386	181	1	80	0.0125000
NODE_2217_length_1524_cov_130.874386	306	386	183	1	80	0.0125000
NODE_2217_length_1524_cov_130.874386	306	386	184	2	80	0.0250000
NODE_2217_length_1524_cov_130.874386	306	386	187	2	80	0.0250000
NODE_2217_length_1524_cov_130.874386	306	386	188	1	80	0.0125000
NODE_2217_length_1524_cov_130.874386	306	386	189	2	80	0.0250000
NODE_2217_length_1524_cov_130.874386	306	386	193	1	80	0.0125000
NODE_2217_length_1524_cov_130.874386	306	386	196	2	80	0.0250000
NODE_2217_length_1524_cov_130.874386	306	386	215	1	80	0.0125000
NODE_2217_length_1524_cov_130.874386	306	386	219	1	80	0.0125000
NODE_2217_length_1524_cov_130.874386	306	386	227	1	80	0.0125000
NODE_2217_length_1524_cov_130.874386	306	386	235	2	80	0.0250000
NODE_2217_length_1524_cov_130.874386	306	386	239	1	80	0.0125000
NODE_2217_length_1524_cov_130.874386	306	386	242	1	80	0.0125000
NODE_2217_length_1524_cov_130.874386	306	386	247	1	80	0.0125000
NODE_2217_length_1524_cov_130.874386	306	386	251	2	80	0.0250000
NODE_2217_length_1524_cov_130.874386	306	386	255	2	80	0.0250000
NODE_2217_length_1524_cov_130.874386	306	386	261	2	80	0.0250000
NODE_2217_length_1524_cov_130.874386	306	386	263	2	80	0.0250000
NODE_2217_length_1524_cov_130.874386	306	386	266	1	80	0.0125000
NODE_2217_length_1524_cov_130.874386	306	386	275	2	80	0.0250000
NODE_2217_length_1524_cov_130.874386	306	386	285	1	80	0.0125000
NODE_2217_length_1524_cov_130.874386	306	386	295	1	80	0.0125000
NODE_2217_length_1524_cov_130.874386	306	386	305	2	80	0.0250000
NODE_2217_length_1524_cov_130.874386	306	386	309	1	80	0.0125000
NODE_2217_length_1524_cov_130.874386	306	386	322	1	80	0.0125000
NODE_2217_length_1524_cov_130.874386	306	386	326	1	80	0.0125000
NODE_2219_length_1523_cov_24.115169	366	446	0	11	80	0.1375000
NODE_2219_length_1523_cov_24.115169	366	446	4	17	80	0.2125000
NODE_2219_length_1523_cov_24.115169	366	446	6	52	80	0.6500000
NODE_2219_length_1523_cov_24.115169	419	499	0	17	80	0.2125000
NODE_2219_length_1523_cov_24.115169	419	499	2	24	80	0.3000000
NODE_2219_length_1523_cov_24.115169	419	499	6	39	80	0.4875000
NODE_2219_length_1523_cov_24.115169	495	575	0	80	80	1.0000000
NODE_2219_length_1523_cov_24.115169	548	628	0	80	80	1.0000000
NODE_2223_length_1522_cov_13.278988	361	441	0	26	80	0.3250000
NODE_2223_length_1522_cov_13.278988	361	441	2	54	80	0.6750000
NODE_2223_length_1522_cov_13.278988	414	494	0	21	80	0.2625000
NODE_2223_length_1522_cov_13.278988	414	494	2	59	80	0.7375000
NODE_2225_length_1521_cov_20.965541	772	852	0	13	80	0.1625000
NODE_2225_length_1521_cov_20.965541	772	852	2	48	80	0.6000000
NODE_2225_length_1521_cov_20.965541	772	852	6	19	80	0.2375000
NODE_2225_length_1521_cov_20.965541	825	905	2	8	80	0.1000000
NODE_2225_length_1521_cov_20.965541	825	905	4	3	80	0.0375000
NODE_2225_length_1521_cov_20.965541	825	905	6	69	80	0.8625000
NODE_2226_length_1521_cov_15.381153	907	987	0	11	80	0.1375000
NODE_2226_length_1521_cov_15.381153	907	987	2	69	80	0.8625000
NODE_2226_length_1521_cov_15.381153	960	1040	0	18	80	0.2250000
NODE_2226_length_1521_cov_15.381153	960	1040	2	62	80	0.7750000
NODE_2226_length_1521_cov_15.381153	988	1040	0	6	52	0.1153846
NODE_2226_length_1521_cov_15.381153	988	1040	2	46	52	0.8846154
NODE_2227_length_1521_cov_7.682138	525	605	0	80	80	1.0000000
NODE_2227_length_1521_cov_7.682138	578	658	0	80	80	1.0000000
NODE_2236_length_1519_cov_20.792958	714	794	10	13	80	0.1625000
NODE_2236_length_1519_cov_20.792958	714	794	12	62	80	0.7750000
NODE_2236_length_1519_cov_20.792958	714	794	14	5	80	0.0625000
NODE_2236_length_1519_cov_20.792958	767	847	0	7	80	0.0875000
NODE_2236_length_1519_cov_20.792958	767	847	1	2	80	0.0250000
NODE_2236_length_1519_cov_20.792958	767	847	2	18	80	0.2250000
NODE_2236_length_1519_cov_20.792958	767	847	6	7	80	0.0875000
NODE_2236_length_1519_cov_20.792958	767	847	8	10	80	0.1250000
NODE_2236_length_1519_cov_20.792958	767	847	12	30	80	0.3750000
NODE_2236_length_1519_cov_20.792958	767	847	13	1	80	0.0125000
NODE_2236_length_1519_cov_20.792958	767	847	14	5	80	0.0625000
NODE_2239_length_1517_cov_24.074048	413	450	2	24	37	0.6486486
NODE_2239_length_1517_cov_24.074048	413	450	4	13	37	0.3513514
NODE_2239_length_1517_cov_24.074048	842	922	0	80	80	1.0000000
NODE_2239_length_1517_cov_24.074048	895	975	0	80	80	1.0000000
NODE_2240_length_1517_cov_22.897743	383	463	0	59	80	0.7375000
NODE_2240_length_1517_cov_22.897743	383	463	2	21	80	0.2625000
NODE_2240_length_1517_cov_22.897743	436	516	0	6	80	0.0750000
NODE_2240_length_1517_cov_22.897743	436	516	2	74	80	0.9250000
NODE_2241_length_1517_cov_11.781382	381	461	2	76	80	0.9500000
NODE_2241_length_1517_cov_11.781382	381	461	4	4	80	0.0500000
NODE_2241_length_1517_cov_11.781382	434	514	0	34	80	0.4250000
NODE_2241_length_1517_cov_11.781382	434	514	2	46	80	0.5750000
NODE_2243_length_1517_cov_4.944993	393	473	2	17	80	0.2125000
NODE_2243_length_1517_cov_4.944993	393	473	4	34	80	0.4250000
NODE_2243_length_1517_cov_4.944993	393	473	6	29	80	0.3625000
NODE_2243_length_1517_cov_4.944993	446	526	0	16	80	0.2000000
NODE_2243_length_1517_cov_4.944993	446	526	1	6	80	0.0750000
NODE_2243_length_1517_cov_4.944993	446	526	2	48	80	0.6000000
NODE_2243_length_1517_cov_4.944993	446	526	4	10	80	0.1250000
NODE_2247_length_1516_cov_11.177135	230	310	0	20	80	0.2500000
NODE_2247_length_1516_cov_11.177135	230	310	4	60	80	0.7500000
NODE_2247_length_1516_cov_11.177135	283	363	0	13	80	0.1625000
NODE_2247_length_1516_cov_11.177135	283	363	4	67	80	0.8375000
NODE_2248_length_1516_cov_8.608327	580	660	0	40	80	0.5000000
NODE_2248_length_1516_cov_8.608327	580	660	1	2	80	0.0250000
NODE_2248_length_1516_cov_8.608327	580	660	2	38	80	0.4750000
NODE_2248_length_1516_cov_8.608327	633	713	0	80	80	1.0000000
NODE_2250_length_1515_cov_16.990819	333	413	21	14	80	0.1750000
NODE_2250_length_1515_cov_16.990819	333	413	22	18	80	0.2250000
NODE_2250_length_1515_cov_16.990819	333	413	26	1	80	0.0125000
NODE_2250_length_1515_cov_16.990819	333	413	30	1	80	0.0125000
NODE_2250_length_1515_cov_16.990819	333	413	32	1	80	0.0125000
NODE_2250_length_1515_cov_16.990819	333	413	36	3	80	0.0375000
NODE_2250_length_1515_cov_16.990819	333	413	45	1	80	0.0125000
NODE_2250_length_1515_cov_16.990819	333	413	51	3	80	0.0375000
NODE_2250_length_1515_cov_16.990819	333	413	53	2	80	0.0250000
NODE_2250_length_1515_cov_16.990819	333	413	57	4	80	0.0500000
NODE_2250_length_1515_cov_16.990819	333	413	61	2	80	0.0250000
NODE_2250_length_1515_cov_16.990819	333	413	70	4	80	0.0500000
NODE_2250_length_1515_cov_16.990819	333	413	74	1	80	0.0125000
NODE_2250_length_1515_cov_16.990819	333	413	76	1	80	0.0125000
NODE_2250_length_1515_cov_16.990819	333	413	78	4	80	0.0500000
NODE_2250_length_1515_cov_16.990819	333	413	81	1	80	0.0125000
NODE_2250_length_1515_cov_16.990819	333	413	82	3	80	0.0375000
NODE_2250_length_1515_cov_16.990819	333	413	83	1	80	0.0125000
NODE_2250_length_1515_cov_16.990819	333	413	84	4	80	0.0500000
NODE_2250_length_1515_cov_16.990819	333	413	85	2	80	0.0250000
NODE_2250_length_1515_cov_16.990819	333	413	86	1	80	0.0125000
NODE_2250_length_1515_cov_16.990819	333	413	88	1	80	0.0125000
NODE_2250_length_1515_cov_16.990819	333	413	92	1	80	0.0125000
NODE_2250_length_1515_cov_16.990819	333	413	95	1	80	0.0125000
NODE_2250_length_1515_cov_16.990819	333	413	96	4	80	0.0500000
NODE_2250_length_1515_cov_16.990819	333	413	97	1	80	0.0125000
NODE_2250_length_1515_cov_16.990819	386	448	12	2	62	0.0322581
NODE_2250_length_1515_cov_16.990819	386	448	14	24	62	0.3870968
NODE_2250_length_1515_cov_16.990819	386	448	15	2	62	0.0322581
NODE_2250_length_1515_cov_16.990819	386	448	17	2	62	0.0322581
NODE_2250_length_1515_cov_16.990819	386	448	19	4	62	0.0645161
NODE_2250_length_1515_cov_16.990819	386	448	21	15	62	0.2419355
NODE_2250_length_1515_cov_16.990819	386	448	22	13	62	0.2096774
NODE_2258_length_1512_cov_5.111819	506	560	0	54	54	1.0000000
NODE_2258_length_1512_cov_5.111819	677	698	0	8	21	0.3809524
NODE_2258_length_1512_cov_5.111819	677	698	2	13	21	0.6190476
NODE_2258_length_1512_cov_5.111819	677	698	0	8	21	0.3809524
NODE_2258_length_1512_cov_5.111819	677	698	2	13	21	0.6190476
NODE_2258_length_1512_cov_5.111819	1057	1137	2	16	80	0.2000000
NODE_2258_length_1512_cov_5.111819	1057	1137	3	20	80	0.2500000
NODE_2258_length_1512_cov_5.111819	1057	1137	4	44	80	0.5500000
NODE_2258_length_1512_cov_5.111819	1110	1190	2	7	80	0.0875000
NODE_2258_length_1512_cov_5.111819	1110	1190	3	73	80	0.9125000
NODE_2258_length_1512_cov_5.111819	1144	1190	3	46	46	1.0000000
NODE_2259_length_1512_cov_4.251946	132	204	0	72	72	1.0000000
NODE_2262_length_1511_cov_30.963173	787	867	0	56	80	0.7000000
NODE_2262_length_1511_cov_30.963173	787	867	4	24	80	0.3000000
NODE_2262_length_1511_cov_30.963173	840	920	0	3	80	0.0375000
NODE_2262_length_1511_cov_30.963173	840	920	4	77	80	0.9625000
NODE_2262_length_1511_cov_30.963173	916	996	0	64	80	0.8000000
NODE_2262_length_1511_cov_30.963173	916	996	4	16	80	0.2000000
NODE_2262_length_1511_cov_30.963173	969	1059	0	90	90	1.0000000
NODE_2265_length_1510_cov_24.184975	434	514	2	20	80	0.2500000
NODE_2265_length_1510_cov_24.184975	434	514	6	5	80	0.0625000
NODE_2265_length_1510_cov_24.184975	434	514	8	21	80	0.2625000
NODE_2265_length_1510_cov_24.184975	434	514	10	34	80	0.4250000
NODE_2265_length_1510_cov_24.184975	487	567	0	15	80	0.1875000
NODE_2265_length_1510_cov_24.184975	487	567	2	58	80	0.7250000
NODE_2265_length_1510_cov_24.184975	487	567	6	5	80	0.0625000
NODE_2265_length_1510_cov_24.184975	487	567	10	2	80	0.0250000
NODE_2265_length_1510_cov_24.184975	563	643	0	80	80	1.0000000
NODE_2265_length_1510_cov_24.184975	616	696	0	80	80	1.0000000
NODE_2269_length_1509_cov_51.836170	655	735	0	20	80	0.2500000
NODE_2269_length_1509_cov_51.836170	655	735	3	4	80	0.0500000
NODE_2269_length_1509_cov_51.836170	655	735	4	56	80	0.7000000
NODE_2269_length_1509_cov_51.836170	708	788	3	18	80	0.2250000
NODE_2269_length_1509_cov_51.836170	708	788	4	23	80	0.2875000
NODE_2269_length_1509_cov_51.836170	708	788	18	1	80	0.0125000
NODE_2269_length_1509_cov_51.836170	708	788	23	32	80	0.4000000
NODE_2269_length_1509_cov_51.836170	708	788	38	1	80	0.0125000
NODE_2269_length_1509_cov_51.836170	708	788	42	2	80	0.0250000
NODE_2269_length_1509_cov_51.836170	708	788	43	3	80	0.0375000
NODE_2269_length_1509_cov_51.836170	784	864	40	34	80	0.4250000
NODE_2269_length_1509_cov_51.836170	784	864	42	14	80	0.1750000
NODE_2269_length_1509_cov_51.836170	784	864	43	4	80	0.0500000
NODE_2269_length_1509_cov_51.836170	784	864	44	21	80	0.2625000
NODE_2269_length_1509_cov_51.836170	784	864	48	7	80	0.0875000
NODE_2269_length_1509_cov_51.836170	837	917	28	18	80	0.2250000
NODE_2269_length_1509_cov_51.836170	837	917	40	20	80	0.2500000
NODE_2269_length_1509_cov_51.836170	837	917	41	1	80	0.0125000
NODE_2269_length_1509_cov_51.836170	837	917	46	20	80	0.2500000
NODE_2269_length_1509_cov_51.836170	837	917	48	21	80	0.2625000
NODE_2270_length_1509_cov_16.010638	497	577	0	80	80	1.0000000
NODE_2270_length_1509_cov_16.010638	550	630	0	80	80	1.0000000
NODE_2270_length_1509_cov_16.010638	626	706	0	80	80	1.0000000
NODE_2270_length_1509_cov_16.010638	679	759	0	80	80	1.0000000
NODE_2271_length_1509_cov_8.883688	252	332	0	13	80	0.1625000
NODE_2271_length_1509_cov_8.883688	252	332	2	67	80	0.8375000
NODE_2271_length_1509_cov_8.883688	305	385	2	80	80	1.0000000
NODE_2271_length_1509_cov_8.883688	327	385	2	58	58	1.0000000
NODE_2271_length_1509_cov_8.883688	381	461	0	72	80	0.9000000
NODE_2271_length_1509_cov_8.883688	381	461	2	8	80	0.1000000
NODE_2271_length_1509_cov_8.883688	434	514	0	80	80	1.0000000
NODE_2272_length_1509_cov_5.826950	1029	1109	0	80	80	1.0000000
NODE_2272_length_1509_cov_5.826950	1082	1162	0	80	80	1.0000000
NODE_2277_length_1508_cov_24.176011	765	845	0	14	80	0.1750000
NODE_2277_length_1508_cov_24.176011	765	845	2	66	80	0.8250000
NODE_2277_length_1508_cov_24.176011	818	898	0	25	80	0.3125000
NODE_2277_length_1508_cov_24.176011	818	898	2	55	80	0.6875000
NODE_2290_length_1504_cov_17.449822	596	676	0	80	80	1.0000000
NODE_2290_length_1504_cov_17.449822	649	729	0	80	80	1.0000000
NODE_2293_length_1502_cov_42.989309	559	639	0	28	80	0.3500000
NODE_2293_length_1502_cov_42.989309	559	639	2	52	80	0.6500000
NODE_2293_length_1502_cov_42.989309	612	692	0	80	80	1.0000000
NODE_2294_length_1501_cov_22.828816	421	500	0	11	79	0.1392405
NODE_2294_length_1501_cov_22.828816	421	500	4	68	79	0.8607595
NODE_2294_length_1501_cov_22.828816	473	553	0	24	80	0.3000000
NODE_2294_length_1501_cov_22.828816	473	553	4	56	80	0.7000000
NODE_2294_length_1501_cov_22.828816	549	629	0	80	80	1.0000000
NODE_2294_length_1501_cov_22.828816	602	682	0	80	80	1.0000000
NODE_2295_length_1501_cov_14.422254	973	1053	0	11	80	0.1375000
NODE_2295_length_1501_cov_14.422254	973	1053	2	69	80	0.8625000
NODE_2295_length_1501_cov_14.422254	1026	1106	0	49	80	0.6125000
NODE_2295_length_1501_cov_14.422254	1026	1106	2	31	80	0.3875000
NODE_2296_length_1501_cov_14.060628	225	305	2	50	80	0.6250000
NODE_2296_length_1501_cov_14.060628	225	305	4	30	80	0.3750000
NODE_2296_length_1501_cov_14.060628	278	358	0	24	80	0.3000000
NODE_2296_length_1501_cov_14.060628	278	358	2	56	80	0.7000000
NODE_2296_length_1501_cov_14.060628	986	1066	0	65	80	0.8125000
NODE_2296_length_1501_cov_14.060628	986	1066	2	15	80	0.1875000
NODE_2296_length_1501_cov_14.060628	1039	1119	0	12	80	0.1500000
NODE_2296_length_1501_cov_14.060628	1039	1119	2	68	80	0.8500000
NODE_2300_length_1500_cov_40.056388	619	699	0	80	80	1.0000000
NODE_2300_length_1500_cov_40.056388	672	752	0	80	80	1.0000000
NODE_2305_length_1497_cov_38.344063	1401	1481	38	1	80	0.0125000
NODE_2305_length_1497_cov_38.344063	1401	1481	40	2	80	0.0250000
NODE_2305_length_1497_cov_38.344063	1401	1481	44	2	80	0.0250000
NODE_2305_length_1497_cov_38.344063	1401	1481	56	3	80	0.0375000
NODE_2305_length_1497_cov_38.344063	1401	1481	66	3	80	0.0375000
NODE_2305_length_1497_cov_38.344063	1401	1481	67	1	80	0.0125000
NODE_2305_length_1497_cov_38.344063	1401	1481	73	1	80	0.0125000
NODE_2305_length_1497_cov_38.344063	1401	1481	74	1	80	0.0125000
NODE_2305_length_1497_cov_38.344063	1401	1481	78	1	80	0.0125000
NODE_2305_length_1497_cov_38.344063	1401	1481	80	1	80	0.0125000
NODE_2305_length_1497_cov_38.344063	1401	1481	82	2	80	0.0250000
NODE_2305_length_1497_cov_38.344063	1401	1481	84	3	80	0.0375000
NODE_2305_length_1497_cov_38.344063	1401	1481	87	5	80	0.0625000
NODE_2305_length_1497_cov_38.344063	1401	1481	90	11	80	0.1375000
NODE_2305_length_1497_cov_38.344063	1401	1481	92	1	80	0.0125000
NODE_2305_length_1497_cov_38.344063	1401	1481	93	14	80	0.1750000
NODE_2305_length_1497_cov_38.344063	1401	1481	95	2	80	0.0250000
NODE_2305_length_1497_cov_38.344063	1401	1481	101	1	80	0.0125000
NODE_2305_length_1497_cov_38.344063	1401	1481	103	1	80	0.0125000
NODE_2305_length_1497_cov_38.344063	1401	1481	108	5	80	0.0625000
NODE_2305_length_1497_cov_38.344063	1401	1481	110	1	80	0.0125000
NODE_2305_length_1497_cov_38.344063	1401	1481	112	1	80	0.0125000
NODE_2305_length_1497_cov_38.344063	1401	1481	114	2	80	0.0250000
NODE_2305_length_1497_cov_38.344063	1401	1481	115	2	80	0.0250000
NODE_2305_length_1497_cov_38.344063	1401	1481	126	2	80	0.0250000
NODE_2305_length_1497_cov_38.344063	1401	1481	127	3	80	0.0375000
NODE_2305_length_1497_cov_38.344063	1401	1481	131	1	80	0.0125000
NODE_2305_length_1497_cov_38.344063	1401	1481	133	4	80	0.0500000
NODE_2305_length_1497_cov_38.344063	1401	1481	135	1	80	0.0125000
NODE_2305_length_1497_cov_38.344063	1401	1481	137	2	80	0.0250000
NODE_2308_length_1496_cov_3.936292	0	44	0	44	44	1.0000000
NODE_2308_length_1496_cov_3.936292	17	97	0	80	80	1.0000000
NODE_2311_length_1496_cov_1.103794	405	428	0	23	23	1.0000000
NODE_2313_length_1494_cov_65.437276	460	540	0	2	80	0.0250000
NODE_2313_length_1494_cov_65.437276	460	540	4	21	80	0.2625000
NODE_2313_length_1494_cov_65.437276	460	540	11	1	80	0.0125000
NODE_2313_length_1494_cov_65.437276	460	540	12	1	80	0.0125000
NODE_2313_length_1494_cov_65.437276	460	540	14	4	80	0.0500000
NODE_2313_length_1494_cov_65.437276	460	540	16	51	80	0.6375000
NODE_2313_length_1494_cov_65.437276	513	594	0	27	81	0.3333333
NODE_2313_length_1494_cov_65.437276	513	594	10	12	81	0.1481481
NODE_2313_length_1494_cov_65.437276	513	594	12	8	81	0.0987654
NODE_2313_length_1494_cov_65.437276	513	594	16	34	81	0.4197531
NODE_2313_length_1494_cov_65.437276	787	854	2	18	67	0.2686567
NODE_2313_length_1494_cov_65.437276	787	854	8	13	67	0.1940299
NODE_2313_length_1494_cov_65.437276	787	854	10	5	67	0.0746269
NODE_2313_length_1494_cov_65.437276	787	854	12	10	67	0.1492537
NODE_2313_length_1494_cov_65.437276	787	854	14	3	67	0.0447761
NODE_2313_length_1494_cov_65.437276	787	854	15	18	67	0.2686567
NODE_2313_length_1494_cov_65.437276	827	907	9	4	80	0.0500000
NODE_2313_length_1494_cov_65.437276	827	907	11	23	80	0.2875000
NODE_2313_length_1494_cov_65.437276	827	907	12	6	80	0.0750000
NODE_2313_length_1494_cov_65.437276	827	907	14	3	80	0.0375000
NODE_2313_length_1494_cov_65.437276	827	907	15	44	80	0.5500000
NODE_2316_length_1493_cov_100.467719	947	1028	134	2	81	0.0246914
NODE_2316_length_1493_cov_100.467719	947	1028	139	7	81	0.0864198
NODE_2316_length_1493_cov_100.467719	947	1028	141	2	81	0.0246914
NODE_2316_length_1493_cov_100.467719	947	1028	151	1	81	0.0123457
NODE_2316_length_1493_cov_100.467719	947	1028	155	1	81	0.0123457
NODE_2316_length_1493_cov_100.467719	947	1028	159	1	81	0.0123457
NODE_2316_length_1493_cov_100.467719	947	1028	162	2	81	0.0246914
NODE_2316_length_1493_cov_100.467719	947	1028	164	1	81	0.0123457
NODE_2316_length_1493_cov_100.467719	947	1028	170	1	81	0.0123457
NODE_2316_length_1493_cov_100.467719	947	1028	175	1	81	0.0123457
NODE_2316_length_1493_cov_100.467719	947	1028	177	1	81	0.0123457
NODE_2316_length_1493_cov_100.467719	947	1028	181	1	81	0.0123457
NODE_2316_length_1493_cov_100.467719	947	1028	183	1	81	0.0123457
NODE_2316_length_1493_cov_100.467719	947	1028	185	1	81	0.0123457
NODE_2316_length_1493_cov_100.467719	947	1028	187	1	81	0.0123457
NODE_2316_length_1493_cov_100.467719	947	1028	188	2	81	0.0246914
NODE_2316_length_1493_cov_100.467719	947	1028	189	1	81	0.0123457
NODE_2316_length_1493_cov_100.467719	947	1028	190	1	81	0.0123457
NODE_2316_length_1493_cov_100.467719	947	1028	192	1	81	0.0123457
NODE_2316_length_1493_cov_100.467719	947	1028	198	2	81	0.0246914
NODE_2316_length_1493_cov_100.467719	947	1028	206	2	81	0.0246914
NODE_2316_length_1493_cov_100.467719	947	1028	209	1	81	0.0123457
NODE_2316_length_1493_cov_100.467719	947	1028	219	1	81	0.0123457
NODE_2316_length_1493_cov_100.467719	947	1028	228	1	81	0.0123457
NODE_2316_length_1493_cov_100.467719	947	1028	236	2	81	0.0246914
NODE_2316_length_1493_cov_100.467719	947	1028	237	1	81	0.0123457
NODE_2316_length_1493_cov_100.467719	947	1028	239	1	81	0.0123457
NODE_2316_length_1493_cov_100.467719	947	1028	240	2	81	0.0246914
NODE_2316_length_1493_cov_100.467719	947	1028	241	1	81	0.0123457
NODE_2316_length_1493_cov_100.467719	947	1028	247	2	81	0.0246914
NODE_2316_length_1493_cov_100.467719	947	1028	248	2	81	0.0246914
NODE_2316_length_1493_cov_100.467719	947	1028	255	3	81	0.0370370
NODE_2316_length_1493_cov_100.467719	947	1028	258	1	81	0.0123457
NODE_2316_length_1493_cov_100.467719	947	1028	260	3	81	0.0370370
NODE_2316_length_1493_cov_100.467719	947	1028	263	2	81	0.0246914
NODE_2316_length_1493_cov_100.467719	947	1028	264	1	81	0.0123457
NODE_2316_length_1493_cov_100.467719	947	1028	273	1	81	0.0123457
NODE_2316_length_1493_cov_100.467719	947	1028	275	1	81	0.0123457
NODE_2316_length_1493_cov_100.467719	947	1028	277	1	81	0.0123457
NODE_2316_length_1493_cov_100.467719	947	1028	281	2	81	0.0246914
NODE_2316_length_1493_cov_100.467719	947	1028	282	1	81	0.0123457
NODE_2316_length_1493_cov_100.467719	947	1028	284	1	81	0.0123457
NODE_2316_length_1493_cov_100.467719	947	1028	286	1	81	0.0123457
NODE_2316_length_1493_cov_100.467719	947	1028	293	1	81	0.0123457
NODE_2316_length_1493_cov_100.467719	947	1028	294	1	81	0.0123457
NODE_2316_length_1493_cov_100.467719	947	1028	297	1	81	0.0123457
NODE_2316_length_1493_cov_100.467719	947	1028	299	1	81	0.0123457
NODE_2316_length_1493_cov_100.467719	947	1028	300	2	81	0.0246914
NODE_2316_length_1493_cov_100.467719	947	1028	317	1	81	0.0123457
NODE_2316_length_1493_cov_100.467719	947	1028	319	1	81	0.0123457
NODE_2316_length_1493_cov_100.467719	947	1028	321	1	81	0.0123457
NODE_2316_length_1493_cov_100.467719	947	1028	334	1	81	0.0123457
NODE_2316_length_1493_cov_100.467719	947	1028	336	1	81	0.0123457
NODE_2316_length_1493_cov_100.467719	947	1028	345	1	81	0.0123457
NODE_2316_length_1493_cov_100.467719	947	1028	364	1	81	0.0123457
NODE_2316_length_1493_cov_100.467719	947	1028	366	2	81	0.0246914
NODE_2316_length_1493_cov_100.467719	947	1028	371	1	81	0.0123457
NODE_2316_length_1493_cov_100.467719	1001	1071	263	2	70	0.0285714
NODE_2316_length_1493_cov_100.467719	1001	1071	264	1	70	0.0142857
NODE_2316_length_1493_cov_100.467719	1001	1071	273	1	70	0.0142857
NODE_2316_length_1493_cov_100.467719	1001	1071	275	1	70	0.0142857
NODE_2316_length_1493_cov_100.467719	1001	1071	277	1	70	0.0142857
NODE_2316_length_1493_cov_100.467719	1001	1071	281	2	70	0.0285714
NODE_2316_length_1493_cov_100.467719	1001	1071	282	1	70	0.0142857
NODE_2316_length_1493_cov_100.467719	1001	1071	284	1	70	0.0142857
NODE_2316_length_1493_cov_100.467719	1001	1071	286	1	70	0.0142857
NODE_2316_length_1493_cov_100.467719	1001	1071	293	1	70	0.0142857
NODE_2316_length_1493_cov_100.467719	1001	1071	294	1	70	0.0142857
NODE_2316_length_1493_cov_100.467719	1001	1071	297	1	70	0.0142857
NODE_2316_length_1493_cov_100.467719	1001	1071	299	1	70	0.0142857
NODE_2316_length_1493_cov_100.467719	1001	1071	300	2	70	0.0285714
NODE_2316_length_1493_cov_100.467719	1001	1071	317	1	70	0.0142857
NODE_2316_length_1493_cov_100.467719	1001	1071	319	1	70	0.0142857
NODE_2316_length_1493_cov_100.467719	1001	1071	321	1	70	0.0142857
NODE_2316_length_1493_cov_100.467719	1001	1071	334	1	70	0.0142857
NODE_2316_length_1493_cov_100.467719	1001	1071	336	1	70	0.0142857
NODE_2316_length_1493_cov_100.467719	1001	1071	345	1	70	0.0142857
NODE_2316_length_1493_cov_100.467719	1001	1071	364	1	70	0.0142857
NODE_2316_length_1493_cov_100.467719	1001	1071	366	2	70	0.0285714
NODE_2316_length_1493_cov_100.467719	1001	1071	371	1	70	0.0142857
NODE_2316_length_1493_cov_100.467719	1001	1071	382	1	70	0.0142857
NODE_2316_length_1493_cov_100.467719	1001	1071	401	1	70	0.0142857
NODE_2316_length_1493_cov_100.467719	1001	1071	402	1	70	0.0142857
NODE_2316_length_1493_cov_100.467719	1001	1071	405	1	70	0.0142857
NODE_2316_length_1493_cov_100.467719	1001	1071	407	2	70	0.0285714
NODE_2316_length_1493_cov_100.467719	1001	1071	414	1	70	0.0142857
NODE_2316_length_1493_cov_100.467719	1001	1071	422	1	70	0.0142857
NODE_2316_length_1493_cov_100.467719	1001	1071	424	1	70	0.0142857
NODE_2316_length_1493_cov_100.467719	1001	1071	429	2	70	0.0285714
NODE_2316_length_1493_cov_100.467719	1001	1071	433	2	70	0.0285714
NODE_2316_length_1493_cov_100.467719	1001	1071	435	1	70	0.0142857
NODE_2316_length_1493_cov_100.467719	1001	1071	441	1	70	0.0142857
NODE_2316_length_1493_cov_100.467719	1001	1071	444	1	70	0.0142857
NODE_2316_length_1493_cov_100.467719	1001	1071	452	1	70	0.0142857
NODE_2316_length_1493_cov_100.467719	1001	1071	462	1	70	0.0142857
NODE_2316_length_1493_cov_100.467719	1001	1071	478	1	70	0.0142857
NODE_2316_length_1493_cov_100.467719	1001	1071	498	1	70	0.0142857
NODE_2316_length_1493_cov_100.467719	1001	1071	499	1	70	0.0142857
NODE_2316_length_1493_cov_100.467719	1001	1071	511	1	70	0.0142857
NODE_2316_length_1493_cov_100.467719	1001	1071	520	2	70	0.0285714
NODE_2316_length_1493_cov_100.467719	1001	1071	523	1	70	0.0142857
NODE_2316_length_1493_cov_100.467719	1001	1071	528	1	70	0.0142857
NODE_2316_length_1493_cov_100.467719	1001	1071	529	2	70	0.0285714
NODE_2316_length_1493_cov_100.467719	1001	1071	530	1	70	0.0142857
NODE_2316_length_1493_cov_100.467719	1001	1071	533	1	70	0.0142857
NODE_2316_length_1493_cov_100.467719	1001	1071	545	1	70	0.0142857
NODE_2316_length_1493_cov_100.467719	1001	1071	550	1	70	0.0142857
NODE_2316_length_1493_cov_100.467719	1001	1071	555	1	70	0.0142857
NODE_2316_length_1493_cov_100.467719	1001	1071	565	1	70	0.0142857
NODE_2316_length_1493_cov_100.467719	1001	1071	567	2	70	0.0285714
NODE_2316_length_1493_cov_100.467719	1001	1071	575	1	70	0.0142857
NODE_2316_length_1493_cov_100.467719	1001	1071	577	1	70	0.0142857
NODE_2316_length_1493_cov_100.467719	1001	1071	580	1	70	0.0142857
NODE_2316_length_1493_cov_100.467719	1001	1071	594	1	70	0.0142857
NODE_2316_length_1493_cov_100.467719	1001	1071	597	1	70	0.0142857
NODE_2316_length_1493_cov_100.467719	1001	1071	598	1	70	0.0142857
NODE_2316_length_1493_cov_100.467719	1001	1071	600	1	70	0.0142857
NODE_2316_length_1493_cov_100.467719	1077	1157	626	1	80	0.0125000
NODE_2316_length_1493_cov_100.467719	1077	1157	630	1	80	0.0125000
NODE_2316_length_1493_cov_100.467719	1077	1157	639	1	80	0.0125000
NODE_2316_length_1493_cov_100.467719	1077	1157	643	1	80	0.0125000
NODE_2316_length_1493_cov_100.467719	1077	1157	647	1	80	0.0125000
NODE_2316_length_1493_cov_100.467719	1077	1157	667	1	80	0.0125000
NODE_2316_length_1493_cov_100.467719	1077	1157	685	1	80	0.0125000
NODE_2316_length_1493_cov_100.467719	1077	1157	695	1	80	0.0125000
NODE_2316_length_1493_cov_100.467719	1077	1157	700	1	80	0.0125000
NODE_2316_length_1493_cov_100.467719	1077	1157	711	1	80	0.0125000
NODE_2316_length_1493_cov_100.467719	1077	1157	719	1	80	0.0125000
NODE_2316_length_1493_cov_100.467719	1077	1157	720	1	80	0.0125000
NODE_2316_length_1493_cov_100.467719	1077	1157	723	1	80	0.0125000
NODE_2316_length_1493_cov_100.467719	1077	1157	725	1	80	0.0125000
NODE_2316_length_1493_cov_100.467719	1077	1157	727	2	80	0.0250000
NODE_2316_length_1493_cov_100.467719	1077	1157	728	1	80	0.0125000
NODE_2316_length_1493_cov_100.467719	1077	1157	734	1	80	0.0125000
NODE_2316_length_1493_cov_100.467719	1077	1157	735	1	80	0.0125000
NODE_2316_length_1493_cov_100.467719	1077	1157	740	1	80	0.0125000
NODE_2316_length_1493_cov_100.467719	1077	1157	742	1	80	0.0125000
NODE_2316_length_1493_cov_100.467719	1077	1157	751	1	80	0.0125000
NODE_2316_length_1493_cov_100.467719	1077	1157	752	1	80	0.0125000
NODE_2316_length_1493_cov_100.467719	1077	1157	762	1	80	0.0125000
NODE_2316_length_1493_cov_100.467719	1077	1157	765	1	80	0.0125000
NODE_2316_length_1493_cov_100.467719	1077	1157	779	2	80	0.0250000
NODE_2316_length_1493_cov_100.467719	1077	1157	787	1	80	0.0125000
NODE_2316_length_1493_cov_100.467719	1077	1157	806	1	80	0.0125000
NODE_2316_length_1493_cov_100.467719	1077	1157	817	2	80	0.0250000
NODE_2316_length_1493_cov_100.467719	1077	1157	829	1	80	0.0125000
NODE_2316_length_1493_cov_100.467719	1077	1157	834	1	80	0.0125000
NODE_2316_length_1493_cov_100.467719	1077	1157	836	1	80	0.0125000
NODE_2316_length_1493_cov_100.467719	1077	1157	850	1	80	0.0125000
NODE_2316_length_1493_cov_100.467719	1077	1157	854	1	80	0.0125000
NODE_2316_length_1493_cov_100.467719	1077	1157	858	1	80	0.0125000
NODE_2316_length_1493_cov_100.467719	1077	1157	859	1	80	0.0125000
NODE_2316_length_1493_cov_100.467719	1077	1157	862	1	80	0.0125000
NODE_2316_length_1493_cov_100.467719	1077	1157	867	1	80	0.0125000
NODE_2316_length_1493_cov_100.467719	1077	1157	869	1	80	0.0125000
NODE_2316_length_1493_cov_100.467719	1077	1157	878	1	80	0.0125000
NODE_2316_length_1493_cov_100.467719	1077	1157	886	1	80	0.0125000
NODE_2316_length_1493_cov_100.467719	1077	1157	888	1	80	0.0125000
NODE_2316_length_1493_cov_100.467719	1077	1157	890	1	80	0.0125000
NODE_2316_length_1493_cov_100.467719	1077	1157	899	1	80	0.0125000
NODE_2316_length_1493_cov_100.467719	1077	1157	932	1	80	0.0125000
NODE_2316_length_1493_cov_100.467719	1077	1157	936	1	80	0.0125000
NODE_2316_length_1493_cov_100.467719	1077	1157	941	1	80	0.0125000
NODE_2316_length_1493_cov_100.467719	1077	1157	949	1	80	0.0125000
NODE_2316_length_1493_cov_100.467719	1077	1157	950	1	80	0.0125000
NODE_2316_length_1493_cov_100.467719	1077	1157	972	1	80	0.0125000
NODE_2316_length_1493_cov_100.467719	1077	1157	974	1	80	0.0125000
NODE_2316_length_1493_cov_100.467719	1077	1157	982	1	80	0.0125000
NODE_2316_length_1493_cov_100.467719	1077	1157	984	1	80	0.0125000
NODE_2316_length_1493_cov_100.467719	1077	1157	1009	1	80	0.0125000
NODE_2316_length_1493_cov_100.467719	1077	1157	1013	2	80	0.0250000
NODE_2316_length_1493_cov_100.467719	1077	1157	1023	1	80	0.0125000
NODE_2316_length_1493_cov_100.467719	1077	1157	1024	1	80	0.0125000
NODE_2316_length_1493_cov_100.467719	1077	1157	1027	1	80	0.0125000
NODE_2316_length_1493_cov_100.467719	1077	1157	1031	1	80	0.0125000
NODE_2316_length_1493_cov_100.467719	1077	1157	1033	1	80	0.0125000
NODE_2316_length_1493_cov_100.467719	1077	1157	1037	1	80	0.0125000
NODE_2316_length_1493_cov_100.467719	1077	1157	1038	1	80	0.0125000
NODE_2316_length_1493_cov_100.467719	1077	1157	1041	1	80	0.0125000
NODE_2316_length_1493_cov_100.467719	1077	1157	1042	1	80	0.0125000
NODE_2316_length_1493_cov_100.467719	1077	1157	1052	1	80	0.0125000
NODE_2316_length_1493_cov_100.467719	1077	1157	1054	1	80	0.0125000
NODE_2316_length_1493_cov_100.467719	1077	1157	1065	1	80	0.0125000
NODE_2316_length_1493_cov_100.467719	1077	1157	1075	1	80	0.0125000
NODE_2316_length_1493_cov_100.467719	1077	1157	1092	1	80	0.0125000
NODE_2316_length_1493_cov_100.467719	1077	1157	1103	2	80	0.0250000
NODE_2316_length_1493_cov_100.467719	1077	1157	1105	1	80	0.0125000
NODE_2316_length_1493_cov_100.467719	1077	1157	1108	1	80	0.0125000
NODE_2316_length_1493_cov_100.467719	1077	1157	1115	1	80	0.0125000
NODE_2316_length_1493_cov_100.467719	1077	1157	1118	1	80	0.0125000
NODE_2316_length_1493_cov_100.467719	1077	1157	1121	1	80	0.0125000
NODE_2316_length_1493_cov_100.467719	1077	1157	1122	1	80	0.0125000
NODE_2316_length_1493_cov_100.467719	1130	1210	982	1	80	0.0125000
NODE_2316_length_1493_cov_100.467719	1130	1210	984	1	80	0.0125000
NODE_2316_length_1493_cov_100.467719	1130	1210	1009	1	80	0.0125000
NODE_2316_length_1493_cov_100.467719	1130	1210	1013	2	80	0.0250000
NODE_2316_length_1493_cov_100.467719	1130	1210	1022	1	80	0.0125000
NODE_2316_length_1493_cov_100.467719	1130	1210	1023	1	80	0.0125000
NODE_2316_length_1493_cov_100.467719	1130	1210	1024	1	80	0.0125000
NODE_2316_length_1493_cov_100.467719	1130	1210	1027	1	80	0.0125000
NODE_2316_length_1493_cov_100.467719	1130	1210	1031	1	80	0.0125000
NODE_2316_length_1493_cov_100.467719	1130	1210	1033	1	80	0.0125000
NODE_2316_length_1493_cov_100.467719	1130	1210	1037	1	80	0.0125000
NODE_2316_length_1493_cov_100.467719	1130	1210	1038	1	80	0.0125000
NODE_2316_length_1493_cov_100.467719	1130	1210	1041	1	80	0.0125000
NODE_2316_length_1493_cov_100.467719	1130	1210	1042	1	80	0.0125000
NODE_2316_length_1493_cov_100.467719	1130	1210	1043	1	80	0.0125000
NODE_2316_length_1493_cov_100.467719	1130	1210	1044	1	80	0.0125000
NODE_2316_length_1493_cov_100.467719	1130	1210	1052	1	80	0.0125000
NODE_2316_length_1493_cov_100.467719	1130	1210	1054	2	80	0.0250000
NODE_2316_length_1493_cov_100.467719	1130	1210	1057	1	80	0.0125000
NODE_2316_length_1493_cov_100.467719	1130	1210	1061	1	80	0.0125000
NODE_2316_length_1493_cov_100.467719	1130	1210	1065	1	80	0.0125000
NODE_2316_length_1493_cov_100.467719	1130	1210	1072	1	80	0.0125000
NODE_2316_length_1493_cov_100.467719	1130	1210	1073	2	80	0.0250000
NODE_2316_length_1493_cov_100.467719	1130	1210	1074	2	80	0.0250000
NODE_2316_length_1493_cov_100.467719	1130	1210	1075	1	80	0.0125000
NODE_2316_length_1493_cov_100.467719	1130	1210	1090	1	80	0.0125000
NODE_2316_length_1493_cov_100.467719	1130	1210	1092	1	80	0.0125000
NODE_2316_length_1493_cov_100.467719	1130	1210	1103	2	80	0.0250000
NODE_2316_length_1493_cov_100.467719	1130	1210	1105	1	80	0.0125000
NODE_2316_length_1493_cov_100.467719	1130	1210	1107	1	80	0.0125000
NODE_2316_length_1493_cov_100.467719	1130	1210	1108	1	80	0.0125000
NODE_2316_length_1493_cov_100.467719	1130	1210	1115	3	80	0.0375000
NODE_2316_length_1493_cov_100.467719	1130	1210	1116	1	80	0.0125000
NODE_2316_length_1493_cov_100.467719	1130	1210	1117	1	80	0.0125000
NODE_2316_length_1493_cov_100.467719	1130	1210	1118	1	80	0.0125000
NODE_2316_length_1493_cov_100.467719	1130	1210	1119	1	80	0.0125000
NODE_2316_length_1493_cov_100.467719	1130	1210	1121	1	80	0.0125000
NODE_2316_length_1493_cov_100.467719	1130	1210	1122	4	80	0.0500000
NODE_2316_length_1493_cov_100.467719	1130	1210	1124	2	80	0.0250000
NODE_2316_length_1493_cov_100.467719	1130	1210	1126	1	80	0.0125000
NODE_2316_length_1493_cov_100.467719	1130	1210	1127	2	80	0.0250000
NODE_2316_length_1493_cov_100.467719	1130	1210	1134	1	80	0.0125000
NODE_2316_length_1493_cov_100.467719	1130	1210	1136	1	80	0.0125000
NODE_2316_length_1493_cov_100.467719	1130	1210	1143	1	80	0.0125000
NODE_2316_length_1493_cov_100.467719	1130	1210	1147	2	80	0.0250000
NODE_2316_length_1493_cov_100.467719	1130	1210	1156	1	80	0.0125000
NODE_2316_length_1493_cov_100.467719	1130	1210	1160	1	80	0.0125000
NODE_2316_length_1493_cov_100.467719	1130	1210	1162	1	80	0.0125000
NODE_2316_length_1493_cov_100.467719	1130	1210	1166	1	80	0.0125000
NODE_2316_length_1493_cov_100.467719	1130	1210	1168	2	80	0.0250000
NODE_2316_length_1493_cov_100.467719	1130	1210	1172	2	80	0.0250000
NODE_2316_length_1493_cov_100.467719	1130	1210	1174	1	80	0.0125000
NODE_2316_length_1493_cov_100.467719	1130	1210	1176	2	80	0.0250000
NODE_2316_length_1493_cov_100.467719	1130	1210	1178	1	80	0.0125000
NODE_2316_length_1493_cov_100.467719	1130	1210	1179	1	80	0.0125000
NODE_2316_length_1493_cov_100.467719	1130	1210	1183	1	80	0.0125000
NODE_2316_length_1493_cov_100.467719	1130	1210	1185	1	80	0.0125000
NODE_2316_length_1493_cov_100.467719	1130	1210	1186	1	80	0.0125000
NODE_2316_length_1493_cov_100.467719	1130	1210	1188	1	80	0.0125000
NODE_2316_length_1493_cov_100.467719	1130	1210	1190	2	80	0.0250000
NODE_2316_length_1493_cov_100.467719	1130	1210	1196	1	80	0.0125000
NODE_2316_length_1493_cov_100.467719	1130	1210	1200	1	80	0.0125000
NODE_2316_length_1493_cov_100.467719	1130	1210	1203	1	80	0.0125000
NODE_2321_length_1493_cov_1.138451	1341	1420	2	6	79	0.0759494
NODE_2321_length_1493_cov_1.138451	1341	1420	4	10	79	0.1265823
NODE_2321_length_1493_cov_1.138451	1341	1420	6	26	79	0.3291139
NODE_2321_length_1493_cov_1.138451	1341	1420	8	2	79	0.0253165
NODE_2321_length_1493_cov_1.138451	1341	1420	12	35	79	0.4430380
NODE_2321_length_1493_cov_1.138451	1341	1420	2	6	79	0.0759494
NODE_2321_length_1493_cov_1.138451	1341	1420	4	10	79	0.1265823
NODE_2321_length_1493_cov_1.138451	1341	1420	6	26	79	0.3291139
NODE_2321_length_1493_cov_1.138451	1341	1420	8	2	79	0.0253165
NODE_2321_length_1493_cov_1.138451	1341	1420	12	35	79	0.4430380
NODE_2321_length_1493_cov_1.138451	1393	1459	8	10	66	0.1515152
NODE_2321_length_1493_cov_1.138451	1393	1459	10	3	66	0.0454545
NODE_2321_length_1493_cov_1.138451	1393	1459	12	53	66	0.8030303
NODE_2332_length_1490_cov_5.726096	233	295	0	9	62	0.1451613
NODE_2332_length_1490_cov_5.726096	233	295	2	53	62	0.8548387
NODE_2332_length_1490_cov_5.726096	1065	1149	0	84	84	1.0000000
NODE_2333_length_1490_cov_4.687275	318	399	4	64	81	0.7901235
NODE_2333_length_1490_cov_4.687275	318	399	6	17	81	0.2098765
NODE_2333_length_1490_cov_4.687275	372	452	0	17	80	0.2125000
NODE_2333_length_1490_cov_4.687275	372	452	2	17	80	0.2125000
NODE_2333_length_1490_cov_4.687275	372	452	4	29	80	0.3625000
NODE_2333_length_1490_cov_4.687275	372	452	6	17	80	0.2125000
NODE_2338_length_1488_cov_3.734341	1141	1221	0	74	80	0.9250000
NODE_2338_length_1488_cov_3.734341	1141	1221	2	6	80	0.0750000
NODE_2340_length_1487_cov_19.332133	673	753	0	80	80	1.0000000
NODE_2340_length_1487_cov_19.332133	726	806	0	80	80	1.0000000
NODE_2348_length_1484_cov_38.342960	706	786	0	58	80	0.7250000
NODE_2348_length_1484_cov_38.342960	706	786	2	22	80	0.2750000
NODE_2348_length_1484_cov_38.342960	759	839	0	80	80	1.0000000
NODE_2349_length_1484_cov_21.260650	348	428	2	80	80	1.0000000
NODE_2349_length_1484_cov_21.260650	401	481	0	45	80	0.5625000
NODE_2349_length_1484_cov_21.260650	401	481	2	35	80	0.4375000
NODE_2349_length_1484_cov_21.260650	978	1058	0	4	80	0.0500000
NODE_2349_length_1484_cov_21.260650	978	1058	4	4	80	0.0500000
NODE_2349_length_1484_cov_21.260650	978	1058	6	9	80	0.1125000
NODE_2349_length_1484_cov_21.260650	978	1058	8	63	80	0.7875000
NODE_2349_length_1484_cov_21.260650	1031	1111	0	10	80	0.1250000
NODE_2349_length_1484_cov_21.260650	1031	1111	4	51	80	0.6375000
NODE_2349_length_1484_cov_21.260650	1031	1111	6	9	80	0.1125000
NODE_2349_length_1484_cov_21.260650	1031	1111	8	10	80	0.1250000
NODE_2350_length_1484_cov_19.243321	952	1032	8	10	80	0.1250000
NODE_2350_length_1484_cov_19.243321	952	1032	10	5	80	0.0625000
NODE_2350_length_1484_cov_19.243321	952	1032	14	65	80	0.8125000
NODE_2350_length_1484_cov_19.243321	1005	1085	6	14	80	0.1750000
NODE_2350_length_1484_cov_19.243321	1005	1085	8	3	80	0.0375000
NODE_2350_length_1484_cov_19.243321	1005	1085	14	32	80	0.4000000
NODE_2350_length_1484_cov_19.243321	1005	1085	16	31	80	0.3875000
NODE_2351_length_1484_cov_9.085199	314	394	2	18	80	0.2250000
NODE_2351_length_1484_cov_9.085199	314	394	4	35	80	0.4375000
NODE_2351_length_1484_cov_9.085199	314	394	6	27	80	0.3375000
NODE_2351_length_1484_cov_9.085199	367	447	0	35	80	0.4375000
NODE_2351_length_1484_cov_9.085199	367	447	2	36	80	0.4500000
NODE_2351_length_1484_cov_9.085199	367	447	4	6	80	0.0750000
NODE_2351_length_1484_cov_9.085199	367	447	6	3	80	0.0375000
NODE_2353_length_1483_cov_21.207370	555	635	8	43	80	0.5375000
NODE_2353_length_1483_cov_21.207370	555	635	10	37	80	0.4625000
NODE_2353_length_1483_cov_21.207370	608	688	0	2	80	0.0250000
NODE_2353_length_1483_cov_21.207370	608	688	2	46	80	0.5750000
NODE_2353_length_1483_cov_21.207370	608	688	4	4	80	0.0500000
NODE_2353_length_1483_cov_21.207370	608	688	8	28	80	0.3500000
NODE_2359_length_1482_cov_20.177874	430	510	0	24	80	0.3000000
NODE_2359_length_1482_cov_20.177874	430	510	8	29	80	0.3625000
NODE_2359_length_1482_cov_20.177874	430	510	10	27	80	0.3375000
NODE_2359_length_1482_cov_20.177874	483	563	2	12	80	0.1500000
NODE_2359_length_1482_cov_20.177874	483	563	10	68	80	0.8500000
NODE_2359_length_1482_cov_20.177874	559	639	0	55	80	0.6875000
NODE_2359_length_1482_cov_20.177874	559	639	2	25	80	0.3125000
NODE_2359_length_1482_cov_20.177874	612	692	0	25	80	0.3125000
NODE_2359_length_1482_cov_20.177874	612	692	2	55	80	0.6875000
NODE_2360_length_1482_cov_13.644252	1000	1080	12	80	80	1.0000000
NODE_2360_length_1482_cov_13.644252	1053	1133	0	25	80	0.3125000
NODE_2360_length_1482_cov_13.644252	1053	1133	4	8	80	0.1000000
NODE_2360_length_1482_cov_13.644252	1053	1133	12	47	80	0.5875000
NODE_2361_length_1482_cov_6.157628	525	605	0	80	80	1.0000000
NODE_2361_length_1482_cov_6.157628	578	658	0	80	80	1.0000000
NODE_2361_length_1482_cov_6.157628	1306	1388	11	12	82	0.1463415
NODE_2361_length_1482_cov_6.157628	1306	1388	13	1	82	0.0121951
NODE_2361_length_1482_cov_6.157628	1306	1388	15	4	82	0.0487805
NODE_2361_length_1482_cov_6.157628	1306	1388	17	3	82	0.0365854
NODE_2361_length_1482_cov_6.157628	1306	1388	19	13	82	0.1585366
NODE_2361_length_1482_cov_6.157628	1306	1388	20	7	82	0.0853659
NODE_2361_length_1482_cov_6.157628	1306	1388	22	42	82	0.5121951
NODE_2364_length_1481_cov_19.238784	480	560	1	22	80	0.2750000
NODE_2364_length_1481_cov_19.238784	480	560	2	6	80	0.0750000
NODE_2364_length_1481_cov_19.238784	480	560	3	8	80	0.1000000
NODE_2364_length_1481_cov_19.238784	480	560	4	9	80	0.1125000
NODE_2364_length_1481_cov_19.238784	480	560	5	35	80	0.4375000
NODE_2364_length_1481_cov_19.238784	533	613	1	75	80	0.9375000
NODE_2364_length_1481_cov_19.238784	533	613	3	5	80	0.0625000
NODE_2365_length_1481_cov_18.139653	706	786	0	25	80	0.3125000
NODE_2365_length_1481_cov_18.139653	706	786	2	15	80	0.1875000
NODE_2365_length_1481_cov_18.139653	706	786	8	17	80	0.2125000
NODE_2365_length_1481_cov_18.139653	706	786	10	23	80	0.2875000
NODE_2365_length_1481_cov_18.139653	759	839	8	5	80	0.0625000
NODE_2365_length_1481_cov_18.139653	759	839	10	75	80	0.9375000
NODE_2367_length_1480_cov_27.552498	762	842	0	79	80	0.9875000
NODE_2367_length_1480_cov_27.552498	762	842	2	1	80	0.0125000
NODE_2367_length_1480_cov_27.552498	815	895	0	80	80	1.0000000
NODE_2367_length_1480_cov_27.552498	891	971	0	80	80	1.0000000
NODE_2367_length_1480_cov_27.552498	944	1024	0	80	80	1.0000000
NODE_2367_length_1480_cov_27.552498	1171	1222	6	3	51	0.0588235
NODE_2367_length_1480_cov_27.552498	1171	1222	12	5	51	0.0980392
NODE_2367_length_1480_cov_27.552498	1171	1222	14	3	51	0.0588235
NODE_2367_length_1480_cov_27.552498	1171	1222	16	6	51	0.1176471
NODE_2367_length_1480_cov_27.552498	1171	1222	18	4	51	0.0784314
NODE_2367_length_1480_cov_27.552498	1171	1222	28	2	51	0.0392157
NODE_2367_length_1480_cov_27.552498	1171	1222	32	3	51	0.0588235
NODE_2367_length_1480_cov_27.552498	1171	1222	36	1	51	0.0196078
NODE_2367_length_1480_cov_27.552498	1171	1222	45	1	51	0.0196078
NODE_2367_length_1480_cov_27.552498	1171	1222	48	2	51	0.0392157
NODE_2367_length_1480_cov_27.552498	1171	1222	52	1	51	0.0196078
NODE_2367_length_1480_cov_27.552498	1171	1222	54	2	51	0.0392157
NODE_2367_length_1480_cov_27.552498	1171	1222	58	1	51	0.0196078
NODE_2367_length_1480_cov_27.552498	1171	1222	60	4	51	0.0784314
NODE_2367_length_1480_cov_27.552498	1171	1222	62	2	51	0.0392157
NODE_2367_length_1480_cov_27.552498	1171	1222	68	3	51	0.0588235
NODE_2367_length_1480_cov_27.552498	1171	1222	70	6	51	0.1176471
NODE_2367_length_1480_cov_27.552498	1171	1222	74	2	51	0.0392157
NODE_2369_length_1480_cov_12.535844	466	546	0	39	80	0.4875000
NODE_2369_length_1480_cov_12.535844	466	546	2	30	80	0.3750000
NODE_2369_length_1480_cov_12.535844	466	546	4	11	80	0.1375000
NODE_2369_length_1480_cov_12.535844	519	599	2	16	80	0.2000000
NODE_2369_length_1480_cov_12.535844	519	599	4	64	80	0.8000000
NODE_2373_length_1479_cov_17.035507	708	788	0	32	80	0.4000000
NODE_2373_length_1479_cov_17.035507	708	788	1	21	80	0.2625000
NODE_2373_length_1479_cov_17.035507	708	788	2	27	80	0.3375000
NODE_2373_length_1479_cov_17.035507	761	841	2	56	80	0.7000000
NODE_2373_length_1479_cov_17.035507	761	841	6	5	80	0.0625000
NODE_2373_length_1479_cov_17.035507	761	841	10	19	80	0.2375000
NODE_2373_length_1479_cov_17.035507	837	917	8	3	80	0.0375000
NODE_2373_length_1479_cov_17.035507	837	917	10	12	80	0.1500000
NODE_2373_length_1479_cov_17.035507	837	917	11	18	80	0.2250000
NODE_2373_length_1479_cov_17.035507	837	917	12	47	80	0.5875000
NODE_2373_length_1479_cov_17.035507	890	970	4	3	80	0.0375000
NODE_2373_length_1479_cov_17.035507	890	970	7	1	80	0.0125000
NODE_2373_length_1479_cov_17.035507	890	970	8	52	80	0.6500000
NODE_2373_length_1479_cov_17.035507	890	970	10	3	80	0.0375000
NODE_2373_length_1479_cov_17.035507	890	970	11	18	80	0.2250000
NODE_2373_length_1479_cov_17.035507	890	970	12	3	80	0.0375000
NODE_2374_length_1479_cov_16.448551	908	988	4	19	80	0.2375000
NODE_2374_length_1479_cov_16.448551	908	988	9	9	80	0.1125000
NODE_2374_length_1479_cov_16.448551	908	988	11	1	80	0.0125000
NODE_2374_length_1479_cov_16.448551	908	988	13	1	80	0.0125000
NODE_2374_length_1479_cov_16.448551	908	988	15	19	80	0.2375000
NODE_2374_length_1479_cov_16.448551	908	988	17	31	80	0.3875000
NODE_2374_length_1479_cov_16.448551	961	1041	8	24	80	0.3000000
NODE_2374_length_1479_cov_16.448551	961	1041	10	2	80	0.0250000
NODE_2374_length_1479_cov_16.448551	961	1041	11	10	80	0.1250000
NODE_2374_length_1479_cov_16.448551	961	1041	12	7	80	0.0875000
NODE_2374_length_1479_cov_16.448551	961	1041	13	11	80	0.1375000
NODE_2374_length_1479_cov_16.448551	961	1041	17	26	80	0.3250000
NODE_2375_length_1479_cov_5.285507	123	185	43	1	62	0.0161290
NODE_2375_length_1479_cov_5.285507	123	185	45	1	62	0.0161290
NODE_2375_length_1479_cov_5.285507	123	185	46	5	62	0.0806452
NODE_2375_length_1479_cov_5.285507	123	185	47	1	62	0.0161290
NODE_2375_length_1479_cov_5.285507	123	185	49	1	62	0.0161290
NODE_2375_length_1479_cov_5.285507	123	185	51	2	62	0.0322581
NODE_2375_length_1479_cov_5.285507	123	185	55	13	62	0.2096774
NODE_2375_length_1479_cov_5.285507	123	185	59	2	62	0.0322581
NODE_2375_length_1479_cov_5.285507	123	185	61	1	62	0.0161290
NODE_2375_length_1479_cov_5.285507	123	185	63	2	62	0.0322581
NODE_2375_length_1479_cov_5.285507	123	185	84	4	62	0.0645161
NODE_2375_length_1479_cov_5.285507	123	185	88	3	62	0.0483871
NODE_2375_length_1479_cov_5.285507	123	185	89	1	62	0.0161290
NODE_2375_length_1479_cov_5.285507	123	185	91	1	62	0.0161290
NODE_2375_length_1479_cov_5.285507	123	185	97	5	62	0.0806452
NODE_2375_length_1479_cov_5.285507	123	185	99	1	62	0.0161290
NODE_2375_length_1479_cov_5.285507	123	185	101	3	62	0.0483871
NODE_2375_length_1479_cov_5.285507	123	185	105	1	62	0.0161290
NODE_2375_length_1479_cov_5.285507	123	185	110	3	62	0.0483871
NODE_2375_length_1479_cov_5.285507	123	185	117	2	62	0.0322581
NODE_2375_length_1479_cov_5.285507	123	185	119	2	62	0.0322581
NODE_2375_length_1479_cov_5.285507	123	185	125	3	62	0.0483871
NODE_2375_length_1479_cov_5.285507	123	185	126	3	62	0.0483871
NODE_2375_length_1479_cov_5.285507	123	185	128	1	62	0.0161290
NODE_2376_length_1479_cov_2.018841	881	967	1	21	86	0.2441860
NODE_2376_length_1479_cov_2.018841	881	967	2	65	86	0.7558140
NODE_2377_length_1478_cov_32.050761	411	491	0	80	80	1.0000000
NODE_2377_length_1478_cov_32.050761	464	544	0	49	80	0.6125000
NODE_2377_length_1478_cov_32.050761	464	544	4	14	80	0.1750000
NODE_2377_length_1478_cov_32.050761	464	544	8	17	80	0.2125000
NODE_2377_length_1478_cov_32.050761	540	620	8	14	80	0.1750000
NODE_2377_length_1478_cov_32.050761	540	620	24	38	80	0.4750000
NODE_2377_length_1478_cov_32.050761	540	620	40	19	80	0.2375000
NODE_2377_length_1478_cov_32.050761	540	620	41	1	80	0.0125000
NODE_2377_length_1478_cov_32.050761	540	620	42	8	80	0.1000000
NODE_2377_length_1478_cov_32.050761	593	673	27	16	80	0.2000000
NODE_2377_length_1478_cov_32.050761	593	673	28	13	80	0.1625000
NODE_2377_length_1478_cov_32.050761	593	673	30	4	80	0.0500000
NODE_2377_length_1478_cov_32.050761	593	673	33	1	80	0.0125000
NODE_2377_length_1478_cov_32.050761	593	673	34	2	80	0.0250000
NODE_2377_length_1478_cov_32.050761	593	673	38	1	80	0.0125000
NODE_2377_length_1478_cov_32.050761	593	673	40	18	80	0.2250000
NODE_2377_length_1478_cov_32.050761	593	673	41	1	80	0.0125000
NODE_2377_length_1478_cov_32.050761	593	673	42	24	80	0.3000000
NODE_2378_length_1478_cov_27.414793	817	897	0	7	80	0.0875000
NODE_2378_length_1478_cov_27.414793	817	897	2	73	80	0.9125000
NODE_2378_length_1478_cov_27.414793	870	950	2	35	80	0.4375000
NODE_2378_length_1478_cov_27.414793	870	950	3	31	80	0.3875000
NODE_2378_length_1478_cov_27.414793	870	950	4	14	80	0.1750000
NODE_2379_length_1478_cov_23.472081	1212	1241	72	1	29	0.0344828
NODE_2379_length_1478_cov_23.472081	1212	1241	76	4	29	0.1379310
NODE_2379_length_1478_cov_23.472081	1212	1241	79	1	29	0.0344828
NODE_2379_length_1478_cov_23.472081	1212	1241	80	1	29	0.0344828
NODE_2379_length_1478_cov_23.472081	1212	1241	81	4	29	0.1379310
NODE_2379_length_1478_cov_23.472081	1212	1241	82	4	29	0.1379310
NODE_2379_length_1478_cov_23.472081	1212	1241	83	5	29	0.1724138
NODE_2379_length_1478_cov_23.472081	1212	1241	84	1	29	0.0344828
NODE_2379_length_1478_cov_23.472081	1212	1241	87	3	29	0.1034483
NODE_2379_length_1478_cov_23.472081	1212	1241	93	3	29	0.1034483
NODE_2379_length_1478_cov_23.472081	1212	1241	95	1	29	0.0344828
NODE_2379_length_1478_cov_23.472081	1212	1241	97	1	29	0.0344828
NODE_2380_length_1478_cov_10.746193	678	758	0	14	80	0.1750000
NODE_2380_length_1478_cov_10.746193	678	758	4	18	80	0.2250000
NODE_2380_length_1478_cov_10.746193	678	758	6	35	80	0.4375000
NODE_2380_length_1478_cov_10.746193	678	758	8	13	80	0.1625000
NODE_2380_length_1478_cov_10.746193	731	811	0	67	80	0.8375000
NODE_2380_length_1478_cov_10.746193	731	811	4	13	80	0.1625000
NODE_2380_length_1478_cov_10.746193	807	892	0	85	85	1.0000000
NODE_2380_length_1478_cov_10.746193	860	945	0	85	85	1.0000000
NODE_2384_length_1476_cov_6.522150	791	871	0	80	80	1.0000000
NODE_2384_length_1476_cov_6.522150	844	924	0	80	80	1.0000000
NODE_2392_length_1474_cov_11.209455	515	595	0	20	80	0.2500000
NODE_2392_length_1474_cov_11.209455	515	595	2	60	80	0.7500000
NODE_2392_length_1474_cov_11.209455	568	648	0	27	80	0.3375000
NODE_2392_length_1474_cov_11.209455	568	648	2	53	80	0.6625000
NODE_2397_length_1472_cov_22.159505	428	508	6	34	80	0.4250000
NODE_2397_length_1472_cov_22.159505	428	508	8	25	80	0.3125000
NODE_2397_length_1472_cov_22.159505	428	508	10	21	80	0.2625000
NODE_2397_length_1472_cov_22.159505	428	508	6	34	80	0.4250000
NODE_2397_length_1472_cov_22.159505	428	508	8	25	80	0.3125000
NODE_2397_length_1472_cov_22.159505	428	508	10	21	80	0.2625000
NODE_2397_length_1472_cov_22.159505	481	561	2	8	80	0.1000000
NODE_2397_length_1472_cov_22.159505	481	561	3	1	80	0.0125000
NODE_2397_length_1472_cov_22.159505	481	561	4	14	80	0.1750000
NODE_2397_length_1472_cov_22.159505	481	561	6	32	80	0.4000000
NODE_2397_length_1472_cov_22.159505	481	561	8	9	80	0.1125000
NODE_2397_length_1472_cov_22.159505	481	561	15	4	80	0.0500000
NODE_2397_length_1472_cov_22.159505	481	561	16	1	80	0.0125000
NODE_2397_length_1472_cov_22.159505	481	561	17	7	80	0.0875000
NODE_2397_length_1472_cov_22.159505	481	561	21	4	80	0.0500000
NODE_2397_length_1472_cov_22.159505	913	993	0	22	80	0.2750000
NODE_2397_length_1472_cov_22.159505	913	993	4	58	80	0.7250000
NODE_2397_length_1472_cov_22.159505	966	1046	0	53	80	0.6625000
NODE_2397_length_1472_cov_22.159505	966	1046	4	27	80	0.3375000
NODE_2397_length_1472_cov_22.159505	1042	1122	0	80	80	1.0000000
NODE_2397_length_1472_cov_22.159505	1095	1175	0	80	80	1.0000000
NODE_2398_length_1472_cov_22.018208	523	590	22	33	67	0.4925373
NODE_2398_length_1472_cov_22.018208	523	590	23	11	67	0.1641791
NODE_2398_length_1472_cov_22.018208	523	590	24	23	67	0.3432836
NODE_2398_length_1472_cov_22.018208	563	643	0	42	80	0.5250000
NODE_2398_length_1472_cov_22.018208	563	643	22	31	80	0.3875000
NODE_2398_length_1472_cov_22.018208	563	643	24	7	80	0.0875000
NODE_2398_length_1472_cov_22.018208	639	719	0	80	80	1.0000000
NODE_2398_length_1472_cov_22.018208	692	772	0	80	80	1.0000000
NODE_2404_length_1470_cov_7.042305	5	57	10	5	52	0.0961538
NODE_2404_length_1470_cov_7.042305	5	57	12	5	52	0.0961538
NODE_2404_length_1470_cov_7.042305	5	57	14	11	52	0.2115385
NODE_2404_length_1470_cov_7.042305	5	57	20	31	52	0.5961539
NODE_2405_length_1470_cov_2.185266	199	245	0	2	46	0.0434783
NODE_2405_length_1470_cov_2.185266	199	245	2	44	46	0.9565217
NODE_2407_length_1469_cov_5.683942	834	914	0	80	80	1.0000000
NODE_2407_length_1469_cov_5.683942	887	967	0	80	80	1.0000000
NODE_2410_length_1467_cov_31.231725	1048	1131	0	83	83	1.0000000
NODE_2411_length_1467_cov_19.731725	485	565	6	36	80	0.4500000
NODE_2411_length_1467_cov_19.731725	485	565	8	44	80	0.5500000
NODE_2411_length_1467_cov_19.731725	538	618	0	26	80	0.3250000
NODE_2411_length_1467_cov_19.731725	538	618	2	23	80	0.2875000
NODE_2411_length_1467_cov_19.731725	538	618	8	31	80	0.3875000
NODE_2412_length_1467_cov_11.807749	180	242	22	4	62	0.0645161
NODE_2412_length_1467_cov_11.807749	180	242	24	15	62	0.2419355
NODE_2412_length_1467_cov_11.807749	180	242	30	1	62	0.0161290
NODE_2412_length_1467_cov_11.807749	180	242	34	5	62	0.0806452
NODE_2412_length_1467_cov_11.807749	180	242	38	10	62	0.1612903
NODE_2412_length_1467_cov_11.807749	180	242	40	27	62	0.4354839
NODE_2412_length_1467_cov_11.807749	264	293	10	3	29	0.1034483
NODE_2412_length_1467_cov_11.807749	264	293	11	1	29	0.0344828
NODE_2412_length_1467_cov_11.807749	264	293	12	4	29	0.1379310
NODE_2412_length_1467_cov_11.807749	264	293	14	1	29	0.0344828
NODE_2412_length_1467_cov_11.807749	264	293	18	1	29	0.0344828
NODE_2412_length_1467_cov_11.807749	264	293	19	3	29	0.1034483
NODE_2412_length_1467_cov_11.807749	264	293	21	1	29	0.0344828
NODE_2412_length_1467_cov_11.807749	264	293	25	1	29	0.0344828
NODE_2412_length_1467_cov_11.807749	264	293	27	2	29	0.0689655
NODE_2412_length_1467_cov_11.807749	264	293	28	3	29	0.1034483
NODE_2412_length_1467_cov_11.807749	264	293	30	4	29	0.1379310
NODE_2412_length_1467_cov_11.807749	264	293	36	4	29	0.1379310
NODE_2412_length_1467_cov_11.807749	264	293	38	1	29	0.0344828
NODE_2412_length_1467_cov_11.807749	930	1010	6	80	80	1.0000000
NODE_2412_length_1467_cov_11.807749	983	1063	0	40	80	0.5000000
NODE_2412_length_1467_cov_11.807749	983	1063	6	40	80	0.5000000
NODE_2414_length_1466_cov_41.326993	664	744	0	41	80	0.5125000
NODE_2414_length_1466_cov_41.326993	664	744	4	39	80	0.4875000
NODE_2414_length_1466_cov_41.326993	717	797	0	4	80	0.0500000
NODE_2414_length_1466_cov_41.326993	717	797	4	76	80	0.9500000
NODE_2414_length_1466_cov_41.326993	793	873	0	80	80	1.0000000
NODE_2414_length_1466_cov_41.326993	846	926	0	80	80	1.0000000
NODE_2420_length_1464_cov_6.726740	137	204	3	9	67	0.1343284
NODE_2420_length_1464_cov_6.726740	137	204	5	7	67	0.1044776
NODE_2420_length_1464_cov_6.726740	137	204	7	14	67	0.2089552
NODE_2420_length_1464_cov_6.726740	137	204	9	3	67	0.0447761
NODE_2420_length_1464_cov_6.726740	137	204	10	1	67	0.0149254
NODE_2420_length_1464_cov_6.726740	137	204	12	33	67	0.4925373
NODE_2422_length_1464_cov_2.198535	1301	1363	12	8	62	0.1290323
NODE_2422_length_1464_cov_2.198535	1301	1363	18	3	62	0.0483871
NODE_2422_length_1464_cov_2.198535	1301	1363	19	4	62	0.0645161
NODE_2422_length_1464_cov_2.198535	1301	1363	21	1	62	0.0161290
NODE_2422_length_1464_cov_2.198535	1301	1363	24	1	62	0.0161290
NODE_2422_length_1464_cov_2.198535	1301	1363	28	4	62	0.0645161
NODE_2422_length_1464_cov_2.198535	1301	1363	29	3	62	0.0483871
NODE_2422_length_1464_cov_2.198535	1301	1363	33	3	62	0.0483871
NODE_2422_length_1464_cov_2.198535	1301	1363	35	1	62	0.0161290
NODE_2422_length_1464_cov_2.198535	1301	1363	36	1	62	0.0161290
NODE_2422_length_1464_cov_2.198535	1301	1363	38	3	62	0.0483871
NODE_2422_length_1464_cov_2.198535	1301	1363	40	1	62	0.0161290
NODE_2422_length_1464_cov_2.198535	1301	1363	41	3	62	0.0483871
NODE_2422_length_1464_cov_2.198535	1301	1363	45	12	62	0.1935484
NODE_2422_length_1464_cov_2.198535	1301	1363	47	14	62	0.2258064
NODE_2425_length_1463_cov_15.345308	314	394	0	51	80	0.6375000
NODE_2425_length_1463_cov_15.345308	314	394	2	29	80	0.3625000
NODE_2425_length_1463_cov_15.345308	367	447	0	15	80	0.1875000
NODE_2425_length_1463_cov_15.345308	367	447	2	65	80	0.8125000
NODE_2427_length_1462_cov_18.082172	418	498	0	80	80	1.0000000
NODE_2427_length_1462_cov_18.082172	471	551	0	80	80	1.0000000
NODE_2427_length_1462_cov_18.082172	1036	1116	0	25	80	0.3125000
NODE_2427_length_1462_cov_18.082172	1036	1116	2	55	80	0.6875000
NODE_2427_length_1462_cov_18.082172	1089	1169	0	78	80	0.9750000
NODE_2427_length_1462_cov_18.082172	1089	1169	2	2	80	0.0250000
NODE_2428_length_1462_cov_1.792370	1247	1319	0	72	72	1.0000000
NODE_2428_length_1462_cov_1.792370	1305	1374	0	69	69	1.0000000
NODE_2433_length_1460_cov_23.927994	852	932	0	15	80	0.1875000
NODE_2433_length_1460_cov_23.927994	852	932	2	12	80	0.1500000
NODE_2433_length_1460_cov_23.927994	852	932	4	53	80	0.6625000
NODE_2433_length_1460_cov_23.927994	905	985	0	31	80	0.3875000
NODE_2433_length_1460_cov_23.927994	905	985	2	9	80	0.1125000
NODE_2433_length_1460_cov_23.927994	905	985	4	40	80	0.5000000
NODE_2436_length_1459_cov_43.600000	535	615	1	45	80	0.5625000
NODE_2436_length_1459_cov_43.600000	535	615	5	35	80	0.4375000
NODE_2436_length_1459_cov_43.600000	588	668	5	52	80	0.6500000
NODE_2436_length_1459_cov_43.600000	588	668	6	1	80	0.0125000
NODE_2436_length_1459_cov_43.600000	588	668	12	6	80	0.0750000
NODE_2436_length_1459_cov_43.600000	588	668	13	21	80	0.2625000
NODE_2436_length_1459_cov_43.600000	664	744	11	41	80	0.5125000
NODE_2436_length_1459_cov_43.600000	664	744	12	7	80	0.0875000
NODE_2436_length_1459_cov_43.600000	664	744	13	7	80	0.0875000
NODE_2436_length_1459_cov_43.600000	664	744	15	25	80	0.3125000
NODE_2436_length_1459_cov_43.600000	717	797	1	1	80	0.0125000
NODE_2436_length_1459_cov_43.600000	717	797	3	6	80	0.0750000
NODE_2436_length_1459_cov_43.600000	717	797	11	73	80	0.9125000
NODE_2437_length_1459_cov_32.276471	865	945	0	64	80	0.8000000
NODE_2437_length_1459_cov_32.276471	865	945	2	16	80	0.2000000
NODE_2437_length_1459_cov_32.276471	918	998	0	11	80	0.1375000
NODE_2437_length_1459_cov_32.276471	918	998	2	69	80	0.8625000
NODE_2437_length_1459_cov_32.276471	994	1074	0	22	80	0.2750000
NODE_2437_length_1459_cov_32.276471	994	1074	2	58	80	0.7250000
NODE_2437_length_1459_cov_32.276471	1047	1127	0	75	80	0.9375000
NODE_2437_length_1459_cov_32.276471	1047	1127	2	5	80	0.0625000
NODE_2441_length_1458_cov_2.184695	1361	1441	2	25	80	0.3125000
NODE_2441_length_1458_cov_2.184695	1361	1441	4	55	80	0.6875000
NODE_2442_length_1457_cov_19.687040	834	914	12	80	80	1.0000000
NODE_2442_length_1457_cov_19.687040	887	967	2	17	80	0.2125000
NODE_2442_length_1457_cov_19.687040	887	967	12	63	80	0.7875000
NODE_2442_length_1457_cov_19.687040	963	1043	0	76	80	0.9500000
NODE_2442_length_1457_cov_19.687040	963	1043	2	4	80	0.0500000
NODE_2442_length_1457_cov_19.687040	1016	1096	0	80	80	1.0000000
NODE_2444_length_1457_cov_14.944772	754	834	6	56	80	0.7000000
NODE_2444_length_1457_cov_14.944772	754	834	8	24	80	0.3000000
NODE_2444_length_1457_cov_14.944772	807	887	2	13	80	0.1625000
NODE_2444_length_1457_cov_14.944772	807	887	3	6	80	0.0750000
NODE_2444_length_1457_cov_14.944772	807	887	4	9	80	0.1125000
NODE_2444_length_1457_cov_14.944772	807	887	6	14	80	0.1750000
NODE_2444_length_1457_cov_14.944772	807	887	8	38	80	0.4750000
NODE_2445_length_1457_cov_10.168630	827	907	0	80	80	1.0000000
NODE_2445_length_1457_cov_10.168630	880	960	0	80	80	1.0000000
NODE_2445_length_1457_cov_10.168630	956	1036	0	80	80	1.0000000
NODE_2445_length_1457_cov_10.168630	1009	1089	0	80	80	1.0000000
NODE_2448_length_1456_cov_13.675755	557	637	2	7	80	0.0875000
NODE_2448_length_1456_cov_13.675755	557	637	6	5	80	0.0625000
NODE_2448_length_1456_cov_13.675755	557	637	7	1	80	0.0125000
NODE_2448_length_1456_cov_13.675755	557	637	8	67	80	0.8375000
NODE_2448_length_1456_cov_13.675755	610	690	0	13	80	0.1625000
NODE_2448_length_1456_cov_13.675755	610	690	6	45	80	0.5625000
NODE_2448_length_1456_cov_13.675755	610	690	8	22	80	0.2750000
NODE_2449_length_1456_cov_11.109064	951	1031	2	10	80	0.1250000
NODE_2449_length_1456_cov_11.109064	951	1031	4	58	80	0.7250000
NODE_2449_length_1456_cov_11.109064	951	1031	6	12	80	0.1500000
NODE_2449_length_1456_cov_11.109064	1004	1084	0	3	80	0.0375000
NODE_2449_length_1456_cov_11.109064	1004	1084	4	77	80	0.9625000
NODE_2452_length_1456_cov_3.137067	374	410	2	1	36	0.0277778
NODE_2452_length_1456_cov_3.137067	374	410	4	7	36	0.1944444
NODE_2452_length_1456_cov_3.137067	374	410	6	28	36	0.7777778
NODE_2454_length_1456_cov_1.889462	35	99	0	64	64	1.0000000
NODE_2456_length_1455_cov_60.874631	369	449	0	73	80	0.9125000
NODE_2456_length_1455_cov_60.874631	369	449	7	1	80	0.0125000
NODE_2456_length_1455_cov_60.874631	369	449	9	6	80	0.0750000
NODE_2456_length_1455_cov_60.874631	422	502	0	20	80	0.2500000
NODE_2456_length_1455_cov_60.874631	422	502	7	1	80	0.0125000
NODE_2456_length_1455_cov_60.874631	422	502	9	45	80	0.5625000
NODE_2456_length_1455_cov_60.874631	422	502	10	2	80	0.0250000
NODE_2456_length_1455_cov_60.874631	422	502	12	12	80	0.1500000
NODE_2456_length_1455_cov_60.874631	498	578	2	3	80	0.0375000
NODE_2456_length_1455_cov_60.874631	498	578	12	77	80	0.9625000
NODE_2456_length_1455_cov_60.874631	551	631	0	2	80	0.0250000
NODE_2456_length_1455_cov_60.874631	551	631	2	9	80	0.1125000
NODE_2456_length_1455_cov_60.874631	551	631	3	31	80	0.3875000
NODE_2456_length_1455_cov_60.874631	551	631	4	14	80	0.1750000
NODE_2456_length_1455_cov_60.874631	551	631	12	24	80	0.3000000
NODE_2458_length_1455_cov_35.253687	615	695	0	80	80	1.0000000
NODE_2458_length_1455_cov_35.253687	668	748	0	77	80	0.9625000
NODE_2458_length_1455_cov_35.253687	668	748	1	3	80	0.0375000
NODE_2458_length_1455_cov_35.253687	744	824	0	1	80	0.0125000
NODE_2458_length_1455_cov_35.253687	744	824	1	71	80	0.8875000
NODE_2458_length_1455_cov_35.253687	744	824	3	8	80	0.1000000
NODE_2458_length_1455_cov_35.253687	797	877	1	19	80	0.2375000
NODE_2458_length_1455_cov_35.253687	797	877	3	61	80	0.7625000
NODE_2465_length_1452_cov_7.101256	976	1056	0	80	80	1.0000000
NODE_2465_length_1452_cov_7.101256	1029	1109	0	80	80	1.0000000
NODE_2465_length_1452_cov_7.101256	1105	1185	0	48	80	0.6000000
NODE_2465_length_1452_cov_7.101256	1105	1185	2	32	80	0.4000000
NODE_2465_length_1452_cov_7.101256	1158	1238	0	9	80	0.1125000
NODE_2465_length_1452_cov_7.101256	1158	1238	2	71	80	0.8875000
NODE_2470_length_1451_cov_23.880178	439	520	11	8	81	0.0987654
NODE_2470_length_1451_cov_23.880178	439	520	14	1	81	0.0123457
NODE_2470_length_1451_cov_23.880178	439	520	15	2	81	0.0246914
NODE_2470_length_1451_cov_23.880178	439	520	19	4	81	0.0493827
NODE_2470_length_1451_cov_23.880178	439	520	21	8	81	0.0987654
NODE_2470_length_1451_cov_23.880178	439	520	23	5	81	0.0617284
NODE_2470_length_1451_cov_23.880178	439	520	25	4	81	0.0493827
NODE_2470_length_1451_cov_23.880178	439	520	27	4	81	0.0493827
NODE_2470_length_1451_cov_23.880178	439	520	30	3	81	0.0370370
NODE_2470_length_1451_cov_23.880178	439	520	34	6	81	0.0740741
NODE_2470_length_1451_cov_23.880178	439	520	35	2	81	0.0246914
NODE_2470_length_1451_cov_23.880178	439	520	44	5	81	0.0617284
NODE_2470_length_1451_cov_23.880178	439	520	45	14	81	0.1728395
NODE_2470_length_1451_cov_23.880178	439	520	46	15	81	0.1851852
NODE_2470_length_1451_cov_23.880178	493	573	28	7	80	0.0875000
NODE_2470_length_1451_cov_23.880178	493	573	29	12	80	0.1500000
NODE_2470_length_1451_cov_23.880178	493	573	32	8	80	0.1000000
NODE_2470_length_1451_cov_23.880178	493	573	36	7	80	0.0875000
NODE_2470_length_1451_cov_23.880178	493	573	38	1	80	0.0125000
NODE_2470_length_1451_cov_23.880178	493	573	42	1	80	0.0125000
NODE_2470_length_1451_cov_23.880178	493	573	44	6	80	0.0750000
NODE_2470_length_1451_cov_23.880178	493	573	45	7	80	0.0875000
NODE_2470_length_1451_cov_23.880178	493	573	46	31	80	0.3875000
NODE_2471_length_1451_cov_16.249260	422	502	0	9	80	0.1125000
NODE_2471_length_1451_cov_16.249260	422	502	2	71	80	0.8875000
NODE_2471_length_1451_cov_16.249260	475	555	2	55	80	0.6875000
NODE_2471_length_1451_cov_16.249260	475	555	4	25	80	0.3125000
NODE_2472_length_1451_cov_8.663462	908	988	0	19	80	0.2375000
NODE_2472_length_1451_cov_8.663462	908	988	2	61	80	0.7625000
NODE_2472_length_1451_cov_8.663462	961	1040	0	33	79	0.4177215
NODE_2472_length_1451_cov_8.663462	961	1040	2	46	79	0.5822785
NODE_2474_length_1451_cov_5.219675	897	977	4	38	80	0.4750000
NODE_2474_length_1451_cov_5.219675	897	977	6	10	80	0.1250000
NODE_2474_length_1451_cov_5.219675	897	977	8	32	80	0.4000000
NODE_2474_length_1451_cov_5.219675	950	1030	2	25	80	0.3125000
NODE_2474_length_1451_cov_5.219675	950	1030	4	3	80	0.0375000
NODE_2474_length_1451_cov_5.219675	950	1030	6	38	80	0.4750000
NODE_2474_length_1451_cov_5.219675	950	1030	8	14	80	0.1750000
NODE_2477_length_1450_cov_20.371577	611	691	0	41	80	0.5125000
NODE_2477_length_1450_cov_20.371577	611	691	2	39	80	0.4875000
NODE_2477_length_1450_cov_20.371577	664	744	0	14	80	0.1750000
NODE_2477_length_1450_cov_20.371577	664	744	2	66	80	0.8250000
NODE_2482_length_1449_cov_24.665926	432	512	0	9	80	0.1125000
NODE_2482_length_1449_cov_24.665926	432	512	4	71	80	0.8875000
NODE_2482_length_1449_cov_24.665926	485	565	0	46	80	0.5750000
NODE_2482_length_1449_cov_24.665926	485	565	4	34	80	0.4250000
NODE_2482_length_1449_cov_24.665926	561	643	0	82	82	1.0000000
NODE_2482_length_1449_cov_24.665926	616	696	0	80	80	1.0000000
NODE_2485_length_1448_cov_20.587102	904	984	0	80	80	1.0000000
NODE_2485_length_1448_cov_20.587102	957	1037	0	51	80	0.6375000
NODE_2485_length_1448_cov_20.587102	957	1037	2	29	80	0.3625000
NODE_2487_length_1448_cov_8.693847	537	617	2	39	80	0.4875000
NODE_2487_length_1448_cov_8.693847	537	617	4	5	80	0.0625000
NODE_2487_length_1448_cov_8.693847	537	617	6	35	80	0.4375000
NODE_2487_length_1448_cov_8.693847	537	617	8	1	80	0.0125000
NODE_2487_length_1448_cov_8.693847	590	670	2	6	80	0.0750000
NODE_2487_length_1448_cov_8.693847	590	670	4	1	80	0.0125000
NODE_2487_length_1448_cov_8.693847	590	670	6	72	80	0.9000000
NODE_2487_length_1448_cov_8.693847	590	670	8	1	80	0.0125000
NODE_2488_length_1447_cov_21.391691	519	599	0	17	80	0.2125000
NODE_2488_length_1447_cov_21.391691	519	599	2	63	80	0.7875000
NODE_2488_length_1447_cov_21.391691	572	652	0	38	80	0.4750000
NODE_2488_length_1447_cov_21.391691	572	652	2	42	80	0.5250000
NODE_2488_length_1447_cov_21.391691	648	728	0	37	80	0.4625000
NODE_2488_length_1447_cov_21.391691	648	728	4	16	80	0.2000000
NODE_2488_length_1447_cov_21.391691	648	728	6	27	80	0.3375000
NODE_2488_length_1447_cov_21.391691	701	781	2	21	80	0.2625000
NODE_2488_length_1447_cov_21.391691	701	781	5	1	80	0.0125000
NODE_2488_length_1447_cov_21.391691	701	781	6	58	80	0.7250000
NODE_2491_length_1447_cov_2.262611	1268	1325	28	3	57	0.0526316
NODE_2491_length_1447_cov_2.262611	1268	1325	29	1	57	0.0175439
NODE_2491_length_1447_cov_2.262611	1268	1325	31	2	57	0.0350877
NODE_2491_length_1447_cov_2.262611	1268	1325	38	3	57	0.0526316
NODE_2491_length_1447_cov_2.262611	1268	1325	42	5	57	0.0877193
NODE_2491_length_1447_cov_2.262611	1268	1325	49	1	57	0.0175439
NODE_2491_length_1447_cov_2.262611	1268	1325	50	1	57	0.0175439
NODE_2491_length_1447_cov_2.262611	1268	1325	51	1	57	0.0175439
NODE_2491_length_1447_cov_2.262611	1268	1325	56	1	57	0.0175439
NODE_2491_length_1447_cov_2.262611	1268	1325	60	1	57	0.0175439
NODE_2491_length_1447_cov_2.262611	1268	1325	64	1	57	0.0175439
NODE_2491_length_1447_cov_2.262611	1268	1325	66	1	57	0.0175439
NODE_2491_length_1447_cov_2.262611	1268	1325	67	1	57	0.0175439
NODE_2491_length_1447_cov_2.262611	1268	1325	68	2	57	0.0350877
NODE_2491_length_1447_cov_2.262611	1268	1325	69	1	57	0.0175439
NODE_2491_length_1447_cov_2.262611	1268	1325	73	1	57	0.0175439
NODE_2491_length_1447_cov_2.262611	1268	1325	74	3	57	0.0526316
NODE_2491_length_1447_cov_2.262611	1268	1325	85	1	57	0.0175439
NODE_2491_length_1447_cov_2.262611	1268	1325	99	1	57	0.0175439
NODE_2491_length_1447_cov_2.262611	1268	1325	112	1	57	0.0175439
NODE_2491_length_1447_cov_2.262611	1268	1325	113	1	57	0.0175439
NODE_2491_length_1447_cov_2.262611	1268	1325	120	1	57	0.0175439
NODE_2491_length_1447_cov_2.262611	1268	1325	131	2	57	0.0350877
NODE_2491_length_1447_cov_2.262611	1268	1325	137	2	57	0.0350877
NODE_2491_length_1447_cov_2.262611	1268	1325	139	3	57	0.0526316
NODE_2491_length_1447_cov_2.262611	1268	1325	143	1	57	0.0175439
NODE_2491_length_1447_cov_2.262611	1268	1325	149	15	57	0.2631579
NODE_2491_length_1447_cov_2.262611	1321	1378	134	3	57	0.0526316
NODE_2491_length_1447_cov_2.262611	1321	1378	136	1	57	0.0175439
NODE_2491_length_1447_cov_2.262611	1321	1378	142	3	57	0.0526316
NODE_2491_length_1447_cov_2.262611	1321	1378	148	2	57	0.0350877
NODE_2491_length_1447_cov_2.262611	1321	1378	149	5	57	0.0877193
NODE_2491_length_1447_cov_2.262611	1321	1378	150	1	57	0.0175439
NODE_2491_length_1447_cov_2.262611	1321	1378	151	19	57	0.3333333
NODE_2491_length_1447_cov_2.262611	1321	1378	152	23	57	0.4035088
NODE_2494_length_1445_cov_22.052006	759	839	1	1	80	0.0125000
NODE_2494_length_1445_cov_22.052006	759	839	2	79	80	0.9875000
NODE_2494_length_1445_cov_22.052006	812	892	2	80	80	1.0000000
NODE_2494_length_1445_cov_22.052006	888	968	0	58	80	0.7250000
NODE_2494_length_1445_cov_22.052006	888	968	1	6	80	0.0750000
NODE_2494_length_1445_cov_22.052006	888	968	2	16	80	0.2000000
NODE_2494_length_1445_cov_22.052006	941	1021	0	80	80	1.0000000
NODE_2495_length_1445_cov_13.378900	584	664	0	80	80	1.0000000
NODE_2495_length_1445_cov_13.378900	637	717	0	80	80	1.0000000
NODE_2501_length_1443_cov_7.628720	480	560	0	80	80	1.0000000
NODE_2501_length_1443_cov_7.628720	533	613	0	80	80	1.0000000
NODE_2501_length_1443_cov_7.628720	609	689	0	7	80	0.0875000
NODE_2501_length_1443_cov_7.628720	609	689	2	73	80	0.9125000
NODE_2501_length_1443_cov_7.628720	662	742	0	2	80	0.0250000
NODE_2501_length_1443_cov_7.628720	662	742	2	78	80	0.9750000
NODE_2502_length_1443_cov_4.843006	924	1004	0	4	80	0.0500000
NODE_2502_length_1443_cov_4.843006	924	1004	2	71	80	0.8875000
NODE_2502_length_1443_cov_4.843006	924	1004	4	5	80	0.0625000
NODE_2502_length_1443_cov_4.843006	977	1057	0	10	80	0.1250000
NODE_2502_length_1443_cov_4.843006	977	1057	2	70	80	0.8750000
NODE_2508_length_1442_cov_24.551750	427	507	0	10	80	0.1250000
NODE_2508_length_1442_cov_24.551750	427	507	2	70	80	0.8750000
NODE_2508_length_1442_cov_24.551750	480	560	0	63	80	0.7875000
NODE_2508_length_1442_cov_24.551750	480	560	2	17	80	0.2125000
NODE_2508_length_1442_cov_24.551750	556	636	0	13	80	0.1625000
NODE_2508_length_1442_cov_24.551750	556	636	2	8	80	0.1000000
NODE_2508_length_1442_cov_24.551750	556	636	6	59	80	0.7375000
NODE_2508_length_1442_cov_24.551750	609	689	4	28	80	0.3500000
NODE_2508_length_1442_cov_24.551750	609	689	6	52	80	0.6500000
NODE_2509_length_1442_cov_24.032762	424	504	0	44	80	0.5500000
NODE_2509_length_1442_cov_24.032762	424	504	2	16	80	0.2000000
NODE_2509_length_1442_cov_24.032762	424	504	4	20	80	0.2500000
NODE_2509_length_1442_cov_24.032762	477	557	2	13	80	0.1625000
NODE_2509_length_1442_cov_24.032762	477	557	4	67	80	0.8375000
NODE_2511_length_1441_cov_16.528316	963	1043	12	11	80	0.1375000
NODE_2511_length_1441_cov_16.528316	963	1043	14	1	80	0.0125000
NODE_2511_length_1441_cov_16.528316	963	1043	16	5	80	0.0625000
NODE_2511_length_1441_cov_16.528316	963	1043	20	49	80	0.6125000
NODE_2511_length_1441_cov_16.528316	963	1043	24	14	80	0.1750000
NODE_2511_length_1441_cov_16.528316	1016	1096	2	2	80	0.0250000
NODE_2511_length_1441_cov_16.528316	1016	1096	6	1	80	0.0125000
NODE_2511_length_1441_cov_16.528316	1016	1096	8	4	80	0.0500000
NODE_2511_length_1441_cov_16.528316	1016	1096	12	14	80	0.1750000
NODE_2511_length_1441_cov_16.528316	1016	1096	14	11	80	0.1375000
NODE_2511_length_1441_cov_16.528316	1016	1096	15	5	80	0.0625000
NODE_2511_length_1441_cov_16.528316	1016	1096	17	4	80	0.0500000
NODE_2511_length_1441_cov_16.528316	1016	1096	19	10	80	0.1250000
NODE_2511_length_1441_cov_16.528316	1016	1096	20	13	80	0.1625000
NODE_2511_length_1441_cov_16.528316	1016	1096	22	1	80	0.0125000
NODE_2511_length_1441_cov_16.528316	1016	1096	24	15	80	0.1875000
NODE_2512_length_1441_cov_3.781669	80	156	0	62	76	0.8157895
NODE_2512_length_1441_cov_3.781669	80	156	2	1	76	0.0131579
NODE_2512_length_1441_cov_3.781669	80	156	4	13	76	0.1710526
NODE_2512_length_1441_cov_3.781669	129	209	0	13	80	0.1625000
NODE_2512_length_1441_cov_3.781669	129	209	2	1	80	0.0125000
NODE_2512_length_1441_cov_3.781669	129	209	4	66	80	0.8250000
NODE_2515_length_1440_cov_34.523490	446	526	0	80	80	1.0000000
NODE_2515_length_1440_cov_34.523490	499	576	0	60	77	0.7792208
NODE_2515_length_1440_cov_34.523490	499	576	2	17	77	0.2207792
NODE_2515_length_1440_cov_34.523490	576	654	2	55	78	0.7051282
NODE_2515_length_1440_cov_34.523490	576	654	4	23	78	0.2948718
NODE_2515_length_1440_cov_34.523490	627	707	2	41	80	0.5125000
NODE_2515_length_1440_cov_34.523490	627	707	4	23	80	0.2875000
NODE_2515_length_1440_cov_34.523490	627	707	6	16	80	0.2000000
NODE_2516_length_1440_cov_20.372110	776	856	0	80	80	1.0000000
NODE_2516_length_1440_cov_20.372110	829	909	0	80	80	1.0000000
NODE_2516_length_1440_cov_20.372110	905	985	0	7	80	0.0875000
NODE_2516_length_1440_cov_20.372110	905	985	3	1	80	0.0125000
NODE_2516_length_1440_cov_20.372110	905	985	4	72	80	0.9000000
NODE_2516_length_1440_cov_20.372110	958	1038	0	8	80	0.1000000
NODE_2516_length_1440_cov_20.372110	958	1038	3	1	80	0.0125000
NODE_2516_length_1440_cov_20.372110	958	1038	4	71	80	0.8875000
NODE_2517_length_1440_cov_14.476510	586	615	6	9	29	0.3103448
NODE_2517_length_1440_cov_14.476510	586	615	10	20	29	0.6896552
NODE_2517_length_1440_cov_14.476510	666	695	0	29	29	1.0000000
NODE_2517_length_1440_cov_14.476510	1295	1359	320	1	64	0.0156250
NODE_2517_length_1440_cov_14.476510	1295	1359	330	1	64	0.0156250
NODE_2517_length_1440_cov_14.476510	1295	1359	331	2	64	0.0312500
NODE_2517_length_1440_cov_14.476510	1295	1359	332	1	64	0.0156250
NODE_2517_length_1440_cov_14.476510	1295	1359	338	1	64	0.0156250
NODE_2517_length_1440_cov_14.476510	1295	1359	340	3	64	0.0468750
NODE_2517_length_1440_cov_14.476510	1295	1359	342	1	64	0.0156250
NODE_2517_length_1440_cov_14.476510	1295	1359	344	2	64	0.0312500
NODE_2517_length_1440_cov_14.476510	1295	1359	348	4	64	0.0625000
NODE_2517_length_1440_cov_14.476510	1295	1359	350	1	64	0.0156250
NODE_2517_length_1440_cov_14.476510	1295	1359	353	1	64	0.0156250
NODE_2517_length_1440_cov_14.476510	1295	1359	354	2	64	0.0312500
NODE_2517_length_1440_cov_14.476510	1295	1359	356	2	64	0.0312500
NODE_2517_length_1440_cov_14.476510	1295	1359	358	3	64	0.0468750
NODE_2517_length_1440_cov_14.476510	1295	1359	359	3	64	0.0468750
NODE_2517_length_1440_cov_14.476510	1295	1359	363	1	64	0.0156250
NODE_2517_length_1440_cov_14.476510	1295	1359	365	1	64	0.0156250
NODE_2517_length_1440_cov_14.476510	1295	1359	369	3	64	0.0468750
NODE_2517_length_1440_cov_14.476510	1295	1359	371	1	64	0.0156250
NODE_2517_length_1440_cov_14.476510	1295	1359	375	5	64	0.0781250
NODE_2517_length_1440_cov_14.476510	1295	1359	377	7	64	0.1093750
NODE_2517_length_1440_cov_14.476510	1295	1359	379	11	64	0.1718750
NODE_2517_length_1440_cov_14.476510	1295	1359	381	7	64	0.1093750
NODE_2518_length_1440_cov_9.049217	384	464	0	26	80	0.3250000
NODE_2518_length_1440_cov_9.049217	384	464	2	23	80	0.2875000
NODE_2518_length_1440_cov_9.049217	384	464	4	31	80	0.3875000
NODE_2518_length_1440_cov_9.049217	437	517	0	12	80	0.1500000
NODE_2518_length_1440_cov_9.049217	437	517	2	28	80	0.3500000
NODE_2518_length_1440_cov_9.049217	437	517	4	40	80	0.5000000
NODE_2520_length_1439_cov_11.784328	898	978	0	65	80	0.8125000
NODE_2520_length_1439_cov_11.784328	898	978	1	15	80	0.1875000
NODE_2520_length_1439_cov_11.784328	951	1031	0	12	80	0.1500000
NODE_2520_length_1439_cov_11.784328	951	1031	1	44	80	0.5500000
NODE_2520_length_1439_cov_11.784328	951	1031	2	24	80	0.3000000
NODE_2525_length_1438_cov_41.481703	671	751	0	80	80	1.0000000
NODE_2525_length_1438_cov_41.481703	724	804	0	29	80	0.3625000
NODE_2525_length_1438_cov_41.481703	724	804	2	31	80	0.3875000
NODE_2525_length_1438_cov_41.481703	724	804	4	20	80	0.2500000
NODE_2529_length_1437_cov_14.449178	815	895	0	57	80	0.7125000
NODE_2529_length_1437_cov_14.449178	815	895	2	23	80	0.2875000
NODE_2529_length_1437_cov_14.449178	868	948	0	4	80	0.0500000
NODE_2529_length_1437_cov_14.449178	868	948	2	76	80	0.9500000
NODE_2529_length_1437_cov_14.449178	944	1024	0	35	80	0.4375000
NODE_2529_length_1437_cov_14.449178	944	1024	2	45	80	0.5625000
NODE_2529_length_1437_cov_14.449178	997	1077	0	80	80	1.0000000
NODE_2532_length_1436_cov_96.256545	1145	1225	0	80	80	1.0000000
NODE_2532_length_1436_cov_96.256545	1198	1278	0	80	80	1.0000000
NODE_2532_length_1436_cov_96.256545	1274	1354	0	8	80	0.1000000
NODE_2532_length_1436_cov_96.256545	1274	1354	1	72	80	0.9000000
NODE_2532_length_1436_cov_96.256545	1327	1407	1	80	80	1.0000000
NODE_2536_length_1435_cov_21.468563	783	863	0	80	80	1.0000000
NODE_2536_length_1435_cov_21.468563	836	916	0	63	80	0.7875000
NODE_2536_length_1435_cov_21.468563	836	916	4	17	80	0.2125000
NODE_2536_length_1435_cov_21.468563	912	992	4	6	80	0.0750000
NODE_2536_length_1435_cov_21.468563	912	992	6	23	80	0.2875000
NODE_2536_length_1435_cov_21.468563	912	992	8	14	80	0.1750000
NODE_2536_length_1435_cov_21.468563	912	992	10	37	80	0.4625000
NODE_2536_length_1435_cov_21.468563	965	1045	0	20	80	0.2500000
NODE_2536_length_1435_cov_21.468563	965	1045	2	10	80	0.1250000
NODE_2536_length_1435_cov_21.468563	965	1045	4	3	80	0.0375000
NODE_2536_length_1435_cov_21.468563	965	1045	8	16	80	0.2000000
NODE_2536_length_1435_cov_21.468563	965	1045	10	31	80	0.3875000
NODE_2537_length_1435_cov_18.593563	1123	1203	6	23	80	0.2875000
NODE_2537_length_1435_cov_18.593563	1123	1203	8	48	80	0.6000000
NODE_2537_length_1435_cov_18.593563	1123	1203	10	6	80	0.0750000
NODE_2537_length_1435_cov_18.593563	1123	1203	13	1	80	0.0125000
NODE_2537_length_1435_cov_18.593563	1123	1203	14	2	80	0.0250000
NODE_2537_length_1435_cov_18.593563	1176	1256	4	3	80	0.0375000
NODE_2537_length_1435_cov_18.593563	1176	1256	6	56	80	0.7000000
NODE_2537_length_1435_cov_18.593563	1176	1256	8	12	80	0.1500000
NODE_2537_length_1435_cov_18.593563	1176	1256	12	9	80	0.1125000
NODE_2538_length_1435_cov_5.828593	299	379	2	69	80	0.8625000
NODE_2538_length_1435_cov_5.828593	299	379	4	11	80	0.1375000
NODE_2538_length_1435_cov_5.828593	352	432	2	56	80	0.7000000
NODE_2538_length_1435_cov_5.828593	352	432	4	24	80	0.3000000
NODE_2540_length_1434_cov_17.610487	1023	1103	2	63	80	0.7875000
NODE_2540_length_1434_cov_17.610487	1023	1103	4	17	80	0.2125000
NODE_2540_length_1434_cov_17.610487	1076	1156	0	7	80	0.0875000
NODE_2540_length_1434_cov_17.610487	1076	1156	2	56	80	0.7000000
NODE_2540_length_1434_cov_17.610487	1076	1156	4	17	80	0.2125000
NODE_2540_length_1434_cov_17.610487	1152	1232	0	80	80	1.0000000
NODE_2540_length_1434_cov_17.610487	1205	1285	0	80	80	1.0000000
NODE_2541_length_1434_cov_9.845693	846	926	2	10	80	0.1250000
NODE_2541_length_1434_cov_9.845693	846	926	5	19	80	0.2375000
NODE_2541_length_1434_cov_9.845693	846	926	6	46	80	0.5750000
NODE_2541_length_1434_cov_9.845693	846	926	8	5	80	0.0625000
NODE_2541_length_1434_cov_9.845693	899	978	0	26	79	0.3291139
NODE_2541_length_1434_cov_9.845693	899	978	6	53	79	0.6708861
NODE_2544_length_1433_cov_36.452774	538	618	0	69	80	0.8625000
NODE_2544_length_1433_cov_36.452774	538	618	6	11	80	0.1375000
NODE_2544_length_1433_cov_36.452774	591	671	0	16	80	0.2000000
NODE_2544_length_1433_cov_36.452774	591	671	6	17	80	0.2125000
NODE_2544_length_1433_cov_36.452774	591	671	8	47	80	0.5875000
NODE_2544_length_1433_cov_36.452774	667	747	0	11	80	0.1375000
NODE_2544_length_1433_cov_36.452774	667	747	4	1	80	0.0125000
NODE_2544_length_1433_cov_36.452774	667	747	5	14	80	0.1750000
NODE_2544_length_1433_cov_36.452774	667	747	6	1	80	0.0125000
NODE_2544_length_1433_cov_36.452774	667	747	8	53	80	0.6625000
NODE_2544_length_1433_cov_36.452774	720	800	0	38	80	0.4750000
NODE_2544_length_1433_cov_36.452774	720	800	2	26	80	0.3250000
NODE_2544_length_1433_cov_36.452774	720	800	4	1	80	0.0125000
NODE_2544_length_1433_cov_36.452774	720	800	5	14	80	0.1750000
NODE_2544_length_1433_cov_36.452774	720	800	6	1	80	0.0125000
NODE_2550_length_1431_cov_7.409159	513	593	3	6	80	0.0750000
NODE_2550_length_1431_cov_7.409159	513	593	4	74	80	0.9250000
NODE_2550_length_1431_cov_7.409159	566	646	2	13	80	0.1625000
NODE_2550_length_1431_cov_7.409159	566	646	4	67	80	0.8375000
NODE_2551_length_1431_cov_6.721471	1074	1154	0	80	80	1.0000000
NODE_2551_length_1431_cov_6.721471	1127	1207	0	80	80	1.0000000
NODE_2552_length_1430_cov_32.643877	753	833	0	15	80	0.1875000
NODE_2552_length_1430_cov_32.643877	753	833	4	65	80	0.8125000
NODE_2552_length_1430_cov_32.643877	806	886	0	68	80	0.8500000
NODE_2552_length_1430_cov_32.643877	806	886	4	12	80	0.1500000
NODE_2552_length_1430_cov_32.643877	882	962	0	55	80	0.6875000
NODE_2552_length_1430_cov_32.643877	882	962	2	14	80	0.1750000
NODE_2552_length_1430_cov_32.643877	882	962	10	11	80	0.1375000
NODE_2552_length_1430_cov_32.643877	935	1016	0	2	81	0.0246914
NODE_2552_length_1430_cov_32.643877	935	1016	2	14	81	0.1728395
NODE_2552_length_1430_cov_32.643877	935	1016	10	65	81	0.8024691
NODE_2557_length_1428_cov_5.895410	340	416	0	10	76	0.1315790
NODE_2557_length_1428_cov_5.895410	340	416	2	15	76	0.1973684
NODE_2557_length_1428_cov_5.895410	340	416	4	51	76	0.6710526
NODE_2557_length_1428_cov_5.895410	393	476	0	32	83	0.3855422
NODE_2557_length_1428_cov_5.895410	393	476	4	51	83	0.6144578
NODE_2560_length_1427_cov_38.919428	707	787	0	32	80	0.4000000
NODE_2560_length_1427_cov_38.919428	707	787	4	7	80	0.0875000
NODE_2560_length_1427_cov_38.919428	707	787	5	41	80	0.5125000
NODE_2560_length_1427_cov_38.919428	760	840	2	21	80	0.2625000
NODE_2560_length_1427_cov_38.919428	760	840	5	37	80	0.4625000
NODE_2560_length_1427_cov_38.919428	760	840	6	22	80	0.2750000
NODE_2560_length_1427_cov_38.919428	836	916	1	19	80	0.2375000
NODE_2560_length_1427_cov_38.919428	836	916	2	61	80	0.7625000
NODE_2560_length_1427_cov_38.919428	889	969	0	21	80	0.2625000
NODE_2560_length_1427_cov_38.919428	889	969	1	51	80	0.6375000
NODE_2560_length_1427_cov_38.919428	889	969	2	8	80	0.1000000
NODE_2561_length_1427_cov_19.442771	808	888	0	7	80	0.0875000
NODE_2561_length_1427_cov_19.442771	808	888	2	73	80	0.9125000
NODE_2561_length_1427_cov_19.442771	861	941	0	30	80	0.3750000
NODE_2561_length_1427_cov_19.442771	861	941	2	50	80	0.6250000
NODE_2561_length_1427_cov_19.442771	937	1017	0	80	80	1.0000000
NODE_2561_length_1427_cov_19.442771	990	1070	0	80	80	1.0000000
NODE_2562_length_1427_cov_10.490964	728	808	0	80	80	1.0000000
NODE_2562_length_1427_cov_10.490964	781	861	0	80	80	1.0000000
NODE_2562_length_1427_cov_10.490964	857	937	0	80	80	1.0000000
NODE_2562_length_1427_cov_10.490964	910	990	0	80	80	1.0000000
NODE_2563_length_1427_cov_9.929217	646	726	0	12	80	0.1500000
NODE_2563_length_1427_cov_9.929217	646	726	2	68	80	0.8500000
NODE_2563_length_1427_cov_9.929217	699	779	0	65	80	0.8125000
NODE_2563_length_1427_cov_9.929217	699	779	2	15	80	0.1875000
NODE_2563_length_1427_cov_9.929217	775	855	0	80	80	1.0000000
NODE_2563_length_1427_cov_9.929217	828	908	0	80	80	1.0000000
NODE_2563_length_1427_cov_9.929217	1248	1324	0	76	76	1.0000000
NODE_2563_length_1427_cov_9.929217	1301	1376	0	75	75	1.0000000
NODE_2564_length_1427_cov_3.122741	1336	1399	0	63	63	1.0000000
NODE_2570_length_1426_cov_36.580256	422	502	4	23	80	0.2875000
NODE_2570_length_1426_cov_36.580256	422	502	6	23	80	0.2875000
NODE_2570_length_1426_cov_36.580256	422	502	8	34	80	0.4250000
NODE_2570_length_1426_cov_36.580256	475	555	0	14	80	0.1750000
NODE_2570_length_1426_cov_36.580256	475	555	3	8	80	0.1000000
NODE_2570_length_1426_cov_36.580256	475	555	4	54	80	0.6750000
NODE_2570_length_1426_cov_36.580256	475	555	6	4	80	0.0500000
NODE_2570_length_1426_cov_36.580256	551	631	0	80	80	1.0000000
NODE_2570_length_1426_cov_36.580256	604	684	0	80	80	1.0000000
NODE_2574_length_1425_cov_25.524133	561	641	0	10	80	0.1250000
NODE_2574_length_1425_cov_25.524133	561	641	4	64	80	0.8000000
NODE_2574_length_1425_cov_25.524133	561	641	6	6	80	0.0750000
NODE_2574_length_1425_cov_25.524133	614	694	0	63	80	0.7875000
NODE_2574_length_1425_cov_25.524133	614	694	4	17	80	0.2125000
NODE_2575_length_1425_cov_10.175716	361	441	2	31	80	0.3875000
NODE_2575_length_1425_cov_10.175716	361	441	6	42	80	0.5250000
NODE_2575_length_1425_cov_10.175716	361	441	8	1	80	0.0125000
NODE_2575_length_1425_cov_10.175716	361	441	9	6	80	0.0750000
NODE_2575_length_1425_cov_10.175716	414	494	6	49	80	0.6125000
NODE_2575_length_1425_cov_10.175716	414	494	8	25	80	0.3125000
NODE_2575_length_1425_cov_10.175716	414	494	9	6	80	0.0750000
NODE_2587_length_1423_cov_31.158610	862	942	0	80	80	1.0000000
NODE_2587_length_1423_cov_31.158610	915	995	0	80	80	1.0000000
NODE_2588_length_1423_cov_30.731873	764	844	0	52	80	0.6500000
NODE_2588_length_1423_cov_30.731873	764	844	6	23	80	0.2875000
NODE_2588_length_1423_cov_30.731873	764	844	11	2	80	0.0250000
NODE_2588_length_1423_cov_30.731873	764	844	12	3	80	0.0375000
NODE_2588_length_1423_cov_30.731873	817	897	6	25	80	0.3125000
NODE_2588_length_1423_cov_30.731873	817	897	11	2	80	0.0250000
NODE_2588_length_1423_cov_30.731873	817	897	12	53	80	0.6625000
NODE_2596_length_1421_cov_8.285930	136	212	127	2	76	0.0263158
NODE_2596_length_1421_cov_8.285930	136	212	129	1	76	0.0131579
NODE_2596_length_1421_cov_8.285930	136	212	130	2	76	0.0263158
NODE_2596_length_1421_cov_8.285930	136	212	131	1	76	0.0131579
NODE_2596_length_1421_cov_8.285930	136	212	133	2	76	0.0263158
NODE_2596_length_1421_cov_8.285930	136	212	134	6	76	0.0789474
NODE_2596_length_1421_cov_8.285930	136	212	140	1	76	0.0131579
NODE_2596_length_1421_cov_8.285930	136	212	143	2	76	0.0263158
NODE_2596_length_1421_cov_8.285930	136	212	146	3	76	0.0394737
NODE_2596_length_1421_cov_8.285930	136	212	147	1	76	0.0131579
NODE_2596_length_1421_cov_8.285930	136	212	149	1	76	0.0131579
NODE_2596_length_1421_cov_8.285930	136	212	151	1	76	0.0131579
NODE_2596_length_1421_cov_8.285930	136	212	155	2	76	0.0263158
NODE_2596_length_1421_cov_8.285930	136	212	156	1	76	0.0131579
NODE_2596_length_1421_cov_8.285930	136	212	157	2	76	0.0263158
NODE_2596_length_1421_cov_8.285930	136	212	159	3	76	0.0394737
NODE_2596_length_1421_cov_8.285930	136	212	174	1	76	0.0131579
NODE_2596_length_1421_cov_8.285930	136	212	188	1	76	0.0131579
NODE_2596_length_1421_cov_8.285930	136	212	190	1	76	0.0131579
NODE_2596_length_1421_cov_8.285930	136	212	192	3	76	0.0394737
NODE_2596_length_1421_cov_8.285930	136	212	196	1	76	0.0131579
NODE_2596_length_1421_cov_8.285930	136	212	200	1	76	0.0131579
NODE_2596_length_1421_cov_8.285930	136	212	204	1	76	0.0131579
NODE_2596_length_1421_cov_8.285930	136	212	206	1	76	0.0131579
NODE_2596_length_1421_cov_8.285930	136	212	208	5	76	0.0657895
NODE_2596_length_1421_cov_8.285930	136	212	209	1	76	0.0131579
NODE_2596_length_1421_cov_8.285930	136	212	210	1	76	0.0131579
NODE_2596_length_1421_cov_8.285930	136	212	211	2	76	0.0263158
NODE_2596_length_1421_cov_8.285930	136	212	212	1	76	0.0131579
NODE_2596_length_1421_cov_8.285930	136	212	213	3	76	0.0394737
NODE_2596_length_1421_cov_8.285930	136	212	214	2	76	0.0263158
NODE_2596_length_1421_cov_8.285930	136	212	215	2	76	0.0263158
NODE_2596_length_1421_cov_8.285930	136	212	216	2	76	0.0263158
NODE_2596_length_1421_cov_8.285930	136	212	218	1	76	0.0131579
NODE_2596_length_1421_cov_8.285930	136	212	219	5	76	0.0657895
NODE_2596_length_1421_cov_8.285930	136	212	221	4	76	0.0526316
NODE_2596_length_1421_cov_8.285930	136	212	223	4	76	0.0526316
NODE_2596_length_1421_cov_8.285930	136	212	227	1	76	0.0131579
NODE_2596_length_1421_cov_8.285930	136	212	228	1	76	0.0131579
NODE_2598_length_1421_cov_2.574130	22	102	6	80	80	1.0000000
NODE_2598_length_1421_cov_2.574130	75	132	0	1	57	0.0175439
NODE_2598_length_1421_cov_2.574130	75	132	4	27	57	0.4736842
NODE_2598_length_1421_cov_2.574130	75	132	5	1	57	0.0175439
NODE_2598_length_1421_cov_2.574130	75	132	6	28	57	0.4912281
NODE_2599_length_1420_cov_256.442846	60	140	4	35	80	0.4375000
NODE_2599_length_1420_cov_256.442846	60	140	6	15	80	0.1875000
NODE_2599_length_1420_cov_256.442846	60	140	8	4	80	0.0500000
NODE_2599_length_1420_cov_256.442846	60	140	12	22	80	0.2750000
NODE_2599_length_1420_cov_256.442846	60	140	13	4	80	0.0500000
NODE_2599_length_1420_cov_256.442846	1294	1360	6	2	66	0.0303030
NODE_2599_length_1420_cov_256.442846	1294	1360	7	1	66	0.0151515
NODE_2599_length_1420_cov_256.442846	1294	1360	8	5	66	0.0757576
NODE_2599_length_1420_cov_256.442846	1294	1360	10	7	66	0.1060606
NODE_2599_length_1420_cov_256.442846	1294	1360	11	1	66	0.0151515
NODE_2599_length_1420_cov_256.442846	1294	1360	12	50	66	0.7575758
NODE_2600_length_1420_cov_7.547313	628	708	0	14	80	0.1750000
NODE_2600_length_1420_cov_7.547313	628	708	2	66	80	0.8250000
NODE_2600_length_1420_cov_7.547313	681	761	0	3	80	0.0375000
NODE_2600_length_1420_cov_7.547313	681	761	2	77	80	0.9625000
NODE_2602_length_1420_cov_2.051476	972	1039	2	67	67	1.0000000
NODE_2604_length_1419_cov_46.997727	1230	1305	0	5	75	0.0666667
NODE_2604_length_1419_cov_46.997727	1230	1305	2	19	75	0.2533333
NODE_2604_length_1419_cov_46.997727	1230	1305	4	21	75	0.2800000
NODE_2604_length_1419_cov_46.997727	1230	1305	6	30	75	0.4000000
NODE_2604_length_1419_cov_46.997727	1278	1332	4	9	54	0.1666667
NODE_2604_length_1419_cov_46.997727	1278	1332	6	45	54	0.8333333
NODE_2609_length_1418_cov_11.373010	432	512	2	80	80	1.0000000
NODE_2609_length_1418_cov_11.373010	485	556	0	6	71	0.0845070
NODE_2609_length_1418_cov_11.373010	485	556	2	65	71	0.9154930
NODE_2615_length_1417_cov_12.477997	354	399	0	45	45	1.0000000
NODE_2616_length_1417_cov_11.120637	794	874	0	57	80	0.7125000
NODE_2616_length_1417_cov_11.120637	794	874	2	23	80	0.2875000
NODE_2616_length_1417_cov_11.120637	847	927	0	27	80	0.3375000
NODE_2616_length_1417_cov_11.120637	847	927	2	53	80	0.6625000
NODE_2625_length_1415_cov_51.375380	423	503	0	39	80	0.4875000
NODE_2625_length_1415_cov_51.375380	423	503	2	41	80	0.5125000
NODE_2625_length_1415_cov_51.375380	476	556	0	80	80	1.0000000
NODE_2625_length_1415_cov_51.375380	552	632	0	53	80	0.6625000
NODE_2625_length_1415_cov_51.375380	552	632	6	27	80	0.3375000
NODE_2625_length_1415_cov_51.375380	605	683	0	1	78	0.0128205
NODE_2625_length_1415_cov_51.375380	605	683	6	77	78	0.9871795
NODE_2626_length_1415_cov_38.272036	513	593	0	80	80	1.0000000
NODE_2626_length_1415_cov_38.272036	566	646	0	80	80	1.0000000
NODE_2627_length_1415_cov_17.232523	642	722	0	80	80	1.0000000
NODE_2627_length_1415_cov_17.232523	695	775	0	80	80	1.0000000
NODE_2629_length_1414_cov_5.307985	1026	1106	0	80	80	1.0000000
NODE_2629_length_1414_cov_5.307985	1079	1159	0	80	80	1.0000000
NODE_2637_length_1412_cov_17.723534	875	955	0	80	80	1.0000000
NODE_2637_length_1412_cov_17.723534	928	1008	0	80	80	1.0000000
NODE_2641_length_1411_cov_34.004573	516	596	0	80	80	1.0000000
NODE_2641_length_1411_cov_34.004573	569	649	0	80	80	1.0000000
NODE_2641_length_1411_cov_34.004573	645	725	0	80	80	1.0000000
NODE_2641_length_1411_cov_34.004573	698	778	0	80	80	1.0000000
NODE_2643_length_1409_cov_25.380153	828	908	11	1	80	0.0125000
NODE_2643_length_1409_cov_25.380153	828	908	15	5	80	0.0625000
NODE_2643_length_1409_cov_25.380153	828	908	16	20	80	0.2500000
NODE_2643_length_1409_cov_25.380153	828	908	22	52	80	0.6500000
NODE_2643_length_1409_cov_25.380153	828	908	24	2	80	0.0250000
NODE_2643_length_1409_cov_25.380153	881	961	16	2	80	0.0250000
NODE_2643_length_1409_cov_25.380153	881	961	20	10	80	0.1250000
NODE_2643_length_1409_cov_25.380153	881	961	22	25	80	0.3125000
NODE_2643_length_1409_cov_25.380153	881	961	24	8	80	0.1000000
NODE_2643_length_1409_cov_25.380153	881	961	26	32	80	0.4000000
NODE_2643_length_1409_cov_25.380153	881	961	27	3	80	0.0375000
NODE_2644_length_1409_cov_13.028244	349	405	0	54	56	0.9642857
NODE_2644_length_1409_cov_13.028244	349	405	2	2	56	0.0357143
NODE_2644_length_1409_cov_13.028244	416	482	2	66	66	1.0000000
NODE_2648_length_1408_cov_6.261268	492	572	0	80	80	1.0000000
NODE_2648_length_1408_cov_6.261268	545	625	0	80	80	1.0000000
NODE_2652_length_1407_cov_27.711009	772	852	12	9	80	0.1125000
NODE_2652_length_1407_cov_27.711009	772	852	14	55	80	0.6875000
NODE_2652_length_1407_cov_27.711009	772	852	16	16	80	0.2000000
NODE_2652_length_1407_cov_27.711009	825	905	6	7	80	0.0875000
NODE_2652_length_1407_cov_27.711009	825	905	12	31	80	0.3875000
NODE_2652_length_1407_cov_27.711009	825	905	14	20	80	0.2500000
NODE_2652_length_1407_cov_27.711009	825	905	16	22	80	0.2750000
NODE_2653_length_1407_cov_24.387615	586	666	0	14	80	0.1750000
NODE_2653_length_1407_cov_24.387615	586	666	4	15	80	0.1875000
NODE_2653_length_1407_cov_24.387615	586	666	6	26	80	0.3250000
NODE_2653_length_1407_cov_24.387615	586	666	8	25	80	0.3125000
NODE_2653_length_1407_cov_24.387615	639	719	4	43	80	0.5375000
NODE_2653_length_1407_cov_24.387615	639	719	6	10	80	0.1250000
NODE_2653_length_1407_cov_24.387615	639	719	8	27	80	0.3375000
NODE_2653_length_1407_cov_24.387615	715	795	4	15	80	0.1875000
NODE_2653_length_1407_cov_24.387615	715	795	6	65	80	0.8125000
NODE_2653_length_1407_cov_24.387615	768	848	4	25	80	0.3125000
NODE_2653_length_1407_cov_24.387615	768	848	5	1	80	0.0125000
NODE_2653_length_1407_cov_24.387615	768	848	6	54	80	0.6750000
NODE_2654_length_1407_cov_19.022936	551	629	0	4	78	0.0512821
NODE_2654_length_1407_cov_19.022936	551	629	6	3	78	0.0384615
NODE_2654_length_1407_cov_19.022936	551	629	10	9	78	0.1153846
NODE_2654_length_1407_cov_19.022936	551	629	14	16	78	0.2051282
NODE_2654_length_1407_cov_19.022936	551	629	18	46	78	0.5897436
NODE_2654_length_1407_cov_19.022936	602	665	0	40	63	0.6349207
NODE_2654_length_1407_cov_19.022936	602	665	6	3	63	0.0476190
NODE_2654_length_1407_cov_19.022936	602	665	10	9	63	0.1428571
NODE_2654_length_1407_cov_19.022936	602	665	14	11	63	0.1746032
NODE_2655_length_1407_cov_11.266820	813	893	0	80	80	1.0000000
NODE_2655_length_1407_cov_11.266820	866	946	0	80	80	1.0000000
NODE_2655_length_1407_cov_11.266820	942	1022	0	80	80	1.0000000
NODE_2655_length_1407_cov_11.266820	995	1075	0	80	80	1.0000000
NODE_2657_length_1406_cov_7.247896	761	841	0	54	80	0.6750000
NODE_2657_length_1406_cov_7.247896	761	841	4	7	80	0.0875000
NODE_2657_length_1406_cov_7.247896	761	841	8	3	80	0.0375000
NODE_2657_length_1406_cov_7.247896	761	841	12	16	80	0.2000000
NODE_2657_length_1406_cov_7.247896	814	894	0	1	80	0.0125000
NODE_2657_length_1406_cov_7.247896	814	894	4	7	80	0.0875000
NODE_2657_length_1406_cov_7.247896	814	894	8	3	80	0.0375000
NODE_2657_length_1406_cov_7.247896	814	894	12	69	80	0.8625000
NODE_2659_length_1404_cov_23.406130	826	906	1	10	80	0.1250000
NODE_2659_length_1404_cov_23.406130	826	906	2	70	80	0.8750000
NODE_2659_length_1404_cov_23.406130	879	959	0	29	80	0.3625000
NODE_2659_length_1404_cov_23.406130	879	959	1	34	80	0.4250000
NODE_2659_length_1404_cov_23.406130	879	959	2	17	80	0.2125000
NODE_2659_length_1404_cov_23.406130	955	1035	0	80	80	1.0000000
NODE_2659_length_1404_cov_23.406130	1008	1088	0	80	80	1.0000000
NODE_2666_length_1403_cov_14.331288	325	405	0	80	80	1.0000000
NODE_2666_length_1403_cov_14.331288	378	458	0	80	80	1.0000000
NODE_2666_length_1403_cov_14.331288	454	534	0	80	80	1.0000000
NODE_2666_length_1403_cov_14.331288	454	534	0	80	80	1.0000000
NODE_2666_length_1403_cov_14.331288	454	524	0	70	70	1.0000000
NODE_2666_length_1403_cov_14.331288	507	587	0	78	80	0.9750000
NODE_2666_length_1403_cov_14.331288	507	587	2	1	80	0.0125000
NODE_2666_length_1403_cov_14.331288	507	587	4	1	80	0.0125000
NODE_2666_length_1403_cov_14.331288	507	579	0	72	72	1.0000000
NODE_2668_length_1402_cov_29.095165	610	690	7	5	80	0.0625000
NODE_2668_length_1402_cov_29.095165	610	690	11	5	80	0.0625000
NODE_2668_length_1402_cov_29.095165	610	690	12	8	80	0.1000000
NODE_2668_length_1402_cov_29.095165	610	690	18	30	80	0.3750000
NODE_2668_length_1402_cov_29.095165	610	690	20	32	80	0.4000000
NODE_2668_length_1402_cov_29.095165	663	743	2	25	80	0.3125000
NODE_2668_length_1402_cov_29.095165	663	743	4	3	80	0.0375000
NODE_2668_length_1402_cov_29.095165	663	743	10	17	80	0.2125000
NODE_2668_length_1402_cov_29.095165	663	743	16	7	80	0.0875000
NODE_2668_length_1402_cov_29.095165	663	743	20	28	80	0.3500000
NODE_2669_length_1402_cov_23.411358	528	608	0	29	80	0.3625000
NODE_2669_length_1402_cov_23.411358	528	608	2	48	80	0.6000000
NODE_2669_length_1402_cov_23.411358	528	608	3	3	80	0.0375000
NODE_2669_length_1402_cov_23.411358	581	661	1	5	80	0.0625000
NODE_2669_length_1402_cov_23.411358	581	661	2	46	80	0.5750000
NODE_2669_length_1402_cov_23.411358	581	661	3	29	80	0.3625000
NODE_2669_length_1402_cov_23.411358	657	737	2	21	80	0.2625000
NODE_2669_length_1402_cov_23.411358	657	737	4	59	80	0.7375000
NODE_2669_length_1402_cov_23.411358	710	790	0	1	80	0.0125000
NODE_2669_length_1402_cov_23.411358	710	790	1	34	80	0.4250000
NODE_2669_length_1402_cov_23.411358	710	790	2	10	80	0.1250000
NODE_2669_length_1402_cov_23.411358	710	790	4	35	80	0.4375000
NODE_2670_length_1402_cov_11.732924	661	741	0	50	80	0.6250000
NODE_2670_length_1402_cov_11.732924	661	741	2	30	80	0.3750000
NODE_2670_length_1402_cov_11.732924	714	794	0	15	80	0.1875000
NODE_2670_length_1402_cov_11.732924	714	794	2	65	80	0.8125000
NODE_2671_length_1402_cov_9.929394	766	846	2	48	80	0.6000000
NODE_2671_length_1402_cov_9.929394	766	846	4	32	80	0.4000000
NODE_2671_length_1402_cov_9.929394	819	899	2	69	80	0.8625000
NODE_2671_length_1402_cov_9.929394	819	899	4	11	80	0.1375000
NODE_2677_length_1401_cov_35.754992	825	905	2	15	80	0.1875000
NODE_2677_length_1401_cov_35.754992	825	905	4	1	80	0.0125000
NODE_2677_length_1401_cov_35.754992	825	905	5	52	80	0.6500000
NODE_2677_length_1401_cov_35.754992	825	905	7	12	80	0.1500000
NODE_2677_length_1401_cov_35.754992	878	958	1	10	80	0.1250000
NODE_2677_length_1401_cov_35.754992	878	958	2	12	80	0.1500000
NODE_2677_length_1401_cov_35.754992	878	958	3	30	80	0.3750000
NODE_2677_length_1401_cov_35.754992	878	958	5	28	80	0.3500000
NODE_2678_length_1401_cov_10.811828	539	619	0	34	80	0.4250000
NODE_2678_length_1401_cov_10.811828	539	619	2	46	80	0.5750000
NODE_2678_length_1401_cov_10.811828	592	672	0	80	80	1.0000000
NODE_2679_length_1401_cov_5.438556	241	321	0	80	80	1.0000000
NODE_2679_length_1401_cov_5.438556	294	374	0	80	80	1.0000000
NODE_2683_length_1400_cov_16.680246	813	893	3	20	80	0.2500000
NODE_2683_length_1400_cov_16.680246	813	893	6	60	80	0.7500000
NODE_2683_length_1400_cov_16.680246	866	946	0	8	80	0.1000000
NODE_2683_length_1400_cov_16.680246	866	946	6	72	80	0.9000000
NODE_2684_length_1400_cov_8.166795	53	133	4	80	80	1.0000000
NODE_2684_length_1400_cov_8.166795	106	186	0	51	80	0.6375000
NODE_2684_length_1400_cov_8.166795	106	186	3	1	80	0.0125000
NODE_2684_length_1400_cov_8.166795	106	186	4	28	80	0.3500000
NODE_2694_length_1397_cov_25.549307	869	918	2	4	49	0.0816327
NODE_2694_length_1397_cov_25.549307	869	918	4	20	49	0.4081633
NODE_2694_length_1397_cov_25.549307	869	918	6	25	49	0.5102041
NODE_2694_length_1397_cov_25.549307	891	971	0	8	80	0.1000000
NODE_2694_length_1397_cov_25.549307	891	971	4	65	80	0.8125000
NODE_2694_length_1397_cov_25.549307	891	971	6	7	80	0.0875000
NODE_2695_length_1397_cov_14.395223	672	752	0	80	80	1.0000000
NODE_2695_length_1397_cov_14.395223	725	805	0	49	80	0.6125000
NODE_2695_length_1397_cov_14.395223	725	805	4	10	80	0.1250000
NODE_2695_length_1397_cov_14.395223	725	805	5	7	80	0.0875000
NODE_2695_length_1397_cov_14.395223	725	805	6	14	80	0.1750000
NODE_2695_length_1397_cov_14.395223	801	881	2	15	80	0.1875000
NODE_2695_length_1397_cov_14.395223	801	881	6	65	80	0.8125000
NODE_2695_length_1397_cov_14.395223	854	934	2	68	80	0.8500000
NODE_2695_length_1397_cov_14.395223	854	934	6	12	80	0.1500000
NODE_2699_length_1396_cov_21.656130	825	905	0	80	80	1.0000000
NODE_2699_length_1396_cov_21.656130	878	958	0	80	80	1.0000000
NODE_2700_length_1396_cov_18.108712	560	640	2	16	80	0.2000000
NODE_2700_length_1396_cov_18.108712	560	640	4	64	80	0.8000000
NODE_2700_length_1396_cov_18.108712	613	693	2	31	80	0.3875000
NODE_2700_length_1396_cov_18.108712	613	693	4	37	80	0.4625000
NODE_2700_length_1396_cov_18.108712	613	693	6	12	80	0.1500000
NODE_2701_length_1396_cov_16.208944	136	198	2	3	62	0.0483871
NODE_2701_length_1396_cov_16.208944	136	198	3	2	62	0.0322581
NODE_2701_length_1396_cov_16.208944	136	198	6	4	62	0.0645161
NODE_2701_length_1396_cov_16.208944	136	198	7	5	62	0.0806452
NODE_2701_length_1396_cov_16.208944	136	198	8	7	62	0.1129032
NODE_2701_length_1396_cov_16.208944	136	198	11	6	62	0.0967742
NODE_2701_length_1396_cov_16.208944	136	198	13	7	62	0.1129032
NODE_2701_length_1396_cov_16.208944	136	198	15	2	62	0.0322581
NODE_2701_length_1396_cov_16.208944	136	198	18	2	62	0.0322581
NODE_2701_length_1396_cov_16.208944	136	198	19	6	62	0.0967742
NODE_2701_length_1396_cov_16.208944	136	198	21	3	62	0.0483871
NODE_2701_length_1396_cov_16.208944	136	198	25	15	62	0.2419355
NODE_2701_length_1396_cov_16.208944	848	928	4	80	80	1.0000000
NODE_2701_length_1396_cov_16.208944	901	981	0	1	80	0.0125000
NODE_2701_length_1396_cov_16.208944	901	981	2	32	80	0.4000000
NODE_2701_length_1396_cov_16.208944	901	981	4	47	80	0.5875000
NODE_2701_length_1396_cov_16.208944	977	1057	0	77	80	0.9625000
NODE_2701_length_1396_cov_16.208944	977	1057	2	3	80	0.0375000
NODE_2701_length_1396_cov_16.208944	1030	1110	0	80	80	1.0000000
NODE_2702_length_1396_cov_9.196608	428	508	0	54	80	0.6750000
NODE_2702_length_1396_cov_9.196608	428	508	2	22	80	0.2750000
NODE_2702_length_1396_cov_9.196608	428	508	6	4	80	0.0500000
NODE_2702_length_1396_cov_9.196608	481	561	0	5	80	0.0625000
NODE_2702_length_1396_cov_9.196608	481	561	2	75	80	0.9375000
NODE_2712_length_1394_cov_29.602317	349	415	0	57	66	0.8636364
NODE_2712_length_1394_cov_29.602317	349	415	3	9	66	0.1363636
NODE_2712_length_1394_cov_29.602317	349	416	0	58	67	0.8656716
NODE_2712_length_1394_cov_29.602317	349	416	3	9	67	0.1343284
NODE_2712_length_1394_cov_29.602317	1117	1197	0	80	80	1.0000000
NODE_2712_length_1394_cov_29.602317	1170	1250	0	80	80	1.0000000
NODE_2713_length_1394_cov_6.291892	313	393	0	80	80	1.0000000
NODE_2713_length_1394_cov_6.291892	366	446	0	27	80	0.3375000
NODE_2713_length_1394_cov_6.291892	366	446	2	53	80	0.6625000
NODE_2716_length_1393_cov_14.635240	1286	1339	16	2	53	0.0377358
NODE_2716_length_1393_cov_14.635240	1286	1339	20	1	53	0.0188679
NODE_2716_length_1393_cov_14.635240	1286	1339	24	50	53	0.9433962
NODE_2717_length_1393_cov_12.032457	737	817	0	80	80	1.0000000
NODE_2717_length_1393_cov_12.032457	790	870	0	80	80	1.0000000
NODE_2720_length_1392_cov_5.898685	270	350	0	80	80	1.0000000
NODE_2720_length_1392_cov_5.898685	323	399	0	76	76	1.0000000
NODE_2723_length_1391_cov_35.921827	415	495	0	80	80	1.0000000
NODE_2723_length_1391_cov_35.921827	468	548	0	71	80	0.8875000
NODE_2723_length_1391_cov_35.921827	468	548	12	1	80	0.0125000
NODE_2723_length_1391_cov_35.921827	468	548	13	8	80	0.1000000
NODE_2723_length_1391_cov_35.921827	544	624	13	37	80	0.4625000
NODE_2723_length_1391_cov_35.921827	544	624	15	4	80	0.0500000
NODE_2723_length_1391_cov_35.921827	544	624	16	35	80	0.4375000
NODE_2723_length_1391_cov_35.921827	544	624	20	4	80	0.0500000
NODE_2723_length_1391_cov_35.921827	597	677	4	16	80	0.2000000
NODE_2723_length_1391_cov_35.921827	597	677	6	31	80	0.3875000
NODE_2723_length_1391_cov_35.921827	597	677	16	23	80	0.2875000
NODE_2723_length_1391_cov_35.921827	597	677	20	10	80	0.1250000
NODE_2729_length_1390_cov_16.326878	550	630	2	1	80	0.0125000
NODE_2729_length_1390_cov_16.326878	550	630	4	1	80	0.0125000
NODE_2729_length_1390_cov_16.326878	550	630	6	6	80	0.0750000
NODE_2729_length_1390_cov_16.326878	550	630	8	72	80	0.9000000
NODE_2729_length_1390_cov_16.326878	603	683	0	19	80	0.2375000
NODE_2729_length_1390_cov_16.326878	603	683	2	3	80	0.0375000
NODE_2729_length_1390_cov_16.326878	603	683	5	1	80	0.0125000
NODE_2729_length_1390_cov_16.326878	603	683	6	21	80	0.2625000
NODE_2729_length_1390_cov_16.326878	603	683	8	36	80	0.4500000
NODE_2731_length_1389_cov_29.772093	780	860	0	80	80	1.0000000
NODE_2731_length_1389_cov_29.772093	833	913	0	80	80	1.0000000
NODE_2732_length_1389_cov_12.858140	821	901	0	80	80	1.0000000
NODE_2732_length_1389_cov_12.858140	874	954	0	80	80	1.0000000
NODE_2735_length_1388_cov_14.641583	529	610	0	81	81	1.0000000
NODE_2735_length_1388_cov_14.641583	583	660	0	46	77	0.5974026
NODE_2735_length_1388_cov_14.641583	583	660	2	31	77	0.4025974
NODE_2736_length_1388_cov_5.168348	427	499	31	5	72	0.0694444
NODE_2736_length_1388_cov_5.168348	427	499	32	6	72	0.0833333
NODE_2736_length_1388_cov_5.168348	427	499	33	27	72	0.3750000
NODE_2736_length_1388_cov_5.168348	427	499	34	12	72	0.1666667
NODE_2736_length_1388_cov_5.168348	427	499	35	14	72	0.1944444
NODE_2736_length_1388_cov_5.168348	427	499	36	2	72	0.0277778
NODE_2736_length_1388_cov_5.168348	427	499	37	6	72	0.0833333
NODE_2742_length_1386_cov_55.384615	559	639	2	80	80	1.0000000
NODE_2742_length_1386_cov_55.384615	612	692	0	49	80	0.6125000
NODE_2742_length_1386_cov_55.384615	612	692	1	1	80	0.0125000
NODE_2742_length_1386_cov_55.384615	612	692	2	30	80	0.3750000
NODE_2742_length_1386_cov_55.384615	688	768	0	10	80	0.1250000
NODE_2742_length_1386_cov_55.384615	688	768	2	70	80	0.8750000
NODE_2742_length_1386_cov_55.384615	741	821	0	33	80	0.4125000
NODE_2742_length_1386_cov_55.384615	741	821	2	47	80	0.5875000
NODE_2744_length_1386_cov_13.181041	549	629	0	30	80	0.3750000
NODE_2744_length_1386_cov_13.181041	549	629	4	50	80	0.6250000
NODE_2744_length_1386_cov_13.181041	602	682	0	80	80	1.0000000
NODE_2748_length_1385_cov_41.636081	968	1048	2	7	80	0.0875000
NODE_2748_length_1385_cov_41.636081	968	1048	4	37	80	0.4625000
NODE_2748_length_1385_cov_41.636081	968	1048	6	36	80	0.4500000
NODE_2748_length_1385_cov_41.636081	1021	1101	2	46	80	0.5750000
NODE_2748_length_1385_cov_41.636081	1021	1101	4	8	80	0.1000000
NODE_2748_length_1385_cov_41.636081	1021	1101	6	26	80	0.3250000
NODE_2749_length_1385_cov_38.877138	707	787	0	21	80	0.2625000
NODE_2749_length_1385_cov_38.877138	707	787	2	59	80	0.7375000
NODE_2749_length_1385_cov_38.877138	760	840	0	36	80	0.4500000
NODE_2749_length_1385_cov_38.877138	760	840	2	44	80	0.5500000
NODE_2749_length_1385_cov_38.877138	836	916	0	80	80	1.0000000
NODE_2749_length_1385_cov_38.877138	889	969	0	80	80	1.0000000
NODE_2751_length_1385_cov_4.608865	844	904	10	60	60	1.0000000
NODE_2758_length_1384_cov_10.574319	865	922	0	7	57	0.1228070
NODE_2758_length_1384_cov_10.574319	865	922	4	50	57	0.8771930
NODE_2758_length_1384_cov_10.574319	933	1013	0	80	80	1.0000000
NODE_2758_length_1384_cov_10.574319	986	1066	0	80	80	1.0000000
NODE_2759_length_1383_cov_10.710280	414	493	0	17	79	0.2151899
NODE_2759_length_1383_cov_10.710280	414	493	2	62	79	0.7848101
NODE_2759_length_1383_cov_10.710280	466	546	0	57	80	0.7125000
NODE_2759_length_1383_cov_10.710280	466	546	2	23	80	0.2875000
NODE_2763_length_1382_cov_12.521434	837	917	2	80	80	1.0000000
NODE_2763_length_1382_cov_12.521434	890	970	0	2	80	0.0250000
NODE_2763_length_1382_cov_12.521434	890	970	1	41	80	0.5125000
NODE_2763_length_1382_cov_12.521434	890	970	2	37	80	0.4625000
NODE_2764_length_1382_cov_5.074045	1028	1108	0	80	80	1.0000000
NODE_2764_length_1382_cov_5.074045	1081	1161	0	80	80	1.0000000
NODE_2771_length_1381_cov_7.796412	307	387	0	80	80	1.0000000
NODE_2771_length_1381_cov_7.796412	360	440	0	80	80	1.0000000
NODE_2775_length_1380_cov_12.804059	835	915	0	55	80	0.6875000
NODE_2775_length_1380_cov_12.804059	835	915	2	25	80	0.3125000
NODE_2775_length_1380_cov_12.804059	888	968	0	2	80	0.0250000
NODE_2775_length_1380_cov_12.804059	888	968	2	78	80	0.9750000
NODE_2782_length_1378_cov_25.362002	368	448	4	71	80	0.8875000
NODE_2782_length_1378_cov_25.362002	368	448	6	9	80	0.1125000
NODE_2782_length_1378_cov_25.362002	421	501	4	18	80	0.2250000
NODE_2782_length_1378_cov_25.362002	421	501	6	62	80	0.7750000
NODE_2782_length_1378_cov_25.362002	497	577	0	10	80	0.1250000
NODE_2782_length_1378_cov_25.362002	497	577	2	57	80	0.7125000
NODE_2782_length_1378_cov_25.362002	497	577	4	5	80	0.0625000
NODE_2782_length_1378_cov_25.362002	497	577	6	8	80	0.1000000
NODE_2782_length_1378_cov_25.362002	550	630	0	63	80	0.7875000
NODE_2782_length_1378_cov_25.362002	550	630	2	17	80	0.2125000
NODE_2783_length_1378_cov_20.508210	318	338	10	3	20	0.1500000
NODE_2783_length_1378_cov_20.508210	318	338	16	2	20	0.1000000
NODE_2783_length_1378_cov_20.508210	318	338	18	7	20	0.3500000
NODE_2783_length_1378_cov_20.508210	318	338	19	8	20	0.4000000
NODE_2783_length_1378_cov_20.508210	318	391	10	3	73	0.0410959
NODE_2783_length_1378_cov_20.508210	318	391	16	2	73	0.0273973
NODE_2783_length_1378_cov_20.508210	318	391	18	7	73	0.0958904
NODE_2783_length_1378_cov_20.508210	318	391	19	16	73	0.2191781
NODE_2783_length_1378_cov_20.508210	318	391	25	2	73	0.0273973
NODE_2783_length_1378_cov_20.508210	318	391	27	4	73	0.0547945
NODE_2783_length_1378_cov_20.508210	318	391	28	16	73	0.2191781
NODE_2783_length_1378_cov_20.508210	318	391	30	11	73	0.1506849
NODE_2783_length_1378_cov_20.508210	318	391	32	6	73	0.0821918
NODE_2783_length_1378_cov_20.508210	318	391	36	6	73	0.0821918
NODE_2785_length_1377_cov_103.832551	1259	1299	182	1	40	0.0250000
NODE_2785_length_1377_cov_103.832551	1259	1299	191	1	40	0.0250000
NODE_2785_length_1377_cov_103.832551	1259	1299	195	1	40	0.0250000
NODE_2785_length_1377_cov_103.832551	1259	1299	199	2	40	0.0500000
NODE_2785_length_1377_cov_103.832551	1259	1299	200	1	40	0.0250000
NODE_2785_length_1377_cov_103.832551	1259	1299	201	1	40	0.0250000
NODE_2785_length_1377_cov_103.832551	1259	1299	203	3	40	0.0750000
NODE_2785_length_1377_cov_103.832551	1259	1299	205	1	40	0.0250000
NODE_2785_length_1377_cov_103.832551	1259	1299	207	1	40	0.0250000
NODE_2785_length_1377_cov_103.832551	1259	1299	209	1	40	0.0250000
NODE_2785_length_1377_cov_103.832551	1259	1299	213	1	40	0.0250000
NODE_2785_length_1377_cov_103.832551	1259	1299	214	2	40	0.0500000
NODE_2785_length_1377_cov_103.832551	1259	1299	215	1	40	0.0250000
NODE_2785_length_1377_cov_103.832551	1259	1299	225	1	40	0.0250000
NODE_2785_length_1377_cov_103.832551	1259	1299	226	2	40	0.0500000
NODE_2785_length_1377_cov_103.832551	1259	1299	229	1	40	0.0250000
NODE_2785_length_1377_cov_103.832551	1259	1299	231	1	40	0.0250000
NODE_2785_length_1377_cov_103.832551	1259	1299	233	2	40	0.0500000
NODE_2785_length_1377_cov_103.832551	1259	1299	241	1	40	0.0250000
NODE_2785_length_1377_cov_103.832551	1259	1299	248	1	40	0.0250000
NODE_2785_length_1377_cov_103.832551	1259	1299	250	2	40	0.0500000
NODE_2785_length_1377_cov_103.832551	1259	1299	251	1	40	0.0250000
NODE_2785_length_1377_cov_103.832551	1259	1299	252	1	40	0.0250000
NODE_2785_length_1377_cov_103.832551	1259	1299	253	1	40	0.0250000
NODE_2785_length_1377_cov_103.832551	1259	1299	255	1	40	0.0250000
NODE_2785_length_1377_cov_103.832551	1259	1299	268	1	40	0.0250000
NODE_2785_length_1377_cov_103.832551	1259	1299	270	2	40	0.0500000
NODE_2785_length_1377_cov_103.832551	1259	1299	272	1	40	0.0250000
NODE_2785_length_1377_cov_103.832551	1259	1299	273	2	40	0.0500000
NODE_2785_length_1377_cov_103.832551	1259	1299	274	1	40	0.0250000
NODE_2785_length_1377_cov_103.832551	1259	1299	277	1	40	0.0250000
NODE_2788_length_1376_cov_7.967110	904	984	0	80	80	1.0000000
NODE_2788_length_1376_cov_7.967110	957	1037	0	80	80	1.0000000
NODE_2798_length_1373_cov_52.691523	524	606	0	43	82	0.5243902
NODE_2798_length_1373_cov_52.691523	524	606	2	39	82	0.4756097
NODE_2798_length_1373_cov_52.691523	579	659	0	39	80	0.4875000
NODE_2798_length_1373_cov_52.691523	579	659	2	41	80	0.5125000
NODE_2799_length_1373_cov_20.880691	987	1067	2	11	80	0.1375000
NODE_2799_length_1373_cov_20.880691	987	1067	4	18	80	0.2250000
NODE_2799_length_1373_cov_20.880691	987	1067	6	40	80	0.5000000
NODE_2799_length_1373_cov_20.880691	987	1067	10	11	80	0.1375000
NODE_2799_length_1373_cov_20.880691	1116	1195	6	11	79	0.1392405
NODE_2799_length_1373_cov_20.880691	1116	1195	8	5	79	0.0632911
NODE_2799_length_1373_cov_20.880691	1116	1195	10	37	79	0.4683544
NODE_2799_length_1373_cov_20.880691	1116	1195	12	10	79	0.1265823
NODE_2799_length_1373_cov_20.880691	1116	1195	14	16	79	0.2025317
NODE_2799_length_1373_cov_20.880691	1168	1248	8	22	80	0.2750000
NODE_2799_length_1373_cov_20.880691	1168	1248	10	20	80	0.2500000
NODE_2799_length_1373_cov_20.880691	1168	1248	12	8	80	0.1000000
NODE_2799_length_1373_cov_20.880691	1168	1248	14	30	80	0.3750000
NODE_2800_length_1373_cov_12.694662	94	167	15	8	73	0.1095890
NODE_2800_length_1373_cov_12.694662	94	167	17	15	73	0.2054795
NODE_2800_length_1373_cov_12.694662	94	167	18	1	73	0.0136986
NODE_2800_length_1373_cov_12.694662	94	167	19	4	73	0.0547945
NODE_2800_length_1373_cov_12.694662	94	167	20	2	73	0.0273973
NODE_2800_length_1373_cov_12.694662	94	167	24	2	73	0.0273973
NODE_2800_length_1373_cov_12.694662	94	167	28	1	73	0.0136986
NODE_2800_length_1373_cov_12.694662	94	167	31	1	73	0.0136986
NODE_2800_length_1373_cov_12.694662	94	167	33	1	73	0.0136986
NODE_2800_length_1373_cov_12.694662	94	167	35	3	73	0.0410959
NODE_2800_length_1373_cov_12.694662	94	167	37	1	73	0.0136986
NODE_2800_length_1373_cov_12.694662	94	167	41	1	73	0.0136986
NODE_2800_length_1373_cov_12.694662	94	167	43	2	73	0.0273973
NODE_2800_length_1373_cov_12.694662	94	167	45	2	73	0.0273973
NODE_2800_length_1373_cov_12.694662	94	167	46	1	73	0.0136986
NODE_2800_length_1373_cov_12.694662	94	167	47	6	73	0.0821918
NODE_2800_length_1373_cov_12.694662	94	167	49	2	73	0.0273973
NODE_2800_length_1373_cov_12.694662	94	167	50	4	73	0.0547945
NODE_2800_length_1373_cov_12.694662	94	167	51	7	73	0.0958904
NODE_2800_length_1373_cov_12.694662	94	167	52	1	73	0.0136986
NODE_2800_length_1373_cov_12.694662	94	167	55	3	73	0.0410959
NODE_2800_length_1373_cov_12.694662	94	167	56	2	73	0.0273973
NODE_2800_length_1373_cov_12.694662	94	167	57	1	73	0.0136986
NODE_2800_length_1373_cov_12.694662	94	167	59	2	73	0.0273973
NODE_2800_length_1373_cov_12.694662	140	224	45	2	84	0.0238095
NODE_2800_length_1373_cov_12.694662	140	224	46	1	84	0.0119048
NODE_2800_length_1373_cov_12.694662	140	224	47	6	84	0.0714286
NODE_2800_length_1373_cov_12.694662	140	224	49	2	84	0.0238095
NODE_2800_length_1373_cov_12.694662	140	224	50	4	84	0.0476190
NODE_2800_length_1373_cov_12.694662	140	224	51	3	84	0.0357143
NODE_2800_length_1373_cov_12.694662	140	224	52	1	84	0.0119048
NODE_2800_length_1373_cov_12.694662	140	224	55	3	84	0.0357143
NODE_2800_length_1373_cov_12.694662	140	224	56	10	84	0.1190476
NODE_2800_length_1373_cov_12.694662	140	224	57	1	84	0.0119048
NODE_2800_length_1373_cov_12.694662	140	224	58	1	84	0.0119048
NODE_2800_length_1373_cov_12.694662	140	224	59	2	84	0.0238095
NODE_2800_length_1373_cov_12.694662	140	224	60	1	84	0.0119048
NODE_2800_length_1373_cov_12.694662	140	224	61	1	84	0.0119048
NODE_2800_length_1373_cov_12.694662	140	224	63	1	84	0.0119048
NODE_2800_length_1373_cov_12.694662	140	224	64	8	84	0.0952381
NODE_2800_length_1373_cov_12.694662	140	224	65	3	84	0.0357143
NODE_2800_length_1373_cov_12.694662	140	224	66	5	84	0.0595238
NODE_2800_length_1373_cov_12.694662	140	224	67	4	84	0.0476190
NODE_2800_length_1373_cov_12.694662	140	224	68	7	84	0.0833333
NODE_2800_length_1373_cov_12.694662	140	224	72	2	84	0.0238095
NODE_2800_length_1373_cov_12.694662	140	224	74	2	84	0.0238095
NODE_2800_length_1373_cov_12.694662	140	224	78	1	84	0.0119048
NODE_2800_length_1373_cov_12.694662	140	224	81	1	84	0.0119048
NODE_2800_length_1373_cov_12.694662	140	224	83	6	84	0.0714286
NODE_2800_length_1373_cov_12.694662	140	224	84	2	84	0.0238095
NODE_2800_length_1373_cov_12.694662	140	224	85	1	84	0.0119048
NODE_2800_length_1373_cov_12.694662	140	224	87	3	84	0.0357143
NODE_2800_length_1373_cov_12.694662	1214	1286	0	22	72	0.3055556
NODE_2800_length_1373_cov_12.694662	1214	1286	4	9	72	0.1250000
NODE_2800_length_1373_cov_12.694662	1214	1286	6	41	72	0.5694444
NODE_2800_length_1373_cov_12.694662	1267	1339	0	72	72	1.0000000
NODE_2801_length_1372_cov_25.408484	665	745	11	8	80	0.1000000
NODE_2801_length_1372_cov_25.408484	665	745	12	4	80	0.0500000
NODE_2801_length_1372_cov_25.408484	665	745	14	13	80	0.1625000
NODE_2801_length_1372_cov_25.408484	665	745	16	12	80	0.1500000
NODE_2801_length_1372_cov_25.408484	665	745	20	43	80	0.5375000
NODE_2801_length_1372_cov_25.408484	718	798	0	26	80	0.3250000
NODE_2801_length_1372_cov_25.408484	718	798	4	2	80	0.0250000
NODE_2801_length_1372_cov_25.408484	718	798	6	15	80	0.1875000
NODE_2801_length_1372_cov_25.408484	718	798	11	18	80	0.2250000
NODE_2801_length_1372_cov_25.408484	718	798	12	4	80	0.0500000
NODE_2801_length_1372_cov_25.408484	718	798	14	13	80	0.1625000
NODE_2801_length_1372_cov_25.408484	718	798	16	2	80	0.0250000
NODE_2802_length_1372_cov_17.123331	647	727	0	19	80	0.2375000
NODE_2802_length_1372_cov_17.123331	647	727	1	1	80	0.0125000
NODE_2802_length_1372_cov_17.123331	647	727	2	60	80	0.7500000
NODE_2802_length_1372_cov_17.123331	700	780	0	24	80	0.3000000
NODE_2802_length_1372_cov_17.123331	700	780	1	1	80	0.0125000
NODE_2802_length_1372_cov_17.123331	700	780	2	18	80	0.2250000
NODE_2802_length_1372_cov_17.123331	700	780	4	37	80	0.4625000
NODE_2802_length_1372_cov_17.123331	776	856	2	17	80	0.2125000
NODE_2802_length_1372_cov_17.123331	776	856	4	47	80	0.5875000
NODE_2802_length_1372_cov_17.123331	776	856	6	16	80	0.2000000
NODE_2802_length_1372_cov_17.123331	829	909	2	38	80	0.4750000
NODE_2802_length_1372_cov_17.123331	829	909	4	32	80	0.4000000
NODE_2802_length_1372_cov_17.123331	829	909	6	10	80	0.1250000
NODE_2803_length_1372_cov_14.418696	211	291	0	80	80	1.0000000
NODE_2803_length_1372_cov_14.418696	264	344	0	80	80	1.0000000
NODE_2806_length_1371_cov_39.366352	715	795	0	80	80	1.0000000
NODE_2806_length_1371_cov_39.366352	768	848	0	29	80	0.3625000
NODE_2806_length_1371_cov_39.366352	768	848	2	51	80	0.6375000
NODE_2807_length_1371_cov_36.961478	371	455	6	33	84	0.3928571
NODE_2807_length_1371_cov_36.961478	371	455	7	48	84	0.5714286
NODE_2807_length_1371_cov_36.961478	371	455	8	3	84	0.0357143
NODE_2807_length_1371_cov_36.961478	424	508	0	3	84	0.0357143
NODE_2807_length_1371_cov_36.961478	424	508	2	35	84	0.4166667
NODE_2807_length_1371_cov_36.961478	424	508	6	46	84	0.5476190
NODE_2807_length_1371_cov_36.961478	504	584	0	24	80	0.3000000
NODE_2807_length_1371_cov_36.961478	504	584	2	56	80	0.7000000
NODE_2807_length_1371_cov_36.961478	557	637	0	77	80	0.9625000
NODE_2807_length_1371_cov_36.961478	557	637	2	3	80	0.0375000
NODE_2808_length_1371_cov_16.944182	459	539	0	80	80	1.0000000
NODE_2808_length_1371_cov_16.944182	512	592	0	80	80	1.0000000
NODE_2808_length_1371_cov_16.944182	588	668	0	80	80	1.0000000
NODE_2808_length_1371_cov_16.944182	641	721	0	80	80	1.0000000
NODE_2812_length_1370_cov_11.627065	502	582	0	7	80	0.0875000
NODE_2812_length_1370_cov_11.627065	502	582	2	73	80	0.9125000
NODE_2812_length_1370_cov_11.627065	555	635	0	60	80	0.7500000
NODE_2812_length_1370_cov_11.627065	555	635	2	20	80	0.2500000
NODE_2812_length_1370_cov_11.627065	631	711	0	80	80	1.0000000
NODE_2812_length_1370_cov_11.627065	684	764	0	80	80	1.0000000
NODE_2813_length_1369_cov_27.937795	597	677	0	80	80	1.0000000
NODE_2813_length_1369_cov_27.937795	650	730	0	80	80	1.0000000
NODE_2820_length_1368_cov_35.148148	546	626	0	80	80	1.0000000
NODE_2820_length_1368_cov_35.148148	599	679	0	80	80	1.0000000
NODE_2821_length_1368_cov_27.847912	486	559	0	26	73	0.3561644
NODE_2821_length_1368_cov_27.847912	486	559	4	47	73	0.6438356
NODE_2821_length_1368_cov_27.847912	532	612	0	79	80	0.9875000
NODE_2821_length_1368_cov_27.847912	532	612	4	1	80	0.0125000
NODE_2821_length_1368_cov_27.847912	608	688	0	80	80	1.0000000
NODE_2821_length_1368_cov_27.847912	661	741	0	80	80	1.0000000
NODE_2822_length_1368_cov_26.832151	458	538	0	80	80	1.0000000
NODE_2822_length_1368_cov_26.832151	511	591	0	80	80	1.0000000
NODE_2822_length_1368_cov_26.832151	587	667	0	11	80	0.1375000
NODE_2822_length_1368_cov_26.832151	587	667	27	2	80	0.0250000
NODE_2822_length_1368_cov_26.832151	587	667	28	67	80	0.8375000
NODE_2822_length_1368_cov_26.832151	640	720	28	80	80	1.0000000
NODE_2823_length_1368_cov_18.205674	603	683	0	80	80	1.0000000
NODE_2823_length_1368_cov_18.205674	656	736	0	80	80	1.0000000
NODE_2826_length_1367_cov_576.769716	799	879	309	1	80	0.0125000
NODE_2826_length_1367_cov_576.769716	799	879	318	1	80	0.0125000
NODE_2826_length_1367_cov_576.769716	799	879	324	1	80	0.0125000
NODE_2826_length_1367_cov_576.769716	799	879	327	1	80	0.0125000
NODE_2826_length_1367_cov_576.769716	799	879	336	1	80	0.0125000
NODE_2826_length_1367_cov_576.769716	799	879	342	1	80	0.0125000
NODE_2826_length_1367_cov_576.769716	799	879	348	1	80	0.0125000
NODE_2826_length_1367_cov_576.769716	799	879	351	1	80	0.0125000
NODE_2826_length_1367_cov_576.769716	799	879	365	1	80	0.0125000
NODE_2826_length_1367_cov_576.769716	799	879	368	1	80	0.0125000
NODE_2826_length_1367_cov_576.769716	799	879	370	2	80	0.0250000
NODE_2826_length_1367_cov_576.769716	799	879	372	1	80	0.0125000
NODE_2826_length_1367_cov_576.769716	799	879	378	2	80	0.0250000
NODE_2826_length_1367_cov_576.769716	799	879	381	1	80	0.0125000
NODE_2826_length_1367_cov_576.769716	799	879	384	2	80	0.0250000
NODE_2826_length_1367_cov_576.769716	799	879	387	1	80	0.0125000
NODE_2826_length_1367_cov_576.769716	799	879	388	1	80	0.0125000
NODE_2826_length_1367_cov_576.769716	799	879	389	1	80	0.0125000
NODE_2826_length_1367_cov_576.769716	799	879	390	3	80	0.0375000
NODE_2826_length_1367_cov_576.769716	799	879	397	1	80	0.0125000
NODE_2826_length_1367_cov_576.769716	799	879	401	1	80	0.0125000
NODE_2826_length_1367_cov_576.769716	799	879	411	1	80	0.0125000
NODE_2826_length_1367_cov_576.769716	799	879	414	1	80	0.0125000
NODE_2826_length_1367_cov_576.769716	799	879	415	1	80	0.0125000
NODE_2826_length_1367_cov_576.769716	799	879	416	1	80	0.0125000
NODE_2826_length_1367_cov_576.769716	799	879	419	2	80	0.0250000
NODE_2826_length_1367_cov_576.769716	799	879	420	1	80	0.0125000
NODE_2826_length_1367_cov_576.769716	799	879	421	1	80	0.0125000
NODE_2826_length_1367_cov_576.769716	799	879	422	1	80	0.0125000
NODE_2826_length_1367_cov_576.769716	799	879	426	1	80	0.0125000
NODE_2826_length_1367_cov_576.769716	799	879	427	2	80	0.0250000
NODE_2826_length_1367_cov_576.769716	799	879	432	1	80	0.0125000
NODE_2826_length_1367_cov_576.769716	799	879	434	1	80	0.0125000
NODE_2826_length_1367_cov_576.769716	799	879	436	1	80	0.0125000
NODE_2826_length_1367_cov_576.769716	799	879	437	1	80	0.0125000
NODE_2826_length_1367_cov_576.769716	799	879	440	1	80	0.0125000
NODE_2826_length_1367_cov_576.769716	799	879	441	1	80	0.0125000
NODE_2826_length_1367_cov_576.769716	799	879	444	2	80	0.0250000
NODE_2826_length_1367_cov_576.769716	799	879	447	2	80	0.0250000
NODE_2826_length_1367_cov_576.769716	799	879	454	1	80	0.0125000
NODE_2826_length_1367_cov_576.769716	799	879	457	1	80	0.0125000
NODE_2826_length_1367_cov_576.769716	799	879	460	1	80	0.0125000
NODE_2826_length_1367_cov_576.769716	799	879	462	1	80	0.0125000
NODE_2826_length_1367_cov_576.769716	799	879	466	2	80	0.0250000
NODE_2826_length_1367_cov_576.769716	799	879	490	1	80	0.0125000
NODE_2826_length_1367_cov_576.769716	799	879	513	1	80	0.0125000
NODE_2826_length_1367_cov_576.769716	799	879	568	1	80	0.0125000
NODE_2826_length_1367_cov_576.769716	799	879	578	1	80	0.0125000
NODE_2826_length_1367_cov_576.769716	799	879	579	1	80	0.0125000
NODE_2826_length_1367_cov_576.769716	799	879	592	1	80	0.0125000
NODE_2826_length_1367_cov_576.769716	799	879	597	1	80	0.0125000
NODE_2826_length_1367_cov_576.769716	799	879	631	1	80	0.0125000
NODE_2826_length_1367_cov_576.769716	799	879	655	1	80	0.0125000
NODE_2826_length_1367_cov_576.769716	799	879	656	1	80	0.0125000
NODE_2826_length_1367_cov_576.769716	799	879	660	1	80	0.0125000
NODE_2826_length_1367_cov_576.769716	799	879	693	1	80	0.0125000
NODE_2826_length_1367_cov_576.769716	799	879	715	1	80	0.0125000
NODE_2826_length_1367_cov_576.769716	799	879	726	1	80	0.0125000
NODE_2826_length_1367_cov_576.769716	799	879	768	1	80	0.0125000
NODE_2826_length_1367_cov_576.769716	799	879	770	1	80	0.0125000
NODE_2826_length_1367_cov_576.769716	799	879	837	1	80	0.0125000
NODE_2826_length_1367_cov_576.769716	799	879	853	1	80	0.0125000
NODE_2826_length_1367_cov_576.769716	799	879	866	1	80	0.0125000
NODE_2826_length_1367_cov_576.769716	799	879	873	1	80	0.0125000
NODE_2826_length_1367_cov_576.769716	799	879	990	1	80	0.0125000
NODE_2826_length_1367_cov_576.769716	799	879	1002	1	80	0.0125000
NODE_2826_length_1367_cov_576.769716	799	879	1013	1	80	0.0125000
NODE_2826_length_1367_cov_576.769716	799	879	1016	3	80	0.0375000
NODE_2826_length_1367_cov_576.769716	852	932	466	1	80	0.0125000
NODE_2826_length_1367_cov_576.769716	852	932	490	1	80	0.0125000
NODE_2826_length_1367_cov_576.769716	852	932	513	1	80	0.0125000
NODE_2826_length_1367_cov_576.769716	852	932	568	1	80	0.0125000
NODE_2826_length_1367_cov_576.769716	852	932	578	1	80	0.0125000
NODE_2826_length_1367_cov_576.769716	852	932	579	1	80	0.0125000
NODE_2826_length_1367_cov_576.769716	852	932	592	1	80	0.0125000
NODE_2826_length_1367_cov_576.769716	852	932	597	1	80	0.0125000
NODE_2826_length_1367_cov_576.769716	852	932	631	1	80	0.0125000
NODE_2826_length_1367_cov_576.769716	852	932	655	1	80	0.0125000
NODE_2826_length_1367_cov_576.769716	852	932	656	1	80	0.0125000
NODE_2826_length_1367_cov_576.769716	852	932	660	1	80	0.0125000
NODE_2826_length_1367_cov_576.769716	852	932	693	1	80	0.0125000
NODE_2826_length_1367_cov_576.769716	852	932	715	1	80	0.0125000
NODE_2826_length_1367_cov_576.769716	852	932	726	1	80	0.0125000
NODE_2826_length_1367_cov_576.769716	852	932	768	1	80	0.0125000
NODE_2826_length_1367_cov_576.769716	852	932	770	1	80	0.0125000
NODE_2826_length_1367_cov_576.769716	852	932	837	1	80	0.0125000
NODE_2826_length_1367_cov_576.769716	852	932	853	1	80	0.0125000
NODE_2826_length_1367_cov_576.769716	852	932	866	1	80	0.0125000
NODE_2826_length_1367_cov_576.769716	852	932	873	1	80	0.0125000
NODE_2826_length_1367_cov_576.769716	852	932	990	1	80	0.0125000
NODE_2826_length_1367_cov_576.769716	852	932	1002	1	80	0.0125000
NODE_2826_length_1367_cov_576.769716	852	932	1013	2	80	0.0250000
NODE_2826_length_1367_cov_576.769716	852	932	1014	1	80	0.0125000
NODE_2826_length_1367_cov_576.769716	852	932	1016	3	80	0.0375000
NODE_2826_length_1367_cov_576.769716	852	932	1018	1	80	0.0125000
NODE_2826_length_1367_cov_576.769716	852	932	1040	1	80	0.0125000
NODE_2826_length_1367_cov_576.769716	852	932	1069	1	80	0.0125000
NODE_2826_length_1367_cov_576.769716	852	932	1072	1	80	0.0125000
NODE_2826_length_1367_cov_576.769716	852	932	1113	1	80	0.0125000
NODE_2826_length_1367_cov_576.769716	852	932	1143	1	80	0.0125000
NODE_2826_length_1367_cov_576.769716	852	932	1150	1	80	0.0125000
NODE_2826_length_1367_cov_576.769716	852	932	1157	1	80	0.0125000
NODE_2826_length_1367_cov_576.769716	852	932	1179	1	80	0.0125000
NODE_2826_length_1367_cov_576.769716	852	932	1187	1	80	0.0125000
NODE_2826_length_1367_cov_576.769716	852	932	1219	1	80	0.0125000
NODE_2826_length_1367_cov_576.769716	852	932	1225	1	80	0.0125000
NODE_2826_length_1367_cov_576.769716	852	932	1232	3	80	0.0375000
NODE_2826_length_1367_cov_576.769716	852	932	1242	1	80	0.0125000
NODE_2826_length_1367_cov_576.769716	852	932	1245	1	80	0.0125000
NODE_2826_length_1367_cov_576.769716	852	932	1247	1	80	0.0125000
NODE_2826_length_1367_cov_576.769716	852	932	1249	4	80	0.0500000
NODE_2826_length_1367_cov_576.769716	852	932	1250	1	80	0.0125000
NODE_2826_length_1367_cov_576.769716	852	932	1251	1	80	0.0125000
NODE_2826_length_1367_cov_576.769716	852	932	1252	3	80	0.0375000
NODE_2826_length_1367_cov_576.769716	852	932	1253	2	80	0.0250000
NODE_2826_length_1367_cov_576.769716	852	932	1254	1	80	0.0125000
NODE_2826_length_1367_cov_576.769716	852	932	1255	3	80	0.0375000
NODE_2826_length_1367_cov_576.769716	852	932	1256	3	80	0.0375000
NODE_2826_length_1367_cov_576.769716	852	932	1257	5	80	0.0625000
NODE_2826_length_1367_cov_576.769716	852	932	1258	2	80	0.0250000
NODE_2826_length_1367_cov_576.769716	852	932	1259	1	80	0.0125000
NODE_2826_length_1367_cov_576.769716	852	932	1260	1	80	0.0125000
NODE_2826_length_1367_cov_576.769716	852	932	1261	1	80	0.0125000
NODE_2826_length_1367_cov_576.769716	852	932	1262	1	80	0.0125000
NODE_2826_length_1367_cov_576.769716	852	932	1264	1	80	0.0125000
NODE_2826_length_1367_cov_576.769716	852	932	1268	1	80	0.0125000
NODE_2826_length_1367_cov_576.769716	852	932	1272	1	80	0.0125000
NODE_2826_length_1367_cov_576.769716	852	932	1273	1	80	0.0125000
NODE_2826_length_1367_cov_576.769716	900	980	947	1	80	0.0125000
NODE_2826_length_1367_cov_576.769716	900	980	959	1	80	0.0125000
NODE_2826_length_1367_cov_576.769716	900	980	1030	1	80	0.0125000
NODE_2826_length_1367_cov_576.769716	900	980	1086	1	80	0.0125000
NODE_2826_length_1367_cov_576.769716	900	980	1106	1	80	0.0125000
NODE_2826_length_1367_cov_576.769716	900	980	1128	1	80	0.0125000
NODE_2826_length_1367_cov_576.769716	900	980	1134	2	80	0.0250000
NODE_2826_length_1367_cov_576.769716	900	980	1141	1	80	0.0125000
NODE_2826_length_1367_cov_576.769716	900	980	1143	1	80	0.0125000
NODE_2826_length_1367_cov_576.769716	900	980	1145	1	80	0.0125000
NODE_2826_length_1367_cov_576.769716	900	980	1148	1	80	0.0125000
NODE_2826_length_1367_cov_576.769716	900	980	1149	2	80	0.0250000
NODE_2826_length_1367_cov_576.769716	900	980	1151	2	80	0.0250000
NODE_2826_length_1367_cov_576.769716	900	980	1152	4	80	0.0500000
NODE_2826_length_1367_cov_576.769716	900	980	1156	1	80	0.0125000
NODE_2826_length_1367_cov_576.769716	900	980	1164	1	80	0.0125000
NODE_2826_length_1367_cov_576.769716	900	980	1170	1	80	0.0125000
NODE_2826_length_1367_cov_576.769716	900	980	1177	1	80	0.0125000
NODE_2826_length_1367_cov_576.769716	900	980	1195	1	80	0.0125000
NODE_2826_length_1367_cov_576.769716	900	980	1201	1	80	0.0125000
NODE_2826_length_1367_cov_576.769716	900	980	1205	3	80	0.0375000
NODE_2826_length_1367_cov_576.769716	900	980	1207	1	80	0.0125000
NODE_2826_length_1367_cov_576.769716	900	980	1208	1	80	0.0125000
NODE_2826_length_1367_cov_576.769716	900	980	1215	3	80	0.0375000
NODE_2826_length_1367_cov_576.769716	900	980	1218	2	80	0.0250000
NODE_2826_length_1367_cov_576.769716	900	980	1223	1	80	0.0125000
NODE_2826_length_1367_cov_576.769716	900	980	1226	1	80	0.0125000
NODE_2826_length_1367_cov_576.769716	900	980	1229	1	80	0.0125000
NODE_2826_length_1367_cov_576.769716	900	980	1234	2	80	0.0250000
NODE_2826_length_1367_cov_576.769716	900	980	1236	1	80	0.0125000
NODE_2826_length_1367_cov_576.769716	900	980	1237	2	80	0.0250000
NODE_2826_length_1367_cov_576.769716	900	980	1238	1	80	0.0125000
NODE_2826_length_1367_cov_576.769716	900	980	1239	1	80	0.0125000
NODE_2826_length_1367_cov_576.769716	900	980	1247	1	80	0.0125000
NODE_2826_length_1367_cov_576.769716	900	980	1249	2	80	0.0250000
NODE_2826_length_1367_cov_576.769716	900	980	1250	1	80	0.0125000
NODE_2826_length_1367_cov_576.769716	900	980	1251	1	80	0.0125000
NODE_2826_length_1367_cov_576.769716	900	980	1252	5	80	0.0625000
NODE_2826_length_1367_cov_576.769716	900	980	1253	2	80	0.0250000
NODE_2826_length_1367_cov_576.769716	900	980	1254	1	80	0.0125000
NODE_2826_length_1367_cov_576.769716	900	980	1255	3	80	0.0375000
NODE_2826_length_1367_cov_576.769716	900	980	1256	3	80	0.0375000
NODE_2826_length_1367_cov_576.769716	900	980	1257	5	80	0.0625000
NODE_2826_length_1367_cov_576.769716	900	980	1258	2	80	0.0250000
NODE_2826_length_1367_cov_576.769716	900	980	1259	1	80	0.0125000
NODE_2826_length_1367_cov_576.769716	900	980	1260	1	80	0.0125000
NODE_2826_length_1367_cov_576.769716	900	980	1261	1	80	0.0125000
NODE_2826_length_1367_cov_576.769716	900	980	1262	1	80	0.0125000
NODE_2826_length_1367_cov_576.769716	900	980	1264	1	80	0.0125000
NODE_2826_length_1367_cov_576.769716	900	980	1268	1	80	0.0125000
NODE_2826_length_1367_cov_576.769716	900	980	1272	1	80	0.0125000
NODE_2826_length_1367_cov_576.769716	900	980	1273	1	80	0.0125000
NODE_2826_length_1367_cov_576.769716	905	927	1251	1	22	0.0454545
NODE_2826_length_1367_cov_576.769716	905	927	1252	3	22	0.1363636
NODE_2826_length_1367_cov_576.769716	905	927	1253	1	22	0.0454545
NODE_2826_length_1367_cov_576.769716	905	927	1254	1	22	0.0454545
NODE_2826_length_1367_cov_576.769716	905	927	1256	3	22	0.1363636
NODE_2826_length_1367_cov_576.769716	905	927	1257	4	22	0.1818182
NODE_2826_length_1367_cov_576.769716	905	927	1258	2	22	0.0909091
NODE_2826_length_1367_cov_576.769716	905	927	1260	1	22	0.0454545
NODE_2826_length_1367_cov_576.769716	905	927	1261	1	22	0.0454545
NODE_2826_length_1367_cov_576.769716	905	927	1262	1	22	0.0454545
NODE_2826_length_1367_cov_576.769716	905	927	1264	1	22	0.0454545
NODE_2826_length_1367_cov_576.769716	905	927	1268	1	22	0.0454545
NODE_2826_length_1367_cov_576.769716	905	927	1272	1	22	0.0454545
NODE_2826_length_1367_cov_576.769716	905	927	1273	1	22	0.0454545
NODE_2826_length_1367_cov_576.769716	1051	1131	34	6	80	0.0750000
NODE_2826_length_1367_cov_576.769716	1051	1131	35	8	80	0.1000000
NODE_2826_length_1367_cov_576.769716	1051	1131	36	3	80	0.0375000
NODE_2826_length_1367_cov_576.769716	1051	1131	37	4	80	0.0500000
NODE_2826_length_1367_cov_576.769716	1051	1131	40	2	80	0.0250000
NODE_2826_length_1367_cov_576.769716	1051	1131	42	1	80	0.0125000
NODE_2826_length_1367_cov_576.769716	1051	1131	44	2	80	0.0250000
NODE_2826_length_1367_cov_576.769716	1051	1131	48	2	80	0.0250000
NODE_2826_length_1367_cov_576.769716	1051	1131	51	4	80	0.0500000
NODE_2826_length_1367_cov_576.769716	1051	1131	53	1	80	0.0125000
NODE_2826_length_1367_cov_576.769716	1051	1131	55	5	80	0.0625000
NODE_2826_length_1367_cov_576.769716	1051	1131	60	1	80	0.0125000
NODE_2826_length_1367_cov_576.769716	1051	1131	62	1	80	0.0125000
NODE_2826_length_1367_cov_576.769716	1051	1131	64	2	80	0.0250000
NODE_2826_length_1367_cov_576.769716	1051	1131	68	1	80	0.0125000
NODE_2826_length_1367_cov_576.769716	1051	1131	69	1	80	0.0125000
NODE_2826_length_1367_cov_576.769716	1051	1131	71	1	80	0.0125000
NODE_2826_length_1367_cov_576.769716	1051	1131	73	1	80	0.0125000
NODE_2826_length_1367_cov_576.769716	1051	1131	74	3	80	0.0375000
NODE_2826_length_1367_cov_576.769716	1051	1131	82	2	80	0.0250000
NODE_2826_length_1367_cov_576.769716	1051	1131	87	1	80	0.0125000
NODE_2826_length_1367_cov_576.769716	1051	1131	91	1	80	0.0125000
NODE_2826_length_1367_cov_576.769716	1051	1131	92	1	80	0.0125000
NODE_2826_length_1367_cov_576.769716	1051	1131	93	2	80	0.0250000
NODE_2826_length_1367_cov_576.769716	1051	1131	95	4	80	0.0500000
NODE_2826_length_1367_cov_576.769716	1051	1131	96	5	80	0.0625000
NODE_2826_length_1367_cov_576.769716	1051	1131	97	3	80	0.0375000
NODE_2826_length_1367_cov_576.769716	1051	1131	98	2	80	0.0250000
NODE_2826_length_1367_cov_576.769716	1051	1131	103	1	80	0.0125000
NODE_2826_length_1367_cov_576.769716	1051	1131	104	2	80	0.0250000
NODE_2826_length_1367_cov_576.769716	1051	1131	110	2	80	0.0250000
NODE_2826_length_1367_cov_576.769716	1051	1131	112	2	80	0.0250000
NODE_2826_length_1367_cov_576.769716	1051	1131	114	1	80	0.0125000
NODE_2826_length_1367_cov_576.769716	1051	1131	116	2	80	0.0250000
NODE_2826_length_1367_cov_576.769716	1104	1184	92	1	80	0.0125000
NODE_2826_length_1367_cov_576.769716	1104	1184	93	2	80	0.0250000
NODE_2826_length_1367_cov_576.769716	1104	1184	95	4	80	0.0500000
NODE_2826_length_1367_cov_576.769716	1104	1184	96	5	80	0.0625000
NODE_2826_length_1367_cov_576.769716	1104	1184	97	3	80	0.0375000
NODE_2826_length_1367_cov_576.769716	1104	1184	98	2	80	0.0250000
NODE_2826_length_1367_cov_576.769716	1104	1184	103	1	80	0.0125000
NODE_2826_length_1367_cov_576.769716	1104	1184	104	2	80	0.0250000
NODE_2826_length_1367_cov_576.769716	1104	1184	110	2	80	0.0250000
NODE_2826_length_1367_cov_576.769716	1104	1184	112	2	80	0.0250000
NODE_2826_length_1367_cov_576.769716	1104	1184	114	1	80	0.0125000
NODE_2826_length_1367_cov_576.769716	1104	1184	116	2	80	0.0250000
NODE_2826_length_1367_cov_576.769716	1104	1184	119	1	80	0.0125000
NODE_2826_length_1367_cov_576.769716	1104	1184	120	1	80	0.0125000
NODE_2826_length_1367_cov_576.769716	1104	1184	121	1	80	0.0125000
NODE_2826_length_1367_cov_576.769716	1104	1184	125	2	80	0.0250000
NODE_2826_length_1367_cov_576.769716	1104	1184	128	1	80	0.0125000
NODE_2826_length_1367_cov_576.769716	1104	1184	129	1	80	0.0125000
NODE_2826_length_1367_cov_576.769716	1104	1184	130	6	80	0.0750000
NODE_2826_length_1367_cov_576.769716	1104	1184	132	2	80	0.0250000
NODE_2826_length_1367_cov_576.769716	1104	1184	136	1	80	0.0125000
NODE_2826_length_1367_cov_576.769716	1104	1184	140	2	80	0.0250000
NODE_2826_length_1367_cov_576.769716	1104	1184	141	2	80	0.0250000
NODE_2826_length_1367_cov_576.769716	1104	1184	145	1	80	0.0125000
NODE_2826_length_1367_cov_576.769716	1104	1184	151	1	80	0.0125000
NODE_2826_length_1367_cov_576.769716	1104	1184	155	1	80	0.0125000
NODE_2826_length_1367_cov_576.769716	1104	1184	157	1	80	0.0125000
NODE_2826_length_1367_cov_576.769716	1104	1184	163	2	80	0.0250000
NODE_2826_length_1367_cov_576.769716	1104	1184	165	1	80	0.0125000
NODE_2826_length_1367_cov_576.769716	1104	1184	166	4	80	0.0500000
NODE_2826_length_1367_cov_576.769716	1104	1184	167	1	80	0.0125000
NODE_2826_length_1367_cov_576.769716	1104	1184	169	1	80	0.0125000
NODE_2826_length_1367_cov_576.769716	1104	1184	171	1	80	0.0125000
NODE_2826_length_1367_cov_576.769716	1104	1184	175	1	80	0.0125000
NODE_2826_length_1367_cov_576.769716	1104	1184	177	1	80	0.0125000
NODE_2826_length_1367_cov_576.769716	1104	1184	178	1	80	0.0125000
NODE_2826_length_1367_cov_576.769716	1104	1184	180	2	80	0.0250000
NODE_2826_length_1367_cov_576.769716	1104	1184	183	1	80	0.0125000
NODE_2826_length_1367_cov_576.769716	1104	1184	186	2	80	0.0250000
NODE_2826_length_1367_cov_576.769716	1104	1184	188	2	80	0.0250000
NODE_2826_length_1367_cov_576.769716	1104	1184	190	1	80	0.0125000
NODE_2826_length_1367_cov_576.769716	1104	1184	191	1	80	0.0125000
NODE_2826_length_1367_cov_576.769716	1104	1184	192	1	80	0.0125000
NODE_2826_length_1367_cov_576.769716	1104	1184	195	2	80	0.0250000
NODE_2826_length_1367_cov_576.769716	1104	1184	196	4	80	0.0500000
NODE_2827_length_1367_cov_152.824921	513	593	0	38	80	0.4750000
NODE_2827_length_1367_cov_152.824921	513	593	2	42	80	0.5250000
NODE_2827_length_1367_cov_152.824921	566	646	2	40	80	0.5000000
NODE_2827_length_1367_cov_152.824921	566	646	3	4	80	0.0500000
NODE_2827_length_1367_cov_152.824921	566	646	4	10	80	0.1250000
NODE_2827_length_1367_cov_152.824921	566	646	5	26	80	0.3250000
NODE_2827_length_1367_cov_152.824921	642	722	3	11	80	0.1375000
NODE_2827_length_1367_cov_152.824921	642	722	38	1	80	0.0125000
NODE_2827_length_1367_cov_152.824921	642	722	39	3	80	0.0375000
NODE_2827_length_1367_cov_152.824921	642	722	40	9	80	0.1125000
NODE_2827_length_1367_cov_152.824921	642	722	41	5	80	0.0625000
NODE_2827_length_1367_cov_152.824921	642	722	42	2	80	0.0250000
NODE_2827_length_1367_cov_152.824921	642	722	43	32	80	0.4000000
NODE_2827_length_1367_cov_152.824921	642	722	44	3	80	0.0375000
NODE_2827_length_1367_cov_152.824921	642	722	45	14	80	0.1750000
NODE_2827_length_1367_cov_152.824921	695	775	0	9	80	0.1125000
NODE_2827_length_1367_cov_152.824921	695	775	1	33	80	0.4125000
NODE_2827_length_1367_cov_152.824921	695	775	43	38	80	0.4750000
NODE_2829_length_1367_cov_2.947161	250	326	6	56	76	0.7368421
NODE_2829_length_1367_cov_2.947161	250	326	8	17	76	0.2236842
NODE_2829_length_1367_cov_2.947161	250	326	10	3	76	0.0394737
NODE_2831_length_1366_cov_82.742699	198	278	0	28	80	0.3500000
NODE_2831_length_1366_cov_82.742699	198	278	2	13	80	0.1625000
NODE_2831_length_1366_cov_82.742699	198	278	4	39	80	0.4875000
NODE_2831_length_1366_cov_82.742699	251	331	2	21	80	0.2625000
NODE_2831_length_1366_cov_82.742699	251	331	4	59	80	0.7375000
NODE_2832_length_1366_cov_36.659037	577	657	0	5	80	0.0625000
NODE_2832_length_1366_cov_36.659037	577	657	2	75	80	0.9375000
NODE_2832_length_1366_cov_36.659037	630	710	2	80	80	1.0000000
NODE_2834_length_1366_cov_2.320442	47	116	10	69	69	1.0000000
NODE_2834_length_1366_cov_2.320442	1122	1202	4	51	80	0.6375000
NODE_2834_length_1366_cov_2.320442	1122	1202	5	1	80	0.0125000
NODE_2834_length_1366_cov_2.320442	1122	1202	6	6	80	0.0750000
NODE_2834_length_1366_cov_2.320442	1122	1202	7	6	80	0.0750000
NODE_2834_length_1366_cov_2.320442	1122	1202	9	9	80	0.1125000
NODE_2834_length_1366_cov_2.320442	1122	1202	10	5	80	0.0625000
NODE_2834_length_1366_cov_2.320442	1122	1202	11	2	80	0.0250000
NODE_2834_length_1366_cov_2.320442	1175	1255	5	1	80	0.0125000
NODE_2834_length_1366_cov_2.320442	1175	1255	6	4	80	0.0500000
NODE_2834_length_1366_cov_2.320442	1175	1255	7	6	80	0.0750000
NODE_2834_length_1366_cov_2.320442	1175	1255	9	9	80	0.1125000
NODE_2834_length_1366_cov_2.320442	1175	1255	10	5	80	0.0625000
NODE_2834_length_1366_cov_2.320442	1175	1255	11	3	80	0.0375000
NODE_2834_length_1366_cov_2.320442	1175	1255	15	3	80	0.0375000
NODE_2834_length_1366_cov_2.320442	1175	1255	16	8	80	0.1000000
NODE_2834_length_1366_cov_2.320442	1175	1255	18	3	80	0.0375000
NODE_2834_length_1366_cov_2.320442	1175	1255	20	3	80	0.0375000
NODE_2834_length_1366_cov_2.320442	1175	1255	22	1	80	0.0125000
NODE_2834_length_1366_cov_2.320442	1175	1255	26	7	80	0.0875000
NODE_2834_length_1366_cov_2.320442	1175	1255	28	4	80	0.0500000
NODE_2834_length_1366_cov_2.320442	1175	1255	30	17	80	0.2125000
NODE_2834_length_1366_cov_2.320442	1175	1255	32	1	80	0.0125000
NODE_2834_length_1366_cov_2.320442	1175	1255	34	5	80	0.0625000
NODE_2834_length_1366_cov_2.320442	1251	1331	22	3	80	0.0375000
NODE_2834_length_1366_cov_2.320442	1251	1331	25	2	80	0.0250000
NODE_2834_length_1366_cov_2.320442	1251	1331	27	6	80	0.0750000
NODE_2834_length_1366_cov_2.320442	1251	1331	29	3	80	0.0375000
NODE_2834_length_1366_cov_2.320442	1251	1331	31	2	80	0.0250000
NODE_2834_length_1366_cov_2.320442	1251	1331	33	4	80	0.0500000
NODE_2834_length_1366_cov_2.320442	1251	1331	34	7	80	0.0875000
NODE_2834_length_1366_cov_2.320442	1251	1331	35	4	80	0.0500000
NODE_2834_length_1366_cov_2.320442	1251	1331	36	3	80	0.0375000
NODE_2834_length_1366_cov_2.320442	1251	1331	38	46	80	0.5750000
NODE_2835_length_1365_cov_25.540284	432	509	0	77	77	1.0000000
NODE_2835_length_1365_cov_25.540284	482	562	0	80	80	1.0000000
NODE_2835_length_1365_cov_25.540284	558	635	0	77	77	1.0000000
NODE_2835_length_1365_cov_25.540284	625	688	0	63	63	1.0000000
NODE_2838_length_1364_cov_15.222134	120	191	5	5	71	0.0704225
NODE_2838_length_1364_cov_15.222134	120	191	6	1	71	0.0140845
NODE_2838_length_1364_cov_15.222134	120	191	8	6	71	0.0845070
NODE_2838_length_1364_cov_15.222134	120	191	12	1	71	0.0140845
NODE_2838_length_1364_cov_15.222134	120	191	13	2	71	0.0281690
NODE_2838_length_1364_cov_15.222134	120	191	15	3	71	0.0422535
NODE_2838_length_1364_cov_15.222134	120	191	17	6	71	0.0845070
NODE_2838_length_1364_cov_15.222134	120	191	18	1	71	0.0140845
NODE_2838_length_1364_cov_15.222134	120	191	21	1	71	0.0140845
NODE_2838_length_1364_cov_15.222134	120	191	23	1	71	0.0140845
NODE_2838_length_1364_cov_15.222134	120	191	24	2	71	0.0281690
NODE_2838_length_1364_cov_15.222134	120	191	28	1	71	0.0140845
NODE_2838_length_1364_cov_15.222134	120	191	31	1	71	0.0140845
NODE_2838_length_1364_cov_15.222134	120	191	32	1	71	0.0140845
NODE_2838_length_1364_cov_15.222134	120	191	33	1	71	0.0140845
NODE_2838_length_1364_cov_15.222134	120	191	37	1	71	0.0140845
NODE_2838_length_1364_cov_15.222134	120	191	39	2	71	0.0281690
NODE_2838_length_1364_cov_15.222134	120	191	41	1	71	0.0140845
NODE_2838_length_1364_cov_15.222134	120	191	42	3	71	0.0422535
NODE_2838_length_1364_cov_15.222134	120	191	43	1	71	0.0140845
NODE_2838_length_1364_cov_15.222134	120	191	45	2	71	0.0281690
NODE_2838_length_1364_cov_15.222134	120	191	50	1	71	0.0140845
NODE_2838_length_1364_cov_15.222134	120	191	54	4	71	0.0563380
NODE_2838_length_1364_cov_15.222134	120	191	56	2	71	0.0281690
NODE_2838_length_1364_cov_15.222134	120	191	60	6	71	0.0845070
NODE_2838_length_1364_cov_15.222134	120	191	64	1	71	0.0140845
NODE_2838_length_1364_cov_15.222134	120	191	66	1	71	0.0140845
NODE_2838_length_1364_cov_15.222134	120	191	72	1	71	0.0140845
NODE_2838_length_1364_cov_15.222134	120	191	76	1	71	0.0140845
NODE_2838_length_1364_cov_15.222134	120	191	86	4	71	0.0563380
NODE_2838_length_1364_cov_15.222134	120	191	96	5	71	0.0704225
NODE_2838_length_1364_cov_15.222134	120	191	98	2	71	0.0281690
NODE_2839_length_1364_cov_7.456917	843	923	0	14	80	0.1750000
NODE_2839_length_1364_cov_7.456917	843	923	3	2	80	0.0250000
NODE_2839_length_1364_cov_7.456917	843	923	4	64	80	0.8000000
NODE_2839_length_1364_cov_7.456917	896	976	0	24	80	0.3000000
NODE_2839_length_1364_cov_7.456917	896	976	4	56	80	0.7000000
NODE_2840_length_1364_cov_5.055336	239	290	0	37	51	0.7254902
NODE_2840_length_1364_cov_5.055336	239	290	2	14	51	0.2745098
NODE_2840_length_1364_cov_5.055336	263	343	0	80	80	1.0000000
NODE_2846_length_1363_cov_19.442247	615	695	2	74	80	0.9250000
NODE_2846_length_1363_cov_19.442247	615	695	4	6	80	0.0750000
NODE_2846_length_1363_cov_19.442247	668	748	2	78	80	0.9750000
NODE_2846_length_1363_cov_19.442247	668	748	4	2	80	0.0250000
NODE_2847_length_1363_cov_13.575949	619	699	0	80	80	1.0000000
NODE_2847_length_1363_cov_13.575949	672	752	0	61	80	0.7625000
NODE_2847_length_1363_cov_13.575949	672	752	2	19	80	0.2375000
NODE_2850_length_1362_cov_15.796516	898	978	0	80	80	1.0000000
NODE_2850_length_1362_cov_15.796516	951	1031	0	80	80	1.0000000
NODE_2855_length_1361_cov_24.574485	528	608	0	80	80	1.0000000
NODE_2855_length_1361_cov_24.574485	581	661	0	80	80	1.0000000
NODE_2856_length_1361_cov_20.148970	866	946	2	80	80	1.0000000
NODE_2856_length_1361_cov_20.148970	919	999	0	49	80	0.6125000
NODE_2856_length_1361_cov_20.148970	919	999	2	31	80	0.3875000
NODE_2858_length_1361_cov_10.530903	1139	1219	14	24	80	0.3000000
NODE_2858_length_1361_cov_10.530903	1139	1219	18	41	80	0.5125000
NODE_2858_length_1361_cov_10.530903	1139	1219	20	15	80	0.1875000
NODE_2858_length_1361_cov_10.530903	1139	1219	14	24	80	0.3000000
NODE_2858_length_1361_cov_10.530903	1139	1219	18	41	80	0.5125000
NODE_2858_length_1361_cov_10.530903	1139	1219	20	15	80	0.1875000
NODE_2858_length_1361_cov_10.530903	1192	1277	6	18	85	0.2117647
NODE_2858_length_1361_cov_10.530903	1192	1277	12	21	85	0.2470588
NODE_2858_length_1361_cov_10.530903	1192	1277	18	46	85	0.5411765
NODE_2858_length_1361_cov_10.530903	1273	1353	0	43	80	0.5375000
NODE_2858_length_1361_cov_10.530903	1273	1353	6	37	80	0.4625000
NODE_2858_length_1361_cov_10.530903	1273	1353	0	43	80	0.5375000
NODE_2858_length_1361_cov_10.530903	1273	1353	6	37	80	0.4625000
NODE_2858_length_1361_cov_10.530903	1273	1353	0	43	80	0.5375000
NODE_2858_length_1361_cov_10.530903	1273	1353	6	37	80	0.4625000
NODE_2858_length_1361_cov_10.530903	1273	1353	0	43	80	0.5375000
NODE_2858_length_1361_cov_10.530903	1273	1353	6	37	80	0.4625000
NODE_2858_length_1361_cov_10.530903	1273	1353	0	43	80	0.5375000
NODE_2858_length_1361_cov_10.530903	1273	1353	6	37	80	0.4625000
NODE_2858_length_1361_cov_10.530903	1273	1353	0	43	80	0.5375000
NODE_2858_length_1361_cov_10.530903	1273	1353	6	37	80	0.4625000
NODE_2859_length_1360_cov_42.789056	351	431	0	80	80	1.0000000
NODE_2859_length_1360_cov_42.789056	404	484	0	80	80	1.0000000
NODE_2860_length_1360_cov_26.407613	531	611	0	44	80	0.5500000
NODE_2860_length_1360_cov_26.407613	531	611	2	23	80	0.2875000
NODE_2860_length_1360_cov_26.407613	531	611	4	13	80	0.1625000
NODE_2860_length_1360_cov_26.407613	584	669	2	30	85	0.3529412
NODE_2860_length_1360_cov_26.407613	584	669	4	55	85	0.6470588
NODE_2861_length_1360_cov_16.182395	796	876	6	6	80	0.0750000
NODE_2861_length_1360_cov_16.182395	796	876	8	23	80	0.2875000
NODE_2861_length_1360_cov_16.182395	796	876	10	51	80	0.6375000
NODE_2861_length_1360_cov_16.182395	849	929	0	10	80	0.1250000
NODE_2861_length_1360_cov_16.182395	849	929	2	17	80	0.2125000
NODE_2861_length_1360_cov_16.182395	849	929	4	4	80	0.0500000
NODE_2861_length_1360_cov_16.182395	849	929	8	35	80	0.4375000
NODE_2861_length_1360_cov_16.182395	849	929	10	14	80	0.1750000
NODE_2861_length_1360_cov_16.182395	925	1005	0	4	80	0.0500000
NODE_2861_length_1360_cov_16.182395	925	1005	2	76	80	0.9500000
NODE_2861_length_1360_cov_16.182395	978	1058	0	24	80	0.3000000
NODE_2861_length_1360_cov_16.182395	978	1058	2	56	80	0.7000000
NODE_2862_length_1360_cov_12.763680	582	662	4	80	80	1.0000000
NODE_2862_length_1360_cov_12.763680	635	715	0	17	80	0.2125000
NODE_2862_length_1360_cov_12.763680	635	715	4	63	80	0.7875000
NODE_2866_length_1359_cov_41.324603	674	754	0	80	80	1.0000000
NODE_2866_length_1359_cov_41.324603	727	807	0	34	80	0.4250000
NODE_2866_length_1359_cov_41.324603	727	807	2	46	80	0.5750000
NODE_2866_length_1359_cov_41.324603	803	883	0	30	80	0.3750000
NODE_2866_length_1359_cov_41.324603	803	883	2	50	80	0.6250000
NODE_2866_length_1359_cov_41.324603	856	936	0	14	80	0.1750000
NODE_2866_length_1359_cov_41.324603	856	936	2	66	80	0.8250000
NODE_2871_length_1358_cov_23.427323	292	372	4	23	80	0.2875000
NODE_2871_length_1358_cov_23.427323	292	372	8	2	80	0.0250000
NODE_2871_length_1358_cov_23.427323	292	372	10	52	80	0.6500000
NODE_2871_length_1358_cov_23.427323	292	372	12	3	80	0.0375000
NODE_2871_length_1358_cov_23.427323	345	425	0	7	80	0.0875000
NODE_2871_length_1358_cov_23.427323	345	425	2	23	80	0.2875000
NODE_2871_length_1358_cov_23.427323	345	425	10	50	80	0.6250000
NODE_2872_length_1358_cov_19.489277	411	491	4	22	80	0.2750000
NODE_2872_length_1358_cov_19.489277	411	491	6	58	80	0.7250000
NODE_2872_length_1358_cov_19.489277	464	544	0	7	80	0.0875000
NODE_2872_length_1358_cov_19.489277	464	544	2	6	80	0.0750000
NODE_2872_length_1358_cov_19.489277	464	544	4	5	80	0.0625000
NODE_2872_length_1358_cov_19.489277	464	544	6	62	80	0.7750000
NODE_2875_length_1357_cov_15.962639	732	812	0	80	80	1.0000000
NODE_2875_length_1357_cov_15.962639	785	865	0	80	80	1.0000000
NODE_2879_length_1354_cov_9.854980	735	815	0	10	80	0.1250000
NODE_2879_length_1354_cov_9.854980	735	815	2	19	80	0.2375000
NODE_2879_length_1354_cov_9.854980	735	815	6	6	80	0.0750000
NODE_2879_length_1354_cov_9.854980	735	815	8	45	80	0.5625000
NODE_2879_length_1354_cov_9.854980	788	868	2	12	80	0.1500000
NODE_2879_length_1354_cov_9.854980	788	868	6	15	80	0.1875000
NODE_2879_length_1354_cov_9.854980	788	868	7	7	80	0.0875000
NODE_2879_length_1354_cov_9.854980	788	868	8	46	80	0.5750000
NODE_2882_length_1353_cov_32.982456	708	788	0	15	80	0.1875000
NODE_2882_length_1353_cov_32.982456	708	788	4	23	80	0.2875000
NODE_2882_length_1353_cov_32.982456	708	788	6	7	80	0.0875000
NODE_2882_length_1353_cov_32.982456	708	788	7	3	80	0.0375000
NODE_2882_length_1353_cov_32.982456	708	788	9	32	80	0.4000000
NODE_2882_length_1353_cov_32.982456	761	841	2	1	80	0.0125000
NODE_2882_length_1353_cov_32.982456	761	841	3	32	80	0.4000000
NODE_2882_length_1353_cov_32.982456	761	841	4	13	80	0.1625000
NODE_2882_length_1353_cov_32.982456	761	841	5	2	80	0.0250000
NODE_2882_length_1353_cov_32.982456	761	841	9	32	80	0.4000000
NODE_2883_length_1353_cov_21.775120	493	573	0	23	80	0.2875000
NODE_2883_length_1353_cov_21.775120	493	573	4	57	80	0.7125000
NODE_2883_length_1353_cov_21.775120	546	626	0	31	80	0.3875000
NODE_2883_length_1353_cov_21.775120	546	626	4	49	80	0.6125000
NODE_2884_length_1353_cov_18.201754	696	776	0	28	80	0.3500000
NODE_2884_length_1353_cov_18.201754	696	776	2	52	80	0.6500000
NODE_2884_length_1353_cov_18.201754	749	829	0	68	80	0.8500000
NODE_2884_length_1353_cov_18.201754	749	829	2	12	80	0.1500000
NODE_2888_length_1352_cov_26.942538	455	535	0	47	80	0.5875000
NODE_2888_length_1352_cov_26.942538	455	535	18	1	80	0.0125000
NODE_2888_length_1352_cov_26.942538	455	535	19	1	80	0.0125000
NODE_2888_length_1352_cov_26.942538	455	535	20	13	80	0.1625000
NODE_2888_length_1352_cov_26.942538	455	535	21	18	80	0.2250000
NODE_2888_length_1352_cov_26.942538	508	588	20	9	80	0.1125000
NODE_2888_length_1352_cov_26.942538	508	588	21	21	80	0.2625000
NODE_2888_length_1352_cov_26.942538	508	588	22	50	80	0.6250000
NODE_2889_length_1352_cov_17.189944	717	797	2	33	80	0.4125000
NODE_2889_length_1352_cov_17.189944	717	797	4	33	80	0.4125000
NODE_2889_length_1352_cov_17.189944	717	797	8	14	80	0.1750000
NODE_2889_length_1352_cov_17.189944	770	850	4	44	80	0.5500000
NODE_2889_length_1352_cov_17.189944	770	850	6	7	80	0.0875000
NODE_2889_length_1352_cov_17.189944	770	850	8	29	80	0.3625000
NODE_2890_length_1352_cov_15.752594	640	720	4	80	80	1.0000000
NODE_2890_length_1352_cov_15.752594	693	773	0	27	80	0.3375000
NODE_2890_length_1352_cov_15.752594	693	773	4	53	80	0.6625000
NODE_2891_length_1352_cov_10.699920	237	317	0	80	80	1.0000000
NODE_2891_length_1352_cov_10.699920	290	370	0	80	80	1.0000000
NODE_2894_length_1351_cov_32.325879	561	641	2	25	80	0.3125000
NODE_2894_length_1351_cov_32.325879	561	641	6	22	80	0.2750000
NODE_2894_length_1351_cov_32.325879	561	641	8	5	80	0.0625000
NODE_2894_length_1351_cov_32.325879	561	641	10	12	80	0.1500000
NODE_2894_length_1351_cov_32.325879	561	641	12	16	80	0.2000000
NODE_2894_length_1351_cov_32.325879	614	694	4	16	80	0.2000000
NODE_2894_length_1351_cov_32.325879	614	694	8	20	80	0.2500000
NODE_2894_length_1351_cov_32.325879	614	694	10	6	80	0.0750000
NODE_2894_length_1351_cov_32.325879	614	694	11	2	80	0.0250000
NODE_2894_length_1351_cov_32.325879	614	694	12	36	80	0.4500000
NODE_2895_length_1351_cov_16.861022	97	162	6	1	65	0.0153846
NODE_2895_length_1351_cov_16.861022	97	162	12	2	65	0.0307692
NODE_2895_length_1351_cov_16.861022	97	162	16	2	65	0.0307692
NODE_2895_length_1351_cov_16.861022	97	162	18	2	65	0.0307692
NODE_2895_length_1351_cov_16.861022	97	162	20	1	65	0.0153846
NODE_2895_length_1351_cov_16.861022	97	162	22	5	65	0.0769231
NODE_2895_length_1351_cov_16.861022	97	162	31	3	65	0.0461538
NODE_2895_length_1351_cov_16.861022	97	162	33	10	65	0.1538462
NODE_2895_length_1351_cov_16.861022	97	162	37	3	65	0.0461538
NODE_2895_length_1351_cov_16.861022	97	162	41	9	65	0.1384615
NODE_2895_length_1351_cov_16.861022	97	162	43	9	65	0.1384615
NODE_2895_length_1351_cov_16.861022	97	162	44	18	65	0.2769231
NODE_2896_length_1351_cov_9.894569	331	411	0	80	80	1.0000000
NODE_2896_length_1351_cov_9.894569	384	464	0	80	80	1.0000000
NODE_2897_length_1351_cov_8.699681	1055	1137	0	75	82	0.9146342
NODE_2897_length_1351_cov_8.699681	1055	1137	2	7	82	0.0853659
NODE_2897_length_1351_cov_8.699681	1110	1175	0	65	65	1.0000000
NODE_2898_length_1351_cov_2.931310	68	148	27	6	80	0.0750000
NODE_2898_length_1351_cov_2.931310	68	148	29	5	80	0.0625000
NODE_2898_length_1351_cov_2.931310	68	148	33	2	80	0.0250000
NODE_2898_length_1351_cov_2.931310	68	148	34	4	80	0.0500000
NODE_2898_length_1351_cov_2.931310	68	148	36	6	80	0.0750000
NODE_2898_length_1351_cov_2.931310	68	148	40	10	80	0.1250000
NODE_2898_length_1351_cov_2.931310	68	148	42	1	80	0.0125000
NODE_2898_length_1351_cov_2.931310	68	148	45	1	80	0.0125000
NODE_2898_length_1351_cov_2.931310	68	148	46	1	80	0.0125000
NODE_2898_length_1351_cov_2.931310	68	148	48	14	80	0.1750000
NODE_2898_length_1351_cov_2.931310	68	148	49	7	80	0.0875000
NODE_2898_length_1351_cov_2.931310	68	148	50	5	80	0.0625000
NODE_2898_length_1351_cov_2.931310	68	148	51	5	80	0.0625000
NODE_2898_length_1351_cov_2.931310	68	148	52	1	80	0.0125000
NODE_2898_length_1351_cov_2.931310	68	148	53	4	80	0.0500000
NODE_2898_length_1351_cov_2.931310	68	148	55	2	80	0.0250000
NODE_2898_length_1351_cov_2.931310	68	148	57	1	80	0.0125000
NODE_2898_length_1351_cov_2.931310	68	148	61	2	80	0.0250000
NODE_2898_length_1351_cov_2.931310	68	148	63	3	80	0.0375000
NODE_2898_length_1351_cov_2.931310	495	528	2	33	33	1.0000000
NODE_2899_length_1350_cov_18.274181	424	504	0	9	80	0.1125000
NODE_2899_length_1350_cov_18.274181	424	504	5	40	80	0.5000000
NODE_2899_length_1350_cov_18.274181	424	504	6	31	80	0.3875000
NODE_2899_length_1350_cov_18.274181	477	557	0	28	80	0.3500000
NODE_2899_length_1350_cov_18.274181	477	557	5	5	80	0.0625000
NODE_2899_length_1350_cov_18.274181	477	557	6	47	80	0.5875000
NODE_2899_length_1350_cov_18.274181	553	633	0	58	80	0.7250000
NODE_2899_length_1350_cov_18.274181	553	633	10	22	80	0.2750000
NODE_2899_length_1350_cov_18.274181	606	686	0	5	80	0.0625000
NODE_2899_length_1350_cov_18.274181	606	686	10	75	80	0.9375000
NODE_2900_length_1350_cov_8.053557	737	817	0	80	80	1.0000000
NODE_2900_length_1350_cov_8.053557	790	870	0	80	80	1.0000000
NODE_2903_length_1349_cov_23.782400	839	919	0	80	80	1.0000000
NODE_2903_length_1349_cov_23.782400	892	972	0	80	80	1.0000000
NODE_2903_length_1349_cov_23.782400	968	1048	0	80	80	1.0000000
NODE_2903_length_1349_cov_23.782400	1021	1101	0	62	80	0.7750000
NODE_2903_length_1349_cov_23.782400	1021	1101	2	18	80	0.2250000
NODE_2904_length_1349_cov_17.776800	811	891	0	80	80	1.0000000
NODE_2904_length_1349_cov_17.776800	864	944	0	80	80	1.0000000
NODE_2905_length_1349_cov_16.468800	828	908	0	80	80	1.0000000
NODE_2905_length_1349_cov_16.468800	881	961	0	80	80	1.0000000
NODE_2908_length_1348_cov_22.731785	468	548	0	44	80	0.5500000
NODE_2908_length_1348_cov_22.731785	468	548	2	36	80	0.4500000
NODE_2908_length_1348_cov_22.731785	521	601	0	29	80	0.3625000
NODE_2908_length_1348_cov_22.731785	521	601	2	51	80	0.6375000
NODE_2909_length_1348_cov_20.778223	517	597	2	78	80	0.9750000
NODE_2909_length_1348_cov_20.778223	517	597	4	2	80	0.0250000
NODE_2909_length_1348_cov_20.778223	570	650	2	78	80	0.9750000
NODE_2909_length_1348_cov_20.778223	570	650	4	2	80	0.0250000
NODE_2910_length_1348_cov_11.180144	673	753	0	10	80	0.1250000
NODE_2910_length_1348_cov_11.180144	673	753	2	22	80	0.2750000
NODE_2910_length_1348_cov_11.180144	673	753	4	48	80	0.6000000
NODE_2910_length_1348_cov_11.180144	726	806	0	24	80	0.3000000
NODE_2910_length_1348_cov_11.180144	726	806	2	30	80	0.3750000
NODE_2910_length_1348_cov_11.180144	726	806	4	26	80	0.3250000
NODE_2916_length_1347_cov_45.906250	683	763	0	80	80	1.0000000
NODE_2916_length_1347_cov_45.906250	736	816	0	80	80	1.0000000
NODE_2916_length_1347_cov_45.906250	812	892	0	6	80	0.0750000
NODE_2916_length_1347_cov_45.906250	812	892	2	42	80	0.5250000
NODE_2916_length_1347_cov_45.906250	812	892	4	21	80	0.2625000
NODE_2916_length_1347_cov_45.906250	812	892	7	1	80	0.0125000
NODE_2916_length_1347_cov_45.906250	812	892	8	10	80	0.1250000
NODE_2916_length_1347_cov_45.906250	865	945	4	16	80	0.2000000
NODE_2916_length_1347_cov_45.906250	865	945	7	1	80	0.0125000
NODE_2916_length_1347_cov_45.906250	865	945	8	17	80	0.2125000
NODE_2916_length_1347_cov_45.906250	865	945	10	7	80	0.0875000
NODE_2916_length_1347_cov_45.906250	865	945	18	39	80	0.4875000
NODE_2917_length_1347_cov_41.643429	439	519	2	30	80	0.3750000
NODE_2917_length_1347_cov_41.643429	439	519	4	29	80	0.3625000
NODE_2917_length_1347_cov_41.643429	439	519	6	1	80	0.0125000
NODE_2917_length_1347_cov_41.643429	439	519	21	4	80	0.0500000
NODE_2917_length_1347_cov_41.643429	439	519	29	16	80	0.2000000
NODE_2917_length_1347_cov_41.643429	492	572	4	6	80	0.0750000
NODE_2917_length_1347_cov_41.643429	492	572	6	1	80	0.0125000
NODE_2917_length_1347_cov_41.643429	492	572	21	4	80	0.0500000
NODE_2917_length_1347_cov_41.643429	492	572	28	11	80	0.1375000
NODE_2917_length_1347_cov_41.643429	492	572	29	18	80	0.2250000
NODE_2917_length_1347_cov_41.643429	492	572	30	8	80	0.1000000
NODE_2917_length_1347_cov_41.643429	492	572	31	27	80	0.3375000
NODE_2917_length_1347_cov_41.643429	492	572	32	5	80	0.0625000
NODE_2918_length_1347_cov_19.941506	458	538	0	80	80	1.0000000
NODE_2918_length_1347_cov_19.941506	511	591	0	80	80	1.0000000
NODE_2918_length_1347_cov_19.941506	587	667	0	80	80	1.0000000
NODE_2918_length_1347_cov_19.941506	640	720	0	80	80	1.0000000
NODE_2919_length_1347_cov_16.520833	713	793	0	80	80	1.0000000
NODE_2919_length_1347_cov_16.520833	766	846	0	80	80	1.0000000
NODE_2920_length_1347_cov_15.967147	638	718	0	80	80	1.0000000
NODE_2920_length_1347_cov_15.967147	691	771	0	80	80	1.0000000
NODE_2925_length_1346_cov_13.112269	429	509	4	37	80	0.4625000
NODE_2925_length_1346_cov_13.112269	429	509	6	43	80	0.5375000
NODE_2925_length_1346_cov_13.112269	482	562	0	2	80	0.0250000
NODE_2925_length_1346_cov_13.112269	482	562	1	9	80	0.1125000
NODE_2925_length_1346_cov_13.112269	482	562	2	4	80	0.0500000
NODE_2925_length_1346_cov_13.112269	482	562	4	32	80	0.4000000
NODE_2925_length_1346_cov_13.112269	482	562	6	33	80	0.4125000
NODE_2928_length_1345_cov_32.099518	629	709	2	29	80	0.3625000
NODE_2928_length_1345_cov_32.099518	629	709	4	41	80	0.5125000
NODE_2928_length_1345_cov_32.099518	629	709	6	10	80	0.1250000
NODE_2928_length_1345_cov_32.099518	682	762	0	4	80	0.0500000
NODE_2928_length_1345_cov_32.099518	682	762	2	17	80	0.2125000
NODE_2928_length_1345_cov_32.099518	682	762	4	57	80	0.7125000
NODE_2928_length_1345_cov_32.099518	682	762	6	2	80	0.0250000
NODE_2929_length_1345_cov_19.837881	723	803	0	80	80	1.0000000
NODE_2929_length_1345_cov_19.837881	776	856	0	80	80	1.0000000
NODE_2930_length_1345_cov_14.262440	361	441	0	80	80	1.0000000
NODE_2930_length_1345_cov_14.262440	414	494	0	80	80	1.0000000
NODE_2930_length_1345_cov_14.262440	490	570	0	80	80	1.0000000
NODE_2930_length_1345_cov_14.262440	543	623	0	80	80	1.0000000
NODE_2931_length_1345_cov_14.103531	950	1030	0	80	80	1.0000000
NODE_2931_length_1345_cov_14.103531	1003	1083	0	80	80	1.0000000
NODE_2934_length_1344_cov_15.013655	345	425	0	80	80	1.0000000
NODE_2934_length_1344_cov_15.013655	398	478	0	35	80	0.4375000
NODE_2934_length_1344_cov_15.013655	398	478	2	45	80	0.5625000
NODE_2935_length_1344_cov_11.383133	519	599	0	80	80	1.0000000
NODE_2935_length_1344_cov_11.383133	572	652	0	80	80	1.0000000
NODE_2935_length_1344_cov_11.383133	648	728	0	52	80	0.6500000
NODE_2935_length_1344_cov_11.383133	648	728	2	28	80	0.3500000
NODE_2935_length_1344_cov_11.383133	701	781	2	78	80	0.9750000
NODE_2935_length_1344_cov_11.383133	701	781	4	2	80	0.0250000
NODE_2936_length_1344_cov_10.924498	529	609	0	22	80	0.2750000
NODE_2936_length_1344_cov_10.924498	529	609	2	58	80	0.7250000
NODE_2936_length_1344_cov_10.924498	582	662	0	51	80	0.6375000
NODE_2936_length_1344_cov_10.924498	582	662	2	29	80	0.3625000
NODE_2937_length_1344_cov_5.531727	920	975	0	7	55	0.1272727
NODE_2937_length_1344_cov_5.531727	920	975	2	48	55	0.8727273
NODE_2942_length_1343_cov_36.005627	150	230	28	1	80	0.0125000
NODE_2942_length_1343_cov_36.005627	150	230	32	1	80	0.0125000
NODE_2942_length_1343_cov_36.005627	150	230	36	5	80	0.0625000
NODE_2942_length_1343_cov_36.005627	150	230	38	1	80	0.0125000
NODE_2942_length_1343_cov_36.005627	150	230	39	4	80	0.0500000
NODE_2942_length_1343_cov_36.005627	150	230	41	1	80	0.0125000
NODE_2942_length_1343_cov_36.005627	150	230	45	4	80	0.0500000
NODE_2942_length_1343_cov_36.005627	150	230	47	10	80	0.1250000
NODE_2942_length_1343_cov_36.005627	150	230	49	2	80	0.0250000
NODE_2942_length_1343_cov_36.005627	150	230	51	9	80	0.1125000
NODE_2942_length_1343_cov_36.005627	150	230	53	1	80	0.0125000
NODE_2942_length_1343_cov_36.005627	150	230	55	3	80	0.0375000
NODE_2942_length_1343_cov_36.005627	150	230	57	2	80	0.0250000
NODE_2942_length_1343_cov_36.005627	150	230	59	24	80	0.3000000
NODE_2942_length_1343_cov_36.005627	150	230	60	10	80	0.1250000
NODE_2942_length_1343_cov_36.005627	150	230	62	2	80	0.0250000
NODE_2942_length_1343_cov_36.005627	286	366	0	6	80	0.0750000
NODE_2942_length_1343_cov_36.005627	286	366	6	74	80	0.9250000
NODE_2942_length_1343_cov_36.005627	339	419	0	17	80	0.2125000
NODE_2942_length_1343_cov_36.005627	339	419	5	3	80	0.0375000
NODE_2942_length_1343_cov_36.005627	339	419	6	60	80	0.7500000
NODE_2942_length_1343_cov_36.005627	415	495	0	80	80	1.0000000
NODE_2942_length_1343_cov_36.005627	468	548	0	38	80	0.4750000
NODE_2942_length_1343_cov_36.005627	468	548	2	42	80	0.5250000
NODE_2943_length_1343_cov_26.826367	782	862	0	14	80	0.1750000
NODE_2943_length_1343_cov_26.826367	782	862	2	66	80	0.8250000
NODE_2943_length_1343_cov_26.826367	835	915	0	65	80	0.8125000
NODE_2943_length_1343_cov_26.826367	835	915	2	15	80	0.1875000
NODE_2944_length_1343_cov_19.353698	799	879	0	6	80	0.0750000
NODE_2944_length_1343_cov_19.353698	799	879	1	2	80	0.0250000
NODE_2944_length_1343_cov_19.353698	799	879	2	72	80	0.9000000
NODE_2944_length_1343_cov_19.353698	852	932	0	8	80	0.1000000
NODE_2944_length_1343_cov_19.353698	852	932	1	2	80	0.0250000
NODE_2944_length_1343_cov_19.353698	852	932	2	62	80	0.7750000
NODE_2944_length_1343_cov_19.353698	852	932	5	8	80	0.1000000
NODE_2944_length_1343_cov_19.353698	928	1008	4	11	80	0.1375000
NODE_2944_length_1343_cov_19.353698	928	1008	5	18	80	0.2250000
NODE_2944_length_1343_cov_19.353698	928	1008	6	51	80	0.6375000
NODE_2944_length_1343_cov_19.353698	981	1061	0	6	80	0.0750000
NODE_2944_length_1343_cov_19.353698	981	1061	4	58	80	0.7250000
NODE_2944_length_1343_cov_19.353698	981	1061	6	16	80	0.2000000
NODE_2945_length_1343_cov_15.717846	745	825	2	80	80	1.0000000
NODE_2945_length_1343_cov_15.717846	798	878	0	27	80	0.3375000
NODE_2945_length_1343_cov_15.717846	798	878	2	53	80	0.6625000
NODE_2949_length_1342_cov_30.491553	456	536	0	14	80	0.1750000
NODE_2949_length_1342_cov_30.491553	456	536	2	66	80	0.8250000
NODE_2949_length_1342_cov_30.491553	509	589	0	20	80	0.2500000
NODE_2949_length_1342_cov_30.491553	509	589	2	60	80	0.7500000
NODE_2949_length_1342_cov_30.491553	585	665	0	80	80	1.0000000
NODE_2949_length_1342_cov_30.491553	638	718	0	80	80	1.0000000
NODE_2950_length_1342_cov_26.796460	538	618	13	59	80	0.7375000
NODE_2950_length_1342_cov_26.796460	538	618	14	21	80	0.2625000
NODE_2950_length_1342_cov_26.796460	591	671	0	2	80	0.0250000
NODE_2950_length_1342_cov_26.796460	591	671	7	1	80	0.0125000
NODE_2950_length_1342_cov_26.796460	591	671	12	6	80	0.0750000
NODE_2950_length_1342_cov_26.796460	591	671	13	71	80	0.8875000
NODE_2950_length_1342_cov_26.796460	667	747	0	38	80	0.4750000
NODE_2950_length_1342_cov_26.796460	667	747	2	40	80	0.5000000
NODE_2950_length_1342_cov_26.796460	667	747	7	1	80	0.0125000
NODE_2950_length_1342_cov_26.796460	667	747	12	1	80	0.0125000
NODE_2950_length_1342_cov_26.796460	720	800	0	11	80	0.1375000
NODE_2950_length_1342_cov_26.796460	720	800	2	69	80	0.8625000
NODE_2951_length_1342_cov_22.769912	298	378	0	16	80	0.2000000
NODE_2951_length_1342_cov_22.769912	298	378	2	64	80	0.8000000
NODE_2951_length_1342_cov_22.769912	351	431	0	47	80	0.5875000
NODE_2951_length_1342_cov_22.769912	351	431	2	33	80	0.4125000
NODE_2951_length_1342_cov_22.769912	427	507	0	80	80	1.0000000
NODE_2951_length_1342_cov_22.769912	480	560	0	80	80	1.0000000
NODE_2953_length_1341_cov_22.449275	494	574	0	21	80	0.2625000
NODE_2953_length_1341_cov_22.449275	494	574	1	59	80	0.7375000
NODE_2953_length_1341_cov_22.449275	547	627	0	74	80	0.9250000
NODE_2953_length_1341_cov_22.449275	547	627	1	6	80	0.0750000
NODE_2953_length_1341_cov_22.449275	623	703	0	7	80	0.0875000
NODE_2953_length_1341_cov_22.449275	623	703	2	27	80	0.3375000
NODE_2953_length_1341_cov_22.449275	623	703	4	46	80	0.5750000
NODE_2953_length_1341_cov_22.449275	676	755	2	1	79	0.0126582
NODE_2953_length_1341_cov_22.449275	676	755	4	78	79	0.9873418
NODE_2954_length_1341_cov_14.497585	415	495	0	7	80	0.0875000
NODE_2954_length_1341_cov_14.497585	415	495	2	73	80	0.9125000
NODE_2954_length_1341_cov_14.497585	468	548	0	47	80	0.5875000
NODE_2954_length_1341_cov_14.497585	468	548	2	33	80	0.4125000
NODE_2954_length_1341_cov_14.497585	544	624	0	80	80	1.0000000
NODE_2954_length_1341_cov_14.497585	597	677	0	47	80	0.5875000
NODE_2954_length_1341_cov_14.497585	597	677	1	33	80	0.4125000
NODE_2960_length_1340_cov_9.460113	531	611	4	80	80	1.0000000
NODE_2960_length_1340_cov_9.460113	584	664	0	8	80	0.1000000
NODE_2960_length_1340_cov_9.460113	584	664	4	72	80	0.9000000
NODE_2961_length_1340_cov_6.511684	735	815	0	22	80	0.2750000
NODE_2961_length_1340_cov_6.511684	735	815	2	58	80	0.7250000
NODE_2961_length_1340_cov_6.511684	788	868	0	29	80	0.3625000
NODE_2961_length_1340_cov_6.511684	788	868	2	51	80	0.6375000
NODE_2966_length_1339_cov_22.725000	751	831	0	80	80	1.0000000
NODE_2966_length_1339_cov_22.725000	804	884	0	80	80	1.0000000
NODE_2967_length_1339_cov_9.322581	329	409	0	80	80	1.0000000
NODE_2967_length_1339_cov_9.322581	382	462	0	80	80	1.0000000
NODE_2970_length_1338_cov_31.740920	527	607	0	80	80	1.0000000
NODE_2970_length_1338_cov_31.740920	580	660	0	80	80	1.0000000
NODE_2970_length_1338_cov_31.740920	656	736	0	80	80	1.0000000
NODE_2970_length_1338_cov_31.740920	709	789	0	80	80	1.0000000
NODE_2971_length_1338_cov_21.254237	639	719	0	28	80	0.3500000
NODE_2971_length_1338_cov_21.254237	639	719	2	28	80	0.3500000
NODE_2971_length_1338_cov_21.254237	639	719	4	24	80	0.3000000
NODE_2971_length_1338_cov_21.254237	692	772	2	14	80	0.1750000
NODE_2971_length_1338_cov_21.254237	692	772	4	66	80	0.8250000
NODE_2974_length_1337_cov_32.307754	739	819	0	7	80	0.0875000
NODE_2974_length_1337_cov_32.307754	739	819	6	73	80	0.9125000
NODE_2974_length_1337_cov_32.307754	792	872	0	14	80	0.1750000
NODE_2974_length_1337_cov_32.307754	792	872	4	10	80	0.1250000
NODE_2974_length_1337_cov_32.307754	792	872	6	56	80	0.7000000
NODE_2975_length_1337_cov_30.412763	465	545	0	16	80	0.2000000
NODE_2975_length_1337_cov_30.412763	465	545	2	64	80	0.8000000
NODE_2975_length_1337_cov_30.412763	518	598	0	4	80	0.0500000
NODE_2975_length_1337_cov_30.412763	518	598	2	62	80	0.7750000
NODE_2975_length_1337_cov_30.412763	518	598	5	14	80	0.1750000
NODE_2976_length_1337_cov_12.760905	560	640	2	18	80	0.2250000
NODE_2976_length_1337_cov_12.760905	560	640	4	27	80	0.3375000
NODE_2976_length_1337_cov_12.760905	560	640	6	35	80	0.4375000
NODE_2976_length_1337_cov_12.760905	613	693	0	50	80	0.6250000
NODE_2976_length_1337_cov_12.760905	613	693	4	30	80	0.3750000
NODE_2977_length_1337_cov_9.463651	724	804	0	36	80	0.4500000
NODE_2977_length_1337_cov_9.463651	724	804	1	12	80	0.1500000
NODE_2977_length_1337_cov_9.463651	724	804	5	15	80	0.1875000
NODE_2977_length_1337_cov_9.463651	724	804	6	17	80	0.2125000
NODE_2977_length_1337_cov_9.463651	777	857	5	10	80	0.1250000
NODE_2977_length_1337_cov_9.463651	777	857	6	70	80	0.8750000
NODE_2979_length_1337_cov_4.540388	216	296	0	80	80	1.0000000
NODE_2979_length_1337_cov_4.540388	272	349	0	39	77	0.5064935
NODE_2979_length_1337_cov_4.540388	272	349	2	38	77	0.4935065
NODE_2981_length_1336_cov_28.161681	394	474	0	80	80	1.0000000
NODE_2981_length_1336_cov_28.161681	447	527	0	80	80	1.0000000
NODE_2981_length_1336_cov_28.161681	523	603	0	80	80	1.0000000
NODE_2981_length_1336_cov_28.161681	576	656	0	80	80	1.0000000
NODE_2982_length_1336_cov_7.860954	17	98	4	23	81	0.2839506
NODE_2982_length_1336_cov_7.860954	17	98	6	10	81	0.1234568
NODE_2982_length_1336_cov_7.860954	17	98	8	48	81	0.5925926
NODE_2984_length_1336_cov_1.689572	1229	1289	0	59	60	0.9833333
NODE_2984_length_1336_cov_1.689572	1229	1289	4	1	60	0.0166667
NODE_2984_length_1336_cov_1.689572	1262	1336	0	74	74	1.0000000
NODE_2985_length_1335_cov_19.547735	530	607	6	77	77	1.0000000
NODE_2985_length_1335_cov_19.547735	582	660	0	42	78	0.5384616
NODE_2985_length_1335_cov_19.547735	582	660	2	4	78	0.0512821
NODE_2985_length_1335_cov_19.547735	582	660	6	32	78	0.4102564
NODE_2985_length_1335_cov_19.547735	656	736	0	80	80	1.0000000
NODE_2985_length_1335_cov_19.547735	709	789	0	80	80	1.0000000
NODE_2986_length_1335_cov_15.383495	419	499	0	80	80	1.0000000
NODE_2986_length_1335_cov_15.383495	472	552	0	80	80	1.0000000
NODE_2986_length_1335_cov_15.383495	548	628	0	80	80	1.0000000
NODE_2986_length_1335_cov_15.383495	601	681	0	80	80	1.0000000
NODE_2991_length_1333_cov_27.372771	493	573	0	80	80	1.0000000
NODE_2991_length_1333_cov_27.372771	546	626	0	80	80	1.0000000
NODE_2996_length_1332_cov_18.978913	648	728	0	80	80	1.0000000
NODE_2996_length_1332_cov_18.978913	701	781	0	80	80	1.0000000
NODE_2996_length_1332_cov_18.978913	777	857	0	80	80	1.0000000
NODE_2996_length_1332_cov_18.978913	830	910	0	80	80	1.0000000
NODE_2997_length_1332_cov_3.112733	87	151	0	47	64	0.7343750
NODE_2997_length_1332_cov_3.112733	87	151	2	5	64	0.0781250
NODE_2997_length_1332_cov_3.112733	87	151	6	3	64	0.0468750
NODE_2997_length_1332_cov_3.112733	87	151	8	9	64	0.1406250
NODE_3000_length_1331_cov_16.831981	392	472	0	60	80	0.7500000
NODE_3000_length_1331_cov_16.831981	392	472	2	12	80	0.1500000
NODE_3000_length_1331_cov_16.831981	392	472	4	8	80	0.1000000
NODE_3000_length_1331_cov_16.831981	445	525	0	13	80	0.1625000
NODE_3000_length_1331_cov_16.831981	445	525	2	21	80	0.2625000
NODE_3000_length_1331_cov_16.831981	445	525	4	46	80	0.5750000
NODE_3000_length_1331_cov_16.831981	521	601	0	80	80	1.0000000
NODE_3000_length_1331_cov_16.831981	574	654	0	80	80	1.0000000
NODE_3001_length_1331_cov_12.841721	871	951	2	53	80	0.6625000
NODE_3001_length_1331_cov_12.841721	871	951	4	2	80	0.0250000
NODE_3001_length_1331_cov_12.841721	871	951	6	8	80	0.1000000
NODE_3001_length_1331_cov_12.841721	871	951	8	17	80	0.2125000
NODE_3001_length_1331_cov_12.841721	924	1004	4	2	80	0.0250000
NODE_3001_length_1331_cov_12.841721	924	1004	6	8	80	0.1000000
NODE_3001_length_1331_cov_12.841721	924	1004	8	70	80	0.8750000
NODE_3004_length_1331_cov_2.090097	0	76	0	76	76	1.0000000
NODE_3004_length_1331_cov_2.090097	49	98	0	49	49	1.0000000
NODE_3007_length_1330_cov_48.993501	278	358	0	80	80	1.0000000
NODE_3007_length_1330_cov_48.993501	331	411	0	80	80	1.0000000
NODE_3007_length_1330_cov_48.993501	742	822	0	57	80	0.7125000
NODE_3007_length_1330_cov_48.993501	742	822	4	23	80	0.2875000
NODE_3007_length_1330_cov_48.993501	795	875	0	4	80	0.0500000
NODE_3007_length_1330_cov_48.993501	795	875	4	76	80	0.9500000
NODE_3008_length_1330_cov_11.037368	407	487	0	80	80	1.0000000
NODE_3008_length_1330_cov_11.037368	460	540	0	80	80	1.0000000
NODE_3008_length_1330_cov_11.037368	536	617	0	81	81	1.0000000
NODE_3008_length_1330_cov_11.037368	590	670	0	80	80	1.0000000
NODE_3009_length_1330_cov_9.026807	551	631	2	2	80	0.0250000
NODE_3009_length_1330_cov_9.026807	551	631	3	44	80	0.5500000
NODE_3009_length_1330_cov_9.026807	551	631	4	34	80	0.4250000
NODE_3009_length_1330_cov_9.026807	604	684	3	4	80	0.0500000
NODE_3009_length_1330_cov_9.026807	604	684	4	76	80	0.9500000
NODE_3011_length_1329_cov_17.036585	691	771	0	80	80	1.0000000
NODE_3011_length_1329_cov_17.036585	744	824	0	80	80	1.0000000
NODE_3011_length_1329_cov_17.036585	820	900	0	80	80	1.0000000
NODE_3011_length_1329_cov_17.036585	873	953	0	80	80	1.0000000
NODE_3012_length_1329_cov_16.341463	428	476	10	2	48	0.0416667
NODE_3012_length_1329_cov_16.341463	428	476	11	10	48	0.2083333
NODE_3012_length_1329_cov_16.341463	428	476	12	3	48	0.0625000
NODE_3012_length_1329_cov_16.341463	428	476	14	1	48	0.0208333
NODE_3012_length_1329_cov_16.341463	428	476	16	3	48	0.0625000
NODE_3012_length_1329_cov_16.341463	428	476	18	2	48	0.0416667
NODE_3012_length_1329_cov_16.341463	428	476	25	2	48	0.0416667
NODE_3012_length_1329_cov_16.341463	428	476	29	2	48	0.0416667
NODE_3012_length_1329_cov_16.341463	428	476	31	1	48	0.0208333
NODE_3012_length_1329_cov_16.341463	428	476	32	7	48	0.1458333
NODE_3012_length_1329_cov_16.341463	428	476	34	1	48	0.0208333
NODE_3012_length_1329_cov_16.341463	428	476	36	4	48	0.0833333
NODE_3012_length_1329_cov_16.341463	428	476	39	1	48	0.0208333
NODE_3012_length_1329_cov_16.341463	428	476	41	2	48	0.0416667
NODE_3012_length_1329_cov_16.341463	428	476	43	1	48	0.0208333
NODE_3012_length_1329_cov_16.341463	428	476	47	6	48	0.1250000
NODE_3013_length_1329_cov_5.620325	888	955	0	44	67	0.6567164
NODE_3013_length_1329_cov_5.620325	888	955	4	17	67	0.2537313
NODE_3013_length_1329_cov_5.620325	888	955	8	6	67	0.0895522
NODE_3013_length_1329_cov_5.620325	941	999	4	8	58	0.1379310
NODE_3013_length_1329_cov_5.620325	941	999	8	50	58	0.8620690
NODE_3017_length_1328_cov_12.954434	794	874	2	3	80	0.0375000
NODE_3017_length_1328_cov_12.954434	794	874	3	43	80	0.5375000
NODE_3017_length_1328_cov_12.954434	794	874	4	24	80	0.3000000
NODE_3017_length_1328_cov_12.954434	794	874	5	10	80	0.1250000
NODE_3017_length_1328_cov_12.954434	847	927	2	56	80	0.7000000
NODE_3017_length_1328_cov_12.954434	847	927	3	14	80	0.1750000
NODE_3017_length_1328_cov_12.954434	847	927	5	10	80	0.1250000
NODE_3018_length_1328_cov_8.810415	762	842	0	80	80	1.0000000
NODE_3018_length_1328_cov_8.810415	815	895	0	80	80	1.0000000
NODE_3021_length_1327_cov_15.938925	260	340	0	4	80	0.0500000
NODE_3021_length_1327_cov_15.938925	260	340	4	74	80	0.9250000
NODE_3021_length_1327_cov_15.938925	260	340	8	2	80	0.0250000
NODE_3021_length_1327_cov_15.938925	313	393	4	78	80	0.9750000
NODE_3021_length_1327_cov_15.938925	313	393	8	2	80	0.0250000
NODE_3022_length_1327_cov_7.274430	159	235	0	8	76	0.1052632
NODE_3022_length_1327_cov_7.274430	159	235	2	68	76	0.8947368
NODE_3022_length_1327_cov_7.274430	774	854	3	48	80	0.6000000
NODE_3022_length_1327_cov_7.274430	774	854	4	1	80	0.0125000
NODE_3022_length_1327_cov_7.274430	774	854	5	31	80	0.3875000
NODE_3022_length_1327_cov_7.274430	827	890	0	35	63	0.5555556
NODE_3022_length_1327_cov_7.274430	827	890	3	28	63	0.4444444
NODE_3023_length_1327_cov_6.486156	896	976	0	80	80	1.0000000
NODE_3023_length_1327_cov_6.486156	949	1029	0	80	80	1.0000000
NODE_3029_length_1326_cov_32.382233	571	651	0	80	80	1.0000000
NODE_3029_length_1326_cov_32.382233	624	704	0	80	80	1.0000000
NODE_3030_length_1326_cov_30.614507	760	840	0	80	80	1.0000000
NODE_3030_length_1326_cov_30.614507	813	893	0	80	80	1.0000000
NODE_3031_length_1326_cov_30.304808	488	568	0	47	80	0.5875000
NODE_3031_length_1326_cov_30.304808	488	568	2	33	80	0.4125000
NODE_3031_length_1326_cov_30.304808	541	621	0	5	80	0.0625000
NODE_3031_length_1326_cov_30.304808	541	621	2	75	80	0.9375000
NODE_3031_length_1326_cov_30.304808	617	697	0	68	80	0.8500000
NODE_3031_length_1326_cov_30.304808	617	697	4	12	80	0.1500000
NODE_3031_length_1326_cov_30.304808	670	750	0	15	80	0.1875000
NODE_3031_length_1326_cov_30.304808	670	750	4	65	80	0.8125000
NODE_3032_length_1326_cov_10.913610	238	318	0	50	80	0.6250000
NODE_3032_length_1326_cov_10.913610	238	318	2	30	80	0.3750000
NODE_3032_length_1326_cov_10.913610	291	371	0	80	80	1.0000000
NODE_3036_length_1325_cov_38.136215	0	46	0	8	46	0.1739130
NODE_3036_length_1325_cov_38.136215	0	46	4	1	46	0.0217391
NODE_3036_length_1325_cov_38.136215	0	46	8	1	46	0.0217391
NODE_3036_length_1325_cov_38.136215	0	46	12	36	46	0.7826087
NODE_3036_length_1325_cov_38.136215	19	99	11	21	80	0.2625000
NODE_3036_length_1325_cov_38.136215	19	99	12	57	80	0.7125000
NODE_3036_length_1325_cov_38.136215	19	99	17	2	80	0.0250000
NODE_3036_length_1325_cov_38.136215	948	1022	43	1	74	0.0135135
NODE_3036_length_1325_cov_38.136215	948	1022	45	3	74	0.0405405
NODE_3036_length_1325_cov_38.136215	948	1022	46	4	74	0.0540541
NODE_3036_length_1325_cov_38.136215	948	1022	47	17	74	0.2297297
NODE_3036_length_1325_cov_38.136215	948	1022	48	3	74	0.0405405
NODE_3036_length_1325_cov_38.136215	948	1022	49	9	74	0.1216216
NODE_3036_length_1325_cov_38.136215	948	1022	50	1	74	0.0135135
NODE_3036_length_1325_cov_38.136215	948	1022	51	7	74	0.0945946
NODE_3036_length_1325_cov_38.136215	948	1022	52	6	74	0.0810811
NODE_3036_length_1325_cov_38.136215	948	1022	53	4	74	0.0540541
NODE_3036_length_1325_cov_38.136215	948	1022	54	8	74	0.1081081
NODE_3036_length_1325_cov_38.136215	948	1022	55	6	74	0.0810811
NODE_3036_length_1325_cov_38.136215	948	1022	56	3	74	0.0405405
NODE_3036_length_1325_cov_38.136215	948	1022	57	2	74	0.0270270
NODE_3036_length_1325_cov_38.136215	1001	1063	31	3	62	0.0483871
NODE_3036_length_1325_cov_38.136215	1001	1063	32	1	62	0.0161290
NODE_3036_length_1325_cov_38.136215	1001	1063	34	1	62	0.0161290
NODE_3036_length_1325_cov_38.136215	1001	1063	35	3	62	0.0483871
NODE_3036_length_1325_cov_38.136215	1001	1063	36	1	62	0.0161290
NODE_3036_length_1325_cov_38.136215	1001	1063	39	1	62	0.0161290
NODE_3036_length_1325_cov_38.136215	1001	1063	40	3	62	0.0483871
NODE_3036_length_1325_cov_38.136215	1001	1063	42	8	62	0.1290323
NODE_3036_length_1325_cov_38.136215	1001	1063	43	1	62	0.0161290
NODE_3036_length_1325_cov_38.136215	1001	1063	45	2	62	0.0322581
NODE_3036_length_1325_cov_38.136215	1001	1063	46	2	62	0.0322581
NODE_3036_length_1325_cov_38.136215	1001	1063	47	10	62	0.1612903
NODE_3036_length_1325_cov_38.136215	1001	1063	48	3	62	0.0483871
NODE_3036_length_1325_cov_38.136215	1001	1063	49	4	62	0.0645161
NODE_3036_length_1325_cov_38.136215	1001	1063	51	1	62	0.0161290
NODE_3036_length_1325_cov_38.136215	1001	1063	53	4	62	0.0645161
NODE_3036_length_1325_cov_38.136215	1001	1063	55	1	62	0.0161290
NODE_3036_length_1325_cov_38.136215	1001	1063	57	12	62	0.1935484
NODE_3036_length_1325_cov_38.136215	1001	1063	58	1	62	0.0161290
NODE_3037_length_1325_cov_29.201468	613	693	0	80	80	1.0000000
NODE_3037_length_1325_cov_29.201468	666	746	0	80	80	1.0000000
NODE_3038_length_1325_cov_11.902121	697	777	0	58	80	0.7250000
NODE_3038_length_1325_cov_11.902121	697	777	2	22	80	0.2750000
NODE_3038_length_1325_cov_11.902121	750	830	0	35	80	0.4375000
NODE_3038_length_1325_cov_11.902121	750	830	2	45	80	0.5625000
NODE_3039_length_1325_cov_7.876835	645	725	0	13	80	0.1625000
NODE_3039_length_1325_cov_7.876835	645	725	2	67	80	0.8375000
NODE_3039_length_1325_cov_7.876835	698	778	0	48	80	0.6000000
NODE_3039_length_1325_cov_7.876835	698	778	2	32	80	0.4000000
NODE_3040_length_1325_cov_3.774062	1157	1218	0	5	61	0.0819672
NODE_3040_length_1325_cov_3.774062	1157	1218	2	9	61	0.1475410
NODE_3040_length_1325_cov_3.774062	1157	1218	4	47	61	0.7704918
NODE_3040_length_1325_cov_3.774062	1191	1271	0	9	80	0.1125000
NODE_3040_length_1325_cov_3.774062	1191	1271	2	15	80	0.1875000
NODE_3040_length_1325_cov_3.774062	1191	1271	4	56	80	0.7000000
NODE_3041_length_1325_cov_2.896411	0	58	2	1	58	0.0172414
NODE_3041_length_1325_cov_2.896411	0	58	4	5	58	0.0862069
NODE_3041_length_1325_cov_2.896411	0	58	6	2	58	0.0344828
NODE_3041_length_1325_cov_2.896411	0	58	8	7	58	0.1206897
NODE_3041_length_1325_cov_2.896411	0	58	10	8	58	0.1379310
NODE_3041_length_1325_cov_2.896411	0	58	14	1	58	0.0172414
NODE_3041_length_1325_cov_2.896411	0	58	16	1	58	0.0172414
NODE_3041_length_1325_cov_2.896411	0	58	17	7	58	0.1206897
NODE_3041_length_1325_cov_2.896411	0	58	18	2	58	0.0344828
NODE_3041_length_1325_cov_2.896411	0	58	20	24	58	0.4137931
NODE_3041_length_1325_cov_2.896411	8	67	8	7	59	0.1186441
NODE_3041_length_1325_cov_2.896411	8	67	10	8	59	0.1355932
NODE_3041_length_1325_cov_2.896411	8	67	14	1	59	0.0169492
NODE_3041_length_1325_cov_2.896411	8	67	16	1	59	0.0169492
NODE_3041_length_1325_cov_2.896411	8	67	17	7	59	0.1186441
NODE_3041_length_1325_cov_2.896411	8	67	18	2	59	0.0338983
NODE_3041_length_1325_cov_2.896411	8	67	20	33	59	0.5593221
NODE_3046_length_1324_cov_30.340408	939	1019	0	23	80	0.2875000
NODE_3046_length_1324_cov_30.340408	939	1019	2	54	80	0.6750000
NODE_3046_length_1324_cov_30.340408	939	1019	3	3	80	0.0375000
NODE_3046_length_1324_cov_30.340408	992	1072	1	14	80	0.1750000
NODE_3046_length_1324_cov_30.340408	992	1072	2	61	80	0.7625000
NODE_3046_length_1324_cov_30.340408	992	1072	3	5	80	0.0625000
NODE_3047_length_1324_cov_7.391020	742	822	2	67	80	0.8375000
NODE_3047_length_1324_cov_7.391020	742	822	4	13	80	0.1625000
NODE_3047_length_1324_cov_7.391020	795	875	2	20	80	0.2500000
NODE_3047_length_1324_cov_7.391020	795	875	4	37	80	0.4625000
NODE_3047_length_1324_cov_7.391020	795	875	6	23	80	0.2875000
NODE_3053_length_1323_cov_30.600490	392	472	2	15	80	0.1875000
NODE_3053_length_1323_cov_30.600490	392	472	4	9	80	0.1125000
NODE_3053_length_1323_cov_30.600490	392	472	6	56	80	0.7000000
NODE_3053_length_1323_cov_30.600490	445	525	0	38	80	0.4750000
NODE_3053_length_1323_cov_30.600490	445	525	4	24	80	0.3000000
NODE_3053_length_1323_cov_30.600490	445	525	6	18	80	0.2250000
NODE_3053_length_1323_cov_30.600490	521	601	0	44	80	0.5500000
NODE_3053_length_1323_cov_30.600490	521	601	8	19	80	0.2375000
NODE_3053_length_1323_cov_30.600490	521	601	12	17	80	0.2125000
NODE_3053_length_1323_cov_30.600490	574	654	8	10	80	0.1250000
NODE_3053_length_1323_cov_30.600490	574	654	12	70	80	0.8750000
NODE_3054_length_1323_cov_20.888889	758	838	9	4	80	0.0500000
NODE_3054_length_1323_cov_20.888889	758	838	11	63	80	0.7875000
NODE_3054_length_1323_cov_20.888889	758	838	12	13	80	0.1625000
NODE_3054_length_1323_cov_20.888889	811	891	5	1	80	0.0125000
NODE_3054_length_1323_cov_20.888889	811	891	9	3	80	0.0375000
NODE_3054_length_1323_cov_20.888889	811	891	11	61	80	0.7625000
NODE_3054_length_1323_cov_20.888889	811	891	12	15	80	0.1875000
NODE_3061_length_1322_cov_8.988553	287	368	2	81	81	1.0000000
NODE_3061_length_1322_cov_8.988553	341	421	0	4	80	0.0500000
NODE_3061_length_1322_cov_8.988553	341	421	1	1	80	0.0125000
NODE_3061_length_1322_cov_8.988553	341	421	2	75	80	0.9375000
NODE_3061_length_1322_cov_8.988553	417	497	2	63	80	0.7875000
NODE_3061_length_1322_cov_8.988553	417	497	4	17	80	0.2125000
NODE_3061_length_1322_cov_8.988553	470	550	2	64	80	0.8000000
NODE_3061_length_1322_cov_8.988553	470	550	4	16	80	0.2000000
NODE_3068_length_1321_cov_57.885434	359	439	0	9	80	0.1125000
NODE_3068_length_1321_cov_57.885434	359	439	2	56	80	0.7000000
NODE_3068_length_1321_cov_57.885434	359	439	4	15	80	0.1875000
NODE_3068_length_1321_cov_57.885434	412	492	2	67	80	0.8375000
NODE_3068_length_1321_cov_57.885434	412	492	3	13	80	0.1625000
NODE_3068_length_1321_cov_57.885434	488	568	1	48	80	0.6000000
NODE_3068_length_1321_cov_57.885434	488	568	2	10	80	0.1250000
NODE_3068_length_1321_cov_57.885434	488	568	3	22	80	0.2750000
NODE_3068_length_1321_cov_57.885434	541	621	1	17	80	0.2125000
NODE_3068_length_1321_cov_57.885434	541	621	2	63	80	0.7875000
NODE_3071_length_1320_cov_70.753481	432	512	0	80	80	1.0000000
NODE_3071_length_1320_cov_70.753481	485	565	0	80	80	1.0000000
NODE_3071_length_1320_cov_70.753481	561	641	0	23	80	0.2875000
NODE_3071_length_1320_cov_70.753481	561	641	4	33	80	0.4125000
NODE_3071_length_1320_cov_70.753481	561	641	8	24	80	0.3000000
NODE_3071_length_1320_cov_70.753481	614	694	4	57	80	0.7125000
NODE_3071_length_1320_cov_70.753481	614	694	8	23	80	0.2875000
NODE_3072_length_1320_cov_39.149058	715	795	0	60	80	0.7500000
NODE_3072_length_1320_cov_39.149058	715	795	2	20	80	0.2500000
NODE_3072_length_1320_cov_39.149058	768	848	0	7	80	0.0875000
NODE_3072_length_1320_cov_39.149058	768	848	2	73	80	0.9125000
NODE_3072_length_1320_cov_39.149058	844	924	2	10	80	0.1250000
NODE_3072_length_1320_cov_39.149058	844	924	6	22	80	0.2750000
NODE_3072_length_1320_cov_39.149058	844	924	8	3	80	0.0375000
NODE_3072_length_1320_cov_39.149058	844	924	11	13	80	0.1625000
NODE_3072_length_1320_cov_39.149058	844	924	16	2	80	0.0250000
NODE_3072_length_1320_cov_39.149058	844	924	18	5	80	0.0625000
NODE_3072_length_1320_cov_39.149058	844	924	20	1	80	0.0125000
NODE_3072_length_1320_cov_39.149058	844	924	22	24	80	0.3000000
NODE_3072_length_1320_cov_39.149058	897	977	14	10	80	0.1250000
NODE_3072_length_1320_cov_39.149058	897	977	16	19	80	0.2375000
NODE_3072_length_1320_cov_39.149058	897	977	18	2	80	0.0250000
NODE_3072_length_1320_cov_39.149058	897	977	20	1	80	0.0125000
NODE_3072_length_1320_cov_39.149058	897	977	22	48	80	0.6000000
NODE_3073_length_1320_cov_19.175266	707	783	0	14	76	0.1842105
NODE_3073_length_1320_cov_19.175266	707	783	2	62	76	0.8157895
NODE_3073_length_1320_cov_19.175266	760	840	0	37	80	0.4625000
NODE_3073_length_1320_cov_19.175266	760	840	2	43	80	0.5375000
NODE_3074_length_1320_cov_11.224406	860	940	0	76	80	0.9500000
NODE_3074_length_1320_cov_11.224406	860	940	4	4	80	0.0500000
NODE_3074_length_1320_cov_11.224406	913	993	0	23	80	0.2875000
NODE_3074_length_1320_cov_11.224406	913	993	4	57	80	0.7125000
NODE_3075_length_1320_cov_11.036036	760	840	0	80	80	1.0000000
NODE_3075_length_1320_cov_11.036036	813	893	0	80	80	1.0000000
NODE_3076_length_1320_cov_8.357084	800	880	0	80	80	1.0000000
NODE_3076_length_1320_cov_8.357084	853	933	0	80	80	1.0000000
NODE_3080_length_1319_cov_27.098361	630	710	2	41	80	0.5125000
NODE_3080_length_1319_cov_27.098361	630	710	4	15	80	0.1875000
NODE_3080_length_1319_cov_27.098361	630	710	6	24	80	0.3000000
NODE_3080_length_1319_cov_27.098361	683	763	0	16	80	0.2000000
NODE_3080_length_1319_cov_27.098361	683	763	4	52	80	0.6500000
NODE_3080_length_1319_cov_27.098361	683	763	6	12	80	0.1500000
NODE_3081_length_1319_cov_22.992623	490	570	0	29	80	0.3625000
NODE_3081_length_1319_cov_22.992623	490	570	2	3	80	0.0375000
NODE_3081_length_1319_cov_22.992623	490	570	4	17	80	0.2125000
NODE_3081_length_1319_cov_22.992623	490	570	8	19	80	0.2375000
NODE_3081_length_1319_cov_22.992623	490	570	10	7	80	0.0875000
NODE_3081_length_1319_cov_22.992623	490	570	18	5	80	0.0625000
NODE_3081_length_1319_cov_22.992623	543	623	8	15	80	0.1875000
NODE_3081_length_1319_cov_22.992623	543	623	10	15	80	0.1875000
NODE_3081_length_1319_cov_22.992623	543	623	12	1	80	0.0125000
NODE_3081_length_1319_cov_22.992623	543	623	16	3	80	0.0375000
NODE_3081_length_1319_cov_22.992623	543	623	18	46	80	0.5750000
NODE_3086_length_1318_cov_13.624282	642	722	0	4	80	0.0500000
NODE_3086_length_1318_cov_13.624282	642	722	4	5	80	0.0625000
NODE_3086_length_1318_cov_13.624282	642	722	6	71	80	0.8875000
NODE_3086_length_1318_cov_13.624282	695	775	0	19	80	0.2375000
NODE_3086_length_1318_cov_13.624282	695	775	2	33	80	0.4125000
NODE_3086_length_1318_cov_13.624282	695	775	6	28	80	0.3500000
NODE_3086_length_1318_cov_13.624282	771	851	0	80	80	1.0000000
NODE_3086_length_1318_cov_13.624282	824	904	0	80	80	1.0000000
NODE_3089_length_1317_cov_162.041872	66	143	14	4	77	0.0519481
NODE_3089_length_1317_cov_162.041872	66	143	17	4	77	0.0519481
NODE_3089_length_1317_cov_162.041872	66	143	18	1	77	0.0129870
NODE_3089_length_1317_cov_162.041872	66	143	19	6	77	0.0779221
NODE_3089_length_1317_cov_162.041872	66	143	20	25	77	0.3246753
NODE_3089_length_1317_cov_162.041872	66	143	21	2	77	0.0259740
NODE_3089_length_1317_cov_162.041872	66	143	22	10	77	0.1298701
NODE_3089_length_1317_cov_162.041872	66	143	24	2	77	0.0259740
NODE_3089_length_1317_cov_162.041872	66	143	26	20	77	0.2597403
NODE_3089_length_1317_cov_162.041872	66	143	138	1	77	0.0129870
NODE_3089_length_1317_cov_162.041872	66	143	183	1	77	0.0129870
NODE_3089_length_1317_cov_162.041872	66	143	226	1	77	0.0129870
NODE_3090_length_1317_cov_19.736453	675	755	2	34	80	0.4250000
NODE_3090_length_1317_cov_19.736453	675	755	6	22	80	0.2750000
NODE_3090_length_1317_cov_19.736453	675	755	8	24	80	0.3000000
NODE_3090_length_1317_cov_19.736453	728	808	0	36	80	0.4500000
NODE_3090_length_1317_cov_19.736453	728	808	2	44	80	0.5500000
NODE_3090_length_1317_cov_19.736453	804	884	0	80	80	1.0000000
NODE_3090_length_1317_cov_19.736453	857	937	0	36	80	0.4500000
NODE_3090_length_1317_cov_19.736453	857	937	2	44	80	0.5500000
NODE_3092_length_1317_cov_2.203612	779	859	15	5	80	0.0625000
NODE_3092_length_1317_cov_2.203612	779	859	18	30	80	0.3750000
NODE_3092_length_1317_cov_2.203612	779	859	19	3	80	0.0375000
NODE_3092_length_1317_cov_2.203612	779	859	20	25	80	0.3125000
NODE_3092_length_1317_cov_2.203612	779	859	21	3	80	0.0375000
NODE_3092_length_1317_cov_2.203612	779	859	23	3	80	0.0375000
NODE_3092_length_1317_cov_2.203612	779	859	24	2	80	0.0250000
NODE_3092_length_1317_cov_2.203612	779	859	25	1	80	0.0125000
NODE_3092_length_1317_cov_2.203612	779	859	27	3	80	0.0375000
NODE_3092_length_1317_cov_2.203612	779	859	28	2	80	0.0250000
NODE_3092_length_1317_cov_2.203612	779	859	29	3	80	0.0375000
NODE_3095_length_1316_cov_25.377157	557	637	0	4	80	0.0500000
NODE_3095_length_1316_cov_25.377157	557	637	2	76	80	0.9500000
NODE_3095_length_1316_cov_25.377157	610	690	0	4	80	0.0500000
NODE_3095_length_1316_cov_25.377157	610	690	2	76	80	0.9500000
NODE_3096_length_1316_cov_15.891537	446	526	2	48	80	0.6000000
NODE_3096_length_1316_cov_15.891537	446	526	4	23	80	0.2875000
NODE_3096_length_1316_cov_15.891537	446	526	6	9	80	0.1125000
NODE_3096_length_1316_cov_15.891537	499	579	4	71	80	0.8875000
NODE_3096_length_1316_cov_15.891537	499	579	6	9	80	0.1125000
NODE_3096_length_1316_cov_15.891537	575	655	0	58	80	0.7250000
NODE_3096_length_1316_cov_15.891537	575	655	2	3	80	0.0375000
NODE_3096_length_1316_cov_15.891537	575	655	4	19	80	0.2375000
NODE_3096_length_1316_cov_15.891537	628	708	0	80	80	1.0000000
NODE_3101_length_1315_cov_24.136513	592	672	0	80	80	1.0000000
NODE_3101_length_1315_cov_24.136513	645	725	0	80	80	1.0000000
NODE_3105_length_1314_cov_38.391770	647	727	0	78	80	0.9750000
NODE_3105_length_1314_cov_38.391770	647	727	4	2	80	0.0250000
NODE_3105_length_1314_cov_38.391770	700	780	0	25	80	0.3125000
NODE_3105_length_1314_cov_38.391770	700	780	4	27	80	0.3375000
NODE_3105_length_1314_cov_38.391770	700	780	6	28	80	0.3500000
NODE_3105_length_1314_cov_38.391770	776	856	6	7	80	0.0875000
NODE_3105_length_1314_cov_38.391770	776	856	7	36	80	0.4500000
NODE_3105_length_1314_cov_38.391770	776	856	9	28	80	0.3500000
NODE_3105_length_1314_cov_38.391770	776	856	11	9	80	0.1125000
NODE_3105_length_1314_cov_38.391770	829	909	5	37	80	0.4625000
NODE_3105_length_1314_cov_38.391770	829	909	7	24	80	0.3000000
NODE_3105_length_1314_cov_38.391770	829	909	9	7	80	0.0875000
NODE_3105_length_1314_cov_38.391770	829	909	11	12	80	0.1500000
NODE_3106_length_1314_cov_30.167078	736	816	2	69	80	0.8625000
NODE_3106_length_1314_cov_30.167078	736	816	4	11	80	0.1375000
NODE_3106_length_1314_cov_30.167078	789	869	0	34	80	0.4250000
NODE_3106_length_1314_cov_30.167078	789	869	2	46	80	0.5750000
NODE_3107_length_1314_cov_11.221399	523	603	0	80	80	1.0000000
NODE_3107_length_1314_cov_11.221399	576	656	0	49	80	0.6125000
NODE_3107_length_1314_cov_11.221399	576	656	2	31	80	0.3875000
NODE_3114_length_1313_cov_29.315486	463	543	2	4	80	0.0500000
NODE_3114_length_1313_cov_29.315486	463	543	4	31	80	0.3875000
NODE_3114_length_1313_cov_29.315486	463	543	6	45	80	0.5625000
NODE_3114_length_1313_cov_29.315486	516	596	0	27	80	0.3375000
NODE_3114_length_1313_cov_29.315486	516	596	2	13	80	0.1625000
NODE_3114_length_1313_cov_29.315486	516	596	4	35	80	0.4375000
NODE_3114_length_1313_cov_29.315486	516	596	6	5	80	0.0625000
NODE_3115_length_1313_cov_25.144975	709	789	0	21	80	0.2625000
NODE_3115_length_1313_cov_25.144975	709	789	6	59	80	0.7375000
NODE_3115_length_1313_cov_25.144975	762	842	0	74	80	0.9250000
NODE_3115_length_1313_cov_25.144975	762	842	6	6	80	0.0750000
NODE_3115_length_1313_cov_25.144975	838	918	0	80	80	1.0000000
NODE_3115_length_1313_cov_25.144975	891	971	0	71	80	0.8875000
NODE_3115_length_1313_cov_25.144975	891	971	2	9	80	0.1125000
NODE_3118_length_1312_cov_20.378401	138	218	0	80	80	1.0000000
NODE_3118_length_1312_cov_20.378401	191	271	0	80	80	1.0000000
NODE_3121_length_1311_cov_38.468647	584	664	0	20	80	0.2500000
NODE_3121_length_1311_cov_38.468647	584	664	2	39	80	0.4875000
NODE_3121_length_1311_cov_38.468647	584	664	4	21	80	0.2625000
NODE_3121_length_1311_cov_38.468647	637	717	2	6	80	0.0750000
NODE_3121_length_1311_cov_38.468647	637	717	4	74	80	0.9250000
NODE_3121_length_1311_cov_38.468647	713	793	0	21	80	0.2625000
NODE_3121_length_1311_cov_38.468647	713	793	2	33	80	0.4125000
NODE_3121_length_1311_cov_38.468647	713	793	4	26	80	0.3250000
NODE_3121_length_1311_cov_38.468647	766	846	0	74	80	0.9250000
NODE_3121_length_1311_cov_38.468647	766	846	2	6	80	0.0750000
NODE_3125_length_1310_cov_37.739884	679	759	0	14	80	0.1750000
NODE_3125_length_1310_cov_37.739884	679	759	2	66	80	0.8250000
NODE_3125_length_1310_cov_37.739884	683	763	0	18	80	0.2250000
NODE_3125_length_1310_cov_37.739884	683	763	2	62	80	0.7750000
NODE_3125_length_1310_cov_37.739884	732	816	0	71	84	0.8452381
NODE_3125_length_1310_cov_37.739884	732	816	2	13	84	0.1547619
NODE_3125_length_1310_cov_37.739884	736	816	0	71	80	0.8875000
NODE_3125_length_1310_cov_37.739884	736	816	2	9	80	0.1125000
NODE_3125_length_1310_cov_37.739884	812	892	0	36	80	0.4500000
NODE_3125_length_1310_cov_37.739884	812	892	2	34	80	0.4250000
NODE_3125_length_1310_cov_37.739884	812	892	4	10	80	0.1250000
NODE_3125_length_1310_cov_37.739884	865	945	2	44	80	0.5500000
NODE_3125_length_1310_cov_37.739884	865	945	4	36	80	0.4500000
NODE_3126_length_1310_cov_12.245252	615	695	0	4	80	0.0500000
NODE_3126_length_1310_cov_12.245252	615	695	1	32	80	0.4000000
NODE_3126_length_1310_cov_12.245252	615	695	2	44	80	0.5500000
NODE_3126_length_1310_cov_12.245252	668	748	0	57	80	0.7125000
NODE_3126_length_1310_cov_12.245252	668	748	1	23	80	0.2875000
NODE_3127_length_1310_cov_10.184971	422	502	0	54	80	0.6750000
NODE_3127_length_1310_cov_10.184971	422	502	2	26	80	0.3250000
NODE_3127_length_1310_cov_10.184971	475	555	0	1	80	0.0125000
NODE_3127_length_1310_cov_10.184971	475	555	2	61	80	0.7625000
NODE_3127_length_1310_cov_10.184971	475	555	4	18	80	0.2250000
NODE_3128_length_1310_cov_3.186623	876	956	0	38	80	0.4750000
NODE_3128_length_1310_cov_3.186623	876	956	1	42	80	0.5250000
NODE_3128_length_1310_cov_3.186623	929	1009	1	80	80	1.0000000
NODE_3131_length_1310_cov_0.757225	1255	1310	0	4	55	0.0727273
NODE_3131_length_1310_cov_0.757225	1255	1310	2	4	55	0.0727273
NODE_3131_length_1310_cov_0.757225	1255	1310	4	1	55	0.0181818
NODE_3131_length_1310_cov_0.757225	1255	1310	6	9	55	0.1636364
NODE_3131_length_1310_cov_0.757225	1255	1310	8	6	55	0.1090909
NODE_3131_length_1310_cov_0.757225	1255	1310	10	2	55	0.0363636
NODE_3131_length_1310_cov_0.757225	1255	1310	14	7	55	0.1272727
NODE_3131_length_1310_cov_0.757225	1255	1310	16	8	55	0.1454545
NODE_3131_length_1310_cov_0.757225	1255	1310	18	14	55	0.2545455
NODE_3132_length_1309_cov_34.942149	474	554	0	80	80	1.0000000
NODE_3132_length_1309_cov_34.942149	527	607	0	78	80	0.9750000
NODE_3132_length_1309_cov_34.942149	527	607	2	2	80	0.0250000
NODE_3132_length_1309_cov_34.942149	603	683	0	2	80	0.0250000
NODE_3132_length_1309_cov_34.942149	603	683	2	78	80	0.9750000
NODE_3132_length_1309_cov_34.942149	656	736	0	32	80	0.4000000
NODE_3132_length_1309_cov_34.942149	656	736	2	48	80	0.6000000
NODE_3133_length_1309_cov_10.571074	839	921	2	58	82	0.7073171
NODE_3133_length_1309_cov_10.571074	839	921	8	24	82	0.2926829
NODE_3133_length_1309_cov_10.571074	894	974	2	3	80	0.0375000
NODE_3133_length_1309_cov_10.571074	894	974	5	37	80	0.4625000
NODE_3133_length_1309_cov_10.571074	894	974	6	6	80	0.0750000
NODE_3133_length_1309_cov_10.571074	894	974	8	34	80	0.4250000
NODE_3135_length_1308_cov_43.461538	330	410	0	70	80	0.8750000
NODE_3135_length_1308_cov_43.461538	330	410	2	10	80	0.1250000
NODE_3135_length_1308_cov_43.461538	383	463	0	17	80	0.2125000
NODE_3135_length_1308_cov_43.461538	383	463	2	63	80	0.7875000
NODE_3145_length_1307_cov_11.290563	595	673	0	12	78	0.1538462
NODE_3145_length_1307_cov_11.290563	595	673	4	66	78	0.8461539
NODE_3145_length_1307_cov_11.290563	646	726	0	65	80	0.8125000
NODE_3145_length_1307_cov_11.290563	646	726	4	15	80	0.1875000
NODE_3146_length_1307_cov_8.653146	430	510	0	80	80	1.0000000
NODE_3146_length_1307_cov_8.653146	483	563	0	80	80	1.0000000
NODE_3153_length_1306_cov_26.813587	369	449	0	80	80	1.0000000
NODE_3153_length_1306_cov_26.813587	422	502	0	48	80	0.6000000
NODE_3153_length_1306_cov_26.813587	422	502	2	32	80	0.4000000
NODE_3153_length_1306_cov_26.813587	498	578	2	80	80	1.0000000
NODE_3153_length_1306_cov_26.813587	551	631	0	11	80	0.1375000
NODE_3153_length_1306_cov_26.813587	551	631	2	69	80	0.8625000
NODE_3154_length_1306_cov_24.904722	634	714	0	24	80	0.3000000
NODE_3154_length_1306_cov_24.904722	634	714	2	56	80	0.7000000
NODE_3154_length_1306_cov_24.904722	687	767	0	77	80	0.9625000
NODE_3154_length_1306_cov_24.904722	687	767	2	3	80	0.0375000
NODE_3155_length_1306_cov_18.274234	388	468	0	8	80	0.1000000
NODE_3155_length_1306_cov_18.274234	388	468	4	72	80	0.9000000
NODE_3155_length_1306_cov_18.274234	441	521	0	23	80	0.2875000
NODE_3155_length_1306_cov_18.274234	441	521	4	57	80	0.7125000
NODE_3156_length_1306_cov_15.176471	1214	1294	0	80	80	1.0000000
NODE_3157_length_1306_cov_12.699254	458	538	10	11	80	0.1375000
NODE_3157_length_1306_cov_12.699254	458	538	12	5	80	0.0625000
NODE_3157_length_1306_cov_12.699254	458	538	13	1	80	0.0125000
NODE_3157_length_1306_cov_12.699254	458	538	14	2	80	0.0250000
NODE_3157_length_1306_cov_12.699254	458	538	16	22	80	0.2750000
NODE_3157_length_1306_cov_12.699254	458	538	22	39	80	0.4875000
NODE_3157_length_1306_cov_12.699254	511	591	4	4	80	0.0500000
NODE_3157_length_1306_cov_12.699254	511	591	10	60	80	0.7500000
NODE_3157_length_1306_cov_12.699254	511	591	22	16	80	0.2000000
NODE_3158_length_1306_cov_9.958575	630	710	0	28	80	0.3500000
NODE_3158_length_1306_cov_9.958575	630	710	2	52	80	0.6500000
NODE_3158_length_1306_cov_9.958575	683	764	0	28	81	0.3456790
NODE_3158_length_1306_cov_9.958575	683	764	2	53	81	0.6543210
NODE_3159_length_1306_cov_2.739851	1206	1246	0	40	40	1.0000000
NODE_3168_length_1304_cov_28.444813	511	591	6	80	80	1.0000000
NODE_3168_length_1304_cov_28.444813	564	644	0	4	80	0.0500000
NODE_3168_length_1304_cov_28.444813	564	644	5	1	80	0.0125000
NODE_3168_length_1304_cov_28.444813	564	644	6	75	80	0.9375000
NODE_3168_length_1304_cov_28.444813	640	720	0	30	80	0.3750000
NODE_3168_length_1304_cov_28.444813	640	720	2	26	80	0.3250000
NODE_3168_length_1304_cov_28.444813	640	720	4	24	80	0.3000000
NODE_3168_length_1304_cov_28.444813	693	773	2	3	80	0.0375000
NODE_3168_length_1304_cov_28.444813	693	773	4	77	80	0.9625000
NODE_3169_length_1304_cov_27.137759	575	655	3	31	80	0.3875000
NODE_3169_length_1304_cov_27.137759	575	655	5	49	80	0.6125000
NODE_3169_length_1304_cov_27.137759	628	708	0	2	80	0.0250000
NODE_3169_length_1304_cov_27.137759	628	708	2	4	80	0.0500000
NODE_3169_length_1304_cov_27.137759	628	708	4	27	80	0.3375000
NODE_3169_length_1304_cov_27.137759	628	708	5	47	80	0.5875000
NODE_3169_length_1304_cov_27.137759	704	784	0	16	80	0.2000000
NODE_3169_length_1304_cov_27.137759	704	784	2	2	80	0.0250000
NODE_3169_length_1304_cov_27.137759	704	784	3	8	80	0.1000000
NODE_3169_length_1304_cov_27.137759	704	784	6	9	80	0.1125000
NODE_3169_length_1304_cov_27.137759	704	784	10	26	80	0.3250000
NODE_3169_length_1304_cov_27.137759	704	784	12	19	80	0.2375000
NODE_3169_length_1304_cov_27.137759	757	837	8	23	80	0.2875000
NODE_3169_length_1304_cov_27.137759	757	837	10	8	80	0.1000000
NODE_3169_length_1304_cov_27.137759	757	837	12	49	80	0.6125000
NODE_3171_length_1303_cov_36.546512	458	538	0	76	80	0.9500000
NODE_3171_length_1303_cov_36.546512	458	538	2	4	80	0.0500000
NODE_3171_length_1303_cov_36.546512	511	591	0	23	80	0.2875000
NODE_3171_length_1303_cov_36.546512	511	591	2	41	80	0.5125000
NODE_3171_length_1303_cov_36.546512	511	591	5	2	80	0.0250000
NODE_3171_length_1303_cov_36.546512	511	591	6	14	80	0.1750000
NODE_3171_length_1303_cov_36.546512	587	667	6	41	80	0.5125000
NODE_3171_length_1303_cov_36.546512	587	667	8	17	80	0.2125000
NODE_3171_length_1303_cov_36.546512	587	667	10	21	80	0.2625000
NODE_3171_length_1303_cov_36.546512	587	667	14	1	80	0.0125000
NODE_3171_length_1303_cov_36.546512	640	720	8	16	80	0.2000000
NODE_3171_length_1303_cov_36.546512	640	720	10	21	80	0.2625000
NODE_3171_length_1303_cov_36.546512	640	720	11	1	80	0.0125000
NODE_3171_length_1303_cov_36.546512	640	720	12	35	80	0.4375000
NODE_3171_length_1303_cov_36.546512	640	720	14	7	80	0.0875000
NODE_3174_length_1302_cov_22.265170	747	827	0	12	80	0.1500000
NODE_3174_length_1302_cov_22.265170	747	827	3	1	80	0.0125000
NODE_3174_length_1302_cov_22.265170	747	827	4	67	80	0.8375000
NODE_3174_length_1302_cov_22.265170	800	880	0	65	80	0.8125000
NODE_3174_length_1302_cov_22.265170	800	880	3	1	80	0.0125000
NODE_3174_length_1302_cov_22.265170	800	880	4	14	80	0.1750000
NODE_3175_length_1302_cov_16.199501	480	560	0	80	80	1.0000000
NODE_3175_length_1302_cov_16.199501	533	613	0	80	80	1.0000000
NODE_3176_length_1302_cov_6.953450	687	767	0	26	80	0.3250000
NODE_3176_length_1302_cov_6.953450	687	767	2	3	80	0.0375000
NODE_3176_length_1302_cov_6.953450	687	767	4	51	80	0.6375000
NODE_3176_length_1302_cov_6.953450	740	820	0	4	80	0.0500000
NODE_3176_length_1302_cov_6.953450	740	820	2	24	80	0.3000000
NODE_3176_length_1302_cov_6.953450	740	820	4	52	80	0.6500000
NODE_3179_length_1301_cov_31.711314	401	481	0	7	80	0.0875000
NODE_3179_length_1301_cov_31.711314	401	481	6	6	80	0.0750000
NODE_3179_length_1301_cov_31.711314	401	481	10	67	80	0.8375000
NODE_3179_length_1301_cov_31.711314	454	534	0	5	80	0.0625000
NODE_3179_length_1301_cov_31.711314	454	534	4	10	80	0.1250000
NODE_3179_length_1301_cov_31.711314	454	534	10	65	80	0.8125000
NODE_3181_length_1301_cov_5.529950	246	326	0	39	80	0.4875000
NODE_3181_length_1301_cov_5.529950	246	326	2	41	80	0.5125000
NODE_3181_length_1301_cov_5.529950	299	379	0	80	80	1.0000000
NODE_3186_length_1300_cov_39.109908	602	682	2	9	80	0.1125000
NODE_3186_length_1300_cov_39.109908	602	682	6	3	80	0.0375000
NODE_3186_length_1300_cov_39.109908	602	682	8	2	80	0.0250000
NODE_3186_length_1300_cov_39.109908	602	682	9	57	80	0.7125000
NODE_3186_length_1300_cov_39.109908	602	682	10	9	80	0.1125000
NODE_3186_length_1300_cov_39.109908	655	735	2	62	80	0.7750000
NODE_3186_length_1300_cov_39.109908	655	735	6	3	80	0.0375000
NODE_3186_length_1300_cov_39.109908	655	735	8	2	80	0.0250000
NODE_3186_length_1300_cov_39.109908	655	735	9	13	80	0.1625000
NODE_3187_length_1300_cov_34.360533	586	666	0	80	80	1.0000000
NODE_3187_length_1300_cov_34.360533	639	719	0	80	80	1.0000000
NODE_3188_length_1300_cov_4.659450	454	535	2	47	81	0.5802469
NODE_3188_length_1300_cov_4.659450	454	535	4	13	81	0.1604938
NODE_3188_length_1300_cov_4.659450	454	535	6	21	81	0.2592593
NODE_3188_length_1300_cov_4.659450	508	588	2	80	80	1.0000000
NODE_3189_length_1299_cov_29.071667	452	532	0	80	80	1.0000000
NODE_3190_length_1299_cov_23.600833	818	898	0	80	80	1.0000000
NODE_3190_length_1299_cov_23.600833	871	951	0	80	80	1.0000000
NODE_3191_length_1299_cov_23.169167	625	705	0	9	80	0.1125000
NODE_3191_length_1299_cov_23.169167	625	705	8	71	80	0.8875000
NODE_3191_length_1299_cov_23.169167	678	758	0	21	80	0.2625000
NODE_3191_length_1299_cov_23.169167	678	758	2	16	80	0.2000000
NODE_3191_length_1299_cov_23.169167	678	758	8	43	80	0.5375000
NODE_3191_length_1299_cov_23.169167	754	834	0	15	80	0.1875000
NODE_3191_length_1299_cov_23.169167	754	834	2	65	80	0.8125000
NODE_3191_length_1299_cov_23.169167	807	887	0	25	80	0.3125000
NODE_3191_length_1299_cov_23.169167	807	887	2	55	80	0.6875000
NODE_3192_length_1299_cov_19.315000	306	386	0	52	80	0.6500000
NODE_3192_length_1299_cov_19.315000	306	386	1	28	80	0.3500000
NODE_3192_length_1299_cov_19.315000	359	439	0	80	80	1.0000000
NODE_3192_length_1299_cov_19.315000	435	515	0	80	80	1.0000000
NODE_3192_length_1299_cov_19.315000	488	568	0	80	80	1.0000000
NODE_3193_length_1299_cov_13.691667	540	620	0	80	80	1.0000000
NODE_3193_length_1299_cov_13.691667	593	673	0	80	80	1.0000000
NODE_3195_length_1298_cov_58.277731	679	759	2	14	80	0.1750000
NODE_3195_length_1298_cov_58.277731	679	759	4	28	80	0.3500000
NODE_3195_length_1298_cov_58.277731	679	759	6	38	80	0.4750000
NODE_3195_length_1298_cov_58.277731	732	812	2	35	80	0.4375000
NODE_3195_length_1298_cov_58.277731	732	812	4	32	80	0.4000000
NODE_3195_length_1298_cov_58.277731	732	812	6	13	80	0.1625000
NODE_3195_length_1298_cov_58.277731	808	888	2	55	80	0.6875000
NODE_3195_length_1298_cov_58.277731	808	888	4	25	80	0.3125000
NODE_3195_length_1298_cov_58.277731	861	941	0	48	80	0.6000000
NODE_3195_length_1298_cov_58.277731	861	941	2	32	80	0.4000000
NODE_3196_length_1298_cov_31.319433	375	455	0	80	80	1.0000000
NODE_3196_length_1298_cov_31.319433	428	508	0	80	80	1.0000000
NODE_3196_length_1298_cov_31.319433	504	584	0	26	80	0.3250000
NODE_3196_length_1298_cov_31.319433	504	584	4	54	80	0.6750000
NODE_3196_length_1298_cov_31.319433	557	637	4	80	80	1.0000000
NODE_3197_length_1298_cov_2.158465	294	360	0	66	66	1.0000000
NODE_3201_length_1296_cov_34.778613	620	700	0	28	80	0.3500000
NODE_3201_length_1296_cov_34.778613	620	700	2	52	80	0.6500000
NODE_3201_length_1296_cov_34.778613	673	753	0	53	80	0.6625000
NODE_3201_length_1296_cov_34.778613	673	753	2	12	80	0.1500000
NODE_3201_length_1296_cov_34.778613	673	753	4	15	80	0.1875000
NODE_3202_length_1296_cov_28.726817	671	751	0	80	80	1.0000000
NODE_3202_length_1296_cov_28.726817	724	804	0	80	80	1.0000000
NODE_3202_length_1296_cov_28.726817	800	880	0	69	80	0.8625000
NODE_3202_length_1296_cov_28.726817	800	880	2	11	80	0.1375000
NODE_3202_length_1296_cov_28.726817	853	933	0	23	80	0.2875000
NODE_3202_length_1296_cov_28.726817	853	933	2	57	80	0.7125000
NODE_3205_length_1295_cov_10.661371	818	898	2	27	80	0.3375000
NODE_3205_length_1295_cov_10.661371	818	898	4	53	80	0.6625000
NODE_3205_length_1295_cov_10.661371	871	951	0	30	80	0.3750000
NODE_3205_length_1295_cov_10.661371	871	951	2	3	80	0.0375000
NODE_3205_length_1295_cov_10.661371	871	951	4	47	80	0.5875000
NODE_3211_length_1294_cov_15.098745	353	433	0	12	80	0.1500000
NODE_3211_length_1294_cov_15.098745	353	433	2	68	80	0.8500000
NODE_3211_length_1294_cov_15.098745	406	486	0	65	80	0.8125000
NODE_3211_length_1294_cov_15.098745	406	486	2	15	80	0.1875000
NODE_3216_length_1293_cov_26.580402	595	675	2	55	80	0.6875000
NODE_3216_length_1293_cov_26.580402	595	675	6	25	80	0.3125000
NODE_3216_length_1293_cov_26.580402	648	728	0	1	80	0.0125000
NODE_3216_length_1293_cov_26.580402	648	728	2	2	80	0.0250000
NODE_3216_length_1293_cov_26.580402	648	728	4	51	80	0.6375000
NODE_3216_length_1293_cov_26.580402	648	728	6	26	80	0.3250000
NODE_3216_length_1293_cov_26.580402	724	804	0	55	80	0.6875000
NODE_3216_length_1293_cov_26.580402	724	804	4	25	80	0.3125000
NODE_3216_length_1293_cov_26.580402	777	857	0	5	80	0.0625000
NODE_3216_length_1293_cov_26.580402	777	857	4	75	80	0.9375000
NODE_3217_length_1293_cov_9.252094	1187	1207	4	20	20	1.0000000
NODE_3220_length_1293_cov_2.118090	1131	1195	0	64	64	1.0000000
NODE_3220_length_1293_cov_2.118090	1184	1248	0	64	64	1.0000000
NODE_3224_length_1292_cov_50.158424	402	482	11	2	80	0.0250000
NODE_3224_length_1292_cov_50.158424	402	482	12	38	80	0.4750000
NODE_3224_length_1292_cov_50.158424	402	482	13	16	80	0.2000000
NODE_3224_length_1292_cov_50.158424	402	482	15	1	80	0.0125000
NODE_3224_length_1292_cov_50.158424	402	482	16	23	80	0.2875000
NODE_3224_length_1292_cov_50.158424	455	535	0	14	80	0.1750000
NODE_3224_length_1292_cov_50.158424	455	535	4	33	80	0.4125000
NODE_3224_length_1292_cov_50.158424	455	535	10	1	80	0.0125000
NODE_3224_length_1292_cov_50.158424	455	535	11	7	80	0.0875000
NODE_3224_length_1292_cov_50.158424	455	535	13	16	80	0.2000000
NODE_3224_length_1292_cov_50.158424	455	535	15	1	80	0.0125000
NODE_3224_length_1292_cov_50.158424	455	535	16	8	80	0.1000000
NODE_3224_length_1292_cov_50.158424	531	611	0	43	80	0.5375000
NODE_3224_length_1292_cov_50.158424	531	611	2	37	80	0.4625000
NODE_3224_length_1292_cov_50.158424	584	664	2	80	80	1.0000000
NODE_3225_length_1292_cov_36.535624	670	750	0	12	80	0.1500000
NODE_3225_length_1292_cov_36.535624	670	750	2	68	80	0.8500000
NODE_3225_length_1292_cov_36.535624	723	803	0	12	80	0.1500000
NODE_3225_length_1292_cov_36.535624	723	803	2	26	80	0.3250000
NODE_3225_length_1292_cov_36.535624	723	803	4	42	80	0.5250000
NODE_3226_length_1292_cov_24.523889	420	500	6	80	80	1.0000000
NODE_3226_length_1292_cov_24.523889	473	553	0	52	80	0.6500000
NODE_3226_length_1292_cov_24.523889	473	553	6	28	80	0.3500000
NODE_3232_length_1291_cov_8.734060	623	703	0	36	80	0.4500000
NODE_3232_length_1291_cov_8.734060	623	703	2	44	80	0.5500000
NODE_3232_length_1291_cov_8.734060	676	756	0	1	80	0.0125000
NODE_3232_length_1291_cov_8.734060	676	756	2	79	80	0.9875000
NODE_3233_length_1291_cov_8.625839	756	836	0	80	80	1.0000000
NODE_3233_length_1291_cov_8.625839	809	889	0	80	80	1.0000000
NODE_3236_length_1290_cov_24.120067	497	577	2	36	80	0.4500000
NODE_3236_length_1290_cov_24.120067	497	577	3	7	80	0.0875000
NODE_3236_length_1290_cov_24.120067	497	577	4	28	80	0.3500000
NODE_3236_length_1290_cov_24.120067	497	577	5	9	80	0.1125000
NODE_3236_length_1290_cov_24.120067	550	630	1	11	80	0.1375000
NODE_3236_length_1290_cov_24.120067	550	630	3	14	80	0.1750000
NODE_3236_length_1290_cov_24.120067	550	630	4	11	80	0.1375000
NODE_3236_length_1290_cov_24.120067	550	630	5	44	80	0.5500000
NODE_3236_length_1290_cov_24.120067	626	706	0	59	80	0.7375000
NODE_3236_length_1290_cov_24.120067	626	706	1	21	80	0.2625000
NODE_3236_length_1290_cov_24.120067	679	759	0	80	80	1.0000000
NODE_3237_length_1290_cov_18.874895	671	751	0	5	80	0.0625000
NODE_3237_length_1290_cov_18.874895	671	751	2	40	80	0.5000000
NODE_3237_length_1290_cov_18.874895	671	751	4	35	80	0.4375000
NODE_3237_length_1290_cov_18.874895	724	804	0	21	80	0.2625000
NODE_3237_length_1290_cov_18.874895	724	804	2	34	80	0.4250000
NODE_3237_length_1290_cov_18.874895	724	804	4	25	80	0.3125000
NODE_3238_length_1290_cov_11.627204	573	653	0	27	80	0.3375000
NODE_3238_length_1290_cov_11.627204	573	653	4	24	80	0.3000000
NODE_3238_length_1290_cov_11.627204	573	653	6	29	80	0.3625000
NODE_3238_length_1290_cov_11.627204	626	706	2	21	80	0.2625000
NODE_3238_length_1290_cov_11.627204	626	706	6	59	80	0.7375000
NODE_3239_length_1290_cov_11.215785	373	453	0	80	80	1.0000000
NODE_3239_length_1290_cov_11.215785	426	506	0	49	80	0.6125000
NODE_3239_length_1290_cov_11.215785	426	506	2	31	80	0.3875000
NODE_3240_length_1290_cov_8.752309	788	868	0	69	80	0.8625000
NODE_3240_length_1290_cov_8.752309	788	868	2	11	80	0.1375000
NODE_3240_length_1290_cov_8.752309	841	921	0	80	80	1.0000000
NODE_3242_length_1289_cov_47.476471	919	999	1	17	80	0.2125000
NODE_3242_length_1289_cov_47.476471	919	999	2	24	80	0.3000000
NODE_3242_length_1289_cov_47.476471	919	999	4	39	80	0.4875000
NODE_3242_length_1289_cov_47.476471	972	1052	3	39	80	0.4875000
NODE_3242_length_1289_cov_47.476471	972	1052	4	41	80	0.5125000
NODE_3243_length_1289_cov_18.497479	688	768	0	66	80	0.8250000
NODE_3243_length_1289_cov_18.497479	688	768	2	14	80	0.1750000
NODE_3243_length_1289_cov_18.497479	741	821	0	80	80	1.0000000
NODE_3243_length_1289_cov_18.497479	817	893	0	76	76	1.0000000
NODE_3243_length_1289_cov_18.497479	878	958	0	80	80	1.0000000
NODE_3244_length_1289_cov_11.692437	574	654	0	80	80	1.0000000
NODE_3244_length_1289_cov_11.692437	627	707	0	80	80	1.0000000
NODE_3244_length_1289_cov_11.692437	703	783	0	80	80	1.0000000
NODE_3244_length_1289_cov_11.692437	756	836	0	80	80	1.0000000
NODE_3249_length_1288_cov_29.369218	711	791	0	50	80	0.6250000
NODE_3249_length_1288_cov_29.369218	711	791	4	30	80	0.3750000
NODE_3249_length_1288_cov_29.369218	764	844	0	2	80	0.0250000
NODE_3249_length_1288_cov_29.369218	764	844	4	78	80	0.9750000
NODE_3250_length_1288_cov_6.207738	735	815	0	36	80	0.4500000
NODE_3250_length_1288_cov_6.207738	735	815	2	34	80	0.4250000
NODE_3250_length_1288_cov_6.207738	735	815	4	10	80	0.1250000
NODE_3250_length_1288_cov_6.207738	788	868	2	46	80	0.5750000
NODE_3250_length_1288_cov_6.207738	788	868	4	34	80	0.4250000
NODE_3255_length_1288_cov_1.731707	1017	1095	0	8	78	0.1025641
NODE_3255_length_1288_cov_1.731707	1017	1095	2	1	78	0.0128205
NODE_3255_length_1288_cov_1.731707	1017	1095	8	31	78	0.3974359
NODE_3255_length_1288_cov_1.731707	1017	1095	10	38	78	0.4871795
NODE_3261_length_1287_cov_29.186027	730	810	0	80	80	1.0000000
NODE_3261_length_1287_cov_29.186027	783	863	0	80	80	1.0000000
NODE_3262_length_1287_cov_22.747475	168	248	0	49	80	0.6125000
NODE_3262_length_1287_cov_22.747475	168	248	4	31	80	0.3875000
NODE_3262_length_1287_cov_22.747475	221	301	4	80	80	1.0000000
NODE_3263_length_1287_cov_19.478956	575	655	0	80	80	1.0000000
NODE_3263_length_1287_cov_19.478956	628	708	0	80	80	1.0000000
NODE_3266_length_1286_cov_27.128054	428	508	0	70	80	0.8750000
NODE_3266_length_1286_cov_27.128054	428	508	2	10	80	0.1250000
NODE_3266_length_1286_cov_27.128054	481	561	0	17	80	0.2125000
NODE_3266_length_1286_cov_27.128054	481	561	2	63	80	0.7875000
NODE_3266_length_1286_cov_27.128054	557	637	2	8	80	0.1000000
NODE_3266_length_1286_cov_27.128054	557	637	6	34	80	0.4250000
NODE_3266_length_1286_cov_27.128054	557	637	8	38	80	0.4750000
NODE_3266_length_1286_cov_27.128054	610	690	0	30	80	0.3750000
NODE_3266_length_1286_cov_27.128054	610	690	6	50	80	0.6250000
NODE_3267_length_1286_cov_12.192081	647	727	0	80	80	1.0000000
NODE_3267_length_1286_cov_12.192081	700	780	0	80	80	1.0000000
NODE_3267_length_1286_cov_12.192081	776	856	0	80	80	1.0000000
NODE_3267_length_1286_cov_12.192081	829	909	0	80	80	1.0000000
NODE_3268_length_1286_cov_8.338669	577	657	0	80	80	1.0000000
NODE_3268_length_1286_cov_8.338669	630	710	0	80	80	1.0000000
NODE_3273_length_1285_cov_40.282462	751	831	4	2	80	0.0250000
NODE_3273_length_1285_cov_40.282462	751	831	8	75	80	0.9375000
NODE_3273_length_1285_cov_40.282462	751	831	10	3	80	0.0375000
NODE_3273_length_1285_cov_40.282462	804	884	4	55	80	0.6875000
NODE_3273_length_1285_cov_40.282462	804	884	8	22	80	0.2750000
NODE_3273_length_1285_cov_40.282462	804	884	10	3	80	0.0375000
NODE_3274_length_1285_cov_15.422428	647	727	0	80	80	1.0000000
NODE_3274_length_1285_cov_15.422428	700	780	0	80	80	1.0000000
NODE_3275_length_1285_cov_6.620573	589	669	0	80	80	1.0000000
NODE_3275_length_1285_cov_6.620573	642	722	0	80	80	1.0000000
NODE_3279_length_1284_cov_5.637975	294	374	0	80	80	1.0000000
NODE_3279_length_1284_cov_5.637975	347	427	0	80	80	1.0000000
NODE_3283_length_1283_cov_10.070101	408	488	0	80	80	1.0000000
NODE_3283_length_1283_cov_10.070101	461	541	0	80	80	1.0000000
NODE_3288_length_1282_cov_37.786137	649	729	0	2	80	0.0250000
NODE_3288_length_1282_cov_37.786137	649	729	4	78	80	0.9750000
NODE_3288_length_1282_cov_37.786137	702	782	4	69	80	0.8625000
NODE_3288_length_1282_cov_37.786137	702	782	9	6	80	0.0750000
NODE_3288_length_1282_cov_37.786137	702	782	10	5	80	0.0625000
NODE_3288_length_1282_cov_37.786137	778	858	6	17	80	0.2125000
NODE_3288_length_1282_cov_37.786137	778	858	8	2	80	0.0250000
NODE_3288_length_1282_cov_37.786137	778	858	9	13	80	0.1625000
NODE_3288_length_1282_cov_37.786137	778	858	10	48	80	0.6000000
NODE_3288_length_1282_cov_37.786137	831	911	4	25	80	0.3125000
NODE_3288_length_1282_cov_37.786137	831	911	9	1	80	0.0125000
NODE_3288_length_1282_cov_37.786137	831	911	10	54	80	0.6750000
NODE_3289_length_1282_cov_25.900254	85	167	14	9	82	0.1097561
NODE_3289_length_1282_cov_25.900254	85	167	22	5	82	0.0609756
NODE_3289_length_1282_cov_25.900254	85	167	24	26	82	0.3170732
NODE_3289_length_1282_cov_25.900254	85	167	28	1	82	0.0121951
NODE_3289_length_1282_cov_25.900254	85	167	30	1	82	0.0121951
NODE_3289_length_1282_cov_25.900254	85	167	38	5	82	0.0609756
NODE_3289_length_1282_cov_25.900254	85	167	40	4	82	0.0487805
NODE_3289_length_1282_cov_25.900254	85	167	42	11	82	0.1341463
NODE_3289_length_1282_cov_25.900254	85	167	44	2	82	0.0243902
NODE_3289_length_1282_cov_25.900254	85	167	46	18	82	0.2195122
NODE_3289_length_1282_cov_25.900254	140	183	6	1	43	0.0232558
NODE_3289_length_1282_cov_25.900254	140	183	10	8	43	0.1860465
NODE_3289_length_1282_cov_25.900254	140	183	14	16	43	0.3720930
NODE_3289_length_1282_cov_25.900254	140	183	22	5	43	0.1162791
NODE_3289_length_1282_cov_25.900254	140	183	24	13	43	0.3023256
NODE_3289_length_1282_cov_25.900254	1006	1086	15	14	80	0.1750000
NODE_3289_length_1282_cov_25.900254	1006	1086	17	7	80	0.0875000
NODE_3289_length_1282_cov_25.900254	1006	1086	19	40	80	0.5000000
NODE_3289_length_1282_cov_25.900254	1006	1086	25	8	80	0.1000000
NODE_3289_length_1282_cov_25.900254	1006	1086	27	8	80	0.1000000
NODE_3289_length_1282_cov_25.900254	1006	1086	30	3	80	0.0375000
NODE_3289_length_1282_cov_25.900254	1006	1086	15	14	80	0.1750000
NODE_3289_length_1282_cov_25.900254	1006	1086	17	7	80	0.0875000
NODE_3289_length_1282_cov_25.900254	1006	1086	19	40	80	0.5000000
NODE_3289_length_1282_cov_25.900254	1006	1086	25	8	80	0.1000000
NODE_3289_length_1282_cov_25.900254	1006	1086	27	8	80	0.1000000
NODE_3289_length_1282_cov_25.900254	1006	1086	30	3	80	0.0375000
NODE_3289_length_1282_cov_25.900254	1015	1086	15	5	71	0.0704225
NODE_3289_length_1282_cov_25.900254	1015	1086	17	7	71	0.0985916
NODE_3289_length_1282_cov_25.900254	1015	1086	19	40	71	0.5633803
NODE_3289_length_1282_cov_25.900254	1015	1086	25	8	71	0.1126761
NODE_3289_length_1282_cov_25.900254	1015	1086	27	8	71	0.1126761
NODE_3289_length_1282_cov_25.900254	1015	1086	30	3	71	0.0422535
NODE_3290_length_1282_cov_14.600169	429	477	0	48	48	1.0000000
NODE_3290_length_1282_cov_14.600169	708	788	0	80	80	1.0000000
NODE_3291_length_1282_cov_8.017751	343	420	9	18	77	0.2337662
NODE_3291_length_1282_cov_8.017751	343	420	11	38	77	0.4935065
NODE_3291_length_1282_cov_8.017751	343	420	13	21	77	0.2727273
NODE_3292_length_1282_cov_5.092984	239	319	6	38	80	0.4750000
NODE_3292_length_1282_cov_5.092984	239	319	8	42	80	0.5250000
NODE_3292_length_1282_cov_5.092984	292	372	0	44	80	0.5500000
NODE_3292_length_1282_cov_5.092984	292	372	6	36	80	0.4500000
NODE_3295_length_1281_cov_31.342640	470	550	0	8	80	0.1000000
NODE_3295_length_1281_cov_31.342640	470	550	2	72	80	0.9000000
NODE_3295_length_1281_cov_31.342640	523	603	0	61	80	0.7625000
NODE_3295_length_1281_cov_31.342640	523	603	2	19	80	0.2375000
NODE_3295_length_1281_cov_31.342640	599	679	0	80	80	1.0000000
NODE_3295_length_1281_cov_31.342640	652	732	0	80	80	1.0000000
NODE_3296_length_1281_cov_25.482234	474	554	0	5	80	0.0625000
NODE_3296_length_1281_cov_25.482234	474	554	2	75	80	0.9375000
NODE_3296_length_1281_cov_25.482234	527	607	0	54	80	0.6750000
NODE_3296_length_1281_cov_25.482234	527	607	2	26	80	0.3250000
NODE_3297_length_1281_cov_14.617597	809	887	0	78	78	1.0000000
NODE_3297_length_1281_cov_14.617597	860	940	0	80	80	1.0000000
NODE_3298_length_1281_cov_12.065144	655	735	3	22	80	0.2750000
NODE_3298_length_1281_cov_12.065144	655	735	4	12	80	0.1500000
NODE_3298_length_1281_cov_12.065144	655	735	6	20	80	0.2500000
NODE_3298_length_1281_cov_12.065144	655	735	7	26	80	0.3250000
NODE_3298_length_1281_cov_12.065144	708	788	0	2	80	0.0250000
NODE_3298_length_1281_cov_12.065144	708	788	4	63	80	0.7875000
NODE_3298_length_1281_cov_12.065144	708	788	7	15	80	0.1875000
NODE_3299_length_1281_cov_9.235195	408	488	2	35	80	0.4375000
NODE_3299_length_1281_cov_9.235195	408	488	4	22	80	0.2750000
NODE_3299_length_1281_cov_9.235195	408	488	5	1	80	0.0125000
NODE_3299_length_1281_cov_9.235195	408	488	6	22	80	0.2750000
NODE_3299_length_1281_cov_9.235195	461	541	0	20	80	0.2500000
NODE_3299_length_1281_cov_9.235195	461	541	4	55	80	0.6875000
NODE_3299_length_1281_cov_9.235195	461	541	6	5	80	0.0625000
NODE_3300_length_1281_cov_7.153976	469	549	0	80	80	1.0000000
NODE_3300_length_1281_cov_7.153976	522	602	0	80	80	1.0000000
NODE_3307_length_1280_cov_24.231160	418	498	0	80	80	1.0000000
NODE_3307_length_1280_cov_24.231160	471	551	0	80	80	1.0000000
NODE_3307_length_1280_cov_24.231160	547	627	0	80	80	1.0000000
NODE_3307_length_1280_cov_24.231160	600	680	0	80	80	1.0000000
NODE_3308_length_1280_cov_5.908552	1077	1138	25	1	61	0.0163934
NODE_3308_length_1280_cov_5.908552	1077	1138	33	3	61	0.0491803
NODE_3308_length_1280_cov_5.908552	1077	1138	37	1	61	0.0163934
NODE_3308_length_1280_cov_5.908552	1077	1138	40	1	61	0.0163934
NODE_3308_length_1280_cov_5.908552	1077	1138	42	2	61	0.0327869
NODE_3308_length_1280_cov_5.908552	1077	1138	44	2	61	0.0327869
NODE_3308_length_1280_cov_5.908552	1077	1138	48	1	61	0.0163934
NODE_3308_length_1280_cov_5.908552	1077	1138	50	2	61	0.0327869
NODE_3308_length_1280_cov_5.908552	1077	1138	52	2	61	0.0327869
NODE_3308_length_1280_cov_5.908552	1077	1138	54	2	61	0.0327869
NODE_3308_length_1280_cov_5.908552	1077	1138	56	1	61	0.0163934
NODE_3308_length_1280_cov_5.908552	1077	1138	58	1	61	0.0163934
NODE_3308_length_1280_cov_5.908552	1077	1138	60	1	61	0.0163934
NODE_3308_length_1280_cov_5.908552	1077	1138	61	1	61	0.0163934
NODE_3308_length_1280_cov_5.908552	1077	1138	63	9	61	0.1475410
NODE_3308_length_1280_cov_5.908552	1077	1138	66	1	61	0.0163934
NODE_3308_length_1280_cov_5.908552	1077	1138	72	1	61	0.0163934
NODE_3308_length_1280_cov_5.908552	1077	1138	76	2	61	0.0327869
NODE_3308_length_1280_cov_5.908552	1077	1138	77	1	61	0.0163934
NODE_3308_length_1280_cov_5.908552	1077	1138	78	1	61	0.0163934
NODE_3308_length_1280_cov_5.908552	1077	1138	86	2	61	0.0327869
NODE_3308_length_1280_cov_5.908552	1077	1138	94	3	61	0.0491803
NODE_3308_length_1280_cov_5.908552	1077	1138	98	2	61	0.0327869
NODE_3308_length_1280_cov_5.908552	1077	1138	100	1	61	0.0163934
NODE_3308_length_1280_cov_5.908552	1077	1138	102	2	61	0.0327869
NODE_3308_length_1280_cov_5.908552	1077	1138	107	1	61	0.0163934
NODE_3308_length_1280_cov_5.908552	1077	1138	109	1	61	0.0163934
NODE_3308_length_1280_cov_5.908552	1077	1138	111	1	61	0.0163934
NODE_3308_length_1280_cov_5.908552	1077	1138	114	2	61	0.0327869
NODE_3308_length_1280_cov_5.908552	1077	1138	115	1	61	0.0163934
NODE_3308_length_1280_cov_5.908552	1077	1138	123	1	61	0.0163934
NODE_3308_length_1280_cov_5.908552	1077	1138	127	4	61	0.0655738
NODE_3308_length_1280_cov_5.908552	1077	1138	131	2	61	0.0327869
NODE_3308_length_1280_cov_5.908552	1077	1138	133	2	61	0.0327869
NODE_3311_length_1279_cov_16.840678	749	829	0	80	80	1.0000000
NODE_3311_length_1279_cov_16.840678	802	882	0	52	80	0.6500000
NODE_3311_length_1279_cov_16.840678	802	882	1	20	80	0.2500000
NODE_3311_length_1279_cov_16.840678	802	882	3	8	80	0.1000000
NODE_3312_length_1279_cov_3.772881	951	981	6	30	30	1.0000000
NODE_3317_length_1278_cov_45.991518	411	491	0	79	80	0.9875000
NODE_3317_length_1278_cov_45.991518	411	491	1	1	80	0.0125000
NODE_3317_length_1278_cov_45.991518	464	530	0	66	66	1.0000000
NODE_3318_length_1278_cov_37.164546	447	527	6	38	80	0.4750000
NODE_3318_length_1278_cov_37.164546	447	527	8	42	80	0.5250000
NODE_3318_length_1278_cov_37.164546	500	580	0	36	80	0.4500000
NODE_3318_length_1278_cov_37.164546	500	580	6	44	80	0.5500000
NODE_3318_length_1278_cov_37.164546	576	656	0	31	80	0.3875000
NODE_3318_length_1278_cov_37.164546	576	656	4	6	80	0.0750000
NODE_3318_length_1278_cov_37.164546	576	656	6	24	80	0.3000000
NODE_3318_length_1278_cov_37.164546	576	656	10	8	80	0.1000000
NODE_3318_length_1278_cov_37.164546	576	656	12	11	80	0.1375000
NODE_3318_length_1278_cov_37.164546	629	709	6	9	80	0.1125000
NODE_3318_length_1278_cov_37.164546	629	709	8	23	80	0.2875000
NODE_3318_length_1278_cov_37.164546	629	709	10	8	80	0.1000000
NODE_3318_length_1278_cov_37.164546	629	709	12	40	80	0.5000000
NODE_3319_length_1278_cov_12.505513	522	602	0	7	80	0.0875000
NODE_3319_length_1278_cov_12.505513	522	602	6	1	80	0.0125000
NODE_3319_length_1278_cov_12.505513	522	602	7	32	80	0.4000000
NODE_3319_length_1278_cov_12.505513	522	602	8	40	80	0.5000000
NODE_3319_length_1278_cov_12.505513	575	655	0	60	80	0.7500000
NODE_3319_length_1278_cov_12.505513	575	655	6	1	80	0.0125000
NODE_3319_length_1278_cov_12.505513	575	655	7	19	80	0.2375000
NODE_3320_length_1278_cov_12.171332	212	292	4	62	80	0.7750000
NODE_3320_length_1278_cov_12.171332	212	292	7	1	80	0.0125000
NODE_3320_length_1278_cov_12.171332	212	292	8	17	80	0.2125000
NODE_3320_length_1278_cov_12.171332	265	344	4	61	79	0.7721519
NODE_3320_length_1278_cov_12.171332	265	344	7	1	79	0.0126582
NODE_3320_length_1278_cov_12.171332	265	344	8	17	79	0.2151899
NODE_3329_length_1277_cov_21.407470	667	717	2	5	50	0.1000000
NODE_3329_length_1277_cov_21.407470	667	717	23	1	50	0.0200000
NODE_3329_length_1277_cov_21.407470	667	717	24	4	50	0.0800000
NODE_3329_length_1277_cov_21.407470	667	717	26	40	50	0.8000000
NODE_3329_length_1277_cov_21.407470	690	770	21	8	80	0.1000000
NODE_3329_length_1277_cov_21.407470	690	770	22	20	80	0.2500000
NODE_3329_length_1277_cov_21.407470	690	770	24	13	80	0.1625000
NODE_3329_length_1277_cov_21.407470	690	770	26	39	80	0.4875000
NODE_3330_length_1277_cov_18.111205	834	914	0	80	80	1.0000000
NODE_3330_length_1277_cov_18.111205	887	967	0	80	80	1.0000000
NODE_3331_length_1277_cov_12.449066	276	356	0	47	80	0.5875000
NODE_3331_length_1277_cov_12.449066	276	356	4	33	80	0.4125000
NODE_3331_length_1277_cov_12.449066	329	409	0	3	80	0.0375000
NODE_3331_length_1277_cov_12.449066	329	409	4	77	80	0.9625000
NODE_3331_length_1277_cov_12.449066	405	485	0	71	80	0.8875000
NODE_3331_length_1277_cov_12.449066	405	485	2	8	80	0.1000000
NODE_3331_length_1277_cov_12.449066	405	485	4	1	80	0.0125000
NODE_3331_length_1277_cov_12.449066	458	538	0	19	80	0.2375000
NODE_3331_length_1277_cov_12.449066	458	538	2	61	80	0.7625000
NODE_3337_length_1276_cov_21.446899	526	606	0	80	80	1.0000000
NODE_3337_length_1276_cov_21.446899	579	659	0	80	80	1.0000000
NODE_3337_length_1276_cov_21.446899	655	735	0	78	80	0.9750000
NODE_3337_length_1276_cov_21.446899	655	735	2	2	80	0.0250000
NODE_3337_length_1276_cov_21.446899	708	788	0	25	80	0.3125000
NODE_3337_length_1276_cov_21.446899	708	788	2	55	80	0.6875000
NODE_3346_length_1275_cov_35.471939	632	712	0	65	80	0.8125000
NODE_3346_length_1275_cov_35.471939	632	712	2	15	80	0.1875000
NODE_3346_length_1275_cov_35.471939	685	765	0	12	80	0.1500000
NODE_3346_length_1275_cov_35.471939	685	765	2	68	80	0.8500000
NODE_3347_length_1275_cov_19.910714	361	441	0	16	80	0.2000000
NODE_3347_length_1275_cov_19.910714	361	441	1	16	80	0.2000000
NODE_3347_length_1275_cov_19.910714	361	441	6	1	80	0.0125000
NODE_3347_length_1275_cov_19.910714	361	441	7	37	80	0.4625000
NODE_3347_length_1275_cov_19.910714	361	441	10	10	80	0.1250000
NODE_3347_length_1275_cov_19.910714	414	494	0	2	80	0.0250000
NODE_3347_length_1275_cov_19.910714	414	494	2	23	80	0.2875000
NODE_3347_length_1275_cov_19.910714	414	494	7	17	80	0.2125000
NODE_3347_length_1275_cov_19.910714	414	494	9	3	80	0.0375000
NODE_3347_length_1275_cov_19.910714	414	494	10	35	80	0.4375000
NODE_3347_length_1275_cov_19.910714	879	949	10	9	70	0.1285714
NODE_3347_length_1275_cov_19.910714	879	949	12	10	70	0.1428571
NODE_3347_length_1275_cov_19.910714	879	949	14	51	70	0.7285714
NODE_3351_length_1274_cov_23.404255	427	507	0	80	80	1.0000000
NODE_3351_length_1274_cov_23.404255	480	560	0	80	80	1.0000000
NODE_3351_length_1274_cov_23.404255	556	636	0	31	80	0.3875000
NODE_3351_length_1274_cov_23.404255	556	636	2	39	80	0.4875000
NODE_3351_length_1274_cov_23.404255	556	636	3	1	80	0.0125000
NODE_3351_length_1274_cov_23.404255	556	636	4	9	80	0.1125000
NODE_3351_length_1274_cov_23.404255	609	689	2	57	80	0.7125000
NODE_3351_length_1274_cov_23.404255	609	689	3	1	80	0.0125000
NODE_3351_length_1274_cov_23.404255	609	689	4	22	80	0.2750000
NODE_3352_length_1274_cov_20.178723	545	625	2	56	80	0.7000000
NODE_3352_length_1274_cov_20.178723	545	625	4	18	80	0.2250000
NODE_3352_length_1274_cov_20.178723	545	625	6	6	80	0.0750000
NODE_3352_length_1274_cov_20.178723	598	678	2	11	80	0.1375000
NODE_3352_length_1274_cov_20.178723	598	678	4	27	80	0.3375000
NODE_3352_length_1274_cov_20.178723	598	678	6	42	80	0.5250000
NODE_3354_length_1274_cov_2.019574	841	907	8	10	66	0.1515152
NODE_3354_length_1274_cov_2.019574	841	907	11	1	66	0.0151515
NODE_3354_length_1274_cov_2.019574	841	907	12	42	66	0.6363636
NODE_3354_length_1274_cov_2.019574	841	907	14	2	66	0.0303030
NODE_3354_length_1274_cov_2.019574	841	907	16	5	66	0.0757576
NODE_3354_length_1274_cov_2.019574	841	907	18	6	66	0.0909091
NODE_3354_length_1274_cov_2.019574	894	961	4	3	67	0.0447761
NODE_3354_length_1274_cov_2.019574	894	961	6	1	67	0.0149254
NODE_3354_length_1274_cov_2.019574	894	961	8	6	67	0.0895522
NODE_3354_length_1274_cov_2.019574	894	961	11	24	67	0.3582090
NODE_3354_length_1274_cov_2.019574	894	961	13	11	67	0.1641791
NODE_3354_length_1274_cov_2.019574	894	961	14	2	67	0.0298507
NODE_3354_length_1274_cov_2.019574	894	961	16	5	67	0.0746269
NODE_3354_length_1274_cov_2.019574	894	961	17	3	67	0.0447761
NODE_3354_length_1274_cov_2.019574	894	961	18	12	67	0.1791045
NODE_3361_length_1273_cov_42.349233	337	417	0	80	80	1.0000000
NODE_3361_length_1273_cov_42.349233	390	470	0	80	80	1.0000000
NODE_3361_length_1273_cov_42.349233	466	546	0	42	80	0.5250000
NODE_3361_length_1273_cov_42.349233	466	546	2	38	80	0.4750000
NODE_3361_length_1273_cov_42.349233	519	599	0	27	80	0.3375000
NODE_3361_length_1273_cov_42.349233	519	599	2	53	80	0.6625000
NODE_3364_length_1273_cov_4.404600	407	487	2	80	80	1.0000000
NODE_3364_length_1273_cov_4.404600	460	540	2	80	80	1.0000000
NODE_3368_length_1272_cov_28.887468	588	668	0	71	80	0.8875000
NODE_3368_length_1272_cov_28.887468	588	668	4	9	80	0.1125000
NODE_3368_length_1272_cov_28.887468	641	721	0	18	80	0.2250000
NODE_3368_length_1272_cov_28.887468	641	721	4	61	80	0.7625000
NODE_3368_length_1272_cov_28.887468	641	721	6	1	80	0.0125000
NODE_3369_length_1272_cov_11.290708	366	447	2	24	81	0.2962963
NODE_3369_length_1272_cov_11.290708	366	447	4	10	81	0.1234568
NODE_3369_length_1272_cov_11.290708	366	447	5	1	81	0.0123457
NODE_3369_length_1272_cov_11.290708	366	447	6	11	81	0.1358025
NODE_3369_length_1272_cov_11.290708	366	447	10	35	81	0.4320988
NODE_3375_length_1270_cov_13.617421	365	445	0	80	80	1.0000000
NODE_3375_length_1270_cov_13.617421	396	473	0	77	77	1.0000000
NODE_3375_length_1270_cov_13.617421	418	498	0	80	80	1.0000000
NODE_3375_length_1270_cov_13.617421	449	473	0	24	24	1.0000000
NODE_3375_length_1270_cov_13.617421	465	498	0	33	33	1.0000000
NODE_3376_length_1270_cov_11.645602	294	374	0	2	80	0.0250000
NODE_3376_length_1270_cov_11.645602	294	374	2	73	80	0.9125000
NODE_3376_length_1270_cov_11.645602	294	374	4	5	80	0.0625000
NODE_3376_length_1270_cov_11.645602	347	427	2	51	80	0.6375000
NODE_3376_length_1270_cov_11.645602	347	427	4	29	80	0.3625000
NODE_3377_length_1270_cov_2.495303	74	131	26	1	57	0.0175439
NODE_3377_length_1270_cov_2.495303	74	131	28	1	57	0.0175439
NODE_3377_length_1270_cov_2.495303	74	131	30	6	57	0.1052632
NODE_3377_length_1270_cov_2.495303	74	131	32	5	57	0.0877193
NODE_3377_length_1270_cov_2.495303	74	131	33	44	57	0.7719298
NODE_3378_length_1269_cov_55.070940	492	569	0	14	77	0.1818182
NODE_3378_length_1269_cov_55.070940	492	569	2	63	77	0.8181818
NODE_3378_length_1269_cov_55.070940	545	625	0	35	80	0.4375000
NODE_3378_length_1269_cov_55.070940	545	625	2	45	80	0.5625000
NODE_3378_length_1269_cov_55.070940	621	701	0	47	80	0.5875000
NODE_3378_length_1269_cov_55.070940	621	701	2	33	80	0.4125000
NODE_3378_length_1269_cov_55.070940	674	754	0	7	80	0.0875000
NODE_3378_length_1269_cov_55.070940	674	754	2	73	80	0.9125000
NODE_3379_length_1269_cov_22.154701	1152	1216	2	4	64	0.0625000
NODE_3379_length_1269_cov_22.154701	1152	1216	6	60	64	0.9375000
NODE_3379_length_1269_cov_22.154701	1152	1216	2	4	64	0.0625000
NODE_3379_length_1269_cov_22.154701	1152	1216	6	60	64	0.9375000
NODE_3379_length_1269_cov_22.154701	1152	1216	2	4	64	0.0625000
NODE_3379_length_1269_cov_22.154701	1152	1216	6	60	64	0.9375000
NODE_3379_length_1269_cov_22.154701	1189	1269	2	57	80	0.7125000
NODE_3379_length_1269_cov_22.154701	1189	1269	6	23	80	0.2875000
NODE_3379_length_1269_cov_22.154701	1189	1269	2	57	80	0.7125000
NODE_3379_length_1269_cov_22.154701	1189	1269	6	23	80	0.2875000
NODE_3380_length_1269_cov_18.753846	317	398	0	1	81	0.0123457
NODE_3380_length_1269_cov_18.753846	317	398	2	8	81	0.0987654
NODE_3380_length_1269_cov_18.753846	317	398	6	15	81	0.1851852
NODE_3380_length_1269_cov_18.753846	317	398	8	28	81	0.3456790
NODE_3380_length_1269_cov_18.753846	317	398	10	20	81	0.2469136
NODE_3380_length_1269_cov_18.753846	317	398	18	1	81	0.0123457
NODE_3380_length_1269_cov_18.753846	317	398	22	8	81	0.0987654
NODE_3381_length_1269_cov_12.637607	580	660	1	1	80	0.0125000
NODE_3381_length_1269_cov_12.637607	580	660	2	79	80	0.9875000
NODE_3381_length_1269_cov_12.637607	633	713	0	53	80	0.6625000
NODE_3381_length_1269_cov_12.637607	633	713	1	1	80	0.0125000
NODE_3381_length_1269_cov_12.637607	633	713	2	26	80	0.3250000
NODE_3381_length_1269_cov_12.637607	709	729	0	20	20	1.0000000
NODE_3381_length_1269_cov_12.637607	709	789	0	54	80	0.6750000
NODE_3381_length_1269_cov_12.637607	709	789	2	8	80	0.1000000
NODE_3381_length_1269_cov_12.637607	709	789	4	18	80	0.2250000
NODE_3381_length_1269_cov_12.637607	762	842	0	1	80	0.0125000
NODE_3381_length_1269_cov_12.637607	762	842	2	12	80	0.1500000
NODE_3381_length_1269_cov_12.637607	762	842	4	67	80	0.8375000
NODE_3382_length_1269_cov_10.552137	765	845	0	15	80	0.1875000
NODE_3382_length_1269_cov_10.552137	765	845	2	65	80	0.8125000
NODE_3382_length_1269_cov_10.552137	818	898	0	38	80	0.4750000
NODE_3382_length_1269_cov_10.552137	818	898	2	42	80	0.5250000
NODE_3391_length_1268_cov_12.862275	300	350	22	1	50	0.0200000
NODE_3391_length_1268_cov_12.862275	300	350	26	1	50	0.0200000
NODE_3391_length_1268_cov_12.862275	300	350	30	1	50	0.0200000
NODE_3391_length_1268_cov_12.862275	300	350	32	3	50	0.0600000
NODE_3391_length_1268_cov_12.862275	300	350	34	1	50	0.0200000
NODE_3391_length_1268_cov_12.862275	300	350	36	1	50	0.0200000
NODE_3391_length_1268_cov_12.862275	300	350	42	5	50	0.1000000
NODE_3391_length_1268_cov_12.862275	300	350	44	6	50	0.1200000
NODE_3391_length_1268_cov_12.862275	300	350	46	1	50	0.0200000
NODE_3391_length_1268_cov_12.862275	300	350	48	7	50	0.1400000
NODE_3391_length_1268_cov_12.862275	300	350	50	2	50	0.0400000
NODE_3391_length_1268_cov_12.862275	300	350	52	1	50	0.0200000
NODE_3391_length_1268_cov_12.862275	300	350	56	2	50	0.0400000
NODE_3391_length_1268_cov_12.862275	300	350	60	1	50	0.0200000
NODE_3391_length_1268_cov_12.862275	300	350	62	1	50	0.0200000
NODE_3391_length_1268_cov_12.862275	300	350	64	3	50	0.0600000
NODE_3391_length_1268_cov_12.862275	300	350	68	3	50	0.0600000
NODE_3391_length_1268_cov_12.862275	300	350	70	1	50	0.0200000
NODE_3391_length_1268_cov_12.862275	300	350	72	9	50	0.1800000
NODE_3392_length_1268_cov_9.523524	265	345	2	80	80	1.0000000
NODE_3392_length_1268_cov_9.523524	318	398	0	20	80	0.2500000
NODE_3392_length_1268_cov_9.523524	318	398	2	60	80	0.7500000
NODE_3393_length_1267_cov_21.315068	299	379	0	80	80	1.0000000
NODE_3393_length_1267_cov_21.315068	352	432	0	33	80	0.4125000
NODE_3393_length_1267_cov_21.315068	352	432	2	10	80	0.1250000
NODE_3393_length_1267_cov_21.315068	352	432	4	37	80	0.4625000
NODE_3393_length_1267_cov_21.315068	698	778	0	80	80	1.0000000
NODE_3393_length_1267_cov_21.315068	751	831	0	80	80	1.0000000
NODE_3394_length_1267_cov_14.880137	606	686	0	79	80	0.9875000
NODE_3394_length_1267_cov_14.880137	606	686	4	1	80	0.0125000
NODE_3394_length_1267_cov_14.880137	659	739	0	80	80	1.0000000
NODE_3397_length_1266_cov_20.584404	357	437	2	28	80	0.3500000
NODE_3397_length_1266_cov_20.584404	357	437	4	16	80	0.2000000
NODE_3397_length_1266_cov_20.584404	357	437	6	20	80	0.2500000
NODE_3397_length_1266_cov_20.584404	357	437	7	1	80	0.0125000
NODE_3397_length_1266_cov_20.584404	357	437	8	15	80	0.1875000
NODE_3397_length_1266_cov_20.584404	410	490	4	24	80	0.3000000
NODE_3397_length_1266_cov_20.584404	410	490	6	49	80	0.6125000
NODE_3397_length_1266_cov_20.584404	410	490	8	7	80	0.0875000
NODE_3398_length_1266_cov_16.571551	359	435	0	76	76	1.0000000
NODE_3398_length_1266_cov_16.571551	408	488	0	80	80	1.0000000
NODE_3399_length_1266_cov_14.218509	517	595	4	78	78	1.0000000
NODE_3399_length_1266_cov_14.218509	568	648	0	44	80	0.5500000
NODE_3399_length_1266_cov_14.218509	568	648	4	36	80	0.4500000
NODE_3399_length_1266_cov_14.218509	644	724	0	36	80	0.4500000
NODE_3399_length_1266_cov_14.218509	644	724	2	44	80	0.5500000
NODE_3399_length_1266_cov_14.218509	697	777	0	24	80	0.3000000
NODE_3399_length_1266_cov_14.218509	697	777	2	56	80	0.7000000
NODE_3403_length_1265_cov_9.807890	429	509	0	29	80	0.3625000
NODE_3403_length_1265_cov_9.807890	429	509	2	7	80	0.0875000
NODE_3403_length_1265_cov_9.807890	429	509	4	41	80	0.5125000
NODE_3403_length_1265_cov_9.807890	429	509	6	3	80	0.0375000
NODE_3403_length_1265_cov_9.807890	482	562	4	49	80	0.6125000
NODE_3403_length_1265_cov_9.807890	482	562	6	31	80	0.3875000
NODE_3404_length_1265_cov_8.233276	160	207	0	8	47	0.1702128
NODE_3404_length_1265_cov_8.233276	160	207	2	17	47	0.3617021
NODE_3404_length_1265_cov_8.233276	160	207	4	2	47	0.0425532
NODE_3404_length_1265_cov_8.233276	160	207	5	1	47	0.0212766
NODE_3404_length_1265_cov_8.233276	160	207	6	9	47	0.1914894
NODE_3404_length_1265_cov_8.233276	160	207	8	2	47	0.0425532
NODE_3404_length_1265_cov_8.233276	160	207	10	3	47	0.0638298
NODE_3404_length_1265_cov_8.233276	160	207	11	1	47	0.0212766
NODE_3404_length_1265_cov_8.233276	160	207	12	4	47	0.0851064
NODE_3404_length_1265_cov_8.233276	1004	1058	0	54	54	1.0000000
NODE_3406_length_1265_cov_3.941681	503	583	0	24	80	0.3000000
NODE_3406_length_1265_cov_3.941681	503	583	2	56	80	0.7000000
NODE_3406_length_1265_cov_3.941681	556	636	0	27	80	0.3375000
NODE_3406_length_1265_cov_3.941681	556	636	2	53	80	0.6625000
NODE_3408_length_1264_cov_8.024034	290	370	0	7	80	0.0875000
NODE_3408_length_1264_cov_8.024034	290	370	6	73	80	0.9125000
NODE_3408_length_1264_cov_8.024034	343	423	0	55	80	0.6875000
NODE_3408_length_1264_cov_8.024034	343	423	6	25	80	0.3125000
NODE_3413_length_1263_cov_8.566151	698	778	5	24	80	0.3000000
NODE_3413_length_1263_cov_8.566151	698	778	8	43	80	0.5375000
NODE_3413_length_1263_cov_8.566151	698	778	9	13	80	0.1625000
NODE_3413_length_1263_cov_8.566151	751	831	1	6	80	0.0750000
NODE_3413_length_1263_cov_8.566151	751	831	2	17	80	0.2125000
NODE_3413_length_1263_cov_8.566151	751	831	4	6	80	0.0750000
NODE_3413_length_1263_cov_8.566151	751	831	5	48	80	0.6000000
NODE_3413_length_1263_cov_8.566151	751	831	8	1	80	0.0125000
NODE_3413_length_1263_cov_8.566151	751	831	9	2	80	0.0250000
NODE_3413_length_1263_cov_8.566151	833	910	4	18	77	0.2337662
NODE_3413_length_1263_cov_8.566151	833	910	6	31	77	0.4025974
NODE_3413_length_1263_cov_8.566151	833	910	11	20	77	0.2597403
NODE_3413_length_1263_cov_8.566151	833	910	12	8	77	0.1038961
NODE_3413_length_1263_cov_8.566151	883	963	6	1	80	0.0125000
NODE_3413_length_1263_cov_8.566151	883	963	8	4	80	0.0500000
NODE_3413_length_1263_cov_8.566151	883	963	9	28	80	0.3500000
NODE_3413_length_1263_cov_8.566151	883	963	11	40	80	0.5000000
NODE_3413_length_1263_cov_8.566151	883	963	12	7	80	0.0875000
NODE_3414_length_1263_cov_7.376289	1060	1140	0	80	80	1.0000000
NODE_3414_length_1263_cov_7.376289	1113	1213	0	100	100	1.0000000
NODE_3416_length_1263_cov_1.827320	227	307	0	80	80	1.0000000
NODE_3416_length_1263_cov_1.827320	280	360	0	80	80	1.0000000
NODE_3418_length_1262_cov_17.416165	404	484	0	80	80	1.0000000
NODE_3418_length_1262_cov_17.416165	457	537	0	80	80	1.0000000
NODE_3419_length_1262_cov_15.268272	648	728	0	80	80	1.0000000
NODE_3419_length_1262_cov_15.268272	701	781	0	80	80	1.0000000
NODE_3419_length_1262_cov_15.268272	777	857	0	80	80	1.0000000
NODE_3419_length_1262_cov_15.268272	830	910	0	80	80	1.0000000
NODE_3424_length_1261_cov_1.777969	272	318	0	46	46	1.0000000
NODE_3425_length_1260_cov_55.640827	499	579	0	80	80	1.0000000
NODE_3425_length_1260_cov_55.640827	552	632	0	80	80	1.0000000
NODE_3425_length_1260_cov_55.640827	628	708	0	80	80	1.0000000
NODE_3425_length_1260_cov_55.640827	681	761	0	80	80	1.0000000
NODE_3426_length_1260_cov_12.242894	427	507	0	80	80	1.0000000
NODE_3426_length_1260_cov_12.242894	480	560	0	80	80	1.0000000
NODE_3436_length_1259_cov_15.381897	509	589	2	37	80	0.4625000
NODE_3436_length_1259_cov_15.381897	509	589	4	43	80	0.5375000
NODE_3436_length_1259_cov_15.381897	562	642	1	6	80	0.0750000
NODE_3436_length_1259_cov_15.381897	562	642	2	74	80	0.9250000
NODE_3439_length_1258_cov_33.519413	608	688	0	65	80	0.8125000
NODE_3439_length_1258_cov_33.519413	608	688	2	15	80	0.1875000
NODE_3439_length_1258_cov_33.519413	661	741	0	13	80	0.1625000
NODE_3439_length_1258_cov_33.519413	661	741	2	67	80	0.8375000
NODE_3440_length_1258_cov_22.569456	583	663	0	10	80	0.1250000
NODE_3440_length_1258_cov_22.569456	583	663	2	70	80	0.8750000
NODE_3440_length_1258_cov_22.569456	636	716	0	63	80	0.7875000
NODE_3440_length_1258_cov_22.569456	636	716	2	17	80	0.2125000
NODE_3441_length_1258_cov_18.747196	308	388	0	1	80	0.0125000
NODE_3441_length_1258_cov_18.747196	308	388	2	79	80	0.9875000
NODE_3441_length_1258_cov_18.747196	361	441	0	54	80	0.6750000
NODE_3441_length_1258_cov_18.747196	361	441	2	26	80	0.3250000
NODE_3441_length_1258_cov_18.747196	437	517	0	36	80	0.4500000
NODE_3441_length_1258_cov_18.747196	437	517	2	44	80	0.5500000
NODE_3441_length_1258_cov_18.747196	490	570	0	13	80	0.1625000
NODE_3441_length_1258_cov_18.747196	490	570	2	67	80	0.8375000
NODE_3442_length_1258_cov_13.699741	332	412	2	58	80	0.7250000
NODE_3442_length_1258_cov_13.699741	332	412	4	2	80	0.0250000
NODE_3442_length_1258_cov_13.699741	332	412	8	2	80	0.0250000
NODE_3442_length_1258_cov_13.699741	332	412	11	3	80	0.0375000
NODE_3442_length_1258_cov_13.699741	332	412	13	15	80	0.1875000
NODE_3442_length_1258_cov_13.699741	385	465	2	5	80	0.0625000
NODE_3442_length_1258_cov_13.699741	385	465	4	2	80	0.0250000
NODE_3442_length_1258_cov_13.699741	385	465	8	2	80	0.0250000
NODE_3442_length_1258_cov_13.699741	385	465	11	25	80	0.3125000
NODE_3442_length_1258_cov_13.699741	385	465	13	15	80	0.1875000
NODE_3442_length_1258_cov_13.699741	385	465	15	1	80	0.0125000
NODE_3442_length_1258_cov_13.699741	385	465	16	30	80	0.3750000
NODE_3447_length_1257_cov_34.029361	567	647	0	80	80	1.0000000
NODE_3447_length_1257_cov_34.029361	620	700	0	80	80	1.0000000
NODE_3447_length_1257_cov_34.029361	696	776	0	6	80	0.0750000
NODE_3447_length_1257_cov_34.029361	696	776	1	17	80	0.2125000
NODE_3447_length_1257_cov_34.029361	696	776	2	57	80	0.7125000
NODE_3447_length_1257_cov_34.029361	749	829	2	80	80	1.0000000
NODE_3449_length_1257_cov_7.892919	317	397	4	59	80	0.7375000
NODE_3449_length_1257_cov_7.892919	317	397	6	1	80	0.0125000
NODE_3449_length_1257_cov_7.892919	317	397	8	17	80	0.2125000
NODE_3449_length_1257_cov_7.892919	317	397	10	3	80	0.0375000
NODE_3449_length_1257_cov_7.892919	370	450	4	6	80	0.0750000
NODE_3449_length_1257_cov_7.892919	370	450	6	25	80	0.3125000
NODE_3449_length_1257_cov_7.892919	370	450	8	17	80	0.2125000
NODE_3449_length_1257_cov_7.892919	370	450	10	32	80	0.4000000
NODE_3452_length_1256_cov_50.506482	389	469	0	29	80	0.3625000
NODE_3452_length_1256_cov_50.506482	389	469	2	51	80	0.6375000
NODE_3452_length_1256_cov_50.506482	442	522	0	3	80	0.0375000
NODE_3452_length_1256_cov_50.506482	442	522	2	77	80	0.9625000
NODE_3452_length_1256_cov_50.506482	518	598	2	80	80	1.0000000
NODE_3452_length_1256_cov_50.506482	571	651	0	36	80	0.4500000
NODE_3452_length_1256_cov_50.506482	571	651	2	44	80	0.5500000
NODE_3453_length_1256_cov_25.944685	754	834	0	50	80	0.6250000
NODE_3453_length_1256_cov_25.944685	754	834	2	30	80	0.3750000
NODE_3453_length_1256_cov_25.944685	807	887	2	80	80	1.0000000
NODE_3455_length_1256_cov_21.720830	713	793	0	4	80	0.0500000
NODE_3455_length_1256_cov_21.720830	713	793	8	76	80	0.9500000
NODE_3455_length_1256_cov_21.720830	766	846	0	47	80	0.5875000
NODE_3455_length_1256_cov_21.720830	766	846	8	33	80	0.4125000
NODE_3456_length_1256_cov_14.242005	595	675	0	53	80	0.6625000
NODE_3456_length_1256_cov_14.242005	595	675	2	27	80	0.3375000
NODE_3456_length_1256_cov_14.242005	648	728	2	68	80	0.8500000
NODE_3456_length_1256_cov_14.242005	648	728	4	12	80	0.1500000
NODE_3457_length_1256_cov_5.870354	879	959	0	80	80	1.0000000
NODE_3463_length_1255_cov_37.271626	458	538	0	25	80	0.3125000
NODE_3463_length_1255_cov_37.271626	458	538	1	55	80	0.6875000
NODE_3463_length_1255_cov_37.271626	511	591	1	80	80	1.0000000
NODE_3463_length_1255_cov_37.271626	587	667	0	18	80	0.2250000
NODE_3463_length_1255_cov_37.271626	587	667	1	59	80	0.7375000
NODE_3463_length_1255_cov_37.271626	587	667	3	3	80	0.0375000
NODE_3463_length_1255_cov_37.271626	640	720	0	3	80	0.0375000
NODE_3463_length_1255_cov_37.271626	640	720	1	21	80	0.2625000
NODE_3463_length_1255_cov_37.271626	640	720	3	56	80	0.7000000
NODE_3464_length_1255_cov_21.374567	516	596	0	8	80	0.1000000
NODE_3464_length_1255_cov_21.374567	516	596	6	2	80	0.0250000
NODE_3464_length_1255_cov_21.374567	516	596	8	41	80	0.5125000
NODE_3464_length_1255_cov_21.374567	516	596	10	29	80	0.3625000
NODE_3464_length_1255_cov_21.374567	569	649	2	28	80	0.3500000
NODE_3464_length_1255_cov_21.374567	569	649	4	6	80	0.0750000
NODE_3464_length_1255_cov_21.374567	569	649	10	46	80	0.5750000
NODE_3464_length_1255_cov_21.374567	645	725	0	74	80	0.9250000
NODE_3464_length_1255_cov_21.374567	645	725	2	6	80	0.0750000
NODE_3464_length_1255_cov_21.374567	698	778	0	80	80	1.0000000
NODE_3465_length_1255_cov_18.391869	521	601	2	76	80	0.9500000
NODE_3465_length_1255_cov_18.391869	521	601	4	4	80	0.0500000
NODE_3465_length_1255_cov_18.391869	574	654	2	44	80	0.5500000
NODE_3465_length_1255_cov_18.391869	574	654	4	36	80	0.4500000
NODE_3466_length_1255_cov_4.096021	1194	1242	0	48	48	1.0000000
NODE_3469_length_1254_cov_32.470996	612	692	2	59	80	0.7375000
NODE_3469_length_1254_cov_32.470996	612	692	4	1	80	0.0125000
NODE_3469_length_1254_cov_32.470996	612	692	6	20	80	0.2500000
NODE_3469_length_1254_cov_32.470996	665	745	2	6	80	0.0750000
NODE_3469_length_1254_cov_32.470996	665	745	4	15	80	0.1875000
NODE_3469_length_1254_cov_32.470996	665	745	6	59	80	0.7375000
NODE_3470_length_1254_cov_26.449351	488	568	0	80	80	1.0000000
NODE_3470_length_1254_cov_26.449351	541	621	0	80	80	1.0000000
NODE_3471_length_1254_cov_22.032035	531	611	0	80	80	1.0000000
NODE_3471_length_1254_cov_22.032035	584	664	0	80	80	1.0000000
NODE_3479_length_1253_cov_16.916811	651	731	0	54	80	0.6750000
NODE_3479_length_1253_cov_16.916811	651	731	2	26	80	0.3250000
NODE_3479_length_1253_cov_16.916811	704	784	0	1	80	0.0125000
NODE_3479_length_1253_cov_16.916811	704	784	2	79	80	0.9875000
NODE_3479_length_1253_cov_16.916811	780	860	0	50	80	0.6250000
NODE_3479_length_1253_cov_16.916811	780	860	2	30	80	0.3750000
NODE_3479_length_1253_cov_16.916811	833	913	0	80	80	1.0000000
NODE_3480_length_1253_cov_13.816291	811	891	0	64	80	0.8000000
NODE_3480_length_1253_cov_13.816291	811	891	1	10	80	0.1250000
NODE_3480_length_1253_cov_13.816291	811	891	2	6	80	0.0750000
NODE_3481_length_1253_cov_9.067591	306	386	4	48	80	0.6000000
NODE_3481_length_1253_cov_9.067591	306	386	6	32	80	0.4000000
NODE_3481_length_1253_cov_9.067591	359	439	2	41	80	0.5125000
NODE_3481_length_1253_cov_9.067591	359	439	6	39	80	0.4875000
NODE_3487_length_1252_cov_57.745880	477	557	0	31	80	0.3875000
NODE_3487_length_1252_cov_57.745880	477	557	2	49	80	0.6125000
NODE_3487_length_1252_cov_57.745880	530	610	0	17	80	0.2125000
NODE_3487_length_1252_cov_57.745880	530	610	2	63	80	0.7875000
NODE_3487_length_1252_cov_57.745880	606	686	0	33	80	0.4125000
NODE_3487_length_1252_cov_57.745880	606	686	2	47	80	0.5875000
NODE_3487_length_1252_cov_57.745880	659	739	0	7	80	0.0875000
NODE_3487_length_1252_cov_57.745880	659	739	2	73	80	0.9125000
NODE_3488_length_1252_cov_56.694709	594	674	0	23	80	0.2875000
NODE_3488_length_1252_cov_56.694709	594	674	2	57	80	0.7125000
NODE_3488_length_1252_cov_56.694709	647	727	0	45	80	0.5625000
NODE_3488_length_1252_cov_56.694709	647	727	2	35	80	0.4375000
NODE_3488_length_1252_cov_56.694709	723	803	0	80	80	1.0000000
NODE_3488_length_1252_cov_56.694709	785	847	0	61	62	0.9838710
NODE_3488_length_1252_cov_56.694709	785	847	2	1	62	0.0161290
NODE_3489_length_1252_cov_34.023417	468	548	2	1	80	0.0125000
NODE_3489_length_1252_cov_34.023417	468	548	6	2	80	0.0250000
NODE_3489_length_1252_cov_34.023417	468	548	8	30	80	0.3750000
NODE_3489_length_1252_cov_34.023417	468	548	10	32	80	0.4000000
NODE_3489_length_1252_cov_34.023417	468	548	18	15	80	0.1875000
NODE_3489_length_1252_cov_34.023417	521	601	8	12	80	0.1500000
NODE_3489_length_1252_cov_34.023417	521	601	10	26	80	0.3250000
NODE_3489_length_1252_cov_34.023417	521	601	12	7	80	0.0875000
NODE_3489_length_1252_cov_34.023417	521	601	14	16	80	0.2000000
NODE_3489_length_1252_cov_34.023417	521	601	18	19	80	0.2375000
NODE_3489_length_1252_cov_34.023417	597	677	10	30	80	0.3750000
NODE_3489_length_1252_cov_34.023417	597	677	14	50	80	0.6250000
NODE_3489_length_1252_cov_34.023417	650	730	4	6	80	0.0750000
NODE_3489_length_1252_cov_34.023417	650	730	6	45	80	0.5625000
NODE_3489_length_1252_cov_34.023417	650	730	14	29	80	0.3625000
NODE_3490_length_1252_cov_9.316565	573	653	4	24	80	0.3000000
NODE_3490_length_1252_cov_9.316565	573	653	6	27	80	0.3375000
NODE_3490_length_1252_cov_9.316565	573	653	8	29	80	0.3625000
NODE_3490_length_1252_cov_9.316565	626	706	8	29	80	0.3625000
NODE_3490_length_1252_cov_9.316565	626	706	10	48	80	0.6000000
NODE_3490_length_1252_cov_9.316565	626	706	13	1	80	0.0125000
NODE_3490_length_1252_cov_9.316565	626	706	14	2	80	0.0250000
NODE_3491_length_1252_cov_8.295750	602	682	1	16	80	0.2000000
NODE_3491_length_1252_cov_8.295750	602	682	2	64	80	0.8000000
NODE_3491_length_1252_cov_8.295750	655	735	2	80	80	1.0000000
NODE_3494_length_1251_cov_17.513889	579	659	0	80	80	1.0000000
NODE_3494_length_1251_cov_17.513889	632	712	0	80	80	1.0000000
NODE_3494_length_1251_cov_17.513889	708	788	0	47	80	0.5875000
NODE_3494_length_1251_cov_17.513889	708	788	4	33	80	0.4125000
NODE_3494_length_1251_cov_17.513889	761	841	4	80	80	1.0000000
NODE_3497_length_1251_cov_3.139757	0	76	0	76	76	1.0000000
NODE_3497_length_1251_cov_3.139757	49	98	0	47	49	0.9591837
NODE_3497_length_1251_cov_3.139757	49	98	5	1	49	0.0204082
NODE_3497_length_1251_cov_3.139757	49	98	7	1	49	0.0204082
NODE_3501_length_1250_cov_25.133797	325	405	0	24	80	0.3000000
NODE_3501_length_1250_cov_25.133797	325	405	2	56	80	0.7000000
NODE_3501_length_1250_cov_25.133797	378	458	0	77	80	0.9625000
NODE_3501_length_1250_cov_25.133797	378	458	2	3	80	0.0375000
NODE_3503_length_1250_cov_11.471764	652	733	2	53	81	0.6543210
NODE_3503_length_1250_cov_11.471764	652	733	4	28	81	0.3456790
NODE_3503_length_1250_cov_11.471764	706	786	0	11	80	0.1375000
NODE_3503_length_1250_cov_11.471764	706	786	2	24	80	0.3000000
NODE_3503_length_1250_cov_11.471764	706	786	4	45	80	0.5625000
NODE_3505_length_1249_cov_45.772174	543	623	0	80	80	1.0000000
NODE_3505_length_1249_cov_45.772174	596	676	0	80	80	1.0000000
NODE_3505_length_1249_cov_45.772174	672	749	0	77	77	1.0000000
NODE_3505_length_1249_cov_45.772174	729	802	0	73	73	1.0000000
NODE_3506_length_1249_cov_35.670435	515	595	0	13	80	0.1625000
NODE_3506_length_1249_cov_35.670435	515	595	2	67	80	0.8375000
NODE_3506_length_1249_cov_35.670435	568	648	0	46	80	0.5750000
NODE_3506_length_1249_cov_35.670435	568	648	2	34	80	0.4250000
NODE_3506_length_1249_cov_35.670435	644	724	0	80	80	1.0000000
NODE_3506_length_1249_cov_35.670435	697	777	0	32	80	0.4000000
NODE_3506_length_1249_cov_35.670435	697	777	2	48	80	0.6000000
NODE_3507_length_1249_cov_34.616522	576	656	8	45	80	0.5625000
NODE_3507_length_1249_cov_34.616522	576	656	12	35	80	0.4375000
NODE_3507_length_1249_cov_34.616522	629	709	4	50	80	0.6250000
NODE_3507_length_1249_cov_34.616522	629	709	12	30	80	0.3750000
NODE_3507_length_1249_cov_34.616522	705	785	0	64	80	0.8000000
NODE_3507_length_1249_cov_34.616522	705	785	4	16	80	0.2000000
NODE_3507_length_1249_cov_34.616522	758	838	0	36	80	0.4500000
NODE_3507_length_1249_cov_34.616522	758	838	1	44	80	0.5500000
NODE_3508_length_1249_cov_19.592174	461	541	0	80	80	1.0000000
NODE_3508_length_1249_cov_19.592174	514	594	0	80	80	1.0000000
NODE_3508_length_1249_cov_19.592174	860	940	0	80	80	1.0000000
NODE_3508_length_1249_cov_19.592174	913	993	0	80	80	1.0000000
NODE_3509_length_1249_cov_14.926957	1153	1219	0	66	66	1.0000000
NODE_3509_length_1249_cov_14.926957	1192	1249	0	57	57	1.0000000
NODE_3509_length_1249_cov_14.926957	1192	1247	0	55	55	1.0000000
NODE_3509_length_1249_cov_14.926957	1192	1249	0	57	57	1.0000000
NODE_3510_length_1249_cov_7.682609	757	837	0	80	80	1.0000000
NODE_3510_length_1249_cov_7.682609	810	890	0	80	80	1.0000000
NODE_3514_length_1248_cov_14.351610	469	549	1	6	80	0.0750000
NODE_3514_length_1248_cov_14.351610	469	549	2	74	80	0.9250000
NODE_3514_length_1248_cov_14.351610	522	602	0	39	80	0.4875000
NODE_3514_length_1248_cov_14.351610	522	602	1	20	80	0.2500000
NODE_3514_length_1248_cov_14.351610	522	602	2	21	80	0.2625000
NODE_3514_length_1248_cov_14.351610	598	678	0	80	80	1.0000000
NODE_3514_length_1248_cov_14.351610	651	731	0	80	80	1.0000000
NODE_3515_length_1248_cov_11.181027	303	383	0	54	80	0.6750000
NODE_3515_length_1248_cov_11.181027	303	383	3	26	80	0.3250000
NODE_3515_length_1248_cov_11.181027	356	436	0	1	80	0.0125000
NODE_3515_length_1248_cov_11.181027	356	436	1	12	80	0.1500000
NODE_3515_length_1248_cov_11.181027	356	436	3	67	80	0.8375000
NODE_3515_length_1248_cov_11.181027	432	512	0	28	80	0.3500000
NODE_3515_length_1248_cov_11.181027	432	512	1	52	80	0.6500000
NODE_3515_length_1248_cov_11.181027	485	565	1	80	80	1.0000000
NODE_3516_length_1248_cov_4.372498	17	98	0	81	81	1.0000000
NODE_3516_length_1248_cov_4.372498	94	152	0	58	58	1.0000000
NODE_3517_length_1248_cov_2.356832	952	1032	0	54	80	0.6750000
NODE_3517_length_1248_cov_2.356832	952	1032	2	26	80	0.3250000
NODE_3517_length_1248_cov_2.356832	1005	1085	0	1	80	0.0125000
NODE_3517_length_1248_cov_2.356832	1005	1085	2	79	80	0.9875000
NODE_3518_length_1248_cov_2.283725	1102	1151	0	49	49	1.0000000
NODE_3522_length_1247_cov_25.355401	487	567	0	80	80	1.0000000
NODE_3522_length_1247_cov_25.355401	540	620	0	80	80	1.0000000
NODE_3522_length_1247_cov_25.355401	616	696	0	63	80	0.7875000
NODE_3522_length_1247_cov_25.355401	616	696	2	7	80	0.0875000
NODE_3522_length_1247_cov_25.355401	616	696	4	10	80	0.1250000
NODE_3522_length_1247_cov_25.355401	669	749	0	10	80	0.1250000
NODE_3522_length_1247_cov_25.355401	669	749	2	7	80	0.0875000
NODE_3522_length_1247_cov_25.355401	669	749	4	63	80	0.7875000
NODE_3528_length_1246_cov_30.231909	433	513	0	36	80	0.4500000
NODE_3528_length_1246_cov_30.231909	433	513	2	44	80	0.5500000
NODE_3528_length_1246_cov_30.231909	486	566	2	79	80	0.9875000
NODE_3528_length_1246_cov_30.231909	486	566	7	1	80	0.0125000
NODE_3528_length_1246_cov_30.231909	562	642	2	3	80	0.0375000
NODE_3528_length_1246_cov_30.231909	562	642	7	43	80	0.5375000
NODE_3528_length_1246_cov_30.231909	562	642	8	21	80	0.2625000
NODE_3528_length_1246_cov_30.231909	562	642	9	13	80	0.1625000
NODE_3528_length_1246_cov_30.231909	615	695	0	24	80	0.3000000
NODE_3528_length_1246_cov_30.231909	615	695	6	27	80	0.3375000
NODE_3528_length_1246_cov_30.231909	615	695	7	6	80	0.0750000
NODE_3528_length_1246_cov_30.231909	615	695	8	23	80	0.2875000
NODE_3529_length_1246_cov_13.847428	497	577	0	74	80	0.9250000
NODE_3529_length_1246_cov_13.847428	497	577	2	6	80	0.0750000
NODE_3529_length_1246_cov_13.847428	550	630	0	21	80	0.2625000
NODE_3529_length_1246_cov_13.847428	550	630	2	59	80	0.7375000
NODE_3535_length_1245_cov_31.472949	443	523	3	14	80	0.1750000
NODE_3535_length_1245_cov_31.472949	443	523	4	3	80	0.0375000
NODE_3535_length_1245_cov_31.472949	443	523	6	63	80	0.7875000
NODE_3535_length_1245_cov_31.472949	496	576	0	51	80	0.6375000
NODE_3535_length_1245_cov_31.472949	496	576	6	29	80	0.3625000
NODE_3536_length_1245_cov_30.068935	771	841	0	70	70	1.0000000
NODE_3537_length_1245_cov_24.765271	668	748	0	14	80	0.1750000
NODE_3537_length_1245_cov_24.765271	668	748	2	8	80	0.1000000
NODE_3537_length_1245_cov_24.765271	668	748	5	3	80	0.0375000
NODE_3537_length_1245_cov_24.765271	668	748	8	55	80	0.6875000
NODE_3537_length_1245_cov_24.765271	721	801	6	52	80	0.6500000
NODE_3537_length_1245_cov_24.765271	721	801	8	28	80	0.3500000
NODE_3537_length_1245_cov_24.765271	797	877	0	34	80	0.4250000
NODE_3537_length_1245_cov_24.765271	797	877	3	3	80	0.0375000
NODE_3537_length_1245_cov_24.765271	797	877	6	43	80	0.5375000
NODE_3537_length_1245_cov_24.765271	850	930	0	80	80	1.0000000
NODE_3538_length_1245_cov_16.854276	655	735	0	80	80	1.0000000
NODE_3538_length_1245_cov_16.854276	701	771	0	70	70	1.0000000
NODE_3538_length_1245_cov_16.854276	708	788	0	80	80	1.0000000
NODE_3540_length_1245_cov_1.187609	1148	1194	2	46	46	1.0000000
NODE_3540_length_1245_cov_1.187609	1167	1245	0	2	78	0.0256410
NODE_3540_length_1245_cov_1.187609	1167	1245	2	76	78	0.9743590
NODE_3541_length_1244_cov_52.633188	501	581	4	80	80	1.0000000
NODE_3541_length_1244_cov_52.633188	554	634	2	51	80	0.6375000
NODE_3541_length_1244_cov_52.633188	554	634	4	29	80	0.3625000
NODE_3541_length_1244_cov_52.633188	630	710	0	15	80	0.1875000
NODE_3541_length_1244_cov_52.633188	630	710	2	34	80	0.4250000
NODE_3541_length_1244_cov_52.633188	630	710	8	31	80	0.3875000
NODE_3541_length_1244_cov_52.633188	683	763	8	47	80	0.5875000
NODE_3541_length_1244_cov_52.633188	683	763	9	7	80	0.0875000
NODE_3541_length_1244_cov_52.633188	683	763	10	26	80	0.3250000
NODE_3542_length_1244_cov_33.889956	445	525	0	1	80	0.0125000
NODE_3542_length_1244_cov_33.889956	445	525	2	3	80	0.0375000
NODE_3542_length_1244_cov_33.889956	445	525	14	14	80	0.1750000
NODE_3542_length_1244_cov_33.889956	445	525	15	13	80	0.1625000
NODE_3542_length_1244_cov_33.889956	445	525	16	49	80	0.6125000
NODE_3542_length_1244_cov_33.889956	498	578	0	51	80	0.6375000
NODE_3542_length_1244_cov_33.889956	498	578	14	16	80	0.2000000
NODE_3542_length_1244_cov_33.889956	498	578	16	13	80	0.1625000
NODE_3542_length_1244_cov_33.889956	574	654	0	80	80	1.0000000
NODE_3542_length_1244_cov_33.889956	627	707	0	80	80	1.0000000
NODE_3543_length_1244_cov_16.798253	644	724	2	58	80	0.7250000
NODE_3543_length_1244_cov_16.798253	644	724	6	6	80	0.0750000
NODE_3543_length_1244_cov_16.798253	644	724	12	16	80	0.2000000
NODE_3543_length_1244_cov_16.798253	697	777	2	11	80	0.1375000
NODE_3543_length_1244_cov_16.798253	697	777	10	49	80	0.6125000
NODE_3543_length_1244_cov_16.798253	697	777	12	20	80	0.2500000
NODE_3544_length_1244_cov_1.735371	276	347	0	71	71	1.0000000
NODE_3544_length_1244_cov_1.735371	276	347	0	71	71	1.0000000
NODE_3544_length_1244_cov_1.735371	320	400	0	80	80	1.0000000
NODE_3544_length_1244_cov_1.735371	320	400	0	80	80	1.0000000
NODE_3548_length_1243_cov_34.284965	774	854	0	80	80	1.0000000
NODE_3548_length_1243_cov_34.284965	827	907	0	80	80	1.0000000
NODE_3552_length_1242_cov_29.665792	539	619	0	80	80	1.0000000
NODE_3552_length_1242_cov_29.665792	592	672	0	80	80	1.0000000
NODE_3553_length_1242_cov_28.304462	506	586	0	13	80	0.1625000
NODE_3553_length_1242_cov_28.304462	506	586	4	22	80	0.2750000
NODE_3553_length_1242_cov_28.304462	506	586	6	45	80	0.5625000
NODE_3553_length_1242_cov_28.304462	559	639	2	34	80	0.4250000
NODE_3553_length_1242_cov_28.304462	559	639	6	46	80	0.5750000
NODE_3553_length_1242_cov_28.304462	635	715	0	49	80	0.6125000
NODE_3553_length_1242_cov_28.304462	635	715	2	28	80	0.3500000
NODE_3553_length_1242_cov_28.304462	635	715	4	3	80	0.0375000
NODE_3553_length_1242_cov_28.304462	688	768	0	1	80	0.0125000
NODE_3553_length_1242_cov_28.304462	688	768	2	23	80	0.2875000
NODE_3553_length_1242_cov_28.304462	688	768	4	56	80	0.7000000
NODE_3554_length_1242_cov_16.383202	704	784	4	33	80	0.4125000
NODE_3554_length_1242_cov_16.383202	704	784	6	18	80	0.2250000
NODE_3554_length_1242_cov_16.383202	704	784	8	29	80	0.3625000
NODE_3554_length_1242_cov_16.383202	757	837	2	10	80	0.1250000
NODE_3554_length_1242_cov_16.383202	757	837	4	29	80	0.3625000
NODE_3554_length_1242_cov_16.383202	757	837	6	7	80	0.0875000
NODE_3554_length_1242_cov_16.383202	757	837	8	34	80	0.4250000
NODE_3555_length_1242_cov_8.081365	688	768	4	60	80	0.7500000
NODE_3555_length_1242_cov_8.081365	688	768	6	20	80	0.2500000
NODE_3555_length_1242_cov_8.081365	741	821	2	41	80	0.5125000
NODE_3555_length_1242_cov_8.081365	741	821	4	36	80	0.4500000
NODE_3555_length_1242_cov_8.081365	741	821	6	3	80	0.0375000
NODE_3561_length_1241_cov_36.544658	602	682	0	80	80	1.0000000
NODE_3561_length_1241_cov_36.544658	655	735	0	80	80	1.0000000
NODE_3562_length_1241_cov_19.894921	676	756	0	27	80	0.3375000
NODE_3562_length_1241_cov_19.894921	676	756	2	53	80	0.6625000
NODE_3562_length_1241_cov_19.894921	729	809	0	80	80	1.0000000
NODE_3569_length_1240_cov_38.375110	483	563	0	80	80	1.0000000
NODE_3569_length_1240_cov_38.375110	536	616	0	55	80	0.6875000
NODE_3569_length_1240_cov_38.375110	536	616	2	25	80	0.3125000
NODE_3569_length_1240_cov_38.375110	612	692	0	10	80	0.1250000
NODE_3569_length_1240_cov_38.375110	612	692	2	70	80	0.8750000
NODE_3569_length_1240_cov_38.375110	665	745	0	63	80	0.7875000
NODE_3569_length_1240_cov_38.375110	665	745	2	17	80	0.2125000
NODE_3570_length_1240_cov_24.975460	625	705	2	25	80	0.3125000
NODE_3570_length_1240_cov_24.975460	625	705	6	31	80	0.3875000
NODE_3570_length_1240_cov_24.975460	625	705	12	15	80	0.1875000
NODE_3570_length_1240_cov_24.975460	625	705	14	9	80	0.1125000
NODE_3570_length_1240_cov_24.975460	678	758	6	14	80	0.1750000
NODE_3570_length_1240_cov_24.975460	678	758	8	6	80	0.0750000
NODE_3570_length_1240_cov_24.975460	678	758	12	42	80	0.5250000
NODE_3570_length_1240_cov_24.975460	678	758	14	18	80	0.2250000
NODE_3571_length_1240_cov_23.812445	731	811	0	80	80	1.0000000
NODE_3571_length_1240_cov_23.812445	784	864	0	35	80	0.4375000
NODE_3571_length_1240_cov_23.812445	784	864	2	4	80	0.0500000
NODE_3571_length_1240_cov_23.812445	784	864	6	41	80	0.5125000
NODE_3576_length_1239_cov_37.657895	399	479	0	41	80	0.5125000
NODE_3576_length_1239_cov_37.657895	399	479	1	33	80	0.4125000
NODE_3576_length_1239_cov_37.657895	399	479	2	6	80	0.0750000
NODE_3576_length_1239_cov_37.657895	452	532	0	80	80	1.0000000
NODE_3576_length_1239_cov_37.657895	528	608	0	47	80	0.5875000
NODE_3576_length_1239_cov_37.657895	528	608	4	33	80	0.4125000
NODE_3576_length_1239_cov_37.657895	581	661	0	22	80	0.2750000
NODE_3576_length_1239_cov_37.657895	581	661	4	58	80	0.7250000
NODE_3577_length_1239_cov_14.984211	398	478	0	80	80	1.0000000
NODE_3577_length_1239_cov_14.984211	451	531	0	80	80	1.0000000
NODE_3577_length_1239_cov_14.984211	771	825	0	54	54	1.0000000
NODE_3577_length_1239_cov_14.984211	798	878	0	80	80	1.0000000
NODE_3578_length_1239_cov_13.312281	806	886	2	50	80	0.6250000
NODE_3578_length_1239_cov_13.312281	806	886	4	30	80	0.3750000
NODE_3578_length_1239_cov_13.312281	859	939	0	21	80	0.2625000
NODE_3578_length_1239_cov_13.312281	859	939	2	48	80	0.6000000
NODE_3578_length_1239_cov_13.312281	859	939	4	11	80	0.1375000
NODE_3579_length_1239_cov_7.116667	444	524	0	80	80	1.0000000
NODE_3579_length_1239_cov_7.116667	497	577	0	65	80	0.8125000
NODE_3579_length_1239_cov_7.116667	497	577	2	15	80	0.1875000
NODE_3582_length_1238_cov_33.830553	625	705	0	80	80	1.0000000
NODE_3582_length_1238_cov_33.830553	678	758	0	80	80	1.0000000
NODE_3583_length_1238_cov_8.163301	664	744	12	28	80	0.3500000
NODE_3583_length_1238_cov_8.163301	664	744	14	28	80	0.3500000
NODE_3583_length_1238_cov_8.163301	664	744	16	21	80	0.2625000
NODE_3583_length_1238_cov_8.163301	664	744	18	3	80	0.0375000
NODE_3583_length_1238_cov_8.163301	717	797	9	1	80	0.0125000
NODE_3583_length_1238_cov_8.163301	717	797	11	6	80	0.0750000
NODE_3583_length_1238_cov_8.163301	717	797	13	6	80	0.0750000
NODE_3583_length_1238_cov_8.163301	717	797	14	21	80	0.2625000
NODE_3583_length_1238_cov_8.163301	717	797	15	8	80	0.1000000
NODE_3583_length_1238_cov_8.163301	717	797	16	25	80	0.3125000
NODE_3583_length_1238_cov_8.163301	717	797	17	10	80	0.1250000
NODE_3583_length_1238_cov_8.163301	717	797	18	3	80	0.0375000
NODE_3586_length_1237_cov_24.562390	447	527	0	4	80	0.0500000
NODE_3586_length_1237_cov_24.562390	447	527	2	76	80	0.9500000
NODE_3586_length_1237_cov_24.562390	500	580	0	48	80	0.6000000
NODE_3586_length_1237_cov_24.562390	500	580	2	32	80	0.4000000
NODE_3587_length_1237_cov_9.297012	515	595	6	22	80	0.2750000
NODE_3587_length_1237_cov_9.297012	515	595	8	58	80	0.7250000
NODE_3587_length_1237_cov_9.297012	568	648	0	26	80	0.3250000
NODE_3587_length_1237_cov_9.297012	568	648	2	4	80	0.0500000
NODE_3587_length_1237_cov_9.297012	568	648	6	18	80	0.2250000
NODE_3587_length_1237_cov_9.297012	568	648	8	32	80	0.4000000
NODE_3594_length_1236_cov_46.661390	632	712	12	4	80	0.0500000
NODE_3594_length_1236_cov_46.661390	632	712	20	10	80	0.1250000
NODE_3594_length_1236_cov_46.661390	632	712	24	1	80	0.0125000
NODE_3594_length_1236_cov_46.661390	632	712	25	3	80	0.0375000
NODE_3594_length_1236_cov_46.661390	632	712	26	7	80	0.0875000
NODE_3594_length_1236_cov_46.661390	632	712	28	17	80	0.2125000
NODE_3594_length_1236_cov_46.661390	632	712	30	9	80	0.1125000
NODE_3594_length_1236_cov_46.661390	632	712	32	13	80	0.1625000
NODE_3594_length_1236_cov_46.661390	632	712	36	16	80	0.2000000
NODE_3594_length_1236_cov_46.661390	685	765	0	2	80	0.0250000
NODE_3594_length_1236_cov_46.661390	685	765	4	3	80	0.0375000
NODE_3594_length_1236_cov_46.661390	685	765	6	31	80	0.3875000
NODE_3594_length_1236_cov_46.661390	685	765	8	7	80	0.0875000
NODE_3594_length_1236_cov_46.661390	685	765	10	10	80	0.1250000
NODE_3594_length_1236_cov_46.661390	685	765	12	4	80	0.0500000
NODE_3594_length_1236_cov_46.661390	685	765	24	1	80	0.0125000
NODE_3594_length_1236_cov_46.661390	685	765	25	3	80	0.0375000
NODE_3594_length_1236_cov_46.661390	685	765	26	7	80	0.0875000
NODE_3594_length_1236_cov_46.661390	685	765	32	9	80	0.1125000
NODE_3594_length_1236_cov_46.661390	685	765	36	3	80	0.0375000
NODE_3595_length_1236_cov_8.625330	735	815	0	39	80	0.4875000
NODE_3595_length_1236_cov_8.625330	735	815	2	41	80	0.5125000
NODE_3595_length_1236_cov_8.625330	788	868	2	80	80	1.0000000
NODE_3597_length_1235_cov_31.619718	331	411	0	9	80	0.1125000
NODE_3597_length_1235_cov_31.619718	331	411	2	71	80	0.8875000
NODE_3597_length_1235_cov_31.619718	384	464	0	62	80	0.7750000
NODE_3597_length_1235_cov_31.619718	384	464	2	18	80	0.2250000
NODE_3598_length_1235_cov_20.252641	559	639	0	13	80	0.1625000
NODE_3598_length_1235_cov_20.252641	559	639	2	67	80	0.8375000
NODE_3598_length_1235_cov_20.252641	612	692	0	43	80	0.5375000
NODE_3598_length_1235_cov_20.252641	612	692	2	37	80	0.4625000
NODE_3598_length_1235_cov_20.252641	688	768	0	80	80	1.0000000
NODE_3598_length_1235_cov_20.252641	741	821	0	80	80	1.0000000
NODE_3599_length_1235_cov_18.462148	695	775	0	36	80	0.4500000
NODE_3599_length_1235_cov_18.462148	695	775	2	44	80	0.5500000
NODE_3599_length_1235_cov_18.462148	748	828	0	4	80	0.0500000
NODE_3599_length_1235_cov_18.462148	748	828	2	76	80	0.9500000
NODE_3600_length_1235_cov_8.696303	765	845	0	37	80	0.4625000
NODE_3600_length_1235_cov_8.696303	765	845	6	43	80	0.5375000
NODE_3600_length_1235_cov_8.696303	818	898	6	80	80	1.0000000
NODE_3601_length_1235_cov_5.580106	544	624	0	80	80	1.0000000
NODE_3601_length_1235_cov_5.580106	597	677	0	80	80	1.0000000
NODE_3608_length_1234_cov_27.136564	528	608	0	42	80	0.5250000
NODE_3608_length_1234_cov_27.136564	528	608	2	18	80	0.2250000
NODE_3608_length_1234_cov_27.136564	528	608	4	20	80	0.2500000
NODE_3608_length_1234_cov_27.136564	581	661	0	7	80	0.0875000
NODE_3608_length_1234_cov_27.136564	581	661	4	73	80	0.9125000
NODE_3611_length_1233_cov_64.374780	497	577	0	80	80	1.0000000
NODE_3611_length_1233_cov_64.374780	550	630	0	80	80	1.0000000
NODE_3611_length_1233_cov_64.374780	626	706	0	80	80	1.0000000
NODE_3611_length_1233_cov_64.374780	679	759	0	74	80	0.9250000
NODE_3611_length_1233_cov_64.374780	679	759	1	6	80	0.0750000
NODE_3612_length_1233_cov_52.833333	654	734	0	22	80	0.2750000
NODE_3612_length_1233_cov_52.833333	654	734	2	27	80	0.3375000
NODE_3612_length_1233_cov_52.833333	654	734	4	31	80	0.3875000
NODE_3612_length_1233_cov_52.833333	707	787	4	63	80	0.7875000
NODE_3612_length_1233_cov_52.833333	707	787	6	17	80	0.2125000
NODE_3613_length_1233_cov_18.096120	522	602	2	43	80	0.5375000
NODE_3613_length_1233_cov_18.096120	522	602	4	37	80	0.4625000
NODE_3613_length_1233_cov_18.096120	575	655	0	26	80	0.3250000
NODE_3613_length_1233_cov_18.096120	575	655	2	54	80	0.6750000
NODE_3613_length_1233_cov_18.096120	651	731	0	80	80	1.0000000
NODE_3613_length_1233_cov_18.096120	704	784	0	80	80	1.0000000
NODE_3614_length_1233_cov_15.360670	585	656	4	22	71	0.3098592
NODE_3614_length_1233_cov_15.360670	585	656	6	49	71	0.6901408
NODE_3614_length_1233_cov_15.360670	631	709	0	25	78	0.3205128
NODE_3614_length_1233_cov_15.360670	631	709	2	2	78	0.0256410
NODE_3614_length_1233_cov_15.360670	631	709	4	28	78	0.3589744
NODE_3614_length_1233_cov_15.360670	631	709	6	23	78	0.2948718
NODE_3620_length_1232_cov_62.112974	552	632	2	21	80	0.2625000
NODE_3620_length_1232_cov_62.112974	552	632	4	22	80	0.2750000
NODE_3620_length_1232_cov_62.112974	552	632	6	37	80	0.4625000
NODE_3620_length_1232_cov_62.112974	605	694	2	23	89	0.2584270
NODE_3620_length_1232_cov_62.112974	605	694	4	60	89	0.6741573
NODE_3620_length_1232_cov_62.112974	605	694	6	6	89	0.0674157
NODE_3620_length_1232_cov_62.112974	690	770	0	30	80	0.3750000
NODE_3620_length_1232_cov_62.112974	690	770	2	22	80	0.2750000
NODE_3620_length_1232_cov_62.112974	690	770	4	28	80	0.3500000
NODE_3620_length_1232_cov_62.112974	743	823	0	13	80	0.1625000
NODE_3620_length_1232_cov_62.112974	743	823	2	56	80	0.7000000
NODE_3620_length_1232_cov_62.112974	743	823	4	11	80	0.1375000
NODE_3621_length_1232_cov_34.635481	469	549	0	8	80	0.1000000
NODE_3621_length_1232_cov_34.635481	469	549	6	36	80	0.4500000
NODE_3621_length_1232_cov_34.635481	469	549	10	12	80	0.1500000
NODE_3621_length_1232_cov_34.635481	469	549	16	20	80	0.2500000
NODE_3621_length_1232_cov_34.635481	469	549	18	4	80	0.0500000
NODE_3621_length_1232_cov_34.635481	522	602	8	3	80	0.0375000
NODE_3621_length_1232_cov_34.635481	522	602	10	3	80	0.0375000
NODE_3621_length_1232_cov_34.635481	522	602	12	18	80	0.2250000
NODE_3621_length_1232_cov_34.635481	522	602	16	20	80	0.2500000
NODE_3621_length_1232_cov_34.635481	522	602	18	36	80	0.4500000
NODE_3622_length_1232_cov_16.362754	774	854	0	80	80	1.0000000
NODE_3622_length_1232_cov_16.362754	827	907	0	80	80	1.0000000
NODE_3623_length_1232_cov_13.395410	234	315	0	31	81	0.3827161
NODE_3623_length_1232_cov_13.395410	234	315	2	17	81	0.2098765
NODE_3623_length_1232_cov_13.395410	234	315	4	6	81	0.0740741
NODE_3623_length_1232_cov_13.395410	234	315	5	27	81	0.3333333
NODE_3623_length_1232_cov_13.395410	287	368	0	81	81	1.0000000
NODE_3623_length_1232_cov_13.395410	364	444	0	80	80	1.0000000
NODE_3623_length_1232_cov_13.395410	417	497	0	80	80	1.0000000
NODE_3625_length_1231_cov_47.606890	509	589	4	42	80	0.5250000
NODE_3625_length_1231_cov_47.606890	509	589	6	38	80	0.4750000
NODE_3625_length_1231_cov_47.606890	562	642	2	6	80	0.0750000
NODE_3625_length_1231_cov_47.606890	562	642	4	45	80	0.5625000
NODE_3625_length_1231_cov_47.606890	562	642	6	11	80	0.1375000
NODE_3625_length_1231_cov_47.606890	562	642	8	18	80	0.2250000
NODE_3625_length_1231_cov_47.606890	638	718	6	3	80	0.0375000
NODE_3625_length_1231_cov_47.606890	638	718	8	12	80	0.1500000
NODE_3625_length_1231_cov_47.606890	638	718	12	3	80	0.0375000
NODE_3625_length_1231_cov_47.606890	638	718	14	5	80	0.0625000
NODE_3625_length_1231_cov_47.606890	638	718	16	1	80	0.0125000
NODE_3625_length_1231_cov_47.606890	638	718	18	12	80	0.1500000
NODE_3625_length_1231_cov_47.606890	638	718	23	13	80	0.1625000
NODE_3625_length_1231_cov_47.606890	638	718	27	7	80	0.0875000
NODE_3625_length_1231_cov_47.606890	638	718	29	21	80	0.2625000
NODE_3625_length_1231_cov_47.606890	638	718	31	3	80	0.0375000
NODE_3625_length_1231_cov_47.606890	691	771	14	4	80	0.0500000
NODE_3625_length_1231_cov_47.606890	691	771	16	8	80	0.1000000
NODE_3625_length_1231_cov_47.606890	691	771	18	12	80	0.1500000
NODE_3625_length_1231_cov_47.606890	691	771	24	14	80	0.1750000
NODE_3625_length_1231_cov_47.606890	691	771	26	4	80	0.0500000
NODE_3625_length_1231_cov_47.606890	691	771	27	3	80	0.0375000
NODE_3625_length_1231_cov_47.606890	691	771	29	29	80	0.3625000
NODE_3625_length_1231_cov_47.606890	691	771	30	3	80	0.0375000
NODE_3625_length_1231_cov_47.606890	691	771	31	3	80	0.0375000
NODE_3626_length_1231_cov_27.498233	698	777	0	79	79	1.0000000
NODE_3626_length_1231_cov_27.498233	750	830	0	80	80	1.0000000
NODE_3627_length_1231_cov_21.245583	673	753	2	24	80	0.3000000
NODE_3627_length_1231_cov_21.245583	673	753	8	15	80	0.1875000
NODE_3627_length_1231_cov_21.245583	673	753	10	19	80	0.2375000
NODE_3627_length_1231_cov_21.245583	673	753	12	22	80	0.2750000
NODE_3627_length_1231_cov_21.245583	726	806	0	11	80	0.1375000
NODE_3627_length_1231_cov_21.245583	726	806	2	11	80	0.1375000
NODE_3627_length_1231_cov_21.245583	726	806	4	2	80	0.0250000
NODE_3627_length_1231_cov_21.245583	726	806	8	2	80	0.0250000
NODE_3627_length_1231_cov_21.245583	726	806	10	17	80	0.2125000
NODE_3627_length_1231_cov_21.245583	726	806	12	37	80	0.4625000
NODE_3627_length_1231_cov_21.245583	802	882	0	5	80	0.0625000
NODE_3627_length_1231_cov_21.245583	802	882	1	7	80	0.0875000
NODE_3627_length_1231_cov_21.245583	802	882	2	68	80	0.8500000
NODE_3627_length_1231_cov_21.245583	860	935	2	75	75	1.0000000
NODE_3628_length_1231_cov_9.895760	515	595	6	37	80	0.4625000
NODE_3628_length_1231_cov_9.895760	515	595	8	43	80	0.5375000
NODE_3628_length_1231_cov_9.895760	568	648	2	12	80	0.1500000
NODE_3628_length_1231_cov_9.895760	568	648	4	8	80	0.1000000
NODE_3628_length_1231_cov_9.895760	568	648	5	1	80	0.0125000
NODE_3628_length_1231_cov_9.895760	568	648	6	24	80	0.3000000
NODE_3628_length_1231_cov_9.895760	568	648	8	35	80	0.4375000
NODE_3630_length_1230_cov_43.705570	412	492	2	16	80	0.2000000
NODE_3630_length_1230_cov_43.705570	412	492	8	18	80	0.2250000
NODE_3630_length_1230_cov_43.705570	412	492	10	46	80	0.5750000
NODE_3630_length_1230_cov_43.705570	465	545	0	15	80	0.1875000
NODE_3630_length_1230_cov_43.705570	465	545	2	54	80	0.6750000
NODE_3630_length_1230_cov_43.705570	465	545	8	11	80	0.1375000
NODE_3631_length_1230_cov_43.663130	501	581	0	46	80	0.5750000
NODE_3631_length_1230_cov_43.663130	501	581	10	34	80	0.4250000
NODE_3631_length_1230_cov_43.663130	554	634	10	80	80	1.0000000
NODE_3632_length_1230_cov_33.173298	315	395	0	80	80	1.0000000
NODE_3632_length_1230_cov_33.173298	368	448	0	62	80	0.7750000
NODE_3632_length_1230_cov_33.173298	368	448	2	18	80	0.2250000
NODE_3633_length_1230_cov_12.939876	201	281	6	6	80	0.0750000
NODE_3633_length_1230_cov_12.939876	201	281	8	37	80	0.4625000
NODE_3633_length_1230_cov_12.939876	201	281	10	37	80	0.4625000
NODE_3633_length_1230_cov_12.939876	218	273	8	20	55	0.3636364
NODE_3633_length_1230_cov_12.939876	218	273	10	35	55	0.6363636
NODE_3633_length_1230_cov_12.939876	254	334	2	31	80	0.3875000
NODE_3633_length_1230_cov_12.939876	254	334	6	28	80	0.3500000
NODE_3633_length_1230_cov_12.939876	254	334	10	21	80	0.2625000
NODE_3633_length_1230_cov_12.939876	330	410	0	33	80	0.4125000
NODE_3633_length_1230_cov_12.939876	330	410	2	47	80	0.5875000
NODE_3633_length_1230_cov_12.939876	383	463	2	80	80	1.0000000
NODE_3634_length_1230_cov_5.155615	248	328	0	80	80	1.0000000
NODE_3634_length_1230_cov_5.155615	301	381	0	80	80	1.0000000
NODE_3640_length_1229_cov_30.214159	341	421	0	50	80	0.6250000
NODE_3640_length_1229_cov_30.214159	341	421	2	2	80	0.0250000
NODE_3640_length_1229_cov_30.214159	341	421	4	4	80	0.0500000
NODE_3640_length_1229_cov_30.214159	341	421	6	24	80	0.3000000
NODE_3640_length_1229_cov_30.214159	394	474	2	2	80	0.0250000
NODE_3640_length_1229_cov_30.214159	394	474	4	16	80	0.2000000
NODE_3640_length_1229_cov_30.214159	394	474	6	62	80	0.7750000
NODE_3641_length_1229_cov_23.165487	376	456	7	1	80	0.0125000
NODE_3641_length_1229_cov_23.165487	376	456	9	39	80	0.4875000
NODE_3641_length_1229_cov_23.165487	376	456	11	40	80	0.5000000
NODE_3641_length_1229_cov_23.165487	429	509	7	16	80	0.2000000
NODE_3641_length_1229_cov_23.165487	429	509	11	26	80	0.3250000
NODE_3641_length_1229_cov_23.165487	429	509	18	4	80	0.0500000
NODE_3641_length_1229_cov_23.165487	429	509	20	15	80	0.1875000
NODE_3641_length_1229_cov_23.165487	429	509	21	1	80	0.0125000
NODE_3641_length_1229_cov_23.165487	429	509	22	18	80	0.2250000
NODE_3641_length_1229_cov_23.165487	505	585	14	47	80	0.5875000
NODE_3641_length_1229_cov_23.165487	505	585	15	9	80	0.1125000
NODE_3641_length_1229_cov_23.165487	505	585	17	10	80	0.1250000
NODE_3641_length_1229_cov_23.165487	505	585	18	14	80	0.1750000
NODE_3641_length_1229_cov_23.165487	558	638	0	18	80	0.2250000
NODE_3641_length_1229_cov_23.165487	558	638	1	15	80	0.1875000
NODE_3641_length_1229_cov_23.165487	558	638	14	47	80	0.5875000
NODE_3642_length_1229_cov_19.376991	484	564	0	80	80	1.0000000
NODE_3642_length_1229_cov_19.376991	537	614	0	77	77	1.0000000
NODE_3643_length_1229_cov_11.799115	670	748	2	73	78	0.9358974
NODE_3643_length_1229_cov_11.799115	670	748	3	5	78	0.0641026
NODE_3643_length_1229_cov_11.799115	728	801	1	6	73	0.0821918
NODE_3643_length_1229_cov_11.799115	728	801	2	62	73	0.8493150
NODE_3643_length_1229_cov_11.799115	728	801	3	5	73	0.0684932
NODE_3644_length_1229_cov_8.140708	970	1050	0	80	80	1.0000000
NODE_3644_length_1229_cov_8.140708	1023	1103	0	80	80	1.0000000
NODE_3646_length_1229_cov_3.654867	765	840	0	75	75	1.0000000
NODE_3646_length_1229_cov_3.654867	813	893	0	80	80	1.0000000
NODE_3652_length_1229_cov_0.949558	1034	1079	4	37	45	0.8222222
NODE_3652_length_1229_cov_0.949558	1034	1079	6	8	45	0.1777778
NODE_3652_length_1229_cov_0.949558	1090	1130	8	2	40	0.0500000
NODE_3652_length_1229_cov_0.949558	1090	1130	10	12	40	0.3000000
NODE_3652_length_1229_cov_0.949558	1090	1130	12	26	40	0.6500000
NODE_3654_length_1228_cov_22.622675	604	684	0	80	80	1.0000000
NODE_3654_length_1228_cov_22.622675	657	738	0	81	81	1.0000000
NODE_3655_length_1228_cov_17.900797	423	503	0	80	80	1.0000000
NODE_3655_length_1228_cov_17.900797	423	503	0	80	80	1.0000000
NODE_3655_length_1228_cov_17.900797	423	503	0	80	80	1.0000000
NODE_3655_length_1228_cov_17.900797	476	538	0	62	62	1.0000000
NODE_3655_length_1228_cov_17.900797	476	538	0	62	62	1.0000000
NODE_3655_length_1228_cov_17.900797	476	538	0	62	62	1.0000000
NODE_3655_length_1228_cov_17.900797	476	556	0	80	80	1.0000000
NODE_3656_length_1228_cov_14.554473	367	447	0	80	80	1.0000000
NODE_3656_length_1228_cov_14.554473	420	500	0	80	80	1.0000000
NODE_3657_length_1228_cov_10.021258	661	741	0	80	80	1.0000000
NODE_3657_length_1228_cov_10.021258	714	794	0	80	80	1.0000000
NODE_3660_length_1228_cov_3.987600	1139	1219	0	80	80	1.0000000
NODE_3662_length_1227_cov_29.002660	423	503	0	21	80	0.2625000
NODE_3662_length_1227_cov_29.002660	423	503	6	59	80	0.7375000
NODE_3662_length_1227_cov_29.002660	476	556	6	80	80	1.0000000
NODE_3663_length_1227_cov_17.479610	759	839	2	44	80	0.5500000
NODE_3663_length_1227_cov_17.479610	759	839	8	17	80	0.2125000
NODE_3663_length_1227_cov_17.479610	759	839	10	19	80	0.2375000
NODE_3663_length_1227_cov_17.479610	812	892	8	70	80	0.8750000
NODE_3663_length_1227_cov_17.479610	812	892	10	10	80	0.1250000
NODE_3666_length_1227_cov_3.808511	120	186	10	1	66	0.0151515
NODE_3666_length_1227_cov_3.808511	120	186	12	7	66	0.1060606
NODE_3666_length_1227_cov_3.808511	120	186	13	15	66	0.2272727
NODE_3666_length_1227_cov_3.808511	120	186	17	43	66	0.6515151
NODE_3666_length_1227_cov_3.808511	173	239	8	11	66	0.1666667
NODE_3666_length_1227_cov_3.808511	173	239	13	9	66	0.1363636
NODE_3666_length_1227_cov_3.808511	173	239	14	23	66	0.3484848
NODE_3666_length_1227_cov_3.808511	173	239	15	4	66	0.0606061
NODE_3666_length_1227_cov_3.808511	173	239	17	19	66	0.2878788
NODE_3666_length_1227_cov_3.808511	229	299	0	40	70	0.5714286
NODE_3666_length_1227_cov_3.808511	229	299	1	4	70	0.0571429
NODE_3666_length_1227_cov_3.808511	229	299	3	10	70	0.1428571
NODE_3666_length_1227_cov_3.808511	229	299	7	1	70	0.0142857
NODE_3666_length_1227_cov_3.808511	229	299	8	15	70	0.2142857
NODE_3672_length_1226_cov_23.792369	579	659	0	80	80	1.0000000
NODE_3672_length_1226_cov_23.792369	632	712	0	80	80	1.0000000
NODE_3672_length_1226_cov_23.792369	708	788	0	80	80	1.0000000
NODE_3672_length_1226_cov_23.792369	761	839	0	78	78	1.0000000
NODE_3673_length_1226_cov_5.620231	463	543	0	80	80	1.0000000
NODE_3673_length_1226_cov_5.620231	516	596	0	80	80	1.0000000
NODE_3674_length_1226_cov_4.881988	582	662	0	80	80	1.0000000
NODE_3674_length_1226_cov_4.881988	635	715	0	80	80	1.0000000
NODE_3682_length_1225_cov_55.596803	637	717	0	80	80	1.0000000
NODE_3682_length_1225_cov_55.596803	690	770	0	55	80	0.6875000
NODE_3682_length_1225_cov_55.596803	690	770	2	25	80	0.3125000
NODE_3682_length_1225_cov_55.596803	766	846	2	80	80	1.0000000
NODE_3682_length_1225_cov_55.596803	819	899	0	18	80	0.2250000
NODE_3682_length_1225_cov_55.596803	819	899	2	62	80	0.7750000
NODE_3683_length_1225_cov_35.189165	661	742	0	49	81	0.6049383
NODE_3683_length_1225_cov_35.189165	661	742	2	31	81	0.3827161
NODE_3683_length_1225_cov_35.189165	661	742	4	1	81	0.0123457
NODE_3683_length_1225_cov_35.189165	714	795	2	27	81	0.3333333
NODE_3683_length_1225_cov_35.189165	714	795	4	54	81	0.6666667
NODE_3684_length_1225_cov_33.755773	456	535	0	55	79	0.6962025
NODE_3684_length_1225_cov_33.755773	456	535	2	24	79	0.3037975
NODE_3684_length_1225_cov_33.755773	508	588	0	17	80	0.2125000
NODE_3684_length_1225_cov_33.755773	508	588	2	63	80	0.7875000
NODE_3685_length_1225_cov_30.116341	566	646	0	80	80	1.0000000
NODE_3685_length_1225_cov_30.116341	619	699	0	80	80	1.0000000
NODE_3685_length_1225_cov_30.116341	695	775	0	80	80	1.0000000
NODE_3685_length_1225_cov_30.116341	748	828	0	80	80	1.0000000
NODE_3686_length_1225_cov_29.177620	195	275	0	47	80	0.5875000
NODE_3686_length_1225_cov_29.177620	195	275	2	33	80	0.4125000
NODE_3686_length_1225_cov_29.177620	248	328	2	80	80	1.0000000
NODE_3687_length_1225_cov_26.849023	588	668	4	8	80	0.1000000
NODE_3687_length_1225_cov_26.849023	588	668	6	24	80	0.3000000
NODE_3687_length_1225_cov_26.849023	588	668	7	34	80	0.4250000
NODE_3687_length_1225_cov_26.849023	588	668	8	14	80	0.1750000
NODE_3687_length_1225_cov_26.849023	641	721	0	16	80	0.2000000
NODE_3687_length_1225_cov_26.849023	641	721	2	28	80	0.3500000
NODE_3687_length_1225_cov_26.849023	641	721	4	4	80	0.0500000
NODE_3687_length_1225_cov_26.849023	641	721	6	14	80	0.1750000
NODE_3687_length_1225_cov_26.849023	641	721	7	18	80	0.2250000
NODE_3687_length_1225_cov_26.849023	717	797	0	80	80	1.0000000
NODE_3687_length_1225_cov_26.849023	770	850	0	80	80	1.0000000
NODE_3688_length_1225_cov_24.444938	386	466	0	34	80	0.4250000
NODE_3688_length_1225_cov_24.444938	386	466	2	46	80	0.5750000
NODE_3688_length_1225_cov_24.444938	439	519	0	80	80	1.0000000
NODE_3690_length_1225_cov_19.369449	491	571	0	30	80	0.3750000
NODE_3690_length_1225_cov_19.369449	491	571	2	8	80	0.1000000
NODE_3690_length_1225_cov_19.369449	491	571	3	42	80	0.5250000
NODE_3690_length_1225_cov_19.369449	544	624	0	80	80	1.0000000
NODE_3690_length_1225_cov_19.369449	620	700	0	7	80	0.0875000
NODE_3690_length_1225_cov_19.369449	620	700	2	73	80	0.9125000
NODE_3690_length_1225_cov_19.369449	673	753	0	37	80	0.4625000
NODE_3690_length_1225_cov_19.369449	673	753	2	43	80	0.5375000
NODE_3691_length_1225_cov_13.281528	462	542	2	14	80	0.1750000
NODE_3691_length_1225_cov_13.281528	462	542	4	66	80	0.8250000
NODE_3691_length_1225_cov_13.281528	515	595	0	7	80	0.0875000
NODE_3691_length_1225_cov_13.281528	515	595	2	33	80	0.4125000
NODE_3691_length_1225_cov_13.281528	515	595	4	40	80	0.5000000
NODE_3691_length_1225_cov_13.281528	591	671	0	80	80	1.0000000
NODE_3691_length_1225_cov_13.281528	644	724	0	50	80	0.6250000
NODE_3691_length_1225_cov_13.281528	644	724	2	30	80	0.3750000
NODE_3692_length_1225_cov_10.887211	566	646	0	15	80	0.1875000
NODE_3692_length_1225_cov_10.887211	566	646	2	65	80	0.8125000
NODE_3692_length_1225_cov_10.887211	619	699	2	80	80	1.0000000
NODE_3696_length_1224_cov_24.568889	613	693	0	16	80	0.2000000
NODE_3696_length_1224_cov_24.568889	613	693	2	44	80	0.5500000
NODE_3696_length_1224_cov_24.568889	613	693	4	20	80	0.2500000
NODE_3696_length_1224_cov_24.568889	666	746	0	12	80	0.1500000
NODE_3696_length_1224_cov_24.568889	666	746	2	62	80	0.7750000
NODE_3696_length_1224_cov_24.568889	666	746	4	6	80	0.0750000
NODE_3697_length_1224_cov_17.538667	762	842	0	55	80	0.6875000
NODE_3697_length_1224_cov_17.538667	762	842	2	8	80	0.1000000
NODE_3697_length_1224_cov_17.538667	762	842	11	1	80	0.0125000
NODE_3697_length_1224_cov_17.538667	762	842	19	16	80	0.2000000
NODE_3697_length_1224_cov_17.538667	815	895	0	2	80	0.0250000
NODE_3697_length_1224_cov_17.538667	815	895	2	8	80	0.1000000
NODE_3697_length_1224_cov_17.538667	815	895	11	1	80	0.0125000
NODE_3697_length_1224_cov_17.538667	815	895	19	52	80	0.6500000
NODE_3697_length_1224_cov_17.538667	815	895	21	1	80	0.0125000
NODE_3697_length_1224_cov_17.538667	815	895	22	16	80	0.2000000
NODE_3698_length_1224_cov_14.138667	389	469	0	7	80	0.0875000
NODE_3698_length_1224_cov_14.138667	389	469	2	73	80	0.9125000
NODE_3698_length_1224_cov_14.138667	442	522	0	46	80	0.5750000
NODE_3698_length_1224_cov_14.138667	442	522	2	34	80	0.4250000
NODE_3699_length_1224_cov_11.358222	704	784	0	80	80	1.0000000
NODE_3699_length_1224_cov_11.358222	757	837	0	80	80	1.0000000
NODE_3700_length_1224_cov_6.963556	516	581	0	65	65	1.0000000
NODE_3705_length_1223_cov_44.608541	548	630	0	64	82	0.7804878
NODE_3705_length_1223_cov_44.608541	548	630	2	18	82	0.2195122
NODE_3705_length_1223_cov_44.608541	601	683	0	11	82	0.1341463
NODE_3705_length_1223_cov_44.608541	601	683	2	71	82	0.8658537
NODE_3705_length_1223_cov_44.608541	679	759	0	19	80	0.2375000
NODE_3705_length_1223_cov_44.608541	679	759	2	61	80	0.7625000
NODE_3705_length_1223_cov_44.608541	732	812	0	10	80	0.1250000
NODE_3705_length_1223_cov_44.608541	732	812	2	70	80	0.8750000
NODE_3706_length_1223_cov_26.730427	508	588	1	80	80	1.0000000
NODE_3706_length_1223_cov_26.730427	561	641	1	80	80	1.0000000
NODE_3707_length_1223_cov_18.902135	460	540	0	32	80	0.4000000
NODE_3707_length_1223_cov_18.902135	460	540	4	48	80	0.6000000
NODE_3707_length_1223_cov_18.902135	513	593	4	80	80	1.0000000
NODE_3708_length_1223_cov_6.989324	707	778	0	71	71	1.0000000
NODE_3710_length_1223_cov_5.251779	666	746	2	57	80	0.7125000
NODE_3710_length_1223_cov_5.251779	666	746	4	23	80	0.2875000
NODE_3710_length_1223_cov_5.251779	719	799	0	24	80	0.3000000
NODE_3710_length_1223_cov_5.251779	719	799	2	56	80	0.7000000
NODE_3710_length_1223_cov_5.251779	795	875	0	21	80	0.2625000
NODE_3710_length_1223_cov_5.251779	795	875	1	11	80	0.1375000
NODE_3710_length_1223_cov_5.251779	795	875	2	48	80	0.6000000
NODE_3710_length_1223_cov_5.251779	848	928	0	53	80	0.6625000
NODE_3710_length_1223_cov_5.251779	848	928	2	27	80	0.3375000
NODE_3716_length_1222_cov_18.406946	273	353	0	46	80	0.5750000
NODE_3716_length_1222_cov_18.406946	273	353	2	34	80	0.4250000
NODE_3716_length_1222_cov_18.406946	326	406	2	41	80	0.5125000
NODE_3716_length_1222_cov_18.406946	326	406	4	39	80	0.4875000
NODE_3720_length_1221_cov_33.261141	505	577	0	72	72	1.0000000
NODE_3720_length_1221_cov_33.261141	558	637	0	79	79	1.0000000
NODE_3720_length_1221_cov_33.261141	633	713	0	4	80	0.0500000
NODE_3720_length_1221_cov_33.261141	633	713	2	20	80	0.2500000
NODE_3720_length_1221_cov_33.261141	633	713	4	1	80	0.0125000
NODE_3720_length_1221_cov_33.261141	633	713	6	5	80	0.0625000
NODE_3720_length_1221_cov_33.261141	633	713	8	50	80	0.6250000
NODE_3720_length_1221_cov_33.261141	686	766	4	45	80	0.5625000
NODE_3720_length_1221_cov_33.261141	686	766	6	13	80	0.1625000
NODE_3720_length_1221_cov_33.261141	686	766	8	22	80	0.2750000
NODE_3721_length_1221_cov_19.466132	541	621	0	21	80	0.2625000
NODE_3721_length_1221_cov_19.466132	541	621	2	14	80	0.1750000
NODE_3721_length_1221_cov_19.466132	541	621	4	45	80	0.5625000
NODE_3721_length_1221_cov_19.466132	594	674	2	14	80	0.1750000
NODE_3721_length_1221_cov_19.466132	594	674	4	40	80	0.5000000
NODE_3721_length_1221_cov_19.466132	594	674	6	26	80	0.3250000
NODE_3722_length_1221_cov_15.940285	788	868	2	62	80	0.7750000
NODE_3722_length_1221_cov_15.940285	788	868	4	18	80	0.2250000
NODE_3722_length_1221_cov_15.940285	841	921	0	39	80	0.4875000
NODE_3722_length_1221_cov_15.940285	841	921	2	41	80	0.5125000
NODE_3722_length_1221_cov_15.940285	917	997	0	80	80	1.0000000
NODE_3722_length_1221_cov_15.940285	970	1050	0	80	80	1.0000000
NODE_3723_length_1221_cov_15.796791	484	564	0	80	80	1.0000000
NODE_3723_length_1221_cov_15.796791	537	617	0	80	80	1.0000000
NODE_3724_length_1221_cov_15.312834	342	415	8	73	73	1.0000000
NODE_3724_length_1221_cov_15.312834	395	474	0	40	79	0.5063291
NODE_3724_length_1221_cov_15.312834	395	474	8	39	79	0.4936709
NODE_3725_length_1221_cov_9.695187	988	1068	0	49	80	0.6125000
NODE_3725_length_1221_cov_9.695187	988	1068	1	1	80	0.0125000
NODE_3725_length_1221_cov_9.695187	988	1068	2	30	80	0.3750000
NODE_3725_length_1221_cov_9.695187	1041	1100	2	59	59	1.0000000
NODE_3726_length_1221_cov_9.043672	695	775	0	80	80	1.0000000
NODE_3726_length_1221_cov_9.043672	748	828	0	80	80	1.0000000
NODE_3727_length_1221_cov_7.946524	147	227	0	80	80	1.0000000
NODE_3727_length_1221_cov_7.946524	200	280	0	80	80	1.0000000
NODE_3728_length_1221_cov_5.122103	248	328	6	80	80	1.0000000
NODE_3728_length_1221_cov_5.122103	301	381	0	44	80	0.5500000
NODE_3728_length_1221_cov_5.122103	301	381	6	36	80	0.4500000
NODE_3736_length_1220_cov_44.501338	319	399	0	80	80	1.0000000
NODE_3736_length_1220_cov_44.501338	372	452	0	80	80	1.0000000
NODE_3736_length_1220_cov_44.501338	448	528	0	9	80	0.1125000
NODE_3736_length_1220_cov_44.501338	448	528	4	71	80	0.8875000
NODE_3736_length_1220_cov_44.501338	501	581	2	25	80	0.3125000
NODE_3736_length_1220_cov_44.501338	501	581	4	38	80	0.4750000
NODE_3736_length_1220_cov_44.501338	501	581	6	17	80	0.2125000
NODE_3737_length_1220_cov_43.868867	720	800	0	55	80	0.6875000
NODE_3737_length_1220_cov_43.868867	720	800	2	13	80	0.1625000
NODE_3737_length_1220_cov_43.868867	720	800	4	12	80	0.1500000
NODE_3737_length_1220_cov_43.868867	773	853	0	2	80	0.0250000
NODE_3737_length_1220_cov_43.868867	773	853	2	13	80	0.1625000
NODE_3737_length_1220_cov_43.868867	773	853	4	65	80	0.8125000
NODE_3738_length_1220_cov_41.900089	593	673	8	24	80	0.3000000
NODE_3738_length_1220_cov_41.900089	593	673	10	56	80	0.7000000
NODE_3738_length_1220_cov_41.900089	646	726	0	6	80	0.0750000
NODE_3738_length_1220_cov_41.900089	646	726	2	44	80	0.5500000
NODE_3738_length_1220_cov_41.900089	646	726	8	20	80	0.2500000
NODE_3738_length_1220_cov_41.900089	646	726	10	10	80	0.1250000
NODE_3738_length_1220_cov_41.900089	722	802	0	78	80	0.9750000
NODE_3738_length_1220_cov_41.900089	722	802	2	2	80	0.0250000
NODE_3738_length_1220_cov_41.900089	775	855	0	25	80	0.3125000
NODE_3738_length_1220_cov_41.900089	775	855	2	55	80	0.6875000
NODE_3739_length_1220_cov_15.485281	395	475	2	26	80	0.3250000
NODE_3739_length_1220_cov_15.485281	395	475	9	14	80	0.1750000
NODE_3739_length_1220_cov_15.485281	395	475	10	40	80	0.5000000
NODE_3739_length_1220_cov_15.485281	448	528	1	14	80	0.1750000
NODE_3739_length_1220_cov_15.485281	448	528	9	52	80	0.6500000
NODE_3739_length_1220_cov_15.485281	448	528	10	14	80	0.1750000
NODE_3745_length_1219_cov_30.493750	643	723	0	80	80	1.0000000
NODE_3745_length_1219_cov_30.493750	696	776	0	80	80	1.0000000
NODE_3745_length_1219_cov_30.493750	772	852	0	80	80	1.0000000
NODE_3745_length_1219_cov_30.493750	825	905	0	80	80	1.0000000
NODE_3746_length_1219_cov_24.991071	566	646	0	80	80	1.0000000
NODE_3746_length_1219_cov_24.991071	619	699	0	80	80	1.0000000
NODE_3746_length_1219_cov_24.991071	695	775	0	80	80	1.0000000
NODE_3746_length_1219_cov_24.991071	748	828	0	80	80	1.0000000
NODE_3747_length_1219_cov_24.728571	465	545	0	67	80	0.8375000
NODE_3747_length_1219_cov_24.728571	465	545	2	13	80	0.1625000
NODE_3747_length_1219_cov_24.728571	518	598	0	37	80	0.4625000
NODE_3747_length_1219_cov_24.728571	518	598	2	43	80	0.5375000
NODE_3747_length_1219_cov_24.728571	594	674	0	12	80	0.1500000
NODE_3747_length_1219_cov_24.728571	594	674	2	44	80	0.5500000
NODE_3747_length_1219_cov_24.728571	594	674	4	24	80	0.3000000
NODE_3747_length_1219_cov_24.728571	647	727	2	41	80	0.5125000
NODE_3747_length_1219_cov_24.728571	647	727	4	39	80	0.4875000
NODE_3748_length_1219_cov_11.130357	535	615	2	40	80	0.5000000
NODE_3748_length_1219_cov_11.130357	535	615	4	33	80	0.4125000
NODE_3748_length_1219_cov_11.130357	535	615	5	7	80	0.0875000
NODE_3748_length_1219_cov_11.130357	588	668	1	14	80	0.1750000
NODE_3748_length_1219_cov_11.130357	588	668	3	3	80	0.0375000
NODE_3748_length_1219_cov_11.130357	588	668	4	20	80	0.2500000
NODE_3748_length_1219_cov_11.130357	588	668	5	43	80	0.5375000
NODE_3749_length_1219_cov_9.696429	734	814	0	8	80	0.1000000
NODE_3749_length_1219_cov_9.696429	734	814	4	60	80	0.7500000
NODE_3749_length_1219_cov_9.696429	734	814	6	12	80	0.1500000
NODE_3749_length_1219_cov_9.696429	787	867	0	61	80	0.7625000
NODE_3749_length_1219_cov_9.696429	787	867	4	19	80	0.2375000
NODE_3754_length_1218_cov_40.159071	554	634	0	59	80	0.7375000
NODE_3754_length_1218_cov_40.159071	554	634	2	13	80	0.1625000
NODE_3754_length_1218_cov_40.159071	554	634	4	8	80	0.1000000
NODE_3754_length_1218_cov_40.159071	607	687	0	6	80	0.0750000
NODE_3754_length_1218_cov_40.159071	607	687	2	13	80	0.1625000
NODE_3754_length_1218_cov_40.159071	607	687	4	15	80	0.1875000
NODE_3754_length_1218_cov_40.159071	607	687	6	46	80	0.5750000
NODE_3754_length_1218_cov_40.159071	683	763	4	80	80	1.0000000
NODE_3754_length_1218_cov_40.159071	736	816	0	30	80	0.3750000
NODE_3754_length_1218_cov_40.159071	736	816	2	10	80	0.1250000
NODE_3754_length_1218_cov_40.159071	736	816	3	1	80	0.0125000
NODE_3754_length_1218_cov_40.159071	736	816	4	39	80	0.4875000
NODE_3765_length_1216_cov_99.538944	44	124	246	1	80	0.0125000
NODE_3765_length_1216_cov_99.538944	44	124	251	1	80	0.0125000
NODE_3765_length_1216_cov_99.538944	44	124	253	1	80	0.0125000
NODE_3765_length_1216_cov_99.538944	44	124	255	1	80	0.0125000
NODE_3765_length_1216_cov_99.538944	44	124	256	1	80	0.0125000
NODE_3765_length_1216_cov_99.538944	44	124	258	2	80	0.0250000
NODE_3765_length_1216_cov_99.538944	44	124	260	1	80	0.0125000
NODE_3765_length_1216_cov_99.538944	44	124	266	2	80	0.0250000
NODE_3765_length_1216_cov_99.538944	44	124	293	1	80	0.0125000
NODE_3765_length_1216_cov_99.538944	44	124	295	2	80	0.0250000
NODE_3765_length_1216_cov_99.538944	44	124	301	1	80	0.0125000
NODE_3765_length_1216_cov_99.538944	44	124	311	1	80	0.0125000
NODE_3765_length_1216_cov_99.538944	44	124	314	1	80	0.0125000
NODE_3765_length_1216_cov_99.538944	44	124	324	3	80	0.0375000
NODE_3765_length_1216_cov_99.538944	44	124	335	1	80	0.0125000
NODE_3765_length_1216_cov_99.538944	44	124	341	2	80	0.0250000
NODE_3765_length_1216_cov_99.538944	44	124	342	1	80	0.0125000
NODE_3765_length_1216_cov_99.538944	44	124	346	1	80	0.0125000
NODE_3765_length_1216_cov_99.538944	44	124	352	1	80	0.0125000
NODE_3765_length_1216_cov_99.538944	44	124	364	1	80	0.0125000
NODE_3765_length_1216_cov_99.538944	44	124	370	1	80	0.0125000
NODE_3765_length_1216_cov_99.538944	44	124	382	1	80	0.0125000
NODE_3765_length_1216_cov_99.538944	44	124	401	1	80	0.0125000
NODE_3765_length_1216_cov_99.538944	44	124	407	1	80	0.0125000
NODE_3765_length_1216_cov_99.538944	44	124	412	1	80	0.0125000
NODE_3765_length_1216_cov_99.538944	44	124	417	1	80	0.0125000
NODE_3765_length_1216_cov_99.538944	44	124	418	2	80	0.0250000
NODE_3765_length_1216_cov_99.538944	44	124	425	1	80	0.0125000
NODE_3765_length_1216_cov_99.538944	44	124	426	2	80	0.0250000
NODE_3765_length_1216_cov_99.538944	44	124	428	1	80	0.0125000
NODE_3765_length_1216_cov_99.538944	44	124	429	1	80	0.0125000
NODE_3765_length_1216_cov_99.538944	44	124	445	2	80	0.0250000
NODE_3765_length_1216_cov_99.538944	44	124	448	1	80	0.0125000
NODE_3765_length_1216_cov_99.538944	44	124	452	3	80	0.0375000
NODE_3765_length_1216_cov_99.538944	44	124	453	1	80	0.0125000
NODE_3765_length_1216_cov_99.538944	44	124	454	1	80	0.0125000
NODE_3765_length_1216_cov_99.538944	44	124	456	1	80	0.0125000
NODE_3765_length_1216_cov_99.538944	44	124	459	1	80	0.0125000
NODE_3765_length_1216_cov_99.538944	44	124	461	2	80	0.0250000
NODE_3765_length_1216_cov_99.538944	44	124	462	1	80	0.0125000
NODE_3765_length_1216_cov_99.538944	44	124	468	2	80	0.0250000
NODE_3765_length_1216_cov_99.538944	44	124	473	2	80	0.0250000
NODE_3765_length_1216_cov_99.538944	44	124	475	1	80	0.0125000
NODE_3765_length_1216_cov_99.538944	44	124	479	1	80	0.0125000
NODE_3765_length_1216_cov_99.538944	44	124	481	1	80	0.0125000
NODE_3765_length_1216_cov_99.538944	44	124	490	1	80	0.0125000
NODE_3765_length_1216_cov_99.538944	44	124	492	2	80	0.0250000
NODE_3765_length_1216_cov_99.538944	44	124	494	2	80	0.0250000
NODE_3765_length_1216_cov_99.538944	44	124	495	1	80	0.0125000
NODE_3765_length_1216_cov_99.538944	44	124	497	1	80	0.0125000
NODE_3765_length_1216_cov_99.538944	44	124	498	3	80	0.0375000
NODE_3765_length_1216_cov_99.538944	44	124	499	1	80	0.0125000
NODE_3765_length_1216_cov_99.538944	44	124	500	5	80	0.0625000
NODE_3765_length_1216_cov_99.538944	44	124	506	1	80	0.0125000
NODE_3765_length_1216_cov_99.538944	44	124	508	2	80	0.0250000
NODE_3765_length_1216_cov_99.538944	44	124	510	1	80	0.0125000
NODE_3765_length_1216_cov_99.538944	44	124	511	1	80	0.0125000
NODE_3765_length_1216_cov_99.538944	97	157	382	1	60	0.0166667
NODE_3765_length_1216_cov_99.538944	97	157	384	1	60	0.0166667
NODE_3765_length_1216_cov_99.538944	97	157	387	1	60	0.0166667
NODE_3765_length_1216_cov_99.538944	97	157	391	1	60	0.0166667
NODE_3765_length_1216_cov_99.538944	97	157	401	1	60	0.0166667
NODE_3765_length_1216_cov_99.538944	97	157	437	1	60	0.0166667
NODE_3765_length_1216_cov_99.538944	97	157	442	1	60	0.0166667
NODE_3765_length_1216_cov_99.538944	97	157	443	1	60	0.0166667
NODE_3765_length_1216_cov_99.538944	97	157	445	1	60	0.0166667
NODE_3765_length_1216_cov_99.538944	97	157	448	1	60	0.0166667
NODE_3765_length_1216_cov_99.538944	97	157	449	2	60	0.0333333
NODE_3765_length_1216_cov_99.538944	97	157	453	1	60	0.0166667
NODE_3765_length_1216_cov_99.538944	97	157	454	1	60	0.0166667
NODE_3765_length_1216_cov_99.538944	97	157	455	2	60	0.0333333
NODE_3765_length_1216_cov_99.538944	97	157	456	1	60	0.0166667
NODE_3765_length_1216_cov_99.538944	97	157	458	1	60	0.0166667
NODE_3765_length_1216_cov_99.538944	97	157	459	1	60	0.0166667
NODE_3765_length_1216_cov_99.538944	97	157	461	1	60	0.0166667
NODE_3765_length_1216_cov_99.538944	97	157	464	1	60	0.0166667
NODE_3765_length_1216_cov_99.538944	97	157	466	1	60	0.0166667
NODE_3765_length_1216_cov_99.538944	97	157	468	1	60	0.0166667
NODE_3765_length_1216_cov_99.538944	97	157	473	2	60	0.0333333
NODE_3765_length_1216_cov_99.538944	97	157	475	1	60	0.0166667
NODE_3765_length_1216_cov_99.538944	97	157	477	1	60	0.0166667
NODE_3765_length_1216_cov_99.538944	97	157	479	2	60	0.0333333
NODE_3765_length_1216_cov_99.538944	97	157	481	1	60	0.0166667
NODE_3765_length_1216_cov_99.538944	97	157	482	1	60	0.0166667
NODE_3765_length_1216_cov_99.538944	97	157	484	1	60	0.0166667
NODE_3765_length_1216_cov_99.538944	97	157	486	1	60	0.0166667
NODE_3765_length_1216_cov_99.538944	97	157	490	1	60	0.0166667
NODE_3765_length_1216_cov_99.538944	97	157	492	2	60	0.0333333
NODE_3765_length_1216_cov_99.538944	97	157	494	2	60	0.0333333
NODE_3765_length_1216_cov_99.538944	97	157	495	1	60	0.0166667
NODE_3765_length_1216_cov_99.538944	97	157	497	1	60	0.0166667
NODE_3765_length_1216_cov_99.538944	97	157	498	3	60	0.0500000
NODE_3765_length_1216_cov_99.538944	97	157	499	1	60	0.0166667
NODE_3765_length_1216_cov_99.538944	97	157	500	5	60	0.0833333
NODE_3765_length_1216_cov_99.538944	97	157	506	1	60	0.0166667
NODE_3765_length_1216_cov_99.538944	97	157	508	2	60	0.0333333
NODE_3765_length_1216_cov_99.538944	97	157	509	1	60	0.0166667
NODE_3765_length_1216_cov_99.538944	97	157	510	1	60	0.0166667
NODE_3765_length_1216_cov_99.538944	97	157	511	6	60	0.1000000
NODE_3765_length_1216_cov_99.538944	824	903	149	3	79	0.0379747
NODE_3765_length_1216_cov_99.538944	824	903	151	1	79	0.0126582
NODE_3765_length_1216_cov_99.538944	824	903	153	2	79	0.0253165
NODE_3765_length_1216_cov_99.538944	824	903	155	1	79	0.0126582
NODE_3765_length_1216_cov_99.538944	824	903	159	1	79	0.0126582
NODE_3765_length_1216_cov_99.538944	824	903	160	1	79	0.0126582
NODE_3765_length_1216_cov_99.538944	824	903	161	3	79	0.0379747
NODE_3765_length_1216_cov_99.538944	824	903	162	1	79	0.0126582
NODE_3765_length_1216_cov_99.538944	824	903	163	1	79	0.0126582
NODE_3765_length_1216_cov_99.538944	824	903	166	1	79	0.0126582
NODE_3765_length_1216_cov_99.538944	824	903	167	1	79	0.0126582
NODE_3765_length_1216_cov_99.538944	824	903	168	2	79	0.0253165
NODE_3765_length_1216_cov_99.538944	824	903	170	2	79	0.0253165
NODE_3765_length_1216_cov_99.538944	824	903	171	4	79	0.0506329
NODE_3765_length_1216_cov_99.538944	824	903	172	3	79	0.0379747
NODE_3765_length_1216_cov_99.538944	824	903	173	4	79	0.0506329
NODE_3765_length_1216_cov_99.538944	824	903	175	1	79	0.0126582
NODE_3765_length_1216_cov_99.538944	824	903	178	1	79	0.0126582
NODE_3765_length_1216_cov_99.538944	824	903	179	1	79	0.0126582
NODE_3765_length_1216_cov_99.538944	824	903	180	2	79	0.0253165
NODE_3765_length_1216_cov_99.538944	824	903	182	1	79	0.0126582
NODE_3765_length_1216_cov_99.538944	824	903	184	2	79	0.0253165
NODE_3765_length_1216_cov_99.538944	824	903	186	2	79	0.0253165
NODE_3765_length_1216_cov_99.538944	824	903	194	1	79	0.0126582
NODE_3765_length_1216_cov_99.538944	824	903	195	1	79	0.0126582
NODE_3765_length_1216_cov_99.538944	824	903	199	1	79	0.0126582
NODE_3765_length_1216_cov_99.538944	824	903	200	1	79	0.0126582
NODE_3765_length_1216_cov_99.538944	824	903	202	2	79	0.0253165
NODE_3765_length_1216_cov_99.538944	824	903	203	1	79	0.0126582
NODE_3765_length_1216_cov_99.538944	824	903	208	1	79	0.0126582
NODE_3765_length_1216_cov_99.538944	824	903	209	1	79	0.0126582
NODE_3765_length_1216_cov_99.538944	824	903	215	1	79	0.0126582
NODE_3765_length_1216_cov_99.538944	824	903	216	1	79	0.0126582
NODE_3765_length_1216_cov_99.538944	824	903	218	1	79	0.0126582
NODE_3765_length_1216_cov_99.538944	824	903	226	2	79	0.0253165
NODE_3765_length_1216_cov_99.538944	824	903	238	1	79	0.0126582
NODE_3765_length_1216_cov_99.538944	824	903	246	1	79	0.0126582
NODE_3765_length_1216_cov_99.538944	824	903	252	1	79	0.0126582
NODE_3765_length_1216_cov_99.538944	824	903	253	2	79	0.0253165
NODE_3765_length_1216_cov_99.538944	824	903	254	1	79	0.0126582
NODE_3765_length_1216_cov_99.538944	824	903	255	2	79	0.0253165
NODE_3765_length_1216_cov_99.538944	824	903	258	1	79	0.0126582
NODE_3765_length_1216_cov_99.538944	824	903	261	1	79	0.0126582
NODE_3765_length_1216_cov_99.538944	824	903	267	1	79	0.0126582
NODE_3765_length_1216_cov_99.538944	824	903	268	1	79	0.0126582
NODE_3765_length_1216_cov_99.538944	824	903	269	1	79	0.0126582
NODE_3765_length_1216_cov_99.538944	824	903	270	2	79	0.0253165
NODE_3765_length_1216_cov_99.538944	824	903	272	1	79	0.0126582
NODE_3765_length_1216_cov_99.538944	824	903	274	2	79	0.0253165
NODE_3765_length_1216_cov_99.538944	824	903	278	3	79	0.0379747
NODE_3765_length_1216_cov_99.538944	824	903	279	1	79	0.0126582
NODE_3765_length_1216_cov_99.538944	824	903	280	1	79	0.0126582
NODE_3765_length_1216_cov_99.538944	824	903	282	1	79	0.0126582
NODE_3766_length_1216_cov_15.855864	668	748	8	19	80	0.2375000
NODE_3766_length_1216_cov_15.855864	668	748	9	9	80	0.1125000
NODE_3766_length_1216_cov_15.855864	668	748	10	25	80	0.3125000
NODE_3766_length_1216_cov_15.855864	668	748	12	27	80	0.3375000
NODE_3766_length_1216_cov_15.855864	721	801	8	24	80	0.3000000
NODE_3766_length_1216_cov_15.855864	721	801	10	33	80	0.4125000
NODE_3766_length_1216_cov_15.855864	721	801	12	23	80	0.2875000
NODE_3767_length_1216_cov_4.128917	720	800	0	3	80	0.0375000
NODE_3767_length_1216_cov_4.128917	720	800	2	77	80	0.9625000
NODE_3767_length_1216_cov_4.128917	773	853	0	56	80	0.7000000
NODE_3767_length_1216_cov_4.128917	773	853	2	24	80	0.3000000
NODE_3774_length_1215_cov_32.293011	411	491	10	26	80	0.3250000
NODE_3774_length_1215_cov_32.293011	411	491	13	9	80	0.1125000
NODE_3774_length_1215_cov_32.293011	411	491	14	34	80	0.4250000
NODE_3774_length_1215_cov_32.293011	411	491	16	11	80	0.1375000
NODE_3774_length_1215_cov_32.293011	464	544	2	10	80	0.1250000
NODE_3774_length_1215_cov_32.293011	464	544	6	9	80	0.1125000
NODE_3774_length_1215_cov_32.293011	464	544	8	17	80	0.2125000
NODE_3774_length_1215_cov_32.293011	464	544	13	24	80	0.3000000
NODE_3774_length_1215_cov_32.293011	464	544	14	20	80	0.2500000
NODE_3775_length_1215_cov_24.177419	729	809	0	32	80	0.4000000
NODE_3775_length_1215_cov_24.177419	729	809	2	48	80	0.6000000
NODE_3775_length_1215_cov_24.177419	782	862	2	80	80	1.0000000
NODE_3776_length_1215_cov_21.566308	645	725	4	80	80	1.0000000
NODE_3776_length_1215_cov_21.566308	698	778	0	38	80	0.4750000
NODE_3776_length_1215_cov_21.566308	698	778	4	42	80	0.5250000
NODE_3777_length_1215_cov_19.278674	630	710	0	32	80	0.4000000
NODE_3777_length_1215_cov_19.278674	630	710	2	48	80	0.6000000
NODE_3777_length_1215_cov_19.278674	683	763	2	80	80	1.0000000
NODE_3778_length_1215_cov_15.074373	664	744	0	80	80	1.0000000
NODE_3778_length_1215_cov_15.074373	717	797	0	80	80	1.0000000
NODE_3779_length_1215_cov_5.932796	507	587	0	80	80	1.0000000
NODE_3779_length_1215_cov_5.932796	560	640	0	80	80	1.0000000
NODE_3787_length_1214_cov_26.771300	420	500	69	2	80	0.0250000
NODE_3787_length_1214_cov_26.771300	420	500	71	1	80	0.0125000
NODE_3787_length_1214_cov_26.771300	420	500	75	1	80	0.0125000
NODE_3787_length_1214_cov_26.771300	420	500	81	1	80	0.0125000
NODE_3787_length_1214_cov_26.771300	420	500	85	1	80	0.0125000
NODE_3787_length_1214_cov_26.771300	420	500	91	1	80	0.0125000
NODE_3787_length_1214_cov_26.771300	420	500	103	2	80	0.0250000
NODE_3787_length_1214_cov_26.771300	420	500	115	1	80	0.0125000
NODE_3787_length_1214_cov_26.771300	420	500	121	1	80	0.0125000
NODE_3787_length_1214_cov_26.771300	420	500	129	3	80	0.0375000
NODE_3787_length_1214_cov_26.771300	420	500	134	1	80	0.0125000
NODE_3787_length_1214_cov_26.771300	420	500	138	1	80	0.0125000
NODE_3787_length_1214_cov_26.771300	420	500	152	1	80	0.0125000
NODE_3787_length_1214_cov_26.771300	420	500	154	2	80	0.0250000
NODE_3787_length_1214_cov_26.771300	420	500	156	1	80	0.0125000
NODE_3787_length_1214_cov_26.771300	420	500	162	1	80	0.0125000
NODE_3787_length_1214_cov_26.771300	420	500	164	2	80	0.0250000
NODE_3787_length_1214_cov_26.771300	420	500	174	2	80	0.0250000
NODE_3787_length_1214_cov_26.771300	420	500	185	1	80	0.0125000
NODE_3787_length_1214_cov_26.771300	420	500	186	1	80	0.0125000
NODE_3787_length_1214_cov_26.771300	420	500	192	1	80	0.0125000
NODE_3787_length_1214_cov_26.771300	420	500	196	1	80	0.0125000
NODE_3787_length_1214_cov_26.771300	420	500	198	1	80	0.0125000
NODE_3787_length_1214_cov_26.771300	420	500	211	1	80	0.0125000
NODE_3787_length_1214_cov_26.771300	420	500	215	2	80	0.0250000
NODE_3787_length_1214_cov_26.771300	420	500	219	2	80	0.0250000
NODE_3787_length_1214_cov_26.771300	420	500	225	2	80	0.0250000
NODE_3787_length_1214_cov_26.771300	420	500	233	1	80	0.0125000
NODE_3787_length_1214_cov_26.771300	420	500	234	1	80	0.0125000
NODE_3787_length_1214_cov_26.771300	420	500	235	1	80	0.0125000
NODE_3787_length_1214_cov_26.771300	420	500	240	3	80	0.0375000
NODE_3787_length_1214_cov_26.771300	420	500	241	4	80	0.0500000
NODE_3787_length_1214_cov_26.771300	420	500	243	1	80	0.0125000
NODE_3787_length_1214_cov_26.771300	420	500	245	1	80	0.0125000
NODE_3787_length_1214_cov_26.771300	420	500	247	1	80	0.0125000
NODE_3787_length_1214_cov_26.771300	420	500	249	2	80	0.0250000
NODE_3787_length_1214_cov_26.771300	420	500	251	18	80	0.2250000
NODE_3787_length_1214_cov_26.771300	420	500	252	1	80	0.0125000
NODE_3787_length_1214_cov_26.771300	420	500	253	9	80	0.1125000
NODE_3787_length_1214_cov_26.771300	473	553	44	1	80	0.0125000
NODE_3787_length_1214_cov_26.771300	473	553	70	1	80	0.0125000
NODE_3787_length_1214_cov_26.771300	473	553	78	2	80	0.0250000
NODE_3787_length_1214_cov_26.771300	473	553	89	1	80	0.0125000
NODE_3787_length_1214_cov_26.771300	473	553	101	1	80	0.0125000
NODE_3787_length_1214_cov_26.771300	473	553	106	3	80	0.0375000
NODE_3787_length_1214_cov_26.771300	473	553	108	1	80	0.0125000
NODE_3787_length_1214_cov_26.771300	473	553	115	3	80	0.0375000
NODE_3787_length_1214_cov_26.771300	473	553	117	1	80	0.0125000
NODE_3787_length_1214_cov_26.771300	473	553	119	1	80	0.0125000
NODE_3787_length_1214_cov_26.771300	473	553	121	2	80	0.0250000
NODE_3787_length_1214_cov_26.771300	473	553	123	1	80	0.0125000
NODE_3787_length_1214_cov_26.771300	473	553	129	2	80	0.0250000
NODE_3787_length_1214_cov_26.771300	473	553	146	1	80	0.0125000
NODE_3787_length_1214_cov_26.771300	473	553	147	1	80	0.0125000
NODE_3787_length_1214_cov_26.771300	473	553	149	2	80	0.0250000
NODE_3787_length_1214_cov_26.771300	473	553	155	1	80	0.0125000
NODE_3787_length_1214_cov_26.771300	473	553	161	4	80	0.0500000
NODE_3787_length_1214_cov_26.771300	473	553	163	1	80	0.0125000
NODE_3787_length_1214_cov_26.771300	473	553	177	2	80	0.0250000
NODE_3787_length_1214_cov_26.771300	473	553	179	1	80	0.0125000
NODE_3787_length_1214_cov_26.771300	473	553	189	3	80	0.0375000
NODE_3787_length_1214_cov_26.771300	473	553	205	1	80	0.0125000
NODE_3787_length_1214_cov_26.771300	473	553	207	1	80	0.0125000
NODE_3787_length_1214_cov_26.771300	473	553	211	1	80	0.0125000
NODE_3787_length_1214_cov_26.771300	473	553	225	4	80	0.0500000
NODE_3787_length_1214_cov_26.771300	473	553	227	3	80	0.0375000
NODE_3787_length_1214_cov_26.771300	473	553	231	2	80	0.0250000
NODE_3787_length_1214_cov_26.771300	473	553	233	2	80	0.0250000
NODE_3787_length_1214_cov_26.771300	473	553	234	1	80	0.0125000
NODE_3787_length_1214_cov_26.771300	473	553	235	1	80	0.0125000
NODE_3787_length_1214_cov_26.771300	473	553	237	2	80	0.0250000
NODE_3787_length_1214_cov_26.771300	473	553	240	3	80	0.0375000
NODE_3787_length_1214_cov_26.771300	473	553	243	1	80	0.0125000
NODE_3787_length_1214_cov_26.771300	473	553	247	1	80	0.0125000
NODE_3787_length_1214_cov_26.771300	473	553	249	2	80	0.0250000
NODE_3787_length_1214_cov_26.771300	473	553	251	12	80	0.1500000
NODE_3787_length_1214_cov_26.771300	473	553	253	7	80	0.0875000
NODE_3788_length_1214_cov_24.555157	480	560	0	10	80	0.1250000
NODE_3788_length_1214_cov_24.555157	480	560	2	70	80	0.8750000
NODE_3788_length_1214_cov_24.555157	533	613	0	63	80	0.7875000
NODE_3788_length_1214_cov_24.555157	533	613	2	17	80	0.2125000
NODE_3789_length_1214_cov_23.167713	623	703	0	13	80	0.1625000
NODE_3789_length_1214_cov_23.167713	623	703	4	67	80	0.8375000
NODE_3789_length_1214_cov_23.167713	676	756	0	66	80	0.8250000
NODE_3789_length_1214_cov_23.167713	676	756	4	14	80	0.1750000
NODE_3790_length_1214_cov_18.452915	555	635	0	80	80	1.0000000
NODE_3790_length_1214_cov_18.452915	608	688	0	80	80	1.0000000
NODE_3790_length_1214_cov_18.452915	684	764	0	80	80	1.0000000
NODE_3790_length_1214_cov_18.452915	737	817	0	80	80	1.0000000
NODE_3791_length_1214_cov_8.906726	206	286	0	80	80	1.0000000
NODE_3791_length_1214_cov_8.906726	259	339	0	80	80	1.0000000
NODE_3792_length_1214_cov_3.686996	415	495	0	23	80	0.2875000
NODE_3792_length_1214_cov_3.686996	415	495	2	57	80	0.7125000
NODE_3792_length_1214_cov_3.686996	468	548	0	76	80	0.9500000
NODE_3792_length_1214_cov_3.686996	468	548	2	4	80	0.0500000
NODE_3799_length_1214_cov_0.967713	1049	1129	295	1	80	0.0125000
NODE_3799_length_1214_cov_0.967713	1049	1129	300	1	80	0.0125000
NODE_3799_length_1214_cov_0.967713	1049	1129	310	1	80	0.0125000
NODE_3799_length_1214_cov_0.967713	1049	1129	318	1	80	0.0125000
NODE_3799_length_1214_cov_0.967713	1049	1129	343	1	80	0.0125000
NODE_3799_length_1214_cov_0.967713	1049	1129	349	1	80	0.0125000
NODE_3799_length_1214_cov_0.967713	1049	1129	355	2	80	0.0250000
NODE_3799_length_1214_cov_0.967713	1049	1129	376	1	80	0.0125000
NODE_3799_length_1214_cov_0.967713	1049	1129	379	1	80	0.0125000
NODE_3799_length_1214_cov_0.967713	1049	1129	387	2	80	0.0250000
NODE_3799_length_1214_cov_0.967713	1049	1129	413	1	80	0.0125000
NODE_3799_length_1214_cov_0.967713	1049	1129	415	1	80	0.0125000
NODE_3799_length_1214_cov_0.967713	1049	1129	416	1	80	0.0125000
NODE_3799_length_1214_cov_0.967713	1049	1129	419	1	80	0.0125000
NODE_3799_length_1214_cov_0.967713	1049	1129	421	1	80	0.0125000
NODE_3799_length_1214_cov_0.967713	1049	1129	422	1	80	0.0125000
NODE_3799_length_1214_cov_0.967713	1049	1129	423	3	80	0.0375000
NODE_3799_length_1214_cov_0.967713	1049	1129	425	3	80	0.0375000
NODE_3799_length_1214_cov_0.967713	1049	1129	427	2	80	0.0250000
NODE_3799_length_1214_cov_0.967713	1049	1129	428	1	80	0.0125000
NODE_3799_length_1214_cov_0.967713	1049	1129	429	2	80	0.0250000
NODE_3799_length_1214_cov_0.967713	1049	1129	432	1	80	0.0125000
NODE_3799_length_1214_cov_0.967713	1049	1129	433	1	80	0.0125000
NODE_3799_length_1214_cov_0.967713	1049	1129	434	3	80	0.0375000
NODE_3799_length_1214_cov_0.967713	1049	1129	435	1	80	0.0125000
NODE_3799_length_1214_cov_0.967713	1049	1129	436	1	80	0.0125000
NODE_3799_length_1214_cov_0.967713	1049	1129	439	2	80	0.0250000
NODE_3799_length_1214_cov_0.967713	1049	1129	440	1	80	0.0125000
NODE_3799_length_1214_cov_0.967713	1049	1129	441	4	80	0.0500000
NODE_3799_length_1214_cov_0.967713	1049	1129	443	1	80	0.0125000
NODE_3799_length_1214_cov_0.967713	1049	1129	446	1	80	0.0125000
NODE_3799_length_1214_cov_0.967713	1049	1129	448	2	80	0.0250000
NODE_3799_length_1214_cov_0.967713	1049	1129	449	2	80	0.0250000
NODE_3799_length_1214_cov_0.967713	1049	1129	453	3	80	0.0375000
NODE_3799_length_1214_cov_0.967713	1049	1129	454	1	80	0.0125000
NODE_3799_length_1214_cov_0.967713	1049	1129	455	1	80	0.0125000
NODE_3799_length_1214_cov_0.967713	1049	1129	456	1	80	0.0125000
NODE_3799_length_1214_cov_0.967713	1049	1129	458	4	80	0.0500000
NODE_3799_length_1214_cov_0.967713	1049	1129	460	2	80	0.0250000
NODE_3799_length_1214_cov_0.967713	1049	1129	462	2	80	0.0250000
NODE_3799_length_1214_cov_0.967713	1049	1129	463	1	80	0.0125000
NODE_3799_length_1214_cov_0.967713	1049	1129	468	1	80	0.0125000
NODE_3799_length_1214_cov_0.967713	1049	1129	469	1	80	0.0125000
NODE_3799_length_1214_cov_0.967713	1049	1129	471	1	80	0.0125000
NODE_3799_length_1214_cov_0.967713	1049	1129	475	4	80	0.0500000
NODE_3799_length_1214_cov_0.967713	1049	1129	476	1	80	0.0125000
NODE_3799_length_1214_cov_0.967713	1049	1129	477	3	80	0.0375000
NODE_3799_length_1214_cov_0.967713	1049	1129	478	1	80	0.0125000
NODE_3799_length_1214_cov_0.967713	1049	1129	479	3	80	0.0375000
NODE_3799_length_1214_cov_0.967713	1049	1129	481	1	80	0.0125000
NODE_3800_length_1213_cov_19.524237	499	579	0	14	80	0.1750000
NODE_3800_length_1213_cov_19.524237	499	579	4	66	80	0.8250000
NODE_3800_length_1213_cov_19.524237	552	632	0	67	80	0.8375000
NODE_3800_length_1213_cov_19.524237	552	632	4	13	80	0.1625000
NODE_3806_length_1212_cov_32.663073	688	768	0	80	80	1.0000000
NODE_3806_length_1212_cov_32.663073	741	821	0	80	80	1.0000000
NODE_3807_length_1212_cov_15.981132	33	113	18	1	80	0.0125000
NODE_3807_length_1212_cov_15.981132	33	113	22	16	80	0.2000000
NODE_3807_length_1212_cov_15.981132	33	113	24	24	80	0.3000000
NODE_3807_length_1212_cov_15.981132	33	113	26	39	80	0.4875000
NODE_3807_length_1212_cov_15.981132	511	591	0	75	80	0.9375000
NODE_3807_length_1212_cov_15.981132	511	591	1	1	80	0.0125000
NODE_3807_length_1212_cov_15.981132	511	591	4	2	80	0.0250000
NODE_3807_length_1212_cov_15.981132	511	591	6	2	80	0.0250000
NODE_3807_length_1212_cov_15.981132	564	637	0	22	73	0.3013699
NODE_3807_length_1212_cov_15.981132	564	637	1	1	73	0.0136986
NODE_3807_length_1212_cov_15.981132	564	637	4	2	73	0.0273973
NODE_3807_length_1212_cov_15.981132	564	637	6	48	73	0.6575342
NODE_3813_length_1211_cov_30.513489	561	641	0	80	80	1.0000000
NODE_3813_length_1211_cov_30.513489	614	694	0	80	80	1.0000000
NODE_3813_length_1211_cov_30.513489	690	770	0	34	80	0.4250000
NODE_3813_length_1211_cov_30.513489	690	770	2	8	80	0.1000000
NODE_3813_length_1211_cov_30.513489	690	770	4	38	80	0.4750000
NODE_3813_length_1211_cov_30.513489	743	823	4	39	80	0.4875000
NODE_3813_length_1211_cov_30.513489	743	823	8	41	80	0.5125000
NODE_3815_length_1211_cov_10.073741	380	460	8	18	80	0.2250000
NODE_3815_length_1211_cov_10.073741	380	460	12	62	80	0.7750000
NODE_3815_length_1211_cov_10.073741	433	513	2	6	80	0.0750000
NODE_3815_length_1211_cov_10.073741	433	513	6	42	80	0.5250000
NODE_3815_length_1211_cov_10.073741	433	513	8	23	80	0.2875000
NODE_3815_length_1211_cov_10.073741	433	513	12	9	80	0.1125000
NODE_3816_length_1211_cov_7.561151	598	678	0	47	80	0.5875000
NODE_3816_length_1211_cov_7.561151	598	678	2	33	80	0.4125000
NODE_3816_length_1211_cov_7.561151	651	731	0	80	80	1.0000000
NODE_3820_length_1210_cov_49.743474	398	478	0	17	80	0.2125000
NODE_3820_length_1210_cov_49.743474	398	478	5	2	80	0.0250000
NODE_3820_length_1210_cov_49.743474	398	478	6	36	80	0.4500000
NODE_3820_length_1210_cov_49.743474	398	478	7	21	80	0.2625000
NODE_3820_length_1210_cov_49.743474	398	478	8	4	80	0.0500000
NODE_3820_length_1210_cov_49.743474	451	531	0	16	80	0.2000000
NODE_3820_length_1210_cov_49.743474	451	531	2	9	80	0.1125000
NODE_3820_length_1210_cov_49.743474	451	531	6	2	80	0.0250000
NODE_3820_length_1210_cov_49.743474	451	531	7	49	80	0.6125000
NODE_3820_length_1210_cov_49.743474	451	531	8	4	80	0.0500000
NODE_3821_length_1210_cov_15.647165	647	727	0	80	80	1.0000000
NODE_3821_length_1210_cov_15.647165	700	780	0	80	80	1.0000000
NODE_3822_length_1210_cov_11.194419	794	874	0	34	80	0.4250000
NODE_3822_length_1210_cov_11.194419	794	874	4	46	80	0.5750000
NODE_3822_length_1210_cov_11.194419	847	927	0	80	80	1.0000000
NODE_3826_length_1209_cov_24.504505	582	662	0	80	80	1.0000000
NODE_3826_length_1209_cov_24.504505	635	715	0	80	80	1.0000000
NODE_3826_length_1209_cov_24.504505	711	791	0	80	80	1.0000000
NODE_3826_length_1209_cov_24.504505	764	844	0	80	80	1.0000000
NODE_3827_length_1209_cov_21.846847	520	600	0	30	80	0.3750000
NODE_3827_length_1209_cov_21.846847	520	600	2	50	80	0.6250000
NODE_3827_length_1209_cov_21.846847	573	653	0	21	80	0.2625000
NODE_3827_length_1209_cov_21.846847	573	653	2	59	80	0.7375000
NODE_3827_length_1209_cov_21.846847	649	729	0	80	80	1.0000000
NODE_3827_length_1209_cov_21.846847	702	782	0	80	80	1.0000000
NODE_3828_length_1209_cov_9.026126	782	862	0	80	80	1.0000000
NODE_3828_length_1209_cov_9.026126	835	915	0	80	80	1.0000000
NODE_3830_length_1209_cov_5.721622	926	1006	4	80	80	1.0000000
NODE_3830_length_1209_cov_5.721622	979	1059	0	36	80	0.4500000
NODE_3830_length_1209_cov_5.721622	979	1059	4	44	80	0.5500000
NODE_3833_length_1208_cov_40.717764	886	966	70	1	80	0.0125000
NODE_3833_length_1208_cov_40.717764	886	966	72	2	80	0.0250000
NODE_3833_length_1208_cov_40.717764	886	966	75	1	80	0.0125000
NODE_3833_length_1208_cov_40.717764	886	966	76	1	80	0.0125000
NODE_3833_length_1208_cov_40.717764	886	966	80	1	80	0.0125000
NODE_3833_length_1208_cov_40.717764	886	966	82	2	80	0.0250000
NODE_3833_length_1208_cov_40.717764	886	966	93	1	80	0.0125000
NODE_3833_length_1208_cov_40.717764	886	966	97	1	80	0.0125000
NODE_3833_length_1208_cov_40.717764	886	966	103	2	80	0.0250000
NODE_3833_length_1208_cov_40.717764	886	966	104	1	80	0.0125000
NODE_3833_length_1208_cov_40.717764	886	966	105	3	80	0.0375000
NODE_3833_length_1208_cov_40.717764	886	966	106	1	80	0.0125000
NODE_3833_length_1208_cov_40.717764	886	966	108	4	80	0.0500000
NODE_3833_length_1208_cov_40.717764	886	966	110	1	80	0.0125000
NODE_3833_length_1208_cov_40.717764	886	966	116	3	80	0.0375000
NODE_3833_length_1208_cov_40.717764	886	966	120	1	80	0.0125000
NODE_3833_length_1208_cov_40.717764	886	966	122	1	80	0.0125000
NODE_3833_length_1208_cov_40.717764	886	966	123	1	80	0.0125000
NODE_3833_length_1208_cov_40.717764	886	966	125	1	80	0.0125000
NODE_3833_length_1208_cov_40.717764	886	966	129	1	80	0.0125000
NODE_3833_length_1208_cov_40.717764	886	966	135	1	80	0.0125000
NODE_3833_length_1208_cov_40.717764	886	966	138	1	80	0.0125000
NODE_3833_length_1208_cov_40.717764	886	966	139	2	80	0.0250000
NODE_3833_length_1208_cov_40.717764	886	966	141	3	80	0.0375000
NODE_3833_length_1208_cov_40.717764	886	966	142	1	80	0.0125000
NODE_3833_length_1208_cov_40.717764	886	966	147	1	80	0.0125000
NODE_3833_length_1208_cov_40.717764	886	966	151	1	80	0.0125000
NODE_3833_length_1208_cov_40.717764	886	966	153	1	80	0.0125000
NODE_3833_length_1208_cov_40.717764	886	966	154	1	80	0.0125000
NODE_3833_length_1208_cov_40.717764	886	966	158	1	80	0.0125000
NODE_3833_length_1208_cov_40.717764	886	966	159	1	80	0.0125000
NODE_3833_length_1208_cov_40.717764	886	966	161	1	80	0.0125000
NODE_3833_length_1208_cov_40.717764	886	966	169	1	80	0.0125000
NODE_3833_length_1208_cov_40.717764	886	966	171	1	80	0.0125000
NODE_3833_length_1208_cov_40.717764	886	966	174	1	80	0.0125000
NODE_3833_length_1208_cov_40.717764	886	966	176	1	80	0.0125000
NODE_3833_length_1208_cov_40.717764	886	966	182	1	80	0.0125000
NODE_3833_length_1208_cov_40.717764	886	966	183	1	80	0.0125000
NODE_3833_length_1208_cov_40.717764	886	966	184	1	80	0.0125000
NODE_3833_length_1208_cov_40.717764	886	966	185	1	80	0.0125000
NODE_3833_length_1208_cov_40.717764	886	966	225	1	80	0.0125000
NODE_3833_length_1208_cov_40.717764	886	966	237	1	80	0.0125000
NODE_3833_length_1208_cov_40.717764	886	966	241	1	80	0.0125000
NODE_3833_length_1208_cov_40.717764	886	966	247	1	80	0.0125000
NODE_3833_length_1208_cov_40.717764	886	966	256	1	80	0.0125000
NODE_3833_length_1208_cov_40.717764	886	966	259	1	80	0.0125000
NODE_3833_length_1208_cov_40.717764	886	966	270	1	80	0.0125000
NODE_3833_length_1208_cov_40.717764	886	966	275	1	80	0.0125000
NODE_3833_length_1208_cov_40.717764	886	966	280	1	80	0.0125000
NODE_3833_length_1208_cov_40.717764	886	966	283	2	80	0.0250000
NODE_3833_length_1208_cov_40.717764	886	966	285	1	80	0.0125000
NODE_3833_length_1208_cov_40.717764	886	966	295	2	80	0.0250000
NODE_3833_length_1208_cov_40.717764	886	966	298	1	80	0.0125000
NODE_3833_length_1208_cov_40.717764	886	966	308	1	80	0.0125000
NODE_3833_length_1208_cov_40.717764	886	966	314	1	80	0.0125000
NODE_3833_length_1208_cov_40.717764	886	966	318	1	80	0.0125000
NODE_3833_length_1208_cov_40.717764	886	966	325	1	80	0.0125000
NODE_3833_length_1208_cov_40.717764	886	966	344	1	80	0.0125000
NODE_3833_length_1208_cov_40.717764	886	966	348	1	80	0.0125000
NODE_3833_length_1208_cov_40.717764	886	966	353	1	80	0.0125000
NODE_3833_length_1208_cov_40.717764	886	966	374	1	80	0.0125000
NODE_3833_length_1208_cov_40.717764	886	966	383	1	80	0.0125000
NODE_3833_length_1208_cov_40.717764	886	966	391	1	80	0.0125000
NODE_3833_length_1208_cov_40.717764	886	966	411	1	80	0.0125000
NODE_3833_length_1208_cov_40.717764	886	966	420	1	80	0.0125000
NODE_3833_length_1208_cov_40.717764	939	985	225	1	46	0.0217391
NODE_3833_length_1208_cov_40.717764	939	985	237	1	46	0.0217391
NODE_3833_length_1208_cov_40.717764	939	985	241	1	46	0.0217391
NODE_3833_length_1208_cov_40.717764	939	985	247	1	46	0.0217391
NODE_3833_length_1208_cov_40.717764	939	985	256	1	46	0.0217391
NODE_3833_length_1208_cov_40.717764	939	985	259	1	46	0.0217391
NODE_3833_length_1208_cov_40.717764	939	985	270	1	46	0.0217391
NODE_3833_length_1208_cov_40.717764	939	985	275	1	46	0.0217391
NODE_3833_length_1208_cov_40.717764	939	985	280	1	46	0.0217391
NODE_3833_length_1208_cov_40.717764	939	985	283	2	46	0.0434783
NODE_3833_length_1208_cov_40.717764	939	985	285	1	46	0.0217391
NODE_3833_length_1208_cov_40.717764	939	985	295	2	46	0.0434783
NODE_3833_length_1208_cov_40.717764	939	985	298	1	46	0.0217391
NODE_3833_length_1208_cov_40.717764	939	985	308	1	46	0.0217391
NODE_3833_length_1208_cov_40.717764	939	985	314	1	46	0.0217391
NODE_3833_length_1208_cov_40.717764	939	985	318	1	46	0.0217391
NODE_3833_length_1208_cov_40.717764	939	985	325	1	46	0.0217391
NODE_3833_length_1208_cov_40.717764	939	985	344	1	46	0.0217391
NODE_3833_length_1208_cov_40.717764	939	985	348	1	46	0.0217391
NODE_3833_length_1208_cov_40.717764	939	985	353	1	46	0.0217391
NODE_3833_length_1208_cov_40.717764	939	985	374	1	46	0.0217391
NODE_3833_length_1208_cov_40.717764	939	985	383	1	46	0.0217391
NODE_3833_length_1208_cov_40.717764	939	985	391	1	46	0.0217391
NODE_3833_length_1208_cov_40.717764	939	985	411	1	46	0.0217391
NODE_3833_length_1208_cov_40.717764	939	985	420	1	46	0.0217391
NODE_3833_length_1208_cov_40.717764	939	985	432	1	46	0.0217391
NODE_3833_length_1208_cov_40.717764	939	985	440	1	46	0.0217391
NODE_3833_length_1208_cov_40.717764	939	985	460	1	46	0.0217391
NODE_3833_length_1208_cov_40.717764	939	985	481	1	46	0.0217391
NODE_3833_length_1208_cov_40.717764	939	985	483	1	46	0.0217391
NODE_3833_length_1208_cov_40.717764	939	985	501	1	46	0.0217391
NODE_3833_length_1208_cov_40.717764	939	985	512	1	46	0.0217391
NODE_3833_length_1208_cov_40.717764	939	985	530	1	46	0.0217391
NODE_3833_length_1208_cov_40.717764	939	985	544	1	46	0.0217391
NODE_3833_length_1208_cov_40.717764	939	985	545	1	46	0.0217391
NODE_3833_length_1208_cov_40.717764	939	985	547	1	46	0.0217391
NODE_3833_length_1208_cov_40.717764	939	985	554	1	46	0.0217391
NODE_3833_length_1208_cov_40.717764	939	985	556	1	46	0.0217391
NODE_3833_length_1208_cov_40.717764	939	985	565	1	46	0.0217391
NODE_3833_length_1208_cov_40.717764	939	985	571	1	46	0.0217391
NODE_3833_length_1208_cov_40.717764	939	985	577	1	46	0.0217391
NODE_3833_length_1208_cov_40.717764	939	985	586	1	46	0.0217391
NODE_3833_length_1208_cov_40.717764	939	985	594	1	46	0.0217391
NODE_3833_length_1208_cov_40.717764	939	985	595	1	46	0.0217391
NODE_3834_length_1208_cov_28.528404	614	694	4	25	80	0.3125000
NODE_3834_length_1208_cov_28.528404	614	694	8	35	80	0.4375000
NODE_3834_length_1208_cov_28.528404	614	694	12	20	80	0.2500000
NODE_3834_length_1208_cov_28.528404	667	747	0	27	80	0.3375000
NODE_3834_length_1208_cov_28.528404	667	747	4	51	80	0.6375000
NODE_3834_length_1208_cov_28.528404	667	747	12	2	80	0.0250000
NODE_3835_length_1208_cov_19.688007	682	762	0	80	80	1.0000000
NODE_3835_length_1208_cov_19.688007	735	815	0	80	80	1.0000000
NODE_3836_length_1208_cov_18.577096	455	535	0	80	80	1.0000000
NODE_3836_length_1208_cov_18.577096	508	588	0	35	80	0.4375000
NODE_3836_length_1208_cov_18.577096	508	588	2	45	80	0.5625000
NODE_3836_length_1208_cov_18.577096	584	664	2	34	80	0.4250000
NODE_3836_length_1208_cov_18.577096	584	664	6	16	80	0.2000000
NODE_3836_length_1208_cov_18.577096	584	664	8	30	80	0.3750000
NODE_3836_length_1208_cov_18.577096	637	717	6	9	80	0.1125000
NODE_3836_length_1208_cov_18.577096	637	717	8	71	80	0.8875000
NODE_3837_length_1208_cov_12.733995	766	846	0	80	80	1.0000000
NODE_3837_length_1208_cov_12.733995	819	899	0	80	80	1.0000000
NODE_3837_length_1208_cov_12.733995	895	975	0	80	80	1.0000000
NODE_3837_length_1208_cov_12.733995	948	1028	0	80	80	1.0000000
NODE_3838_length_1207_cov_20.461191	874	954	0	27	80	0.3375000
NODE_3838_length_1207_cov_20.461191	874	954	2	21	80	0.2625000
NODE_3838_length_1207_cov_20.461191	874	954	5	1	80	0.0125000
NODE_3838_length_1207_cov_20.461191	874	954	6	31	80	0.3875000
NODE_3838_length_1207_cov_20.461191	927	1007	0	80	80	1.0000000
NODE_3846_length_1206_cov_59.851852	540	620	0	80	80	1.0000000
NODE_3846_length_1206_cov_59.851852	593	673	0	41	80	0.5125000
NODE_3846_length_1206_cov_59.851852	593	673	2	39	80	0.4875000
NODE_3846_length_1206_cov_59.851852	669	749	0	16	80	0.2000000
NODE_3846_length_1206_cov_59.851852	669	749	2	64	80	0.8000000
NODE_3846_length_1206_cov_59.851852	722	802	0	69	80	0.8625000
NODE_3846_length_1206_cov_59.851852	722	802	2	11	80	0.1375000
NODE_3847_length_1206_cov_23.752484	669	749	0	35	80	0.4375000
NODE_3847_length_1206_cov_23.752484	669	749	2	45	80	0.5625000
NODE_3847_length_1206_cov_23.752484	722	802	0	8	80	0.1000000
NODE_3847_length_1206_cov_23.752484	722	802	1	2	80	0.0250000
NODE_3847_length_1206_cov_23.752484	722	802	2	70	80	0.8750000
NODE_3848_length_1206_cov_21.226739	585	665	2	2	80	0.0250000
NODE_3848_length_1206_cov_21.226739	585	665	6	17	80	0.2125000
NODE_3848_length_1206_cov_21.226739	585	665	8	49	80	0.6125000
NODE_3848_length_1206_cov_21.226739	585	665	10	12	80	0.1500000
NODE_3848_length_1206_cov_21.226739	638	718	0	1	80	0.0125000
NODE_3848_length_1206_cov_21.226739	638	718	2	37	80	0.4625000
NODE_3848_length_1206_cov_21.226739	638	718	6	24	80	0.3000000
NODE_3848_length_1206_cov_21.226739	638	718	8	18	80	0.2250000
NODE_3855_length_1205_cov_23.990054	355	435	0	52	80	0.6500000
NODE_3855_length_1205_cov_23.990054	355	435	2	28	80	0.3500000
NODE_3855_length_1205_cov_23.990054	408	488	2	80	80	1.0000000
NODE_3856_length_1205_cov_10.473779	780	860	0	80	80	1.0000000
NODE_3856_length_1205_cov_10.473779	833	913	0	80	80	1.0000000
NODE_3863_length_1204_cov_19.396380	537	617	0	4	80	0.0500000
NODE_3863_length_1204_cov_19.396380	537	617	2	76	80	0.9500000
NODE_3863_length_1204_cov_19.396380	590	670	0	40	80	0.5000000
NODE_3863_length_1204_cov_19.396380	590	670	2	40	80	0.5000000
NODE_3864_length_1204_cov_17.716742	448	528	0	41	80	0.5125000
NODE_3864_length_1204_cov_17.716742	448	528	4	39	80	0.4875000
NODE_3864_length_1204_cov_17.716742	501	581	4	80	80	1.0000000
NODE_3865_length_1204_cov_15.206335	426	506	4	27	80	0.3375000
NODE_3865_length_1204_cov_15.206335	426	506	7	1	80	0.0125000
NODE_3865_length_1204_cov_15.206335	426	506	8	52	80	0.6500000
NODE_3865_length_1204_cov_15.206335	479	559	0	5	80	0.0625000
NODE_3865_length_1204_cov_15.206335	479	559	2	17	80	0.2125000
NODE_3865_length_1204_cov_15.206335	479	559	4	58	80	0.7250000
NODE_3866_length_1204_cov_14.097738	632	712	0	80	80	1.0000000
NODE_3866_length_1204_cov_14.097738	685	765	0	80	80	1.0000000
NODE_3867_length_1204_cov_11.971946	549	629	2	80	80	1.0000000
NODE_3867_length_1204_cov_11.971946	602	682	0	42	80	0.5250000
NODE_3867_length_1204_cov_11.971946	602	682	2	38	80	0.4750000
NODE_3867_length_1204_cov_11.971946	678	758	0	80	80	1.0000000
NODE_3867_length_1204_cov_11.971946	731	811	0	80	80	1.0000000
NODE_3868_length_1204_cov_11.665158	499	579	0	17	80	0.2125000
NODE_3868_length_1204_cov_11.665158	499	579	2	63	80	0.7875000
NODE_3868_length_1204_cov_11.665158	552	632	0	60	80	0.7500000
NODE_3868_length_1204_cov_11.665158	552	632	2	20	80	0.2500000
NODE_3869_length_1204_cov_7.028959	637	717	0	2	80	0.0250000
NODE_3869_length_1204_cov_7.028959	637	717	4	21	80	0.2625000
NODE_3869_length_1204_cov_7.028959	637	717	8	13	80	0.1625000
NODE_3869_length_1204_cov_7.028959	637	717	10	44	80	0.5500000
NODE_3869_length_1204_cov_7.028959	690	770	10	80	80	1.0000000
NODE_3870_length_1204_cov_4.677828	807	887	0	10	80	0.1250000
NODE_3870_length_1204_cov_4.677828	807	887	2	70	80	0.8750000
NODE_3870_length_1204_cov_4.677828	860	940	2	80	80	1.0000000
NODE_3873_length_1203_cov_46.789855	515	595	0	80	80	1.0000000
NODE_3873_length_1203_cov_46.789855	568	648	0	80	80	1.0000000
NODE_3873_length_1203_cov_46.789855	644	724	0	80	80	1.0000000
NODE_3873_length_1203_cov_46.789855	697	777	0	80	80	1.0000000
NODE_3874_length_1203_cov_44.029891	471	551	2	80	80	1.0000000
NODE_3874_length_1203_cov_44.029891	524	604	2	50	80	0.6250000
NODE_3874_length_1203_cov_44.029891	524	604	7	5	80	0.0625000
NODE_3874_length_1203_cov_44.029891	524	604	10	20	80	0.2500000
NODE_3874_length_1203_cov_44.029891	524	604	12	5	80	0.0625000
NODE_3874_length_1203_cov_44.029891	600	680	10	20	80	0.2500000
NODE_3874_length_1203_cov_44.029891	600	680	12	48	80	0.6000000
NODE_3874_length_1203_cov_44.029891	600	680	14	12	80	0.1500000
NODE_3874_length_1203_cov_44.029891	653	733	0	1	80	0.0125000
NODE_3874_length_1203_cov_44.029891	653	733	2	3	80	0.0375000
NODE_3874_length_1203_cov_44.029891	653	733	7	5	80	0.0625000
NODE_3874_length_1203_cov_44.029891	653	733	11	1	80	0.0125000
NODE_3874_length_1203_cov_44.029891	653	733	12	30	80	0.3750000
NODE_3874_length_1203_cov_44.029891	653	733	14	40	80	0.5000000
NODE_3875_length_1203_cov_23.790761	308	388	0	35	80	0.4375000
NODE_3875_length_1203_cov_23.790761	308	388	2	45	80	0.5625000
NODE_3875_length_1203_cov_23.790761	361	441	0	80	80	1.0000000
NODE_3875_length_1203_cov_23.790761	437	517	0	80	80	1.0000000
NODE_3875_length_1203_cov_23.790761	490	570	0	80	80	1.0000000
NODE_3876_length_1203_cov_19.498188	336	416	2	25	80	0.3125000
NODE_3876_length_1203_cov_19.498188	336	416	4	29	80	0.3625000
NODE_3876_length_1203_cov_19.498188	336	416	6	26	80	0.3250000
NODE_3876_length_1203_cov_19.498188	389	469	0	29	80	0.3625000
NODE_3876_length_1203_cov_19.498188	389	469	2	49	80	0.6125000
NODE_3876_length_1203_cov_19.498188	389	469	6	2	80	0.0250000
NODE_3877_length_1203_cov_10.996377	317	397	0	80	80	1.0000000
NODE_3877_length_1203_cov_10.996377	370	450	0	80	80	1.0000000
NODE_3878_length_1203_cov_5.747283	725	805	0	80	80	1.0000000
NODE_3878_length_1203_cov_5.747283	778	858	0	80	80	1.0000000
NODE_3881_length_1202_cov_39.333636	475	555	4	20	80	0.2500000
NODE_3881_length_1202_cov_39.333636	475	555	6	60	80	0.7500000
NODE_3881_length_1202_cov_39.333636	528	608	0	38	80	0.4750000
NODE_3881_length_1202_cov_39.333636	528	608	4	10	80	0.1250000
NODE_3881_length_1202_cov_39.333636	528	608	6	32	80	0.4000000
NODE_3881_length_1202_cov_39.333636	604	684	0	80	80	1.0000000
NODE_3881_length_1202_cov_39.333636	657	737	0	80	80	1.0000000
NODE_3882_length_1202_cov_17.556664	599	679	0	16	80	0.2000000
NODE_3882_length_1202_cov_17.556664	599	679	2	37	80	0.4625000
NODE_3882_length_1202_cov_17.556664	599	679	6	27	80	0.3375000
NODE_3882_length_1202_cov_17.556664	652	732	6	28	80	0.3500000
NODE_3882_length_1202_cov_17.556664	652	732	8	4	80	0.0500000
NODE_3882_length_1202_cov_17.556664	652	732	10	36	80	0.4500000
NODE_3882_length_1202_cov_17.556664	652	732	12	12	80	0.1500000
NODE_3883_length_1202_cov_12.338169	634	714	3	26	80	0.3250000
NODE_3883_length_1202_cov_12.338169	634	714	4	54	80	0.6750000
NODE_3883_length_1202_cov_12.338169	687	767	3	35	80	0.4375000
NODE_3883_length_1202_cov_12.338169	687	767	4	2	80	0.0250000
NODE_3883_length_1202_cov_12.338169	687	767	5	43	80	0.5375000
NODE_3884_length_1202_cov_11.800544	520	600	0	80	80	1.0000000
NODE_3884_length_1202_cov_11.800544	573	653	0	80	80	1.0000000
NODE_3887_length_1201_cov_12.161525	434	514	0	80	80	1.0000000
NODE_3887_length_1201_cov_12.161525	487	567	0	80	80	1.0000000
NODE_3888_length_1201_cov_12.046279	643	723	0	80	80	1.0000000
NODE_3888_length_1201_cov_12.046279	696	776	0	29	80	0.3625000
NODE_3888_length_1201_cov_12.046279	696	776	2	51	80	0.6375000
NODE_3891_length_1200_cov_76.694823	630	710	0	32	80	0.4000000
NODE_3891_length_1200_cov_76.694823	630	710	2	48	80	0.6000000
NODE_3891_length_1200_cov_76.694823	683	763	0	80	80	1.0000000
NODE_3891_length_1200_cov_76.694823	759	839	0	80	80	1.0000000
NODE_3891_length_1200_cov_76.694823	812	892	0	80	80	1.0000000
NODE_3892_length_1200_cov_16.881926	827	902	21	8	75	0.1066667
NODE_3892_length_1200_cov_16.881926	827	902	35	14	75	0.1866667
NODE_3892_length_1200_cov_16.881926	827	902	43	39	75	0.5200000
NODE_3892_length_1200_cov_16.881926	827	902	44	6	75	0.0800000
NODE_3892_length_1200_cov_16.881926	827	902	45	5	75	0.0666667
NODE_3892_length_1200_cov_16.881926	827	902	46	3	75	0.0400000
NODE_3892_length_1200_cov_16.881926	828	904	21	7	76	0.0921053
NODE_3892_length_1200_cov_16.881926	828	904	35	14	76	0.1842105
NODE_3892_length_1200_cov_16.881926	828	904	43	39	76	0.5131579
NODE_3892_length_1200_cov_16.881926	828	904	44	6	76	0.0789474
NODE_3892_length_1200_cov_16.881926	828	904	45	6	76	0.0789474
NODE_3892_length_1200_cov_16.881926	828	904	46	4	76	0.0526316
NODE_3892_length_1200_cov_16.881926	841	907	35	8	66	0.1212121
NODE_3892_length_1200_cov_16.881926	841	907	43	39	66	0.5909091
NODE_3892_length_1200_cov_16.881926	841	907	44	6	66	0.0909091
NODE_3892_length_1200_cov_16.881926	841	907	45	9	66	0.1363636
NODE_3892_length_1200_cov_16.881926	841	907	46	4	66	0.0606061
NODE_3892_length_1200_cov_16.881926	880	957	40	3	77	0.0389610
NODE_3892_length_1200_cov_16.881926	880	957	41	1	77	0.0129870
NODE_3892_length_1200_cov_16.881926	880	957	42	3	77	0.0389610
NODE_3892_length_1200_cov_16.881926	880	957	43	20	77	0.2597403
NODE_3892_length_1200_cov_16.881926	880	957	44	13	77	0.1688312
NODE_3892_length_1200_cov_16.881926	880	957	45	18	77	0.2337662
NODE_3892_length_1200_cov_16.881926	880	957	46	8	77	0.1038961
NODE_3892_length_1200_cov_16.881926	880	957	50	4	77	0.0519481
NODE_3892_length_1200_cov_16.881926	880	957	51	3	77	0.0389610
NODE_3892_length_1200_cov_16.881926	880	957	52	1	77	0.0129870
NODE_3892_length_1200_cov_16.881926	880	957	53	3	77	0.0389610
NODE_3892_length_1200_cov_16.881926	880	957	40	3	77	0.0389610
NODE_3892_length_1200_cov_16.881926	880	957	41	1	77	0.0129870
NODE_3892_length_1200_cov_16.881926	880	957	42	3	77	0.0389610
NODE_3892_length_1200_cov_16.881926	880	957	43	20	77	0.2597403
NODE_3892_length_1200_cov_16.881926	880	957	44	13	77	0.1688312
NODE_3892_length_1200_cov_16.881926	880	957	45	18	77	0.2337662
NODE_3892_length_1200_cov_16.881926	880	957	46	8	77	0.1038961
NODE_3892_length_1200_cov_16.881926	880	957	50	4	77	0.0519481
NODE_3892_length_1200_cov_16.881926	880	957	51	3	77	0.0389610
NODE_3892_length_1200_cov_16.881926	880	957	52	1	77	0.0129870
NODE_3892_length_1200_cov_16.881926	880	957	53	3	77	0.0389610
NODE_3892_length_1200_cov_16.881926	880	957	40	3	77	0.0389610
NODE_3892_length_1200_cov_16.881926	880	957	41	1	77	0.0129870
NODE_3892_length_1200_cov_16.881926	880	957	42	3	77	0.0389610
NODE_3892_length_1200_cov_16.881926	880	957	43	20	77	0.2597403
NODE_3892_length_1200_cov_16.881926	880	957	44	13	77	0.1688312
NODE_3892_length_1200_cov_16.881926	880	957	45	18	77	0.2337662
NODE_3892_length_1200_cov_16.881926	880	957	46	8	77	0.1038961
NODE_3892_length_1200_cov_16.881926	880	957	50	4	77	0.0519481
NODE_3892_length_1200_cov_16.881926	880	957	51	3	77	0.0389610
NODE_3892_length_1200_cov_16.881926	880	957	52	1	77	0.0129870
NODE_3892_length_1200_cov_16.881926	880	957	53	3	77	0.0389610
NODE_3893_length_1200_cov_15.374205	605	685	2	3	80	0.0375000
NODE_3893_length_1200_cov_15.374205	605	685	6	1	80	0.0125000
NODE_3893_length_1200_cov_15.374205	605	685	10	29	80	0.3625000
NODE_3893_length_1200_cov_15.374205	605	685	13	47	80	0.5875000
NODE_3893_length_1200_cov_15.374205	658	738	0	7	80	0.0875000
NODE_3893_length_1200_cov_15.374205	658	738	2	49	80	0.6125000
NODE_3893_length_1200_cov_15.374205	658	738	6	1	80	0.0125000
NODE_3893_length_1200_cov_15.374205	658	738	10	23	80	0.2875000
NODE_3894_length_1200_cov_12.953678	486	550	8	4	64	0.0625000
NODE_3894_length_1200_cov_12.953678	486	550	10	17	64	0.2656250
NODE_3894_length_1200_cov_12.953678	486	550	12	43	64	0.6718750
NODE_3899_length_1199_cov_14.843636	222	302	2	32	80	0.4000000
NODE_3899_length_1199_cov_14.843636	222	302	8	30	80	0.3750000
NODE_3899_length_1199_cov_14.843636	222	302	12	3	80	0.0375000
NODE_3899_length_1199_cov_14.843636	222	302	14	15	80	0.1875000
NODE_3899_length_1199_cov_14.843636	275	355	8	9	80	0.1125000
NODE_3899_length_1199_cov_14.843636	275	355	12	56	80	0.7000000
NODE_3899_length_1199_cov_14.843636	275	355	14	15	80	0.1875000
NODE_3900_length_1199_cov_12.005455	383	463	0	80	80	1.0000000
NODE_3900_length_1199_cov_12.005455	436	516	0	80	80	1.0000000
NODE_3900_length_1199_cov_12.005455	512	592	0	32	80	0.4000000
NODE_3900_length_1199_cov_12.005455	512	592	4	48	80	0.6000000
NODE_3900_length_1199_cov_12.005455	565	645	4	80	80	1.0000000
NODE_3902_length_1198_cov_36.830755	619	699	16	23	80	0.2875000
NODE_3902_length_1198_cov_36.830755	619	699	18	57	80	0.7125000
NODE_3902_length_1198_cov_36.830755	672	752	0	23	80	0.2875000
NODE_3902_length_1198_cov_36.830755	672	752	14	19	80	0.2375000
NODE_3902_length_1198_cov_36.830755	672	752	16	21	80	0.2625000
NODE_3902_length_1198_cov_36.830755	672	752	18	17	80	0.2125000
NODE_3903_length_1198_cov_22.864422	719	799	0	80	80	1.0000000
NODE_3903_length_1198_cov_22.864422	772	852	0	80	80	1.0000000
NODE_3904_length_1198_cov_17.619654	260	340	2	40	80	0.5000000
NODE_3904_length_1198_cov_17.619654	260	340	9	40	80	0.5000000
NODE_3904_length_1198_cov_17.619654	313	392	7	39	79	0.4936709
NODE_3904_length_1198_cov_17.619654	313	392	9	40	79	0.5063291
NODE_3905_length_1198_cov_10.148317	718	798	0	21	80	0.2625000
NODE_3905_length_1198_cov_10.148317	718	798	6	59	80	0.7375000
NODE_3905_length_1198_cov_10.148317	771	851	0	16	80	0.2000000
NODE_3905_length_1198_cov_10.148317	771	851	6	64	80	0.8000000
NODE_3906_length_1198_cov_6.733394	549	629	0	19	80	0.2375000
NODE_3906_length_1198_cov_6.733394	549	629	2	61	80	0.7625000
NODE_3906_length_1198_cov_6.733394	602	682	0	72	80	0.9000000
NODE_3906_length_1198_cov_6.733394	602	682	2	8	80	0.1000000
NODE_3912_length_1197_cov_27.653005	417	497	0	80	80	1.0000000
NODE_3912_length_1197_cov_27.653005	470	550	0	80	80	1.0000000
NODE_3912_length_1197_cov_27.653005	546	626	0	54	80	0.6750000
NODE_3912_length_1197_cov_27.653005	546	626	2	26	80	0.3250000
NODE_3912_length_1197_cov_27.653005	599	679	0	1	80	0.0125000
NODE_3912_length_1197_cov_27.653005	599	679	2	79	80	0.9875000
NODE_3913_length_1197_cov_14.653916	490	570	0	50	80	0.6250000
NODE_3913_length_1197_cov_14.653916	490	570	2	30	80	0.3750000
NODE_3913_length_1197_cov_14.653916	543	623	2	80	80	1.0000000
NODE_3921_length_1196_cov_26.169553	298	378	0	3	80	0.0375000
NODE_3921_length_1196_cov_26.169553	298	378	2	77	80	0.9625000
NODE_3921_length_1196_cov_26.169553	351	431	0	17	80	0.2125000
NODE_3921_length_1196_cov_26.169553	351	431	2	63	80	0.7875000
NODE_3921_length_1196_cov_26.169553	427	507	0	21	80	0.2625000
NODE_3921_length_1196_cov_26.169553	427	507	2	36	80	0.4500000
NODE_3921_length_1196_cov_26.169553	427	507	11	1	80	0.0125000
NODE_3921_length_1196_cov_26.169553	427	507	12	22	80	0.2750000
NODE_3921_length_1196_cov_26.169553	480	560	2	4	80	0.0500000
NODE_3921_length_1196_cov_26.169553	480	560	10	24	80	0.3000000
NODE_3921_length_1196_cov_26.169553	480	560	11	1	80	0.0125000
NODE_3921_length_1196_cov_26.169553	480	560	12	51	80	0.6375000
NODE_3922_length_1196_cov_21.755697	521	601	0	80	80	1.0000000
NODE_3922_length_1196_cov_21.755697	574	654	0	80	80	1.0000000
NODE_3922_length_1196_cov_21.755697	650	730	0	31	80	0.3875000
NODE_3922_length_1196_cov_21.755697	650	730	4	30	80	0.3750000
NODE_3922_length_1196_cov_21.755697	650	730	6	19	80	0.2375000
NODE_3922_length_1196_cov_21.755697	703	783	4	8	80	0.1000000
NODE_3922_length_1196_cov_21.755697	703	783	6	72	80	0.9000000
NODE_3923_length_1196_cov_5.966272	556	636	0	80	80	1.0000000
NODE_3923_length_1196_cov_5.966272	609	689	0	27	80	0.3375000
NODE_3923_length_1196_cov_5.966272	609	689	2	53	80	0.6625000
NODE_3927_length_1195_cov_69.056569	474	554	0	80	80	1.0000000
NODE_3927_length_1195_cov_69.056569	527	607	0	80	80	1.0000000
NODE_3927_length_1195_cov_69.056569	603	683	0	80	80	1.0000000
NODE_3927_length_1195_cov_69.056569	656	736	0	80	80	1.0000000
NODE_3928_length_1195_cov_65.062044	579	659	2	80	80	1.0000000
NODE_3928_length_1195_cov_65.062044	632	712	0	3	80	0.0375000
NODE_3928_length_1195_cov_65.062044	632	712	2	52	80	0.6500000
NODE_3928_length_1195_cov_65.062044	632	712	6	3	80	0.0375000
NODE_3928_length_1195_cov_65.062044	632	712	10	22	80	0.2750000
NODE_3928_length_1195_cov_65.062044	708	788	10	25	80	0.3125000
NODE_3928_length_1195_cov_65.062044	708	788	12	12	80	0.1500000
NODE_3928_length_1195_cov_65.062044	708	788	14	18	80	0.2250000
NODE_3928_length_1195_cov_65.062044	708	788	16	14	80	0.1750000
NODE_3928_length_1195_cov_65.062044	708	788	20	1	80	0.0125000
NODE_3928_length_1195_cov_65.062044	708	788	23	10	80	0.1250000
NODE_3928_length_1195_cov_65.062044	761	841	14	2	80	0.0250000
NODE_3928_length_1195_cov_65.062044	761	841	16	14	80	0.1750000
NODE_3928_length_1195_cov_65.062044	761	841	20	2	80	0.0250000
NODE_3928_length_1195_cov_65.062044	761	841	23	12	80	0.1500000
NODE_3928_length_1195_cov_65.062044	761	841	24	3	80	0.0375000
NODE_3928_length_1195_cov_65.062044	761	841	26	1	80	0.0125000
NODE_3928_length_1195_cov_65.062044	761	841	27	1	80	0.0125000
NODE_3928_length_1195_cov_65.062044	761	841	28	3	80	0.0375000
NODE_3928_length_1195_cov_65.062044	761	841	30	15	80	0.1875000
NODE_3928_length_1195_cov_65.062044	761	841	31	14	80	0.1750000
NODE_3928_length_1195_cov_65.062044	761	841	32	1	80	0.0125000
NODE_3928_length_1195_cov_65.062044	761	841	33	7	80	0.0875000
NODE_3928_length_1195_cov_65.062044	761	841	34	5	80	0.0625000
NODE_3929_length_1195_cov_23.187044	460	540	0	19	80	0.2375000
NODE_3929_length_1195_cov_23.187044	460	540	4	61	80	0.7625000
NODE_3929_length_1195_cov_23.187044	513	593	0	72	80	0.9000000
NODE_3929_length_1195_cov_23.187044	513	593	4	8	80	0.1000000
NODE_3930_length_1195_cov_18.983577	521	601	0	80	80	1.0000000
NODE_3930_length_1195_cov_18.983577	574	654	0	80	80	1.0000000
NODE_3931_length_1195_cov_14.119526	726	806	0	80	80	1.0000000
NODE_3931_length_1195_cov_14.119526	779	859	0	80	80	1.0000000
NODE_3931_length_1195_cov_14.119526	855	935	0	80	80	1.0000000
NODE_3931_length_1195_cov_14.119526	908	988	0	80	80	1.0000000
NODE_3932_length_1195_cov_13.805657	759	839	0	80	80	1.0000000
NODE_3932_length_1195_cov_13.805657	812	892	0	80	80	1.0000000
NODE_3938_length_1195_cov_1.969891	912	992	0	65	80	0.8125000
NODE_3938_length_1195_cov_1.969891	912	992	2	15	80	0.1875000
NODE_3938_length_1195_cov_1.969891	912	992	0	65	80	0.8125000
NODE_3938_length_1195_cov_1.969891	912	992	2	15	80	0.1875000
NODE_3941_length_1194_cov_40.157991	237	317	0	80	80	1.0000000
NODE_3941_length_1194_cov_40.157991	290	370	0	80	80	1.0000000
NODE_3946_length_1193_cov_34.295247	443	523	0	80	80	1.0000000
NODE_3946_length_1193_cov_34.295247	496	576	0	80	80	1.0000000
NODE_3947_length_1193_cov_16.930530	124	154	0	30	30	1.0000000
NODE_3947_length_1193_cov_16.930530	390	470	0	80	80	1.0000000
NODE_3947_length_1193_cov_16.930530	443	523	0	80	80	1.0000000
NODE_3949_length_1192_cov_26.803294	205	285	8	80	80	1.0000000
NODE_3949_length_1192_cov_26.803294	258	338	7	31	80	0.3875000
NODE_3949_length_1192_cov_26.803294	258	338	8	47	80	0.5875000
NODE_3949_length_1192_cov_26.803294	258	338	9	2	80	0.0250000
NODE_3949_length_1192_cov_26.803294	334	414	0	11	80	0.1375000
NODE_3949_length_1192_cov_26.803294	334	414	2	61	80	0.7625000
NODE_3949_length_1192_cov_26.803294	334	414	8	8	80	0.1000000
NODE_3949_length_1192_cov_26.803294	387	467	0	64	80	0.8000000
NODE_3949_length_1192_cov_26.803294	387	467	2	16	80	0.2000000
NODE_3950_length_1192_cov_23.228728	487	567	0	80	80	1.0000000
NODE_3950_length_1192_cov_23.228728	540	620	0	80	80	1.0000000
NODE_3950_length_1192_cov_23.228728	616	696	0	80	80	1.0000000
NODE_3950_length_1192_cov_23.228728	669	749	0	36	80	0.4500000
NODE_3950_length_1192_cov_23.228728	669	749	2	44	80	0.5500000
NODE_3951_length_1192_cov_18.314730	613	693	1	2	80	0.0250000
NODE_3951_length_1192_cov_18.314730	613	693	3	25	80	0.3125000
NODE_3951_length_1192_cov_18.314730	613	693	4	53	80	0.6625000
NODE_3951_length_1192_cov_18.314730	666	746	2	41	80	0.5125000
NODE_3951_length_1192_cov_18.314730	666	746	4	39	80	0.4875000
NODE_3951_length_1192_cov_18.314730	742	822	1	23	80	0.2875000
NODE_3951_length_1192_cov_18.314730	742	822	2	5	80	0.0625000
NODE_3951_length_1192_cov_18.314730	742	822	6	1	80	0.0125000
NODE_3951_length_1192_cov_18.314730	742	822	7	29	80	0.3625000
NODE_3951_length_1192_cov_18.314730	742	822	8	22	80	0.2750000
NODE_3951_length_1192_cov_18.314730	795	875	7	5	80	0.0625000
NODE_3951_length_1192_cov_18.314730	795	875	8	75	80	0.9375000
NODE_3952_length_1192_cov_14.888381	622	702	2	12	80	0.1500000
NODE_3952_length_1192_cov_14.888381	622	702	6	68	80	0.8500000
NODE_3952_length_1192_cov_14.888381	675	755	0	19	80	0.2375000
NODE_3952_length_1192_cov_14.888381	675	755	4	17	80	0.2125000
NODE_3952_length_1192_cov_14.888381	675	755	6	44	80	0.5500000
NODE_3952_length_1192_cov_14.888381	751	831	0	80	80	1.0000000
NODE_3952_length_1192_cov_14.888381	804	884	0	80	80	1.0000000
NODE_3953_length_1192_cov_9.995425	161	241	0	80	80	1.0000000
NODE_3953_length_1192_cov_9.995425	214	294	0	80	80	1.0000000
NODE_3954_length_1192_cov_5.078683	749	829	4	45	80	0.5625000
NODE_3954_length_1192_cov_5.078683	749	829	6	26	80	0.3250000
NODE_3954_length_1192_cov_5.078683	749	829	8	9	80	0.1125000
NODE_3954_length_1192_cov_5.078683	802	882	0	39	80	0.4875000
NODE_3954_length_1192_cov_5.078683	802	882	2	2	80	0.0250000
NODE_3954_length_1192_cov_5.078683	802	882	4	39	80	0.4875000
NODE_3960_length_1192_cov_0.614822	1046	1126	0	10	80	0.1250000
NODE_3960_length_1192_cov_0.614822	1046	1126	2	70	80	0.8750000
NODE_3961_length_1191_cov_55.466117	392	472	2	26	80	0.3250000
NODE_3961_length_1191_cov_55.466117	392	472	3	1	80	0.0125000
NODE_3961_length_1191_cov_55.466117	392	472	4	53	80	0.6625000
NODE_3961_length_1191_cov_55.466117	445	525	0	13	80	0.1625000
NODE_3961_length_1191_cov_55.466117	445	525	1	24	80	0.3000000
NODE_3961_length_1191_cov_55.466117	445	525	2	22	80	0.2750000
NODE_3961_length_1191_cov_55.466117	445	525	4	21	80	0.2625000
NODE_3961_length_1191_cov_55.466117	521	601	1	7	80	0.0875000
NODE_3961_length_1191_cov_55.466117	521	601	2	62	80	0.7750000
NODE_3961_length_1191_cov_55.466117	521	601	10	11	80	0.1375000
NODE_3961_length_1191_cov_55.466117	574	654	2	16	80	0.2000000
NODE_3961_length_1191_cov_55.466117	574	654	9	3	80	0.0375000
NODE_3961_length_1191_cov_55.466117	574	654	10	61	80	0.7625000
NODE_3963_length_1191_cov_20.677656	695	775	0	80	80	1.0000000
NODE_3963_length_1191_cov_20.677656	748	828	0	55	80	0.6875000
NODE_3963_length_1191_cov_20.677656	748	828	4	25	80	0.3125000
NODE_3964_length_1191_cov_9.074176	420	500	0	80	80	1.0000000
NODE_3964_length_1191_cov_9.074176	473	553	0	80	80	1.0000000
NODE_3968_length_1190_cov_40.916590	521	601	0	40	80	0.5000000
NODE_3968_length_1190_cov_40.916590	521	601	4	40	80	0.5000000
NODE_3968_length_1190_cov_40.916590	574	654	4	80	80	1.0000000
NODE_3968_length_1190_cov_40.916590	650	730	0	68	80	0.8500000
NODE_3968_length_1190_cov_40.916590	650	730	4	12	80	0.1500000
NODE_3968_length_1190_cov_40.916590	703	783	0	80	80	1.0000000
NODE_3969_length_1190_cov_20.715857	257	337	0	19	80	0.2375000
NODE_3969_length_1190_cov_20.715857	257	337	2	61	80	0.7625000
NODE_3969_length_1190_cov_20.715857	310	390	0	11	80	0.1375000
NODE_3969_length_1190_cov_20.715857	310	390	2	69	80	0.8625000
NODE_3970_length_1190_cov_19.724106	296	376	0	78	80	0.9750000
NODE_3970_length_1190_cov_19.724106	296	376	2	2	80	0.0250000
NODE_3970_length_1190_cov_19.724106	349	429	0	25	80	0.3125000
NODE_3970_length_1190_cov_19.724106	349	429	2	55	80	0.6875000
NODE_3973_length_1190_cov_2.698442	1022	1070	4	4	48	0.0833333
NODE_3973_length_1190_cov_2.698442	1022	1070	6	3	48	0.0625000
NODE_3973_length_1190_cov_2.698442	1022	1070	8	17	48	0.3541667
NODE_3973_length_1190_cov_2.698442	1022	1070	10	11	48	0.2291667
NODE_3973_length_1190_cov_2.698442	1022	1070	12	13	48	0.2708333
NODE_3973_length_1190_cov_2.698442	1075	1123	12	4	48	0.0833333
NODE_3973_length_1190_cov_2.698442	1075	1123	14	27	48	0.5625000
NODE_3973_length_1190_cov_2.698442	1075	1123	16	17	48	0.3541667
NODE_3977_length_1189_cov_29.193578	576	656	0	31	80	0.3875000
NODE_3977_length_1189_cov_29.193578	576	656	4	17	80	0.2125000
NODE_3977_length_1189_cov_29.193578	576	656	6	32	80	0.4000000
NODE_3977_length_1189_cov_29.193578	629	709	4	9	80	0.1125000
NODE_3977_length_1189_cov_29.193578	629	709	6	71	80	0.8875000
NODE_3978_length_1189_cov_13.484404	315	341	0	22	26	0.8461539
NODE_3978_length_1189_cov_13.484404	315	341	1	1	26	0.0384615
NODE_3978_length_1189_cov_13.484404	315	341	2	3	26	0.1153846
NODE_3978_length_1189_cov_13.484404	366	446	2	39	80	0.4875000
NODE_3978_length_1189_cov_13.484404	366	446	4	41	80	0.5125000
NODE_3984_length_1188_cov_19.278237	396	476	0	80	80	1.0000000
NODE_3984_length_1188_cov_19.278237	449	529	0	80	80	1.0000000
NODE_3990_length_1187_cov_63.185662	529	609	0	9	80	0.1125000
NODE_3990_length_1187_cov_63.185662	529	609	6	71	80	0.8875000
NODE_3990_length_1187_cov_63.185662	582	662	0	22	80	0.2750000
NODE_3990_length_1187_cov_63.185662	582	662	6	58	80	0.7250000
NODE_3990_length_1187_cov_63.185662	658	738	0	11	80	0.1375000
NODE_3990_length_1187_cov_63.185662	658	738	1	20	80	0.2500000
NODE_3990_length_1187_cov_63.185662	658	738	2	36	80	0.4500000
NODE_3990_length_1187_cov_63.185662	658	738	3	1	80	0.0125000
NODE_3990_length_1187_cov_63.185662	658	738	4	11	80	0.1375000
NODE_3990_length_1187_cov_63.185662	658	738	6	1	80	0.0125000
NODE_3990_length_1187_cov_63.185662	711	791	2	14	80	0.1750000
NODE_3990_length_1187_cov_63.185662	711	791	3	1	80	0.0125000
NODE_3990_length_1187_cov_63.185662	711	791	4	11	80	0.1375000
NODE_3990_length_1187_cov_63.185662	711	791	6	54	80	0.6750000
NODE_3991_length_1187_cov_36.926471	432	512	0	80	80	1.0000000
NODE_3991_length_1187_cov_36.926471	485	565	0	80	80	1.0000000
NODE_3991_length_1187_cov_36.926471	561	641	0	11	80	0.1375000
NODE_3991_length_1187_cov_36.926471	561	641	2	18	80	0.2250000
NODE_3991_length_1187_cov_36.926471	561	641	4	44	80	0.5500000
NODE_3991_length_1187_cov_36.926471	561	641	6	7	80	0.0875000
NODE_3991_length_1187_cov_36.926471	614	694	4	20	80	0.2500000
NODE_3991_length_1187_cov_36.926471	614	694	6	60	80	0.7500000
NODE_3992_length_1187_cov_20.383272	492	572	2	80	80	1.0000000
NODE_3992_length_1187_cov_20.383272	545	625	1	7	80	0.0875000
NODE_3992_length_1187_cov_20.383272	545	625	2	73	80	0.9125000
NODE_3993_length_1187_cov_17.941176	377	457	2	6	80	0.0750000
NODE_3993_length_1187_cov_17.941176	377	457	4	38	80	0.4750000
NODE_3993_length_1187_cov_17.941176	377	457	8	21	80	0.2625000
NODE_3993_length_1187_cov_17.941176	377	457	10	15	80	0.1875000
NODE_3993_length_1187_cov_17.941176	430	510	8	45	80	0.5625000
NODE_3993_length_1187_cov_17.941176	430	510	10	7	80	0.0875000
NODE_3993_length_1187_cov_17.941176	430	510	12	8	80	0.1000000
NODE_3993_length_1187_cov_17.941176	430	510	14	20	80	0.2500000
NODE_3993_length_1187_cov_17.941176	506	586	6	10	80	0.1250000
NODE_3993_length_1187_cov_17.941176	506	586	8	23	80	0.2875000
NODE_3993_length_1187_cov_17.941176	506	586	10	47	80	0.5875000
NODE_3993_length_1187_cov_17.941176	559	639	2	17	80	0.2125000
NODE_3993_length_1187_cov_17.941176	559	639	4	1	80	0.0125000
NODE_3993_length_1187_cov_17.941176	559	639	6	19	80	0.2375000
NODE_3993_length_1187_cov_17.941176	559	639	10	43	80	0.5375000
NODE_3997_length_1186_cov_59.606256	338	418	0	80	80	1.0000000
NODE_3997_length_1186_cov_59.606256	391	471	0	80	80	1.0000000
NODE_3997_length_1186_cov_59.606256	480	551	0	71	71	1.0000000
NODE_3997_length_1186_cov_59.606256	524	604	0	80	80	1.0000000
NODE_3998_length_1186_cov_34.937443	582	662	2	23	80	0.2875000
NODE_3998_length_1186_cov_34.937443	582	662	4	4	80	0.0500000
NODE_3998_length_1186_cov_34.937443	582	662	6	53	80	0.6625000
NODE_3998_length_1186_cov_34.937443	635	715	0	12	80	0.1500000
NODE_3998_length_1186_cov_34.937443	635	715	4	45	80	0.5625000
NODE_3998_length_1186_cov_34.937443	635	715	6	23	80	0.2875000
NODE_3998_length_1186_cov_34.937443	711	791	0	80	80	1.0000000
NODE_3998_length_1186_cov_34.937443	764	844	0	80	80	1.0000000
NODE_3999_length_1186_cov_29.840846	511	591	0	80	80	1.0000000
NODE_3999_length_1186_cov_29.840846	564	644	0	80	80	1.0000000
NODE_3999_length_1186_cov_29.840846	640	720	0	80	80	1.0000000
NODE_3999_length_1186_cov_29.840846	693	773	0	80	80	1.0000000
NODE_4000_length_1186_cov_13.108556	578	658	0	11	80	0.1375000
NODE_4000_length_1186_cov_13.108556	578	658	2	69	80	0.8625000
NODE_4000_length_1186_cov_13.108556	631	711	0	11	80	0.1375000
NODE_4000_length_1186_cov_13.108556	631	711	2	69	80	0.8625000
NODE_4001_length_1186_cov_12.867525	404	484	4	36	80	0.4500000
NODE_4001_length_1186_cov_12.867525	404	484	6	33	80	0.4125000
NODE_4001_length_1186_cov_12.867525	404	484	8	11	80	0.1375000
NODE_4001_length_1186_cov_12.867525	457	534	2	41	77	0.5324675
NODE_4001_length_1186_cov_12.867525	457	534	4	29	77	0.3766234
NODE_4001_length_1186_cov_12.867525	457	534	8	7	77	0.0909091
NODE_4001_length_1186_cov_12.867525	536	613	0	3	77	0.0389610
NODE_4001_length_1186_cov_12.867525	536	613	2	74	77	0.9610389
NODE_4001_length_1186_cov_12.867525	586	666	2	80	80	1.0000000
NODE_4002_length_1186_cov_12.135235	643	723	1	51	80	0.6375000
NODE_4002_length_1186_cov_12.135235	643	723	3	6	80	0.0750000
NODE_4002_length_1186_cov_12.135235	643	723	4	23	80	0.2875000
NODE_4002_length_1186_cov_12.135235	696	776	1	3	80	0.0375000
NODE_4002_length_1186_cov_12.135235	696	776	3	32	80	0.4000000
NODE_4002_length_1186_cov_12.135235	696	776	4	45	80	0.5625000
NODE_4012_length_1185_cov_36.974217	423	503	0	80	80	1.0000000
NODE_4012_length_1185_cov_36.974217	476	556	0	80	80	1.0000000
NODE_4013_length_1185_cov_28.410681	448	528	0	67	80	0.8375000
NODE_4013_length_1185_cov_28.410681	448	528	4	13	80	0.1625000
NODE_4013_length_1185_cov_28.410681	501	581	0	80	80	1.0000000
NODE_4014_length_1185_cov_19.768877	411	491	0	80	80	1.0000000
NODE_4014_length_1185_cov_19.768877	464	544	0	80	80	1.0000000
NODE_4014_length_1185_cov_19.768877	540	620	0	80	80	1.0000000
NODE_4014_length_1185_cov_19.768877	593	673	0	80	80	1.0000000
NODE_4015_length_1185_cov_14.490792	379	459	2	2	80	0.0250000
NODE_4015_length_1185_cov_14.490792	379	459	4	41	80	0.5125000
NODE_4015_length_1185_cov_14.490792	379	459	6	37	80	0.4625000
NODE_4015_length_1185_cov_14.490792	432	512	0	44	80	0.5500000
NODE_4015_length_1185_cov_14.490792	432	512	2	6	80	0.0750000
NODE_4015_length_1185_cov_14.490792	432	512	4	30	80	0.3750000
NODE_4016_length_1185_cov_13.686004	677	757	2	8	80	0.1000000
NODE_4016_length_1185_cov_13.686004	677	757	4	72	80	0.9000000
NODE_4016_length_1185_cov_13.686004	730	810	0	3	80	0.0375000
NODE_4016_length_1185_cov_13.686004	730	810	2	55	80	0.6875000
NODE_4016_length_1185_cov_13.686004	730	810	4	22	80	0.2750000
NODE_4017_length_1185_cov_12.362799	711	791	0	22	80	0.2750000
NODE_4017_length_1185_cov_12.362799	711	791	2	58	80	0.7250000
NODE_4017_length_1185_cov_12.362799	764	844	0	46	80	0.5750000
NODE_4017_length_1185_cov_12.362799	764	844	2	34	80	0.4250000
NODE_4024_length_1184_cov_30.061751	416	497	0	14	81	0.1728395
NODE_4024_length_1184_cov_30.061751	416	497	2	67	81	0.8271605
NODE_4024_length_1184_cov_30.061751	470	550	2	80	80	1.0000000
NODE_4024_length_1184_cov_30.061751	546	627	0	70	81	0.8641976
NODE_4024_length_1184_cov_30.061751	546	627	2	11	81	0.1358025
NODE_4024_length_1184_cov_30.061751	600	680	0	27	80	0.3375000
NODE_4024_length_1184_cov_30.061751	600	680	2	53	80	0.6625000
NODE_4025_length_1184_cov_19.544700	550	630	4	33	80	0.4125000
NODE_4025_length_1184_cov_19.544700	550	630	8	47	80	0.5875000
NODE_4025_length_1184_cov_19.544700	603	683	0	38	80	0.4750000
NODE_4025_length_1184_cov_19.544700	603	683	4	42	80	0.5250000
NODE_4025_length_1184_cov_19.544700	679	759	0	80	80	1.0000000
NODE_4025_length_1184_cov_19.544700	732	812	0	80	80	1.0000000
NODE_4026_length_1184_cov_9.129954	624	704	0	80	80	1.0000000
NODE_4026_length_1184_cov_9.129954	677	757	0	80	80	1.0000000
NODE_4031_length_1183_cov_17.260148	545	625	0	80	80	1.0000000
NODE_4031_length_1183_cov_17.260148	598	678	0	80	80	1.0000000
NODE_4031_length_1183_cov_17.260148	674	754	0	80	80	1.0000000
NODE_4031_length_1183_cov_17.260148	727	807	0	80	80	1.0000000
NODE_4032_length_1183_cov_9.777675	484	564	0	9	80	0.1125000
NODE_4032_length_1183_cov_9.777675	484	564	2	35	80	0.4375000
NODE_4032_length_1183_cov_9.777675	484	564	4	36	80	0.4500000
NODE_4032_length_1183_cov_9.777675	537	617	2	41	80	0.5125000
NODE_4032_length_1183_cov_9.777675	537	617	4	39	80	0.4875000
NODE_4033_length_1183_cov_6.847786	711	791	1	33	80	0.4125000
NODE_4033_length_1183_cov_6.847786	711	791	4	46	80	0.5750000
NODE_4033_length_1183_cov_6.847786	711	791	5	1	80	0.0125000
NODE_4033_length_1183_cov_6.847786	764	844	4	80	80	1.0000000
NODE_4033_length_1183_cov_6.847786	840	920	0	47	80	0.5875000
NODE_4033_length_1183_cov_6.847786	840	920	4	33	80	0.4125000
NODE_4033_length_1183_cov_6.847786	893	973	0	80	80	1.0000000
NODE_4035_length_1183_cov_2.680812	59	139	2	11	80	0.1375000
NODE_4035_length_1183_cov_2.680812	59	139	4	5	80	0.0625000
NODE_4035_length_1183_cov_2.680812	59	139	6	2	80	0.0250000
NODE_4035_length_1183_cov_2.680812	59	139	8	2	80	0.0250000
NODE_4035_length_1183_cov_2.680812	59	139	12	9	80	0.1125000
NODE_4035_length_1183_cov_2.680812	59	139	16	1	80	0.0125000
NODE_4035_length_1183_cov_2.680812	59	139	18	2	80	0.0250000
NODE_4035_length_1183_cov_2.680812	59	139	20	48	80	0.6000000
NODE_4040_length_1182_cov_64.600185	588	668	8	31	80	0.3875000
NODE_4040_length_1182_cov_64.600185	588	668	10	49	80	0.6125000
NODE_4040_length_1182_cov_64.600185	641	721	0	37	80	0.4625000
NODE_4040_length_1182_cov_64.600185	641	721	4	3	80	0.0375000
NODE_4040_length_1182_cov_64.600185	641	721	8	40	80	0.5000000
NODE_4040_length_1182_cov_64.600185	717	797	0	80	80	1.0000000
NODE_4040_length_1182_cov_64.600185	770	849	0	79	79	1.0000000
NODE_4041_length_1182_cov_18.584488	487	557	4	13	70	0.1857143
NODE_4041_length_1182_cov_18.584488	487	557	6	47	70	0.6714286
NODE_4041_length_1182_cov_18.584488	487	557	7	2	70	0.0285714
NODE_4041_length_1182_cov_18.584488	487	557	8	8	70	0.1142857
NODE_4041_length_1182_cov_18.584488	536	612	2	46	76	0.6052632
NODE_4041_length_1182_cov_18.584488	536	612	4	10	76	0.1315790
NODE_4041_length_1182_cov_18.584488	536	612	6	15	76	0.1973684
NODE_4041_length_1182_cov_18.584488	536	612	7	2	76	0.0263158
NODE_4041_length_1182_cov_18.584488	536	612	8	3	76	0.0394737
NODE_4041_length_1182_cov_18.584488	608	688	0	5	80	0.0625000
NODE_4041_length_1182_cov_18.584488	608	688	2	75	80	0.9375000
NODE_4041_length_1182_cov_18.584488	671	741	2	70	70	1.0000000
NODE_4042_length_1182_cov_18.075716	598	678	0	80	80	1.0000000
NODE_4042_length_1182_cov_18.075716	651	731	0	80	80	1.0000000
NODE_4042_length_1182_cov_18.075716	727	807	0	80	80	1.0000000
NODE_4042_length_1182_cov_18.075716	780	860	0	80	80	1.0000000
NODE_4043_length_1182_cov_8.716528	464	544	0	80	80	1.0000000
NODE_4043_length_1182_cov_8.716528	517	597	0	80	80	1.0000000
NODE_4044_length_1182_cov_4.109880	793	873	0	11	80	0.1375000
NODE_4044_length_1182_cov_4.109880	793	873	1	1	80	0.0125000
NODE_4044_length_1182_cov_4.109880	793	873	2	28	80	0.3500000
NODE_4044_length_1182_cov_4.109880	793	873	4	40	80	0.5000000
NODE_4044_length_1182_cov_4.109880	846	926	0	64	80	0.8000000
NODE_4044_length_1182_cov_4.109880	846	926	1	1	80	0.0125000
NODE_4044_length_1182_cov_4.109880	846	926	2	15	80	0.1875000
NODE_4045_length_1182_cov_3.433980	1052	1100	4	10	48	0.2083333
NODE_4045_length_1182_cov_3.433980	1052	1100	5	3	48	0.0625000
NODE_4045_length_1182_cov_3.433980	1052	1100	6	35	48	0.7291667
NODE_4050_length_1181_cov_13.856747	687	767	0	7	80	0.0875000
NODE_4050_length_1181_cov_13.856747	687	767	4	14	80	0.1750000
NODE_4050_length_1181_cov_13.856747	687	767	8	51	80	0.6375000
NODE_4050_length_1181_cov_13.856747	687	767	12	8	80	0.1000000
NODE_4050_length_1181_cov_13.856747	740	820	8	40	80	0.5000000
NODE_4050_length_1181_cov_13.856747	740	820	12	40	80	0.5000000
NODE_4051_length_1181_cov_8.239372	735	815	0	67	80	0.8375000
NODE_4051_length_1181_cov_8.239372	735	815	2	13	80	0.1625000
NODE_4059_length_1180_cov_46.345051	695	775	0	80	80	1.0000000
NODE_4059_length_1180_cov_46.345051	748	828	0	80	80	1.0000000
NODE_4066_length_1179_cov_93.272222	660	740	110	9	80	0.1125000
NODE_4066_length_1179_cov_93.272222	660	740	111	3	80	0.0375000
NODE_4066_length_1179_cov_93.272222	660	740	114	1	80	0.0125000
NODE_4066_length_1179_cov_93.272222	660	740	117	2	80	0.0250000
NODE_4066_length_1179_cov_93.272222	660	740	118	1	80	0.0125000
NODE_4066_length_1179_cov_93.272222	660	740	119	2	80	0.0250000
NODE_4066_length_1179_cov_93.272222	660	740	120	2	80	0.0250000
NODE_4066_length_1179_cov_93.272222	660	740	121	7	80	0.0875000
NODE_4066_length_1179_cov_93.272222	660	740	122	4	80	0.0500000
NODE_4066_length_1179_cov_93.272222	660	740	123	3	80	0.0375000
NODE_4066_length_1179_cov_93.272222	660	740	124	5	80	0.0625000
NODE_4066_length_1179_cov_93.272222	660	740	125	6	80	0.0750000
NODE_4066_length_1179_cov_93.272222	660	740	126	3	80	0.0375000
NODE_4066_length_1179_cov_93.272222	660	740	127	9	80	0.1125000
NODE_4066_length_1179_cov_93.272222	660	740	128	7	80	0.0875000
NODE_4066_length_1179_cov_93.272222	660	740	129	4	80	0.0500000
NODE_4066_length_1179_cov_93.272222	660	740	130	2	80	0.0250000
NODE_4066_length_1179_cov_93.272222	660	740	131	9	80	0.1125000
NODE_4066_length_1179_cov_93.272222	660	740	133	1	80	0.0125000
NODE_4066_length_1179_cov_93.272222	713	793	47	2	80	0.0250000
NODE_4066_length_1179_cov_93.272222	713	793	49	4	80	0.0500000
NODE_4066_length_1179_cov_93.272222	713	793	50	1	80	0.0125000
NODE_4066_length_1179_cov_93.272222	713	793	55	1	80	0.0125000
NODE_4066_length_1179_cov_93.272222	713	793	59	2	80	0.0250000
NODE_4066_length_1179_cov_93.272222	713	793	60	1	80	0.0125000
NODE_4066_length_1179_cov_93.272222	713	793	62	1	80	0.0125000
NODE_4066_length_1179_cov_93.272222	713	793	70	1	80	0.0125000
NODE_4066_length_1179_cov_93.272222	713	793	75	3	80	0.0375000
NODE_4066_length_1179_cov_93.272222	713	793	79	1	80	0.0125000
NODE_4066_length_1179_cov_93.272222	713	793	86	1	80	0.0125000
NODE_4066_length_1179_cov_93.272222	713	793	91	1	80	0.0125000
NODE_4066_length_1179_cov_93.272222	713	793	94	1	80	0.0125000
NODE_4066_length_1179_cov_93.272222	713	793	96	1	80	0.0125000
NODE_4066_length_1179_cov_93.272222	713	793	97	2	80	0.0250000
NODE_4066_length_1179_cov_93.272222	713	793	101	1	80	0.0125000
NODE_4066_length_1179_cov_93.272222	713	793	104	1	80	0.0125000
NODE_4066_length_1179_cov_93.272222	713	793	105	5	80	0.0625000
NODE_4066_length_1179_cov_93.272222	713	793	107	2	80	0.0250000
NODE_4066_length_1179_cov_93.272222	713	793	112	1	80	0.0125000
NODE_4066_length_1179_cov_93.272222	713	793	113	1	80	0.0125000
NODE_4066_length_1179_cov_93.272222	713	793	114	1	80	0.0125000
NODE_4066_length_1179_cov_93.272222	713	793	116	2	80	0.0250000
NODE_4066_length_1179_cov_93.272222	713	793	117	1	80	0.0125000
NODE_4066_length_1179_cov_93.272222	713	793	119	2	80	0.0250000
NODE_4066_length_1179_cov_93.272222	713	793	121	14	80	0.1750000
NODE_4066_length_1179_cov_93.272222	713	793	123	7	80	0.0875000
NODE_4066_length_1179_cov_93.272222	713	793	125	3	80	0.0375000
NODE_4066_length_1179_cov_93.272222	713	793	126	2	80	0.0250000
NODE_4066_length_1179_cov_93.272222	713	793	127	3	80	0.0375000
NODE_4066_length_1179_cov_93.272222	713	793	128	8	80	0.1000000
NODE_4066_length_1179_cov_93.272222	713	793	129	1	80	0.0125000
NODE_4066_length_1179_cov_93.272222	713	793	130	2	80	0.0250000
NODE_4067_length_1179_cov_55.355556	547	627	4	34	80	0.4250000
NODE_4067_length_1179_cov_55.355556	547	627	6	6	80	0.0750000
NODE_4067_length_1179_cov_55.355556	547	627	8	3	80	0.0375000
NODE_4067_length_1179_cov_55.355556	547	627	9	4	80	0.0500000
NODE_4067_length_1179_cov_55.355556	547	627	10	19	80	0.2375000
NODE_4067_length_1179_cov_55.355556	547	627	12	5	80	0.0625000
NODE_4067_length_1179_cov_55.355556	547	627	14	9	80	0.1125000
NODE_4067_length_1179_cov_55.355556	600	680	8	3	80	0.0375000
NODE_4067_length_1179_cov_55.355556	600	680	9	4	80	0.0500000
NODE_4067_length_1179_cov_55.355556	600	680	10	11	80	0.1375000
NODE_4067_length_1179_cov_55.355556	600	680	14	14	80	0.1750000
NODE_4067_length_1179_cov_55.355556	600	680	16	48	80	0.6000000
NODE_4068_length_1179_cov_29.712037	613	693	0	24	80	0.3000000
NODE_4068_length_1179_cov_29.712037	613	693	2	56	80	0.7000000
NODE_4068_length_1179_cov_29.712037	666	746	0	39	80	0.4875000
NODE_4068_length_1179_cov_29.712037	666	746	2	41	80	0.5125000
NODE_4069_length_1179_cov_26.767593	483	563	2	9	80	0.1125000
NODE_4069_length_1179_cov_26.767593	483	563	6	71	80	0.8875000
NODE_4069_length_1179_cov_26.767593	536	616	1	43	80	0.5375000
NODE_4069_length_1179_cov_26.767593	536	616	5	10	80	0.1250000
NODE_4069_length_1179_cov_26.767593	536	616	6	27	80	0.3375000
NODE_4069_length_1179_cov_26.767593	612	692	0	65	80	0.8125000
NODE_4069_length_1179_cov_26.767593	612	692	1	15	80	0.1875000
NODE_4069_length_1179_cov_26.767593	665	745	0	80	80	1.0000000
NODE_4070_length_1179_cov_22.249074	581	661	0	80	80	1.0000000
NODE_4070_length_1179_cov_22.249074	634	714	0	80	80	1.0000000
NODE_4071_length_1179_cov_16.538889	498	568	2	70	70	1.0000000
NODE_4072_length_1179_cov_15.442593	535	615	0	53	80	0.6625000
NODE_4072_length_1179_cov_15.442593	535	615	2	27	80	0.3375000
NODE_4072_length_1179_cov_15.442593	588	668	0	80	80	1.0000000
NODE_4076_length_1179_cov_2.419444	1108	1155	0	47	47	1.0000000
NODE_4078_length_1179_cov_1.009259	944	1024	0	80	80	1.0000000
NODE_4078_length_1179_cov_1.009259	997	1077	0	80	80	1.0000000
NODE_4079_length_1178_cov_42.484708	423	503	0	80	80	1.0000000
NODE_4079_length_1178_cov_42.484708	476	556	0	80	80	1.0000000
NODE_4079_length_1178_cov_42.484708	552	632	0	80	80	1.0000000
NODE_4079_length_1178_cov_42.484708	605	685	0	80	80	1.0000000
NODE_4080_length_1178_cov_15.332715	215	295	0	12	80	0.1500000
NODE_4080_length_1178_cov_15.332715	215	295	2	68	80	0.8500000
NODE_4080_length_1178_cov_15.332715	268	348	0	65	80	0.8125000
NODE_4080_length_1178_cov_15.332715	268	348	2	15	80	0.1875000
NODE_4081_length_1178_cov_11.403151	527	607	0	80	80	1.0000000
NODE_4081_length_1178_cov_11.403151	580	660	0	80	80	1.0000000
NODE_4084_length_1177_cov_34.920223	369	449	0	6	80	0.0750000
NODE_4084_length_1177_cov_34.920223	369	449	8	4	80	0.0500000
NODE_4084_length_1177_cov_34.920223	369	449	10	70	80	0.8750000
NODE_4084_length_1177_cov_34.920223	422	502	0	27	80	0.3375000
NODE_4084_length_1177_cov_34.920223	422	502	8	18	80	0.2250000
NODE_4084_length_1177_cov_34.920223	422	502	10	35	80	0.4375000
NODE_4084_length_1177_cov_34.920223	498	578	0	80	80	1.0000000
NODE_4084_length_1177_cov_34.920223	551	631	0	80	80	1.0000000
NODE_4085_length_1177_cov_12.186456	481	561	0	15	80	0.1875000
NODE_4085_length_1177_cov_12.186456	481	561	2	38	80	0.4750000
NODE_4085_length_1177_cov_12.186456	481	561	3	15	80	0.1875000
NODE_4085_length_1177_cov_12.186456	481	561	5	12	80	0.1500000
NODE_4085_length_1177_cov_12.186456	534	614	0	68	80	0.8500000
NODE_4085_length_1177_cov_12.186456	534	614	2	12	80	0.1500000
NODE_4085_length_1177_cov_12.186456	610	690	0	80	80	1.0000000
NODE_4085_length_1177_cov_12.186456	663	743	0	80	80	1.0000000
NODE_4086_length_1177_cov_11.926716	443	523	0	36	80	0.4500000
NODE_4086_length_1177_cov_11.926716	443	523	2	35	80	0.4375000
NODE_4086_length_1177_cov_11.926716	443	523	4	9	80	0.1125000
NODE_4086_length_1177_cov_11.926716	496	578	2	38	82	0.4634146
NODE_4086_length_1177_cov_11.926716	496	578	3	23	82	0.2804878
NODE_4086_length_1177_cov_11.926716	496	578	4	21	82	0.2560976
NODE_4088_length_1177_cov_5.923933	358	438	0	21	80	0.2625000
NODE_4088_length_1177_cov_5.923933	358	438	2	11	80	0.1375000
NODE_4088_length_1177_cov_5.923933	358	438	3	16	80	0.2000000
NODE_4088_length_1177_cov_5.923933	358	438	4	32	80	0.4000000
NODE_4088_length_1177_cov_5.923933	411	491	0	17	80	0.2125000
NODE_4088_length_1177_cov_5.923933	411	491	2	25	80	0.3125000
NODE_4088_length_1177_cov_5.923933	411	491	3	27	80	0.3375000
NODE_4088_length_1177_cov_5.923933	411	491	4	11	80	0.1375000
NODE_4089_length_1177_cov_5.775510	760	840	0	24	80	0.3000000
NODE_4089_length_1177_cov_5.775510	760	840	4	56	80	0.7000000
NODE_4089_length_1177_cov_5.775510	813	893	4	80	80	1.0000000
NODE_4096_length_1176_cov_26.994429	377	457	0	74	80	0.9250000
NODE_4096_length_1176_cov_26.994429	377	457	2	6	80	0.0750000
NODE_4096_length_1176_cov_26.994429	430	510	0	21	80	0.2625000
NODE_4096_length_1176_cov_26.994429	430	510	2	49	80	0.6125000
NODE_4096_length_1176_cov_26.994429	430	510	4	10	80	0.1250000
NODE_4096_length_1176_cov_26.994429	506	586	4	23	80	0.2875000
NODE_4096_length_1176_cov_26.994429	506	586	12	8	80	0.1000000
NODE_4096_length_1176_cov_26.994429	506	586	14	49	80	0.6125000
NODE_4096_length_1176_cov_26.994429	559	639	0	15	80	0.1875000
NODE_4096_length_1176_cov_26.994429	559	639	2	7	80	0.0875000
NODE_4096_length_1176_cov_26.994429	559	639	9	21	80	0.2625000
NODE_4096_length_1176_cov_26.994429	559	639	11	2	80	0.0250000
NODE_4096_length_1176_cov_26.994429	559	639	12	16	80	0.2000000
NODE_4096_length_1176_cov_26.994429	559	639	14	19	80	0.2375000
NODE_4097_length_1176_cov_15.766945	531	611	0	35	80	0.4375000
NODE_4097_length_1176_cov_15.766945	531	611	2	45	80	0.5625000
NODE_4097_length_1176_cov_15.766945	584	664	0	1	80	0.0125000
NODE_4097_length_1176_cov_15.766945	584	664	2	79	80	0.9875000
NODE_4098_length_1176_cov_14.882080	628	708	0	32	80	0.4000000
NODE_4098_length_1176_cov_14.882080	628	708	2	29	80	0.3625000
NODE_4098_length_1176_cov_14.882080	628	708	4	8	80	0.1000000
NODE_4098_length_1176_cov_14.882080	628	708	28	5	80	0.0625000
NODE_4098_length_1176_cov_14.882080	628	708	42	1	80	0.0125000
NODE_4098_length_1176_cov_14.882080	628	708	50	5	80	0.0625000
NODE_4098_length_1176_cov_14.882080	681	761	2	8	80	0.1000000
NODE_4098_length_1176_cov_14.882080	681	761	4	8	80	0.1000000
NODE_4098_length_1176_cov_14.882080	681	761	28	5	80	0.0625000
NODE_4098_length_1176_cov_14.882080	681	761	42	1	80	0.0125000
NODE_4098_length_1176_cov_14.882080	681	761	48	31	80	0.3875000
NODE_4098_length_1176_cov_14.882080	681	761	50	27	80	0.3375000
NODE_4099_length_1176_cov_10.692665	392	472	0	28	80	0.3500000
NODE_4099_length_1176_cov_10.692665	392	472	2	52	80	0.6500000
NODE_4099_length_1176_cov_10.692665	445	525	0	80	80	1.0000000
NODE_4106_length_1175_cov_50.754647	526	606	0	80	80	1.0000000
NODE_4106_length_1175_cov_50.754647	579	659	0	80	80	1.0000000
NODE_4107_length_1175_cov_42.638476	327	407	0	61	80	0.7625000
NODE_4107_length_1175_cov_42.638476	327	407	1	14	80	0.1750000
NODE_4107_length_1175_cov_42.638476	327	407	2	5	80	0.0625000
NODE_4107_length_1175_cov_42.638476	380	460	0	80	80	1.0000000
NODE_4107_length_1175_cov_42.638476	456	536	0	80	80	1.0000000
NODE_4107_length_1175_cov_42.638476	509	589	0	80	80	1.0000000
NODE_4108_length_1175_cov_40.217472	437	517	0	80	80	1.0000000
NODE_4108_length_1175_cov_40.217472	490	570	0	80	80	1.0000000
NODE_4108_length_1175_cov_40.217472	566	646	0	80	80	1.0000000
NODE_4108_length_1175_cov_40.217472	619	699	0	80	80	1.0000000
NODE_4109_length_1175_cov_12.834572	775	855	2	51	80	0.6375000
NODE_4109_length_1175_cov_12.834572	775	855	4	29	80	0.3625000
NODE_4109_length_1175_cov_12.834572	828	908	2	51	80	0.6375000
NODE_4109_length_1175_cov_12.834572	828	908	4	29	80	0.3625000
NODE_4115_length_1174_cov_20.569302	433	513	4	80	80	1.0000000
NODE_4115_length_1174_cov_20.569302	486	566	0	42	80	0.5250000
NODE_4115_length_1174_cov_20.569302	486	566	2	1	80	0.0125000
NODE_4115_length_1174_cov_20.569302	486	566	4	37	80	0.4625000
NODE_4115_length_1174_cov_20.569302	562	642	0	80	80	1.0000000
NODE_4115_length_1174_cov_20.569302	615	695	0	80	80	1.0000000
NODE_4116_length_1174_cov_18.797209	578	658	2	80	80	1.0000000
NODE_4116_length_1174_cov_18.797209	631	711	0	35	80	0.4375000
NODE_4116_length_1174_cov_18.797209	631	711	2	45	80	0.5625000
NODE_4117_length_1174_cov_17.486512	589	669	0	52	80	0.6500000
NODE_4117_length_1174_cov_17.486512	589	669	2	13	80	0.1625000
NODE_4117_length_1174_cov_17.486512	589	669	6	15	80	0.1875000
NODE_4117_length_1174_cov_17.486512	642	722	2	12	80	0.1500000
NODE_4117_length_1174_cov_17.486512	642	722	6	31	80	0.3875000
NODE_4117_length_1174_cov_17.486512	642	722	8	4	80	0.0500000
NODE_4117_length_1174_cov_17.486512	642	722	9	33	80	0.4125000
NODE_4118_length_1174_cov_15.888372	570	650	0	37	80	0.4625000
NODE_4118_length_1174_cov_15.888372	570	650	2	1	80	0.0125000
NODE_4118_length_1174_cov_15.888372	570	650	4	42	80	0.5250000
NODE_4118_length_1174_cov_15.888372	623	703	2	32	80	0.4000000
NODE_4118_length_1174_cov_15.888372	623	703	4	48	80	0.6000000
NODE_4118_length_1174_cov_15.888372	699	779	0	38	80	0.4750000
NODE_4118_length_1174_cov_15.888372	699	779	2	42	80	0.5250000
NODE_4118_length_1174_cov_15.888372	752	832	0	80	80	1.0000000
NODE_4124_length_1174_cov_1.536744	1066	1115	0	42	49	0.8571429
NODE_4124_length_1174_cov_1.536744	1066	1115	1	3	49	0.0612245
NODE_4124_length_1174_cov_1.536744	1066	1115	3	4	49	0.0816327
NODE_4124_length_1174_cov_1.536744	1088	1168	0	80	80	1.0000000
NODE_4128_length_1173_cov_29.562384	455	535	0	80	80	1.0000000
NODE_4128_length_1173_cov_29.562384	508	588	0	44	80	0.5500000
NODE_4128_length_1173_cov_29.562384	508	588	6	1	80	0.0125000
NODE_4128_length_1173_cov_29.562384	508	588	7	1	80	0.0125000
NODE_4128_length_1173_cov_29.562384	508	588	8	34	80	0.4250000
NODE_4128_length_1173_cov_29.562384	584	664	8	21	80	0.2625000
NODE_4128_length_1173_cov_29.562384	584	664	13	1	80	0.0125000
NODE_4128_length_1173_cov_29.562384	584	664	14	13	80	0.1625000
NODE_4128_length_1173_cov_29.562384	584	664	15	41	80	0.5125000
NODE_4128_length_1173_cov_29.562384	584	664	19	4	80	0.0500000
NODE_4128_length_1173_cov_29.562384	637	717	14	5	80	0.0625000
NODE_4128_length_1173_cov_29.562384	637	717	15	23	80	0.2875000
NODE_4128_length_1173_cov_29.562384	637	717	16	10	80	0.1250000
NODE_4128_length_1173_cov_29.562384	637	717	19	6	80	0.0750000
NODE_4128_length_1173_cov_29.562384	637	717	20	1	80	0.0125000
NODE_4128_length_1173_cov_29.562384	637	717	21	35	80	0.4375000
NODE_4129_length_1173_cov_25.206704	395	475	0	5	80	0.0625000
NODE_4129_length_1173_cov_25.206704	395	475	2	1	80	0.0125000
NODE_4129_length_1173_cov_25.206704	395	475	13	1	80	0.0125000
NODE_4129_length_1173_cov_25.206704	395	475	14	73	80	0.9125000
NODE_4129_length_1173_cov_25.206704	448	528	0	3	80	0.0375000
NODE_4129_length_1173_cov_25.206704	448	528	11	1	80	0.0125000
NODE_4129_length_1173_cov_25.206704	448	528	12	37	80	0.4625000
NODE_4129_length_1173_cov_25.206704	448	528	14	39	80	0.4875000
NODE_4130_length_1173_cov_9.486965	693	773	0	26	80	0.3250000
NODE_4130_length_1173_cov_9.486965	693	773	2	54	80	0.6750000
NODE_4130_length_1173_cov_9.486965	746	826	0	24	80	0.3000000
NODE_4130_length_1173_cov_9.486965	746	826	2	56	80	0.7000000
NODE_4131_length_1173_cov_7.946927	201	281	0	52	80	0.6500000
NODE_4131_length_1173_cov_7.946927	201	281	3	1	80	0.0125000
NODE_4131_length_1173_cov_7.946927	201	281	4	27	80	0.3375000
NODE_4131_length_1173_cov_7.946927	254	334	4	44	80	0.5500000
NODE_4131_length_1173_cov_7.946927	254	334	6	36	80	0.4500000
NODE_4136_length_1172_cov_37.177074	527	607	4	80	80	1.0000000
NODE_4136_length_1172_cov_37.177074	580	660	0	48	80	0.6000000
NODE_4136_length_1172_cov_37.177074	580	660	4	32	80	0.4000000
NODE_4137_length_1172_cov_20.397018	677	757	0	67	80	0.8375000
NODE_4137_length_1172_cov_20.397018	677	757	4	13	80	0.1625000
NODE_4137_length_1172_cov_20.397018	730	810	0	14	80	0.1750000
NODE_4137_length_1172_cov_20.397018	730	810	4	39	80	0.4875000
NODE_4137_length_1172_cov_20.397018	730	810	6	27	80	0.3375000
NODE_4138_length_1172_cov_15.018639	460	540	0	80	80	1.0000000
NODE_4138_length_1172_cov_15.018639	513	593	0	33	80	0.4125000
NODE_4138_length_1172_cov_15.018639	513	593	1	3	80	0.0375000
NODE_4138_length_1172_cov_15.018639	513	593	2	44	80	0.5500000
NODE_4139_length_1172_cov_13.199441	622	702	8	16	80	0.2000000
NODE_4139_length_1172_cov_13.199441	622	702	12	11	80	0.1375000
NODE_4139_length_1172_cov_13.199441	622	702	16	44	80	0.5500000
NODE_4139_length_1172_cov_13.199441	622	702	18	9	80	0.1125000
NODE_4139_length_1172_cov_13.199441	675	755	0	27	80	0.3375000
NODE_4139_length_1172_cov_13.199441	675	755	2	11	80	0.1375000
NODE_4139_length_1172_cov_13.199441	675	755	8	2	80	0.0250000
NODE_4139_length_1172_cov_13.199441	675	755	12	14	80	0.1750000
NODE_4139_length_1172_cov_13.199441	675	755	16	26	80	0.3250000
NODE_4140_length_1172_cov_10.720410	499	579	0	19	80	0.2375000
NODE_4140_length_1172_cov_10.720410	499	579	4	61	80	0.7625000
NODE_4140_length_1172_cov_10.720410	552	632	0	72	80	0.9000000
NODE_4140_length_1172_cov_10.720410	552	632	4	8	80	0.1000000
NODE_4140_length_1172_cov_10.720410	628	708	0	80	80	1.0000000
NODE_4140_length_1172_cov_10.720410	681	761	0	80	80	1.0000000
NODE_4141_length_1172_cov_10.574091	951	1021	6	9	70	0.1285714
NODE_4141_length_1172_cov_10.574091	951	1021	12	6	70	0.0857143
NODE_4141_length_1172_cov_10.574091	951	1021	14	1	70	0.0142857
NODE_4141_length_1172_cov_10.574091	951	1021	16	8	70	0.1142857
NODE_4141_length_1172_cov_10.574091	951	1021	18	12	70	0.1714286
NODE_4141_length_1172_cov_10.574091	951	1021	20	17	70	0.2428571
NODE_4141_length_1172_cov_10.574091	951	1021	22	17	70	0.2428571
NODE_4142_length_1172_cov_9.204101	276	356	0	9	80	0.1125000
NODE_4142_length_1172_cov_9.204101	276	356	4	71	80	0.8875000
NODE_4142_length_1172_cov_9.204101	329	409	0	19	80	0.2375000
NODE_4142_length_1172_cov_9.204101	329	409	4	61	80	0.7625000
NODE_4148_length_1171_cov_13.311567	666	746	0	26	80	0.3250000
NODE_4148_length_1171_cov_13.311567	666	746	2	54	80	0.6750000
NODE_4148_length_1171_cov_13.311567	719	803	2	84	84	1.0000000
NODE_4149_length_1171_cov_9.154851	198	278	0	37	80	0.4625000
NODE_4149_length_1171_cov_9.154851	198	278	2	43	80	0.5375000
NODE_4149_length_1171_cov_9.154851	251	331	2	80	80	1.0000000
NODE_4157_length_1170_cov_65.480859	402	482	8	80	80	1.0000000
NODE_4157_length_1170_cov_65.480859	455	535	0	48	80	0.6000000
NODE_4157_length_1170_cov_65.480859	455	535	8	32	80	0.4000000
NODE_4158_length_1170_cov_35.283847	704	784	8	80	80	1.0000000
NODE_4158_length_1170_cov_35.283847	757	837	0	49	80	0.6125000
NODE_4158_length_1170_cov_35.283847	757	837	6	1	80	0.0125000
NODE_4158_length_1170_cov_35.283847	757	837	7	2	80	0.0250000
NODE_4158_length_1170_cov_35.283847	757	837	8	28	80	0.3500000
NODE_4159_length_1170_cov_23.600373	450	530	3	3	80	0.0375000
NODE_4159_length_1170_cov_23.600373	450	530	4	41	80	0.5125000
NODE_4159_length_1170_cov_23.600373	450	530	5	25	80	0.3125000
NODE_4159_length_1170_cov_23.600373	450	530	7	11	80	0.1375000
NODE_4159_length_1170_cov_23.600373	503	583	3	15	80	0.1875000
NODE_4159_length_1170_cov_23.600373	503	583	5	54	80	0.6750000
NODE_4159_length_1170_cov_23.600373	503	583	7	11	80	0.1375000
NODE_4159_length_1170_cov_23.600373	579	659	2	56	80	0.7000000
NODE_4159_length_1170_cov_23.600373	579	659	4	15	80	0.1875000
NODE_4159_length_1170_cov_23.600373	579	659	5	9	80	0.1125000
NODE_4159_length_1170_cov_23.600373	632	705	2	73	73	1.0000000
NODE_4160_length_1170_cov_19.783380	325	405	0	35	80	0.4375000
NODE_4160_length_1170_cov_19.783380	325	405	2	45	80	0.5625000
NODE_4160_length_1170_cov_19.783380	378	458	0	80	80	1.0000000
NODE_4168_length_1169_cov_61.689720	464	544	4	12	80	0.1500000
NODE_4168_length_1169_cov_61.689720	464	544	8	56	80	0.7000000
NODE_4168_length_1169_cov_61.689720	464	544	10	12	80	0.1500000
NODE_4168_length_1169_cov_61.689720	517	597	2	10	80	0.1250000
NODE_4168_length_1169_cov_61.689720	517	597	4	39	80	0.4875000
NODE_4168_length_1169_cov_61.689720	517	597	6	16	80	0.2000000
NODE_4168_length_1169_cov_61.689720	517	597	8	3	80	0.0375000
NODE_4168_length_1169_cov_61.689720	517	597	10	12	80	0.1500000
NODE_4168_length_1169_cov_61.689720	593	673	0	5	80	0.0625000
NODE_4168_length_1169_cov_61.689720	593	673	2	69	80	0.8625000
NODE_4168_length_1169_cov_61.689720	593	673	4	6	80	0.0750000
NODE_4168_length_1169_cov_61.689720	646	726	0	1	80	0.0125000
NODE_4168_length_1169_cov_61.689720	646	726	2	79	80	0.9875000
NODE_4169_length_1169_cov_55.247664	640	720	0	80	80	1.0000000
NODE_4169_length_1169_cov_55.247664	693	773	0	80	80	1.0000000
NODE_4170_length_1169_cov_39.016822	447	527	0	28	80	0.3500000
NODE_4170_length_1169_cov_39.016822	447	527	1	13	80	0.1625000
NODE_4170_length_1169_cov_39.016822	447	527	2	4	80	0.0500000
NODE_4170_length_1169_cov_39.016822	447	527	4	35	80	0.4375000
NODE_4170_length_1169_cov_39.016822	500	580	0	80	80	1.0000000
NODE_4170_length_1169_cov_39.016822	576	656	0	80	80	1.0000000
NODE_4170_length_1169_cov_39.016822	629	709	0	80	80	1.0000000
NODE_4171_length_1169_cov_35.383178	582	662	17	41	80	0.5125000
NODE_4171_length_1169_cov_35.383178	582	662	18	39	80	0.4875000
NODE_4171_length_1169_cov_35.383178	635	715	0	29	80	0.3625000
NODE_4171_length_1169_cov_35.383178	635	715	4	20	80	0.2500000
NODE_4171_length_1169_cov_35.383178	635	715	18	31	80	0.3875000
NODE_4173_length_1169_cov_12.010280	338	418	0	47	80	0.5875000
NODE_4173_length_1169_cov_12.010280	338	418	2	33	80	0.4125000
NODE_4173_length_1169_cov_12.010280	391	471	2	80	80	1.0000000
NODE_4175_length_1169_cov_4.172897	74	135	0	61	61	1.0000000
NODE_4175_length_1169_cov_4.172897	74	135	0	61	61	1.0000000
NODE_4175_length_1169_cov_4.172897	74	135	0	61	61	1.0000000
NODE_4183_length_1168_cov_27.350795	517	597	0	80	80	1.0000000
NODE_4183_length_1168_cov_27.350795	570	650	0	80	80	1.0000000
NODE_4183_length_1168_cov_27.350795	646	726	0	61	80	0.7625000
NODE_4183_length_1168_cov_27.350795	646	726	8	6	80	0.0750000
NODE_4183_length_1168_cov_27.350795	646	726	13	3	80	0.0375000
NODE_4183_length_1168_cov_27.350795	646	726	14	9	80	0.1125000
NODE_4183_length_1168_cov_27.350795	646	726	15	1	80	0.0125000
NODE_4183_length_1168_cov_27.350795	699	779	0	8	80	0.1000000
NODE_4183_length_1168_cov_27.350795	699	779	8	6	80	0.0750000
NODE_4183_length_1168_cov_27.350795	699	779	13	3	80	0.0375000
NODE_4183_length_1168_cov_27.350795	699	779	14	9	80	0.1125000
NODE_4183_length_1168_cov_27.350795	699	779	15	8	80	0.1000000
NODE_4183_length_1168_cov_27.350795	699	779	17	3	80	0.0375000
NODE_4183_length_1168_cov_27.350795	699	779	18	43	80	0.5375000
NODE_4184_length_1168_cov_25.777362	672	752	0	75	80	0.9375000
NODE_4184_length_1168_cov_25.777362	672	752	2	5	80	0.0625000
NODE_4184_length_1168_cov_25.777362	725	805	0	22	80	0.2750000
NODE_4184_length_1168_cov_25.777362	725	805	2	9	80	0.1125000
NODE_4184_length_1168_cov_25.777362	725	805	4	49	80	0.6125000
NODE_4185_length_1168_cov_25.295603	543	623	0	33	80	0.4125000
NODE_4185_length_1168_cov_25.295603	543	623	2	47	80	0.5875000
NODE_4185_length_1168_cov_25.295603	596	676	0	80	80	1.0000000
NODE_4185_length_1168_cov_25.295603	672	752	0	80	80	1.0000000
NODE_4185_length_1168_cov_25.295603	725	804	0	79	79	1.0000000
NODE_4186_length_1168_cov_20.202058	434	514	0	80	80	1.0000000
NODE_4186_length_1168_cov_20.202058	487	567	0	80	80	1.0000000
NODE_4187_length_1168_cov_16.787652	405	485	2	17	80	0.2125000
NODE_4187_length_1168_cov_16.787652	405	485	4	63	80	0.7875000
NODE_4187_length_1168_cov_16.787652	458	538	0	47	80	0.5875000
NODE_4187_length_1168_cov_16.787652	458	538	2	11	80	0.1375000
NODE_4187_length_1168_cov_16.787652	458	538	4	22	80	0.2750000
NODE_4188_length_1168_cov_10.079514	722	802	2	80	80	1.0000000
NODE_4188_length_1168_cov_10.079514	775	855	0	51	80	0.6375000
NODE_4188_length_1168_cov_10.079514	775	855	2	29	80	0.3625000
NODE_4198_length_1167_cov_27.961610	591	671	2	51	80	0.6375000
NODE_4198_length_1167_cov_27.961610	591	671	4	29	80	0.3625000
NODE_4198_length_1167_cov_27.961610	644	724	0	4	80	0.0500000
NODE_4198_length_1167_cov_27.961610	644	724	2	68	80	0.8500000
NODE_4198_length_1167_cov_27.961610	644	724	4	8	80	0.1000000
NODE_4199_length_1167_cov_12.393258	670	750	0	80	80	1.0000000
NODE_4199_length_1167_cov_12.393258	723	803	0	80	80	1.0000000
NODE_4200_length_1167_cov_11.189139	434	514	0	35	80	0.4375000
NODE_4200_length_1167_cov_11.189139	434	514	1	15	80	0.1875000
NODE_4200_length_1167_cov_11.189139	434	514	2	30	80	0.3750000
NODE_4200_length_1167_cov_11.189139	487	567	0	80	80	1.0000000
NODE_4201_length_1167_cov_7.998127	711	791	0	80	80	1.0000000
NODE_4201_length_1167_cov_7.998127	764	844	0	80	80	1.0000000
NODE_4206_length_1166_cov_313.815370	444	524	157	1	80	0.0125000
NODE_4206_length_1166_cov_313.815370	444	524	159	2	80	0.0250000
NODE_4206_length_1166_cov_313.815370	444	524	160	10	80	0.1250000
NODE_4206_length_1166_cov_313.815370	444	524	161	3	80	0.0375000
NODE_4206_length_1166_cov_313.815370	444	524	163	1	80	0.0125000
NODE_4206_length_1166_cov_313.815370	444	524	167	1	80	0.0125000
NODE_4206_length_1166_cov_313.815370	444	524	170	3	80	0.0375000
NODE_4206_length_1166_cov_313.815370	444	524	193	1	80	0.0125000
NODE_4206_length_1166_cov_313.815370	444	524	202	1	80	0.0125000
NODE_4206_length_1166_cov_313.815370	444	524	215	2	80	0.0250000
NODE_4206_length_1166_cov_313.815370	444	524	219	1	80	0.0125000
NODE_4206_length_1166_cov_313.815370	444	524	221	1	80	0.0125000
NODE_4206_length_1166_cov_313.815370	444	524	222	1	80	0.0125000
NODE_4206_length_1166_cov_313.815370	444	524	231	2	80	0.0250000
NODE_4206_length_1166_cov_313.815370	444	524	234	2	80	0.0250000
NODE_4206_length_1166_cov_313.815370	444	524	235	2	80	0.0250000
NODE_4206_length_1166_cov_313.815370	444	524	236	1	80	0.0125000
NODE_4206_length_1166_cov_313.815370	444	524	257	1	80	0.0125000
NODE_4206_length_1166_cov_313.815370	444	524	258	1	80	0.0125000
NODE_4206_length_1166_cov_313.815370	444	524	265	1	80	0.0125000
NODE_4206_length_1166_cov_313.815370	444	524	273	1	80	0.0125000
NODE_4206_length_1166_cov_313.815370	444	524	274	1	80	0.0125000
NODE_4206_length_1166_cov_313.815370	444	524	299	1	80	0.0125000
NODE_4206_length_1166_cov_313.815370	444	524	314	1	80	0.0125000
NODE_4206_length_1166_cov_313.815370	444	524	335	2	80	0.0250000
NODE_4206_length_1166_cov_313.815370	444	524	342	1	80	0.0125000
NODE_4206_length_1166_cov_313.815370	444	524	346	2	80	0.0250000
NODE_4206_length_1166_cov_313.815370	444	524	357	1	80	0.0125000
NODE_4206_length_1166_cov_313.815370	444	524	360	1	80	0.0125000
NODE_4206_length_1166_cov_313.815370	444	524	363	1	80	0.0125000
NODE_4206_length_1166_cov_313.815370	444	524	365	1	80	0.0125000
NODE_4206_length_1166_cov_313.815370	444	524	376	1	80	0.0125000
NODE_4206_length_1166_cov_313.815370	444	524	377	1	80	0.0125000
NODE_4206_length_1166_cov_313.815370	444	524	379	2	80	0.0250000
NODE_4206_length_1166_cov_313.815370	444	524	381	1	80	0.0125000
NODE_4206_length_1166_cov_313.815370	444	524	398	1	80	0.0125000
NODE_4206_length_1166_cov_313.815370	444	524	409	1	80	0.0125000
NODE_4206_length_1166_cov_313.815370	444	524	419	1	80	0.0125000
NODE_4206_length_1166_cov_313.815370	444	524	446	1	80	0.0125000
NODE_4206_length_1166_cov_313.815370	444	524	452	1	80	0.0125000
NODE_4206_length_1166_cov_313.815370	444	524	459	1	80	0.0125000
NODE_4206_length_1166_cov_313.815370	444	524	462	1	80	0.0125000
NODE_4206_length_1166_cov_313.815370	444	524	472	2	80	0.0250000
NODE_4206_length_1166_cov_313.815370	444	524	477	1	80	0.0125000
NODE_4206_length_1166_cov_313.815370	444	524	491	1	80	0.0125000
NODE_4206_length_1166_cov_313.815370	444	524	493	1	80	0.0125000
NODE_4206_length_1166_cov_313.815370	444	524	504	1	80	0.0125000
NODE_4206_length_1166_cov_313.815370	444	524	508	1	80	0.0125000
NODE_4206_length_1166_cov_313.815370	444	524	512	1	80	0.0125000
NODE_4206_length_1166_cov_313.815370	444	524	515	1	80	0.0125000
NODE_4206_length_1166_cov_313.815370	444	524	517	1	80	0.0125000
NODE_4206_length_1166_cov_313.815370	444	524	518	1	80	0.0125000
NODE_4206_length_1166_cov_313.815370	444	524	519	1	80	0.0125000
NODE_4206_length_1166_cov_313.815370	444	524	521	1	80	0.0125000
NODE_4206_length_1166_cov_313.815370	444	524	522	1	80	0.0125000
NODE_4206_length_1166_cov_313.815370	444	524	523	2	80	0.0250000
NODE_4206_length_1166_cov_313.815370	444	524	524	1	80	0.0125000
NODE_4206_length_1166_cov_313.815370	444	524	157	1	80	0.0125000
NODE_4206_length_1166_cov_313.815370	444	524	159	2	80	0.0250000
NODE_4206_length_1166_cov_313.815370	444	524	160	10	80	0.1250000
NODE_4206_length_1166_cov_313.815370	444	524	161	3	80	0.0375000
NODE_4206_length_1166_cov_313.815370	444	524	163	1	80	0.0125000
NODE_4206_length_1166_cov_313.815370	444	524	167	1	80	0.0125000
NODE_4206_length_1166_cov_313.815370	444	524	170	3	80	0.0375000
NODE_4206_length_1166_cov_313.815370	444	524	193	1	80	0.0125000
NODE_4206_length_1166_cov_313.815370	444	524	202	1	80	0.0125000
NODE_4206_length_1166_cov_313.815370	444	524	215	2	80	0.0250000
NODE_4206_length_1166_cov_313.815370	444	524	219	1	80	0.0125000
NODE_4206_length_1166_cov_313.815370	444	524	221	1	80	0.0125000
NODE_4206_length_1166_cov_313.815370	444	524	222	1	80	0.0125000
NODE_4206_length_1166_cov_313.815370	444	524	231	2	80	0.0250000
NODE_4206_length_1166_cov_313.815370	444	524	234	2	80	0.0250000
NODE_4206_length_1166_cov_313.815370	444	524	235	2	80	0.0250000
NODE_4206_length_1166_cov_313.815370	444	524	236	1	80	0.0125000
NODE_4206_length_1166_cov_313.815370	444	524	257	1	80	0.0125000
NODE_4206_length_1166_cov_313.815370	444	524	258	1	80	0.0125000
NODE_4206_length_1166_cov_313.815370	444	524	265	1	80	0.0125000
NODE_4206_length_1166_cov_313.815370	444	524	273	1	80	0.0125000
NODE_4206_length_1166_cov_313.815370	444	524	274	1	80	0.0125000
NODE_4206_length_1166_cov_313.815370	444	524	299	1	80	0.0125000
NODE_4206_length_1166_cov_313.815370	444	524	314	1	80	0.0125000
NODE_4206_length_1166_cov_313.815370	444	524	335	2	80	0.0250000
NODE_4206_length_1166_cov_313.815370	444	524	342	1	80	0.0125000
NODE_4206_length_1166_cov_313.815370	444	524	346	2	80	0.0250000
NODE_4206_length_1166_cov_313.815370	444	524	357	1	80	0.0125000
NODE_4206_length_1166_cov_313.815370	444	524	360	1	80	0.0125000
NODE_4206_length_1166_cov_313.815370	444	524	363	1	80	0.0125000
NODE_4206_length_1166_cov_313.815370	444	524	365	1	80	0.0125000
NODE_4206_length_1166_cov_313.815370	444	524	376	1	80	0.0125000
NODE_4206_length_1166_cov_313.815370	444	524	377	1	80	0.0125000
NODE_4206_length_1166_cov_313.815370	444	524	379	2	80	0.0250000
NODE_4206_length_1166_cov_313.815370	444	524	381	1	80	0.0125000
NODE_4206_length_1166_cov_313.815370	444	524	398	1	80	0.0125000
NODE_4206_length_1166_cov_313.815370	444	524	409	1	80	0.0125000
NODE_4206_length_1166_cov_313.815370	444	524	419	1	80	0.0125000
NODE_4206_length_1166_cov_313.815370	444	524	446	1	80	0.0125000
NODE_4206_length_1166_cov_313.815370	444	524	452	1	80	0.0125000
NODE_4206_length_1166_cov_313.815370	444	524	459	1	80	0.0125000
NODE_4206_length_1166_cov_313.815370	444	524	462	1	80	0.0125000
NODE_4206_length_1166_cov_313.815370	444	524	472	2	80	0.0250000
NODE_4206_length_1166_cov_313.815370	444	524	477	1	80	0.0125000
NODE_4206_length_1166_cov_313.815370	444	524	491	1	80	0.0125000
NODE_4206_length_1166_cov_313.815370	444	524	493	1	80	0.0125000
NODE_4206_length_1166_cov_313.815370	444	524	504	1	80	0.0125000
NODE_4206_length_1166_cov_313.815370	444	524	508	1	80	0.0125000
NODE_4206_length_1166_cov_313.815370	444	524	512	1	80	0.0125000
NODE_4206_length_1166_cov_313.815370	444	524	515	1	80	0.0125000
NODE_4206_length_1166_cov_313.815370	444	524	517	1	80	0.0125000
NODE_4206_length_1166_cov_313.815370	444	524	518	1	80	0.0125000
NODE_4206_length_1166_cov_313.815370	444	524	519	1	80	0.0125000
NODE_4206_length_1166_cov_313.815370	444	524	521	1	80	0.0125000
NODE_4206_length_1166_cov_313.815370	444	524	522	1	80	0.0125000
NODE_4206_length_1166_cov_313.815370	444	524	523	2	80	0.0250000
NODE_4206_length_1166_cov_313.815370	444	524	524	1	80	0.0125000
NODE_4206_length_1166_cov_313.815370	444	524	157	1	80	0.0125000
NODE_4206_length_1166_cov_313.815370	444	524	159	2	80	0.0250000
NODE_4206_length_1166_cov_313.815370	444	524	160	10	80	0.1250000
NODE_4206_length_1166_cov_313.815370	444	524	161	3	80	0.0375000
NODE_4206_length_1166_cov_313.815370	444	524	163	1	80	0.0125000
NODE_4206_length_1166_cov_313.815370	444	524	167	1	80	0.0125000
NODE_4206_length_1166_cov_313.815370	444	524	170	3	80	0.0375000
NODE_4206_length_1166_cov_313.815370	444	524	193	1	80	0.0125000
NODE_4206_length_1166_cov_313.815370	444	524	202	1	80	0.0125000
NODE_4206_length_1166_cov_313.815370	444	524	215	2	80	0.0250000
NODE_4206_length_1166_cov_313.815370	444	524	219	1	80	0.0125000
NODE_4206_length_1166_cov_313.815370	444	524	221	1	80	0.0125000
NODE_4206_length_1166_cov_313.815370	444	524	222	1	80	0.0125000
NODE_4206_length_1166_cov_313.815370	444	524	231	2	80	0.0250000
NODE_4206_length_1166_cov_313.815370	444	524	234	2	80	0.0250000
NODE_4206_length_1166_cov_313.815370	444	524	235	2	80	0.0250000
NODE_4206_length_1166_cov_313.815370	444	524	236	1	80	0.0125000
NODE_4206_length_1166_cov_313.815370	444	524	257	1	80	0.0125000
NODE_4206_length_1166_cov_313.815370	444	524	258	1	80	0.0125000
NODE_4206_length_1166_cov_313.815370	444	524	265	1	80	0.0125000
NODE_4206_length_1166_cov_313.815370	444	524	273	1	80	0.0125000
NODE_4206_length_1166_cov_313.815370	444	524	274	1	80	0.0125000
NODE_4206_length_1166_cov_313.815370	444	524	299	1	80	0.0125000
NODE_4206_length_1166_cov_313.815370	444	524	314	1	80	0.0125000
NODE_4206_length_1166_cov_313.815370	444	524	335	2	80	0.0250000
NODE_4206_length_1166_cov_313.815370	444	524	342	1	80	0.0125000
NODE_4206_length_1166_cov_313.815370	444	524	346	2	80	0.0250000
NODE_4206_length_1166_cov_313.815370	444	524	357	1	80	0.0125000
NODE_4206_length_1166_cov_313.815370	444	524	360	1	80	0.0125000
NODE_4206_length_1166_cov_313.815370	444	524	363	1	80	0.0125000
NODE_4206_length_1166_cov_313.815370	444	524	365	1	80	0.0125000
NODE_4206_length_1166_cov_313.815370	444	524	376	1	80	0.0125000
NODE_4206_length_1166_cov_313.815370	444	524	377	1	80	0.0125000
NODE_4206_length_1166_cov_313.815370	444	524	379	2	80	0.0250000
NODE_4206_length_1166_cov_313.815370	444	524	381	1	80	0.0125000
NODE_4206_length_1166_cov_313.815370	444	524	398	1	80	0.0125000
NODE_4206_length_1166_cov_313.815370	444	524	409	1	80	0.0125000
NODE_4206_length_1166_cov_313.815370	444	524	419	1	80	0.0125000
NODE_4206_length_1166_cov_313.815370	444	524	446	1	80	0.0125000
NODE_4206_length_1166_cov_313.815370	444	524	452	1	80	0.0125000
NODE_4206_length_1166_cov_313.815370	444	524	459	1	80	0.0125000
NODE_4206_length_1166_cov_313.815370	444	524	462	1	80	0.0125000
NODE_4206_length_1166_cov_313.815370	444	524	472	2	80	0.0250000
NODE_4206_length_1166_cov_313.815370	444	524	477	1	80	0.0125000
NODE_4206_length_1166_cov_313.815370	444	524	491	1	80	0.0125000
NODE_4206_length_1166_cov_313.815370	444	524	493	1	80	0.0125000
NODE_4206_length_1166_cov_313.815370	444	524	504	1	80	0.0125000
NODE_4206_length_1166_cov_313.815370	444	524	508	1	80	0.0125000
NODE_4206_length_1166_cov_313.815370	444	524	512	1	80	0.0125000
NODE_4206_length_1166_cov_313.815370	444	524	515	1	80	0.0125000
NODE_4206_length_1166_cov_313.815370	444	524	517	1	80	0.0125000
NODE_4206_length_1166_cov_313.815370	444	524	518	1	80	0.0125000
NODE_4206_length_1166_cov_313.815370	444	524	519	1	80	0.0125000
NODE_4206_length_1166_cov_313.815370	444	524	521	1	80	0.0125000
NODE_4206_length_1166_cov_313.815370	444	524	522	1	80	0.0125000
NODE_4206_length_1166_cov_313.815370	444	524	523	2	80	0.0250000
NODE_4206_length_1166_cov_313.815370	444	524	524	1	80	0.0125000
NODE_4206_length_1166_cov_313.815370	444	524	157	1	80	0.0125000
NODE_4206_length_1166_cov_313.815370	444	524	159	2	80	0.0250000
NODE_4206_length_1166_cov_313.815370	444	524	160	10	80	0.1250000
NODE_4206_length_1166_cov_313.815370	444	524	161	3	80	0.0375000
NODE_4206_length_1166_cov_313.815370	444	524	163	1	80	0.0125000
NODE_4206_length_1166_cov_313.815370	444	524	167	1	80	0.0125000
NODE_4206_length_1166_cov_313.815370	444	524	170	3	80	0.0375000
NODE_4206_length_1166_cov_313.815370	444	524	193	1	80	0.0125000
NODE_4206_length_1166_cov_313.815370	444	524	202	1	80	0.0125000
NODE_4206_length_1166_cov_313.815370	444	524	215	2	80	0.0250000
NODE_4206_length_1166_cov_313.815370	444	524	219	1	80	0.0125000
NODE_4206_length_1166_cov_313.815370	444	524	221	1	80	0.0125000
NODE_4206_length_1166_cov_313.815370	444	524	222	1	80	0.0125000
NODE_4206_length_1166_cov_313.815370	444	524	231	2	80	0.0250000
NODE_4206_length_1166_cov_313.815370	444	524	234	2	80	0.0250000
NODE_4206_length_1166_cov_313.815370	444	524	235	2	80	0.0250000
NODE_4206_length_1166_cov_313.815370	444	524	236	1	80	0.0125000
NODE_4206_length_1166_cov_313.815370	444	524	257	1	80	0.0125000
NODE_4206_length_1166_cov_313.815370	444	524	258	1	80	0.0125000
NODE_4206_length_1166_cov_313.815370	444	524	265	1	80	0.0125000
NODE_4206_length_1166_cov_313.815370	444	524	273	1	80	0.0125000
NODE_4206_length_1166_cov_313.815370	444	524	274	1	80	0.0125000
NODE_4206_length_1166_cov_313.815370	444	524	299	1	80	0.0125000
NODE_4206_length_1166_cov_313.815370	444	524	314	1	80	0.0125000
NODE_4206_length_1166_cov_313.815370	444	524	335	2	80	0.0250000
NODE_4206_length_1166_cov_313.815370	444	524	342	1	80	0.0125000
NODE_4206_length_1166_cov_313.815370	444	524	346	2	80	0.0250000
NODE_4206_length_1166_cov_313.815370	444	524	357	1	80	0.0125000
NODE_4206_length_1166_cov_313.815370	444	524	360	1	80	0.0125000
NODE_4206_length_1166_cov_313.815370	444	524	363	1	80	0.0125000
NODE_4206_length_1166_cov_313.815370	444	524	365	1	80	0.0125000
NODE_4206_length_1166_cov_313.815370	444	524	376	1	80	0.0125000
NODE_4206_length_1166_cov_313.815370	444	524	377	1	80	0.0125000
NODE_4206_length_1166_cov_313.815370	444	524	379	2	80	0.0250000
NODE_4206_length_1166_cov_313.815370	444	524	381	1	80	0.0125000
NODE_4206_length_1166_cov_313.815370	444	524	398	1	80	0.0125000
NODE_4206_length_1166_cov_313.815370	444	524	409	1	80	0.0125000
NODE_4206_length_1166_cov_313.815370	444	524	419	1	80	0.0125000
NODE_4206_length_1166_cov_313.815370	444	524	446	1	80	0.0125000
NODE_4206_length_1166_cov_313.815370	444	524	452	1	80	0.0125000
NODE_4206_length_1166_cov_313.815370	444	524	459	1	80	0.0125000
NODE_4206_length_1166_cov_313.815370	444	524	462	1	80	0.0125000
NODE_4206_length_1166_cov_313.815370	444	524	472	2	80	0.0250000
NODE_4206_length_1166_cov_313.815370	444	524	477	1	80	0.0125000
NODE_4206_length_1166_cov_313.815370	444	524	491	1	80	0.0125000
NODE_4206_length_1166_cov_313.815370	444	524	493	1	80	0.0125000
NODE_4206_length_1166_cov_313.815370	444	524	504	1	80	0.0125000
NODE_4206_length_1166_cov_313.815370	444	524	508	1	80	0.0125000
NODE_4206_length_1166_cov_313.815370	444	524	512	1	80	0.0125000
NODE_4206_length_1166_cov_313.815370	444	524	515	1	80	0.0125000
NODE_4206_length_1166_cov_313.815370	444	524	517	1	80	0.0125000
NODE_4206_length_1166_cov_313.815370	444	524	518	1	80	0.0125000
NODE_4206_length_1166_cov_313.815370	444	524	519	1	80	0.0125000
NODE_4206_length_1166_cov_313.815370	444	524	521	1	80	0.0125000
NODE_4206_length_1166_cov_313.815370	444	524	522	1	80	0.0125000
NODE_4206_length_1166_cov_313.815370	444	524	523	2	80	0.0250000
NODE_4206_length_1166_cov_313.815370	444	524	524	1	80	0.0125000
NODE_4206_length_1166_cov_313.815370	444	524	157	1	80	0.0125000
NODE_4206_length_1166_cov_313.815370	444	524	159	2	80	0.0250000
NODE_4206_length_1166_cov_313.815370	444	524	160	10	80	0.1250000
NODE_4206_length_1166_cov_313.815370	444	524	161	3	80	0.0375000
NODE_4206_length_1166_cov_313.815370	444	524	163	1	80	0.0125000
NODE_4206_length_1166_cov_313.815370	444	524	167	1	80	0.0125000
NODE_4206_length_1166_cov_313.815370	444	524	170	3	80	0.0375000
NODE_4206_length_1166_cov_313.815370	444	524	193	1	80	0.0125000
NODE_4206_length_1166_cov_313.815370	444	524	202	1	80	0.0125000
NODE_4206_length_1166_cov_313.815370	444	524	215	2	80	0.0250000
NODE_4206_length_1166_cov_313.815370	444	524	219	1	80	0.0125000
NODE_4206_length_1166_cov_313.815370	444	524	221	1	80	0.0125000
NODE_4206_length_1166_cov_313.815370	444	524	222	1	80	0.0125000
NODE_4206_length_1166_cov_313.815370	444	524	231	2	80	0.0250000
NODE_4206_length_1166_cov_313.815370	444	524	234	2	80	0.0250000
NODE_4206_length_1166_cov_313.815370	444	524	235	2	80	0.0250000
NODE_4206_length_1166_cov_313.815370	444	524	236	1	80	0.0125000
NODE_4206_length_1166_cov_313.815370	444	524	257	1	80	0.0125000
NODE_4206_length_1166_cov_313.815370	444	524	258	1	80	0.0125000
NODE_4206_length_1166_cov_313.815370	444	524	265	1	80	0.0125000
NODE_4206_length_1166_cov_313.815370	444	524	273	1	80	0.0125000
NODE_4206_length_1166_cov_313.815370	444	524	274	1	80	0.0125000
NODE_4206_length_1166_cov_313.815370	444	524	299	1	80	0.0125000
NODE_4206_length_1166_cov_313.815370	444	524	314	1	80	0.0125000
NODE_4206_length_1166_cov_313.815370	444	524	335	2	80	0.0250000
NODE_4206_length_1166_cov_313.815370	444	524	342	1	80	0.0125000
NODE_4206_length_1166_cov_313.815370	444	524	346	2	80	0.0250000
NODE_4206_length_1166_cov_313.815370	444	524	357	1	80	0.0125000
NODE_4206_length_1166_cov_313.815370	444	524	360	1	80	0.0125000
NODE_4206_length_1166_cov_313.815370	444	524	363	1	80	0.0125000
NODE_4206_length_1166_cov_313.815370	444	524	365	1	80	0.0125000
NODE_4206_length_1166_cov_313.815370	444	524	376	1	80	0.0125000
NODE_4206_length_1166_cov_313.815370	444	524	377	1	80	0.0125000
NODE_4206_length_1166_cov_313.815370	444	524	379	2	80	0.0250000
NODE_4206_length_1166_cov_313.815370	444	524	381	1	80	0.0125000
NODE_4206_length_1166_cov_313.815370	444	524	398	1	80	0.0125000
NODE_4206_length_1166_cov_313.815370	444	524	409	1	80	0.0125000
NODE_4206_length_1166_cov_313.815370	444	524	419	1	80	0.0125000
NODE_4206_length_1166_cov_313.815370	444	524	446	1	80	0.0125000
NODE_4206_length_1166_cov_313.815370	444	524	452	1	80	0.0125000
NODE_4206_length_1166_cov_313.815370	444	524	459	1	80	0.0125000
NODE_4206_length_1166_cov_313.815370	444	524	462	1	80	0.0125000
NODE_4206_length_1166_cov_313.815370	444	524	472	2	80	0.0250000
NODE_4206_length_1166_cov_313.815370	444	524	477	1	80	0.0125000
NODE_4206_length_1166_cov_313.815370	444	524	491	1	80	0.0125000
NODE_4206_length_1166_cov_313.815370	444	524	493	1	80	0.0125000
NODE_4206_length_1166_cov_313.815370	444	524	504	1	80	0.0125000
NODE_4206_length_1166_cov_313.815370	444	524	508	1	80	0.0125000
NODE_4206_length_1166_cov_313.815370	444	524	512	1	80	0.0125000
NODE_4206_length_1166_cov_313.815370	444	524	515	1	80	0.0125000
NODE_4206_length_1166_cov_313.815370	444	524	517	1	80	0.0125000
NODE_4206_length_1166_cov_313.815370	444	524	518	1	80	0.0125000
NODE_4206_length_1166_cov_313.815370	444	524	519	1	80	0.0125000
NODE_4206_length_1166_cov_313.815370	444	524	521	1	80	0.0125000
NODE_4206_length_1166_cov_313.815370	444	524	522	1	80	0.0125000
NODE_4206_length_1166_cov_313.815370	444	524	523	2	80	0.0250000
NODE_4206_length_1166_cov_313.815370	444	524	524	1	80	0.0125000
NODE_4206_length_1166_cov_313.815370	444	524	157	1	80	0.0125000
NODE_4206_length_1166_cov_313.815370	444	524	159	2	80	0.0250000
NODE_4206_length_1166_cov_313.815370	444	524	160	10	80	0.1250000
NODE_4206_length_1166_cov_313.815370	444	524	161	3	80	0.0375000
NODE_4206_length_1166_cov_313.815370	444	524	163	1	80	0.0125000
NODE_4206_length_1166_cov_313.815370	444	524	167	1	80	0.0125000
NODE_4206_length_1166_cov_313.815370	444	524	170	3	80	0.0375000
NODE_4206_length_1166_cov_313.815370	444	524	193	1	80	0.0125000
NODE_4206_length_1166_cov_313.815370	444	524	202	1	80	0.0125000
NODE_4206_length_1166_cov_313.815370	444	524	215	2	80	0.0250000
NODE_4206_length_1166_cov_313.815370	444	524	219	1	80	0.0125000
NODE_4206_length_1166_cov_313.815370	444	524	221	1	80	0.0125000
NODE_4206_length_1166_cov_313.815370	444	524	222	1	80	0.0125000
NODE_4206_length_1166_cov_313.815370	444	524	231	2	80	0.0250000
NODE_4206_length_1166_cov_313.815370	444	524	234	2	80	0.0250000
NODE_4206_length_1166_cov_313.815370	444	524	235	2	80	0.0250000
NODE_4206_length_1166_cov_313.815370	444	524	236	1	80	0.0125000
NODE_4206_length_1166_cov_313.815370	444	524	257	1	80	0.0125000
NODE_4206_length_1166_cov_313.815370	444	524	258	1	80	0.0125000
NODE_4206_length_1166_cov_313.815370	444	524	265	1	80	0.0125000
NODE_4206_length_1166_cov_313.815370	444	524	273	1	80	0.0125000
NODE_4206_length_1166_cov_313.815370	444	524	274	1	80	0.0125000
NODE_4206_length_1166_cov_313.815370	444	524	299	1	80	0.0125000
NODE_4206_length_1166_cov_313.815370	444	524	314	1	80	0.0125000
NODE_4206_length_1166_cov_313.815370	444	524	335	2	80	0.0250000
NODE_4206_length_1166_cov_313.815370	444	524	342	1	80	0.0125000
NODE_4206_length_1166_cov_313.815370	444	524	346	2	80	0.0250000
NODE_4206_length_1166_cov_313.815370	444	524	357	1	80	0.0125000
NODE_4206_length_1166_cov_313.815370	444	524	360	1	80	0.0125000
NODE_4206_length_1166_cov_313.815370	444	524	363	1	80	0.0125000
NODE_4206_length_1166_cov_313.815370	444	524	365	1	80	0.0125000
NODE_4206_length_1166_cov_313.815370	444	524	376	1	80	0.0125000
NODE_4206_length_1166_cov_313.815370	444	524	377	1	80	0.0125000
NODE_4206_length_1166_cov_313.815370	444	524	379	2	80	0.0250000
NODE_4206_length_1166_cov_313.815370	444	524	381	1	80	0.0125000
NODE_4206_length_1166_cov_313.815370	444	524	398	1	80	0.0125000
NODE_4206_length_1166_cov_313.815370	444	524	409	1	80	0.0125000
NODE_4206_length_1166_cov_313.815370	444	524	419	1	80	0.0125000
NODE_4206_length_1166_cov_313.815370	444	524	446	1	80	0.0125000
NODE_4206_length_1166_cov_313.815370	444	524	452	1	80	0.0125000
NODE_4206_length_1166_cov_313.815370	444	524	459	1	80	0.0125000
NODE_4206_length_1166_cov_313.815370	444	524	462	1	80	0.0125000
NODE_4206_length_1166_cov_313.815370	444	524	472	2	80	0.0250000
NODE_4206_length_1166_cov_313.815370	444	524	477	1	80	0.0125000
NODE_4206_length_1166_cov_313.815370	444	524	491	1	80	0.0125000
NODE_4206_length_1166_cov_313.815370	444	524	493	1	80	0.0125000
NODE_4206_length_1166_cov_313.815370	444	524	504	1	80	0.0125000
NODE_4206_length_1166_cov_313.815370	444	524	508	1	80	0.0125000
NODE_4206_length_1166_cov_313.815370	444	524	512	1	80	0.0125000
NODE_4206_length_1166_cov_313.815370	444	524	515	1	80	0.0125000
NODE_4206_length_1166_cov_313.815370	444	524	517	1	80	0.0125000
NODE_4206_length_1166_cov_313.815370	444	524	518	1	80	0.0125000
NODE_4206_length_1166_cov_313.815370	444	524	519	1	80	0.0125000
NODE_4206_length_1166_cov_313.815370	444	524	521	1	80	0.0125000
NODE_4206_length_1166_cov_313.815370	444	524	522	1	80	0.0125000
NODE_4206_length_1166_cov_313.815370	444	524	523	2	80	0.0250000
NODE_4206_length_1166_cov_313.815370	444	524	524	1	80	0.0125000
NODE_4206_length_1166_cov_313.815370	497	577	377	1	80	0.0125000
NODE_4206_length_1166_cov_313.815370	497	577	379	2	80	0.0250000
NODE_4206_length_1166_cov_313.815370	497	577	398	1	80	0.0125000
NODE_4206_length_1166_cov_313.815370	497	577	409	1	80	0.0125000
NODE_4206_length_1166_cov_313.815370	497	577	419	1	80	0.0125000
NODE_4206_length_1166_cov_313.815370	497	577	446	1	80	0.0125000
NODE_4206_length_1166_cov_313.815370	497	577	452	1	80	0.0125000
NODE_4206_length_1166_cov_313.815370	497	577	459	1	80	0.0125000
NODE_4206_length_1166_cov_313.815370	497	577	462	1	80	0.0125000
NODE_4206_length_1166_cov_313.815370	497	577	472	2	80	0.0250000
NODE_4206_length_1166_cov_313.815370	497	577	473	4	80	0.0500000
NODE_4206_length_1166_cov_313.815370	497	577	476	1	80	0.0125000
NODE_4206_length_1166_cov_313.815370	497	577	477	1	80	0.0125000
NODE_4206_length_1166_cov_313.815370	497	577	482	1	80	0.0125000
NODE_4206_length_1166_cov_313.815370	497	577	485	1	80	0.0125000
NODE_4206_length_1166_cov_313.815370	497	577	487	4	80	0.0500000
NODE_4206_length_1166_cov_313.815370	497	577	488	8	80	0.1000000
NODE_4206_length_1166_cov_313.815370	497	577	491	1	80	0.0125000
NODE_4206_length_1166_cov_313.815370	497	577	493	1	80	0.0125000
NODE_4206_length_1166_cov_313.815370	497	577	502	3	80	0.0375000
NODE_4206_length_1166_cov_313.815370	497	577	504	1	80	0.0125000
NODE_4206_length_1166_cov_313.815370	497	577	508	1	80	0.0125000
NODE_4206_length_1166_cov_313.815370	497	577	512	1	80	0.0125000
NODE_4206_length_1166_cov_313.815370	497	577	515	1	80	0.0125000
NODE_4206_length_1166_cov_313.815370	497	577	517	1	80	0.0125000
NODE_4206_length_1166_cov_313.815370	497	577	518	1	80	0.0125000
NODE_4206_length_1166_cov_313.815370	497	577	519	1	80	0.0125000
NODE_4206_length_1166_cov_313.815370	497	577	521	1	80	0.0125000
NODE_4206_length_1166_cov_313.815370	497	577	522	1	80	0.0125000
NODE_4206_length_1166_cov_313.815370	497	577	523	2	80	0.0250000
NODE_4206_length_1166_cov_313.815370	497	577	524	1	80	0.0125000
NODE_4206_length_1166_cov_313.815370	497	577	527	1	80	0.0125000
NODE_4206_length_1166_cov_313.815370	497	577	533	1	80	0.0125000
NODE_4206_length_1166_cov_313.815370	497	577	534	4	80	0.0500000
NODE_4206_length_1166_cov_313.815370	497	577	535	1	80	0.0125000
NODE_4206_length_1166_cov_313.815370	497	577	537	4	80	0.0500000
NODE_4206_length_1166_cov_313.815370	497	577	541	1	80	0.0125000
NODE_4206_length_1166_cov_313.815370	497	577	542	4	80	0.0500000
NODE_4206_length_1166_cov_313.815370	497	577	543	2	80	0.0250000
NODE_4206_length_1166_cov_313.815370	497	577	546	4	80	0.0500000
NODE_4206_length_1166_cov_313.815370	497	577	547	2	80	0.0250000
NODE_4206_length_1166_cov_313.815370	497	577	549	2	80	0.0250000
NODE_4206_length_1166_cov_313.815370	497	577	550	3	80	0.0375000
NODE_4206_length_1166_cov_313.815370	497	577	553	2	80	0.0250000
NODE_4206_length_1166_cov_313.815370	497	577	377	1	80	0.0125000
NODE_4206_length_1166_cov_313.815370	497	577	379	2	80	0.0250000
NODE_4206_length_1166_cov_313.815370	497	577	398	1	80	0.0125000
NODE_4206_length_1166_cov_313.815370	497	577	409	1	80	0.0125000
NODE_4206_length_1166_cov_313.815370	497	577	419	1	80	0.0125000
NODE_4206_length_1166_cov_313.815370	497	577	446	1	80	0.0125000
NODE_4206_length_1166_cov_313.815370	497	577	452	1	80	0.0125000
NODE_4206_length_1166_cov_313.815370	497	577	459	1	80	0.0125000
NODE_4206_length_1166_cov_313.815370	497	577	462	1	80	0.0125000
NODE_4206_length_1166_cov_313.815370	497	577	472	2	80	0.0250000
NODE_4206_length_1166_cov_313.815370	497	577	473	4	80	0.0500000
NODE_4206_length_1166_cov_313.815370	497	577	476	1	80	0.0125000
NODE_4206_length_1166_cov_313.815370	497	577	477	1	80	0.0125000
NODE_4206_length_1166_cov_313.815370	497	577	482	1	80	0.0125000
NODE_4206_length_1166_cov_313.815370	497	577	485	1	80	0.0125000
NODE_4206_length_1166_cov_313.815370	497	577	487	4	80	0.0500000
NODE_4206_length_1166_cov_313.815370	497	577	488	8	80	0.1000000
NODE_4206_length_1166_cov_313.815370	497	577	491	1	80	0.0125000
NODE_4206_length_1166_cov_313.815370	497	577	493	1	80	0.0125000
NODE_4206_length_1166_cov_313.815370	497	577	502	3	80	0.0375000
NODE_4206_length_1166_cov_313.815370	497	577	504	1	80	0.0125000
NODE_4206_length_1166_cov_313.815370	497	577	508	1	80	0.0125000
NODE_4206_length_1166_cov_313.815370	497	577	512	1	80	0.0125000
NODE_4206_length_1166_cov_313.815370	497	577	515	1	80	0.0125000
NODE_4206_length_1166_cov_313.815370	497	577	517	1	80	0.0125000
NODE_4206_length_1166_cov_313.815370	497	577	518	1	80	0.0125000
NODE_4206_length_1166_cov_313.815370	497	577	519	1	80	0.0125000
NODE_4206_length_1166_cov_313.815370	497	577	521	1	80	0.0125000
NODE_4206_length_1166_cov_313.815370	497	577	522	1	80	0.0125000
NODE_4206_length_1166_cov_313.815370	497	577	523	2	80	0.0250000
NODE_4206_length_1166_cov_313.815370	497	577	524	1	80	0.0125000
NODE_4206_length_1166_cov_313.815370	497	577	527	1	80	0.0125000
NODE_4206_length_1166_cov_313.815370	497	577	533	1	80	0.0125000
NODE_4206_length_1166_cov_313.815370	497	577	534	4	80	0.0500000
NODE_4206_length_1166_cov_313.815370	497	577	535	1	80	0.0125000
NODE_4206_length_1166_cov_313.815370	497	577	537	4	80	0.0500000
NODE_4206_length_1166_cov_313.815370	497	577	541	1	80	0.0125000
NODE_4206_length_1166_cov_313.815370	497	577	542	4	80	0.0500000
NODE_4206_length_1166_cov_313.815370	497	577	543	2	80	0.0250000
NODE_4206_length_1166_cov_313.815370	497	577	546	4	80	0.0500000
NODE_4206_length_1166_cov_313.815370	497	577	547	2	80	0.0250000
NODE_4206_length_1166_cov_313.815370	497	577	549	2	80	0.0250000
NODE_4206_length_1166_cov_313.815370	497	577	550	3	80	0.0375000
NODE_4206_length_1166_cov_313.815370	497	577	553	2	80	0.0250000
NODE_4206_length_1166_cov_313.815370	497	577	377	1	80	0.0125000
NODE_4206_length_1166_cov_313.815370	497	577	379	2	80	0.0250000
NODE_4206_length_1166_cov_313.815370	497	577	398	1	80	0.0125000
NODE_4206_length_1166_cov_313.815370	497	577	409	1	80	0.0125000
NODE_4206_length_1166_cov_313.815370	497	577	419	1	80	0.0125000
NODE_4206_length_1166_cov_313.815370	497	577	446	1	80	0.0125000
NODE_4206_length_1166_cov_313.815370	497	577	452	1	80	0.0125000
NODE_4206_length_1166_cov_313.815370	497	577	459	1	80	0.0125000
NODE_4206_length_1166_cov_313.815370	497	577	462	1	80	0.0125000
NODE_4206_length_1166_cov_313.815370	497	577	472	2	80	0.0250000
NODE_4206_length_1166_cov_313.815370	497	577	473	4	80	0.0500000
NODE_4206_length_1166_cov_313.815370	497	577	476	1	80	0.0125000
NODE_4206_length_1166_cov_313.815370	497	577	477	1	80	0.0125000
NODE_4206_length_1166_cov_313.815370	497	577	482	1	80	0.0125000
NODE_4206_length_1166_cov_313.815370	497	577	485	1	80	0.0125000
NODE_4206_length_1166_cov_313.815370	497	577	487	4	80	0.0500000
NODE_4206_length_1166_cov_313.815370	497	577	488	8	80	0.1000000
NODE_4206_length_1166_cov_313.815370	497	577	491	1	80	0.0125000
NODE_4206_length_1166_cov_313.815370	497	577	493	1	80	0.0125000
NODE_4206_length_1166_cov_313.815370	497	577	502	3	80	0.0375000
NODE_4206_length_1166_cov_313.815370	497	577	504	1	80	0.0125000
NODE_4206_length_1166_cov_313.815370	497	577	508	1	80	0.0125000
NODE_4206_length_1166_cov_313.815370	497	577	512	1	80	0.0125000
NODE_4206_length_1166_cov_313.815370	497	577	515	1	80	0.0125000
NODE_4206_length_1166_cov_313.815370	497	577	517	1	80	0.0125000
NODE_4206_length_1166_cov_313.815370	497	577	518	1	80	0.0125000
NODE_4206_length_1166_cov_313.815370	497	577	519	1	80	0.0125000
NODE_4206_length_1166_cov_313.815370	497	577	521	1	80	0.0125000
NODE_4206_length_1166_cov_313.815370	497	577	522	1	80	0.0125000
NODE_4206_length_1166_cov_313.815370	497	577	523	2	80	0.0250000
NODE_4206_length_1166_cov_313.815370	497	577	524	1	80	0.0125000
NODE_4206_length_1166_cov_313.815370	497	577	527	1	80	0.0125000
NODE_4206_length_1166_cov_313.815370	497	577	533	1	80	0.0125000
NODE_4206_length_1166_cov_313.815370	497	577	534	4	80	0.0500000
NODE_4206_length_1166_cov_313.815370	497	577	535	1	80	0.0125000
NODE_4206_length_1166_cov_313.815370	497	577	537	4	80	0.0500000
NODE_4206_length_1166_cov_313.815370	497	577	541	1	80	0.0125000
NODE_4206_length_1166_cov_313.815370	497	577	542	4	80	0.0500000
NODE_4206_length_1166_cov_313.815370	497	577	543	2	80	0.0250000
NODE_4206_length_1166_cov_313.815370	497	577	546	4	80	0.0500000
NODE_4206_length_1166_cov_313.815370	497	577	547	2	80	0.0250000
NODE_4206_length_1166_cov_313.815370	497	577	549	2	80	0.0250000
NODE_4206_length_1166_cov_313.815370	497	577	550	3	80	0.0375000
NODE_4206_length_1166_cov_313.815370	497	577	553	2	80	0.0250000
NODE_4206_length_1166_cov_313.815370	497	577	377	1	80	0.0125000
NODE_4206_length_1166_cov_313.815370	497	577	379	2	80	0.0250000
NODE_4206_length_1166_cov_313.815370	497	577	398	1	80	0.0125000
NODE_4206_length_1166_cov_313.815370	497	577	409	1	80	0.0125000
NODE_4206_length_1166_cov_313.815370	497	577	419	1	80	0.0125000
NODE_4206_length_1166_cov_313.815370	497	577	446	1	80	0.0125000
NODE_4206_length_1166_cov_313.815370	497	577	452	1	80	0.0125000
NODE_4206_length_1166_cov_313.815370	497	577	459	1	80	0.0125000
NODE_4206_length_1166_cov_313.815370	497	577	462	1	80	0.0125000
NODE_4206_length_1166_cov_313.815370	497	577	472	2	80	0.0250000
NODE_4206_length_1166_cov_313.815370	497	577	473	4	80	0.0500000
NODE_4206_length_1166_cov_313.815370	497	577	476	1	80	0.0125000
NODE_4206_length_1166_cov_313.815370	497	577	477	1	80	0.0125000
NODE_4206_length_1166_cov_313.815370	497	577	482	1	80	0.0125000
NODE_4206_length_1166_cov_313.815370	497	577	485	1	80	0.0125000
NODE_4206_length_1166_cov_313.815370	497	577	487	4	80	0.0500000
NODE_4206_length_1166_cov_313.815370	497	577	488	8	80	0.1000000
NODE_4206_length_1166_cov_313.815370	497	577	491	1	80	0.0125000
NODE_4206_length_1166_cov_313.815370	497	577	493	1	80	0.0125000
NODE_4206_length_1166_cov_313.815370	497	577	502	3	80	0.0375000
NODE_4206_length_1166_cov_313.815370	497	577	504	1	80	0.0125000
NODE_4206_length_1166_cov_313.815370	497	577	508	1	80	0.0125000
NODE_4206_length_1166_cov_313.815370	497	577	512	1	80	0.0125000
NODE_4206_length_1166_cov_313.815370	497	577	515	1	80	0.0125000
NODE_4206_length_1166_cov_313.815370	497	577	517	1	80	0.0125000
NODE_4206_length_1166_cov_313.815370	497	577	518	1	80	0.0125000
NODE_4206_length_1166_cov_313.815370	497	577	519	1	80	0.0125000
NODE_4206_length_1166_cov_313.815370	497	577	521	1	80	0.0125000
NODE_4206_length_1166_cov_313.815370	497	577	522	1	80	0.0125000
NODE_4206_length_1166_cov_313.815370	497	577	523	2	80	0.0250000
NODE_4206_length_1166_cov_313.815370	497	577	524	1	80	0.0125000
NODE_4206_length_1166_cov_313.815370	497	577	527	1	80	0.0125000
NODE_4206_length_1166_cov_313.815370	497	577	533	1	80	0.0125000
NODE_4206_length_1166_cov_313.815370	497	577	534	4	80	0.0500000
NODE_4206_length_1166_cov_313.815370	497	577	535	1	80	0.0125000
NODE_4206_length_1166_cov_313.815370	497	577	537	4	80	0.0500000
NODE_4206_length_1166_cov_313.815370	497	577	541	1	80	0.0125000
NODE_4206_length_1166_cov_313.815370	497	577	542	4	80	0.0500000
NODE_4206_length_1166_cov_313.815370	497	577	543	2	80	0.0250000
NODE_4206_length_1166_cov_313.815370	497	577	546	4	80	0.0500000
NODE_4206_length_1166_cov_313.815370	497	577	547	2	80	0.0250000
NODE_4206_length_1166_cov_313.815370	497	577	549	2	80	0.0250000
NODE_4206_length_1166_cov_313.815370	497	577	550	3	80	0.0375000
NODE_4206_length_1166_cov_313.815370	497	577	553	2	80	0.0250000
NODE_4206_length_1166_cov_313.815370	497	577	377	1	80	0.0125000
NODE_4206_length_1166_cov_313.815370	497	577	379	2	80	0.0250000
NODE_4206_length_1166_cov_313.815370	497	577	398	1	80	0.0125000
NODE_4206_length_1166_cov_313.815370	497	577	409	1	80	0.0125000
NODE_4206_length_1166_cov_313.815370	497	577	419	1	80	0.0125000
NODE_4206_length_1166_cov_313.815370	497	577	446	1	80	0.0125000
NODE_4206_length_1166_cov_313.815370	497	577	452	1	80	0.0125000
NODE_4206_length_1166_cov_313.815370	497	577	459	1	80	0.0125000
NODE_4206_length_1166_cov_313.815370	497	577	462	1	80	0.0125000
NODE_4206_length_1166_cov_313.815370	497	577	472	2	80	0.0250000
NODE_4206_length_1166_cov_313.815370	497	577	473	4	80	0.0500000
NODE_4206_length_1166_cov_313.815370	497	577	476	1	80	0.0125000
NODE_4206_length_1166_cov_313.815370	497	577	477	1	80	0.0125000
NODE_4206_length_1166_cov_313.815370	497	577	482	1	80	0.0125000
NODE_4206_length_1166_cov_313.815370	497	577	485	1	80	0.0125000
NODE_4206_length_1166_cov_313.815370	497	577	487	4	80	0.0500000
NODE_4206_length_1166_cov_313.815370	497	577	488	8	80	0.1000000
NODE_4206_length_1166_cov_313.815370	497	577	491	1	80	0.0125000
NODE_4206_length_1166_cov_313.815370	497	577	493	1	80	0.0125000
NODE_4206_length_1166_cov_313.815370	497	577	502	3	80	0.0375000
NODE_4206_length_1166_cov_313.815370	497	577	504	1	80	0.0125000
NODE_4206_length_1166_cov_313.815370	497	577	508	1	80	0.0125000
NODE_4206_length_1166_cov_313.815370	497	577	512	1	80	0.0125000
NODE_4206_length_1166_cov_313.815370	497	577	515	1	80	0.0125000
NODE_4206_length_1166_cov_313.815370	497	577	517	1	80	0.0125000
NODE_4206_length_1166_cov_313.815370	497	577	518	1	80	0.0125000
NODE_4206_length_1166_cov_313.815370	497	577	519	1	80	0.0125000
NODE_4206_length_1166_cov_313.815370	497	577	521	1	80	0.0125000
NODE_4206_length_1166_cov_313.815370	497	577	522	1	80	0.0125000
NODE_4206_length_1166_cov_313.815370	497	577	523	2	80	0.0250000
NODE_4206_length_1166_cov_313.815370	497	577	524	1	80	0.0125000
NODE_4206_length_1166_cov_313.815370	497	577	527	1	80	0.0125000
NODE_4206_length_1166_cov_313.815370	497	577	533	1	80	0.0125000
NODE_4206_length_1166_cov_313.815370	497	577	534	4	80	0.0500000
NODE_4206_length_1166_cov_313.815370	497	577	535	1	80	0.0125000
NODE_4206_length_1166_cov_313.815370	497	577	537	4	80	0.0500000
NODE_4206_length_1166_cov_313.815370	497	577	541	1	80	0.0125000
NODE_4206_length_1166_cov_313.815370	497	577	542	4	80	0.0500000
NODE_4206_length_1166_cov_313.815370	497	577	543	2	80	0.0250000
NODE_4206_length_1166_cov_313.815370	497	577	546	4	80	0.0500000
NODE_4206_length_1166_cov_313.815370	497	577	547	2	80	0.0250000
NODE_4206_length_1166_cov_313.815370	497	577	549	2	80	0.0250000
NODE_4206_length_1166_cov_313.815370	497	577	550	3	80	0.0375000
NODE_4206_length_1166_cov_313.815370	497	577	553	2	80	0.0250000
NODE_4206_length_1166_cov_313.815370	497	577	377	1	80	0.0125000
NODE_4206_length_1166_cov_313.815370	497	577	379	2	80	0.0250000
NODE_4206_length_1166_cov_313.815370	497	577	398	1	80	0.0125000
NODE_4206_length_1166_cov_313.815370	497	577	409	1	80	0.0125000
NODE_4206_length_1166_cov_313.815370	497	577	419	1	80	0.0125000
NODE_4206_length_1166_cov_313.815370	497	577	446	1	80	0.0125000
NODE_4206_length_1166_cov_313.815370	497	577	452	1	80	0.0125000
NODE_4206_length_1166_cov_313.815370	497	577	459	1	80	0.0125000
NODE_4206_length_1166_cov_313.815370	497	577	462	1	80	0.0125000
NODE_4206_length_1166_cov_313.815370	497	577	472	2	80	0.0250000
NODE_4206_length_1166_cov_313.815370	497	577	473	4	80	0.0500000
NODE_4206_length_1166_cov_313.815370	497	577	476	1	80	0.0125000
NODE_4206_length_1166_cov_313.815370	497	577	477	1	80	0.0125000
NODE_4206_length_1166_cov_313.815370	497	577	482	1	80	0.0125000
NODE_4206_length_1166_cov_313.815370	497	577	485	1	80	0.0125000
NODE_4206_length_1166_cov_313.815370	497	577	487	4	80	0.0500000
NODE_4206_length_1166_cov_313.815370	497	577	488	8	80	0.1000000
NODE_4206_length_1166_cov_313.815370	497	577	491	1	80	0.0125000
NODE_4206_length_1166_cov_313.815370	497	577	493	1	80	0.0125000
NODE_4206_length_1166_cov_313.815370	497	577	502	3	80	0.0375000
NODE_4206_length_1166_cov_313.815370	497	577	504	1	80	0.0125000
NODE_4206_length_1166_cov_313.815370	497	577	508	1	80	0.0125000
NODE_4206_length_1166_cov_313.815370	497	577	512	1	80	0.0125000
NODE_4206_length_1166_cov_313.815370	497	577	515	1	80	0.0125000
NODE_4206_length_1166_cov_313.815370	497	577	517	1	80	0.0125000
NODE_4206_length_1166_cov_313.815370	497	577	518	1	80	0.0125000
NODE_4206_length_1166_cov_313.815370	497	577	519	1	80	0.0125000
NODE_4206_length_1166_cov_313.815370	497	577	521	1	80	0.0125000
NODE_4206_length_1166_cov_313.815370	497	577	522	1	80	0.0125000
NODE_4206_length_1166_cov_313.815370	497	577	523	2	80	0.0250000
NODE_4206_length_1166_cov_313.815370	497	577	524	1	80	0.0125000
NODE_4206_length_1166_cov_313.815370	497	577	527	1	80	0.0125000
NODE_4206_length_1166_cov_313.815370	497	577	533	1	80	0.0125000
NODE_4206_length_1166_cov_313.815370	497	577	534	4	80	0.0500000
NODE_4206_length_1166_cov_313.815370	497	577	535	1	80	0.0125000
NODE_4206_length_1166_cov_313.815370	497	577	537	4	80	0.0500000
NODE_4206_length_1166_cov_313.815370	497	577	541	1	80	0.0125000
NODE_4206_length_1166_cov_313.815370	497	577	542	4	80	0.0500000
NODE_4206_length_1166_cov_313.815370	497	577	543	2	80	0.0250000
NODE_4206_length_1166_cov_313.815370	497	577	546	4	80	0.0500000
NODE_4206_length_1166_cov_313.815370	497	577	547	2	80	0.0250000
NODE_4206_length_1166_cov_313.815370	497	577	549	2	80	0.0250000
NODE_4206_length_1166_cov_313.815370	497	577	550	3	80	0.0375000
NODE_4206_length_1166_cov_313.815370	497	577	553	2	80	0.0250000
NODE_4206_length_1166_cov_313.815370	497	568	377	1	71	0.0140845
NODE_4206_length_1166_cov_313.815370	497	568	379	2	71	0.0281690
NODE_4206_length_1166_cov_313.815370	497	568	398	1	71	0.0140845
NODE_4206_length_1166_cov_313.815370	497	568	409	1	71	0.0140845
NODE_4206_length_1166_cov_313.815370	497	568	419	1	71	0.0140845
NODE_4206_length_1166_cov_313.815370	497	568	446	1	71	0.0140845
NODE_4206_length_1166_cov_313.815370	497	568	452	1	71	0.0140845
NODE_4206_length_1166_cov_313.815370	497	568	459	1	71	0.0140845
NODE_4206_length_1166_cov_313.815370	497	568	462	1	71	0.0140845
NODE_4206_length_1166_cov_313.815370	497	568	472	2	71	0.0281690
NODE_4206_length_1166_cov_313.815370	497	568	477	1	71	0.0140845
NODE_4206_length_1166_cov_313.815370	497	568	487	2	71	0.0281690
NODE_4206_length_1166_cov_313.815370	497	568	488	8	71	0.1126761
NODE_4206_length_1166_cov_313.815370	497	568	491	1	71	0.0140845
NODE_4206_length_1166_cov_313.815370	497	568	493	1	71	0.0140845
NODE_4206_length_1166_cov_313.815370	497	568	502	3	71	0.0422535
NODE_4206_length_1166_cov_313.815370	497	568	504	1	71	0.0140845
NODE_4206_length_1166_cov_313.815370	497	568	508	1	71	0.0140845
NODE_4206_length_1166_cov_313.815370	497	568	512	1	71	0.0140845
NODE_4206_length_1166_cov_313.815370	497	568	515	1	71	0.0140845
NODE_4206_length_1166_cov_313.815370	497	568	517	1	71	0.0140845
NODE_4206_length_1166_cov_313.815370	497	568	518	1	71	0.0140845
NODE_4206_length_1166_cov_313.815370	497	568	519	1	71	0.0140845
NODE_4206_length_1166_cov_313.815370	497	568	521	1	71	0.0140845
NODE_4206_length_1166_cov_313.815370	497	568	522	1	71	0.0140845
NODE_4206_length_1166_cov_313.815370	497	568	523	2	71	0.0281690
NODE_4206_length_1166_cov_313.815370	497	568	524	1	71	0.0140845
NODE_4206_length_1166_cov_313.815370	497	568	527	1	71	0.0140845
NODE_4206_length_1166_cov_313.815370	497	568	533	1	71	0.0140845
NODE_4206_length_1166_cov_313.815370	497	568	534	4	71	0.0563380
NODE_4206_length_1166_cov_313.815370	497	568	535	1	71	0.0140845
NODE_4206_length_1166_cov_313.815370	497	568	537	4	71	0.0563380
NODE_4206_length_1166_cov_313.815370	497	568	541	1	71	0.0140845
NODE_4206_length_1166_cov_313.815370	497	568	542	4	71	0.0563380
NODE_4206_length_1166_cov_313.815370	497	568	543	2	71	0.0281690
NODE_4206_length_1166_cov_313.815370	497	568	546	4	71	0.0563380
NODE_4206_length_1166_cov_313.815370	497	568	547	2	71	0.0281690
NODE_4206_length_1166_cov_313.815370	497	568	549	2	71	0.0281690
NODE_4206_length_1166_cov_313.815370	497	568	550	3	71	0.0422535
NODE_4206_length_1166_cov_313.815370	497	568	553	2	71	0.0281690
NODE_4206_length_1166_cov_313.815370	500	570	398	1	70	0.0142857
NODE_4206_length_1166_cov_313.815370	500	570	409	1	70	0.0142857
NODE_4206_length_1166_cov_313.815370	500	570	419	1	70	0.0142857
NODE_4206_length_1166_cov_313.815370	500	570	446	1	70	0.0142857
NODE_4206_length_1166_cov_313.815370	500	570	452	1	70	0.0142857
NODE_4206_length_1166_cov_313.815370	500	570	459	1	70	0.0142857
NODE_4206_length_1166_cov_313.815370	500	570	462	1	70	0.0142857
NODE_4206_length_1166_cov_313.815370	500	570	472	2	70	0.0285714
NODE_4206_length_1166_cov_313.815370	500	570	477	1	70	0.0142857
NODE_4206_length_1166_cov_313.815370	500	570	487	4	70	0.0571429
NODE_4206_length_1166_cov_313.815370	500	570	488	8	70	0.1142857
NODE_4206_length_1166_cov_313.815370	500	570	491	1	70	0.0142857
NODE_4206_length_1166_cov_313.815370	500	570	493	1	70	0.0142857
NODE_4206_length_1166_cov_313.815370	500	570	502	3	70	0.0428571
NODE_4206_length_1166_cov_313.815370	500	570	504	1	70	0.0142857
NODE_4206_length_1166_cov_313.815370	500	570	508	1	70	0.0142857
NODE_4206_length_1166_cov_313.815370	500	570	512	1	70	0.0142857
NODE_4206_length_1166_cov_313.815370	500	570	515	1	70	0.0142857
NODE_4206_length_1166_cov_313.815370	500	570	517	1	70	0.0142857
NODE_4206_length_1166_cov_313.815370	500	570	518	1	70	0.0142857
NODE_4206_length_1166_cov_313.815370	500	570	519	1	70	0.0142857
NODE_4206_length_1166_cov_313.815370	500	570	521	1	70	0.0142857
NODE_4206_length_1166_cov_313.815370	500	570	522	1	70	0.0142857
NODE_4206_length_1166_cov_313.815370	500	570	523	2	70	0.0285714
NODE_4206_length_1166_cov_313.815370	500	570	524	1	70	0.0142857
NODE_4206_length_1166_cov_313.815370	500	570	527	1	70	0.0142857
NODE_4206_length_1166_cov_313.815370	500	570	533	1	70	0.0142857
NODE_4206_length_1166_cov_313.815370	500	570	534	4	70	0.0571429
NODE_4206_length_1166_cov_313.815370	500	570	535	1	70	0.0142857
NODE_4206_length_1166_cov_313.815370	500	570	537	4	70	0.0571429
NODE_4206_length_1166_cov_313.815370	500	570	541	1	70	0.0142857
NODE_4206_length_1166_cov_313.815370	500	570	542	4	70	0.0571429
NODE_4206_length_1166_cov_313.815370	500	570	543	2	70	0.0285714
NODE_4206_length_1166_cov_313.815370	500	570	546	4	70	0.0571429
NODE_4206_length_1166_cov_313.815370	500	570	547	2	70	0.0285714
NODE_4206_length_1166_cov_313.815370	500	570	549	2	70	0.0285714
NODE_4206_length_1166_cov_313.815370	500	570	550	3	70	0.0428571
NODE_4206_length_1166_cov_313.815370	500	570	553	2	70	0.0285714
NODE_4206_length_1166_cov_313.815370	997	1077	17	1	80	0.0125000
NODE_4206_length_1166_cov_313.815370	997	1077	19	9	80	0.1125000
NODE_4206_length_1166_cov_313.815370	997	1077	34	1	80	0.0125000
NODE_4206_length_1166_cov_313.815370	997	1077	37	10	80	0.1250000
NODE_4206_length_1166_cov_313.815370	997	1077	39	4	80	0.0500000
NODE_4206_length_1166_cov_313.815370	997	1077	40	6	80	0.0750000
NODE_4206_length_1166_cov_313.815370	997	1077	46	4	80	0.0500000
NODE_4206_length_1166_cov_313.815370	997	1077	47	11	80	0.1375000
NODE_4206_length_1166_cov_313.815370	997	1077	48	16	80	0.2000000
NODE_4206_length_1166_cov_313.815370	997	1077	49	3	80	0.0375000
NODE_4206_length_1166_cov_313.815370	997	1077	53	15	80	0.1875000
NODE_4206_length_1166_cov_313.815370	1050	1130	28	32	80	0.4000000
NODE_4206_length_1166_cov_313.815370	1050	1130	29	7	80	0.0875000
NODE_4206_length_1166_cov_313.815370	1050	1130	30	3	80	0.0375000
NODE_4206_length_1166_cov_313.815370	1050	1130	31	1	80	0.0125000
NODE_4206_length_1166_cov_313.815370	1050	1130	36	2	80	0.0250000
NODE_4206_length_1166_cov_313.815370	1050	1130	37	18	80	0.2250000
NODE_4206_length_1166_cov_313.815370	1050	1130	39	4	80	0.0500000
NODE_4206_length_1166_cov_313.815370	1050	1130	40	6	80	0.0750000
NODE_4206_length_1166_cov_313.815370	1050	1130	47	1	80	0.0125000
NODE_4206_length_1166_cov_313.815370	1050	1130	48	6	80	0.0750000
NODE_4206_length_1166_cov_313.815370	1050	1130	28	32	80	0.4000000
NODE_4206_length_1166_cov_313.815370	1050	1130	29	7	80	0.0875000
NODE_4206_length_1166_cov_313.815370	1050	1130	30	3	80	0.0375000
NODE_4206_length_1166_cov_313.815370	1050	1130	31	1	80	0.0125000
NODE_4206_length_1166_cov_313.815370	1050	1130	36	2	80	0.0250000
NODE_4206_length_1166_cov_313.815370	1050	1130	37	18	80	0.2250000
NODE_4206_length_1166_cov_313.815370	1050	1130	39	4	80	0.0500000
NODE_4206_length_1166_cov_313.815370	1050	1130	40	6	80	0.0750000
NODE_4206_length_1166_cov_313.815370	1050	1130	47	1	80	0.0125000
NODE_4206_length_1166_cov_313.815370	1050	1130	48	6	80	0.0750000
NODE_4206_length_1166_cov_313.815370	1050	1121	28	23	71	0.3239437
NODE_4206_length_1166_cov_313.815370	1050	1121	29	7	71	0.0985916
NODE_4206_length_1166_cov_313.815370	1050	1121	30	3	71	0.0422535
NODE_4206_length_1166_cov_313.815370	1050	1121	31	1	71	0.0140845
NODE_4206_length_1166_cov_313.815370	1050	1121	36	2	71	0.0281690
NODE_4206_length_1166_cov_313.815370	1050	1121	37	18	71	0.2535211
NODE_4206_length_1166_cov_313.815370	1050	1121	39	4	71	0.0563380
NODE_4206_length_1166_cov_313.815370	1050	1121	40	6	71	0.0845070
NODE_4206_length_1166_cov_313.815370	1050	1121	47	1	71	0.0140845
NODE_4206_length_1166_cov_313.815370	1050	1121	48	6	71	0.0845070
NODE_4207_length_1166_cov_25.107779	561	641	0	67	80	0.8375000
NODE_4207_length_1166_cov_25.107779	561	641	2	13	80	0.1625000
NODE_4207_length_1166_cov_25.107779	614	694	0	14	80	0.1750000
NODE_4207_length_1166_cov_25.107779	614	694	2	66	80	0.8250000
NODE_4209_length_1166_cov_18.820056	325	405	2	2	80	0.0250000
NODE_4209_length_1166_cov_18.820056	325	405	4	1	80	0.0125000
NODE_4209_length_1166_cov_18.820056	325	405	7	1	80	0.0125000
NODE_4209_length_1166_cov_18.820056	325	405	8	76	80	0.9500000
NODE_4209_length_1166_cov_18.820056	378	458	2	2	80	0.0250000
NODE_4209_length_1166_cov_18.820056	378	458	4	54	80	0.6750000
NODE_4209_length_1166_cov_18.820056	378	458	7	1	80	0.0125000
NODE_4209_length_1166_cov_18.820056	378	458	8	23	80	0.2875000
NODE_4210_length_1166_cov_18.404873	676	756	0	15	80	0.1875000
NODE_4210_length_1166_cov_18.404873	676	756	2	65	80	0.8125000
NODE_4210_length_1166_cov_18.404873	729	809	0	54	80	0.6750000
NODE_4210_length_1166_cov_18.404873	729	809	2	26	80	0.3250000
NODE_4214_length_1166_cov_1.893158	0	71	0	71	71	1.0000000
NODE_4214_length_1166_cov_1.893158	44	99	0	55	55	1.0000000
NODE_4218_length_1165_cov_29.402439	497	577	4	55	80	0.6875000
NODE_4218_length_1165_cov_29.402439	497	577	5	13	80	0.1625000
NODE_4218_length_1165_cov_29.402439	497	577	6	12	80	0.1500000
NODE_4218_length_1165_cov_29.402439	550	630	0	23	80	0.2875000
NODE_4218_length_1165_cov_29.402439	550	630	4	2	80	0.0250000
NODE_4218_length_1165_cov_29.402439	550	630	5	13	80	0.1625000
NODE_4218_length_1165_cov_29.402439	550	630	6	42	80	0.5250000
NODE_4218_length_1165_cov_29.402439	626	706	0	80	80	1.0000000
NODE_4218_length_1165_cov_29.402439	679	759	0	80	80	1.0000000
NODE_4219_length_1165_cov_28.366792	663	743	2	6	80	0.0750000
NODE_4219_length_1165_cov_28.366792	663	743	4	9	80	0.1125000
NODE_4219_length_1165_cov_28.366792	663	743	6	41	80	0.5125000
NODE_4219_length_1165_cov_28.366792	663	743	8	24	80	0.3000000
NODE_4219_length_1165_cov_28.366792	716	796	0	20	80	0.2500000
NODE_4219_length_1165_cov_28.366792	716	796	2	8	80	0.1000000
NODE_4219_length_1165_cov_28.366792	716	796	6	52	80	0.6500000
NODE_4220_length_1165_cov_23.841463	631	711	0	19	80	0.2375000
NODE_4220_length_1165_cov_23.841463	631	711	7	8	80	0.1000000
NODE_4220_length_1165_cov_23.841463	631	711	10	53	80	0.6625000
NODE_4220_length_1165_cov_23.841463	684	765	9	26	81	0.3209876
NODE_4220_length_1165_cov_23.841463	684	765	10	55	81	0.6790124
NODE_4220_length_1165_cov_23.841463	761	841	2	32	80	0.4000000
NODE_4220_length_1165_cov_23.841463	761	841	4	2	80	0.0250000
NODE_4220_length_1165_cov_23.841463	761	841	5	6	80	0.0750000
NODE_4220_length_1165_cov_23.841463	761	841	7	14	80	0.1750000
NODE_4220_length_1165_cov_23.841463	761	841	9	20	80	0.2500000
NODE_4220_length_1165_cov_23.841463	761	841	11	6	80	0.0750000
NODE_4220_length_1165_cov_23.841463	814	894	0	45	80	0.5625000
NODE_4220_length_1165_cov_23.841463	814	894	2	35	80	0.4375000
NODE_4221_length_1165_cov_21.883677	482	562	2	37	80	0.4625000
NODE_4221_length_1165_cov_21.883677	482	562	3	32	80	0.4000000
NODE_4221_length_1165_cov_21.883677	482	562	4	11	80	0.1375000
NODE_4221_length_1165_cov_21.883677	535	615	0	33	80	0.4125000
NODE_4221_length_1165_cov_21.883677	535	615	2	47	80	0.5875000
NODE_4222_length_1165_cov_14.591932	295	375	2	80	80	1.0000000
NODE_4222_length_1165_cov_14.591932	348	428	0	33	80	0.4125000
NODE_4222_length_1165_cov_14.591932	348	428	1	1	80	0.0125000
NODE_4222_length_1165_cov_14.591932	348	428	2	46	80	0.5750000
NODE_4223_length_1165_cov_13.683865	502	582	2	75	80	0.9375000
NODE_4223_length_1165_cov_13.683865	502	582	3	1	80	0.0125000
NODE_4223_length_1165_cov_13.683865	502	582	4	4	80	0.0500000
NODE_4223_length_1165_cov_13.683865	555	635	0	27	80	0.3375000
NODE_4223_length_1165_cov_13.683865	555	635	2	53	80	0.6625000
NODE_4224_length_1165_cov_7.915572	383	463	2	24	80	0.3000000
NODE_4224_length_1165_cov_7.915572	383	463	3	42	80	0.5250000
NODE_4224_length_1165_cov_7.915572	383	463	4	14	80	0.1750000
NODE_4224_length_1165_cov_7.915572	436	516	1	52	80	0.6500000
NODE_4224_length_1165_cov_7.915572	436	516	3	28	80	0.3500000
NODE_4225_length_1165_cov_7.466229	552	632	0	27	80	0.3375000
NODE_4225_length_1165_cov_7.466229	552	632	2	53	80	0.6625000
NODE_4225_length_1165_cov_7.466229	605	685	0	80	80	1.0000000
NODE_4226_length_1165_cov_5.617261	676	756	0	80	80	1.0000000
NODE_4226_length_1165_cov_5.617261	729	809	0	80	80	1.0000000
NODE_4227_length_1165_cov_3.658537	554	602	0	48	48	1.0000000
NODE_4233_length_1164_cov_55.273239	459	539	0	33	80	0.4125000
NODE_4233_length_1164_cov_55.273239	459	539	2	38	80	0.4750000
NODE_4233_length_1164_cov_55.273239	459	539	4	1	80	0.0125000
NODE_4233_length_1164_cov_55.273239	459	539	6	8	80	0.1000000
NODE_4233_length_1164_cov_55.273239	512	592	2	18	80	0.2250000
NODE_4233_length_1164_cov_55.273239	512	592	4	28	80	0.3500000
NODE_4233_length_1164_cov_55.273239	512	592	6	34	80	0.4250000
NODE_4234_length_1164_cov_44.183099	571	651	2	12	80	0.1500000
NODE_4234_length_1164_cov_44.183099	571	651	4	9	80	0.1125000
NODE_4234_length_1164_cov_44.183099	571	651	6	15	80	0.1875000
NODE_4234_length_1164_cov_44.183099	571	651	8	44	80	0.5500000
NODE_4234_length_1164_cov_44.183099	624	704	0	39	80	0.4875000
NODE_4234_length_1164_cov_44.183099	624	704	2	26	80	0.3250000
NODE_4234_length_1164_cov_44.183099	624	704	4	9	80	0.1125000
NODE_4234_length_1164_cov_44.183099	624	704	6	6	80	0.0750000
NODE_4234_length_1164_cov_44.183099	700	780	0	16	80	0.2000000
NODE_4234_length_1164_cov_44.183099	700	780	2	64	80	0.8000000
NODE_4234_length_1164_cov_44.183099	753	833	2	80	80	1.0000000
NODE_4235_length_1164_cov_14.277934	1029	1109	4	29	80	0.3625000
NODE_4235_length_1164_cov_14.277934	1029	1109	6	51	80	0.6375000
NODE_4235_length_1164_cov_14.277934	1097	1162	0	51	65	0.7846154
NODE_4235_length_1164_cov_14.277934	1097	1162	4	14	65	0.2153846
NODE_4236_length_1164_cov_12.880751	415	495	0	43	80	0.5375000
NODE_4236_length_1164_cov_12.880751	415	495	3	5	80	0.0625000
NODE_4236_length_1164_cov_12.880751	415	495	6	27	80	0.3375000
NODE_4236_length_1164_cov_12.880751	415	495	7	2	80	0.0250000
NODE_4236_length_1164_cov_12.880751	415	495	8	3	80	0.0375000
NODE_4236_length_1164_cov_12.880751	468	548	6	22	80	0.2750000
NODE_4236_length_1164_cov_12.880751	468	548	7	2	80	0.0250000
NODE_4236_length_1164_cov_12.880751	468	548	8	56	80	0.7000000
NODE_4237_length_1164_cov_6.924883	415	495	0	29	80	0.3625000
NODE_4237_length_1164_cov_6.924883	415	495	2	51	80	0.6375000
NODE_4237_length_1164_cov_6.924883	468	548	2	80	80	1.0000000
NODE_4245_length_1163_cov_36.315789	458	538	0	22	80	0.2750000
NODE_4245_length_1163_cov_36.315789	458	538	2	58	80	0.7250000
NODE_4245_length_1163_cov_36.315789	511	591	0	47	80	0.5875000
NODE_4245_length_1163_cov_36.315789	511	591	2	33	80	0.4125000
NODE_4245_length_1163_cov_36.315789	587	667	0	38	80	0.4750000
NODE_4245_length_1163_cov_36.315789	587	667	2	42	80	0.5250000
NODE_4245_length_1163_cov_36.315789	640	720	0	80	80	1.0000000
NODE_4246_length_1163_cov_29.466165	542	622	0	80	80	1.0000000
NODE_4246_length_1163_cov_29.466165	595	675	0	80	80	1.0000000
NODE_4246_length_1163_cov_29.466165	671	751	0	64	80	0.8000000
NODE_4246_length_1163_cov_29.466165	671	751	4	16	80	0.2000000
NODE_4246_length_1163_cov_29.466165	724	804	0	11	80	0.1375000
NODE_4246_length_1163_cov_29.466165	724	804	4	69	80	0.8625000
NODE_4247_length_1163_cov_15.107143	668	748	0	56	80	0.7000000
NODE_4247_length_1163_cov_15.107143	668	748	2	24	80	0.3000000
NODE_4247_length_1163_cov_15.107143	721	801	0	34	80	0.4250000
NODE_4247_length_1163_cov_15.107143	721	801	2	46	80	0.5750000
NODE_4248_length_1163_cov_14.347744	540	620	0	80	80	1.0000000
NODE_4248_length_1163_cov_14.347744	593	673	0	80	80	1.0000000
NODE_4249_length_1163_cov_11.650376	354	434	0	80	80	1.0000000
NODE_4249_length_1163_cov_11.650376	407	487	0	80	80	1.0000000
NODE_4249_length_1163_cov_11.650376	738	818	0	80	80	1.0000000
NODE_4249_length_1163_cov_11.650376	791	871	0	80	80	1.0000000
NODE_4253_length_1162_cov_30.049859	359	439	2	57	80	0.7125000
NODE_4253_length_1162_cov_30.049859	359	439	4	4	80	0.0500000
NODE_4253_length_1162_cov_30.049859	359	439	6	19	80	0.2375000
NODE_4253_length_1162_cov_30.049859	412	492	2	4	80	0.0500000
NODE_4253_length_1162_cov_30.049859	412	492	4	57	80	0.7125000
NODE_4253_length_1162_cov_30.049859	412	492	6	19	80	0.2375000
NODE_4254_length_1162_cov_25.960489	440	520	0	80	80	1.0000000
NODE_4254_length_1162_cov_25.960489	493	573	0	80	80	1.0000000
NODE_4254_length_1162_cov_25.960489	569	649	0	80	80	1.0000000
NODE_4254_length_1162_cov_25.960489	622	702	0	80	80	1.0000000
NODE_4255_length_1162_cov_24.843838	523	603	0	35	80	0.4375000
NODE_4255_length_1162_cov_24.843838	523	603	4	5	80	0.0625000
NODE_4255_length_1162_cov_24.843838	523	603	6	40	80	0.5000000
NODE_4255_length_1162_cov_24.843838	576	656	0	4	80	0.0500000
NODE_4255_length_1162_cov_24.843838	576	656	2	22	80	0.2750000
NODE_4255_length_1162_cov_24.843838	576	656	6	54	80	0.6750000
NODE_4255_length_1162_cov_24.843838	652	732	0	80	80	1.0000000
NODE_4255_length_1162_cov_24.843838	705	785	0	80	80	1.0000000
NODE_4257_length_1162_cov_17.131703	302	382	2	2	80	0.0250000
NODE_4257_length_1162_cov_17.131703	302	382	6	8	80	0.1000000
NODE_4257_length_1162_cov_17.131703	302	382	11	13	80	0.1625000
NODE_4257_length_1162_cov_17.131703	302	382	12	21	80	0.2625000
NODE_4257_length_1162_cov_17.131703	302	382	14	36	80	0.4500000
NODE_4257_length_1162_cov_17.131703	355	435	6	2	80	0.0250000
NODE_4257_length_1162_cov_17.131703	355	435	7	37	80	0.4625000
NODE_4257_length_1162_cov_17.131703	355	435	11	27	80	0.3375000
NODE_4257_length_1162_cov_17.131703	355	435	12	5	80	0.0625000
NODE_4257_length_1162_cov_17.131703	355	435	14	9	80	0.1125000
NODE_4257_length_1162_cov_17.131703	431	511	4	48	80	0.6000000
NODE_4257_length_1162_cov_17.131703	431	511	6	30	80	0.3750000
NODE_4257_length_1162_cov_17.131703	431	511	11	2	80	0.0250000
NODE_4257_length_1162_cov_17.131703	484	564	0	33	80	0.4125000
NODE_4257_length_1162_cov_17.131703	484	564	4	47	80	0.5875000
NODE_4258_length_1162_cov_14.766698	630	710	2	28	80	0.3500000
NODE_4258_length_1162_cov_14.766698	630	710	4	52	80	0.6500000
NODE_4258_length_1162_cov_14.766698	683	763	2	7	80	0.0875000
NODE_4258_length_1162_cov_14.766698	683	763	4	73	80	0.9125000
NODE_4259_length_1162_cov_13.968015	423	503	4	8	80	0.1000000
NODE_4259_length_1162_cov_13.968015	423	503	8	72	80	0.9000000
NODE_4259_length_1162_cov_13.968015	476	556	0	27	80	0.3375000
NODE_4259_length_1162_cov_13.968015	476	556	4	8	80	0.1000000
NODE_4259_length_1162_cov_13.968015	476	556	8	45	80	0.5625000
NODE_4264_length_1162_cov_1.977422	855	926	0	71	71	1.0000000
NODE_4264_length_1162_cov_1.977422	908	977	0	69	69	1.0000000
NODE_4264_length_1162_cov_1.977422	908	977	0	69	69	1.0000000
NODE_4266_length_1161_cov_33.312618	456	536	3	50	80	0.6250000
NODE_4266_length_1161_cov_33.312618	456	536	4	18	80	0.2250000
NODE_4266_length_1161_cov_33.312618	456	536	5	2	80	0.0250000
NODE_4266_length_1161_cov_33.312618	456	536	6	10	80	0.1250000
NODE_4266_length_1161_cov_33.312618	509	587	4	40	78	0.5128205
NODE_4266_length_1161_cov_33.312618	509	587	5	28	78	0.3589744
NODE_4266_length_1161_cov_33.312618	509	587	6	10	78	0.1282051
NODE_4267_length_1161_cov_30.466102	594	674	0	30	80	0.3750000
NODE_4267_length_1161_cov_30.466102	594	674	2	19	80	0.2375000
NODE_4267_length_1161_cov_30.466102	594	674	6	2	80	0.0250000
NODE_4267_length_1161_cov_30.466102	594	674	8	29	80	0.3625000
NODE_4267_length_1161_cov_30.466102	647	727	4	24	80	0.3000000
NODE_4267_length_1161_cov_30.466102	647	727	6	3	80	0.0375000
NODE_4267_length_1161_cov_30.466102	647	727	8	53	80	0.6625000
NODE_4268_length_1161_cov_29.628060	426	506	0	23	80	0.2875000
NODE_4268_length_1161_cov_29.628060	426	506	2	28	80	0.3500000
NODE_4268_length_1161_cov_29.628060	426	506	6	29	80	0.3625000
NODE_4268_length_1161_cov_29.628060	479	559	2	13	80	0.1625000
NODE_4268_length_1161_cov_29.628060	479	559	6	67	80	0.8375000
NODE_4268_length_1161_cov_29.628060	603	683	0	80	80	1.0000000
NODE_4268_length_1161_cov_29.628060	656	736	0	80	80	1.0000000
NODE_4269_length_1161_cov_22.923729	492	572	0	80	80	1.0000000
NODE_4269_length_1161_cov_22.923729	545	625	0	80	80	1.0000000
NODE_4269_length_1161_cov_22.923729	621	701	0	80	80	1.0000000
NODE_4269_length_1161_cov_22.923729	674	754	0	80	80	1.0000000
NODE_4270_length_1161_cov_20.184557	480	560	0	49	80	0.6125000
NODE_4270_length_1161_cov_20.184557	480	560	2	31	80	0.3875000
NODE_4270_length_1161_cov_20.184557	533	613	0	16	80	0.2000000
NODE_4270_length_1161_cov_20.184557	533	613	2	64	80	0.8000000
NODE_4271_length_1161_cov_17.437853	375	455	0	80	80	1.0000000
NODE_4271_length_1161_cov_17.437853	428	508	0	80	80	1.0000000
NODE_4272_length_1161_cov_14.062147	375	455	2	40	80	0.5000000
NODE_4272_length_1161_cov_14.062147	375	455	6	40	80	0.5000000
NODE_4272_length_1161_cov_14.062147	428	508	0	13	80	0.1625000
NODE_4272_length_1161_cov_14.062147	428	508	4	30	80	0.3750000
NODE_4272_length_1161_cov_14.062147	428	508	6	37	80	0.4625000
NODE_4273_length_1161_cov_12.304143	381	461	0	21	80	0.2625000
NODE_4273_length_1161_cov_12.304143	381	461	2	59	80	0.7375000
NODE_4273_length_1161_cov_12.304143	434	514	2	65	80	0.8125000
NODE_4273_length_1161_cov_12.304143	434	514	4	15	80	0.1875000
NODE_4274_length_1161_cov_10.297552	598	678	0	30	80	0.3750000
NODE_4274_length_1161_cov_10.297552	598	678	2	50	80	0.6250000
NODE_4274_length_1161_cov_10.297552	651	731	0	80	80	1.0000000
NODE_4283_length_1160_cov_86.515551	613	693	0	37	80	0.4625000
NODE_4283_length_1160_cov_86.515551	613	693	19	42	80	0.5250000
NODE_4283_length_1160_cov_86.515551	613	693	21	1	80	0.0125000
NODE_4283_length_1160_cov_86.515551	666	746	2	6	80	0.0750000
NODE_4283_length_1160_cov_86.515551	666	746	19	26	80	0.3250000
NODE_4283_length_1160_cov_86.515551	666	746	21	8	80	0.1000000
NODE_4283_length_1160_cov_86.515551	666	746	22	40	80	0.5000000
NODE_4284_length_1160_cov_29.272385	526	606	0	45	80	0.5625000
NODE_4284_length_1160_cov_29.272385	526	606	12	1	80	0.0125000
NODE_4284_length_1160_cov_29.272385	526	606	13	2	80	0.0250000
NODE_4284_length_1160_cov_29.272385	526	606	14	32	80	0.4000000
NODE_4284_length_1160_cov_29.272385	579	659	13	37	80	0.4625000
NODE_4284_length_1160_cov_29.272385	579	659	14	43	80	0.5375000
NODE_4285_length_1160_cov_21.391140	767	847	0	29	80	0.3625000
NODE_4285_length_1160_cov_21.391140	767	847	2	51	80	0.6375000
NODE_4296_length_1159_cov_147.794340	911	991	207	1	80	0.0125000
NODE_4296_length_1159_cov_147.794340	911	991	211	1	80	0.0125000
NODE_4296_length_1159_cov_147.794340	911	991	229	1	80	0.0125000
NODE_4296_length_1159_cov_147.794340	911	991	230	1	80	0.0125000
NODE_4296_length_1159_cov_147.794340	911	991	231	1	80	0.0125000
NODE_4296_length_1159_cov_147.794340	911	991	233	1	80	0.0125000
NODE_4296_length_1159_cov_147.794340	911	991	236	1	80	0.0125000
NODE_4296_length_1159_cov_147.794340	911	991	247	1	80	0.0125000
NODE_4296_length_1159_cov_147.794340	911	991	249	1	80	0.0125000
NODE_4296_length_1159_cov_147.794340	911	991	251	1	80	0.0125000
NODE_4296_length_1159_cov_147.794340	911	991	258	1	80	0.0125000
NODE_4296_length_1159_cov_147.794340	911	991	259	1	80	0.0125000
NODE_4296_length_1159_cov_147.794340	911	991	277	1	80	0.0125000
NODE_4296_length_1159_cov_147.794340	911	991	278	2	80	0.0250000
NODE_4296_length_1159_cov_147.794340	911	991	280	1	80	0.0125000
NODE_4296_length_1159_cov_147.794340	911	991	282	1	80	0.0125000
NODE_4296_length_1159_cov_147.794340	911	991	290	1	80	0.0125000
NODE_4296_length_1159_cov_147.794340	911	991	302	1	80	0.0125000
NODE_4296_length_1159_cov_147.794340	911	991	308	1	80	0.0125000
NODE_4296_length_1159_cov_147.794340	911	991	310	1	80	0.0125000
NODE_4296_length_1159_cov_147.794340	911	991	312	2	80	0.0250000
NODE_4296_length_1159_cov_147.794340	911	991	316	1	80	0.0125000
NODE_4296_length_1159_cov_147.794340	911	991	317	1	80	0.0125000
NODE_4296_length_1159_cov_147.794340	911	991	324	1	80	0.0125000
NODE_4296_length_1159_cov_147.794340	911	991	338	1	80	0.0125000
NODE_4296_length_1159_cov_147.794340	911	991	346	1	80	0.0125000
NODE_4296_length_1159_cov_147.794340	911	991	374	1	80	0.0125000
NODE_4296_length_1159_cov_147.794340	911	991	377	1	80	0.0125000
NODE_4296_length_1159_cov_147.794340	911	991	383	1	80	0.0125000
NODE_4296_length_1159_cov_147.794340	911	991	384	1	80	0.0125000
NODE_4296_length_1159_cov_147.794340	911	991	388	1	80	0.0125000
NODE_4296_length_1159_cov_147.794340	911	991	396	2	80	0.0250000
NODE_4296_length_1159_cov_147.794340	911	991	402	1	80	0.0125000
NODE_4296_length_1159_cov_147.794340	911	991	406	2	80	0.0250000
NODE_4296_length_1159_cov_147.794340	911	991	413	1	80	0.0125000
NODE_4296_length_1159_cov_147.794340	911	991	416	1	80	0.0125000
NODE_4296_length_1159_cov_147.794340	911	991	421	2	80	0.0250000
NODE_4296_length_1159_cov_147.794340	911	991	427	1	80	0.0125000
NODE_4296_length_1159_cov_147.794340	911	991	431	1	80	0.0125000
NODE_4296_length_1159_cov_147.794340	911	991	433	1	80	0.0125000
NODE_4296_length_1159_cov_147.794340	911	991	435	5	80	0.0625000
NODE_4296_length_1159_cov_147.794340	911	991	436	1	80	0.0125000
NODE_4296_length_1159_cov_147.794340	911	991	437	2	80	0.0250000
NODE_4296_length_1159_cov_147.794340	911	991	438	1	80	0.0125000
NODE_4296_length_1159_cov_147.794340	911	991	439	1	80	0.0125000
NODE_4296_length_1159_cov_147.794340	911	991	442	2	80	0.0250000
NODE_4296_length_1159_cov_147.794340	911	991	444	1	80	0.0125000
NODE_4296_length_1159_cov_147.794340	911	991	446	1	80	0.0125000
NODE_4296_length_1159_cov_147.794340	911	991	447	2	80	0.0250000
NODE_4296_length_1159_cov_147.794340	911	991	449	4	80	0.0500000
NODE_4296_length_1159_cov_147.794340	911	991	450	1	80	0.0125000
NODE_4296_length_1159_cov_147.794340	911	991	451	1	80	0.0125000
NODE_4296_length_1159_cov_147.794340	911	991	452	1	80	0.0125000
NODE_4296_length_1159_cov_147.794340	911	991	453	3	80	0.0375000
NODE_4296_length_1159_cov_147.794340	911	991	454	5	80	0.0625000
NODE_4296_length_1159_cov_147.794340	911	991	456	1	80	0.0125000
NODE_4296_length_1159_cov_147.794340	911	991	458	1	80	0.0125000
NODE_4296_length_1159_cov_147.794340	911	991	459	1	80	0.0125000
NODE_4296_length_1159_cov_147.794340	911	991	461	1	80	0.0125000
NODE_4296_length_1159_cov_147.794340	964	1044	229	1	80	0.0125000
NODE_4296_length_1159_cov_147.794340	964	1044	231	1	80	0.0125000
NODE_4296_length_1159_cov_147.794340	964	1044	239	1	80	0.0125000
NODE_4296_length_1159_cov_147.794340	964	1044	242	1	80	0.0125000
NODE_4296_length_1159_cov_147.794340	964	1044	253	1	80	0.0125000
NODE_4296_length_1159_cov_147.794340	964	1044	260	2	80	0.0250000
NODE_4296_length_1159_cov_147.794340	964	1044	264	2	80	0.0250000
NODE_4296_length_1159_cov_147.794340	964	1044	266	1	80	0.0125000
NODE_4296_length_1159_cov_147.794340	964	1044	268	1	80	0.0125000
NODE_4296_length_1159_cov_147.794340	964	1044	274	1	80	0.0125000
NODE_4296_length_1159_cov_147.794340	964	1044	298	1	80	0.0125000
NODE_4296_length_1159_cov_147.794340	964	1044	302	1	80	0.0125000
NODE_4296_length_1159_cov_147.794340	964	1044	306	1	80	0.0125000
NODE_4296_length_1159_cov_147.794340	964	1044	314	1	80	0.0125000
NODE_4296_length_1159_cov_147.794340	964	1044	315	1	80	0.0125000
NODE_4296_length_1159_cov_147.794340	964	1044	317	2	80	0.0250000
NODE_4296_length_1159_cov_147.794340	964	1044	318	1	80	0.0125000
NODE_4296_length_1159_cov_147.794340	964	1044	319	1	80	0.0125000
NODE_4296_length_1159_cov_147.794340	964	1044	322	1	80	0.0125000
NODE_4296_length_1159_cov_147.794340	964	1044	328	1	80	0.0125000
NODE_4296_length_1159_cov_147.794340	964	1044	336	2	80	0.0250000
NODE_4296_length_1159_cov_147.794340	964	1044	342	1	80	0.0125000
NODE_4296_length_1159_cov_147.794340	964	1044	344	2	80	0.0250000
NODE_4296_length_1159_cov_147.794340	964	1044	350	1	80	0.0125000
NODE_4296_length_1159_cov_147.794340	964	1044	355	2	80	0.0250000
NODE_4296_length_1159_cov_147.794340	964	1044	357	1	80	0.0125000
NODE_4296_length_1159_cov_147.794340	964	1044	358	2	80	0.0250000
NODE_4296_length_1159_cov_147.794340	964	1044	364	2	80	0.0250000
NODE_4296_length_1159_cov_147.794340	964	1044	371	1	80	0.0125000
NODE_4296_length_1159_cov_147.794340	964	1044	382	1	80	0.0125000
NODE_4296_length_1159_cov_147.794340	964	1044	388	3	80	0.0375000
NODE_4296_length_1159_cov_147.794340	964	1044	396	1	80	0.0125000
NODE_4296_length_1159_cov_147.794340	964	1044	400	2	80	0.0250000
NODE_4296_length_1159_cov_147.794340	964	1044	415	1	80	0.0125000
NODE_4296_length_1159_cov_147.794340	964	1044	419	1	80	0.0125000
NODE_4296_length_1159_cov_147.794340	964	1044	420	1	80	0.0125000
NODE_4296_length_1159_cov_147.794340	964	1044	421	1	80	0.0125000
NODE_4296_length_1159_cov_147.794340	964	1044	425	1	80	0.0125000
NODE_4296_length_1159_cov_147.794340	964	1044	428	1	80	0.0125000
NODE_4296_length_1159_cov_147.794340	964	1044	431	2	80	0.0250000
NODE_4296_length_1159_cov_147.794340	964	1044	433	1	80	0.0125000
NODE_4296_length_1159_cov_147.794340	964	1044	435	1	80	0.0125000
NODE_4296_length_1159_cov_147.794340	964	1044	437	2	80	0.0250000
NODE_4296_length_1159_cov_147.794340	964	1044	442	2	80	0.0250000
NODE_4296_length_1159_cov_147.794340	964	1044	444	1	80	0.0125000
NODE_4296_length_1159_cov_147.794340	964	1044	446	1	80	0.0125000
NODE_4296_length_1159_cov_147.794340	964	1044	447	1	80	0.0125000
NODE_4296_length_1159_cov_147.794340	964	1044	449	4	80	0.0500000
NODE_4296_length_1159_cov_147.794340	964	1044	450	1	80	0.0125000
NODE_4296_length_1159_cov_147.794340	964	1044	451	1	80	0.0125000
NODE_4296_length_1159_cov_147.794340	964	1044	452	1	80	0.0125000
NODE_4296_length_1159_cov_147.794340	964	1044	453	3	80	0.0375000
NODE_4296_length_1159_cov_147.794340	964	1044	454	5	80	0.0625000
NODE_4296_length_1159_cov_147.794340	964	1044	456	1	80	0.0125000
NODE_4296_length_1159_cov_147.794340	964	1044	458	1	80	0.0125000
NODE_4296_length_1159_cov_147.794340	964	1044	459	1	80	0.0125000
NODE_4296_length_1159_cov_147.794340	964	1044	461	1	80	0.0125000
NODE_4297_length_1159_cov_57.566981	457	537	0	52	80	0.6500000
NODE_4297_length_1159_cov_57.566981	457	537	1	9	80	0.1125000
NODE_4297_length_1159_cov_57.566981	457	537	2	19	80	0.2375000
NODE_4297_length_1159_cov_57.566981	510	590	0	6	80	0.0750000
NODE_4297_length_1159_cov_57.566981	510	590	1	8	80	0.1000000
NODE_4297_length_1159_cov_57.566981	510	590	2	66	80	0.8250000
NODE_4297_length_1159_cov_57.566981	586	666	0	80	80	1.0000000
NODE_4297_length_1159_cov_57.566981	639	719	0	80	80	1.0000000
NODE_4298_length_1159_cov_44.053774	329	409	0	38	80	0.4750000
NODE_4298_length_1159_cov_44.053774	329	409	2	42	80	0.5250000
NODE_4298_length_1159_cov_44.053774	382	462	0	71	80	0.8875000
NODE_4298_length_1159_cov_44.053774	382	462	2	9	80	0.1125000
NODE_4298_length_1159_cov_44.053774	458	538	0	13	80	0.1625000
NODE_4298_length_1159_cov_44.053774	458	538	2	67	80	0.8375000
NODE_4298_length_1159_cov_44.053774	511	591	0	66	80	0.8250000
NODE_4298_length_1159_cov_44.053774	511	591	2	14	80	0.1750000
NODE_4299_length_1159_cov_40.194340	391	471	0	80	80	1.0000000
NODE_4299_length_1159_cov_40.194340	444	524	0	80	80	1.0000000
NODE_4301_length_1159_cov_25.919811	456	536	0	80	80	1.0000000
NODE_4301_length_1159_cov_25.919811	509	591	0	82	82	1.0000000
NODE_4302_length_1159_cov_18.306604	538	618	12	80	80	1.0000000
NODE_4302_length_1159_cov_18.306604	591	671	12	80	80	1.0000000
NODE_4303_length_1159_cov_14.457547	358	438	0	62	80	0.7750000
NODE_4303_length_1159_cov_14.457547	358	438	2	18	80	0.2250000
NODE_4303_length_1159_cov_14.457547	411	491	0	80	80	1.0000000
NODE_4304_length_1159_cov_11.566981	625	705	0	29	80	0.3625000
NODE_4304_length_1159_cov_11.566981	625	705	2	14	80	0.1750000
NODE_4304_length_1159_cov_11.566981	625	705	3	1	80	0.0125000
NODE_4304_length_1159_cov_11.566981	625	705	6	36	80	0.4500000
NODE_4304_length_1159_cov_11.566981	678	758	0	80	80	1.0000000
NODE_4305_length_1159_cov_9.927358	278	358	0	80	80	1.0000000
NODE_4305_length_1159_cov_9.927358	331	411	0	80	80	1.0000000
NODE_4314_length_1159_cov_1.568868	513	562	6	2	49	0.0408163
NODE_4314_length_1159_cov_1.568868	513	562	9	2	49	0.0408163
NODE_4314_length_1159_cov_1.568868	513	562	10	5	49	0.1020408
NODE_4314_length_1159_cov_1.568868	513	562	12	1	49	0.0204082
NODE_4314_length_1159_cov_1.568868	513	562	16	5	49	0.1020408
NODE_4314_length_1159_cov_1.568868	513	562	18	8	49	0.1632653
NODE_4314_length_1159_cov_1.568868	513	562	22	23	49	0.4693878
NODE_4314_length_1159_cov_1.568868	513	562	24	3	49	0.0612245
NODE_4316_length_1158_cov_33.529745	357	437	0	9	80	0.1125000
NODE_4316_length_1158_cov_33.529745	357	437	4	2	80	0.0250000
NODE_4316_length_1158_cov_33.529745	357	437	6	69	80	0.8625000
NODE_4316_length_1158_cov_33.529745	410	490	2	6	80	0.0750000
NODE_4316_length_1158_cov_33.529745	410	490	6	74	80	0.9250000
NODE_4316_length_1158_cov_33.529745	486	566	0	40	80	0.5000000
NODE_4316_length_1158_cov_33.529745	486	566	2	40	80	0.5000000
NODE_4316_length_1158_cov_33.529745	539	619	0	12	80	0.1500000
NODE_4316_length_1158_cov_33.529745	539	619	2	68	80	0.8500000
NODE_4317_length_1158_cov_31.368272	416	496	2	20	80	0.2500000
NODE_4317_length_1158_cov_31.368272	416	496	4	60	80	0.7500000
NODE_4317_length_1158_cov_31.368272	469	549	0	43	80	0.5375000
NODE_4317_length_1158_cov_31.368272	469	549	2	30	80	0.3750000
NODE_4317_length_1158_cov_31.368272	469	549	4	7	80	0.0875000
NODE_4317_length_1158_cov_31.368272	545	626	0	81	81	1.0000000
NODE_4317_length_1158_cov_31.368272	599	679	0	80	80	1.0000000
NODE_4318_length_1158_cov_31.240793	430	510	0	19	80	0.2375000
NODE_4318_length_1158_cov_31.240793	430	510	4	22	80	0.2750000
NODE_4318_length_1158_cov_31.240793	430	510	6	15	80	0.1875000
NODE_4318_length_1158_cov_31.240793	430	510	7	24	80	0.3000000
NODE_4318_length_1158_cov_31.240793	483	563	1	8	80	0.1000000
NODE_4318_length_1158_cov_31.240793	483	563	5	15	80	0.1875000
NODE_4318_length_1158_cov_31.240793	483	563	6	3	80	0.0375000
NODE_4318_length_1158_cov_31.240793	483	563	7	54	80	0.6750000
NODE_4318_length_1158_cov_31.240793	559	639	1	33	80	0.4125000
NODE_4318_length_1158_cov_31.240793	559	639	2	47	80	0.5875000
NODE_4318_length_1158_cov_31.240793	612	692	1	56	80	0.7000000
NODE_4318_length_1158_cov_31.240793	612	692	2	24	80	0.3000000
NODE_4319_length_1158_cov_29.216242	405	485	0	13	80	0.1625000
NODE_4319_length_1158_cov_29.216242	405	485	2	67	80	0.8375000
NODE_4319_length_1158_cov_29.216242	458	538	0	66	80	0.8250000
NODE_4319_length_1158_cov_29.216242	458	538	2	14	80	0.1750000
NODE_4320_length_1158_cov_25.245515	500	580	0	80	80	1.0000000
NODE_4320_length_1158_cov_25.245515	553	633	0	80	80	1.0000000
NODE_4320_length_1158_cov_25.245515	629	709	0	80	80	1.0000000
NODE_4320_length_1158_cov_25.245515	682	762	0	80	80	1.0000000
NODE_4321_length_1158_cov_16.566572	396	476	0	80	80	1.0000000
NODE_4321_length_1158_cov_16.566572	449	529	0	80	80	1.0000000
NODE_4322_length_1158_cov_13.092540	372	452	0	80	80	1.0000000
NODE_4322_length_1158_cov_13.092540	425	505	0	80	80	1.0000000
NODE_4322_length_1158_cov_13.092540	735	815	0	80	80	1.0000000
NODE_4322_length_1158_cov_13.092540	788	868	0	80	80	1.0000000
NODE_4323_length_1158_cov_7.408876	656	736	0	42	80	0.5250000
NODE_4323_length_1158_cov_7.408876	656	736	1	1	80	0.0125000
NODE_4323_length_1158_cov_7.408876	656	736	2	37	80	0.4625000
NODE_4323_length_1158_cov_7.408876	709	789	0	11	80	0.1375000
NODE_4323_length_1158_cov_7.408876	709	789	2	69	80	0.8625000
NODE_4324_length_1158_cov_6.242682	239	310	0	71	71	1.0000000
NODE_4325_length_1158_cov_6.043437	531	611	2	80	80	1.0000000
NODE_4325_length_1158_cov_6.043437	584	634	2	50	50	1.0000000
NODE_4326_length_1158_cov_5.855524	324	404	0	80	80	1.0000000
NODE_4326_length_1158_cov_5.855524	377	457	0	80	80	1.0000000
NODE_4329_length_1157_cov_32.233459	472	552	0	43	80	0.5375000
NODE_4329_length_1157_cov_32.233459	472	552	3	1	80	0.0125000
NODE_4329_length_1157_cov_32.233459	472	552	4	34	80	0.4250000
NODE_4329_length_1157_cov_32.233459	472	552	5	2	80	0.0250000
NODE_4329_length_1157_cov_32.233459	525	605	4	25	80	0.3125000
NODE_4329_length_1157_cov_32.233459	525	605	5	5	80	0.0625000
NODE_4329_length_1157_cov_32.233459	525	605	6	50	80	0.6250000
NODE_4329_length_1157_cov_32.233459	601	681	2	61	80	0.7625000
NODE_4329_length_1157_cov_32.233459	601	681	6	19	80	0.2375000
NODE_4329_length_1157_cov_32.233459	654	734	0	29	80	0.3625000
NODE_4329_length_1157_cov_32.233459	654	734	1	5	80	0.0625000
NODE_4329_length_1157_cov_32.233459	654	734	2	46	80	0.5750000
NODE_4330_length_1157_cov_6.438563	765	788	0	21	23	0.9130435
NODE_4330_length_1157_cov_6.438563	765	788	2	2	23	0.0869565
NODE_4332_length_1157_cov_4.068053	221	292	0	71	71	1.0000000
NODE_4333_length_1156_cov_46.381268	328	408	0	31	80	0.3875000
NODE_4333_length_1156_cov_46.381268	328	408	1	4	80	0.0500000
NODE_4333_length_1156_cov_46.381268	328	408	2	45	80	0.5625000
NODE_4333_length_1156_cov_46.381268	381	461	2	80	80	1.0000000
NODE_4333_length_1156_cov_46.381268	457	537	2	21	80	0.2625000
NODE_4333_length_1156_cov_46.381268	457	537	6	25	80	0.3125000
NODE_4333_length_1156_cov_46.381268	457	537	7	2	80	0.0250000
NODE_4333_length_1156_cov_46.381268	457	537	8	12	80	0.1500000
NODE_4333_length_1156_cov_46.381268	457	537	9	2	80	0.0250000
NODE_4333_length_1156_cov_46.381268	457	537	10	18	80	0.2250000
NODE_4333_length_1156_cov_46.381268	510	590	7	2	80	0.0250000
NODE_4333_length_1156_cov_46.381268	510	590	8	5	80	0.0625000
NODE_4333_length_1156_cov_46.381268	510	590	9	2	80	0.0250000
NODE_4333_length_1156_cov_46.381268	510	590	10	71	80	0.8875000
NODE_4334_length_1156_cov_32.198675	378	458	6	80	80	1.0000000
NODE_4334_length_1156_cov_32.198675	431	511	0	34	80	0.4250000
NODE_4334_length_1156_cov_32.198675	431	511	4	17	80	0.2125000
NODE_4334_length_1156_cov_32.198675	431	511	6	29	80	0.3625000
NODE_4334_length_1156_cov_32.198675	507	587	0	64	80	0.8000000
NODE_4334_length_1156_cov_32.198675	507	587	2	16	80	0.2000000
NODE_4334_length_1156_cov_32.198675	560	641	0	11	81	0.1358025
NODE_4334_length_1156_cov_32.198675	560	641	2	70	81	0.8641976
NODE_4335_length_1156_cov_12.683065	593	673	0	80	80	1.0000000
NODE_4335_length_1156_cov_12.683065	646	726	0	80	80	1.0000000
NODE_4336_length_1156_cov_9.287606	680	760	3	5	80	0.0625000
NODE_4336_length_1156_cov_9.287606	680	760	6	32	80	0.4000000
NODE_4336_length_1156_cov_9.287606	680	760	8	43	80	0.5375000
NODE_4336_length_1156_cov_9.287606	733	813	6	3	80	0.0375000
NODE_4336_length_1156_cov_9.287606	733	813	8	77	80	0.9625000
NODE_4339_length_1155_cov_19.570076	437	517	0	80	80	1.0000000
NODE_4339_length_1155_cov_19.570076	490	570	0	80	80	1.0000000
NODE_4340_length_1155_cov_18.666667	332	412	0	80	80	1.0000000
NODE_4340_length_1155_cov_18.666667	385	465	0	80	80	1.0000000
NODE_4346_length_1154_cov_61.769668	488	568	0	32	80	0.4000000
NODE_4346_length_1154_cov_61.769668	488	568	2	2	80	0.0250000
NODE_4346_length_1154_cov_61.769668	488	568	6	46	80	0.5750000
NODE_4346_length_1154_cov_61.769668	541	621	5	6	80	0.0750000
NODE_4346_length_1154_cov_61.769668	541	621	6	50	80	0.6250000
NODE_4346_length_1154_cov_61.769668	541	621	9	24	80	0.3000000
NODE_4347_length_1154_cov_50.909005	409	489	0	80	80	1.0000000
NODE_4347_length_1154_cov_50.909005	462	542	0	80	80	1.0000000
NODE_4347_length_1154_cov_50.909005	538	618	0	21	80	0.2625000
NODE_4347_length_1154_cov_50.909005	538	618	2	59	80	0.7375000
NODE_4347_length_1154_cov_50.909005	591	671	0	16	80	0.2000000
NODE_4347_length_1154_cov_50.909005	591	671	2	64	80	0.8000000
NODE_4348_length_1154_cov_28.941232	695	775	0	64	80	0.8000000
NODE_4348_length_1154_cov_28.941232	695	775	4	16	80	0.2000000
NODE_4348_length_1154_cov_28.941232	748	828	0	80	80	1.0000000
NODE_4349_length_1154_cov_13.765877	322	402	2	80	80	1.0000000
NODE_4349_length_1154_cov_13.765877	375	455	0	49	80	0.6125000
NODE_4349_length_1154_cov_13.765877	375	455	2	31	80	0.3875000
NODE_4351_length_1154_cov_5.930806	497	577	0	80	80	1.0000000
NODE_4351_length_1154_cov_5.930806	550	622	0	72	72	1.0000000
NODE_4357_length_1153_cov_65.486717	416	496	0	51	80	0.6375000
NODE_4357_length_1153_cov_65.486717	416	496	6	29	80	0.3625000
NODE_4357_length_1153_cov_65.486717	469	549	2	7	80	0.0875000
NODE_4357_length_1153_cov_65.486717	469	549	6	58	80	0.7250000
NODE_4357_length_1153_cov_65.486717	469	549	8	15	80	0.1875000
NODE_4357_length_1153_cov_65.486717	545	625	2	14	80	0.1750000
NODE_4357_length_1153_cov_65.486717	545	625	4	66	80	0.8250000
NODE_4357_length_1153_cov_65.486717	598	678	2	28	80	0.3500000
NODE_4357_length_1153_cov_65.486717	598	678	4	52	80	0.6500000
NODE_4358_length_1153_cov_50.733397	404	484	0	14	80	0.1750000
NODE_4358_length_1153_cov_50.733397	404	484	1	14	80	0.1750000
NODE_4358_length_1153_cov_50.733397	404	484	2	52	80	0.6500000
NODE_4358_length_1153_cov_50.733397	457	537	0	37	80	0.4625000
NODE_4358_length_1153_cov_50.733397	457	537	1	13	80	0.1625000
NODE_4358_length_1153_cov_50.733397	457	537	5	1	80	0.0125000
NODE_4358_length_1153_cov_50.733397	457	537	6	6	80	0.0750000
NODE_4358_length_1153_cov_50.733397	457	537	10	2	80	0.0250000
NODE_4358_length_1153_cov_50.733397	457	537	11	21	80	0.2625000
NODE_4358_length_1153_cov_50.733397	533	613	11	9	80	0.1125000
NODE_4358_length_1153_cov_50.733397	533	613	12	44	80	0.5500000
NODE_4358_length_1153_cov_50.733397	533	613	14	27	80	0.3375000
NODE_4358_length_1153_cov_50.733397	586	666	7	9	80	0.1125000
NODE_4358_length_1153_cov_50.733397	586	666	9	1	80	0.0125000
NODE_4358_length_1153_cov_50.733397	586	666	13	17	80	0.2125000
NODE_4358_length_1153_cov_50.733397	586	666	14	53	80	0.6625000
NODE_4359_length_1153_cov_26.131879	493	573	0	80	80	1.0000000
NODE_4359_length_1153_cov_26.131879	546	626	0	80	80	1.0000000
NODE_4360_length_1153_cov_10.195446	500	580	0	80	80	1.0000000
NODE_4360_length_1153_cov_10.195446	553	633	0	80	80	1.0000000
NODE_4361_length_1153_cov_8.286528	558	638	0	80	80	1.0000000
NODE_4361_length_1153_cov_8.286528	611	691	0	80	80	1.0000000
NODE_4368_length_1152_cov_19.800570	553	633	0	28	80	0.3500000
NODE_4368_length_1152_cov_19.800570	553	633	2	52	80	0.6500000
NODE_4368_length_1152_cov_19.800570	606	686	2	80	80	1.0000000
NODE_4369_length_1152_cov_19.365622	490	570	0	14	80	0.1750000
NODE_4369_length_1152_cov_19.365622	490	570	2	12	80	0.1500000
NODE_4369_length_1152_cov_19.365622	490	570	8	34	80	0.4250000
NODE_4369_length_1152_cov_19.365622	490	570	10	20	80	0.2500000
NODE_4369_length_1152_cov_19.365622	543	623	2	15	80	0.1875000
NODE_4369_length_1152_cov_19.365622	543	623	8	35	80	0.4375000
NODE_4369_length_1152_cov_19.365622	543	623	10	30	80	0.3750000
NODE_4370_length_1152_cov_18.654321	594	674	0	80	80	1.0000000
NODE_4370_length_1152_cov_18.654321	647	727	0	75	80	0.9375000
NODE_4370_length_1152_cov_18.654321	647	727	2	5	80	0.0625000
NODE_4371_length_1152_cov_18.075024	377	457	0	49	80	0.6125000
NODE_4371_length_1152_cov_18.075024	377	457	6	18	80	0.2250000
NODE_4371_length_1152_cov_18.075024	377	457	8	13	80	0.1625000
NODE_4371_length_1152_cov_18.075024	430	510	6	16	80	0.2000000
NODE_4371_length_1152_cov_18.075024	430	510	8	64	80	0.8000000
NODE_4371_length_1152_cov_18.075024	506	586	0	51	80	0.6375000
NODE_4371_length_1152_cov_18.075024	506	586	6	27	80	0.3375000
NODE_4371_length_1152_cov_18.075024	506	586	8	2	80	0.0250000
NODE_4371_length_1152_cov_18.075024	559	639	0	80	80	1.0000000
NODE_4373_length_1152_cov_16.047483	543	623	0	80	80	1.0000000
NODE_4373_length_1152_cov_16.047483	596	676	0	80	80	1.0000000
NODE_4373_length_1152_cov_16.047483	672	752	0	80	80	1.0000000
NODE_4373_length_1152_cov_16.047483	725	805	0	80	80	1.0000000
NODE_4374_length_1152_cov_13.981007	583	663	5	1	80	0.0125000
NODE_4374_length_1152_cov_13.981007	583	663	16	23	80	0.2875000
NODE_4374_length_1152_cov_13.981007	583	663	18	16	80	0.2000000
NODE_4374_length_1152_cov_13.981007	583	663	20	40	80	0.5000000
NODE_4374_length_1152_cov_13.981007	636	716	4	9	80	0.1125000
NODE_4374_length_1152_cov_13.981007	636	716	5	1	80	0.0125000
NODE_4374_length_1152_cov_13.981007	636	716	6	44	80	0.5500000
NODE_4374_length_1152_cov_13.981007	636	716	20	26	80	0.3250000
NODE_4380_length_1151_cov_30.469582	479	559	0	13	80	0.1625000
NODE_4380_length_1151_cov_30.469582	479	559	6	67	80	0.8375000
NODE_4380_length_1151_cov_30.469582	532	612	0	13	80	0.1625000
NODE_4380_length_1151_cov_30.469582	532	612	6	67	80	0.8375000
NODE_4381_length_1151_cov_26.650190	567	647	0	80	80	1.0000000
NODE_4381_length_1151_cov_26.650190	620	700	0	80	80	1.0000000
NODE_4382_length_1151_cov_26.375475	441	521	6	80	80	1.0000000
NODE_4382_length_1151_cov_26.375475	494	574	0	32	80	0.4000000
NODE_4382_length_1151_cov_26.375475	494	574	6	48	80	0.6000000
NODE_4382_length_1151_cov_26.375475	570	650	0	17	80	0.2125000
NODE_4382_length_1151_cov_26.375475	570	650	2	63	80	0.7875000
NODE_4382_length_1151_cov_26.375475	623	703	0	20	80	0.2500000
NODE_4382_length_1151_cov_26.375475	623	703	2	60	80	0.7500000
NODE_4383_length_1151_cov_23.614068	590	670	0	23	80	0.2875000
NODE_4383_length_1151_cov_23.614068	590	670	2	31	80	0.3875000
NODE_4383_length_1151_cov_23.614068	590	670	6	26	80	0.3250000
NODE_4383_length_1151_cov_23.614068	643	721	2	1	78	0.0128205
NODE_4383_length_1151_cov_23.614068	643	721	4	19	78	0.2435897
NODE_4383_length_1151_cov_23.614068	643	721	6	58	78	0.7435898
NODE_4384_length_1151_cov_18.693916	355	435	2	69	80	0.8625000
NODE_4384_length_1151_cov_18.693916	355	435	4	11	80	0.1375000
NODE_4384_length_1151_cov_18.693916	408	491	2	16	83	0.1927711
NODE_4384_length_1151_cov_18.693916	408	491	4	67	83	0.8072289
NODE_4385_length_1151_cov_16.093156	474	554	0	46	80	0.5750000
NODE_4385_length_1151_cov_16.093156	474	554	2	34	80	0.4250000
NODE_4385_length_1151_cov_16.093156	527	607	2	80	80	1.0000000
NODE_4386_length_1151_cov_13.782319	400	482	0	1	82	0.0121951
NODE_4386_length_1151_cov_13.782319	400	482	2	10	82	0.1219512
NODE_4386_length_1151_cov_13.782319	400	482	4	71	82	0.8658537
NODE_4386_length_1151_cov_13.782319	450	535	0	44	85	0.5176471
NODE_4386_length_1151_cov_13.782319	450	535	2	20	85	0.2352941
NODE_4386_length_1151_cov_13.782319	450	535	4	21	85	0.2470588
NODE_4392_length_1150_cov_38.601332	563	643	2	52	80	0.6500000
NODE_4392_length_1150_cov_38.601332	563	643	4	28	80	0.3500000
NODE_4392_length_1150_cov_38.601332	616	696	2	10	80	0.1250000
NODE_4392_length_1150_cov_38.601332	616	696	4	38	80	0.4750000
NODE_4392_length_1150_cov_38.601332	616	696	6	32	80	0.4000000
NODE_4392_length_1150_cov_38.601332	692	772	0	17	80	0.2125000
NODE_4392_length_1150_cov_38.601332	692	772	2	22	80	0.2750000
NODE_4392_length_1150_cov_38.601332	692	772	4	41	80	0.5125000
NODE_4392_length_1150_cov_38.601332	745	825	0	70	80	0.8750000
NODE_4392_length_1150_cov_38.601332	745	825	2	10	80	0.1250000
NODE_4393_length_1150_cov_15.741199	497	578	0	51	81	0.6296296
NODE_4393_length_1150_cov_15.741199	497	578	3	1	81	0.0123457
NODE_4393_length_1150_cov_15.741199	497	578	4	16	81	0.1975309
NODE_4393_length_1150_cov_15.741199	497	578	8	13	81	0.1604938
NODE_4393_length_1150_cov_15.741199	550	631	4	15	81	0.1851852
NODE_4393_length_1150_cov_15.741199	550	631	8	66	81	0.8148148
NODE_4394_length_1150_cov_11.132255	795	875	0	80	80	1.0000000
NODE_4394_length_1150_cov_11.132255	848	928	0	80	80	1.0000000
NODE_4395_length_1150_cov_9.253092	583	663	0	46	80	0.5750000
NODE_4395_length_1150_cov_9.253092	583	663	2	34	80	0.4250000
NODE_4395_length_1150_cov_9.253092	636	716	0	80	80	1.0000000
NODE_4398_length_1149_cov_17.289524	644	695	4	51	51	1.0000000
NODE_4399_length_1149_cov_13.805714	584	664	2	46	80	0.5750000
NODE_4399_length_1149_cov_13.805714	584	664	7	1	80	0.0125000
NODE_4399_length_1149_cov_13.805714	584	664	8	33	80	0.4125000
NODE_4399_length_1149_cov_13.805714	637	717	6	45	80	0.5625000
NODE_4399_length_1149_cov_13.805714	637	717	8	35	80	0.4375000
NODE_4399_length_1149_cov_13.805714	713	793	0	22	80	0.2750000
NODE_4399_length_1149_cov_13.805714	713	793	6	20	80	0.2500000
NODE_4399_length_1149_cov_13.805714	713	793	8	38	80	0.4750000
NODE_4399_length_1149_cov_13.805714	766	846	8	80	80	1.0000000
NODE_4407_length_1148_cov_27.674929	387	467	0	80	80	1.0000000
NODE_4407_length_1148_cov_27.674929	440	520	0	80	80	1.0000000
NODE_4408_length_1148_cov_13.275500	136	216	4	21	80	0.2625000
NODE_4408_length_1148_cov_13.275500	136	216	9	18	80	0.2250000
NODE_4408_length_1148_cov_13.275500	136	216	10	22	80	0.2750000
NODE_4408_length_1148_cov_13.275500	136	216	12	19	80	0.2375000
NODE_4408_length_1148_cov_13.275500	189	268	10	11	79	0.1392405
NODE_4408_length_1148_cov_13.275500	189	268	11	16	79	0.2025317
NODE_4408_length_1148_cov_13.275500	189	268	12	29	79	0.3670886
NODE_4408_length_1148_cov_13.275500	189	268	13	7	79	0.0886076
NODE_4408_length_1148_cov_13.275500	189	268	14	16	79	0.2025317
NODE_4409_length_1148_cov_10.613918	506	586	0	80	80	1.0000000
NODE_4409_length_1148_cov_10.613918	559	639	0	80	80	1.0000000
NODE_4415_length_1147_cov_33.543893	378	458	0	80	80	1.0000000
NODE_4415_length_1147_cov_33.543893	431	511	0	80	80	1.0000000
NODE_4416_length_1147_cov_26.858779	254	334	0	80	80	1.0000000
NODE_4416_length_1147_cov_26.858779	307	387	0	80	80	1.0000000
NODE_4416_length_1147_cov_26.858779	383	463	0	80	80	1.0000000
NODE_4416_length_1147_cov_26.858779	436	516	0	80	80	1.0000000
NODE_4417_length_1147_cov_24.227099	606	686	0	3	80	0.0375000
NODE_4417_length_1147_cov_24.227099	606	686	4	34	80	0.4250000
NODE_4417_length_1147_cov_24.227099	606	686	8	37	80	0.4625000
NODE_4417_length_1147_cov_24.227099	606	686	12	6	80	0.0750000
NODE_4417_length_1147_cov_24.227099	659	739	4	23	80	0.2875000
NODE_4417_length_1147_cov_24.227099	659	739	8	31	80	0.3875000
NODE_4417_length_1147_cov_24.227099	659	739	12	26	80	0.3250000
NODE_4417_length_1147_cov_24.227099	735	815	0	9	80	0.1125000
NODE_4417_length_1147_cov_24.227099	735	815	4	71	80	0.8875000
NODE_4417_length_1147_cov_24.227099	788	868	0	62	80	0.7750000
NODE_4417_length_1147_cov_24.227099	788	868	4	18	80	0.2250000
NODE_4418_length_1147_cov_16.559160	417	497	6	76	80	0.9500000
NODE_4418_length_1147_cov_16.559160	417	497	8	4	80	0.0500000
NODE_4418_length_1147_cov_16.559160	470	550	2	43	80	0.5375000
NODE_4418_length_1147_cov_16.559160	470	550	6	23	80	0.2875000
NODE_4418_length_1147_cov_16.559160	470	550	8	14	80	0.1750000
NODE_4428_length_1146_cov_52.393505	411	491	0	42	80	0.5250000
NODE_4428_length_1146_cov_52.393505	411	491	2	38	80	0.4750000
NODE_4428_length_1146_cov_52.393505	464	544	0	70	80	0.8750000
NODE_4428_length_1146_cov_52.393505	464	544	6	10	80	0.1250000
NODE_4428_length_1146_cov_52.393505	540	620	6	80	80	1.0000000
NODE_4428_length_1146_cov_52.393505	593	673	0	31	80	0.3875000
NODE_4428_length_1146_cov_52.393505	593	673	5	1	80	0.0125000
NODE_4428_length_1146_cov_52.393505	593	673	6	48	80	0.6000000
NODE_4429_length_1146_cov_46.364852	233	313	4	9	80	0.1125000
NODE_4429_length_1146_cov_46.364852	233	313	14	31	80	0.3875000
NODE_4429_length_1146_cov_46.364852	233	313	18	40	80	0.5000000
NODE_4429_length_1146_cov_46.364852	286	366	0	16	80	0.2000000
NODE_4429_length_1146_cov_46.364852	286	366	4	7	80	0.0875000
NODE_4429_length_1146_cov_46.364852	286	366	14	37	80	0.4625000
NODE_4429_length_1146_cov_46.364852	286	366	18	20	80	0.2500000
NODE_4430_length_1146_cov_26.159503	476	556	0	26	80	0.3250000
NODE_4430_length_1146_cov_26.159503	476	556	2	54	80	0.6750000
NODE_4430_length_1146_cov_26.159503	529	609	0	79	80	0.9875000
NODE_4430_length_1146_cov_26.159503	529	609	2	1	80	0.0125000
NODE_4430_length_1146_cov_26.159503	605	685	0	80	80	1.0000000
NODE_4430_length_1146_cov_26.159503	658	738	0	80	80	1.0000000
NODE_4431_length_1146_cov_14.210124	343	423	0	80	80	1.0000000
NODE_4431_length_1146_cov_14.210124	396	476	0	80	80	1.0000000
NODE_4432_length_1146_cov_13.479465	425	501	0	45	76	0.5921053
NODE_4432_length_1146_cov_13.479465	425	501	4	1	76	0.0131579
NODE_4432_length_1146_cov_13.479465	425	501	8	30	76	0.3947369
NODE_4432_length_1146_cov_13.479465	505	565	0	60	60	1.0000000
NODE_4432_length_1146_cov_13.479465	561	641	0	80	80	1.0000000
NODE_4432_length_1146_cov_13.479465	614	694	0	28	80	0.3500000
NODE_4432_length_1146_cov_13.479465	614	694	2	52	80	0.6500000
NODE_4438_length_1145_cov_49.566922	395	470	0	75	75	1.0000000
NODE_4438_length_1145_cov_49.566922	443	523	0	80	80	1.0000000
NODE_4439_length_1145_cov_38.191205	497	576	0	66	79	0.8354430
NODE_4439_length_1145_cov_38.191205	497	576	4	13	79	0.1645570
NODE_4439_length_1145_cov_38.191205	549	629	0	14	80	0.1750000
NODE_4439_length_1145_cov_38.191205	549	629	4	22	80	0.2750000
NODE_4439_length_1145_cov_38.191205	549	629	9	1	80	0.0125000
NODE_4439_length_1145_cov_38.191205	549	629	10	43	80	0.5375000
NODE_4440_length_1145_cov_26.929254	468	548	0	13	80	0.1625000
NODE_4440_length_1145_cov_26.929254	468	548	4	67	80	0.8375000
NODE_4440_length_1145_cov_26.929254	521	601	0	66	80	0.8250000
NODE_4440_length_1145_cov_26.929254	521	601	4	14	80	0.1750000
NODE_4441_length_1145_cov_20.121415	508	588	0	55	80	0.6875000
NODE_4441_length_1145_cov_20.121415	508	588	4	13	80	0.1625000
NODE_4441_length_1145_cov_20.121415	508	588	6	12	80	0.1500000
NODE_4441_length_1145_cov_20.121415	561	641	0	14	80	0.1750000
NODE_4441_length_1145_cov_20.121415	561	641	4	66	80	0.8250000
NODE_4442_length_1145_cov_11.753346	527	605	0	40	78	0.5128205
NODE_4442_length_1145_cov_11.753346	527	605	2	38	78	0.4871795
NODE_4442_length_1145_cov_11.753346	578	659	0	9	81	0.1111111
NODE_4442_length_1145_cov_11.753346	578	659	2	72	81	0.8888889
NODE_4443_length_1145_cov_9.571702	93	173	0	3	80	0.0375000
NODE_4443_length_1145_cov_9.571702	93	173	2	11	80	0.1375000
NODE_4443_length_1145_cov_9.571702	93	173	6	10	80	0.1250000
NODE_4443_length_1145_cov_9.571702	93	173	10	56	80	0.7000000
NODE_4443_length_1145_cov_9.571702	146	226	8	9	80	0.1125000
NODE_4443_length_1145_cov_9.571702	146	226	10	71	80	0.8875000
NODE_4455_length_1143_cov_42.255747	380	460	0	78	80	0.9750000
NODE_4455_length_1143_cov_42.255747	380	460	2	2	80	0.0250000
NODE_4455_length_1143_cov_42.255747	433	513	0	25	80	0.3125000
NODE_4455_length_1143_cov_42.255747	433	513	2	18	80	0.2250000
NODE_4455_length_1143_cov_42.255747	433	513	9	1	80	0.0125000
NODE_4455_length_1143_cov_42.255747	433	513	10	36	80	0.4500000
NODE_4455_length_1143_cov_42.255747	509	589	8	33	80	0.4125000
NODE_4455_length_1143_cov_42.255747	509	589	10	47	80	0.5875000
NODE_4455_length_1143_cov_42.255747	562	642	0	28	80	0.3500000
NODE_4455_length_1143_cov_42.255747	562	642	8	52	80	0.6500000
NODE_4456_length_1143_cov_22.076628	526	606	0	55	80	0.6875000
NODE_4456_length_1143_cov_22.076628	526	606	4	25	80	0.3125000
NODE_4456_length_1143_cov_22.076628	579	659	0	14	80	0.1750000
NODE_4456_length_1143_cov_22.076628	579	659	4	66	80	0.8250000
NODE_4457_length_1143_cov_19.106322	565	645	2	7	80	0.0875000
NODE_4457_length_1143_cov_19.106322	565	645	4	73	80	0.9125000
NODE_4457_length_1143_cov_19.106322	618	698	2	25	80	0.3125000
NODE_4457_length_1143_cov_19.106322	618	698	4	55	80	0.6875000
NODE_4458_length_1143_cov_16.223180	638	719	0	81	81	1.0000000
NODE_4458_length_1143_cov_16.223180	692	772	0	80	80	1.0000000
NODE_4459_length_1143_cov_13.961686	634	714	0	3	80	0.0375000
NODE_4459_length_1143_cov_13.961686	634	714	2	12	80	0.1500000
NODE_4459_length_1143_cov_13.961686	634	714	4	65	80	0.8125000
NODE_4459_length_1143_cov_13.961686	687	767	0	44	80	0.5500000
NODE_4459_length_1143_cov_13.961686	687	767	2	15	80	0.1875000
NODE_4459_length_1143_cov_13.961686	687	767	4	21	80	0.2625000
NODE_4459_length_1143_cov_13.961686	763	843	0	7	80	0.0875000
NODE_4459_length_1143_cov_13.961686	763	843	2	73	80	0.9125000
NODE_4459_length_1143_cov_13.961686	816	896	0	60	80	0.7500000
NODE_4459_length_1143_cov_13.961686	816	896	2	20	80	0.2500000
NODE_4460_length_1143_cov_12.782567	328	409	0	81	81	1.0000000
NODE_4460_length_1143_cov_12.782567	381	462	0	81	81	1.0000000
NODE_4460_length_1143_cov_12.782567	458	538	0	67	80	0.8375000
NODE_4460_length_1143_cov_12.782567	458	538	2	13	80	0.1625000
NODE_4460_length_1143_cov_12.782567	511	591	0	14	80	0.1750000
NODE_4460_length_1143_cov_12.782567	511	591	2	58	80	0.7250000
NODE_4460_length_1143_cov_12.782567	511	591	3	1	80	0.0125000
NODE_4460_length_1143_cov_12.782567	511	591	4	7	80	0.0875000
NODE_4461_length_1143_cov_8.287356	692	772	0	80	80	1.0000000
NODE_4461_length_1143_cov_8.287356	745	825	0	80	80	1.0000000
NODE_4463_length_1143_cov_2.197318	988	1057	14	29	69	0.4202898
NODE_4463_length_1143_cov_2.197318	988	1057	16	11	69	0.1594203
NODE_4463_length_1143_cov_2.197318	988	1057	18	4	69	0.0579710
NODE_4463_length_1143_cov_2.197318	988	1057	20	25	69	0.3623188
NODE_4466_length_1142_cov_28.364334	613	693	4	2	80	0.0250000
NODE_4466_length_1142_cov_28.364334	613	693	16	10	80	0.1250000
NODE_4466_length_1142_cov_28.364334	613	693	18	38	80	0.4750000
NODE_4466_length_1142_cov_28.364334	613	693	20	30	80	0.3750000
NODE_4466_length_1142_cov_28.364334	666	746	0	5	80	0.0625000
NODE_4466_length_1142_cov_28.364334	666	746	2	12	80	0.1500000
NODE_4466_length_1142_cov_28.364334	666	746	16	46	80	0.5750000
NODE_4466_length_1142_cov_28.364334	666	746	20	17	80	0.2125000
NODE_4467_length_1142_cov_21.669223	518	598	0	21	80	0.2625000
NODE_4467_length_1142_cov_21.669223	518	598	2	46	80	0.5750000
NODE_4467_length_1142_cov_21.669223	518	598	4	13	80	0.1625000
NODE_4467_length_1142_cov_21.669223	571	651	2	14	80	0.1750000
NODE_4467_length_1142_cov_21.669223	571	651	4	66	80	0.8250000
NODE_4468_length_1142_cov_19.007670	411	491	0	80	80	1.0000000
NODE_4468_length_1142_cov_19.007670	464	544	0	80	80	1.0000000
NODE_4474_length_1141_cov_12.500960	17	97	16	16	80	0.2000000
NODE_4474_length_1141_cov_12.500960	17	97	18	5	80	0.0625000
NODE_4474_length_1141_cov_12.500960	17	97	22	4	80	0.0500000
NODE_4474_length_1141_cov_12.500960	17	97	28	55	80	0.6875000
NODE_4474_length_1141_cov_12.500960	17	97	16	16	80	0.2000000
NODE_4474_length_1141_cov_12.500960	17	97	18	5	80	0.0625000
NODE_4474_length_1141_cov_12.500960	17	97	22	4	80	0.0500000
NODE_4474_length_1141_cov_12.500960	17	97	28	55	80	0.6875000
NODE_4474_length_1141_cov_12.500960	17	97	16	16	80	0.2000000
NODE_4474_length_1141_cov_12.500960	17	97	18	5	80	0.0625000
NODE_4474_length_1141_cov_12.500960	17	97	22	4	80	0.0500000
NODE_4474_length_1141_cov_12.500960	17	97	28	55	80	0.6875000
NODE_4474_length_1141_cov_12.500960	17	97	16	16	80	0.2000000
NODE_4474_length_1141_cov_12.500960	17	97	18	5	80	0.0625000
NODE_4474_length_1141_cov_12.500960	17	97	22	4	80	0.0500000
NODE_4474_length_1141_cov_12.500960	17	97	28	55	80	0.6875000
NODE_4474_length_1141_cov_12.500960	70	132	10	7	62	0.1129032
NODE_4474_length_1141_cov_12.500960	70	132	16	3	62	0.0483871
NODE_4474_length_1141_cov_12.500960	70	132	18	9	62	0.1451613
NODE_4474_length_1141_cov_12.500960	70	132	27	1	62	0.0161290
NODE_4474_length_1141_cov_12.500960	70	132	28	42	62	0.6774194
NODE_4474_length_1141_cov_12.500960	70	132	10	7	62	0.1129032
NODE_4474_length_1141_cov_12.500960	70	132	16	3	62	0.0483871
NODE_4474_length_1141_cov_12.500960	70	132	18	9	62	0.1451613
NODE_4474_length_1141_cov_12.500960	70	132	27	1	62	0.0161290
NODE_4474_length_1141_cov_12.500960	70	132	28	42	62	0.6774194
NODE_4474_length_1141_cov_12.500960	70	132	10	7	62	0.1129032
NODE_4474_length_1141_cov_12.500960	70	132	16	3	62	0.0483871
NODE_4474_length_1141_cov_12.500960	70	132	18	9	62	0.1451613
NODE_4474_length_1141_cov_12.500960	70	132	27	1	62	0.0161290
NODE_4474_length_1141_cov_12.500960	70	132	28	42	62	0.6774194
NODE_4474_length_1141_cov_12.500960	70	132	10	7	62	0.1129032
NODE_4474_length_1141_cov_12.500960	70	132	16	3	62	0.0483871
NODE_4474_length_1141_cov_12.500960	70	132	18	9	62	0.1451613
NODE_4474_length_1141_cov_12.500960	70	132	27	1	62	0.0161290
NODE_4474_length_1141_cov_12.500960	70	132	28	42	62	0.6774194
NODE_4475_length_1141_cov_7.197697	54	134	0	35	80	0.4375000
NODE_4475_length_1141_cov_7.197697	54	134	2	45	80	0.5625000
NODE_4475_length_1141_cov_7.197697	107	187	0	28	80	0.3500000
NODE_4475_length_1141_cov_7.197697	107	187	2	52	80	0.6500000
NODE_4475_length_1141_cov_7.197697	573	653	0	80	80	1.0000000
NODE_4475_length_1141_cov_7.197697	626	707	0	81	81	1.0000000
NODE_4476_length_1141_cov_5.428023	411	491	0	80	80	1.0000000
NODE_4476_length_1141_cov_5.428023	464	544	0	80	80	1.0000000
NODE_4482_length_1140_cov_39.383285	451	531	6	2	80	0.0250000
NODE_4482_length_1140_cov_39.383285	451	531	8	18	80	0.2250000
NODE_4482_length_1140_cov_39.383285	451	531	9	9	80	0.1125000
NODE_4482_length_1140_cov_39.383285	451	531	10	51	80	0.6375000
NODE_4482_length_1140_cov_39.383285	504	584	2	31	80	0.3875000
NODE_4482_length_1140_cov_39.383285	504	584	6	8	80	0.1000000
NODE_4482_length_1140_cov_39.383285	504	584	7	1	80	0.0125000
NODE_4482_length_1140_cov_39.383285	504	584	8	30	80	0.3750000
NODE_4482_length_1140_cov_39.383285	504	584	10	10	80	0.1250000
NODE_4482_length_1140_cov_39.383285	580	660	0	47	80	0.5875000
NODE_4482_length_1140_cov_39.383285	580	660	1	9	80	0.1125000
NODE_4482_length_1140_cov_39.383285	580	660	2	24	80	0.3000000
NODE_4482_length_1140_cov_39.383285	633	713	0	80	80	1.0000000
NODE_4483_length_1140_cov_19.493756	543	623	4	1	80	0.0125000
NODE_4483_length_1140_cov_19.493756	543	623	6	23	80	0.2875000
NODE_4483_length_1140_cov_19.493756	543	623	8	19	80	0.2375000
NODE_4483_length_1140_cov_19.493756	543	623	9	16	80	0.2000000
NODE_4483_length_1140_cov_19.493756	543	623	10	21	80	0.2625000
NODE_4483_length_1140_cov_19.493756	596	676	4	54	80	0.6750000
NODE_4483_length_1140_cov_19.493756	596	676	9	16	80	0.2000000
NODE_4483_length_1140_cov_19.493756	596	676	10	10	80	0.1250000
NODE_4484_length_1140_cov_18.341018	347	427	4	23	80	0.2875000
NODE_4484_length_1140_cov_18.341018	347	427	5	24	80	0.3000000
NODE_4484_length_1140_cov_18.341018	347	427	6	21	80	0.2625000
NODE_4484_length_1140_cov_18.341018	347	427	8	6	80	0.0750000
NODE_4484_length_1140_cov_18.341018	347	427	9	6	80	0.0750000
NODE_4484_length_1140_cov_18.341018	400	480	4	31	80	0.3875000
NODE_4484_length_1140_cov_18.341018	400	480	5	15	80	0.1875000
NODE_4484_length_1140_cov_18.341018	400	480	6	15	80	0.1875000
NODE_4484_length_1140_cov_18.341018	400	480	8	13	80	0.1625000
NODE_4484_length_1140_cov_18.341018	400	480	9	6	80	0.0750000
NODE_4484_length_1140_cov_18.341018	476	556	4	10	80	0.1250000
NODE_4484_length_1140_cov_18.341018	476	556	8	30	80	0.3750000
NODE_4484_length_1140_cov_18.341018	476	556	12	40	80	0.5000000
NODE_4484_length_1140_cov_18.341018	529	609	8	56	80	0.7000000
NODE_4484_length_1140_cov_18.341018	529	609	9	17	80	0.2125000
NODE_4484_length_1140_cov_18.341018	529	609	10	7	80	0.0875000
NODE_4494_length_1139_cov_26.812500	410	490	2	80	80	1.0000000
NODE_4494_length_1139_cov_26.812500	463	543	0	50	80	0.6250000
NODE_4494_length_1139_cov_26.812500	463	543	2	30	80	0.3750000
NODE_4494_length_1139_cov_26.812500	539	619	0	26	80	0.3250000
NODE_4494_length_1139_cov_26.812500	539	619	2	54	80	0.6750000
NODE_4494_length_1139_cov_26.812500	592	672	0	28	80	0.3500000
NODE_4494_length_1139_cov_26.812500	592	672	2	52	80	0.6500000
NODE_4495_length_1139_cov_26.323077	308	388	0	80	80	1.0000000
NODE_4495_length_1139_cov_26.323077	361	441	0	80	80	1.0000000
NODE_4495_length_1139_cov_26.323077	437	517	0	43	80	0.5375000
NODE_4495_length_1139_cov_26.323077	437	517	2	8	80	0.1000000
NODE_4495_length_1139_cov_26.323077	437	517	6	29	80	0.3625000
NODE_4495_length_1139_cov_26.323077	490	570	6	80	80	1.0000000
NODE_4496_length_1139_cov_15.223077	530	610	0	80	80	1.0000000
NODE_4496_length_1139_cov_15.223077	583	663	0	80	80	1.0000000
NODE_4505_length_1138_cov_74.599615	480	560	2	49	80	0.6125000
NODE_4505_length_1138_cov_74.599615	480	560	4	31	80	0.3875000
NODE_4505_length_1138_cov_74.599615	533	613	1	31	80	0.3875000
NODE_4505_length_1138_cov_74.599615	533	613	2	6	80	0.0750000
NODE_4505_length_1138_cov_74.599615	533	613	4	43	80	0.5375000
NODE_4505_length_1138_cov_74.599615	609	689	1	80	80	1.0000000
NODE_4505_length_1138_cov_74.599615	662	742	0	10	80	0.1250000
NODE_4505_length_1138_cov_74.599615	662	742	1	70	80	0.8750000
NODE_4506_length_1138_cov_29.407122	559	639	0	80	80	1.0000000
NODE_4506_length_1138_cov_29.407122	612	692	0	80	80	1.0000000
NODE_4506_length_1138_cov_29.407122	688	768	0	80	80	1.0000000
NODE_4506_length_1138_cov_29.407122	741	821	0	80	80	1.0000000
NODE_4507_length_1138_cov_18.326275	454	534	0	80	80	1.0000000
NODE_4507_length_1138_cov_18.326275	507	587	0	61	80	0.7625000
NODE_4507_length_1138_cov_18.326275	507	587	4	19	80	0.2375000
NODE_4507_length_1138_cov_18.326275	583	663	4	80	80	1.0000000
NODE_4507_length_1138_cov_18.326275	636	716	0	11	80	0.1375000
NODE_4507_length_1138_cov_18.326275	636	716	4	69	80	0.8625000
NODE_4509_length_1138_cov_11.834456	291	371	0	37	80	0.4625000
NODE_4509_length_1138_cov_11.834456	291	371	2	43	80	0.5375000
NODE_4509_length_1138_cov_11.834456	344	424	0	80	80	1.0000000
NODE_4510_length_1138_cov_10.923003	318	398	0	72	80	0.9000000
NODE_4510_length_1138_cov_10.923003	318	398	2	8	80	0.1000000
NODE_4510_length_1138_cov_10.923003	371	451	0	19	80	0.2375000
NODE_4510_length_1138_cov_10.923003	371	451	2	61	80	0.7625000
NODE_4517_length_1137_cov_23.983622	470	550	0	80	80	1.0000000
NODE_4517_length_1137_cov_23.983622	523	603	0	80	80	1.0000000
NODE_4517_length_1137_cov_23.983622	599	679	0	66	80	0.8250000
NODE_4517_length_1137_cov_23.983622	599	679	2	14	80	0.1750000
NODE_4517_length_1137_cov_23.983622	652	732	0	13	80	0.1625000
NODE_4517_length_1137_cov_23.983622	652	732	2	67	80	0.8375000
NODE_4518_length_1137_cov_22.877649	405	485	0	80	80	1.0000000
NODE_4518_length_1137_cov_22.877649	458	538	0	57	80	0.7125000
NODE_4518_length_1137_cov_22.877649	458	538	2	6	80	0.0750000
NODE_4518_length_1137_cov_22.877649	458	538	3	1	80	0.0125000
NODE_4518_length_1137_cov_22.877649	458	538	4	16	80	0.2000000
NODE_4518_length_1137_cov_22.877649	534	614	4	80	80	1.0000000
NODE_4518_length_1137_cov_22.877649	587	667	0	7	80	0.0875000
NODE_4518_length_1137_cov_22.877649	587	667	2	12	80	0.1500000
NODE_4518_length_1137_cov_22.877649	587	667	4	61	80	0.7625000
NODE_4519_length_1137_cov_21.570328	383	463	0	80	80	1.0000000
NODE_4519_length_1137_cov_21.570328	436	516	0	80	80	1.0000000
NODE_4520_length_1137_cov_18.560694	665	745	0	80	80	1.0000000
NODE_4520_length_1137_cov_18.560694	718	798	0	80	80	1.0000000
NODE_4521_length_1137_cov_18.505780	557	637	0	80	80	1.0000000
NODE_4521_length_1137_cov_18.505780	610	690	0	80	80	1.0000000
NODE_4521_length_1137_cov_18.505780	686	766	0	34	80	0.4250000
NODE_4521_length_1137_cov_18.505780	686	766	2	11	80	0.1375000
NODE_4521_length_1137_cov_18.505780	686	766	4	35	80	0.4375000
NODE_4521_length_1137_cov_18.505780	739	819	4	80	80	1.0000000
NODE_4523_length_1137_cov_11.866089	313	393	0	14	80	0.1750000
NODE_4523_length_1137_cov_11.866089	313	393	4	66	80	0.8250000
NODE_4523_length_1137_cov_11.866089	366	446	0	14	80	0.1750000
NODE_4523_length_1137_cov_11.866089	366	446	4	66	80	0.8250000
NODE_4523_length_1137_cov_11.866089	442	522	0	80	80	1.0000000
NODE_4523_length_1137_cov_11.866089	495	575	0	80	80	1.0000000
NODE_4524_length_1137_cov_5.594412	144	224	0	80	80	1.0000000
NODE_4524_length_1137_cov_5.594412	197	277	0	80	80	1.0000000
NODE_4532_length_1136_cov_42.827387	445	525	0	80	80	1.0000000
NODE_4532_length_1136_cov_42.827387	498	578	0	80	80	1.0000000
NODE_4532_length_1136_cov_42.827387	574	654	0	80	80	1.0000000
NODE_4532_length_1136_cov_42.827387	627	707	0	80	80	1.0000000
NODE_4533_length_1136_cov_30.940212	534	614	6	34	80	0.4250000
NODE_4533_length_1136_cov_30.940212	534	614	8	46	80	0.5750000
NODE_4533_length_1136_cov_30.940212	587	667	0	22	80	0.2750000
NODE_4533_length_1136_cov_30.940212	587	667	2	28	80	0.3500000
NODE_4533_length_1136_cov_30.940212	587	667	6	24	80	0.3000000
NODE_4533_length_1136_cov_30.940212	587	667	8	6	80	0.0750000
NODE_4533_length_1136_cov_30.940212	663	743	2	7	80	0.0875000
NODE_4533_length_1136_cov_30.940212	663	743	4	1	80	0.0125000
NODE_4533_length_1136_cov_30.940212	663	743	5	7	80	0.0875000
NODE_4533_length_1136_cov_30.940212	663	743	6	13	80	0.1625000
NODE_4533_length_1136_cov_30.940212	663	743	8	52	80	0.6500000
NODE_4533_length_1136_cov_30.940212	716	796	6	66	80	0.8250000
NODE_4533_length_1136_cov_30.940212	716	796	8	14	80	0.1750000
NODE_4534_length_1136_cov_30.797493	557	637	0	80	80	1.0000000
NODE_4534_length_1136_cov_30.797493	610	691	0	81	81	1.0000000
NODE_4534_length_1136_cov_30.797493	687	767	0	80	80	1.0000000
NODE_4534_length_1136_cov_30.797493	740	820	0	30	80	0.3750000
NODE_4534_length_1136_cov_30.797493	740	820	2	50	80	0.6250000
NODE_4535_length_1136_cov_23.142719	704	784	1	27	80	0.3375000
NODE_4535_length_1136_cov_23.142719	704	784	2	53	80	0.6625000
NODE_4535_length_1136_cov_23.142719	757	837	0	34	80	0.4250000
NODE_4535_length_1136_cov_23.142719	757	837	1	46	80	0.5750000
NODE_4536_length_1136_cov_21.798457	570	651	0	81	81	1.0000000
NODE_4536_length_1136_cov_21.798457	624	704	0	80	80	1.0000000
NODE_4537_length_1136_cov_21.109932	460	532	0	72	72	1.0000000
NODE_4537_length_1136_cov_21.109932	505	585	0	80	80	1.0000000
NODE_4538_length_1136_cov_20.528447	19	99	6	2	80	0.0250000
NODE_4538_length_1136_cov_20.528447	19	99	10	2	80	0.0250000
NODE_4538_length_1136_cov_20.528447	19	99	12	44	80	0.5500000
NODE_4538_length_1136_cov_20.528447	19	99	14	16	80	0.2000000
NODE_4538_length_1136_cov_20.528447	19	99	16	16	80	0.2000000
NODE_4538_length_1136_cov_20.528447	19	99	6	2	80	0.0250000
NODE_4538_length_1136_cov_20.528447	19	99	10	2	80	0.0250000
NODE_4538_length_1136_cov_20.528447	19	99	12	44	80	0.5500000
NODE_4538_length_1136_cov_20.528447	19	99	14	16	80	0.2000000
NODE_4538_length_1136_cov_20.528447	19	99	16	16	80	0.2000000
NODE_4538_length_1136_cov_20.528447	28	99	12	39	71	0.5492958
NODE_4538_length_1136_cov_20.528447	28	99	14	16	71	0.2253521
NODE_4538_length_1136_cov_20.528447	28	99	16	16	71	0.2253521
NODE_4538_length_1136_cov_20.528447	877	912	0	35	35	1.0000000
NODE_4538_length_1136_cov_20.528447	879	921	0	42	42	1.0000000
NODE_4539_length_1136_cov_14.921890	657	737	0	80	80	1.0000000
NODE_4539_length_1136_cov_14.921890	710	790	0	80	80	1.0000000
NODE_4556_length_1135_cov_100.121622	454	534	0	80	80	1.0000000
NODE_4556_length_1135_cov_100.121622	507	587	0	80	80	1.0000000
NODE_4556_length_1135_cov_100.121622	583	663	0	80	80	1.0000000
NODE_4556_length_1135_cov_100.121622	636	719	0	83	83	1.0000000
NODE_4557_length_1135_cov_34.523166	313	393	0	3	80	0.0375000
NODE_4557_length_1135_cov_34.523166	313	393	8	4	80	0.0500000
NODE_4557_length_1135_cov_34.523166	313	393	9	20	80	0.2500000
NODE_4557_length_1135_cov_34.523166	313	393	16	34	80	0.4250000
NODE_4557_length_1135_cov_34.523166	313	393	17	19	80	0.2375000
NODE_4557_length_1135_cov_34.523166	366	446	4	2	80	0.0250000
NODE_4557_length_1135_cov_34.523166	366	446	12	3	80	0.0375000
NODE_4557_length_1135_cov_34.523166	366	446	16	37	80	0.4625000
NODE_4557_length_1135_cov_34.523166	366	446	17	37	80	0.4625000
NODE_4557_length_1135_cov_34.523166	366	446	20	1	80	0.0125000
NODE_4558_length_1135_cov_20.735521	484	564	6	8	80	0.1000000
NODE_4558_length_1135_cov_20.735521	484	564	8	36	80	0.4500000
NODE_4558_length_1135_cov_20.735521	484	564	10	36	80	0.4500000
NODE_4558_length_1135_cov_20.735521	537	617	2	35	80	0.4375000
NODE_4558_length_1135_cov_20.735521	537	617	4	16	80	0.2000000
NODE_4558_length_1135_cov_20.735521	537	617	10	29	80	0.3625000
NODE_4558_length_1135_cov_20.735521	613	693	0	44	80	0.5500000
NODE_4558_length_1135_cov_20.735521	613	693	2	36	80	0.4500000
NODE_4558_length_1135_cov_20.735521	666	746	0	2	80	0.0250000
NODE_4558_length_1135_cov_20.735521	666	746	2	78	80	0.9750000
NODE_4559_length_1135_cov_9.644788	620	700	0	27	80	0.3375000
NODE_4559_length_1135_cov_9.644788	620	700	2	53	80	0.6625000
NODE_4559_length_1135_cov_9.644788	673	753	2	80	80	1.0000000
NODE_4562_length_1135_cov_2.990347	349	429	0	80	80	1.0000000
NODE_4562_length_1135_cov_2.990347	402	482	0	38	80	0.4750000
NODE_4562_length_1135_cov_2.990347	402	482	2	42	80	0.5250000
NODE_4571_length_1134_cov_34.784541	478	558	4	26	80	0.3250000
NODE_4571_length_1134_cov_34.784541	478	558	6	2	80	0.0250000
NODE_4571_length_1134_cov_34.784541	478	558	8	52	80	0.6500000
NODE_4571_length_1134_cov_34.784541	531	611	0	53	80	0.6625000
NODE_4571_length_1134_cov_34.784541	531	611	4	26	80	0.3250000
NODE_4571_length_1134_cov_34.784541	531	611	6	1	80	0.0125000
NODE_4571_length_1134_cov_34.784541	607	687	0	70	80	0.8750000
NODE_4571_length_1134_cov_34.784541	607	687	1	1	80	0.0125000
NODE_4571_length_1134_cov_34.784541	607	687	2	9	80	0.1125000
NODE_4571_length_1134_cov_34.784541	660	740	0	17	80	0.2125000
NODE_4571_length_1134_cov_34.784541	660	740	1	1	80	0.0125000
NODE_4571_length_1134_cov_34.784541	660	740	2	62	80	0.7750000
NODE_4572_length_1134_cov_28.524638	511	591	0	80	80	1.0000000
NODE_4572_length_1134_cov_28.524638	564	644	0	36	80	0.4500000
NODE_4572_length_1134_cov_28.524638	564	644	4	44	80	0.5500000
NODE_4572_length_1134_cov_28.524638	640	720	4	80	80	1.0000000
NODE_4572_length_1134_cov_28.524638	693	773	0	49	80	0.6125000
NODE_4572_length_1134_cov_28.524638	693	773	4	31	80	0.3875000
NODE_4576_length_1134_cov_2.619324	606	686	0	80	80	1.0000000
NODE_4576_length_1134_cov_2.619324	659	739	0	80	80	1.0000000
NODE_4584_length_1133_cov_5.563830	292	372	0	80	80	1.0000000
NODE_4584_length_1133_cov_5.563830	345	425	0	80	80	1.0000000
NODE_4584_length_1133_cov_5.563830	904	966	12	7	62	0.1129032
NODE_4584_length_1133_cov_5.563830	904	966	14	19	62	0.3064516
NODE_4584_length_1133_cov_5.563830	904	966	16	36	62	0.5806451
NODE_4592_length_1132_cov_23.121007	485	565	0	70	80	0.8750000
NODE_4592_length_1132_cov_23.121007	485	565	2	10	80	0.1250000
NODE_4592_length_1132_cov_23.121007	538	618	0	17	80	0.2125000
NODE_4592_length_1132_cov_23.121007	538	618	2	63	80	0.7875000
NODE_4592_length_1132_cov_23.121007	618	664	2	46	46	1.0000000
NODE_4592_length_1132_cov_23.121007	700	751	0	51	51	1.0000000
NODE_4593_length_1132_cov_19.377541	595	675	0	80	80	1.0000000
NODE_4593_length_1132_cov_19.377541	648	728	0	80	80	1.0000000
NODE_4594_length_1132_cov_18.872217	363	443	0	22	80	0.2750000
NODE_4594_length_1132_cov_18.872217	363	443	2	29	80	0.3625000
NODE_4594_length_1132_cov_18.872217	363	443	4	11	80	0.1375000
NODE_4594_length_1132_cov_18.872217	363	443	7	12	80	0.1500000
NODE_4594_length_1132_cov_18.872217	363	443	10	6	80	0.0750000
NODE_4594_length_1132_cov_18.872217	416	496	4	9	80	0.1125000
NODE_4594_length_1132_cov_18.872217	416	496	7	12	80	0.1500000
NODE_4594_length_1132_cov_18.872217	416	496	10	59	80	0.7375000
NODE_4595_length_1132_cov_11.242982	474	554	6	14	80	0.1750000
NODE_4595_length_1132_cov_11.242982	474	554	8	66	80	0.8250000
NODE_4595_length_1132_cov_11.242982	527	607	0	11	80	0.1375000
NODE_4595_length_1132_cov_11.242982	527	607	2	35	80	0.4375000
NODE_4595_length_1132_cov_11.242982	527	607	7	1	80	0.0125000
NODE_4595_length_1132_cov_11.242982	527	607	8	33	80	0.4125000
NODE_4596_length_1132_cov_7.356244	354	434	0	7	80	0.0875000
NODE_4596_length_1132_cov_7.356244	354	434	2	73	80	0.9125000
NODE_4596_length_1132_cov_7.356244	407	487	0	46	80	0.5750000
NODE_4596_length_1132_cov_7.356244	407	487	2	34	80	0.4250000
NODE_4597_length_1132_cov_6.214908	269	349	0	80	80	1.0000000
NODE_4597_length_1132_cov_6.214908	322	402	0	80	80	1.0000000
NODE_4606_length_1131_cov_36.161822	478	558	0	80	80	1.0000000
NODE_4606_length_1131_cov_36.161822	531	611	0	46	80	0.5750000
NODE_4606_length_1131_cov_36.161822	531	611	2	34	80	0.4250000
NODE_4606_length_1131_cov_36.161822	607	687	2	80	80	1.0000000
NODE_4606_length_1131_cov_36.161822	660	740	0	35	80	0.4375000
NODE_4606_length_1131_cov_36.161822	660	740	2	45	80	0.5625000
NODE_4607_length_1131_cov_31.907946	390	470	0	80	80	1.0000000
NODE_4607_length_1131_cov_31.907946	443	523	0	80	80	1.0000000
NODE_4607_length_1131_cov_31.907946	519	599	0	8	80	0.1000000
NODE_4607_length_1131_cov_31.907946	519	599	2	10	80	0.1250000
NODE_4607_length_1131_cov_31.907946	519	599	4	62	80	0.7750000
NODE_4607_length_1131_cov_31.907946	572	652	4	80	80	1.0000000
NODE_4608_length_1131_cov_26.827519	464	544	0	80	80	1.0000000
NODE_4608_length_1131_cov_26.827519	517	597	0	80	80	1.0000000
NODE_4609_length_1131_cov_20.441860	555	635	0	26	80	0.3250000
NODE_4609_length_1131_cov_20.441860	555	635	2	54	80	0.6750000
NODE_4609_length_1131_cov_20.441860	608	688	0	79	80	0.9875000
NODE_4609_length_1131_cov_20.441860	608	688	2	1	80	0.0125000
NODE_4610_length_1131_cov_12.517442	420	500	0	80	80	1.0000000
NODE_4610_length_1131_cov_12.517442	473	553	0	80	80	1.0000000
NODE_4611_length_1131_cov_10.912791	429	509	0	80	80	1.0000000
NODE_4611_length_1131_cov_10.912791	482	562	0	80	80	1.0000000
NODE_4620_length_1130_cov_43.354995	742	822	6	25	80	0.3125000
NODE_4620_length_1130_cov_43.354995	742	822	7	40	80	0.5000000
NODE_4620_length_1130_cov_43.354995	742	822	8	15	80	0.1875000
NODE_4620_length_1130_cov_43.354995	795	875	0	15	80	0.1875000
NODE_4620_length_1130_cov_43.354995	795	875	6	63	80	0.7875000
NODE_4620_length_1130_cov_43.354995	795	875	8	2	80	0.0250000
NODE_4621_length_1130_cov_13.097963	642	722	0	51	80	0.6375000
NODE_4621_length_1130_cov_13.097963	642	722	2	9	80	0.1125000
NODE_4621_length_1130_cov_13.097963	642	722	6	13	80	0.1625000
NODE_4621_length_1130_cov_13.097963	642	722	8	7	80	0.0875000
NODE_4621_length_1130_cov_13.097963	695	775	2	7	80	0.0875000
NODE_4621_length_1130_cov_13.097963	695	775	5	10	80	0.1250000
NODE_4621_length_1130_cov_13.097963	695	775	6	13	80	0.1625000
NODE_4621_length_1130_cov_13.097963	695	775	7	16	80	0.2000000
NODE_4621_length_1130_cov_13.097963	695	775	8	34	80	0.4250000
NODE_4626_length_1129_cov_31.088350	396	476	4	80	80	1.0000000
NODE_4626_length_1129_cov_31.088350	449	529	0	39	80	0.4875000
NODE_4626_length_1129_cov_31.088350	449	529	4	41	80	0.5125000
NODE_4627_length_1129_cov_20.591262	450	530	0	31	80	0.3875000
NODE_4627_length_1129_cov_20.591262	450	530	14	44	80	0.5500000
NODE_4627_length_1129_cov_20.591262	450	530	16	5	80	0.0625000
NODE_4627_length_1129_cov_20.591262	503	583	2	4	80	0.0500000
NODE_4627_length_1129_cov_20.591262	503	583	14	22	80	0.2750000
NODE_4627_length_1129_cov_20.591262	503	583	16	54	80	0.6750000
NODE_4628_length_1129_cov_16.934951	261	341	0	6	80	0.0750000
NODE_4628_length_1129_cov_16.934951	261	341	4	74	80	0.9250000
NODE_4628_length_1129_cov_16.934951	314	394	4	80	80	1.0000000
NODE_4629_length_1129_cov_9.441748	665	738	0	14	73	0.1917808
NODE_4629_length_1129_cov_9.441748	665	738	2	59	73	0.8082192
NODE_4629_length_1129_cov_9.441748	711	791	0	21	80	0.2625000
NODE_4629_length_1129_cov_9.441748	711	791	2	59	80	0.7375000
NODE_4630_length_1129_cov_9.260194	658	738	0	80	80	1.0000000
NODE_4630_length_1129_cov_9.260194	711	791	0	80	80	1.0000000
NODE_4631_length_1129_cov_5.055340	759	839	0	38	80	0.4750000
NODE_4631_length_1129_cov_5.055340	759	839	2	42	80	0.5250000
NODE_4638_length_1128_cov_48.099125	588	668	4	71	80	0.8875000
NODE_4638_length_1128_cov_48.099125	588	668	6	9	80	0.1125000
NODE_4638_length_1128_cov_48.099125	641	721	2	10	80	0.1250000
NODE_4638_length_1128_cov_48.099125	641	721	4	70	80	0.8750000
NODE_4640_length_1128_cov_26.230321	455	535	0	14	80	0.1750000
NODE_4640_length_1128_cov_26.230321	455	535	2	66	80	0.8250000
NODE_4640_length_1128_cov_26.230321	508	588	2	80	80	1.0000000
NODE_4640_length_1128_cov_26.230321	584	664	2	4	80	0.0500000
NODE_4640_length_1128_cov_26.230321	584	664	3	1	80	0.0125000
NODE_4640_length_1128_cov_26.230321	584	664	4	1	80	0.0125000
NODE_4640_length_1128_cov_26.230321	584	664	6	1	80	0.0125000
NODE_4640_length_1128_cov_26.230321	584	664	17	48	80	0.6000000
NODE_4640_length_1128_cov_26.230321	584	664	19	25	80	0.3125000
NODE_4640_length_1128_cov_26.230321	637	718	14	29	81	0.3580247
NODE_4640_length_1128_cov_26.230321	637	718	16	24	81	0.2962963
NODE_4640_length_1128_cov_26.230321	637	718	17	27	81	0.3333333
NODE_4640_length_1128_cov_26.230321	637	718	18	1	81	0.0123457
NODE_4641_length_1128_cov_26.031098	594	674	0	80	80	1.0000000
NODE_4641_length_1128_cov_26.031098	647	727	0	80	80	1.0000000
NODE_4642_length_1128_cov_25.869776	465	538	2	7	73	0.0958904
NODE_4642_length_1128_cov_25.869776	465	538	4	26	73	0.3561644
NODE_4642_length_1128_cov_25.869776	465	538	6	40	73	0.5479452
NODE_4642_length_1128_cov_25.869776	601	674	2	27	73	0.3698630
NODE_4642_length_1128_cov_25.869776	601	674	3	1	73	0.0136986
NODE_4642_length_1128_cov_25.869776	601	674	4	45	73	0.6164383
NODE_4642_length_1128_cov_25.869776	647	723	2	2	76	0.0263158
NODE_4642_length_1128_cov_25.869776	647	723	4	74	76	0.9736842
NODE_4643_length_1128_cov_24.185617	350	430	6	56	80	0.7000000
NODE_4643_length_1128_cov_24.185617	350	430	9	1	80	0.0125000
NODE_4643_length_1128_cov_24.185617	350	430	10	23	80	0.2875000
NODE_4643_length_1128_cov_24.185617	403	483	4	53	80	0.6625000
NODE_4643_length_1128_cov_24.185617	403	483	6	3	80	0.0375000
NODE_4643_length_1128_cov_24.185617	403	483	9	1	80	0.0125000
NODE_4643_length_1128_cov_24.185617	403	483	10	23	80	0.2875000
NODE_4644_length_1128_cov_18.537415	335	415	0	80	80	1.0000000
NODE_4644_length_1128_cov_18.537415	388	468	0	80	80	1.0000000
NODE_4645_length_1128_cov_9.345967	690	770	0	80	80	1.0000000
NODE_4645_length_1128_cov_9.345967	743	823	0	80	80	1.0000000
NODE_4647_length_1128_cov_3.920311	675	725	0	50	50	1.0000000
NODE_4647_length_1128_cov_3.920311	698	778	0	80	80	1.0000000
NODE_4648_length_1128_cov_3.631681	613	693	0	20	80	0.2500000
NODE_4648_length_1128_cov_3.631681	613	693	2	60	80	0.7500000
NODE_4648_length_1128_cov_3.631681	666	746	0	24	80	0.3000000
NODE_4648_length_1128_cov_3.631681	666	746	2	56	80	0.7000000
NODE_4650_length_1128_cov_3.091351	519	599	0	80	80	1.0000000
NODE_4650_length_1128_cov_3.091351	572	652	0	80	80	1.0000000
NODE_4660_length_1127_cov_38.932879	405	485	0	65	80	0.8125000
NODE_4660_length_1127_cov_38.932879	405	485	2	15	80	0.1875000
NODE_4660_length_1127_cov_38.932879	458	538	0	12	80	0.1500000
NODE_4660_length_1127_cov_38.932879	458	538	2	68	80	0.8500000
NODE_4660_length_1127_cov_38.932879	534	614	0	75	80	0.9375000
NODE_4660_length_1127_cov_38.932879	534	614	2	5	80	0.0625000
NODE_4660_length_1127_cov_38.932879	587	667	0	80	80	1.0000000
NODE_4661_length_1127_cov_37.721790	236	316	0	31	80	0.3875000
NODE_4661_length_1127_cov_37.721790	236	316	2	49	80	0.6125000
NODE_4661_length_1127_cov_37.721790	289	369	0	6	80	0.0750000
NODE_4661_length_1127_cov_37.721790	289	369	2	74	80	0.9250000
NODE_4661_length_1127_cov_37.721790	365	445	0	46	80	0.5750000
NODE_4661_length_1127_cov_37.721790	365	445	3	5	80	0.0625000
NODE_4661_length_1127_cov_37.721790	365	445	9	21	80	0.2625000
NODE_4661_length_1127_cov_37.721790	365	445	10	8	80	0.1000000
NODE_4661_length_1127_cov_37.721790	418	498	9	19	80	0.2375000
NODE_4661_length_1127_cov_37.721790	418	498	10	61	80	0.7625000
NODE_4662_length_1127_cov_31.866732	444	523	0	3	79	0.0379747
NODE_4662_length_1127_cov_31.866732	444	523	2	70	79	0.8860760
NODE_4662_length_1127_cov_31.866732	444	523	10	6	79	0.0759494
NODE_4662_length_1127_cov_31.866732	496	576	0	3	80	0.0375000
NODE_4662_length_1127_cov_31.866732	496	576	2	18	80	0.2250000
NODE_4662_length_1127_cov_31.866732	496	576	10	59	80	0.7375000
NODE_4662_length_1127_cov_31.866732	572	652	0	6	80	0.0750000
NODE_4662_length_1127_cov_31.866732	572	652	10	74	80	0.9250000
NODE_4662_length_1127_cov_31.866732	625	705	0	59	80	0.7375000
NODE_4662_length_1127_cov_31.866732	625	705	10	21	80	0.2625000
NODE_4663_length_1127_cov_25.616732	430	510	0	80	80	1.0000000
NODE_4663_length_1127_cov_25.616732	483	563	0	34	80	0.4250000
NODE_4663_length_1127_cov_25.616732	483	563	2	46	80	0.5750000
NODE_4664_length_1127_cov_21.838521	338	418	0	34	80	0.4250000
NODE_4664_length_1127_cov_21.838521	338	418	2	46	80	0.5750000
NODE_4664_length_1127_cov_21.838521	391	471	0	80	80	1.0000000
NODE_4664_length_1127_cov_21.838521	467	547	0	9	80	0.1125000
NODE_4664_length_1127_cov_21.838521	467	547	2	29	80	0.3625000
NODE_4664_length_1127_cov_21.838521	467	547	4	42	80	0.5250000
NODE_4664_length_1127_cov_21.838521	520	600	0	14	80	0.1750000
NODE_4664_length_1127_cov_21.838521	520	600	4	66	80	0.8250000
NODE_4665_length_1127_cov_15.024319	711	800	0	89	89	1.0000000
NODE_4665_length_1127_cov_15.024319	773	853	0	80	80	1.0000000
NODE_4667_length_1127_cov_4.786965	386	466	0	80	80	1.0000000
NODE_4667_length_1127_cov_4.786965	439	519	0	80	80	1.0000000
NODE_4672_length_1126_cov_51.699124	448	528	0	64	80	0.8000000
NODE_4672_length_1126_cov_51.699124	448	528	2	16	80	0.2000000
NODE_4672_length_1126_cov_51.699124	501	581	0	11	80	0.1375000
NODE_4672_length_1126_cov_51.699124	501	581	2	69	80	0.8625000
NODE_4673_length_1126_cov_38.135346	427	507	0	75	80	0.9375000
NODE_4673_length_1126_cov_38.135346	427	507	2	5	80	0.0625000
NODE_4673_length_1126_cov_38.135346	480	560	0	22	80	0.2750000
NODE_4673_length_1126_cov_38.135346	480	560	2	58	80	0.7250000
NODE_4673_length_1126_cov_38.135346	556	638	0	51	82	0.6219512
NODE_4673_length_1126_cov_38.135346	556	638	2	21	82	0.2560976
NODE_4673_length_1126_cov_38.135346	556	638	4	2	82	0.0243902
NODE_4673_length_1126_cov_38.135346	556	638	6	8	82	0.0975610
NODE_4673_length_1126_cov_38.135346	611	691	0	17	80	0.2125000
NODE_4673_length_1126_cov_38.135346	611	691	4	2	80	0.0250000
NODE_4673_length_1126_cov_38.135346	611	691	6	61	80	0.7625000
NODE_4674_length_1126_cov_34.637780	23	97	6	9	74	0.1216216
NODE_4674_length_1126_cov_34.637780	23	97	10	1	74	0.0135135
NODE_4674_length_1126_cov_34.637780	23	97	12	1	74	0.0135135
NODE_4674_length_1126_cov_34.637780	23	97	14	2	74	0.0270270
NODE_4674_length_1126_cov_34.637780	23	97	16	4	74	0.0540541
NODE_4674_length_1126_cov_34.637780	23	97	18	7	74	0.0945946
NODE_4674_length_1126_cov_34.637780	23	97	20	2	74	0.0270270
NODE_4674_length_1126_cov_34.637780	23	97	26	14	74	0.1891892
NODE_4674_length_1126_cov_34.637780	23	97	33	1	74	0.0135135
NODE_4674_length_1126_cov_34.637780	23	97	41	1	74	0.0135135
NODE_4674_length_1126_cov_34.637780	23	97	47	1	74	0.0135135
NODE_4674_length_1126_cov_34.637780	23	97	48	6	74	0.0810811
NODE_4674_length_1126_cov_34.637780	23	97	54	3	74	0.0405405
NODE_4674_length_1126_cov_34.637780	23	97	58	7	74	0.0945946
NODE_4674_length_1126_cov_34.637780	23	97	62	15	74	0.2027027
NODE_4674_length_1126_cov_34.637780	146	226	12	11	80	0.1375000
NODE_4674_length_1126_cov_34.637780	146	226	19	2	80	0.0250000
NODE_4674_length_1126_cov_34.637780	146	226	20	1	80	0.0125000
NODE_4674_length_1126_cov_34.637780	146	226	29	3	80	0.0375000
NODE_4674_length_1126_cov_34.637780	146	226	31	17	80	0.2125000
NODE_4674_length_1126_cov_34.637780	146	226	37	4	80	0.0500000
NODE_4674_length_1126_cov_34.637780	146	226	41	5	80	0.0625000
NODE_4674_length_1126_cov_34.637780	146	226	47	2	80	0.0250000
NODE_4674_length_1126_cov_34.637780	146	226	49	4	80	0.0500000
NODE_4674_length_1126_cov_34.637780	146	226	50	2	80	0.0250000
NODE_4674_length_1126_cov_34.637780	146	226	51	5	80	0.0625000
NODE_4674_length_1126_cov_34.637780	146	226	53	6	80	0.0750000
NODE_4674_length_1126_cov_34.637780	146	226	54	4	80	0.0500000
NODE_4674_length_1126_cov_34.637780	146	226	55	3	80	0.0375000
NODE_4674_length_1126_cov_34.637780	146	226	61	1	80	0.0125000
NODE_4674_length_1126_cov_34.637780	146	226	64	1	80	0.0125000
NODE_4674_length_1126_cov_34.637780	146	226	66	9	80	0.1125000
NODE_4674_length_1126_cov_34.637780	146	226	12	11	80	0.1375000
NODE_4674_length_1126_cov_34.637780	146	226	19	2	80	0.0250000
NODE_4674_length_1126_cov_34.637780	146	226	20	1	80	0.0125000
NODE_4674_length_1126_cov_34.637780	146	226	29	3	80	0.0375000
NODE_4674_length_1126_cov_34.637780	146	226	31	17	80	0.2125000
NODE_4674_length_1126_cov_34.637780	146	226	37	4	80	0.0500000
NODE_4674_length_1126_cov_34.637780	146	226	41	5	80	0.0625000
NODE_4674_length_1126_cov_34.637780	146	226	47	2	80	0.0250000
NODE_4674_length_1126_cov_34.637780	146	226	49	4	80	0.0500000
NODE_4674_length_1126_cov_34.637780	146	226	50	2	80	0.0250000
NODE_4674_length_1126_cov_34.637780	146	226	51	5	80	0.0625000
NODE_4674_length_1126_cov_34.637780	146	226	53	6	80	0.0750000
NODE_4674_length_1126_cov_34.637780	146	226	54	4	80	0.0500000
NODE_4674_length_1126_cov_34.637780	146	226	55	3	80	0.0375000
NODE_4674_length_1126_cov_34.637780	146	226	61	1	80	0.0125000
NODE_4674_length_1126_cov_34.637780	146	226	64	1	80	0.0125000
NODE_4674_length_1126_cov_34.637780	146	226	66	9	80	0.1125000
NODE_4674_length_1126_cov_34.637780	146	208	29	2	62	0.0322581
NODE_4674_length_1126_cov_34.637780	146	208	31	14	62	0.2258064
NODE_4674_length_1126_cov_34.637780	146	208	37	4	62	0.0645161
NODE_4674_length_1126_cov_34.637780	146	208	41	5	62	0.0806452
NODE_4674_length_1126_cov_34.637780	146	208	47	2	62	0.0322581
NODE_4674_length_1126_cov_34.637780	146	208	49	4	62	0.0645161
NODE_4674_length_1126_cov_34.637780	146	208	50	2	62	0.0322581
NODE_4674_length_1126_cov_34.637780	146	208	51	5	62	0.0806452
NODE_4674_length_1126_cov_34.637780	146	208	53	6	62	0.0967742
NODE_4674_length_1126_cov_34.637780	146	208	54	4	62	0.0645161
NODE_4674_length_1126_cov_34.637780	146	208	55	3	62	0.0483871
NODE_4674_length_1126_cov_34.637780	146	208	61	1	62	0.0161290
NODE_4674_length_1126_cov_34.637780	146	208	64	1	62	0.0161290
NODE_4674_length_1126_cov_34.637780	146	208	66	9	62	0.1451613
NODE_4674_length_1126_cov_34.637780	146	217	12	2	71	0.0281690
NODE_4674_length_1126_cov_34.637780	146	217	19	2	71	0.0281690
NODE_4674_length_1126_cov_34.637780	146	217	20	1	71	0.0140845
NODE_4674_length_1126_cov_34.637780	146	217	29	3	71	0.0422535
NODE_4674_length_1126_cov_34.637780	146	217	31	17	71	0.2394366
NODE_4674_length_1126_cov_34.637780	146	217	37	4	71	0.0563380
NODE_4674_length_1126_cov_34.637780	146	217	41	5	71	0.0704225
NODE_4674_length_1126_cov_34.637780	146	217	47	2	71	0.0281690
NODE_4674_length_1126_cov_34.637780	146	217	49	4	71	0.0563380
NODE_4674_length_1126_cov_34.637780	146	217	50	2	71	0.0281690
NODE_4674_length_1126_cov_34.637780	146	217	51	5	71	0.0704225
NODE_4674_length_1126_cov_34.637780	146	217	53	6	71	0.0845070
NODE_4674_length_1126_cov_34.637780	146	217	54	4	71	0.0563380
NODE_4674_length_1126_cov_34.637780	146	217	55	3	71	0.0422535
NODE_4674_length_1126_cov_34.637780	146	217	61	1	71	0.0140845
NODE_4674_length_1126_cov_34.637780	146	217	64	1	71	0.0140845
NODE_4674_length_1126_cov_34.637780	146	217	66	9	71	0.1267606
NODE_4675_length_1126_cov_21.360273	595	675	0	80	80	1.0000000
NODE_4675_length_1126_cov_21.360273	648	728	0	80	80	1.0000000
NODE_4676_length_1126_cov_17.420643	422	502	0	17	80	0.2125000
NODE_4676_length_1126_cov_17.420643	422	502	2	63	80	0.7875000
NODE_4676_length_1126_cov_17.420643	475	555	0	8	80	0.1000000
NODE_4676_length_1126_cov_17.420643	475	555	2	72	80	0.9000000
NODE_4677_length_1126_cov_15.896787	383	463	0	15	80	0.1875000
NODE_4677_length_1126_cov_15.896787	383	463	2	65	80	0.8125000
NODE_4677_length_1126_cov_15.896787	436	516	0	16	80	0.2000000
NODE_4677_length_1126_cov_15.896787	436	516	2	64	80	0.8000000
NODE_4678_length_1126_cov_8.525803	174	254	0	80	80	1.0000000
NODE_4678_length_1126_cov_8.525803	227	307	0	80	80	1.0000000
NODE_4679_length_1126_cov_5.805258	463	543	0	80	80	1.0000000
NODE_4679_length_1126_cov_5.805258	516	596	0	80	80	1.0000000
NODE_4685_length_1126_cov_1.502434	6	86	0	80	80	1.0000000
NODE_4685_length_1126_cov_1.502434	59	108	0	49	49	1.0000000
NODE_4689_length_1125_cov_34.314815	405	485	0	37	80	0.4625000
NODE_4689_length_1125_cov_34.314815	405	485	2	43	80	0.5375000
NODE_4689_length_1125_cov_34.314815	458	538	2	80	80	1.0000000
NODE_4689_length_1125_cov_34.314815	534	614	0	52	80	0.6500000
NODE_4689_length_1125_cov_34.314815	534	614	2	28	80	0.3500000
NODE_4689_length_1125_cov_34.314815	587	667	0	80	80	1.0000000
NODE_4690_length_1125_cov_33.553606	458	538	2	44	80	0.5500000
NODE_4690_length_1125_cov_33.553606	458	538	6	15	80	0.1875000
NODE_4690_length_1125_cov_33.553606	458	538	8	21	80	0.2625000
NODE_4690_length_1125_cov_33.553606	511	591	6	68	80	0.8500000
NODE_4690_length_1125_cov_33.553606	511	591	8	12	80	0.1500000
NODE_4690_length_1125_cov_33.553606	587	667	0	6	80	0.0750000
NODE_4690_length_1125_cov_33.553606	587	667	2	36	80	0.4500000
NODE_4690_length_1125_cov_33.553606	587	667	6	38	80	0.4750000
NODE_4690_length_1125_cov_33.553606	640	720	2	80	80	1.0000000
NODE_4691_length_1125_cov_33.371345	408	488	0	50	80	0.6250000
NODE_4691_length_1125_cov_33.371345	408	488	4	30	80	0.3750000
NODE_4691_length_1125_cov_33.371345	461	541	4	80	80	1.0000000
NODE_4691_length_1125_cov_33.371345	537	617	4	27	80	0.3375000
NODE_4691_length_1125_cov_33.371345	537	617	5	37	80	0.4625000
NODE_4691_length_1125_cov_33.371345	537	617	9	16	80	0.2000000
NODE_4691_length_1125_cov_33.371345	590	670	5	57	80	0.7125000
NODE_4691_length_1125_cov_33.371345	590	670	6	23	80	0.2875000
NODE_4692_length_1125_cov_22.580897	279	359	2	72	80	0.9000000
NODE_4692_length_1125_cov_22.580897	279	359	4	8	80	0.1000000
NODE_4692_length_1125_cov_22.580897	332	412	2	59	80	0.7375000
NODE_4692_length_1125_cov_22.580897	332	412	4	21	80	0.2625000
NODE_4692_length_1125_cov_22.580897	408	488	0	62	80	0.7750000
NODE_4692_length_1125_cov_22.580897	408	488	2	18	80	0.2250000
NODE_4692_length_1125_cov_22.580897	461	541	0	80	80	1.0000000
NODE_4705_length_1124_cov_52.278049	616	696	0	14	80	0.1750000
NODE_4705_length_1124_cov_52.278049	616	696	2	66	80	0.8250000
NODE_4705_length_1124_cov_52.278049	669	749	0	67	80	0.8375000
NODE_4705_length_1124_cov_52.278049	669	749	2	13	80	0.1625000
NODE_4706_length_1124_cov_25.280000	444	524	0	80	80	1.0000000
NODE_4706_length_1124_cov_25.280000	497	577	0	80	80	1.0000000
NODE_4706_length_1124_cov_25.280000	573	653	0	41	80	0.5125000
NODE_4706_length_1124_cov_25.280000	573	653	2	39	80	0.4875000
NODE_4706_length_1124_cov_25.280000	626	706	2	80	80	1.0000000
NODE_4707_length_1124_cov_18.700488	114	194	0	80	80	1.0000000
NODE_4707_length_1124_cov_18.700488	167	247	0	80	80	1.0000000
NODE_4717_length_1123_cov_26.445312	388	468	0	80	80	1.0000000
NODE_4717_length_1123_cov_26.445312	441	521	0	80	80	1.0000000
NODE_4717_length_1123_cov_26.445312	517	597	0	34	80	0.4250000
NODE_4717_length_1123_cov_26.445312	517	597	2	46	80	0.5750000
NODE_4717_length_1123_cov_26.445312	570	650	0	1	80	0.0125000
NODE_4717_length_1123_cov_26.445312	570	650	2	79	80	0.9875000
NODE_4718_length_1123_cov_18.677734	522	602	0	80	80	1.0000000
NODE_4718_length_1123_cov_18.677734	575	655	0	80	80	1.0000000
NODE_4718_length_1123_cov_18.677734	651	731	0	80	80	1.0000000
NODE_4718_length_1123_cov_18.677734	704	784	0	80	80	1.0000000
NODE_4728_length_1122_cov_38.688172	295	375	0	27	80	0.3375000
NODE_4728_length_1122_cov_38.688172	295	375	1	53	80	0.6625000
NODE_4728_length_1122_cov_38.688172	348	428	0	80	80	1.0000000
NODE_4728_length_1122_cov_38.688172	424	504	0	80	80	1.0000000
NODE_4728_length_1122_cov_38.688172	477	557	0	80	80	1.0000000
NODE_4729_length_1122_cov_32.827957	232	312	0	80	80	1.0000000
NODE_4729_length_1122_cov_32.827957	285	365	0	80	80	1.0000000
NODE_4729_length_1122_cov_32.827957	361	441	0	69	80	0.8625000
NODE_4729_length_1122_cov_32.827957	361	441	2	11	80	0.1375000
NODE_4729_length_1122_cov_32.827957	414	494	0	16	80	0.2000000
NODE_4729_length_1122_cov_32.827957	414	494	2	64	80	0.8000000
NODE_4730_length_1122_cov_12.574780	396	476	2	80	80	1.0000000
NODE_4730_length_1122_cov_12.574780	449	529	0	44	80	0.5500000
NODE_4730_length_1122_cov_12.574780	449	529	2	36	80	0.4500000
NODE_4730_length_1122_cov_12.574780	525	605	0	80	80	1.0000000
NODE_4730_length_1122_cov_12.574780	578	658	0	80	80	1.0000000
NODE_4731_length_1122_cov_8.582600	586	666	0	80	80	1.0000000
NODE_4731_length_1122_cov_8.582600	639	719	0	80	80	1.0000000
NODE_4733_length_1122_cov_3.714565	284	364	0	80	80	1.0000000
NODE_4733_length_1122_cov_3.714565	337	417	0	80	80	1.0000000
NODE_4738_length_1122_cov_1.757576	25	87	0	62	62	1.0000000
NODE_4742_length_1121_cov_39.595890	507	587	0	30	80	0.3750000
NODE_4742_length_1121_cov_39.595890	507	587	4	50	80	0.6250000
NODE_4742_length_1121_cov_39.595890	560	640	0	80	80	1.0000000
NODE_4742_length_1121_cov_39.595890	636	716	0	80	80	1.0000000
NODE_4742_length_1121_cov_39.595890	689	769	0	80	80	1.0000000
NODE_4743_length_1121_cov_23.832681	525	605	0	73	80	0.9125000
NODE_4743_length_1121_cov_23.832681	525	605	6	7	80	0.0875000
NODE_4743_length_1121_cov_23.832681	578	658	0	20	80	0.2500000
NODE_4743_length_1121_cov_23.832681	578	658	6	60	80	0.7500000
NODE_4744_length_1121_cov_18.033268	1	42	0	41	41	1.0000000
NODE_4744_length_1121_cov_18.033268	671	751	0	80	80	1.0000000
NODE_4744_length_1121_cov_18.033268	724	804	0	80	80	1.0000000
NODE_4745_length_1121_cov_8.633072	610	690	0	27	80	0.3375000
NODE_4745_length_1121_cov_8.633072	610	690	2	23	80	0.2875000
NODE_4745_length_1121_cov_8.633072	610	690	4	30	80	0.3750000
NODE_4745_length_1121_cov_8.633072	663	743	2	35	80	0.4375000
NODE_4745_length_1121_cov_8.633072	663	743	4	45	80	0.5625000
NODE_4751_length_1120_cov_34.281097	377	457	2	80	80	1.0000000
NODE_4751_length_1120_cov_34.281097	430	510	2	79	80	0.9875000
NODE_4751_length_1120_cov_34.281097	430	510	4	1	80	0.0125000
NODE_4751_length_1120_cov_34.281097	506	586	2	9	80	0.1125000
NODE_4751_length_1120_cov_34.281097	506	586	4	30	80	0.3750000
NODE_4751_length_1120_cov_34.281097	506	586	6	7	80	0.0875000
NODE_4751_length_1120_cov_34.281097	506	586	7	8	80	0.1000000
NODE_4751_length_1120_cov_34.281097	506	586	8	26	80	0.3250000
NODE_4751_length_1120_cov_34.281097	559	639	4	21	80	0.2625000
NODE_4751_length_1120_cov_34.281097	559	639	6	6	80	0.0750000
NODE_4751_length_1120_cov_34.281097	559	639	7	1	80	0.0125000
NODE_4751_length_1120_cov_34.281097	559	639	8	52	80	0.6500000
NODE_4752_length_1120_cov_31.468168	401	481	0	13	80	0.1625000
NODE_4752_length_1120_cov_31.468168	401	481	2	67	80	0.8375000
NODE_4752_length_1120_cov_31.468168	454	534	2	80	80	1.0000000
NODE_4752_length_1120_cov_31.468168	530	610	0	72	80	0.9000000
NODE_4752_length_1120_cov_31.468168	530	610	2	8	80	0.1000000
NODE_4752_length_1120_cov_31.468168	583	663	0	24	80	0.3000000
NODE_4752_length_1120_cov_31.468168	583	663	2	56	80	0.7000000
NODE_4753_length_1120_cov_28.182174	418	498	16	50	80	0.6250000
NODE_4753_length_1120_cov_28.182174	418	498	18	30	80	0.3750000
NODE_4753_length_1120_cov_28.182174	471	551	0	6	80	0.0750000
NODE_4753_length_1120_cov_28.182174	471	551	15	1	80	0.0125000
NODE_4753_length_1120_cov_28.182174	471	551	16	73	80	0.9125000
NODE_4754_length_1120_cov_25.423115	405	485	0	80	80	1.0000000
NODE_4754_length_1120_cov_25.423115	458	538	0	80	80	1.0000000
NODE_4754_length_1120_cov_25.423115	534	614	0	80	80	1.0000000
NODE_4754_length_1120_cov_25.423115	587	667	0	80	80	1.0000000
NODE_4755_length_1120_cov_24.441724	589	662	4	1	73	0.0136986
NODE_4755_length_1120_cov_24.441724	589	662	5	72	73	0.9863014
NODE_4755_length_1120_cov_24.441724	636	716	0	27	80	0.3375000
NODE_4755_length_1120_cov_24.441724	636	716	2	14	80	0.1750000
NODE_4755_length_1120_cov_24.441724	636	716	4	14	80	0.1750000
NODE_4755_length_1120_cov_24.441724	636	716	5	25	80	0.3125000
NODE_4756_length_1120_cov_18.966699	406	486	0	36	80	0.4500000
NODE_4756_length_1120_cov_18.966699	406	486	2	44	80	0.5500000
NODE_4756_length_1120_cov_18.966699	459	539	0	22	80	0.2750000
NODE_4756_length_1120_cov_18.966699	459	539	2	10	80	0.1250000
NODE_4756_length_1120_cov_18.966699	459	539	3	2	80	0.0250000
NODE_4756_length_1120_cov_18.966699	459	539	4	46	80	0.5750000
NODE_4757_length_1120_cov_16.136141	508	588	0	80	80	1.0000000
NODE_4757_length_1120_cov_16.136141	561	641	0	80	80	1.0000000
NODE_4758_length_1120_cov_15.492654	460	540	0	80	80	1.0000000
NODE_4758_length_1120_cov_15.492654	460	540	0	80	80	1.0000000
NODE_4758_length_1120_cov_15.492654	513	593	0	80	80	1.0000000
NODE_4759_length_1120_cov_8.696376	646	726	0	42	80	0.5250000
NODE_4759_length_1120_cov_8.696376	646	726	2	38	80	0.4750000
NODE_4759_length_1120_cov_8.696376	699	779	2	80	80	1.0000000
NODE_4760_length_1120_cov_7.916748	304	384	0	80	80	1.0000000
NODE_4760_length_1120_cov_7.916748	357	437	0	74	80	0.9250000
NODE_4760_length_1120_cov_7.916748	357	437	2	6	80	0.0750000
NODE_4772_length_1119_cov_32.617647	425	505	0	80	80	1.0000000
NODE_4772_length_1119_cov_32.617647	478	558	0	80	80	1.0000000
NODE_4773_length_1119_cov_24.944118	455	535	0	4	80	0.0500000
NODE_4773_length_1119_cov_24.944118	455	535	14	76	80	0.9500000
NODE_4773_length_1119_cov_24.944118	508	588	0	15	80	0.1875000
NODE_4773_length_1119_cov_24.944118	508	588	13	27	80	0.3375000
NODE_4773_length_1119_cov_24.944118	508	588	14	38	80	0.4750000
NODE_4774_length_1119_cov_22.214706	614	694	0	51	80	0.6375000
NODE_4774_length_1119_cov_22.214706	614	694	4	29	80	0.3625000
NODE_4774_length_1119_cov_22.214706	667	747	4	80	80	1.0000000
NODE_4775_length_1119_cov_21.115686	431	511	12	27	80	0.3375000
NODE_4775_length_1119_cov_21.115686	431	511	14	17	80	0.2125000
NODE_4775_length_1119_cov_21.115686	431	511	16	36	80	0.4500000
NODE_4775_length_1119_cov_21.115686	484	564	4	13	80	0.1625000
NODE_4775_length_1119_cov_21.115686	484	564	6	17	80	0.2125000
NODE_4775_length_1119_cov_21.115686	484	564	16	50	80	0.6250000
NODE_4777_length_1119_cov_11.895098	565	645	0	80	80	1.0000000
NODE_4777_length_1119_cov_11.895098	618	698	0	78	80	0.9750000
NODE_4777_length_1119_cov_11.895098	618	698	2	2	80	0.0250000
NODE_4782_length_1119_cov_2.783333	37	99	5	62	62	1.0000000
NODE_4789_length_1118_cov_35.214917	555	635	0	67	80	0.8375000
NODE_4789_length_1118_cov_35.214917	555	635	2	13	80	0.1625000
NODE_4789_length_1118_cov_35.214917	608	688	0	14	80	0.1750000
NODE_4789_length_1118_cov_35.214917	608	688	2	54	80	0.6750000
NODE_4789_length_1118_cov_35.214917	608	688	4	12	80	0.1500000
NODE_4789_length_1118_cov_35.214917	684	764	4	62	80	0.7750000
NODE_4789_length_1118_cov_35.214917	684	764	6	18	80	0.2250000
NODE_4789_length_1118_cov_35.214917	737	817	4	65	80	0.8125000
NODE_4789_length_1118_cov_35.214917	737	817	6	15	80	0.1875000
NODE_4790_length_1118_cov_23.114818	602	682	0	41	80	0.5125000
NODE_4790_length_1118_cov_23.114818	602	682	2	39	80	0.4875000
NODE_4790_length_1118_cov_23.114818	655	735	2	80	80	1.0000000
NODE_4790_length_1118_cov_23.114818	731	811	2	60	80	0.7500000
NODE_4790_length_1118_cov_23.114818	731	811	4	20	80	0.2500000
NODE_4790_length_1118_cov_23.114818	784	864	2	10	80	0.1250000
NODE_4790_length_1118_cov_23.114818	784	864	4	66	80	0.8250000
NODE_4790_length_1118_cov_23.114818	784	864	5	1	80	0.0125000
NODE_4790_length_1118_cov_23.114818	784	864	6	3	80	0.0375000
NODE_4791_length_1118_cov_18.293425	388	463	0	61	75	0.8133333
NODE_4791_length_1118_cov_18.293425	388	463	2	14	75	0.1866667
NODE_4791_length_1118_cov_18.293425	436	516	0	13	80	0.1625000
NODE_4791_length_1118_cov_18.293425	436	516	2	67	80	0.8375000
NODE_4791_length_1118_cov_18.293425	512	592	0	47	80	0.5875000
NODE_4791_length_1118_cov_18.293425	512	592	2	33	80	0.4125000
NODE_4791_length_1118_cov_18.293425	565	645	0	80	80	1.0000000
NODE_4792_length_1118_cov_17.228656	480	560	0	8	80	0.1000000
NODE_4792_length_1118_cov_17.228656	480	560	2	72	80	0.9000000
NODE_4792_length_1118_cov_17.228656	533	613	0	21	80	0.2625000
NODE_4792_length_1118_cov_17.228656	533	613	2	59	80	0.7375000
NODE_4794_length_1118_cov_14.299313	468	548	0	46	80	0.5750000
NODE_4794_length_1118_cov_14.299313	468	548	4	20	80	0.2500000
NODE_4794_length_1118_cov_14.299313	468	548	8	14	80	0.1750000
NODE_4794_length_1118_cov_14.299313	521	601	4	15	80	0.1875000
NODE_4794_length_1118_cov_14.299313	521	601	8	65	80	0.8125000
NODE_4795_length_1118_cov_10.203140	306	386	0	80	80	1.0000000
NODE_4795_length_1118_cov_10.203140	359	439	0	80	80	1.0000000
NODE_4795_length_1118_cov_10.203140	435	515	0	80	80	1.0000000
NODE_4795_length_1118_cov_10.203140	488	568	0	80	80	1.0000000
NODE_4796_length_1118_cov_2.885182	471	551	0	80	80	1.0000000
NODE_4796_length_1118_cov_2.885182	524	604	0	80	80	1.0000000
NODE_4805_length_1117_cov_19.425344	541	621	0	47	80	0.5875000
NODE_4805_length_1117_cov_19.425344	541	621	4	33	80	0.4125000
NODE_4805_length_1117_cov_19.425344	594	674	0	9	80	0.1125000
NODE_4805_length_1117_cov_19.425344	594	674	4	71	80	0.8875000
NODE_4806_length_1117_cov_16.386051	385	465	0	80	80	1.0000000
NODE_4806_length_1117_cov_16.386051	438	518	0	80	80	1.0000000
NODE_4807_length_1117_cov_10.353635	294	374	3	31	80	0.3875000
NODE_4807_length_1117_cov_10.353635	294	374	5	3	80	0.0375000
NODE_4807_length_1117_cov_10.353635	294	374	7	28	80	0.3500000
NODE_4807_length_1117_cov_10.353635	294	374	9	18	80	0.2250000
NODE_4807_length_1117_cov_10.353635	347	427	5	10	80	0.1250000
NODE_4807_length_1117_cov_10.353635	347	427	7	9	80	0.1125000
NODE_4807_length_1117_cov_10.353635	347	427	8	5	80	0.0625000
NODE_4807_length_1117_cov_10.353635	347	427	9	48	80	0.6000000
NODE_4807_length_1117_cov_10.353635	347	427	10	8	80	0.1000000
NODE_4808_length_1117_cov_7.492141	417	497	0	80	80	1.0000000
NODE_4808_length_1117_cov_7.492141	470	550	0	80	80	1.0000000
NODE_4812_length_1117_cov_3.225933	666	728	8	62	62	1.0000000
NODE_4819_length_1116_cov_30.106195	457	537	0	80	80	1.0000000
NODE_4819_length_1116_cov_30.106195	510	590	0	80	80	1.0000000
NODE_4820_length_1116_cov_25.518191	831	911	0	38	80	0.4750000
NODE_4820_length_1116_cov_25.518191	831	911	1	7	80	0.0875000
NODE_4820_length_1116_cov_25.518191	831	911	2	35	80	0.4375000
NODE_4820_length_1116_cov_25.518191	884	964	2	80	80	1.0000000
NODE_4821_length_1116_cov_20.629302	500	580	0	5	80	0.0625000
NODE_4821_length_1116_cov_20.629302	500	580	2	44	80	0.5500000
NODE_4821_length_1116_cov_20.629302	500	580	4	31	80	0.3875000
NODE_4821_length_1116_cov_20.629302	553	633	2	35	80	0.4375000
NODE_4821_length_1116_cov_20.629302	553	633	4	45	80	0.5625000
NODE_4822_length_1116_cov_16.723697	345	425	0	47	80	0.5875000
NODE_4822_length_1116_cov_16.723697	345	425	2	33	80	0.4125000
NODE_4822_length_1116_cov_16.723697	398	478	2	80	80	1.0000000
NODE_4823_length_1116_cov_16.046214	735	815	0	80	80	1.0000000
NODE_4823_length_1116_cov_16.046214	788	868	0	80	80	1.0000000
NODE_4828_length_1116_cov_1.379548	800	880	0	1	80	0.0125000
NODE_4828_length_1116_cov_1.379548	800	880	4	79	80	0.9875000
NODE_4828_length_1116_cov_1.379548	853	933	0	54	80	0.6750000
NODE_4828_length_1116_cov_1.379548	853	933	4	26	80	0.3250000
NODE_4832_length_1115_cov_30.584646	549	629	0	40	80	0.5000000
NODE_4832_length_1115_cov_30.584646	549	629	1	1	80	0.0125000
NODE_4832_length_1115_cov_30.584646	549	629	7	3	80	0.0375000
NODE_4832_length_1115_cov_30.584646	549	629	8	36	80	0.4500000
NODE_4832_length_1115_cov_30.584646	602	682	2	10	80	0.1250000
NODE_4832_length_1115_cov_30.584646	602	682	8	70	80	0.8750000
NODE_4833_length_1115_cov_15.871063	454	534	0	9	80	0.1125000
NODE_4833_length_1115_cov_15.871063	454	534	8	71	80	0.8875000
NODE_4833_length_1115_cov_15.871063	507	587	0	62	80	0.7750000
NODE_4833_length_1115_cov_15.871063	507	587	8	18	80	0.2250000
NODE_4833_length_1115_cov_15.871063	583	663	0	80	80	1.0000000
NODE_4833_length_1115_cov_15.871063	636	716	0	80	80	1.0000000
NODE_4840_length_1114_cov_20.633498	1034	1114	0	23	80	0.2875000
NODE_4840_length_1114_cov_20.633498	1034	1114	2	18	80	0.2250000
NODE_4840_length_1114_cov_20.633498	1034	1114	4	24	80	0.3000000
NODE_4840_length_1114_cov_20.633498	1034	1114	6	14	80	0.1750000
NODE_4840_length_1114_cov_20.633498	1034	1114	10	1	80	0.0125000
NODE_4840_length_1114_cov_20.633498	1034	1114	0	23	80	0.2875000
NODE_4840_length_1114_cov_20.633498	1034	1114	2	18	80	0.2250000
NODE_4840_length_1114_cov_20.633498	1034	1114	4	24	80	0.3000000
NODE_4840_length_1114_cov_20.633498	1034	1114	6	14	80	0.1750000
NODE_4840_length_1114_cov_20.633498	1034	1114	10	1	80	0.0125000
NODE_4840_length_1114_cov_20.633498	1034	1114	0	23	80	0.2875000
NODE_4840_length_1114_cov_20.633498	1034	1114	2	18	80	0.2250000
NODE_4840_length_1114_cov_20.633498	1034	1114	4	24	80	0.3000000
NODE_4840_length_1114_cov_20.633498	1034	1114	6	14	80	0.1750000
NODE_4840_length_1114_cov_20.633498	1034	1114	10	1	80	0.0125000
NODE_4840_length_1114_cov_20.633498	1034	1114	0	23	80	0.2875000
NODE_4840_length_1114_cov_20.633498	1034	1114	2	18	80	0.2250000
NODE_4840_length_1114_cov_20.633498	1034	1114	4	24	80	0.3000000
NODE_4840_length_1114_cov_20.633498	1034	1114	6	14	80	0.1750000
NODE_4840_length_1114_cov_20.633498	1034	1114	10	1	80	0.0125000
NODE_4840_length_1114_cov_20.633498	1034	1114	0	23	80	0.2875000
NODE_4840_length_1114_cov_20.633498	1034	1114	2	18	80	0.2250000
NODE_4840_length_1114_cov_20.633498	1034	1114	4	24	80	0.3000000
NODE_4840_length_1114_cov_20.633498	1034	1114	6	14	80	0.1750000
NODE_4840_length_1114_cov_20.633498	1034	1114	10	1	80	0.0125000
NODE_4840_length_1114_cov_20.633498	1043	1114	0	23	71	0.3239437
NODE_4840_length_1114_cov_20.633498	1043	1114	2	18	71	0.2535211
NODE_4840_length_1114_cov_20.633498	1043	1114	4	24	71	0.3380282
NODE_4840_length_1114_cov_20.633498	1043	1114	6	6	71	0.0845070
NODE_4841_length_1114_cov_17.383251	516	601	0	85	85	1.0000000
NODE_4841_length_1114_cov_17.383251	574	653	0	28	79	0.3544304
NODE_4841_length_1114_cov_17.383251	574	653	2	51	79	0.6455696
NODE_4841_length_1114_cov_17.383251	649	729	2	6	80	0.0750000
NODE_4841_length_1114_cov_17.383251	649	729	4	12	80	0.1500000
NODE_4841_length_1114_cov_17.383251	649	729	6	1	80	0.0125000
NODE_4841_length_1114_cov_17.383251	649	729	8	3	80	0.0375000
NODE_4841_length_1114_cov_17.383251	649	729	10	31	80	0.3875000
NODE_4841_length_1114_cov_17.383251	649	729	12	27	80	0.3375000
NODE_4841_length_1114_cov_17.383251	702	782	2	19	80	0.2375000
NODE_4841_length_1114_cov_17.383251	702	782	6	24	80	0.3000000
NODE_4841_length_1114_cov_17.383251	702	782	8	13	80	0.1625000
NODE_4841_length_1114_cov_17.383251	702	782	10	20	80	0.2500000
NODE_4841_length_1114_cov_17.383251	702	782	12	4	80	0.0500000
NODE_4842_length_1114_cov_5.562562	563	643	0	80	80	1.0000000
NODE_4842_length_1114_cov_5.562562	616	696	0	80	80	1.0000000
NODE_4847_length_1113_cov_51.988166	343	423	10	33	80	0.4125000
NODE_4847_length_1113_cov_51.988166	343	423	12	1	80	0.0125000
NODE_4847_length_1113_cov_51.988166	343	423	13	29	80	0.3625000
NODE_4847_length_1113_cov_51.988166	343	423	16	1	80	0.0125000
NODE_4847_length_1113_cov_51.988166	343	423	17	16	80	0.2000000
NODE_4847_length_1113_cov_51.988166	396	476	6	13	80	0.1625000
NODE_4847_length_1113_cov_51.988166	396	476	7	34	80	0.4250000
NODE_4847_length_1113_cov_51.988166	396	476	12	7	80	0.0875000
NODE_4847_length_1113_cov_51.988166	396	476	13	26	80	0.3250000
NODE_4847_length_1113_cov_51.988166	472	552	0	36	80	0.4500000
NODE_4847_length_1113_cov_51.988166	472	552	2	28	80	0.3500000
NODE_4847_length_1113_cov_51.988166	472	552	7	16	80	0.2000000
NODE_4847_length_1113_cov_51.988166	525	605	2	80	80	1.0000000
NODE_4848_length_1113_cov_35.005917	359	439	0	80	80	1.0000000
NODE_4848_length_1113_cov_35.005917	412	492	0	80	80	1.0000000
NODE_4849_length_1113_cov_28.106509	570	650	0	16	80	0.2000000
NODE_4849_length_1113_cov_28.106509	570	650	2	64	80	0.8000000
NODE_4849_length_1113_cov_28.106509	623	703	0	69	80	0.8625000
NODE_4849_length_1113_cov_28.106509	623	703	2	11	80	0.1375000
NODE_4849_length_1113_cov_28.106509	699	779	0	59	80	0.7375000
NODE_4849_length_1113_cov_28.106509	699	779	4	21	80	0.2625000
NODE_4849_length_1113_cov_28.106509	752	832	0	6	80	0.0750000
NODE_4849_length_1113_cov_28.106509	752	832	4	74	80	0.9250000
NODE_4850_length_1113_cov_18.636095	512	592	0	80	80	1.0000000
NODE_4850_length_1113_cov_18.636095	565	645	0	80	80	1.0000000
NODE_4851_length_1113_cov_16.664694	352	432	0	80	80	1.0000000
NODE_4851_length_1113_cov_16.664694	405	485	0	54	80	0.6750000
NODE_4851_length_1113_cov_16.664694	405	485	2	26	80	0.3250000
NODE_4851_length_1113_cov_16.664694	481	561	0	2	80	0.0250000
NODE_4851_length_1113_cov_16.664694	481	561	2	78	80	0.9750000
NODE_4851_length_1113_cov_16.664694	534	614	0	55	80	0.6875000
NODE_4851_length_1113_cov_16.664694	534	614	2	25	80	0.3125000
NODE_4852_length_1113_cov_14.155819	454	512	0	56	58	0.9655172
NODE_4852_length_1113_cov_14.155819	454	512	2	2	58	0.0344828
NODE_4852_length_1113_cov_14.155819	511	575	0	64	64	1.0000000
NODE_4853_length_1113_cov_10.185404	494	574	0	80	80	1.0000000
NODE_4853_length_1113_cov_10.185404	547	627	0	80	80	1.0000000
NODE_4855_length_1113_cov_4.005917	700	780	0	80	80	1.0000000
NODE_4855_length_1113_cov_4.005917	753	833	0	64	80	0.8000000
NODE_4855_length_1113_cov_4.005917	753	833	2	16	80	0.2000000
NODE_4866_length_1112_cov_14.961500	427	507	0	22	80	0.2750000
NODE_4866_length_1112_cov_14.961500	427	507	4	26	80	0.3250000
NODE_4866_length_1112_cov_14.961500	427	507	6	32	80	0.4000000
NODE_4866_length_1112_cov_14.961500	480	560	2	6	80	0.0750000
NODE_4866_length_1112_cov_14.961500	480	560	6	74	80	0.9250000
NODE_4866_length_1112_cov_14.961500	556	636	0	53	80	0.6625000
NODE_4866_length_1112_cov_14.961500	556	636	2	27	80	0.3375000
NODE_4866_length_1112_cov_14.961500	609	689	0	80	80	1.0000000
NODE_4875_length_1112_cov_1.655479	45	123	0	9	78	0.1153846
NODE_4875_length_1112_cov_1.655479	45	123	2	6	78	0.0769231
NODE_4875_length_1112_cov_1.655479	45	123	4	1	78	0.0128205
NODE_4875_length_1112_cov_1.655479	45	123	6	62	78	0.7948718
NODE_4875_length_1112_cov_1.655479	98	166	0	50	68	0.7352941
NODE_4875_length_1112_cov_1.655479	98	166	2	8	68	0.1176471
NODE_4875_length_1112_cov_1.655479	98	166	4	1	68	0.0147059
NODE_4875_length_1112_cov_1.655479	98	166	6	9	68	0.1323529
NODE_4880_length_1111_cov_37.999012	473	553	0	80	80	1.0000000
NODE_4880_length_1111_cov_37.999012	526	606	0	80	80	1.0000000
NODE_4880_length_1111_cov_37.999012	602	682	0	38	80	0.4750000
NODE_4880_length_1111_cov_37.999012	602	682	4	42	80	0.5250000
NODE_4880_length_1111_cov_37.999012	655	735	4	80	80	1.0000000
NODE_4881_length_1111_cov_24.394269	644	724	0	60	80	0.7500000
NODE_4881_length_1111_cov_24.394269	644	724	2	20	80	0.2500000
NODE_4881_length_1111_cov_24.394269	697	777	0	7	80	0.0875000
NODE_4881_length_1111_cov_24.394269	697	777	2	27	80	0.3375000
NODE_4881_length_1111_cov_24.394269	697	777	4	41	80	0.5125000
NODE_4881_length_1111_cov_24.394269	697	777	6	5	80	0.0625000
NODE_4882_length_1111_cov_23.676877	374	454	0	80	80	1.0000000
NODE_4882_length_1111_cov_23.676877	427	507	0	80	80	1.0000000
NODE_4883_length_1111_cov_17.522727	383	463	0	22	80	0.2750000
NODE_4883_length_1111_cov_17.522727	383	463	2	58	80	0.7250000
NODE_4883_length_1111_cov_17.522727	436	516	0	54	80	0.6750000
NODE_4883_length_1111_cov_17.522727	436	516	2	26	80	0.3250000
NODE_4884_length_1111_cov_16.495059	388	468	2	50	80	0.6250000
NODE_4884_length_1111_cov_16.495059	388	468	4	30	80	0.3750000
NODE_4884_length_1111_cov_16.495059	441	521	0	41	80	0.5125000
NODE_4884_length_1111_cov_16.495059	441	521	2	39	80	0.4875000
NODE_4885_length_1111_cov_15.366601	555	635	0	63	80	0.7875000
NODE_4885_length_1111_cov_15.366601	555	635	2	17	80	0.2125000
NODE_4885_length_1111_cov_15.366601	608	688	0	80	80	1.0000000
NODE_4886_length_1111_cov_15.314229	809	889	0	63	80	0.7875000
NODE_4886_length_1111_cov_15.314229	809	889	2	17	80	0.2125000
NODE_4886_length_1111_cov_15.314229	862	942	0	10	80	0.1250000
NODE_4886_length_1111_cov_15.314229	862	942	2	70	80	0.8750000
NODE_4887_length_1111_cov_9.732213	443	523	0	80	80	1.0000000
NODE_4887_length_1111_cov_9.732213	496	576	0	80	80	1.0000000
NODE_4888_length_1111_cov_4.907115	606	686	0	80	80	1.0000000
NODE_4888_length_1111_cov_4.907115	659	739	0	80	80	1.0000000
NODE_4892_length_1110_cov_23.012859	453	533	0	30	80	0.3750000
NODE_4892_length_1110_cov_23.012859	453	533	2	50	80	0.6250000
NODE_4892_length_1110_cov_23.012859	506	586	2	80	80	1.0000000
NODE_4892_length_1110_cov_23.012859	582	662	1	4	80	0.0500000
NODE_4892_length_1110_cov_23.012859	582	662	2	66	80	0.8250000
NODE_4892_length_1110_cov_23.012859	582	662	3	10	80	0.1250000
NODE_4892_length_1110_cov_23.012859	635	715	2	80	80	1.0000000
NODE_4895_length_1110_cov_5.305638	754	834	0	80	80	1.0000000
NODE_4895_length_1110_cov_5.305638	807	887	0	80	80	1.0000000
NODE_4896_length_1110_cov_3.698318	642	685	0	43	43	1.0000000
NODE_4899_length_1110_cov_1.871414	15	86	0	5	71	0.0704225
NODE_4899_length_1110_cov_1.871414	15	86	2	56	71	0.7887324
NODE_4899_length_1110_cov_1.871414	15	86	6	6	71	0.0845070
NODE_4899_length_1110_cov_1.871414	15	86	8	4	71	0.0563380
NODE_4903_length_1109_cov_35.307921	413	493	0	80	80	1.0000000
NODE_4903_length_1109_cov_35.307921	466	546	0	80	80	1.0000000
NODE_4903_length_1109_cov_35.307921	542	622	0	44	80	0.5500000
NODE_4903_length_1109_cov_35.307921	542	622	2	36	80	0.4500000
NODE_4903_length_1109_cov_35.307921	595	675	0	13	80	0.1625000
NODE_4903_length_1109_cov_35.307921	595	675	2	67	80	0.8375000
NODE_4904_length_1109_cov_27.880198	501	581	0	25	80	0.3125000
NODE_4904_length_1109_cov_27.880198	501	581	2	55	80	0.6875000
NODE_4904_length_1109_cov_27.880198	554	634	0	55	80	0.6875000
NODE_4904_length_1109_cov_27.880198	554	634	2	23	80	0.2875000
NODE_4904_length_1109_cov_27.880198	554	634	6	2	80	0.0250000
NODE_4904_length_1109_cov_27.880198	630	710	0	2	80	0.0250000
NODE_4904_length_1109_cov_27.880198	630	710	6	78	80	0.9750000
NODE_4904_length_1109_cov_27.880198	683	763	0	40	80	0.5000000
NODE_4904_length_1109_cov_27.880198	683	763	6	40	80	0.5000000
NODE_4905_length_1109_cov_21.858416	571	651	0	80	80	1.0000000
NODE_4905_length_1109_cov_21.858416	624	704	0	80	80	1.0000000
NODE_4912_length_1108_cov_59.921705	386	466	4	3	80	0.0375000
NODE_4912_length_1108_cov_59.921705	386	466	6	8	80	0.1000000
NODE_4912_length_1108_cov_59.921705	386	466	7	19	80	0.2375000
NODE_4912_length_1108_cov_59.921705	386	466	8	7	80	0.0875000
NODE_4912_length_1108_cov_59.921705	386	466	9	43	80	0.5375000
NODE_4912_length_1108_cov_59.921705	439	519	4	5	80	0.0625000
NODE_4912_length_1108_cov_59.921705	439	519	6	59	80	0.7375000
NODE_4912_length_1108_cov_59.921705	439	519	7	6	80	0.0750000
NODE_4912_length_1108_cov_59.921705	439	519	8	7	80	0.0875000
NODE_4912_length_1108_cov_59.921705	439	519	9	3	80	0.0375000
NODE_4912_length_1108_cov_59.921705	515	595	0	27	80	0.3375000
NODE_4912_length_1108_cov_59.921705	515	595	2	31	80	0.3875000
NODE_4912_length_1108_cov_59.921705	515	595	4	13	80	0.1625000
NODE_4912_length_1108_cov_59.921705	515	595	6	9	80	0.1125000
NODE_4912_length_1108_cov_59.921705	568	648	0	15	80	0.1875000
NODE_4912_length_1108_cov_59.921705	568	648	2	65	80	0.8125000
NODE_4914_length_1108_cov_16.069376	513	593	0	6	80	0.0750000
NODE_4914_length_1108_cov_16.069376	513	593	4	74	80	0.9250000
NODE_4914_length_1108_cov_16.069376	566	646	0	4	80	0.0500000
NODE_4914_length_1108_cov_16.069376	566	646	4	76	80	0.9500000
NODE_4916_length_1108_cov_11.656095	333	413	0	15	80	0.1875000
NODE_4916_length_1108_cov_11.656095	333	413	2	65	80	0.8125000
NODE_4916_length_1108_cov_11.656095	386	466	0	43	80	0.5375000
NODE_4916_length_1108_cov_11.656095	386	466	2	37	80	0.4625000
NODE_4917_length_1108_cov_10.266601	431	511	0	2	80	0.0250000
NODE_4917_length_1108_cov_10.266601	431	511	2	16	80	0.2000000
NODE_4917_length_1108_cov_10.266601	431	511	4	16	80	0.2000000
NODE_4917_length_1108_cov_10.266601	431	511	5	13	80	0.1625000
NODE_4917_length_1108_cov_10.266601	431	511	6	4	80	0.0500000
NODE_4917_length_1108_cov_10.266601	431	511	7	25	80	0.3125000
NODE_4917_length_1108_cov_10.266601	431	511	8	4	80	0.0500000
NODE_4917_length_1108_cov_10.266601	484	564	6	42	80	0.5250000
NODE_4917_length_1108_cov_10.266601	484	564	7	23	80	0.2875000
NODE_4917_length_1108_cov_10.266601	484	564	8	15	80	0.1875000
NODE_4918_length_1108_cov_8.895937	635	715	0	80	80	1.0000000
NODE_4918_length_1108_cov_8.895937	688	768	0	80	80	1.0000000
NODE_4920_length_1108_cov_5.682854	577	657	5	51	80	0.6375000
NODE_4920_length_1108_cov_5.682854	577	657	7	29	80	0.3625000
NODE_4920_length_1108_cov_5.682854	630	710	2	46	80	0.5750000
NODE_4920_length_1108_cov_5.682854	630	710	7	34	80	0.4250000
NODE_4927_length_1107_cov_35.050595	423	503	0	65	80	0.8125000
NODE_4927_length_1107_cov_35.050595	423	503	2	8	80	0.1000000
NODE_4927_length_1107_cov_35.050595	423	503	3	7	80	0.0875000
NODE_4927_length_1107_cov_35.050595	476	556	0	12	80	0.1500000
NODE_4927_length_1107_cov_35.050595	476	556	2	8	80	0.1000000
NODE_4927_length_1107_cov_35.050595	476	556	3	60	80	0.7500000
NODE_4927_length_1107_cov_35.050595	552	632	1	1	80	0.0125000
NODE_4927_length_1107_cov_35.050595	552	632	3	53	80	0.6625000
NODE_4927_length_1107_cov_35.050595	552	632	4	26	80	0.3250000
NODE_4927_length_1107_cov_35.050595	605	685	1	39	80	0.4875000
NODE_4927_length_1107_cov_35.050595	605	685	3	1	80	0.0125000
NODE_4927_length_1107_cov_35.050595	605	685	4	40	80	0.5000000
NODE_4928_length_1107_cov_31.386905	422	502	2	53	80	0.6625000
NODE_4928_length_1107_cov_31.386905	422	502	8	27	80	0.3375000
NODE_4928_length_1107_cov_31.386905	475	555	6	35	80	0.4375000
NODE_4928_length_1107_cov_31.386905	475	555	8	45	80	0.5625000
NODE_4929_length_1107_cov_29.178571	577	657	0	4	80	0.0500000
NODE_4929_length_1107_cov_29.178571	577	657	2	76	80	0.9500000
NODE_4929_length_1107_cov_29.178571	630	710	0	57	80	0.7125000
NODE_4929_length_1107_cov_29.178571	630	710	2	23	80	0.2875000
NODE_4929_length_1107_cov_29.178571	934	1000	8	7	66	0.1060606
NODE_4929_length_1107_cov_29.178571	934	1000	10	59	66	0.8939394
NODE_4929_length_1107_cov_29.178571	934	1005	8	12	71	0.1690141
NODE_4929_length_1107_cov_29.178571	934	1005	10	59	71	0.8309859
NODE_4930_length_1107_cov_16.038690	574	654	0	45	80	0.5625000
NODE_4930_length_1107_cov_16.038690	574	654	2	35	80	0.4375000
NODE_4930_length_1107_cov_16.038690	627	707	2	80	80	1.0000000
NODE_4931_length_1107_cov_15.472222	78	158	174	3	80	0.0375000
NODE_4931_length_1107_cov_15.472222	78	158	176	1	80	0.0125000
NODE_4931_length_1107_cov_15.472222	78	158	180	1	80	0.0125000
NODE_4931_length_1107_cov_15.472222	78	158	185	1	80	0.0125000
NODE_4931_length_1107_cov_15.472222	78	158	188	1	80	0.0125000
NODE_4931_length_1107_cov_15.472222	78	158	198	1	80	0.0125000
NODE_4931_length_1107_cov_15.472222	78	158	202	2	80	0.0250000
NODE_4931_length_1107_cov_15.472222	78	158	204	1	80	0.0125000
NODE_4931_length_1107_cov_15.472222	78	158	210	1	80	0.0125000
NODE_4931_length_1107_cov_15.472222	78	158	216	2	80	0.0250000
NODE_4931_length_1107_cov_15.472222	78	158	226	2	80	0.0250000
NODE_4931_length_1107_cov_15.472222	78	158	228	1	80	0.0125000
NODE_4931_length_1107_cov_15.472222	78	158	229	3	80	0.0375000
NODE_4931_length_1107_cov_15.472222	78	158	231	1	80	0.0125000
NODE_4931_length_1107_cov_15.472222	78	158	238	1	80	0.0125000
NODE_4931_length_1107_cov_15.472222	78	158	239	1	80	0.0125000
NODE_4931_length_1107_cov_15.472222	78	158	241	2	80	0.0250000
NODE_4931_length_1107_cov_15.472222	78	158	245	2	80	0.0250000
NODE_4931_length_1107_cov_15.472222	78	158	247	1	80	0.0125000
NODE_4931_length_1107_cov_15.472222	78	158	248	1	80	0.0125000
NODE_4931_length_1107_cov_15.472222	78	158	250	3	80	0.0375000
NODE_4931_length_1107_cov_15.472222	78	158	252	7	80	0.0875000
NODE_4931_length_1107_cov_15.472222	78	158	256	3	80	0.0375000
NODE_4931_length_1107_cov_15.472222	78	158	260	3	80	0.0375000
NODE_4931_length_1107_cov_15.472222	78	158	266	2	80	0.0250000
NODE_4931_length_1107_cov_15.472222	78	158	268	1	80	0.0125000
NODE_4931_length_1107_cov_15.472222	78	158	270	1	80	0.0125000
NODE_4931_length_1107_cov_15.472222	78	158	277	1	80	0.0125000
NODE_4931_length_1107_cov_15.472222	78	158	281	6	80	0.0750000
NODE_4931_length_1107_cov_15.472222	78	158	282	1	80	0.0125000
NODE_4931_length_1107_cov_15.472222	78	158	284	5	80	0.0625000
NODE_4931_length_1107_cov_15.472222	78	158	286	18	80	0.2250000
NODE_4931_length_1107_cov_15.472222	131	194	27	1	63	0.0158730
NODE_4931_length_1107_cov_15.472222	131	194	33	1	63	0.0158730
NODE_4931_length_1107_cov_15.472222	131	194	36	1	63	0.0158730
NODE_4931_length_1107_cov_15.472222	131	194	42	1	63	0.0158730
NODE_4931_length_1107_cov_15.472222	131	194	54	1	63	0.0158730
NODE_4931_length_1107_cov_15.472222	131	194	56	1	63	0.0158730
NODE_4931_length_1107_cov_15.472222	131	194	62	1	63	0.0158730
NODE_4931_length_1107_cov_15.472222	131	194	63	1	63	0.0158730
NODE_4931_length_1107_cov_15.472222	131	194	68	1	63	0.0158730
NODE_4931_length_1107_cov_15.472222	131	194	89	1	63	0.0158730
NODE_4931_length_1107_cov_15.472222	131	194	90	4	63	0.0634921
NODE_4931_length_1107_cov_15.472222	131	194	104	1	63	0.0158730
NODE_4931_length_1107_cov_15.472222	131	194	105	2	63	0.0317460
NODE_4931_length_1107_cov_15.472222	131	194	106	2	63	0.0317460
NODE_4931_length_1107_cov_15.472222	131	194	108	1	63	0.0158730
NODE_4931_length_1107_cov_15.472222	131	194	116	1	63	0.0158730
NODE_4931_length_1107_cov_15.472222	131	194	117	1	63	0.0158730
NODE_4931_length_1107_cov_15.472222	131	194	121	1	63	0.0158730
NODE_4931_length_1107_cov_15.472222	131	194	131	1	63	0.0158730
NODE_4931_length_1107_cov_15.472222	131	194	133	2	63	0.0317460
NODE_4931_length_1107_cov_15.472222	131	194	137	2	63	0.0317460
NODE_4931_length_1107_cov_15.472222	131	194	139	1	63	0.0158730
NODE_4931_length_1107_cov_15.472222	131	194	151	1	63	0.0158730
NODE_4931_length_1107_cov_15.472222	131	194	157	1	63	0.0158730
NODE_4931_length_1107_cov_15.472222	131	194	162	1	63	0.0158730
NODE_4931_length_1107_cov_15.472222	131	194	166	3	63	0.0476190
NODE_4931_length_1107_cov_15.472222	131	194	170	1	63	0.0158730
NODE_4931_length_1107_cov_15.472222	131	194	174	3	63	0.0476190
NODE_4931_length_1107_cov_15.472222	131	194	176	1	63	0.0158730
NODE_4931_length_1107_cov_15.472222	131	194	180	1	63	0.0158730
NODE_4931_length_1107_cov_15.472222	131	194	185	1	63	0.0158730
NODE_4931_length_1107_cov_15.472222	131	194	188	1	63	0.0158730
NODE_4931_length_1107_cov_15.472222	131	194	198	1	63	0.0158730
NODE_4931_length_1107_cov_15.472222	131	194	202	2	63	0.0317460
NODE_4931_length_1107_cov_15.472222	131	194	204	1	63	0.0158730
NODE_4931_length_1107_cov_15.472222	131	194	210	1	63	0.0158730
NODE_4931_length_1107_cov_15.472222	131	194	216	2	63	0.0317460
NODE_4931_length_1107_cov_15.472222	131	194	226	2	63	0.0317460
NODE_4931_length_1107_cov_15.472222	131	194	228	1	63	0.0158730
NODE_4931_length_1107_cov_15.472222	131	194	229	3	63	0.0476190
NODE_4931_length_1107_cov_15.472222	131	194	231	1	63	0.0158730
NODE_4931_length_1107_cov_15.472222	131	194	238	1	63	0.0158730
NODE_4931_length_1107_cov_15.472222	131	194	239	1	63	0.0158730
NODE_4931_length_1107_cov_15.472222	131	194	241	2	63	0.0317460
NODE_4931_length_1107_cov_15.472222	131	194	245	2	63	0.0317460
NODE_4931_length_1107_cov_15.472222	952	995	0	39	43	0.9069768
NODE_4931_length_1107_cov_15.472222	952	995	2	1	43	0.0232558
NODE_4931_length_1107_cov_15.472222	952	995	8	3	43	0.0697674
NODE_4931_length_1107_cov_15.472222	968	1052	0	53	84	0.6309524
NODE_4931_length_1107_cov_15.472222	968	1052	2	31	84	0.3690476
NODE_4932_length_1107_cov_13.911706	502	582	0	26	80	0.3250000
NODE_4932_length_1107_cov_13.911706	502	582	6	54	80	0.6750000
NODE_4932_length_1107_cov_13.911706	555	635	0	14	80	0.1750000
NODE_4932_length_1107_cov_13.911706	555	635	6	66	80	0.8250000
NODE_4933_length_1107_cov_11.701389	520	600	0	80	80	1.0000000
NODE_4933_length_1107_cov_11.701389	573	653	0	80	80	1.0000000
NODE_4944_length_1106_cov_59.617676	452	532	0	80	80	1.0000000
NODE_4944_length_1106_cov_59.617676	505	585	0	54	80	0.6750000
NODE_4944_length_1106_cov_59.617676	505	585	2	15	80	0.1875000
NODE_4944_length_1106_cov_59.617676	505	585	4	3	80	0.0375000
NODE_4944_length_1106_cov_59.617676	505	585	6	8	80	0.1000000
NODE_4944_length_1106_cov_59.617676	581	661	4	31	80	0.3875000
NODE_4944_length_1106_cov_59.617676	581	661	6	49	80	0.6125000
NODE_4944_length_1106_cov_59.617676	634	714	0	32	80	0.4000000
NODE_4944_length_1106_cov_59.617676	634	714	2	20	80	0.2500000
NODE_4944_length_1106_cov_59.617676	634	714	4	28	80	0.3500000
NODE_4945_length_1106_cov_40.808342	439	504	0	65	65	1.0000000
NODE_4945_length_1106_cov_40.808342	471	511	0	40	40	1.0000000
NODE_4945_length_1106_cov_40.808342	503	569	0	66	66	1.0000000
NODE_4945_length_1106_cov_40.808342	536	601	0	65	65	1.0000000
NODE_4945_length_1106_cov_40.808342	568	648	0	80	80	1.0000000
NODE_4945_length_1106_cov_40.808342	621	682	0	61	61	1.0000000
NODE_4946_length_1106_cov_23.186693	560	640	0	2	80	0.0250000
NODE_4946_length_1106_cov_23.186693	560	640	2	30	80	0.3750000
NODE_4946_length_1106_cov_23.186693	560	640	4	27	80	0.3375000
NODE_4946_length_1106_cov_23.186693	560	640	6	21	80	0.2625000
NODE_4946_length_1106_cov_23.186693	613	693	0	4	80	0.0500000
NODE_4946_length_1106_cov_23.186693	613	693	2	21	80	0.2625000
NODE_4946_length_1106_cov_23.186693	613	693	4	31	80	0.3875000
NODE_4946_length_1106_cov_23.186693	613	693	6	24	80	0.3000000
NODE_4947_length_1106_cov_14.570010	466	546	0	24	80	0.3000000
NODE_4947_length_1106_cov_14.570010	466	546	2	6	80	0.0750000
NODE_4947_length_1106_cov_14.570010	466	546	4	31	80	0.3875000
NODE_4947_length_1106_cov_14.570010	466	546	6	19	80	0.2375000
NODE_4947_length_1106_cov_14.570010	519	599	0	11	80	0.1375000
NODE_4947_length_1106_cov_14.570010	519	599	4	13	80	0.1625000
NODE_4947_length_1106_cov_14.570010	519	599	6	56	80	0.7000000
NODE_4948_length_1106_cov_14.039722	487	567	2	35	80	0.4375000
NODE_4948_length_1106_cov_14.039722	487	567	4	45	80	0.5625000
NODE_4948_length_1106_cov_14.039722	540	620	0	29	80	0.3625000
NODE_4948_length_1106_cov_14.039722	540	620	2	6	80	0.0750000
NODE_4948_length_1106_cov_14.039722	540	620	4	45	80	0.5625000
NODE_4949_length_1106_cov_8.872890	328	408	0	20	80	0.2500000
NODE_4949_length_1106_cov_8.872890	328	408	2	60	80	0.7500000
NODE_4949_length_1106_cov_8.872890	381	461	0	17	80	0.2125000
NODE_4949_length_1106_cov_8.872890	381	461	2	63	80	0.7875000
NODE_4950_length_1106_cov_7.157895	332	412	0	80	80	1.0000000
NODE_4950_length_1106_cov_7.157895	385	465	0	80	80	1.0000000
NODE_4951_length_1106_cov_6.530288	513	593	4	36	80	0.4500000
NODE_4951_length_1106_cov_6.530288	513	593	6	44	80	0.5500000
NODE_4951_length_1106_cov_6.530288	566	646	0	12	80	0.1500000
NODE_4951_length_1106_cov_6.530288	566	646	2	21	80	0.2625000
NODE_4951_length_1106_cov_6.530288	566	646	4	47	80	0.5875000
NODE_4959_length_1105_cov_28.126243	253	333	0	80	80	1.0000000
NODE_4959_length_1105_cov_28.126243	306	386	0	80	80	1.0000000
NODE_4960_length_1105_cov_24.994036	549	629	8	80	80	1.0000000
NODE_4960_length_1105_cov_24.994036	602	682	0	8	80	0.1000000
NODE_4960_length_1105_cov_24.994036	602	682	4	2	80	0.0250000
NODE_4960_length_1105_cov_24.994036	602	682	8	70	80	0.8750000
NODE_4961_length_1105_cov_17.635189	442	522	0	6	80	0.0750000
NODE_4961_length_1105_cov_17.635189	442	522	1	16	80	0.2000000
NODE_4961_length_1105_cov_17.635189	442	522	2	48	80	0.6000000
NODE_4961_length_1105_cov_17.635189	442	522	4	10	80	0.1250000
NODE_4961_length_1105_cov_17.635189	495	575	0	59	80	0.7375000
NODE_4961_length_1105_cov_17.635189	495	575	1	16	80	0.2000000
NODE_4961_length_1105_cov_17.635189	495	575	2	5	80	0.0625000
NODE_4963_length_1105_cov_10.114314	438	518	0	80	80	1.0000000
NODE_4963_length_1105_cov_10.114314	491	571	0	80	80	1.0000000
NODE_4964_length_1105_cov_8.403579	507	587	0	80	80	1.0000000
NODE_4964_length_1105_cov_8.403579	560	640	0	80	80	1.0000000
NODE_4966_length_1105_cov_6.682903	467	547	0	22	80	0.2750000
NODE_4966_length_1105_cov_6.682903	467	547	2	27	80	0.3375000
NODE_4966_length_1105_cov_6.682903	467	547	4	31	80	0.3875000
NODE_4966_length_1105_cov_6.682903	520	600	0	75	80	0.9375000
NODE_4966_length_1105_cov_6.682903	520	600	2	5	80	0.0625000
NODE_4966_length_1105_cov_6.682903	596	676	0	28	80	0.3500000
NODE_4966_length_1105_cov_6.682903	596	676	3	1	80	0.0125000
NODE_4966_length_1105_cov_6.682903	596	676	4	8	80	0.1000000
NODE_4966_length_1105_cov_6.682903	596	676	8	43	80	0.5375000
NODE_4966_length_1105_cov_6.682903	649	729	4	12	80	0.1500000
NODE_4966_length_1105_cov_6.682903	649	729	8	68	80	0.8500000
NODE_4974_length_1104_cov_27.599005	388	468	10	6	80	0.0750000
NODE_4974_length_1104_cov_27.599005	388	468	12	74	80	0.9250000
NODE_4974_length_1104_cov_27.599005	441	521	0	25	80	0.3125000
NODE_4974_length_1104_cov_27.599005	441	521	2	11	80	0.1375000
NODE_4974_length_1104_cov_27.599005	441	521	12	44	80	0.5500000
NODE_4984_length_1103_cov_2.787849	620	682	8	10	62	0.1612903
NODE_4984_length_1103_cov_2.787849	620	682	10	52	62	0.8387097
NODE_4986_length_1102_cov_34.484546	667	747	0	3	80	0.0375000
NODE_4986_length_1102_cov_34.484546	667	747	2	77	80	0.9625000
NODE_4986_length_1102_cov_34.484546	720	800	0	56	80	0.7000000
NODE_4986_length_1102_cov_34.484546	720	800	2	24	80	0.3000000
NODE_4987_length_1102_cov_17.631107	511	587	0	11	76	0.1447368
NODE_4987_length_1102_cov_17.631107	511	587	4	65	76	0.8552632
NODE_4987_length_1102_cov_17.631107	560	640	0	27	80	0.3375000
NODE_4987_length_1102_cov_17.631107	560	640	4	53	80	0.6625000
NODE_4998_length_1101_cov_35.638723	414	491	7	1	77	0.0129870
NODE_4998_length_1101_cov_35.638723	414	491	8	5	77	0.0649351
NODE_4998_length_1101_cov_35.638723	414	491	10	1	77	0.0129870
NODE_4998_length_1101_cov_35.638723	414	491	12	7	77	0.0909091
NODE_4998_length_1101_cov_35.638723	414	491	13	7	77	0.0909091
NODE_4998_length_1101_cov_35.638723	414	491	14	20	77	0.2597403
NODE_4998_length_1101_cov_35.638723	414	491	15	3	77	0.0389610
NODE_4998_length_1101_cov_35.638723	414	491	18	21	77	0.2727273
NODE_4998_length_1101_cov_35.638723	414	491	20	12	77	0.1558442
NODE_4998_length_1101_cov_35.638723	414	491	7	1	77	0.0129870
NODE_4998_length_1101_cov_35.638723	414	491	8	5	77	0.0649351
NODE_4998_length_1101_cov_35.638723	414	491	10	1	77	0.0129870
NODE_4998_length_1101_cov_35.638723	414	491	12	7	77	0.0909091
NODE_4998_length_1101_cov_35.638723	414	491	13	7	77	0.0909091
NODE_4998_length_1101_cov_35.638723	414	491	14	20	77	0.2597403
NODE_4998_length_1101_cov_35.638723	414	491	15	3	77	0.0389610
NODE_4998_length_1101_cov_35.638723	414	491	18	21	77	0.2727273
NODE_4998_length_1101_cov_35.638723	414	491	20	12	77	0.1558442
NODE_4998_length_1101_cov_35.638723	488	544	15	30	56	0.5357143
NODE_4998_length_1101_cov_35.638723	488	544	21	26	56	0.4642857
NODE_4998_length_1101_cov_35.638723	752	832	8	10	80	0.1250000
NODE_4998_length_1101_cov_35.638723	752	832	10	12	80	0.1500000
NODE_4998_length_1101_cov_35.638723	752	832	12	6	80	0.0750000
NODE_4998_length_1101_cov_35.638723	752	832	16	21	80	0.2625000
NODE_4998_length_1101_cov_35.638723	752	832	18	23	80	0.2875000
NODE_4998_length_1101_cov_35.638723	752	832	20	8	80	0.1000000
NODE_4998_length_1101_cov_35.638723	805	885	12	9	80	0.1125000
NODE_4998_length_1101_cov_35.638723	805	885	13	4	80	0.0500000
NODE_4998_length_1101_cov_35.638723	805	885	14	5	80	0.0625000
NODE_4998_length_1101_cov_35.638723	805	885	15	8	80	0.1000000
NODE_4998_length_1101_cov_35.638723	805	885	16	11	80	0.1375000
NODE_4998_length_1101_cov_35.638723	805	885	17	12	80	0.1500000
NODE_4998_length_1101_cov_35.638723	805	885	18	23	80	0.2875000
NODE_4998_length_1101_cov_35.638723	805	885	20	8	80	0.1000000
NODE_4998_length_1101_cov_35.638723	881	961	9	5	80	0.0625000
NODE_4998_length_1101_cov_35.638723	881	961	10	4	80	0.0500000
NODE_4998_length_1101_cov_35.638723	881	961	11	11	80	0.1375000
NODE_4998_length_1101_cov_35.638723	881	961	13	25	80	0.3125000
NODE_4998_length_1101_cov_35.638723	881	961	14	5	80	0.0625000
NODE_4998_length_1101_cov_35.638723	881	961	15	10	80	0.1250000
NODE_4998_length_1101_cov_35.638723	881	961	16	2	80	0.0250000
NODE_4998_length_1101_cov_35.638723	881	961	17	17	80	0.2125000
NODE_4998_length_1101_cov_35.638723	881	961	19	1	80	0.0125000
NODE_4998_length_1101_cov_35.638723	934	1014	9	4	80	0.0500000
NODE_4998_length_1101_cov_35.638723	934	1014	10	12	80	0.1500000
NODE_4998_length_1101_cov_35.638723	934	1014	11	30	80	0.3750000
NODE_4998_length_1101_cov_35.638723	934	1014	12	5	80	0.0625000
NODE_4998_length_1101_cov_35.638723	934	1014	13	20	80	0.2500000
NODE_4998_length_1101_cov_35.638723	934	1014	14	9	80	0.1125000
NODE_4999_length_1101_cov_28.366267	452	532	0	53	80	0.6625000
NODE_4999_length_1101_cov_28.366267	452	532	2	27	80	0.3375000
NODE_4999_length_1101_cov_28.366267	505	585	0	2	80	0.0250000
NODE_4999_length_1101_cov_28.366267	505	585	2	78	80	0.9750000
NODE_5000_length_1101_cov_24.513972	475	555	2	3	80	0.0375000
NODE_5000_length_1101_cov_24.513972	475	555	4	4	80	0.0500000
NODE_5000_length_1101_cov_24.513972	475	555	10	46	80	0.5750000
NODE_5000_length_1101_cov_24.513972	475	555	12	27	80	0.3375000
NODE_5000_length_1101_cov_24.513972	528	608	1	3	80	0.0375000
NODE_5000_length_1101_cov_24.513972	528	608	2	8	80	0.1000000
NODE_5000_length_1101_cov_24.513972	528	608	3	2	80	0.0250000
NODE_5000_length_1101_cov_24.513972	528	608	4	14	80	0.1750000
NODE_5000_length_1101_cov_24.513972	528	608	5	23	80	0.2875000
NODE_5000_length_1101_cov_24.513972	528	608	10	30	80	0.3750000
NODE_5001_length_1101_cov_22.315369	335	415	2	80	80	1.0000000
NODE_5001_length_1101_cov_22.315369	388	468	0	6	80	0.0750000
NODE_5001_length_1101_cov_22.315369	388	468	2	35	80	0.4375000
NODE_5001_length_1101_cov_22.315369	388	468	8	11	80	0.1375000
NODE_5001_length_1101_cov_22.315369	388	468	10	28	80	0.3500000
NODE_5001_length_1101_cov_22.315369	464	544	10	52	80	0.6500000
NODE_5001_length_1101_cov_22.315369	464	544	12	2	80	0.0250000
NODE_5001_length_1101_cov_22.315369	464	544	14	26	80	0.3250000
NODE_5001_length_1101_cov_22.315369	517	597	4	28	80	0.3500000
NODE_5001_length_1101_cov_22.315369	517	597	11	6	80	0.0750000
NODE_5001_length_1101_cov_22.315369	517	597	12	1	80	0.0125000
NODE_5001_length_1101_cov_22.315369	517	597	13	10	80	0.1250000
NODE_5001_length_1101_cov_22.315369	517	597	14	35	80	0.4375000
NODE_5002_length_1101_cov_22.070858	419	499	0	80	80	1.0000000
NODE_5002_length_1101_cov_22.070858	472	552	0	80	80	1.0000000
NODE_5002_length_1101_cov_22.070858	548	628	0	43	80	0.5375000
NODE_5002_length_1101_cov_22.070858	548	628	2	32	80	0.4000000
NODE_5002_length_1101_cov_22.070858	548	628	3	5	80	0.0625000
NODE_5002_length_1101_cov_22.070858	601	681	1	23	80	0.2875000
NODE_5002_length_1101_cov_22.070858	601	681	2	22	80	0.2750000
NODE_5002_length_1101_cov_22.070858	601	681	3	35	80	0.4375000
NODE_5003_length_1101_cov_18.821357	469	549	2	68	80	0.8500000
NODE_5003_length_1101_cov_18.821357	469	549	3	1	80	0.0125000
NODE_5003_length_1101_cov_18.821357	469	549	4	11	80	0.1375000
NODE_5003_length_1101_cov_18.821357	522	602	0	29	80	0.3625000
NODE_5003_length_1101_cov_18.821357	522	602	2	51	80	0.6375000
NODE_5004_length_1101_cov_17.151697	502	582	2	15	80	0.1875000
NODE_5004_length_1101_cov_17.151697	502	582	8	4	80	0.0500000
NODE_5004_length_1101_cov_17.151697	502	582	10	10	80	0.1250000
NODE_5004_length_1101_cov_17.151697	502	582	12	6	80	0.0750000
NODE_5004_length_1101_cov_17.151697	502	582	20	13	80	0.1625000
NODE_5004_length_1101_cov_17.151697	502	582	25	2	80	0.0250000
NODE_5004_length_1101_cov_17.151697	502	582	26	30	80	0.3750000
NODE_5004_length_1101_cov_17.151697	555	635	22	8	80	0.1000000
NODE_5004_length_1101_cov_17.151697	555	635	24	43	80	0.5375000
NODE_5004_length_1101_cov_17.151697	555	635	25	4	80	0.0500000
NODE_5004_length_1101_cov_17.151697	555	635	26	25	80	0.3125000
NODE_5005_length_1101_cov_8.371257	968	1048	9	1	80	0.0125000
NODE_5005_length_1101_cov_8.371257	968	1048	25	2	80	0.0250000
NODE_5005_length_1101_cov_8.371257	968	1048	28	1	80	0.0125000
NODE_5005_length_1101_cov_8.371257	968	1048	33	1	80	0.0125000
NODE_5005_length_1101_cov_8.371257	968	1048	35	1	80	0.0125000
NODE_5005_length_1101_cov_8.371257	968	1048	37	1	80	0.0125000
NODE_5005_length_1101_cov_8.371257	968	1048	42	1	80	0.0125000
NODE_5005_length_1101_cov_8.371257	968	1048	43	1	80	0.0125000
NODE_5005_length_1101_cov_8.371257	968	1048	45	7	80	0.0875000
NODE_5005_length_1101_cov_8.371257	968	1048	49	7	80	0.0875000
NODE_5005_length_1101_cov_8.371257	968	1048	53	4	80	0.0500000
NODE_5005_length_1101_cov_8.371257	968	1048	55	53	80	0.6625000
NODE_5010_length_1100_cov_42.528472	582	662	0	80	80	1.0000000
NODE_5010_length_1100_cov_42.528472	635	715	0	80	80	1.0000000
NODE_5010_length_1100_cov_42.528472	711	791	0	80	80	1.0000000
NODE_5010_length_1100_cov_42.528472	764	844	0	80	80	1.0000000
NODE_5011_length_1100_cov_40.883117	324	404	2	11	80	0.1375000
NODE_5011_length_1100_cov_40.883117	324	404	3	3	80	0.0375000
NODE_5011_length_1100_cov_40.883117	324	404	5	45	80	0.5625000
NODE_5011_length_1100_cov_40.883117	324	404	7	14	80	0.1750000
NODE_5011_length_1100_cov_40.883117	324	404	9	7	80	0.0875000
NODE_5011_length_1100_cov_40.883117	377	457	2	5	80	0.0625000
NODE_5011_length_1100_cov_40.883117	377	457	4	29	80	0.3625000
NODE_5011_length_1100_cov_40.883117	377	457	5	21	80	0.2625000
NODE_5011_length_1100_cov_40.883117	377	457	7	18	80	0.2250000
NODE_5011_length_1100_cov_40.883117	377	457	9	7	80	0.0875000
NODE_5011_length_1100_cov_40.883117	453	533	0	15	80	0.1875000
NODE_5011_length_1100_cov_40.883117	453	533	2	11	80	0.1375000
NODE_5011_length_1100_cov_40.883117	453	533	8	8	80	0.1000000
NODE_5011_length_1100_cov_40.883117	453	533	9	5	80	0.0625000
NODE_5011_length_1100_cov_40.883117	453	533	10	41	80	0.5125000
NODE_5011_length_1100_cov_40.883117	506	586	0	16	80	0.2000000
NODE_5011_length_1100_cov_40.883117	506	586	8	1	80	0.0125000
NODE_5011_length_1100_cov_40.883117	506	586	9	40	80	0.5000000
NODE_5011_length_1100_cov_40.883117	506	586	10	23	80	0.2875000
NODE_5012_length_1100_cov_23.160839	524	604	0	71	80	0.8875000
NODE_5012_length_1100_cov_23.160839	524	604	1	5	80	0.0625000
NODE_5012_length_1100_cov_23.160839	524	604	2	4	80	0.0500000
NODE_5012_length_1100_cov_23.160839	577	657	0	18	80	0.2250000
NODE_5012_length_1100_cov_23.160839	577	657	1	5	80	0.0625000
NODE_5012_length_1100_cov_23.160839	577	657	2	57	80	0.7125000
NODE_5012_length_1100_cov_23.160839	653	733	2	19	80	0.2375000
NODE_5012_length_1100_cov_23.160839	653	733	6	4	80	0.0500000
NODE_5012_length_1100_cov_23.160839	653	733	11	1	80	0.0125000
NODE_5012_length_1100_cov_23.160839	653	733	12	56	80	0.7000000
NODE_5012_length_1100_cov_23.160839	706	786	4	19	80	0.2375000
NODE_5012_length_1100_cov_23.160839	706	786	10	17	80	0.2125000
NODE_5012_length_1100_cov_23.160839	706	786	11	5	80	0.0625000
NODE_5012_length_1100_cov_23.160839	706	786	12	39	80	0.4875000
NODE_5013_length_1100_cov_22.200799	485	565	0	80	80	1.0000000
NODE_5013_length_1100_cov_22.200799	538	618	0	80	80	1.0000000
NODE_5013_length_1100_cov_22.200799	614	694	0	80	80	1.0000000
NODE_5013_length_1100_cov_22.200799	667	745	0	78	78	1.0000000
NODE_5014_length_1100_cov_15.353646	472	552	0	76	80	0.9500000
NODE_5014_length_1100_cov_15.353646	472	552	4	4	80	0.0500000
NODE_5014_length_1100_cov_15.353646	525	605	0	23	80	0.2875000
NODE_5014_length_1100_cov_15.353646	525	605	4	57	80	0.7125000
NODE_5015_length_1100_cov_14.584416	673	753	2	53	80	0.6625000
NODE_5015_length_1100_cov_14.584416	673	753	3	23	80	0.2875000
NODE_5015_length_1100_cov_14.584416	673	753	4	4	80	0.0500000
NODE_5015_length_1100_cov_14.584416	726	806	2	70	80	0.8750000
NODE_5015_length_1100_cov_14.584416	726	806	3	10	80	0.1250000
NODE_5029_length_1099_cov_85.893000	464	544	4	80	80	1.0000000
NODE_5029_length_1099_cov_85.893000	517	597	0	22	80	0.2750000
NODE_5029_length_1099_cov_85.893000	517	597	2	27	80	0.3375000
NODE_5029_length_1099_cov_85.893000	517	597	4	31	80	0.3875000
NODE_5029_length_1099_cov_85.893000	593	673	0	80	80	1.0000000
NODE_5029_length_1099_cov_85.893000	646	726	0	80	80	1.0000000
NODE_5030_length_1099_cov_45.874000	521	601	0	68	80	0.8500000
NODE_5030_length_1099_cov_45.874000	521	601	2	12	80	0.1500000
NODE_5030_length_1099_cov_45.874000	574	654	0	15	80	0.1875000
NODE_5030_length_1099_cov_45.874000	574	654	2	18	80	0.2250000
NODE_5030_length_1099_cov_45.874000	574	654	4	9	80	0.1125000
NODE_5030_length_1099_cov_45.874000	574	654	7	1	80	0.0125000
NODE_5030_length_1099_cov_45.874000	574	654	8	37	80	0.4625000
NODE_5030_length_1099_cov_45.874000	650	730	3	18	80	0.2250000
NODE_5030_length_1099_cov_45.874000	650	730	5	23	80	0.2875000
NODE_5030_length_1099_cov_45.874000	650	730	7	3	80	0.0375000
NODE_5030_length_1099_cov_45.874000	650	730	8	36	80	0.4500000
NODE_5030_length_1099_cov_45.874000	703	783	0	46	80	0.5750000
NODE_5030_length_1099_cov_45.874000	703	783	3	25	80	0.3125000
NODE_5030_length_1099_cov_45.874000	703	783	5	9	80	0.1125000
NODE_5031_length_1099_cov_25.192000	526	606	0	80	80	1.0000000
NODE_5031_length_1099_cov_25.192000	579	659	0	80	80	1.0000000
NODE_5032_length_1099_cov_11.846000	565	645	0	43	80	0.5375000
NODE_5032_length_1099_cov_11.846000	565	645	4	12	80	0.1500000
NODE_5032_length_1099_cov_11.846000	565	645	8	25	80	0.3125000
NODE_5032_length_1099_cov_11.846000	618	698	4	2	80	0.0250000
NODE_5032_length_1099_cov_11.846000	618	698	8	78	80	0.9750000
NODE_5033_length_1099_cov_9.527000	495	575	10	10	80	0.1250000
NODE_5033_length_1099_cov_9.527000	495	575	12	13	80	0.1625000
NODE_5033_length_1099_cov_9.527000	495	575	13	6	80	0.0750000
NODE_5033_length_1099_cov_9.527000	495	575	14	22	80	0.2750000
NODE_5033_length_1099_cov_9.527000	495	575	16	17	80	0.2125000
NODE_5033_length_1099_cov_9.527000	495	575	18	12	80	0.1500000
NODE_5033_length_1099_cov_9.527000	548	628	9	5	80	0.0625000
NODE_5033_length_1099_cov_9.527000	548	628	10	22	80	0.2750000
NODE_5033_length_1099_cov_9.527000	548	628	12	39	80	0.4875000
NODE_5033_length_1099_cov_9.527000	548	628	16	2	80	0.0250000
NODE_5033_length_1099_cov_9.527000	548	628	18	12	80	0.1500000
NODE_5034_length_1099_cov_8.993000	464	544	0	80	80	1.0000000
NODE_5034_length_1099_cov_8.993000	517	597	0	80	80	1.0000000
NODE_5039_length_1099_cov_2.286000	273	353	0	9	80	0.1125000
NODE_5039_length_1099_cov_2.286000	273	353	2	71	80	0.8875000
NODE_5045_length_1098_cov_44.988989	360	440	0	28	80	0.3500000
NODE_5045_length_1098_cov_44.988989	360	440	2	52	80	0.6500000
NODE_5045_length_1098_cov_44.988989	413	493	0	80	80	1.0000000
NODE_5046_length_1098_cov_35.192192	452	532	0	7	80	0.0875000
NODE_5046_length_1098_cov_35.192192	452	532	2	46	80	0.5750000
NODE_5046_length_1098_cov_35.192192	452	532	4	27	80	0.3375000
NODE_5046_length_1098_cov_35.192192	505	585	2	22	80	0.2750000
NODE_5046_length_1098_cov_35.192192	505	585	4	58	80	0.7250000
NODE_5046_length_1098_cov_35.192192	581	661	2	11	80	0.1375000
NODE_5046_length_1098_cov_35.192192	581	661	7	21	80	0.2625000
NODE_5046_length_1098_cov_35.192192	581	661	8	27	80	0.3375000
NODE_5046_length_1098_cov_35.192192	581	661	10	21	80	0.2625000
NODE_5046_length_1098_cov_35.192192	634	714	0	18	80	0.2250000
NODE_5046_length_1098_cov_35.192192	634	714	6	7	80	0.0875000
NODE_5046_length_1098_cov_35.192192	634	714	8	44	80	0.5500000
NODE_5046_length_1098_cov_35.192192	634	714	10	11	80	0.1375000
NODE_5047_length_1098_cov_28.743744	449	529	2	55	80	0.6875000
NODE_5047_length_1098_cov_28.743744	449	529	4	25	80	0.3125000
NODE_5047_length_1098_cov_28.743744	502	582	2	42	80	0.5250000
NODE_5047_length_1098_cov_28.743744	502	582	3	3	80	0.0375000
NODE_5047_length_1098_cov_28.743744	502	582	4	35	80	0.4375000
NODE_5047_length_1098_cov_28.743744	578	658	2	46	80	0.5750000
NODE_5047_length_1098_cov_28.743744	578	658	4	34	80	0.4250000
NODE_5047_length_1098_cov_28.743744	631	711	2	40	80	0.5000000
NODE_5047_length_1098_cov_28.743744	631	711	3	1	80	0.0125000
NODE_5047_length_1098_cov_28.743744	631	711	4	39	80	0.4875000
NODE_5048_length_1098_cov_28.230230	477	557	24	3	80	0.0375000
NODE_5048_length_1098_cov_28.230230	477	557	26	77	80	0.9625000
NODE_5048_length_1098_cov_28.230230	530	610	0	8	80	0.1000000
NODE_5048_length_1098_cov_28.230230	530	610	4	20	80	0.2500000
NODE_5048_length_1098_cov_28.230230	530	610	8	6	80	0.0750000
NODE_5048_length_1098_cov_28.230230	530	610	10	3	80	0.0375000
NODE_5048_length_1098_cov_28.230230	530	610	14	5	80	0.0625000
NODE_5048_length_1098_cov_28.230230	530	610	16	1	80	0.0125000
NODE_5048_length_1098_cov_28.230230	530	610	24	1	80	0.0125000
NODE_5048_length_1098_cov_28.230230	530	610	26	36	80	0.4500000
NODE_5048_length_1098_cov_28.230230	606	686	0	35	80	0.4375000
NODE_5048_length_1098_cov_28.230230	606	686	4	25	80	0.3125000
NODE_5048_length_1098_cov_28.230230	606	686	6	20	80	0.2500000
NODE_5048_length_1098_cov_28.230230	659	739	2	5	80	0.0625000
NODE_5048_length_1098_cov_28.230230	659	739	4	7	80	0.0875000
NODE_5048_length_1098_cov_28.230230	659	739	6	68	80	0.8500000
NODE_5049_length_1098_cov_26.131131	494	574	0	14	80	0.1750000
NODE_5049_length_1098_cov_26.131131	494	574	2	47	80	0.5875000
NODE_5049_length_1098_cov_26.131131	494	574	4	19	80	0.2375000
NODE_5049_length_1098_cov_26.131131	547	627	0	2	80	0.0250000
NODE_5049_length_1098_cov_26.131131	547	627	2	78	80	0.9750000
NODE_5050_length_1098_cov_21.355355	599	679	2	31	80	0.3875000
NODE_5050_length_1098_cov_21.355355	599	679	4	49	80	0.6125000
NODE_5050_length_1098_cov_21.355355	652	732	0	6	80	0.0750000
NODE_5050_length_1098_cov_21.355355	652	732	2	53	80	0.6625000
NODE_5050_length_1098_cov_21.355355	652	732	4	21	80	0.2625000
NODE_5051_length_1098_cov_17.087087	541	621	0	72	80	0.9000000
NODE_5051_length_1098_cov_17.087087	541	621	2	8	80	0.1000000
NODE_5051_length_1098_cov_17.087087	594	674	0	19	80	0.2375000
NODE_5051_length_1098_cov_17.087087	594	674	2	61	80	0.7625000
NODE_5051_length_1098_cov_17.087087	670	750	0	54	80	0.6750000
NODE_5051_length_1098_cov_17.087087	670	750	2	26	80	0.3250000
NODE_5051_length_1098_cov_17.087087	723	803	0	23	80	0.2875000
NODE_5051_length_1098_cov_17.087087	723	803	2	10	80	0.1250000
NODE_5051_length_1098_cov_17.087087	723	803	4	47	80	0.5875000
NODE_5052_length_1098_cov_15.455455	545	625	0	80	80	1.0000000
NODE_5052_length_1098_cov_15.455455	598	678	0	80	80	1.0000000
NODE_5052_length_1098_cov_15.455455	674	754	0	80	80	1.0000000
NODE_5052_length_1098_cov_15.455455	727	807	0	80	80	1.0000000
NODE_5054_length_1097_cov_37.103206	438	518	10	14	80	0.1750000
NODE_5054_length_1097_cov_37.103206	438	518	12	4	80	0.0500000
NODE_5054_length_1097_cov_37.103206	438	518	14	2	80	0.0250000
NODE_5054_length_1097_cov_37.103206	438	518	16	31	80	0.3875000
NODE_5054_length_1097_cov_37.103206	438	518	18	29	80	0.3625000
NODE_5054_length_1097_cov_37.103206	491	571	0	10	80	0.1250000
NODE_5054_length_1097_cov_37.103206	491	571	8	38	80	0.4750000
NODE_5054_length_1097_cov_37.103206	491	571	10	19	80	0.2375000
NODE_5054_length_1097_cov_37.103206	491	571	12	4	80	0.0500000
NODE_5054_length_1097_cov_37.103206	491	571	14	2	80	0.0250000
NODE_5054_length_1097_cov_37.103206	491	571	16	7	80	0.0875000
NODE_5054_length_1097_cov_37.103206	567	647	0	80	80	1.0000000
NODE_5054_length_1097_cov_37.103206	620	700	0	80	80	1.0000000
NODE_5055_length_1097_cov_32.624248	501	581	16	11	80	0.1375000
NODE_5055_length_1097_cov_32.624248	501	581	22	35	80	0.4375000
NODE_5055_length_1097_cov_32.624248	501	581	28	1	80	0.0125000
NODE_5055_length_1097_cov_32.624248	501	581	31	1	80	0.0125000
NODE_5055_length_1097_cov_32.624248	501	581	32	32	80	0.4000000
NODE_5055_length_1097_cov_32.624248	554	634	0	25	80	0.3125000
NODE_5055_length_1097_cov_32.624248	554	634	5	1	80	0.0125000
NODE_5055_length_1097_cov_32.624248	554	634	6	25	80	0.3125000
NODE_5055_length_1097_cov_32.624248	554	634	16	13	80	0.1625000
NODE_5055_length_1097_cov_32.624248	554	634	22	16	80	0.2000000
NODE_5056_length_1097_cov_25.240481	401	480	0	10	79	0.1265823
NODE_5056_length_1097_cov_25.240481	401	480	2	69	79	0.8734177
NODE_5056_length_1097_cov_25.240481	453	533	0	2	80	0.0250000
NODE_5056_length_1097_cov_25.240481	453	533	2	78	80	0.9750000
NODE_5056_length_1097_cov_25.240481	529	609	2	80	80	1.0000000
NODE_5056_length_1097_cov_25.240481	582	662	0	52	80	0.6500000
NODE_5056_length_1097_cov_25.240481	582	662	2	28	80	0.3500000
NODE_5057_length_1097_cov_21.221443	484	564	2	38	80	0.4750000
NODE_5057_length_1097_cov_21.221443	484	564	4	42	80	0.5250000
NODE_5057_length_1097_cov_21.221443	537	617	0	19	80	0.2375000
NODE_5057_length_1097_cov_21.221443	537	617	2	48	80	0.6000000
NODE_5057_length_1097_cov_21.221443	537	617	4	13	80	0.1625000
NODE_5057_length_1097_cov_21.221443	613	693	0	38	80	0.4750000
NODE_5057_length_1097_cov_21.221443	613	693	4	42	80	0.5250000
NODE_5057_length_1097_cov_21.221443	666	746	0	27	80	0.3375000
NODE_5057_length_1097_cov_21.221443	666	746	4	53	80	0.6625000
NODE_5058_length_1097_cov_20.968938	515	595	0	22	80	0.2750000
NODE_5058_length_1097_cov_20.968938	515	595	4	58	80	0.7250000
NODE_5058_length_1097_cov_20.968938	568	648	0	75	80	0.9375000
NODE_5058_length_1097_cov_20.968938	568	648	4	5	80	0.0625000
NODE_5059_length_1097_cov_13.136273	697	779	0	25	82	0.3048781
NODE_5059_length_1097_cov_13.136273	697	779	2	57	82	0.6951219
NODE_5059_length_1097_cov_13.136273	752	832	0	42	80	0.5250000
NODE_5059_length_1097_cov_13.136273	752	832	2	38	80	0.4750000
NODE_5060_length_1097_cov_6.376754	442	522	0	9	80	0.1125000
NODE_5060_length_1097_cov_6.376754	442	522	2	39	80	0.4875000
NODE_5060_length_1097_cov_6.376754	442	522	6	2	80	0.0250000
NODE_5060_length_1097_cov_6.376754	442	522	8	30	80	0.3750000
NODE_5060_length_1097_cov_6.376754	495	575	5	2	80	0.0250000
NODE_5060_length_1097_cov_6.376754	495	575	6	2	80	0.0250000
NODE_5060_length_1097_cov_6.376754	495	575	7	3	80	0.0375000
NODE_5060_length_1097_cov_6.376754	495	575	8	73	80	0.9125000
NODE_5061_length_1097_cov_6.068136	299	379	0	45	80	0.5625000
NODE_5061_length_1097_cov_6.068136	299	379	2	32	80	0.4000000
NODE_5061_length_1097_cov_6.068136	299	379	4	3	80	0.0375000
NODE_5061_length_1097_cov_6.068136	352	432	2	42	80	0.5250000
NODE_5061_length_1097_cov_6.068136	352	432	4	38	80	0.4750000
NODE_5072_length_1096_cov_55.816449	430	510	0	35	80	0.4375000
NODE_5072_length_1096_cov_55.816449	430	510	4	45	80	0.5625000
NODE_5072_length_1096_cov_55.816449	483	563	2	5	80	0.0625000
NODE_5072_length_1096_cov_55.816449	483	563	4	55	80	0.6875000
NODE_5072_length_1096_cov_55.816449	483	563	6	20	80	0.2500000
NODE_5072_length_1096_cov_55.816449	559	639	2	10	80	0.1250000
NODE_5072_length_1096_cov_55.816449	559	639	5	2	80	0.0250000
NODE_5072_length_1096_cov_55.816449	559	639	6	20	80	0.2500000
NODE_5072_length_1096_cov_55.816449	559	639	8	9	80	0.1125000
NODE_5072_length_1096_cov_55.816449	559	639	10	39	80	0.4875000
NODE_5072_length_1096_cov_55.816449	612	692	4	52	80	0.6500000
NODE_5072_length_1096_cov_55.816449	612	692	8	2	80	0.0250000
NODE_5072_length_1096_cov_55.816449	612	692	10	26	80	0.3250000
NODE_5073_length_1096_cov_24.672016	431	511	0	80	80	1.0000000
NODE_5073_length_1096_cov_24.672016	484	564	0	80	80	1.0000000
NODE_5073_length_1096_cov_24.672016	560	640	0	50	80	0.6250000
NODE_5073_length_1096_cov_24.672016	560	640	2	30	80	0.3750000
NODE_5073_length_1096_cov_24.672016	613	693	2	62	80	0.7750000
NODE_5073_length_1096_cov_24.672016	613	693	4	18	80	0.2250000
NODE_5074_length_1096_cov_22.980943	372	452	2	22	80	0.2750000
NODE_5074_length_1096_cov_22.980943	372	452	6	58	80	0.7250000
NODE_5074_length_1096_cov_22.980943	425	505	4	4	80	0.0500000
NODE_5074_length_1096_cov_22.980943	425	505	5	16	80	0.2000000
NODE_5074_length_1096_cov_22.980943	425	505	6	60	80	0.7500000
NODE_5075_length_1096_cov_16.649950	486	566	0	27	80	0.3375000
NODE_5075_length_1096_cov_16.649950	486	566	2	11	80	0.1375000
NODE_5075_length_1096_cov_16.649950	486	566	4	42	80	0.5250000
NODE_5075_length_1096_cov_16.649950	539	619	0	80	80	1.0000000
NODE_5076_length_1096_cov_16.433300	443	523	2	12	80	0.1500000
NODE_5076_length_1096_cov_16.433300	443	523	6	5	80	0.0625000
NODE_5076_length_1096_cov_16.433300	443	523	7	1	80	0.0125000
NODE_5076_length_1096_cov_16.433300	443	523	8	62	80	0.7750000
NODE_5076_length_1096_cov_16.433300	496	576	0	30	80	0.3750000
NODE_5076_length_1096_cov_16.433300	496	576	6	28	80	0.3500000
NODE_5076_length_1096_cov_16.433300	496	576	8	22	80	0.2750000
NODE_5076_length_1096_cov_16.433300	886	966	4	1	80	0.0125000
NODE_5076_length_1096_cov_16.433300	886	966	6	79	80	0.9875000
NODE_5076_length_1096_cov_16.433300	939	1018	0	42	79	0.5316456
NODE_5076_length_1096_cov_16.433300	939	1018	2	2	79	0.0253165
NODE_5076_length_1096_cov_16.433300	939	1018	4	9	79	0.1139240
NODE_5076_length_1096_cov_16.433300	939	1018	6	26	79	0.3291139
NODE_5077_length_1096_cov_13.398195	670	750	0	80	80	1.0000000
NODE_5077_length_1096_cov_13.398195	723	803	0	36	80	0.4500000
NODE_5077_length_1096_cov_13.398195	723	803	2	44	80	0.5500000
NODE_5080_length_1095_cov_25.390562	520	600	0	80	80	1.0000000
NODE_5080_length_1095_cov_25.390562	573	653	0	52	80	0.6500000
NODE_5080_length_1095_cov_25.390562	573	653	6	28	80	0.3500000
NODE_5080_length_1095_cov_25.390562	649	729	2	3	80	0.0375000
NODE_5080_length_1095_cov_25.390562	649	729	6	42	80	0.5250000
NODE_5080_length_1095_cov_25.390562	649	729	7	31	80	0.3875000
NODE_5080_length_1095_cov_25.390562	649	729	8	4	80	0.0500000
NODE_5080_length_1095_cov_25.390562	702	782	0	9	80	0.1125000
NODE_5080_length_1095_cov_25.390562	702	782	2	47	80	0.5875000
NODE_5080_length_1095_cov_25.390562	702	782	7	24	80	0.3000000
NODE_5081_length_1095_cov_13.832329	549	629	0	80	80	1.0000000
NODE_5081_length_1095_cov_13.832329	602	682	0	80	80	1.0000000
NODE_5082_length_1095_cov_13.017068	497	577	0	7	80	0.0875000
NODE_5082_length_1095_cov_13.017068	497	577	2	33	80	0.4125000
NODE_5082_length_1095_cov_13.017068	497	577	4	40	80	0.5000000
NODE_5082_length_1095_cov_13.017068	550	630	4	80	80	1.0000000
NODE_5083_length_1095_cov_7.640562	627	707	0	80	80	1.0000000
NODE_5083_length_1095_cov_7.640562	680	760	0	80	80	1.0000000
NODE_5085_length_1095_cov_4.664659	307	387	12	4	80	0.0500000
NODE_5085_length_1095_cov_4.664659	307	387	14	1	80	0.0125000
NODE_5085_length_1095_cov_4.664659	307	387	16	75	80	0.9375000
NODE_5089_length_1094_cov_35.850251	409	489	0	80	80	1.0000000
NODE_5089_length_1094_cov_35.850251	462	542	0	78	80	0.9750000
NODE_5089_length_1094_cov_35.850251	462	542	8	2	80	0.0250000
NODE_5089_length_1094_cov_35.850251	538	618	0	2	80	0.0250000
NODE_5089_length_1094_cov_35.850251	538	618	8	78	80	0.9750000
NODE_5089_length_1094_cov_35.850251	591	671	0	6	80	0.0750000
NODE_5089_length_1094_cov_35.850251	591	671	7	1	80	0.0125000
NODE_5089_length_1094_cov_35.850251	591	671	8	73	80	0.9125000
NODE_5090_length_1094_cov_27.197990	462	542	4	14	80	0.1750000
NODE_5090_length_1094_cov_27.197990	462	542	6	33	80	0.4125000
NODE_5090_length_1094_cov_27.197990	462	542	8	7	80	0.0875000
NODE_5090_length_1094_cov_27.197990	462	542	9	1	80	0.0125000
NODE_5090_length_1094_cov_27.197990	462	542	10	22	80	0.2750000
NODE_5090_length_1094_cov_27.197990	462	542	12	3	80	0.0375000
NODE_5090_length_1094_cov_27.197990	515	595	6	1	80	0.0125000
NODE_5090_length_1094_cov_27.197990	515	595	8	7	80	0.0875000
NODE_5090_length_1094_cov_27.197990	515	595	9	1	80	0.0125000
NODE_5090_length_1094_cov_27.197990	515	595	10	67	80	0.8375000
NODE_5090_length_1094_cov_27.197990	515	595	11	1	80	0.0125000
NODE_5090_length_1094_cov_27.197990	515	595	12	3	80	0.0375000
NODE_5091_length_1094_cov_19.282412	451	531	6	5	80	0.0625000
NODE_5091_length_1094_cov_19.282412	451	531	8	56	80	0.7000000
NODE_5091_length_1094_cov_19.282412	451	531	10	19	80	0.2375000
NODE_5091_length_1094_cov_19.282412	504	584	5	15	80	0.1875000
NODE_5091_length_1094_cov_19.282412	504	584	6	17	80	0.2125000
NODE_5091_length_1094_cov_19.282412	504	584	8	8	80	0.1000000
NODE_5091_length_1094_cov_19.282412	504	584	10	20	80	0.2500000
NODE_5091_length_1094_cov_19.282412	504	584	11	1	80	0.0125000
NODE_5091_length_1094_cov_19.282412	504	584	12	19	80	0.2375000
NODE_5092_length_1094_cov_16.084422	558	614	0	56	56	1.0000000
NODE_5092_length_1094_cov_16.084422	587	667	0	80	80	1.0000000
NODE_5093_length_1094_cov_11.335678	384	464	6	24	80	0.3000000
NODE_5093_length_1094_cov_11.335678	384	464	7	2	80	0.0250000
NODE_5093_length_1094_cov_11.335678	384	464	8	6	80	0.0750000
NODE_5093_length_1094_cov_11.335678	384	464	9	8	80	0.1000000
NODE_5093_length_1094_cov_11.335678	384	464	10	40	80	0.5000000
NODE_5093_length_1094_cov_11.335678	437	517	0	9	80	0.1125000
NODE_5093_length_1094_cov_11.335678	437	517	4	28	80	0.3500000
NODE_5093_length_1094_cov_11.335678	437	517	6	31	80	0.3875000
NODE_5093_length_1094_cov_11.335678	437	517	8	6	80	0.0750000
NODE_5093_length_1094_cov_11.335678	437	517	10	6	80	0.0750000
NODE_5094_length_1094_cov_10.767839	396	476	0	41	80	0.5125000
NODE_5094_length_1094_cov_10.767839	396	476	4	39	80	0.4875000
NODE_5094_length_1094_cov_10.767839	449	529	0	2	80	0.0250000
NODE_5094_length_1094_cov_10.767839	449	529	4	78	80	0.9750000
NODE_5095_length_1094_cov_9.527638	579	659	0	43	80	0.5375000
NODE_5095_length_1094_cov_9.527638	579	659	2	37	80	0.4625000
NODE_5095_length_1094_cov_9.527638	632	712	2	80	80	1.0000000
NODE_5096_length_1094_cov_9.166834	527	607	0	5	80	0.0625000
NODE_5096_length_1094_cov_9.166834	527	607	2	75	80	0.9375000
NODE_5096_length_1094_cov_9.166834	580	660	0	41	80	0.5125000
NODE_5096_length_1094_cov_9.166834	580	660	2	39	80	0.4875000
NODE_5097_length_1094_cov_5.632161	708	768	0	25	60	0.4166667
NODE_5097_length_1094_cov_5.632161	708	768	1	35	60	0.5833333
NODE_5097_length_1094_cov_5.632161	761	821	1	13	60	0.2166667
NODE_5097_length_1094_cov_5.632161	761	821	2	40	60	0.6666667
NODE_5097_length_1094_cov_5.632161	761	821	6	7	60	0.1166667
NODE_5108_length_1093_cov_28.531187	374	454	4	15	80	0.1875000
NODE_5108_length_1093_cov_28.531187	374	454	8	34	80	0.4250000
NODE_5108_length_1093_cov_28.531187	374	454	10	31	80	0.3875000
NODE_5108_length_1093_cov_28.531187	427	507	8	76	80	0.9500000
NODE_5108_length_1093_cov_28.531187	427	507	10	4	80	0.0500000
NODE_5109_length_1093_cov_22.744467	516	596	6	79	80	0.9875000
NODE_5109_length_1093_cov_22.744467	516	596	8	1	80	0.0125000
NODE_5109_length_1093_cov_22.744467	569	649	4	5	80	0.0625000
NODE_5109_length_1093_cov_22.744467	569	649	6	45	80	0.5625000
NODE_5109_length_1093_cov_22.744467	569	649	8	10	80	0.1250000
NODE_5109_length_1093_cov_22.744467	569	649	10	20	80	0.2500000
NODE_5109_length_1093_cov_22.744467	645	725	4	80	80	1.0000000
NODE_5109_length_1093_cov_22.744467	698	778	0	4	80	0.0500000
NODE_5109_length_1093_cov_22.744467	698	778	1	1	80	0.0125000
NODE_5109_length_1093_cov_22.744467	698	778	2	9	80	0.1125000
NODE_5109_length_1093_cov_22.744467	698	778	4	66	80	0.8250000
NODE_5110_length_1093_cov_11.637827	282	362	0	73	80	0.9125000
NODE_5110_length_1093_cov_11.637827	282	362	2	7	80	0.0875000
NODE_5110_length_1093_cov_11.637827	335	415	0	20	80	0.2500000
NODE_5110_length_1093_cov_11.637827	335	415	2	60	80	0.7500000
NODE_5111_length_1093_cov_9.047284	660	740	0	21	80	0.2625000
NODE_5111_length_1093_cov_9.047284	660	740	6	59	80	0.7375000
NODE_5111_length_1093_cov_9.047284	713	793	0	11	80	0.1375000
NODE_5111_length_1093_cov_9.047284	713	793	6	69	80	0.8625000
NODE_5112_length_1093_cov_6.857143	658	738	0	80	80	1.0000000
NODE_5112_length_1093_cov_6.857143	711	791	0	80	80	1.0000000
NODE_5113_length_1093_cov_5.311871	587	667	0	80	80	1.0000000
NODE_5113_length_1093_cov_5.311871	640	720	0	80	80	1.0000000
NODE_5118_length_1092_cov_105.542800	682	768	182	1	86	0.0116279
NODE_5118_length_1092_cov_105.542800	682	768	191	1	86	0.0116279
NODE_5118_length_1092_cov_105.542800	682	768	196	2	86	0.0232558
NODE_5118_length_1092_cov_105.542800	682	768	205	1	86	0.0116279
NODE_5118_length_1092_cov_105.542800	682	768	216	1	86	0.0116279
NODE_5118_length_1092_cov_105.542800	682	768	235	1	86	0.0116279
NODE_5118_length_1092_cov_105.542800	682	768	236	1	86	0.0116279
NODE_5118_length_1092_cov_105.542800	682	768	239	2	86	0.0232558
NODE_5118_length_1092_cov_105.542800	682	768	241	1	86	0.0116279
NODE_5118_length_1092_cov_105.542800	682	768	242	2	86	0.0232558
NODE_5118_length_1092_cov_105.542800	682	768	274	1	86	0.0116279
NODE_5118_length_1092_cov_105.542800	682	768	280	1	86	0.0116279
NODE_5118_length_1092_cov_105.542800	682	768	294	1	86	0.0116279
NODE_5118_length_1092_cov_105.542800	682	768	296	1	86	0.0116279
NODE_5118_length_1092_cov_105.542800	682	768	311	1	86	0.0116279
NODE_5118_length_1092_cov_105.542800	682	768	312	1	86	0.0116279
NODE_5118_length_1092_cov_105.542800	682	768	327	1	86	0.0116279
NODE_5118_length_1092_cov_105.542800	682	768	328	1	86	0.0116279
NODE_5118_length_1092_cov_105.542800	682	768	338	1	86	0.0116279
NODE_5118_length_1092_cov_105.542800	682	768	340	2	86	0.0232558
NODE_5118_length_1092_cov_105.542800	682	768	342	3	86	0.0348837
NODE_5118_length_1092_cov_105.542800	682	768	350	1	86	0.0116279
NODE_5118_length_1092_cov_105.542800	682	768	378	1	86	0.0116279
NODE_5118_length_1092_cov_105.542800	682	768	385	1	86	0.0116279
NODE_5118_length_1092_cov_105.542800	682	768	388	1	86	0.0116279
NODE_5118_length_1092_cov_105.542800	682	768	403	1	86	0.0116279
NODE_5118_length_1092_cov_105.542800	682	768	405	2	86	0.0232558
NODE_5118_length_1092_cov_105.542800	682	768	406	1	86	0.0116279
NODE_5118_length_1092_cov_105.542800	682	768	407	1	86	0.0116279
NODE_5118_length_1092_cov_105.542800	682	768	412	1	86	0.0116279
NODE_5118_length_1092_cov_105.542800	682	768	414	1	86	0.0116279
NODE_5118_length_1092_cov_105.542800	682	768	416	1	86	0.0116279
NODE_5118_length_1092_cov_105.542800	682	768	420	1	86	0.0116279
NODE_5118_length_1092_cov_105.542800	682	768	431	2	86	0.0232558
NODE_5118_length_1092_cov_105.542800	682	768	437	1	86	0.0116279
NODE_5118_length_1092_cov_105.542800	682	768	443	2	86	0.0232558
NODE_5118_length_1092_cov_105.542800	682	768	444	1	86	0.0116279
NODE_5118_length_1092_cov_105.542800	682	768	450	1	86	0.0116279
NODE_5118_length_1092_cov_105.542800	682	768	451	1	86	0.0116279
NODE_5118_length_1092_cov_105.542800	682	768	457	1	86	0.0116279
NODE_5118_length_1092_cov_105.542800	682	768	464	1	86	0.0116279
NODE_5118_length_1092_cov_105.542800	682	768	465	2	86	0.0232558
NODE_5118_length_1092_cov_105.542800	682	768	466	1	86	0.0116279
NODE_5118_length_1092_cov_105.542800	682	768	467	1	86	0.0116279
NODE_5118_length_1092_cov_105.542800	682	768	483	2	86	0.0232558
NODE_5118_length_1092_cov_105.542800	682	768	486	1	86	0.0116279
NODE_5118_length_1092_cov_105.542800	682	768	487	1	86	0.0116279
NODE_5118_length_1092_cov_105.542800	682	768	490	1	86	0.0116279
NODE_5118_length_1092_cov_105.542800	682	768	491	2	86	0.0232558
NODE_5118_length_1092_cov_105.542800	682	768	492	3	86	0.0348837
NODE_5118_length_1092_cov_105.542800	682	768	493	1	86	0.0116279
NODE_5118_length_1092_cov_105.542800	682	768	494	1	86	0.0116279
NODE_5118_length_1092_cov_105.542800	682	768	495	3	86	0.0348837
NODE_5118_length_1092_cov_105.542800	682	768	496	2	86	0.0232558
NODE_5118_length_1092_cov_105.542800	682	768	497	5	86	0.0581395
NODE_5118_length_1092_cov_105.542800	682	768	498	3	86	0.0348837
NODE_5118_length_1092_cov_105.542800	682	768	499	1	86	0.0116279
NODE_5118_length_1092_cov_105.542800	682	768	500	1	86	0.0116279
NODE_5118_length_1092_cov_105.542800	682	768	501	1	86	0.0116279
NODE_5118_length_1092_cov_105.542800	682	768	503	2	86	0.0232558
NODE_5118_length_1092_cov_105.542800	682	768	504	2	86	0.0232558
NODE_5118_length_1092_cov_105.542800	745	807	267	1	62	0.0161290
NODE_5118_length_1092_cov_105.542800	745	807	278	1	62	0.0161290
NODE_5118_length_1092_cov_105.542800	745	807	283	1	62	0.0161290
NODE_5118_length_1092_cov_105.542800	745	807	313	1	62	0.0161290
NODE_5118_length_1092_cov_105.542800	745	807	314	1	62	0.0161290
NODE_5118_length_1092_cov_105.542800	745	807	318	1	62	0.0161290
NODE_5118_length_1092_cov_105.542800	745	807	336	1	62	0.0161290
NODE_5118_length_1092_cov_105.542800	745	807	342	2	62	0.0322581
NODE_5118_length_1092_cov_105.542800	745	807	354	1	62	0.0161290
NODE_5118_length_1092_cov_105.542800	745	807	385	1	62	0.0161290
NODE_5118_length_1092_cov_105.542800	745	807	396	1	62	0.0161290
NODE_5118_length_1092_cov_105.542800	745	807	404	1	62	0.0161290
NODE_5118_length_1092_cov_105.542800	745	807	406	1	62	0.0161290
NODE_5118_length_1092_cov_105.542800	745	807	407	1	62	0.0161290
NODE_5118_length_1092_cov_105.542800	745	807	409	4	62	0.0645161
NODE_5118_length_1092_cov_105.542800	745	807	412	1	62	0.0161290
NODE_5118_length_1092_cov_105.542800	745	807	413	3	62	0.0483871
NODE_5118_length_1092_cov_105.542800	745	807	421	1	62	0.0161290
NODE_5118_length_1092_cov_105.542800	745	807	422	1	62	0.0161290
NODE_5118_length_1092_cov_105.542800	745	807	434	2	62	0.0322581
NODE_5118_length_1092_cov_105.542800	745	807	440	2	62	0.0322581
NODE_5118_length_1092_cov_105.542800	745	807	450	4	62	0.0645161
NODE_5118_length_1092_cov_105.542800	745	807	453	1	62	0.0161290
NODE_5118_length_1092_cov_105.542800	745	807	454	1	62	0.0161290
NODE_5118_length_1092_cov_105.542800	745	807	456	1	62	0.0161290
NODE_5118_length_1092_cov_105.542800	745	807	457	1	62	0.0161290
NODE_5118_length_1092_cov_105.542800	745	807	464	2	62	0.0322581
NODE_5118_length_1092_cov_105.542800	745	807	465	2	62	0.0322581
NODE_5118_length_1092_cov_105.542800	745	807	466	1	62	0.0161290
NODE_5118_length_1092_cov_105.542800	745	807	467	2	62	0.0322581
NODE_5118_length_1092_cov_105.542800	745	807	483	1	62	0.0161290
NODE_5118_length_1092_cov_105.542800	745	807	491	1	62	0.0161290
NODE_5118_length_1092_cov_105.542800	745	807	492	3	62	0.0483871
NODE_5118_length_1092_cov_105.542800	745	807	493	1	62	0.0161290
NODE_5118_length_1092_cov_105.542800	745	807	494	1	62	0.0161290
NODE_5118_length_1092_cov_105.542800	745	807	495	2	62	0.0322581
NODE_5118_length_1092_cov_105.542800	745	807	496	2	62	0.0322581
NODE_5118_length_1092_cov_105.542800	745	807	497	2	62	0.0322581
NODE_5118_length_1092_cov_105.542800	745	807	498	2	62	0.0322581
NODE_5118_length_1092_cov_105.542800	745	807	499	1	62	0.0161290
NODE_5118_length_1092_cov_105.542800	745	807	501	1	62	0.0161290
NODE_5118_length_1092_cov_105.542800	745	807	503	1	62	0.0161290
NODE_5119_length_1092_cov_30.957704	610	690	0	25	80	0.3125000
NODE_5119_length_1092_cov_30.957704	610	690	2	55	80	0.6875000
NODE_5119_length_1092_cov_30.957704	663	743	0	25	80	0.3125000
NODE_5119_length_1092_cov_30.957704	663	743	2	55	80	0.6875000
NODE_5121_length_1092_cov_16.737160	725	805	2	34	80	0.4250000
NODE_5121_length_1092_cov_16.737160	725	805	4	46	80	0.5750000
NODE_5121_length_1092_cov_16.737160	778	858	0	20	80	0.2500000
NODE_5121_length_1092_cov_16.737160	778	858	2	14	80	0.1750000
NODE_5121_length_1092_cov_16.737160	778	858	4	46	80	0.5750000
NODE_5123_length_1092_cov_11.193353	335	415	0	30	80	0.3750000
NODE_5123_length_1092_cov_11.193353	335	415	2	50	80	0.6250000
NODE_5123_length_1092_cov_11.193353	388	468	0	14	80	0.1750000
NODE_5123_length_1092_cov_11.193353	388	468	2	66	80	0.8250000
NODE_5124_length_1092_cov_9.348439	489	569	0	80	80	1.0000000
NODE_5124_length_1092_cov_9.348439	542	622	0	80	80	1.0000000
NODE_5125_length_1092_cov_7.533736	243	323	2	80	80	1.0000000
NODE_5125_length_1092_cov_7.533736	296	376	0	50	80	0.6250000
NODE_5125_length_1092_cov_7.533736	296	376	2	30	80	0.3750000
NODE_5126_length_1092_cov_6.968781	470	550	0	80	80	1.0000000
NODE_5126_length_1092_cov_6.968781	523	603	0	80	80	1.0000000
NODE_5134_length_1091_cov_54.234879	417	497	4	80	80	1.0000000
NODE_5134_length_1091_cov_54.234879	470	550	0	21	80	0.2625000
NODE_5134_length_1091_cov_54.234879	470	550	2	31	80	0.3875000
NODE_5134_length_1091_cov_54.234879	470	550	4	28	80	0.3500000
NODE_5134_length_1091_cov_54.234879	546	626	0	34	80	0.4250000
NODE_5134_length_1091_cov_54.234879	546	626	2	46	80	0.5750000
NODE_5134_length_1091_cov_54.234879	599	679	0	80	80	1.0000000
NODE_5135_length_1091_cov_35.045363	384	464	11	11	80	0.1375000
NODE_5135_length_1091_cov_35.045363	384	464	12	63	80	0.7875000
NODE_5135_length_1091_cov_35.045363	384	464	13	6	80	0.0750000
NODE_5135_length_1091_cov_35.045363	437	517	2	41	80	0.5125000
NODE_5135_length_1091_cov_35.045363	437	517	6	1	80	0.0125000
NODE_5135_length_1091_cov_35.045363	437	517	10	1	80	0.0125000
NODE_5135_length_1091_cov_35.045363	437	517	11	11	80	0.1375000
NODE_5135_length_1091_cov_35.045363	437	517	12	20	80	0.2500000
NODE_5135_length_1091_cov_35.045363	437	517	13	6	80	0.0750000
NODE_5135_length_1091_cov_35.045363	513	593	1	2	80	0.0250000
NODE_5135_length_1091_cov_35.045363	513	593	2	78	80	0.9750000
NODE_5135_length_1091_cov_35.045363	566	646	0	38	80	0.4750000
NODE_5135_length_1091_cov_35.045363	566	646	1	17	80	0.2125000
NODE_5135_length_1091_cov_35.045363	566	646	2	25	80	0.3125000
NODE_5136_length_1091_cov_28.490927	329	409	0	80	80	1.0000000
NODE_5136_length_1091_cov_28.490927	382	462	0	80	80	1.0000000
NODE_5136_length_1091_cov_28.490927	618	698	0	80	80	1.0000000
NODE_5136_length_1091_cov_28.490927	671	751	0	80	80	1.0000000
NODE_5137_length_1091_cov_23.733871	514	594	2	18	80	0.2250000
NODE_5137_length_1091_cov_23.733871	514	594	6	62	80	0.7750000
NODE_5137_length_1091_cov_23.733871	567	647	0	27	80	0.3375000
NODE_5137_length_1091_cov_23.733871	567	647	4	4	80	0.0500000
NODE_5137_length_1091_cov_23.733871	567	647	6	49	80	0.6125000
NODE_5138_length_1091_cov_13.065524	444	524	0	80	80	1.0000000
NODE_5138_length_1091_cov_13.065524	497	577	0	80	80	1.0000000
NODE_5139_length_1091_cov_10.961694	582	646	2	22	64	0.3437500
NODE_5139_length_1091_cov_10.961694	582	646	4	42	64	0.6562500
NODE_5140_length_1091_cov_8.166331	299	379	0	14	80	0.1750000
NODE_5140_length_1091_cov_8.166331	299	379	4	66	80	0.8250000
NODE_5140_length_1091_cov_8.166331	352	432	0	30	80	0.3750000
NODE_5140_length_1091_cov_8.166331	352	432	3	1	80	0.0125000
NODE_5140_length_1091_cov_8.166331	352	432	4	49	80	0.6125000
NODE_5141_length_1091_cov_7.006048	617	697	0	80	80	1.0000000
NODE_5141_length_1091_cov_7.006048	670	750	0	80	80	1.0000000
NODE_5151_length_1090_cov_73.781029	352	432	0	80	80	1.0000000
NODE_5151_length_1090_cov_73.781029	405	485	0	80	80	1.0000000
NODE_5151_length_1090_cov_73.781029	481	567	0	28	86	0.3255814
NODE_5151_length_1090_cov_73.781029	481	567	2	25	86	0.2906977
NODE_5151_length_1090_cov_73.781029	481	567	4	33	86	0.3837209
NODE_5151_length_1090_cov_73.781029	540	620	4	80	80	1.0000000
NODE_5152_length_1090_cov_42.394551	530	610	0	80	80	1.0000000
NODE_5152_length_1090_cov_42.394551	583	663	0	80	80	1.0000000
NODE_5153_length_1090_cov_37.643794	436	516	2	2	80	0.0250000
NODE_5153_length_1090_cov_37.643794	436	516	6	78	80	0.9750000
NODE_5153_length_1090_cov_37.643794	489	569	0	6	80	0.0750000
NODE_5153_length_1090_cov_37.643794	489	569	1	1	80	0.0125000
NODE_5153_length_1090_cov_37.643794	489	569	2	33	80	0.4125000
NODE_5153_length_1090_cov_37.643794	489	569	6	40	80	0.5000000
NODE_5153_length_1090_cov_37.643794	565	645	2	15	80	0.1875000
NODE_5153_length_1090_cov_37.643794	565	645	6	3	80	0.0375000
NODE_5153_length_1090_cov_37.643794	565	645	8	8	80	0.1000000
NODE_5153_length_1090_cov_37.643794	565	645	9	5	80	0.0625000
NODE_5153_length_1090_cov_37.643794	565	645	10	49	80	0.6125000
NODE_5153_length_1090_cov_37.643794	618	698	2	22	80	0.2750000
NODE_5153_length_1090_cov_37.643794	618	698	4	2	80	0.0250000
NODE_5153_length_1090_cov_37.643794	618	698	6	3	80	0.0375000
NODE_5153_length_1090_cov_37.643794	618	698	10	53	80	0.6625000
NODE_5154_length_1090_cov_32.876892	487	567	0	3	80	0.0375000
NODE_5154_length_1090_cov_32.876892	487	567	6	77	80	0.9625000
NODE_5154_length_1090_cov_32.876892	540	620	0	56	80	0.7000000
NODE_5154_length_1090_cov_32.876892	540	620	6	24	80	0.3000000
NODE_5155_length_1090_cov_25.373360	486	566	0	80	80	1.0000000
NODE_5155_length_1090_cov_25.373360	539	619	0	73	80	0.9125000
NODE_5155_length_1090_cov_25.373360	539	619	2	7	80	0.0875000
NODE_5156_length_1090_cov_21.290616	422	502	2	80	80	1.0000000
NODE_5156_length_1090_cov_21.290616	475	555	2	73	80	0.9125000
NODE_5156_length_1090_cov_21.290616	475	555	4	7	80	0.0875000
NODE_5156_length_1090_cov_21.290616	551	631	0	51	80	0.6375000
NODE_5156_length_1090_cov_21.290616	551	631	2	29	80	0.3625000
NODE_5156_length_1090_cov_21.290616	604	684	0	20	80	0.2500000
NODE_5156_length_1090_cov_21.290616	604	684	2	60	80	0.7500000
NODE_5157_length_1090_cov_16.040363	666	746	0	7	80	0.0875000
NODE_5157_length_1090_cov_16.040363	666	746	2	73	80	0.9125000
NODE_5157_length_1090_cov_16.040363	719	799	0	41	80	0.5125000
NODE_5157_length_1090_cov_16.040363	719	799	2	39	80	0.4875000
NODE_5158_length_1090_cov_14.826438	393	473	0	80	80	1.0000000
NODE_5158_length_1090_cov_14.826438	446	526	0	80	80	1.0000000
NODE_5159_length_1090_cov_13.721493	498	578	0	80	80	1.0000000
NODE_5159_length_1090_cov_13.721493	551	631	0	80	80	1.0000000
NODE_5160_length_1090_cov_12.365288	386	467	0	54	81	0.6666667
NODE_5160_length_1090_cov_12.365288	386	467	1	2	81	0.0246914
NODE_5160_length_1090_cov_12.365288	386	467	2	25	81	0.3086420
NODE_5160_length_1090_cov_12.365288	440	520	0	34	80	0.4250000
NODE_5160_length_1090_cov_12.365288	440	520	2	46	80	0.5750000
NODE_5160_length_1090_cov_12.365288	516	596	0	30	80	0.3750000
NODE_5160_length_1090_cov_12.365288	516	596	2	22	80	0.2750000
NODE_5160_length_1090_cov_12.365288	516	596	4	28	80	0.3500000
NODE_5160_length_1090_cov_12.365288	569	649	4	80	80	1.0000000
NODE_5161_length_1090_cov_5.348133	0	80	11	4	80	0.0500000
NODE_5161_length_1090_cov_5.348133	0	80	15	5	80	0.0625000
NODE_5161_length_1090_cov_5.348133	0	80	16	5	80	0.0625000
NODE_5161_length_1090_cov_5.348133	0	80	17	1	80	0.0125000
NODE_5161_length_1090_cov_5.348133	0	80	20	3	80	0.0375000
NODE_5161_length_1090_cov_5.348133	0	80	21	3	80	0.0375000
NODE_5161_length_1090_cov_5.348133	0	80	23	1	80	0.0125000
NODE_5161_length_1090_cov_5.348133	0	80	27	1	80	0.0125000
NODE_5161_length_1090_cov_5.348133	0	80	29	4	80	0.0500000
NODE_5161_length_1090_cov_5.348133	0	80	31	9	80	0.1125000
NODE_5161_length_1090_cov_5.348133	0	80	32	14	80	0.1750000
NODE_5161_length_1090_cov_5.348133	0	80	35	2	80	0.0250000
NODE_5161_length_1090_cov_5.348133	0	80	37	1	80	0.0125000
NODE_5161_length_1090_cov_5.348133	0	80	42	1	80	0.0125000
NODE_5161_length_1090_cov_5.348133	0	80	45	1	80	0.0125000
NODE_5161_length_1090_cov_5.348133	0	80	49	2	80	0.0250000
NODE_5161_length_1090_cov_5.348133	0	80	51	2	80	0.0250000
NODE_5161_length_1090_cov_5.348133	0	80	52	1	80	0.0125000
NODE_5161_length_1090_cov_5.348133	0	80	54	2	80	0.0250000
NODE_5161_length_1090_cov_5.348133	0	80	57	9	80	0.1125000
NODE_5161_length_1090_cov_5.348133	0	80	59	2	80	0.0250000
NODE_5161_length_1090_cov_5.348133	0	80	66	5	80	0.0625000
NODE_5161_length_1090_cov_5.348133	0	80	67	2	80	0.0250000
NODE_5161_length_1090_cov_5.348133	53	99	42	1	46	0.0217391
NODE_5161_length_1090_cov_5.348133	53	99	45	1	46	0.0217391
NODE_5161_length_1090_cov_5.348133	53	99	49	2	46	0.0434783
NODE_5161_length_1090_cov_5.348133	53	99	51	2	46	0.0434783
NODE_5161_length_1090_cov_5.348133	53	99	52	1	46	0.0217391
NODE_5161_length_1090_cov_5.348133	53	99	54	2	46	0.0434783
NODE_5161_length_1090_cov_5.348133	53	99	57	9	46	0.1956522
NODE_5161_length_1090_cov_5.348133	53	99	59	2	46	0.0434783
NODE_5161_length_1090_cov_5.348133	53	99	66	5	46	0.1086956
NODE_5161_length_1090_cov_5.348133	53	99	67	5	46	0.1086956
NODE_5161_length_1090_cov_5.348133	53	99	69	1	46	0.0217391
NODE_5161_length_1090_cov_5.348133	53	99	71	1	46	0.0217391
NODE_5161_length_1090_cov_5.348133	53	99	73	1	46	0.0217391
NODE_5161_length_1090_cov_5.348133	53	99	75	2	46	0.0434783
NODE_5161_length_1090_cov_5.348133	53	99	77	1	46	0.0217391
NODE_5161_length_1090_cov_5.348133	53	99	81	1	46	0.0217391
NODE_5161_length_1090_cov_5.348133	53	99	85	2	46	0.0434783
NODE_5161_length_1090_cov_5.348133	53	99	91	2	46	0.0434783
NODE_5161_length_1090_cov_5.348133	53	99	93	5	46	0.1086956
NODE_5163_length_1090_cov_3.598385	300	340	34	3	40	0.0750000
NODE_5163_length_1090_cov_3.598385	300	340	36	2	40	0.0500000
NODE_5163_length_1090_cov_3.598385	300	340	37	5	40	0.1250000
NODE_5163_length_1090_cov_3.598385	300	340	39	1	40	0.0250000
NODE_5163_length_1090_cov_3.598385	300	340	41	4	40	0.1000000
NODE_5163_length_1090_cov_3.598385	300	340	43	5	40	0.1250000
NODE_5163_length_1090_cov_3.598385	300	340	47	6	40	0.1500000
NODE_5163_length_1090_cov_3.598385	300	340	53	2	40	0.0500000
NODE_5163_length_1090_cov_3.598385	300	340	54	2	40	0.0500000
NODE_5163_length_1090_cov_3.598385	300	340	55	2	40	0.0500000
NODE_5163_length_1090_cov_3.598385	300	340	56	1	40	0.0250000
NODE_5163_length_1090_cov_3.598385	300	340	59	2	40	0.0500000
NODE_5163_length_1090_cov_3.598385	300	340	60	5	40	0.1250000
NODE_5170_length_1089_cov_55.374747	515	594	0	79	79	1.0000000
NODE_5170_length_1089_cov_55.374747	567	647	0	80	80	1.0000000
NODE_5170_length_1089_cov_55.374747	643	723	0	80	80	1.0000000
NODE_5170_length_1089_cov_55.374747	696	776	0	80	80	1.0000000
NODE_5171_length_1089_cov_38.506061	458	538	0	19	80	0.2375000
NODE_5171_length_1089_cov_38.506061	458	538	2	61	80	0.7625000
NODE_5171_length_1089_cov_38.506061	511	591	0	72	80	0.9000000
NODE_5171_length_1089_cov_38.506061	511	591	2	8	80	0.1000000
NODE_5171_length_1089_cov_38.506061	587	667	0	80	80	1.0000000
NODE_5171_length_1089_cov_38.506061	640	720	0	80	80	1.0000000
NODE_5172_length_1089_cov_22.657576	379	459	0	80	80	1.0000000
NODE_5172_length_1089_cov_22.657576	432	512	0	80	80	1.0000000
NODE_5173_length_1089_cov_21.180808	547	627	0	26	80	0.3250000
NODE_5173_length_1089_cov_21.180808	547	627	2	40	80	0.5000000
NODE_5173_length_1089_cov_21.180808	547	627	4	1	80	0.0125000
NODE_5173_length_1089_cov_21.180808	547	627	5	13	80	0.1625000
NODE_5173_length_1089_cov_21.180808	600	680	2	13	80	0.1625000
NODE_5173_length_1089_cov_21.180808	600	680	3	8	80	0.1000000
NODE_5173_length_1089_cov_21.180808	600	680	4	24	80	0.3000000
NODE_5173_length_1089_cov_21.180808	600	680	5	35	80	0.4375000
NODE_5174_length_1089_cov_18.713131	431	511	0	80	80	1.0000000
NODE_5174_length_1089_cov_18.713131	484	564	0	80	80	1.0000000
NODE_5174_length_1089_cov_18.713131	560	640	0	80	80	1.0000000
NODE_5174_length_1089_cov_18.713131	613	693	0	80	80	1.0000000
NODE_5175_length_1089_cov_17.382828	376	456	0	80	80	1.0000000
NODE_5175_length_1089_cov_17.382828	429	509	0	80	80	1.0000000
NODE_5175_length_1089_cov_17.382828	505	585	0	80	80	1.0000000
NODE_5175_length_1089_cov_17.382828	558	638	0	80	80	1.0000000
NODE_5176_length_1089_cov_14.540404	610	690	0	42	80	0.5250000
NODE_5176_length_1089_cov_14.540404	610	690	2	4	80	0.0500000
NODE_5176_length_1089_cov_14.540404	610	690	4	5	80	0.0625000
NODE_5176_length_1089_cov_14.540404	610	690	8	29	80	0.3625000
NODE_5176_length_1089_cov_14.540404	663	743	6	22	80	0.2750000
NODE_5176_length_1089_cov_14.540404	663	743	8	58	80	0.7250000
NODE_5182_length_1088_cov_10.603640	504	584	2	14	80	0.1750000
NODE_5182_length_1088_cov_10.603640	504	584	4	66	80	0.8250000
NODE_5182_length_1088_cov_10.603640	557	632	0	35	75	0.4666667
NODE_5182_length_1088_cov_10.603640	557	632	2	2	75	0.0266667
NODE_5182_length_1088_cov_10.603640	557	632	4	38	75	0.5066667
NODE_5194_length_1088_cov_0.759353	0	59	0	59	59	1.0000000
NODE_5194_length_1088_cov_0.759353	32	97	0	46	65	0.7076923
NODE_5194_length_1088_cov_0.759353	32	97	2	19	65	0.2923077
NODE_5195_length_1087_cov_51.676113	457	537	0	21	80	0.2625000
NODE_5195_length_1087_cov_51.676113	457	537	1	7	80	0.0875000
NODE_5195_length_1087_cov_51.676113	457	537	2	24	80	0.3000000
NODE_5195_length_1087_cov_51.676113	457	537	4	28	80	0.3500000
NODE_5195_length_1087_cov_51.676113	510	590	0	8	80	0.1000000
NODE_5195_length_1087_cov_51.676113	510	590	4	72	80	0.9000000
NODE_5195_length_1087_cov_51.676113	586	666	0	66	80	0.8250000
NODE_5195_length_1087_cov_51.676113	586	666	2	14	80	0.1750000
NODE_5195_length_1087_cov_51.676113	639	719	0	13	80	0.1625000
NODE_5195_length_1087_cov_51.676113	639	719	2	67	80	0.8375000
NODE_5196_length_1087_cov_47.144737	214	276	82	1	62	0.0161290
NODE_5196_length_1087_cov_47.144737	214	276	83	2	62	0.0322581
NODE_5196_length_1087_cov_47.144737	214	276	85	2	62	0.0322581
NODE_5196_length_1087_cov_47.144737	214	276	91	1	62	0.0161290
NODE_5196_length_1087_cov_47.144737	214	276	95	1	62	0.0161290
NODE_5196_length_1087_cov_47.144737	214	276	97	2	62	0.0322581
NODE_5196_length_1087_cov_47.144737	214	276	99	1	62	0.0161290
NODE_5196_length_1087_cov_47.144737	214	276	103	2	62	0.0322581
NODE_5196_length_1087_cov_47.144737	214	276	105	1	62	0.0161290
NODE_5196_length_1087_cov_47.144737	214	276	109	2	62	0.0322581
NODE_5196_length_1087_cov_47.144737	214	276	122	4	62	0.0645161
NODE_5196_length_1087_cov_47.144737	214	276	124	2	62	0.0322581
NODE_5196_length_1087_cov_47.144737	214	276	129	2	62	0.0322581
NODE_5196_length_1087_cov_47.144737	214	276	133	2	62	0.0322581
NODE_5196_length_1087_cov_47.144737	214	276	134	1	62	0.0161290
NODE_5196_length_1087_cov_47.144737	214	276	140	2	62	0.0322581
NODE_5196_length_1087_cov_47.144737	214	276	144	6	62	0.0967742
NODE_5196_length_1087_cov_47.144737	214	276	148	2	62	0.0322581
NODE_5196_length_1087_cov_47.144737	214	276	154	1	62	0.0161290
NODE_5196_length_1087_cov_47.144737	214	276	155	1	62	0.0161290
NODE_5196_length_1087_cov_47.144737	214	276	156	1	62	0.0161290
NODE_5196_length_1087_cov_47.144737	214	276	159	1	62	0.0161290
NODE_5196_length_1087_cov_47.144737	214	276	161	7	62	0.1129032
NODE_5196_length_1087_cov_47.144737	214	276	163	6	62	0.0967742
NODE_5196_length_1087_cov_47.144737	214	276	166	1	62	0.0161290
NODE_5196_length_1087_cov_47.144737	214	276	168	8	62	0.1290323
NODE_5196_length_1087_cov_47.144737	630	710	0	32	80	0.4000000
NODE_5196_length_1087_cov_47.144737	630	710	2	48	80	0.6000000
NODE_5196_length_1087_cov_47.144737	683	763	0	80	80	1.0000000
NODE_5197_length_1087_cov_46.633603	871	951	5	21	80	0.2625000
NODE_5197_length_1087_cov_46.633603	871	951	6	59	80	0.7375000
NODE_5197_length_1087_cov_46.633603	924	999	3	14	75	0.1866667
NODE_5197_length_1087_cov_46.633603	924	999	4	2	75	0.0266667
NODE_5197_length_1087_cov_46.633603	924	999	5	8	75	0.1066667
NODE_5197_length_1087_cov_46.633603	924	999	6	51	75	0.6800000
NODE_5198_length_1087_cov_30.577935	528	608	0	12	80	0.1500000
NODE_5198_length_1087_cov_30.577935	528	608	4	68	80	0.8500000
NODE_5198_length_1087_cov_30.577935	581	661	0	51	80	0.6375000
NODE_5198_length_1087_cov_30.577935	581	661	4	29	80	0.3625000
NODE_5199_length_1087_cov_30.205466	515	591	0	76	76	1.0000000
NODE_5199_length_1087_cov_30.205466	564	644	0	30	80	0.3750000
NODE_5199_length_1087_cov_30.205466	564	644	2	50	80	0.6250000
NODE_5200_length_1087_cov_29.595142	568	648	0	38	80	0.4750000
NODE_5200_length_1087_cov_29.595142	568	648	2	42	80	0.5250000
NODE_5200_length_1087_cov_29.595142	621	701	1	18	80	0.2250000
NODE_5200_length_1087_cov_29.595142	621	701	2	62	80	0.7750000
NODE_5201_length_1087_cov_11.600202	374	454	0	36	80	0.4500000
NODE_5201_length_1087_cov_11.600202	374	454	12	23	80	0.2875000
NODE_5201_length_1087_cov_11.600202	374	454	13	9	80	0.1125000
NODE_5201_length_1087_cov_11.600202	374	454	14	2	80	0.0250000
NODE_5201_length_1087_cov_11.600202	374	454	19	1	80	0.0125000
NODE_5201_length_1087_cov_11.600202	374	454	21	3	80	0.0375000
NODE_5201_length_1087_cov_11.600202	374	454	22	6	80	0.0750000
NODE_5201_length_1087_cov_11.600202	427	507	12	6	80	0.0750000
NODE_5201_length_1087_cov_11.600202	427	507	13	9	80	0.1125000
NODE_5201_length_1087_cov_11.600202	427	507	14	2	80	0.0250000
NODE_5201_length_1087_cov_11.600202	427	507	19	1	80	0.0125000
NODE_5201_length_1087_cov_11.600202	427	507	21	3	80	0.0375000
NODE_5201_length_1087_cov_11.600202	427	507	22	59	80	0.7375000
NODE_5202_length_1087_cov_7.746964	436	516	0	80	80	1.0000000
NODE_5202_length_1087_cov_7.746964	489	569	0	80	80	1.0000000
NODE_5211_length_1086_cov_35.748734	406	486	0	43	80	0.5375000
NODE_5211_length_1086_cov_35.748734	406	486	2	37	80	0.4625000
NODE_5211_length_1086_cov_35.748734	459	539	0	80	80	1.0000000
NODE_5212_length_1086_cov_18.445795	325	405	0	80	80	1.0000000
NODE_5212_length_1086_cov_18.445795	378	458	0	68	80	0.8500000
NODE_5212_length_1086_cov_18.445795	378	458	2	12	80	0.1500000
NODE_5213_length_1086_cov_16.878419	528	608	0	25	80	0.3125000
NODE_5213_length_1086_cov_16.878419	528	608	4	23	80	0.2875000
NODE_5213_length_1086_cov_16.878419	528	608	6	32	80	0.4000000
NODE_5213_length_1086_cov_16.878419	581	661	6	80	80	1.0000000
NODE_5214_length_1086_cov_10.700101	498	578	0	80	80	1.0000000
NODE_5214_length_1086_cov_10.700101	551	631	0	72	80	0.9000000
NODE_5214_length_1086_cov_10.700101	551	631	2	8	80	0.1000000
NODE_5215_length_1086_cov_10.656535	277	357	0	37	80	0.4625000
NODE_5215_length_1086_cov_10.656535	277	357	2	43	80	0.5375000
NODE_5215_length_1086_cov_10.656535	330	410	0	42	80	0.5250000
NODE_5215_length_1086_cov_10.656535	330	410	2	38	80	0.4750000
NODE_5216_length_1086_cov_6.873354	374	454	0	80	80	1.0000000
NODE_5216_length_1086_cov_6.873354	427	507	0	80	80	1.0000000
NODE_5217_length_1086_cov_5.225937	869	949	0	80	80	1.0000000
NODE_5217_length_1086_cov_5.225937	922	1002	0	80	80	1.0000000
NODE_5229_length_1085_cov_30.599391	515	595	0	80	80	1.0000000
NODE_5229_length_1085_cov_30.599391	568	648	0	80	80	1.0000000
NODE_5231_length_1085_cov_13.723124	558	638	0	80	80	1.0000000
NODE_5231_length_1085_cov_13.723124	611	691	0	80	80	1.0000000
NODE_5232_length_1085_cov_12.481744	576	656	2	21	80	0.2625000
NODE_5232_length_1085_cov_12.481744	576	656	5	25	80	0.3125000
NODE_5232_length_1085_cov_12.481744	576	656	6	8	80	0.1000000
NODE_5232_length_1085_cov_12.481744	576	656	7	26	80	0.3250000
NODE_5232_length_1085_cov_12.481744	629	709	0	18	80	0.2250000
NODE_5232_length_1085_cov_12.481744	629	709	2	56	80	0.7000000
NODE_5232_length_1085_cov_12.481744	629	709	7	6	80	0.0750000
NODE_5233_length_1085_cov_11.570994	553	633	6	9	80	0.1125000
NODE_5233_length_1085_cov_11.570994	553	633	10	71	80	0.8875000
NODE_5233_length_1085_cov_11.570994	606	686	0	23	80	0.2875000
NODE_5233_length_1085_cov_11.570994	606	686	6	16	80	0.2000000
NODE_5233_length_1085_cov_11.570994	606	686	10	41	80	0.5125000
NODE_5234_length_1085_cov_10.730223	273	353	3	11	80	0.1375000
NODE_5234_length_1085_cov_10.730223	273	353	6	11	80	0.1375000
NODE_5234_length_1085_cov_10.730223	273	353	7	58	80	0.7250000
NODE_5234_length_1085_cov_10.730223	326	406	0	32	80	0.4000000
NODE_5234_length_1085_cov_10.730223	326	406	2	3	80	0.0375000
NODE_5234_length_1085_cov_10.730223	326	406	3	5	80	0.0625000
NODE_5234_length_1085_cov_10.730223	326	406	4	7	80	0.0875000
NODE_5234_length_1085_cov_10.730223	326	406	6	17	80	0.2125000
NODE_5234_length_1085_cov_10.730223	326	406	7	16	80	0.2000000
NODE_5234_length_1085_cov_10.730223	402	482	0	44	80	0.5500000
NODE_5234_length_1085_cov_10.730223	402	482	2	1	80	0.0125000
NODE_5234_length_1085_cov_10.730223	402	482	6	35	80	0.4375000
NODE_5234_length_1085_cov_10.730223	455	535	4	20	80	0.2500000
NODE_5234_length_1085_cov_10.730223	455	535	6	60	80	0.7500000
NODE_5234_length_1085_cov_10.730223	832	908	2	6	76	0.0789474
NODE_5234_length_1085_cov_10.730223	832	908	6	1	76	0.0131579
NODE_5234_length_1085_cov_10.730223	832	908	7	1	76	0.0131579
NODE_5234_length_1085_cov_10.730223	832	908	8	4	76	0.0526316
NODE_5234_length_1085_cov_10.730223	832	908	10	1	76	0.0131579
NODE_5234_length_1085_cov_10.730223	832	908	12	14	76	0.1842105
NODE_5234_length_1085_cov_10.730223	832	908	14	1	76	0.0131579
NODE_5234_length_1085_cov_10.730223	832	908	16	2	76	0.0263158
NODE_5234_length_1085_cov_10.730223	832	908	18	4	76	0.0526316
NODE_5234_length_1085_cov_10.730223	832	908	20	4	76	0.0526316
NODE_5234_length_1085_cov_10.730223	832	908	22	12	76	0.1578947
NODE_5234_length_1085_cov_10.730223	832	908	26	2	76	0.0263158
NODE_5234_length_1085_cov_10.730223	832	908	28	11	76	0.1447368
NODE_5234_length_1085_cov_10.730223	832	908	32	13	76	0.1710526
NODE_5236_length_1085_cov_8.309331	400	480	0	80	80	1.0000000
NODE_5236_length_1085_cov_8.309331	453	533	0	80	80	1.0000000
NODE_5248_length_1084_cov_60.255838	446	524	0	78	78	1.0000000
NODE_5248_length_1084_cov_60.255838	497	577	0	40	80	0.5000000
NODE_5248_length_1084_cov_60.255838	497	577	2	40	80	0.5000000
NODE_5249_length_1084_cov_33.332995	445	525	7	5	80	0.0625000
NODE_5249_length_1084_cov_33.332995	445	525	8	12	80	0.1500000
NODE_5249_length_1084_cov_33.332995	445	525	9	1	80	0.0125000
NODE_5249_length_1084_cov_33.332995	445	525	11	1	80	0.0125000
NODE_5249_length_1084_cov_33.332995	445	525	12	9	80	0.1125000
NODE_5249_length_1084_cov_33.332995	445	525	13	7	80	0.0875000
NODE_5249_length_1084_cov_33.332995	445	525	14	45	80	0.5625000
NODE_5249_length_1084_cov_33.332995	498	578	6	50	80	0.6250000
NODE_5249_length_1084_cov_33.332995	498	578	7	5	80	0.0625000
NODE_5249_length_1084_cov_33.332995	498	578	8	15	80	0.1875000
NODE_5249_length_1084_cov_33.332995	498	578	9	1	80	0.0125000
NODE_5249_length_1084_cov_33.332995	498	578	11	1	80	0.0125000
NODE_5249_length_1084_cov_33.332995	498	578	13	7	80	0.0875000
NODE_5249_length_1084_cov_33.332995	498	578	14	1	80	0.0125000
NODE_5250_length_1084_cov_11.004061	757	837	0	80	80	1.0000000
NODE_5250_length_1084_cov_11.004061	810	890	0	80	80	1.0000000
NODE_5258_length_1083_cov_42.182927	451	531	0	80	80	1.0000000
NODE_5258_length_1083_cov_42.182927	504	584	0	80	80	1.0000000
NODE_5258_length_1083_cov_42.182927	580	660	0	37	80	0.4625000
NODE_5258_length_1083_cov_42.182927	580	660	2	43	80	0.5375000
NODE_5258_length_1083_cov_42.182927	633	713	0	2	80	0.0250000
NODE_5258_length_1083_cov_42.182927	633	713	2	78	80	0.9750000
NODE_5259_length_1083_cov_41.163618	275	355	0	80	80	1.0000000
NODE_5259_length_1083_cov_41.163618	328	408	0	71	80	0.8875000
NODE_5259_length_1083_cov_41.163618	328	408	2	9	80	0.1125000
NODE_5259_length_1083_cov_41.163618	404	484	2	14	80	0.1750000
NODE_5259_length_1083_cov_41.163618	404	484	4	14	80	0.1750000
NODE_5259_length_1083_cov_41.163618	404	484	6	52	80	0.6500000
NODE_5259_length_1083_cov_41.163618	457	537	2	40	80	0.5000000
NODE_5259_length_1083_cov_41.163618	457	537	4	11	80	0.1375000
NODE_5259_length_1083_cov_41.163618	457	537	6	29	80	0.3625000
NODE_5260_length_1083_cov_39.798780	527	607	2	45	80	0.5625000
NODE_5260_length_1083_cov_39.798780	527	607	6	29	80	0.3625000
NODE_5260_length_1083_cov_39.798780	527	607	8	6	80	0.0750000
NODE_5260_length_1083_cov_39.798780	580	660	6	80	80	1.0000000
NODE_5261_length_1083_cov_34.261179	475	555	4	3	80	0.0375000
NODE_5261_length_1083_cov_34.261179	475	555	6	47	80	0.5875000
NODE_5261_length_1083_cov_34.261179	475	555	8	5	80	0.0625000
NODE_5261_length_1083_cov_34.261179	475	555	10	21	80	0.2625000
NODE_5261_length_1083_cov_34.261179	475	555	12	4	80	0.0500000
NODE_5261_length_1083_cov_34.261179	528	608	8	58	80	0.7250000
NODE_5261_length_1083_cov_34.261179	528	608	10	18	80	0.2250000
NODE_5261_length_1083_cov_34.261179	528	608	12	4	80	0.0500000
NODE_5262_length_1083_cov_33.573171	486	566	0	38	80	0.4750000
NODE_5262_length_1083_cov_33.573171	486	566	2	11	80	0.1375000
NODE_5262_length_1083_cov_33.573171	486	566	6	31	80	0.3875000
NODE_5262_length_1083_cov_33.573171	539	619	6	69	80	0.8625000
NODE_5262_length_1083_cov_33.573171	539	619	21	2	80	0.0250000
NODE_5262_length_1083_cov_33.573171	539	619	22	9	80	0.1125000
NODE_5262_length_1083_cov_33.573171	615	695	16	12	80	0.1500000
NODE_5262_length_1083_cov_33.573171	615	695	18	20	80	0.2500000
NODE_5262_length_1083_cov_33.573171	615	695	20	36	80	0.4500000
NODE_5262_length_1083_cov_33.573171	615	695	22	12	80	0.1500000
NODE_5262_length_1083_cov_33.573171	668	748	4	23	80	0.2875000
NODE_5262_length_1083_cov_33.573171	668	748	20	57	80	0.7125000
NODE_5263_length_1083_cov_33.091463	452	532	0	16	80	0.2000000
NODE_5263_length_1083_cov_33.091463	452	532	1	64	80	0.8000000
NODE_5263_length_1083_cov_33.091463	505	585	1	80	80	1.0000000
NODE_5264_length_1083_cov_30.982724	550	630	2	45	80	0.5625000
NODE_5264_length_1083_cov_30.982724	550	630	4	35	80	0.4375000
NODE_5264_length_1083_cov_30.982724	603	683	0	21	80	0.2625000
NODE_5264_length_1083_cov_30.982724	603	683	2	30	80	0.3750000
NODE_5264_length_1083_cov_30.982724	603	683	4	29	80	0.3625000
NODE_5265_length_1083_cov_18.819106	586	666	0	12	80	0.1500000
NODE_5265_length_1083_cov_18.819106	586	666	2	3	80	0.0375000
NODE_5265_length_1083_cov_18.819106	586	666	8	15	80	0.1875000
NODE_5265_length_1083_cov_18.819106	586	666	12	2	80	0.0250000
NODE_5265_length_1083_cov_18.819106	586	666	14	48	80	0.6000000
NODE_5265_length_1083_cov_18.819106	639	719	6	4	80	0.0500000
NODE_5265_length_1083_cov_18.819106	639	719	12	51	80	0.6375000
NODE_5265_length_1083_cov_18.819106	639	719	14	25	80	0.3125000
NODE_5266_length_1083_cov_17.278455	408	488	0	21	80	0.2625000
NODE_5266_length_1083_cov_17.278455	408	488	2	59	80	0.7375000
NODE_5266_length_1083_cov_17.278455	461	541	0	15	80	0.1875000
NODE_5266_length_1083_cov_17.278455	461	541	2	60	80	0.7500000
NODE_5266_length_1083_cov_17.278455	461	541	3	5	80	0.0625000
NODE_5267_length_1083_cov_13.862805	481	561	0	26	80	0.3250000
NODE_5267_length_1083_cov_13.862805	481	561	4	54	80	0.6750000
NODE_5267_length_1083_cov_13.862805	534	614	4	28	80	0.3500000
NODE_5267_length_1083_cov_13.862805	534	614	6	1	80	0.0125000
NODE_5267_length_1083_cov_13.862805	534	614	7	51	80	0.6375000
NODE_5268_length_1083_cov_13.083333	522	602	5	43	80	0.5375000
NODE_5268_length_1083_cov_13.083333	522	602	9	37	80	0.4625000
NODE_5268_length_1083_cov_13.083333	575	655	7	18	80	0.2250000
NODE_5268_length_1083_cov_13.083333	575	655	8	1	80	0.0125000
NODE_5268_length_1083_cov_13.083333	575	655	9	33	80	0.4125000
NODE_5268_length_1083_cov_13.083333	575	655	10	28	80	0.3500000
NODE_5269_length_1083_cov_11.824187	242	322	0	80	80	1.0000000
NODE_5269_length_1083_cov_11.824187	295	375	0	80	80	1.0000000
NODE_5271_length_1083_cov_3.025407	359	439	0	20	80	0.2500000
NODE_5271_length_1083_cov_3.025407	359	439	2	60	80	0.7500000
NODE_5271_length_1083_cov_3.025407	412	489	0	41	77	0.5324675
NODE_5271_length_1083_cov_3.025407	412	489	2	36	77	0.4675325
NODE_5277_length_1082_cov_34.664293	461	541	2	16	80	0.2000000
NODE_5277_length_1082_cov_34.664293	461	541	4	64	80	0.8000000
NODE_5277_length_1082_cov_34.664293	514	594	1	2	80	0.0250000
NODE_5277_length_1082_cov_34.664293	514	594	2	44	80	0.5500000
NODE_5277_length_1082_cov_34.664293	514	594	4	34	80	0.4250000
NODE_5278_length_1082_cov_17.422177	406	486	0	80	80	1.0000000
NODE_5278_length_1082_cov_17.422177	459	539	0	70	80	0.8750000
NODE_5278_length_1082_cov_17.422177	459	539	2	10	80	0.1250000
NODE_5279_length_1082_cov_15.906409	442	522	0	80	80	1.0000000
NODE_5279_length_1082_cov_15.906409	495	575	0	80	80	1.0000000
NODE_5280_length_1082_cov_13.703967	324	404	2	7	80	0.0875000
NODE_5280_length_1082_cov_13.703967	324	404	4	11	80	0.1375000
NODE_5280_length_1082_cov_13.703967	324	404	6	62	80	0.7750000
NODE_5280_length_1082_cov_13.703967	377	457	0	49	80	0.6125000
NODE_5280_length_1082_cov_13.703967	377	457	2	11	80	0.1375000
NODE_5280_length_1082_cov_13.703967	377	457	4	7	80	0.0875000
NODE_5280_length_1082_cov_13.703967	377	457	6	13	80	0.1625000
NODE_5281_length_1082_cov_6.478128	159	205	2	5	46	0.1086956
NODE_5281_length_1082_cov_6.478128	159	205	4	19	46	0.4130435
NODE_5281_length_1082_cov_6.478128	159	205	8	22	46	0.4782609
NODE_5281_length_1082_cov_6.478128	203	283	6	21	80	0.2625000
NODE_5281_length_1082_cov_6.478128	203	283	8	36	80	0.4500000
NODE_5281_length_1082_cov_6.478128	203	283	10	10	80	0.1250000
NODE_5281_length_1082_cov_6.478128	203	283	13	1	80	0.0125000
NODE_5281_length_1082_cov_6.478128	203	283	14	7	80	0.0875000
NODE_5281_length_1082_cov_6.478128	203	283	16	5	80	0.0625000
NODE_5281_length_1082_cov_6.478128	256	336	6	6	80	0.0750000
NODE_5281_length_1082_cov_6.478128	256	336	8	4	80	0.0500000
NODE_5281_length_1082_cov_6.478128	256	336	10	49	80	0.6125000
NODE_5281_length_1082_cov_6.478128	256	336	13	1	80	0.0125000
NODE_5281_length_1082_cov_6.478128	256	336	14	7	80	0.0875000
NODE_5281_length_1082_cov_6.478128	256	336	16	13	80	0.1625000
NODE_5281_length_1082_cov_6.478128	861	941	0	61	80	0.7625000
NODE_5281_length_1082_cov_6.478128	861	941	4	19	80	0.2375000
NODE_5282_length_1082_cov_4.218718	982	1062	130	1	80	0.0125000
NODE_5282_length_1082_cov_4.218718	982	1062	138	1	80	0.0125000
NODE_5282_length_1082_cov_4.218718	982	1062	140	1	80	0.0125000
NODE_5282_length_1082_cov_4.218718	982	1062	147	1	80	0.0125000
NODE_5282_length_1082_cov_4.218718	982	1062	155	1	80	0.0125000
NODE_5282_length_1082_cov_4.218718	982	1062	159	3	80	0.0375000
NODE_5282_length_1082_cov_4.218718	982	1062	161	1	80	0.0125000
NODE_5282_length_1082_cov_4.218718	982	1062	163	1	80	0.0125000
NODE_5282_length_1082_cov_4.218718	982	1062	167	1	80	0.0125000
NODE_5282_length_1082_cov_4.218718	982	1062	169	1	80	0.0125000
NODE_5282_length_1082_cov_4.218718	982	1062	173	1	80	0.0125000
NODE_5282_length_1082_cov_4.218718	982	1062	177	1	80	0.0125000
NODE_5282_length_1082_cov_4.218718	982	1062	180	1	80	0.0125000
NODE_5282_length_1082_cov_4.218718	982	1062	182	1	80	0.0125000
NODE_5282_length_1082_cov_4.218718	982	1062	190	1	80	0.0125000
NODE_5282_length_1082_cov_4.218718	982	1062	195	1	80	0.0125000
NODE_5282_length_1082_cov_4.218718	982	1062	203	1	80	0.0125000
NODE_5282_length_1082_cov_4.218718	982	1062	214	1	80	0.0125000
NODE_5282_length_1082_cov_4.218718	982	1062	225	1	80	0.0125000
NODE_5282_length_1082_cov_4.218718	982	1062	238	1	80	0.0125000
NODE_5282_length_1082_cov_4.218718	982	1062	240	1	80	0.0125000
NODE_5282_length_1082_cov_4.218718	982	1062	246	1	80	0.0125000
NODE_5282_length_1082_cov_4.218718	982	1062	252	1	80	0.0125000
NODE_5282_length_1082_cov_4.218718	982	1062	264	1	80	0.0125000
NODE_5282_length_1082_cov_4.218718	982	1062	267	1	80	0.0125000
NODE_5282_length_1082_cov_4.218718	982	1062	273	3	80	0.0375000
NODE_5282_length_1082_cov_4.218718	982	1062	276	4	80	0.0500000
NODE_5282_length_1082_cov_4.218718	982	1062	286	1	80	0.0125000
NODE_5282_length_1082_cov_4.218718	982	1062	291	1	80	0.0125000
NODE_5282_length_1082_cov_4.218718	982	1062	299	1	80	0.0125000
NODE_5282_length_1082_cov_4.218718	982	1062	302	1	80	0.0125000
NODE_5282_length_1082_cov_4.218718	982	1062	308	1	80	0.0125000
NODE_5282_length_1082_cov_4.218718	982	1062	314	1	80	0.0125000
NODE_5282_length_1082_cov_4.218718	982	1062	322	4	80	0.0500000
NODE_5282_length_1082_cov_4.218718	982	1062	326	2	80	0.0250000
NODE_5282_length_1082_cov_4.218718	982	1062	334	4	80	0.0500000
NODE_5282_length_1082_cov_4.218718	982	1062	336	1	80	0.0125000
NODE_5282_length_1082_cov_4.218718	982	1062	338	1	80	0.0125000
NODE_5282_length_1082_cov_4.218718	982	1062	342	2	80	0.0250000
NODE_5282_length_1082_cov_4.218718	982	1062	343	1	80	0.0125000
NODE_5282_length_1082_cov_4.218718	982	1062	345	2	80	0.0250000
NODE_5282_length_1082_cov_4.218718	982	1062	347	1	80	0.0125000
NODE_5282_length_1082_cov_4.218718	982	1062	351	2	80	0.0250000
NODE_5282_length_1082_cov_4.218718	982	1062	355	2	80	0.0250000
NODE_5282_length_1082_cov_4.218718	982	1062	361	1	80	0.0125000
NODE_5282_length_1082_cov_4.218718	982	1062	367	2	80	0.0250000
NODE_5282_length_1082_cov_4.218718	982	1062	371	3	80	0.0375000
NODE_5282_length_1082_cov_4.218718	982	1062	373	5	80	0.0625000
NODE_5282_length_1082_cov_4.218718	982	1062	375	1	80	0.0125000
NODE_5282_length_1082_cov_4.218718	982	1062	377	2	80	0.0250000
NODE_5282_length_1082_cov_4.218718	982	1062	379	2	80	0.0250000
NODE_5282_length_1082_cov_4.218718	982	1062	380	1	80	0.0125000
NODE_5282_length_1082_cov_4.218718	982	1062	382	1	80	0.0125000
NODE_5291_length_1081_cov_45.308554	510	590	0	79	80	0.9875000
NODE_5291_length_1081_cov_45.308554	510	590	2	1	80	0.0125000
NODE_5291_length_1081_cov_45.308554	563	643	0	80	80	1.0000000
NODE_5292_length_1081_cov_39.581466	476	556	8	20	80	0.2500000
NODE_5292_length_1081_cov_39.581466	476	556	10	60	80	0.7500000
NODE_5292_length_1081_cov_39.581466	529	609	0	49	80	0.6125000
NODE_5292_length_1081_cov_39.581466	529	609	7	1	80	0.0125000
NODE_5292_length_1081_cov_39.581466	529	609	8	23	80	0.2875000
NODE_5292_length_1081_cov_39.581466	529	609	10	7	80	0.0875000
NODE_5292_length_1081_cov_39.581466	605	685	0	80	80	1.0000000
NODE_5292_length_1081_cov_39.581466	658	738	0	80	80	1.0000000
NODE_5293_length_1081_cov_39.457230	373	453	0	80	80	1.0000000
NODE_5293_length_1081_cov_39.457230	426	506	0	80	80	1.0000000
NODE_5294_length_1081_cov_20.415479	376	451	0	75	75	1.0000000
NODE_5294_length_1081_cov_20.415479	436	511	0	75	75	1.0000000
NODE_5294_length_1081_cov_20.415479	496	571	0	75	75	1.0000000
NODE_5294_length_1081_cov_20.415479	544	624	0	80	80	1.0000000
NODE_5295_length_1081_cov_19.985743	378	458	0	80	80	1.0000000
NODE_5295_length_1081_cov_19.985743	431	511	0	80	80	1.0000000
NODE_5295_length_1081_cov_19.985743	507	587	0	80	80	1.0000000
NODE_5295_length_1081_cov_19.985743	560	640	0	80	80	1.0000000
NODE_5296_length_1081_cov_12.658859	468	548	2	80	80	1.0000000
NODE_5296_length_1081_cov_12.658859	521	601	0	45	80	0.5625000
NODE_5296_length_1081_cov_12.658859	521	601	2	35	80	0.4375000
NODE_5299_length_1081_cov_2.586558	7	44	0	37	37	1.0000000
NODE_5304_length_1080_cov_27.857288	261	341	0	80	80	1.0000000
NODE_5304_length_1080_cov_27.857288	314	394	0	80	80	1.0000000
NODE_5305_length_1080_cov_24.258919	321	401	0	14	80	0.1750000
NODE_5305_length_1080_cov_24.258919	321	401	2	66	80	0.8250000
NODE_5305_length_1080_cov_24.258919	374	454	0	27	80	0.3375000
NODE_5305_length_1080_cov_24.258919	374	454	2	13	80	0.1625000
NODE_5305_length_1080_cov_24.258919	374	454	4	40	80	0.5000000
NODE_5305_length_1080_cov_24.258919	450	530	4	63	80	0.7875000
NODE_5305_length_1080_cov_24.258919	450	530	8	17	80	0.2125000
NODE_5305_length_1080_cov_24.258919	503	583	4	49	80	0.6125000
NODE_5305_length_1080_cov_24.258919	503	583	7	1	80	0.0125000
NODE_5305_length_1080_cov_24.258919	503	583	8	30	80	0.3750000
NODE_5306_length_1080_cov_22.589195	446	526	0	80	80	1.0000000
NODE_5306_length_1080_cov_22.589195	499	579	0	41	80	0.5125000
NODE_5306_length_1080_cov_22.589195	499	579	2	39	80	0.4875000
NODE_5306_length_1080_cov_22.589195	575	655	2	26	80	0.3250000
NODE_5306_length_1080_cov_22.589195	575	655	6	34	80	0.4250000
NODE_5306_length_1080_cov_22.589195	575	655	10	20	80	0.2500000
NODE_5306_length_1080_cov_22.589195	628	708	6	7	80	0.0875000
NODE_5306_length_1080_cov_22.589195	628	708	8	49	80	0.6125000
NODE_5306_length_1080_cov_22.589195	628	708	10	24	80	0.3000000
NODE_5307_length_1080_cov_15.544343	599	679	0	80	80	1.0000000
NODE_5307_length_1080_cov_15.544343	652	732	0	80	80	1.0000000
NODE_5308_length_1080_cov_10.416922	321	401	0	42	80	0.5250000
NODE_5308_length_1080_cov_10.416922	321	401	2	7	80	0.0875000
NODE_5308_length_1080_cov_10.416922	321	401	6	2	80	0.0250000
NODE_5308_length_1080_cov_10.416922	321	401	8	29	80	0.3625000
NODE_5308_length_1080_cov_10.416922	374	454	4	3	80	0.0375000
NODE_5308_length_1080_cov_10.416922	374	454	8	77	80	0.9625000
NODE_5315_length_1079_cov_55.352041	367	447	0	66	80	0.8250000
NODE_5315_length_1079_cov_55.352041	367	447	2	14	80	0.1750000
NODE_5315_length_1079_cov_55.352041	420	500	0	13	80	0.1625000
NODE_5315_length_1079_cov_55.352041	420	500	2	67	80	0.8375000
NODE_5315_length_1079_cov_55.352041	496	576	0	68	80	0.8500000
NODE_5315_length_1079_cov_55.352041	496	576	2	12	80	0.1500000
NODE_5315_length_1079_cov_55.352041	549	629	0	80	80	1.0000000
NODE_5316_length_1079_cov_46.879592	444	524	0	28	80	0.3500000
NODE_5316_length_1079_cov_46.879592	444	524	2	49	80	0.6125000
NODE_5316_length_1079_cov_46.879592	444	524	3	1	80	0.0125000
NODE_5316_length_1079_cov_46.879592	444	524	5	2	80	0.0250000
NODE_5316_length_1079_cov_46.879592	497	577	2	24	80	0.3000000
NODE_5316_length_1079_cov_46.879592	497	577	3	1	80	0.0125000
NODE_5316_length_1079_cov_46.879592	497	577	5	3	80	0.0375000
NODE_5316_length_1079_cov_46.879592	497	577	8	9	80	0.1125000
NODE_5316_length_1079_cov_46.879592	497	577	11	43	80	0.5375000
NODE_5316_length_1079_cov_46.879592	573	652	8	5	79	0.0632911
NODE_5316_length_1079_cov_46.879592	573	652	10	12	79	0.1518987
NODE_5316_length_1079_cov_46.879592	573	652	11	4	79	0.0506329
NODE_5316_length_1079_cov_46.879592	573	652	12	58	79	0.7341772
NODE_5316_length_1079_cov_46.879592	625	703	3	19	78	0.2435897
NODE_5316_length_1079_cov_46.879592	625	703	6	5	78	0.0641026
NODE_5316_length_1079_cov_46.879592	625	703	8	4	78	0.0512821
NODE_5316_length_1079_cov_46.879592	625	703	11	3	78	0.0384615
NODE_5316_length_1079_cov_46.879592	625	703	12	47	78	0.6025641
NODE_5317_length_1079_cov_13.708163	611	691	0	7	80	0.0875000
NODE_5317_length_1079_cov_13.708163	611	691	4	73	80	0.9125000
NODE_5317_length_1079_cov_13.708163	664	744	0	60	80	0.7500000
NODE_5317_length_1079_cov_13.708163	664	744	4	20	80	0.2500000
NODE_5318_length_1079_cov_8.632653	416	496	0	80	80	1.0000000
NODE_5318_length_1079_cov_8.632653	469	549	0	80	80	1.0000000
NODE_5325_length_1078_cov_27.804903	357	437	0	80	80	1.0000000
NODE_5325_length_1078_cov_27.804903	410	490	0	80	80	1.0000000
NODE_5326_length_1078_cov_26.071502	459	539	0	80	80	1.0000000
NODE_5326_length_1078_cov_26.071502	512	592	0	80	80	1.0000000
NODE_5326_length_1078_cov_26.071502	588	668	0	7	80	0.0875000
NODE_5326_length_1078_cov_26.071502	588	668	4	16	80	0.2000000
NODE_5326_length_1078_cov_26.071502	588	668	6	34	80	0.4250000
NODE_5326_length_1078_cov_26.071502	588	668	12	23	80	0.2875000
NODE_5326_length_1078_cov_26.071502	641	718	6	26	77	0.3376623
NODE_5326_length_1078_cov_26.071502	641	718	8	25	77	0.3246753
NODE_5326_length_1078_cov_26.071502	641	718	12	26	77	0.3376623
NODE_5327_length_1078_cov_14.985700	495	575	0	79	80	0.9875000
NODE_5327_length_1078_cov_14.985700	495	575	2	1	80	0.0125000
NODE_5327_length_1078_cov_14.985700	548	628	0	26	80	0.3250000
NODE_5327_length_1078_cov_14.985700	548	628	2	54	80	0.6750000
NODE_5333_length_1077_cov_23.876278	546	626	2	55	80	0.6875000
NODE_5333_length_1077_cov_23.876278	546	626	4	25	80	0.3125000
NODE_5333_length_1077_cov_23.876278	599	679	2	36	80	0.4500000
NODE_5333_length_1077_cov_23.876278	599	679	4	44	80	0.5500000
NODE_5334_length_1077_cov_16.067485	532	612	4	15	80	0.1875000
NODE_5334_length_1077_cov_16.067485	532	612	10	17	80	0.2125000
NODE_5334_length_1077_cov_16.067485	532	612	11	3	80	0.0375000
NODE_5334_length_1077_cov_16.067485	532	612	12	27	80	0.3375000
NODE_5334_length_1077_cov_16.067485	532	612	16	18	80	0.2250000
NODE_5334_length_1077_cov_16.067485	585	665	2	1	80	0.0125000
NODE_5334_length_1077_cov_16.067485	585	665	6	26	80	0.3250000
NODE_5334_length_1077_cov_16.067485	585	665	12	9	80	0.1125000
NODE_5334_length_1077_cov_16.067485	585	665	14	9	80	0.1125000
NODE_5334_length_1077_cov_16.067485	585	665	16	35	80	0.4375000
NODE_5335_length_1077_cov_14.568507	556	636	0	80	80	1.0000000
NODE_5335_length_1077_cov_14.568507	609	689	0	80	80	1.0000000
NODE_5336_length_1077_cov_9.507157	496	576	0	80	80	1.0000000
NODE_5336_length_1077_cov_9.507157	549	629	0	80	80	1.0000000
NODE_5342_length_1077_cov_1.781186	252	274	6	22	22	1.0000000
NODE_5345_length_1076_cov_20.592631	534	614	0	4	80	0.0500000
NODE_5345_length_1076_cov_20.592631	534	614	4	12	80	0.1500000
NODE_5345_length_1076_cov_20.592631	534	614	6	20	80	0.2500000
NODE_5345_length_1076_cov_20.592631	534	614	12	44	80	0.5500000
NODE_5345_length_1076_cov_20.592631	587	667	6	24	80	0.3000000
NODE_5345_length_1076_cov_20.592631	587	667	8	7	80	0.0875000
NODE_5345_length_1076_cov_20.592631	587	667	12	49	80	0.6125000
NODE_5346_length_1076_cov_14.788127	427	507	0	29	80	0.3625000
NODE_5346_length_1076_cov_14.788127	427	507	2	50	80	0.6250000
NODE_5346_length_1076_cov_14.788127	427	507	4	1	80	0.0125000
NODE_5346_length_1076_cov_14.788127	480	560	2	26	80	0.3250000
NODE_5346_length_1076_cov_14.788127	480	560	4	54	80	0.6750000
NODE_5348_length_1076_cov_6.306039	883	961	0	78	78	1.0000000
NODE_5348_length_1076_cov_6.306039	936	1014	0	78	78	1.0000000
NODE_5357_length_1075_cov_37.941598	550	630	0	14	80	0.1750000
NODE_5357_length_1075_cov_37.941598	550	630	2	66	80	0.8250000
NODE_5357_length_1075_cov_37.941598	603	685	0	28	82	0.3414634
NODE_5357_length_1075_cov_37.941598	603	685	2	54	82	0.6585366
NODE_5357_length_1075_cov_37.941598	681	761	2	80	80	1.0000000
NODE_5357_length_1075_cov_37.941598	734	814	0	30	80	0.3750000
NODE_5357_length_1075_cov_37.941598	734	814	2	50	80	0.6250000
NODE_5358_length_1075_cov_32.224385	397	477	4	6	80	0.0750000
NODE_5358_length_1075_cov_32.224385	397	477	6	31	80	0.3875000
NODE_5358_length_1075_cov_32.224385	397	477	12	43	80	0.5375000
NODE_5358_length_1075_cov_32.224385	450	530	2	7	80	0.0875000
NODE_5358_length_1075_cov_32.224385	450	530	10	3	80	0.0375000
NODE_5358_length_1075_cov_32.224385	450	530	12	70	80	0.8750000
NODE_5359_length_1075_cov_9.626025	440	520	6	75	80	0.9375000
NODE_5359_length_1075_cov_9.626025	440	520	8	5	80	0.0625000
NODE_5359_length_1075_cov_9.626025	493	573	4	5	80	0.0625000
NODE_5359_length_1075_cov_9.626025	493	573	6	73	80	0.9125000
NODE_5359_length_1075_cov_9.626025	493	573	7	2	80	0.0250000
NODE_5362_length_1075_cov_2.926230	38	99	0	61	61	1.0000000
NODE_5372_length_1074_cov_19.034872	568	648	2	35	80	0.4375000
NODE_5372_length_1074_cov_19.034872	568	648	8	45	80	0.5625000
NODE_5372_length_1074_cov_19.034872	621	701	2	39	80	0.4875000
NODE_5372_length_1074_cov_19.034872	621	701	8	9	80	0.1125000
NODE_5372_length_1074_cov_19.034872	621	701	10	32	80	0.4000000
NODE_5372_length_1074_cov_19.034872	697	777	10	80	80	1.0000000
NODE_5372_length_1074_cov_19.034872	750	830	0	35	80	0.4375000
NODE_5372_length_1074_cov_19.034872	750	830	2	17	80	0.2125000
NODE_5372_length_1074_cov_19.034872	750	830	10	28	80	0.3500000
NODE_5373_length_1074_cov_9.450256	577	657	0	80	80	1.0000000
NODE_5373_length_1074_cov_9.450256	630	710	0	80	80	1.0000000
NODE_5374_length_1074_cov_9.155897	526	606	0	80	80	1.0000000
NODE_5374_length_1074_cov_9.155897	579	659	0	80	80	1.0000000
NODE_5374_length_1074_cov_9.155897	655	735	0	80	80	1.0000000
NODE_5374_length_1074_cov_9.155897	708	788	0	80	80	1.0000000
NODE_5375_length_1074_cov_4.600000	606	686	0	80	80	1.0000000
NODE_5375_length_1074_cov_4.600000	659	739	0	80	80	1.0000000
NODE_5376_length_1074_cov_4.328205	32	112	12	2	80	0.0250000
NODE_5376_length_1074_cov_4.328205	32	112	16	2	80	0.0250000
NODE_5376_length_1074_cov_4.328205	32	112	18	6	80	0.0750000
NODE_5376_length_1074_cov_4.328205	32	112	22	6	80	0.0750000
NODE_5376_length_1074_cov_4.328205	32	112	24	4	80	0.0500000
NODE_5376_length_1074_cov_4.328205	32	112	32	2	80	0.0250000
NODE_5376_length_1074_cov_4.328205	32	112	34	3	80	0.0375000
NODE_5376_length_1074_cov_4.328205	32	112	36	1	80	0.0125000
NODE_5376_length_1074_cov_4.328205	32	112	40	3	80	0.0375000
NODE_5376_length_1074_cov_4.328205	32	112	42	1	80	0.0125000
NODE_5376_length_1074_cov_4.328205	32	112	44	7	80	0.0875000
NODE_5376_length_1074_cov_4.328205	32	112	46	43	80	0.5375000
NODE_5380_length_1073_cov_60.012320	448	528	0	15	80	0.1875000
NODE_5380_length_1073_cov_60.012320	448	528	2	65	80	0.8125000
NODE_5380_length_1073_cov_60.012320	501	581	0	15	80	0.1875000
NODE_5380_length_1073_cov_60.012320	501	581	2	20	80	0.2500000
NODE_5380_length_1073_cov_60.012320	501	581	4	45	80	0.5625000
NODE_5382_length_1073_cov_26.415811	529	609	7	29	80	0.3625000
NODE_5382_length_1073_cov_26.415811	529	609	9	47	80	0.5875000
NODE_5382_length_1073_cov_26.415811	529	609	10	4	80	0.0500000
NODE_5382_length_1073_cov_26.415811	582	662	2	49	80	0.6125000
NODE_5382_length_1073_cov_26.415811	582	662	5	1	80	0.0125000
NODE_5382_length_1073_cov_26.415811	582	662	7	30	80	0.3750000
NODE_5383_length_1073_cov_19.062628	571	651	4	8	80	0.1000000
NODE_5383_length_1073_cov_19.062628	571	651	12	17	80	0.2125000
NODE_5383_length_1073_cov_19.062628	571	651	13	1	80	0.0125000
NODE_5383_length_1073_cov_19.062628	571	651	14	4	80	0.0500000
NODE_5383_length_1073_cov_19.062628	571	651	16	50	80	0.6250000
NODE_5383_length_1073_cov_19.062628	624	704	2	11	80	0.1375000
NODE_5383_length_1073_cov_19.062628	624	704	4	19	80	0.2375000
NODE_5383_length_1073_cov_19.062628	624	704	6	31	80	0.3875000
NODE_5383_length_1073_cov_19.062628	624	704	13	1	80	0.0125000
NODE_5383_length_1073_cov_19.062628	624	704	14	4	80	0.0500000
NODE_5383_length_1073_cov_19.062628	624	704	16	14	80	0.1750000
NODE_5384_length_1073_cov_18.536961	447	527	0	80	80	1.0000000
NODE_5384_length_1073_cov_18.536961	500	580	0	80	80	1.0000000
NODE_5384_length_1073_cov_18.536961	576	656	0	58	80	0.7250000
NODE_5384_length_1073_cov_18.536961	576	656	2	22	80	0.2750000
NODE_5384_length_1073_cov_18.536961	629	709	0	5	80	0.0625000
NODE_5384_length_1073_cov_18.536961	629	709	2	75	80	0.9375000
NODE_5385_length_1073_cov_15.318275	712	792	0	18	80	0.2250000
NODE_5385_length_1073_cov_15.318275	712	792	2	62	80	0.7750000
NODE_5385_length_1073_cov_15.318275	765	845	0	71	80	0.8875000
NODE_5385_length_1073_cov_15.318275	765	845	2	9	80	0.1125000
NODE_5386_length_1073_cov_8.376797	287	367	0	80	80	1.0000000
NODE_5386_length_1073_cov_8.376797	340	420	0	80	80	1.0000000
NODE_5387_length_1073_cov_5.749487	257	337	0	80	80	1.0000000
NODE_5387_length_1073_cov_5.749487	310	390	0	80	80	1.0000000
NODE_5388_length_1073_cov_5.156057	408	444	4	29	36	0.8055556
NODE_5388_length_1073_cov_5.156057	408	444	6	7	36	0.1944444
NODE_5390_length_1073_cov_3.019507	1	69	0	63	68	0.9264706
NODE_5390_length_1073_cov_3.019507	1	69	2	5	68	0.0735294
NODE_5390_length_1073_cov_3.019507	42	122	0	22	80	0.2750000
NODE_5390_length_1073_cov_3.019507	42	122	2	58	80	0.7250000
NODE_5399_length_1072_cov_62.729702	351	431	0	18	80	0.2250000
NODE_5399_length_1072_cov_62.729702	351	431	10	62	80	0.7750000
NODE_5399_length_1072_cov_62.729702	404	484	0	52	80	0.6500000
NODE_5399_length_1072_cov_62.729702	404	484	10	28	80	0.3500000
NODE_5399_length_1072_cov_62.729702	480	560	0	80	80	1.0000000
NODE_5399_length_1072_cov_62.729702	533	613	0	80	80	1.0000000
NODE_5400_length_1072_cov_34.045221	430	510	2	51	80	0.6375000
NODE_5400_length_1072_cov_34.045221	430	510	4	29	80	0.3625000
NODE_5400_length_1072_cov_34.045221	483	563	0	19	80	0.2375000
NODE_5400_length_1072_cov_34.045221	483	563	2	22	80	0.2750000
NODE_5400_length_1072_cov_34.045221	483	563	4	39	80	0.4875000
NODE_5401_length_1072_cov_34.006166	342	423	0	7	81	0.0864198
NODE_5401_length_1072_cov_34.006166	342	423	4	74	81	0.9135802
NODE_5401_length_1072_cov_34.006166	396	476	0	48	80	0.6000000
NODE_5401_length_1072_cov_34.006166	396	476	4	32	80	0.4000000
NODE_5401_length_1072_cov_34.006166	472	552	0	80	80	1.0000000
NODE_5401_length_1072_cov_34.006166	525	605	0	80	80	1.0000000
NODE_5403_length_1072_cov_21.852004	300	380	0	80	80	1.0000000
NODE_5403_length_1072_cov_21.852004	353	433	0	80	80	1.0000000
NODE_5404_length_1072_cov_21.532374	476	556	4	3	80	0.0375000
NODE_5404_length_1072_cov_21.532374	476	556	7	1	80	0.0125000
NODE_5404_length_1072_cov_21.532374	476	556	8	12	80	0.1500000
NODE_5404_length_1072_cov_21.532374	476	556	10	64	80	0.8000000
NODE_5404_length_1072_cov_21.532374	529	609	2	22	80	0.2750000
NODE_5404_length_1072_cov_21.532374	529	609	6	26	80	0.3250000
NODE_5404_length_1072_cov_21.532374	529	609	8	5	80	0.0625000
NODE_5404_length_1072_cov_21.532374	529	609	10	27	80	0.3375000
NODE_5405_length_1072_cov_17.018499	415	495	0	40	80	0.5000000
NODE_5405_length_1072_cov_17.018499	415	495	2	40	80	0.5000000
NODE_5405_length_1072_cov_17.018499	468	548	0	4	80	0.0500000
NODE_5405_length_1072_cov_17.018499	468	548	2	76	80	0.9500000
NODE_5410_length_1072_cov_3.302158	388	449	2	59	61	0.9672131
NODE_5410_length_1072_cov_3.302158	388	449	4	2	61	0.0327869
NODE_5410_length_1072_cov_3.302158	422	502	2	25	80	0.3125000
NODE_5410_length_1072_cov_3.302158	422	502	4	55	80	0.6875000
NODE_5414_length_1072_cov_1.773895	114	176	4	1	62	0.0161290
NODE_5414_length_1072_cov_1.773895	114	176	6	7	62	0.1129032
NODE_5414_length_1072_cov_1.773895	114	176	10	25	62	0.4032258
NODE_5414_length_1072_cov_1.773895	114	176	12	3	62	0.0483871
NODE_5414_length_1072_cov_1.773895	114	176	14	5	62	0.0806452
NODE_5414_length_1072_cov_1.773895	114	176	16	3	62	0.0483871
NODE_5414_length_1072_cov_1.773895	114	176	18	8	62	0.1290323
NODE_5414_length_1072_cov_1.773895	114	176	20	10	62	0.1612903
NODE_5417_length_1071_cov_27.565844	312	392	0	80	80	1.0000000
NODE_5417_length_1071_cov_27.565844	365	445	0	80	80	1.0000000
NODE_5419_length_1071_cov_12.666667	480	560	0	80	80	1.0000000
NODE_5419_length_1071_cov_12.666667	533	613	0	72	80	0.9000000
NODE_5419_length_1071_cov_12.666667	533	613	2	8	80	0.1000000
NODE_5421_length_1071_cov_8.942387	418	498	0	80	80	1.0000000
NODE_5421_length_1071_cov_8.942387	471	551	0	80	80	1.0000000
NODE_5427_length_1070_cov_39.255407	591	671	0	80	80	1.0000000
NODE_5427_length_1070_cov_39.255407	644	724	0	80	80	1.0000000
NODE_5428_length_1070_cov_21.903193	430	510	0	80	80	1.0000000
NODE_5428_length_1070_cov_21.903193	483	563	0	80	80	1.0000000
NODE_5428_length_1070_cov_21.903193	559	639	0	34	80	0.4250000
NODE_5428_length_1070_cov_21.903193	559	639	4	46	80	0.5750000
NODE_5428_length_1070_cov_21.903193	612	692	4	39	80	0.4875000
NODE_5428_length_1070_cov_21.903193	612	692	12	22	80	0.2750000
NODE_5428_length_1070_cov_21.903193	612	692	16	19	80	0.2375000
NODE_5429_length_1070_cov_8.963955	871	900	5	2	29	0.0689655
NODE_5429_length_1070_cov_8.963955	871	900	11	1	29	0.0344828
NODE_5429_length_1070_cov_8.963955	871	900	12	1	29	0.0344828
NODE_5429_length_1070_cov_8.963955	871	900	14	1	29	0.0344828
NODE_5429_length_1070_cov_8.963955	871	900	23	1	29	0.0344828
NODE_5429_length_1070_cov_8.963955	871	900	29	2	29	0.0689655
NODE_5429_length_1070_cov_8.963955	871	900	31	2	29	0.0689655
NODE_5429_length_1070_cov_8.963955	871	900	45	1	29	0.0344828
NODE_5429_length_1070_cov_8.963955	871	900	46	4	29	0.1379310
NODE_5429_length_1070_cov_8.963955	871	900	48	1	29	0.0344828
NODE_5429_length_1070_cov_8.963955	871	900	50	1	29	0.0344828
NODE_5429_length_1070_cov_8.963955	871	900	52	2	29	0.0689655
NODE_5429_length_1070_cov_8.963955	871	900	57	1	29	0.0344828
NODE_5429_length_1070_cov_8.963955	871	900	60	3	29	0.1034483
NODE_5429_length_1070_cov_8.963955	871	900	70	1	29	0.0344828
NODE_5429_length_1070_cov_8.963955	871	900	74	1	29	0.0344828
NODE_5429_length_1070_cov_8.963955	871	900	82	1	29	0.0344828
NODE_5429_length_1070_cov_8.963955	871	900	86	2	29	0.0689655
NODE_5429_length_1070_cov_8.963955	871	900	88	1	29	0.0344828
NODE_5429_length_1070_cov_8.963955	873	953	11	1	80	0.0125000
NODE_5429_length_1070_cov_8.963955	873	953	12	1	80	0.0125000
NODE_5429_length_1070_cov_8.963955	873	953	14	1	80	0.0125000
NODE_5429_length_1070_cov_8.963955	873	953	23	1	80	0.0125000
NODE_5429_length_1070_cov_8.963955	873	953	29	2	80	0.0250000
NODE_5429_length_1070_cov_8.963955	873	953	31	2	80	0.0250000
NODE_5429_length_1070_cov_8.963955	873	953	45	1	80	0.0125000
NODE_5429_length_1070_cov_8.963955	873	953	46	4	80	0.0500000
NODE_5429_length_1070_cov_8.963955	873	953	48	1	80	0.0125000
NODE_5429_length_1070_cov_8.963955	873	953	50	1	80	0.0125000
NODE_5429_length_1070_cov_8.963955	873	953	52	2	80	0.0250000
NODE_5429_length_1070_cov_8.963955	873	953	57	1	80	0.0125000
NODE_5429_length_1070_cov_8.963955	873	953	60	3	80	0.0375000
NODE_5429_length_1070_cov_8.963955	873	953	70	1	80	0.0125000
NODE_5429_length_1070_cov_8.963955	873	953	74	1	80	0.0125000
NODE_5429_length_1070_cov_8.963955	873	953	82	1	80	0.0125000
NODE_5429_length_1070_cov_8.963955	873	953	86	2	80	0.0250000
NODE_5429_length_1070_cov_8.963955	873	953	88	1	80	0.0125000
NODE_5429_length_1070_cov_8.963955	873	953	92	1	80	0.0125000
NODE_5429_length_1070_cov_8.963955	873	953	104	2	80	0.0250000
NODE_5429_length_1070_cov_8.963955	873	953	107	1	80	0.0125000
NODE_5429_length_1070_cov_8.963955	873	953	116	1	80	0.0125000
NODE_5429_length_1070_cov_8.963955	873	953	119	1	80	0.0125000
NODE_5429_length_1070_cov_8.963955	873	953	120	1	80	0.0125000
NODE_5429_length_1070_cov_8.963955	873	953	123	1	80	0.0125000
NODE_5429_length_1070_cov_8.963955	873	953	126	2	80	0.0250000
NODE_5429_length_1070_cov_8.963955	873	953	128	1	80	0.0125000
NODE_5429_length_1070_cov_8.963955	873	953	132	1	80	0.0125000
NODE_5429_length_1070_cov_8.963955	873	953	136	1	80	0.0125000
NODE_5429_length_1070_cov_8.963955	873	953	141	1	80	0.0125000
NODE_5429_length_1070_cov_8.963955	873	953	151	2	80	0.0250000
NODE_5429_length_1070_cov_8.963955	873	953	154	2	80	0.0250000
NODE_5429_length_1070_cov_8.963955	873	953	156	1	80	0.0125000
NODE_5429_length_1070_cov_8.963955	873	953	159	1	80	0.0125000
NODE_5429_length_1070_cov_8.963955	873	953	160	1	80	0.0125000
NODE_5429_length_1070_cov_8.963955	873	953	161	3	80	0.0375000
NODE_5429_length_1070_cov_8.963955	873	953	168	1	80	0.0125000
NODE_5429_length_1070_cov_8.963955	873	953	171	5	80	0.0625000
NODE_5429_length_1070_cov_8.963955	873	953	174	2	80	0.0250000
NODE_5429_length_1070_cov_8.963955	873	953	176	2	80	0.0250000
NODE_5429_length_1070_cov_8.963955	873	953	186	2	80	0.0250000
NODE_5429_length_1070_cov_8.963955	873	953	187	1	80	0.0125000
NODE_5429_length_1070_cov_8.963955	873	953	191	13	80	0.1625000
NODE_5429_length_1070_cov_8.963955	873	953	195	3	80	0.0375000
NODE_5433_length_1070_cov_1.659114	1027	1046	0	19	19	1.0000000
NODE_5439_length_1069_cov_40.277320	451	531	0	80	80	1.0000000
NODE_5439_length_1069_cov_40.277320	504	584	0	80	80	1.0000000
NODE_5440_length_1069_cov_23.571134	274	354	8	28	80	0.3500000
NODE_5440_length_1069_cov_23.571134	274	354	12	17	80	0.2125000
NODE_5440_length_1069_cov_23.571134	274	354	16	35	80	0.4375000
NODE_5440_length_1069_cov_23.571134	327	407	8	44	80	0.5500000
NODE_5440_length_1069_cov_23.571134	327	407	12	13	80	0.1625000
NODE_5440_length_1069_cov_23.571134	327	407	16	23	80	0.2875000
NODE_5441_length_1069_cov_22.436082	185	265	4	35	80	0.4375000
NODE_5441_length_1069_cov_22.436082	185	265	6	45	80	0.5625000
NODE_5441_length_1069_cov_22.436082	238	318	0	16	80	0.2000000
NODE_5441_length_1069_cov_22.436082	238	318	2	3	80	0.0375000
NODE_5441_length_1069_cov_22.436082	238	318	6	61	80	0.7625000
NODE_5442_length_1069_cov_18.207216	436	516	0	80	80	1.0000000
NODE_5442_length_1069_cov_18.207216	489	569	0	64	80	0.8000000
NODE_5442_length_1069_cov_18.207216	489	569	2	16	80	0.2000000
NODE_5443_length_1069_cov_17.601031	596	676	0	80	80	1.0000000
NODE_5443_length_1069_cov_17.601031	649	729	0	80	80	1.0000000
NODE_5444_length_1069_cov_16.318557	353	433	0	80	80	1.0000000
NODE_5444_length_1069_cov_16.318557	406	486	0	80	80	1.0000000
NODE_5444_length_1069_cov_16.318557	482	562	0	80	80	1.0000000
NODE_5444_length_1069_cov_16.318557	535	615	0	80	80	1.0000000
NODE_5445_length_1069_cov_13.349485	471	551	0	80	80	1.0000000
NODE_5445_length_1069_cov_13.349485	524	604	0	80	80	1.0000000
NODE_5446_length_1069_cov_13.050515	314	394	0	19	80	0.2375000
NODE_5446_length_1069_cov_13.050515	314	394	2	61	80	0.7625000
NODE_5446_length_1069_cov_13.050515	367	447	0	72	80	0.9000000
NODE_5446_length_1069_cov_13.050515	367	447	2	8	80	0.1000000
NODE_5447_length_1069_cov_12.818557	240	320	0	80	80	1.0000000
NODE_5447_length_1069_cov_12.818557	293	373	0	29	80	0.3625000
NODE_5447_length_1069_cov_12.818557	293	373	2	51	80	0.6375000
NODE_5448_length_1069_cov_11.985567	554	634	0	80	80	1.0000000
NODE_5448_length_1069_cov_11.985567	607	687	0	80	80	1.0000000
NODE_5449_length_1069_cov_10.812371	366	446	0	80	80	1.0000000
NODE_5449_length_1069_cov_10.812371	419	499	0	80	80	1.0000000
NODE_5450_length_1069_cov_7.729897	482	562	2	29	80	0.3625000
NODE_5450_length_1069_cov_7.729897	482	562	4	51	80	0.6375000
NODE_5450_length_1069_cov_7.729897	535	615	0	37	80	0.4625000
NODE_5450_length_1069_cov_7.729897	535	615	2	33	80	0.4125000
NODE_5450_length_1069_cov_7.729897	535	615	4	10	80	0.1250000
NODE_5456_length_1068_cov_31.692466	314	394	2	80	80	1.0000000
NODE_5456_length_1068_cov_31.692466	367	447	0	39	80	0.4875000
NODE_5456_length_1068_cov_31.692466	367	447	2	41	80	0.5125000
NODE_5456_length_1068_cov_31.692466	443	523	0	80	80	1.0000000
NODE_5456_length_1068_cov_31.692466	496	576	0	80	80	1.0000000
NODE_5457_length_1068_cov_29.579979	347	427	2	46	80	0.5750000
NODE_5457_length_1068_cov_29.579979	347	427	4	34	80	0.4250000
NODE_5457_length_1068_cov_29.579979	400	480	2	75	80	0.9375000
NODE_5457_length_1068_cov_29.579979	400	480	4	5	80	0.0625000
NODE_5459_length_1068_cov_23.020640	476	556	0	58	80	0.7250000
NODE_5459_length_1068_cov_23.020640	476	556	4	6	80	0.0750000
NODE_5459_length_1068_cov_23.020640	476	556	9	8	80	0.1000000
NODE_5459_length_1068_cov_23.020640	476	556	13	8	80	0.1000000
NODE_5459_length_1068_cov_23.020640	529	609	0	5	80	0.0625000
NODE_5459_length_1068_cov_23.020640	529	609	4	6	80	0.0750000
NODE_5459_length_1068_cov_23.020640	529	609	9	8	80	0.1000000
NODE_5459_length_1068_cov_23.020640	529	609	13	61	80	0.7625000
NODE_5460_length_1068_cov_15.272446	546	626	0	32	80	0.4000000
NODE_5460_length_1068_cov_15.272446	546	626	4	48	80	0.6000000
NODE_5460_length_1068_cov_15.272446	599	679	4	80	80	1.0000000
NODE_5461_length_1068_cov_13.557276	674	754	2	18	80	0.2250000
NODE_5461_length_1068_cov_13.557276	674	754	8	2	80	0.0250000
NODE_5461_length_1068_cov_13.557276	674	754	9	1	80	0.0125000
NODE_5461_length_1068_cov_13.557276	674	754	12	1	80	0.0125000
NODE_5461_length_1068_cov_13.557276	674	754	13	58	80	0.7250000
NODE_5461_length_1068_cov_13.557276	727	807	0	39	80	0.4875000
NODE_5461_length_1068_cov_13.557276	727	807	2	32	80	0.4000000
NODE_5461_length_1068_cov_13.557276	727	807	8	2	80	0.0250000
NODE_5461_length_1068_cov_13.557276	727	807	9	1	80	0.0125000
NODE_5461_length_1068_cov_13.557276	727	807	12	1	80	0.0125000
NODE_5461_length_1068_cov_13.557276	727	807	13	5	80	0.0625000
NODE_5479_length_1067_cov_48.282025	429	509	0	80	80	1.0000000
NODE_5479_length_1067_cov_48.282025	482	562	0	80	80	1.0000000
NODE_5480_length_1067_cov_41.111570	460	540	2	23	80	0.2875000
NODE_5480_length_1067_cov_41.111570	460	540	4	12	80	0.1500000
NODE_5480_length_1067_cov_41.111570	460	540	8	5	80	0.0625000
NODE_5480_length_1067_cov_41.111570	460	540	10	1	80	0.0125000
NODE_5480_length_1067_cov_41.111570	460	540	13	11	80	0.1375000
NODE_5480_length_1067_cov_41.111570	460	540	14	7	80	0.0875000
NODE_5480_length_1067_cov_41.111570	460	540	16	21	80	0.2625000
NODE_5480_length_1067_cov_41.111570	513	593	13	36	80	0.4500000
NODE_5480_length_1067_cov_41.111570	513	593	14	6	80	0.0750000
NODE_5480_length_1067_cov_41.111570	513	593	15	15	80	0.1875000
NODE_5480_length_1067_cov_41.111570	513	593	16	23	80	0.2875000
NODE_5481_length_1067_cov_39.109504	295	375	0	2	80	0.0250000
NODE_5481_length_1067_cov_39.109504	295	375	2	78	80	0.9750000
NODE_5481_length_1067_cov_39.109504	348	428	0	55	80	0.6875000
NODE_5481_length_1067_cov_39.109504	348	428	2	25	80	0.3125000
NODE_5481_length_1067_cov_39.109504	424	504	0	47	80	0.5875000
NODE_5481_length_1067_cov_39.109504	424	504	4	33	80	0.4125000
NODE_5481_length_1067_cov_39.109504	477	557	4	80	80	1.0000000
NODE_5482_length_1067_cov_35.426653	252	332	4	9	80	0.1125000
NODE_5482_length_1067_cov_35.426653	252	332	5	71	80	0.8875000
NODE_5482_length_1067_cov_35.426653	305	385	2	6	80	0.0750000
NODE_5482_length_1067_cov_35.426653	305	385	4	9	80	0.1125000
NODE_5482_length_1067_cov_35.426653	305	385	5	62	80	0.7750000
NODE_5482_length_1067_cov_35.426653	305	385	7	3	80	0.0375000
NODE_5483_length_1067_cov_29.467975	412	492	6	10	80	0.1250000
NODE_5483_length_1067_cov_29.467975	412	492	10	13	80	0.1625000
NODE_5483_length_1067_cov_29.467975	412	492	12	57	80	0.7125000
NODE_5483_length_1067_cov_29.467975	465	545	0	1	80	0.0125000
NODE_5483_length_1067_cov_29.467975	465	545	6	34	80	0.4250000
NODE_5483_length_1067_cov_29.467975	465	545	10	13	80	0.1625000
NODE_5483_length_1067_cov_29.467975	465	545	12	32	80	0.4000000
NODE_5484_length_1067_cov_20.738636	579	645	12	3	66	0.0454545
NODE_5484_length_1067_cov_20.738636	579	645	14	4	66	0.0606061
NODE_5484_length_1067_cov_20.738636	579	645	16	6	66	0.0909091
NODE_5484_length_1067_cov_20.738636	579	645	18	1	66	0.0151515
NODE_5484_length_1067_cov_20.738636	579	645	20	2	66	0.0303030
NODE_5484_length_1067_cov_20.738636	579	645	24	10	66	0.1515152
NODE_5484_length_1067_cov_20.738636	579	645	28	6	66	0.0909091
NODE_5484_length_1067_cov_20.738636	579	645	29	2	66	0.0303030
NODE_5484_length_1067_cov_20.738636	579	645	33	8	66	0.1212121
NODE_5484_length_1067_cov_20.738636	579	645	35	6	66	0.0909091
NODE_5484_length_1067_cov_20.738636	579	645	36	3	66	0.0454545
NODE_5484_length_1067_cov_20.738636	579	645	37	1	66	0.0151515
NODE_5484_length_1067_cov_20.738636	579	645	38	3	66	0.0454545
NODE_5484_length_1067_cov_20.738636	579	645	40	5	66	0.0757576
NODE_5484_length_1067_cov_20.738636	579	645	42	6	66	0.0909091
NODE_5484_length_1067_cov_20.738636	618	698	33	4	80	0.0500000
NODE_5484_length_1067_cov_20.738636	618	698	35	5	80	0.0625000
NODE_5484_length_1067_cov_20.738636	618	698	36	3	80	0.0375000
NODE_5484_length_1067_cov_20.738636	618	698	37	1	80	0.0125000
NODE_5484_length_1067_cov_20.738636	618	698	38	3	80	0.0375000
NODE_5484_length_1067_cov_20.738636	618	698	40	5	80	0.0625000
NODE_5484_length_1067_cov_20.738636	618	698	42	6	80	0.0750000
NODE_5484_length_1067_cov_20.738636	618	698	44	3	80	0.0375000
NODE_5484_length_1067_cov_20.738636	618	698	46	8	80	0.1000000
NODE_5484_length_1067_cov_20.738636	618	698	48	19	80	0.2375000
NODE_5484_length_1067_cov_20.738636	618	698	50	3	80	0.0375000
NODE_5484_length_1067_cov_20.738636	618	698	52	15	80	0.1875000
NODE_5484_length_1067_cov_20.738636	618	698	54	5	80	0.0625000
NODE_5485_length_1067_cov_15.280992	538	617	0	20	79	0.2531646
NODE_5485_length_1067_cov_15.280992	538	617	2	11	79	0.1392405
NODE_5485_length_1067_cov_15.280992	538	617	4	48	79	0.6075949
NODE_5485_length_1067_cov_15.280992	590	670	0	16	80	0.2000000
NODE_5485_length_1067_cov_15.280992	590	670	2	19	80	0.2375000
NODE_5485_length_1067_cov_15.280992	590	670	4	45	80	0.5625000
NODE_5486_length_1067_cov_13.708678	478	558	0	80	80	1.0000000
NODE_5486_length_1067_cov_13.708678	531	611	0	80	80	1.0000000
NODE_5488_length_1067_cov_9.070248	625	705	0	60	80	0.7500000
NODE_5488_length_1067_cov_9.070248	625	705	3	1	80	0.0125000
NODE_5488_length_1067_cov_9.070248	625	705	4	2	80	0.0250000
NODE_5488_length_1067_cov_9.070248	625	705	6	17	80	0.2125000
NODE_5488_length_1067_cov_9.070248	678	758	0	7	80	0.0875000
NODE_5488_length_1067_cov_9.070248	678	758	3	1	80	0.0125000
NODE_5488_length_1067_cov_9.070248	678	758	4	2	80	0.0250000
NODE_5488_length_1067_cov_9.070248	678	758	6	70	80	0.8750000
NODE_5494_length_1067_cov_1.946281	765	812	0	6	47	0.1276596
NODE_5494_length_1067_cov_1.946281	765	812	2	41	47	0.8723404
NODE_5501_length_1066_cov_54.227508	395	475	10	1	80	0.0125000
NODE_5501_length_1066_cov_54.227508	395	475	11	2	80	0.0250000
NODE_5501_length_1066_cov_54.227508	395	475	12	5	80	0.0625000
NODE_5501_length_1066_cov_54.227508	395	475	13	7	80	0.0875000
NODE_5501_length_1066_cov_54.227508	395	475	20	12	80	0.1500000
NODE_5501_length_1066_cov_54.227508	395	475	22	47	80	0.5875000
NODE_5501_length_1066_cov_54.227508	395	475	23	6	80	0.0750000
NODE_5501_length_1066_cov_54.227508	448	528	2	10	80	0.1250000
NODE_5501_length_1066_cov_54.227508	448	528	11	1	80	0.0125000
NODE_5501_length_1066_cov_54.227508	448	528	12	13	80	0.1625000
NODE_5501_length_1066_cov_54.227508	448	528	14	29	80	0.3625000
NODE_5501_length_1066_cov_54.227508	448	528	20	12	80	0.1500000
NODE_5501_length_1066_cov_54.227508	448	528	22	15	80	0.1875000
NODE_5502_length_1066_cov_33.501551	357	437	0	80	80	1.0000000
NODE_5502_length_1066_cov_33.501551	410	490	0	80	80	1.0000000
NODE_5503_length_1066_cov_33.115822	397	477	7	17	80	0.2125000
NODE_5503_length_1066_cov_33.115822	397	477	12	14	80	0.1750000
NODE_5503_length_1066_cov_33.115822	397	477	13	27	80	0.3375000
NODE_5503_length_1066_cov_33.115822	397	477	14	22	80	0.2750000
NODE_5503_length_1066_cov_33.115822	450	530	0	27	80	0.3375000
NODE_5503_length_1066_cov_33.115822	450	530	7	43	80	0.5375000
NODE_5503_length_1066_cov_33.115822	450	530	13	10	80	0.1250000
NODE_5504_length_1066_cov_26.517063	215	285	407	3	70	0.0428571
NODE_5504_length_1066_cov_26.517063	215	285	409	1	70	0.0142857
NODE_5504_length_1066_cov_26.517063	215	285	410	1	70	0.0142857
NODE_5504_length_1066_cov_26.517063	215	285	413	2	70	0.0285714
NODE_5504_length_1066_cov_26.517063	215	285	414	1	70	0.0142857
NODE_5504_length_1066_cov_26.517063	215	285	416	1	70	0.0142857
NODE_5504_length_1066_cov_26.517063	215	285	417	2	70	0.0285714
NODE_5504_length_1066_cov_26.517063	215	285	419	1	70	0.0142857
NODE_5504_length_1066_cov_26.517063	215	285	421	2	70	0.0285714
NODE_5504_length_1066_cov_26.517063	215	285	423	1	70	0.0142857
NODE_5504_length_1066_cov_26.517063	215	285	426	1	70	0.0142857
NODE_5504_length_1066_cov_26.517063	215	285	428	1	70	0.0142857
NODE_5504_length_1066_cov_26.517063	215	285	440	1	70	0.0142857
NODE_5504_length_1066_cov_26.517063	215	285	442	1	70	0.0142857
NODE_5504_length_1066_cov_26.517063	215	285	446	2	70	0.0285714
NODE_5504_length_1066_cov_26.517063	215	285	447	1	70	0.0142857
NODE_5504_length_1066_cov_26.517063	215	285	449	1	70	0.0142857
NODE_5504_length_1066_cov_26.517063	215	285	451	2	70	0.0285714
NODE_5504_length_1066_cov_26.517063	215	285	452	1	70	0.0142857
NODE_5504_length_1066_cov_26.517063	215	285	456	1	70	0.0142857
NODE_5504_length_1066_cov_26.517063	215	285	457	1	70	0.0142857
NODE_5504_length_1066_cov_26.517063	215	285	459	1	70	0.0142857
NODE_5504_length_1066_cov_26.517063	215	285	460	2	70	0.0285714
NODE_5504_length_1066_cov_26.517063	215	285	461	1	70	0.0142857
NODE_5504_length_1066_cov_26.517063	215	285	462	1	70	0.0142857
NODE_5504_length_1066_cov_26.517063	215	285	463	2	70	0.0285714
NODE_5504_length_1066_cov_26.517063	215	285	464	1	70	0.0142857
NODE_5504_length_1066_cov_26.517063	215	285	465	1	70	0.0142857
NODE_5504_length_1066_cov_26.517063	215	285	466	1	70	0.0142857
NODE_5504_length_1066_cov_26.517063	215	285	468	2	70	0.0285714
NODE_5504_length_1066_cov_26.517063	215	285	473	1	70	0.0142857
NODE_5504_length_1066_cov_26.517063	215	285	490	1	70	0.0142857
NODE_5504_length_1066_cov_26.517063	215	285	495	1	70	0.0142857
NODE_5504_length_1066_cov_26.517063	215	285	499	1	70	0.0142857
NODE_5504_length_1066_cov_26.517063	215	285	503	1	70	0.0142857
NODE_5504_length_1066_cov_26.517063	215	285	522	1	70	0.0142857
NODE_5504_length_1066_cov_26.517063	215	285	531	2	70	0.0285714
NODE_5504_length_1066_cov_26.517063	215	285	533	1	70	0.0142857
NODE_5504_length_1066_cov_26.517063	215	285	534	3	70	0.0428571
NODE_5504_length_1066_cov_26.517063	215	285	537	1	70	0.0142857
NODE_5504_length_1066_cov_26.517063	215	285	538	1	70	0.0142857
NODE_5504_length_1066_cov_26.517063	215	285	542	1	70	0.0142857
NODE_5504_length_1066_cov_26.517063	215	285	543	2	70	0.0285714
NODE_5504_length_1066_cov_26.517063	215	285	546	1	70	0.0142857
NODE_5504_length_1066_cov_26.517063	215	285	547	2	70	0.0285714
NODE_5504_length_1066_cov_26.517063	215	285	548	1	70	0.0142857
NODE_5504_length_1066_cov_26.517063	215	285	549	1	70	0.0142857
NODE_5504_length_1066_cov_26.517063	215	285	552	2	70	0.0285714
NODE_5504_length_1066_cov_26.517063	215	285	554	2	70	0.0285714
NODE_5504_length_1066_cov_26.517063	215	285	555	1	70	0.0142857
NODE_5504_length_1066_cov_26.517063	215	285	557	1	70	0.0142857
NODE_5504_length_1066_cov_26.517063	215	285	559	1	70	0.0142857
NODE_5504_length_1066_cov_26.517063	215	285	581	1	70	0.0142857
NODE_5505_length_1066_cov_16.906929	526	606	0	65	80	0.8125000
NODE_5505_length_1066_cov_16.906929	526	606	3	15	80	0.1875000
NODE_5505_length_1066_cov_16.906929	579	659	0	12	80	0.1500000
NODE_5505_length_1066_cov_16.906929	579	659	3	68	80	0.8500000
NODE_5506_length_1066_cov_16.190279	298	378	0	5	80	0.0625000
NODE_5506_length_1066_cov_16.190279	298	378	4	24	80	0.3000000
NODE_5506_length_1066_cov_16.190279	298	378	15	1	80	0.0125000
NODE_5506_length_1066_cov_16.190279	298	378	16	3	80	0.0375000
NODE_5506_length_1066_cov_16.190279	298	378	22	47	80	0.5875000
NODE_5506_length_1066_cov_16.190279	351	432	17	16	81	0.1975309
NODE_5506_length_1066_cov_16.190279	351	432	21	7	81	0.0864198
NODE_5506_length_1066_cov_16.190279	351	432	22	58	81	0.7160494
NODE_5507_length_1066_cov_15.444674	582	662	8	26	80	0.3250000
NODE_5507_length_1066_cov_15.444674	582	662	9	54	80	0.6750000
NODE_5507_length_1066_cov_15.444674	635	715	0	20	80	0.2500000
NODE_5507_length_1066_cov_15.444674	635	715	2	8	80	0.1000000
NODE_5507_length_1066_cov_15.444674	635	715	9	52	80	0.6500000
NODE_5516_length_1065_cov_51.693582	480	560	4	14	80	0.1750000
NODE_5516_length_1065_cov_51.693582	480	560	6	41	80	0.5125000
NODE_5516_length_1065_cov_51.693582	480	560	8	25	80	0.3125000
NODE_5516_length_1065_cov_51.693582	533	613	2	40	80	0.5000000
NODE_5516_length_1065_cov_51.693582	533	613	4	12	80	0.1500000
NODE_5516_length_1065_cov_51.693582	533	613	6	2	80	0.0250000
NODE_5516_length_1065_cov_51.693582	533	613	8	26	80	0.3250000
NODE_5517_length_1065_cov_33.428571	422	502	2	12	80	0.1500000
NODE_5517_length_1065_cov_33.428571	422	502	4	55	80	0.6875000
NODE_5517_length_1065_cov_33.428571	422	502	6	13	80	0.1625000
NODE_5517_length_1065_cov_33.428571	422	502	2	12	80	0.1500000
NODE_5517_length_1065_cov_33.428571	422	502	4	55	80	0.6875000
NODE_5517_length_1065_cov_33.428571	422	502	6	13	80	0.1625000
NODE_5517_length_1065_cov_33.428571	422	502	2	12	80	0.1500000
NODE_5517_length_1065_cov_33.428571	422	502	4	55	80	0.6875000
NODE_5517_length_1065_cov_33.428571	422	502	6	13	80	0.1625000
NODE_5517_length_1065_cov_33.428571	475	555	4	18	80	0.2250000
NODE_5517_length_1065_cov_33.428571	475	555	6	47	80	0.5875000
NODE_5517_length_1065_cov_33.428571	475	555	8	15	80	0.1875000
NODE_5517_length_1065_cov_33.428571	475	555	4	18	80	0.2250000
NODE_5517_length_1065_cov_33.428571	475	555	6	47	80	0.5875000
NODE_5517_length_1065_cov_33.428571	475	555	8	15	80	0.1875000
NODE_5517_length_1065_cov_33.428571	551	631	1	3	80	0.0375000
NODE_5517_length_1065_cov_33.428571	551	631	3	4	80	0.0500000
NODE_5517_length_1065_cov_33.428571	551	631	5	2	80	0.0250000
NODE_5517_length_1065_cov_33.428571	551	631	6	15	80	0.1875000
NODE_5517_length_1065_cov_33.428571	551	631	7	20	80	0.2500000
NODE_5517_length_1065_cov_33.428571	551	631	8	8	80	0.1000000
NODE_5517_length_1065_cov_33.428571	551	631	9	28	80	0.3500000
NODE_5517_length_1065_cov_33.428571	551	631	1	3	80	0.0375000
NODE_5517_length_1065_cov_33.428571	551	631	3	4	80	0.0500000
NODE_5517_length_1065_cov_33.428571	551	631	5	2	80	0.0250000
NODE_5517_length_1065_cov_33.428571	551	631	6	15	80	0.1875000
NODE_5517_length_1065_cov_33.428571	551	631	7	20	80	0.2500000
NODE_5517_length_1065_cov_33.428571	551	631	8	8	80	0.1000000
NODE_5517_length_1065_cov_33.428571	551	631	9	28	80	0.3500000
NODE_5517_length_1065_cov_33.428571	551	572	6	15	21	0.7142857
NODE_5517_length_1065_cov_33.428571	551	572	8	2	21	0.0952381
NODE_5517_length_1065_cov_33.428571	551	572	9	4	21	0.1904762
NODE_5517_length_1065_cov_33.428571	604	666	1	3	62	0.0483871
NODE_5517_length_1065_cov_33.428571	604	666	3	4	62	0.0645161
NODE_5517_length_1065_cov_33.428571	604	666	5	2	62	0.0322581
NODE_5517_length_1065_cov_33.428571	604	666	7	12	62	0.1935484
NODE_5517_length_1065_cov_33.428571	604	666	8	36	62	0.5806451
NODE_5517_length_1065_cov_33.428571	604	666	10	1	62	0.0161290
NODE_5517_length_1065_cov_33.428571	604	666	16	4	62	0.0645161
NODE_5517_length_1065_cov_33.428571	604	684	1	3	80	0.0375000
NODE_5517_length_1065_cov_33.428571	604	684	3	4	80	0.0500000
NODE_5517_length_1065_cov_33.428571	604	684	5	2	80	0.0250000
NODE_5517_length_1065_cov_33.428571	604	684	7	12	80	0.1500000
NODE_5517_length_1065_cov_33.428571	604	684	8	36	80	0.4500000
NODE_5517_length_1065_cov_33.428571	604	684	10	1	80	0.0125000
NODE_5517_length_1065_cov_33.428571	604	684	16	12	80	0.1500000
NODE_5517_length_1065_cov_33.428571	604	684	18	10	80	0.1250000
NODE_5518_length_1065_cov_31.874741	255	335	10	40	80	0.5000000
NODE_5518_length_1065_cov_31.874741	255	335	11	35	80	0.4375000
NODE_5518_length_1065_cov_31.874741	255	335	12	5	80	0.0625000
NODE_5518_length_1065_cov_31.874741	308	388	0	12	80	0.1500000
NODE_5518_length_1065_cov_31.874741	308	388	1	30	80	0.3750000
NODE_5518_length_1065_cov_31.874741	308	388	10	38	80	0.4750000
NODE_5519_length_1065_cov_21.762940	234	314	1	80	80	1.0000000
NODE_5519_length_1065_cov_21.762940	287	367	1	28	80	0.3500000
NODE_5519_length_1065_cov_21.762940	287	367	2	3	80	0.0375000
NODE_5519_length_1065_cov_21.762940	287	367	6	49	80	0.6125000
NODE_5520_length_1065_cov_19.947205	447	527	0	17	80	0.2125000
NODE_5520_length_1065_cov_19.947205	447	527	2	44	80	0.5500000
NODE_5520_length_1065_cov_19.947205	447	527	6	19	80	0.2375000
NODE_5520_length_1065_cov_19.947205	500	580	2	8	80	0.1000000
NODE_5520_length_1065_cov_19.947205	500	580	4	21	80	0.2625000
NODE_5520_length_1065_cov_19.947205	500	580	6	51	80	0.6375000
NODE_5521_length_1065_cov_14.590062	343	423	0	80	80	1.0000000
NODE_5521_length_1065_cov_14.590062	396	476	0	80	80	1.0000000
NODE_5522_length_1065_cov_13.232919	243	323	0	28	80	0.3500000
NODE_5522_length_1065_cov_13.232919	243	323	2	52	80	0.6500000
NODE_5522_length_1065_cov_13.232919	296	376	0	80	80	1.0000000
NODE_5523_length_1065_cov_10.670807	481	561	0	73	80	0.9125000
NODE_5523_length_1065_cov_10.670807	481	561	2	7	80	0.0875000
NODE_5523_length_1065_cov_10.670807	534	614	0	80	80	1.0000000
NODE_5524_length_1065_cov_10.473085	496	576	0	9	80	0.1125000
NODE_5524_length_1065_cov_10.473085	496	576	2	71	80	0.8875000
NODE_5524_length_1065_cov_10.473085	549	629	0	40	80	0.5000000
NODE_5524_length_1065_cov_10.473085	549	629	2	40	80	0.5000000
NODE_5525_length_1065_cov_9.711180	286	360	1	14	74	0.1891892
NODE_5525_length_1065_cov_9.711180	286	360	2	60	74	0.8108108
NODE_5525_length_1065_cov_9.711180	339	419	1	4	80	0.0500000
NODE_5525_length_1065_cov_9.711180	339	419	2	76	80	0.9500000
NODE_5534_length_1064_cov_59.929534	457	537	0	80	80	1.0000000
NODE_5534_length_1064_cov_59.929534	510	590	0	80	80	1.0000000
NODE_5534_length_1064_cov_59.929534	586	666	0	42	80	0.5250000
NODE_5534_length_1064_cov_59.929534	586	666	2	38	80	0.4750000
NODE_5534_length_1064_cov_59.929534	639	719	0	33	80	0.4125000
NODE_5534_length_1064_cov_59.929534	639	719	2	47	80	0.5875000
NODE_5535_length_1064_cov_36.480829	367	447	0	70	80	0.8750000
NODE_5535_length_1064_cov_36.480829	367	447	4	10	80	0.1250000
NODE_5535_length_1064_cov_36.480829	420	500	0	17	80	0.2125000
NODE_5535_length_1064_cov_36.480829	420	500	4	63	80	0.7875000
NODE_5535_length_1064_cov_36.480829	496	576	4	61	80	0.7625000
NODE_5535_length_1064_cov_36.480829	496	576	6	19	80	0.2375000
NODE_5535_length_1064_cov_36.480829	549	629	2	53	80	0.6625000
NODE_5535_length_1064_cov_36.480829	549	629	4	8	80	0.1000000
NODE_5535_length_1064_cov_36.480829	549	629	6	19	80	0.2375000
NODE_5536_length_1064_cov_32.307772	547	627	0	64	80	0.8000000
NODE_5536_length_1064_cov_32.307772	547	627	2	3	80	0.0375000
NODE_5536_length_1064_cov_32.307772	547	627	4	5	80	0.0625000
NODE_5536_length_1064_cov_32.307772	547	627	6	8	80	0.1000000
NODE_5536_length_1064_cov_32.307772	600	680	0	11	80	0.1375000
NODE_5536_length_1064_cov_32.307772	600	680	2	3	80	0.0375000
NODE_5536_length_1064_cov_32.307772	600	680	4	5	80	0.0625000
NODE_5536_length_1064_cov_32.307772	600	680	6	13	80	0.1625000
NODE_5536_length_1064_cov_32.307772	600	680	8	48	80	0.6000000
NODE_5537_length_1064_cov_25.255959	462	542	0	80	80	1.0000000
NODE_5537_length_1064_cov_25.255959	515	595	0	80	80	1.0000000
NODE_5537_length_1064_cov_25.255959	591	671	0	80	80	1.0000000
NODE_5537_length_1064_cov_25.255959	644	724	0	80	80	1.0000000
NODE_5538_length_1064_cov_23.053886	343	423	0	80	80	1.0000000
NODE_5538_length_1064_cov_23.053886	396	476	0	80	80	1.0000000
NODE_5538_length_1064_cov_23.053886	472	552	0	80	80	1.0000000
NODE_5538_length_1064_cov_23.053886	525	605	0	80	80	1.0000000
NODE_5539_length_1064_cov_22.018653	479	559	0	80	80	1.0000000
NODE_5539_length_1064_cov_22.018653	532	612	0	80	80	1.0000000
NODE_5540_length_1064_cov_12.868394	424	504	0	80	80	1.0000000
NODE_5540_length_1064_cov_12.868394	477	557	0	80	80	1.0000000
NODE_5541_length_1064_cov_10.098446	467	547	0	80	80	1.0000000
NODE_5541_length_1064_cov_10.098446	520	600	0	80	80	1.0000000
NODE_5543_length_1064_cov_2.925389	173	245	4	3	72	0.0416667
NODE_5543_length_1064_cov_2.925389	173	245	6	19	72	0.2638889
NODE_5543_length_1064_cov_2.925389	173	245	8	5	72	0.0694444
NODE_5543_length_1064_cov_2.925389	173	245	12	5	72	0.0694444
NODE_5543_length_1064_cov_2.925389	173	245	14	15	72	0.2083333
NODE_5543_length_1064_cov_2.925389	173	245	15	3	72	0.0416667
NODE_5543_length_1064_cov_2.925389	173	245	16	2	72	0.0277778
NODE_5543_length_1064_cov_2.925389	173	245	24	5	72	0.0694444
NODE_5543_length_1064_cov_2.925389	173	245	26	3	72	0.0416667
NODE_5543_length_1064_cov_2.925389	173	245	27	1	72	0.0138889
NODE_5543_length_1064_cov_2.925389	173	245	28	4	72	0.0555556
NODE_5543_length_1064_cov_2.925389	173	245	30	1	72	0.0138889
NODE_5543_length_1064_cov_2.925389	173	245	31	2	72	0.0277778
NODE_5543_length_1064_cov_2.925389	173	245	33	1	72	0.0138889
NODE_5543_length_1064_cov_2.925389	173	245	39	3	72	0.0416667
NODE_5551_length_1063_cov_104.615145	504	584	0	4	80	0.0500000
NODE_5551_length_1063_cov_104.615145	504	584	17	1	80	0.0125000
NODE_5551_length_1063_cov_104.615145	504	584	19	1	80	0.0125000
NODE_5551_length_1063_cov_104.615145	504	584	20	74	80	0.9250000
NODE_5551_length_1063_cov_104.615145	557	637	0	10	80	0.1250000
NODE_5551_length_1063_cov_104.615145	557	637	19	33	80	0.4125000
NODE_5551_length_1063_cov_104.615145	557	637	20	37	80	0.4625000
NODE_5552_length_1063_cov_36.515560	482	562	2	49	80	0.6125000
NODE_5552_length_1063_cov_36.515560	482	562	4	7	80	0.0875000
NODE_5552_length_1063_cov_36.515560	482	562	6	24	80	0.3000000
NODE_5552_length_1063_cov_36.515560	535	615	0	33	80	0.4125000
NODE_5552_length_1063_cov_36.515560	535	615	2	47	80	0.5875000
NODE_5552_length_1063_cov_36.515560	611	691	0	80	80	1.0000000
NODE_5552_length_1063_cov_36.515560	664	744	0	80	80	1.0000000
NODE_5553_length_1063_cov_30.700207	470	550	0	33	80	0.4125000
NODE_5553_length_1063_cov_30.700207	470	550	2	47	80	0.5875000
NODE_5553_length_1063_cov_30.700207	523	603	2	80	80	1.0000000
NODE_5553_length_1063_cov_30.700207	599	679	0	19	80	0.2375000
NODE_5553_length_1063_cov_30.700207	599	679	2	61	80	0.7625000
NODE_5553_length_1063_cov_30.700207	652	732	0	42	80	0.5250000
NODE_5553_length_1063_cov_30.700207	652	732	2	38	80	0.4750000
NODE_5554_length_1063_cov_24.552905	362	442	1	73	80	0.9125000
NODE_5554_length_1063_cov_24.552905	362	442	5	7	80	0.0875000
NODE_5554_length_1063_cov_24.552905	415	495	1	20	80	0.2500000
NODE_5554_length_1063_cov_24.552905	415	495	5	30	80	0.3750000
NODE_5554_length_1063_cov_24.552905	415	495	6	22	80	0.2750000
NODE_5554_length_1063_cov_24.552905	415	495	8	8	80	0.1000000
NODE_5555_length_1063_cov_21.985477	407	487	0	54	80	0.6750000
NODE_5555_length_1063_cov_21.985477	407	487	4	26	80	0.3250000
NODE_5555_length_1063_cov_21.985477	460	540	0	6	80	0.0750000
NODE_5555_length_1063_cov_21.985477	460	540	4	74	80	0.9250000
NODE_5555_length_1063_cov_21.985477	536	616	0	80	80	1.0000000
NODE_5555_length_1063_cov_21.985477	589	670	0	27	81	0.3333333
NODE_5555_length_1063_cov_21.985477	589	670	2	54	81	0.6666667
NODE_5557_length_1063_cov_15.400415	685	765	0	29	80	0.3625000
NODE_5557_length_1063_cov_15.400415	685	765	2	51	80	0.6375000
NODE_5557_length_1063_cov_15.400415	738	818	0	21	80	0.2625000
NODE_5557_length_1063_cov_15.400415	738	818	2	59	80	0.7375000
NODE_5558_length_1063_cov_13.282158	510	590	0	80	80	1.0000000
NODE_5558_length_1063_cov_13.282158	563	643	0	80	80	1.0000000
NODE_5559_length_1063_cov_12.970954	417	495	0	78	78	1.0000000
NODE_5559_length_1063_cov_12.970954	468	548	0	80	80	1.0000000
NODE_5560_length_1063_cov_7.917012	639	719	0	80	80	1.0000000
NODE_5560_length_1063_cov_7.917012	692	772	0	80	80	1.0000000
NODE_5569_length_1063_cov_1.695021	893	947	8	6	54	0.1111111
NODE_5569_length_1063_cov_1.695021	893	947	9	7	54	0.1296296
NODE_5569_length_1063_cov_1.695021	893	947	10	4	54	0.0740741
NODE_5569_length_1063_cov_1.695021	893	947	11	16	54	0.2962963
NODE_5569_length_1063_cov_1.695021	893	947	12	21	54	0.3888889
NODE_5574_length_1062_cov_43.399792	272	352	0	80	80	1.0000000
NODE_5574_length_1062_cov_43.399792	325	405	0	80	80	1.0000000
NODE_5576_length_1062_cov_19.778816	401	481	0	26	80	0.3250000
NODE_5576_length_1062_cov_19.778816	401	481	4	22	80	0.2750000
NODE_5576_length_1062_cov_19.778816	401	481	6	32	80	0.4000000
NODE_5576_length_1062_cov_19.778816	454	534	0	16	80	0.2000000
NODE_5576_length_1062_cov_19.778816	454	534	2	22	80	0.2750000
NODE_5576_length_1062_cov_19.778816	454	534	6	42	80	0.5250000
NODE_5577_length_1062_cov_16.034268	628	708	4	4	80	0.0500000
NODE_5577_length_1062_cov_16.034268	628	708	7	19	80	0.2375000
NODE_5577_length_1062_cov_16.034268	628	708	9	2	80	0.0250000
NODE_5577_length_1062_cov_16.034268	628	708	10	1	80	0.0125000
NODE_5577_length_1062_cov_16.034268	628	708	11	54	80	0.6750000
NODE_5577_length_1062_cov_16.034268	681	761	0	21	80	0.2625000
NODE_5577_length_1062_cov_16.034268	681	761	2	26	80	0.3250000
NODE_5577_length_1062_cov_16.034268	681	761	4	10	80	0.1250000
NODE_5577_length_1062_cov_16.034268	681	761	10	1	80	0.0125000
NODE_5577_length_1062_cov_16.034268	681	761	11	22	80	0.2750000
NODE_5578_length_1062_cov_13.346833	623	703	0	80	80	1.0000000
NODE_5578_length_1062_cov_13.346833	676	756	0	80	80	1.0000000
NODE_5579_length_1062_cov_9.886812	670	750	2	52	80	0.6500000
NODE_5579_length_1062_cov_9.886812	670	750	3	1	80	0.0125000
NODE_5579_length_1062_cov_9.886812	670	750	4	27	80	0.3375000
NODE_5579_length_1062_cov_9.886812	723	803	2	33	80	0.4125000
NODE_5579_length_1062_cov_9.886812	723	803	4	47	80	0.5875000
NODE_5580_length_1062_cov_9.078920	525	604	0	75	79	0.9493671
NODE_5580_length_1062_cov_9.078920	525	604	3	1	79	0.0126582
NODE_5580_length_1062_cov_9.078920	525	604	4	3	79	0.0379747
NODE_5580_length_1062_cov_9.078920	577	657	0	23	80	0.2875000
NODE_5580_length_1062_cov_9.078920	577	657	3	1	80	0.0125000
NODE_5580_length_1062_cov_9.078920	577	657	4	56	80	0.7000000
NODE_5581_length_1062_cov_8.934579	203	283	0	80	80	1.0000000
NODE_5581_length_1062_cov_8.934579	256	336	0	80	80	1.0000000
NODE_5588_length_1061_cov_22.637214	418	498	0	80	80	1.0000000
NODE_5588_length_1061_cov_22.637214	471	551	0	80	80	1.0000000
NODE_5589_length_1061_cov_22.338877	479	559	2	40	80	0.5000000
NODE_5589_length_1061_cov_22.338877	479	559	4	40	80	0.5000000
NODE_5589_length_1061_cov_22.338877	532	612	0	20	80	0.2500000
NODE_5589_length_1061_cov_22.338877	532	612	2	60	80	0.7500000
NODE_5597_length_1060_cov_31.595213	394	473	0	79	79	1.0000000
NODE_5597_length_1060_cov_31.595213	446	526	0	80	80	1.0000000
NODE_5597_length_1060_cov_31.595213	522	602	0	80	80	1.0000000
NODE_5597_length_1060_cov_31.595213	575	655	0	80	80	1.0000000
NODE_5598_length_1060_cov_26.136316	486	566	0	18	80	0.2250000
NODE_5598_length_1060_cov_26.136316	486	566	4	2	80	0.0250000
NODE_5598_length_1060_cov_26.136316	486	566	6	1	80	0.0125000
NODE_5598_length_1060_cov_26.136316	486	566	8	59	80	0.7375000
NODE_5598_length_1060_cov_26.136316	539	619	0	71	80	0.8875000
NODE_5598_length_1060_cov_26.136316	539	619	4	2	80	0.0250000
NODE_5598_length_1060_cov_26.136316	539	619	6	1	80	0.0125000
NODE_5598_length_1060_cov_26.136316	539	619	8	6	80	0.0750000
NODE_5598_length_1060_cov_26.136316	615	695	0	80	80	1.0000000
NODE_5598_length_1060_cov_26.136316	668	748	0	80	80	1.0000000
NODE_5599_length_1060_cov_25.329865	370	450	0	28	80	0.3500000
NODE_5599_length_1060_cov_25.329865	370	450	4	52	80	0.6500000
NODE_5599_length_1060_cov_25.329865	423	503	0	27	80	0.3375000
NODE_5599_length_1060_cov_25.329865	423	503	4	53	80	0.6625000
NODE_5600_length_1060_cov_16.881374	539	611	6	26	72	0.3611111
NODE_5600_length_1060_cov_16.881374	539	611	8	46	72	0.6388889
NODE_5601_length_1060_cov_14.789802	406	486	2	10	80	0.1250000
NODE_5601_length_1060_cov_14.789802	406	486	4	70	80	0.8750000
NODE_5601_length_1060_cov_14.789802	459	539	2	10	80	0.1250000
NODE_5601_length_1060_cov_14.789802	459	539	4	70	80	0.8750000
NODE_5603_length_1060_cov_5.900104	517	597	0	80	80	1.0000000
NODE_5603_length_1060_cov_5.900104	570	650	0	80	80	1.0000000
NODE_5611_length_1059_cov_16.630208	412	492	2	80	80	1.0000000
NODE_5611_length_1059_cov_16.630208	465	552	0	18	87	0.2068966
NODE_5611_length_1059_cov_16.630208	465	552	2	69	87	0.7931035
NODE_5611_length_1059_cov_16.630208	548	628	0	80	80	1.0000000
NODE_5611_length_1059_cov_16.630208	601	681	0	80	80	1.0000000
NODE_5621_length_1058_cov_60.155370	395	475	0	69	80	0.8625000
NODE_5621_length_1058_cov_60.155370	395	475	2	11	80	0.1375000
NODE_5621_length_1058_cov_60.155370	448	528	0	16	80	0.2000000
NODE_5621_length_1058_cov_60.155370	448	528	2	42	80	0.5250000
NODE_5621_length_1058_cov_60.155370	448	528	4	22	80	0.2750000
NODE_5621_length_1058_cov_60.155370	524	604	4	29	80	0.3625000
NODE_5621_length_1058_cov_60.155370	524	604	6	50	80	0.6250000
NODE_5621_length_1058_cov_60.155370	524	604	8	1	80	0.0125000
NODE_5621_length_1058_cov_60.155370	577	657	0	20	80	0.2500000
NODE_5621_length_1058_cov_60.155370	577	657	4	47	80	0.5875000
NODE_5621_length_1058_cov_60.155370	577	657	6	13	80	0.1625000
NODE_5622_length_1058_cov_31.253389	475	555	2	6	80	0.0750000
NODE_5622_length_1058_cov_31.253389	475	555	10	2	80	0.0250000
NODE_5622_length_1058_cov_31.253389	475	555	35	1	80	0.0125000
NODE_5622_length_1058_cov_31.253389	475	555	37	14	80	0.1750000
NODE_5622_length_1058_cov_31.253389	475	555	38	4	80	0.0500000
NODE_5622_length_1058_cov_31.253389	475	555	39	8	80	0.1000000
NODE_5622_length_1058_cov_31.253389	475	555	41	13	80	0.1625000
NODE_5622_length_1058_cov_31.253389	475	555	43	32	80	0.4000000
NODE_5622_length_1058_cov_31.253389	475	555	2	6	80	0.0750000
NODE_5622_length_1058_cov_31.253389	475	555	10	2	80	0.0250000
NODE_5622_length_1058_cov_31.253389	475	555	35	1	80	0.0125000
NODE_5622_length_1058_cov_31.253389	475	555	37	14	80	0.1750000
NODE_5622_length_1058_cov_31.253389	475	555	38	4	80	0.0500000
NODE_5622_length_1058_cov_31.253389	475	555	39	8	80	0.1000000
NODE_5622_length_1058_cov_31.253389	475	555	41	13	80	0.1625000
NODE_5622_length_1058_cov_31.253389	475	555	43	32	80	0.4000000
NODE_5622_length_1058_cov_31.253389	528	608	0	41	80	0.5125000
NODE_5622_length_1058_cov_31.253389	528	608	2	18	80	0.2250000
NODE_5622_length_1058_cov_31.253389	528	608	10	2	80	0.0250000
NODE_5622_length_1058_cov_31.253389	528	608	35	1	80	0.0125000
NODE_5622_length_1058_cov_31.253389	528	608	37	14	80	0.1750000
NODE_5622_length_1058_cov_31.253389	528	608	38	4	80	0.0500000
NODE_5622_length_1058_cov_31.253389	533	608	0	41	75	0.5466667
NODE_5622_length_1058_cov_31.253389	533	608	2	18	75	0.2400000
NODE_5622_length_1058_cov_31.253389	533	608	10	2	75	0.0266667
NODE_5622_length_1058_cov_31.253389	533	608	35	1	75	0.0133333
NODE_5622_length_1058_cov_31.253389	533	608	37	13	75	0.1733333
NODE_5623_length_1058_cov_24.520334	264	344	0	36	80	0.4500000
NODE_5623_length_1058_cov_24.520334	264	344	1	44	80	0.5500000
NODE_5623_length_1058_cov_24.520334	317	397	1	80	80	1.0000000
NODE_5624_length_1058_cov_24.211679	297	377	0	63	80	0.7875000
NODE_5624_length_1058_cov_24.211679	297	377	2	17	80	0.2125000
NODE_5624_length_1058_cov_24.211679	350	430	0	10	80	0.1250000
NODE_5624_length_1058_cov_24.211679	350	430	2	70	80	0.8750000
NODE_5625_length_1058_cov_18.100104	454	534	7	47	80	0.5875000
NODE_5625_length_1058_cov_18.100104	454	534	8	23	80	0.2875000
NODE_5625_length_1058_cov_18.100104	454	534	10	10	80	0.1250000
NODE_5625_length_1058_cov_18.100104	507	587	2	20	80	0.2500000
NODE_5625_length_1058_cov_18.100104	507	587	8	17	80	0.2125000
NODE_5625_length_1058_cov_18.100104	507	587	10	43	80	0.5375000
NODE_5626_length_1058_cov_11.645464	476	556	0	80	80	1.0000000
NODE_5626_length_1058_cov_11.645464	529	609	0	80	80	1.0000000
NODE_5627_length_1058_cov_9.953076	621	712	0	40	91	0.4395604
NODE_5627_length_1058_cov_9.953076	621	712	1	21	91	0.2307692
NODE_5627_length_1058_cov_9.953076	621	712	2	13	91	0.1428571
NODE_5627_length_1058_cov_9.953076	621	712	4	1	91	0.0109890
NODE_5627_length_1058_cov_9.953076	621	712	6	16	91	0.1758242
NODE_5627_length_1058_cov_9.953076	685	765	0	6	80	0.0750000
NODE_5627_length_1058_cov_9.953076	685	765	1	74	80	0.9250000
NODE_5628_length_1058_cov_6.294056	819	899	2	2	80	0.0250000
NODE_5628_length_1058_cov_6.294056	819	899	4	20	80	0.2500000
NODE_5628_length_1058_cov_6.294056	819	899	8	58	80	0.7250000
NODE_5628_length_1058_cov_6.294056	875	952	2	4	77	0.0519481
NODE_5628_length_1058_cov_6.294056	875	952	6	11	77	0.1428571
NODE_5628_length_1058_cov_6.294056	875	952	8	62	77	0.8051948
NODE_5637_length_1057_cov_43.191023	413	493	0	25	80	0.3125000
NODE_5637_length_1057_cov_43.191023	413	493	4	55	80	0.6875000
NODE_5637_length_1057_cov_43.191023	466	546	0	6	80	0.0750000
NODE_5637_length_1057_cov_43.191023	466	546	4	74	80	0.9250000
NODE_5637_length_1057_cov_43.191023	542	622	0	60	80	0.7500000
NODE_5637_length_1057_cov_43.191023	542	622	2	20	80	0.2500000
NODE_5637_length_1057_cov_43.191023	595	675	0	7	80	0.0875000
NODE_5637_length_1057_cov_43.191023	595	675	2	73	80	0.9125000
NODE_5638_length_1057_cov_27.387265	486	566	0	25	80	0.3125000
NODE_5638_length_1057_cov_27.387265	486	566	2	5	80	0.0625000
NODE_5638_length_1057_cov_27.387265	486	566	4	50	80	0.6250000
NODE_5638_length_1057_cov_27.387265	539	619	2	16	80	0.2000000
NODE_5638_length_1057_cov_27.387265	539	619	4	64	80	0.8000000
NODE_5639_length_1057_cov_16.489562	416	496	0	49	80	0.6125000
NODE_5639_length_1057_cov_16.489562	416	496	2	31	80	0.3875000
NODE_5639_length_1057_cov_16.489562	469	549	0	2	80	0.0250000
NODE_5639_length_1057_cov_16.489562	469	549	2	78	80	0.9750000
NODE_5640_length_1057_cov_13.605428	631	711	0	15	80	0.1875000
NODE_5640_length_1057_cov_13.605428	631	711	2	19	80	0.2375000
NODE_5640_length_1057_cov_13.605428	631	711	5	2	80	0.0250000
NODE_5640_length_1057_cov_13.605428	631	711	6	44	80	0.5500000
NODE_5640_length_1057_cov_13.605428	684	764	0	8	80	0.1000000
NODE_5640_length_1057_cov_13.605428	684	764	2	72	80	0.9000000
NODE_5641_length_1057_cov_12.768267	518	598	8	80	80	1.0000000
NODE_5641_length_1057_cov_12.768267	571	651	0	6	80	0.0750000
NODE_5641_length_1057_cov_12.768267	571	651	8	74	80	0.9250000
NODE_5644_length_1057_cov_7.692067	706	786	4	18	80	0.2250000
NODE_5644_length_1057_cov_7.692067	706	786	6	62	80	0.7750000
NODE_5644_length_1057_cov_7.692067	759	839	0	24	80	0.3000000
NODE_5644_length_1057_cov_7.692067	759	839	1	1	80	0.0125000
NODE_5644_length_1057_cov_7.692067	759	839	2	7	80	0.0875000
NODE_5644_length_1057_cov_7.692067	759	839	4	8	80	0.1000000
NODE_5644_length_1057_cov_7.692067	759	839	6	40	80	0.5000000
NODE_5645_length_1057_cov_6.697286	561	641	2	80	80	1.0000000
NODE_5645_length_1057_cov_6.697286	614	694	0	20	80	0.2500000
NODE_5645_length_1057_cov_6.697286	614	694	2	60	80	0.7500000
NODE_5654_length_1056_cov_57.539185	462	542	10	28	80	0.3500000
NODE_5654_length_1056_cov_57.539185	462	542	14	52	80	0.6500000
NODE_5654_length_1056_cov_57.539185	515	595	2	25	80	0.3125000
NODE_5654_length_1056_cov_57.539185	515	595	5	5	80	0.0625000
NODE_5654_length_1056_cov_57.539185	515	595	7	18	80	0.2250000
NODE_5654_length_1056_cov_57.539185	515	595	10	5	80	0.0625000
NODE_5654_length_1056_cov_57.539185	515	595	14	27	80	0.3375000
NODE_5655_length_1056_cov_35.751306	421	501	11	80	80	1.0000000
NODE_5655_length_1056_cov_35.751306	474	554	11	54	80	0.6750000
NODE_5655_length_1056_cov_35.751306	474	554	12	26	80	0.3250000
NODE_5656_length_1056_cov_29.749216	415	490	0	75	75	1.0000000
NODE_5656_length_1056_cov_29.749216	416	495	0	79	79	1.0000000
NODE_5656_length_1056_cov_29.749216	448	495	0	47	47	1.0000000
NODE_5656_length_1056_cov_29.749216	468	548	0	80	80	1.0000000
NODE_5656_length_1056_cov_29.749216	468	548	0	80	80	1.0000000
NODE_5656_length_1056_cov_29.749216	468	548	0	80	80	1.0000000
NODE_5657_length_1056_cov_25.342738	297	377	0	80	80	1.0000000
NODE_5657_length_1056_cov_25.342738	350	430	0	80	80	1.0000000
NODE_5657_length_1056_cov_25.342738	426	506	0	80	80	1.0000000
NODE_5657_length_1056_cov_25.342738	479	559	0	80	80	1.0000000
NODE_5658_length_1056_cov_24.094044	535	615	0	52	80	0.6500000
NODE_5658_length_1056_cov_24.094044	535	615	2	28	80	0.3500000
NODE_5658_length_1056_cov_24.094044	588	668	0	80	80	1.0000000
NODE_5659_length_1056_cov_20.700104	570	650	0	25	80	0.3125000
NODE_5659_length_1056_cov_20.700104	570	650	2	53	80	0.6625000
NODE_5659_length_1056_cov_20.700104	570	650	4	2	80	0.0250000
NODE_5659_length_1056_cov_20.700104	623	703	2	73	80	0.9125000
NODE_5659_length_1056_cov_20.700104	623	703	4	7	80	0.0875000
NODE_5660_length_1056_cov_14.215256	349	429	2	66	80	0.8250000
NODE_5660_length_1056_cov_14.215256	349	429	4	14	80	0.1750000
NODE_5660_length_1056_cov_14.215256	402	482	0	20	80	0.2500000
NODE_5660_length_1056_cov_14.215256	402	482	2	60	80	0.7500000
NODE_5660_length_1056_cov_14.215256	478	558	0	80	80	1.0000000
NODE_5660_length_1056_cov_14.215256	531	611	0	80	80	1.0000000
NODE_5661_length_1056_cov_13.782654	563	643	6	75	80	0.9375000
NODE_5661_length_1056_cov_13.782654	563	643	8	5	80	0.0625000
NODE_5661_length_1056_cov_13.782654	616	696	2	49	80	0.6125000
NODE_5661_length_1056_cov_13.782654	616	696	6	22	80	0.2750000
NODE_5661_length_1056_cov_13.782654	616	696	8	9	80	0.1125000
NODE_5663_length_1056_cov_9.298851	373	453	0	80	80	1.0000000
NODE_5663_length_1056_cov_9.298851	426	503	0	77	77	1.0000000
NODE_5665_length_1056_cov_6.157785	396	476	0	74	80	0.9250000
NODE_5665_length_1056_cov_6.157785	396	476	2	6	80	0.0750000
NODE_5665_length_1056_cov_6.157785	449	529	0	80	80	1.0000000
NODE_5666_length_1056_cov_6.034483	287	367	0	9	80	0.1125000
NODE_5666_length_1056_cov_6.034483	287	367	2	71	80	0.8875000
NODE_5666_length_1056_cov_6.034483	340	420	0	39	80	0.4875000
NODE_5666_length_1056_cov_6.034483	340	420	2	41	80	0.5125000
NODE_5667_length_1056_cov_3.259143	371	410	2	39	39	1.0000000
NODE_5667_length_1056_cov_3.259143	424	463	2	39	39	1.0000000
NODE_5668_length_1056_cov_2.362591	234	314	2	8	80	0.1000000
NODE_5668_length_1056_cov_2.362591	234	314	6	65	80	0.8125000
NODE_5668_length_1056_cov_2.362591	234	314	8	7	80	0.0875000
NODE_5672_length_1055_cov_36.460251	468	548	0	38	80	0.4750000
NODE_5672_length_1055_cov_36.460251	468	548	2	40	80	0.5000000
NODE_5672_length_1055_cov_36.460251	468	548	4	2	80	0.0250000
NODE_5672_length_1055_cov_36.460251	521	601	0	80	80	1.0000000
NODE_5673_length_1055_cov_31.235356	502	582	0	22	80	0.2750000
NODE_5673_length_1055_cov_31.235356	502	582	2	45	80	0.5625000
NODE_5673_length_1055_cov_31.235356	502	582	4	13	80	0.1625000
NODE_5673_length_1055_cov_31.235356	555	635	2	58	80	0.7250000
NODE_5673_length_1055_cov_31.235356	555	635	4	22	80	0.2750000
NODE_5674_length_1055_cov_23.330544	403	483	0	80	80	1.0000000
NODE_5674_length_1055_cov_23.330544	456	536	0	80	80	1.0000000
NODE_5674_length_1055_cov_23.330544	532	612	0	4	80	0.0500000
NODE_5674_length_1055_cov_23.330544	532	612	6	68	80	0.8500000
NODE_5674_length_1055_cov_23.330544	532	612	8	8	80	0.1000000
NODE_5674_length_1055_cov_23.330544	585	665	0	4	80	0.0500000
NODE_5674_length_1055_cov_23.330544	585	665	2	3	80	0.0375000
NODE_5674_length_1055_cov_23.330544	585	665	6	19	80	0.2375000
NODE_5674_length_1055_cov_23.330544	585	665	8	54	80	0.6750000
NODE_5675_length_1055_cov_19.541841	321	401	0	67	80	0.8375000
NODE_5675_length_1055_cov_19.541841	321	401	2	13	80	0.1625000
NODE_5675_length_1055_cov_19.541841	374	454	0	14	80	0.1750000
NODE_5675_length_1055_cov_19.541841	374	454	2	20	80	0.2500000
NODE_5675_length_1055_cov_19.541841	374	454	6	46	80	0.5750000
NODE_5676_length_1055_cov_15.744770	525	605	0	80	80	1.0000000
NODE_5676_length_1055_cov_15.744770	578	658	0	80	80	1.0000000
NODE_5677_length_1055_cov_10.729079	335	415	4	44	80	0.5500000
NODE_5677_length_1055_cov_10.729079	335	415	6	36	80	0.4500000
NODE_5677_length_1055_cov_10.729079	388	468	2	34	80	0.4250000
NODE_5677_length_1055_cov_10.729079	388	468	4	41	80	0.5125000
NODE_5677_length_1055_cov_10.729079	388	468	6	5	80	0.0625000
NODE_5678_length_1055_cov_7.525105	575	655	0	80	80	1.0000000
NODE_5678_length_1055_cov_7.525105	628	708	0	80	80	1.0000000
NODE_5688_length_1054_cov_45.920419	371	451	0	34	80	0.4250000
NODE_5688_length_1054_cov_45.920419	371	451	10	2	80	0.0250000
NODE_5688_length_1054_cov_45.920419	371	451	11	17	80	0.2125000
NODE_5688_length_1054_cov_45.920419	371	451	16	19	80	0.2375000
NODE_5688_length_1054_cov_45.920419	371	451	17	6	80	0.0750000
NODE_5688_length_1054_cov_45.920419	371	451	18	2	80	0.0250000
NODE_5688_length_1054_cov_45.920419	424	505	16	19	81	0.2345679
NODE_5688_length_1054_cov_45.920419	424	505	17	6	81	0.0740741
NODE_5688_length_1054_cov_45.920419	424	505	18	56	81	0.6913580
NODE_5689_length_1054_cov_30.545550	499	578	8	50	79	0.6329114
NODE_5689_length_1054_cov_30.545550	499	578	9	1	79	0.0126582
NODE_5689_length_1054_cov_30.545550	499	578	10	28	79	0.3544304
NODE_5689_length_1054_cov_30.545550	552	631	0	36	79	0.4556962
NODE_5689_length_1054_cov_30.545550	552	631	2	7	79	0.0886076
NODE_5689_length_1054_cov_30.545550	552	631	8	36	79	0.4556962
NODE_5689_length_1054_cov_30.545550	627	707	0	80	80	1.0000000
NODE_5689_length_1054_cov_30.545550	680	760	0	80	80	1.0000000
NODE_5690_length_1054_cov_16.606283	347	427	0	66	80	0.8250000
NODE_5690_length_1054_cov_16.606283	347	427	4	14	80	0.1750000
NODE_5690_length_1054_cov_16.606283	400	480	0	13	80	0.1625000
NODE_5690_length_1054_cov_16.606283	400	480	4	67	80	0.8375000
NODE_5691_length_1054_cov_11.637696	244	316	0	72	72	1.0000000
NODE_5691_length_1054_cov_11.637696	312	392	0	60	80	0.7500000
NODE_5691_length_1054_cov_11.637696	312	392	2	20	80	0.2500000
NODE_5691_length_1054_cov_11.637696	365	445	0	7	80	0.0875000
NODE_5691_length_1054_cov_11.637696	365	445	2	39	80	0.4875000
NODE_5691_length_1054_cov_11.637696	365	445	4	34	80	0.4250000
NODE_5692_length_1054_cov_10.381152	493	573	0	80	80	1.0000000
NODE_5692_length_1054_cov_10.381152	546	626	0	80	80	1.0000000
NODE_5703_length_1053_cov_57.660377	445	527	0	82	82	1.0000000
NODE_5703_length_1053_cov_57.660377	500	580	0	80	80	1.0000000
NODE_5704_length_1053_cov_33.518868	329	409	0	37	80	0.4625000
NODE_5704_length_1053_cov_33.518868	329	409	3	1	80	0.0125000
NODE_5704_length_1053_cov_33.518868	329	409	4	42	80	0.5250000
NODE_5704_length_1053_cov_33.518868	382	462	0	39	80	0.4875000
NODE_5704_length_1053_cov_33.518868	382	462	4	41	80	0.5125000
NODE_5704_length_1053_cov_33.518868	458	538	0	25	80	0.3125000
NODE_5704_length_1053_cov_33.518868	458	538	4	55	80	0.6875000
NODE_5704_length_1053_cov_33.518868	511	591	0	78	80	0.9750000
NODE_5704_length_1053_cov_33.518868	511	591	4	2	80	0.0250000
NODE_5705_length_1053_cov_32.412998	375	455	0	80	80	1.0000000
NODE_5705_length_1053_cov_32.412998	428	508	0	80	80	1.0000000
NODE_5705_length_1053_cov_32.412998	504	584	0	33	80	0.4125000
NODE_5705_length_1053_cov_32.412998	504	584	6	47	80	0.5875000
NODE_5705_length_1053_cov_32.412998	557	637	6	80	80	1.0000000
NODE_5706_length_1053_cov_26.545073	456	536	0	80	80	1.0000000
NODE_5706_length_1053_cov_26.545073	509	589	0	80	80	1.0000000
NODE_5706_length_1053_cov_26.545073	585	665	0	80	80	1.0000000
NODE_5706_length_1053_cov_26.545073	638	718	0	80	80	1.0000000
NODE_5707_length_1053_cov_20.346960	543	623	0	72	80	0.9000000
NODE_5707_length_1053_cov_20.346960	543	623	2	8	80	0.1000000
NODE_5707_length_1053_cov_20.346960	596	677	0	81	81	1.0000000
NODE_5708_length_1053_cov_11.655136	393	473	0	80	80	1.0000000
NODE_5708_length_1053_cov_11.655136	446	526	0	80	80	1.0000000
NODE_5710_length_1053_cov_4.771488	84	149	4	5	65	0.0769231
NODE_5710_length_1053_cov_4.771488	84	149	6	1	65	0.0153846
NODE_5710_length_1053_cov_4.771488	84	149	8	59	65	0.9076923
NODE_5718_length_1052_cov_18.469045	448	528	0	80	80	1.0000000
NODE_5718_length_1052_cov_18.469045	501	581	0	32	80	0.4000000
NODE_5718_length_1052_cov_18.469045	501	581	2	48	80	0.6000000
NODE_5719_length_1052_cov_13.136411	425	505	4	36	80	0.4500000
NODE_5719_length_1052_cov_13.136411	425	505	7	1	80	0.0125000
NODE_5719_length_1052_cov_13.136411	425	505	8	43	80	0.5375000
NODE_5719_length_1052_cov_13.136411	478	558	0	48	80	0.6000000
NODE_5719_length_1052_cov_13.136411	478	558	4	31	80	0.3875000
NODE_5719_length_1052_cov_13.136411	478	558	7	1	80	0.0125000
NODE_5722_length_1052_cov_3.082896	607	687	1	16	80	0.2000000
NODE_5722_length_1052_cov_3.082896	607	687	2	64	80	0.8000000
NODE_5722_length_1052_cov_3.082896	660	740	0	43	80	0.5375000
NODE_5722_length_1052_cov_3.082896	660	740	1	26	80	0.3250000
NODE_5722_length_1052_cov_3.082896	660	740	2	11	80	0.1375000
NODE_5729_length_1051_cov_34.868697	472	552	8	41	80	0.5125000
NODE_5729_length_1051_cov_34.868697	472	552	10	39	80	0.4875000
NODE_5729_length_1051_cov_34.868697	525	605	4	4	80	0.0500000
NODE_5729_length_1051_cov_34.868697	525	605	6	6	80	0.0750000
NODE_5729_length_1051_cov_34.868697	525	605	10	32	80	0.4000000
NODE_5729_length_1051_cov_34.868697	525	605	12	8	80	0.1000000
NODE_5729_length_1051_cov_34.868697	525	605	13	10	80	0.1250000
NODE_5729_length_1051_cov_34.868697	525	605	14	20	80	0.2500000
NODE_5730_length_1051_cov_19.446429	549	629	6	24	80	0.3000000
NODE_5730_length_1051_cov_19.446429	549	629	8	40	80	0.5000000
NODE_5730_length_1051_cov_19.446429	549	629	12	5	80	0.0625000
NODE_5730_length_1051_cov_19.446429	549	629	14	1	80	0.0125000
NODE_5730_length_1051_cov_19.446429	549	629	16	10	80	0.1250000
NODE_5730_length_1051_cov_19.446429	602	682	8	11	80	0.1375000
NODE_5730_length_1051_cov_19.446429	602	682	10	2	80	0.0250000
NODE_5730_length_1051_cov_19.446429	602	682	12	5	80	0.0625000
NODE_5730_length_1051_cov_19.446429	602	682	14	1	80	0.0125000
NODE_5730_length_1051_cov_19.446429	602	682	16	61	80	0.7625000
NODE_5731_length_1051_cov_4.022059	600	680	0	50	80	0.6250000
NODE_5731_length_1051_cov_4.022059	600	680	2	24	80	0.3000000
NODE_5731_length_1051_cov_4.022059	600	680	4	6	80	0.0750000
NODE_5736_length_1050_cov_31.556257	429	509	2	75	80	0.9375000
NODE_5736_length_1050_cov_31.556257	429	509	4	5	80	0.0625000
NODE_5736_length_1050_cov_31.556257	482	562	0	51	80	0.6375000
NODE_5736_length_1050_cov_31.556257	482	562	2	29	80	0.3625000
NODE_5736_length_1050_cov_31.556257	558	638	0	80	80	1.0000000
NODE_5736_length_1050_cov_31.556257	611	691	0	80	80	1.0000000
NODE_5737_length_1050_cov_16.337539	398	478	0	22	80	0.2750000
NODE_5737_length_1050_cov_16.337539	398	478	2	58	80	0.7250000
NODE_5737_length_1050_cov_16.337539	451	531	0	52	80	0.6500000
NODE_5737_length_1050_cov_16.337539	451	531	2	28	80	0.3500000
NODE_5738_length_1050_cov_13.290221	507	587	0	30	80	0.3750000
NODE_5738_length_1050_cov_13.290221	507	587	2	22	80	0.2750000
NODE_5738_length_1050_cov_13.290221	507	587	5	21	80	0.2625000
NODE_5738_length_1050_cov_13.290221	507	587	8	7	80	0.0875000
NODE_5738_length_1050_cov_13.290221	560	640	5	20	80	0.2500000
NODE_5738_length_1050_cov_13.290221	560	640	6	18	80	0.2250000
NODE_5738_length_1050_cov_13.290221	560	640	8	42	80	0.5250000
NODE_5739_length_1050_cov_11.389064	532	612	0	13	80	0.1625000
NODE_5739_length_1050_cov_11.389064	532	612	1	34	80	0.4250000
NODE_5739_length_1050_cov_11.389064	532	612	4	33	80	0.4125000
NODE_5739_length_1050_cov_11.389064	585	665	4	80	80	1.0000000
NODE_5740_length_1050_cov_11.091483	259	321	0	62	62	1.0000000
NODE_5740_length_1050_cov_11.091483	294	374	0	80	80	1.0000000
NODE_5740_length_1050_cov_11.091483	370	450	0	80	80	1.0000000
NODE_5740_length_1050_cov_11.091483	423	503	0	80	80	1.0000000
NODE_5742_length_1050_cov_2.201893	928	990	4	19	62	0.3064516
NODE_5742_length_1050_cov_2.201893	928	990	8	43	62	0.6935484
NODE_5742_length_1050_cov_2.201893	981	1043	4	30	62	0.4838710
NODE_5742_length_1050_cov_2.201893	981	1043	8	32	62	0.5161290
NODE_5748_length_1050_cov_1.241851	935	990	22	1	55	0.0181818
NODE_5748_length_1050_cov_1.241851	935	990	25	1	55	0.0181818
NODE_5748_length_1050_cov_1.241851	935	990	34	1	55	0.0181818
NODE_5748_length_1050_cov_1.241851	935	990	38	2	55	0.0363636
NODE_5748_length_1050_cov_1.241851	935	990	40	3	55	0.0545455
NODE_5748_length_1050_cov_1.241851	935	990	42	1	55	0.0181818
NODE_5748_length_1050_cov_1.241851	935	990	44	1	55	0.0181818
NODE_5748_length_1050_cov_1.241851	935	990	48	2	55	0.0363636
NODE_5748_length_1050_cov_1.241851	935	990	52	4	55	0.0727273
NODE_5748_length_1050_cov_1.241851	935	990	56	1	55	0.0181818
NODE_5748_length_1050_cov_1.241851	935	990	58	2	55	0.0363636
NODE_5748_length_1050_cov_1.241851	935	990	60	1	55	0.0181818
NODE_5748_length_1050_cov_1.241851	935	990	64	4	55	0.0727273
NODE_5748_length_1050_cov_1.241851	935	990	65	3	55	0.0545455
NODE_5748_length_1050_cov_1.241851	935	990	67	2	55	0.0363636
NODE_5748_length_1050_cov_1.241851	935	990	69	2	55	0.0363636
NODE_5748_length_1050_cov_1.241851	935	990	72	12	55	0.2181818
NODE_5748_length_1050_cov_1.241851	935	990	74	12	55	0.2181818
NODE_5748_length_1050_cov_1.241851	956	1036	46	4	80	0.0500000
NODE_5748_length_1050_cov_1.241851	956	1036	51	1	80	0.0125000
NODE_5748_length_1050_cov_1.241851	956	1036	58	5	80	0.0625000
NODE_5748_length_1050_cov_1.241851	956	1036	60	2	80	0.0250000
NODE_5748_length_1050_cov_1.241851	956	1036	62	1	80	0.0125000
NODE_5748_length_1050_cov_1.241851	956	1036	64	4	80	0.0500000
NODE_5748_length_1050_cov_1.241851	956	1036	65	3	80	0.0375000
NODE_5748_length_1050_cov_1.241851	956	1036	66	6	80	0.0750000
NODE_5748_length_1050_cov_1.241851	956	1036	67	2	80	0.0250000
NODE_5748_length_1050_cov_1.241851	956	1036	69	2	80	0.0250000
NODE_5748_length_1050_cov_1.241851	956	1036	70	5	80	0.0625000
NODE_5748_length_1050_cov_1.241851	956	1036	72	20	80	0.2500000
NODE_5748_length_1050_cov_1.241851	956	1036	74	25	80	0.3125000
NODE_5752_length_1049_cov_28.174737	446	526	2	22	80	0.2750000
NODE_5752_length_1049_cov_28.174737	446	526	8	16	80	0.2000000
NODE_5752_length_1049_cov_28.174737	446	526	10	42	80	0.5250000
NODE_5752_length_1049_cov_28.174737	499	579	2	10	80	0.1250000
NODE_5752_length_1049_cov_28.174737	499	579	10	70	80	0.8750000
NODE_5753_length_1049_cov_23.186316	389	469	0	32	80	0.4000000
NODE_5753_length_1049_cov_23.186316	389	469	2	26	80	0.3250000
NODE_5753_length_1049_cov_23.186316	389	469	4	22	80	0.2750000
NODE_5753_length_1049_cov_23.186316	442	522	2	9	80	0.1125000
NODE_5753_length_1049_cov_23.186316	442	522	4	71	80	0.8875000
NODE_5753_length_1049_cov_23.186316	518	595	0	52	77	0.6753247
NODE_5753_length_1049_cov_23.186316	518	595	2	25	77	0.3246753
NODE_5753_length_1049_cov_23.186316	568	648	0	80	80	1.0000000
NODE_5754_length_1049_cov_21.097895	532	612	2	1	80	0.0125000
NODE_5754_length_1049_cov_21.097895	532	612	12	61	80	0.7625000
NODE_5754_length_1049_cov_21.097895	532	612	14	18	80	0.2250000
NODE_5754_length_1049_cov_21.097895	585	665	10	17	80	0.2125000
NODE_5754_length_1049_cov_21.097895	585	665	12	63	80	0.7875000
NODE_5755_length_1049_cov_18.964211	375	466	0	82	91	0.9010989
NODE_5755_length_1049_cov_18.964211	375	466	2	9	91	0.0989011
NODE_5755_length_1049_cov_18.964211	439	519	0	18	80	0.2250000
NODE_5755_length_1049_cov_18.964211	439	519	2	57	80	0.7125000
NODE_5755_length_1049_cov_18.964211	439	519	4	5	80	0.0625000
NODE_5755_length_1049_cov_18.964211	515	595	4	15	80	0.1875000
NODE_5755_length_1049_cov_18.964211	515	595	6	65	80	0.8125000
NODE_5755_length_1049_cov_18.964211	568	648	2	10	80	0.1250000
NODE_5755_length_1049_cov_18.964211	568	648	4	50	80	0.6250000
NODE_5755_length_1049_cov_18.964211	568	648	6	20	80	0.2500000
NODE_5756_length_1049_cov_18.075789	437	517	0	74	80	0.9250000
NODE_5756_length_1049_cov_18.075789	437	517	11	1	80	0.0125000
NODE_5756_length_1049_cov_18.075789	437	517	12	5	80	0.0625000
NODE_5756_length_1049_cov_18.075789	490	570	0	21	80	0.2625000
NODE_5756_length_1049_cov_18.075789	490	570	11	1	80	0.0125000
NODE_5756_length_1049_cov_18.075789	490	570	12	33	80	0.4125000
NODE_5756_length_1049_cov_18.075789	490	570	14	25	80	0.3125000
NODE_5756_length_1049_cov_18.075789	566	644	14	19	78	0.2435897
NODE_5756_length_1049_cov_18.075789	566	644	20	26	78	0.3333333
NODE_5756_length_1049_cov_18.075789	566	644	22	33	78	0.4230769
NODE_5756_length_1049_cov_18.075789	620	695	2	20	75	0.2666667
NODE_5756_length_1049_cov_18.075789	620	695	7	1	75	0.0133333
NODE_5756_length_1049_cov_18.075789	620	695	8	15	75	0.2000000
NODE_5756_length_1049_cov_18.075789	620	695	19	1	75	0.0133333
NODE_5756_length_1049_cov_18.075789	620	695	20	8	75	0.1066667
NODE_5756_length_1049_cov_18.075789	620	695	22	30	75	0.4000000
NODE_5757_length_1049_cov_16.194737	569	650	0	81	81	1.0000000
NODE_5757_length_1049_cov_16.194737	623	703	0	80	80	1.0000000
NODE_5757_length_1049_cov_16.194737	699	779	0	80	80	1.0000000
NODE_5757_length_1049_cov_16.194737	752	832	0	80	80	1.0000000
NODE_5759_length_1049_cov_6.323158	588	668	0	80	80	1.0000000
NODE_5759_length_1049_cov_6.323158	641	721	0	80	80	1.0000000
NODE_5770_length_1048_cov_73.887250	535	615	0	80	80	1.0000000
NODE_5770_length_1048_cov_73.887250	588	668	0	80	80	1.0000000
NODE_5770_length_1048_cov_73.887250	664	744	0	80	80	1.0000000
NODE_5770_length_1048_cov_73.887250	717	797	0	80	80	1.0000000
NODE_5770_length_1048_cov_73.887250	899	979	0	80	80	1.0000000
NODE_5771_length_1048_cov_48.242360	407	487	0	21	80	0.2625000
NODE_5771_length_1048_cov_48.242360	407	487	2	59	80	0.7375000
NODE_5771_length_1048_cov_48.242360	460	540	2	80	80	1.0000000
NODE_5771_length_1048_cov_48.242360	536	616	0	52	80	0.6500000
NODE_5771_length_1048_cov_48.242360	536	616	2	28	80	0.3500000
NODE_5771_length_1048_cov_48.242360	589	669	0	80	80	1.0000000
NODE_5772_length_1048_cov_38.430980	352	432	0	14	80	0.1750000
NODE_5772_length_1048_cov_38.430980	352	432	4	62	80	0.7750000
NODE_5772_length_1048_cov_38.430980	352	432	6	4	80	0.0500000
NODE_5772_length_1048_cov_38.430980	405	485	4	23	80	0.2875000
NODE_5772_length_1048_cov_38.430980	405	485	6	57	80	0.7125000
NODE_5773_length_1048_cov_28.179136	548	628	0	74	80	0.9250000
NODE_5773_length_1048_cov_28.179136	548	628	2	6	80	0.0750000
NODE_5773_length_1048_cov_28.179136	601	681	0	21	80	0.2625000
NODE_5773_length_1048_cov_28.179136	601	681	2	59	80	0.7375000
NODE_5773_length_1048_cov_28.179136	677	757	0	61	80	0.7625000
NODE_5773_length_1048_cov_28.179136	677	757	2	19	80	0.2375000
NODE_5773_length_1048_cov_28.179136	730	810	0	80	80	1.0000000
NODE_5774_length_1048_cov_22.985248	409	489	0	80	80	1.0000000
NODE_5774_length_1048_cov_22.985248	462	542	0	80	80	1.0000000
NODE_5774_length_1048_cov_22.985248	538	618	0	32	80	0.4000000
NODE_5774_length_1048_cov_22.985248	538	618	4	48	80	0.6000000
NODE_5774_length_1048_cov_22.985248	591	671	2	13	80	0.1625000
NODE_5774_length_1048_cov_22.985248	591	671	4	40	80	0.5000000
NODE_5774_length_1048_cov_22.985248	591	671	5	21	80	0.2625000
NODE_5774_length_1048_cov_22.985248	591	671	6	6	80	0.0750000
NODE_5775_length_1048_cov_17.883035	500	580	0	20	80	0.2500000
NODE_5775_length_1048_cov_17.883035	500	580	2	60	80	0.7500000
NODE_5775_length_1048_cov_17.883035	553	633	0	73	80	0.9125000
NODE_5775_length_1048_cov_17.883035	553	633	2	7	80	0.0875000
NODE_5776_length_1048_cov_17.444679	377	457	0	7	80	0.0875000
NODE_5776_length_1048_cov_17.444679	377	457	2	73	80	0.9125000
NODE_5776_length_1048_cov_17.444679	430	510	0	57	80	0.7125000
NODE_5776_length_1048_cov_17.444679	430	510	2	23	80	0.2875000
NODE_5777_length_1048_cov_13.387777	518	598	1	25	80	0.3125000
NODE_5777_length_1048_cov_13.387777	518	598	3	10	80	0.1250000
NODE_5777_length_1048_cov_13.387777	518	598	4	40	80	0.5000000
NODE_5777_length_1048_cov_13.387777	518	598	5	5	80	0.0625000
NODE_5777_length_1048_cov_13.387777	571	651	0	29	80	0.3625000
NODE_5777_length_1048_cov_13.387777	571	651	2	12	80	0.1500000
NODE_5777_length_1048_cov_13.387777	571	651	4	39	80	0.4875000
NODE_5778_length_1048_cov_12.934668	716	796	4	37	80	0.4625000
NODE_5778_length_1048_cov_12.934668	716	796	6	43	80	0.5375000
NODE_5778_length_1048_cov_12.934668	769	849	0	50	80	0.6250000
NODE_5778_length_1048_cov_12.934668	769	849	4	30	80	0.3750000
NODE_5778_length_1048_cov_12.934668	845	925	0	55	80	0.6875000
NODE_5778_length_1048_cov_12.934668	845	925	2	25	80	0.3125000
NODE_5778_length_1048_cov_12.934668	898	975	0	2	77	0.0259740
NODE_5778_length_1048_cov_12.934668	898	975	2	75	77	0.9740260
NODE_5779_length_1048_cov_12.712329	330	410	0	80	80	1.0000000
NODE_5779_length_1048_cov_12.712329	384	463	0	79	79	1.0000000
NODE_5779_length_1048_cov_12.712329	459	539	0	80	80	1.0000000
NODE_5779_length_1048_cov_12.712329	512	592	0	80	80	1.0000000
NODE_5780_length_1048_cov_9.232877	305	355	0	50	50	1.0000000
NODE_5786_length_1047_cov_79.917722	540	620	0	58	80	0.7250000
NODE_5786_length_1047_cov_79.917722	540	620	2	22	80	0.2750000
NODE_5786_length_1047_cov_79.917722	593	673	0	7	80	0.0875000
NODE_5786_length_1047_cov_79.917722	593	673	2	73	80	0.9125000
NODE_5787_length_1047_cov_28.527426	582	662	8	20	80	0.2500000
NODE_5787_length_1047_cov_28.527426	582	662	16	32	80	0.4000000
NODE_5787_length_1047_cov_28.527426	582	662	18	2	80	0.0250000
NODE_5787_length_1047_cov_28.527426	582	662	22	2	80	0.0250000
NODE_5787_length_1047_cov_28.527426	582	662	26	24	80	0.3000000
NODE_5787_length_1047_cov_28.527426	635	715	10	7	80	0.0875000
NODE_5787_length_1047_cov_28.527426	635	715	18	7	80	0.0875000
NODE_5787_length_1047_cov_28.527426	635	715	19	3	80	0.0375000
NODE_5787_length_1047_cov_28.527426	635	715	20	20	80	0.2500000
NODE_5787_length_1047_cov_28.527426	635	715	22	2	80	0.0250000
NODE_5787_length_1047_cov_28.527426	635	715	26	40	80	0.5000000
NODE_5787_length_1047_cov_28.527426	635	715	27	1	80	0.0125000
NODE_5788_length_1047_cov_26.068565	372	452	2	3	80	0.0375000
NODE_5788_length_1047_cov_26.068565	372	452	4	18	80	0.2250000
NODE_5788_length_1047_cov_26.068565	372	452	6	59	80	0.7375000
NODE_5788_length_1047_cov_26.068565	425	505	0	48	80	0.6000000
NODE_5788_length_1047_cov_26.068565	425	505	4	23	80	0.2875000
NODE_5788_length_1047_cov_26.068565	425	505	6	9	80	0.1125000
NODE_5789_length_1047_cov_25.946203	424	504	0	80	80	1.0000000
NODE_5789_length_1047_cov_25.946203	477	557	0	80	80	1.0000000
NODE_5790_length_1047_cov_19.255274	458	538	0	80	80	1.0000000
NODE_5790_length_1047_cov_19.255274	511	591	0	80	80	1.0000000
NODE_5791_length_1047_cov_16.618143	467	547	0	80	80	1.0000000
NODE_5791_length_1047_cov_16.618143	520	600	0	80	80	1.0000000
NODE_5792_length_1047_cov_14.246835	643	723	0	24	80	0.3000000
NODE_5792_length_1047_cov_14.246835	643	723	4	1	80	0.0125000
NODE_5792_length_1047_cov_14.246835	643	723	5	31	80	0.3875000
NODE_5792_length_1047_cov_14.246835	643	723	6	24	80	0.3000000
NODE_5792_length_1047_cov_14.246835	696	776	5	3	80	0.0375000
NODE_5792_length_1047_cov_14.246835	696	776	6	77	80	0.9625000
NODE_5793_length_1047_cov_9.869198	414	494	0	59	80	0.7375000
NODE_5793_length_1047_cov_9.869198	414	494	2	21	80	0.2625000
NODE_5793_length_1047_cov_9.869198	467	547	0	6	80	0.0750000
NODE_5793_length_1047_cov_9.869198	467	547	2	31	80	0.3875000
NODE_5793_length_1047_cov_9.869198	467	547	4	43	80	0.5375000
NODE_5794_length_1047_cov_8.513713	300	380	0	80	80	1.0000000
NODE_5794_length_1047_cov_8.513713	353	433	0	80	80	1.0000000
NODE_5795_length_1047_cov_7.412447	442	522	0	40	80	0.5000000
NODE_5795_length_1047_cov_7.412447	442	522	4	40	80	0.5000000
NODE_5795_length_1047_cov_7.412447	495	575	2	5	80	0.0625000
NODE_5795_length_1047_cov_7.412447	495	575	4	33	80	0.4125000
NODE_5795_length_1047_cov_7.412447	495	575	6	42	80	0.5250000
NODE_5803_length_1046_cov_41.392819	587	667	0	80	80	1.0000000
NODE_5803_length_1046_cov_41.392819	640	720	0	80	80	1.0000000
NODE_5804_length_1046_cov_30.317846	382	462	0	80	80	1.0000000
NODE_5804_length_1046_cov_30.317846	435	515	0	80	80	1.0000000
NODE_5805_length_1046_cov_28.184794	346	426	2	80	80	1.0000000
NODE_5805_length_1046_cov_28.184794	399	479	1	19	80	0.2375000
NODE_5805_length_1046_cov_28.184794	399	479	2	57	80	0.7125000
NODE_5805_length_1046_cov_28.184794	399	479	3	4	80	0.0500000
NODE_5806_length_1046_cov_24.595565	501	581	2	79	80	0.9875000
NODE_5806_length_1046_cov_24.595565	501	581	4	1	80	0.0125000
NODE_5806_length_1046_cov_24.595565	554	634	0	44	80	0.5500000
NODE_5806_length_1046_cov_24.595565	554	634	2	36	80	0.4500000
NODE_5807_length_1046_cov_17.958817	447	527	6	80	80	1.0000000
NODE_5807_length_1046_cov_17.958817	500	580	0	47	80	0.5875000
NODE_5807_length_1046_cov_17.958817	500	580	6	33	80	0.4125000
NODE_5808_length_1046_cov_15.494192	385	465	0	16	80	0.2000000
NODE_5808_length_1046_cov_15.494192	385	465	2	6	80	0.0750000
NODE_5808_length_1046_cov_15.494192	385	465	4	36	80	0.4500000
NODE_5808_length_1046_cov_15.494192	385	465	6	22	80	0.2750000
NODE_5808_length_1046_cov_15.494192	438	518	4	5	80	0.0625000
NODE_5808_length_1046_cov_15.494192	438	518	6	75	80	0.9375000
NODE_5809_length_1046_cov_12.639916	554	634	2	80	80	1.0000000
NODE_5809_length_1046_cov_12.639916	607	687	0	49	80	0.6125000
NODE_5809_length_1046_cov_12.639916	607	687	2	31	80	0.3875000
NODE_5810_length_1046_cov_11.238648	471	551	0	80	80	1.0000000
NODE_5810_length_1046_cov_11.238648	524	604	0	80	80	1.0000000
NODE_5811_length_1046_cov_10.744456	459	539	0	75	80	0.9375000
NODE_5811_length_1046_cov_10.744456	459	539	2	5	80	0.0625000
NODE_5811_length_1046_cov_10.744456	512	592	0	80	80	1.0000000
NODE_5812_length_1046_cov_8.689546	302	382	0	80	80	1.0000000
NODE_5812_length_1046_cov_8.689546	355	435	0	80	80	1.0000000
NODE_5823_length_1045_cov_75.975687	359	440	6	21	81	0.2592593
NODE_5823_length_1045_cov_75.975687	359	440	8	21	81	0.2592593
NODE_5823_length_1045_cov_75.975687	359	440	10	27	81	0.3333333
NODE_5823_length_1045_cov_75.975687	359	440	14	12	81	0.1481481
NODE_5823_length_1045_cov_75.975687	412	493	0	44	81	0.5432099
NODE_5823_length_1045_cov_75.975687	412	493	2	1	81	0.0123457
NODE_5823_length_1045_cov_75.975687	412	493	5	1	81	0.0123457
NODE_5823_length_1045_cov_75.975687	412	493	6	28	81	0.3456790
NODE_5823_length_1045_cov_75.975687	412	493	8	7	81	0.0864198
NODE_5823_length_1045_cov_75.975687	489	569	0	31	80	0.3875000
NODE_5823_length_1045_cov_75.975687	489	569	6	49	80	0.6125000
NODE_5823_length_1045_cov_75.975687	542	622	6	35	80	0.4375000
NODE_5823_length_1045_cov_75.975687	542	622	8	45	80	0.5625000
NODE_5824_length_1045_cov_54.419662	434	514	4	7	80	0.0875000
NODE_5824_length_1045_cov_54.419662	434	514	6	52	80	0.6500000
NODE_5824_length_1045_cov_54.419662	434	514	7	2	80	0.0250000
NODE_5824_length_1045_cov_54.419662	434	514	8	19	80	0.2375000
NODE_5824_length_1045_cov_54.419662	487	567	2	37	80	0.4625000
NODE_5824_length_1045_cov_54.419662	487	567	6	22	80	0.2750000
NODE_5824_length_1045_cov_54.419662	487	567	7	2	80	0.0250000
NODE_5824_length_1045_cov_54.419662	487	567	8	19	80	0.2375000
NODE_5824_length_1045_cov_54.419662	563	639	0	65	76	0.8552632
NODE_5824_length_1045_cov_54.419662	563	639	2	11	76	0.1447368
NODE_5824_length_1045_cov_54.419662	616	696	0	80	80	1.0000000
NODE_5825_length_1045_cov_23.188161	395	475	0	80	80	1.0000000
NODE_5825_length_1045_cov_23.188161	448	528	0	80	80	1.0000000
NODE_5826_length_1045_cov_19.686047	571	651	4	80	80	1.0000000
NODE_5826_length_1045_cov_19.686047	624	704	0	38	80	0.4750000
NODE_5826_length_1045_cov_19.686047	624	704	4	42	80	0.5250000
NODE_5827_length_1045_cov_19.378436	478	558	0	35	80	0.4375000
NODE_5827_length_1045_cov_19.378436	478	558	6	32	80	0.4000000
NODE_5827_length_1045_cov_19.378436	478	558	8	13	80	0.1625000
NODE_5827_length_1045_cov_19.378436	531	611	6	14	80	0.1750000
NODE_5827_length_1045_cov_19.378436	531	611	8	66	80	0.8250000
NODE_5828_length_1045_cov_17.601480	359	439	2	74	80	0.9250000
NODE_5828_length_1045_cov_17.601480	359	439	3	1	80	0.0125000
NODE_5828_length_1045_cov_17.601480	359	439	4	5	80	0.0625000
NODE_5828_length_1045_cov_17.601480	412	492	0	26	80	0.3250000
NODE_5828_length_1045_cov_17.601480	412	492	2	54	80	0.6750000
NODE_5829_length_1045_cov_17.372093	633	713	0	80	80	1.0000000
NODE_5829_length_1045_cov_17.372093	686	766	0	80	80	1.0000000
NODE_5830_length_1045_cov_14.828753	433	513	0	19	80	0.2375000
NODE_5830_length_1045_cov_14.828753	433	513	2	61	80	0.7625000
NODE_5830_length_1045_cov_14.828753	486	566	0	71	80	0.8875000
NODE_5830_length_1045_cov_14.828753	486	566	2	9	80	0.1125000
NODE_5831_length_1045_cov_11.673362	664	744	0	18	80	0.2250000
NODE_5831_length_1045_cov_11.673362	664	744	2	62	80	0.7750000
NODE_5831_length_1045_cov_11.673362	717	797	0	68	80	0.8500000
NODE_5831_length_1045_cov_11.673362	717	797	2	12	80	0.1500000
NODE_5843_length_1044_cov_42.600000	344	424	0	32	80	0.4000000
NODE_5843_length_1044_cov_42.600000	344	424	2	48	80	0.6000000
NODE_5843_length_1044_cov_42.600000	397	477	0	6	80	0.0750000
NODE_5843_length_1044_cov_42.600000	397	477	2	74	80	0.9250000
NODE_5844_length_1044_cov_27.653968	454	534	0	14	80	0.1750000
NODE_5844_length_1044_cov_27.653968	454	534	7	11	80	0.1375000
NODE_5844_length_1044_cov_27.653968	454	534	15	22	80	0.2750000
NODE_5844_length_1044_cov_27.653968	454	534	17	7	80	0.0875000
NODE_5844_length_1044_cov_27.653968	454	534	19	12	80	0.1500000
NODE_5844_length_1044_cov_27.653968	454	534	20	14	80	0.1750000
NODE_5844_length_1044_cov_27.653968	507	587	11	14	80	0.1750000
NODE_5844_length_1044_cov_27.653968	507	587	17	1	80	0.0125000
NODE_5844_length_1044_cov_27.653968	507	587	19	51	80	0.6375000
NODE_5844_length_1044_cov_27.653968	507	587	20	14	80	0.1750000
NODE_5845_length_1044_cov_24.561905	297	375	0	78	78	1.0000000
NODE_5845_length_1044_cov_24.561905	348	428	0	80	80	1.0000000
NODE_5845_length_1044_cov_24.561905	424	504	0	80	80	1.0000000
NODE_5845_length_1044_cov_24.561905	477	557	0	80	80	1.0000000
NODE_5846_length_1044_cov_23.720635	294	374	0	20	80	0.2500000
NODE_5846_length_1044_cov_23.720635	294	374	2	60	80	0.7500000
NODE_5846_length_1044_cov_23.720635	347	427	0	26	80	0.3250000
NODE_5846_length_1044_cov_23.720635	347	427	2	54	80	0.6750000
NODE_5846_length_1044_cov_23.720635	423	503	0	80	80	1.0000000
NODE_5846_length_1044_cov_23.720635	476	556	0	80	80	1.0000000
NODE_5847_length_1044_cov_20.871958	462	542	0	4	80	0.0500000
NODE_5847_length_1044_cov_20.871958	462	542	6	76	80	0.9500000
NODE_5847_length_1044_cov_20.871958	515	595	0	57	80	0.7125000
NODE_5847_length_1044_cov_20.871958	515	595	6	23	80	0.2875000
NODE_5847_length_1044_cov_20.871958	591	671	0	21	80	0.2625000
NODE_5847_length_1044_cov_20.871958	591	671	2	15	80	0.1875000
NODE_5847_length_1044_cov_20.871958	591	671	4	44	80	0.5500000
NODE_5847_length_1044_cov_20.871958	644	724	4	80	80	1.0000000
NODE_5848_length_1044_cov_18.596825	433	513	3	1	80	0.0125000
NODE_5848_length_1044_cov_18.596825	433	513	6	79	80	0.9875000
NODE_5848_length_1044_cov_18.596825	486	566	0	48	80	0.6000000
NODE_5848_length_1044_cov_18.596825	486	566	3	6	80	0.0750000
NODE_5848_length_1044_cov_18.596825	486	566	6	26	80	0.3250000
NODE_5849_length_1044_cov_16.102646	414	494	0	80	80	1.0000000
NODE_5849_length_1044_cov_16.102646	467	547	0	80	80	1.0000000
NODE_5850_length_1044_cov_12.156614	578	658	0	49	80	0.6125000
NODE_5850_length_1044_cov_12.156614	578	658	4	31	80	0.3875000
NODE_5850_length_1044_cov_12.156614	631	711	0	5	80	0.0625000
NODE_5850_length_1044_cov_12.156614	631	711	4	75	80	0.9375000
NODE_5851_length_1044_cov_10.661376	506	586	0	80	80	1.0000000
NODE_5851_length_1044_cov_10.661376	559	639	0	80	80	1.0000000
NODE_5852_length_1044_cov_9.534392	461	541	2	42	80	0.5250000
NODE_5852_length_1044_cov_9.534392	461	541	4	11	80	0.1375000
NODE_5852_length_1044_cov_9.534392	461	541	8	27	80	0.3375000
NODE_5852_length_1044_cov_9.534392	514	594	4	24	80	0.3000000
NODE_5852_length_1044_cov_9.534392	514	594	6	12	80	0.1500000
NODE_5852_length_1044_cov_9.534392	514	594	8	44	80	0.5500000
NODE_5853_length_1044_cov_5.517460	434	514	0	80	80	1.0000000
NODE_5853_length_1044_cov_5.517460	487	567	0	80	80	1.0000000
NODE_5856_length_1044_cov_1.502646	769	845	0	76	76	1.0000000
NODE_5860_length_1043_cov_42.288136	452	532	2	6	80	0.0750000
NODE_5860_length_1043_cov_42.288136	452	532	10	5	80	0.0625000
NODE_5860_length_1043_cov_42.288136	452	532	11	2	80	0.0250000
NODE_5860_length_1043_cov_42.288136	452	532	12	42	80	0.5250000
NODE_5860_length_1043_cov_42.288136	452	532	14	21	80	0.2625000
NODE_5860_length_1043_cov_42.288136	452	532	19	4	80	0.0500000
NODE_5860_length_1043_cov_42.288136	505	585	9	13	80	0.1625000
NODE_5860_length_1043_cov_42.288136	505	585	10	2	80	0.0250000
NODE_5860_length_1043_cov_42.288136	505	585	11	2	80	0.0250000
NODE_5860_length_1043_cov_42.288136	505	585	14	21	80	0.2625000
NODE_5860_length_1043_cov_42.288136	505	585	19	42	80	0.5250000
NODE_5861_length_1043_cov_25.987288	350	430	2	28	80	0.3500000
NODE_5861_length_1043_cov_25.987288	350	430	4	8	80	0.1000000
NODE_5861_length_1043_cov_25.987288	350	430	12	5	80	0.0625000
NODE_5861_length_1043_cov_25.987288	350	430	26	15	80	0.1875000
NODE_5861_length_1043_cov_25.987288	350	430	28	8	80	0.1000000
NODE_5861_length_1043_cov_25.987288	350	430	33	3	80	0.0375000
NODE_5861_length_1043_cov_25.987288	350	430	34	13	80	0.1625000
NODE_5861_length_1043_cov_25.987288	403	483	25	4	80	0.0500000
NODE_5861_length_1043_cov_25.987288	403	483	26	3	80	0.0375000
NODE_5861_length_1043_cov_25.987288	403	483	27	2	80	0.0250000
NODE_5861_length_1043_cov_25.987288	403	483	28	8	80	0.1000000
NODE_5861_length_1043_cov_25.987288	403	483	31	18	80	0.2250000
NODE_5861_length_1043_cov_25.987288	403	483	33	32	80	0.4000000
NODE_5861_length_1043_cov_25.987288	403	483	34	13	80	0.1625000
NODE_5861_length_1043_cov_25.987288	479	559	25	2	80	0.0250000
NODE_5861_length_1043_cov_25.987288	479	559	27	2	80	0.0250000
NODE_5861_length_1043_cov_25.987288	479	559	29	1	80	0.0125000
NODE_5861_length_1043_cov_25.987288	479	559	31	19	80	0.2375000
NODE_5861_length_1043_cov_25.987288	479	559	32	8	80	0.1000000
NODE_5861_length_1043_cov_25.987288	479	559	33	5	80	0.0625000
NODE_5861_length_1043_cov_25.987288	479	559	34	5	80	0.0625000
NODE_5861_length_1043_cov_25.987288	479	559	36	4	80	0.0500000
NODE_5861_length_1043_cov_25.987288	479	559	38	4	80	0.0500000
NODE_5861_length_1043_cov_25.987288	479	559	40	1	80	0.0125000
NODE_5861_length_1043_cov_25.987288	479	559	41	1	80	0.0125000
NODE_5861_length_1043_cov_25.987288	479	559	42	7	80	0.0875000
NODE_5861_length_1043_cov_25.987288	479	559	43	2	80	0.0250000
NODE_5861_length_1043_cov_25.987288	479	559	44	9	80	0.1125000
NODE_5861_length_1043_cov_25.987288	479	559	48	7	80	0.0875000
NODE_5861_length_1043_cov_25.987288	479	559	51	3	80	0.0375000
NODE_5861_length_1043_cov_25.987288	532	612	36	4	80	0.0500000
NODE_5861_length_1043_cov_25.987288	532	612	40	18	80	0.2250000
NODE_5861_length_1043_cov_25.987288	532	612	42	10	80	0.1250000
NODE_5861_length_1043_cov_25.987288	532	612	44	14	80	0.1750000
NODE_5861_length_1043_cov_25.987288	532	612	46	14	80	0.1750000
NODE_5861_length_1043_cov_25.987288	532	612	48	18	80	0.2250000
NODE_5861_length_1043_cov_25.987288	532	612	50	2	80	0.0250000
NODE_5862_length_1043_cov_20.838983	561	641	0	80	80	1.0000000
NODE_5862_length_1043_cov_20.838983	614	694	0	80	80	1.0000000
NODE_5863_length_1043_cov_20.312500	489	569	0	30	80	0.3750000
NODE_5863_length_1043_cov_20.312500	489	569	10	5	80	0.0625000
NODE_5863_length_1043_cov_20.312500	489	569	12	45	80	0.5625000
NODE_5863_length_1043_cov_20.312500	542	622	12	80	80	1.0000000
NODE_5864_length_1043_cov_16.320975	569	649	0	80	80	1.0000000
NODE_5864_length_1043_cov_16.320975	622	702	0	80	80	1.0000000
NODE_5865_length_1043_cov_11.176907	521	601	0	15	80	0.1875000
NODE_5865_length_1043_cov_11.176907	521	601	1	2	80	0.0250000
NODE_5865_length_1043_cov_11.176907	521	601	2	63	80	0.7875000
NODE_5865_length_1043_cov_11.176907	574	654	2	80	80	1.0000000
NODE_5866_length_1043_cov_8.146186	530	596	0	66	66	1.0000000
NODE_5866_length_1043_cov_8.146186	569	649	0	80	80	1.0000000
NODE_5868_length_1043_cov_5.347458	646	726	0	51	80	0.6375000
NODE_5868_length_1043_cov_5.347458	646	726	2	29	80	0.3625000
NODE_5868_length_1043_cov_5.347458	699	779	0	80	80	1.0000000
NODE_5879_length_1042_cov_242.728526	820	900	186	2	80	0.0250000
NODE_5879_length_1042_cov_242.728526	820	900	191	2	80	0.0250000
NODE_5879_length_1042_cov_242.728526	820	900	193	2	80	0.0250000
NODE_5879_length_1042_cov_242.728526	820	900	196	1	80	0.0125000
NODE_5879_length_1042_cov_242.728526	820	900	200	1	80	0.0125000
NODE_5879_length_1042_cov_242.728526	820	900	206	1	80	0.0125000
NODE_5879_length_1042_cov_242.728526	820	900	207	1	80	0.0125000
NODE_5879_length_1042_cov_242.728526	820	900	212	1	80	0.0125000
NODE_5879_length_1042_cov_242.728526	820	900	216	1	80	0.0125000
NODE_5879_length_1042_cov_242.728526	820	900	230	1	80	0.0125000
NODE_5879_length_1042_cov_242.728526	820	900	235	1	80	0.0125000
NODE_5879_length_1042_cov_242.728526	820	900	241	1	80	0.0125000
NODE_5879_length_1042_cov_242.728526	820	900	251	1	80	0.0125000
NODE_5879_length_1042_cov_242.728526	820	900	257	1	80	0.0125000
NODE_5879_length_1042_cov_242.728526	820	900	258	1	80	0.0125000
NODE_5879_length_1042_cov_242.728526	820	900	261	1	80	0.0125000
NODE_5879_length_1042_cov_242.728526	820	900	262	1	80	0.0125000
NODE_5879_length_1042_cov_242.728526	820	900	264	1	80	0.0125000
NODE_5879_length_1042_cov_242.728526	820	900	270	1	80	0.0125000
NODE_5879_length_1042_cov_242.728526	820	900	273	1	80	0.0125000
NODE_5879_length_1042_cov_242.728526	820	900	277	1	80	0.0125000
NODE_5879_length_1042_cov_242.728526	820	900	278	2	80	0.0250000
NODE_5879_length_1042_cov_242.728526	820	900	282	1	80	0.0125000
NODE_5879_length_1042_cov_242.728526	820	900	283	1	80	0.0125000
NODE_5879_length_1042_cov_242.728526	820	900	289	1	80	0.0125000
NODE_5879_length_1042_cov_242.728526	820	900	290	1	80	0.0125000
NODE_5879_length_1042_cov_242.728526	820	900	291	1	80	0.0125000
NODE_5879_length_1042_cov_242.728526	820	900	294	3	80	0.0375000
NODE_5879_length_1042_cov_242.728526	820	900	295	1	80	0.0125000
NODE_5879_length_1042_cov_242.728526	820	900	297	2	80	0.0250000
NODE_5879_length_1042_cov_242.728526	820	900	307	1	80	0.0125000
NODE_5879_length_1042_cov_242.728526	820	900	312	1	80	0.0125000
NODE_5879_length_1042_cov_242.728526	820	900	314	2	80	0.0250000
NODE_5879_length_1042_cov_242.728526	820	900	315	1	80	0.0125000
NODE_5879_length_1042_cov_242.728526	820	900	316	1	80	0.0125000
NODE_5879_length_1042_cov_242.728526	820	900	322	1	80	0.0125000
NODE_5879_length_1042_cov_242.728526	820	900	326	3	80	0.0375000
NODE_5879_length_1042_cov_242.728526	820	900	328	1	80	0.0125000
NODE_5879_length_1042_cov_242.728526	820	900	330	1	80	0.0125000
NODE_5879_length_1042_cov_242.728526	820	900	332	1	80	0.0125000
NODE_5879_length_1042_cov_242.728526	820	900	333	1	80	0.0125000
NODE_5879_length_1042_cov_242.728526	820	900	334	1	80	0.0125000
NODE_5879_length_1042_cov_242.728526	820	900	335	1	80	0.0125000
NODE_5879_length_1042_cov_242.728526	820	900	339	2	80	0.0250000
NODE_5879_length_1042_cov_242.728526	820	900	340	1	80	0.0125000
NODE_5879_length_1042_cov_242.728526	820	900	341	1	80	0.0125000
NODE_5879_length_1042_cov_242.728526	820	900	344	1	80	0.0125000
NODE_5879_length_1042_cov_242.728526	820	900	345	2	80	0.0250000
NODE_5879_length_1042_cov_242.728526	820	900	346	1	80	0.0125000
NODE_5879_length_1042_cov_242.728526	820	900	347	1	80	0.0125000
NODE_5879_length_1042_cov_242.728526	820	900	351	1	80	0.0125000
NODE_5879_length_1042_cov_242.728526	820	900	352	2	80	0.0250000
NODE_5879_length_1042_cov_242.728526	820	900	355	1	80	0.0125000
NODE_5879_length_1042_cov_242.728526	820	900	357	2	80	0.0250000
NODE_5879_length_1042_cov_242.728526	820	900	359	1	80	0.0125000
NODE_5879_length_1042_cov_242.728526	820	900	362	1	80	0.0125000
NODE_5879_length_1042_cov_242.728526	820	900	368	2	80	0.0250000
NODE_5879_length_1042_cov_242.728526	820	900	370	2	80	0.0250000
NODE_5879_length_1042_cov_242.728526	820	900	372	3	80	0.0375000
NODE_5879_length_1042_cov_242.728526	820	900	374	2	80	0.0250000
NODE_5879_length_1042_cov_242.728526	820	900	376	1	80	0.0125000
NODE_5879_length_1042_cov_242.728526	873	903	339	2	30	0.0666667
NODE_5879_length_1042_cov_242.728526	873	903	340	1	30	0.0333333
NODE_5879_length_1042_cov_242.728526	873	903	341	1	30	0.0333333
NODE_5879_length_1042_cov_242.728526	873	903	344	1	30	0.0333333
NODE_5879_length_1042_cov_242.728526	873	903	345	2	30	0.0666667
NODE_5879_length_1042_cov_242.728526	873	903	346	1	30	0.0333333
NODE_5879_length_1042_cov_242.728526	873	903	347	1	30	0.0333333
NODE_5879_length_1042_cov_242.728526	873	903	351	1	30	0.0333333
NODE_5879_length_1042_cov_242.728526	873	903	352	2	30	0.0666667
NODE_5879_length_1042_cov_242.728526	873	903	355	1	30	0.0333333
NODE_5879_length_1042_cov_242.728526	873	903	357	2	30	0.0666667
NODE_5879_length_1042_cov_242.728526	873	903	359	1	30	0.0333333
NODE_5879_length_1042_cov_242.728526	873	903	362	1	30	0.0333333
NODE_5879_length_1042_cov_242.728526	873	903	368	2	30	0.0666667
NODE_5879_length_1042_cov_242.728526	873	903	370	2	30	0.0666667
NODE_5879_length_1042_cov_242.728526	873	903	372	4	30	0.1333333
NODE_5879_length_1042_cov_242.728526	873	903	374	3	30	0.1000000
NODE_5879_length_1042_cov_242.728526	873	903	375	1	30	0.0333333
NODE_5879_length_1042_cov_242.728526	873	903	376	1	30	0.0333333
NODE_5880_length_1042_cov_63.214210	355	435	0	16	80	0.2000000
NODE_5880_length_1042_cov_63.214210	355	435	4	64	80	0.8000000
NODE_5880_length_1042_cov_63.214210	408	488	0	69	80	0.8625000
NODE_5880_length_1042_cov_63.214210	408	488	4	11	80	0.1375000
NODE_5881_length_1042_cov_29.581124	497	577	12	80	80	1.0000000
NODE_5881_length_1042_cov_29.581124	550	630	0	15	80	0.1875000
NODE_5881_length_1042_cov_29.581124	550	630	10	1	80	0.0125000
NODE_5881_length_1042_cov_29.581124	550	630	11	26	80	0.3250000
NODE_5881_length_1042_cov_29.581124	550	630	12	38	80	0.4750000
NODE_5882_length_1042_cov_23.861082	519	599	2	28	80	0.3500000
NODE_5882_length_1042_cov_23.861082	519	599	4	32	80	0.4000000
NODE_5882_length_1042_cov_23.861082	519	599	6	20	80	0.2500000
NODE_5882_length_1042_cov_23.861082	572	652	4	7	80	0.0875000
NODE_5882_length_1042_cov_23.861082	572	652	6	73	80	0.9125000
NODE_5882_length_1042_cov_23.861082	648	728	0	31	80	0.3875000
NODE_5882_length_1042_cov_23.861082	648	728	1	1	80	0.0125000
NODE_5882_length_1042_cov_23.861082	648	728	2	3	80	0.0375000
NODE_5882_length_1042_cov_23.861082	648	728	4	31	80	0.3875000
NODE_5882_length_1042_cov_23.861082	648	728	6	14	80	0.1750000
NODE_5882_length_1042_cov_23.861082	701	781	0	27	80	0.3375000
NODE_5882_length_1042_cov_23.861082	701	781	2	53	80	0.6625000
NODE_5883_length_1042_cov_22.247084	555	635	0	80	80	1.0000000
NODE_5883_length_1042_cov_22.247084	608	688	0	80	80	1.0000000
NODE_5884_length_1042_cov_22.117709	335	415	0	6	80	0.0750000
NODE_5884_length_1042_cov_22.117709	335	415	2	74	80	0.9250000
NODE_5884_length_1042_cov_22.117709	388	468	2	43	80	0.5375000
NODE_5884_length_1042_cov_22.117709	388	468	4	18	80	0.2250000
NODE_5884_length_1042_cov_22.117709	388	468	5	1	80	0.0125000
NODE_5884_length_1042_cov_22.117709	388	468	6	18	80	0.2250000
NODE_5884_length_1042_cov_22.117709	464	544	4	21	80	0.2625000
NODE_5884_length_1042_cov_22.117709	464	544	6	3	80	0.0375000
NODE_5884_length_1042_cov_22.117709	464	544	9	2	80	0.0250000
NODE_5884_length_1042_cov_22.117709	464	544	10	1	80	0.0125000
NODE_5884_length_1042_cov_22.117709	464	544	12	11	80	0.1375000
NODE_5884_length_1042_cov_22.117709	464	544	14	42	80	0.5250000
NODE_5884_length_1042_cov_22.117709	517	597	6	16	80	0.2000000
NODE_5884_length_1042_cov_22.117709	517	597	9	1	80	0.0125000
NODE_5884_length_1042_cov_22.117709	517	597	10	11	80	0.1375000
NODE_5884_length_1042_cov_22.117709	517	597	12	11	80	0.1375000
NODE_5884_length_1042_cov_22.117709	517	597	14	41	80	0.5125000
NODE_5885_length_1042_cov_16.831389	27	97	4	1	70	0.0142857
NODE_5885_length_1042_cov_16.831389	27	97	6	44	70	0.6285715
NODE_5885_length_1042_cov_16.831389	27	97	10	25	70	0.3571429
NODE_5885_length_1042_cov_16.831389	372	452	4	80	80	1.0000000
NODE_5885_length_1042_cov_16.831389	425	505	0	41	80	0.5125000
NODE_5885_length_1042_cov_16.831389	425	505	4	39	80	0.4875000
NODE_5886_length_1042_cov_16.662778	416	496	0	80	80	1.0000000
NODE_5886_length_1042_cov_16.662778	469	549	0	80	80	1.0000000
NODE_5887_length_1042_cov_9.474019	361	441	0	80	80	1.0000000
NODE_5887_length_1042_cov_9.474019	414	494	0	80	80	1.0000000
NODE_5888_length_1042_cov_6.725345	356	419	0	53	63	0.8412699
NODE_5888_length_1042_cov_6.725345	356	419	1	5	63	0.0793651
NODE_5888_length_1042_cov_6.725345	356	419	2	5	63	0.0793651
NODE_5888_length_1042_cov_6.725345	392	472	0	80	80	1.0000000
NODE_5896_length_1041_cov_42.960722	335	415	0	2	80	0.0250000
NODE_5896_length_1041_cov_42.960722	335	415	2	78	80	0.9750000
NODE_5896_length_1041_cov_42.960722	388	468	0	38	80	0.4750000
NODE_5896_length_1041_cov_42.960722	388	468	2	42	80	0.5250000
NODE_5896_length_1041_cov_42.960722	464	544	0	45	80	0.5625000
NODE_5896_length_1041_cov_42.960722	464	544	2	22	80	0.2750000
NODE_5896_length_1041_cov_42.960722	464	544	4	13	80	0.1625000
NODE_5896_length_1041_cov_42.960722	517	597	2	14	80	0.1750000
NODE_5896_length_1041_cov_42.960722	517	597	4	66	80	0.8250000
NODE_5897_length_1041_cov_37.331210	513	593	2	8	80	0.1000000
NODE_5897_length_1041_cov_37.331210	513	593	8	4	80	0.0500000
NODE_5897_length_1041_cov_37.331210	513	593	10	13	80	0.1625000
NODE_5897_length_1041_cov_37.331210	513	593	12	4	80	0.0500000
NODE_5897_length_1041_cov_37.331210	513	593	14	5	80	0.0625000
NODE_5897_length_1041_cov_37.331210	513	593	16	46	80	0.5750000
NODE_5897_length_1041_cov_37.331210	566	646	4	24	80	0.3000000
NODE_5897_length_1041_cov_37.331210	566	646	6	5	80	0.0625000
NODE_5897_length_1041_cov_37.331210	566	646	11	1	80	0.0125000
NODE_5897_length_1041_cov_37.331210	566	646	12	5	80	0.0625000
NODE_5897_length_1041_cov_37.331210	566	646	14	23	80	0.2875000
NODE_5897_length_1041_cov_37.331210	566	646	16	22	80	0.2750000
NODE_5897_length_1041_cov_37.331210	642	722	2	8	80	0.1000000
NODE_5897_length_1041_cov_37.331210	642	722	4	71	80	0.8875000
NODE_5897_length_1041_cov_37.331210	642	722	6	1	80	0.0125000
NODE_5897_length_1041_cov_37.331210	695	775	0	29	80	0.3625000
NODE_5897_length_1041_cov_37.331210	695	775	4	51	80	0.6375000
NODE_5898_length_1041_cov_36.477707	455	535	0	13	80	0.1625000
NODE_5898_length_1041_cov_36.477707	455	535	11	22	80	0.2750000
NODE_5898_length_1041_cov_36.477707	455	535	21	29	80	0.3625000
NODE_5898_length_1041_cov_36.477707	455	535	22	16	80	0.2000000
NODE_5898_length_1041_cov_36.477707	508	588	10	17	80	0.2125000
NODE_5898_length_1041_cov_36.477707	508	588	21	12	80	0.1500000
NODE_5898_length_1041_cov_36.477707	508	588	22	51	80	0.6375000
NODE_5898_length_1041_cov_36.477707	584	664	0	70	80	0.8750000
NODE_5898_length_1041_cov_36.477707	584	664	10	10	80	0.1250000
NODE_5898_length_1041_cov_36.477707	637	717	0	80	80	1.0000000
NODE_5898_length_1041_cov_36.477707	753	799	0	46	46	1.0000000
NODE_5899_length_1041_cov_19.286624	468	548	0	80	80	1.0000000
NODE_5899_length_1041_cov_19.286624	521	601	0	80	80	1.0000000
NODE_5900_length_1041_cov_17.072187	578	658	0	7	80	0.0875000
NODE_5900_length_1041_cov_17.072187	578	658	4	6	80	0.0750000
NODE_5900_length_1041_cov_17.072187	578	658	8	67	80	0.8375000
NODE_5900_length_1041_cov_17.072187	631	711	0	60	80	0.7500000
NODE_5900_length_1041_cov_17.072187	631	711	4	2	80	0.0250000
NODE_5900_length_1041_cov_17.072187	631	711	8	18	80	0.2250000
NODE_5901_length_1041_cov_11.887473	437	517	0	25	80	0.3125000
NODE_5901_length_1041_cov_11.887473	437	517	4	55	80	0.6875000
NODE_5901_length_1041_cov_11.887473	490	570	0	20	80	0.2500000
NODE_5901_length_1041_cov_11.887473	490	570	4	60	80	0.7500000
NODE_5902_length_1041_cov_6.957537	354	434	0	22	80	0.2750000
NODE_5902_length_1041_cov_6.957537	354	434	1	8	80	0.1000000
NODE_5902_length_1041_cov_6.957537	354	434	5	7	80	0.0875000
NODE_5902_length_1041_cov_6.957537	354	434	7	2	80	0.0250000
NODE_5902_length_1041_cov_6.957537	354	434	8	41	80	0.5125000
NODE_5902_length_1041_cov_6.957537	407	487	2	3	80	0.0375000
NODE_5902_length_1041_cov_6.957537	407	487	6	20	80	0.2500000
NODE_5902_length_1041_cov_6.957537	407	487	8	57	80	0.7125000
NODE_5913_length_1040_cov_34.618491	478	558	4	60	80	0.7500000
NODE_5913_length_1040_cov_34.618491	478	558	6	20	80	0.2500000
NODE_5913_length_1040_cov_34.618491	531	611	0	51	80	0.6375000
NODE_5913_length_1040_cov_34.618491	531	611	4	29	80	0.3625000
NODE_5914_length_1040_cov_33.061637	485	565	0	21	80	0.2625000
NODE_5914_length_1040_cov_33.061637	485	565	2	49	80	0.6125000
NODE_5914_length_1040_cov_33.061637	485	565	46	1	80	0.0125000
NODE_5914_length_1040_cov_33.061637	485	565	47	9	80	0.1125000
NODE_5914_length_1040_cov_33.061637	538	618	2	17	80	0.2125000
NODE_5914_length_1040_cov_33.061637	538	618	46	1	80	0.0125000
NODE_5914_length_1040_cov_33.061637	538	618	47	18	80	0.2250000
NODE_5914_length_1040_cov_33.061637	538	618	48	12	80	0.1500000
NODE_5914_length_1040_cov_33.061637	538	618	49	1	80	0.0125000
NODE_5914_length_1040_cov_33.061637	538	618	50	2	80	0.0250000
NODE_5914_length_1040_cov_33.061637	538	618	54	6	80	0.0750000
NODE_5914_length_1040_cov_33.061637	538	618	56	1	80	0.0125000
NODE_5914_length_1040_cov_33.061637	538	618	57	4	80	0.0500000
NODE_5914_length_1040_cov_33.061637	538	618	63	18	80	0.2250000
NODE_5915_length_1040_cov_27.818278	402	482	0	22	80	0.2750000
NODE_5915_length_1040_cov_27.818278	402	482	2	9	80	0.1125000
NODE_5915_length_1040_cov_27.818278	402	482	5	49	80	0.6125000
NODE_5915_length_1040_cov_27.818278	455	535	5	38	80	0.4750000
NODE_5915_length_1040_cov_27.818278	455	535	6	22	80	0.2750000
NODE_5915_length_1040_cov_27.818278	455	535	7	1	80	0.0125000
NODE_5915_length_1040_cov_27.818278	455	535	8	19	80	0.2375000
NODE_5916_length_1040_cov_17.933050	487	567	2	2	80	0.0250000
NODE_5916_length_1040_cov_17.933050	487	567	7	55	80	0.6875000
NODE_5916_length_1040_cov_17.933050	487	567	8	23	80	0.2875000
NODE_5916_length_1040_cov_17.933050	540	620	0	18	80	0.2250000
NODE_5916_length_1040_cov_17.933050	540	620	6	5	80	0.0625000
NODE_5916_length_1040_cov_17.933050	540	620	7	4	80	0.0500000
NODE_5916_length_1040_cov_17.933050	540	620	8	53	80	0.6625000
NODE_5917_length_1040_cov_14.327311	237	317	0	80	80	1.0000000
NODE_5917_length_1040_cov_14.327311	290	370	0	80	80	1.0000000
NODE_5917_length_1040_cov_14.327311	366	446	0	80	80	1.0000000
NODE_5917_length_1040_cov_14.327311	419	499	0	80	80	1.0000000
NODE_5918_length_1040_cov_11.910733	369	449	0	80	80	1.0000000
NODE_5918_length_1040_cov_11.910733	422	502	0	80	80	1.0000000
NODE_5919_length_1040_cov_11.521785	355	435	0	80	80	1.0000000
NODE_5919_length_1040_cov_11.521785	408	488	0	80	80	1.0000000
NODE_5920_length_1040_cov_9.573858	632	712	2	20	80	0.2500000
NODE_5920_length_1040_cov_9.573858	632	712	4	60	80	0.7500000
NODE_5920_length_1040_cov_9.573858	685	765	0	36	80	0.4500000
NODE_5920_length_1040_cov_9.573858	685	765	2	17	80	0.2125000
NODE_5920_length_1040_cov_9.573858	685	765	4	27	80	0.3375000
NODE_5921_length_1040_cov_8.148778	349	429	0	47	80	0.5875000
NODE_5921_length_1040_cov_8.148778	349	429	2	15	80	0.1875000
NODE_5921_length_1040_cov_8.148778	349	429	4	18	80	0.2250000
NODE_5921_length_1040_cov_8.148778	402	482	0	9	80	0.1125000
NODE_5921_length_1040_cov_8.148778	402	482	4	71	80	0.8875000
NODE_5922_length_1040_cov_7.927736	282	362	0	80	80	1.0000000
NODE_5922_length_1040_cov_7.927736	335	415	0	80	80	1.0000000
NODE_5927_length_1040_cov_2.317747	2	78	0	31	76	0.4078947
NODE_5927_length_1040_cov_2.317747	2	78	2	4	76	0.0526316
NODE_5927_length_1040_cov_2.317747	2	78	4	38	76	0.5000000
NODE_5927_length_1040_cov_2.317747	2	78	6	3	76	0.0394737
NODE_5934_length_1039_cov_40.150000	487	567	0	21	80	0.2625000
NODE_5934_length_1039_cov_40.150000	487	567	2	59	80	0.7375000
NODE_5934_length_1039_cov_40.150000	540	620	0	74	80	0.9250000
NODE_5934_length_1039_cov_40.150000	540	620	2	6	80	0.0750000
NODE_5934_length_1039_cov_40.150000	616	696	0	57	80	0.7125000
NODE_5934_length_1039_cov_40.150000	616	696	4	3	80	0.0375000
NODE_5934_length_1039_cov_40.150000	616	696	6	20	80	0.2500000
NODE_5934_length_1039_cov_40.150000	669	739	0	4	70	0.0571429
NODE_5934_length_1039_cov_40.150000	669	739	4	3	70	0.0428571
NODE_5934_length_1039_cov_40.150000	669	739	6	63	70	0.9000000
NODE_5935_length_1039_cov_37.940426	175	255	0	80	80	1.0000000
NODE_5935_length_1039_cov_37.940426	228	308	0	80	80	1.0000000
NODE_5935_length_1039_cov_37.940426	304	384	0	4	80	0.0500000
NODE_5935_length_1039_cov_37.940426	304	384	2	3	80	0.0375000
NODE_5935_length_1039_cov_37.940426	304	384	4	11	80	0.1375000
NODE_5935_length_1039_cov_37.940426	304	384	6	62	80	0.7750000
NODE_5935_length_1039_cov_37.940426	357	437	0	48	80	0.6000000
NODE_5935_length_1039_cov_37.940426	357	437	4	16	80	0.2000000
NODE_5935_length_1039_cov_37.940426	357	437	6	16	80	0.2000000
NODE_5936_length_1039_cov_24.567021	371	451	2	41	80	0.5125000
NODE_5936_length_1039_cov_24.567021	371	451	6	39	80	0.4875000
NODE_5936_length_1039_cov_24.567021	424	504	3	16	80	0.2000000
NODE_5936_length_1039_cov_24.567021	424	504	4	22	80	0.2750000
NODE_5936_length_1039_cov_24.567021	424	504	6	42	80	0.5250000
NODE_5937_length_1039_cov_15.790426	293	373	2	5	80	0.0625000
NODE_5937_length_1039_cov_15.790426	293	373	6	5	80	0.0625000
NODE_5937_length_1039_cov_15.790426	293	373	8	6	80	0.0750000
NODE_5937_length_1039_cov_15.790426	293	373	9	22	80	0.2750000
NODE_5937_length_1039_cov_15.790426	293	373	10	12	80	0.1500000
NODE_5937_length_1039_cov_15.790426	293	373	11	19	80	0.2375000
NODE_5937_length_1039_cov_15.790426	293	373	12	11	80	0.1375000
NODE_5937_length_1039_cov_15.790426	346	426	2	14	80	0.1750000
NODE_5937_length_1039_cov_15.790426	346	426	4	3	80	0.0375000
NODE_5937_length_1039_cov_15.790426	346	426	8	24	80	0.3000000
NODE_5937_length_1039_cov_15.790426	346	426	10	24	80	0.3000000
NODE_5937_length_1039_cov_15.790426	346	426	11	4	80	0.0500000
NODE_5937_length_1039_cov_15.790426	346	426	12	11	80	0.1375000
NODE_5938_length_1039_cov_14.670213	591	671	2	80	80	1.0000000
NODE_5938_length_1039_cov_14.670213	644	724	0	37	80	0.4625000
NODE_5938_length_1039_cov_14.670213	644	724	2	43	80	0.5375000
NODE_5939_length_1039_cov_11.568085	439	519	0	80	80	1.0000000
NODE_5939_length_1039_cov_11.568085	492	571	0	79	79	1.0000000
NODE_5947_length_1038_cov_17.191693	549	629	0	80	80	1.0000000
NODE_5947_length_1038_cov_17.191693	602	682	0	80	80	1.0000000
NODE_5948_length_1038_cov_13.520767	516	596	0	80	80	1.0000000
NODE_5948_length_1038_cov_13.520767	569	649	0	80	80	1.0000000
NODE_5949_length_1038_cov_10.541001	487	567	0	80	80	1.0000000
NODE_5949_length_1038_cov_10.541001	540	620	0	80	80	1.0000000
NODE_5950_length_1038_cov_8.826411	432	512	2	69	80	0.8625000
NODE_5950_length_1038_cov_8.826411	432	512	4	11	80	0.1375000
NODE_5950_length_1038_cov_8.826411	485	565	0	20	80	0.2500000
NODE_5950_length_1038_cov_8.826411	485	565	2	60	80	0.7500000
NODE_5952_length_1038_cov_2.587859	673	753	0	80	80	1.0000000
NODE_5952_length_1038_cov_2.587859	726	806	0	80	80	1.0000000
NODE_5963_length_1037_cov_66.968017	402	482	10	79	80	0.9875000
NODE_5963_length_1037_cov_66.968017	402	482	14	1	80	0.0125000
NODE_5963_length_1037_cov_66.968017	455	535	4	14	80	0.1750000
NODE_5963_length_1037_cov_66.968017	455	535	7	1	80	0.0125000
NODE_5963_length_1037_cov_66.968017	455	535	8	10	80	0.1250000
NODE_5963_length_1037_cov_66.968017	455	535	10	26	80	0.3250000
NODE_5963_length_1037_cov_66.968017	455	535	11	1	80	0.0125000
NODE_5963_length_1037_cov_66.968017	455	535	12	20	80	0.2500000
NODE_5963_length_1037_cov_66.968017	455	535	14	8	80	0.1000000
NODE_5964_length_1037_cov_53.639659	527	607	4	56	80	0.7000000
NODE_5964_length_1037_cov_53.639659	527	607	6	24	80	0.3000000
NODE_5964_length_1037_cov_53.639659	580	660	2	10	80	0.1250000
NODE_5964_length_1037_cov_53.639659	580	660	4	46	80	0.5750000
NODE_5964_length_1037_cov_53.639659	580	660	6	24	80	0.3000000
NODE_5965_length_1037_cov_45.353945	542	622	0	50	80	0.6250000
NODE_5965_length_1037_cov_45.353945	542	622	2	30	80	0.3750000
NODE_5965_length_1037_cov_45.353945	595	675	0	80	80	1.0000000
NODE_5966_length_1037_cov_31.078891	356	436	2	1	80	0.0125000
NODE_5966_length_1037_cov_31.078891	356	436	8	31	80	0.3875000
NODE_5966_length_1037_cov_31.078891	356	436	10	48	80	0.6000000
NODE_5966_length_1037_cov_31.078891	409	489	0	45	80	0.5625000
NODE_5966_length_1037_cov_31.078891	409	489	8	35	80	0.4375000
NODE_5967_length_1037_cov_25.453092	421	501	8	7	80	0.0875000
NODE_5967_length_1037_cov_25.453092	421	501	20	73	80	0.9125000
NODE_5967_length_1037_cov_25.453092	474	554	0	11	80	0.1375000
NODE_5967_length_1037_cov_25.453092	474	554	2	16	80	0.2000000
NODE_5967_length_1037_cov_25.453092	474	554	14	16	80	0.2000000
NODE_5967_length_1037_cov_25.453092	474	554	20	37	80	0.4625000
NODE_5967_length_1037_cov_25.453092	550	573	0	23	23	1.0000000
NODE_5968_length_1037_cov_13.740938	348	428	4	23	80	0.2875000
NODE_5968_length_1037_cov_13.740938	348	428	5	19	80	0.2375000
NODE_5968_length_1037_cov_13.740938	348	428	8	38	80	0.4750000
NODE_5968_length_1037_cov_13.740938	401	481	0	4	80	0.0500000
NODE_5968_length_1037_cov_13.740938	401	481	4	50	80	0.6250000
NODE_5968_length_1037_cov_13.740938	401	481	8	26	80	0.3250000
NODE_5969_length_1037_cov_12.632196	564	644	6	14	80	0.1750000
NODE_5969_length_1037_cov_12.632196	564	644	8	14	80	0.1750000
NODE_5969_length_1037_cov_12.632196	564	644	12	52	80	0.6500000
NODE_5969_length_1037_cov_12.632196	617	697	0	8	80	0.1000000
NODE_5969_length_1037_cov_12.632196	617	697	4	6	80	0.0750000
NODE_5969_length_1037_cov_12.632196	617	697	6	4	80	0.0500000
NODE_5969_length_1037_cov_12.632196	617	697	12	62	80	0.7750000
NODE_5970_length_1037_cov_8.904051	640	720	0	80	80	1.0000000
NODE_5970_length_1037_cov_8.904051	693	773	0	80	80	1.0000000
NODE_5978_length_1037_cov_1.859275	31	91	0	60	60	1.0000000
NODE_5986_length_1036_cov_52.270011	493	573	0	34	80	0.4250000
NODE_5986_length_1036_cov_52.270011	493	573	2	46	80	0.5750000
NODE_5986_length_1036_cov_52.270011	546	626	0	21	80	0.2625000
NODE_5986_length_1036_cov_52.270011	546	626	2	59	80	0.7375000
NODE_5987_length_1036_cov_24.080043	369	449	0	37	80	0.4625000
NODE_5987_length_1036_cov_24.080043	369	449	2	11	80	0.1375000
NODE_5987_length_1036_cov_24.080043	369	449	4	32	80	0.4000000
NODE_5987_length_1036_cov_24.080043	422	502	4	32	80	0.4000000
NODE_5987_length_1036_cov_24.080043	422	502	6	48	80	0.6000000
NODE_5988_length_1036_cov_20.533618	513	593	0	17	80	0.2125000
NODE_5988_length_1036_cov_20.533618	513	593	2	63	80	0.7875000
NODE_5988_length_1036_cov_20.533618	566	645	0	35	79	0.4430380
NODE_5988_length_1036_cov_20.533618	566	645	2	44	79	0.5569620
NODE_5988_length_1036_cov_20.533618	648	728	0	80	80	1.0000000
NODE_5988_length_1036_cov_20.533618	701	781	0	80	80	1.0000000
NODE_5989_length_1036_cov_19.715048	467	547	4	6	80	0.0750000
NODE_5989_length_1036_cov_19.715048	467	547	6	46	80	0.5750000
NODE_5989_length_1036_cov_19.715048	467	547	8	22	80	0.2750000
NODE_5989_length_1036_cov_19.715048	467	547	10	6	80	0.0750000
NODE_5989_length_1036_cov_19.715048	520	600	4	15	80	0.1875000
NODE_5989_length_1036_cov_19.715048	520	600	6	19	80	0.2375000
NODE_5989_length_1036_cov_19.715048	520	600	7	1	80	0.0125000
NODE_5989_length_1036_cov_19.715048	520	600	8	39	80	0.4875000
NODE_5989_length_1036_cov_19.715048	520	600	10	6	80	0.0750000
NODE_5990_length_1036_cov_19.452508	399	479	0	80	80	1.0000000
NODE_5990_length_1036_cov_19.452508	452	532	0	80	80	1.0000000
NODE_5990_length_1036_cov_19.452508	528	608	0	50	80	0.6250000
NODE_5990_length_1036_cov_19.452508	528	608	4	30	80	0.3750000
NODE_5990_length_1036_cov_19.452508	581	661	4	36	80	0.4500000
NODE_5990_length_1036_cov_19.452508	581	661	6	44	80	0.5500000
NODE_5991_length_1036_cov_13.840982	635	715	2	41	80	0.5125000
NODE_5991_length_1036_cov_13.840982	635	715	3	26	80	0.3250000
NODE_5991_length_1036_cov_13.840982	635	715	4	13	80	0.1625000
NODE_5991_length_1036_cov_13.840982	688	768	2	54	80	0.6750000
NODE_5991_length_1036_cov_13.840982	688	768	3	13	80	0.1625000
NODE_5991_length_1036_cov_13.840982	688	768	4	13	80	0.1625000
NODE_5992_length_1036_cov_6.913554	424	504	2	80	80	1.0000000
NODE_5992_length_1036_cov_6.913554	477	557	0	51	80	0.6375000
NODE_5992_length_1036_cov_6.913554	477	557	2	29	80	0.3625000
NODE_5993_length_1036_cov_5.880470	436	516	1	18	80	0.2250000
NODE_5993_length_1036_cov_5.880470	436	516	2	57	80	0.7125000
NODE_5993_length_1036_cov_5.880470	436	516	3	5	80	0.0625000
NODE_5993_length_1036_cov_5.880470	489	569	1	22	80	0.2750000
NODE_5993_length_1036_cov_5.880470	489	569	2	58	80	0.7250000
NODE_5994_length_1036_cov_4.638207	531	611	0	80	80	1.0000000
NODE_5994_length_1036_cov_4.638207	584	664	0	80	80	1.0000000
NODE_5998_length_1036_cov_1.293490	19	69	0	50	50	1.0000000
NODE_6001_length_1035_cov_31.941239	590	670	0	36	80	0.4500000
NODE_6001_length_1035_cov_31.941239	590	670	6	38	80	0.4750000
NODE_6001_length_1035_cov_31.941239	590	670	8	6	80	0.0750000
NODE_6001_length_1035_cov_31.941239	643	723	6	21	80	0.2625000
NODE_6001_length_1035_cov_31.941239	643	723	8	59	80	0.7375000
NODE_6002_length_1035_cov_14.917735	396	476	0	80	80	1.0000000
NODE_6002_length_1035_cov_14.917735	449	529	0	80	80	1.0000000
NODE_6003_length_1035_cov_12.552350	467	547	0	80	80	1.0000000
NODE_6003_length_1035_cov_12.552350	520	600	0	80	80	1.0000000
NODE_6004_length_1035_cov_12.050214	40	103	0	3	63	0.0476190
NODE_6004_length_1035_cov_12.050214	40	103	4	6	63	0.0952381
NODE_6004_length_1035_cov_12.050214	40	103	6	10	63	0.1587302
NODE_6004_length_1035_cov_12.050214	40	103	20	6	63	0.0952381
NODE_6004_length_1035_cov_12.050214	40	103	22	16	63	0.2539683
NODE_6004_length_1035_cov_12.050214	40	103	24	5	63	0.0793651
NODE_6004_length_1035_cov_12.050214	40	103	28	6	63	0.0952381
NODE_6004_length_1035_cov_12.050214	40	103	32	3	63	0.0476190
NODE_6004_length_1035_cov_12.050214	40	103	36	1	63	0.0158730
NODE_6004_length_1035_cov_12.050214	40	103	41	2	63	0.0317460
NODE_6004_length_1035_cov_12.050214	40	103	43	2	63	0.0317460
NODE_6004_length_1035_cov_12.050214	40	103	45	1	63	0.0158730
NODE_6004_length_1035_cov_12.050214	40	103	46	2	63	0.0317460
NODE_6004_length_1035_cov_12.050214	138	219	0	2	81	0.0246914
NODE_6004_length_1035_cov_12.050214	138	219	5	2	81	0.0246914
NODE_6004_length_1035_cov_12.050214	138	219	9	1	81	0.0123457
NODE_6004_length_1035_cov_12.050214	138	219	17	2	81	0.0246914
NODE_6004_length_1035_cov_12.050214	138	219	20	3	81	0.0370370
NODE_6004_length_1035_cov_12.050214	138	219	21	4	81	0.0493827
NODE_6004_length_1035_cov_12.050214	138	219	23	4	81	0.0493827
NODE_6004_length_1035_cov_12.050214	138	219	27	1	81	0.0123457
NODE_6004_length_1035_cov_12.050214	138	219	31	4	81	0.0493827
NODE_6004_length_1035_cov_12.050214	138	219	33	4	81	0.0493827
NODE_6004_length_1035_cov_12.050214	138	219	36	2	81	0.0246914
NODE_6004_length_1035_cov_12.050214	138	219	38	12	81	0.1481481
NODE_6004_length_1035_cov_12.050214	138	219	52	19	81	0.2345679
NODE_6004_length_1035_cov_12.050214	138	219	54	8	81	0.0987654
NODE_6004_length_1035_cov_12.050214	138	219	56	2	81	0.0246914
NODE_6004_length_1035_cov_12.050214	138	219	58	1	81	0.0123457
NODE_6004_length_1035_cov_12.050214	138	219	59	4	81	0.0493827
NODE_6004_length_1035_cov_12.050214	138	219	60	6	81	0.0740741
NODE_6005_length_1035_cov_7.020299	350	430	0	80	80	1.0000000
NODE_6005_length_1035_cov_7.020299	403	483	0	80	80	1.0000000
NODE_6006_length_1035_cov_4.726496	531	611	0	2	80	0.0250000
NODE_6006_length_1035_cov_4.726496	531	611	2	27	80	0.3375000
NODE_6006_length_1035_cov_4.726496	531	611	6	51	80	0.6375000
NODE_6006_length_1035_cov_4.726496	584	664	0	53	80	0.6625000
NODE_6006_length_1035_cov_4.726496	584	664	2	27	80	0.3375000
NODE_6018_length_1034_cov_26.810695	322	402	0	80	80	1.0000000
NODE_6018_length_1034_cov_26.810695	375	455	0	80	80	1.0000000
NODE_6018_length_1034_cov_26.810695	451	531	0	80	80	1.0000000
NODE_6018_length_1034_cov_26.810695	504	584	0	80	80	1.0000000
NODE_6032_length_1033_cov_42.574946	462	542	0	5	80	0.0625000
NODE_6032_length_1033_cov_42.574946	462	542	2	10	80	0.1250000
NODE_6032_length_1033_cov_42.574946	462	542	6	20	80	0.2500000
NODE_6032_length_1033_cov_42.574946	462	542	8	8	80	0.1000000
NODE_6032_length_1033_cov_42.574946	462	542	17	3	80	0.0375000
NODE_6032_length_1033_cov_42.574946	462	542	18	34	80	0.4250000
NODE_6032_length_1033_cov_42.574946	515	595	10	17	80	0.2125000
NODE_6032_length_1033_cov_42.574946	515	595	12	4	80	0.0500000
NODE_6032_length_1033_cov_42.574946	515	595	14	32	80	0.4000000
NODE_6032_length_1033_cov_42.574946	515	595	18	27	80	0.3375000
NODE_6033_length_1033_cov_17.073876	464	544	0	20	80	0.2500000
NODE_6033_length_1033_cov_17.073876	464	544	4	60	80	0.7500000
NODE_6033_length_1033_cov_17.073876	517	597	0	5	80	0.0625000
NODE_6033_length_1033_cov_17.073876	517	597	2	1	80	0.0125000
NODE_6033_length_1033_cov_17.073876	517	597	3	1	80	0.0125000
NODE_6033_length_1033_cov_17.073876	517	597	4	73	80	0.9125000
NODE_6034_length_1033_cov_15.791221	309	386	0	77	77	1.0000000
NODE_6034_length_1033_cov_15.791221	359	439	0	80	80	1.0000000
NODE_6035_length_1033_cov_11.340471	437	517	0	80	80	1.0000000
NODE_6035_length_1033_cov_11.340471	490	570	0	80	80	1.0000000
NODE_6045_length_1032_cov_56.511254	466	546	4	47	80	0.5875000
NODE_6045_length_1032_cov_56.511254	466	546	6	33	80	0.4125000
NODE_6045_length_1032_cov_56.511254	519	599	2	33	80	0.4125000
NODE_6045_length_1032_cov_56.511254	519	599	4	11	80	0.1375000
NODE_6045_length_1032_cov_56.511254	519	599	6	36	80	0.4500000
NODE_6046_length_1032_cov_20.752412	479	559	0	80	80	1.0000000
NODE_6046_length_1032_cov_20.752412	532	612	0	80	80	1.0000000
NODE_6047_length_1032_cov_8.166131	257	337	0	80	80	1.0000000
NODE_6047_length_1032_cov_8.166131	310	390	0	80	80	1.0000000
NODE_6048_length_1032_cov_7.991426	277	357	0	2	80	0.0250000
NODE_6048_length_1032_cov_7.991426	277	357	2	78	80	0.9750000
NODE_6048_length_1032_cov_7.991426	330	410	0	35	80	0.4375000
NODE_6048_length_1032_cov_7.991426	330	410	2	45	80	0.5625000
NODE_6049_length_1032_cov_5.276527	371	451	2	31	80	0.3875000
NODE_6049_length_1032_cov_5.276527	371	451	4	36	80	0.4500000
NODE_6049_length_1032_cov_5.276527	371	451	6	13	80	0.1625000
NODE_6049_length_1032_cov_5.276527	424	504	4	14	80	0.1750000
NODE_6049_length_1032_cov_5.276527	424	504	6	66	80	0.8250000
NODE_6055_length_1031_cov_71.154506	586	654	8	2	68	0.0294118
NODE_6055_length_1031_cov_71.154506	586	654	12	1	68	0.0147059
NODE_6055_length_1031_cov_71.154506	586	654	27	3	68	0.0441176
NODE_6055_length_1031_cov_71.154506	586	654	31	1	68	0.0147059
NODE_6055_length_1031_cov_71.154506	586	654	38	1	68	0.0147059
NODE_6055_length_1031_cov_71.154506	586	654	46	39	68	0.5735294
NODE_6055_length_1031_cov_71.154506	586	654	50	21	68	0.3088235
NODE_6055_length_1031_cov_71.154506	616	696	26	4	80	0.0500000
NODE_6055_length_1031_cov_71.154506	616	696	28	13	80	0.1625000
NODE_6055_length_1031_cov_71.154506	616	696	34	1	80	0.0125000
NODE_6055_length_1031_cov_71.154506	616	696	38	2	80	0.0250000
NODE_6055_length_1031_cov_71.154506	616	696	43	1	80	0.0125000
NODE_6055_length_1031_cov_71.154506	616	696	44	19	80	0.2375000
NODE_6055_length_1031_cov_71.154506	616	696	46	17	80	0.2125000
NODE_6055_length_1031_cov_71.154506	616	696	50	23	80	0.2875000
NODE_6055_length_1031_cov_71.154506	669	749	4	6	80	0.0750000
NODE_6055_length_1031_cov_71.154506	669	749	13	4	80	0.0500000
NODE_6055_length_1031_cov_71.154506	669	749	20	1	80	0.0125000
NODE_6055_length_1031_cov_71.154506	669	749	21	1	80	0.0125000
NODE_6055_length_1031_cov_71.154506	669	749	24	1	80	0.0125000
NODE_6055_length_1031_cov_71.154506	669	749	25	3	80	0.0375000
NODE_6055_length_1031_cov_71.154506	669	749	26	41	80	0.5125000
NODE_6055_length_1031_cov_71.154506	669	749	28	13	80	0.1625000
NODE_6055_length_1031_cov_71.154506	669	749	34	1	80	0.0125000
NODE_6055_length_1031_cov_71.154506	669	749	38	2	80	0.0250000
NODE_6055_length_1031_cov_71.154506	669	749	43	1	80	0.0125000
NODE_6055_length_1031_cov_71.154506	669	749	44	6	80	0.0750000
NODE_6056_length_1031_cov_70.221030	409	489	4	43	80	0.5375000
NODE_6056_length_1031_cov_70.221030	409	489	6	35	80	0.4375000
NODE_6056_length_1031_cov_70.221030	409	489	10	2	80	0.0250000
NODE_6056_length_1031_cov_70.221030	462	542	4	32	80	0.4000000
NODE_6056_length_1031_cov_70.221030	462	542	6	42	80	0.5250000
NODE_6056_length_1031_cov_70.221030	462	542	10	6	80	0.0750000
NODE_6056_length_1031_cov_70.221030	538	618	1	10	80	0.1250000
NODE_6056_length_1031_cov_70.221030	538	618	3	1	80	0.0125000
NODE_6056_length_1031_cov_70.221030	538	618	4	7	80	0.0875000
NODE_6056_length_1031_cov_70.221030	538	618	6	33	80	0.4125000
NODE_6056_length_1031_cov_70.221030	538	618	7	29	80	0.3625000
NODE_6056_length_1031_cov_70.221030	591	671	1	13	80	0.1625000
NODE_6056_length_1031_cov_70.221030	591	671	2	10	80	0.1250000
NODE_6056_length_1031_cov_70.221030	591	671	3	1	80	0.0125000
NODE_6056_length_1031_cov_70.221030	591	671	4	40	80	0.5000000
NODE_6056_length_1031_cov_70.221030	591	671	7	16	80	0.2000000
NODE_6057_length_1031_cov_43.618026	462	542	0	80	80	1.0000000
NODE_6057_length_1031_cov_43.618026	515	595	0	80	80	1.0000000
NODE_6058_length_1031_cov_43.581545	303	383	0	51	80	0.6375000
NODE_6058_length_1031_cov_43.581545	303	383	4	29	80	0.3625000
NODE_6058_length_1031_cov_43.581545	356	436	0	32	80	0.4000000
NODE_6058_length_1031_cov_43.581545	356	436	2	28	80	0.3500000
NODE_6058_length_1031_cov_43.581545	356	436	16	20	80	0.2500000
NODE_6058_length_1031_cov_43.581545	432	512	16	21	80	0.2625000
NODE_6058_length_1031_cov_43.581545	432	512	19	6	80	0.0750000
NODE_6058_length_1031_cov_43.581545	432	512	20	1	80	0.0125000
NODE_6058_length_1031_cov_43.581545	432	512	21	1	80	0.0125000
NODE_6058_length_1031_cov_43.581545	432	512	22	3	80	0.0375000
NODE_6058_length_1031_cov_43.581545	432	512	23	14	80	0.1750000
NODE_6058_length_1031_cov_43.581545	432	512	24	5	80	0.0625000
NODE_6058_length_1031_cov_43.581545	432	512	26	4	80	0.0500000
NODE_6058_length_1031_cov_43.581545	432	512	27	1	80	0.0125000
NODE_6058_length_1031_cov_43.581545	432	512	28	1	80	0.0125000
NODE_6058_length_1031_cov_43.581545	432	512	29	10	80	0.1250000
NODE_6058_length_1031_cov_43.581545	432	512	31	13	80	0.1625000
NODE_6058_length_1031_cov_43.581545	485	565	17	1	80	0.0125000
NODE_6058_length_1031_cov_43.581545	485	565	18	33	80	0.4125000
NODE_6058_length_1031_cov_43.581545	485	565	19	25	80	0.3125000
NODE_6058_length_1031_cov_43.581545	485	565	20	1	80	0.0125000
NODE_6058_length_1031_cov_43.581545	485	565	21	1	80	0.0125000
NODE_6058_length_1031_cov_43.581545	485	565	22	3	80	0.0375000
NODE_6058_length_1031_cov_43.581545	485	565	23	14	80	0.1750000
NODE_6058_length_1031_cov_43.581545	485	565	24	2	80	0.0250000
NODE_6059_length_1031_cov_22.310086	382	462	0	63	80	0.7875000
NODE_6059_length_1031_cov_22.310086	382	462	2	17	80	0.2125000
NODE_6059_length_1031_cov_22.310086	435	515	0	10	80	0.1250000
NODE_6059_length_1031_cov_22.310086	435	515	2	70	80	0.8750000
NODE_6060_length_1031_cov_11.547210	481	561	0	67	80	0.8375000
NODE_6060_length_1031_cov_11.547210	481	561	2	13	80	0.1625000
NODE_6060_length_1031_cov_11.547210	534	614	0	14	80	0.1750000
NODE_6060_length_1031_cov_11.547210	534	614	2	66	80	0.8250000
NODE_6066_length_1030_cov_54.380236	363	443	0	55	80	0.6875000
NODE_6066_length_1030_cov_54.380236	363	443	2	25	80	0.3125000
NODE_6066_length_1030_cov_54.380236	416	496	0	8	80	0.1000000
NODE_6066_length_1030_cov_54.380236	416	496	2	31	80	0.3875000
NODE_6066_length_1030_cov_54.380236	416	496	4	1	80	0.0125000
NODE_6066_length_1030_cov_54.380236	416	496	5	40	80	0.5000000
NODE_6066_length_1030_cov_54.380236	492	572	3	27	80	0.3375000
NODE_6066_length_1030_cov_54.380236	492	572	5	13	80	0.1625000
NODE_6066_length_1030_cov_54.380236	492	572	7	11	80	0.1375000
NODE_6066_length_1030_cov_54.380236	492	572	8	29	80	0.3625000
NODE_6066_length_1030_cov_54.380236	545	625	4	38	80	0.4750000
NODE_6066_length_1030_cov_54.380236	545	625	8	42	80	0.5250000
NODE_6067_length_1030_cov_45.040816	334	414	6	80	80	1.0000000
NODE_6067_length_1030_cov_45.040816	387	467	0	26	80	0.3250000
NODE_6067_length_1030_cov_45.040816	387	467	6	54	80	0.6750000
NODE_6067_length_1030_cov_45.040816	463	543	0	19	80	0.2375000
NODE_6067_length_1030_cov_45.040816	463	543	1	20	80	0.2500000
NODE_6067_length_1030_cov_45.040816	463	543	3	28	80	0.3500000
NODE_6067_length_1030_cov_45.040816	463	543	5	13	80	0.1625000
NODE_6067_length_1030_cov_45.040816	516	596	3	34	80	0.4250000
NODE_6067_length_1030_cov_45.040816	516	596	4	9	80	0.1125000
NODE_6067_length_1030_cov_45.040816	516	596	5	37	80	0.4625000
NODE_6068_length_1030_cov_20.491944	511	591	0	13	80	0.1625000
NODE_6068_length_1030_cov_20.491944	511	591	2	67	80	0.8375000
NODE_6068_length_1030_cov_20.491944	564	644	0	38	80	0.4750000
NODE_6068_length_1030_cov_20.491944	564	644	2	42	80	0.5250000
NODE_6069_length_1030_cov_17.253491	524	604	0	12	80	0.1500000
NODE_6069_length_1030_cov_17.253491	524	604	4	68	80	0.8500000
NODE_6069_length_1030_cov_17.253491	577	657	0	65	80	0.8125000
NODE_6069_length_1030_cov_17.253491	577	657	4	15	80	0.1875000
NODE_6070_length_1030_cov_14.337272	564	644	0	19	80	0.2375000
NODE_6070_length_1030_cov_14.337272	564	644	4	61	80	0.7625000
NODE_6070_length_1030_cov_14.337272	617	697	0	72	80	0.9000000
NODE_6070_length_1030_cov_14.337272	617	697	4	8	80	0.1000000
NODE_6071_length_1030_cov_5.742213	474	554	0	80	80	1.0000000
NODE_6071_length_1030_cov_5.742213	527	607	0	80	80	1.0000000
NODE_6073_length_1030_cov_5.208378	978	1030	2	21	52	0.4038461
NODE_6073_length_1030_cov_5.208378	978	1030	4	20	52	0.3846154
NODE_6073_length_1030_cov_5.208378	978	1030	6	8	52	0.1538462
NODE_6073_length_1030_cov_5.208378	978	1030	9	3	52	0.0576923
NODE_6077_length_1030_cov_2.146079	979	1010	0	31	31	1.0000000
NODE_6083_length_1029_cov_236.527957	584	666	26	3	82	0.0365854
NODE_6083_length_1029_cov_236.527957	584	666	34	17	82	0.2073171
NODE_6083_length_1029_cov_236.527957	584	666	35	1	82	0.0121951
NODE_6083_length_1029_cov_236.527957	584	666	37	5	82	0.0609756
NODE_6083_length_1029_cov_236.527957	584	666	39	3	82	0.0365854
NODE_6083_length_1029_cov_236.527957	584	666	40	9	82	0.1097561
NODE_6083_length_1029_cov_236.527957	584	666	42	27	82	0.3292683
NODE_6083_length_1029_cov_236.527957	584	666	44	10	82	0.1219512
NODE_6083_length_1029_cov_236.527957	584	666	46	4	82	0.0487805
NODE_6083_length_1029_cov_236.527957	584	666	48	3	82	0.0365854
NODE_6083_length_1029_cov_236.527957	639	702	14	1	63	0.0158730
NODE_6083_length_1029_cov_236.527957	639	702	16	1	63	0.0158730
NODE_6083_length_1029_cov_236.527957	639	702	20	7	63	0.1111111
NODE_6083_length_1029_cov_236.527957	639	702	22	8	63	0.1269841
NODE_6083_length_1029_cov_236.527957	639	702	24	4	63	0.0634921
NODE_6083_length_1029_cov_236.527957	639	702	26	4	63	0.0634921
NODE_6083_length_1029_cov_236.527957	639	702	36	9	63	0.1428571
NODE_6083_length_1029_cov_236.527957	639	702	40	8	63	0.1269841
NODE_6083_length_1029_cov_236.527957	639	702	42	21	63	0.3333333
NODE_6084_length_1029_cov_41.650538	364	444	0	43	80	0.5375000
NODE_6084_length_1029_cov_41.650538	364	444	8	37	80	0.4625000
NODE_6084_length_1029_cov_41.650538	417	497	8	80	80	1.0000000
NODE_6084_length_1029_cov_41.650538	493	573	0	27	80	0.3375000
NODE_6084_length_1029_cov_41.650538	493	573	8	53	80	0.6625000
NODE_6084_length_1029_cov_41.650538	546	626	0	80	80	1.0000000
NODE_6085_length_1029_cov_34.940860	314	360	0	46	46	1.0000000
NODE_6085_length_1029_cov_34.940860	371	451	0	78	80	0.9750000
NODE_6085_length_1029_cov_34.940860	371	451	4	2	80	0.0250000
NODE_6085_length_1029_cov_34.940860	424	502	0	25	78	0.3205128
NODE_6085_length_1029_cov_34.940860	424	502	4	53	78	0.6794872
NODE_6086_length_1029_cov_28.752688	255	335	0	80	80	1.0000000
NODE_6086_length_1029_cov_28.752688	308	388	0	80	80	1.0000000
NODE_6086_length_1029_cov_28.752688	384	464	0	65	80	0.8125000
NODE_6086_length_1029_cov_28.752688	384	464	4	15	80	0.1875000
NODE_6086_length_1029_cov_28.752688	437	517	0	12	80	0.1500000
NODE_6086_length_1029_cov_28.752688	437	517	4	68	80	0.8500000
NODE_6087_length_1029_cov_28.523656	409	489	2	61	80	0.7625000
NODE_6087_length_1029_cov_28.523656	409	489	4	19	80	0.2375000
NODE_6087_length_1029_cov_28.523656	462	542	0	7	80	0.0875000
NODE_6087_length_1029_cov_28.523656	462	542	2	60	80	0.7500000
NODE_6087_length_1029_cov_28.523656	462	542	4	13	80	0.1625000
NODE_6088_length_1029_cov_28.283871	281	361	0	80	80	1.0000000
NODE_6088_length_1029_cov_28.283871	334	414	0	80	80	1.0000000
NODE_6088_length_1029_cov_28.283871	410	490	0	19	80	0.2375000
NODE_6088_length_1029_cov_28.283871	410	490	1	10	80	0.1250000
NODE_6088_length_1029_cov_28.283871	410	490	2	51	80	0.6375000
NODE_6088_length_1029_cov_28.283871	463	546	2	83	83	1.0000000
NODE_6089_length_1029_cov_26.883871	434	514	0	13	80	0.1625000
NODE_6089_length_1029_cov_26.883871	434	514	2	67	80	0.8375000
NODE_6089_length_1029_cov_26.883871	487	567	0	66	80	0.8250000
NODE_6089_length_1029_cov_26.883871	487	567	2	14	80	0.1750000
NODE_6090_length_1029_cov_23.552688	305	385	0	80	80	1.0000000
NODE_6090_length_1029_cov_23.552688	358	438	0	80	80	1.0000000
NODE_6090_length_1029_cov_23.552688	434	514	0	80	80	1.0000000
NODE_6090_length_1029_cov_23.552688	487	567	0	80	80	1.0000000
NODE_6091_length_1029_cov_22.520430	434	514	3	1	80	0.0125000
NODE_6091_length_1029_cov_22.520430	434	514	4	79	80	0.9875000
NODE_6091_length_1029_cov_22.520430	487	567	0	30	80	0.3750000
NODE_6091_length_1029_cov_22.520430	487	567	3	24	80	0.3000000
NODE_6091_length_1029_cov_22.520430	487	567	4	26	80	0.3250000
NODE_6092_length_1029_cov_21.924731	335	415	0	20	80	0.2500000
NODE_6092_length_1029_cov_21.924731	335	415	2	60	80	0.7500000
NODE_6092_length_1029_cov_21.924731	388	468	0	73	80	0.9125000
NODE_6092_length_1029_cov_21.924731	388	468	2	7	80	0.0875000
NODE_6093_length_1029_cov_17.101075	501	581	0	30	80	0.3750000
NODE_6093_length_1029_cov_17.101075	501	581	2	50	80	0.6250000
NODE_6093_length_1029_cov_17.101075	554	634	0	23	80	0.2875000
NODE_6093_length_1029_cov_17.101075	554	634	2	57	80	0.7125000
NODE_6093_length_1029_cov_17.101075	630	710	0	80	80	1.0000000
NODE_6093_length_1029_cov_17.101075	683	755	0	72	72	1.0000000
NODE_6094_length_1029_cov_14.052688	405	485	0	80	80	1.0000000
NODE_6094_length_1029_cov_14.052688	458	538	0	80	80	1.0000000
NODE_6095_length_1029_cov_11.119355	291	369	0	78	78	1.0000000
NODE_6095_length_1029_cov_11.119355	342	422	0	80	80	1.0000000
NODE_6097_length_1029_cov_3.850538	231	311	0	80	80	1.0000000
NODE_6097_length_1029_cov_3.850538	284	364	0	80	80	1.0000000
NODE_6104_length_1028_cov_19.625404	495	575	0	76	80	0.9500000
NODE_6104_length_1028_cov_19.625404	495	575	2	4	80	0.0500000
NODE_6104_length_1028_cov_19.625404	548	628	0	23	80	0.2875000
NODE_6104_length_1028_cov_19.625404	548	628	2	57	80	0.7125000
NODE_6105_length_1028_cov_17.497309	533	613	0	80	80	1.0000000
NODE_6105_length_1028_cov_17.497309	586	666	0	80	80	1.0000000
NODE_6106_length_1028_cov_16.528525	497	577	0	80	80	1.0000000
NODE_6106_length_1028_cov_16.528525	550	630	0	80	80	1.0000000
NODE_6107_length_1028_cov_10.212056	463	543	0	76	80	0.9500000
NODE_6107_length_1028_cov_10.212056	463	543	2	4	80	0.0500000
NODE_6107_length_1028_cov_10.212056	516	596	0	80	80	1.0000000
NODE_6108_length_1028_cov_10.131324	399	479	0	42	80	0.5250000
NODE_6108_length_1028_cov_10.131324	399	479	1	3	80	0.0375000
NODE_6108_length_1028_cov_10.131324	399	479	2	35	80	0.4375000
NODE_6108_length_1028_cov_10.131324	452	532	0	80	80	1.0000000
NODE_6109_length_1028_cov_9.773950	482	562	0	80	80	1.0000000
NODE_6109_length_1028_cov_9.773950	535	615	0	80	80	1.0000000
NODE_6110_length_1028_cov_8.079656	399	479	0	45	80	0.5625000
NODE_6110_length_1028_cov_8.079656	399	479	2	15	80	0.1875000
NODE_6110_length_1028_cov_8.079656	399	479	4	20	80	0.2500000
NODE_6110_length_1028_cov_8.079656	452	532	0	80	80	1.0000000
NODE_6111_length_1028_cov_7.092573	439	519	6	35	80	0.4375000
NODE_6111_length_1028_cov_7.092573	439	519	10	45	80	0.5625000
NODE_6111_length_1028_cov_7.092573	492	572	0	28	80	0.3500000
NODE_6111_length_1028_cov_7.092573	492	572	6	52	80	0.6500000
NODE_6112_length_1028_cov_4.727664	416	488	0	72	72	1.0000000
NODE_6112_length_1028_cov_4.727664	461	541	0	80	80	1.0000000
NODE_6125_length_1027_cov_51.341595	399	479	0	80	80	1.0000000
NODE_6125_length_1027_cov_51.341595	452	532	0	80	80	1.0000000
NODE_6125_length_1027_cov_51.341595	528	608	0	80	80	1.0000000
NODE_6125_length_1027_cov_51.341595	581	661	0	80	80	1.0000000
NODE_6126_length_1027_cov_45.613147	347	427	0	62	80	0.7750000
NODE_6126_length_1027_cov_45.613147	347	427	2	18	80	0.2250000
NODE_6126_length_1027_cov_45.613147	400	480	0	48	80	0.6000000
NODE_6126_length_1027_cov_45.613147	400	480	2	32	80	0.4000000
NODE_6126_length_1027_cov_45.613147	476	556	2	79	80	0.9875000
NODE_6126_length_1027_cov_45.613147	476	556	6	1	80	0.0125000
NODE_6126_length_1027_cov_45.613147	529	609	2	26	80	0.3250000
NODE_6126_length_1027_cov_45.613147	529	609	6	18	80	0.2250000
NODE_6126_length_1027_cov_45.613147	529	609	8	36	80	0.4500000
NODE_6127_length_1027_cov_35.435345	431	511	20	22	80	0.2750000
NODE_6127_length_1027_cov_35.435345	431	511	26	9	80	0.1125000
NODE_6127_length_1027_cov_35.435345	431	511	30	42	80	0.5250000
NODE_6127_length_1027_cov_35.435345	431	511	32	7	80	0.0875000
NODE_6127_length_1027_cov_35.435345	484	564	2	12	80	0.1500000
NODE_6127_length_1027_cov_35.435345	484	564	8	11	80	0.1375000
NODE_6127_length_1027_cov_35.435345	484	564	12	15	80	0.1875000
NODE_6127_length_1027_cov_35.435345	484	564	16	8	80	0.1000000
NODE_6127_length_1027_cov_35.435345	484	564	30	27	80	0.3375000
NODE_6127_length_1027_cov_35.435345	484	564	32	7	80	0.0875000
NODE_6135_length_1026_cov_39.737864	374	454	0	80	80	1.0000000
NODE_6135_length_1026_cov_39.737864	427	509	0	82	82	1.0000000
NODE_6135_length_1026_cov_39.737864	505	585	0	80	80	1.0000000
NODE_6135_length_1026_cov_39.737864	558	638	0	80	80	1.0000000
NODE_6136_length_1026_cov_26.400216	423	503	0	80	80	1.0000000
NODE_6136_length_1026_cov_26.400216	476	556	0	80	80	1.0000000
NODE_6137_length_1026_cov_25.325782	477	557	0	80	80	1.0000000
NODE_6137_length_1026_cov_25.325782	530	610	0	80	80	1.0000000
NODE_6137_length_1026_cov_25.325782	606	686	0	11	80	0.1375000
NODE_6137_length_1026_cov_25.325782	606	686	2	69	80	0.8625000
NODE_6137_length_1026_cov_25.325782	659	739	0	41	80	0.5125000
NODE_6137_length_1026_cov_25.325782	659	739	2	39	80	0.4875000
NODE_6138_length_1026_cov_22.218986	408	488	0	57	80	0.7125000
NODE_6138_length_1026_cov_22.218986	408	488	2	23	80	0.2875000
NODE_6138_length_1026_cov_22.218986	461	541	0	80	80	1.0000000
NODE_6138_length_1026_cov_22.218986	537	617	0	80	80	1.0000000
NODE_6138_length_1026_cov_22.218986	590	670	0	80	80	1.0000000
NODE_6139_length_1026_cov_15.640777	450	530	0	80	80	1.0000000
NODE_6139_length_1026_cov_15.640777	503	583	0	80	80	1.0000000
NODE_6140_length_1026_cov_12.062567	165	245	2	3	80	0.0375000
NODE_6140_length_1026_cov_12.062567	165	245	4	59	80	0.7375000
NODE_6140_length_1026_cov_12.062567	165	245	6	6	80	0.0750000
NODE_6140_length_1026_cov_12.062567	165	245	8	12	80	0.1500000
NODE_6140_length_1026_cov_12.062567	218	298	2	3	80	0.0375000
NODE_6140_length_1026_cov_12.062567	218	298	4	6	80	0.0750000
NODE_6140_length_1026_cov_12.062567	218	298	6	59	80	0.7375000
NODE_6140_length_1026_cov_12.062567	218	298	8	12	80	0.1500000
NODE_6142_length_1026_cov_5.002157	335	415	0	80	80	1.0000000
NODE_6142_length_1026_cov_5.002157	388	468	0	80	80	1.0000000
NODE_6155_length_1025_cov_52.053996	366	446	0	47	80	0.5875000
NODE_6155_length_1025_cov_52.053996	366	446	2	33	80	0.4125000
NODE_6155_length_1025_cov_52.053996	419	499	0	1	80	0.0125000
NODE_6155_length_1025_cov_52.053996	419	499	2	79	80	0.9875000
NODE_6155_length_1025_cov_52.053996	495	575	0	8	80	0.1000000
NODE_6155_length_1025_cov_52.053996	495	575	2	11	80	0.1375000
NODE_6155_length_1025_cov_52.053996	495	575	4	2	80	0.0250000
NODE_6155_length_1025_cov_52.053996	495	575	6	47	80	0.5875000
NODE_6155_length_1025_cov_52.053996	495	575	8	12	80	0.1500000
NODE_6155_length_1025_cov_52.053996	548	628	4	7	80	0.0875000
NODE_6155_length_1025_cov_52.053996	548	628	6	28	80	0.3500000
NODE_6155_length_1025_cov_52.053996	548	628	8	45	80	0.5625000
NODE_6156_length_1025_cov_35.980562	318	375	0	44	57	0.7719298
NODE_6156_length_1025_cov_35.980562	318	375	6	13	57	0.2280702
NODE_6156_length_1025_cov_35.980562	348	428	0	14	80	0.1750000
NODE_6156_length_1025_cov_35.980562	348	428	6	46	80	0.5750000
NODE_6156_length_1025_cov_35.980562	348	428	8	10	80	0.1250000
NODE_6156_length_1025_cov_35.980562	348	428	10	10	80	0.1250000
NODE_6156_length_1025_cov_35.980562	425	482	10	57	57	1.0000000
NODE_6156_length_1025_cov_35.980562	455	521	0	16	66	0.2424242
NODE_6156_length_1025_cov_35.980562	455	521	2	10	66	0.1515152
NODE_6156_length_1025_cov_35.980562	455	521	8	4	66	0.0606061
NODE_6156_length_1025_cov_35.980562	455	521	10	36	66	0.5454546
NODE_6157_length_1025_cov_26.954644	607	687	2	18	80	0.2250000
NODE_6157_length_1025_cov_26.954644	607	687	4	10	80	0.1250000
NODE_6157_length_1025_cov_26.954644	607	687	8	52	80	0.6500000
NODE_6157_length_1025_cov_26.954644	660	740	3	22	80	0.2750000
NODE_6157_length_1025_cov_26.954644	660	740	5	4	80	0.0500000
NODE_6157_length_1025_cov_26.954644	660	740	6	18	80	0.2250000
NODE_6157_length_1025_cov_26.954644	660	740	8	36	80	0.4500000
NODE_6158_length_1025_cov_20.576674	428	508	0	80	80	1.0000000
NODE_6158_length_1025_cov_20.576674	481	561	0	80	80	1.0000000
NODE_6159_length_1025_cov_15.525918	415	495	0	80	80	1.0000000
NODE_6159_length_1025_cov_15.525918	468	548	0	80	80	1.0000000
NODE_6160_length_1025_cov_7.044276	240	320	0	58	80	0.7250000
NODE_6160_length_1025_cov_7.044276	240	320	4	22	80	0.2750000
NODE_6161_length_1025_cov_6.688985	334	414	0	21	80	0.2625000
NODE_6161_length_1025_cov_6.688985	334	414	4	59	80	0.7375000
NODE_6161_length_1025_cov_6.688985	387	467	0	33	80	0.4125000
NODE_6161_length_1025_cov_6.688985	387	467	4	47	80	0.5875000
NODE_6170_length_1024_cov_28.681081	264	344	0	80	80	1.0000000
NODE_6170_length_1024_cov_28.681081	317	397	0	80	80	1.0000000
NODE_6170_length_1024_cov_28.681081	393	477	0	84	84	1.0000000
NODE_6171_length_1024_cov_17.922162	324	404	2	65	80	0.8125000
NODE_6171_length_1024_cov_17.922162	324	404	4	15	80	0.1875000
NODE_6171_length_1024_cov_17.922162	377	457	2	30	80	0.3750000
NODE_6171_length_1024_cov_17.922162	377	457	4	50	80	0.6250000
NODE_6173_length_1024_cov_12.018378	368	448	2	53	80	0.6625000
NODE_6173_length_1024_cov_12.018378	368	448	6	27	80	0.3375000
NODE_6173_length_1024_cov_12.018378	421	501	4	40	80	0.5000000
NODE_6173_length_1024_cov_12.018378	421	501	6	40	80	0.5000000
NODE_6174_length_1024_cov_8.800000	517	597	0	21	80	0.2625000
NODE_6174_length_1024_cov_8.800000	517	597	2	1	80	0.0125000
NODE_6174_length_1024_cov_8.800000	517	597	4	5	80	0.0625000
NODE_6174_length_1024_cov_8.800000	517	597	8	53	80	0.6625000
NODE_6174_length_1024_cov_8.800000	570	650	8	44	80	0.5500000
NODE_6174_length_1024_cov_8.800000	570	650	10	23	80	0.2875000
NODE_6174_length_1024_cov_8.800000	570	650	12	7	80	0.0875000
NODE_6174_length_1024_cov_8.800000	570	650	14	6	80	0.0750000
NODE_6175_length_1024_cov_6.207568	318	398	0	80	80	1.0000000
NODE_6175_length_1024_cov_6.207568	371	451	0	80	80	1.0000000
NODE_6178_length_1024_cov_2.468108	274	324	0	50	50	1.0000000
NODE_6178_length_1024_cov_2.468108	274	322	0	48	48	1.0000000
NODE_6178_length_1024_cov_2.468108	274	324	0	50	50	1.0000000
NODE_6178_length_1024_cov_2.468108	274	323	0	49	49	1.0000000
NODE_6178_length_1024_cov_2.468108	274	322	0	48	48	1.0000000
NODE_6185_length_1023_cov_100.366883	441	521	0	80	80	1.0000000
NODE_6185_length_1023_cov_100.366883	494	574	0	46	80	0.5750000
NODE_6185_length_1023_cov_100.366883	494	574	2	34	80	0.4250000
NODE_6186_length_1023_cov_64.271645	349	429	1	80	80	1.0000000
NODE_6186_length_1023_cov_64.271645	402	482	0	28	80	0.3500000
NODE_6186_length_1023_cov_64.271645	402	482	1	52	80	0.6500000
NODE_6186_length_1023_cov_64.271645	478	558	0	51	80	0.6375000
NODE_6186_length_1023_cov_64.271645	478	558	2	29	80	0.3625000
NODE_6186_length_1023_cov_64.271645	531	611	2	70	80	0.8750000
NODE_6186_length_1023_cov_64.271645	531	611	4	10	80	0.1250000
NODE_6187_length_1023_cov_32.695887	318	398	0	9	80	0.1125000
NODE_6187_length_1023_cov_32.695887	318	398	2	71	80	0.8875000
NODE_6187_length_1023_cov_32.695887	371	451	0	62	80	0.7750000
NODE_6187_length_1023_cov_32.695887	371	451	2	18	80	0.2250000
NODE_6187_length_1023_cov_32.695887	447	527	0	80	80	1.0000000
NODE_6187_length_1023_cov_32.695887	500	580	0	80	80	1.0000000
NODE_6188_length_1023_cov_16.244589	601	681	0	80	80	1.0000000
NODE_6188_length_1023_cov_16.244589	654	734	0	80	80	1.0000000
NODE_6189_length_1023_cov_15.876623	371	451	0	76	80	0.9500000
NODE_6189_length_1023_cov_15.876623	371	451	2	4	80	0.0500000
NODE_6189_length_1023_cov_15.876623	424	504	0	80	80	1.0000000
NODE_6189_length_1023_cov_15.876623	500	580	0	45	80	0.5625000
NODE_6189_length_1023_cov_15.876623	500	580	2	35	80	0.4375000
NODE_6189_length_1023_cov_15.876623	553	633	2	80	80	1.0000000
NODE_6190_length_1023_cov_14.678571	555	635	0	80	80	1.0000000
NODE_6190_length_1023_cov_14.678571	608	688	0	80	80	1.0000000
NODE_6191_length_1023_cov_14.443723	406	486	6	61	80	0.7625000
NODE_6191_length_1023_cov_14.443723	406	486	8	19	80	0.2375000
NODE_6191_length_1023_cov_14.443723	459	539	0	35	80	0.4375000
NODE_6191_length_1023_cov_14.443723	459	539	2	8	80	0.1000000
NODE_6191_length_1023_cov_14.443723	459	539	4	7	80	0.0875000
NODE_6191_length_1023_cov_14.443723	459	539	6	30	80	0.3750000
NODE_6192_length_1023_cov_10.984848	590	670	4	21	80	0.2625000
NODE_6192_length_1023_cov_10.984848	590	670	6	23	80	0.2875000
NODE_6192_length_1023_cov_10.984848	590	670	8	25	80	0.3125000
NODE_6192_length_1023_cov_10.984848	590	670	10	11	80	0.1375000
NODE_6192_length_1023_cov_10.984848	643	723	6	37	80	0.4625000
NODE_6192_length_1023_cov_10.984848	643	723	8	32	80	0.4000000
NODE_6192_length_1023_cov_10.984848	643	723	10	11	80	0.1375000
NODE_6202_length_1022_cov_42.952329	555	636	0	81	81	1.0000000
NODE_6202_length_1022_cov_42.952329	609	689	0	80	80	1.0000000
NODE_6202_length_1022_cov_42.952329	685	765	0	14	80	0.1750000
NODE_6202_length_1022_cov_42.952329	685	765	2	66	80	0.8250000
NODE_6202_length_1022_cov_42.952329	738	818	0	35	80	0.4375000
NODE_6202_length_1022_cov_42.952329	738	818	2	45	80	0.5625000
NODE_6203_length_1022_cov_29.949079	510	590	0	18	80	0.2250000
NODE_6203_length_1022_cov_29.949079	510	590	2	62	80	0.7750000
NODE_6203_length_1022_cov_29.949079	563	643	0	71	80	0.8875000
NODE_6203_length_1022_cov_29.949079	563	643	2	9	80	0.1125000
NODE_6204_length_1022_cov_7.672806	461	541	0	23	80	0.2875000
NODE_6204_length_1022_cov_7.672806	461	541	4	5	80	0.0625000
NODE_6204_length_1022_cov_7.672806	461	541	6	25	80	0.3125000
NODE_6204_length_1022_cov_7.672806	461	541	10	27	80	0.3375000
NODE_6204_length_1022_cov_7.672806	514	594	0	13	80	0.1625000
NODE_6204_length_1022_cov_7.672806	514	594	4	13	80	0.1625000
NODE_6204_length_1022_cov_7.672806	514	594	8	1	80	0.0125000
NODE_6204_length_1022_cov_7.672806	514	594	10	53	80	0.6625000
NODE_6213_length_1021_cov_47.379610	341	421	2	80	80	1.0000000
NODE_6213_length_1021_cov_47.379610	394	474	0	35	80	0.4375000
NODE_6213_length_1021_cov_47.379610	394	474	2	45	80	0.5625000
NODE_6213_length_1021_cov_47.379610	470	550	0	80	80	1.0000000
NODE_6213_length_1021_cov_47.379610	523	603	0	80	80	1.0000000
NODE_6214_length_1021_cov_33.255965	588	668	0	25	80	0.3125000
NODE_6214_length_1021_cov_33.255965	588	668	2	35	80	0.4375000
NODE_6214_length_1021_cov_33.255965	588	668	4	20	80	0.2500000
NODE_6214_length_1021_cov_33.255965	641	721	0	78	80	0.9750000
NODE_6214_length_1021_cov_33.255965	641	721	2	2	80	0.0250000
NODE_6227_length_1020_cov_24.565689	485	565	0	1	80	0.0125000
NODE_6227_length_1020_cov_24.565689	485	565	2	36	80	0.4500000
NODE_6227_length_1020_cov_24.565689	485	565	4	1	80	0.0125000
NODE_6227_length_1020_cov_24.565689	485	565	6	30	80	0.3750000
NODE_6227_length_1020_cov_24.565689	485	565	9	12	80	0.1500000
NODE_6227_length_1020_cov_24.565689	538	618	0	3	80	0.0375000
NODE_6227_length_1020_cov_24.565689	538	618	6	15	80	0.1875000
NODE_6227_length_1020_cov_24.565689	538	618	9	13	80	0.1625000
NODE_6227_length_1020_cov_24.565689	538	618	10	1	80	0.0125000
NODE_6227_length_1020_cov_24.565689	538	618	12	48	80	0.6000000
NODE_6228_length_1020_cov_20.825190	395	475	0	20	80	0.2500000
NODE_6228_length_1020_cov_20.825190	395	475	2	60	80	0.7500000
NODE_6228_length_1020_cov_20.825190	448	528	0	73	80	0.9125000
NODE_6228_length_1020_cov_20.825190	448	528	2	7	80	0.0875000
NODE_6229_length_1020_cov_20.305103	285	365	0	32	80	0.4000000
NODE_6229_length_1020_cov_20.305103	285	365	6	48	80	0.6000000
NODE_6229_length_1020_cov_20.305103	338	418	6	80	80	1.0000000
NODE_6229_length_1020_cov_20.305103	414	494	0	47	80	0.5875000
NODE_6229_length_1020_cov_20.305103	414	494	5	1	80	0.0125000
NODE_6229_length_1020_cov_20.305103	414	494	6	32	80	0.4000000
NODE_6229_length_1020_cov_20.305103	467	548	0	37	81	0.4567901
NODE_6229_length_1020_cov_20.305103	467	548	2	44	81	0.5432099
NODE_6230_length_1020_cov_17.919653	408	488	0	80	80	1.0000000
NODE_6230_length_1020_cov_17.919653	461	541	0	80	80	1.0000000
NODE_6231_length_1020_cov_13.972856	436	516	0	80	80	1.0000000
NODE_6231_length_1020_cov_13.972856	489	569	0	80	80	1.0000000
NODE_6232_length_1020_cov_10.472313	407	487	0	64	80	0.8000000
NODE_6232_length_1020_cov_10.472313	407	487	2	16	80	0.2000000
NODE_6232_length_1020_cov_10.472313	460	540	0	31	80	0.3875000
NODE_6232_length_1020_cov_10.472313	460	540	2	49	80	0.6125000
NODE_6235_length_1020_cov_3.707926	821	901	0	31	80	0.3875000
NODE_6235_length_1020_cov_3.707926	821	901	2	49	80	0.6125000
NODE_6235_length_1020_cov_3.707926	874	954	0	24	80	0.3000000
NODE_6235_length_1020_cov_3.707926	874	954	2	56	80	0.7000000
NODE_6238_length_1020_cov_2.648208	0	70	0	70	70	1.0000000
NODE_6238_length_1020_cov_2.648208	43	88	0	45	45	1.0000000
NODE_6248_length_1019_cov_30.164130	476	556	4	48	80	0.6000000
NODE_6248_length_1019_cov_30.164130	476	556	8	32	80	0.4000000
NODE_6248_length_1019_cov_30.164130	529	609	3	26	80	0.3250000
NODE_6248_length_1019_cov_30.164130	529	609	4	22	80	0.2750000
NODE_6248_length_1019_cov_30.164130	529	609	7	1	80	0.0125000
NODE_6248_length_1019_cov_30.164130	529	609	8	31	80	0.3875000
NODE_6248_length_1019_cov_30.164130	605	685	0	18	80	0.2250000
NODE_6248_length_1019_cov_30.164130	605	685	1	38	80	0.4750000
NODE_6248_length_1019_cov_30.164130	605	685	3	24	80	0.3000000
NODE_6248_length_1019_cov_30.164130	658	738	1	52	80	0.6500000
NODE_6248_length_1019_cov_30.164130	658	738	2	28	80	0.3500000
NODE_6249_length_1019_cov_22.845652	343	423	0	80	80	1.0000000
NODE_6249_length_1019_cov_22.845652	396	476	0	80	80	1.0000000
NODE_6249_length_1019_cov_22.845652	472	552	0	80	80	1.0000000
NODE_6249_length_1019_cov_22.845652	525	605	0	80	80	1.0000000
NODE_6250_length_1019_cov_8.098913	523	601	0	41	78	0.5256410
NODE_6250_length_1019_cov_8.098913	523	601	1	9	78	0.1153846
NODE_6250_length_1019_cov_8.098913	523	601	2	28	78	0.3589744
NODE_6250_length_1019_cov_8.098913	574	654	0	80	80	1.0000000
NODE_6251_length_1019_cov_7.896739	423	503	0	58	80	0.7250000
NODE_6251_length_1019_cov_7.896739	423	503	2	22	80	0.2750000
NODE_6251_length_1019_cov_7.896739	476	556	0	5	80	0.0625000
NODE_6251_length_1019_cov_7.896739	476	556	2	75	80	0.9375000
NODE_6252_length_1019_cov_4.597826	625	696	2	7	71	0.0985916
NODE_6252_length_1019_cov_4.597826	625	696	7	21	71	0.2957746
NODE_6252_length_1019_cov_4.597826	625	696	8	2	71	0.0281690
NODE_6252_length_1019_cov_4.597826	625	696	16	2	71	0.0281690
NODE_6252_length_1019_cov_4.597826	625	696	18	29	71	0.4084507
NODE_6252_length_1019_cov_4.597826	625	696	20	10	71	0.1408451
NODE_6263_length_1019_cov_1.139130	89	165	13	4	76	0.0526316
NODE_6263_length_1019_cov_1.139130	89	165	14	9	76	0.1184211
NODE_6263_length_1019_cov_1.139130	89	165	16	13	76	0.1710526
NODE_6263_length_1019_cov_1.139130	89	165	17	2	76	0.0263158
NODE_6263_length_1019_cov_1.139130	89	165	18	3	76	0.0394737
NODE_6263_length_1019_cov_1.139130	89	165	20	16	76	0.2105263
NODE_6263_length_1019_cov_1.139130	89	165	21	10	76	0.1315790
NODE_6263_length_1019_cov_1.139130	89	165	22	4	76	0.0526316
NODE_6263_length_1019_cov_1.139130	89	165	23	12	76	0.1578947
NODE_6263_length_1019_cov_1.139130	89	165	24	3	76	0.0394737
NODE_6265_length_1018_cov_33.494015	212	292	0	6	80	0.0750000
NODE_6265_length_1018_cov_33.494015	212	292	4	1	80	0.0125000
NODE_6265_length_1018_cov_33.494015	212	292	6	1	80	0.0125000
NODE_6265_length_1018_cov_33.494015	212	292	10	1	80	0.0125000
NODE_6265_length_1018_cov_33.494015	212	292	18	6	80	0.0750000
NODE_6265_length_1018_cov_33.494015	212	292	20	34	80	0.4250000
NODE_6265_length_1018_cov_33.494015	212	292	22	11	80	0.1375000
NODE_6265_length_1018_cov_33.494015	212	292	24	20	80	0.2500000
NODE_6265_length_1018_cov_33.494015	265	345	0	59	80	0.7375000
NODE_6265_length_1018_cov_33.494015	265	345	4	1	80	0.0125000
NODE_6265_length_1018_cov_33.494015	265	345	6	1	80	0.0125000
NODE_6265_length_1018_cov_33.494015	265	345	10	1	80	0.0125000
NODE_6265_length_1018_cov_33.494015	265	345	20	14	80	0.1750000
NODE_6265_length_1018_cov_33.494015	265	345	22	4	80	0.0500000
NODE_6266_length_1018_cov_22.776931	372	452	0	38	80	0.4750000
NODE_6266_length_1018_cov_22.776931	372	452	2	42	80	0.5250000
NODE_6266_length_1018_cov_22.776931	425	505	2	62	80	0.7750000
NODE_6266_length_1018_cov_22.776931	425	505	4	17	80	0.2125000
NODE_6266_length_1018_cov_22.776931	425	505	6	1	80	0.0125000
NODE_6268_length_1018_cov_8.486398	404	484	0	80	80	1.0000000
NODE_6268_length_1018_cov_8.486398	457	537	0	80	80	1.0000000
NODE_6270_length_1018_cov_7.737758	357	437	0	41	80	0.5125000
NODE_6270_length_1018_cov_7.737758	357	437	2	39	80	0.4875000
NODE_6270_length_1018_cov_7.737758	410	490	2	80	80	1.0000000
NODE_6286_length_1017_cov_207.523965	0	41	6	1	41	0.0243902
NODE_6286_length_1017_cov_207.523965	0	41	12	1	41	0.0243902
NODE_6286_length_1017_cov_207.523965	0	41	14	7	41	0.1707317
NODE_6286_length_1017_cov_207.523965	0	41	16	13	41	0.3170732
NODE_6286_length_1017_cov_207.523965	0	41	18	8	41	0.1951219
NODE_6286_length_1017_cov_207.523965	0	41	19	1	41	0.0243902
NODE_6286_length_1017_cov_207.523965	0	41	20	3	41	0.0731707
NODE_6286_length_1017_cov_207.523965	0	41	28	7	41	0.1707317
NODE_6286_length_1017_cov_207.523965	14	94	16	8	80	0.1000000
NODE_6286_length_1017_cov_207.523965	14	94	18	8	80	0.1000000
NODE_6286_length_1017_cov_207.523965	14	94	19	1	80	0.0125000
NODE_6286_length_1017_cov_207.523965	14	94	20	3	80	0.0375000
NODE_6286_length_1017_cov_207.523965	14	94	28	11	80	0.1375000
NODE_6286_length_1017_cov_207.523965	14	94	32	6	80	0.0750000
NODE_6286_length_1017_cov_207.523965	14	94	34	5	80	0.0625000
NODE_6286_length_1017_cov_207.523965	14	94	36	6	80	0.0750000
NODE_6286_length_1017_cov_207.523965	14	94	40	2	80	0.0250000
NODE_6286_length_1017_cov_207.523965	14	94	41	1	80	0.0125000
NODE_6286_length_1017_cov_207.523965	14	94	42	23	80	0.2875000
NODE_6286_length_1017_cov_207.523965	14	94	44	4	80	0.0500000
NODE_6286_length_1017_cov_207.523965	14	94	46	2	80	0.0250000
NODE_6287_length_1017_cov_18.824619	490	570	0	13	80	0.1625000
NODE_6287_length_1017_cov_18.824619	490	570	4	67	80	0.8375000
NODE_6287_length_1017_cov_18.824619	543	623	0	66	80	0.8250000
NODE_6287_length_1017_cov_18.824619	543	623	4	14	80	0.1750000
NODE_6288_length_1017_cov_14.794118	428	508	0	80	80	1.0000000
NODE_6288_length_1017_cov_14.794118	481	561	0	80	80	1.0000000
NODE_6288_length_1017_cov_14.794118	557	637	0	80	80	1.0000000
NODE_6288_length_1017_cov_14.794118	610	690	0	80	80	1.0000000
NODE_6297_length_1016_cov_22.267176	577	657	0	80	80	1.0000000
NODE_6297_length_1016_cov_22.267176	630	710	0	80	80	1.0000000
NODE_6298_length_1016_cov_21.134133	625	705	2	8	80	0.1000000
NODE_6298_length_1016_cov_21.134133	625	705	4	69	80	0.8625000
NODE_6298_length_1016_cov_21.134133	625	705	6	3	80	0.0375000
NODE_6298_length_1016_cov_21.134133	678	758	0	51	80	0.6375000
NODE_6298_length_1016_cov_21.134133	678	758	2	10	80	0.1250000
NODE_6298_length_1016_cov_21.134133	678	758	4	19	80	0.2375000
NODE_6299_length_1016_cov_20.392585	504	584	0	52	80	0.6500000
NODE_6299_length_1016_cov_20.392585	504	584	2	28	80	0.3500000
NODE_6299_length_1016_cov_20.392585	557	637	0	80	80	1.0000000
NODE_6299_length_1016_cov_20.392585	633	713	0	73	80	0.9125000
NODE_6299_length_1016_cov_20.392585	633	713	2	7	80	0.0875000
NODE_6299_length_1016_cov_20.392585	686	766	0	20	80	0.2500000
NODE_6299_length_1016_cov_20.392585	686	766	2	60	80	0.7500000
NODE_6300_length_1016_cov_16.917121	524	604	0	18	80	0.2250000
NODE_6300_length_1016_cov_16.917121	524	604	2	51	80	0.6375000
NODE_6300_length_1016_cov_16.917121	524	604	6	11	80	0.1375000
NODE_6300_length_1016_cov_16.917121	577	657	2	16	80	0.2000000
NODE_6300_length_1016_cov_16.917121	577	657	4	1	80	0.0125000
NODE_6300_length_1016_cov_16.917121	577	657	6	63	80	0.7875000
NODE_6301_length_1016_cov_8.243184	438	518	0	7	80	0.0875000
NODE_6301_length_1016_cov_8.243184	438	518	2	73	80	0.9125000
NODE_6301_length_1016_cov_8.243184	491	571	0	60	80	0.7500000
NODE_6301_length_1016_cov_8.243184	491	571	2	20	80	0.2500000
NODE_6301_length_1016_cov_8.243184	567	647	0	80	80	1.0000000
NODE_6301_length_1016_cov_8.243184	620	700	0	80	80	1.0000000
NODE_6302_length_1016_cov_8.141767	166	256	4	1	90	0.0111111
NODE_6302_length_1016_cov_8.141767	166	256	10	4	90	0.0444444
NODE_6302_length_1016_cov_8.141767	166	256	12	3	90	0.0333333
NODE_6302_length_1016_cov_8.141767	166	256	14	1	90	0.0111111
NODE_6302_length_1016_cov_8.141767	166	256	16	6	90	0.0666667
NODE_6302_length_1016_cov_8.141767	166	256	17	2	90	0.0222222
NODE_6302_length_1016_cov_8.141767	166	256	21	8	90	0.0888889
NODE_6302_length_1016_cov_8.141767	166	256	23	34	90	0.3777778
NODE_6302_length_1016_cov_8.141767	166	256	24	24	90	0.2666667
NODE_6302_length_1016_cov_8.141767	166	256	26	1	90	0.0111111
NODE_6302_length_1016_cov_8.141767	166	256	28	6	90	0.0666667
NODE_6303_length_1016_cov_7.466739	576	656	0	80	80	1.0000000
NODE_6303_length_1016_cov_7.466739	629	709	0	80	80	1.0000000
NODE_6318_length_1015_cov_24.680131	459	539	0	52	80	0.6500000
NODE_6318_length_1015_cov_24.680131	459	539	2	28	80	0.3500000
NODE_6318_length_1015_cov_24.680131	512	592	0	80	80	1.0000000
NODE_6318_length_1015_cov_24.680131	588	668	0	28	80	0.3500000
NODE_6318_length_1015_cov_24.680131	588	668	12	6	80	0.0750000
NODE_6318_length_1015_cov_24.680131	588	668	14	6	80	0.0750000
NODE_6318_length_1015_cov_24.680131	588	668	16	40	80	0.5000000
NODE_6318_length_1015_cov_24.680131	641	721	10	1	80	0.0125000
NODE_6318_length_1015_cov_24.680131	641	721	12	20	80	0.2500000
NODE_6318_length_1015_cov_24.680131	641	721	14	5	80	0.0625000
NODE_6318_length_1015_cov_24.680131	641	721	16	54	80	0.6750000
NODE_6319_length_1015_cov_23.198690	407	487	2	16	80	0.2000000
NODE_6319_length_1015_cov_23.198690	407	487	9	64	80	0.8000000
NODE_6319_length_1015_cov_23.198690	460	540	0	45	80	0.5625000
NODE_6319_length_1015_cov_23.198690	460	540	9	35	80	0.4375000
NODE_6319_length_1015_cov_23.198690	536	616	0	80	80	1.0000000
NODE_6319_length_1015_cov_23.198690	589	669	0	80	80	1.0000000
NODE_6320_length_1015_cov_22.544760	490	570	0	80	80	1.0000000
NODE_6320_length_1015_cov_22.544760	543	623	0	80	80	1.0000000
NODE_6321_length_1015_cov_17.994541	510	590	4	40	80	0.5000000
NODE_6321_length_1015_cov_17.994541	510	590	6	17	80	0.2125000
NODE_6321_length_1015_cov_17.994541	510	590	10	3	80	0.0375000
NODE_6321_length_1015_cov_17.994541	510	590	12	9	80	0.1125000
NODE_6321_length_1015_cov_17.994541	510	590	16	11	80	0.1375000
NODE_6321_length_1015_cov_17.994541	563	643	6	4	80	0.0500000
NODE_6321_length_1015_cov_17.994541	563	643	10	36	80	0.4500000
NODE_6321_length_1015_cov_17.994541	563	643	12	9	80	0.1125000
NODE_6321_length_1015_cov_17.994541	563	643	14	6	80	0.0750000
NODE_6321_length_1015_cov_17.994541	563	643	16	25	80	0.3125000
NODE_6322_length_1015_cov_16.594978	437	517	0	80	80	1.0000000
NODE_6322_length_1015_cov_16.594978	490	570	0	80	80	1.0000000
NODE_6323_length_1015_cov_14.000000	505	585	0	16	80	0.2000000
NODE_6323_length_1015_cov_14.000000	505	585	2	37	80	0.4625000
NODE_6323_length_1015_cov_14.000000	505	585	4	9	80	0.1125000
NODE_6323_length_1015_cov_14.000000	505	585	6	16	80	0.2000000
NODE_6323_length_1015_cov_14.000000	505	585	8	2	80	0.0250000
NODE_6323_length_1015_cov_14.000000	558	638	0	16	80	0.2000000
NODE_6323_length_1015_cov_14.000000	558	638	2	64	80	0.8000000
NODE_6324_length_1015_cov_9.978166	345	425	0	80	80	1.0000000
NODE_6324_length_1015_cov_9.978166	398	478	0	80	80	1.0000000
NODE_6325_length_1015_cov_6.844978	393	473	0	30	80	0.3750000
NODE_6325_length_1015_cov_6.844978	393	473	2	50	80	0.6250000
NODE_6325_length_1015_cov_6.844978	446	526	2	32	80	0.4000000
NODE_6325_length_1015_cov_6.844978	446	526	4	48	80	0.6000000
NODE_6337_length_1014_cov_95.709290	259	335	0	76	76	1.0000000
NODE_6337_length_1014_cov_95.709290	310	390	0	74	80	0.9250000
NODE_6337_length_1014_cov_95.709290	310	390	2	6	80	0.0750000
NODE_6337_length_1014_cov_95.709290	386	466	2	22	80	0.2750000
NODE_6337_length_1014_cov_95.709290	386	466	8	37	80	0.4625000
NODE_6337_length_1014_cov_95.709290	386	466	14	21	80	0.2625000
NODE_6337_length_1014_cov_95.709290	439	519	8	6	80	0.0750000
NODE_6337_length_1014_cov_95.709290	439	519	12	28	80	0.3500000
NODE_6337_length_1014_cov_95.709290	439	519	14	46	80	0.5750000
NODE_6338_length_1014_cov_67.918033	182	262	4	61	80	0.7625000
NODE_6338_length_1014_cov_67.918033	182	262	6	19	80	0.2375000
NODE_6338_length_1014_cov_67.918033	235	315	2	51	80	0.6375000
NODE_6338_length_1014_cov_67.918033	235	315	4	19	80	0.2375000
NODE_6338_length_1014_cov_67.918033	235	315	6	10	80	0.1250000
NODE_6338_length_1014_cov_67.918033	311	391	0	11	80	0.1375000
NODE_6338_length_1014_cov_67.918033	311	391	2	18	80	0.2250000
NODE_6338_length_1014_cov_67.918033	311	391	4	51	80	0.6375000
NODE_6338_length_1014_cov_67.918033	364	444	4	80	80	1.0000000
NODE_6339_length_1014_cov_44.802186	418	498	0	80	80	1.0000000
NODE_6339_length_1014_cov_44.802186	471	551	0	45	80	0.5625000
NODE_6339_length_1014_cov_44.802186	471	551	2	35	80	0.4375000
NODE_6340_length_1014_cov_36.349727	369	449	0	80	80	1.0000000
NODE_6340_length_1014_cov_36.349727	422	502	0	80	80	1.0000000
NODE_6340_length_1014_cov_36.349727	498	578	0	28	80	0.3500000
NODE_6340_length_1014_cov_36.349727	498	578	2	52	80	0.6500000
NODE_6340_length_1014_cov_36.349727	551	631	2	64	80	0.8000000
NODE_6340_length_1014_cov_36.349727	551	631	4	16	80	0.2000000
NODE_6341_length_1014_cov_35.547541	363	441	0	78	78	1.0000000
NODE_6341_length_1014_cov_35.547541	416	494	0	78	78	1.0000000
NODE_6342_length_1014_cov_32.266667	428	508	31	11	80	0.1375000
NODE_6342_length_1014_cov_32.266667	428	508	32	10	80	0.1250000
NODE_6342_length_1014_cov_32.266667	428	508	54	21	80	0.2625000
NODE_6342_length_1014_cov_32.266667	428	508	77	1	80	0.0125000
NODE_6342_length_1014_cov_32.266667	428	508	83	2	80	0.0250000
NODE_6342_length_1014_cov_32.266667	428	508	84	9	80	0.1125000
NODE_6342_length_1014_cov_32.266667	428	508	85	26	80	0.3250000
NODE_6342_length_1014_cov_32.266667	481	561	31	12	80	0.1500000
NODE_6342_length_1014_cov_32.266667	481	561	32	62	80	0.7750000
NODE_6342_length_1014_cov_32.266667	481	561	84	1	80	0.0125000
NODE_6342_length_1014_cov_32.266667	481	561	85	5	80	0.0625000
NODE_6343_length_1014_cov_28.493989	480	560	0	80	80	1.0000000
NODE_6343_length_1014_cov_28.493989	533	613	0	80	80	1.0000000
NODE_6343_length_1014_cov_28.493989	609	689	0	80	80	1.0000000
NODE_6343_length_1014_cov_28.493989	662	742	0	80	80	1.0000000
NODE_6344_length_1014_cov_25.171585	500	580	2	25	80	0.3125000
NODE_6344_length_1014_cov_25.171585	500	580	4	55	80	0.6875000
NODE_6344_length_1014_cov_25.171585	553	633	2	47	80	0.5875000
NODE_6344_length_1014_cov_25.171585	553	633	4	33	80	0.4125000
NODE_6345_length_1014_cov_22.437158	534	614	0	35	80	0.4375000
NODE_6345_length_1014_cov_22.437158	534	614	3	1	80	0.0125000
NODE_6345_length_1014_cov_22.437158	534	614	4	8	80	0.1000000
NODE_6345_length_1014_cov_22.437158	534	614	6	16	80	0.2000000
NODE_6345_length_1014_cov_22.437158	534	614	8	20	80	0.2500000
NODE_6345_length_1014_cov_22.437158	587	667	2	10	80	0.1250000
NODE_6345_length_1014_cov_22.437158	587	667	6	9	80	0.1125000
NODE_6345_length_1014_cov_22.437158	587	667	8	61	80	0.7625000
NODE_6346_length_1014_cov_19.238251	379	459	0	80	80	1.0000000
NODE_6346_length_1014_cov_19.238251	432	512	0	80	80	1.0000000
NODE_6346_length_1014_cov_19.238251	508	585	0	77	77	1.0000000
NODE_6346_length_1014_cov_19.238251	558	638	0	80	80	1.0000000
NODE_6347_length_1014_cov_15.926776	594	674	0	80	80	1.0000000
NODE_6347_length_1014_cov_15.926776	647	727	0	80	80	1.0000000
NODE_6348_length_1014_cov_8.691803	285	365	0	15	80	0.1875000
NODE_6348_length_1014_cov_8.691803	285	365	2	65	80	0.8125000
NODE_6348_length_1014_cov_8.691803	338	418	0	21	80	0.2625000
NODE_6348_length_1014_cov_8.691803	338	418	2	59	80	0.7375000
NODE_6349_length_1014_cov_7.959563	531	611	2	80	80	1.0000000
NODE_6349_length_1014_cov_7.959563	584	664	0	39	80	0.4875000
NODE_6349_length_1014_cov_7.959563	584	664	2	41	80	0.5125000
NODE_6351_length_1014_cov_7.608743	298	378	0	80	80	1.0000000
NODE_6351_length_1014_cov_7.608743	351	431	0	80	80	1.0000000
NODE_6352_length_1014_cov_6.209836	321	401	0	33	80	0.4125000
NODE_6352_length_1014_cov_6.209836	321	401	2	47	80	0.5875000
NODE_6352_length_1014_cov_6.209836	374	454	0	80	80	1.0000000
NODE_6364_length_1013_cov_32.695842	423	503	0	3	80	0.0375000
NODE_6364_length_1013_cov_32.695842	423	503	4	77	80	0.9625000
NODE_6364_length_1013_cov_32.695842	476	556	0	56	80	0.7000000
NODE_6364_length_1013_cov_32.695842	476	556	4	24	80	0.3000000
NODE_6364_length_1013_cov_32.695842	552	632	0	37	80	0.4625000
NODE_6364_length_1013_cov_32.695842	552	632	2	43	80	0.5375000
NODE_6364_length_1013_cov_32.695842	605	685	2	31	80	0.3875000
NODE_6364_length_1013_cov_32.695842	605	685	4	49	80	0.6125000
NODE_6365_length_1013_cov_21.935449	424	503	0	79	79	1.0000000
NODE_6365_length_1013_cov_21.935449	476	556	0	80	80	1.0000000
NODE_6366_length_1013_cov_17.532823	440	520	0	11	80	0.1375000
NODE_6366_length_1013_cov_17.532823	440	520	2	35	80	0.4375000
NODE_6366_length_1013_cov_17.532823	440	520	4	34	80	0.4250000
NODE_6366_length_1013_cov_17.532823	493	573	4	80	80	1.0000000
NODE_6367_length_1013_cov_14.555799	478	558	0	80	80	1.0000000
NODE_6367_length_1013_cov_14.555799	531	611	0	80	80	1.0000000
NODE_6368_length_1013_cov_13.142232	476	556	0	80	80	1.0000000
NODE_6368_length_1013_cov_13.142232	529	609	0	80	80	1.0000000
NODE_6369_length_1013_cov_7.756018	538	618	0	80	80	1.0000000
NODE_6369_length_1013_cov_7.756018	591	671	0	80	80	1.0000000
NODE_6371_length_1013_cov_4.368709	550	630	4	5	80	0.0625000
NODE_6371_length_1013_cov_4.368709	550	630	6	36	80	0.4500000
NODE_6371_length_1013_cov_4.368709	550	630	8	21	80	0.2625000
NODE_6371_length_1013_cov_4.368709	550	630	14	18	80	0.2250000
NODE_6371_length_1013_cov_4.368709	603	683	8	9	80	0.1125000
NODE_6371_length_1013_cov_4.368709	603	683	10	37	80	0.4625000
NODE_6371_length_1013_cov_4.368709	603	683	14	31	80	0.3875000
NODE_6371_length_1013_cov_4.368709	603	683	16	3	80	0.0375000
NODE_6380_length_1012_cov_91.547645	378	458	0	34	80	0.4250000
NODE_6380_length_1012_cov_91.547645	378	458	2	46	80	0.5750000
NODE_6380_length_1012_cov_91.547645	431	511	0	11	80	0.1375000
NODE_6380_length_1012_cov_91.547645	431	511	2	60	80	0.7500000
NODE_6380_length_1012_cov_91.547645	431	511	4	9	80	0.1125000
NODE_6380_length_1012_cov_91.547645	507	587	4	80	80	1.0000000
NODE_6380_length_1012_cov_91.547645	560	640	0	35	80	0.4375000
NODE_6380_length_1012_cov_91.547645	560	640	4	45	80	0.5625000
NODE_6381_length_1012_cov_64.409639	345	425	2	49	80	0.6125000
NODE_6381_length_1012_cov_64.409639	345	425	3	18	80	0.2250000
NODE_6381_length_1012_cov_64.409639	345	425	4	13	80	0.1625000
NODE_6381_length_1012_cov_64.409639	398	478	2	13	80	0.1625000
NODE_6381_length_1012_cov_64.409639	398	478	3	58	80	0.7250000
NODE_6381_length_1012_cov_64.409639	398	478	4	9	80	0.1125000
NODE_6382_length_1012_cov_63.035049	438	518	0	53	80	0.6625000
NODE_6382_length_1012_cov_63.035049	438	518	2	27	80	0.3375000
NODE_6382_length_1012_cov_63.035049	491	571	2	36	80	0.4500000
NODE_6382_length_1012_cov_63.035049	491	571	4	11	80	0.1375000
NODE_6382_length_1012_cov_63.035049	491	571	6	33	80	0.4125000
NODE_6383_length_1012_cov_53.686747	276	356	0	1	80	0.0125000
NODE_6383_length_1012_cov_53.686747	276	356	2	79	80	0.9875000
NODE_6383_length_1012_cov_53.686747	329	409	0	54	80	0.6750000
NODE_6383_length_1012_cov_53.686747	329	409	2	26	80	0.3250000
NODE_6383_length_1012_cov_53.686747	405	485	0	80	80	1.0000000
NODE_6383_length_1012_cov_53.686747	458	538	0	80	80	1.0000000
NODE_6384_length_1012_cov_35.861993	453	533	0	80	80	1.0000000
NODE_6384_length_1012_cov_35.861993	506	581	0	75	75	1.0000000
NODE_6385_length_1012_cov_16.125958	510	590	0	36	80	0.4500000
NODE_6385_length_1012_cov_16.125958	510	590	2	16	80	0.2000000
NODE_6385_length_1012_cov_16.125958	510	590	4	28	80	0.3500000
NODE_6385_length_1012_cov_16.125958	563	643	0	16	80	0.2000000
NODE_6385_length_1012_cov_16.125958	563	643	2	64	80	0.8000000
NODE_6386_length_1012_cov_15.395400	501	581	2	7	80	0.0875000
NODE_6386_length_1012_cov_15.395400	501	581	6	10	80	0.1250000
NODE_6386_length_1012_cov_15.395400	501	581	8	63	80	0.7875000
NODE_6386_length_1012_cov_15.395400	554	634	0	29	80	0.3625000
NODE_6386_length_1012_cov_15.395400	554	634	6	34	80	0.4250000
NODE_6386_length_1012_cov_15.395400	554	634	8	17	80	0.2125000
NODE_6388_length_1012_cov_6.409639	528	608	0	22	80	0.2750000
NODE_6388_length_1012_cov_6.409639	528	608	2	58	80	0.7250000
NODE_6388_length_1012_cov_6.409639	581	661	0	75	80	0.9375000
NODE_6388_length_1012_cov_6.409639	581	661	2	5	80	0.0625000
NODE_6398_length_1011_cov_53.032895	515	595	2	30	80	0.3750000
NODE_6398_length_1011_cov_53.032895	515	595	4	50	80	0.6250000
NODE_6398_length_1011_cov_53.032895	568	648	0	28	80	0.3500000
NODE_6398_length_1011_cov_53.032895	568	648	2	52	80	0.6500000
NODE_6399_length_1011_cov_25.838816	366	446	0	10	80	0.1250000
NODE_6399_length_1011_cov_25.838816	366	446	2	70	80	0.8750000
NODE_6399_length_1011_cov_25.838816	419	499	0	63	80	0.7875000
NODE_6399_length_1011_cov_25.838816	419	499	2	17	80	0.2125000
NODE_6400_length_1011_cov_22.734649	426	506	0	80	80	1.0000000
NODE_6400_length_1011_cov_22.734649	479	559	0	80	80	1.0000000
NODE_6400_length_1011_cov_22.734649	555	636	0	81	81	1.0000000
NODE_6400_length_1011_cov_22.734649	609	689	0	80	80	1.0000000
NODE_6401_length_1011_cov_18.127193	389	469	0	80	80	1.0000000
NODE_6401_length_1011_cov_18.127193	442	520	0	78	78	1.0000000
NODE_6401_length_1011_cov_18.127193	516	596	0	80	80	1.0000000
NODE_6401_length_1011_cov_18.127193	569	649	0	80	80	1.0000000
NODE_6402_length_1011_cov_12.709430	309	389	0	80	80	1.0000000
NODE_6402_length_1011_cov_12.709430	362	442	0	80	80	1.0000000
NODE_6403_length_1011_cov_8.731360	441	521	0	80	80	1.0000000
NODE_6403_length_1011_cov_8.731360	494	574	0	80	80	1.0000000
NODE_6405_length_1011_cov_7.212719	219	299	0	6	80	0.0750000
NODE_6405_length_1011_cov_7.212719	219	299	1	10	80	0.1250000
NODE_6405_length_1011_cov_7.212719	219	299	2	3	80	0.0375000
NODE_6405_length_1011_cov_7.212719	219	299	3	15	80	0.1875000
NODE_6405_length_1011_cov_7.212719	219	299	4	27	80	0.3375000
NODE_6405_length_1011_cov_7.212719	219	299	6	19	80	0.2375000
NODE_6408_length_1011_cov_3.569079	173	253	0	80	80	1.0000000
NODE_6408_length_1011_cov_3.569079	226	306	0	80	80	1.0000000
NODE_6409_length_1011_cov_1.703947	779	851	6	1	72	0.0138889
NODE_6409_length_1011_cov_1.703947	779	851	8	3	72	0.0416667
NODE_6409_length_1011_cov_1.703947	779	851	12	1	72	0.0138889
NODE_6409_length_1011_cov_1.703947	779	851	16	1	72	0.0138889
NODE_6409_length_1011_cov_1.703947	779	851	20	1	72	0.0138889
NODE_6409_length_1011_cov_1.703947	779	851	22	3	72	0.0416667
NODE_6409_length_1011_cov_1.703947	779	851	28	3	72	0.0416667
NODE_6409_length_1011_cov_1.703947	779	851	30	2	72	0.0277778
NODE_6409_length_1011_cov_1.703947	779	851	32	3	72	0.0416667
NODE_6409_length_1011_cov_1.703947	779	851	34	10	72	0.1388889
NODE_6409_length_1011_cov_1.703947	779	851	36	5	72	0.0694444
NODE_6409_length_1011_cov_1.703947	779	851	38	4	72	0.0555556
NODE_6409_length_1011_cov_1.703947	779	851	40	1	72	0.0138889
NODE_6409_length_1011_cov_1.703947	779	851	42	1	72	0.0138889
NODE_6409_length_1011_cov_1.703947	779	851	44	6	72	0.0833333
NODE_6409_length_1011_cov_1.703947	779	851	46	2	72	0.0277778
NODE_6409_length_1011_cov_1.703947	779	851	47	2	72	0.0277778
NODE_6409_length_1011_cov_1.703947	779	851	53	1	72	0.0138889
NODE_6409_length_1011_cov_1.703947	779	851	56	1	72	0.0138889
NODE_6409_length_1011_cov_1.703947	779	851	59	3	72	0.0416667
NODE_6409_length_1011_cov_1.703947	779	851	61	7	72	0.0972222
NODE_6409_length_1011_cov_1.703947	779	851	63	4	72	0.0555556
NODE_6409_length_1011_cov_1.703947	779	851	65	3	72	0.0416667
NODE_6409_length_1011_cov_1.703947	779	851	67	4	72	0.0555556
NODE_6416_length_1010_cov_51.841932	335	415	5	5	80	0.0625000
NODE_6416_length_1010_cov_51.841932	335	415	6	13	80	0.1625000
NODE_6416_length_1010_cov_51.841932	335	415	8	24	80	0.3000000
NODE_6416_length_1010_cov_51.841932	335	415	10	24	80	0.3000000
NODE_6416_length_1010_cov_51.841932	335	415	12	14	80	0.1750000
NODE_6416_length_1010_cov_51.841932	388	468	0	26	80	0.3250000
NODE_6416_length_1010_cov_51.841932	388	468	2	3	80	0.0375000
NODE_6416_length_1010_cov_51.841932	388	468	4	1	80	0.0125000
NODE_6416_length_1010_cov_51.841932	388	468	6	3	80	0.0375000
NODE_6416_length_1010_cov_51.841932	388	468	8	47	80	0.5875000
NODE_6417_length_1010_cov_35.860593	576	656	1	26	80	0.3250000
NODE_6417_length_1010_cov_35.860593	576	656	3	54	80	0.6750000
NODE_6417_length_1010_cov_35.860593	629	709	1	45	80	0.5625000
NODE_6417_length_1010_cov_35.860593	629	709	2	34	80	0.4250000
NODE_6417_length_1010_cov_35.860593	629	709	3	1	80	0.0125000
NODE_6418_length_1010_cov_30.043908	509	589	0	80	80	1.0000000
NODE_6418_length_1010_cov_30.043908	562	642	0	80	80	1.0000000
NODE_6418_length_1010_cov_30.043908	638	718	0	80	80	1.0000000
NODE_6418_length_1010_cov_30.043908	691	771	0	80	80	1.0000000
NODE_6420_length_1010_cov_15.156970	364	444	0	40	80	0.5000000
NODE_6420_length_1010_cov_15.156970	364	444	4	16	80	0.2000000
NODE_6420_length_1010_cov_15.156970	364	444	6	24	80	0.3000000
NODE_6420_length_1010_cov_15.156970	417	497	2	3	80	0.0375000
NODE_6420_length_1010_cov_15.156970	417	497	4	3	80	0.0375000
NODE_6420_length_1010_cov_15.156970	417	497	6	74	80	0.9250000
NODE_6421_length_1010_cov_13.546652	385	465	2	23	80	0.2875000
NODE_6421_length_1010_cov_13.546652	385	465	8	27	80	0.3375000
NODE_6421_length_1010_cov_13.546652	385	465	14	5	80	0.0625000
NODE_6421_length_1010_cov_13.546652	385	465	16	25	80	0.3125000
NODE_6421_length_1010_cov_13.546652	438	518	14	8	80	0.1000000
NODE_6421_length_1010_cov_13.546652	438	518	16	45	80	0.5625000
NODE_6421_length_1010_cov_13.546652	438	518	18	27	80	0.3375000
NODE_6422_length_1010_cov_13.317234	480	560	0	79	80	0.9875000
NODE_6422_length_1010_cov_13.317234	480	560	4	1	80	0.0125000
NODE_6422_length_1010_cov_13.317234	533	613	0	26	80	0.3250000
NODE_6422_length_1010_cov_13.317234	533	613	4	10	80	0.1250000
NODE_6422_length_1010_cov_13.317234	533	613	5	1	80	0.0125000
NODE_6422_length_1010_cov_13.317234	533	613	6	43	80	0.5375000
NODE_6423_length_1010_cov_12.900110	427	507	0	52	80	0.6500000
NODE_6423_length_1010_cov_12.900110	427	507	4	28	80	0.3500000
NODE_6423_length_1010_cov_12.900110	480	560	0	7	80	0.0875000
NODE_6423_length_1010_cov_12.900110	480	560	4	73	80	0.9125000
NODE_6424_length_1010_cov_11.423710	631	711	0	67	80	0.8375000
NODE_6424_length_1010_cov_11.423710	631	711	2	13	80	0.1625000
NODE_6424_length_1010_cov_11.423710	684	764	0	80	80	1.0000000
NODE_6425_length_1010_cov_11.256861	492	572	2	78	80	0.9750000
NODE_6425_length_1010_cov_11.256861	492	572	4	2	80	0.0250000
NODE_6425_length_1010_cov_11.256861	545	625	2	80	80	1.0000000
NODE_6426_length_1010_cov_11.000000	455	535	0	49	80	0.6125000
NODE_6426_length_1010_cov_11.000000	455	535	4	31	80	0.3875000
NODE_6426_length_1010_cov_11.000000	508	588	4	80	80	1.0000000
NODE_6428_length_1010_cov_4.990121	476	556	0	80	80	1.0000000
NODE_6428_length_1010_cov_4.990121	529	609	0	47	80	0.5875000
NODE_6428_length_1010_cov_4.990121	529	609	4	7	80	0.0875000
NODE_6428_length_1010_cov_4.990121	529	609	6	26	80	0.3250000
NODE_6430_length_1010_cov_4.892426	476	556	0	80	80	1.0000000
NODE_6430_length_1010_cov_4.892426	529	609	0	80	80	1.0000000
NODE_6431_length_1010_cov_3.624588	157	196	2	20	39	0.5128205
NODE_6431_length_1010_cov_3.624588	157	196	4	19	39	0.4871795
NODE_6435_length_1010_cov_1.440176	1	58	0	57	57	1.0000000
NODE_6436_length_1009_cov_44.626374	288	362	0	34	74	0.4594595
NODE_6436_length_1009_cov_44.626374	288	362	2	40	74	0.5405405
NODE_6436_length_1009_cov_44.626374	335	415	0	16	80	0.2000000
NODE_6436_length_1009_cov_44.626374	335	415	2	64	80	0.8000000
NODE_6436_length_1009_cov_44.626374	411	491	0	80	80	1.0000000
NODE_6436_length_1009_cov_44.626374	464	544	0	80	80	1.0000000
NODE_6437_length_1009_cov_31.828571	412	492	8	80	80	1.0000000
NODE_6437_length_1009_cov_31.828571	465	545	0	41	80	0.5125000
NODE_6437_length_1009_cov_31.828571	465	545	8	39	80	0.4875000
NODE_6438_length_1009_cov_28.539560	571	651	0	80	80	1.0000000
NODE_6438_length_1009_cov_28.539560	624	704	0	80	80	1.0000000
NODE_6439_length_1009_cov_20.281319	577	657	0	10	80	0.1250000
NODE_6439_length_1009_cov_20.281319	577	657	2	26	80	0.3250000
NODE_6439_length_1009_cov_20.281319	577	657	6	22	80	0.2750000
NODE_6439_length_1009_cov_20.281319	577	657	8	22	80	0.2750000
NODE_6439_length_1009_cov_20.281319	630	710	4	2	80	0.0250000
NODE_6439_length_1009_cov_20.281319	630	710	6	30	80	0.3750000
NODE_6439_length_1009_cov_20.281319	630	710	8	27	80	0.3375000
NODE_6439_length_1009_cov_20.281319	630	710	10	21	80	0.2625000
NODE_6440_length_1009_cov_18.649451	430	510	0	30	80	0.3750000
NODE_6440_length_1009_cov_18.649451	430	510	2	38	80	0.4750000
NODE_6440_length_1009_cov_18.649451	430	510	4	12	80	0.1500000
NODE_6440_length_1009_cov_18.649451	483	563	0	80	80	1.0000000
NODE_6442_length_1009_cov_3.767033	647	727	0	4	80	0.0500000
NODE_6442_length_1009_cov_3.767033	647	727	2	76	80	0.9500000
NODE_6442_length_1009_cov_3.767033	700	780	0	57	80	0.7125000
NODE_6442_length_1009_cov_3.767033	700	780	2	23	80	0.2875000
NODE_6443_length_1009_cov_2.903297	36	63	0	27	27	1.0000000
NODE_6451_length_1008_cov_44.825083	399	479	0	49	80	0.6125000
NODE_6451_length_1008_cov_44.825083	399	479	2	15	80	0.1875000
NODE_6451_length_1008_cov_44.825083	399	479	4	16	80	0.2000000
NODE_6451_length_1008_cov_44.825083	452	532	2	29	80	0.3625000
NODE_6451_length_1008_cov_44.825083	452	532	4	51	80	0.6375000
NODE_6452_length_1008_cov_41.030803	280	360	0	10	80	0.1250000
NODE_6452_length_1008_cov_41.030803	280	360	2	70	80	0.8750000
NODE_6452_length_1008_cov_41.030803	333	413	0	59	80	0.7375000
NODE_6452_length_1008_cov_41.030803	333	413	2	20	80	0.2500000
NODE_6452_length_1008_cov_41.030803	333	413	6	1	80	0.0125000
NODE_6452_length_1008_cov_41.030803	409	489	2	3	80	0.0375000
NODE_6452_length_1008_cov_41.030803	409	489	4	14	80	0.1750000
NODE_6452_length_1008_cov_41.030803	409	489	6	63	80	0.7875000
NODE_6452_length_1008_cov_41.030803	462	542	0	2	80	0.0250000
NODE_6452_length_1008_cov_41.030803	462	542	2	11	80	0.1375000
NODE_6452_length_1008_cov_41.030803	462	542	4	54	80	0.6750000
NODE_6452_length_1008_cov_41.030803	462	542	6	13	80	0.1625000
NODE_6453_length_1008_cov_39.377338	311	391	0	4	80	0.0500000
NODE_6453_length_1008_cov_39.377338	311	391	2	76	80	0.9500000
NODE_6453_length_1008_cov_39.377338	364	444	0	53	80	0.6625000
NODE_6453_length_1008_cov_39.377338	364	444	2	27	80	0.3375000
NODE_6453_length_1008_cov_39.377338	440	520	0	80	80	1.0000000
NODE_6453_length_1008_cov_39.377338	493	573	0	79	80	0.9875000
NODE_6453_length_1008_cov_39.377338	493	573	2	1	80	0.0125000
NODE_6454_length_1008_cov_27.836084	405	485	0	80	80	1.0000000
NODE_6454_length_1008_cov_27.836084	458	538	0	80	80	1.0000000
NODE_6454_length_1008_cov_27.836084	534	614	0	19	80	0.2375000
NODE_6454_length_1008_cov_27.836084	534	614	2	61	80	0.7625000
NODE_6454_length_1008_cov_27.836084	587	667	0	59	80	0.7375000
NODE_6454_length_1008_cov_27.836084	587	667	2	21	80	0.2625000
NODE_6455_length_1008_cov_24.741474	485	565	0	80	80	1.0000000
NODE_6455_length_1008_cov_24.741474	538	618	0	80	80	1.0000000
NODE_6456_length_1008_cov_20.278328	401	481	0	28	80	0.3500000
NODE_6456_length_1008_cov_20.278328	401	481	4	52	80	0.6500000
NODE_6456_length_1008_cov_20.278328	454	534	0	26	80	0.3250000
NODE_6456_length_1008_cov_20.278328	454	534	4	54	80	0.6750000
NODE_6457_length_1008_cov_6.071507	460	540	0	80	80	1.0000000
NODE_6457_length_1008_cov_6.071507	513	593	0	80	80	1.0000000
NODE_6466_length_1008_cov_1.798680	0	64	0	64	64	1.0000000
NODE_6466_length_1008_cov_1.798680	37	104	0	61	67	0.9104478
NODE_6466_length_1008_cov_1.798680	37	104	4	6	67	0.0895522
NODE_6473_length_1007_cov_27.011013	294	371	0	77	77	1.0000000
NODE_6473_length_1007_cov_27.011013	347	424	0	77	77	1.0000000
NODE_6474_length_1007_cov_24.668502	369	449	0	80	80	1.0000000
NODE_6474_length_1007_cov_24.668502	422	502	0	80	80	1.0000000
NODE_6474_length_1007_cov_24.668502	498	578	0	80	80	1.0000000
NODE_6474_length_1007_cov_24.668502	551	631	0	66	80	0.8250000
NODE_6474_length_1007_cov_24.668502	551	631	2	14	80	0.1750000
NODE_6475_length_1007_cov_21.729075	454	534	0	80	80	1.0000000
NODE_6475_length_1007_cov_21.729075	507	587	0	80	80	1.0000000
NODE_6475_length_1007_cov_21.729075	583	663	0	80	80	1.0000000
NODE_6475_length_1007_cov_21.729075	636	716	0	80	80	1.0000000
NODE_6476_length_1007_cov_14.515419	400	480	0	40	80	0.5000000
NODE_6476_length_1007_cov_14.515419	400	480	2	40	80	0.5000000
NODE_6476_length_1007_cov_14.515419	453	533	2	52	80	0.6500000
NODE_6476_length_1007_cov_14.515419	453	533	4	28	80	0.3500000
NODE_6477_length_1007_cov_13.685022	376	456	0	20	80	0.2500000
NODE_6477_length_1007_cov_13.685022	376	456	2	60	80	0.7500000
NODE_6477_length_1007_cov_13.685022	429	509	0	42	80	0.5250000
NODE_6477_length_1007_cov_13.685022	429	509	2	38	80	0.4750000
NODE_6478_length_1007_cov_9.189427	438	518	0	80	80	1.0000000
NODE_6478_length_1007_cov_9.189427	491	571	0	80	80	1.0000000
NODE_6491_length_1006_cov_59.773980	379	459	0	42	80	0.5250000
NODE_6491_length_1006_cov_59.773980	379	459	2	38	80	0.4750000
NODE_6491_length_1006_cov_59.773980	432	512	0	80	80	1.0000000
NODE_6491_length_1006_cov_59.773980	508	588	0	80	80	1.0000000
NODE_6491_length_1006_cov_59.773980	561	641	0	80	80	1.0000000
NODE_6492_length_1006_cov_34.762955	482	562	10	64	80	0.8000000
NODE_6492_length_1006_cov_34.762955	482	562	11	5	80	0.0625000
NODE_6492_length_1006_cov_34.762955	482	562	12	11	80	0.1375000
NODE_6492_length_1006_cov_34.762955	535	615	0	36	80	0.4500000
NODE_6492_length_1006_cov_34.762955	535	615	2	15	80	0.1875000
NODE_6492_length_1006_cov_34.762955	535	615	10	29	80	0.3625000
NODE_6493_length_1006_cov_21.776185	516	596	0	23	80	0.2875000
NODE_6493_length_1006_cov_21.776185	516	596	1	1	80	0.0125000
NODE_6493_length_1006_cov_21.776185	516	596	2	56	80	0.7000000
NODE_6493_length_1006_cov_21.776185	569	649	0	76	80	0.9500000
NODE_6493_length_1006_cov_21.776185	569	649	1	1	80	0.0125000
NODE_6493_length_1006_cov_21.776185	569	649	2	3	80	0.0375000
NODE_6494_length_1006_cov_19.690187	371	451	0	2	80	0.0250000
NODE_6494_length_1006_cov_19.690187	371	451	1	57	80	0.7125000
NODE_6494_length_1006_cov_19.690187	371	451	2	21	80	0.2625000
NODE_6494_length_1006_cov_19.690187	424	504	1	6	80	0.0750000
NODE_6494_length_1006_cov_19.690187	424	504	2	74	80	0.9250000
NODE_6495_length_1006_cov_19.299890	495	575	0	28	80	0.3500000
NODE_6495_length_1006_cov_19.299890	495	575	2	52	80	0.6500000
NODE_6495_length_1006_cov_19.299890	548	628	0	24	80	0.3000000
NODE_6495_length_1006_cov_19.299890	548	628	2	56	80	0.7000000
NODE_6496_length_1006_cov_13.187431	245	325	0	80	80	1.0000000
NODE_6496_length_1006_cov_13.187431	298	378	0	30	80	0.3750000
NODE_6496_length_1006_cov_13.187431	298	378	2	50	80	0.6250000
NODE_6497_length_1006_cov_12.862183	383	463	0	44	80	0.5500000
NODE_6497_length_1006_cov_12.862183	383	463	2	36	80	0.4500000
NODE_6497_length_1006_cov_12.862183	436	516	0	17	80	0.2125000
NODE_6497_length_1006_cov_12.862183	436	516	2	63	80	0.7875000
NODE_6498_length_1006_cov_10.986770	762	842	0	69	80	0.8625000
NODE_6498_length_1006_cov_10.986770	762	842	2	11	80	0.1375000
NODE_6498_length_1006_cov_10.986770	815	895	0	27	80	0.3375000
NODE_6498_length_1006_cov_10.986770	815	895	2	53	80	0.6625000
NODE_6499_length_1006_cov_8.633958	314	394	1	3	80	0.0375000
NODE_6499_length_1006_cov_8.633958	314	394	2	77	80	0.9625000
NODE_6499_length_1006_cov_8.633958	367	447	2	80	80	1.0000000
NODE_6515_length_1005_cov_80.271523	509	589	12	2	80	0.0250000
NODE_6515_length_1005_cov_80.271523	509	589	16	3	80	0.0375000
NODE_6515_length_1005_cov_80.271523	509	589	24	17	80	0.2125000
NODE_6515_length_1005_cov_80.271523	509	589	26	1	80	0.0125000
NODE_6515_length_1005_cov_80.271523	509	589	27	20	80	0.2500000
NODE_6515_length_1005_cov_80.271523	509	589	29	3	80	0.0375000
NODE_6515_length_1005_cov_80.271523	509	589	30	1	80	0.0125000
NODE_6515_length_1005_cov_80.271523	509	589	31	17	80	0.2125000
NODE_6515_length_1005_cov_80.271523	509	589	32	16	80	0.2000000
NODE_6515_length_1005_cov_80.271523	562	642	0	5	80	0.0625000
NODE_6515_length_1005_cov_80.271523	562	642	2	23	80	0.2875000
NODE_6515_length_1005_cov_80.271523	562	642	4	4	80	0.0500000
NODE_6515_length_1005_cov_80.271523	562	642	13	1	80	0.0125000
NODE_6515_length_1005_cov_80.271523	562	642	14	4	80	0.0500000
NODE_6515_length_1005_cov_80.271523	562	642	16	2	80	0.0250000
NODE_6515_length_1005_cov_80.271523	562	642	18	2	80	0.0250000
NODE_6515_length_1005_cov_80.271523	562	642	20	9	80	0.1125000
NODE_6515_length_1005_cov_80.271523	562	642	24	20	80	0.2500000
NODE_6515_length_1005_cov_80.271523	562	642	30	1	80	0.0125000
NODE_6515_length_1005_cov_80.271523	562	642	31	1	80	0.0125000
NODE_6515_length_1005_cov_80.271523	562	642	32	8	80	0.1000000
NODE_6516_length_1005_cov_45.008830	357	437	0	80	80	1.0000000
NODE_6516_length_1005_cov_45.008830	410	490	0	36	80	0.4500000
NODE_6516_length_1005_cov_45.008830	410	490	2	44	80	0.5500000
NODE_6517_length_1005_cov_36.636865	567	647	0	80	80	1.0000000
NODE_6517_length_1005_cov_36.636865	620	700	0	80	80	1.0000000
NODE_6518_length_1005_cov_21.222958	389	409	0	20	20	1.0000000
NODE_6518_length_1005_cov_21.222958	451	519	0	68	68	1.0000000
NODE_6518_length_1005_cov_21.222958	515	595	0	39	80	0.4875000
NODE_6518_length_1005_cov_21.222958	515	595	5	29	80	0.3625000
NODE_6518_length_1005_cov_21.222958	515	595	6	10	80	0.1250000
NODE_6518_length_1005_cov_21.222958	515	595	7	2	80	0.0250000
NODE_6518_length_1005_cov_21.222958	568	648	5	15	80	0.1875000
NODE_6518_length_1005_cov_21.222958	568	648	6	10	80	0.1250000
NODE_6518_length_1005_cov_21.222958	568	648	7	55	80	0.6875000
NODE_6520_length_1005_cov_14.278146	480	560	0	80	80	1.0000000
NODE_6520_length_1005_cov_14.278146	533	613	0	80	80	1.0000000
NODE_6521_length_1005_cov_13.215232	511	591	0	12	80	0.1500000
NODE_6521_length_1005_cov_13.215232	511	591	4	68	80	0.8500000
NODE_6521_length_1005_cov_13.215232	564	644	0	65	80	0.8125000
NODE_6521_length_1005_cov_13.215232	564	644	4	15	80	0.1875000
NODE_6523_length_1005_cov_5.579470	534	614	0	2	80	0.0250000
NODE_6523_length_1005_cov_5.579470	534	614	4	10	80	0.1250000
NODE_6523_length_1005_cov_5.579470	534	614	6	68	80	0.8500000
NODE_6523_length_1005_cov_5.579470	587	667	0	55	80	0.6875000
NODE_6523_length_1005_cov_5.579470	587	667	4	8	80	0.1000000
NODE_6523_length_1005_cov_5.579470	587	667	6	17	80	0.2125000
NODE_6536_length_1004_cov_45.470718	343	423	0	38	80	0.4750000
NODE_6536_length_1004_cov_45.470718	343	423	2	42	80	0.5250000
NODE_6536_length_1004_cov_45.470718	396	476	0	80	80	1.0000000
NODE_6536_length_1004_cov_45.470718	472	552	0	27	80	0.3375000
NODE_6536_length_1004_cov_45.470718	472	552	4	53	80	0.6625000
NODE_6536_length_1004_cov_45.470718	525	605	0	28	80	0.3500000
NODE_6536_length_1004_cov_45.470718	525	605	4	52	80	0.6500000
NODE_6537_length_1004_cov_34.565746	419	499	0	61	80	0.7625000
NODE_6537_length_1004_cov_34.565746	419	499	1	19	80	0.2375000
NODE_6537_length_1004_cov_34.565746	472	552	0	8	80	0.1000000
NODE_6537_length_1004_cov_34.565746	472	552	1	67	80	0.8375000
NODE_6537_length_1004_cov_34.565746	472	552	2	5	80	0.0625000
NODE_6538_length_1004_cov_28.710497	385	465	6	52	80	0.6500000
NODE_6538_length_1004_cov_28.710497	385	465	8	17	80	0.2125000
NODE_6538_length_1004_cov_28.710497	385	465	10	2	80	0.0250000
NODE_6538_length_1004_cov_28.710497	385	465	12	9	80	0.1125000
NODE_6538_length_1004_cov_28.710497	438	518	4	3	80	0.0375000
NODE_6538_length_1004_cov_28.710497	438	518	6	17	80	0.2125000
NODE_6538_length_1004_cov_28.710497	438	518	7	1	80	0.0125000
NODE_6538_length_1004_cov_28.710497	438	518	8	17	80	0.2125000
NODE_6538_length_1004_cov_28.710497	438	518	10	33	80	0.4125000
NODE_6538_length_1004_cov_28.710497	438	518	12	9	80	0.1125000
NODE_6538_length_1004_cov_28.710497	514	594	0	3	80	0.0375000
NODE_6538_length_1004_cov_28.710497	514	594	4	76	80	0.9500000
NODE_6538_length_1004_cov_28.710497	514	594	6	1	80	0.0125000
NODE_6538_length_1004_cov_28.710497	567	647	0	3	80	0.0375000
NODE_6538_length_1004_cov_28.710497	567	647	4	77	80	0.9625000
NODE_6539_length_1004_cov_12.745856	432	512	0	17	80	0.2125000
NODE_6539_length_1004_cov_12.745856	432	512	2	63	80	0.7875000
NODE_6539_length_1004_cov_12.745856	485	565	2	80	80	1.0000000
NODE_6550_length_1003_cov_47.014381	383	463	10	20	80	0.2500000
NODE_6550_length_1003_cov_47.014381	383	463	11	4	80	0.0500000
NODE_6550_length_1003_cov_47.014381	383	463	13	18	80	0.2250000
NODE_6550_length_1003_cov_47.014381	383	463	14	38	80	0.4750000
NODE_6550_length_1003_cov_47.014381	436	516	3	18	80	0.2250000
NODE_6550_length_1003_cov_47.014381	436	516	5	2	80	0.0250000
NODE_6550_length_1003_cov_47.014381	436	516	10	34	80	0.4250000
NODE_6550_length_1003_cov_47.014381	436	516	11	4	80	0.0500000
NODE_6550_length_1003_cov_47.014381	436	516	13	18	80	0.2250000
NODE_6550_length_1003_cov_47.014381	436	516	14	4	80	0.0500000
NODE_6550_length_1003_cov_47.014381	512	592	2	66	80	0.8250000
NODE_6550_length_1003_cov_47.014381	512	592	3	2	80	0.0250000
NODE_6550_length_1003_cov_47.014381	512	592	5	12	80	0.1500000
NODE_6550_length_1003_cov_47.014381	565	645	2	56	80	0.7000000
NODE_6550_length_1003_cov_47.014381	565	645	4	24	80	0.3000000
NODE_6551_length_1003_cov_35.329646	372	452	0	57	80	0.7125000
NODE_6551_length_1003_cov_35.329646	372	452	2	23	80	0.2875000
NODE_6551_length_1003_cov_35.329646	425	505	0	10	80	0.1250000
NODE_6551_length_1003_cov_35.329646	425	505	2	70	80	0.8750000
NODE_6552_length_1003_cov_32.721239	357	437	0	14	80	0.1750000
NODE_6552_length_1003_cov_32.721239	357	437	4	20	80	0.2500000
NODE_6552_length_1003_cov_32.721239	357	437	8	7	80	0.0875000
NODE_6552_length_1003_cov_32.721239	357	437	10	12	80	0.1500000
NODE_6552_length_1003_cov_32.721239	357	437	12	27	80	0.3375000
NODE_6552_length_1003_cov_32.721239	410	490	4	5	80	0.0625000
NODE_6552_length_1003_cov_32.721239	410	490	7	1	80	0.0125000
NODE_6552_length_1003_cov_32.721239	410	490	8	3	80	0.0375000
NODE_6552_length_1003_cov_32.721239	410	490	10	2	80	0.0250000
NODE_6552_length_1003_cov_32.721239	410	490	12	69	80	0.8625000
NODE_6553_length_1003_cov_23.758850	467	547	0	4	80	0.0500000
NODE_6553_length_1003_cov_23.758850	467	547	2	34	80	0.4250000
NODE_6553_length_1003_cov_23.758850	467	547	8	42	80	0.5250000
NODE_6553_length_1003_cov_23.758850	520	600	6	33	80	0.4125000
NODE_6553_length_1003_cov_23.758850	520	600	8	47	80	0.5875000
NODE_6554_length_1003_cov_19.939159	240	320	0	80	80	1.0000000
NODE_6554_length_1003_cov_19.939159	293	373	0	80	80	1.0000000
NODE_6555_length_1003_cov_16.618363	524	604	0	80	80	1.0000000
NODE_6555_length_1003_cov_16.618363	577	657	0	67	80	0.8375000
NODE_6555_length_1003_cov_16.618363	577	657	2	13	80	0.1625000
NODE_6555_length_1003_cov_16.618363	653	733	0	1	80	0.0125000
NODE_6555_length_1003_cov_16.618363	653	733	2	79	80	0.9875000
NODE_6555_length_1003_cov_16.618363	706	786	0	21	80	0.2625000
NODE_6555_length_1003_cov_16.618363	706	786	2	59	80	0.7375000
NODE_6556_length_1003_cov_13.863938	537	617	2	80	80	1.0000000
NODE_6556_length_1003_cov_13.863938	590	670	0	6	80	0.0750000
NODE_6556_length_1003_cov_13.863938	590	670	1	7	80	0.0875000
NODE_6556_length_1003_cov_13.863938	590	670	2	67	80	0.8375000
NODE_6557_length_1003_cov_12.363938	529	609	2	48	80	0.6000000
NODE_6557_length_1003_cov_12.363938	529	609	6	18	80	0.2250000
NODE_6557_length_1003_cov_12.363938	529	609	8	14	80	0.1750000
NODE_6557_length_1003_cov_12.363938	582	662	6	26	80	0.3250000
NODE_6557_length_1003_cov_12.363938	582	662	7	34	80	0.4250000
NODE_6557_length_1003_cov_12.363938	582	662	8	20	80	0.2500000
NODE_6567_length_1002_cov_65.513843	387	467	0	7	80	0.0875000
NODE_6567_length_1002_cov_65.513843	387	467	4	28	80	0.3500000
NODE_6567_length_1002_cov_65.513843	387	467	5	45	80	0.5625000
NODE_6567_length_1002_cov_65.513843	440	520	1	30	80	0.3750000
NODE_6567_length_1002_cov_65.513843	440	520	2	7	80	0.0875000
NODE_6567_length_1002_cov_65.513843	440	520	5	43	80	0.5375000
NODE_6567_length_1002_cov_65.513843	516	596	1	24	80	0.3000000
NODE_6567_length_1002_cov_65.513843	516	596	2	56	80	0.7000000
NODE_6567_length_1002_cov_65.513843	569	649	1	77	80	0.9625000
NODE_6567_length_1002_cov_65.513843	569	649	2	3	80	0.0375000
NODE_6568_length_1002_cov_41.995570	408	488	0	31	80	0.3875000
NODE_6568_length_1002_cov_41.995570	408	488	4	49	80	0.6125000
NODE_6568_length_1002_cov_41.995570	461	541	0	80	80	1.0000000
NODE_6569_length_1002_cov_19.966777	401	481	0	80	80	1.0000000
NODE_6569_length_1002_cov_19.966777	454	534	0	80	80	1.0000000
NODE_6570_length_1002_cov_19.539313	334	414	0	80	80	1.0000000
NODE_6570_length_1002_cov_19.539313	335	414	0	79	79	1.0000000
NODE_6570_length_1002_cov_19.539313	387	467	0	80	80	1.0000000
NODE_6570_length_1002_cov_19.539313	387	467	0	80	80	1.0000000
NODE_6570_length_1002_cov_19.539313	396	467	0	71	71	1.0000000
NODE_6570_length_1002_cov_19.539313	463	543	0	37	80	0.4625000
NODE_6570_length_1002_cov_19.539313	463	543	4	43	80	0.5375000
NODE_6570_length_1002_cov_19.539313	516	596	4	80	80	1.0000000
NODE_6571_length_1002_cov_17.780731	631	711	0	65	80	0.8125000
NODE_6571_length_1002_cov_17.780731	631	711	2	15	80	0.1875000
NODE_6571_length_1002_cov_17.780731	684	764	0	80	80	1.0000000
NODE_6572_length_1002_cov_17.590255	0	58	0	58	58	1.0000000
NODE_6572_length_1002_cov_17.590255	31	77	0	46	46	1.0000000
NODE_6573_length_1002_cov_17.105205	522	602	0	80	80	1.0000000
NODE_6573_length_1002_cov_17.105205	575	655	0	80	80	1.0000000
NODE_6574_length_1002_cov_11.954596	480	560	0	80	80	1.0000000
NODE_6574_length_1002_cov_11.954596	533	613	0	80	80	1.0000000
NODE_6575_length_1002_cov_11.823920	471	551	0	80	80	1.0000000
NODE_6575_length_1002_cov_11.823920	524	614	0	90	90	1.0000000
NODE_6577_length_1002_cov_6.596899	422	502	0	80	80	1.0000000
NODE_6577_length_1002_cov_6.596899	475	555	0	43	80	0.5375000
NODE_6577_length_1002_cov_6.596899	475	555	2	37	80	0.4625000
NODE_6588_length_1002_cov_2.102990	29	110	6	9	81	0.1111111
NODE_6588_length_1002_cov_2.102990	29	110	9	1	81	0.0123457
NODE_6588_length_1002_cov_2.102990	29	110	10	2	81	0.0246914
NODE_6588_length_1002_cov_2.102990	29	110	12	3	81	0.0370370
NODE_6588_length_1002_cov_2.102990	29	110	14	1	81	0.0123457
NODE_6588_length_1002_cov_2.102990	29	110	16	11	81	0.1358025
NODE_6588_length_1002_cov_2.102990	29	110	18	54	81	0.6666667
NODE_6596_length_1001_cov_41.914634	549	629	0	80	80	1.0000000
NODE_6596_length_1001_cov_41.914634	602	682	0	80	80	1.0000000
NODE_6597_length_1001_cov_30.378049	306	386	0	80	80	1.0000000
NODE_6597_length_1001_cov_30.378049	359	439	0	80	80	1.0000000
NODE_6597_length_1001_cov_30.378049	369	439	0	70	70	1.0000000
NODE_6597_length_1001_cov_30.378049	435	515	0	11	80	0.1375000
NODE_6597_length_1001_cov_30.378049	435	515	2	69	80	0.8625000
NODE_6597_length_1001_cov_30.378049	488	568	0	29	80	0.3625000
NODE_6597_length_1001_cov_30.378049	488	568	2	51	80	0.6375000
NODE_6598_length_1001_cov_22.517738	536	616	0	80	80	1.0000000
NODE_6598_length_1001_cov_22.517738	589	670	0	81	81	1.0000000
NODE_6599_length_1001_cov_17.996674	414	456	0	42	42	1.0000000
NODE_6599_length_1001_cov_17.996674	429	509	0	80	80	1.0000000
NODE_6599_length_1001_cov_17.996674	505	585	0	80	80	1.0000000
NODE_6599_length_1001_cov_17.996674	558	638	0	80	80	1.0000000
NODE_6600_length_1001_cov_16.798226	422	502	0	15	80	0.1875000
NODE_6600_length_1001_cov_16.798226	422	502	2	65	80	0.8125000
NODE_6600_length_1001_cov_16.798226	475	555	0	41	80	0.5125000
NODE_6600_length_1001_cov_16.798226	475	555	2	39	80	0.4875000
NODE_6600_length_1001_cov_16.798226	551	631	0	80	80	1.0000000
NODE_6600_length_1001_cov_16.798226	604	684	0	80	80	1.0000000
NODE_6601_length_1001_cov_12.778271	348	428	0	22	80	0.2750000
NODE_6601_length_1001_cov_12.778271	348	428	2	58	80	0.7250000
NODE_6601_length_1001_cov_12.778271	401	481	0	16	80	0.2000000
NODE_6601_length_1001_cov_12.778271	401	481	2	64	80	0.8000000
NODE_6602_length_1001_cov_12.305987	255	335	0	37	80	0.4625000
NODE_6602_length_1001_cov_12.305987	255	335	2	43	80	0.5375000
NODE_6602_length_1001_cov_12.305987	308	388	2	80	80	1.0000000
NODE_6603_length_1001_cov_11.955654	485	569	0	24	84	0.2857143
NODE_6603_length_1001_cov_11.955654	485	569	2	21	84	0.2500000
NODE_6603_length_1001_cov_11.955654	485	569	6	39	84	0.4642857
NODE_6603_length_1001_cov_11.955654	542	622	6	80	80	1.0000000
NODE_6604_length_1001_cov_10.156319	587	667	0	80	80	1.0000000
NODE_6604_length_1001_cov_10.156319	640	720	0	80	80	1.0000000
NODE_6605_length_1001_cov_9.754989	377	457	8	37	80	0.4625000
NODE_6605_length_1001_cov_9.754989	377	457	10	43	80	0.5375000
NODE_6605_length_1001_cov_9.754989	430	510	0	25	80	0.3125000
NODE_6605_length_1001_cov_9.754989	430	510	2	7	80	0.0875000
NODE_6605_length_1001_cov_9.754989	430	510	8	29	80	0.3625000
NODE_6605_length_1001_cov_9.754989	430	510	10	19	80	0.2375000
NODE_6607_length_1001_cov_4.616408	408	488	0	80	80	1.0000000
NODE_6607_length_1001_cov_4.616408	461	541	0	80	80	1.0000000
NODE_6616_length_1000_cov_55.578246	393	473	0	80	80	1.0000000
NODE_6616_length_1000_cov_55.578246	446	526	0	62	80	0.7750000
NODE_6616_length_1000_cov_55.578246	446	526	2	18	80	0.2250000
NODE_6616_length_1000_cov_55.578246	522	598	2	49	76	0.6447368
NODE_6616_length_1000_cov_55.578246	522	598	10	21	76	0.2763158
NODE_6616_length_1000_cov_55.578246	522	598	12	6	76	0.0789474
NODE_6616_length_1000_cov_55.578246	575	649	10	38	74	0.5135135
NODE_6616_length_1000_cov_55.578246	575	649	12	36	74	0.4864865
NODE_6617_length_1000_cov_51.534961	432	512	0	15	80	0.1875000
NODE_6617_length_1000_cov_51.534961	432	512	2	65	80	0.8125000
NODE_6617_length_1000_cov_51.534961	485	565	2	65	80	0.8125000
NODE_6617_length_1000_cov_51.534961	485	565	4	3	80	0.0375000
NODE_6617_length_1000_cov_51.534961	485	565	6	6	80	0.0750000
NODE_6617_length_1000_cov_51.534961	485	565	10	6	80	0.0750000
NODE_6617_length_1000_cov_51.534961	561	641	10	11	80	0.1375000
NODE_6617_length_1000_cov_51.534961	561	641	12	46	80	0.5750000
NODE_6617_length_1000_cov_51.534961	561	641	13	1	80	0.0125000
NODE_6617_length_1000_cov_51.534961	561	641	14	22	80	0.2750000
NODE_6617_length_1000_cov_51.534961	614	694	0	4	80	0.0500000
NODE_6617_length_1000_cov_51.534961	614	694	2	38	80	0.4750000
NODE_6617_length_1000_cov_51.534961	614	694	4	5	80	0.0625000
NODE_6617_length_1000_cov_51.534961	614	694	11	1	80	0.0125000
NODE_6617_length_1000_cov_51.534961	614	694	12	9	80	0.1125000
NODE_6617_length_1000_cov_51.534961	614	694	13	1	80	0.0125000
NODE_6617_length_1000_cov_51.534961	614	694	14	22	80	0.2750000
NODE_6618_length_1000_cov_39.011099	186	266	0	10	80	0.1250000
NODE_6618_length_1000_cov_39.011099	186	266	4	70	80	0.8750000
NODE_6618_length_1000_cov_39.011099	239	319	0	47	80	0.5875000
NODE_6618_length_1000_cov_39.011099	239	319	2	3	80	0.0375000
NODE_6618_length_1000_cov_39.011099	239	319	4	30	80	0.3750000
NODE_6619_length_1000_cov_19.897891	451	531	0	48	80	0.6000000
NODE_6619_length_1000_cov_19.897891	451	531	1	10	80	0.1250000
NODE_6619_length_1000_cov_19.897891	451	531	2	22	80	0.2750000
NODE_6619_length_1000_cov_19.897891	504	584	1	5	80	0.0625000
NODE_6619_length_1000_cov_19.897891	504	584	2	75	80	0.9375000
NODE_6619_length_1000_cov_19.897891	580	660	2	11	80	0.1375000
NODE_6619_length_1000_cov_19.897891	580	660	3	10	80	0.1250000
NODE_6619_length_1000_cov_19.897891	580	660	4	59	80	0.7375000
NODE_6619_length_1000_cov_19.897891	633	713	0	33	80	0.4125000
NODE_6619_length_1000_cov_19.897891	633	713	2	21	80	0.2625000
NODE_6619_length_1000_cov_19.897891	633	713	3	10	80	0.1250000
NODE_6619_length_1000_cov_19.897891	633	713	4	16	80	0.2000000
NODE_6620_length_1000_cov_13.349612	324	404	4	47	80	0.5875000
NODE_6620_length_1000_cov_13.349612	324	404	6	33	80	0.4125000
NODE_6620_length_1000_cov_13.349612	377	457	4	31	80	0.3875000
NODE_6620_length_1000_cov_13.349612	377	457	6	49	80	0.6125000
NODE_6621_length_1000_cov_11.463929	382	462	2	80	80	1.0000000
NODE_6621_length_1000_cov_11.463929	435	515	0	53	80	0.6625000
NODE_6621_length_1000_cov_11.463929	435	515	2	27	80	0.3375000
NODE_6622_length_1000_cov_9.675916	625	705	0	80	80	1.0000000
NODE_6622_length_1000_cov_9.675916	678	758	0	80	80	1.0000000
NODE_6623_length_1000_cov_7.051054	358	438	0	80	80	1.0000000
NODE_6623_length_1000_cov_7.051054	411	491	0	80	80	1.0000000
NODE_6626_length_1000_cov_3.652608	203	265	2	62	62	1.0000000
NODE_6639_length_999_cov_47.442222	604	684	4	80	80	1.0000000
NODE_6639_length_999_cov_47.442222	657	723	0	39	66	0.5909091
NODE_6639_length_999_cov_47.442222	657	723	4	27	66	0.4090909
NODE_6640_length_999_cov_33.055556	458	540	0	82	82	1.0000000
NODE_6640_length_999_cov_33.055556	513	593	0	72	80	0.9000000
NODE_6640_length_999_cov_33.055556	513	593	2	8	80	0.1000000
NODE_6641_length_999_cov_22.755556	493	573	2	59	80	0.7375000
NODE_6641_length_999_cov_22.755556	493	573	4	19	80	0.2375000
NODE_6641_length_999_cov_22.755556	493	573	6	2	80	0.0250000
NODE_6641_length_999_cov_22.755556	546	626	2	6	80	0.0750000
NODE_6641_length_999_cov_22.755556	546	626	4	72	80	0.9000000
NODE_6641_length_999_cov_22.755556	546	626	6	2	80	0.0250000
NODE_6642_length_999_cov_21.842222	359	439	0	6	80	0.0750000
NODE_6642_length_999_cov_21.842222	359	439	2	4	80	0.0500000
NODE_6642_length_999_cov_21.842222	359	439	10	70	80	0.8750000
NODE_6642_length_999_cov_21.842222	412	492	0	40	80	0.5000000
NODE_6642_length_999_cov_21.842222	412	492	6	6	80	0.0750000
NODE_6642_length_999_cov_21.842222	412	492	8	6	80	0.0750000
NODE_6642_length_999_cov_21.842222	412	492	10	28	80	0.3500000
NODE_6643_length_999_cov_20.006667	361	441	0	55	80	0.6875000
NODE_6643_length_999_cov_20.006667	361	441	2	20	80	0.2500000
NODE_6643_length_999_cov_20.006667	361	441	12	5	80	0.0625000
NODE_6643_length_999_cov_20.006667	414	494	0	2	80	0.0250000
NODE_6643_length_999_cov_20.006667	414	494	2	20	80	0.2500000
NODE_6643_length_999_cov_20.006667	414	494	10	7	80	0.0875000
NODE_6643_length_999_cov_20.006667	414	494	12	51	80	0.6375000
NODE_6643_length_999_cov_20.006667	490	570	10	80	80	1.0000000
NODE_6643_length_999_cov_20.006667	543	623	0	37	80	0.4625000
NODE_6643_length_999_cov_20.006667	543	623	2	1	80	0.0125000
NODE_6643_length_999_cov_20.006667	543	623	10	42	80	0.5250000
NODE_6645_length_999_cov_16.794444	438	518	4	80	80	1.0000000
NODE_6645_length_999_cov_16.794444	491	571	0	23	80	0.2875000
NODE_6645_length_999_cov_16.794444	491	571	4	57	80	0.7125000
NODE_6646_length_999_cov_15.146667	464	544	0	80	80	1.0000000
NODE_6646_length_999_cov_15.146667	517	597	0	30	80	0.3750000
NODE_6646_length_999_cov_15.146667	517	597	2	50	80	0.6250000
NODE_6648_length_999_cov_8.771111	361	441	0	80	80	1.0000000
NODE_6648_length_999_cov_8.771111	414	492	0	78	78	1.0000000
NODE_6649_length_999_cov_5.171111	417	497	0	80	80	1.0000000
NODE_6649_length_999_cov_5.171111	470	550	0	46	80	0.5750000
NODE_6649_length_999_cov_5.171111	470	550	2	34	80	0.4250000
NODE_6650_length_999_cov_2.854444	35	101	2	17	66	0.2575758
NODE_6650_length_999_cov_2.854444	35	101	4	45	66	0.6818182
NODE_6650_length_999_cov_2.854444	35	101	8	2	66	0.0303030
NODE_6650_length_999_cov_2.854444	35	101	10	2	66	0.0303030
NODE_6657_length_998_cov_30.697442	404	484	0	80	80	1.0000000
NODE_6657_length_998_cov_30.697442	457	537	0	80	80	1.0000000
NODE_6657_length_998_cov_30.697442	533	613	0	80	80	1.0000000
NODE_6657_length_998_cov_30.697442	586	666	0	49	80	0.6125000
NODE_6657_length_998_cov_30.697442	586	666	2	19	80	0.2375000
NODE_6657_length_998_cov_30.697442	586	666	4	12	80	0.1500000
NODE_6658_length_998_cov_23.703003	235	315	0	19	80	0.2375000
NODE_6658_length_998_cov_23.703003	235	315	1	10	80	0.1250000
NODE_6658_length_998_cov_23.703003	235	315	2	51	80	0.6375000
NODE_6658_length_998_cov_23.703003	288	368	2	80	80	1.0000000
NODE_6659_length_998_cov_22.692992	531	611	0	9	80	0.1125000
NODE_6659_length_998_cov_22.692992	531	611	2	71	80	0.8875000
NODE_6659_length_998_cov_22.692992	584	664	0	62	80	0.7750000
NODE_6659_length_998_cov_22.692992	584	664	2	18	80	0.2250000
NODE_6660_length_998_cov_11.152392	514	594	0	30	80	0.3750000
NODE_6660_length_998_cov_11.152392	514	594	4	50	80	0.6250000
NODE_6660_length_998_cov_11.152392	567	640	0	73	73	1.0000000
NODE_6660_length_998_cov_11.152392	636	716	0	80	80	1.0000000
NODE_6660_length_998_cov_11.152392	689	769	0	80	80	1.0000000
NODE_6661_length_998_cov_10.061179	422	502	0	46	80	0.5750000
NODE_6661_length_998_cov_10.061179	422	502	2	34	80	0.4250000
NODE_6661_length_998_cov_10.061179	475	555	2	80	80	1.0000000
NODE_6662_length_998_cov_7.126808	353	430	0	77	77	1.0000000
NODE_6662_length_998_cov_7.126808	403	483	0	80	80	1.0000000
NODE_6669_length_997_cov_48.518931	445	525	0	2	80	0.0250000
NODE_6669_length_997_cov_48.518931	445	525	2	16	80	0.2000000
NODE_6669_length_997_cov_48.518931	445	525	4	3	80	0.0375000
NODE_6669_length_997_cov_48.518931	445	525	6	59	80	0.7375000
NODE_6669_length_997_cov_48.518931	498	578	0	55	80	0.6875000
NODE_6669_length_997_cov_48.518931	498	578	2	16	80	0.2000000
NODE_6669_length_997_cov_48.518931	498	578	6	9	80	0.1125000
NODE_6670_length_997_cov_36.721604	400	480	0	80	80	1.0000000
NODE_6670_length_997_cov_36.721604	453	533	0	80	80	1.0000000
NODE_6671_length_997_cov_22.646993	328	408	0	51	80	0.6375000
NODE_6671_length_997_cov_22.646993	328	408	2	29	80	0.3625000
NODE_6671_length_997_cov_22.646993	381	461	2	80	80	1.0000000
NODE_6672_length_997_cov_19.709354	420	500	0	34	80	0.4250000
NODE_6672_length_997_cov_19.709354	420	500	2	46	80	0.5750000
NODE_6672_length_997_cov_19.709354	473	553	0	80	80	1.0000000
NODE_6672_length_997_cov_19.709354	549	629	0	34	80	0.4250000
NODE_6672_length_997_cov_19.709354	549	629	4	46	80	0.5750000
NODE_6672_length_997_cov_19.709354	602	682	4	80	80	1.0000000
NODE_6673_length_997_cov_17.947661	465	545	3	7	80	0.0875000
NODE_6673_length_997_cov_17.947661	465	545	6	71	80	0.8875000
NODE_6673_length_997_cov_17.947661	465	545	7	2	80	0.0250000
NODE_6673_length_997_cov_17.947661	518	598	4	42	80	0.5250000
NODE_6673_length_997_cov_17.947661	518	598	6	38	80	0.4750000
NODE_6673_length_997_cov_17.947661	594	674	0	76	80	0.9500000
NODE_6673_length_997_cov_17.947661	594	674	4	4	80	0.0500000
NODE_6673_length_997_cov_17.947661	647	727	0	80	80	1.0000000
NODE_6674_length_997_cov_14.718263	388	468	0	50	80	0.6250000
NODE_6674_length_997_cov_14.718263	388	468	2	9	80	0.1125000
NODE_6674_length_997_cov_14.718263	388	468	4	6	80	0.0750000
NODE_6674_length_997_cov_14.718263	388	468	6	15	80	0.1875000
NODE_6674_length_997_cov_14.718263	441	521	2	6	80	0.0750000
NODE_6674_length_997_cov_14.718263	441	521	4	8	80	0.1000000
NODE_6674_length_997_cov_14.718263	441	521	6	66	80	0.8250000
NODE_6675_length_997_cov_7.114699	307	387	0	15	80	0.1875000
NODE_6675_length_997_cov_7.114699	307	387	2	65	80	0.8125000
NODE_6675_length_997_cov_7.114699	360	440	0	17	80	0.2125000
NODE_6675_length_997_cov_7.114699	360	440	2	63	80	0.7875000
NODE_6694_length_996_cov_59.568562	387	467	0	57	80	0.7125000
NODE_6694_length_996_cov_59.568562	387	467	5	2	80	0.0250000
NODE_6694_length_996_cov_59.568562	387	467	6	21	80	0.2625000
NODE_6694_length_996_cov_59.568562	440	520	0	4	80	0.0500000
NODE_6694_length_996_cov_59.568562	440	520	5	2	80	0.0250000
NODE_6694_length_996_cov_59.568562	440	520	6	39	80	0.4875000
NODE_6694_length_996_cov_59.568562	440	520	7	35	80	0.4375000
NODE_6695_length_996_cov_32.462653	503	583	8	33	80	0.4125000
NODE_6695_length_996_cov_32.462653	503	583	10	47	80	0.5875000
NODE_6695_length_996_cov_32.462653	556	636	0	28	80	0.3500000
NODE_6695_length_996_cov_32.462653	556	636	7	1	80	0.0125000
NODE_6695_length_996_cov_32.462653	556	636	8	51	80	0.6375000
NODE_6696_length_996_cov_23.312152	571	651	4	3	80	0.0375000
NODE_6696_length_996_cov_23.312152	571	651	6	77	80	0.9625000
NODE_6696_length_996_cov_23.312152	624	704	0	31	80	0.3875000
NODE_6696_length_996_cov_23.312152	624	704	4	25	80	0.3125000
NODE_6696_length_996_cov_23.312152	624	704	6	24	80	0.3000000
NODE_6697_length_996_cov_20.979933	533	613	0	80	80	1.0000000
NODE_6697_length_996_cov_20.979933	586	666	0	73	80	0.9125000
NODE_6697_length_996_cov_20.979933	586	666	4	7	80	0.0875000
NODE_6698_length_996_cov_17.865106	535	615	1	42	80	0.5250000
NODE_6698_length_996_cov_17.865106	535	615	2	9	80	0.1125000
NODE_6698_length_996_cov_17.865106	535	615	3	29	80	0.3625000
NODE_6698_length_996_cov_17.865106	588	668	1	80	80	1.0000000
NODE_6699_length_996_cov_10.297659	499	579	16	47	80	0.5875000
NODE_6699_length_996_cov_10.297659	499	579	18	33	80	0.4125000
NODE_6699_length_996_cov_10.297659	552	630	2	26	78	0.3333333
NODE_6699_length_996_cov_10.297659	552	630	18	52	78	0.6666667
NODE_6702_length_996_cov_3.205128	499	555	2	56	56	1.0000000
NODE_6707_length_995_cov_26.131696	543	623	0	7	80	0.0875000
NODE_6707_length_995_cov_26.131696	543	623	2	73	80	0.9125000
NODE_6707_length_995_cov_26.131696	596	676	0	33	80	0.4125000
NODE_6707_length_995_cov_26.131696	596	676	2	47	80	0.5875000
NODE_6708_length_995_cov_20.262277	457	537	0	38	80	0.4750000
NODE_6708_length_995_cov_20.262277	457	537	6	42	80	0.5250000
NODE_6708_length_995_cov_20.262277	510	590	0	80	80	1.0000000
NODE_6709_length_995_cov_19.382812	457	537	0	4	80	0.0500000
NODE_6709_length_995_cov_19.382812	457	537	2	23	80	0.2875000
NODE_6709_length_995_cov_19.382812	457	537	6	53	80	0.6625000
NODE_6709_length_995_cov_19.382812	510	590	4	11	80	0.1375000
NODE_6709_length_995_cov_19.382812	510	590	6	28	80	0.3500000
NODE_6709_length_995_cov_19.382812	510	590	8	41	80	0.5125000
NODE_6710_length_995_cov_19.034598	453	533	0	15	80	0.1875000
NODE_6710_length_995_cov_19.034598	453	533	4	65	80	0.8125000
NODE_6710_length_995_cov_19.034598	506	586	0	68	80	0.8500000
NODE_6710_length_995_cov_19.034598	506	586	4	12	80	0.1500000
NODE_6711_length_995_cov_9.734375	222	323	0	101	101	1.0000000
NODE_6711_length_995_cov_9.734375	296	376	0	80	80	1.0000000
NODE_6723_length_994_cov_74.678212	362	442	2	80	80	1.0000000
NODE_6723_length_994_cov_74.678212	415	495	0	48	80	0.6000000
NODE_6723_length_994_cov_74.678212	415	495	2	32	80	0.4000000
NODE_6723_length_994_cov_74.678212	491	571	0	80	80	1.0000000
NODE_6723_length_994_cov_74.678212	544	624	0	55	80	0.6875000
NODE_6723_length_994_cov_74.678212	544	624	2	25	80	0.3125000
NODE_6724_length_994_cov_26.045810	442	522	0	80	80	1.0000000
NODE_6724_length_994_cov_26.045810	495	575	0	80	80	1.0000000
NODE_6725_length_994_cov_25.240223	504	584	1	80	80	1.0000000
NODE_6725_length_994_cov_25.240223	557	637	0	5	80	0.0625000
NODE_6725_length_994_cov_25.240223	557	637	1	75	80	0.9375000
NODE_6726_length_994_cov_24.615642	422	502	0	80	80	1.0000000
NODE_6726_length_994_cov_24.615642	475	555	0	80	80	1.0000000
NODE_6726_length_994_cov_24.615642	551	631	0	14	80	0.1750000
NODE_6726_length_994_cov_24.615642	551	631	4	33	80	0.4125000
NODE_6726_length_994_cov_24.615642	551	631	6	13	80	0.1625000
NODE_6726_length_994_cov_24.615642	551	631	8	20	80	0.2500000
NODE_6726_length_994_cov_24.615642	604	684	2	2	80	0.0250000
NODE_6726_length_994_cov_24.615642	604	684	4	10	80	0.1250000
NODE_6726_length_994_cov_24.615642	604	684	6	27	80	0.3375000
NODE_6726_length_994_cov_24.615642	604	684	8	27	80	0.3375000
NODE_6726_length_994_cov_24.615642	604	684	10	14	80	0.1750000
NODE_6727_length_994_cov_22.593296	323	403	0	80	80	1.0000000
NODE_6727_length_994_cov_22.593296	376	456	0	80	80	1.0000000
NODE_6727_length_994_cov_22.593296	452	532	0	21	80	0.2625000
NODE_6727_length_994_cov_22.593296	452	532	2	59	80	0.7375000
NODE_6727_length_994_cov_22.593296	505	585	0	21	80	0.2625000
NODE_6727_length_994_cov_22.593296	505	585	2	59	80	0.7375000
NODE_6728_length_994_cov_6.985475	0	58	0	58	58	1.0000000
NODE_6728_length_994_cov_6.985475	15	95	0	80	80	1.0000000
NODE_6728_length_994_cov_6.985475	68	148	0	80	80	1.0000000
NODE_6740_length_993_cov_56.321029	266	346	0	80	80	1.0000000
NODE_6740_length_993_cov_56.321029	319	399	0	80	80	1.0000000
NODE_6740_length_993_cov_56.321029	400	470	0	50	70	0.7142857
NODE_6740_length_993_cov_56.321029	400	470	4	20	70	0.2857143
NODE_6740_length_993_cov_56.321029	443	523	0	7	80	0.0875000
NODE_6740_length_993_cov_56.321029	443	523	4	73	80	0.9125000
NODE_6741_length_993_cov_44.695749	385	465	0	33	80	0.4125000
NODE_6741_length_993_cov_44.695749	385	465	2	47	80	0.5875000
NODE_6741_length_993_cov_44.695749	438	518	0	80	80	1.0000000
NODE_6742_length_993_cov_40.574944	417	497	2	40	80	0.5000000
NODE_6742_length_993_cov_40.574944	417	497	4	40	80	0.5000000
NODE_6742_length_993_cov_40.574944	470	550	2	41	80	0.5125000
NODE_6742_length_993_cov_40.574944	470	550	4	39	80	0.4875000
NODE_6742_length_993_cov_40.574944	546	628	0	75	82	0.9146342
NODE_6742_length_993_cov_40.574944	546	628	2	7	82	0.0853659
NODE_6742_length_993_cov_40.574944	601	681	0	27	80	0.3375000
NODE_6742_length_993_cov_40.574944	601	681	2	53	80	0.6625000
NODE_6743_length_993_cov_39.817673	3	83	0	80	80	1.0000000
NODE_6744_length_993_cov_30.128635	477	557	0	80	80	1.0000000
NODE_6744_length_993_cov_30.128635	530	610	0	80	80	1.0000000
NODE_6745_length_993_cov_17.435123	573	653	0	80	80	1.0000000
NODE_6745_length_993_cov_17.435123	626	706	0	80	80	1.0000000
NODE_6746_length_993_cov_13.074944	483	563	0	47	80	0.5875000
NODE_6746_length_993_cov_13.074944	483	563	2	33	80	0.4125000
NODE_6746_length_993_cov_13.074944	536	616	0	16	80	0.2000000
NODE_6746_length_993_cov_13.074944	536	616	2	64	80	0.8000000
NODE_6747_length_993_cov_10.190157	500	580	2	48	80	0.6000000
NODE_6747_length_993_cov_10.190157	500	580	4	32	80	0.4000000
NODE_6747_length_993_cov_10.190157	553	633	0	39	80	0.4875000
NODE_6747_length_993_cov_10.190157	553	633	2	41	80	0.5125000
NODE_6756_length_993_cov_0.909396	16	73	0	57	57	1.0000000
NODE_6757_length_992_cov_36.119821	354	434	6	80	80	1.0000000
NODE_6757_length_992_cov_36.119821	407	487	0	37	80	0.4625000
NODE_6757_length_992_cov_36.119821	407	487	5	1	80	0.0125000
NODE_6757_length_992_cov_36.119821	407	487	6	42	80	0.5250000
NODE_6757_length_992_cov_36.119821	483	563	0	17	80	0.2125000
NODE_6757_length_992_cov_36.119821	483	563	2	63	80	0.7875000
NODE_6757_length_992_cov_36.119821	536	616	0	16	80	0.2000000
NODE_6757_length_992_cov_36.119821	536	616	2	33	80	0.4125000
NODE_6757_length_992_cov_36.119821	536	616	4	31	80	0.3875000
NODE_6758_length_992_cov_34.802912	443	523	0	80	80	1.0000000
NODE_6758_length_992_cov_34.802912	496	576	0	80	80	1.0000000
NODE_6759_length_992_cov_33.047032	381	461	0	21	80	0.2625000
NODE_6759_length_992_cov_33.047032	381	461	2	59	80	0.7375000
NODE_6759_length_992_cov_33.047032	434	514	0	74	80	0.9250000
NODE_6759_length_992_cov_33.047032	434	514	2	6	80	0.0750000
NODE_6759_length_992_cov_33.047032	510	590	0	80	80	1.0000000
NODE_6759_length_992_cov_33.047032	563	643	0	80	80	1.0000000
NODE_6760_length_992_cov_23.543113	435	515	0	46	80	0.5750000
NODE_6760_length_992_cov_23.543113	435	515	2	34	80	0.4250000
NODE_6760_length_992_cov_23.543113	488	568	0	2	80	0.0250000
NODE_6760_length_992_cov_23.543113	488	568	2	78	80	0.9750000
NODE_6761_length_992_cov_22.608063	440	520	0	18	80	0.2250000
NODE_6761_length_992_cov_22.608063	440	520	4	27	80	0.3375000
NODE_6761_length_992_cov_22.608063	440	520	6	35	80	0.4375000
NODE_6761_length_992_cov_22.608063	493	573	4	12	80	0.1500000
NODE_6761_length_992_cov_22.608063	493	573	6	68	80	0.8500000
NODE_6762_length_992_cov_21.427772	216	296	0	56	80	0.7000000
NODE_6762_length_992_cov_21.427772	216	296	2	24	80	0.3000000
NODE_6762_length_992_cov_21.427772	269	349	0	80	80	1.0000000
NODE_6763_length_992_cov_20.010078	312	392	4	80	80	1.0000000
NODE_6763_length_992_cov_20.010078	365	445	0	39	80	0.4875000
NODE_6763_length_992_cov_20.010078	365	445	4	41	80	0.5125000
NODE_6764_length_992_cov_16.524076	465	545	0	80	80	1.0000000
NODE_6764_length_992_cov_16.524076	518	598	0	80	80	1.0000000
NODE_6765_length_992_cov_16.266517	396	476	0	28	80	0.3500000
NODE_6765_length_992_cov_16.266517	396	476	2	52	80	0.6500000
NODE_6765_length_992_cov_16.266517	449	529	0	31	80	0.3875000
NODE_6765_length_992_cov_16.266517	449	529	2	49	80	0.6125000
NODE_6766_length_992_cov_16.146697	272	352	0	80	80	1.0000000
NODE_6766_length_992_cov_16.146697	325	405	0	80	80	1.0000000
NODE_6767_length_992_cov_15.212766	354	434	0	80	80	1.0000000
NODE_6767_length_992_cov_15.212766	407	487	0	80	80	1.0000000
NODE_6767_length_992_cov_15.212766	483	563	0	38	80	0.4750000
NODE_6767_length_992_cov_15.212766	483	563	2	42	80	0.5250000
NODE_6767_length_992_cov_15.212766	536	616	2	80	80	1.0000000
NODE_6781_length_991_cov_48.582960	451	531	0	51	80	0.6375000
NODE_6781_length_991_cov_48.582960	451	531	2	29	80	0.3625000
NODE_6781_length_991_cov_48.582960	504	584	0	18	80	0.2250000
NODE_6781_length_991_cov_48.582960	504	584	2	62	80	0.7750000
NODE_6782_length_991_cov_25.891256	340	420	0	80	80	1.0000000
NODE_6782_length_991_cov_25.891256	393	473	0	80	80	1.0000000
NODE_6782_length_991_cov_25.891256	469	549	0	80	80	1.0000000
NODE_6782_length_991_cov_25.891256	522	602	0	80	80	1.0000000
NODE_6783_length_991_cov_25.392377	377	457	0	59	80	0.7375000
NODE_6783_length_991_cov_25.392377	377	457	2	21	80	0.2625000
NODE_6783_length_991_cov_25.392377	430	510	0	12	80	0.1500000
NODE_6783_length_991_cov_25.392377	430	510	2	68	80	0.8500000
NODE_6783_length_991_cov_25.392377	506	586	0	80	80	1.0000000
NODE_6783_length_991_cov_25.392377	559	639	0	80	80	1.0000000
NODE_6784_length_991_cov_22.210762	421	501	0	9	80	0.1125000
NODE_6784_length_991_cov_22.210762	421	501	2	71	80	0.8875000
NODE_6784_length_991_cov_22.210762	474	554	0	5	80	0.0625000
NODE_6784_length_991_cov_22.210762	474	554	2	75	80	0.9375000
NODE_6785_length_991_cov_18.008969	366	446	0	29	80	0.3625000
NODE_6785_length_991_cov_18.008969	366	446	2	51	80	0.6375000
NODE_6785_length_991_cov_18.008969	419	499	0	80	80	1.0000000
NODE_6785_length_991_cov_18.008969	495	575	0	80	80	1.0000000
NODE_6785_length_991_cov_18.008969	548	629	0	81	81	1.0000000
NODE_6786_length_991_cov_14.727578	426	506	2	9	80	0.1125000
NODE_6786_length_991_cov_14.727578	426	506	6	2	80	0.0250000
NODE_6786_length_991_cov_14.727578	426	506	11	1	80	0.0125000
NODE_6786_length_991_cov_14.727578	426	506	13	4	80	0.0500000
NODE_6786_length_991_cov_14.727578	426	506	14	1	80	0.0125000
NODE_6786_length_991_cov_14.727578	426	506	17	1	80	0.0125000
NODE_6786_length_991_cov_14.727578	426	506	20	3	80	0.0375000
NODE_6786_length_991_cov_14.727578	426	506	22	9	80	0.1125000
NODE_6786_length_991_cov_14.727578	426	506	23	41	80	0.5125000
NODE_6786_length_991_cov_14.727578	426	506	30	2	80	0.0250000
NODE_6786_length_991_cov_14.727578	426	506	32	7	80	0.0875000
NODE_6786_length_991_cov_14.727578	479	559	20	7	80	0.0875000
NODE_6786_length_991_cov_14.727578	479	559	22	2	80	0.0250000
NODE_6786_length_991_cov_14.727578	479	559	23	18	80	0.2250000
NODE_6786_length_991_cov_14.727578	479	559	26	21	80	0.2625000
NODE_6786_length_991_cov_14.727578	479	559	28	4	80	0.0500000
NODE_6786_length_991_cov_14.727578	479	559	29	3	80	0.0375000
NODE_6786_length_991_cov_14.727578	479	559	30	2	80	0.0250000
NODE_6786_length_991_cov_14.727578	479	559	31	11	80	0.1375000
NODE_6786_length_991_cov_14.727578	479	559	32	12	80	0.1500000
NODE_6787_length_991_cov_13.081839	240	320	0	33	80	0.4125000
NODE_6787_length_991_cov_13.081839	240	320	2	47	80	0.5875000
NODE_6787_length_991_cov_13.081839	293	373	0	30	80	0.3750000
NODE_6787_length_991_cov_13.081839	293	373	2	50	80	0.6250000
NODE_6788_length_991_cov_12.693946	425	505	0	80	80	1.0000000
NODE_6788_length_991_cov_12.693946	478	558	0	40	80	0.5000000
NODE_6788_length_991_cov_12.693946	478	558	2	40	80	0.5000000
NODE_6789_length_991_cov_9.647982	436	516	4	80	80	1.0000000
NODE_6789_length_991_cov_9.647982	489	569	0	46	80	0.5750000
NODE_6789_length_991_cov_9.647982	489	569	2	7	80	0.0875000
NODE_6789_length_991_cov_9.647982	489	569	4	27	80	0.3375000
NODE_6790_length_991_cov_5.176009	538	618	0	11	80	0.1375000
NODE_6790_length_991_cov_5.176009	538	618	1	69	80	0.8625000
NODE_6790_length_991_cov_5.176009	591	671	1	80	80	1.0000000
NODE_6801_length_990_cov_39.386083	402	482	0	80	80	1.0000000
NODE_6801_length_990_cov_39.386083	455	535	0	80	80	1.0000000
NODE_6802_length_990_cov_35.993266	321	401	0	80	80	1.0000000
NODE_6802_length_990_cov_35.993266	374	454	0	72	80	0.9000000
NODE_6802_length_990_cov_35.993266	374	454	1	8	80	0.1000000
NODE_6802_length_990_cov_35.993266	450	530	1	10	80	0.1250000
NODE_6802_length_990_cov_35.993266	450	530	5	38	80	0.4750000
NODE_6802_length_990_cov_35.993266	450	530	6	32	80	0.4000000
NODE_6802_length_990_cov_35.993266	503	583	3	17	80	0.2125000
NODE_6802_length_990_cov_35.993266	503	583	5	63	80	0.7875000
NODE_6803_length_990_cov_24.445567	588	668	0	24	80	0.3000000
NODE_6803_length_990_cov_24.445567	588	668	4	56	80	0.7000000
NODE_6803_length_990_cov_24.445567	641	721	0	26	80	0.3250000
NODE_6803_length_990_cov_24.445567	641	721	4	54	80	0.6750000
NODE_6805_length_990_cov_22.378227	430	510	0	57	80	0.7125000
NODE_6805_length_990_cov_22.378227	430	510	2	8	80	0.1000000
NODE_6805_length_990_cov_22.378227	430	510	6	15	80	0.1875000
NODE_6805_length_990_cov_22.378227	483	563	0	12	80	0.1500000
NODE_6805_length_990_cov_22.378227	483	563	6	68	80	0.8500000
NODE_6806_length_990_cov_20.150393	408	488	0	80	80	1.0000000
NODE_6806_length_990_cov_20.150393	461	541	0	80	80	1.0000000
NODE_6807_length_990_cov_18.154882	434	514	4	31	80	0.3875000
NODE_6807_length_990_cov_18.154882	434	514	6	19	80	0.2375000
NODE_6807_length_990_cov_18.154882	434	514	8	1	80	0.0125000
NODE_6807_length_990_cov_18.154882	434	514	10	29	80	0.3625000
NODE_6807_length_990_cov_18.154882	487	567	6	72	80	0.9000000
NODE_6807_length_990_cov_18.154882	487	567	8	1	80	0.0125000
NODE_6807_length_990_cov_18.154882	487	567	10	7	80	0.0875000
NODE_6808_length_990_cov_17.250281	329	409	0	80	80	1.0000000
NODE_6808_length_990_cov_17.250281	382	462	0	80	80	1.0000000
NODE_6808_length_990_cov_17.250281	458	538	0	78	80	0.9750000
NODE_6808_length_990_cov_17.250281	458	538	4	2	80	0.0250000
NODE_6808_length_990_cov_17.250281	511	591	0	25	80	0.3125000
NODE_6808_length_990_cov_17.250281	511	591	4	12	80	0.1500000
NODE_6808_length_990_cov_17.250281	511	591	6	43	80	0.5375000
NODE_6809_length_990_cov_14.977553	448	528	0	24	80	0.3000000
NODE_6809_length_990_cov_14.977553	448	528	2	56	80	0.7000000
NODE_6809_length_990_cov_14.977553	501	581	2	80	80	1.0000000
NODE_6810_length_990_cov_13.846240	482	562	2	11	80	0.1375000
NODE_6810_length_990_cov_13.846240	482	562	3	69	80	0.8625000
NODE_6810_length_990_cov_13.846240	535	615	0	50	80	0.6250000
NODE_6810_length_990_cov_13.846240	535	615	3	30	80	0.3750000
NODE_6821_length_990_cov_0.978676	79	151	0	5	72	0.0694444
NODE_6821_length_990_cov_0.978676	79	151	2	67	72	0.9305556
NODE_6821_length_990_cov_0.978676	82	152	0	6	70	0.0857143
NODE_6821_length_990_cov_0.978676	82	152	2	64	70	0.9142857
NODE_6823_length_989_cov_45.902247	47	127	11	1	80	0.0125000
NODE_6823_length_989_cov_45.902247	47	127	13	2	80	0.0250000
NODE_6823_length_989_cov_45.902247	47	127	17	1	80	0.0125000
NODE_6823_length_989_cov_45.902247	47	127	25	1	80	0.0125000
NODE_6823_length_989_cov_45.902247	47	127	27	1	80	0.0125000
NODE_6823_length_989_cov_45.902247	47	127	31	1	80	0.0125000
NODE_6823_length_989_cov_45.902247	47	127	32	1	80	0.0125000
NODE_6823_length_989_cov_45.902247	47	127	40	3	80	0.0375000
NODE_6823_length_989_cov_45.902247	47	127	42	1	80	0.0125000
NODE_6823_length_989_cov_45.902247	47	127	44	3	80	0.0375000
NODE_6823_length_989_cov_45.902247	47	127	46	2	80	0.0250000
NODE_6823_length_989_cov_45.902247	47	127	48	3	80	0.0375000
NODE_6823_length_989_cov_45.902247	47	127	50	2	80	0.0250000
NODE_6823_length_989_cov_45.902247	47	127	52	2	80	0.0250000
NODE_6823_length_989_cov_45.902247	47	127	53	31	80	0.3875000
NODE_6823_length_989_cov_45.902247	47	127	54	25	80	0.3125000
NODE_6823_length_989_cov_45.902247	330	410	0	80	80	1.0000000
NODE_6823_length_989_cov_45.902247	383	463	0	80	80	1.0000000
NODE_6824_length_989_cov_35.430337	412	492	0	44	80	0.5500000
NODE_6824_length_989_cov_35.430337	412	492	2	36	80	0.4500000
NODE_6824_length_989_cov_35.430337	465	545	0	23	80	0.2875000
NODE_6824_length_989_cov_35.430337	465	545	2	57	80	0.7125000
NODE_6825_length_989_cov_30.124719	477	557	0	11	80	0.1375000
NODE_6825_length_989_cov_30.124719	477	557	4	69	80	0.8625000
NODE_6825_length_989_cov_30.124719	530	610	0	64	80	0.8000000
NODE_6825_length_989_cov_30.124719	530	610	4	16	80	0.2000000
NODE_6826_length_989_cov_29.347191	447	527	0	17	80	0.2125000
NODE_6826_length_989_cov_29.347191	447	527	2	26	80	0.3250000
NODE_6826_length_989_cov_29.347191	447	527	3	37	80	0.4625000
NODE_6826_length_989_cov_29.347191	500	580	0	57	80	0.7125000
NODE_6826_length_989_cov_29.347191	500	580	1	13	80	0.1625000
NODE_6826_length_989_cov_29.347191	500	580	2	10	80	0.1250000
NODE_6826_length_989_cov_29.347191	576	656	1	15	80	0.1875000
NODE_6826_length_989_cov_29.347191	576	656	3	65	80	0.8125000
NODE_6826_length_989_cov_29.347191	629	709	1	33	80	0.4125000
NODE_6826_length_989_cov_29.347191	629	709	3	47	80	0.5875000
NODE_6827_length_989_cov_27.886517	245	325	0	80	80	1.0000000
NODE_6827_length_989_cov_27.886517	298	378	0	58	80	0.7250000
NODE_6827_length_989_cov_27.886517	298	378	2	22	80	0.2750000
NODE_6827_length_989_cov_27.886517	374	454	2	11	80	0.1375000
NODE_6827_length_989_cov_27.886517	374	454	4	25	80	0.3125000
NODE_6827_length_989_cov_27.886517	374	454	5	12	80	0.1500000
NODE_6827_length_989_cov_27.886517	374	454	6	1	80	0.0125000
NODE_6827_length_989_cov_27.886517	374	454	7	31	80	0.3875000
NODE_6827_length_989_cov_27.886517	427	507	3	13	80	0.1625000
NODE_6827_length_989_cov_27.886517	427	507	4	35	80	0.4375000
NODE_6827_length_989_cov_27.886517	427	507	5	17	80	0.2125000
NODE_6827_length_989_cov_27.886517	427	507	7	15	80	0.1875000
NODE_6828_length_989_cov_27.515730	393	473	0	38	80	0.4750000
NODE_6828_length_989_cov_27.515730	393	473	4	42	80	0.5250000
NODE_6828_length_989_cov_27.515730	446	526	4	57	80	0.7125000
NODE_6828_length_989_cov_27.515730	446	526	6	23	80	0.2875000
NODE_6828_length_989_cov_27.515730	522	602	2	4	80	0.0500000
NODE_6828_length_989_cov_27.515730	522	602	4	32	80	0.4000000
NODE_6828_length_989_cov_27.515730	522	602	6	44	80	0.5500000
NODE_6828_length_989_cov_27.515730	575	655	2	17	80	0.2125000
NODE_6828_length_989_cov_27.515730	575	655	4	52	80	0.6500000
NODE_6828_length_989_cov_27.515730	575	655	6	11	80	0.1375000
NODE_6829_length_989_cov_23.844944	312	392	2	80	80	1.0000000
NODE_6829_length_989_cov_23.844944	365	445	0	25	80	0.3125000
NODE_6829_length_989_cov_23.844944	365	445	1	9	80	0.1125000
NODE_6829_length_989_cov_23.844944	365	445	2	46	80	0.5750000
NODE_6830_length_989_cov_23.131461	475	555	0	80	80	1.0000000
NODE_6830_length_989_cov_23.131461	528	608	0	44	80	0.5500000
NODE_6830_length_989_cov_23.131461	528	608	4	36	80	0.4500000
NODE_6831_length_989_cov_20.189888	500	580	0	29	80	0.3625000
NODE_6831_length_989_cov_20.189888	500	580	2	51	80	0.6375000
NODE_6831_length_989_cov_20.189888	553	633	0	4	80	0.0500000
NODE_6831_length_989_cov_20.189888	553	633	2	76	80	0.9500000
NODE_6832_length_989_cov_18.429213	190	270	0	30	80	0.3750000
NODE_6832_length_989_cov_18.429213	190	270	2	25	80	0.3125000
NODE_6832_length_989_cov_18.429213	190	270	4	25	80	0.3125000
NODE_6832_length_989_cov_18.429213	258	323	0	65	65	1.0000000
NODE_6832_length_989_cov_18.429213	319	399	0	16	80	0.2000000
NODE_6832_length_989_cov_18.429213	319	399	2	19	80	0.2375000
NODE_6832_length_989_cov_18.429213	319	399	4	9	80	0.1125000
NODE_6832_length_989_cov_18.429213	319	399	6	36	80	0.4500000
NODE_6832_length_989_cov_18.429213	372	412	6	40	40	1.0000000
NODE_6833_length_989_cov_10.307865	433	513	0	80	80	1.0000000
NODE_6833_length_989_cov_10.307865	486	570	0	56	84	0.6666667
NODE_6833_length_989_cov_10.307865	486	570	2	27	84	0.3214286
NODE_6833_length_989_cov_10.307865	486	570	4	1	84	0.0119048
NODE_6833_length_989_cov_10.307865	566	642	2	3	76	0.0394737
NODE_6833_length_989_cov_10.307865	566	642	4	73	76	0.9605263
NODE_6833_length_989_cov_10.307865	615	695	2	7	80	0.0875000
NODE_6833_length_989_cov_10.307865	615	695	4	73	80	0.9125000
NODE_6834_length_989_cov_8.941573	528	608	0	80	80	1.0000000
NODE_6834_length_989_cov_8.941573	581	661	0	80	80	1.0000000
NODE_6835_length_989_cov_5.132584	459	524	0	65	65	1.0000000
NODE_6838_length_989_cov_2.540449	703	783	0	80	80	1.0000000
NODE_6845_length_988_cov_52.168729	361	441	0	80	80	1.0000000
NODE_6845_length_988_cov_52.168729	414	494	0	80	80	1.0000000
NODE_6845_length_988_cov_52.168729	490	570	0	67	80	0.8375000
NODE_6845_length_988_cov_52.168729	490	570	3	1	80	0.0125000
NODE_6845_length_988_cov_52.168729	490	570	4	12	80	0.1500000
NODE_6845_length_988_cov_52.168729	543	623	0	14	80	0.1750000
NODE_6845_length_988_cov_52.168729	543	623	3	1	80	0.0125000
NODE_6845_length_988_cov_52.168729	543	623	4	65	80	0.8125000
NODE_6846_length_988_cov_36.733408	390	470	0	64	80	0.8000000
NODE_6846_length_988_cov_36.733408	390	470	8	16	80	0.2000000
NODE_6846_length_988_cov_36.733408	443	523	0	11	80	0.1375000
NODE_6846_length_988_cov_36.733408	443	523	8	69	80	0.8625000
NODE_6847_length_988_cov_36.221597	478	558	0	80	80	1.0000000
NODE_6847_length_988_cov_36.221597	531	611	0	80	80	1.0000000
NODE_6848_length_988_cov_25.895388	389	469	2	37	80	0.4625000
NODE_6848_length_988_cov_25.895388	389	469	4	43	80	0.5375000
NODE_6848_length_988_cov_25.895388	442	522	2	2	80	0.0250000
NODE_6848_length_988_cov_25.895388	442	522	3	3	80	0.0375000
NODE_6848_length_988_cov_25.895388	442	522	4	63	80	0.7875000
NODE_6848_length_988_cov_25.895388	442	522	5	10	80	0.1250000
NODE_6848_length_988_cov_25.895388	442	522	6	2	80	0.0250000
NODE_6848_length_988_cov_25.895388	518	598	0	10	80	0.1250000
NODE_6848_length_988_cov_25.895388	518	598	2	68	80	0.8500000
NODE_6848_length_988_cov_25.895388	518	598	3	2	80	0.0250000
NODE_6848_length_988_cov_25.895388	571	651	0	63	80	0.7875000
NODE_6848_length_988_cov_25.895388	571	651	2	17	80	0.2125000
NODE_6849_length_988_cov_20.250844	423	503	0	28	80	0.3500000
NODE_6849_length_988_cov_20.250844	423	503	7	1	80	0.0125000
NODE_6849_length_988_cov_20.250844	423	503	8	8	80	0.1000000
NODE_6849_length_988_cov_20.250844	423	503	15	13	80	0.1625000
NODE_6849_length_988_cov_20.250844	423	503	17	7	80	0.0875000
NODE_6849_length_988_cov_20.250844	423	503	20	18	80	0.2250000
NODE_6849_length_988_cov_20.250844	423	503	21	5	80	0.0625000
NODE_6849_length_988_cov_20.250844	476	556	17	4	80	0.0500000
NODE_6849_length_988_cov_20.250844	476	556	20	18	80	0.2250000
NODE_6849_length_988_cov_20.250844	476	556	21	5	80	0.0625000
NODE_6849_length_988_cov_20.250844	476	556	22	25	80	0.3125000
NODE_6849_length_988_cov_20.250844	476	556	23	28	80	0.3500000
NODE_6850_length_988_cov_15.812148	474	554	0	21	80	0.2625000
NODE_6850_length_988_cov_15.812148	474	554	2	59	80	0.7375000
NODE_6850_length_988_cov_15.812148	527	607	0	74	80	0.9250000
NODE_6850_length_988_cov_15.812148	527	607	2	6	80	0.0750000
NODE_6851_length_988_cov_15.082115	435	517	0	82	82	1.0000000
NODE_6851_length_988_cov_15.082115	490	570	0	80	80	1.0000000
NODE_6852_length_988_cov_14.697413	467	547	4	8	80	0.1000000
NODE_6852_length_988_cov_14.697413	467	547	8	70	80	0.8750000
NODE_6852_length_988_cov_14.697413	467	547	10	2	80	0.0250000
NODE_6852_length_988_cov_14.697413	520	600	0	20	80	0.2500000
NODE_6852_length_988_cov_14.697413	520	600	6	6	80	0.0750000
NODE_6852_length_988_cov_14.697413	520	600	8	54	80	0.6750000
NODE_6853_length_988_cov_7.730034	562	642	0	80	80	1.0000000
NODE_6853_length_988_cov_7.730034	615	695	0	80	80	1.0000000
NODE_6862_length_987_cov_42.784910	383	476	11	87	93	0.9354839
NODE_6862_length_987_cov_42.784910	383	476	12	6	93	0.0645161
NODE_6862_length_987_cov_42.784910	449	529	0	21	80	0.2625000
NODE_6862_length_987_cov_42.784910	449	529	10	1	80	0.0125000
NODE_6862_length_987_cov_42.784910	449	529	11	21	80	0.2625000
NODE_6862_length_987_cov_42.784910	449	529	12	37	80	0.4625000
NODE_6863_length_987_cov_39.716216	290	370	0	80	80	1.0000000
NODE_6863_length_987_cov_39.716216	343	423	0	80	80	1.0000000
NODE_6863_length_987_cov_39.716216	419	499	0	80	80	1.0000000
NODE_6863_length_987_cov_39.716216	472	552	0	80	80	1.0000000
NODE_6864_length_987_cov_28.171171	406	486	0	80	80	1.0000000
NODE_6864_length_987_cov_28.171171	459	539	0	80	80	1.0000000
NODE_6864_length_987_cov_28.171171	535	615	0	24	80	0.3000000
NODE_6864_length_987_cov_28.171171	535	615	4	9	80	0.1125000
NODE_6864_length_987_cov_28.171171	535	615	8	9	80	0.1125000
NODE_6864_length_987_cov_28.171171	535	615	10	38	80	0.4750000
NODE_6864_length_987_cov_28.171171	588	668	0	21	80	0.2625000
NODE_6864_length_987_cov_28.171171	588	668	4	2	80	0.0250000
NODE_6864_length_987_cov_28.171171	588	668	6	8	80	0.1000000
NODE_6864_length_987_cov_28.171171	588	668	10	49	80	0.6125000
NODE_6865_length_987_cov_23.627252	331	411	0	80	80	1.0000000
NODE_6865_length_987_cov_23.627252	384	464	0	80	80	1.0000000
NODE_6866_length_987_cov_18.797297	437	517	21	2	80	0.0250000
NODE_6866_length_987_cov_18.797297	437	517	22	20	80	0.2500000
NODE_6866_length_987_cov_18.797297	437	517	24	58	80	0.7250000
NODE_6866_length_987_cov_18.797297	490	570	10	38	80	0.4750000
NODE_6866_length_987_cov_18.797297	490	570	14	1	80	0.0125000
NODE_6866_length_987_cov_18.797297	490	570	16	14	80	0.1750000
NODE_6866_length_987_cov_18.797297	490	570	21	1	80	0.0125000
NODE_6866_length_987_cov_18.797297	490	570	22	11	80	0.1375000
NODE_6866_length_987_cov_18.797297	490	570	24	15	80	0.1875000
NODE_6867_length_987_cov_15.628378	369	449	0	43	80	0.5375000
NODE_6867_length_987_cov_15.628378	369	449	2	13	80	0.1625000
NODE_6867_length_987_cov_15.628378	369	449	7	1	80	0.0125000
NODE_6867_length_987_cov_15.628378	369	449	8	23	80	0.2875000
NODE_6867_length_987_cov_15.628378	422	502	2	3	80	0.0375000
NODE_6867_length_987_cov_15.628378	422	502	7	1	80	0.0125000
NODE_6867_length_987_cov_15.628378	422	502	8	76	80	0.9500000
NODE_6868_length_987_cov_15.439189	438	518	0	73	80	0.9125000
NODE_6868_length_987_cov_15.439189	438	518	2	7	80	0.0875000
NODE_6868_length_987_cov_15.439189	491	571	0	20	80	0.2500000
NODE_6868_length_987_cov_15.439189	491	571	2	60	80	0.7500000
NODE_6869_length_987_cov_14.343468	506	586	0	80	80	1.0000000
NODE_6869_length_987_cov_14.343468	559	639	0	80	80	1.0000000
NODE_6870_length_987_cov_13.515766	475	555	0	79	80	0.9875000
NODE_6870_length_987_cov_13.515766	475	555	1	1	80	0.0125000
NODE_6870_length_987_cov_13.515766	528	608	0	80	80	1.0000000
NODE_6871_length_987_cov_9.521396	408	482	0	74	74	1.0000000
NODE_6871_length_987_cov_9.521396	455	535	0	80	80	1.0000000
NODE_6872_length_987_cov_9.054054	440	520	0	80	80	1.0000000
NODE_6872_length_987_cov_9.054054	493	573	0	80	80	1.0000000
NODE_6875_length_987_cov_5.378378	509	589	0	80	80	1.0000000
NODE_6875_length_987_cov_5.378378	562	642	0	80	80	1.0000000
NODE_6889_length_986_cov_36.937993	327	407	2	80	80	1.0000000
NODE_6889_length_986_cov_36.937993	380	460	2	80	80	1.0000000
NODE_6889_length_986_cov_36.937993	456	536	0	69	80	0.8625000
NODE_6889_length_986_cov_36.937993	456	536	2	11	80	0.1375000
NODE_6889_length_986_cov_36.937993	509	589	0	80	80	1.0000000
NODE_6890_length_986_cov_35.130778	325	405	4	80	80	1.0000000
NODE_6890_length_986_cov_35.130778	378	458	0	43	80	0.5375000
NODE_6890_length_986_cov_35.130778	378	458	4	37	80	0.4625000
NODE_6890_length_986_cov_35.130778	454	534	0	80	80	1.0000000
NODE_6890_length_986_cov_35.130778	507	587	0	80	80	1.0000000
NODE_6891_length_986_cov_24.037204	602	682	0	80	80	1.0000000
NODE_6891_length_986_cov_24.037204	655	735	0	54	80	0.6750000
NODE_6891_length_986_cov_24.037204	655	735	6	7	80	0.0875000
NODE_6891_length_986_cov_24.037204	655	735	14	9	80	0.1125000
NODE_6891_length_986_cov_24.037204	655	735	19	10	80	0.1250000
NODE_6891_length_986_cov_24.037204	731	811	19	59	80	0.7375000
NODE_6891_length_986_cov_24.037204	731	811	20	15	80	0.1875000
NODE_6891_length_986_cov_24.037204	731	811	21	4	80	0.0500000
NODE_6891_length_986_cov_24.037204	731	811	22	2	80	0.0250000
NODE_6891_length_986_cov_24.037204	784	864	16	30	80	0.3750000
NODE_6891_length_986_cov_24.037204	784	864	19	6	80	0.0750000
NODE_6891_length_986_cov_24.037204	784	864	20	15	80	0.1875000
NODE_6891_length_986_cov_24.037204	784	864	21	4	80	0.0500000
NODE_6891_length_986_cov_24.037204	784	864	22	25	80	0.3125000
NODE_6892_length_986_cov_20.591883	395	475	6	3	80	0.0375000
NODE_6892_length_986_cov_20.591883	395	475	8	44	80	0.5500000
NODE_6892_length_986_cov_20.591883	395	475	10	25	80	0.3125000
NODE_6892_length_986_cov_20.591883	395	475	12	8	80	0.1000000
NODE_6892_length_986_cov_20.591883	448	528	4	8	80	0.1000000
NODE_6892_length_986_cov_20.591883	448	528	6	40	80	0.5000000
NODE_6892_length_986_cov_20.591883	448	528	10	19	80	0.2375000
NODE_6892_length_986_cov_20.591883	448	528	12	13	80	0.1625000
NODE_6893_length_986_cov_16.815107	389	469	0	80	80	1.0000000
NODE_6893_length_986_cov_16.815107	442	522	0	80	80	1.0000000
NODE_6894_length_986_cov_11.021421	474	554	0	80	80	1.0000000
NODE_6894_length_986_cov_11.021421	527	607	0	51	80	0.6375000
NODE_6894_length_986_cov_11.021421	527	607	2	29	80	0.3625000
NODE_6905_length_985_cov_41.707675	443	523	2	27	80	0.3375000
NODE_6905_length_985_cov_41.707675	443	523	4	2	80	0.0250000
NODE_6905_length_985_cov_41.707675	443	523	5	27	80	0.3375000
NODE_6905_length_985_cov_41.707675	443	523	6	24	80	0.3000000
NODE_6905_length_985_cov_41.707675	496	576	3	21	80	0.2625000
NODE_6905_length_985_cov_41.707675	496	576	5	59	80	0.7375000
NODE_6911_length_984_cov_64.531073	412	481	0	44	69	0.6376812
NODE_6911_length_984_cov_64.531073	412	481	2	25	69	0.3623188
NODE_6911_length_984_cov_64.531073	454	534	0	67	80	0.8375000
NODE_6911_length_984_cov_64.531073	454	534	2	13	80	0.1625000
NODE_6911_length_984_cov_64.531073	475	555	0	46	80	0.5750000
NODE_6911_length_984_cov_64.531073	475	555	2	34	80	0.4250000
NODE_6911_length_984_cov_64.531073	528	608	2	80	80	1.0000000
NODE_6911_length_984_cov_64.531073	549	629	0	8	80	0.1000000
NODE_6911_length_984_cov_64.531073	549	629	2	72	80	0.9000000
NODE_6912_length_984_cov_28.832768	430	510	0	56	80	0.7000000
NODE_6912_length_984_cov_28.832768	430	510	3	1	80	0.0125000
NODE_6912_length_984_cov_28.832768	430	510	4	23	80	0.2875000
NODE_6912_length_984_cov_28.832768	483	563	0	3	80	0.0375000
NODE_6912_length_984_cov_28.832768	483	563	3	1	80	0.0125000
NODE_6912_length_984_cov_28.832768	483	563	4	76	80	0.9500000
NODE_6913_length_984_cov_27.247458	203	283	4	12	80	0.1500000
NODE_6913_length_984_cov_27.247458	203	283	6	68	80	0.8500000
NODE_6913_length_984_cov_27.247458	256	336	0	25	80	0.3125000
NODE_6913_length_984_cov_27.247458	256	336	2	2	80	0.0250000
NODE_6913_length_984_cov_27.247458	256	336	6	53	80	0.6625000
NODE_6913_length_984_cov_27.247458	332	412	0	80	80	1.0000000
NODE_6913_length_984_cov_27.247458	385	465	0	80	80	1.0000000
NODE_6914_length_984_cov_25.944633	483	563	6	11	80	0.1375000
NODE_6914_length_984_cov_25.944633	483	563	12	41	80	0.5125000
NODE_6914_length_984_cov_25.944633	483	563	14	22	80	0.2750000
NODE_6914_length_984_cov_25.944633	483	563	16	6	80	0.0750000
NODE_6914_length_984_cov_25.944633	536	616	2	18	80	0.2250000
NODE_6914_length_984_cov_25.944633	536	616	4	3	80	0.0375000
NODE_6914_length_984_cov_25.944633	536	616	6	7	80	0.0875000
NODE_6914_length_984_cov_25.944633	536	616	12	3	80	0.0375000
NODE_6914_length_984_cov_25.944633	536	616	14	43	80	0.5375000
NODE_6914_length_984_cov_25.944633	536	616	16	6	80	0.0750000
NODE_6915_length_984_cov_16.611299	351	431	0	65	80	0.8125000
NODE_6915_length_984_cov_16.611299	351	431	2	15	80	0.1875000
NODE_6915_length_984_cov_16.611299	404	484	0	80	80	1.0000000
NODE_6917_length_984_cov_6.414689	415	495	0	60	80	0.7500000
NODE_6917_length_984_cov_6.414689	415	495	2	20	80	0.2500000
NODE_6917_length_984_cov_6.414689	468	548	0	7	80	0.0875000
NODE_6917_length_984_cov_6.414689	468	548	2	73	80	0.9125000
NODE_6918_length_984_cov_4.720904	494	574	0	75	80	0.9375000
NODE_6918_length_984_cov_4.720904	494	574	2	5	80	0.0625000
NODE_6918_length_984_cov_4.720904	547	627	0	22	80	0.2750000
NODE_6918_length_984_cov_4.720904	547	627	2	58	80	0.7250000
NODE_6927_length_984_cov_1.333333	922	971	1	21	49	0.4285714
NODE_6927_length_984_cov_1.333333	922	971	3	12	49	0.2448980
NODE_6927_length_984_cov_1.333333	922	971	4	16	49	0.3265306
NODE_6931_length_983_cov_34.566742	466	546	0	22	80	0.2750000
NODE_6931_length_983_cov_34.566742	466	546	2	58	80	0.7250000
NODE_6931_length_983_cov_34.566742	519	599	0	24	80	0.3000000
NODE_6931_length_983_cov_34.566742	519	599	2	5	80	0.0625000
NODE_6931_length_983_cov_34.566742	519	599	4	51	80	0.6375000
NODE_6932_length_983_cov_26.011312	449	529	0	1	80	0.0125000
NODE_6932_length_983_cov_26.011312	449	529	2	79	80	0.9875000
NODE_6932_length_983_cov_26.011312	502	582	2	80	80	1.0000000
NODE_6932_length_983_cov_26.011312	578	658	2	8	80	0.1000000
NODE_6932_length_983_cov_26.011312	578	658	6	71	80	0.8875000
NODE_6932_length_983_cov_26.011312	578	658	8	1	80	0.0125000
NODE_6932_length_983_cov_26.011312	631	711	0	10	80	0.1250000
NODE_6932_length_983_cov_26.011312	631	711	6	70	80	0.8750000
NODE_6933_length_983_cov_24.694570	539	619	0	80	80	1.0000000
NODE_6933_length_983_cov_24.694570	592	672	0	80	80	1.0000000
NODE_6934_length_983_cov_22.214932	395	475	0	39	80	0.4875000
NODE_6934_length_983_cov_22.214932	395	475	2	41	80	0.5125000
NODE_6934_length_983_cov_22.214932	448	528	0	25	80	0.3125000
NODE_6934_length_983_cov_22.214932	448	528	2	55	80	0.6875000
NODE_6935_length_983_cov_19.132353	377	457	0	9	80	0.1125000
NODE_6935_length_983_cov_19.132353	377	457	2	71	80	0.8875000
NODE_6935_length_983_cov_19.132353	430	510	0	62	80	0.7750000
NODE_6935_length_983_cov_19.132353	430	510	2	18	80	0.2250000
NODE_6936_length_983_cov_16.875566	419	499	2	80	80	1.0000000
NODE_6936_length_983_cov_16.875566	472	552	0	38	80	0.4750000
NODE_6936_length_983_cov_16.875566	472	552	2	42	80	0.5250000
NODE_6936_length_983_cov_16.875566	548	628	0	80	80	1.0000000
NODE_6936_length_983_cov_16.875566	601	681	0	80	80	1.0000000
NODE_6937_length_983_cov_7.240950	487	567	0	80	80	1.0000000
NODE_6937_length_983_cov_7.240950	540	620	0	80	80	1.0000000
NODE_6949_length_982_cov_30.750849	357	437	2	80	80	1.0000000
NODE_6949_length_982_cov_30.750849	410	490	0	34	80	0.4250000
NODE_6949_length_982_cov_30.750849	410	490	2	46	80	0.5750000
NODE_6950_length_982_cov_29.901472	516	596	0	22	80	0.2750000
NODE_6950_length_982_cov_29.901472	516	596	2	58	80	0.7250000
NODE_6950_length_982_cov_29.901472	569	649	0	31	80	0.3875000
NODE_6950_length_982_cov_29.901472	569	649	2	49	80	0.6125000
NODE_6951_length_982_cov_18.251416	356	436	0	80	80	1.0000000
NODE_6951_length_982_cov_18.251416	409	489	0	56	80	0.7000000
NODE_6951_length_982_cov_18.251416	409	489	6	18	80	0.2250000
NODE_6951_length_982_cov_18.251416	409	489	7	4	80	0.0500000
NODE_6951_length_982_cov_18.251416	409	489	8	2	80	0.0250000
NODE_6951_length_982_cov_18.251416	485	565	6	16	80	0.2000000
NODE_6951_length_982_cov_18.251416	485	565	7	2	80	0.0250000
NODE_6951_length_982_cov_18.251416	485	565	8	8	80	0.1000000
NODE_6951_length_982_cov_18.251416	485	565	10	42	80	0.5250000
NODE_6951_length_982_cov_18.251416	485	565	11	8	80	0.1000000
NODE_6951_length_982_cov_18.251416	485	565	12	4	80	0.0500000
NODE_6951_length_982_cov_18.251416	538	618	4	39	80	0.4875000
NODE_6951_length_982_cov_18.251416	538	618	6	30	80	0.3750000
NODE_6951_length_982_cov_18.251416	538	618	11	7	80	0.0875000
NODE_6951_length_982_cov_18.251416	538	618	12	4	80	0.0500000
NODE_6952_length_982_cov_13.840317	608	688	2	22	80	0.2750000
NODE_6952_length_982_cov_13.840317	608	688	4	42	80	0.5250000
NODE_6952_length_982_cov_13.840317	608	688	6	16	80	0.2000000
NODE_6952_length_982_cov_13.840317	661	741	2	27	80	0.3375000
NODE_6952_length_982_cov_13.840317	661	741	4	53	80	0.6625000
NODE_6953_length_982_cov_13.227633	317	397	0	34	80	0.4250000
NODE_6953_length_982_cov_13.227633	317	397	4	46	80	0.5750000
NODE_6953_length_982_cov_13.227633	370	450	4	80	80	1.0000000
NODE_6954_length_982_cov_10.918460	209	289	0	80	80	1.0000000
NODE_6954_length_982_cov_10.918460	262	342	0	80	80	1.0000000
NODE_6956_length_982_cov_7.210646	216	296	1	57	80	0.7125000
NODE_6956_length_982_cov_7.210646	216	296	3	17	80	0.2125000
NODE_6956_length_982_cov_7.210646	216	296	4	6	80	0.0750000
NODE_6956_length_982_cov_7.210646	269	349	1	4	80	0.0500000
NODE_6956_length_982_cov_7.210646	269	349	3	17	80	0.2125000
NODE_6956_length_982_cov_7.210646	269	349	4	48	80	0.6000000
NODE_6956_length_982_cov_7.210646	269	349	6	11	80	0.1375000
NODE_6973_length_981_cov_55.260771	410	490	4	80	80	1.0000000
NODE_6973_length_981_cov_55.260771	463	543	0	41	80	0.5125000
NODE_6973_length_981_cov_55.260771	463	543	4	39	80	0.4875000
NODE_6973_length_981_cov_55.260771	539	619	0	32	80	0.4000000
NODE_6973_length_981_cov_55.260771	539	619	6	48	80	0.6000000
NODE_6973_length_981_cov_55.260771	592	672	0	18	80	0.2250000
NODE_6973_length_981_cov_55.260771	592	672	6	62	80	0.7750000
NODE_6974_length_981_cov_33.287982	362	441	0	62	79	0.7848101
NODE_6974_length_981_cov_33.287982	362	441	2	17	79	0.2151899
NODE_6974_length_981_cov_33.287982	414	495	0	10	81	0.1234568
NODE_6974_length_981_cov_33.287982	414	495	2	66	81	0.8148148
NODE_6974_length_981_cov_33.287982	414	495	3	5	81	0.0617284
NODE_6974_length_981_cov_33.287982	491	571	1	39	80	0.4875000
NODE_6974_length_981_cov_33.287982	491	571	3	41	80	0.5125000
NODE_6974_length_981_cov_33.287982	544	624	1	51	80	0.6375000
NODE_6974_length_981_cov_33.287982	544	624	2	29	80	0.3625000
NODE_6975_length_981_cov_33.121315	269	349	0	80	80	1.0000000
NODE_6975_length_981_cov_33.121315	322	402	0	80	80	1.0000000
NODE_6975_length_981_cov_33.121315	398	478	0	80	80	1.0000000
NODE_6975_length_981_cov_33.121315	451	531	0	80	80	1.0000000
NODE_6976_length_981_cov_26.732426	397	477	0	17	80	0.2125000
NODE_6976_length_981_cov_26.732426	397	477	2	63	80	0.7875000
NODE_6976_length_981_cov_26.732426	450	530	0	70	80	0.8750000
NODE_6976_length_981_cov_26.732426	450	530	2	10	80	0.1250000
NODE_6977_length_981_cov_24.304989	390	470	0	6	80	0.0750000
NODE_6977_length_981_cov_24.304989	390	470	2	62	80	0.7750000
NODE_6977_length_981_cov_24.304989	390	470	4	6	80	0.0750000
NODE_6977_length_981_cov_24.304989	390	470	10	6	80	0.0750000
NODE_6977_length_981_cov_24.304989	443	523	2	15	80	0.1875000
NODE_6977_length_981_cov_24.304989	443	523	4	6	80	0.0750000
NODE_6977_length_981_cov_24.304989	443	523	8	12	80	0.1500000
NODE_6977_length_981_cov_24.304989	443	523	10	47	80	0.5875000
NODE_6978_length_981_cov_10.485261	363	443	0	6	80	0.0750000
NODE_6978_length_981_cov_10.485261	363	443	2	74	80	0.9250000
NODE_6978_length_981_cov_10.485261	416	496	2	80	80	1.0000000
NODE_6980_length_981_cov_5.328798	821	885	2	28	64	0.4375000
NODE_6980_length_981_cov_5.328798	821	885	4	15	64	0.2343750
NODE_6980_length_981_cov_5.328798	821	885	6	21	64	0.3281250
NODE_6980_length_981_cov_5.328798	847	884	2	27	37	0.7297297
NODE_6980_length_981_cov_5.328798	847	884	4	8	37	0.2162162
NODE_6980_length_981_cov_5.328798	847	884	6	2	37	0.0540541
NODE_6998_length_980_cov_40.710556	329	409	0	80	80	1.0000000
NODE_6998_length_980_cov_40.710556	382	462	0	80	80	1.0000000
NODE_6998_length_980_cov_40.710556	458	538	0	80	80	1.0000000
NODE_6998_length_980_cov_40.710556	511	591	0	80	80	1.0000000
NODE_6999_length_980_cov_37.634506	666	746	0	2	80	0.0250000
NODE_6999_length_980_cov_37.634506	666	746	2	78	80	0.9750000
NODE_6999_length_980_cov_37.634506	719	799	0	55	80	0.6875000
NODE_6999_length_980_cov_37.634506	719	799	2	25	80	0.3125000
NODE_7000_length_980_cov_36.261067	331	411	0	27	80	0.3375000
NODE_7000_length_980_cov_36.261067	331	411	2	53	80	0.6625000
NODE_7000_length_980_cov_36.261067	384	453	0	4	69	0.0579710
NODE_7000_length_980_cov_36.261067	384	453	2	65	69	0.9420290
NODE_7000_length_980_cov_36.261067	465	545	0	3	80	0.0375000
NODE_7000_length_980_cov_36.261067	465	545	2	31	80	0.3875000
NODE_7000_length_980_cov_36.261067	465	545	4	46	80	0.5750000
NODE_7000_length_980_cov_36.261067	518	598	0	21	80	0.2625000
NODE_7000_length_980_cov_36.261067	518	598	2	30	80	0.3750000
NODE_7000_length_980_cov_36.261067	518	598	4	29	80	0.3625000
NODE_7001_length_980_cov_28.514188	430	510	0	80	80	1.0000000
NODE_7001_length_980_cov_28.514188	483	563	0	80	80	1.0000000
NODE_7002_length_980_cov_25.205448	497	577	0	51	80	0.6375000
NODE_7002_length_980_cov_25.205448	497	577	2	15	80	0.1875000
NODE_7002_length_980_cov_25.205448	497	577	4	14	80	0.1750000
NODE_7002_length_980_cov_25.205448	550	630	2	20	80	0.2500000
NODE_7002_length_980_cov_25.205448	550	630	4	60	80	0.7500000
NODE_7003_length_980_cov_24.321226	417	497	0	80	80	1.0000000
NODE_7003_length_980_cov_24.321226	470	550	0	80	80	1.0000000
NODE_7004_length_980_cov_20.460840	388	468	2	40	80	0.5000000
NODE_7004_length_980_cov_20.460840	388	468	6	40	80	0.5000000
NODE_7004_length_980_cov_20.460840	441	521	4	26	80	0.3250000
NODE_7004_length_980_cov_20.460840	441	521	6	54	80	0.6750000
NODE_7005_length_980_cov_19.969353	486	566	0	80	80	1.0000000
NODE_7005_length_980_cov_19.969353	539	619	0	80	80	1.0000000
NODE_7006_length_980_cov_13.736663	350	430	0	80	80	1.0000000
NODE_7006_length_980_cov_13.736663	403	483	0	80	80	1.0000000
NODE_7006_length_980_cov_13.736663	479	559	0	4	80	0.0500000
NODE_7006_length_980_cov_13.736663	479	559	2	38	80	0.4750000
NODE_7006_length_980_cov_13.736663	479	559	4	31	80	0.3875000
NODE_7006_length_980_cov_13.736663	479	559	6	7	80	0.0875000
NODE_7006_length_980_cov_13.736663	532	612	4	65	80	0.8125000
NODE_7006_length_980_cov_13.736663	532	612	6	15	80	0.1875000
NODE_7008_length_980_cov_10.842225	517	597	0	2	80	0.0250000
NODE_7008_length_980_cov_10.842225	517	597	5	1	80	0.0125000
NODE_7008_length_980_cov_10.842225	517	597	6	27	80	0.3375000
NODE_7008_length_980_cov_10.842225	517	597	8	1	80	0.0125000
NODE_7008_length_980_cov_10.842225	517	597	10	1	80	0.0125000
NODE_7008_length_980_cov_10.842225	517	597	14	23	80	0.2875000
NODE_7008_length_980_cov_10.842225	517	597	16	25	80	0.3125000
NODE_7008_length_980_cov_10.842225	570	650	11	1	80	0.0125000
NODE_7008_length_980_cov_10.842225	570	650	13	6	80	0.0750000
NODE_7008_length_980_cov_10.842225	570	650	14	16	80	0.2000000
NODE_7008_length_980_cov_10.842225	570	650	16	57	80	0.7125000
NODE_7009_length_980_cov_10.087401	341	424	0	83	83	1.0000000
NODE_7009_length_980_cov_10.087401	397	477	0	80	80	1.0000000
NODE_7010_length_980_cov_9.643587	267	347	0	80	80	1.0000000
NODE_7010_length_980_cov_9.643587	320	400	0	80	80	1.0000000
NODE_7010_length_980_cov_9.643587	396	476	0	80	80	1.0000000
NODE_7010_length_980_cov_9.643587	449	529	0	80	80	1.0000000
NODE_7026_length_979_cov_22.576136	442	522	4	80	80	1.0000000
NODE_7026_length_979_cov_22.576136	495	575	0	24	80	0.3000000
NODE_7026_length_979_cov_22.576136	495	575	4	56	80	0.7000000
NODE_7027_length_979_cov_19.739773	445	524	0	79	79	1.0000000
NODE_7027_length_979_cov_19.739773	497	577	0	80	80	1.0000000
NODE_7028_length_979_cov_19.480682	436	516	0	59	80	0.7375000
NODE_7028_length_979_cov_19.480682	436	516	2	21	80	0.2625000
NODE_7028_length_979_cov_19.480682	489	569	0	31	80	0.3875000
NODE_7028_length_979_cov_19.480682	489	569	2	49	80	0.6125000
NODE_7028_length_979_cov_19.480682	565	645	0	80	80	1.0000000
NODE_7028_length_979_cov_19.480682	618	698	0	80	80	1.0000000
NODE_7029_length_979_cov_18.901136	470	550	0	80	80	1.0000000
NODE_7029_length_979_cov_18.901136	523	603	0	80	80	1.0000000
NODE_7031_length_979_cov_3.519318	101	168	2	9	67	0.1343284
NODE_7031_length_979_cov_3.519318	101	168	3	13	67	0.1940299
NODE_7031_length_979_cov_3.519318	101	168	5	11	67	0.1641791
NODE_7031_length_979_cov_3.519318	101	168	6	34	67	0.5074627
NODE_7040_length_978_cov_23.195677	424	504	0	80	80	1.0000000
NODE_7040_length_978_cov_23.195677	477	557	0	80	80	1.0000000
NODE_7041_length_978_cov_18.866894	440	520	0	36	80	0.4500000
NODE_7041_length_978_cov_18.866894	440	520	4	44	80	0.5500000
NODE_7041_length_978_cov_18.866894	493	573	4	80	80	1.0000000
NODE_7042_length_978_cov_15.614334	341	421	0	80	80	1.0000000
NODE_7042_length_978_cov_15.614334	394	474	0	80	80	1.0000000
NODE_7042_length_978_cov_15.614334	470	550	0	80	80	1.0000000
NODE_7042_length_978_cov_15.614334	523	603	0	80	80	1.0000000
NODE_7043_length_978_cov_15.253697	327	407	12	80	80	1.0000000
NODE_7043_length_978_cov_15.253697	380	460	12	80	80	1.0000000
NODE_7043_length_978_cov_15.253697	456	536	0	59	80	0.7375000
NODE_7043_length_978_cov_15.253697	456	536	6	12	80	0.1500000
NODE_7043_length_978_cov_15.253697	456	536	10	1	80	0.0125000
NODE_7043_length_978_cov_15.253697	456	536	12	8	80	0.1000000
NODE_7043_length_978_cov_15.253697	509	589	0	69	80	0.8625000
NODE_7043_length_978_cov_15.253697	509	589	2	11	80	0.1375000
NODE_7044_length_978_cov_14.730375	407	487	0	80	80	1.0000000
NODE_7044_length_978_cov_14.730375	460	540	0	80	80	1.0000000
NODE_7045_length_978_cov_7.257110	571	651	0	80	80	1.0000000
NODE_7045_length_978_cov_7.257110	624	704	0	80	80	1.0000000
NODE_7062_length_977_cov_47.484055	427	507	0	37	80	0.4625000
NODE_7062_length_977_cov_47.484055	427	507	2	43	80	0.5375000
NODE_7062_length_977_cov_47.484055	480	560	0	40	80	0.5000000
NODE_7062_length_977_cov_47.484055	480	560	1	40	80	0.5000000
NODE_7063_length_977_cov_47.116173	428	508	2	32	80	0.4000000
NODE_7063_length_977_cov_47.116173	428	508	3	9	80	0.1125000
NODE_7063_length_977_cov_47.116173	428	508	4	39	80	0.4875000
NODE_7063_length_977_cov_47.116173	481	561	0	51	80	0.6375000
NODE_7063_length_977_cov_47.116173	481	561	2	27	80	0.3375000
NODE_7063_length_977_cov_47.116173	481	561	3	2	80	0.0250000
NODE_7063_length_977_cov_47.116173	557	637	0	80	80	1.0000000
NODE_7063_length_977_cov_47.116173	610	690	0	80	80	1.0000000
NODE_7064_length_977_cov_32.542141	486	566	1	65	80	0.8125000
NODE_7064_length_977_cov_32.542141	486	566	2	15	80	0.1875000
NODE_7064_length_977_cov_32.542141	539	619	0	50	80	0.6250000
NODE_7064_length_977_cov_32.542141	539	619	1	30	80	0.3750000
NODE_7065_length_977_cov_30.676538	361	441	0	23	80	0.2875000
NODE_7065_length_977_cov_30.676538	361	441	4	57	80	0.7125000
NODE_7065_length_977_cov_30.676538	414	494	0	47	80	0.5875000
NODE_7065_length_977_cov_30.676538	414	494	4	33	80	0.4125000
NODE_7066_length_977_cov_28.348519	455	535	0	4	80	0.0500000
NODE_7066_length_977_cov_28.348519	455	535	2	76	80	0.9500000
NODE_7066_length_977_cov_28.348519	508	588	0	20	80	0.2500000
NODE_7066_length_977_cov_28.348519	508	588	2	60	80	0.7500000
NODE_7067_length_977_cov_26.571754	343	423	2	66	80	0.8250000
NODE_7067_length_977_cov_26.571754	343	423	4	14	80	0.1750000
NODE_7067_length_977_cov_26.571754	396	476	2	66	80	0.8250000
NODE_7067_length_977_cov_26.571754	396	476	4	14	80	0.1750000
NODE_7067_length_977_cov_26.571754	472	552	0	45	80	0.5625000
NODE_7067_length_977_cov_26.571754	472	552	2	35	80	0.4375000
NODE_7067_length_977_cov_26.571754	525	600	0	75	75	1.0000000
NODE_7068_length_977_cov_24.898633	470	550	2	27	80	0.3375000
NODE_7068_length_977_cov_24.898633	470	550	4	6	80	0.0750000
NODE_7068_length_977_cov_24.898633	470	550	12	47	80	0.5875000
NODE_7068_length_977_cov_24.898633	523	603	8	29	80	0.3625000
NODE_7068_length_977_cov_24.898633	523	603	10	20	80	0.2500000
NODE_7068_length_977_cov_24.898633	523	603	12	31	80	0.3875000
NODE_7069_length_977_cov_22.986333	313	393	2	45	80	0.5625000
NODE_7069_length_977_cov_22.986333	313	393	4	35	80	0.4375000
NODE_7069_length_977_cov_22.986333	366	446	0	26	80	0.3250000
NODE_7069_length_977_cov_22.986333	366	446	2	53	80	0.6625000
NODE_7069_length_977_cov_22.986333	366	446	4	1	80	0.0125000
NODE_7069_length_977_cov_22.986333	442	522	0	42	80	0.5250000
NODE_7069_length_977_cov_22.986333	442	522	7	1	80	0.0125000
NODE_7069_length_977_cov_22.986333	442	522	8	37	80	0.4625000
NODE_7069_length_977_cov_22.986333	495	575	8	80	80	1.0000000
NODE_7070_length_977_cov_10.753986	290	370	0	36	80	0.4500000
NODE_7070_length_977_cov_10.753986	290	370	2	44	80	0.5500000
NODE_7070_length_977_cov_10.753986	343	423	0	80	80	1.0000000
NODE_7071_length_977_cov_9.924829	401	456	0	55	55	1.0000000
NODE_7073_length_977_cov_6.391800	483	563	0	80	80	1.0000000
NODE_7073_length_977_cov_6.391800	536	616	0	80	80	1.0000000
NODE_7075_length_977_cov_2.907745	191	241	7	26	50	0.5200000
NODE_7075_length_977_cov_2.907745	191	241	8	24	50	0.4800000
NODE_7085_length_976_cov_38.192702	326	406	0	2	80	0.0250000
NODE_7085_length_976_cov_38.192702	326	406	6	78	80	0.9750000
NODE_7085_length_976_cov_38.192702	379	459	0	55	80	0.6875000
NODE_7085_length_976_cov_38.192702	379	459	6	25	80	0.3125000
NODE_7085_length_976_cov_38.192702	455	535	0	80	80	1.0000000
NODE_7085_length_976_cov_38.192702	455	536	0	81	81	1.0000000
NODE_7085_length_976_cov_38.192702	455	519	0	64	64	1.0000000
NODE_7085_length_976_cov_38.192702	508	588	0	80	80	1.0000000
NODE_7086_length_976_cov_26.275941	499	579	4	80	80	1.0000000
NODE_7086_length_976_cov_26.275941	552	632	0	53	80	0.6625000
NODE_7086_length_976_cov_26.275941	552	632	4	27	80	0.3375000
NODE_7087_length_976_cov_25.559863	376	456	0	58	80	0.7250000
NODE_7087_length_976_cov_25.559863	376	456	2	22	80	0.2750000
NODE_7087_length_976_cov_25.559863	429	509	0	5	80	0.0625000
NODE_7087_length_976_cov_25.559863	429	509	2	75	80	0.9375000
NODE_7088_length_976_cov_17.961231	572	652	4	11	80	0.1375000
NODE_7088_length_976_cov_17.961231	572	652	6	21	80	0.2625000
NODE_7088_length_976_cov_17.961231	572	652	8	42	80	0.5250000
NODE_7088_length_976_cov_17.961231	572	652	10	6	80	0.0750000
NODE_7088_length_976_cov_17.961231	625	705	0	45	80	0.5625000
NODE_7088_length_976_cov_17.961231	625	705	4	6	80	0.0750000
NODE_7088_length_976_cov_17.961231	625	705	6	21	80	0.2625000
NODE_7088_length_976_cov_17.961231	625	705	8	8	80	0.1000000
NODE_7089_length_976_cov_5.567845	789	851	6	1	62	0.0161290
NODE_7089_length_976_cov_5.567845	789	851	8	4	62	0.0645161
NODE_7089_length_976_cov_5.567845	789	851	10	57	62	0.9193549
NODE_7089_length_976_cov_5.567845	842	904	2	6	62	0.0967742
NODE_7089_length_976_cov_5.567845	842	904	4	2	62	0.0322581
NODE_7089_length_976_cov_5.567845	842	904	6	30	62	0.4838710
NODE_7089_length_976_cov_5.567845	842	904	8	18	62	0.2903226
NODE_7089_length_976_cov_5.567845	842	904	10	6	62	0.0967742
NODE_7101_length_975_cov_192.211187	722	802	82	2	80	0.0250000
NODE_7101_length_975_cov_192.211187	722	802	83	2	80	0.0250000
NODE_7101_length_975_cov_192.211187	722	802	84	3	80	0.0375000
NODE_7101_length_975_cov_192.211187	722	802	85	2	80	0.0250000
NODE_7101_length_975_cov_192.211187	722	802	88	2	80	0.0250000
NODE_7101_length_975_cov_192.211187	722	802	89	9	80	0.1125000
NODE_7101_length_975_cov_192.211187	722	802	90	8	80	0.1000000
NODE_7101_length_975_cov_192.211187	722	802	91	7	80	0.0875000
NODE_7101_length_975_cov_192.211187	722	802	92	2	80	0.0250000
NODE_7101_length_975_cov_192.211187	722	802	93	6	80	0.0750000
NODE_7101_length_975_cov_192.211187	722	802	94	6	80	0.0750000
NODE_7101_length_975_cov_192.211187	722	802	95	2	80	0.0250000
NODE_7101_length_975_cov_192.211187	722	802	96	15	80	0.1875000
NODE_7101_length_975_cov_192.211187	722	802	97	1	80	0.0125000
NODE_7101_length_975_cov_192.211187	722	802	98	6	80	0.0750000
NODE_7101_length_975_cov_192.211187	722	802	99	2	80	0.0250000
NODE_7101_length_975_cov_192.211187	722	802	100	1	80	0.0125000
NODE_7101_length_975_cov_192.211187	722	802	103	1	80	0.0125000
NODE_7101_length_975_cov_192.211187	722	802	105	2	80	0.0250000
NODE_7101_length_975_cov_192.211187	722	802	110	1	80	0.0125000
NODE_7102_length_975_cov_41.446347	414	494	0	77	80	0.9625000
NODE_7102_length_975_cov_41.446347	414	494	2	3	80	0.0375000
NODE_7102_length_975_cov_41.446347	467	547	0	24	80	0.3000000
NODE_7102_length_975_cov_41.446347	467	547	2	56	80	0.7000000
NODE_7103_length_975_cov_37.618721	375	455	0	80	80	1.0000000
NODE_7103_length_975_cov_37.618721	428	508	0	80	80	1.0000000
NODE_7104_length_975_cov_34.265982	424	504	0	80	80	1.0000000
NODE_7104_length_975_cov_34.265982	477	557	0	80	80	1.0000000
NODE_7105_length_975_cov_31.888128	461	541	0	32	80	0.4000000
NODE_7105_length_975_cov_31.888128	461	541	12	6	80	0.0750000
NODE_7105_length_975_cov_31.888128	461	541	13	11	80	0.1375000
NODE_7105_length_975_cov_31.888128	461	541	14	31	80	0.3875000
NODE_7105_length_975_cov_31.888128	514	594	12	59	80	0.7375000
NODE_7105_length_975_cov_31.888128	514	594	13	11	80	0.1375000
NODE_7105_length_975_cov_31.888128	514	594	14	10	80	0.1250000
NODE_7106_length_975_cov_22.093607	392	472	6	37	80	0.4625000
NODE_7106_length_975_cov_22.093607	392	472	11	1	80	0.0125000
NODE_7106_length_975_cov_22.093607	392	472	12	42	80	0.5250000
NODE_7106_length_975_cov_22.093607	445	525	0	26	80	0.3250000
NODE_7106_length_975_cov_22.093607	445	525	5	1	80	0.0125000
NODE_7106_length_975_cov_22.093607	445	525	6	53	80	0.6625000
NODE_7107_length_975_cov_15.091324	403	483	0	26	80	0.3250000
NODE_7107_length_975_cov_15.091324	403	483	1	10	80	0.1250000
NODE_7107_length_975_cov_15.091324	403	483	2	44	80	0.5500000
NODE_7107_length_975_cov_15.091324	456	536	0	79	80	0.9875000
NODE_7107_length_975_cov_15.091324	456	536	1	1	80	0.0125000
NODE_7108_length_975_cov_15.046804	63	143	0	42	80	0.5250000
NODE_7108_length_975_cov_15.046804	63	143	2	38	80	0.4750000
NODE_7108_length_975_cov_15.046804	116	196	0	15	80	0.1875000
NODE_7108_length_975_cov_15.046804	116	196	2	65	80	0.8125000
NODE_7109_length_975_cov_12.043379	535	615	0	80	80	1.0000000
NODE_7109_length_975_cov_12.043379	588	668	0	80	80	1.0000000
NODE_7110_length_975_cov_11.772831	276	354	0	78	78	1.0000000
NODE_7110_length_975_cov_11.772831	327	407	0	27	80	0.3375000
NODE_7110_length_975_cov_11.772831	327	407	2	53	80	0.6625000
NODE_7111_length_975_cov_10.599315	405	485	0	80	80	1.0000000
NODE_7111_length_975_cov_10.599315	458	538	0	80	80	1.0000000
NODE_7112_length_975_cov_8.089041	430	510	0	36	80	0.4500000
NODE_7112_length_975_cov_8.089041	430	510	4	15	80	0.1875000
NODE_7112_length_975_cov_8.089041	430	510	8	29	80	0.3625000
NODE_7112_length_975_cov_8.089041	483	563	8	80	80	1.0000000
NODE_7114_length_975_cov_3.728311	254	334	0	8	80	0.1000000
NODE_7114_length_975_cov_3.728311	254	334	2	72	80	0.9000000
NODE_7114_length_975_cov_3.728311	307	387	0	44	80	0.5500000
NODE_7114_length_975_cov_3.728311	307	387	2	36	80	0.4500000
NODE_7125_length_974_cov_293.334857	564	642	343	1	78	0.0128205
NODE_7125_length_974_cov_293.334857	564	642	346	1	78	0.0128205
NODE_7125_length_974_cov_293.334857	564	642	347	2	78	0.0256410
NODE_7125_length_974_cov_293.334857	564	642	349	2	78	0.0256410
NODE_7125_length_974_cov_293.334857	564	642	350	1	78	0.0128205
NODE_7125_length_974_cov_293.334857	564	642	351	2	78	0.0256410
NODE_7125_length_974_cov_293.334857	564	642	352	1	78	0.0128205
NODE_7125_length_974_cov_293.334857	564	642	354	3	78	0.0384615
NODE_7125_length_974_cov_293.334857	564	642	355	2	78	0.0256410
NODE_7125_length_974_cov_293.334857	564	642	356	2	78	0.0256410
NODE_7125_length_974_cov_293.334857	564	642	357	1	78	0.0128205
NODE_7125_length_974_cov_293.334857	564	642	359	2	78	0.0256410
NODE_7125_length_974_cov_293.334857	564	642	361	7	78	0.0897436
NODE_7125_length_974_cov_293.334857	564	642	363	1	78	0.0128205
NODE_7125_length_974_cov_293.334857	564	642	365	2	78	0.0256410
NODE_7125_length_974_cov_293.334857	564	642	366	5	78	0.0641026
NODE_7125_length_974_cov_293.334857	564	642	367	3	78	0.0384615
NODE_7125_length_974_cov_293.334857	564	642	368	1	78	0.0128205
NODE_7125_length_974_cov_293.334857	564	642	369	1	78	0.0128205
NODE_7125_length_974_cov_293.334857	564	642	371	1	78	0.0128205
NODE_7125_length_974_cov_293.334857	564	642	374	3	78	0.0384615
NODE_7125_length_974_cov_293.334857	564	642	375	1	78	0.0128205
NODE_7125_length_974_cov_293.334857	564	642	376	1	78	0.0128205
NODE_7125_length_974_cov_293.334857	564	642	378	4	78	0.0512821
NODE_7125_length_974_cov_293.334857	564	642	380	3	78	0.0384615
NODE_7125_length_974_cov_293.334857	564	642	381	1	78	0.0128205
NODE_7125_length_974_cov_293.334857	564	642	382	2	78	0.0256410
NODE_7125_length_974_cov_293.334857	564	642	385	4	78	0.0512821
NODE_7125_length_974_cov_293.334857	564	642	392	2	78	0.0256410
NODE_7125_length_974_cov_293.334857	564	642	394	2	78	0.0256410
NODE_7125_length_974_cov_293.334857	564	642	404	1	78	0.0128205
NODE_7125_length_974_cov_293.334857	564	642	419	1	78	0.0128205
NODE_7125_length_974_cov_293.334857	564	642	428	1	78	0.0128205
NODE_7125_length_974_cov_293.334857	564	642	437	1	78	0.0128205
NODE_7125_length_974_cov_293.334857	564	642	443	1	78	0.0128205
NODE_7125_length_974_cov_293.334857	564	642	453	1	78	0.0128205
NODE_7125_length_974_cov_293.334857	564	642	463	1	78	0.0128205
NODE_7125_length_974_cov_293.334857	564	642	476	1	78	0.0128205
NODE_7125_length_974_cov_293.334857	564	642	477	2	78	0.0256410
NODE_7125_length_974_cov_293.334857	564	642	482	1	78	0.0128205
NODE_7125_length_974_cov_293.334857	564	642	486	2	78	0.0256410
NODE_7125_length_974_cov_293.334857	564	642	488	1	78	0.0128205
NODE_7125_length_974_cov_293.334857	564	642	343	1	78	0.0128205
NODE_7125_length_974_cov_293.334857	564	642	346	1	78	0.0128205
NODE_7125_length_974_cov_293.334857	564	642	347	2	78	0.0256410
NODE_7125_length_974_cov_293.334857	564	642	349	2	78	0.0256410
NODE_7125_length_974_cov_293.334857	564	642	350	1	78	0.0128205
NODE_7125_length_974_cov_293.334857	564	642	351	2	78	0.0256410
NODE_7125_length_974_cov_293.334857	564	642	352	1	78	0.0128205
NODE_7125_length_974_cov_293.334857	564	642	354	3	78	0.0384615
NODE_7125_length_974_cov_293.334857	564	642	355	2	78	0.0256410
NODE_7125_length_974_cov_293.334857	564	642	356	2	78	0.0256410
NODE_7125_length_974_cov_293.334857	564	642	357	1	78	0.0128205
NODE_7125_length_974_cov_293.334857	564	642	359	2	78	0.0256410
NODE_7125_length_974_cov_293.334857	564	642	361	7	78	0.0897436
NODE_7125_length_974_cov_293.334857	564	642	363	1	78	0.0128205
NODE_7125_length_974_cov_293.334857	564	642	365	2	78	0.0256410
NODE_7125_length_974_cov_293.334857	564	642	366	5	78	0.0641026
NODE_7125_length_974_cov_293.334857	564	642	367	3	78	0.0384615
NODE_7125_length_974_cov_293.334857	564	642	368	1	78	0.0128205
NODE_7125_length_974_cov_293.334857	564	642	369	1	78	0.0128205
NODE_7125_length_974_cov_293.334857	564	642	371	1	78	0.0128205
NODE_7125_length_974_cov_293.334857	564	642	374	3	78	0.0384615
NODE_7125_length_974_cov_293.334857	564	642	375	1	78	0.0128205
NODE_7125_length_974_cov_293.334857	564	642	376	1	78	0.0128205
NODE_7125_length_974_cov_293.334857	564	642	378	4	78	0.0512821
NODE_7125_length_974_cov_293.334857	564	642	380	3	78	0.0384615
NODE_7125_length_974_cov_293.334857	564	642	381	1	78	0.0128205
NODE_7125_length_974_cov_293.334857	564	642	382	2	78	0.0256410
NODE_7125_length_974_cov_293.334857	564	642	385	4	78	0.0512821
NODE_7125_length_974_cov_293.334857	564	642	392	2	78	0.0256410
NODE_7125_length_974_cov_293.334857	564	642	394	2	78	0.0256410
NODE_7125_length_974_cov_293.334857	564	642	404	1	78	0.0128205
NODE_7125_length_974_cov_293.334857	564	642	419	1	78	0.0128205
NODE_7125_length_974_cov_293.334857	564	642	428	1	78	0.0128205
NODE_7125_length_974_cov_293.334857	564	642	437	1	78	0.0128205
NODE_7125_length_974_cov_293.334857	564	642	443	1	78	0.0128205
NODE_7125_length_974_cov_293.334857	564	642	453	1	78	0.0128205
NODE_7125_length_974_cov_293.334857	564	642	463	1	78	0.0128205
NODE_7125_length_974_cov_293.334857	564	642	476	1	78	0.0128205
NODE_7125_length_974_cov_293.334857	564	642	477	2	78	0.0256410
NODE_7125_length_974_cov_293.334857	564	642	482	1	78	0.0128205
NODE_7125_length_974_cov_293.334857	564	642	486	2	78	0.0256410
NODE_7125_length_974_cov_293.334857	564	642	488	1	78	0.0128205
NODE_7125_length_974_cov_293.334857	564	633	343	1	69	0.0144928
NODE_7125_length_974_cov_293.334857	564	633	346	1	69	0.0144928
NODE_7125_length_974_cov_293.334857	564	633	347	2	69	0.0289855
NODE_7125_length_974_cov_293.334857	564	633	349	2	69	0.0289855
NODE_7125_length_974_cov_293.334857	564	633	350	1	69	0.0144928
NODE_7125_length_974_cov_293.334857	564	633	351	2	69	0.0289855
NODE_7125_length_974_cov_293.334857	564	633	352	1	69	0.0144928
NODE_7125_length_974_cov_293.334857	564	633	354	3	69	0.0434783
NODE_7125_length_974_cov_293.334857	564	633	355	2	69	0.0289855
NODE_7125_length_974_cov_293.334857	564	633	356	2	69	0.0289855
NODE_7125_length_974_cov_293.334857	564	633	357	1	69	0.0144928
NODE_7125_length_974_cov_293.334857	564	633	359	2	69	0.0289855
NODE_7125_length_974_cov_293.334857	564	633	361	7	69	0.1014493
NODE_7125_length_974_cov_293.334857	564	633	363	1	69	0.0144928
NODE_7125_length_974_cov_293.334857	564	633	365	2	69	0.0289855
NODE_7125_length_974_cov_293.334857	564	633	366	5	69	0.0724638
NODE_7125_length_974_cov_293.334857	564	633	367	3	69	0.0434783
NODE_7125_length_974_cov_293.334857	564	633	368	1	69	0.0144928
NODE_7125_length_974_cov_293.334857	564	633	369	1	69	0.0144928
NODE_7125_length_974_cov_293.334857	564	633	371	1	69	0.0144928
NODE_7125_length_974_cov_293.334857	564	633	374	3	69	0.0434783
NODE_7125_length_974_cov_293.334857	564	633	375	1	69	0.0144928
NODE_7125_length_974_cov_293.334857	564	633	376	1	69	0.0144928
NODE_7125_length_974_cov_293.334857	564	633	378	2	69	0.0289855
NODE_7125_length_974_cov_293.334857	564	633	380	1	69	0.0144928
NODE_7125_length_974_cov_293.334857	564	633	381	1	69	0.0144928
NODE_7125_length_974_cov_293.334857	564	633	382	1	69	0.0144928
NODE_7125_length_974_cov_293.334857	564	633	385	4	69	0.0579710
NODE_7125_length_974_cov_293.334857	564	633	404	1	69	0.0144928
NODE_7125_length_974_cov_293.334857	564	633	419	1	69	0.0144928
NODE_7125_length_974_cov_293.334857	564	633	428	1	69	0.0144928
NODE_7125_length_974_cov_293.334857	564	633	437	1	69	0.0144928
NODE_7125_length_974_cov_293.334857	564	633	443	1	69	0.0144928
NODE_7125_length_974_cov_293.334857	564	633	453	1	69	0.0144928
NODE_7125_length_974_cov_293.334857	564	633	463	1	69	0.0144928
NODE_7125_length_974_cov_293.334857	564	633	476	1	69	0.0144928
NODE_7125_length_974_cov_293.334857	564	633	477	2	69	0.0289855
NODE_7125_length_974_cov_293.334857	564	633	482	1	69	0.0144928
NODE_7125_length_974_cov_293.334857	564	633	486	2	69	0.0289855
NODE_7125_length_974_cov_293.334857	564	633	488	1	69	0.0144928
NODE_7126_length_974_cov_49.884571	459	539	22	12	80	0.1500000
NODE_7126_length_974_cov_49.884571	459	539	26	2	80	0.0250000
NODE_7126_length_974_cov_49.884571	459	539	28	3	80	0.0375000
NODE_7126_length_974_cov_49.884571	459	539	30	12	80	0.1500000
NODE_7126_length_974_cov_49.884571	459	539	32	1	80	0.0125000
NODE_7126_length_974_cov_49.884571	459	539	33	2	80	0.0250000
NODE_7126_length_974_cov_49.884571	459	539	34	48	80	0.6000000
NODE_7126_length_974_cov_49.884571	512	592	17	9	80	0.1125000
NODE_7126_length_974_cov_49.884571	512	592	18	5	80	0.0625000
NODE_7126_length_974_cov_49.884571	512	592	26	2	80	0.0250000
NODE_7126_length_974_cov_49.884571	512	592	28	3	80	0.0375000
NODE_7126_length_974_cov_49.884571	512	592	30	35	80	0.4375000
NODE_7126_length_974_cov_49.884571	512	592	31	16	80	0.2000000
NODE_7126_length_974_cov_49.884571	512	592	34	10	80	0.1250000
NODE_7127_length_974_cov_38.384000	430	508	0	48	78	0.6153846
NODE_7127_length_974_cov_38.384000	430	508	2	30	78	0.3846154
NODE_7127_length_974_cov_38.384000	483	561	0	78	78	1.0000000
NODE_7128_length_974_cov_26.008000	391	471	0	80	80	1.0000000
NODE_7128_length_974_cov_26.008000	444	524	0	29	80	0.3625000
NODE_7128_length_974_cov_26.008000	444	524	4	51	80	0.6375000
NODE_7128_length_974_cov_26.008000	520	600	4	80	80	1.0000000
NODE_7128_length_974_cov_26.008000	573	653	0	46	80	0.5750000
NODE_7128_length_974_cov_26.008000	573	653	4	34	80	0.4250000
NODE_7129_length_974_cov_21.160000	460	540	0	52	80	0.6500000
NODE_7129_length_974_cov_21.160000	460	540	2	28	80	0.3500000
NODE_7129_length_974_cov_21.160000	513	593	2	74	80	0.9250000
NODE_7129_length_974_cov_21.160000	513	593	4	6	80	0.0750000
NODE_7131_length_974_cov_11.384000	290	370	0	80	80	1.0000000
NODE_7131_length_974_cov_11.384000	343	423	0	80	80	1.0000000
NODE_7132_length_974_cov_11.216000	543	623	2	15	80	0.1875000
NODE_7132_length_974_cov_11.216000	543	623	8	7	80	0.0875000
NODE_7132_length_974_cov_11.216000	543	623	11	10	80	0.1250000
NODE_7132_length_974_cov_11.216000	543	623	12	12	80	0.1500000
NODE_7132_length_974_cov_11.216000	543	623	13	36	80	0.4500000
NODE_7132_length_974_cov_11.216000	596	668	0	8	72	0.1111111
NODE_7132_length_974_cov_11.216000	596	668	2	52	72	0.7222222
NODE_7132_length_974_cov_11.216000	596	668	8	7	72	0.0972222
NODE_7132_length_974_cov_11.216000	596	668	13	5	72	0.0694444
NODE_7133_length_974_cov_9.601143	436	516	0	50	80	0.6250000
NODE_7133_length_974_cov_9.601143	436	516	2	30	80	0.3750000
NODE_7133_length_974_cov_9.601143	489	569	0	14	80	0.1750000
NODE_7133_length_974_cov_9.601143	489	569	2	66	80	0.8250000
NODE_7134_length_974_cov_7.436571	382	462	0	38	80	0.4750000
NODE_7134_length_974_cov_7.436571	382	462	2	42	80	0.5250000
NODE_7134_length_974_cov_7.436571	436	515	2	79	79	1.0000000
NODE_7147_length_973_cov_46.012586	349	429	0	31	80	0.3875000
NODE_7147_length_973_cov_46.012586	349	429	2	49	80	0.6125000
NODE_7147_length_973_cov_46.012586	402	482	0	14	80	0.1750000
NODE_7147_length_973_cov_46.012586	402	482	2	66	80	0.8250000
NODE_7147_length_973_cov_46.012586	478	558	2	49	80	0.6125000
NODE_7147_length_973_cov_46.012586	478	558	4	31	80	0.3875000
NODE_7147_length_973_cov_46.012586	531	611	2	1	80	0.0125000
NODE_7147_length_973_cov_46.012586	531	611	4	79	80	0.9875000
NODE_7148_length_973_cov_40.305492	364	444	2	24	80	0.3000000
NODE_7148_length_973_cov_40.305492	364	444	12	31	80	0.3875000
NODE_7148_length_973_cov_40.305492	364	444	14	25	80	0.3125000
NODE_7148_length_973_cov_40.305492	417	497	0	3	80	0.0375000
NODE_7148_length_973_cov_40.305492	417	497	12	77	80	0.9625000
NODE_7149_length_973_cov_24.105263	460	540	0	24	80	0.3000000
NODE_7149_length_973_cov_24.105263	460	540	2	9	80	0.1125000
NODE_7149_length_973_cov_24.105263	460	540	6	47	80	0.5875000
NODE_7149_length_973_cov_24.105263	513	593	2	19	80	0.2375000
NODE_7149_length_973_cov_24.105263	513	593	6	61	80	0.7625000
NODE_7150_length_973_cov_22.106407	342	422	0	11	80	0.1375000
NODE_7150_length_973_cov_22.106407	342	422	2	69	80	0.8625000
NODE_7150_length_973_cov_22.106407	395	475	0	17	80	0.2125000
NODE_7150_length_973_cov_22.106407	395	475	2	63	80	0.7875000
NODE_7150_length_973_cov_22.106407	471	550	0	1	79	0.0126582
NODE_7150_length_973_cov_22.106407	471	550	2	57	79	0.7215190
NODE_7150_length_973_cov_22.106407	471	550	4	21	79	0.2658228
NODE_7150_length_973_cov_22.106407	526	604	2	3	78	0.0384615
NODE_7150_length_973_cov_22.106407	526	604	4	71	78	0.9102564
NODE_7150_length_973_cov_22.106407	526	604	6	4	78	0.0512821
NODE_7151_length_973_cov_10.994279	430	510	0	33	80	0.4125000
NODE_7151_length_973_cov_10.994279	430	510	2	47	80	0.5875000
NODE_7151_length_973_cov_10.994279	483	563	0	15	80	0.1875000
NODE_7151_length_973_cov_10.994279	483	563	2	65	80	0.8125000
NODE_7151_length_973_cov_10.994279	559	635	0	76	76	1.0000000
NODE_7151_length_973_cov_10.994279	608	688	0	80	80	1.0000000
NODE_7153_length_973_cov_2.973684	734	814	2	12	80	0.1500000
NODE_7153_length_973_cov_2.973684	734	814	4	58	80	0.7250000
NODE_7153_length_973_cov_2.973684	734	814	6	2	80	0.0250000
NODE_7153_length_973_cov_2.973684	734	814	8	4	80	0.0500000
NODE_7153_length_973_cov_2.973684	734	814	12	2	80	0.0250000
NODE_7153_length_973_cov_2.973684	734	814	14	2	80	0.0250000
NODE_7153_length_973_cov_2.973684	820	890	12	23	70	0.3285714
NODE_7153_length_973_cov_2.973684	820	890	14	31	70	0.4428571
NODE_7153_length_973_cov_2.973684	820	890	16	16	70	0.2285714
NODE_7153_length_973_cov_2.973684	863	944	2	23	81	0.2839506
NODE_7153_length_973_cov_2.973684	863	944	4	10	81	0.1234568
NODE_7153_length_973_cov_2.973684	863	944	6	2	81	0.0246914
NODE_7153_length_973_cov_2.973684	863	944	8	1	81	0.0123457
NODE_7153_length_973_cov_2.973684	863	944	10	14	81	0.1728395
NODE_7153_length_973_cov_2.973684	863	944	14	26	81	0.3209876
NODE_7153_length_973_cov_2.973684	863	944	16	5	81	0.0617284
NODE_7166_length_972_cov_32.547537	299	379	10	5	80	0.0625000
NODE_7166_length_972_cov_32.547537	299	379	11	12	80	0.1500000
NODE_7166_length_972_cov_32.547537	299	379	12	63	80	0.7875000
NODE_7166_length_972_cov_32.547537	352	432	0	17	80	0.2125000
NODE_7166_length_972_cov_32.547537	352	432	2	14	80	0.1750000
NODE_7166_length_972_cov_32.547537	352	432	7	12	80	0.1500000
NODE_7166_length_972_cov_32.547537	352	432	9	4	80	0.0500000
NODE_7166_length_972_cov_32.547537	352	432	11	18	80	0.2250000
NODE_7166_length_972_cov_32.547537	352	432	12	15	80	0.1875000
NODE_7166_length_972_cov_32.547537	428	508	0	34	80	0.4250000
NODE_7166_length_972_cov_32.547537	428	508	2	32	80	0.4000000
NODE_7166_length_972_cov_32.547537	428	508	6	14	80	0.1750000
NODE_7166_length_972_cov_32.547537	481	561	2	13	80	0.1625000
NODE_7166_length_972_cov_32.547537	481	561	4	25	80	0.3125000
NODE_7166_length_972_cov_32.547537	481	561	6	42	80	0.5250000
NODE_7167_length_972_cov_31.010309	474	554	4	13	80	0.1625000
NODE_7167_length_972_cov_31.010309	474	554	8	34	80	0.4250000
NODE_7167_length_972_cov_31.010309	474	554	13	6	80	0.0750000
NODE_7167_length_972_cov_31.010309	474	554	14	7	80	0.0875000
NODE_7167_length_972_cov_31.010309	474	554	16	5	80	0.0625000
NODE_7167_length_972_cov_31.010309	474	554	17	13	80	0.1625000
NODE_7167_length_972_cov_31.010309	474	554	18	2	80	0.0250000
NODE_7167_length_972_cov_31.010309	527	607	4	4	80	0.0500000
NODE_7167_length_972_cov_31.010309	527	607	10	8	80	0.1000000
NODE_7167_length_972_cov_31.010309	527	607	13	47	80	0.5875000
NODE_7167_length_972_cov_31.010309	527	607	14	1	80	0.0125000
NODE_7167_length_972_cov_31.010309	527	607	16	5	80	0.0625000
NODE_7167_length_972_cov_31.010309	527	607	17	13	80	0.1625000
NODE_7167_length_972_cov_31.010309	527	607	18	2	80	0.0250000
NODE_7168_length_972_cov_29.810997	481	561	0	80	80	1.0000000
NODE_7168_length_972_cov_29.810997	534	614	0	80	80	1.0000000
NODE_7169_length_972_cov_23.438717	442	522	4	57	80	0.7125000
NODE_7169_length_972_cov_23.438717	442	522	8	23	80	0.2875000
NODE_7169_length_972_cov_23.438717	495	575	4	17	80	0.2125000
NODE_7169_length_972_cov_23.438717	495	575	8	39	80	0.4875000
NODE_7169_length_972_cov_23.438717	495	575	11	24	80	0.3000000
NODE_7170_length_972_cov_18.886598	453	533	0	80	80	1.0000000
NODE_7170_length_972_cov_18.886598	506	585	0	79	79	1.0000000
NODE_7171_length_972_cov_15.100802	329	409	0	80	80	1.0000000
NODE_7171_length_972_cov_15.100802	382	462	0	74	80	0.9250000
NODE_7171_length_972_cov_15.100802	382	462	2	6	80	0.0750000
NODE_7172_length_972_cov_12.674685	444	524	2	48	80	0.6000000
NODE_7172_length_972_cov_12.674685	444	524	4	32	80	0.4000000
NODE_7172_length_972_cov_12.674685	497	577	2	59	80	0.7375000
NODE_7172_length_972_cov_12.674685	497	577	4	12	80	0.1500000
NODE_7172_length_972_cov_12.674685	497	577	6	9	80	0.1125000
NODE_7173_length_972_cov_11.235968	504	584	0	53	80	0.6625000
NODE_7173_length_972_cov_11.235968	504	584	1	5	80	0.0625000
NODE_7173_length_972_cov_11.235968	504	584	2	22	80	0.2750000
NODE_7173_length_972_cov_11.235968	557	637	0	8	80	0.1000000
NODE_7173_length_972_cov_11.235968	557	637	2	72	80	0.9000000
NODE_7174_length_972_cov_10.983963	402	482	0	3	80	0.0375000
NODE_7174_length_972_cov_10.983963	402	482	2	73	80	0.9125000
NODE_7174_length_972_cov_10.983963	402	482	4	4	80	0.0500000
NODE_7174_length_972_cov_10.983963	455	535	0	3	80	0.0375000
NODE_7174_length_972_cov_10.983963	455	535	2	20	80	0.2500000
NODE_7174_length_972_cov_10.983963	455	535	4	57	80	0.7125000
NODE_7175_length_972_cov_8.887743	302	382	0	80	80	1.0000000
NODE_7175_length_972_cov_8.887743	355	430	0	75	75	1.0000000
NODE_7176_length_972_cov_8.265750	488	568	0	80	80	1.0000000
NODE_7176_length_972_cov_8.265750	541	621	0	80	80	1.0000000
NODE_7182_length_972_cov_2.714777	165	241	4	2	76	0.0263158
NODE_7182_length_972_cov_2.714777	165	241	8	2	76	0.0263158
NODE_7182_length_972_cov_2.714777	165	241	10	40	76	0.5263158
NODE_7182_length_972_cov_2.714777	165	241	12	32	76	0.4210526
NODE_7195_length_971_cov_52.575688	398	478	0	2	80	0.0250000
NODE_7195_length_971_cov_52.575688	398	478	2	78	80	0.9750000
NODE_7195_length_971_cov_52.575688	451	531	0	36	80	0.4500000
NODE_7195_length_971_cov_52.575688	451	531	2	44	80	0.5500000
NODE_7195_length_971_cov_52.575688	527	607	2	80	80	1.0000000
NODE_7195_length_971_cov_52.575688	580	660	0	13	80	0.1625000
NODE_7195_length_971_cov_52.575688	580	660	2	67	80	0.8375000
NODE_7196_length_971_cov_44.464450	280	360	0	79	80	0.9875000
NODE_7196_length_971_cov_44.464450	280	360	1	1	80	0.0125000
NODE_7196_length_971_cov_44.464450	333	413	0	26	80	0.3250000
NODE_7196_length_971_cov_44.464450	333	413	1	1	80	0.0125000
NODE_7196_length_971_cov_44.464450	333	413	2	53	80	0.6625000
NODE_7196_length_971_cov_44.464450	409	489	2	45	80	0.5625000
NODE_7196_length_971_cov_44.464450	409	489	4	35	80	0.4375000
NODE_7196_length_971_cov_44.464450	462	542	2	32	80	0.4000000
NODE_7196_length_971_cov_44.464450	462	542	3	1	80	0.0125000
NODE_7196_length_971_cov_44.464450	462	542	4	47	80	0.5875000
NODE_7197_length_971_cov_32.721330	509	589	0	6	80	0.0750000
NODE_7197_length_971_cov_32.721330	509	589	2	74	80	0.9250000
NODE_7197_length_971_cov_32.721330	562	642	0	59	80	0.7375000
NODE_7197_length_971_cov_32.721330	562	642	2	21	80	0.2625000
NODE_7198_length_971_cov_30.264908	474	554	0	80	80	1.0000000
NODE_7198_length_971_cov_30.264908	527	607	0	80	80	1.0000000
NODE_7199_length_971_cov_26.631881	434	514	0	80	80	1.0000000
NODE_7199_length_971_cov_26.631881	487	567	0	80	80	1.0000000
NODE_7200_length_971_cov_25.635321	404	484	0	80	80	1.0000000
NODE_7200_length_971_cov_25.635321	457	537	0	80	80	1.0000000
NODE_7201_length_971_cov_23.334862	363	443	0	80	80	1.0000000
NODE_7201_length_971_cov_23.334862	416	497	0	81	81	1.0000000
NODE_7202_length_971_cov_18.254587	468	548	0	80	80	1.0000000
NODE_7202_length_971_cov_18.254587	521	601	0	80	80	1.0000000
NODE_7203_length_971_cov_18.229358	392	472	2	80	80	1.0000000
NODE_7203_length_971_cov_18.229358	445	525	0	46	80	0.5750000
NODE_7203_length_971_cov_18.229358	445	525	1	6	80	0.0750000
NODE_7203_length_971_cov_18.229358	445	525	2	28	80	0.3500000
NODE_7204_length_971_cov_16.591743	481	561	0	1	80	0.0125000
NODE_7204_length_971_cov_16.591743	481	561	2	46	80	0.5750000
NODE_7204_length_971_cov_16.591743	481	561	6	10	80	0.1250000
NODE_7204_length_971_cov_16.591743	481	561	8	23	80	0.2875000
NODE_7204_length_971_cov_16.591743	534	614	6	57	80	0.7125000
NODE_7204_length_971_cov_16.591743	534	614	8	23	80	0.2875000
NODE_7205_length_971_cov_15.563073	463	543	2	19	80	0.2375000
NODE_7205_length_971_cov_15.563073	463	543	6	61	80	0.7625000
NODE_7205_length_971_cov_15.563073	516	596	4	35	80	0.4375000
NODE_7205_length_971_cov_15.563073	516	596	6	45	80	0.5625000
NODE_7206_length_971_cov_12.141055	415	495	0	80	80	1.0000000
NODE_7206_length_971_cov_12.141055	468	548	0	80	80	1.0000000
NODE_7222_length_970_cov_34.928817	438	518	0	2	80	0.0250000
NODE_7222_length_970_cov_34.928817	438	518	2	78	80	0.9750000
NODE_7222_length_970_cov_34.928817	491	571	0	41	80	0.5125000
NODE_7222_length_970_cov_34.928817	491	571	2	39	80	0.4875000
NODE_7223_length_970_cov_34.445465	540	620	0	32	80	0.4000000
NODE_7223_length_970_cov_34.445465	540	620	2	3	80	0.0375000
NODE_7223_length_970_cov_34.445465	540	620	4	45	80	0.5625000
NODE_7223_length_970_cov_34.445465	593	673	0	80	80	1.0000000
NODE_7224_length_970_cov_34.257176	352	432	0	80	80	1.0000000
NODE_7224_length_970_cov_34.257176	405	485	0	80	80	1.0000000
NODE_7225_length_970_cov_26.904707	297	372	18	1	75	0.0133333
NODE_7225_length_970_cov_26.904707	297	372	20	4	75	0.0533333
NODE_7225_length_970_cov_26.904707	297	372	22	31	75	0.4133333
NODE_7225_length_970_cov_26.904707	297	372	25	26	75	0.3466667
NODE_7225_length_970_cov_26.904707	297	372	26	7	75	0.0933333
NODE_7225_length_970_cov_26.904707	297	372	27	6	75	0.0800000
NODE_7225_length_970_cov_26.904707	303	376	14	2	73	0.0273973
NODE_7225_length_970_cov_26.904707	303	376	18	3	73	0.0410959
NODE_7225_length_970_cov_26.904707	303	376	20	4	73	0.0547945
NODE_7225_length_970_cov_26.904707	303	376	22	31	73	0.4246575
NODE_7225_length_970_cov_26.904707	303	376	25	20	73	0.2739726
NODE_7225_length_970_cov_26.904707	303	376	26	7	73	0.0958904
NODE_7225_length_970_cov_26.904707	303	376	27	6	73	0.0821918
NODE_7225_length_970_cov_26.904707	311	377	4	1	66	0.0151515
NODE_7225_length_970_cov_26.904707	311	377	14	2	66	0.0303030
NODE_7225_length_970_cov_26.904707	311	377	18	3	66	0.0454545
NODE_7225_length_970_cov_26.904707	311	377	20	4	66	0.0606061
NODE_7225_length_970_cov_26.904707	311	377	22	31	66	0.4696970
NODE_7225_length_970_cov_26.904707	311	377	25	12	66	0.1818182
NODE_7225_length_970_cov_26.904707	311	377	26	7	66	0.1060606
NODE_7225_length_970_cov_26.904707	311	377	27	6	66	0.0909091
NODE_7225_length_970_cov_26.904707	350	429	0	15	79	0.1898734
NODE_7225_length_970_cov_26.904707	350	429	2	1	79	0.0126582
NODE_7225_length_970_cov_26.904707	350	429	3	1	79	0.0126582
NODE_7225_length_970_cov_26.904707	350	429	4	36	79	0.4556962
NODE_7225_length_970_cov_26.904707	350	429	14	2	79	0.0253165
NODE_7225_length_970_cov_26.904707	350	429	18	3	79	0.0379747
NODE_7225_length_970_cov_26.904707	350	429	20	4	79	0.0506329
NODE_7225_length_970_cov_26.904707	350	429	22	17	79	0.2151899
NODE_7225_length_970_cov_26.904707	350	429	0	15	79	0.1898734
NODE_7225_length_970_cov_26.904707	350	429	2	1	79	0.0126582
NODE_7225_length_970_cov_26.904707	350	429	3	1	79	0.0126582
NODE_7225_length_970_cov_26.904707	350	429	4	36	79	0.4556962
NODE_7225_length_970_cov_26.904707	350	429	14	2	79	0.0253165
NODE_7225_length_970_cov_26.904707	350	429	18	3	79	0.0379747
NODE_7225_length_970_cov_26.904707	350	429	20	4	79	0.0506329
NODE_7225_length_970_cov_26.904707	350	429	22	17	79	0.2151899
NODE_7225_length_970_cov_26.904707	350	429	0	15	79	0.1898734
NODE_7225_length_970_cov_26.904707	350	429	2	1	79	0.0126582
NODE_7225_length_970_cov_26.904707	350	429	3	1	79	0.0126582
NODE_7225_length_970_cov_26.904707	350	429	4	36	79	0.4556962
NODE_7225_length_970_cov_26.904707	350	429	14	2	79	0.0253165
NODE_7225_length_970_cov_26.904707	350	429	18	3	79	0.0379747
NODE_7225_length_970_cov_26.904707	350	429	20	4	79	0.0506329
NODE_7225_length_970_cov_26.904707	350	429	22	17	79	0.2151899
NODE_7226_length_970_cov_26.040184	266	346	0	80	80	1.0000000
NODE_7226_length_970_cov_26.040184	319	399	0	80	80	1.0000000
NODE_7226_length_970_cov_26.040184	395	475	0	14	80	0.1750000
NODE_7226_length_970_cov_26.040184	395	475	2	2	80	0.0250000
NODE_7226_length_970_cov_26.040184	395	475	6	49	80	0.6125000
NODE_7226_length_970_cov_26.040184	395	475	7	15	80	0.1875000
NODE_7226_length_970_cov_26.040184	448	528	1	20	80	0.2500000
NODE_7226_length_970_cov_26.040184	448	528	5	11	80	0.1375000
NODE_7226_length_970_cov_26.040184	448	528	6	12	80	0.1500000
NODE_7226_length_970_cov_26.040184	448	528	7	37	80	0.4625000
NODE_7227_length_970_cov_19.291619	415	495	2	18	80	0.2250000
NODE_7227_length_970_cov_19.291619	415	495	6	23	80	0.2875000
NODE_7227_length_970_cov_19.291619	415	495	8	39	80	0.4875000
NODE_7227_length_970_cov_19.291619	468	548	0	21	80	0.2625000
NODE_7227_length_970_cov_19.291619	468	548	2	50	80	0.6250000
NODE_7227_length_970_cov_19.291619	468	548	6	9	80	0.1125000
NODE_7228_length_970_cov_17.731343	557	637	0	22	80	0.2750000
NODE_7228_length_970_cov_17.731343	557	637	2	58	80	0.7250000
NODE_7228_length_970_cov_17.731343	610	690	0	75	80	0.9375000
NODE_7228_length_970_cov_17.731343	610	690	2	5	80	0.0625000
NODE_7229_length_970_cov_15.135476	407	487	0	19	80	0.2375000
NODE_7229_length_970_cov_15.135476	407	487	4	61	80	0.7625000
NODE_7229_length_970_cov_15.135476	460	540	0	41	80	0.5125000
NODE_7229_length_970_cov_15.135476	460	540	4	39	80	0.4875000
NODE_7230_length_970_cov_12.675086	534	614	0	30	80	0.3750000
NODE_7230_length_970_cov_12.675086	534	614	2	50	80	0.6250000
NODE_7230_length_970_cov_12.675086	587	667	0	80	80	1.0000000
NODE_7231_length_970_cov_8.095293	487	567	2	54	80	0.6750000
NODE_7231_length_970_cov_8.095293	487	567	4	26	80	0.3250000
NODE_7231_length_970_cov_8.095293	540	620	0	38	80	0.4750000
NODE_7231_length_970_cov_8.095293	540	620	2	42	80	0.5250000
NODE_7233_length_970_cov_7.127440	336	416	0	80	80	1.0000000
NODE_7233_length_970_cov_7.127440	389	469	0	80	80	1.0000000
NODE_7234_length_970_cov_5.824340	0	56	0	56	56	1.0000000
NODE_7246_length_969_cov_47.172414	419	499	2	3	80	0.0375000
NODE_7246_length_969_cov_47.172414	419	499	4	1	80	0.0125000
NODE_7246_length_969_cov_47.172414	419	499	11	32	80	0.4000000
NODE_7246_length_969_cov_47.172414	419	499	22	17	80	0.2125000
NODE_7246_length_969_cov_47.172414	419	499	24	2	80	0.0250000
NODE_7246_length_969_cov_47.172414	419	499	25	5	80	0.0625000
NODE_7246_length_969_cov_47.172414	419	499	26	13	80	0.1625000
NODE_7246_length_969_cov_47.172414	419	499	27	1	80	0.0125000
NODE_7246_length_969_cov_47.172414	419	499	28	6	80	0.0750000
NODE_7246_length_969_cov_47.172414	472	552	24	2	80	0.0250000
NODE_7246_length_969_cov_47.172414	472	552	25	5	80	0.0625000
NODE_7246_length_969_cov_47.172414	472	552	26	13	80	0.1625000
NODE_7246_length_969_cov_47.172414	472	552	27	1	80	0.0125000
NODE_7246_length_969_cov_47.172414	472	552	28	7	80	0.0875000
NODE_7246_length_969_cov_47.172414	472	552	30	17	80	0.2125000
NODE_7246_length_969_cov_47.172414	472	552	32	5	80	0.0625000
NODE_7246_length_969_cov_47.172414	472	552	33	7	80	0.0875000
NODE_7246_length_969_cov_47.172414	472	552	34	2	80	0.0250000
NODE_7246_length_969_cov_47.172414	472	552	36	21	80	0.2625000
NODE_7247_length_969_cov_28.234483	327	407	2	31	80	0.3875000
NODE_7247_length_969_cov_28.234483	327	407	4	30	80	0.3750000
NODE_7247_length_969_cov_28.234483	327	407	6	19	80	0.2375000
NODE_7247_length_969_cov_28.234483	380	460	2	10	80	0.1250000
NODE_7247_length_969_cov_28.234483	380	460	4	14	80	0.1750000
NODE_7247_length_969_cov_28.234483	380	460	6	56	80	0.7000000
NODE_7248_length_969_cov_27.131034	392	472	0	80	80	1.0000000
NODE_7248_length_969_cov_27.131034	445	525	0	80	80	1.0000000
NODE_7249_length_969_cov_26.345977	466	542	0	22	76	0.2894737
NODE_7249_length_969_cov_26.345977	466	542	2	54	76	0.7105263
NODE_7249_length_969_cov_26.345977	515	595	0	6	80	0.0750000
NODE_7249_length_969_cov_26.345977	515	595	2	74	80	0.9250000
NODE_7250_length_969_cov_18.954023	274	354	0	9	80	0.1125000
NODE_7250_length_969_cov_18.954023	274	354	2	53	80	0.6625000
NODE_7250_length_969_cov_18.954023	274	354	6	18	80	0.2250000
NODE_7250_length_969_cov_18.954023	327	407	2	9	80	0.1125000
NODE_7250_length_969_cov_18.954023	327	407	4	17	80	0.2125000
NODE_7250_length_969_cov_18.954023	327	407	6	54	80	0.6750000
NODE_7251_length_969_cov_17.952874	410	490	0	18	80	0.2250000
NODE_7251_length_969_cov_17.952874	410	490	2	53	80	0.6625000
NODE_7251_length_969_cov_17.952874	410	490	4	9	80	0.1125000
NODE_7251_length_969_cov_17.952874	463	543	2	61	80	0.7625000
NODE_7251_length_969_cov_17.952874	463	543	4	19	80	0.2375000
NODE_7251_length_969_cov_17.952874	693	773	0	80	80	1.0000000
NODE_7251_length_969_cov_17.952874	746	826	0	47	80	0.5875000
NODE_7251_length_969_cov_17.952874	746	826	2	14	80	0.1750000
NODE_7251_length_969_cov_17.952874	746	826	4	19	80	0.2375000
NODE_7252_length_969_cov_15.942529	446	526	0	15	80	0.1875000
NODE_7252_length_969_cov_15.942529	446	526	2	17	80	0.2125000
NODE_7252_length_969_cov_15.942529	446	526	6	48	80	0.6000000
NODE_7252_length_969_cov_15.942529	499	579	0	68	80	0.8500000
NODE_7252_length_969_cov_15.942529	499	579	2	12	80	0.1500000
NODE_7253_length_969_cov_9.926437	573	653	4	80	80	1.0000000
NODE_7253_length_969_cov_9.926437	626	706	0	38	80	0.4750000
NODE_7253_length_969_cov_9.926437	626	706	4	42	80	0.5250000
NODE_7265_length_968_cov_59.162255	376	456	2	80	80	1.0000000
NODE_7265_length_968_cov_59.162255	429	509	0	49	80	0.6125000
NODE_7265_length_968_cov_59.162255	429	509	2	31	80	0.3875000
NODE_7265_length_968_cov_59.162255	505	585	0	80	80	1.0000000
NODE_7265_length_968_cov_59.162255	558	638	0	80	80	1.0000000
NODE_7266_length_968_cov_40.005754	514	594	0	5	80	0.0625000
NODE_7266_length_968_cov_40.005754	514	594	2	57	80	0.7125000
NODE_7266_length_968_cov_40.005754	514	594	4	18	80	0.2250000
NODE_7266_length_968_cov_40.005754	567	647	2	15	80	0.1875000
NODE_7266_length_968_cov_40.005754	567	647	4	65	80	0.8125000
NODE_7267_length_968_cov_36.521289	450	530	0	80	80	1.0000000
NODE_7267_length_968_cov_36.521289	503	583	0	80	80	1.0000000
NODE_7268_length_968_cov_34.799770	474	554	0	58	80	0.7250000
NODE_7268_length_968_cov_34.799770	474	554	1	11	80	0.1375000
NODE_7268_length_968_cov_34.799770	474	554	2	11	80	0.1375000
NODE_7268_length_968_cov_34.799770	527	607	0	80	80	1.0000000
NODE_7269_length_968_cov_26.929804	293	372	6	12	79	0.1518987
NODE_7269_length_968_cov_26.929804	293	372	7	5	79	0.0632911
NODE_7269_length_968_cov_26.929804	293	372	9	41	79	0.5189874
NODE_7269_length_968_cov_26.929804	293	372	10	21	79	0.2658228
NODE_7269_length_968_cov_26.929804	345	425	4	29	80	0.3625000
NODE_7269_length_968_cov_26.929804	345	425	5	3	80	0.0375000
NODE_7269_length_968_cov_26.929804	345	425	7	26	80	0.3250000
NODE_7269_length_968_cov_26.929804	345	425	9	22	80	0.2750000
NODE_7269_length_968_cov_26.929804	421	501	0	56	80	0.7000000
NODE_7269_length_968_cov_26.929804	421	501	4	24	80	0.3000000
NODE_7269_length_968_cov_26.929804	474	554	0	80	80	1.0000000
NODE_7270_length_968_cov_24.468354	434	514	0	39	80	0.4875000
NODE_7270_length_968_cov_24.468354	434	514	6	18	80	0.2250000
NODE_7270_length_968_cov_24.468354	434	514	8	2	80	0.0250000
NODE_7270_length_968_cov_24.468354	434	514	10	21	80	0.2625000
NODE_7270_length_968_cov_24.468354	487	567	6	4	80	0.0500000
NODE_7270_length_968_cov_24.468354	487	567	8	2	80	0.0250000
NODE_7270_length_968_cov_24.468354	487	567	9	17	80	0.2125000
NODE_7270_length_968_cov_24.468354	487	567	10	57	80	0.7125000
NODE_7271_length_968_cov_23.204833	344	424	2	80	80	1.0000000
NODE_7271_length_968_cov_23.204833	397	477	0	36	80	0.4500000
NODE_7271_length_968_cov_23.204833	397	477	1	13	80	0.1625000
NODE_7271_length_968_cov_23.204833	397	477	2	31	80	0.3875000
NODE_7271_length_968_cov_23.204833	473	553	0	80	80	1.0000000
NODE_7271_length_968_cov_23.204833	526	606	0	80	80	1.0000000
NODE_7272_length_968_cov_22.321059	417	497	4	44	80	0.5500000
NODE_7272_length_968_cov_22.321059	417	497	11	21	80	0.2625000
NODE_7272_length_968_cov_22.321059	417	497	12	15	80	0.1875000
NODE_7272_length_968_cov_22.321059	470	550	8	46	80	0.5750000
NODE_7272_length_968_cov_22.321059	470	550	10	5	80	0.0625000
NODE_7272_length_968_cov_22.321059	470	550	11	12	80	0.1500000
NODE_7272_length_968_cov_22.321059	470	550	12	17	80	0.2125000
NODE_7273_length_968_cov_20.897583	313	393	4	4	80	0.0500000
NODE_7273_length_968_cov_20.897583	313	393	6	43	80	0.5375000
NODE_7273_length_968_cov_20.897583	313	393	8	33	80	0.4125000
NODE_7273_length_968_cov_20.897583	366	446	0	8	80	0.1000000
NODE_7273_length_968_cov_20.897583	366	446	2	28	80	0.3500000
NODE_7273_length_968_cov_20.897583	366	446	4	5	80	0.0625000
NODE_7273_length_968_cov_20.897583	366	446	6	9	80	0.1125000
NODE_7273_length_968_cov_20.897583	366	446	8	30	80	0.3750000
NODE_7274_length_968_cov_19.296893	401	481	0	80	80	1.0000000
NODE_7274_length_968_cov_19.296893	454	534	0	80	80	1.0000000
NODE_7275_length_968_cov_18.100115	573	653	4	24	80	0.3000000
NODE_7275_length_968_cov_18.100115	573	653	6	56	80	0.7000000
NODE_7275_length_968_cov_18.100115	626	706	0	30	80	0.3750000
NODE_7275_length_968_cov_18.100115	626	706	2	16	80	0.2000000
NODE_7275_length_968_cov_18.100115	626	706	4	28	80	0.3500000
NODE_7275_length_968_cov_18.100115	626	706	6	6	80	0.0750000
NODE_7276_length_968_cov_15.576525	472	552	1	71	80	0.8875000
NODE_7276_length_968_cov_15.576525	472	552	2	6	80	0.0750000
NODE_7276_length_968_cov_15.576525	472	552	4	3	80	0.0375000
NODE_7276_length_968_cov_15.576525	525	605	1	18	80	0.2250000
NODE_7276_length_968_cov_15.576525	525	605	2	6	80	0.0750000
NODE_7276_length_968_cov_15.576525	525	605	4	56	80	0.7000000
NODE_7277_length_968_cov_15.024166	329	409	0	44	80	0.5500000
NODE_7277_length_968_cov_15.024166	329	409	4	36	80	0.4500000
NODE_7277_length_968_cov_15.024166	382	462	0	23	80	0.2875000
NODE_7277_length_968_cov_15.024166	382	462	4	57	80	0.7125000
NODE_7277_length_968_cov_15.024166	458	538	0	80	80	1.0000000
NODE_7277_length_968_cov_15.024166	511	591	0	80	80	1.0000000
NODE_7278_length_968_cov_13.911392	674	754	4	44	80	0.5500000
NODE_7278_length_968_cov_13.911392	674	754	6	36	80	0.4500000
NODE_7278_length_968_cov_13.911392	727	807	0	10	80	0.1250000
NODE_7278_length_968_cov_13.911392	727	807	2	16	80	0.2000000
NODE_7278_length_968_cov_13.911392	727	807	4	24	80	0.3000000
NODE_7278_length_968_cov_13.911392	727	807	6	30	80	0.3750000
NODE_7279_length_968_cov_11.698504	598	678	0	18	80	0.2250000
NODE_7279_length_968_cov_11.698504	598	678	2	62	80	0.7750000
NODE_7279_length_968_cov_11.698504	651	731	0	43	80	0.5375000
NODE_7279_length_968_cov_11.698504	651	731	2	37	80	0.4625000
NODE_7280_length_968_cov_6.490219	538	618	0	80	80	1.0000000
NODE_7280_length_968_cov_6.490219	591	671	0	80	80	1.0000000
NODE_7294_length_967_cov_25.572581	332	412	0	48	80	0.6000000
NODE_7294_length_967_cov_25.572581	332	412	4	32	80	0.4000000
NODE_7294_length_967_cov_25.572581	385	465	4	80	80	1.0000000
NODE_7295_length_967_cov_24.919355	396	476	4	80	80	1.0000000
NODE_7295_length_967_cov_24.919355	449	529	0	26	80	0.3250000
NODE_7295_length_967_cov_24.919355	449	529	4	54	80	0.6750000
NODE_7296_length_967_cov_19.137097	374	454	0	80	80	1.0000000
NODE_7296_length_967_cov_19.137097	427	507	0	80	80	1.0000000
NODE_7296_length_967_cov_19.137097	503	583	0	80	80	1.0000000
NODE_7296_length_967_cov_19.137097	556	636	0	80	80	1.0000000
NODE_7297_length_967_cov_14.654378	453	533	0	80	80	1.0000000
NODE_7297_length_967_cov_14.654378	506	586	0	80	80	1.0000000
NODE_7298_length_967_cov_8.027650	280	360	0	28	80	0.3500000
NODE_7298_length_967_cov_8.027650	280	360	2	52	80	0.6500000
NODE_7298_length_967_cov_8.027650	333	413	0	2	80	0.0250000
NODE_7298_length_967_cov_8.027650	333	413	2	78	80	0.9750000
NODE_7310_length_966_cov_43.154556	401	474	0	73	73	1.0000000
NODE_7310_length_966_cov_43.154556	447	527	0	80	80	1.0000000
NODE_7311_length_966_cov_42.877739	477	557	4	1	80	0.0125000
NODE_7311_length_966_cov_42.877739	477	557	6	47	80	0.5875000
NODE_7311_length_966_cov_42.877739	477	557	12	8	80	0.1000000
NODE_7311_length_966_cov_42.877739	477	557	13	1	80	0.0125000
NODE_7311_length_966_cov_42.877739	477	557	14	23	80	0.2875000
NODE_7311_length_966_cov_42.877739	530	610	9	10	80	0.1250000
NODE_7311_length_966_cov_42.877739	530	610	10	29	80	0.3625000
NODE_7311_length_966_cov_42.877739	530	610	12	22	80	0.2750000
NODE_7311_length_966_cov_42.877739	530	610	14	19	80	0.2375000
NODE_7312_length_966_cov_39.956171	283	363	0	32	80	0.4000000
NODE_7312_length_966_cov_39.956171	283	363	2	4	80	0.0500000
NODE_7312_length_966_cov_39.956171	283	363	4	44	80	0.5500000
NODE_7312_length_966_cov_39.956171	336	416	0	80	80	1.0000000
NODE_7312_length_966_cov_39.956171	412	494	0	13	82	0.1585366
NODE_7312_length_966_cov_39.956171	412	494	3	15	82	0.1829268
NODE_7312_length_966_cov_39.956171	412	494	4	12	82	0.1463415
NODE_7312_length_966_cov_39.956171	412	494	9	31	82	0.3780488
NODE_7312_length_966_cov_39.956171	412	494	10	11	82	0.1341463
NODE_7312_length_966_cov_39.956171	467	547	6	34	80	0.4250000
NODE_7312_length_966_cov_39.956171	467	547	9	16	80	0.2000000
NODE_7312_length_966_cov_39.956171	467	547	10	30	80	0.3750000
NODE_7313_length_966_cov_36.160323	461	541	0	34	80	0.4250000
NODE_7313_length_966_cov_36.160323	461	541	4	46	80	0.5750000
NODE_7313_length_966_cov_36.160323	461	541	0	34	80	0.4250000
NODE_7313_length_966_cov_36.160323	461	541	4	46	80	0.5750000
NODE_7313_length_966_cov_36.160323	514	594	0	28	80	0.3500000
NODE_7313_length_966_cov_36.160323	514	594	4	52	80	0.6500000
NODE_7314_length_966_cov_18.658593	408	488	0	30	80	0.3750000
NODE_7314_length_966_cov_18.658593	408	488	1	12	80	0.1500000
NODE_7314_length_966_cov_18.658593	408	488	2	38	80	0.4750000
NODE_7314_length_966_cov_18.658593	461	541	2	40	80	0.5000000
NODE_7314_length_966_cov_18.658593	461	541	4	40	80	0.5000000
NODE_7315_length_966_cov_17.606690	341	421	2	7	80	0.0875000
NODE_7315_length_966_cov_17.606690	341	421	4	70	80	0.8750000
NODE_7315_length_966_cov_17.606690	341	421	6	3	80	0.0375000
NODE_7315_length_966_cov_17.606690	394	474	4	54	80	0.6750000
NODE_7315_length_966_cov_17.606690	394	474	6	26	80	0.3250000
NODE_7316_length_966_cov_16.064591	296	376	0	80	80	1.0000000
NODE_7316_length_966_cov_16.064591	349	429	0	80	80	1.0000000
NODE_7317_length_966_cov_15.155709	562	642	0	80	80	1.0000000
NODE_7317_length_966_cov_15.155709	615	695	0	74	80	0.9250000
NODE_7317_length_966_cov_15.155709	615	695	2	6	80	0.0750000
NODE_7318_length_966_cov_7.726644	280	360	6	19	80	0.2375000
NODE_7318_length_966_cov_7.726644	280	360	8	25	80	0.3125000
NODE_7318_length_966_cov_7.726644	280	360	10	36	80	0.4500000
NODE_7318_length_966_cov_7.726644	334	414	2	40	80	0.5000000
NODE_7318_length_966_cov_7.726644	334	414	4	4	80	0.0500000
NODE_7318_length_966_cov_7.726644	334	414	6	7	80	0.0875000
NODE_7318_length_966_cov_7.726644	334	414	8	14	80	0.1750000
NODE_7318_length_966_cov_7.726644	334	414	10	15	80	0.1875000
NODE_7335_length_965_cov_51.524249	197	277	0	80	80	1.0000000
NODE_7335_length_965_cov_51.524249	250	327	0	66	77	0.8571429
NODE_7335_length_965_cov_51.524249	250	327	2	11	77	0.1428571
NODE_7335_length_965_cov_51.524249	329	406	2	75	77	0.9740260
NODE_7335_length_965_cov_51.524249	329	406	4	2	77	0.0259740
NODE_7335_length_965_cov_51.524249	379	459	2	78	80	0.9750000
NODE_7335_length_965_cov_51.524249	379	459	4	2	80	0.0250000
NODE_7336_length_965_cov_18.072748	515	595	0	80	80	1.0000000
NODE_7336_length_965_cov_18.072748	568	648	0	80	80	1.0000000
NODE_7337_length_965_cov_14.277136	342	422	4	80	80	1.0000000
NODE_7337_length_965_cov_14.277136	395	470	0	32	75	0.4266667
NODE_7337_length_965_cov_14.277136	395	470	4	43	75	0.5733333
NODE_7338_length_965_cov_7.808314	567	647	2	27	80	0.3375000
NODE_7338_length_965_cov_7.808314	567	647	4	31	80	0.3875000
NODE_7338_length_965_cov_7.808314	567	647	6	22	80	0.2750000
NODE_7338_length_965_cov_7.808314	620	700	0	17	80	0.2125000
NODE_7338_length_965_cov_7.808314	620	700	4	63	80	0.7875000
NODE_7344_length_964_cov_60.153757	197	277	10	15	80	0.1875000
NODE_7344_length_964_cov_60.153757	197	277	12	3	80	0.0375000
NODE_7344_length_964_cov_60.153757	197	277	14	8	80	0.1000000
NODE_7344_length_964_cov_60.153757	197	277	16	6	80	0.0750000
NODE_7344_length_964_cov_60.153757	197	277	18	16	80	0.2000000
NODE_7344_length_964_cov_60.153757	197	277	20	6	80	0.0750000
NODE_7344_length_964_cov_60.153757	197	277	21	1	80	0.0125000
NODE_7344_length_964_cov_60.153757	197	277	22	1	80	0.0125000
NODE_7344_length_964_cov_60.153757	197	277	24	1	80	0.0125000
NODE_7344_length_964_cov_60.153757	197	277	26	5	80	0.0625000
NODE_7344_length_964_cov_60.153757	197	277	28	3	80	0.0375000
NODE_7344_length_964_cov_60.153757	197	277	30	1	80	0.0125000
NODE_7344_length_964_cov_60.153757	197	277	34	1	80	0.0125000
NODE_7344_length_964_cov_60.153757	197	277	37	1	80	0.0125000
NODE_7344_length_964_cov_60.153757	197	277	39	1	80	0.0125000
NODE_7344_length_964_cov_60.153757	197	277	41	3	80	0.0375000
NODE_7344_length_964_cov_60.153757	197	277	43	2	80	0.0250000
NODE_7344_length_964_cov_60.153757	197	277	45	2	80	0.0250000
NODE_7344_length_964_cov_60.153757	197	277	48	1	80	0.0125000
NODE_7344_length_964_cov_60.153757	197	277	50	3	80	0.0375000
NODE_7344_length_964_cov_60.153757	250	314	2	9	64	0.1406250
NODE_7344_length_964_cov_60.153757	250	314	4	5	64	0.0781250
NODE_7344_length_964_cov_60.153757	250	314	6	16	64	0.2500000
NODE_7344_length_964_cov_60.153757	250	314	8	2	64	0.0312500
NODE_7344_length_964_cov_60.153757	250	314	9	5	64	0.0781250
NODE_7344_length_964_cov_60.153757	250	314	10	15	64	0.2343750
NODE_7344_length_964_cov_60.153757	250	314	12	3	64	0.0468750
NODE_7344_length_964_cov_60.153757	250	314	14	8	64	0.1250000
NODE_7344_length_964_cov_60.153757	250	314	16	1	64	0.0156250
NODE_7344_length_964_cov_60.153757	672	752	0	80	80	1.0000000
NODE_7344_length_964_cov_60.153757	725	805	0	48	80	0.6000000
NODE_7344_length_964_cov_60.153757	725	805	2	32	80	0.4000000
NODE_7345_length_964_cov_45.564162	314	394	0	6	80	0.0750000
NODE_7345_length_964_cov_45.564162	314	394	2	74	80	0.9250000
NODE_7345_length_964_cov_45.564162	367	447	0	54	80	0.6750000
NODE_7345_length_964_cov_45.564162	367	447	2	26	80	0.3250000
NODE_7345_length_964_cov_45.564162	443	523	0	27	80	0.3375000
NODE_7345_length_964_cov_45.564162	443	523	2	53	80	0.6625000
NODE_7345_length_964_cov_45.564162	496	566	2	39	70	0.5571429
NODE_7345_length_964_cov_45.564162	496	566	4	31	70	0.4428571
NODE_7346_length_964_cov_33.487861	363	443	0	80	80	1.0000000
NODE_7346_length_964_cov_33.487861	416	496	0	80	80	1.0000000
NODE_7347_length_964_cov_33.077457	408	488	0	80	80	1.0000000
NODE_7347_length_964_cov_33.077457	461	541	0	80	80	1.0000000
NODE_7347_length_964_cov_33.077457	537	617	0	80	80	1.0000000
NODE_7347_length_964_cov_33.077457	590	670	0	80	80	1.0000000
NODE_7348_length_964_cov_29.250867	419	499	0	80	80	1.0000000
NODE_7348_length_964_cov_29.250867	472	552	0	47	80	0.5875000
NODE_7348_length_964_cov_29.250867	472	552	2	33	80	0.4125000
NODE_7349_length_964_cov_20.191908	228	301	0	19	73	0.2602740
NODE_7349_length_964_cov_20.191908	228	301	2	22	73	0.3013699
NODE_7349_length_964_cov_20.191908	228	301	4	32	73	0.4383562
NODE_7349_length_964_cov_20.191908	349	429	0	11	80	0.1375000
NODE_7349_length_964_cov_20.191908	349	429	2	69	80	0.8625000
NODE_7349_length_964_cov_20.191908	402	482	0	14	80	0.1750000
NODE_7349_length_964_cov_20.191908	402	482	2	66	80	0.8250000
NODE_7350_length_964_cov_18.510983	486	566	0	80	80	1.0000000
NODE_7350_length_964_cov_18.510983	539	619	0	80	80	1.0000000
NODE_7351_length_964_cov_16.613873	464	544	0	80	80	1.0000000
NODE_7351_length_964_cov_16.613873	517	597	0	80	80	1.0000000
NODE_7352_length_964_cov_15.717919	411	491	0	5	80	0.0625000
NODE_7352_length_964_cov_15.717919	411	491	2	75	80	0.9375000
NODE_7352_length_964_cov_15.717919	464	544	0	58	80	0.7250000
NODE_7352_length_964_cov_15.717919	464	544	2	22	80	0.2750000
NODE_7352_length_964_cov_15.717919	540	620	0	80	80	1.0000000
NODE_7352_length_964_cov_15.717919	593	668	0	35	75	0.4666667
NODE_7352_length_964_cov_15.717919	593	668	3	37	75	0.4933333
NODE_7352_length_964_cov_15.717919	593	668	6	3	75	0.0400000
NODE_7353_length_964_cov_14.591908	521	601	2	80	80	1.0000000
NODE_7353_length_964_cov_14.591908	574	654	0	32	80	0.4000000
NODE_7353_length_964_cov_14.591908	574	654	2	48	80	0.6000000
NODE_7354_length_964_cov_11.589595	475	555	0	18	80	0.2250000
NODE_7354_length_964_cov_11.589595	475	555	4	1	80	0.0125000
NODE_7354_length_964_cov_11.589595	475	555	8	61	80	0.7625000
NODE_7354_length_964_cov_11.589595	528	608	4	36	80	0.4500000
NODE_7354_length_964_cov_11.589595	528	608	8	44	80	0.5500000
NODE_7355_length_964_cov_7.639306	420	500	0	80	80	1.0000000
NODE_7355_length_964_cov_7.639306	473	553	0	80	80	1.0000000
NODE_7356_length_964_cov_7.596532	534	614	0	80	80	1.0000000
NODE_7356_length_964_cov_7.596532	587	667	0	78	80	0.9750000
NODE_7356_length_964_cov_7.596532	587	667	1	2	80	0.0250000
NODE_7357_length_964_cov_6.568786	368	448	0	4	80	0.0500000
NODE_7357_length_964_cov_6.568786	368	448	2	76	80	0.9500000
NODE_7357_length_964_cov_6.568786	421	501	0	57	80	0.7125000
NODE_7357_length_964_cov_6.568786	421	501	2	23	80	0.2875000
NODE_7359_length_964_cov_6.027746	890	940	14	37	50	0.7400000
NODE_7359_length_964_cov_6.027746	890	940	16	9	50	0.1800000
NODE_7359_length_964_cov_6.027746	890	940	18	4	50	0.0800000
NODE_7361_length_964_cov_4.665896	706	772	0	66	66	1.0000000
NODE_7376_length_963_cov_66.251157	456	536	10	7	80	0.0875000
NODE_7376_length_963_cov_66.251157	456	536	12	73	80	0.9125000
NODE_7376_length_963_cov_66.251157	509	589	0	16	80	0.2000000
NODE_7376_length_963_cov_66.251157	509	589	2	2	80	0.0250000
NODE_7376_length_963_cov_66.251157	509	589	12	62	80	0.7750000
NODE_7376_length_963_cov_66.251157	585	665	0	39	80	0.4875000
NODE_7376_length_963_cov_66.251157	585	665	2	11	80	0.1375000
NODE_7376_length_963_cov_66.251157	585	665	8	30	80	0.3750000
NODE_7376_length_963_cov_66.251157	638	718	6	6	80	0.0750000
NODE_7376_length_963_cov_66.251157	638	718	8	74	80	0.9250000
NODE_7377_length_963_cov_35.638889	381	461	0	32	80	0.4000000
NODE_7377_length_963_cov_35.638889	381	461	2	48	80	0.6000000
NODE_7377_length_963_cov_35.638889	434	514	0	2	80	0.0250000
NODE_7377_length_963_cov_35.638889	434	514	2	78	80	0.9750000
NODE_7377_length_963_cov_35.638889	510	590	0	78	80	0.9750000
NODE_7377_length_963_cov_35.638889	510	590	2	2	80	0.0250000
NODE_7377_length_963_cov_35.638889	563	643	0	80	80	1.0000000
NODE_7378_length_963_cov_33.642361	347	427	0	65	80	0.8125000
NODE_7378_length_963_cov_33.642361	347	427	10	15	80	0.1875000
NODE_7378_length_963_cov_33.642361	400	480	0	12	80	0.1500000
NODE_7378_length_963_cov_33.642361	400	480	10	68	80	0.8500000
NODE_7379_length_963_cov_18.626157	392	472	6	67	80	0.8375000
NODE_7379_length_963_cov_18.626157	392	472	7	13	80	0.1625000
NODE_7379_length_963_cov_18.626157	445	525	2	27	80	0.3375000
NODE_7379_length_963_cov_18.626157	445	525	4	13	80	0.1625000
NODE_7379_length_963_cov_18.626157	445	525	6	14	80	0.1750000
NODE_7379_length_963_cov_18.626157	445	525	7	18	80	0.2250000
NODE_7379_length_963_cov_18.626157	445	525	8	8	80	0.1000000
NODE_7380_length_963_cov_17.750000	402	482	0	80	80	1.0000000
NODE_7380_length_963_cov_17.750000	455	535	0	37	80	0.4625000
NODE_7380_length_963_cov_17.750000	455	535	2	40	80	0.5000000
NODE_7380_length_963_cov_17.750000	455	535	4	3	80	0.0375000
NODE_7381_length_963_cov_17.023148	542	622	0	36	80	0.4500000
NODE_7381_length_963_cov_17.023148	542	622	2	26	80	0.3250000
NODE_7381_length_963_cov_17.023148	542	622	4	18	80	0.2250000
NODE_7381_length_963_cov_17.023148	595	675	2	62	80	0.7750000
NODE_7381_length_963_cov_17.023148	595	675	4	18	80	0.2250000
NODE_7382_length_963_cov_16.642361	481	561	0	19	80	0.2375000
NODE_7382_length_963_cov_16.642361	481	561	2	61	80	0.7625000
NODE_7382_length_963_cov_16.642361	534	614	0	28	80	0.3500000
NODE_7382_length_963_cov_16.642361	534	614	2	52	80	0.6500000
NODE_7382_length_963_cov_16.642361	572	629	0	22	57	0.3859649
NODE_7382_length_963_cov_16.642361	572	629	2	35	57	0.6140351
NODE_7383_length_963_cov_14.961806	283	363	0	57	80	0.7125000
NODE_7383_length_963_cov_14.961806	283	363	2	23	80	0.2875000
NODE_7383_length_963_cov_14.961806	336	416	0	4	80	0.0500000
NODE_7383_length_963_cov_14.961806	336	416	2	76	80	0.9500000
NODE_7384_length_963_cov_13.341435	558	638	0	25	80	0.3125000
NODE_7384_length_963_cov_13.341435	558	638	8	55	80	0.6875000
NODE_7384_length_963_cov_13.341435	611	691	8	80	80	1.0000000
NODE_7386_length_963_cov_9.520833	459	539	0	80	80	1.0000000
NODE_7386_length_963_cov_9.520833	512	592	0	36	80	0.4500000
NODE_7386_length_963_cov_9.520833	512	592	4	44	80	0.5500000
NODE_7386_length_963_cov_9.520833	588	662	4	74	74	1.0000000
NODE_7386_length_963_cov_9.520833	641	724	0	54	83	0.6506024
NODE_7386_length_963_cov_9.520833	641	724	4	29	83	0.3493976
NODE_7388_length_963_cov_7.510417	781	842	15	2	61	0.0327869
NODE_7388_length_963_cov_7.510417	781	842	18	2	61	0.0327869
NODE_7388_length_963_cov_7.510417	781	842	19	1	61	0.0163934
NODE_7388_length_963_cov_7.510417	781	842	20	1	61	0.0163934
NODE_7388_length_963_cov_7.510417	781	842	22	7	61	0.1147541
NODE_7388_length_963_cov_7.510417	781	842	26	5	61	0.0819672
NODE_7388_length_963_cov_7.510417	781	842	37	5	61	0.0819672
NODE_7388_length_963_cov_7.510417	781	842	39	3	61	0.0491803
NODE_7388_length_963_cov_7.510417	781	842	41	3	61	0.0491803
NODE_7388_length_963_cov_7.510417	781	842	44	10	61	0.1639344
NODE_7388_length_963_cov_7.510417	781	842	54	1	61	0.0163934
NODE_7388_length_963_cov_7.510417	781	842	58	1	61	0.0163934
NODE_7388_length_963_cov_7.510417	781	842	68	1	61	0.0163934
NODE_7388_length_963_cov_7.510417	781	842	71	3	61	0.0491803
NODE_7388_length_963_cov_7.510417	781	842	73	1	61	0.0163934
NODE_7388_length_963_cov_7.510417	781	842	75	1	61	0.0163934
NODE_7388_length_963_cov_7.510417	781	842	77	1	61	0.0163934
NODE_7388_length_963_cov_7.510417	781	842	79	4	61	0.0655738
NODE_7388_length_963_cov_7.510417	781	842	80	3	61	0.0491803
NODE_7388_length_963_cov_7.510417	781	842	82	2	61	0.0327869
NODE_7388_length_963_cov_7.510417	781	842	84	4	61	0.0655738
NODE_7388_length_963_cov_7.510417	815	894	44	5	79	0.0632911
NODE_7388_length_963_cov_7.510417	815	894	54	1	79	0.0126582
NODE_7388_length_963_cov_7.510417	815	894	58	1	79	0.0126582
NODE_7388_length_963_cov_7.510417	815	894	68	1	79	0.0126582
NODE_7388_length_963_cov_7.510417	815	894	71	3	79	0.0379747
NODE_7388_length_963_cov_7.510417	815	894	73	1	79	0.0126582
NODE_7388_length_963_cov_7.510417	815	894	75	1	79	0.0126582
NODE_7388_length_963_cov_7.510417	815	894	77	1	79	0.0126582
NODE_7388_length_963_cov_7.510417	815	894	79	4	79	0.0506329
NODE_7388_length_963_cov_7.510417	815	894	80	3	79	0.0379747
NODE_7388_length_963_cov_7.510417	815	894	82	5	79	0.0632911
NODE_7388_length_963_cov_7.510417	815	894	83	1	79	0.0126582
NODE_7388_length_963_cov_7.510417	815	894	84	5	79	0.0632911
NODE_7388_length_963_cov_7.510417	815	894	85	5	79	0.0632911
NODE_7388_length_963_cov_7.510417	815	894	86	1	79	0.0126582
NODE_7388_length_963_cov_7.510417	815	894	88	35	79	0.4430380
NODE_7388_length_963_cov_7.510417	815	894	90	5	79	0.0632911
NODE_7388_length_963_cov_7.510417	815	894	94	1	79	0.0126582
NODE_7392_length_963_cov_3.755787	378	458	0	67	80	0.8375000
NODE_7392_length_963_cov_3.755787	378	458	6	13	80	0.1625000
NODE_7392_length_963_cov_3.755787	431	511	0	14	80	0.1750000
NODE_7392_length_963_cov_3.755787	431	511	6	66	80	0.8250000
NODE_7397_length_963_cov_1.931713	426	485	0	2	59	0.0338983
NODE_7397_length_963_cov_1.931713	426	485	1	10	59	0.1694915
NODE_7397_length_963_cov_1.931713	426	485	3	47	59	0.7966102
NODE_7404_length_962_cov_37.169177	356	436	0	80	80	1.0000000
NODE_7404_length_962_cov_37.169177	409	489	0	80	80	1.0000000
NODE_7405_length_962_cov_28.852839	474	554	0	18	80	0.2250000
NODE_7405_length_962_cov_28.852839	474	554	2	62	80	0.7750000
NODE_7405_length_962_cov_28.852839	527	607	0	41	80	0.5125000
NODE_7405_length_962_cov_28.852839	527	607	2	39	80	0.4875000
NODE_7405_length_962_cov_28.852839	603	683	0	51	80	0.6375000
NODE_7405_length_962_cov_28.852839	603	683	1	6	80	0.0750000
NODE_7405_length_962_cov_28.852839	603	683	3	18	80	0.2250000
NODE_7405_length_962_cov_28.852839	603	683	4	5	80	0.0625000
NODE_7405_length_962_cov_28.852839	656	736	1	4	80	0.0500000
NODE_7405_length_962_cov_28.852839	656	736	3	18	80	0.2250000
NODE_7405_length_962_cov_28.852839	656	736	4	5	80	0.0625000
NODE_7405_length_962_cov_28.852839	656	736	7	43	80	0.5375000
NODE_7405_length_962_cov_28.852839	656	736	11	10	80	0.1250000
NODE_7406_length_962_cov_27.859791	441	521	0	5	80	0.0625000
NODE_7406_length_962_cov_27.859791	441	521	3	1	80	0.0125000
NODE_7406_length_962_cov_27.859791	441	521	4	6	80	0.0750000
NODE_7406_length_962_cov_27.859791	441	521	12	68	80	0.8500000
NODE_7406_length_962_cov_27.859791	494	574	12	80	80	1.0000000
NODE_7407_length_962_cov_21.019699	318	398	0	80	80	1.0000000
NODE_7407_length_962_cov_21.019699	371	451	0	80	80	1.0000000
NODE_7408_length_962_cov_16.792584	350	430	0	80	80	1.0000000
NODE_7408_length_962_cov_16.792584	403	483	0	80	80	1.0000000
NODE_7409_length_962_cov_14.650058	477	557	2	80	80	1.0000000
NODE_7409_length_962_cov_14.650058	530	610	0	43	80	0.5375000
NODE_7409_length_962_cov_14.650058	530	610	2	37	80	0.4625000
NODE_7410_length_962_cov_7.993048	308	345	0	5	37	0.1351351
NODE_7410_length_962_cov_7.993048	308	345	4	32	37	0.8648649
NODE_7411_length_962_cov_7.835458	447	527	0	22	80	0.2750000
NODE_7411_length_962_cov_7.835458	447	527	2	58	80	0.7250000
NODE_7411_length_962_cov_7.835458	500	580	2	80	80	1.0000000
NODE_7412_length_962_cov_6.855156	490	570	0	80	80	1.0000000
NODE_7412_length_962_cov_6.855156	543	623	0	80	80	1.0000000
NODE_7417_length_962_cov_1.840093	88	151	0	3	63	0.0476190
NODE_7417_length_962_cov_1.840093	88	151	37	1	63	0.0158730
NODE_7417_length_962_cov_1.840093	88	151	41	1	63	0.0158730
NODE_7417_length_962_cov_1.840093	88	151	49	3	63	0.0476190
NODE_7417_length_962_cov_1.840093	88	151	53	1	63	0.0158730
NODE_7417_length_962_cov_1.840093	88	151	61	2	63	0.0317460
NODE_7417_length_962_cov_1.840093	88	151	63	1	63	0.0158730
NODE_7417_length_962_cov_1.840093	88	151	67	1	63	0.0158730
NODE_7417_length_962_cov_1.840093	88	151	69	1	63	0.0158730
NODE_7417_length_962_cov_1.840093	88	151	71	1	63	0.0158730
NODE_7417_length_962_cov_1.840093	88	151	72	1	63	0.0158730
NODE_7417_length_962_cov_1.840093	88	151	77	1	63	0.0158730
NODE_7417_length_962_cov_1.840093	88	151	79	2	63	0.0317460
NODE_7417_length_962_cov_1.840093	88	151	83	1	63	0.0158730
NODE_7417_length_962_cov_1.840093	88	151	87	2	63	0.0317460
NODE_7417_length_962_cov_1.840093	88	151	91	16	63	0.2539683
NODE_7417_length_962_cov_1.840093	88	151	95	1	63	0.0158730
NODE_7417_length_962_cov_1.840093	88	151	97	1	63	0.0158730
NODE_7417_length_962_cov_1.840093	88	151	99	1	63	0.0158730
NODE_7417_length_962_cov_1.840093	88	151	101	3	63	0.0476190
NODE_7417_length_962_cov_1.840093	88	151	105	2	63	0.0317460
NODE_7417_length_962_cov_1.840093	88	151	107	2	63	0.0317460
NODE_7417_length_962_cov_1.840093	88	151	109	2	63	0.0317460
NODE_7417_length_962_cov_1.840093	88	151	111	1	63	0.0158730
NODE_7417_length_962_cov_1.840093	88	151	117	5	63	0.0793651
NODE_7417_length_962_cov_1.840093	88	151	119	3	63	0.0476190
NODE_7417_length_962_cov_1.840093	88	151	121	3	63	0.0476190
NODE_7417_length_962_cov_1.840093	88	151	123	1	63	0.0158730
NODE_7422_length_961_cov_61.019722	453	533	0	24	80	0.3000000
NODE_7422_length_961_cov_61.019722	453	533	10	56	80	0.7000000
NODE_7422_length_961_cov_61.019722	506	586	10	80	80	1.0000000
NODE_7422_length_961_cov_61.019722	614	672	0	58	58	1.0000000
NODE_7423_length_961_cov_51.005800	334	414	6	9	80	0.1125000
NODE_7423_length_961_cov_51.005800	334	414	8	9	80	0.1125000
NODE_7423_length_961_cov_51.005800	334	414	18	11	80	0.1375000
NODE_7423_length_961_cov_51.005800	334	414	20	5	80	0.0625000
NODE_7423_length_961_cov_51.005800	334	414	26	46	80	0.5750000
NODE_7423_length_961_cov_51.005800	387	467	10	9	80	0.1125000
NODE_7423_length_961_cov_51.005800	387	467	18	10	80	0.1250000
NODE_7423_length_961_cov_51.005800	387	467	20	44	80	0.5500000
NODE_7423_length_961_cov_51.005800	387	467	26	17	80	0.2125000
NODE_7424_length_961_cov_45.923434	391	471	0	38	80	0.4750000
NODE_7424_length_961_cov_45.923434	391	471	2	1	80	0.0125000
NODE_7424_length_961_cov_45.923434	391	471	3	41	80	0.5125000
NODE_7424_length_961_cov_45.923434	444	524	0	17	80	0.2125000
NODE_7424_length_961_cov_45.923434	444	524	3	30	80	0.3750000
NODE_7424_length_961_cov_45.923434	444	524	4	33	80	0.4125000
NODE_7426_length_961_cov_21.410673	313	393	0	25	80	0.3125000
NODE_7426_length_961_cov_21.410673	313	393	2	24	80	0.3000000
NODE_7426_length_961_cov_21.410673	313	393	6	31	80	0.3875000
NODE_7426_length_961_cov_21.410673	366	446	2	8	80	0.1000000
NODE_7426_length_961_cov_21.410673	366	446	6	53	80	0.6625000
NODE_7426_length_961_cov_21.410673	366	446	8	19	80	0.2375000
NODE_7427_length_961_cov_18.592807	403	483	0	42	80	0.5250000
NODE_7427_length_961_cov_18.592807	403	483	2	38	80	0.4750000
NODE_7427_length_961_cov_18.592807	456	536	0	80	80	1.0000000
NODE_7428_length_961_cov_17.701856	433	513	0	6	80	0.0750000
NODE_7428_length_961_cov_17.701856	433	513	4	74	80	0.9250000
NODE_7428_length_961_cov_17.701856	486	566	0	53	80	0.6625000
NODE_7428_length_961_cov_17.701856	486	566	4	27	80	0.3375000
NODE_7429_length_961_cov_17.020882	505	585	6	71	80	0.8875000
NODE_7429_length_961_cov_17.020882	505	585	8	9	80	0.1125000
NODE_7429_length_961_cov_17.020882	558	638	2	49	80	0.6125000
NODE_7429_length_961_cov_17.020882	558	638	6	18	80	0.2250000
NODE_7429_length_961_cov_17.020882	558	638	8	13	80	0.1625000
NODE_7430_length_961_cov_16.235499	328	408	0	80	80	1.0000000
NODE_7430_length_961_cov_16.235499	381	461	0	50	80	0.6250000
NODE_7430_length_961_cov_16.235499	381	461	2	30	80	0.3750000
NODE_7432_length_961_cov_12.968677	347	427	0	80	80	1.0000000
NODE_7432_length_961_cov_12.968677	400	480	0	80	80	1.0000000
NODE_7433_length_961_cov_9.875870	439	519	0	46	80	0.5750000
NODE_7433_length_961_cov_9.875870	439	519	2	4	80	0.0500000
NODE_7433_length_961_cov_9.875870	439	519	4	30	80	0.3750000
NODE_7433_length_961_cov_9.875870	492	572	2	24	80	0.3000000
NODE_7433_length_961_cov_9.875870	492	572	4	56	80	0.7000000
NODE_7434_length_961_cov_6.172854	624	704	0	80	80	1.0000000
NODE_7434_length_961_cov_6.172854	677	757	0	80	80	1.0000000
NODE_7435_length_961_cov_4.553364	451	531	0	57	80	0.7125000
NODE_7435_length_961_cov_4.553364	451	531	1	4	80	0.0500000
NODE_7435_length_961_cov_4.553364	451	531	2	19	80	0.2375000
NODE_7435_length_961_cov_4.553364	504	584	0	4	80	0.0500000
NODE_7435_length_961_cov_4.553364	504	584	1	4	80	0.0500000
NODE_7435_length_961_cov_4.553364	504	584	2	72	80	0.9000000
NODE_7440_length_960_cov_35.649245	65	145	2	3	80	0.0375000
NODE_7440_length_960_cov_35.649245	65	145	6	57	80	0.7125000
NODE_7440_length_960_cov_35.649245	65	145	8	20	80	0.2500000
NODE_7440_length_960_cov_35.649245	118	198	0	29	80	0.3625000
NODE_7440_length_960_cov_35.649245	118	198	2	6	80	0.0750000
NODE_7440_length_960_cov_35.649245	118	198	6	45	80	0.5625000
NODE_7440_length_960_cov_35.649245	446	526	4	30	80	0.3750000
NODE_7440_length_960_cov_35.649245	446	526	7	1	80	0.0125000
NODE_7440_length_960_cov_35.649245	446	526	8	49	80	0.6125000
NODE_7440_length_960_cov_35.649245	499	579	0	12	80	0.1500000
NODE_7440_length_960_cov_35.649245	499	579	4	34	80	0.4250000
NODE_7440_length_960_cov_35.649245	499	579	7	1	80	0.0125000
NODE_7440_length_960_cov_35.649245	499	579	8	33	80	0.4125000
NODE_7441_length_960_cov_34.886179	386	466	0	80	80	1.0000000
NODE_7441_length_960_cov_34.886179	439	519	0	80	80	1.0000000
NODE_7443_length_960_cov_25.133566	413	493	0	43	80	0.5375000
NODE_7443_length_960_cov_25.133566	413	493	2	37	80	0.4625000
NODE_7443_length_960_cov_25.133566	466	546	0	8	80	0.1000000
NODE_7443_length_960_cov_25.133566	466	546	2	72	80	0.9000000
NODE_7444_length_960_cov_19.336818	385	465	0	31	80	0.3875000
NODE_7444_length_960_cov_19.336818	385	465	2	49	80	0.6125000
NODE_7444_length_960_cov_19.336818	438	518	0	18	80	0.2250000
NODE_7444_length_960_cov_19.336818	438	518	2	62	80	0.7750000
NODE_7445_length_960_cov_13.221835	460	539	0	71	79	0.8987342
NODE_7445_length_960_cov_13.221835	460	539	2	8	79	0.1012658
NODE_7445_length_960_cov_13.221835	512	592	0	19	80	0.2375000
NODE_7445_length_960_cov_13.221835	512	592	2	61	80	0.7625000
NODE_7446_length_960_cov_12.804878	347	427	0	48	80	0.6000000
NODE_7446_length_960_cov_12.804878	347	427	2	32	80	0.4000000
NODE_7446_length_960_cov_12.804878	400	480	2	80	80	1.0000000
NODE_7462_length_959_cov_39.394186	326	406	0	80	80	1.0000000
NODE_7462_length_959_cov_39.394186	379	459	0	80	80	1.0000000
NODE_7463_length_959_cov_28.895349	327	407	4	16	80	0.2000000
NODE_7463_length_959_cov_28.895349	327	407	6	4	80	0.0500000
NODE_7463_length_959_cov_28.895349	327	407	8	59	80	0.7375000
NODE_7463_length_959_cov_28.895349	327	407	10	1	80	0.0125000
NODE_7463_length_959_cov_28.895349	380	460	4	17	80	0.2125000
NODE_7463_length_959_cov_28.895349	380	460	8	63	80	0.7875000
NODE_7464_length_959_cov_26.634884	563	643	4	3	80	0.0375000
NODE_7464_length_959_cov_26.634884	563	643	8	1	80	0.0125000
NODE_7464_length_959_cov_26.634884	563	643	9	15	80	0.1875000
NODE_7464_length_959_cov_26.634884	563	643	10	51	80	0.6375000
NODE_7464_length_959_cov_26.634884	563	643	12	10	80	0.1250000
NODE_7464_length_959_cov_26.634884	616	696	0	34	80	0.4250000
NODE_7464_length_959_cov_26.634884	616	696	2	1	80	0.0125000
NODE_7464_length_959_cov_26.634884	616	696	4	21	80	0.2625000
NODE_7464_length_959_cov_26.634884	616	696	9	15	80	0.1875000
NODE_7464_length_959_cov_26.634884	616	696	10	8	80	0.1000000
NODE_7464_length_959_cov_26.634884	616	696	12	1	80	0.0125000
NODE_7464_length_959_cov_26.634884	692	772	0	51	80	0.6375000
NODE_7464_length_959_cov_26.634884	692	772	2	7	80	0.0875000
NODE_7464_length_959_cov_26.634884	692	772	4	22	80	0.2750000
NODE_7464_length_959_cov_26.634884	745	825	2	5	80	0.0625000
NODE_7464_length_959_cov_26.634884	745	825	4	75	80	0.9375000
NODE_7465_length_959_cov_18.862791	320	400	0	16	80	0.2000000
NODE_7465_length_959_cov_18.862791	320	400	2	64	80	0.8000000
NODE_7465_length_959_cov_18.862791	373	453	0	62	80	0.7750000
NODE_7465_length_959_cov_18.862791	373	453	2	18	80	0.2250000
NODE_7466_length_959_cov_17.910465	358	438	4	6	80	0.0750000
NODE_7466_length_959_cov_17.910465	358	438	6	9	80	0.1125000
NODE_7466_length_959_cov_17.910465	358	438	8	65	80	0.8125000
NODE_7466_length_959_cov_17.910465	411	491	0	52	80	0.6500000
NODE_7466_length_959_cov_17.910465	411	491	4	7	80	0.0875000
NODE_7466_length_959_cov_17.910465	411	491	6	9	80	0.1125000
NODE_7466_length_959_cov_17.910465	411	491	8	12	80	0.1500000
NODE_7467_length_959_cov_15.337209	267	347	2	7	80	0.0875000
NODE_7467_length_959_cov_15.337209	267	347	4	17	80	0.2125000
NODE_7467_length_959_cov_15.337209	267	347	6	29	80	0.3625000
NODE_7467_length_959_cov_15.337209	267	347	10	27	80	0.3375000
NODE_7467_length_959_cov_15.337209	320	400	6	9	80	0.1125000
NODE_7467_length_959_cov_15.337209	320	400	8	9	80	0.1125000
NODE_7467_length_959_cov_15.337209	320	400	9	7	80	0.0875000
NODE_7467_length_959_cov_15.337209	320	400	10	55	80	0.6875000
NODE_7468_length_959_cov_9.005814	529	609	0	80	80	1.0000000
NODE_7468_length_959_cov_9.005814	582	662	0	80	80	1.0000000
NODE_7469_length_959_cov_8.163953	392	472	6	80	80	1.0000000
NODE_7469_length_959_cov_8.163953	445	525	0	17	80	0.2125000
NODE_7469_length_959_cov_8.163953	445	525	3	3	80	0.0375000
NODE_7469_length_959_cov_8.163953	445	525	5	1	80	0.0125000
NODE_7469_length_959_cov_8.163953	445	525	6	59	80	0.7375000
NODE_7470_length_959_cov_7.097674	401	481	0	80	80	1.0000000
NODE_7470_length_959_cov_7.097674	454	534	0	48	80	0.6000000
NODE_7470_length_959_cov_7.097674	454	534	5	32	80	0.4000000
NODE_7472_length_959_cov_4.603488	596	676	2	26	80	0.3250000
NODE_7472_length_959_cov_4.603488	596	676	4	9	80	0.1125000
NODE_7472_length_959_cov_4.603488	596	676	8	35	80	0.4375000
NODE_7472_length_959_cov_4.603488	596	676	10	10	80	0.1250000
NODE_7472_length_959_cov_4.603488	649	729	2	17	80	0.2125000
NODE_7472_length_959_cov_4.603488	649	729	8	17	80	0.2125000
NODE_7472_length_959_cov_4.603488	649	729	10	46	80	0.5750000
NODE_7486_length_958_cov_57.015134	328	408	0	80	80	1.0000000
NODE_7486_length_958_cov_57.015134	381	461	0	80	80	1.0000000
NODE_7486_length_958_cov_57.015134	457	537	0	80	80	1.0000000
NODE_7486_length_958_cov_57.015134	510	590	0	80	80	1.0000000
NODE_7487_length_958_cov_42.265425	418	498	0	7	80	0.0875000
NODE_7487_length_958_cov_42.265425	418	498	2	38	80	0.4750000
NODE_7487_length_958_cov_42.265425	418	498	4	35	80	0.4375000
NODE_7487_length_958_cov_42.265425	471	551	0	16	80	0.2000000
NODE_7487_length_958_cov_42.265425	471	551	4	64	80	0.8000000
NODE_7488_length_958_cov_28.618161	336	416	0	16	80	0.2000000
NODE_7488_length_958_cov_28.618161	336	416	4	64	80	0.8000000
NODE_7488_length_958_cov_28.618161	389	469	0	49	80	0.6125000
NODE_7488_length_958_cov_28.618161	389	469	4	31	80	0.3875000
NODE_7488_length_958_cov_28.618161	465	545	0	40	80	0.5000000
NODE_7488_length_958_cov_28.618161	465	545	2	40	80	0.5000000
NODE_7488_length_958_cov_28.618161	518	598	2	80	80	1.0000000
NODE_7489_length_958_cov_16.452852	446	526	2	3	80	0.0375000
NODE_7489_length_958_cov_16.452852	446	526	9	4	80	0.0500000
NODE_7489_length_958_cov_16.452852	446	526	10	17	80	0.2125000
NODE_7489_length_958_cov_16.452852	446	526	12	56	80	0.7000000
NODE_7489_length_958_cov_16.452852	499	579	0	19	80	0.2375000
NODE_7489_length_958_cov_16.452852	499	579	2	37	80	0.4625000
NODE_7489_length_958_cov_16.452852	499	579	10	7	80	0.0875000
NODE_7489_length_958_cov_16.452852	499	579	12	17	80	0.2125000
NODE_7490_length_958_cov_16.008149	446	526	0	8	80	0.1000000
NODE_7490_length_958_cov_16.008149	446	526	4	72	80	0.9000000
NODE_7490_length_958_cov_16.008149	499	579	0	22	80	0.2750000
NODE_7490_length_958_cov_16.008149	499	579	2	39	80	0.4875000
NODE_7490_length_958_cov_16.008149	499	579	4	19	80	0.2375000
NODE_7491_length_958_cov_14.154831	516	596	0	2	80	0.0250000
NODE_7491_length_958_cov_14.154831	516	596	4	78	80	0.9750000
NODE_7491_length_958_cov_14.154831	569	649	0	55	80	0.6875000
NODE_7491_length_958_cov_14.154831	569	649	4	25	80	0.3125000
NODE_7492_length_958_cov_12.381839	454	534	0	80	80	1.0000000
NODE_7492_length_958_cov_12.381839	507	587	0	80	80	1.0000000
NODE_7493_length_958_cov_11.782305	479	559	0	80	80	1.0000000
NODE_7493_length_958_cov_11.782305	532	612	0	80	80	1.0000000
NODE_7501_length_957_cov_40.837995	746	826	0	80	80	1.0000000
NODE_7501_length_957_cov_40.837995	799	879	0	80	80	1.0000000
NODE_7502_length_957_cov_25.976690	631	711	2	51	80	0.6375000
NODE_7502_length_957_cov_25.976690	631	711	4	29	80	0.3625000
NODE_7502_length_957_cov_25.976690	684	764	0	11	80	0.1375000
NODE_7502_length_957_cov_25.976690	684	764	2	49	80	0.6125000
NODE_7502_length_957_cov_25.976690	684	764	4	20	80	0.2500000
NODE_7503_length_957_cov_25.855478	57	131	4	2	74	0.0270270
NODE_7503_length_957_cov_25.855478	57	131	6	3	74	0.0405405
NODE_7503_length_957_cov_25.855478	57	131	10	2	74	0.0270270
NODE_7503_length_957_cov_25.855478	57	131	12	1	74	0.0135135
NODE_7503_length_957_cov_25.855478	57	131	16	3	74	0.0405405
NODE_7503_length_957_cov_25.855478	57	131	18	5	74	0.0675676
NODE_7503_length_957_cov_25.855478	57	131	20	9	74	0.1216216
NODE_7503_length_957_cov_25.855478	57	131	22	49	74	0.6621622
NODE_7503_length_957_cov_25.855478	414	494	0	80	80	1.0000000
NODE_7503_length_957_cov_25.855478	467	547	0	80	80	1.0000000
NODE_7504_length_957_cov_24.625874	445	525	0	34	80	0.4250000
NODE_7504_length_957_cov_24.625874	445	525	4	11	80	0.1375000
NODE_7504_length_957_cov_24.625874	445	525	8	35	80	0.4375000
NODE_7504_length_957_cov_24.625874	498	578	0	80	80	1.0000000
NODE_7505_length_957_cov_19.955711	286	366	0	80	80	1.0000000
NODE_7505_length_957_cov_19.955711	339	419	0	80	80	1.0000000
NODE_7506_length_957_cov_18.861305	414	494	0	80	80	1.0000000
NODE_7506_length_957_cov_18.861305	467	547	0	80	80	1.0000000
NODE_7507_length_957_cov_17.356643	361	441	0	11	80	0.1375000
NODE_7507_length_957_cov_17.356643	361	441	2	19	80	0.2375000
NODE_7507_length_957_cov_17.356643	361	441	4	50	80	0.6250000
NODE_7507_length_957_cov_17.356643	414	494	0	9	80	0.1125000
NODE_7507_length_957_cov_17.356643	414	494	2	71	80	0.8875000
NODE_7508_length_957_cov_13.569930	162	242	0	20	80	0.2500000
NODE_7508_length_957_cov_13.569930	162	242	2	60	80	0.7500000
NODE_7508_length_957_cov_13.569930	215	299	0	30	84	0.3571429
NODE_7508_length_957_cov_13.569930	215	299	2	54	84	0.6428571
NODE_7509_length_957_cov_12.334499	314	394	2	36	80	0.4500000
NODE_7509_length_957_cov_12.334499	314	394	4	44	80	0.5500000
NODE_7509_length_957_cov_12.334499	367	447	0	15	80	0.1875000
NODE_7509_length_957_cov_12.334499	367	447	2	49	80	0.6125000
NODE_7509_length_957_cov_12.334499	367	447	4	16	80	0.2000000
NODE_7510_length_957_cov_12.017483	173	253	0	80	80	1.0000000
NODE_7510_length_957_cov_12.017483	226	306	0	80	80	1.0000000
NODE_7511_length_957_cov_10.026807	446	526	0	31	80	0.3875000
NODE_7511_length_957_cov_10.026807	446	526	1	1	80	0.0125000
NODE_7511_length_957_cov_10.026807	446	526	2	28	80	0.3500000
NODE_7511_length_957_cov_10.026807	446	526	6	20	80	0.2500000
NODE_7511_length_957_cov_10.026807	499	579	0	80	80	1.0000000
NODE_7529_length_956_cov_48.047841	479	559	0	3	80	0.0375000
NODE_7529_length_956_cov_48.047841	479	559	2	30	80	0.3750000
NODE_7529_length_956_cov_48.047841	479	559	4	47	80	0.5875000
NODE_7529_length_956_cov_48.047841	532	612	0	14	80	0.1750000
NODE_7529_length_956_cov_48.047841	532	612	2	49	80	0.6125000
NODE_7529_length_956_cov_48.047841	532	612	4	17	80	0.2125000
NODE_7529_length_956_cov_48.047841	608	688	2	66	80	0.8250000
NODE_7529_length_956_cov_48.047841	608	688	4	14	80	0.1750000
NODE_7529_length_956_cov_48.047841	661	741	2	13	80	0.1625000
NODE_7529_length_956_cov_48.047841	661	741	4	59	80	0.7375000
NODE_7529_length_956_cov_48.047841	661	741	7	1	80	0.0125000
NODE_7529_length_956_cov_48.047841	661	741	10	6	80	0.0750000
NODE_7529_length_956_cov_48.047841	661	741	11	1	80	0.0125000
NODE_7530_length_956_cov_34.539090	298	378	0	80	80	1.0000000
NODE_7530_length_956_cov_34.539090	351	431	0	80	80	1.0000000
NODE_7530_length_956_cov_34.539090	427	507	0	80	80	1.0000000
NODE_7530_length_956_cov_34.539090	480	560	0	80	80	1.0000000
NODE_7531_length_956_cov_24.355893	398	478	0	80	80	1.0000000
NODE_7531_length_956_cov_24.355893	451	531	0	80	80	1.0000000
NODE_7532_length_956_cov_21.940490	373	453	0	80	80	1.0000000
NODE_7532_length_956_cov_21.940490	426	506	0	80	80	1.0000000
NODE_7532_length_956_cov_21.940490	502	582	0	80	80	1.0000000
NODE_7532_length_956_cov_21.940490	555	635	0	80	80	1.0000000
NODE_7533_length_956_cov_19.435239	274	354	0	80	80	1.0000000
NODE_7533_length_956_cov_19.435239	274	301	0	27	27	1.0000000
NODE_7534_length_956_cov_17.819137	378	458	2	10	80	0.1250000
NODE_7534_length_956_cov_17.819137	378	458	4	44	80	0.5500000
NODE_7534_length_956_cov_17.819137	378	458	6	26	80	0.3250000
NODE_7534_length_956_cov_17.819137	431	511	2	63	80	0.7875000
NODE_7534_length_956_cov_17.819137	431	511	6	17	80	0.2125000
NODE_7535_length_956_cov_16.098016	551	631	2	49	80	0.6125000
NODE_7535_length_956_cov_16.098016	551	631	4	31	80	0.3875000
NODE_7535_length_956_cov_16.098016	604	684	2	31	80	0.3875000
NODE_7535_length_956_cov_16.098016	604	684	4	49	80	0.6125000
NODE_7536_length_956_cov_15.229872	490	570	0	42	80	0.5250000
NODE_7536_length_956_cov_15.229872	490	570	2	19	80	0.2375000
NODE_7536_length_956_cov_15.229872	490	570	4	19	80	0.2375000
NODE_7536_length_956_cov_15.229872	543	623	0	8	80	0.1000000
NODE_7536_length_956_cov_15.229872	543	623	4	72	80	0.9000000
NODE_7537_length_956_cov_7.533256	439	519	0	80	80	1.0000000
NODE_7537_length_956_cov_7.533256	497	572	0	75	75	1.0000000
NODE_7545_length_955_cov_30.821262	438	518	0	4	80	0.0500000
NODE_7545_length_955_cov_30.821262	438	518	10	1	80	0.0125000
NODE_7545_length_955_cov_30.821262	438	518	11	8	80	0.1000000
NODE_7545_length_955_cov_30.821262	438	518	12	59	80	0.7375000
NODE_7545_length_955_cov_30.821262	438	518	13	6	80	0.0750000
NODE_7545_length_955_cov_30.821262	438	518	15	2	80	0.0250000
NODE_7545_length_955_cov_30.821262	491	571	4	8	80	0.1000000
NODE_7545_length_955_cov_30.821262	491	571	11	5	80	0.0625000
NODE_7545_length_955_cov_30.821262	491	571	12	14	80	0.1750000
NODE_7545_length_955_cov_30.821262	491	571	13	6	80	0.0750000
NODE_7545_length_955_cov_30.821262	491	571	15	47	80	0.5875000
NODE_7546_length_955_cov_30.574766	380	460	1	15	80	0.1875000
NODE_7546_length_955_cov_30.574766	380	460	2	65	80	0.8125000
NODE_7546_length_955_cov_30.574766	433	513	0	28	80	0.3500000
NODE_7546_length_955_cov_30.574766	433	513	1	40	80	0.5000000
NODE_7546_length_955_cov_30.574766	433	513	2	12	80	0.1500000
NODE_7546_length_955_cov_30.574766	509	589	0	80	80	1.0000000
NODE_7546_length_955_cov_30.574766	562	642	0	80	80	1.0000000
NODE_7547_length_955_cov_27.734813	373	453	0	80	80	1.0000000
NODE_7547_length_955_cov_27.734813	426	506	0	80	80	1.0000000
NODE_7548_length_955_cov_24.475467	439	519	0	50	80	0.6250000
NODE_7548_length_955_cov_24.475467	439	519	1	30	80	0.3750000
NODE_7548_length_955_cov_24.475467	492	572	0	80	80	1.0000000
NODE_7549_length_955_cov_22.146028	351	431	0	62	80	0.7750000
NODE_7549_length_955_cov_22.146028	351	431	4	18	80	0.2250000
NODE_7549_length_955_cov_22.146028	404	484	0	9	80	0.1125000
NODE_7549_length_955_cov_22.146028	404	484	4	71	80	0.8875000
NODE_7550_length_955_cov_16.212617	441	521	0	80	80	1.0000000
NODE_7550_length_955_cov_16.212617	494	574	0	80	80	1.0000000
NODE_7551_length_955_cov_13.334112	269	349	2	17	80	0.2125000
NODE_7551_length_955_cov_13.334112	269	349	6	52	80	0.6500000
NODE_7551_length_955_cov_13.334112	269	349	10	11	80	0.1375000
NODE_7551_length_955_cov_13.334112	322	402	4	14	80	0.1750000
NODE_7551_length_955_cov_13.334112	322	402	6	18	80	0.2250000
NODE_7551_length_955_cov_13.334112	322	402	8	10	80	0.1250000
NODE_7551_length_955_cov_13.334112	322	402	10	38	80	0.4750000
NODE_7552_length_955_cov_12.544393	363	443	4	80	80	1.0000000
NODE_7552_length_955_cov_12.544393	416	496	0	32	80	0.4000000
NODE_7552_length_955_cov_12.544393	416	496	1	1	80	0.0125000
NODE_7552_length_955_cov_12.544393	416	496	2	19	80	0.2375000
NODE_7552_length_955_cov_12.544393	416	496	4	28	80	0.3500000
NODE_7553_length_955_cov_8.204439	358	438	0	30	80	0.3750000
NODE_7553_length_955_cov_8.204439	358	438	2	3	80	0.0375000
NODE_7553_length_955_cov_8.204439	358	438	4	47	80	0.5875000
NODE_7553_length_955_cov_8.204439	411	491	0	80	80	1.0000000
NODE_7563_length_954_cov_35.691228	381	461	2	5	80	0.0625000
NODE_7563_length_954_cov_35.691228	381	461	4	75	80	0.9375000
NODE_7563_length_954_cov_35.691228	434	514	4	53	80	0.6625000
NODE_7563_length_954_cov_35.691228	434	514	6	27	80	0.3375000
NODE_7564_length_954_cov_30.769591	408	488	0	80	80	1.0000000
NODE_7564_length_954_cov_30.769591	461	541	0	80	80	1.0000000
NODE_7565_length_954_cov_27.247953	418	498	0	80	80	1.0000000
NODE_7565_length_954_cov_27.247953	471	551	0	80	80	1.0000000
NODE_7566_length_954_cov_22.796491	270	350	0	37	80	0.4625000
NODE_7566_length_954_cov_22.796491	270	350	8	43	80	0.5375000
NODE_7566_length_954_cov_22.796491	323	403	0	13	80	0.1625000
NODE_7566_length_954_cov_22.796491	323	403	8	67	80	0.8375000
NODE_7567_length_954_cov_15.645614	337	417	11	11	80	0.1375000
NODE_7567_length_954_cov_15.645614	337	417	12	1	80	0.0125000
NODE_7567_length_954_cov_15.645614	337	417	14	65	80	0.8125000
NODE_7567_length_954_cov_15.645614	337	417	18	2	80	0.0250000
NODE_7567_length_954_cov_15.645614	337	417	20	1	80	0.0125000
NODE_7567_length_954_cov_15.645614	390	470	8	2	80	0.0250000
NODE_7567_length_954_cov_15.645614	390	470	13	1	80	0.0125000
NODE_7567_length_954_cov_15.645614	390	470	14	49	80	0.6125000
NODE_7567_length_954_cov_15.645614	390	470	16	14	80	0.1750000
NODE_7567_length_954_cov_15.645614	390	470	18	2	80	0.0250000
NODE_7567_length_954_cov_15.645614	390	470	20	7	80	0.0875000
NODE_7567_length_954_cov_15.645614	390	470	22	5	80	0.0625000
NODE_7568_length_954_cov_13.538012	346	426	0	53	80	0.6625000
NODE_7568_length_954_cov_13.538012	346	426	2	27	80	0.3375000
NODE_7568_length_954_cov_13.538012	399	479	2	80	80	1.0000000
NODE_7569_length_954_cov_12.162573	155	217	0	25	62	0.4032258
NODE_7569_length_954_cov_12.162573	155	217	6	9	62	0.1451613
NODE_7569_length_954_cov_12.162573	155	217	8	12	62	0.1935484
NODE_7569_length_954_cov_12.162573	155	217	12	1	62	0.0161290
NODE_7569_length_954_cov_12.162573	155	217	14	9	62	0.1451613
NODE_7569_length_954_cov_12.162573	155	217	15	1	62	0.0161290
NODE_7569_length_954_cov_12.162573	155	217	16	5	62	0.0806452
NODE_7570_length_954_cov_10.714620	239	319	2	40	80	0.5000000
NODE_7570_length_954_cov_10.714620	239	319	6	40	80	0.5000000
NODE_7570_length_954_cov_10.714620	292	372	2	9	80	0.1125000
NODE_7570_length_954_cov_10.714620	292	372	6	71	80	0.8875000
NODE_7571_length_954_cov_5.670175	431	511	0	50	80	0.6250000
NODE_7571_length_954_cov_5.670175	431	511	2	30	80	0.3750000
NODE_7571_length_954_cov_5.670175	484	564	0	14	80	0.1750000
NODE_7571_length_954_cov_5.670175	484	564	2	66	80	0.8250000
NODE_7582_length_953_cov_35.789227	425	505	2	19	80	0.2375000
NODE_7582_length_953_cov_35.789227	425	505	12	13	80	0.1625000
NODE_7582_length_953_cov_35.789227	425	505	14	41	80	0.5125000
NODE_7582_length_953_cov_35.789227	425	505	16	7	80	0.0875000
NODE_7582_length_953_cov_35.789227	478	558	0	8	80	0.1000000
NODE_7582_length_953_cov_35.789227	478	558	10	10	80	0.1250000
NODE_7582_length_953_cov_35.789227	478	558	12	4	80	0.0500000
NODE_7582_length_953_cov_35.789227	478	558	14	56	80	0.7000000
NODE_7582_length_953_cov_35.789227	478	558	16	2	80	0.0250000
NODE_7583_length_953_cov_33.940281	430	510	0	14	80	0.1750000
NODE_7583_length_953_cov_33.940281	430	510	2	1	80	0.0125000
NODE_7583_length_953_cov_33.940281	430	510	6	65	80	0.8125000
NODE_7583_length_953_cov_33.940281	483	563	0	67	80	0.8375000
NODE_7583_length_953_cov_33.940281	483	563	2	1	80	0.0125000
NODE_7583_length_953_cov_33.940281	483	563	6	12	80	0.1500000
NODE_7584_length_953_cov_26.844262	333	413	0	65	80	0.8125000
NODE_7584_length_953_cov_26.844262	333	413	2	15	80	0.1875000
NODE_7584_length_953_cov_26.844262	386	466	0	80	80	1.0000000
NODE_7584_length_953_cov_26.844262	462	542	0	57	80	0.7125000
NODE_7584_length_953_cov_26.844262	462	542	4	23	80	0.2875000
NODE_7584_length_953_cov_26.844262	515	595	0	4	80	0.0500000
NODE_7584_length_953_cov_26.844262	515	595	4	76	80	0.9500000
NODE_7585_length_953_cov_20.770492	301	381	0	46	80	0.5750000
NODE_7585_length_953_cov_20.770492	301	381	2	2	80	0.0250000
NODE_7585_length_953_cov_20.770492	301	381	6	32	80	0.4000000
NODE_7585_length_953_cov_20.770492	354	434	0	17	80	0.2125000
NODE_7585_length_953_cov_20.770492	354	434	6	63	80	0.7875000
NODE_7586_length_953_cov_17.514052	421	501	0	80	80	1.0000000
NODE_7586_length_953_cov_17.514052	474	554	0	80	80	1.0000000
NODE_7586_length_953_cov_17.514052	550	630	0	25	80	0.3125000
NODE_7586_length_953_cov_17.514052	550	630	4	51	80	0.6375000
NODE_7586_length_953_cov_17.514052	550	630	6	4	80	0.0500000
NODE_7586_length_953_cov_17.514052	603	683	2	11	80	0.1375000
NODE_7586_length_953_cov_17.514052	603	683	4	23	80	0.2875000
NODE_7586_length_953_cov_17.514052	603	683	6	46	80	0.5750000
NODE_7587_length_953_cov_11.579625	332	412	4	6	80	0.0750000
NODE_7587_length_953_cov_11.579625	332	412	5	31	80	0.3875000
NODE_7587_length_953_cov_11.579625	332	412	6	1	80	0.0125000
NODE_7587_length_953_cov_11.579625	332	412	7	21	80	0.2625000
NODE_7587_length_953_cov_11.579625	332	412	9	21	80	0.2625000
NODE_7587_length_953_cov_11.579625	385	465	4	54	80	0.6750000
NODE_7587_length_953_cov_11.579625	385	465	6	1	80	0.0125000
NODE_7587_length_953_cov_11.579625	385	465	7	4	80	0.0500000
NODE_7587_length_953_cov_11.579625	385	465	9	21	80	0.2625000
NODE_7588_length_953_cov_7.281030	276	356	0	80	80	1.0000000
NODE_7588_length_953_cov_7.281030	329	409	0	80	80	1.0000000
NODE_7599_length_952_cov_44.880422	447	527	0	80	80	1.0000000
NODE_7599_length_952_cov_44.880422	500	580	0	80	80	1.0000000
NODE_7599_length_952_cov_44.880422	871	951	0	80	80	1.0000000
NODE_7600_length_952_cov_42.485346	402	482	0	80	80	1.0000000
NODE_7600_length_952_cov_42.485346	455	535	0	80	80	1.0000000
NODE_7601_length_952_cov_40.065651	422	502	2	2	80	0.0250000
NODE_7601_length_952_cov_40.065651	422	502	9	9	80	0.1125000
NODE_7601_length_952_cov_40.065651	422	502	13	19	80	0.2375000
NODE_7601_length_952_cov_40.065651	422	502	14	1	80	0.0125000
NODE_7601_length_952_cov_40.065651	422	502	15	11	80	0.1375000
NODE_7601_length_952_cov_40.065651	422	502	17	38	80	0.4750000
NODE_7601_length_952_cov_40.065651	475	555	13	20	80	0.2500000
NODE_7601_length_952_cov_40.065651	475	555	14	52	80	0.6500000
NODE_7601_length_952_cov_40.065651	475	555	15	8	80	0.1000000
NODE_7602_length_952_cov_34.813599	308	388	0	8	80	0.1000000
NODE_7602_length_952_cov_34.813599	308	388	4	72	80	0.9000000
NODE_7602_length_952_cov_34.813599	361	441	0	47	80	0.5875000
NODE_7602_length_952_cov_34.813599	361	441	4	33	80	0.4125000
NODE_7603_length_952_cov_28.055100	661	741	2	17	80	0.2125000
NODE_7603_length_952_cov_28.055100	661	741	4	23	80	0.2875000
NODE_7603_length_952_cov_28.055100	661	741	9	13	80	0.1625000
NODE_7603_length_952_cov_28.055100	661	741	10	27	80	0.3375000
NODE_7603_length_952_cov_28.055100	714	794	6	16	80	0.2000000
NODE_7603_length_952_cov_28.055100	714	794	8	25	80	0.3125000
NODE_7603_length_952_cov_28.055100	714	794	9	25	80	0.3125000
NODE_7603_length_952_cov_28.055100	714	794	10	14	80	0.1750000
NODE_7604_length_952_cov_23.739742	435	515	0	7	80	0.0875000
NODE_7604_length_952_cov_23.739742	435	515	2	73	80	0.9125000
NODE_7604_length_952_cov_23.739742	488	568	0	60	80	0.7500000
NODE_7604_length_952_cov_23.739742	488	568	2	20	80	0.2500000
NODE_7606_length_952_cov_11.478312	245	324	0	79	79	1.0000000
NODE_7606_length_952_cov_11.478312	297	377	0	80	80	1.0000000
NODE_7607_length_952_cov_11.284877	272	352	2	60	80	0.7500000
NODE_7607_length_952_cov_11.284877	272	352	4	20	80	0.2500000
NODE_7607_length_952_cov_11.284877	325	405	2	54	80	0.6750000
NODE_7607_length_952_cov_11.284877	325	405	4	26	80	0.3250000
NODE_7608_length_952_cov_10.807737	458	538	2	15	80	0.1875000
NODE_7608_length_952_cov_10.807737	458	538	4	1	80	0.0125000
NODE_7608_length_952_cov_10.807737	458	538	5	14	80	0.1750000
NODE_7608_length_952_cov_10.807737	458	538	6	50	80	0.6250000
NODE_7608_length_952_cov_10.807737	511	591	0	48	80	0.6000000
NODE_7608_length_952_cov_10.807737	511	591	2	20	80	0.2500000
NODE_7608_length_952_cov_10.807737	511	591	4	1	80	0.0125000
NODE_7608_length_952_cov_10.807737	511	591	5	11	80	0.1375000
NODE_7609_length_952_cov_8.770223	375	455	0	80	80	1.0000000
NODE_7609_length_952_cov_8.770223	428	508	0	80	80	1.0000000
NODE_7623_length_951_cov_54.397887	354	434	0	80	80	1.0000000
NODE_7623_length_951_cov_54.397887	407	487	0	80	80	1.0000000
NODE_7623_length_951_cov_54.397887	483	563	0	80	80	1.0000000
NODE_7623_length_951_cov_54.397887	544	616	0	72	72	1.0000000
NODE_7624_length_951_cov_47.881455	355	435	0	24	80	0.3000000
NODE_7624_length_951_cov_47.881455	355	435	2	56	80	0.7000000
NODE_7624_length_951_cov_47.881455	408	488	0	77	80	0.9625000
NODE_7624_length_951_cov_47.881455	408	488	2	3	80	0.0375000
NODE_7624_length_951_cov_47.881455	484	564	0	48	80	0.6000000
NODE_7624_length_951_cov_47.881455	484	564	4	10	80	0.1250000
NODE_7624_length_951_cov_47.881455	484	564	10	9	80	0.1125000
NODE_7624_length_951_cov_47.881455	484	564	14	13	80	0.1625000
NODE_7624_length_951_cov_47.881455	537	617	4	5	80	0.0625000
NODE_7624_length_951_cov_47.881455	537	617	10	9	80	0.1125000
NODE_7624_length_951_cov_47.881455	537	617	14	66	80	0.8250000
NODE_7625_length_951_cov_24.322770	479	559	0	22	80	0.2750000
NODE_7625_length_951_cov_24.322770	479	559	4	58	80	0.7250000
NODE_7625_length_951_cov_24.322770	532	612	0	2	80	0.0250000
NODE_7625_length_951_cov_24.322770	532	612	4	78	80	0.9750000
NODE_7626_length_951_cov_23.001174	470	550	8	59	80	0.7375000
NODE_7626_length_951_cov_23.001174	470	550	12	21	80	0.2625000
NODE_7626_length_951_cov_23.001174	523	603	4	13	80	0.1625000
NODE_7626_length_951_cov_23.001174	523	603	6	39	80	0.4875000
NODE_7626_length_951_cov_23.001174	523	603	8	14	80	0.1750000
NODE_7626_length_951_cov_23.001174	523	603	12	14	80	0.1750000
NODE_7627_length_951_cov_22.059859	562	642	0	80	80	1.0000000
NODE_7627_length_951_cov_22.059859	615	695	0	50	80	0.6250000
NODE_7627_length_951_cov_22.059859	615	695	2	30	80	0.3750000
NODE_7628_length_951_cov_19.413146	456	536	0	34	80	0.4250000
NODE_7628_length_951_cov_19.413146	456	536	4	20	80	0.2500000
NODE_7628_length_951_cov_19.413146	456	536	6	15	80	0.1875000
NODE_7628_length_951_cov_19.413146	456	536	8	11	80	0.1375000
NODE_7628_length_951_cov_19.413146	509	589	4	11	80	0.1375000
NODE_7628_length_951_cov_19.413146	509	589	6	15	80	0.1875000
NODE_7628_length_951_cov_19.413146	509	589	8	54	80	0.6750000
NODE_7628_length_951_cov_19.413146	830	877	0	14	47	0.2978723
NODE_7628_length_951_cov_19.413146	830	877	2	33	47	0.7021276
NODE_7629_length_951_cov_18.970657	384	464	0	39	80	0.4875000
NODE_7629_length_951_cov_18.970657	384	464	4	41	80	0.5125000
NODE_7629_length_951_cov_18.970657	437	517	4	62	80	0.7750000
NODE_7629_length_951_cov_18.970657	437	517	8	18	80	0.2250000
NODE_7629_length_951_cov_18.970657	513	593	4	39	80	0.4875000
NODE_7629_length_951_cov_18.970657	513	593	6	25	80	0.3125000
NODE_7629_length_951_cov_18.970657	513	593	8	16	80	0.2000000
NODE_7629_length_951_cov_18.970657	566	646	0	6	80	0.0750000
NODE_7629_length_951_cov_18.970657	566	646	2	18	80	0.2250000
NODE_7629_length_951_cov_18.970657	566	646	4	2	80	0.0250000
NODE_7629_length_951_cov_18.970657	566	646	6	54	80	0.6750000
NODE_7630_length_951_cov_17.164319	409	490	0	81	81	1.0000000
NODE_7630_length_951_cov_17.164319	463	543	0	80	80	1.0000000
NODE_7631_length_951_cov_17.009390	393	473	0	63	80	0.7875000
NODE_7631_length_951_cov_17.009390	393	473	2	17	80	0.2125000
NODE_7631_length_951_cov_17.009390	446	526	0	10	80	0.1250000
NODE_7631_length_951_cov_17.009390	446	526	2	70	80	0.8750000
NODE_7632_length_951_cov_15.551643	520	600	2	80	80	1.0000000
NODE_7632_length_951_cov_15.551643	573	653	0	9	80	0.1125000
NODE_7632_length_951_cov_15.551643	573	653	2	71	80	0.8875000
NODE_7633_length_951_cov_13.562207	364	444	0	70	80	0.8750000
NODE_7633_length_951_cov_13.562207	364	444	2	10	80	0.1250000
NODE_7633_length_951_cov_13.562207	417	497	0	17	80	0.2125000
NODE_7633_length_951_cov_13.562207	417	497	2	63	80	0.7875000
NODE_7634_length_951_cov_13.086854	450	530	2	9	80	0.1125000
NODE_7634_length_951_cov_13.086854	450	530	5	33	80	0.4125000
NODE_7634_length_951_cov_13.086854	450	530	7	38	80	0.4750000
NODE_7634_length_951_cov_13.086854	503	583	0	21	80	0.2625000
NODE_7634_length_951_cov_13.086854	503	583	2	41	80	0.5125000
NODE_7634_length_951_cov_13.086854	503	583	7	18	80	0.2250000
NODE_7635_length_951_cov_6.812207	350	430	0	80	80	1.0000000
NODE_7635_length_951_cov_6.812207	403	483	0	80	80	1.0000000
NODE_7636_length_951_cov_5.076291	80	160	0	52	80	0.6500000
NODE_7636_length_951_cov_5.076291	80	160	2	28	80	0.3500000
NODE_7636_length_951_cov_5.076291	133	213	2	80	80	1.0000000
NODE_7649_length_950_cov_62.151586	731	794	9	19	63	0.3015873
NODE_7649_length_950_cov_62.151586	731	794	10	20	63	0.3174603
NODE_7649_length_950_cov_62.151586	731	794	12	21	63	0.3333333
NODE_7649_length_950_cov_62.151586	731	794	14	3	63	0.0476190
NODE_7650_length_950_cov_56.088132	354	434	0	3	80	0.0375000
NODE_7650_length_950_cov_56.088132	354	434	2	25	80	0.3125000
NODE_7650_length_950_cov_56.088132	354	434	3	52	80	0.6500000
NODE_7650_length_950_cov_56.088132	407	487	1	10	80	0.1250000
NODE_7650_length_950_cov_56.088132	407	487	2	37	80	0.4625000
NODE_7650_length_950_cov_56.088132	407	487	3	33	80	0.4125000
NODE_7650_length_950_cov_56.088132	483	563	1	3	80	0.0375000
NODE_7650_length_950_cov_56.088132	483	563	2	49	80	0.6125000
NODE_7650_length_950_cov_56.088132	483	563	3	28	80	0.3500000
NODE_7650_length_950_cov_56.088132	536	616	2	16	80	0.2000000
NODE_7650_length_950_cov_56.088132	536	616	3	64	80	0.8000000
NODE_7651_length_950_cov_29.780259	501	581	0	39	80	0.4875000
NODE_7651_length_950_cov_29.780259	501	581	2	41	80	0.5125000
NODE_7651_length_950_cov_29.780259	554	634	2	68	80	0.8500000
NODE_7651_length_950_cov_29.780259	554	634	4	12	80	0.1500000
NODE_7652_length_950_cov_27.278496	388	468	0	57	80	0.7125000
NODE_7652_length_950_cov_27.278496	388	468	2	23	80	0.2875000
NODE_7652_length_950_cov_27.278496	441	519	0	78	78	1.0000000
NODE_7653_length_950_cov_26.766157	322	402	0	42	80	0.5250000
NODE_7653_length_950_cov_26.766157	322	402	2	38	80	0.4750000
NODE_7653_length_950_cov_26.766157	375	455	2	80	80	1.0000000
NODE_7653_length_950_cov_26.766157	451	531	0	64	80	0.8000000
NODE_7653_length_950_cov_26.766157	451	531	2	16	80	0.2000000
NODE_7653_length_950_cov_26.766157	504	584	0	19	80	0.2375000
NODE_7653_length_950_cov_26.766157	504	584	2	61	80	0.7625000
NODE_7654_length_950_cov_19.638073	421	501	0	25	80	0.3125000
NODE_7654_length_950_cov_19.638073	421	501	1	25	80	0.3125000
NODE_7654_length_950_cov_19.638073	421	501	3	5	80	0.0625000
NODE_7654_length_950_cov_19.638073	421	501	7	25	80	0.3125000
NODE_7654_length_950_cov_19.638073	474	554	3	2	80	0.0250000
NODE_7654_length_950_cov_19.638073	474	554	7	78	80	0.9750000
NODE_7654_length_950_cov_19.638073	550	630	2	19	80	0.2375000
NODE_7654_length_950_cov_19.638073	550	630	3	18	80	0.2250000
NODE_7654_length_950_cov_19.638073	550	630	4	5	80	0.0625000
NODE_7654_length_950_cov_19.638073	550	630	5	8	80	0.1000000
NODE_7654_length_950_cov_19.638073	550	630	6	10	80	0.1250000
NODE_7654_length_950_cov_19.638073	550	630	7	20	80	0.2500000
NODE_7654_length_950_cov_19.638073	603	683	2	12	80	0.1500000
NODE_7654_length_950_cov_19.638073	603	683	4	57	80	0.7125000
NODE_7654_length_950_cov_19.638073	603	683	6	11	80	0.1375000
NODE_7655_length_950_cov_14.686251	376	456	0	80	80	1.0000000
NODE_7655_length_950_cov_14.686251	429	509	0	80	80	1.0000000
NODE_7656_length_950_cov_14.215041	339	419	0	44	80	0.5500000
NODE_7656_length_950_cov_14.215041	339	419	2	36	80	0.4500000
NODE_7656_length_950_cov_14.215041	392	472	0	8	80	0.1000000
NODE_7656_length_950_cov_14.215041	392	472	2	72	80	0.9000000
NODE_7657_length_950_cov_6.397180	370	450	0	67	80	0.8375000
NODE_7657_length_950_cov_6.397180	370	450	2	13	80	0.1625000
NODE_7657_length_950_cov_6.397180	423	504	0	81	81	1.0000000
NODE_7659_length_950_cov_4.430082	594	674	0	29	80	0.3625000
NODE_7659_length_950_cov_4.430082	594	674	2	51	80	0.6375000
NODE_7659_length_950_cov_4.430082	647	727	0	80	80	1.0000000
NODE_7672_length_949_cov_25.550588	371	451	0	80	80	1.0000000
NODE_7672_length_949_cov_25.550588	500	580	0	80	80	1.0000000
NODE_7672_length_949_cov_25.550588	553	633	0	80	80	1.0000000
NODE_7673_length_949_cov_20.949412	252	332	0	38	80	0.4750000
NODE_7673_length_949_cov_20.949412	252	332	2	42	80	0.5250000
NODE_7673_length_949_cov_20.949412	305	385	2	80	80	1.0000000
NODE_7674_length_949_cov_20.601176	364	444	2	21	80	0.2625000
NODE_7674_length_949_cov_20.601176	364	444	5	24	80	0.3000000
NODE_7674_length_949_cov_20.601176	364	444	6	30	80	0.3750000
NODE_7674_length_949_cov_20.601176	364	444	7	5	80	0.0625000
NODE_7674_length_949_cov_20.601176	417	497	2	24	80	0.3000000
NODE_7674_length_949_cov_20.601176	417	497	5	4	80	0.0500000
NODE_7674_length_949_cov_20.601176	417	497	6	47	80	0.5875000
NODE_7674_length_949_cov_20.601176	417	497	7	5	80	0.0625000
NODE_7674_length_949_cov_20.601176	493	573	0	7	80	0.0875000
NODE_7674_length_949_cov_20.601176	493	573	2	73	80	0.9125000
NODE_7674_length_949_cov_20.601176	546	626	0	60	80	0.7500000
NODE_7674_length_949_cov_20.601176	546	626	2	20	80	0.2500000
NODE_7675_length_949_cov_20.575294	481	561	0	36	80	0.4500000
NODE_7675_length_949_cov_20.575294	481	561	4	44	80	0.5500000
NODE_7675_length_949_cov_20.575294	534	614	0	16	80	0.2000000
NODE_7675_length_949_cov_20.575294	534	614	4	64	80	0.8000000
NODE_7676_length_949_cov_19.483529	340	420	0	80	80	1.0000000
NODE_7676_length_949_cov_19.483529	393	473	0	80	80	1.0000000
NODE_7676_length_949_cov_19.483529	469	549	0	80	80	1.0000000
NODE_7676_length_949_cov_19.483529	522	602	0	29	80	0.3625000
NODE_7676_length_949_cov_19.483529	522	602	2	23	80	0.2875000
NODE_7676_length_949_cov_19.483529	522	602	4	28	80	0.3500000
NODE_7677_length_949_cov_19.407059	433	513	0	80	80	1.0000000
NODE_7677_length_949_cov_19.407059	486	566	0	80	80	1.0000000
NODE_7677_length_949_cov_19.407059	562	642	0	25	80	0.3125000
NODE_7677_length_949_cov_19.407059	562	642	2	55	80	0.6875000
NODE_7677_length_949_cov_19.407059	615	695	0	13	80	0.1625000
NODE_7677_length_949_cov_19.407059	615	695	2	67	80	0.8375000
NODE_7678_length_949_cov_10.903529	561	641	0	13	80	0.1625000
NODE_7678_length_949_cov_10.903529	561	641	4	67	80	0.8375000
NODE_7678_length_949_cov_10.903529	614	694	0	66	80	0.8250000
NODE_7678_length_949_cov_10.903529	614	694	4	14	80	0.1750000
NODE_7679_length_949_cov_7.245882	0	71	0	26	71	0.3661972
NODE_7679_length_949_cov_7.245882	0	71	2	45	71	0.6338028
NODE_7679_length_949_cov_7.245882	0	71	0	26	71	0.3661972
NODE_7679_length_949_cov_7.245882	0	71	2	45	71	0.6338028
NODE_7679_length_949_cov_7.245882	44	124	2	60	80	0.7500000
NODE_7679_length_949_cov_7.245882	44	124	4	20	80	0.2500000
NODE_7680_length_949_cov_6.998824	494	574	0	80	80	1.0000000
NODE_7680_length_949_cov_6.998824	547	627	0	80	80	1.0000000
NODE_7702_length_948_cov_37.201413	510	590	9	35	80	0.4375000
NODE_7702_length_948_cov_37.201413	510	590	11	19	80	0.2375000
NODE_7702_length_948_cov_37.201413	510	590	12	26	80	0.3250000
NODE_7702_length_948_cov_37.201413	563	643	6	12	80	0.1500000
NODE_7702_length_948_cov_37.201413	563	643	10	9	80	0.1125000
NODE_7702_length_948_cov_37.201413	563	643	11	7	80	0.0875000
NODE_7702_length_948_cov_37.201413	563	643	12	27	80	0.3375000
NODE_7702_length_948_cov_37.201413	563	643	16	2	80	0.0250000
NODE_7702_length_948_cov_37.201413	563	643	18	23	80	0.2875000
NODE_7703_length_948_cov_20.082450	58	99	0	41	41	1.0000000
NODE_7703_length_948_cov_20.082450	113	193	15	2	80	0.0250000
NODE_7703_length_948_cov_20.082450	113	193	17	4	80	0.0500000
NODE_7703_length_948_cov_20.082450	113	193	19	4	80	0.0500000
NODE_7703_length_948_cov_20.082450	113	193	22	1	80	0.0125000
NODE_7703_length_948_cov_20.082450	113	193	24	2	80	0.0250000
NODE_7703_length_948_cov_20.082450	113	193	25	1	80	0.0125000
NODE_7703_length_948_cov_20.082450	113	193	34	1	80	0.0125000
NODE_7703_length_948_cov_20.082450	113	193	38	1	80	0.0125000
NODE_7703_length_948_cov_20.082450	113	193	40	5	80	0.0625000
NODE_7703_length_948_cov_20.082450	113	193	42	1	80	0.0125000
NODE_7703_length_948_cov_20.082450	113	193	43	9	80	0.1125000
NODE_7703_length_948_cov_20.082450	113	193	44	9	80	0.1125000
NODE_7703_length_948_cov_20.082450	113	193	45	7	80	0.0875000
NODE_7703_length_948_cov_20.082450	113	193	47	8	80	0.1000000
NODE_7703_length_948_cov_20.082450	113	193	48	2	80	0.0250000
NODE_7703_length_948_cov_20.082450	113	193	50	11	80	0.1375000
NODE_7703_length_948_cov_20.082450	113	193	52	6	80	0.0750000
NODE_7703_length_948_cov_20.082450	113	193	54	6	80	0.0750000
NODE_7703_length_948_cov_20.082450	166	246	36	1	80	0.0125000
NODE_7703_length_948_cov_20.082450	166	246	38	3	80	0.0375000
NODE_7703_length_948_cov_20.082450	166	246	40	16	80	0.2000000
NODE_7703_length_948_cov_20.082450	166	246	42	2	80	0.0250000
NODE_7703_length_948_cov_20.082450	166	246	43	1	80	0.0125000
NODE_7703_length_948_cov_20.082450	166	246	44	1	80	0.0125000
NODE_7703_length_948_cov_20.082450	166	246	46	5	80	0.0625000
NODE_7703_length_948_cov_20.082450	166	246	47	2	80	0.0250000
NODE_7703_length_948_cov_20.082450	166	246	48	10	80	0.1250000
NODE_7703_length_948_cov_20.082450	166	246	50	16	80	0.2000000
NODE_7703_length_948_cov_20.082450	166	246	52	17	80	0.2125000
NODE_7703_length_948_cov_20.082450	166	246	54	6	80	0.0750000
NODE_7704_length_948_cov_16.785630	308	388	4	80	80	1.0000000
NODE_7704_length_948_cov_16.785630	361	441	0	27	80	0.3375000
NODE_7704_length_948_cov_16.785630	361	441	4	53	80	0.6625000
NODE_7704_length_948_cov_16.785630	437	517	0	38	80	0.4750000
NODE_7704_length_948_cov_16.785630	437	517	2	26	80	0.3250000
NODE_7704_length_948_cov_16.785630	437	517	4	16	80	0.2000000
NODE_7704_length_948_cov_16.785630	490	570	2	11	80	0.1375000
NODE_7704_length_948_cov_16.785630	490	570	4	69	80	0.8625000
NODE_7705_length_948_cov_12.740872	400	480	0	80	80	1.0000000
NODE_7705_length_948_cov_12.740872	453	533	0	80	80	1.0000000
NODE_7706_length_948_cov_10.220259	465	545	0	80	80	1.0000000
NODE_7706_length_948_cov_10.220259	518	598	0	80	80	1.0000000
NODE_7707_length_948_cov_8.504122	456	536	0	4	80	0.0500000
NODE_7707_length_948_cov_8.504122	456	536	2	76	80	0.9500000
NODE_7707_length_948_cov_8.504122	509	589	0	16	80	0.2000000
NODE_7707_length_948_cov_8.504122	509	589	2	64	80	0.8000000
NODE_7709_length_948_cov_5.425206	641	721	12	80	80	1.0000000
NODE_7709_length_948_cov_5.425206	694	774	6	5	80	0.0625000
NODE_7709_length_948_cov_5.425206	694	774	10	1	80	0.0125000
NODE_7709_length_948_cov_5.425206	694	774	11	1	80	0.0125000
NODE_7709_length_948_cov_5.425206	694	774	12	73	80	0.9125000
NODE_7711_length_948_cov_3.586572	696	776	0	80	80	1.0000000
NODE_7715_length_948_cov_2.786808	259	324	0	65	65	1.0000000
NODE_7715_length_948_cov_2.786808	297	377	0	80	80	1.0000000
NODE_7721_length_947_cov_91.466981	393	473	0	63	80	0.7875000
NODE_7721_length_947_cov_91.466981	393	473	4	4	80	0.0500000
NODE_7721_length_947_cov_91.466981	393	473	6	13	80	0.1625000
NODE_7721_length_947_cov_91.466981	446	526	0	10	80	0.1250000
NODE_7721_length_947_cov_91.466981	446	526	4	11	80	0.1375000
NODE_7721_length_947_cov_91.466981	446	526	6	59	80	0.7375000
NODE_7722_length_947_cov_61.139151	402	482	2	55	80	0.6875000
NODE_7722_length_947_cov_61.139151	402	482	6	25	80	0.3125000
NODE_7722_length_947_cov_61.139151	455	535	2	2	80	0.0250000
NODE_7722_length_947_cov_61.139151	455	535	4	44	80	0.5500000
NODE_7722_length_947_cov_61.139151	455	535	6	34	80	0.4250000
NODE_7723_length_947_cov_50.009434	488	568	0	80	80	1.0000000
NODE_7723_length_947_cov_50.009434	541	621	0	80	80	1.0000000
NODE_7724_length_947_cov_36.271226	511	591	0	15	80	0.1875000
NODE_7724_length_947_cov_36.271226	511	591	7	30	80	0.3750000
NODE_7724_length_947_cov_36.271226	511	591	8	35	80	0.4375000
NODE_7724_length_947_cov_36.271226	564	644	0	68	80	0.8500000
NODE_7724_length_947_cov_36.271226	564	644	7	12	80	0.1500000
NODE_7725_length_947_cov_23.384434	425	505	0	28	80	0.3500000
NODE_7725_length_947_cov_23.384434	425	505	2	52	80	0.6500000
NODE_7725_length_947_cov_23.384434	478	558	0	80	80	1.0000000
NODE_7726_length_947_cov_19.103774	316	396	0	39	80	0.4875000
NODE_7726_length_947_cov_19.103774	316	396	2	32	80	0.4000000
NODE_7726_length_947_cov_19.103774	316	396	4	9	80	0.1125000
NODE_7726_length_947_cov_19.103774	369	449	0	80	80	1.0000000
NODE_7727_length_947_cov_18.853774	516	596	0	80	80	1.0000000
NODE_7727_length_947_cov_18.853774	569	649	0	80	80	1.0000000
NODE_7728_length_947_cov_18.077830	315	395	0	80	80	1.0000000
NODE_7728_length_947_cov_18.077830	368	448	0	80	80	1.0000000
NODE_7729_length_947_cov_17.713443	403	483	0	80	80	1.0000000
NODE_7729_length_947_cov_17.713443	456	536	0	80	80	1.0000000
NODE_7730_length_947_cov_14.492925	358	438	0	80	80	1.0000000
NODE_7730_length_947_cov_14.492925	411	491	0	60	80	0.7500000
NODE_7730_length_947_cov_14.492925	411	491	2	1	80	0.0125000
NODE_7730_length_947_cov_14.492925	411	491	6	19	80	0.2375000
NODE_7730_length_947_cov_14.492925	487	567	6	33	80	0.4125000
NODE_7730_length_947_cov_14.492925	487	567	7	20	80	0.2500000
NODE_7730_length_947_cov_14.492925	487	567	8	27	80	0.3375000
NODE_7730_length_947_cov_14.492925	540	620	7	49	80	0.6125000
NODE_7730_length_947_cov_14.492925	540	620	8	7	80	0.0875000
NODE_7730_length_947_cov_14.492925	540	620	9	24	80	0.3000000
NODE_7731_length_947_cov_10.573113	550	630	0	80	80	1.0000000
NODE_7731_length_947_cov_10.573113	603	683	0	80	80	1.0000000
NODE_7732_length_947_cov_7.762972	550	630	0	80	80	1.0000000
NODE_7732_length_947_cov_7.762972	607	683	0	27	76	0.3552631
NODE_7732_length_947_cov_7.762972	607	683	1	5	76	0.0657895
NODE_7732_length_947_cov_7.762972	607	683	3	5	76	0.0657895
NODE_7732_length_947_cov_7.762972	607	683	4	39	76	0.5131579
NODE_7747_length_946_cov_39.726092	378	458	2	21	80	0.2625000
NODE_7747_length_946_cov_39.726092	378	458	4	59	80	0.7375000
NODE_7747_length_946_cov_39.726092	431	511	0	49	80	0.6125000
NODE_7747_length_946_cov_39.726092	431	511	2	25	80	0.3125000
NODE_7747_length_946_cov_39.726092	431	511	4	6	80	0.0750000
NODE_7747_length_946_cov_39.726092	507	587	0	80	80	1.0000000
NODE_7747_length_946_cov_39.726092	560	640	0	80	80	1.0000000
NODE_7748_length_946_cov_32.728453	404	484	0	8	80	0.1000000
NODE_7748_length_946_cov_32.728453	404	484	6	72	80	0.9000000
NODE_7748_length_946_cov_32.728453	457	537	0	61	80	0.7625000
NODE_7748_length_946_cov_32.728453	457	537	6	19	80	0.2375000
NODE_7749_length_946_cov_27.548996	280	360	0	1	80	0.0125000
NODE_7749_length_946_cov_27.548996	280	360	2	79	80	0.9875000
NODE_7749_length_946_cov_27.548996	333	413	0	9	80	0.1125000
NODE_7749_length_946_cov_27.548996	333	413	2	47	80	0.5875000
NODE_7749_length_946_cov_27.548996	333	413	4	24	80	0.3000000
NODE_7750_length_946_cov_24.622196	352	432	0	80	80	1.0000000
NODE_7750_length_946_cov_24.622196	405	486	0	81	81	1.0000000
NODE_7751_length_946_cov_18.082645	492	572	2	6	80	0.0750000
NODE_7751_length_946_cov_18.082645	492	572	4	27	80	0.3375000
NODE_7751_length_946_cov_18.082645	492	572	6	47	80	0.5875000
NODE_7751_length_946_cov_18.082645	545	625	0	28	80	0.3500000
NODE_7751_length_946_cov_18.082645	545	625	4	52	80	0.6500000
NODE_7752_length_946_cov_18.031877	433	513	0	17	80	0.2125000
NODE_7752_length_946_cov_18.031877	433	513	4	63	80	0.7875000
NODE_7752_length_946_cov_18.031877	486	566	0	19	80	0.2375000
NODE_7752_length_946_cov_18.031877	486	566	4	61	80	0.7625000
NODE_7753_length_946_cov_15.188902	472	552	0	8	80	0.1000000
NODE_7753_length_946_cov_15.188902	472	552	4	22	80	0.2750000
NODE_7753_length_946_cov_15.188902	472	552	8	50	80	0.6250000
NODE_7753_length_946_cov_15.188902	525	605	4	22	80	0.2750000
NODE_7753_length_946_cov_15.188902	525	605	8	58	80	0.7250000
NODE_7754_length_946_cov_11.201889	408	488	0	36	80	0.4500000
NODE_7754_length_946_cov_11.201889	408	488	2	44	80	0.5500000
NODE_7754_length_946_cov_11.201889	461	541	0	14	80	0.1750000
NODE_7754_length_946_cov_11.201889	461	541	2	66	80	0.8250000
NODE_7768_length_945_cov_42.997636	361	441	0	60	80	0.7500000
NODE_7768_length_945_cov_42.997636	361	441	2	20	80	0.2500000
NODE_7768_length_945_cov_42.997636	414	494	0	37	80	0.4625000
NODE_7768_length_945_cov_42.997636	414	494	2	43	80	0.5375000
NODE_7769_length_945_cov_31.223404	357	437	4	5	80	0.0625000
NODE_7769_length_945_cov_31.223404	357	437	6	1	80	0.0125000
NODE_7769_length_945_cov_31.223404	357	437	10	41	80	0.5125000
NODE_7769_length_945_cov_31.223404	357	437	14	14	80	0.1750000
NODE_7769_length_945_cov_31.223404	357	437	18	7	80	0.0875000
NODE_7769_length_945_cov_31.223404	357	437	19	4	80	0.0500000
NODE_7769_length_945_cov_31.223404	357	437	20	8	80	0.1000000
NODE_7769_length_945_cov_31.223404	410	490	13	45	80	0.5625000
NODE_7769_length_945_cov_31.223404	410	490	14	8	80	0.1000000
NODE_7769_length_945_cov_31.223404	410	490	15	6	80	0.0750000
NODE_7769_length_945_cov_31.223404	410	490	17	2	80	0.0250000
NODE_7769_length_945_cov_31.223404	410	490	18	7	80	0.0875000
NODE_7769_length_945_cov_31.223404	410	490	19	4	80	0.0500000
NODE_7769_length_945_cov_31.223404	410	490	20	8	80	0.1000000
NODE_7770_length_945_cov_26.348700	331	411	0	12	80	0.1500000
NODE_7770_length_945_cov_26.348700	331	411	2	36	80	0.4500000
NODE_7770_length_945_cov_26.348700	331	411	8	32	80	0.4000000
NODE_7770_length_945_cov_26.348700	384	464	6	49	80	0.6125000
NODE_7770_length_945_cov_26.348700	384	464	8	31	80	0.3875000
NODE_7771_length_945_cov_20.349882	435	515	0	11	80	0.1375000
NODE_7771_length_945_cov_20.349882	435	515	2	17	80	0.2125000
NODE_7771_length_945_cov_20.349882	435	515	4	52	80	0.6500000
NODE_7771_length_945_cov_20.349882	488	568	0	12	80	0.1500000
NODE_7771_length_945_cov_20.349882	488	568	2	31	80	0.3875000
NODE_7771_length_945_cov_20.349882	488	568	4	37	80	0.4625000
NODE_7772_length_945_cov_14.771868	386	466	4	29	80	0.3625000
NODE_7772_length_945_cov_14.771868	386	466	6	47	80	0.5875000
NODE_7772_length_945_cov_14.771868	386	466	8	4	80	0.0500000
NODE_7772_length_945_cov_14.771868	439	519	4	77	80	0.9625000
NODE_7772_length_945_cov_14.771868	439	519	6	3	80	0.0375000
NODE_7773_length_945_cov_10.158392	599	679	0	80	80	1.0000000
NODE_7773_length_945_cov_10.158392	652	732	0	80	80	1.0000000
NODE_7775_length_945_cov_5.403073	357	437	0	80	80	1.0000000
NODE_7775_length_945_cov_5.403073	410	490	0	80	80	1.0000000
NODE_7785_length_944_cov_42.401183	358	438	0	20	80	0.2500000
NODE_7785_length_944_cov_42.401183	358	438	2	42	80	0.5250000
NODE_7785_length_944_cov_42.401183	358	438	3	15	80	0.1875000
NODE_7785_length_944_cov_42.401183	358	438	5	3	80	0.0375000
NODE_7785_length_944_cov_42.401183	411	498	0	8	87	0.0919540
NODE_7785_length_944_cov_42.401183	411	498	2	15	87	0.1724138
NODE_7785_length_944_cov_42.401183	411	498	3	15	87	0.1724138
NODE_7785_length_944_cov_42.401183	411	498	4	16	87	0.1839080
NODE_7785_length_944_cov_42.401183	411	498	5	33	87	0.3793103
NODE_7786_length_944_cov_32.712426	377	457	0	80	80	1.0000000
NODE_7786_length_944_cov_32.712426	430	510	0	80	80	1.0000000
NODE_7787_length_944_cov_27.839053	417	497	0	28	80	0.3500000
NODE_7787_length_944_cov_27.839053	417	497	4	52	80	0.6500000
NODE_7787_length_944_cov_27.839053	470	550	0	2	80	0.0250000
NODE_7787_length_944_cov_27.839053	470	550	4	78	80	0.9750000
NODE_7788_length_944_cov_24.702959	413	493	0	80	80	1.0000000
NODE_7788_length_944_cov_24.702959	466	546	0	80	80	1.0000000
NODE_7789_length_944_cov_11.951479	347	427	5	3	80	0.0375000
NODE_7789_length_944_cov_11.951479	347	427	6	3	80	0.0375000
NODE_7789_length_944_cov_11.951479	347	427	12	74	80	0.9250000
NODE_7789_length_944_cov_11.951479	400	480	1	16	80	0.2000000
NODE_7789_length_944_cov_11.951479	400	480	2	13	80	0.1625000
NODE_7789_length_944_cov_11.951479	400	480	8	3	80	0.0375000
NODE_7789_length_944_cov_11.951479	400	480	12	48	80	0.6000000
NODE_7789_length_944_cov_11.951479	476	556	1	15	80	0.1875000
NODE_7789_length_944_cov_11.951479	476	556	4	60	80	0.7500000
NODE_7789_length_944_cov_11.951479	476	556	5	5	80	0.0625000
NODE_7789_length_944_cov_11.951479	529	609	0	23	80	0.2875000
NODE_7789_length_944_cov_11.951479	529	609	4	57	80	0.7125000
NODE_7790_length_944_cov_6.745562	366	446	0	54	80	0.6750000
NODE_7790_length_944_cov_6.745562	366	446	2	26	80	0.3250000
NODE_7790_length_944_cov_6.745562	419	499	0	3	80	0.0375000
NODE_7790_length_944_cov_6.745562	419	499	2	77	80	0.9625000
NODE_7792_length_944_cov_4.420118	236	316	0	80	80	1.0000000
NODE_7792_length_944_cov_4.420118	289	369	0	80	80	1.0000000
NODE_7800_length_943_cov_40.111374	536	614	0	65	78	0.8333333
NODE_7800_length_943_cov_40.111374	536	614	2	13	78	0.1666667
NODE_7800_length_943_cov_40.111374	587	667	0	80	80	1.0000000
NODE_7801_length_943_cov_29.446682	338	418	0	50	80	0.6250000
NODE_7801_length_943_cov_29.446682	338	418	2	30	80	0.3750000
NODE_7801_length_943_cov_29.446682	391	471	0	30	80	0.3750000
NODE_7801_length_943_cov_29.446682	391	471	2	50	80	0.6250000
NODE_7802_length_943_cov_28.289100	393	473	0	12	80	0.1500000
NODE_7802_length_943_cov_28.289100	393	473	4	68	80	0.8500000
NODE_7802_length_943_cov_28.289100	446	526	0	7	80	0.0875000
NODE_7802_length_943_cov_28.289100	446	526	4	73	80	0.9125000
NODE_7803_length_943_cov_27.225118	343	423	0	37	80	0.4625000
NODE_7803_length_943_cov_27.225118	343	423	6	43	80	0.5375000
NODE_7803_length_943_cov_27.225118	396	476	6	50	80	0.6250000
NODE_7803_length_943_cov_27.225118	396	476	8	30	80	0.3750000
NODE_7804_length_943_cov_26.536730	275	303	0	28	28	1.0000000
NODE_7804_length_943_cov_26.536730	299	379	0	21	80	0.2625000
NODE_7804_length_943_cov_26.536730	299	379	6	59	80	0.7375000
NODE_7804_length_943_cov_26.536730	352	432	0	3	80	0.0375000
NODE_7804_length_943_cov_26.536730	352	432	2	25	80	0.3125000
NODE_7804_length_943_cov_26.536730	352	432	6	52	80	0.6500000
NODE_7805_length_943_cov_24.992891	374	454	0	80	80	1.0000000
NODE_7805_length_943_cov_24.992891	427	507	0	80	80	1.0000000
NODE_7805_length_943_cov_24.992891	503	583	0	50	80	0.6250000
NODE_7805_length_943_cov_24.992891	503	583	2	30	80	0.3750000
NODE_7805_length_943_cov_24.992891	556	636	2	80	80	1.0000000
NODE_7806_length_943_cov_24.758294	403	483	4	80	80	1.0000000
NODE_7806_length_943_cov_24.758294	456	536	0	21	80	0.2625000
NODE_7806_length_943_cov_24.758294	456	536	2	21	80	0.2625000
NODE_7806_length_943_cov_24.758294	456	536	4	38	80	0.4750000
NODE_7807_length_943_cov_22.316351	432	512	0	14	80	0.1750000
NODE_7807_length_943_cov_22.316351	432	512	2	41	80	0.5125000
NODE_7807_length_943_cov_22.316351	432	512	4	25	80	0.3125000
NODE_7807_length_943_cov_22.316351	485	565	2	9	80	0.1125000
NODE_7807_length_943_cov_22.316351	485	565	4	71	80	0.8875000
NODE_7808_length_943_cov_22.149289	393	473	2	80	80	1.0000000
NODE_7808_length_943_cov_22.149289	446	526	0	29	80	0.3625000
NODE_7808_length_943_cov_22.149289	446	526	2	51	80	0.6375000
NODE_7809_length_943_cov_20.055687	412	492	0	80	80	1.0000000
NODE_7809_length_943_cov_20.055687	465	545	0	80	80	1.0000000
NODE_7810_length_943_cov_16.022512	338	418	0	80	80	1.0000000
NODE_7810_length_943_cov_16.022512	391	471	0	80	80	1.0000000
NODE_7811_length_943_cov_10.939573	474	554	0	80	80	1.0000000
NODE_7811_length_943_cov_10.939573	527	607	0	80	80	1.0000000
NODE_7812_length_943_cov_9.483412	422	502	4	20	80	0.2500000
NODE_7812_length_943_cov_9.483412	422	502	6	12	80	0.1500000
NODE_7812_length_943_cov_9.483412	422	502	8	48	80	0.6000000
NODE_7812_length_943_cov_9.483412	475	555	0	20	80	0.2500000
NODE_7812_length_943_cov_9.483412	475	555	2	3	80	0.0375000
NODE_7812_length_943_cov_9.483412	475	555	3	1	80	0.0125000
NODE_7812_length_943_cov_9.483412	475	555	4	5	80	0.0625000
NODE_7812_length_943_cov_9.483412	475	555	8	51	80	0.6375000
NODE_7830_length_942_cov_58.088968	384	464	13	20	80	0.2500000
NODE_7830_length_942_cov_58.088968	384	464	18	3	80	0.0375000
NODE_7830_length_942_cov_58.088968	384	464	19	2	80	0.0250000
NODE_7830_length_942_cov_58.088968	384	464	20	6	80	0.0750000
NODE_7830_length_942_cov_58.088968	384	464	21	19	80	0.2375000
NODE_7830_length_942_cov_58.088968	384	464	22	30	80	0.3750000
NODE_7830_length_942_cov_58.088968	437	517	3	6	80	0.0750000
NODE_7830_length_942_cov_58.088968	437	517	4	11	80	0.1375000
NODE_7830_length_942_cov_58.088968	437	517	10	8	80	0.1000000
NODE_7830_length_942_cov_58.088968	437	517	21	2	80	0.0250000
NODE_7830_length_942_cov_58.088968	437	517	22	53	80	0.6625000
NODE_7832_length_942_cov_27.466192	360	440	0	55	80	0.6875000
NODE_7832_length_942_cov_27.466192	360	440	4	5	80	0.0625000
NODE_7832_length_942_cov_27.466192	360	440	12	2	80	0.0250000
NODE_7832_length_942_cov_27.466192	360	440	14	18	80	0.2250000
NODE_7832_length_942_cov_27.466192	413	493	0	2	80	0.0250000
NODE_7832_length_942_cov_27.466192	413	493	4	5	80	0.0625000
NODE_7832_length_942_cov_27.466192	413	493	12	22	80	0.2750000
NODE_7832_length_942_cov_27.466192	413	493	14	51	80	0.6375000
NODE_7833_length_942_cov_26.914591	346	426	4	2	80	0.0250000
NODE_7833_length_942_cov_26.914591	346	426	7	54	80	0.6750000
NODE_7833_length_942_cov_26.914591	346	426	8	24	80	0.3000000
NODE_7833_length_942_cov_26.914591	399	479	0	41	80	0.5125000
NODE_7833_length_942_cov_26.914591	399	479	4	14	80	0.1750000
NODE_7833_length_942_cov_26.914591	399	479	7	25	80	0.3125000
NODE_7834_length_942_cov_17.911032	390	470	0	80	80	1.0000000
NODE_7834_length_942_cov_17.911032	443	523	0	80	80	1.0000000
NODE_7835_length_942_cov_14.695136	442	522	0	3	80	0.0375000
NODE_7835_length_942_cov_14.695136	442	522	2	77	80	0.9625000
NODE_7835_length_942_cov_14.695136	495	575	0	56	80	0.7000000
NODE_7835_length_942_cov_14.695136	495	575	2	24	80	0.3000000
NODE_7836_length_942_cov_14.097272	547	627	0	80	80	1.0000000
NODE_7836_length_942_cov_14.097272	600	680	0	80	80	1.0000000
NODE_7837_length_942_cov_13.174377	322	402	0	80	80	1.0000000
NODE_7837_length_942_cov_13.174377	375	455	0	80	80	1.0000000
NODE_7858_length_941_cov_36.592637	259	339	5	12	80	0.1500000
NODE_7858_length_941_cov_36.592637	259	339	6	13	80	0.1625000
NODE_7858_length_941_cov_36.592637	259	339	7	6	80	0.0750000
NODE_7858_length_941_cov_36.592637	259	339	8	1	80	0.0125000
NODE_7858_length_941_cov_36.592637	259	339	9	8	80	0.1000000
NODE_7858_length_941_cov_36.592637	259	339	11	40	80	0.5000000
NODE_7858_length_941_cov_36.592637	312	392	2	6	80	0.0750000
NODE_7858_length_941_cov_36.592637	312	392	4	35	80	0.4375000
NODE_7858_length_941_cov_36.592637	312	392	5	21	80	0.2625000
NODE_7858_length_941_cov_36.592637	312	392	6	16	80	0.2000000
NODE_7858_length_941_cov_36.592637	312	392	7	2	80	0.0250000
NODE_7858_length_941_cov_36.592637	388	468	1	67	80	0.8375000
NODE_7858_length_941_cov_36.592637	388	468	2	13	80	0.1625000
NODE_7858_length_941_cov_36.592637	441	521	0	45	80	0.5625000
NODE_7858_length_941_cov_36.592637	441	521	1	35	80	0.4375000
NODE_7859_length_941_cov_35.375297	352	432	0	80	80	1.0000000
NODE_7859_length_941_cov_35.375297	405	485	0	80	80	1.0000000
NODE_7859_length_941_cov_35.375297	481	561	0	80	80	1.0000000
NODE_7859_length_941_cov_35.375297	534	614	0	80	80	1.0000000
NODE_7860_length_941_cov_32.222090	407	487	0	14	80	0.1750000
NODE_7860_length_941_cov_32.222090	407	487	8	66	80	0.8250000
NODE_7860_length_941_cov_32.222090	460	540	6	1	80	0.0125000
NODE_7860_length_941_cov_32.222090	460	540	8	79	80	0.9875000
NODE_7861_length_941_cov_28.442993	391	471	2	28	80	0.3500000
NODE_7861_length_941_cov_28.442993	391	471	4	52	80	0.6500000
NODE_7861_length_941_cov_28.442993	444	524	0	39	80	0.4875000
NODE_7861_length_941_cov_28.442993	444	524	2	15	80	0.1875000
NODE_7861_length_941_cov_28.442993	444	524	4	26	80	0.3250000
NODE_7862_length_941_cov_20.788599	341	421	0	80	80	1.0000000
NODE_7862_length_941_cov_20.788599	394	474	0	61	80	0.7625000
NODE_7862_length_941_cov_20.788599	394	474	4	19	80	0.2375000
NODE_7863_length_941_cov_18.000000	364	444	0	74	80	0.9250000
NODE_7863_length_941_cov_18.000000	364	444	2	6	80	0.0750000
NODE_7863_length_941_cov_18.000000	417	497	0	80	80	1.0000000
NODE_7864_length_941_cov_11.020190	325	405	0	80	80	1.0000000
NODE_7864_length_941_cov_11.020190	378	458	0	80	80	1.0000000
NODE_7865_length_941_cov_6.020190	260	287	4	2	27	0.0740741
NODE_7865_length_941_cov_6.020190	260	287	6	25	27	0.9259259
NODE_7865_length_941_cov_6.020190	260	340	2	6	80	0.0750000
NODE_7865_length_941_cov_6.020190	260	340	4	2	80	0.0250000
NODE_7865_length_941_cov_6.020190	260	340	6	72	80	0.9000000
NODE_7867_length_941_cov_3.745843	867	941	0	22	74	0.2972973
NODE_7867_length_941_cov_3.745843	867	941	2	21	74	0.2837838
NODE_7867_length_941_cov_3.745843	867	941	4	31	74	0.4189189
NODE_7877_length_940_cov_43.954816	243	323	0	20	80	0.2500000
NODE_7877_length_940_cov_43.954816	243	323	6	60	80	0.7500000
NODE_7877_length_940_cov_43.954816	296	376	6	80	80	1.0000000
NODE_7877_length_940_cov_43.954816	372	452	0	72	80	0.9000000
NODE_7877_length_940_cov_43.954816	372	452	6	8	80	0.1000000
NODE_7877_length_940_cov_43.954816	425	505	0	80	80	1.0000000
NODE_7878_length_940_cov_27.763377	423	503	0	80	80	1.0000000
NODE_7878_length_940_cov_27.763377	476	556	0	80	80	1.0000000
NODE_7897_length_939_cov_58.982143	363	443	4	26	80	0.3250000
NODE_7897_length_939_cov_58.982143	363	443	10	1	80	0.0125000
NODE_7897_length_939_cov_58.982143	363	443	12	53	80	0.6625000
NODE_7897_length_939_cov_58.982143	416	496	0	13	80	0.1625000
NODE_7897_length_939_cov_58.982143	416	496	2	12	80	0.1500000
NODE_7897_length_939_cov_58.982143	416	496	8	24	80	0.3000000
NODE_7897_length_939_cov_58.982143	416	496	12	31	80	0.3875000
NODE_7898_length_939_cov_32.469048	327	407	10	3	80	0.0375000
NODE_7898_length_939_cov_32.469048	327	407	12	25	80	0.3125000
NODE_7898_length_939_cov_32.469048	327	407	14	10	80	0.1250000
NODE_7898_length_939_cov_32.469048	327	407	16	42	80	0.5250000
NODE_7898_length_939_cov_32.469048	380	460	4	26	80	0.3250000
NODE_7898_length_939_cov_32.469048	380	460	6	11	80	0.1375000
NODE_7898_length_939_cov_32.469048	380	460	10	19	80	0.2375000
NODE_7898_length_939_cov_32.469048	380	460	12	16	80	0.2000000
NODE_7898_length_939_cov_32.469048	380	460	16	8	80	0.1000000
NODE_7899_length_939_cov_31.895238	265	345	0	80	80	1.0000000
NODE_7899_length_939_cov_31.895238	318	398	0	80	80	1.0000000
NODE_7900_length_939_cov_25.354762	439	519	0	61	80	0.7625000
NODE_7900_length_939_cov_25.354762	439	519	2	19	80	0.2375000
NODE_7900_length_939_cov_25.354762	492	572	0	8	80	0.1000000
NODE_7900_length_939_cov_25.354762	492	572	2	24	80	0.3000000
NODE_7900_length_939_cov_25.354762	492	572	4	48	80	0.6000000
NODE_7901_length_939_cov_24.892857	370	450	0	30	80	0.3750000
NODE_7901_length_939_cov_24.892857	370	450	6	45	80	0.5625000
NODE_7901_length_939_cov_24.892857	370	450	8	5	80	0.0625000
NODE_7901_length_939_cov_24.892857	423	503	2	1	80	0.0125000
NODE_7901_length_939_cov_24.892857	423	503	6	22	80	0.2750000
NODE_7901_length_939_cov_24.892857	423	503	8	57	80	0.7125000
NODE_7902_length_939_cov_24.246429	422	502	0	65	80	0.8125000
NODE_7902_length_939_cov_24.246429	422	502	2	15	80	0.1875000
NODE_7902_length_939_cov_24.246429	475	555	0	12	80	0.1500000
NODE_7902_length_939_cov_24.246429	475	555	2	68	80	0.8500000
NODE_7902_length_939_cov_24.246429	551	631	0	76	80	0.9500000
NODE_7902_length_939_cov_24.246429	551	631	2	4	80	0.0500000
NODE_7902_length_939_cov_24.246429	604	684	0	80	80	1.0000000
NODE_7903_length_939_cov_21.141667	368	448	0	80	80	1.0000000
NODE_7903_length_939_cov_21.141667	421	501	0	80	80	1.0000000
NODE_7904_length_939_cov_16.425000	327	407	0	3	80	0.0375000
NODE_7904_length_939_cov_16.425000	327	407	2	6	80	0.0750000
NODE_7904_length_939_cov_16.425000	327	407	6	12	80	0.1500000
NODE_7904_length_939_cov_16.425000	327	407	10	59	80	0.7375000
NODE_7904_length_939_cov_16.425000	380	460	4	5	80	0.0625000
NODE_7904_length_939_cov_16.425000	380	460	8	35	80	0.4375000
NODE_7904_length_939_cov_16.425000	380	460	10	40	80	0.5000000
NODE_7905_length_939_cov_13.828571	469	548	0	72	79	0.9113924
NODE_7905_length_939_cov_13.828571	469	548	4	7	79	0.0886076
NODE_7905_length_939_cov_13.828571	522	603	0	19	81	0.2345679
NODE_7905_length_939_cov_13.828571	522	603	4	62	81	0.7654321
NODE_7906_length_939_cov_13.521429	402	482	0	80	80	1.0000000
NODE_7906_length_939_cov_13.521429	455	535	0	38	80	0.4750000
NODE_7906_length_939_cov_13.521429	455	535	2	42	80	0.5250000
NODE_7907_length_939_cov_12.955952	398	478	0	5	80	0.0625000
NODE_7907_length_939_cov_12.955952	398	478	2	44	80	0.5500000
NODE_7907_length_939_cov_12.955952	398	478	4	31	80	0.3875000
NODE_7907_length_939_cov_12.955952	451	531	2	26	80	0.3250000
NODE_7907_length_939_cov_12.955952	451	531	4	54	80	0.6750000
NODE_7908_length_939_cov_6.564286	523	545	0	22	22	1.0000000
NODE_7922_length_938_cov_44.458880	362	442	0	28	80	0.3500000
NODE_7922_length_938_cov_44.458880	362	442	2	52	80	0.6500000
NODE_7922_length_938_cov_44.458880	415	495	2	28	80	0.3500000
NODE_7922_length_938_cov_44.458880	415	495	4	38	80	0.4750000
NODE_7922_length_938_cov_44.458880	415	495	6	14	80	0.1750000
NODE_7923_length_938_cov_44.435042	748	815	2	67	67	1.0000000
NODE_7924_length_938_cov_32.177592	466	546	0	74	80	0.9250000
NODE_7924_length_938_cov_32.177592	466	546	2	6	80	0.0750000
NODE_7924_length_938_cov_32.177592	519	599	0	80	80	1.0000000
NODE_7925_length_938_cov_21.139452	474	554	0	80	80	1.0000000
NODE_7925_length_938_cov_21.139452	527	607	0	80	80	1.0000000
NODE_7927_length_938_cov_8.791418	300	380	2	35	80	0.4375000
NODE_7927_length_938_cov_8.791418	300	380	4	11	80	0.1375000
NODE_7927_length_938_cov_8.791418	300	380	6	34	80	0.4250000
NODE_7927_length_938_cov_8.791418	353	433	4	64	80	0.8000000
NODE_7927_length_938_cov_8.791418	353	433	6	16	80	0.2000000
NODE_7932_length_938_cov_2.693683	59	139	0	5	80	0.0625000
NODE_7932_length_938_cov_2.693683	59	139	3	1	80	0.0125000
NODE_7932_length_938_cov_2.693683	59	139	4	3	80	0.0375000
NODE_7932_length_938_cov_2.693683	59	139	10	71	80	0.8875000
NODE_7932_length_938_cov_2.693683	112	192	0	9	80	0.1125000
NODE_7932_length_938_cov_2.693683	112	192	6	20	80	0.2500000
NODE_7932_length_938_cov_2.693683	112	192	10	51	80	0.6375000
NODE_7946_length_937_cov_31.890215	407	487	0	11	80	0.1375000
NODE_7946_length_937_cov_31.890215	407	487	3	1	80	0.0125000
NODE_7946_length_937_cov_31.890215	407	487	4	68	80	0.8500000
NODE_7946_length_937_cov_31.890215	460	536	4	76	76	1.0000000
NODE_7947_length_937_cov_31.198091	425	505	6	80	80	1.0000000
NODE_7947_length_937_cov_31.198091	478	558	0	45	80	0.5625000
NODE_7947_length_937_cov_31.198091	478	558	6	35	80	0.4375000
NODE_7948_length_937_cov_29.742243	296	376	0	52	80	0.6500000
NODE_7948_length_937_cov_29.742243	296	376	2	28	80	0.3500000
NODE_7948_length_937_cov_29.742243	349	429	0	80	80	1.0000000
NODE_7948_length_937_cov_29.742243	425	505	0	24	80	0.3000000
NODE_7948_length_937_cov_29.742243	425	505	8	56	80	0.7000000
NODE_7948_length_937_cov_29.742243	478	558	0	8	80	0.1000000
NODE_7948_length_937_cov_29.742243	478	558	8	72	80	0.9000000
NODE_7950_length_937_cov_26.153938	487	567	0	51	80	0.6375000
NODE_7950_length_937_cov_26.153938	487	567	2	29	80	0.3625000
NODE_7950_length_937_cov_26.153938	540	620	2	80	80	1.0000000
NODE_7951_length_937_cov_20.898568	515	595	2	21	80	0.2625000
NODE_7951_length_937_cov_20.898568	515	595	3	2	80	0.0250000
NODE_7951_length_937_cov_20.898568	515	595	4	37	80	0.4625000
NODE_7951_length_937_cov_20.898568	515	595	5	20	80	0.2500000
NODE_7951_length_937_cov_20.898568	568	648	0	21	80	0.2625000
NODE_7951_length_937_cov_20.898568	568	648	2	1	80	0.0125000
NODE_7951_length_937_cov_20.898568	568	648	3	21	80	0.2625000
NODE_7951_length_937_cov_20.898568	568	648	4	37	80	0.4625000
NODE_7952_length_937_cov_20.502387	181	261	0	16	80	0.2000000
NODE_7952_length_937_cov_20.502387	181	261	2	64	80	0.8000000
NODE_7952_length_937_cov_20.502387	234	314	0	26	80	0.3250000
NODE_7952_length_937_cov_20.502387	234	314	2	54	80	0.6750000
NODE_7952_length_937_cov_20.502387	310	390	0	45	80	0.5625000
NODE_7952_length_937_cov_20.502387	310	390	2	35	80	0.4375000
NODE_7952_length_937_cov_20.502387	363	443	2	80	80	1.0000000
NODE_7953_length_937_cov_15.219570	526	606	4	80	80	1.0000000
NODE_7953_length_937_cov_15.219570	579	659	0	41	80	0.5125000
NODE_7953_length_937_cov_15.219570	579	659	4	39	80	0.4875000
NODE_7954_length_937_cov_9.633652	521	601	0	80	80	1.0000000
NODE_7954_length_937_cov_9.633652	574	654	0	43	80	0.5375000
NODE_7954_length_937_cov_9.633652	574	654	2	37	80	0.4625000
NODE_7956_length_937_cov_6.630072	305	385	0	80	80	1.0000000
NODE_7956_length_937_cov_6.630072	358	438	0	33	80	0.4125000
NODE_7956_length_937_cov_6.630072	358	438	2	47	80	0.5875000
NODE_7957_length_937_cov_4.649165	470	550	0	71	80	0.8875000
NODE_7957_length_937_cov_4.649165	470	550	3	3	80	0.0375000
NODE_7957_length_937_cov_4.649165	470	550	4	6	80	0.0750000
NODE_7957_length_937_cov_4.649165	523	603	0	18	80	0.2250000
NODE_7957_length_937_cov_4.649165	523	603	3	3	80	0.0375000
NODE_7957_length_937_cov_4.649165	523	603	4	59	80	0.7375000
NODE_7969_length_936_cov_57.105137	267	347	2	80	80	1.0000000
NODE_7969_length_936_cov_57.105137	320	400	0	17	80	0.2125000
NODE_7969_length_936_cov_57.105137	320	400	2	63	80	0.7875000
NODE_7969_length_936_cov_57.105137	396	476	0	80	80	1.0000000
NODE_7969_length_936_cov_57.105137	449	529	0	80	80	1.0000000
NODE_7970_length_936_cov_39.983274	433	513	6	7	80	0.0875000
NODE_7970_length_936_cov_39.983274	433	513	10	43	80	0.5375000
NODE_7970_length_936_cov_39.983274	433	513	12	12	80	0.1500000
NODE_7970_length_936_cov_39.983274	433	513	14	18	80	0.2250000
NODE_7970_length_936_cov_39.983274	486	566	0	10	80	0.1250000
NODE_7970_length_936_cov_39.983274	486	566	2	18	80	0.2250000
NODE_7970_length_936_cov_39.983274	486	566	8	10	80	0.1250000
NODE_7970_length_936_cov_39.983274	486	566	10	42	80	0.5250000
NODE_7971_length_936_cov_22.486260	534	614	0	32	80	0.4000000
NODE_7971_length_936_cov_22.486260	534	614	4	48	80	0.6000000
NODE_7971_length_936_cov_22.486260	587	667	2	11	80	0.1375000
NODE_7971_length_936_cov_22.486260	587	667	4	69	80	0.8625000
NODE_7972_length_936_cov_19.639188	409	489	0	19	80	0.2375000
NODE_7972_length_936_cov_19.639188	409	489	6	61	80	0.7625000
NODE_7972_length_936_cov_19.639188	462	542	0	7	80	0.0875000
NODE_7972_length_936_cov_19.639188	462	542	5	1	80	0.0125000
NODE_7972_length_936_cov_19.639188	462	542	6	72	80	0.9000000
NODE_7973_length_936_cov_15.083632	322	402	0	80	80	1.0000000
NODE_7973_length_936_cov_15.083632	375	455	0	80	80	1.0000000
NODE_7974_length_936_cov_13.962963	356	424	6	15	68	0.2205882
NODE_7974_length_936_cov_13.962963	356	424	8	25	68	0.3676471
NODE_7974_length_936_cov_13.962963	356	424	10	28	68	0.4117647
NODE_7975_length_936_cov_12.502987	447	527	4	80	80	1.0000000
NODE_7975_length_936_cov_12.502987	500	580	0	10	80	0.1250000
NODE_7975_length_936_cov_12.502987	500	580	4	70	80	0.8750000
NODE_7976_length_936_cov_12.279570	340	420	0	80	80	1.0000000
NODE_7976_length_936_cov_12.279570	393	473	0	80	80	1.0000000
NODE_7977_length_936_cov_7.906810	587	667	0	27	80	0.3375000
NODE_7977_length_936_cov_7.906810	587	667	2	14	80	0.1750000
NODE_7977_length_936_cov_7.906810	587	667	4	39	80	0.4875000
NODE_7977_length_936_cov_7.906810	640	720	0	20	80	0.2500000
NODE_7977_length_936_cov_7.906810	640	720	2	9	80	0.1125000
NODE_7977_length_936_cov_7.906810	640	720	4	51	80	0.6375000
NODE_7978_length_936_cov_6.845878	322	402	0	80	80	1.0000000
NODE_7978_length_936_cov_6.845878	375	455	0	80	80	1.0000000
NODE_7979_length_936_cov_6.434886	556	635	2	5	79	0.0632911
NODE_7979_length_936_cov_6.434886	556	635	4	10	79	0.1265823
NODE_7979_length_936_cov_6.434886	556	635	6	64	79	0.8101266
NODE_7979_length_936_cov_6.434886	608	688	0	30	80	0.3750000
NODE_7979_length_936_cov_6.434886	608	688	4	33	80	0.4125000
NODE_7979_length_936_cov_6.434886	608	688	6	17	80	0.2125000
NODE_7993_length_935_cov_38.209330	57	137	109	2	80	0.0250000
NODE_7993_length_935_cov_38.209330	57	137	111	1	80	0.0125000
NODE_7993_length_935_cov_38.209330	57	137	113	1	80	0.0125000
NODE_7993_length_935_cov_38.209330	57	137	114	4	80	0.0500000
NODE_7993_length_935_cov_38.209330	57	137	120	3	80	0.0375000
NODE_7993_length_935_cov_38.209330	57	137	128	1	80	0.0125000
NODE_7993_length_935_cov_38.209330	57	137	132	1	80	0.0125000
NODE_7993_length_935_cov_38.209330	57	137	136	1	80	0.0125000
NODE_7993_length_935_cov_38.209330	57	137	138	1	80	0.0125000
NODE_7993_length_935_cov_38.209330	57	137	140	4	80	0.0500000
NODE_7993_length_935_cov_38.209330	57	137	144	2	80	0.0250000
NODE_7993_length_935_cov_38.209330	57	137	146	1	80	0.0125000
NODE_7993_length_935_cov_38.209330	57	137	154	4	80	0.0500000
NODE_7993_length_935_cov_38.209330	57	137	156	8	80	0.1000000
NODE_7993_length_935_cov_38.209330	57	137	157	1	80	0.0125000
NODE_7993_length_935_cov_38.209330	57	137	158	45	80	0.5625000
NODE_7994_length_935_cov_27.306220	439	519	0	80	80	1.0000000
NODE_7994_length_935_cov_27.306220	492	572	0	80	80	1.0000000
NODE_7995_length_935_cov_26.562201	321	401	0	23	80	0.2875000
NODE_7995_length_935_cov_26.562201	321	401	8	57	80	0.7125000
NODE_7995_length_935_cov_26.562201	374	454	8	80	80	1.0000000
NODE_7995_length_935_cov_26.562201	450	530	0	64	80	0.8000000
NODE_7995_length_935_cov_26.562201	450	530	8	16	80	0.2000000
NODE_7995_length_935_cov_26.562201	503	583	0	80	80	1.0000000
NODE_7996_length_935_cov_25.098086	356	436	0	5	80	0.0625000
NODE_7996_length_935_cov_25.098086	356	436	2	9	80	0.1125000
NODE_7996_length_935_cov_25.098086	356	436	12	10	80	0.1250000
NODE_7996_length_935_cov_25.098086	356	436	20	2	80	0.0250000
NODE_7996_length_935_cov_25.098086	356	436	26	3	80	0.0375000
NODE_7996_length_935_cov_25.098086	356	436	31	3	80	0.0375000
NODE_7996_length_935_cov_25.098086	356	436	33	2	80	0.0250000
NODE_7996_length_935_cov_25.098086	356	436	34	2	80	0.0250000
NODE_7996_length_935_cov_25.098086	356	436	36	4	80	0.0500000
NODE_7996_length_935_cov_25.098086	356	436	37	1	80	0.0125000
NODE_7996_length_935_cov_25.098086	356	436	38	39	80	0.4875000
NODE_7996_length_935_cov_25.098086	409	489	16	4	80	0.0500000
NODE_7996_length_935_cov_25.098086	409	489	17	16	80	0.2000000
NODE_7996_length_935_cov_25.098086	409	489	24	3	80	0.0375000
NODE_7996_length_935_cov_25.098086	409	489	25	4	80	0.0500000
NODE_7996_length_935_cov_25.098086	409	489	30	25	80	0.3125000
NODE_7996_length_935_cov_25.098086	409	489	31	4	80	0.0500000
NODE_7996_length_935_cov_25.098086	409	489	33	2	80	0.0250000
NODE_7996_length_935_cov_25.098086	409	489	34	2	80	0.0250000
NODE_7996_length_935_cov_25.098086	409	489	36	4	80	0.0500000
NODE_7996_length_935_cov_25.098086	409	489	38	16	80	0.2000000
NODE_7997_length_935_cov_24.316986	467	547	0	74	80	0.9250000
NODE_7997_length_935_cov_24.316986	467	547	2	6	80	0.0750000
NODE_7997_length_935_cov_24.316986	520	600	0	21	80	0.2625000
NODE_7997_length_935_cov_24.316986	520	600	2	59	80	0.7375000
NODE_7998_length_935_cov_19.221292	397	477	0	37	80	0.4625000
NODE_7998_length_935_cov_19.221292	397	477	2	1	80	0.0125000
NODE_7998_length_935_cov_19.221292	397	477	4	17	80	0.2125000
NODE_7998_length_935_cov_19.221292	397	477	8	19	80	0.2375000
NODE_7998_length_935_cov_19.221292	397	477	10	6	80	0.0750000
NODE_7998_length_935_cov_19.221292	450	530	4	2	80	0.0250000
NODE_7998_length_935_cov_19.221292	450	530	8	31	80	0.3875000
NODE_7998_length_935_cov_19.221292	450	530	10	47	80	0.5875000
NODE_7999_length_935_cov_15.016746	404	484	0	80	80	1.0000000
NODE_7999_length_935_cov_15.016746	457	537	0	80	80	1.0000000
NODE_8000_length_935_cov_13.138756	341	421	0	20	80	0.2500000
NODE_8000_length_935_cov_13.138756	341	421	4	1	80	0.0125000
NODE_8000_length_935_cov_13.138756	341	421	5	15	80	0.1875000
NODE_8000_length_935_cov_13.138756	341	421	9	4	80	0.0500000
NODE_8000_length_935_cov_13.138756	341	421	10	9	80	0.1125000
NODE_8000_length_935_cov_13.138756	341	421	12	12	80	0.1500000
NODE_8000_length_935_cov_13.138756	341	421	14	19	80	0.2375000
NODE_8000_length_935_cov_13.138756	394	474	10	6	80	0.0750000
NODE_8000_length_935_cov_13.138756	394	474	12	41	80	0.5125000
NODE_8000_length_935_cov_13.138756	394	474	14	33	80	0.4125000
NODE_8002_length_935_cov_6.485646	512	592	0	16	80	0.2000000
NODE_8002_length_935_cov_6.485646	512	592	2	17	80	0.2125000
NODE_8002_length_935_cov_6.485646	512	592	4	47	80	0.5875000
NODE_8002_length_935_cov_6.485646	565	645	0	8	80	0.1000000
NODE_8002_length_935_cov_6.485646	565	645	2	19	80	0.2375000
NODE_8002_length_935_cov_6.485646	565	645	4	53	80	0.6625000
NODE_8003_length_935_cov_6.467703	250	330	3	2	80	0.0250000
NODE_8003_length_935_cov_6.467703	250	330	4	28	80	0.3500000
NODE_8003_length_935_cov_6.467703	250	330	6	50	80	0.6250000
NODE_8003_length_935_cov_6.467703	303	383	0	35	80	0.4375000
NODE_8003_length_935_cov_6.467703	303	383	1	1	80	0.0125000
NODE_8003_length_935_cov_6.467703	303	383	2	17	80	0.2125000
NODE_8003_length_935_cov_6.467703	303	383	3	2	80	0.0250000
NODE_8003_length_935_cov_6.467703	303	383	4	4	80	0.0500000
NODE_8003_length_935_cov_6.467703	303	383	6	21	80	0.2625000
NODE_8004_length_935_cov_6.144737	478	558	0	80	80	1.0000000
NODE_8004_length_935_cov_6.144737	531	611	0	80	80	1.0000000
NODE_8005_length_935_cov_3.905502	39	119	16	7	80	0.0875000
NODE_8005_length_935_cov_3.905502	39	119	20	1	80	0.0125000
NODE_8005_length_935_cov_3.905502	39	119	22	9	80	0.1125000
NODE_8005_length_935_cov_3.905502	39	119	24	25	80	0.3125000
NODE_8005_length_935_cov_3.905502	39	119	25	1	80	0.0125000
NODE_8005_length_935_cov_3.905502	39	119	26	37	80	0.4625000
NODE_8005_length_935_cov_3.905502	92	166	4	4	74	0.0540541
NODE_8005_length_935_cov_3.905502	92	166	10	11	74	0.1486486
NODE_8005_length_935_cov_3.905502	92	166	12	20	74	0.2702703
NODE_8005_length_935_cov_3.905502	92	166	16	6	74	0.0810811
NODE_8005_length_935_cov_3.905502	92	166	19	3	74	0.0405405
NODE_8005_length_935_cov_3.905502	92	166	20	3	74	0.0405405
NODE_8005_length_935_cov_3.905502	92	166	22	9	74	0.1216216
NODE_8005_length_935_cov_3.905502	92	166	24	18	74	0.2432432
NODE_8028_length_934_cov_22.898204	403	483	0	7	80	0.0875000
NODE_8028_length_934_cov_22.898204	403	483	1	1	80	0.0125000
NODE_8028_length_934_cov_22.898204	403	483	2	72	80	0.9000000
NODE_8028_length_934_cov_22.898204	456	536	2	48	80	0.6000000
NODE_8028_length_934_cov_22.898204	456	536	3	15	80	0.1875000
NODE_8028_length_934_cov_22.898204	456	536	4	17	80	0.2125000
NODE_8029_length_934_cov_17.746108	246	326	0	80	80	1.0000000
NODE_8029_length_934_cov_17.746108	299	379	0	80	80	1.0000000
NODE_8030_length_934_cov_16.049102	367	447	0	80	80	1.0000000
NODE_8030_length_934_cov_16.049102	420	500	0	80	80	1.0000000
NODE_8031_length_934_cov_13.738922	379	459	0	26	80	0.3250000
NODE_8031_length_934_cov_13.738922	379	459	4	54	80	0.6750000
NODE_8031_length_934_cov_13.738922	432	459	4	27	27	1.0000000
NODE_8031_length_934_cov_13.738922	470	512	4	42	42	1.0000000
NODE_8032_length_934_cov_9.091018	407	487	0	80	80	1.0000000
NODE_8032_length_934_cov_9.091018	460	540	0	80	80	1.0000000
NODE_8034_length_934_cov_5.349701	583	663	0	80	80	1.0000000
NODE_8050_length_933_cov_36.557554	462	542	0	41	80	0.5125000
NODE_8050_length_933_cov_36.557554	462	542	6	15	80	0.1875000
NODE_8050_length_933_cov_36.557554	462	542	8	24	80	0.3000000
NODE_8050_length_933_cov_36.557554	515	595	6	3	80	0.0375000
NODE_8050_length_933_cov_36.557554	515	595	8	77	80	0.9625000
NODE_8051_length_933_cov_27.645084	476	556	0	22	80	0.2750000
NODE_8051_length_933_cov_27.645084	476	556	2	58	80	0.7250000
NODE_8051_length_933_cov_27.645084	529	609	0	7	80	0.0875000
NODE_8051_length_933_cov_27.645084	529	609	2	73	80	0.9125000
NODE_8052_length_933_cov_26.749400	611	691	0	80	80	1.0000000
NODE_8052_length_933_cov_26.749400	664	744	0	80	80	1.0000000
NODE_8053_length_933_cov_26.308153	430	510	0	80	80	1.0000000
NODE_8053_length_933_cov_26.308153	483	563	0	80	80	1.0000000
NODE_8054_length_933_cov_19.966427	444	530	0	86	86	1.0000000
NODE_8054_length_933_cov_19.966427	497	583	0	86	86	1.0000000
NODE_8055_length_933_cov_16.870504	284	364	0	80	80	1.0000000
NODE_8055_length_933_cov_16.870504	337	415	0	78	78	1.0000000
NODE_8056_length_933_cov_16.699041	366	446	0	20	80	0.2500000
NODE_8056_length_933_cov_16.699041	366	446	2	60	80	0.7500000
NODE_8056_length_933_cov_16.699041	419	499	0	73	80	0.9125000
NODE_8056_length_933_cov_16.699041	419	499	2	7	80	0.0875000
NODE_8057_length_933_cov_11.171463	197	277	0	80	80	1.0000000
NODE_8057_length_933_cov_11.171463	250	330	0	80	80	1.0000000
NODE_8073_length_932_cov_26.656663	397	477	0	80	80	1.0000000
NODE_8073_length_932_cov_26.656663	450	530	0	80	80	1.0000000
NODE_8074_length_932_cov_16.581032	407	485	4	62	78	0.7948718
NODE_8074_length_932_cov_16.581032	407	485	6	6	78	0.0769231
NODE_8074_length_932_cov_16.581032	407	485	12	10	78	0.1282051
NODE_8074_length_932_cov_16.581032	460	538	4	9	78	0.1153846
NODE_8074_length_932_cov_16.581032	460	538	6	6	78	0.0769231
NODE_8074_length_932_cov_16.581032	460	538	8	50	78	0.6410257
NODE_8074_length_932_cov_16.581032	460	538	10	3	78	0.0384615
NODE_8074_length_932_cov_16.581032	460	538	12	10	78	0.1282051
NODE_8075_length_932_cov_13.462185	413	493	0	10	80	0.1250000
NODE_8075_length_932_cov_13.462185	413	493	4	7	80	0.0875000
NODE_8075_length_932_cov_13.462185	413	493	10	63	80	0.7875000
NODE_8075_length_932_cov_13.462185	466	546	0	63	80	0.7875000
NODE_8075_length_932_cov_13.462185	466	546	4	7	80	0.0875000
NODE_8075_length_932_cov_13.462185	466	546	10	10	80	0.1250000
NODE_8076_length_932_cov_13.442977	386	466	2	11	80	0.1375000
NODE_8076_length_932_cov_13.442977	386	466	6	6	80	0.0750000
NODE_8076_length_932_cov_13.442977	386	466	8	63	80	0.7875000
NODE_8076_length_932_cov_13.442977	439	519	0	8	80	0.1000000
NODE_8076_length_932_cov_13.442977	439	519	2	56	80	0.7000000
NODE_8076_length_932_cov_13.442977	439	519	8	16	80	0.2000000
NODE_8077_length_932_cov_11.947179	344	424	0	80	80	1.0000000
NODE_8077_length_932_cov_11.947179	397	477	0	80	80	1.0000000
NODE_8079_length_932_cov_10.849940	409	489	0	22	80	0.2750000
NODE_8079_length_932_cov_10.849940	409	489	2	58	80	0.7250000
NODE_8079_length_932_cov_10.849940	462	542	0	8	80	0.1000000
NODE_8079_length_932_cov_10.849940	462	542	2	72	80	0.9000000
NODE_8080_length_932_cov_10.174070	342	422	0	80	80	1.0000000
NODE_8080_length_932_cov_10.174070	395	475	0	80	80	1.0000000
NODE_8082_length_932_cov_9.200480	184	264	0	80	80	1.0000000
NODE_8082_length_932_cov_9.200480	237	317	0	80	80	1.0000000
NODE_8090_length_932_cov_2.689076	598	676	0	30	78	0.3846154
NODE_8090_length_932_cov_2.689076	598	676	2	30	78	0.3846154
NODE_8090_length_932_cov_2.689076	598	676	4	18	78	0.2307692
NODE_8090_length_932_cov_2.689076	798	845	0	47	47	1.0000000
NODE_8103_length_931_cov_51.451923	320	400	0	80	80	1.0000000
NODE_8103_length_931_cov_51.451923	373	453	0	80	80	1.0000000
NODE_8104_length_931_cov_46.621394	527	607	0	80	80	1.0000000
NODE_8104_length_931_cov_46.621394	580	660	0	80	80	1.0000000
NODE_8105_length_931_cov_36.334135	347	427	0	18	80	0.2250000
NODE_8105_length_931_cov_36.334135	347	427	12	51	80	0.6375000
NODE_8105_length_931_cov_36.334135	347	427	14	11	80	0.1375000
NODE_8105_length_931_cov_36.334135	400	480	12	16	80	0.2000000
NODE_8105_length_931_cov_36.334135	400	480	14	19	80	0.2375000
NODE_8105_length_931_cov_36.334135	400	480	16	45	80	0.5625000
NODE_8106_length_931_cov_32.495192	482	562	0	57	80	0.7125000
NODE_8106_length_931_cov_32.495192	482	562	2	23	80	0.2875000
NODE_8106_length_931_cov_32.495192	535	617	0	82	82	1.0000000
NODE_8107_length_931_cov_22.100962	375	455	12	19	80	0.2375000
NODE_8107_length_931_cov_22.100962	375	455	14	4	80	0.0500000
NODE_8107_length_931_cov_22.100962	375	455	17	6	80	0.0750000
NODE_8107_length_931_cov_22.100962	375	455	18	37	80	0.4625000
NODE_8107_length_931_cov_22.100962	375	455	19	14	80	0.1750000
NODE_8107_length_931_cov_22.100962	428	508	0	14	80	0.1750000
NODE_8107_length_931_cov_22.100962	428	508	2	24	80	0.3000000
NODE_8107_length_931_cov_22.100962	428	508	4	4	80	0.0500000
NODE_8107_length_931_cov_22.100962	428	508	8	2	80	0.0250000
NODE_8107_length_931_cov_22.100962	428	508	10	9	80	0.1125000
NODE_8107_length_931_cov_22.100962	428	508	12	9	80	0.1125000
NODE_8107_length_931_cov_22.100962	428	508	18	18	80	0.2250000
NODE_8108_length_931_cov_21.781250	347	427	0	73	80	0.9125000
NODE_8108_length_931_cov_21.781250	347	427	2	7	80	0.0875000
NODE_8108_length_931_cov_21.781250	400	480	0	20	80	0.2500000
NODE_8108_length_931_cov_21.781250	400	480	2	7	80	0.0875000
NODE_8108_length_931_cov_21.781250	400	480	4	53	80	0.6625000
NODE_8109_length_931_cov_19.084135	411	491	0	10	80	0.1250000
NODE_8109_length_931_cov_19.084135	411	491	1	33	80	0.4125000
NODE_8109_length_931_cov_19.084135	411	491	2	37	80	0.4625000
NODE_8109_length_931_cov_19.084135	464	544	0	10	80	0.1250000
NODE_8109_length_931_cov_19.084135	464	544	1	18	80	0.2250000
NODE_8109_length_931_cov_19.084135	464	544	2	36	80	0.4500000
NODE_8109_length_931_cov_19.084135	464	544	4	16	80	0.2000000
NODE_8110_length_931_cov_14.879808	444	524	4	34	80	0.4250000
NODE_8110_length_931_cov_14.879808	444	524	6	18	80	0.2250000
NODE_8110_length_931_cov_14.879808	444	524	8	9	80	0.1125000
NODE_8110_length_931_cov_14.879808	444	524	10	19	80	0.2375000
NODE_8110_length_931_cov_14.879808	497	577	4	27	80	0.3375000
NODE_8110_length_931_cov_14.879808	497	577	6	33	80	0.4125000
NODE_8110_length_931_cov_14.879808	497	577	8	7	80	0.0875000
NODE_8110_length_931_cov_14.879808	497	577	10	13	80	0.1625000
NODE_8111_length_931_cov_13.087740	759	800	3	2	41	0.0487805
NODE_8111_length_931_cov_13.087740	759	800	7	2	41	0.0487805
NODE_8111_length_931_cov_13.087740	759	800	11	1	41	0.0243902
NODE_8111_length_931_cov_13.087740	759	800	13	1	41	0.0243902
NODE_8111_length_931_cov_13.087740	759	800	17	13	41	0.3170732
NODE_8111_length_931_cov_13.087740	759	800	18	2	41	0.0487805
NODE_8111_length_931_cov_13.087740	759	800	19	20	41	0.4878049
NODE_8112_length_931_cov_10.534856	399	479	2	14	80	0.1750000
NODE_8112_length_931_cov_10.534856	399	479	3	10	80	0.1250000
NODE_8112_length_931_cov_10.534856	399	479	5	50	80	0.6250000
NODE_8112_length_931_cov_10.534856	399	479	8	6	80	0.0750000
NODE_8112_length_931_cov_10.534856	452	532	2	67	80	0.8375000
NODE_8112_length_931_cov_10.534856	452	532	5	13	80	0.1625000
NODE_8113_length_931_cov_9.865385	236	316	2	27	80	0.3375000
NODE_8113_length_931_cov_9.865385	236	316	4	53	80	0.6625000
NODE_8113_length_931_cov_9.865385	289	369	2	21	80	0.2625000
NODE_8113_length_931_cov_9.865385	289	369	4	59	80	0.7375000
NODE_8115_length_931_cov_6.201923	479	559	0	46	80	0.5750000
NODE_8115_length_931_cov_6.201923	479	559	2	34	80	0.4250000
NODE_8115_length_931_cov_6.201923	532	612	2	80	80	1.0000000
NODE_8124_length_931_cov_1.780048	832	902	0	66	70	0.9428571
NODE_8124_length_931_cov_1.780048	832	902	3	4	70	0.0571429
NODE_8126_length_931_cov_1.433894	220	284	4	4	64	0.0625000
NODE_8126_length_931_cov_1.433894	220	284	6	30	64	0.4687500
NODE_8126_length_931_cov_1.433894	220	284	8	4	64	0.0625000
NODE_8126_length_931_cov_1.433894	220	284	9	7	64	0.1093750
NODE_8126_length_931_cov_1.433894	220	284	11	17	64	0.2656250
NODE_8126_length_931_cov_1.433894	220	284	13	2	64	0.0312500
NODE_8131_length_930_cov_49.052948	252	332	0	80	80	1.0000000
NODE_8131_length_930_cov_49.052948	305	385	0	80	80	1.0000000
NODE_8131_length_930_cov_49.052948	381	462	0	81	81	1.0000000
NODE_8131_length_930_cov_49.052948	435	515	0	80	80	1.0000000
NODE_8132_length_930_cov_31.510229	400	482	0	82	82	1.0000000
NODE_8132_length_930_cov_31.510229	453	535	0	82	82	1.0000000
NODE_8133_length_930_cov_29.139591	329	409	0	80	80	1.0000000
NODE_8133_length_930_cov_29.139591	382	462	0	80	80	1.0000000
NODE_8134_length_930_cov_24.787004	518	598	0	4	80	0.0500000
NODE_8134_length_930_cov_24.787004	518	598	2	76	80	0.9500000
NODE_8134_length_930_cov_24.787004	571	651	0	41	80	0.5125000
NODE_8134_length_930_cov_24.787004	571	651	2	39	80	0.4875000
NODE_8135_length_930_cov_24.608905	300	380	0	63	80	0.7875000
NODE_8135_length_930_cov_24.608905	300	380	2	17	80	0.2125000
NODE_8135_length_930_cov_24.608905	353	433	0	10	80	0.1250000
NODE_8135_length_930_cov_24.608905	353	433	2	30	80	0.3750000
NODE_8135_length_930_cov_24.608905	353	433	3	5	80	0.0625000
NODE_8135_length_930_cov_24.608905	353	433	4	35	80	0.4375000
NODE_8136_length_930_cov_16.494585	482	562	0	80	80	1.0000000
NODE_8136_length_930_cov_16.494585	535	615	0	80	80	1.0000000
NODE_8137_length_930_cov_13.296029	249	329	0	80	80	1.0000000
NODE_8137_length_930_cov_13.296029	302	382	0	80	80	1.0000000
NODE_8137_length_930_cov_13.296029	378	458	0	80	80	1.0000000
NODE_8137_length_930_cov_13.296029	431	511	0	36	80	0.4500000
NODE_8137_length_930_cov_13.296029	431	511	2	44	80	0.5500000
NODE_8138_length_930_cov_11.758123	463	543	0	11	80	0.1375000
NODE_8138_length_930_cov_11.758123	463	543	2	69	80	0.8625000
NODE_8138_length_930_cov_11.758123	516	596	0	11	80	0.1375000
NODE_8138_length_930_cov_11.758123	516	596	2	69	80	0.8625000
NODE_8139_length_930_cov_7.576414	531	611	0	80	80	1.0000000
NODE_8139_length_930_cov_7.576414	584	664	0	80	80	1.0000000
NODE_8156_length_930_cov_0.821901	676	736	0	53	60	0.8833333
NODE_8156_length_930_cov_0.821901	676	736	2	7	60	0.1166667
NODE_8157_length_929_cov_54.485542	313	393	0	3	80	0.0375000
NODE_8157_length_929_cov_54.485542	313	393	1	5	80	0.0625000
NODE_8157_length_929_cov_54.485542	313	393	2	72	80	0.9000000
NODE_8157_length_929_cov_54.485542	366	446	2	80	80	1.0000000
NODE_8157_length_929_cov_54.485542	442	522	0	51	80	0.6375000
NODE_8157_length_929_cov_54.485542	442	522	1	5	80	0.0625000
NODE_8157_length_929_cov_54.485542	442	522	2	24	80	0.3000000
NODE_8157_length_929_cov_54.485542	495	575	0	80	80	1.0000000
NODE_8158_length_929_cov_49.865060	429	509	0	15	80	0.1875000
NODE_8158_length_929_cov_49.865060	429	509	2	32	80	0.4000000
NODE_8158_length_929_cov_49.865060	429	509	4	28	80	0.3500000
NODE_8158_length_929_cov_49.865060	429	509	6	5	80	0.0625000
NODE_8158_length_929_cov_49.865060	482	562	0	12	80	0.1500000
NODE_8158_length_929_cov_49.865060	482	562	4	10	80	0.1250000
NODE_8158_length_929_cov_49.865060	482	562	6	58	80	0.7250000
NODE_8159_length_929_cov_34.634940	358	438	8	18	80	0.2250000
NODE_8159_length_929_cov_34.634940	358	438	10	62	80	0.7750000
NODE_8159_length_929_cov_34.634940	411	491	0	8	80	0.1000000
NODE_8159_length_929_cov_34.634940	411	491	2	32	80	0.4000000
NODE_8159_length_929_cov_34.634940	411	491	8	31	80	0.3875000
NODE_8159_length_929_cov_34.634940	411	491	10	9	80	0.1125000
NODE_8161_length_929_cov_20.815663	365	445	0	80	80	1.0000000
NODE_8161_length_929_cov_20.815663	418	498	0	80	80	1.0000000
NODE_8162_length_929_cov_17.798795	376	456	0	16	80	0.2000000
NODE_8162_length_929_cov_17.798795	376	456	2	64	80	0.8000000
NODE_8162_length_929_cov_17.798795	429	509	0	69	80	0.8625000
NODE_8162_length_929_cov_17.798795	429	509	2	11	80	0.1375000
NODE_8163_length_929_cov_16.622892	331	408	0	77	77	1.0000000
NODE_8163_length_929_cov_16.622892	381	461	0	80	80	1.0000000
NODE_8163_length_929_cov_16.622892	457	537	0	80	80	1.0000000
NODE_8163_length_929_cov_16.622892	510	590	0	80	80	1.0000000
NODE_8164_length_929_cov_15.242169	302	382	2	80	80	1.0000000
NODE_8164_length_929_cov_15.242169	355	435	0	5	80	0.0625000
NODE_8164_length_929_cov_15.242169	355	435	2	75	80	0.9375000
NODE_8164_length_929_cov_15.242169	431	511	2	69	80	0.8625000
NODE_8164_length_929_cov_15.242169	431	511	4	11	80	0.1375000
NODE_8164_length_929_cov_15.242169	484	564	2	69	80	0.8625000
NODE_8164_length_929_cov_15.242169	484	564	4	11	80	0.1375000
NODE_8165_length_929_cov_13.197590	259	339	0	2	80	0.0250000
NODE_8165_length_929_cov_13.197590	259	339	2	78	80	0.9750000
NODE_8165_length_929_cov_13.197590	312	392	0	46	80	0.5750000
NODE_8165_length_929_cov_13.197590	312	392	2	34	80	0.4250000
NODE_8167_length_929_cov_7.766265	385	465	0	80	80	1.0000000
NODE_8167_length_929_cov_7.766265	438	518	0	80	80	1.0000000
NODE_8168_length_929_cov_5.750602	382	462	0	18	80	0.2250000
NODE_8168_length_929_cov_5.750602	382	462	2	62	80	0.7750000
NODE_8168_length_929_cov_5.750602	435	515	0	36	80	0.4500000
NODE_8168_length_929_cov_5.750602	435	515	2	44	80	0.5500000
NODE_8181_length_928_cov_35.226779	273	353	0	80	80	1.0000000
NODE_8181_length_928_cov_35.226779	326	406	0	80	80	1.0000000
NODE_8181_length_928_cov_35.226779	402	482	0	20	80	0.2500000
NODE_8181_length_928_cov_35.226779	402	482	8	1	80	0.0125000
NODE_8181_length_928_cov_35.226779	402	482	9	21	80	0.2625000
NODE_8181_length_928_cov_35.226779	402	482	13	38	80	0.4750000
NODE_8181_length_928_cov_35.226779	455	535	13	80	80	1.0000000
NODE_8182_length_928_cov_25.218335	299	379	3	6	80	0.0750000
NODE_8182_length_928_cov_25.218335	299	379	5	74	80	0.9250000
NODE_8182_length_928_cov_25.218335	352	432	0	6	80	0.0750000
NODE_8182_length_928_cov_25.218335	352	432	2	7	80	0.0875000
NODE_8182_length_928_cov_25.218335	352	432	3	21	80	0.2625000
NODE_8182_length_928_cov_25.218335	352	432	4	1	80	0.0125000
NODE_8182_length_928_cov_25.218335	352	432	5	45	80	0.5625000
NODE_8183_length_928_cov_22.815440	342	422	0	22	80	0.2750000
NODE_8183_length_928_cov_22.815440	342	422	2	58	80	0.7250000
NODE_8183_length_928_cov_22.815440	395	475	0	39	80	0.4875000
NODE_8183_length_928_cov_22.815440	395	475	2	41	80	0.5125000
NODE_8183_length_928_cov_22.815440	471	551	0	80	80	1.0000000
NODE_8183_length_928_cov_22.815440	524	604	0	80	80	1.0000000
NODE_8184_length_928_cov_20.718938	365	445	0	14	80	0.1750000
NODE_8184_length_928_cov_20.718938	365	445	2	64	80	0.8000000
NODE_8184_length_928_cov_20.718938	365	445	4	2	80	0.0250000
NODE_8184_length_928_cov_20.718938	418	498	2	50	80	0.6250000
NODE_8184_length_928_cov_20.718938	418	498	4	30	80	0.3750000
NODE_8185_length_928_cov_19.418577	420	500	4	47	80	0.5875000
NODE_8185_length_928_cov_19.418577	420	500	6	9	80	0.1125000
NODE_8185_length_928_cov_19.418577	420	500	8	24	80	0.3000000
NODE_8185_length_928_cov_19.418577	473	553	4	41	80	0.5125000
NODE_8185_length_928_cov_19.418577	473	553	6	21	80	0.2625000
NODE_8185_length_928_cov_19.418577	473	553	8	18	80	0.2250000
NODE_8185_length_928_cov_19.418577	549	591	4	6	42	0.1428571
NODE_8185_length_928_cov_19.418577	549	591	6	23	42	0.5476190
NODE_8185_length_928_cov_19.418577	549	591	8	13	42	0.3095238
NODE_8186_length_928_cov_13.354644	323	403	0	15	80	0.1875000
NODE_8186_length_928_cov_13.354644	323	403	4	65	80	0.8125000
NODE_8186_length_928_cov_13.354644	376	456	2	14	80	0.1750000
NODE_8186_length_928_cov_13.354644	376	456	3	10	80	0.1250000
NODE_8186_length_928_cov_13.354644	376	456	4	34	80	0.4250000
NODE_8186_length_928_cov_13.354644	376	456	6	22	80	0.2750000
NODE_8187_length_928_cov_13.096502	361	441	0	7	80	0.0875000
NODE_8187_length_928_cov_13.096502	361	441	3	1	80	0.0125000
NODE_8187_length_928_cov_13.096502	361	441	4	35	80	0.4375000
NODE_8187_length_928_cov_13.096502	361	441	10	20	80	0.2500000
NODE_8187_length_928_cov_13.096502	361	441	12	17	80	0.2125000
NODE_8187_length_928_cov_13.096502	414	494	2	5	80	0.0625000
NODE_8187_length_928_cov_13.096502	414	494	8	25	80	0.3125000
NODE_8187_length_928_cov_13.096502	414	494	10	10	80	0.1250000
NODE_8187_length_928_cov_13.096502	414	494	12	40	80	0.5000000
NODE_8189_length_928_cov_10.399276	447	527	0	80	80	1.0000000
NODE_8189_length_928_cov_10.399276	500	580	0	51	80	0.6375000
NODE_8189_length_928_cov_10.399276	500	580	4	29	80	0.3625000
NODE_8207_length_927_cov_19.516908	398	478	5	15	80	0.1875000
NODE_8207_length_927_cov_19.516908	398	478	6	3	80	0.0375000
NODE_8207_length_927_cov_19.516908	398	478	7	14	80	0.1750000
NODE_8207_length_927_cov_19.516908	398	478	9	8	80	0.1000000
NODE_8207_length_927_cov_19.516908	398	478	11	40	80	0.5000000
NODE_8207_length_927_cov_19.516908	451	531	0	36	80	0.4500000
NODE_8207_length_927_cov_19.516908	451	531	2	5	80	0.0625000
NODE_8207_length_927_cov_19.516908	451	531	5	27	80	0.3375000
NODE_8207_length_927_cov_19.516908	451	531	7	12	80	0.1500000
NODE_8208_length_927_cov_11.190821	358	438	2	80	80	1.0000000
NODE_8208_length_927_cov_11.190821	411	491	0	44	80	0.5500000
NODE_8208_length_927_cov_11.190821	411	491	2	36	80	0.4500000
NODE_8209_length_927_cov_8.123188	239	319	0	80	80	1.0000000
NODE_8209_length_927_cov_8.123188	292	372	0	80	80	1.0000000
NODE_8210_length_927_cov_4.585749	515	595	0	80	80	1.0000000
NODE_8210_length_927_cov_4.585749	568	648	0	80	80	1.0000000
NODE_8222_length_927_cov_1.250000	626	706	0	18	80	0.2250000
NODE_8222_length_927_cov_1.250000	626	706	4	62	80	0.7750000
NODE_8222_length_927_cov_1.250000	679	759	0	36	80	0.4500000
NODE_8222_length_927_cov_1.250000	679	759	4	44	80	0.5500000
NODE_8227_length_926_cov_78.382104	433	513	0	34	80	0.4250000
NODE_8227_length_926_cov_78.382104	433	513	2	46	80	0.5750000
NODE_8227_length_926_cov_78.382104	486	566	0	13	80	0.1625000
NODE_8227_length_926_cov_78.382104	486	566	2	67	80	0.8375000
NODE_8228_length_926_cov_44.385732	383	463	14	80	80	1.0000000
NODE_8228_length_926_cov_44.385732	436	516	0	46	80	0.5750000
NODE_8228_length_926_cov_44.385732	436	516	14	34	80	0.4250000
NODE_8229_length_926_cov_43.446191	362	442	0	80	80	1.0000000
NODE_8229_length_926_cov_43.446191	415	495	0	66	80	0.8250000
NODE_8229_length_926_cov_43.446191	415	495	2	14	80	0.1750000
NODE_8229_length_926_cov_43.446191	491	571	2	80	80	1.0000000
NODE_8229_length_926_cov_43.446191	544	624	0	38	80	0.4750000
NODE_8229_length_926_cov_43.446191	544	624	2	42	80	0.5250000
NODE_8230_length_926_cov_40.163241	42	61	0	10	19	0.5263158
NODE_8230_length_926_cov_40.163241	42	61	2	9	19	0.4736842
NODE_8230_length_926_cov_40.163241	279	359	6	28	80	0.3500000
NODE_8230_length_926_cov_40.163241	279	359	8	52	80	0.6500000
NODE_8230_length_926_cov_40.163241	332	412	0	28	80	0.3500000
NODE_8230_length_926_cov_40.163241	332	412	2	21	80	0.2625000
NODE_8230_length_926_cov_40.163241	332	412	8	31	80	0.3875000
NODE_8230_length_926_cov_40.163241	408	488	0	23	80	0.2875000
NODE_8230_length_926_cov_40.163241	408	488	2	7	80	0.0875000
NODE_8230_length_926_cov_40.163241	408	488	4	2	80	0.0250000
NODE_8230_length_926_cov_40.163241	408	488	5	21	80	0.2625000
NODE_8230_length_926_cov_40.163241	408	488	6	27	80	0.3375000
NODE_8230_length_926_cov_40.163241	461	541	4	27	80	0.3375000
NODE_8230_length_926_cov_40.163241	461	541	6	53	80	0.6625000
NODE_8231_length_926_cov_29.923821	372	452	0	12	80	0.1500000
NODE_8231_length_926_cov_29.923821	372	452	2	6	80	0.0750000
NODE_8231_length_926_cov_29.923821	372	452	5	2	80	0.0250000
NODE_8231_length_926_cov_29.923821	372	452	6	2	80	0.0250000
NODE_8231_length_926_cov_29.923821	372	452	20	58	80	0.7250000
NODE_8231_length_926_cov_29.923821	425	505	6	3	80	0.0375000
NODE_8231_length_926_cov_29.923821	425	505	16	12	80	0.1500000
NODE_8231_length_926_cov_29.923821	425	505	20	65	80	0.8125000
NODE_8232_length_926_cov_24.657799	350	430	0	6	80	0.0750000
NODE_8232_length_926_cov_24.657799	350	430	4	4	80	0.0500000
NODE_8232_length_926_cov_24.657799	350	430	6	70	80	0.8750000
NODE_8232_length_926_cov_24.657799	403	483	0	19	80	0.2375000
NODE_8232_length_926_cov_24.657799	403	483	4	11	80	0.1375000
NODE_8232_length_926_cov_24.657799	403	483	6	50	80	0.6250000
NODE_8233_length_926_cov_17.438936	360	440	0	19	80	0.2375000
NODE_8233_length_926_cov_17.438936	360	440	2	32	80	0.4000000
NODE_8233_length_926_cov_17.438936	360	440	10	29	80	0.3625000
NODE_8233_length_926_cov_17.438936	413	493	0	4	80	0.0500000
NODE_8233_length_926_cov_17.438936	413	493	7	1	80	0.0125000
NODE_8233_length_926_cov_17.438936	413	493	8	2	80	0.0250000
NODE_8233_length_926_cov_17.438936	413	493	10	73	80	0.9125000
NODE_8234_length_926_cov_12.413543	418	491	2	55	73	0.7534246
NODE_8234_length_926_cov_12.413543	418	491	3	1	73	0.0136986
NODE_8234_length_926_cov_12.413543	418	491	4	17	73	0.2328767
NODE_8234_length_926_cov_12.413543	464	544	2	9	80	0.1125000
NODE_8234_length_926_cov_12.413543	464	544	3	1	80	0.0125000
NODE_8234_length_926_cov_12.413543	464	544	4	54	80	0.6750000
NODE_8234_length_926_cov_12.413543	464	544	8	10	80	0.1250000
NODE_8234_length_926_cov_12.413543	464	544	10	6	80	0.0750000
NODE_8235_length_926_cov_5.771463	453	533	0	27	80	0.3375000
NODE_8235_length_926_cov_5.771463	453	533	2	53	80	0.6625000
NODE_8235_length_926_cov_5.771463	505	586	0	5	81	0.0617284
NODE_8235_length_926_cov_5.771463	505	586	2	76	81	0.9382716
NODE_8236_length_926_cov_5.209190	435	515	0	30	80	0.3750000
NODE_8236_length_926_cov_5.209190	435	515	2	50	80	0.6250000
NODE_8236_length_926_cov_5.209190	488	568	2	80	80	1.0000000
NODE_8247_length_925_cov_40.767554	514	594	2	80	80	1.0000000
NODE_8247_length_925_cov_40.767554	567	647	0	37	80	0.4625000
NODE_8247_length_925_cov_40.767554	567	647	2	43	80	0.5375000
NODE_8248_length_925_cov_30.226392	262	342	4	13	80	0.1625000
NODE_8248_length_925_cov_30.226392	262	342	6	28	80	0.3500000
NODE_8248_length_925_cov_30.226392	262	342	10	39	80	0.4875000
NODE_8248_length_925_cov_30.226392	315	395	0	24	80	0.3000000
NODE_8248_length_925_cov_30.226392	315	395	2	22	80	0.2750000
NODE_8248_length_925_cov_30.226392	315	395	6	24	80	0.3000000
NODE_8248_length_925_cov_30.226392	315	395	10	10	80	0.1250000
NODE_8248_length_925_cov_30.226392	391	471	0	80	80	1.0000000
NODE_8248_length_925_cov_30.226392	444	524	0	80	80	1.0000000
NODE_8249_length_925_cov_22.075061	334	414	6	14	80	0.1750000
NODE_8249_length_925_cov_22.075061	334	414	8	30	80	0.3750000
NODE_8249_length_925_cov_22.075061	334	414	12	18	80	0.2250000
NODE_8249_length_925_cov_22.075061	334	414	14	18	80	0.2250000
NODE_8249_length_925_cov_22.075061	387	467	6	10	80	0.1250000
NODE_8249_length_925_cov_22.075061	387	467	8	12	80	0.1500000
NODE_8249_length_925_cov_22.075061	387	467	12	49	80	0.6125000
NODE_8249_length_925_cov_22.075061	387	467	14	9	80	0.1125000
NODE_8250_length_925_cov_18.164649	410	490	2	36	80	0.4500000
NODE_8250_length_925_cov_18.164649	410	490	4	44	80	0.5500000
NODE_8250_length_925_cov_18.164649	464	543	0	10	79	0.1265823
NODE_8250_length_925_cov_18.164649	464	543	2	43	79	0.5443038
NODE_8250_length_925_cov_18.164649	464	543	4	26	79	0.3291139
NODE_8251_length_925_cov_14.067797	472	548	0	3	76	0.0394737
NODE_8251_length_925_cov_14.067797	472	548	2	6	76	0.0789474
NODE_8251_length_925_cov_14.067797	472	548	4	25	76	0.3289474
NODE_8251_length_925_cov_14.067797	472	548	6	42	76	0.5526316
NODE_8251_length_925_cov_14.067797	525	601	0	35	76	0.4605263
NODE_8251_length_925_cov_14.067797	525	601	2	24	76	0.3157895
NODE_8251_length_925_cov_14.067797	525	601	6	17	76	0.2236842
NODE_8252_length_925_cov_7.098063	418	498	0	80	80	1.0000000
NODE_8252_length_925_cov_7.098063	471	551	0	80	80	1.0000000
NODE_8266_length_924_cov_61.292121	397	477	2	11	80	0.1375000
NODE_8266_length_924_cov_61.292121	397	477	5	41	80	0.5125000
NODE_8266_length_924_cov_61.292121	397	477	6	4	80	0.0500000
NODE_8266_length_924_cov_61.292121	397	477	7	24	80	0.3000000
NODE_8266_length_924_cov_61.292121	450	530	5	80	80	1.0000000
NODE_8267_length_924_cov_31.522424	375	455	0	48	80	0.6000000
NODE_8267_length_924_cov_31.522424	375	455	2	32	80	0.4000000
NODE_8267_length_924_cov_31.522424	428	508	0	80	80	1.0000000
NODE_8268_length_924_cov_30.446061	299	379	6	80	80	1.0000000
NODE_8268_length_924_cov_30.446061	352	432	0	25	80	0.3125000
NODE_8268_length_924_cov_30.446061	352	432	6	55	80	0.6875000
NODE_8268_length_924_cov_30.446061	428	508	0	80	80	1.0000000
NODE_8268_length_924_cov_30.446061	481	561	0	80	80	1.0000000
NODE_8269_length_924_cov_28.877576	542	622	0	38	80	0.4750000
NODE_8269_length_924_cov_28.877576	542	622	1	19	80	0.2375000
NODE_8269_length_924_cov_28.877576	542	622	2	23	80	0.2875000
NODE_8269_length_924_cov_28.877576	595	675	0	22	80	0.2750000
NODE_8269_length_924_cov_28.877576	595	675	1	1	80	0.0125000
NODE_8269_length_924_cov_28.877576	595	675	2	57	80	0.7125000
NODE_8270_length_924_cov_27.261818	506	586	0	46	80	0.5750000
NODE_8270_length_924_cov_27.261818	506	586	2	23	80	0.2875000
NODE_8270_length_924_cov_27.261818	506	586	4	11	80	0.1375000
NODE_8270_length_924_cov_27.261818	559	639	2	16	80	0.2000000
NODE_8270_length_924_cov_27.261818	559	639	4	64	80	0.8000000
NODE_8271_length_924_cov_25.946667	371	451	0	23	80	0.2875000
NODE_8271_length_924_cov_25.946667	371	451	2	57	80	0.7125000
NODE_8271_length_924_cov_25.946667	424	504	0	29	80	0.3625000
NODE_8271_length_924_cov_25.946667	424	504	2	51	80	0.6375000
NODE_8271_length_924_cov_25.946667	500	580	0	80	80	1.0000000
NODE_8271_length_924_cov_25.946667	553	633	0	80	80	1.0000000
NODE_8272_length_924_cov_25.113939	305	385	2	80	80	1.0000000
NODE_8272_length_924_cov_25.113939	358	438	0	35	80	0.4375000
NODE_8272_length_924_cov_25.113939	358	438	2	45	80	0.5625000
NODE_8272_length_924_cov_25.113939	434	514	0	8	80	0.1000000
NODE_8272_length_924_cov_25.113939	434	514	2	72	80	0.9000000
NODE_8272_length_924_cov_25.113939	487	567	0	61	80	0.7625000
NODE_8272_length_924_cov_25.113939	487	567	2	19	80	0.2375000
NODE_8273_length_924_cov_16.343030	481	561	0	80	80	1.0000000
NODE_8273_length_924_cov_16.343030	534	614	0	80	80	1.0000000
NODE_8274_length_924_cov_14.793939	299	379	0	80	80	1.0000000
NODE_8274_length_924_cov_14.793939	352	432	0	80	80	1.0000000
NODE_8275_length_924_cov_14.209697	485	562	0	77	77	1.0000000
NODE_8275_length_924_cov_14.209697	535	615	0	80	80	1.0000000
NODE_8276_length_924_cov_13.423030	287	367	0	80	80	1.0000000
NODE_8276_length_924_cov_13.423030	340	420	0	80	80	1.0000000
NODE_8277_length_924_cov_12.008485	237	307	0	70	70	1.0000000
NODE_8279_length_924_cov_8.619394	560	640	0	80	80	1.0000000
NODE_8279_length_924_cov_8.619394	613	693	0	80	80	1.0000000
NODE_8280_length_924_cov_4.640000	426	506	0	50	80	0.6250000
NODE_8280_length_924_cov_4.640000	426	506	2	14	80	0.1750000
NODE_8280_length_924_cov_4.640000	426	506	4	16	80	0.2000000
NODE_8280_length_924_cov_4.640000	479	559	2	11	80	0.1375000
NODE_8280_length_924_cov_4.640000	479	559	4	69	80	0.8625000
NODE_8290_length_924_cov_1.467879	352	381	0	29	29	1.0000000
NODE_8296_length_924_cov_0.648485	830	890	0	60	60	1.0000000
NODE_8296_length_924_cov_0.648485	863	924	0	61	61	1.0000000
NODE_8297_length_923_cov_43.213592	371	451	0	27	80	0.3375000
NODE_8297_length_923_cov_43.213592	371	451	2	21	80	0.2625000
NODE_8297_length_923_cov_43.213592	371	451	4	32	80	0.4000000
NODE_8297_length_923_cov_43.213592	424	504	2	23	80	0.2875000
NODE_8297_length_923_cov_43.213592	424	504	4	57	80	0.7125000
NODE_8297_length_923_cov_43.213592	500	580	0	67	80	0.8375000
NODE_8297_length_923_cov_43.213592	500	580	2	13	80	0.1625000
NODE_8297_length_923_cov_43.213592	553	633	0	80	80	1.0000000
NODE_8298_length_923_cov_34.108010	370	450	0	6	80	0.0750000
NODE_8298_length_923_cov_34.108010	370	450	2	74	80	0.9250000
NODE_8298_length_923_cov_34.108010	423	503	0	21	80	0.2625000
NODE_8298_length_923_cov_34.108010	423	503	2	59	80	0.7375000
NODE_8299_length_923_cov_29.163835	392	472	4	80	80	1.0000000
NODE_8299_length_923_cov_29.163835	445	525	4	80	80	1.0000000
NODE_8300_length_923_cov_19.139563	375	455	0	80	80	1.0000000
NODE_8300_length_923_cov_19.139563	428	508	0	80	80	1.0000000
NODE_8301_length_923_cov_17.433252	512	592	0	16	80	0.2000000
NODE_8301_length_923_cov_17.433252	512	592	2	64	80	0.8000000
NODE_8301_length_923_cov_17.433252	565	645	0	2	80	0.0250000
NODE_8301_length_923_cov_17.433252	565	645	1	1	80	0.0125000
NODE_8301_length_923_cov_17.433252	565	645	2	77	80	0.9625000
NODE_8302_length_923_cov_16.597087	279	359	0	53	80	0.6625000
NODE_8302_length_923_cov_16.597087	279	359	2	27	80	0.3375000
NODE_8302_length_923_cov_16.597087	332	412	0	11	80	0.1375000
NODE_8302_length_923_cov_16.597087	332	412	2	69	80	0.8625000
NODE_8303_length_923_cov_15.229369	446	526	0	80	80	1.0000000
NODE_8303_length_923_cov_15.229369	499	579	0	80	80	1.0000000
NODE_8304_length_923_cov_14.007282	304	349	0	45	45	1.0000000
NODE_8304_length_923_cov_14.007282	345	427	0	82	82	1.0000000
NODE_8304_length_923_cov_14.007282	397	480	0	83	83	1.0000000
NODE_8305_length_923_cov_6.500000	308	388	0	34	80	0.4250000
NODE_8305_length_923_cov_6.500000	308	388	4	46	80	0.5750000
NODE_8305_length_923_cov_6.500000	361	441	4	80	80	1.0000000
NODE_8307_length_923_cov_6.115291	447	527	0	80	80	1.0000000
NODE_8307_length_923_cov_6.115291	500	580	0	80	80	1.0000000
NODE_8308_length_923_cov_5.351942	363	445	0	82	82	1.0000000
NODE_8308_length_923_cov_5.351942	365	445	0	80	80	1.0000000
NODE_8317_length_923_cov_1.059466	63	143	0	80	80	1.0000000
NODE_8320_length_922_cov_40.331713	243	289	68	3	46	0.0652174
NODE_8320_length_922_cov_40.331713	243	289	75	2	46	0.0434783
NODE_8320_length_922_cov_40.331713	243	289	77	1	46	0.0217391
NODE_8320_length_922_cov_40.331713	243	289	78	2	46	0.0434783
NODE_8320_length_922_cov_40.331713	243	289	79	2	46	0.0434783
NODE_8320_length_922_cov_40.331713	243	289	80	1	46	0.0217391
NODE_8320_length_922_cov_40.331713	243	289	81	1	46	0.0217391
NODE_8320_length_922_cov_40.331713	243	289	83	1	46	0.0217391
NODE_8320_length_922_cov_40.331713	243	289	85	1	46	0.0217391
NODE_8320_length_922_cov_40.331713	243	289	87	2	46	0.0434783
NODE_8320_length_922_cov_40.331713	243	289	88	2	46	0.0434783
NODE_8320_length_922_cov_40.331713	243	289	92	1	46	0.0217391
NODE_8320_length_922_cov_40.331713	243	289	93	3	46	0.0652174
NODE_8320_length_922_cov_40.331713	243	289	94	2	46	0.0434783
NODE_8320_length_922_cov_40.331713	243	289	95	1	46	0.0217391
NODE_8320_length_922_cov_40.331713	243	289	97	1	46	0.0217391
NODE_8320_length_922_cov_40.331713	243	289	99	1	46	0.0217391
NODE_8320_length_922_cov_40.331713	243	289	100	1	46	0.0217391
NODE_8320_length_922_cov_40.331713	243	289	102	2	46	0.0434783
NODE_8320_length_922_cov_40.331713	243	289	103	2	46	0.0434783
NODE_8320_length_922_cov_40.331713	243	289	105	1	46	0.0217391
NODE_8320_length_922_cov_40.331713	243	289	107	1	46	0.0217391
NODE_8320_length_922_cov_40.331713	243	289	109	1	46	0.0217391
NODE_8320_length_922_cov_40.331713	243	289	111	2	46	0.0434783
NODE_8320_length_922_cov_40.331713	243	289	112	2	46	0.0434783
NODE_8320_length_922_cov_40.331713	243	289	113	1	46	0.0217391
NODE_8320_length_922_cov_40.331713	243	289	114	3	46	0.0652174
NODE_8320_length_922_cov_40.331713	243	289	115	2	46	0.0434783
NODE_8320_length_922_cov_40.331713	243	289	116	1	46	0.0217391
NODE_8320_length_922_cov_40.331713	262	342	68	3	80	0.0375000
NODE_8320_length_922_cov_40.331713	262	342	75	2	80	0.0250000
NODE_8320_length_922_cov_40.331713	262	342	77	1	80	0.0125000
NODE_8320_length_922_cov_40.331713	262	342	78	2	80	0.0250000
NODE_8320_length_922_cov_40.331713	262	342	79	2	80	0.0250000
NODE_8320_length_922_cov_40.331713	262	342	80	1	80	0.0125000
NODE_8320_length_922_cov_40.331713	262	342	81	1	80	0.0125000
NODE_8320_length_922_cov_40.331713	262	342	83	1	80	0.0125000
NODE_8320_length_922_cov_40.331713	262	342	85	1	80	0.0125000
NODE_8320_length_922_cov_40.331713	262	342	87	2	80	0.0250000
NODE_8320_length_922_cov_40.331713	262	342	88	2	80	0.0250000
NODE_8320_length_922_cov_40.331713	262	342	92	1	80	0.0125000
NODE_8320_length_922_cov_40.331713	262	342	93	2	80	0.0250000
NODE_8320_length_922_cov_40.331713	262	342	94	2	80	0.0250000
NODE_8320_length_922_cov_40.331713	262	342	97	1	80	0.0125000
NODE_8320_length_922_cov_40.331713	262	342	100	1	80	0.0125000
NODE_8320_length_922_cov_40.331713	262	342	102	2	80	0.0250000
NODE_8320_length_922_cov_40.331713	262	342	108	1	80	0.0125000
NODE_8320_length_922_cov_40.331713	262	342	109	1	80	0.0125000
NODE_8320_length_922_cov_40.331713	262	342	110	1	80	0.0125000
NODE_8320_length_922_cov_40.331713	262	342	117	3	80	0.0375000
NODE_8320_length_922_cov_40.331713	262	342	119	1	80	0.0125000
NODE_8320_length_922_cov_40.331713	262	342	125	1	80	0.0125000
NODE_8320_length_922_cov_40.331713	262	342	137	1	80	0.0125000
NODE_8320_length_922_cov_40.331713	262	342	143	1	80	0.0125000
NODE_8320_length_922_cov_40.331713	262	342	144	1	80	0.0125000
NODE_8320_length_922_cov_40.331713	262	342	148	1	80	0.0125000
NODE_8320_length_922_cov_40.331713	262	342	149	1	80	0.0125000
NODE_8320_length_922_cov_40.331713	262	342	150	1	80	0.0125000
NODE_8320_length_922_cov_40.331713	262	342	151	1	80	0.0125000
NODE_8320_length_922_cov_40.331713	262	342	153	1	80	0.0125000
NODE_8320_length_922_cov_40.331713	262	342	157	1	80	0.0125000
NODE_8320_length_922_cov_40.331713	262	342	159	2	80	0.0250000
NODE_8320_length_922_cov_40.331713	262	342	173	1	80	0.0125000
NODE_8320_length_922_cov_40.331713	262	342	177	1	80	0.0125000
NODE_8320_length_922_cov_40.331713	262	342	183	1	80	0.0125000
NODE_8320_length_922_cov_40.331713	262	342	192	1	80	0.0125000
NODE_8320_length_922_cov_40.331713	262	342	196	1	80	0.0125000
NODE_8320_length_922_cov_40.331713	262	342	199	1	80	0.0125000
NODE_8320_length_922_cov_40.331713	262	342	203	1	80	0.0125000
NODE_8320_length_922_cov_40.331713	262	342	206	1	80	0.0125000
NODE_8320_length_922_cov_40.331713	262	342	208	1	80	0.0125000
NODE_8320_length_922_cov_40.331713	262	342	221	1	80	0.0125000
NODE_8320_length_922_cov_40.331713	262	342	234	1	80	0.0125000
NODE_8320_length_922_cov_40.331713	262	342	252	1	80	0.0125000
NODE_8320_length_922_cov_40.331713	262	342	258	1	80	0.0125000
NODE_8320_length_922_cov_40.331713	262	342	278	1	80	0.0125000
NODE_8320_length_922_cov_40.331713	262	342	286	3	80	0.0375000
NODE_8320_length_922_cov_40.331713	262	342	294	1	80	0.0125000
NODE_8320_length_922_cov_40.331713	262	342	301	4	80	0.0500000
NODE_8320_length_922_cov_40.331713	262	342	303	1	80	0.0125000
NODE_8320_length_922_cov_40.331713	262	342	305	1	80	0.0125000
NODE_8320_length_922_cov_40.331713	262	342	311	1	80	0.0125000
NODE_8320_length_922_cov_40.331713	262	342	312	1	80	0.0125000
NODE_8320_length_922_cov_40.331713	262	342	318	1	80	0.0125000
NODE_8320_length_922_cov_40.331713	262	342	325	1	80	0.0125000
NODE_8320_length_922_cov_40.331713	262	342	329	1	80	0.0125000
NODE_8320_length_922_cov_40.331713	262	342	335	1	80	0.0125000
NODE_8320_length_922_cov_40.331713	262	342	336	1	80	0.0125000
NODE_8320_length_922_cov_40.331713	262	342	347	1	80	0.0125000
NODE_8320_length_922_cov_40.331713	262	342	357	1	80	0.0125000
NODE_8320_length_922_cov_40.331713	262	342	363	1	80	0.0125000
NODE_8320_length_922_cov_40.331713	780	860	0	80	80	1.0000000
NODE_8320_length_922_cov_40.331713	833	913	0	80	80	1.0000000
NODE_8321_length_922_cov_38.549210	126	177	127	1	51	0.0196078
NODE_8321_length_922_cov_38.549210	126	177	130	1	51	0.0196078
NODE_8321_length_922_cov_38.549210	126	177	144	1	51	0.0196078
NODE_8321_length_922_cov_38.549210	126	177	156	1	51	0.0196078
NODE_8321_length_922_cov_38.549210	126	177	171	1	51	0.0196078
NODE_8321_length_922_cov_38.549210	126	177	173	1	51	0.0196078
NODE_8321_length_922_cov_38.549210	126	177	174	1	51	0.0196078
NODE_8321_length_922_cov_38.549210	126	177	176	1	51	0.0196078
NODE_8321_length_922_cov_38.549210	126	177	178	1	51	0.0196078
NODE_8321_length_922_cov_38.549210	126	177	184	1	51	0.0196078
NODE_8321_length_922_cov_38.549210	126	177	186	2	51	0.0392157
NODE_8321_length_922_cov_38.549210	126	177	207	1	51	0.0196078
NODE_8321_length_922_cov_38.549210	126	177	215	1	51	0.0196078
NODE_8321_length_922_cov_38.549210	126	177	219	1	51	0.0196078
NODE_8321_length_922_cov_38.549210	126	177	224	2	51	0.0392157
NODE_8321_length_922_cov_38.549210	126	177	234	1	51	0.0196078
NODE_8321_length_922_cov_38.549210	126	177	238	1	51	0.0196078
NODE_8321_length_922_cov_38.549210	126	177	250	1	51	0.0196078
NODE_8321_length_922_cov_38.549210	126	177	252	3	51	0.0588235
NODE_8321_length_922_cov_38.549210	126	177	258	1	51	0.0196078
NODE_8321_length_922_cov_38.549210	126	177	259	3	51	0.0588235
NODE_8321_length_922_cov_38.549210	126	177	263	1	51	0.0196078
NODE_8321_length_922_cov_38.549210	126	177	268	1	51	0.0196078
NODE_8321_length_922_cov_38.549210	126	177	275	1	51	0.0196078
NODE_8321_length_922_cov_38.549210	126	177	281	2	51	0.0392157
NODE_8321_length_922_cov_38.549210	126	177	284	2	51	0.0392157
NODE_8321_length_922_cov_38.549210	126	177	297	2	51	0.0392157
NODE_8321_length_922_cov_38.549210	126	177	301	1	51	0.0196078
NODE_8321_length_922_cov_38.549210	126	177	303	2	51	0.0392157
NODE_8321_length_922_cov_38.549210	126	177	307	1	51	0.0196078
NODE_8321_length_922_cov_38.549210	126	177	308	2	51	0.0392157
NODE_8321_length_922_cov_38.549210	126	177	312	2	51	0.0392157
NODE_8321_length_922_cov_38.549210	126	177	314	2	51	0.0392157
NODE_8321_length_922_cov_38.549210	126	177	315	1	51	0.0196078
NODE_8321_length_922_cov_38.549210	126	177	317	1	51	0.0196078
NODE_8321_length_922_cov_38.549210	126	177	330	1	51	0.0196078
NODE_8321_length_922_cov_38.549210	126	177	341	1	51	0.0196078
NODE_8321_length_922_cov_38.549210	126	177	345	1	51	0.0196078
NODE_8321_length_922_cov_38.549210	308	383	0	75	75	1.0000000
NODE_8321_length_922_cov_38.549210	356	393	0	37	37	1.0000000
NODE_8321_length_922_cov_38.549210	818	898	0	80	80	1.0000000
NODE_8321_length_922_cov_38.549210	871	908	0	37	37	1.0000000
NODE_8322_length_922_cov_35.041312	385	465	0	65	80	0.8125000
NODE_8322_length_922_cov_35.041312	385	465	2	15	80	0.1875000
NODE_8322_length_922_cov_35.041312	438	518	0	12	80	0.1500000
NODE_8322_length_922_cov_35.041312	438	518	2	68	80	0.8500000
NODE_8323_length_922_cov_30.749696	426	506	4	25	80	0.3125000
NODE_8323_length_922_cov_30.749696	426	506	6	6	80	0.0750000
NODE_8323_length_922_cov_30.749696	426	506	8	49	80	0.6125000
NODE_8323_length_922_cov_30.749696	479	559	0	2	80	0.0250000
NODE_8323_length_922_cov_30.749696	479	559	2	48	80	0.6000000
NODE_8323_length_922_cov_30.749696	479	559	4	13	80	0.1625000
NODE_8323_length_922_cov_30.749696	479	559	8	17	80	0.2125000
NODE_8324_length_922_cov_25.558931	291	370	0	17	79	0.2151899
NODE_8324_length_922_cov_25.558931	291	370	2	21	79	0.2658228
NODE_8324_length_922_cov_25.558931	291	370	4	32	79	0.4050633
NODE_8324_length_922_cov_25.558931	291	370	6	9	79	0.1139240
NODE_8324_length_922_cov_25.558931	344	423	0	70	79	0.8860760
NODE_8324_length_922_cov_25.558931	344	423	2	9	79	0.1139240
NODE_8325_length_922_cov_25.527339	391	471	0	19	80	0.2375000
NODE_8325_length_922_cov_25.527339	391	471	2	61	80	0.7625000
NODE_8325_length_922_cov_25.527339	444	524	0	72	80	0.9000000
NODE_8325_length_922_cov_25.527339	444	524	2	8	80	0.1000000
NODE_8326_length_922_cov_23.630620	224	304	0	33	80	0.4125000
NODE_8326_length_922_cov_23.630620	224	304	2	47	80	0.5875000
NODE_8326_length_922_cov_23.630620	277	357	2	80	80	1.0000000
NODE_8326_length_922_cov_23.630620	353	433	0	51	80	0.6375000
NODE_8326_length_922_cov_23.630620	353	433	2	29	80	0.3625000
NODE_8326_length_922_cov_23.630620	406	486	0	80	80	1.0000000
NODE_8327_length_922_cov_22.388821	465	545	0	80	80	1.0000000
NODE_8327_length_922_cov_22.388821	518	598	0	80	80	1.0000000
NODE_8328_length_922_cov_20.320778	421	501	0	26	80	0.3250000
NODE_8328_length_922_cov_20.320778	421	501	2	54	80	0.6750000
NODE_8328_length_922_cov_20.320778	474	554	2	30	80	0.3750000
NODE_8328_length_922_cov_20.320778	474	554	6	50	80	0.6250000
NODE_8329_length_922_cov_17.645200	413	479	0	66	66	1.0000000
NODE_8330_length_922_cov_12.574727	454	534	0	73	80	0.9125000
NODE_8330_length_922_cov_12.574727	454	534	7	1	80	0.0125000
NODE_8330_length_922_cov_12.574727	454	534	8	6	80	0.0750000
NODE_8330_length_922_cov_12.574727	507	587	0	20	80	0.2500000
NODE_8330_length_922_cov_12.574727	507	587	7	1	80	0.0125000
NODE_8330_length_922_cov_12.574727	507	587	8	44	80	0.5500000
NODE_8330_length_922_cov_12.574727	507	587	10	15	80	0.1875000
NODE_8331_length_922_cov_11.934386	255	335	0	80	80	1.0000000
NODE_8331_length_922_cov_11.934386	308	388	0	80	80	1.0000000
NODE_8332_length_922_cov_11.068044	423	503	0	32	80	0.4000000
NODE_8332_length_922_cov_11.068044	423	503	4	48	80	0.6000000
NODE_8332_length_922_cov_11.068044	476	557	0	30	81	0.3703704
NODE_8332_length_922_cov_11.068044	476	557	4	51	81	0.6296296
NODE_8333_length_922_cov_7.907655	441	521	0	23	80	0.2875000
NODE_8333_length_922_cov_7.907655	441	521	2	57	80	0.7125000
NODE_8333_length_922_cov_7.907655	494	574	0	26	80	0.3250000
NODE_8333_length_922_cov_7.907655	494	574	2	54	80	0.6750000
NODE_8334_length_922_cov_7.737546	463	543	0	19	80	0.2375000
NODE_8334_length_922_cov_7.737546	463	543	2	31	80	0.3875000
NODE_8334_length_922_cov_7.737546	463	543	4	30	80	0.3750000
NODE_8334_length_922_cov_7.737546	516	596	0	16	80	0.2000000
NODE_8334_length_922_cov_7.737546	516	596	2	12	80	0.1500000
NODE_8334_length_922_cov_7.737546	516	596	3	1	80	0.0125000
NODE_8334_length_922_cov_7.737546	516	596	4	51	80	0.6375000
NODE_8335_length_922_cov_7.241798	298	378	0	80	80	1.0000000
NODE_8335_length_922_cov_7.241798	351	431	0	80	80	1.0000000
NODE_8347_length_921_cov_21.317518	457	537	0	80	80	1.0000000
NODE_8347_length_921_cov_21.317518	510	590	0	80	80	1.0000000
NODE_8348_length_921_cov_18.462287	519	599	0	80	80	1.0000000
NODE_8348_length_921_cov_18.462287	572	652	0	80	80	1.0000000
NODE_8349_length_921_cov_15.440389	373	453	0	52	80	0.6500000
NODE_8349_length_921_cov_15.440389	373	453	2	28	80	0.3500000
NODE_8349_length_921_cov_15.440389	426	506	2	80	80	1.0000000
NODE_8350_length_921_cov_13.216545	465	545	2	20	80	0.2500000
NODE_8350_length_921_cov_13.216545	465	545	4	60	80	0.7500000
NODE_8350_length_921_cov_13.216545	518	598	0	37	80	0.4625000
NODE_8350_length_921_cov_13.216545	518	598	2	18	80	0.2250000
NODE_8350_length_921_cov_13.216545	518	598	4	25	80	0.3125000
NODE_8351_length_921_cov_9.283455	399	439	0	40	40	1.0000000
NODE_8351_length_921_cov_9.283455	532	612	0	62	80	0.7750000
NODE_8351_length_921_cov_9.283455	532	612	3	1	80	0.0125000
NODE_8351_length_921_cov_9.283455	532	612	4	17	80	0.2125000
NODE_8351_length_921_cov_9.283455	585	665	0	9	80	0.1125000
NODE_8351_length_921_cov_9.283455	585	665	3	1	80	0.0125000
NODE_8351_length_921_cov_9.283455	585	665	4	70	80	0.8750000
NODE_8352_length_921_cov_8.253041	289	369	0	43	80	0.5375000
NODE_8352_length_921_cov_8.253041	289	369	2	37	80	0.4625000
NODE_8352_length_921_cov_8.253041	342	422	0	65	80	0.8125000
NODE_8352_length_921_cov_8.253041	342	422	2	15	80	0.1875000
NODE_8364_length_920_cov_47.493301	543	623	14	11	80	0.1375000
NODE_8364_length_920_cov_47.493301	543	623	15	8	80	0.1000000
NODE_8364_length_920_cov_47.493301	543	623	16	22	80	0.2750000
NODE_8364_length_920_cov_47.493301	543	623	17	5	80	0.0625000
NODE_8364_length_920_cov_47.493301	543	623	19	2	80	0.0250000
NODE_8364_length_920_cov_47.493301	543	623	20	13	80	0.1625000
NODE_8364_length_920_cov_47.493301	543	623	25	16	80	0.2000000
NODE_8364_length_920_cov_47.493301	543	623	26	3	80	0.0375000
NODE_8364_length_920_cov_47.493301	596	676	14	28	80	0.3500000
NODE_8364_length_920_cov_47.493301	596	676	20	21	80	0.2625000
NODE_8364_length_920_cov_47.493301	596	676	22	17	80	0.2125000
NODE_8364_length_920_cov_47.493301	596	676	25	11	80	0.1375000
NODE_8364_length_920_cov_47.493301	596	676	26	3	80	0.0375000
NODE_8365_length_920_cov_30.404385	543	623	0	49	80	0.6125000
NODE_8365_length_920_cov_30.404385	543	623	2	25	80	0.3125000
NODE_8365_length_920_cov_30.404385	543	623	4	6	80	0.0750000
NODE_8365_length_920_cov_30.404385	596	676	2	21	80	0.2625000
NODE_8365_length_920_cov_30.404385	596	676	4	48	80	0.6000000
NODE_8365_length_920_cov_30.404385	596	676	6	11	80	0.1375000
NODE_8366_length_920_cov_25.360536	413	493	2	11	80	0.1375000
NODE_8366_length_920_cov_25.360536	413	493	4	63	80	0.7875000
NODE_8366_length_920_cov_25.360536	413	493	6	6	80	0.0750000
NODE_8366_length_920_cov_25.360536	466	546	0	6	80	0.0750000
NODE_8366_length_920_cov_25.360536	466	546	2	58	80	0.7250000
NODE_8366_length_920_cov_25.360536	466	546	4	10	80	0.1250000
NODE_8366_length_920_cov_25.360536	466	546	6	6	80	0.0750000
NODE_8366_length_920_cov_25.360536	542	615	0	32	73	0.4383562
NODE_8366_length_920_cov_25.360536	542	615	8	1	73	0.0136986
NODE_8366_length_920_cov_25.360536	542	615	10	7	73	0.0958904
NODE_8366_length_920_cov_25.360536	542	615	12	6	73	0.0821918
NODE_8366_length_920_cov_25.360536	542	615	13	1	73	0.0136986
NODE_8366_length_920_cov_25.360536	542	615	16	26	73	0.3561644
NODE_8366_length_920_cov_25.360536	588	668	6	10	80	0.1250000
NODE_8366_length_920_cov_25.360536	588	668	8	2	80	0.0250000
NODE_8366_length_920_cov_25.360536	588	668	12	27	80	0.3375000
NODE_8366_length_920_cov_25.360536	588	668	13	1	80	0.0125000
NODE_8366_length_920_cov_25.360536	588	668	16	40	80	0.5000000
NODE_8367_length_920_cov_24.918392	403	483	0	80	80	1.0000000
NODE_8367_length_920_cov_24.918392	456	536	0	80	80	1.0000000
NODE_8368_length_920_cov_18.517661	353	433	0	16	80	0.2000000
NODE_8368_length_920_cov_18.517661	353	433	4	64	80	0.8000000
NODE_8368_length_920_cov_18.517661	406	486	0	69	80	0.8625000
NODE_8368_length_920_cov_18.517661	406	486	4	11	80	0.1375000
NODE_8369_length_920_cov_17.710110	310	390	0	23	80	0.2875000
NODE_8369_length_920_cov_17.710110	310	390	4	57	80	0.7125000
NODE_8369_length_920_cov_17.710110	363	443	0	76	80	0.9500000
NODE_8369_length_920_cov_17.710110	363	443	4	4	80	0.0500000
NODE_8370_length_920_cov_15.650426	403	458	2	55	55	1.0000000
NODE_8371_length_920_cov_12.588307	454	534	0	23	80	0.2875000
NODE_8371_length_920_cov_12.588307	454	534	1	6	80	0.0750000
NODE_8371_length_920_cov_12.588307	454	534	2	10	80	0.1250000
NODE_8371_length_920_cov_12.588307	454	534	3	41	80	0.5125000
NODE_8371_length_920_cov_12.588307	507	586	3	79	79	1.0000000
NODE_8372_length_920_cov_10.822168	354	434	2	80	80	1.0000000
NODE_8372_length_920_cov_10.822168	407	487	0	49	80	0.6125000
NODE_8372_length_920_cov_10.822168	407	487	2	31	80	0.3875000
NODE_8374_length_920_cov_8.297199	453	533	0	80	80	1.0000000
NODE_8374_length_920_cov_8.297199	506	583	0	77	77	1.0000000
NODE_8378_length_920_cov_2.992692	501	581	0	80	80	1.0000000
NODE_8378_length_920_cov_2.992692	554	634	0	80	80	1.0000000
NODE_8389_length_919_cov_44.813415	338	418	0	80	80	1.0000000
NODE_8389_length_919_cov_44.813415	391	471	0	80	80	1.0000000
NODE_8389_length_919_cov_44.813415	467	547	0	80	80	1.0000000
NODE_8389_length_919_cov_44.813415	520	600	0	80	80	1.0000000
NODE_8390_length_919_cov_37.459756	389	469	0	80	80	1.0000000
NODE_8390_length_919_cov_37.459756	442	522	0	80	80	1.0000000
NODE_8390_length_919_cov_37.459756	518	598	0	80	80	1.0000000
NODE_8390_length_919_cov_37.459756	571	651	0	80	80	1.0000000
NODE_8391_length_919_cov_35.002439	474	554	0	80	80	1.0000000
NODE_8391_length_919_cov_35.002439	527	607	0	80	80	1.0000000
NODE_8392_length_919_cov_29.935366	246	326	0	80	80	1.0000000
NODE_8392_length_919_cov_29.935366	299	379	0	80	80	1.0000000
NODE_8393_length_919_cov_28.190244	470	550	2	54	80	0.6750000
NODE_8393_length_919_cov_28.190244	470	550	4	26	80	0.3250000
NODE_8393_length_919_cov_28.190244	523	603	0	49	80	0.6125000
NODE_8393_length_919_cov_28.190244	523	603	2	31	80	0.3875000
NODE_8394_length_919_cov_27.119512	454	534	5	7	80	0.0875000
NODE_8394_length_919_cov_27.119512	454	534	6	8	80	0.1000000
NODE_8394_length_919_cov_27.119512	454	534	8	65	80	0.8125000
NODE_8394_length_919_cov_27.119512	507	587	0	42	80	0.5250000
NODE_8394_length_919_cov_27.119512	507	587	5	16	80	0.2000000
NODE_8394_length_919_cov_27.119512	507	587	6	1	80	0.0125000
NODE_8394_length_919_cov_27.119512	507	587	8	21	80	0.2625000
NODE_8395_length_919_cov_21.836585	545	625	2	15	80	0.1875000
NODE_8395_length_919_cov_21.836585	545	625	4	4	80	0.0500000
NODE_8395_length_919_cov_21.836585	545	625	6	17	80	0.2125000
NODE_8395_length_919_cov_21.836585	545	625	8	44	80	0.5500000
NODE_8395_length_919_cov_21.836585	598	677	2	67	79	0.8481013
NODE_8395_length_919_cov_21.836585	598	677	4	4	79	0.0506329
NODE_8395_length_919_cov_21.836585	598	677	8	8	79	0.1012658
NODE_8396_length_919_cov_17.442683	385	465	0	80	80	1.0000000
NODE_8396_length_919_cov_17.442683	438	518	0	48	80	0.6000000
NODE_8396_length_919_cov_17.442683	438	518	2	32	80	0.4000000
NODE_8397_length_919_cov_16.685366	309	389	1	5	80	0.0625000
NODE_8397_length_919_cov_16.685366	309	389	3	75	80	0.9375000
NODE_8397_length_919_cov_16.685366	362	442	0	8	80	0.1000000
NODE_8397_length_919_cov_16.685366	362	442	1	50	80	0.6250000
NODE_8397_length_919_cov_16.685366	362	442	3	22	80	0.2750000
NODE_8398_length_919_cov_14.013415	435	515	2	37	80	0.4625000
NODE_8398_length_919_cov_14.013415	435	515	3	4	80	0.0500000
NODE_8398_length_919_cov_14.013415	435	515	4	39	80	0.4875000
NODE_8398_length_919_cov_14.013415	488	568	2	6	80	0.0750000
NODE_8398_length_919_cov_14.013415	488	568	4	45	80	0.5625000
NODE_8398_length_919_cov_14.013415	488	568	6	29	80	0.3625000
NODE_8399_length_919_cov_12.013415	340	420	0	24	80	0.3000000
NODE_8399_length_919_cov_12.013415	340	420	2	56	80	0.7000000
NODE_8399_length_919_cov_12.013415	393	473	0	35	80	0.4375000
NODE_8399_length_919_cov_12.013415	393	473	2	45	80	0.5625000
NODE_8403_length_919_cov_3.529268	424	504	0	80	80	1.0000000
NODE_8403_length_919_cov_3.529268	477	557	0	80	80	1.0000000
NODE_8404_length_919_cov_3.200000	444	524	0	57	80	0.7125000
NODE_8404_length_919_cov_3.200000	444	524	2	23	80	0.2875000
NODE_8404_length_919_cov_3.200000	497	577	0	4	80	0.0500000
NODE_8404_length_919_cov_3.200000	497	577	2	76	80	0.9500000
NODE_8415_length_918_cov_41.115995	387	467	6	14	80	0.1750000
NODE_8415_length_918_cov_41.115995	387	467	10	66	80	0.8250000
NODE_8415_length_918_cov_41.115995	440	520	0	2	80	0.0250000
NODE_8415_length_918_cov_41.115995	440	520	3	30	80	0.3750000
NODE_8415_length_918_cov_41.115995	440	520	6	3	80	0.0375000
NODE_8415_length_918_cov_41.115995	440	520	10	45	80	0.5625000
NODE_8416_length_918_cov_37.405372	427	507	0	10	80	0.1250000
NODE_8416_length_918_cov_37.405372	427	507	2	14	80	0.1750000
NODE_8416_length_918_cov_37.405372	427	507	7	17	80	0.2125000
NODE_8416_length_918_cov_37.405372	427	507	11	8	80	0.1000000
NODE_8416_length_918_cov_37.405372	427	507	15	12	80	0.1500000
NODE_8416_length_918_cov_37.405372	427	507	16	19	80	0.2375000
NODE_8416_length_918_cov_37.405372	480	560	14	11	80	0.1375000
NODE_8416_length_918_cov_37.405372	480	560	15	8	80	0.1000000
NODE_8416_length_918_cov_37.405372	480	560	16	38	80	0.4750000
NODE_8416_length_918_cov_37.405372	480	560	18	23	80	0.2875000
NODE_8417_length_918_cov_31.559219	289	369	6	80	80	1.0000000
NODE_8417_length_918_cov_31.559219	342	422	0	44	80	0.5500000
NODE_8417_length_918_cov_31.559219	342	422	6	36	80	0.4500000
NODE_8417_length_918_cov_31.559219	418	498	0	80	80	1.0000000
NODE_8417_length_918_cov_31.559219	471	551	0	80	80	1.0000000
NODE_8418_length_918_cov_25.195360	429	509	4	22	80	0.2750000
NODE_8418_length_918_cov_25.195360	429	509	6	56	80	0.7000000
NODE_8418_length_918_cov_25.195360	429	509	8	2	80	0.0250000
NODE_8418_length_918_cov_25.195360	482	562	2	34	80	0.4250000
NODE_8418_length_918_cov_25.195360	482	562	4	24	80	0.3000000
NODE_8418_length_918_cov_25.195360	482	562	6	20	80	0.2500000
NODE_8418_length_918_cov_25.195360	482	562	8	2	80	0.0250000
NODE_8420_length_918_cov_10.537241	361	441	0	80	80	1.0000000
NODE_8420_length_918_cov_10.537241	414	492	0	78	78	1.0000000
NODE_8421_length_918_cov_9.821734	283	363	0	21	80	0.2625000
NODE_8421_length_918_cov_9.821734	283	363	2	59	80	0.7375000
NODE_8421_length_918_cov_9.821734	336	416	0	28	80	0.3500000
NODE_8421_length_918_cov_9.821734	336	416	2	52	80	0.6500000
NODE_8422_length_918_cov_9.714286	365	445	0	29	80	0.3625000
NODE_8422_length_918_cov_9.714286	365	445	4	51	80	0.6375000
NODE_8422_length_918_cov_9.714286	418	498	0	4	80	0.0500000
NODE_8422_length_918_cov_9.714286	418	498	3	3	80	0.0375000
NODE_8422_length_918_cov_9.714286	418	498	4	73	80	0.9125000
NODE_8441_length_917_cov_38.845966	405	476	0	46	71	0.6478873
NODE_8441_length_917_cov_38.845966	405	476	2	25	71	0.3521127
NODE_8441_length_917_cov_38.845966	458	538	2	46	80	0.5750000
NODE_8441_length_917_cov_38.845966	458	538	4	34	80	0.4250000
NODE_8442_length_917_cov_37.775061	505	585	0	80	80	1.0000000
NODE_8442_length_917_cov_37.775061	558	638	0	80	80	1.0000000
NODE_8443_length_917_cov_33.195599	335	415	0	80	80	1.0000000
NODE_8443_length_917_cov_33.195599	388	468	0	80	80	1.0000000
NODE_8443_length_917_cov_33.195599	464	544	0	80	80	1.0000000
NODE_8443_length_917_cov_33.195599	517	597	0	80	80	1.0000000
NODE_8444_length_917_cov_22.871638	463	543	0	80	80	1.0000000
NODE_8444_length_917_cov_22.871638	516	593	0	77	77	1.0000000
NODE_8445_length_917_cov_16.899756	321	401	8	80	80	1.0000000
NODE_8445_length_917_cov_16.899756	374	454	0	5	80	0.0625000
NODE_8445_length_917_cov_16.899756	374	454	8	75	80	0.9375000
NODE_8446_length_917_cov_12.283619	397	477	4	80	80	1.0000000
NODE_8446_length_917_cov_12.283619	450	530	0	30	80	0.3750000
NODE_8446_length_917_cov_12.283619	450	530	4	50	80	0.6250000
NODE_8447_length_917_cov_12.172372	380	460	0	80	80	1.0000000
NODE_8447_length_917_cov_12.172372	433	513	0	40	80	0.5000000
NODE_8447_length_917_cov_12.172372	433	513	6	3	80	0.0375000
NODE_8447_length_917_cov_12.172372	433	513	11	37	80	0.4625000
NODE_8447_length_917_cov_12.172372	545	597	2	15	52	0.2884615
NODE_8447_length_917_cov_12.172372	545	597	6	3	52	0.0576923
NODE_8447_length_917_cov_12.172372	545	597	10	20	52	0.3846154
NODE_8447_length_917_cov_12.172372	545	597	11	13	52	0.2500000
NODE_8447_length_917_cov_12.172372	545	597	12	1	52	0.0192308
NODE_8448_length_917_cov_8.277506	564	644	0	80	80	1.0000000
NODE_8448_length_917_cov_8.277506	617	697	0	80	80	1.0000000
NODE_8449_length_917_cov_8.145477	155	235	2	66	80	0.8250000
NODE_8449_length_917_cov_8.145477	155	235	4	14	80	0.1750000
NODE_8449_length_917_cov_8.145477	208	288	2	64	80	0.8000000
NODE_8449_length_917_cov_8.145477	208	288	4	16	80	0.2000000
NODE_8451_length_917_cov_6.073350	366	446	0	39	80	0.4875000
NODE_8451_length_917_cov_6.073350	366	446	4	41	80	0.5125000
NODE_8451_length_917_cov_6.073350	419	499	0	1	80	0.0125000
NODE_8451_length_917_cov_6.073350	419	499	4	79	80	0.9875000
NODE_8463_length_916_cov_32.867809	347	427	0	6	80	0.0750000
NODE_8463_length_916_cov_32.867809	347	427	2	74	80	0.9250000
NODE_8463_length_916_cov_32.867809	400	480	0	5	80	0.0625000
NODE_8463_length_916_cov_32.867809	400	480	2	75	80	0.9375000
NODE_8464_length_916_cov_27.673195	450	530	4	18	80	0.2250000
NODE_8464_length_916_cov_27.673195	450	530	11	1	80	0.0125000
NODE_8464_length_916_cov_27.673195	450	530	12	4	80	0.0500000
NODE_8464_length_916_cov_27.673195	450	530	16	2	80	0.0250000
NODE_8464_length_916_cov_27.673195	450	530	17	6	80	0.0750000
NODE_8464_length_916_cov_27.673195	450	530	18	49	80	0.6125000
NODE_8464_length_916_cov_27.673195	503	583	2	16	80	0.2000000
NODE_8464_length_916_cov_27.673195	503	583	9	1	80	0.0125000
NODE_8464_length_916_cov_27.673195	503	583	10	2	80	0.0250000
NODE_8464_length_916_cov_27.673195	503	583	16	3	80	0.0375000
NODE_8464_length_916_cov_27.673195	503	583	18	58	80	0.7250000
NODE_8465_length_916_cov_27.146879	223	303	4	45	80	0.5625000
NODE_8465_length_916_cov_27.146879	223	303	6	8	80	0.1000000
NODE_8465_length_916_cov_27.146879	223	303	8	27	80	0.3375000
NODE_8465_length_916_cov_27.146879	276	356	0	21	80	0.2625000
NODE_8465_length_916_cov_27.146879	276	356	4	41	80	0.5125000
NODE_8465_length_916_cov_27.146879	276	356	6	8	80	0.1000000
NODE_8465_length_916_cov_27.146879	276	356	8	10	80	0.1250000
NODE_8466_length_916_cov_25.604651	398	478	3	6	80	0.0750000
NODE_8466_length_916_cov_25.604651	398	478	4	19	80	0.2375000
NODE_8466_length_916_cov_25.604651	398	478	6	11	80	0.1375000
NODE_8466_length_916_cov_25.604651	398	478	7	10	80	0.1250000
NODE_8466_length_916_cov_25.604651	398	478	8	34	80	0.4250000
NODE_8466_length_916_cov_25.604651	451	531	2	8	80	0.1000000
NODE_8466_length_916_cov_25.604651	451	531	6	56	80	0.7000000
NODE_8466_length_916_cov_25.604651	451	531	7	10	80	0.1250000
NODE_8466_length_916_cov_25.604651	451	531	8	6	80	0.0750000
NODE_8467_length_916_cov_18.035496	456	536	0	21	80	0.2625000
NODE_8467_length_916_cov_18.035496	456	536	2	10	80	0.1250000
NODE_8467_length_916_cov_18.035496	456	536	4	31	80	0.3875000
NODE_8467_length_916_cov_18.035496	456	536	7	1	80	0.0125000
NODE_8467_length_916_cov_18.035496	456	536	8	17	80	0.2125000
NODE_8467_length_916_cov_18.035496	509	589	4	36	80	0.4500000
NODE_8467_length_916_cov_18.035496	509	589	6	8	80	0.1000000
NODE_8467_length_916_cov_18.035496	509	589	7	1	80	0.0125000
NODE_8467_length_916_cov_18.035496	509	589	8	35	80	0.4375000
NODE_8468_length_916_cov_12.651163	500	580	0	23	80	0.2875000
NODE_8468_length_916_cov_12.651163	500	580	1	1	80	0.0125000
NODE_8468_length_916_cov_12.651163	500	580	2	30	80	0.3750000
NODE_8468_length_916_cov_12.651163	500	580	4	26	80	0.3250000
NODE_8468_length_916_cov_12.651163	553	633	2	1	80	0.0125000
NODE_8468_length_916_cov_12.651163	553	633	4	50	80	0.6250000
NODE_8468_length_916_cov_12.651163	553	633	5	3	80	0.0375000
NODE_8468_length_916_cov_12.651163	553	633	6	26	80	0.3250000
NODE_8469_length_916_cov_11.337821	530	610	0	20	80	0.2500000
NODE_8469_length_916_cov_11.337821	530	610	2	60	80	0.7500000
NODE_8469_length_916_cov_11.337821	583	663	0	73	80	0.9125000
NODE_8469_length_916_cov_11.337821	583	663	2	7	80	0.0875000
NODE_8470_length_916_cov_9.640147	293	373	0	58	80	0.7250000
NODE_8470_length_916_cov_9.640147	293	373	2	22	80	0.2750000
NODE_8470_length_916_cov_9.640147	346	426	0	5	80	0.0625000
NODE_8470_length_916_cov_9.640147	346	426	2	75	80	0.9375000
NODE_8472_length_916_cov_8.042840	426	506	0	80	80	1.0000000
NODE_8472_length_916_cov_8.042840	479	559	0	80	80	1.0000000
NODE_8473_length_916_cov_7.123623	785	847	20	2	62	0.0322581
NODE_8473_length_916_cov_7.123623	785	847	23	1	62	0.0161290
NODE_8473_length_916_cov_7.123623	785	847	24	1	62	0.0161290
NODE_8473_length_916_cov_7.123623	785	847	26	2	62	0.0322581
NODE_8473_length_916_cov_7.123623	785	847	34	1	62	0.0161290
NODE_8473_length_916_cov_7.123623	785	847	38	5	62	0.0806452
NODE_8473_length_916_cov_7.123623	785	847	40	4	62	0.0645161
NODE_8473_length_916_cov_7.123623	785	847	46	2	62	0.0322581
NODE_8473_length_916_cov_7.123623	785	847	52	2	62	0.0322581
NODE_8473_length_916_cov_7.123623	785	847	58	1	62	0.0161290
NODE_8473_length_916_cov_7.123623	785	847	60	2	62	0.0322581
NODE_8473_length_916_cov_7.123623	785	847	62	2	62	0.0322581
NODE_8473_length_916_cov_7.123623	785	847	64	3	62	0.0483871
NODE_8473_length_916_cov_7.123623	785	847	66	2	62	0.0322581
NODE_8473_length_916_cov_7.123623	785	847	68	32	62	0.5161290
NODE_8473_length_916_cov_7.123623	820	900	56	18	80	0.2250000
NODE_8473_length_916_cov_7.123623	820	900	58	1	80	0.0125000
NODE_8473_length_916_cov_7.123623	820	900	60	7	80	0.0875000
NODE_8473_length_916_cov_7.123623	820	900	62	11	80	0.1375000
NODE_8473_length_916_cov_7.123623	820	900	64	2	80	0.0250000
NODE_8473_length_916_cov_7.123623	820	900	66	16	80	0.2000000
NODE_8473_length_916_cov_7.123623	820	900	68	25	80	0.3125000
NODE_8481_length_915_cov_59.289216	398	478	2	80	80	1.0000000
NODE_8481_length_915_cov_59.289216	451	531	0	53	80	0.6625000
NODE_8481_length_915_cov_59.289216	451	531	2	27	80	0.3375000
NODE_8481_length_915_cov_59.289216	527	607	0	65	80	0.8125000
NODE_8481_length_915_cov_59.289216	527	607	2	11	80	0.1375000
NODE_8481_length_915_cov_59.289216	527	607	4	4	80	0.0500000
NODE_8481_length_915_cov_59.289216	580	660	0	12	80	0.1500000
NODE_8481_length_915_cov_59.289216	580	660	2	18	80	0.2250000
NODE_8481_length_915_cov_59.289216	580	660	4	50	80	0.6250000
NODE_8482_length_915_cov_45.104167	153	228	0	75	75	1.0000000
NODE_8482_length_915_cov_45.104167	206	286	0	80	80	1.0000000
NODE_8482_length_915_cov_45.104167	282	362	0	35	80	0.4375000
NODE_8482_length_915_cov_45.104167	282	362	6	9	80	0.1125000
NODE_8482_length_915_cov_45.104167	282	362	8	36	80	0.4500000
NODE_8482_length_915_cov_45.104167	335	415	6	10	80	0.1250000
NODE_8482_length_915_cov_45.104167	335	415	8	70	80	0.8750000
NODE_8483_length_915_cov_37.599265	397	477	0	24	80	0.3000000
NODE_8483_length_915_cov_37.599265	397	477	2	56	80	0.7000000
NODE_8483_length_915_cov_37.599265	450	530	2	34	80	0.4250000
NODE_8483_length_915_cov_37.599265	450	530	8	9	80	0.1125000
NODE_8483_length_915_cov_37.599265	450	530	10	37	80	0.4625000
NODE_8485_length_915_cov_20.458333	297	377	0	15	80	0.1875000
NODE_8485_length_915_cov_20.458333	297	377	2	13	80	0.1625000
NODE_8485_length_915_cov_20.458333	297	377	4	4	80	0.0500000
NODE_8485_length_915_cov_20.458333	297	377	6	48	80	0.6000000
NODE_8485_length_915_cov_20.458333	350	430	2	26	80	0.3250000
NODE_8485_length_915_cov_20.458333	350	430	4	16	80	0.2000000
NODE_8485_length_915_cov_20.458333	350	430	6	38	80	0.4750000
NODE_8485_length_915_cov_20.458333	426	506	0	72	80	0.9000000
NODE_8485_length_915_cov_20.458333	426	506	2	8	80	0.1000000
NODE_8485_length_915_cov_20.458333	479	559	0	80	80	1.0000000
NODE_8486_length_915_cov_14.397059	175	255	1	22	80	0.2750000
NODE_8486_length_915_cov_14.397059	175	255	3	58	80	0.7250000
NODE_8486_length_915_cov_14.397059	228	308	2	29	80	0.3625000
NODE_8486_length_915_cov_14.397059	228	308	3	33	80	0.4125000
NODE_8486_length_915_cov_14.397059	228	308	4	18	80	0.2250000
NODE_8487_length_915_cov_8.741422	295	375	5	4	80	0.0500000
NODE_8487_length_915_cov_8.741422	295	375	10	76	80	0.9500000
NODE_8487_length_915_cov_8.741422	348	428	5	33	80	0.4125000
NODE_8487_length_915_cov_8.741422	348	428	10	47	80	0.5875000
NODE_8488_length_915_cov_7.719363	823	894	6	71	71	1.0000000
NODE_8488_length_915_cov_7.719363	828	894	6	66	66	1.0000000
NODE_8488_length_915_cov_7.719363	867	915	0	2	48	0.0416667
NODE_8488_length_915_cov_7.719363	867	915	6	46	48	0.9583333
NODE_8488_length_915_cov_7.719363	867	915	0	2	48	0.0416667
NODE_8488_length_915_cov_7.719363	867	915	6	46	48	0.9583333
NODE_8488_length_915_cov_7.719363	867	915	0	2	48	0.0416667
NODE_8488_length_915_cov_7.719363	867	915	6	46	48	0.9583333
NODE_8489_length_915_cov_7.648284	370	450	0	80	80	1.0000000
NODE_8489_length_915_cov_7.648284	423	503	0	80	80	1.0000000
NODE_8490_length_915_cov_6.848039	434	514	0	80	80	1.0000000
NODE_8490_length_915_cov_6.848039	487	567	0	80	80	1.0000000
NODE_8497_length_915_cov_2.011029	24	99	0	1	75	0.0133333
NODE_8497_length_915_cov_2.011029	24	99	4	24	75	0.3200000
NODE_8497_length_915_cov_2.011029	24	99	6	50	75	0.6666667
NODE_8505_length_914_cov_89.814724	0	41	18	1	41	0.0243902
NODE_8505_length_914_cov_89.814724	0	41	19	1	41	0.0243902
NODE_8505_length_914_cov_89.814724	0	41	22	2	41	0.0487805
NODE_8505_length_914_cov_89.814724	0	41	30	2	41	0.0487805
NODE_8505_length_914_cov_89.814724	0	41	42	1	41	0.0243902
NODE_8505_length_914_cov_89.814724	0	41	44	1	41	0.0243902
NODE_8505_length_914_cov_89.814724	0	41	46	1	41	0.0243902
NODE_8505_length_914_cov_89.814724	0	41	54	1	41	0.0243902
NODE_8505_length_914_cov_89.814724	0	41	61	1	41	0.0243902
NODE_8505_length_914_cov_89.814724	0	41	79	1	41	0.0243902
NODE_8505_length_914_cov_89.814724	0	41	87	1	41	0.0243902
NODE_8505_length_914_cov_89.814724	0	41	98	1	41	0.0243902
NODE_8505_length_914_cov_89.814724	0	41	106	1	41	0.0243902
NODE_8505_length_914_cov_89.814724	0	41	111	1	41	0.0243902
NODE_8505_length_914_cov_89.814724	0	41	115	1	41	0.0243902
NODE_8505_length_914_cov_89.814724	0	41	119	1	41	0.0243902
NODE_8505_length_914_cov_89.814724	0	41	121	2	41	0.0487805
NODE_8505_length_914_cov_89.814724	0	41	124	2	41	0.0487805
NODE_8505_length_914_cov_89.814724	0	41	128	1	41	0.0243902
NODE_8505_length_914_cov_89.814724	0	41	151	1	41	0.0243902
NODE_8505_length_914_cov_89.814724	0	41	154	1	41	0.0243902
NODE_8505_length_914_cov_89.814724	0	41	203	1	41	0.0243902
NODE_8505_length_914_cov_89.814724	0	41	212	1	41	0.0243902
NODE_8505_length_914_cov_89.814724	0	41	217	1	41	0.0243902
NODE_8505_length_914_cov_89.814724	0	41	219	1	41	0.0243902
NODE_8505_length_914_cov_89.814724	0	41	222	1	41	0.0243902
NODE_8505_length_914_cov_89.814724	0	41	229	1	41	0.0243902
NODE_8505_length_914_cov_89.814724	0	41	231	1	41	0.0243902
NODE_8505_length_914_cov_89.814724	0	41	232	1	41	0.0243902
NODE_8505_length_914_cov_89.814724	0	41	234	1	41	0.0243902
NODE_8505_length_914_cov_89.814724	0	41	253	1	41	0.0243902
NODE_8505_length_914_cov_89.814724	0	41	254	1	41	0.0243902
NODE_8505_length_914_cov_89.814724	0	41	257	1	41	0.0243902
NODE_8505_length_914_cov_89.814724	0	41	260	1	41	0.0243902
NODE_8505_length_914_cov_89.814724	0	41	265	1	41	0.0243902
NODE_8505_length_914_cov_89.814724	0	41	274	1	41	0.0243902
NODE_8505_length_914_cov_89.814724	0	41	285	1	41	0.0243902
NODE_8505_length_914_cov_89.814724	19	94	121	1	75	0.0133333
NODE_8505_length_914_cov_89.814724	19	94	124	2	75	0.0266667
NODE_8505_length_914_cov_89.814724	19	94	128	1	75	0.0133333
NODE_8505_length_914_cov_89.814724	19	94	151	1	75	0.0133333
NODE_8505_length_914_cov_89.814724	19	94	154	1	75	0.0133333
NODE_8505_length_914_cov_89.814724	19	94	203	1	75	0.0133333
NODE_8505_length_914_cov_89.814724	19	94	212	1	75	0.0133333
NODE_8505_length_914_cov_89.814724	19	94	217	1	75	0.0133333
NODE_8505_length_914_cov_89.814724	19	94	219	1	75	0.0133333
NODE_8505_length_914_cov_89.814724	19	94	222	1	75	0.0133333
NODE_8505_length_914_cov_89.814724	19	94	229	1	75	0.0133333
NODE_8505_length_914_cov_89.814724	19	94	231	1	75	0.0133333
NODE_8505_length_914_cov_89.814724	19	94	232	1	75	0.0133333
NODE_8505_length_914_cov_89.814724	19	94	234	1	75	0.0133333
NODE_8505_length_914_cov_89.814724	19	94	253	1	75	0.0133333
NODE_8505_length_914_cov_89.814724	19	94	254	1	75	0.0133333
NODE_8505_length_914_cov_89.814724	19	94	257	1	75	0.0133333
NODE_8505_length_914_cov_89.814724	19	94	260	1	75	0.0133333
NODE_8505_length_914_cov_89.814724	19	94	265	1	75	0.0133333
NODE_8505_length_914_cov_89.814724	19	94	274	1	75	0.0133333
NODE_8505_length_914_cov_89.814724	19	94	285	1	75	0.0133333
NODE_8505_length_914_cov_89.814724	19	94	299	1	75	0.0133333
NODE_8505_length_914_cov_89.814724	19	94	301	1	75	0.0133333
NODE_8505_length_914_cov_89.814724	19	94	310	1	75	0.0133333
NODE_8505_length_914_cov_89.814724	19	94	318	1	75	0.0133333
NODE_8505_length_914_cov_89.814724	19	94	320	1	75	0.0133333
NODE_8505_length_914_cov_89.814724	19	94	322	1	75	0.0133333
NODE_8505_length_914_cov_89.814724	19	94	324	1	75	0.0133333
NODE_8505_length_914_cov_89.814724	19	94	332	1	75	0.0133333
NODE_8505_length_914_cov_89.814724	19	94	337	4	75	0.0533333
NODE_8505_length_914_cov_89.814724	19	94	339	1	75	0.0133333
NODE_8505_length_914_cov_89.814724	19	94	341	1	75	0.0133333
NODE_8505_length_914_cov_89.814724	19	94	343	1	75	0.0133333
NODE_8505_length_914_cov_89.814724	19	94	347	1	75	0.0133333
NODE_8505_length_914_cov_89.814724	19	94	352	2	75	0.0266667
NODE_8505_length_914_cov_89.814724	19	94	362	1	75	0.0133333
NODE_8505_length_914_cov_89.814724	19	94	364	5	75	0.0666667
NODE_8505_length_914_cov_89.814724	19	94	365	1	75	0.0133333
NODE_8505_length_914_cov_89.814724	19	94	366	1	75	0.0133333
NODE_8505_length_914_cov_89.814724	19	94	369	1	75	0.0133333
NODE_8505_length_914_cov_89.814724	19	94	374	1	75	0.0133333
NODE_8505_length_914_cov_89.814724	19	94	376	1	75	0.0133333
NODE_8505_length_914_cov_89.814724	19	94	378	1	75	0.0133333
NODE_8505_length_914_cov_89.814724	19	94	380	2	75	0.0266667
NODE_8505_length_914_cov_89.814724	19	94	381	1	75	0.0133333
NODE_8505_length_914_cov_89.814724	19	94	391	3	75	0.0400000
NODE_8505_length_914_cov_89.814724	19	94	392	2	75	0.0266667
NODE_8505_length_914_cov_89.814724	19	94	395	1	75	0.0133333
NODE_8505_length_914_cov_89.814724	19	94	397	2	75	0.0266667
NODE_8505_length_914_cov_89.814724	19	94	400	2	75	0.0266667
NODE_8505_length_914_cov_89.814724	19	94	408	2	75	0.0266667
NODE_8505_length_914_cov_89.814724	19	94	410	1	75	0.0133333
NODE_8505_length_914_cov_89.814724	19	94	411	1	75	0.0133333
NODE_8505_length_914_cov_89.814724	19	94	412	2	75	0.0266667
NODE_8505_length_914_cov_89.814724	19	94	413	1	75	0.0133333
NODE_8505_length_914_cov_89.814724	19	94	414	1	75	0.0133333
NODE_8505_length_914_cov_89.814724	19	94	415	2	75	0.0266667
NODE_8506_length_914_cov_33.755828	400	480	0	80	80	1.0000000
NODE_8506_length_914_cov_33.755828	453	533	0	80	80	1.0000000
NODE_8507_length_914_cov_31.557055	368	448	0	7	80	0.0875000
NODE_8507_length_914_cov_31.557055	368	448	2	23	80	0.2875000
NODE_8507_length_914_cov_31.557055	368	448	4	50	80	0.6250000
NODE_8507_length_914_cov_31.557055	421	501	2	48	80	0.6000000
NODE_8507_length_914_cov_31.557055	421	501	4	32	80	0.4000000
NODE_8508_length_914_cov_29.087117	331	411	10	9	80	0.1125000
NODE_8508_length_914_cov_29.087117	331	411	16	25	80	0.3125000
NODE_8508_length_914_cov_29.087117	331	411	18	14	80	0.1750000
NODE_8508_length_914_cov_29.087117	331	411	20	14	80	0.1750000
NODE_8508_length_914_cov_29.087117	331	411	22	9	80	0.1125000
NODE_8508_length_914_cov_29.087117	331	411	24	3	80	0.0375000
NODE_8508_length_914_cov_29.087117	331	411	26	6	80	0.0750000
NODE_8508_length_914_cov_29.087117	384	464	4	8	80	0.1000000
NODE_8508_length_914_cov_29.087117	384	464	8	15	80	0.1875000
NODE_8508_length_914_cov_29.087117	384	464	14	11	80	0.1375000
NODE_8508_length_914_cov_29.087117	384	464	16	4	80	0.0500000
NODE_8508_length_914_cov_29.087117	384	464	18	29	80	0.3625000
NODE_8508_length_914_cov_29.087117	384	464	20	11	80	0.1375000
NODE_8508_length_914_cov_29.087117	384	464	24	2	80	0.0250000
NODE_8509_length_914_cov_28.490798	273	353	0	80	80	1.0000000
NODE_8509_length_914_cov_28.490798	326	406	0	80	80	1.0000000
NODE_8509_length_914_cov_28.490798	402	482	0	80	80	1.0000000
NODE_8509_length_914_cov_28.490798	455	535	0	80	80	1.0000000
NODE_8510_length_914_cov_25.429448	393	473	0	47	80	0.5875000
NODE_8510_length_914_cov_25.429448	393	473	2	33	80	0.4125000
NODE_8510_length_914_cov_25.429448	446	526	2	80	80	1.0000000
NODE_8510_length_914_cov_25.429448	522	602	0	33	80	0.4125000
NODE_8510_length_914_cov_25.429448	522	602	2	47	80	0.5875000
NODE_8510_length_914_cov_25.429448	575	655	0	5	80	0.0625000
NODE_8510_length_914_cov_25.429448	575	655	2	75	80	0.9375000
NODE_8511_length_914_cov_19.111656	354	434	2	26	80	0.3250000
NODE_8511_length_914_cov_19.111656	354	434	4	51	80	0.6375000
NODE_8511_length_914_cov_19.111656	354	434	6	3	80	0.0375000
NODE_8511_length_914_cov_19.111656	407	487	0	1	80	0.0125000
NODE_8511_length_914_cov_19.111656	407	487	2	45	80	0.5625000
NODE_8511_length_914_cov_19.111656	407	487	4	31	80	0.3875000
NODE_8511_length_914_cov_19.111656	407	487	6	3	80	0.0375000
NODE_8512_length_914_cov_13.423313	603	683	0	12	80	0.1500000
NODE_8512_length_914_cov_13.423313	603	683	8	68	80	0.8500000
NODE_8512_length_914_cov_13.423313	656	736	0	65	80	0.8125000
NODE_8512_length_914_cov_13.423313	656	736	8	15	80	0.1875000
NODE_8513_length_914_cov_10.947239	341	411	0	70	70	1.0000000
NODE_8513_length_914_cov_10.947239	384	464	0	80	80	1.0000000
NODE_8518_length_914_cov_1.931288	833	873	0	3	40	0.0750000
NODE_8518_length_914_cov_1.931288	833	873	2	1	40	0.0250000
NODE_8518_length_914_cov_1.931288	833	873	4	36	40	0.9000000
NODE_8526_length_913_cov_49.665848	31	111	61	1	80	0.0125000
NODE_8526_length_913_cov_49.665848	31	111	67	1	80	0.0125000
NODE_8526_length_913_cov_49.665848	31	111	69	1	80	0.0125000
NODE_8526_length_913_cov_49.665848	31	111	71	1	80	0.0125000
NODE_8526_length_913_cov_49.665848	31	111	75	2	80	0.0250000
NODE_8526_length_913_cov_49.665848	31	111	83	4	80	0.0500000
NODE_8526_length_913_cov_49.665848	31	111	84	7	80	0.0875000
NODE_8526_length_913_cov_49.665848	31	111	85	3	80	0.0375000
NODE_8526_length_913_cov_49.665848	31	111	89	2	80	0.0250000
NODE_8526_length_913_cov_49.665848	31	111	91	1	80	0.0125000
NODE_8526_length_913_cov_49.665848	31	111	93	4	80	0.0500000
NODE_8526_length_913_cov_49.665848	31	111	97	1	80	0.0125000
NODE_8526_length_913_cov_49.665848	31	111	99	5	80	0.0625000
NODE_8526_length_913_cov_49.665848	31	111	103	1	80	0.0125000
NODE_8526_length_913_cov_49.665848	31	111	105	2	80	0.0250000
NODE_8526_length_913_cov_49.665848	31	111	107	2	80	0.0250000
NODE_8526_length_913_cov_49.665848	31	111	110	2	80	0.0250000
NODE_8526_length_913_cov_49.665848	31	111	116	2	80	0.0250000
NODE_8526_length_913_cov_49.665848	31	111	118	5	80	0.0625000
NODE_8526_length_913_cov_49.665848	31	111	128	2	80	0.0250000
NODE_8526_length_913_cov_49.665848	31	111	130	1	80	0.0125000
NODE_8526_length_913_cov_49.665848	31	111	132	2	80	0.0250000
NODE_8526_length_913_cov_49.665848	31	111	134	1	80	0.0125000
NODE_8526_length_913_cov_49.665848	31	111	136	1	80	0.0125000
NODE_8526_length_913_cov_49.665848	31	111	137	2	80	0.0250000
NODE_8526_length_913_cov_49.665848	31	111	138	3	80	0.0375000
NODE_8526_length_913_cov_49.665848	31	111	140	8	80	0.1000000
NODE_8526_length_913_cov_49.665848	31	111	142	3	80	0.0375000
NODE_8526_length_913_cov_49.665848	31	111	146	3	80	0.0375000
NODE_8526_length_913_cov_49.665848	31	111	148	6	80	0.0750000
NODE_8526_length_913_cov_49.665848	31	111	150	1	80	0.0125000
NODE_8526_length_913_cov_49.665848	136	155	114	1	19	0.0526316
NODE_8526_length_913_cov_49.665848	136	155	115	1	19	0.0526316
NODE_8526_length_913_cov_49.665848	136	155	117	4	19	0.2105263
NODE_8526_length_913_cov_49.665848	136	155	118	3	19	0.1578947
NODE_8526_length_913_cov_49.665848	136	155	119	1	19	0.0526316
NODE_8526_length_913_cov_49.665848	136	155	120	3	19	0.1578947
NODE_8526_length_913_cov_49.665848	136	155	121	5	19	0.2631579
NODE_8526_length_913_cov_49.665848	136	155	122	1	19	0.0526316
NODE_8527_length_913_cov_47.115479	367	447	0	80	80	1.0000000
NODE_8527_length_913_cov_47.115479	420	500	0	80	80	1.0000000
NODE_8528_length_913_cov_36.541769	502	582	6	46	80	0.5750000
NODE_8528_length_913_cov_36.541769	502	582	8	16	80	0.2000000
NODE_8528_length_913_cov_36.541769	502	582	10	18	80	0.2250000
NODE_8528_length_913_cov_36.541769	555	635	0	27	80	0.3375000
NODE_8528_length_913_cov_36.541769	555	635	6	53	80	0.6625000
NODE_8529_length_913_cov_33.679361	433	513	0	26	80	0.3250000
NODE_8529_length_913_cov_33.679361	433	513	2	54	80	0.6750000
NODE_8529_length_913_cov_33.679361	486	566	0	9	80	0.1125000
NODE_8529_length_913_cov_33.679361	486	566	2	71	80	0.8875000
NODE_8530_length_913_cov_29.675676	408	488	0	45	80	0.5625000
NODE_8530_length_913_cov_29.675676	408	488	4	35	80	0.4375000
NODE_8530_length_913_cov_29.675676	461	541	0	12	80	0.1500000
NODE_8530_length_913_cov_29.675676	461	541	3	1	80	0.0125000
NODE_8530_length_913_cov_29.675676	461	541	4	67	80	0.8375000
NODE_8531_length_913_cov_24.901720	342	422	2	65	80	0.8125000
NODE_8531_length_913_cov_24.901720	342	422	6	15	80	0.1875000
NODE_8531_length_913_cov_24.901720	395	475	2	12	80	0.1500000
NODE_8531_length_913_cov_24.901720	395	475	4	35	80	0.4375000
NODE_8531_length_913_cov_24.901720	395	475	6	33	80	0.4125000
NODE_8532_length_913_cov_24.625307	396	476	0	80	80	1.0000000
NODE_8532_length_913_cov_24.625307	449	529	0	80	80	1.0000000
NODE_8533_length_913_cov_15.094595	525	589	0	25	64	0.3906250
NODE_8533_length_913_cov_15.094595	525	589	6	39	64	0.6093750
NODE_8533_length_913_cov_15.094595	562	642	0	10	80	0.1250000
NODE_8533_length_913_cov_15.094595	562	642	6	70	80	0.8750000
NODE_8534_length_913_cov_8.633907	305	385	0	80	80	1.0000000
NODE_8534_length_913_cov_8.633907	358	429	0	71	71	1.0000000
NODE_8546_length_912_cov_25.110701	419	499	2	80	80	1.0000000
NODE_8546_length_912_cov_25.110701	472	552	0	46	80	0.5750000
NODE_8546_length_912_cov_25.110701	472	552	2	34	80	0.4250000
NODE_8547_length_912_cov_20.045510	306	386	4	37	80	0.4625000
NODE_8547_length_912_cov_20.045510	306	386	5	11	80	0.1375000
NODE_8547_length_912_cov_20.045510	306	386	7	1	80	0.0125000
NODE_8547_length_912_cov_20.045510	306	386	8	31	80	0.3875000
NODE_8547_length_912_cov_20.045510	359	439	1	9	80	0.1125000
NODE_8547_length_912_cov_20.045510	359	439	2	13	80	0.1625000
NODE_8547_length_912_cov_20.045510	359	439	4	58	80	0.7250000
NODE_8548_length_912_cov_19.635916	326	406	0	80	80	1.0000000
NODE_8548_length_912_cov_19.635916	379	459	0	80	80	1.0000000
NODE_8549_length_912_cov_17.714637	395	475	0	62	80	0.7750000
NODE_8549_length_912_cov_17.714637	395	475	2	18	80	0.2250000
NODE_8549_length_912_cov_17.714637	448	528	0	9	80	0.1125000
NODE_8549_length_912_cov_17.714637	448	528	2	71	80	0.8875000
NODE_8550_length_912_cov_15.546125	355	435	8	58	80	0.7250000
NODE_8550_length_912_cov_15.546125	355	435	12	17	80	0.2125000
NODE_8550_length_912_cov_15.546125	355	435	16	5	80	0.0625000
NODE_8550_length_912_cov_15.546125	408	488	8	20	80	0.2500000
NODE_8550_length_912_cov_15.546125	408	488	12	29	80	0.3625000
NODE_8550_length_912_cov_15.546125	408	488	16	31	80	0.3875000
NODE_8551_length_912_cov_15.077491	255	291	2	24	36	0.6666667
NODE_8551_length_912_cov_15.077491	255	291	4	5	36	0.1388889
NODE_8551_length_912_cov_15.077491	255	291	5	1	36	0.0277778
NODE_8551_length_912_cov_15.077491	255	291	6	6	36	0.1666667
NODE_8551_length_912_cov_15.077491	264	328	0	12	64	0.1875000
NODE_8551_length_912_cov_15.077491	264	328	2	49	64	0.7656250
NODE_8551_length_912_cov_15.077491	264	328	4	3	64	0.0468750
NODE_8551_length_912_cov_15.077491	415	495	0	80	80	1.0000000
NODE_8551_length_912_cov_15.077491	468	548	0	80	80	1.0000000
NODE_8552_length_912_cov_15.023370	361	441	0	5	80	0.0625000
NODE_8552_length_912_cov_15.023370	361	441	2	75	80	0.9375000
NODE_8552_length_912_cov_15.023370	414	494	0	58	80	0.7250000
NODE_8552_length_912_cov_15.023370	414	494	2	22	80	0.2750000
NODE_8553_length_912_cov_13.600246	61	141	2	80	80	1.0000000
NODE_8553_length_912_cov_13.600246	460	540	0	80	80	1.0000000
NODE_8553_length_912_cov_13.600246	513	593	0	80	80	1.0000000
NODE_8554_length_912_cov_13.113161	385	465	0	80	80	1.0000000
NODE_8554_length_912_cov_13.113161	438	518	0	80	80	1.0000000
NODE_8555_length_912_cov_11.110701	353	433	0	80	80	1.0000000
NODE_8555_length_912_cov_11.110701	406	486	0	80	80	1.0000000
NODE_8555_length_912_cov_11.110701	827	907	0	80	80	1.0000000
NODE_8555_length_912_cov_11.110701	831	854	0	23	23	1.0000000
NODE_8584_length_911_cov_173.171182	580	660	411	1	80	0.0125000
NODE_8584_length_911_cov_173.171182	580	660	414	1	80	0.0125000
NODE_8584_length_911_cov_173.171182	580	660	423	1	80	0.0125000
NODE_8584_length_911_cov_173.171182	580	660	425	1	80	0.0125000
NODE_8584_length_911_cov_173.171182	580	660	432	1	80	0.0125000
NODE_8584_length_911_cov_173.171182	580	660	443	1	80	0.0125000
NODE_8584_length_911_cov_173.171182	580	660	454	1	80	0.0125000
NODE_8584_length_911_cov_173.171182	580	660	462	1	80	0.0125000
NODE_8584_length_911_cov_173.171182	580	660	464	1	80	0.0125000
NODE_8584_length_911_cov_173.171182	580	660	468	1	80	0.0125000
NODE_8584_length_911_cov_173.171182	580	660	473	1	80	0.0125000
NODE_8584_length_911_cov_173.171182	580	660	480	1	80	0.0125000
NODE_8584_length_911_cov_173.171182	580	660	484	1	80	0.0125000
NODE_8584_length_911_cov_173.171182	580	660	485	1	80	0.0125000
NODE_8584_length_911_cov_173.171182	580	660	486	1	80	0.0125000
NODE_8584_length_911_cov_173.171182	580	660	496	1	80	0.0125000
NODE_8584_length_911_cov_173.171182	580	660	499	1	80	0.0125000
NODE_8584_length_911_cov_173.171182	580	660	500	1	80	0.0125000
NODE_8584_length_911_cov_173.171182	580	660	502	2	80	0.0250000
NODE_8584_length_911_cov_173.171182	580	660	506	1	80	0.0125000
NODE_8584_length_911_cov_173.171182	580	660	517	2	80	0.0250000
NODE_8584_length_911_cov_173.171182	580	660	531	1	80	0.0125000
NODE_8584_length_911_cov_173.171182	580	660	533	1	80	0.0125000
NODE_8584_length_911_cov_173.171182	580	660	545	1	80	0.0125000
NODE_8584_length_911_cov_173.171182	580	660	549	1	80	0.0125000
NODE_8584_length_911_cov_173.171182	580	660	550	1	80	0.0125000
NODE_8584_length_911_cov_173.171182	580	660	557	1	80	0.0125000
NODE_8584_length_911_cov_173.171182	580	660	564	1	80	0.0125000
NODE_8584_length_911_cov_173.171182	580	660	575	1	80	0.0125000
NODE_8584_length_911_cov_173.171182	580	660	583	1	80	0.0125000
NODE_8584_length_911_cov_173.171182	580	660	604	1	80	0.0125000
NODE_8584_length_911_cov_173.171182	580	660	609	1	80	0.0125000
NODE_8584_length_911_cov_173.171182	580	660	610	1	80	0.0125000
NODE_8584_length_911_cov_173.171182	580	660	617	1	80	0.0125000
NODE_8584_length_911_cov_173.171182	580	660	639	1	80	0.0125000
NODE_8584_length_911_cov_173.171182	580	660	641	1	80	0.0125000
NODE_8584_length_911_cov_173.171182	580	660	642	1	80	0.0125000
NODE_8584_length_911_cov_173.171182	580	660	643	1	80	0.0125000
NODE_8584_length_911_cov_173.171182	580	660	644	2	80	0.0250000
NODE_8584_length_911_cov_173.171182	580	660	654	1	80	0.0125000
NODE_8584_length_911_cov_173.171182	580	660	660	1	80	0.0125000
NODE_8584_length_911_cov_173.171182	580	660	666	1	80	0.0125000
NODE_8584_length_911_cov_173.171182	580	660	668	1	80	0.0125000
NODE_8584_length_911_cov_173.171182	580	660	678	1	80	0.0125000
NODE_8584_length_911_cov_173.171182	580	660	689	1	80	0.0125000
NODE_8584_length_911_cov_173.171182	580	660	700	1	80	0.0125000
NODE_8584_length_911_cov_173.171182	580	660	709	1	80	0.0125000
NODE_8584_length_911_cov_173.171182	580	660	720	1	80	0.0125000
NODE_8584_length_911_cov_173.171182	580	660	724	1	80	0.0125000
NODE_8584_length_911_cov_173.171182	580	660	725	1	80	0.0125000
NODE_8584_length_911_cov_173.171182	580	660	726	2	80	0.0250000
NODE_8584_length_911_cov_173.171182	580	660	729	1	80	0.0125000
NODE_8584_length_911_cov_173.171182	580	660	732	1	80	0.0125000
NODE_8584_length_911_cov_173.171182	580	660	736	1	80	0.0125000
NODE_8584_length_911_cov_173.171182	580	660	745	1	80	0.0125000
NODE_8584_length_911_cov_173.171182	580	660	748	2	80	0.0250000
NODE_8584_length_911_cov_173.171182	580	660	752	1	80	0.0125000
NODE_8584_length_911_cov_173.171182	580	660	764	1	80	0.0125000
NODE_8584_length_911_cov_173.171182	580	660	775	1	80	0.0125000
NODE_8584_length_911_cov_173.171182	580	660	786	2	80	0.0250000
NODE_8584_length_911_cov_173.171182	580	660	787	2	80	0.0250000
NODE_8584_length_911_cov_173.171182	580	660	789	1	80	0.0125000
NODE_8584_length_911_cov_173.171182	580	660	790	1	80	0.0125000
NODE_8584_length_911_cov_173.171182	580	660	791	1	80	0.0125000
NODE_8584_length_911_cov_173.171182	580	660	792	3	80	0.0375000
NODE_8584_length_911_cov_173.171182	580	660	793	2	80	0.0250000
NODE_8584_length_911_cov_173.171182	580	660	796	1	80	0.0125000
NODE_8584_length_911_cov_173.171182	580	660	798	2	80	0.0250000
NODE_8584_length_911_cov_173.171182	580	660	800	1	80	0.0125000
NODE_8584_length_911_cov_173.171182	633	713	724	1	80	0.0125000
NODE_8584_length_911_cov_173.171182	633	713	726	1	80	0.0125000
NODE_8584_length_911_cov_173.171182	633	713	729	1	80	0.0125000
NODE_8584_length_911_cov_173.171182	633	713	732	1	80	0.0125000
NODE_8584_length_911_cov_173.171182	633	713	736	1	80	0.0125000
NODE_8584_length_911_cov_173.171182	633	713	745	1	80	0.0125000
NODE_8584_length_911_cov_173.171182	633	713	748	2	80	0.0250000
NODE_8584_length_911_cov_173.171182	633	713	752	1	80	0.0125000
NODE_8584_length_911_cov_173.171182	633	713	764	1	80	0.0125000
NODE_8584_length_911_cov_173.171182	633	713	775	1	80	0.0125000
NODE_8584_length_911_cov_173.171182	633	713	786	2	80	0.0250000
NODE_8584_length_911_cov_173.171182	633	713	787	2	80	0.0250000
NODE_8584_length_911_cov_173.171182	633	713	789	1	80	0.0125000
NODE_8584_length_911_cov_173.171182	633	713	790	1	80	0.0125000
NODE_8584_length_911_cov_173.171182	633	713	791	1	80	0.0125000
NODE_8584_length_911_cov_173.171182	633	713	792	3	80	0.0375000
NODE_8584_length_911_cov_173.171182	633	713	793	2	80	0.0250000
NODE_8584_length_911_cov_173.171182	633	713	796	1	80	0.0125000
NODE_8584_length_911_cov_173.171182	633	713	798	2	80	0.0250000
NODE_8584_length_911_cov_173.171182	633	713	800	1	80	0.0125000
NODE_8584_length_911_cov_173.171182	633	713	812	1	80	0.0125000
NODE_8584_length_911_cov_173.171182	633	713	822	2	80	0.0250000
NODE_8584_length_911_cov_173.171182	633	713	824	1	80	0.0125000
NODE_8584_length_911_cov_173.171182	633	713	826	1	80	0.0125000
NODE_8584_length_911_cov_173.171182	633	713	828	1	80	0.0125000
NODE_8584_length_911_cov_173.171182	633	713	831	1	80	0.0125000
NODE_8584_length_911_cov_173.171182	633	713	834	4	80	0.0500000
NODE_8584_length_911_cov_173.171182	633	713	836	2	80	0.0250000
NODE_8584_length_911_cov_173.171182	633	713	838	1	80	0.0125000
NODE_8584_length_911_cov_173.171182	633	713	844	1	80	0.0125000
NODE_8584_length_911_cov_173.171182	633	713	845	1	80	0.0125000
NODE_8584_length_911_cov_173.171182	633	713	846	1	80	0.0125000
NODE_8584_length_911_cov_173.171182	633	713	848	3	80	0.0375000
NODE_8584_length_911_cov_173.171182	633	713	849	1	80	0.0125000
NODE_8584_length_911_cov_173.171182	633	713	851	3	80	0.0375000
NODE_8584_length_911_cov_173.171182	633	713	852	1	80	0.0125000
NODE_8584_length_911_cov_173.171182	633	713	853	2	80	0.0250000
NODE_8584_length_911_cov_173.171182	633	713	855	2	80	0.0250000
NODE_8584_length_911_cov_173.171182	633	713	857	2	80	0.0250000
NODE_8584_length_911_cov_173.171182	633	713	860	1	80	0.0125000
NODE_8584_length_911_cov_173.171182	633	713	862	1	80	0.0125000
NODE_8584_length_911_cov_173.171182	633	713	865	1	80	0.0125000
NODE_8584_length_911_cov_173.171182	633	713	867	1	80	0.0125000
NODE_8584_length_911_cov_173.171182	633	713	868	1	80	0.0125000
NODE_8584_length_911_cov_173.171182	633	713	870	1	80	0.0125000
NODE_8584_length_911_cov_173.171182	633	713	874	1	80	0.0125000
NODE_8584_length_911_cov_173.171182	633	713	876	3	80	0.0375000
NODE_8584_length_911_cov_173.171182	633	713	882	1	80	0.0125000
NODE_8584_length_911_cov_173.171182	633	713	927	1	80	0.0125000
NODE_8584_length_911_cov_173.171182	633	713	930	1	80	0.0125000
NODE_8584_length_911_cov_173.171182	633	713	933	2	80	0.0250000
NODE_8584_length_911_cov_173.171182	633	713	967	1	80	0.0125000
NODE_8584_length_911_cov_173.171182	633	713	977	1	80	0.0125000
NODE_8584_length_911_cov_173.171182	633	713	988	1	80	0.0125000
NODE_8584_length_911_cov_173.171182	633	713	1001	1	80	0.0125000
NODE_8584_length_911_cov_173.171182	633	713	1009	1	80	0.0125000
NODE_8584_length_911_cov_173.171182	633	713	1014	1	80	0.0125000
NODE_8584_length_911_cov_173.171182	633	713	1041	1	80	0.0125000
NODE_8585_length_911_cov_88.250000	525	605	8	80	80	1.0000000
NODE_8585_length_911_cov_88.250000	578	658	0	9	80	0.1125000
NODE_8585_length_911_cov_88.250000	578	658	1	16	80	0.2000000
NODE_8585_length_911_cov_88.250000	578	658	2	8	80	0.1000000
NODE_8585_length_911_cov_88.250000	578	658	8	47	80	0.5875000
NODE_8586_length_911_cov_46.854680	255	335	12	3	80	0.0375000
NODE_8586_length_911_cov_46.854680	255	335	17	1	80	0.0125000
NODE_8586_length_911_cov_46.854680	255	335	18	12	80	0.1500000
NODE_8586_length_911_cov_46.854680	255	335	19	17	80	0.2125000
NODE_8586_length_911_cov_46.854680	255	335	21	6	80	0.0750000
NODE_8586_length_911_cov_46.854680	255	335	22	11	80	0.1375000
NODE_8586_length_911_cov_46.854680	255	335	25	30	80	0.3750000
NODE_8586_length_911_cov_46.854680	308	388	15	11	80	0.1375000
NODE_8586_length_911_cov_46.854680	308	388	21	11	80	0.1375000
NODE_8586_length_911_cov_46.854680	308	388	22	33	80	0.4125000
NODE_8586_length_911_cov_46.854680	308	388	23	15	80	0.1875000
NODE_8586_length_911_cov_46.854680	308	388	25	10	80	0.1250000
NODE_8586_length_911_cov_46.854680	384	464	3	26	80	0.3250000
NODE_8586_length_911_cov_46.854680	384	464	9	32	80	0.4000000
NODE_8586_length_911_cov_46.854680	384	464	13	1	80	0.0125000
NODE_8586_length_911_cov_46.854680	384	464	14	1	80	0.0125000
NODE_8586_length_911_cov_46.854680	384	464	15	20	80	0.2500000
NODE_8586_length_911_cov_46.854680	437	517	0	17	80	0.2125000
NODE_8586_length_911_cov_46.854680	437	517	2	26	80	0.3250000
NODE_8586_length_911_cov_46.854680	437	517	3	36	80	0.4500000
NODE_8586_length_911_cov_46.854680	437	517	9	1	80	0.0125000
NODE_8587_length_911_cov_31.362069	301	381	0	80	80	1.0000000
NODE_8587_length_911_cov_31.362069	354	434	0	80	80	1.0000000
NODE_8588_length_911_cov_19.235222	445	525	0	80	80	1.0000000
NODE_8588_length_911_cov_19.235222	498	578	0	80	80	1.0000000
NODE_8589_length_911_cov_16.230296	233	313	0	4	80	0.0500000
NODE_8589_length_911_cov_16.230296	233	313	4	76	80	0.9500000
NODE_8589_length_911_cov_16.230296	286	366	0	57	80	0.7125000
NODE_8589_length_911_cov_16.230296	286	366	4	23	80	0.2875000
NODE_8590_length_911_cov_14.979064	472	552	0	80	80	1.0000000
NODE_8590_length_911_cov_14.979064	525	605	0	80	80	1.0000000
NODE_8591_length_911_cov_12.089901	357	409	16	29	52	0.5576923
NODE_8591_length_911_cov_12.089901	357	409	18	4	52	0.0769231
NODE_8591_length_911_cov_12.089901	357	409	20	7	52	0.1346154
NODE_8591_length_911_cov_12.089901	357	409	21	1	52	0.0192308
NODE_8591_length_911_cov_12.089901	357	409	22	11	52	0.2115385
NODE_8591_length_911_cov_12.089901	401	462	0	6	61	0.0983607
NODE_8591_length_911_cov_12.089901	401	462	4	16	61	0.2622951
NODE_8591_length_911_cov_12.089901	401	462	6	1	61	0.0163934
NODE_8591_length_911_cov_12.089901	401	462	8	7	61	0.1147541
NODE_8591_length_911_cov_12.089901	401	462	13	1	61	0.0163934
NODE_8591_length_911_cov_12.089901	401	462	14	12	61	0.1967213
NODE_8591_length_911_cov_12.089901	401	462	16	16	61	0.2622951
NODE_8591_length_911_cov_12.089901	401	462	18	2	61	0.0327869
NODE_8606_length_910_cov_27.838471	347	427	0	14	80	0.1750000
NODE_8606_length_910_cov_27.838471	347	427	6	66	80	0.8250000
NODE_8606_length_910_cov_27.838471	400	480	0	15	80	0.1875000
NODE_8606_length_910_cov_27.838471	400	480	6	65	80	0.8125000
NODE_8607_length_910_cov_25.895191	361	441	8	26	80	0.3250000
NODE_8607_length_910_cov_25.895191	361	441	14	45	80	0.5625000
NODE_8607_length_910_cov_25.895191	361	441	16	9	80	0.1125000
NODE_8607_length_910_cov_25.895191	414	494	8	47	80	0.5875000
NODE_8607_length_910_cov_25.895191	414	494	10	6	80	0.0750000
NODE_8607_length_910_cov_25.895191	414	494	14	18	80	0.2250000
NODE_8607_length_910_cov_25.895191	414	494	16	9	80	0.1125000
NODE_8608_length_910_cov_25.604192	294	374	2	80	80	1.0000000
NODE_8608_length_910_cov_25.604192	347	427	0	48	80	0.6000000
NODE_8608_length_910_cov_25.604192	347	427	2	32	80	0.4000000
NODE_8608_length_910_cov_25.604192	423	503	0	52	80	0.6500000
NODE_8608_length_910_cov_25.604192	423	503	1	1	80	0.0125000
NODE_8608_length_910_cov_25.604192	423	503	4	6	80	0.0750000
NODE_8608_length_910_cov_25.604192	423	503	6	4	80	0.0500000
NODE_8608_length_910_cov_25.604192	423	503	7	1	80	0.0125000
NODE_8608_length_910_cov_25.604192	423	503	8	16	80	0.2000000
NODE_8608_length_910_cov_25.604192	476	556	4	6	80	0.0750000
NODE_8608_length_910_cov_25.604192	476	556	6	4	80	0.0500000
NODE_8608_length_910_cov_25.604192	476	556	7	1	80	0.0125000
NODE_8608_length_910_cov_25.604192	476	556	8	69	80	0.8625000
NODE_8609_length_910_cov_16.066584	656	736	4	12	80	0.1500000
NODE_8609_length_910_cov_16.066584	656	736	10	11	80	0.1375000
NODE_8609_length_910_cov_16.066584	656	736	11	18	80	0.2250000
NODE_8609_length_910_cov_16.066584	656	736	12	39	80	0.4875000
NODE_8609_length_910_cov_16.066584	709	789	9	20	80	0.2500000
NODE_8609_length_910_cov_16.066584	709	789	10	30	80	0.3750000
NODE_8609_length_910_cov_16.066584	709	789	11	16	80	0.2000000
NODE_8609_length_910_cov_16.066584	709	789	12	14	80	0.1750000
NODE_8610_length_910_cov_14.696671	417	497	6	44	80	0.5500000
NODE_8610_length_910_cov_14.696671	417	497	8	36	80	0.4500000
NODE_8610_length_910_cov_14.696671	470	550	6	55	80	0.6875000
NODE_8610_length_910_cov_14.696671	470	550	7	1	80	0.0125000
NODE_8610_length_910_cov_14.696671	470	550	8	24	80	0.3000000
NODE_8612_length_910_cov_7.114673	442	522	2	19	80	0.2375000
NODE_8612_length_910_cov_7.114673	442	522	4	37	80	0.4625000
NODE_8612_length_910_cov_7.114673	442	522	6	24	80	0.3000000
NODE_8612_length_910_cov_7.114673	495	575	0	19	80	0.2375000
NODE_8612_length_910_cov_7.114673	495	575	4	61	80	0.7625000
NODE_8614_length_910_cov_2.992602	196	269	16	3	73	0.0410959
NODE_8614_length_910_cov_2.992602	196	269	20	4	73	0.0547945
NODE_8614_length_910_cov_2.992602	196	269	22	3	73	0.0410959
NODE_8614_length_910_cov_2.992602	196	269	26	1	73	0.0136986
NODE_8614_length_910_cov_2.992602	196	269	28	1	73	0.0136986
NODE_8614_length_910_cov_2.992602	196	269	29	3	73	0.0410959
NODE_8614_length_910_cov_2.992602	196	269	31	1	73	0.0136986
NODE_8614_length_910_cov_2.992602	196	269	32	2	73	0.0273973
NODE_8614_length_910_cov_2.992602	196	269	34	2	73	0.0273973
NODE_8614_length_910_cov_2.992602	196	269	38	1	73	0.0136986
NODE_8614_length_910_cov_2.992602	196	269	39	4	73	0.0547945
NODE_8614_length_910_cov_2.992602	196	269	42	6	73	0.0821918
NODE_8614_length_910_cov_2.992602	196	269	44	1	73	0.0136986
NODE_8614_length_910_cov_2.992602	196	269	48	3	73	0.0410959
NODE_8614_length_910_cov_2.992602	196	269	50	3	73	0.0410959
NODE_8614_length_910_cov_2.992602	196	269	51	5	73	0.0684932
NODE_8614_length_910_cov_2.992602	196	269	54	3	73	0.0410959
NODE_8614_length_910_cov_2.992602	196	269	59	4	73	0.0547945
NODE_8614_length_910_cov_2.992602	196	269	61	1	73	0.0136986
NODE_8614_length_910_cov_2.992602	196	269	65	5	73	0.0684932
NODE_8614_length_910_cov_2.992602	196	269	67	1	73	0.0136986
NODE_8614_length_910_cov_2.992602	196	269	68	7	73	0.0958904
NODE_8614_length_910_cov_2.992602	196	269	70	4	73	0.0547945
NODE_8614_length_910_cov_2.992602	196	269	71	5	73	0.0684932
NODE_8614_length_910_cov_2.992602	249	329	65	3	80	0.0375000
NODE_8614_length_910_cov_2.992602	249	329	67	1	80	0.0125000
NODE_8614_length_910_cov_2.992602	249	329	68	7	80	0.0875000
NODE_8614_length_910_cov_2.992602	249	329	70	7	80	0.0875000
NODE_8614_length_910_cov_2.992602	249	329	71	5	80	0.0625000
NODE_8614_length_910_cov_2.992602	249	329	72	4	80	0.0500000
NODE_8614_length_910_cov_2.992602	249	329	73	10	80	0.1250000
NODE_8614_length_910_cov_2.992602	249	329	74	3	80	0.0375000
NODE_8614_length_910_cov_2.992602	249	329	75	3	80	0.0375000
NODE_8614_length_910_cov_2.992602	249	329	76	10	80	0.1250000
NODE_8614_length_910_cov_2.992602	249	329	77	3	80	0.0375000
NODE_8614_length_910_cov_2.992602	249	329	78	11	80	0.1375000
NODE_8614_length_910_cov_2.992602	249	329	79	9	80	0.1125000
NODE_8614_length_910_cov_2.992602	249	329	80	4	80	0.0500000
NODE_8614_length_910_cov_2.992602	386	439	28	2	53	0.0377358
NODE_8614_length_910_cov_2.992602	386	439	34	7	53	0.1320755
NODE_8614_length_910_cov_2.992602	386	439	35	11	53	0.2075472
NODE_8614_length_910_cov_2.992602	386	439	37	4	53	0.0754717
NODE_8614_length_910_cov_2.992602	386	439	41	3	53	0.0566038
NODE_8614_length_910_cov_2.992602	386	439	45	4	53	0.0754717
NODE_8614_length_910_cov_2.992602	386	439	46	2	53	0.0377358
NODE_8614_length_910_cov_2.992602	386	439	47	5	53	0.0943396
NODE_8614_length_910_cov_2.992602	386	439	50	1	53	0.0188679
NODE_8614_length_910_cov_2.992602	386	439	51	8	53	0.1509434
NODE_8614_length_910_cov_2.992602	386	439	56	3	53	0.0566038
NODE_8614_length_910_cov_2.992602	386	439	60	1	53	0.0188679
NODE_8614_length_910_cov_2.992602	386	439	64	2	53	0.0377358
NODE_8623_length_909_cov_35.291358	426	506	0	17	80	0.2125000
NODE_8623_length_909_cov_35.291358	426	506	4	63	80	0.7875000
NODE_8623_length_909_cov_35.291358	479	559	2	26	80	0.3250000
NODE_8623_length_909_cov_35.291358	479	559	4	37	80	0.4625000
NODE_8623_length_909_cov_35.291358	479	559	6	17	80	0.2125000
NODE_8624_length_909_cov_27.449383	311	391	0	32	80	0.4000000
NODE_8624_length_909_cov_27.449383	311	391	2	48	80	0.6000000
NODE_8624_length_909_cov_27.449383	364	444	2	80	80	1.0000000
NODE_8625_length_909_cov_25.212346	295	375	0	80	80	1.0000000
NODE_8625_length_909_cov_25.212346	348	428	0	80	80	1.0000000
NODE_8626_length_909_cov_23.604938	403	483	0	6	80	0.0750000
NODE_8626_length_909_cov_23.604938	403	483	2	3	80	0.0375000
NODE_8626_length_909_cov_23.604938	403	483	4	71	80	0.8875000
NODE_8626_length_909_cov_23.604938	456	536	0	2	80	0.0250000
NODE_8626_length_909_cov_23.604938	456	536	2	19	80	0.2375000
NODE_8626_length_909_cov_23.604938	456	536	4	59	80	0.7375000
NODE_8627_length_909_cov_19.070370	441	521	0	39	80	0.4875000
NODE_8627_length_909_cov_19.070370	441	521	2	41	80	0.5125000
NODE_8627_length_909_cov_19.070370	494	574	2	80	80	1.0000000
NODE_8628_length_909_cov_11.533333	332	412	0	10	80	0.1250000
NODE_8628_length_909_cov_11.533333	332	412	2	47	80	0.5875000
NODE_8628_length_909_cov_11.533333	332	412	3	4	80	0.0500000
NODE_8628_length_909_cov_11.533333	332	412	4	19	80	0.2375000
NODE_8628_length_909_cov_11.533333	385	465	0	63	80	0.7875000
NODE_8628_length_909_cov_11.533333	385	465	2	17	80	0.2125000
NODE_8629_length_909_cov_10.229630	497	577	2	80	80	1.0000000
NODE_8629_length_909_cov_10.229630	550	622	0	41	72	0.5694444
NODE_8629_length_909_cov_10.229630	550	622	2	31	72	0.4305556
NODE_8631_length_909_cov_7.122222	328	408	6	45	80	0.5625000
NODE_8631_length_909_cov_7.122222	328	408	8	35	80	0.4375000
NODE_8631_length_909_cov_7.122222	381	461	2	28	80	0.3500000
NODE_8631_length_909_cov_7.122222	381	461	8	52	80	0.6500000
NODE_8632_length_909_cov_4.664198	775	855	2	40	80	0.5000000
NODE_8632_length_909_cov_4.664198	775	855	3	25	80	0.3125000
NODE_8632_length_909_cov_4.664198	775	855	4	3	80	0.0375000
NODE_8632_length_909_cov_4.664198	775	855	5	8	80	0.1000000
NODE_8632_length_909_cov_4.664198	775	855	6	4	80	0.0500000
NODE_8632_length_909_cov_4.664198	828	885	0	22	57	0.3859649
NODE_8632_length_909_cov_4.664198	828	885	2	35	57	0.6140351
NODE_8644_length_908_cov_55.546354	409	489	0	35	80	0.4375000
NODE_8644_length_908_cov_55.546354	409	489	4	45	80	0.5625000
NODE_8644_length_908_cov_55.546354	462	542	0	80	80	1.0000000
NODE_8645_length_908_cov_18.720643	329	409	0	75	80	0.9375000
NODE_8645_length_908_cov_18.720643	329	409	4	5	80	0.0625000
NODE_8645_length_908_cov_18.720643	382	462	0	22	80	0.2750000
NODE_8645_length_908_cov_18.720643	382	462	4	58	80	0.7250000
NODE_8646_length_908_cov_14.640297	430	510	0	80	80	1.0000000
NODE_8646_length_908_cov_14.640297	483	562	0	79	79	1.0000000
NODE_8648_length_908_cov_10.789864	370	450	0	34	80	0.4250000
NODE_8648_length_908_cov_10.789864	370	450	2	46	80	0.5750000
NODE_8648_length_908_cov_10.789864	423	503	0	17	80	0.2125000
NODE_8648_length_908_cov_10.789864	423	503	2	63	80	0.7875000
NODE_8651_length_908_cov_3.737948	251	331	0	80	80	1.0000000
NODE_8651_length_908_cov_3.737948	304	384	0	64	80	0.8000000
NODE_8651_length_908_cov_3.737948	304	384	2	16	80	0.2000000
NODE_8664_length_907_cov_22.110149	459	539	2	24	80	0.3000000
NODE_8664_length_907_cov_22.110149	459	539	4	29	80	0.3625000
NODE_8664_length_907_cov_22.110149	459	539	6	27	80	0.3375000
NODE_8664_length_907_cov_22.110149	512	592	0	41	80	0.5125000
NODE_8664_length_907_cov_22.110149	512	592	4	39	80	0.4875000
NODE_8665_length_907_cov_20.943069	410	490	0	30	80	0.3750000
NODE_8665_length_907_cov_20.943069	410	490	2	50	80	0.6250000
NODE_8665_length_907_cov_20.943069	463	543	0	9	80	0.1125000
NODE_8665_length_907_cov_20.943069	463	543	2	71	80	0.8875000
NODE_8666_length_907_cov_19.519802	411	488	0	45	77	0.5844156
NODE_8666_length_907_cov_19.519802	411	488	2	32	77	0.4155844
NODE_8666_length_907_cov_19.519802	461	541	2	80	80	1.0000000
NODE_8667_length_907_cov_17.928218	329	405	0	76	76	1.0000000
NODE_8667_length_907_cov_17.928218	382	462	0	80	80	1.0000000
NODE_8668_length_907_cov_13.060644	293	373	0	26	80	0.3250000
NODE_8668_length_907_cov_13.060644	293	373	2	54	80	0.6750000
NODE_8668_length_907_cov_13.060644	346	426	0	79	80	0.9875000
NODE_8668_length_907_cov_13.060644	346	426	2	1	80	0.0125000
NODE_8669_length_907_cov_11.155941	401	462	0	20	61	0.3278688
NODE_8669_length_907_cov_11.155941	401	462	2	41	61	0.6721311
NODE_8669_length_907_cov_11.155941	607	687	0	80	80	1.0000000
NODE_8670_length_907_cov_9.237624	247	327	0	80	80	1.0000000
NODE_8670_length_907_cov_9.237624	300	380	0	80	80	1.0000000
NODE_8671_length_907_cov_8.686881	275	365	0	32	90	0.3555556
NODE_8671_length_907_cov_8.686881	275	365	4	24	90	0.2666667
NODE_8671_length_907_cov_8.686881	275	365	6	34	90	0.3777778
NODE_8671_length_907_cov_8.686881	338	418	6	80	80	1.0000000
NODE_8680_length_907_cov_2.949257	503	526	0	23	23	1.0000000
NODE_8686_length_906_cov_32.369269	447	527	0	80	80	1.0000000
NODE_8686_length_906_cov_32.369269	500	580	0	80	80	1.0000000
NODE_8687_length_906_cov_23.594796	196	276	2	13	80	0.1625000
NODE_8687_length_906_cov_23.594796	196	276	6	67	80	0.8375000
NODE_8687_length_906_cov_23.594796	249	329	2	45	80	0.5625000
NODE_8687_length_906_cov_23.594796	249	329	4	21	80	0.2625000
NODE_8687_length_906_cov_23.594796	249	329	6	14	80	0.1750000
NODE_8688_length_906_cov_21.443618	404	484	0	80	80	1.0000000
NODE_8688_length_906_cov_21.443618	457	537	0	80	80	1.0000000
NODE_8689_length_906_cov_20.596035	593	634	8	11	41	0.2682927
NODE_8689_length_906_cov_20.596035	593	634	10	3	41	0.0731707
NODE_8689_length_906_cov_20.596035	593	634	12	27	41	0.6585366
NODE_8690_length_906_cov_20.429988	410	490	0	80	80	1.0000000
NODE_8690_length_906_cov_20.429988	463	543	0	80	80	1.0000000
NODE_8691_length_906_cov_20.395291	523	603	0	12	80	0.1500000
NODE_8691_length_906_cov_20.395291	523	603	4	68	80	0.8500000
NODE_8691_length_906_cov_20.395291	576	656	0	44	80	0.5500000
NODE_8691_length_906_cov_20.395291	576	656	4	36	80	0.4500000
NODE_8692_length_906_cov_19.297398	255	335	2	57	80	0.7125000
NODE_8692_length_906_cov_19.297398	255	335	4	23	80	0.2875000
NODE_8692_length_906_cov_19.297398	308	388	0	43	80	0.5375000
NODE_8692_length_906_cov_19.297398	308	388	2	37	80	0.4625000
NODE_8693_length_906_cov_18.505576	357	437	0	19	80	0.2375000
NODE_8693_length_906_cov_18.505576	357	437	4	17	80	0.2125000
NODE_8693_length_906_cov_18.505576	357	437	8	44	80	0.5500000
NODE_8693_length_906_cov_18.505576	410	490	0	72	80	0.9000000
NODE_8693_length_906_cov_18.505576	410	490	4	8	80	0.1000000
NODE_8694_length_906_cov_10.068154	191	271	0	80	80	1.0000000
NODE_8694_length_906_cov_10.068154	244	324	0	80	80	1.0000000
NODE_8695_length_906_cov_10.006196	304	384	0	80	80	1.0000000
NODE_8695_length_906_cov_10.006196	357	437	0	31	80	0.3875000
NODE_8695_length_906_cov_10.006196	357	437	2	49	80	0.6125000
NODE_8696_length_906_cov_8.562577	370	454	0	84	84	1.0000000
NODE_8696_length_906_cov_8.562577	423	507	0	39	84	0.4642857
NODE_8696_length_906_cov_8.562577	423	507	2	36	84	0.4285714
NODE_8696_length_906_cov_8.562577	423	507	4	9	84	0.1071429
NODE_8716_length_905_cov_39.203474	406	486	0	9	80	0.1125000
NODE_8716_length_905_cov_39.203474	406	486	2	71	80	0.8875000
NODE_8716_length_905_cov_39.203474	459	539	0	25	80	0.3125000
NODE_8716_length_905_cov_39.203474	459	539	2	55	80	0.6875000
NODE_8717_length_905_cov_37.053350	411	491	4	8	80	0.1000000
NODE_8717_length_905_cov_37.053350	411	491	6	33	80	0.4125000
NODE_8717_length_905_cov_37.053350	411	491	7	5	80	0.0625000
NODE_8717_length_905_cov_37.053350	411	491	8	2	80	0.0250000
NODE_8717_length_905_cov_37.053350	411	491	10	32	80	0.4000000
NODE_8717_length_905_cov_37.053350	464	544	4	24	80	0.3000000
NODE_8717_length_905_cov_37.053350	464	544	5	1	80	0.0125000
NODE_8717_length_905_cov_37.053350	464	544	6	12	80	0.1500000
NODE_8717_length_905_cov_37.053350	464	544	7	5	80	0.0625000
NODE_8717_length_905_cov_37.053350	464	544	8	17	80	0.2125000
NODE_8717_length_905_cov_37.053350	464	544	9	8	80	0.1000000
NODE_8717_length_905_cov_37.053350	464	544	10	13	80	0.1625000
NODE_8718_length_905_cov_27.426799	288	368	2	1	80	0.0125000
NODE_8718_length_905_cov_27.426799	288	368	4	26	80	0.3250000
NODE_8718_length_905_cov_27.426799	288	368	6	53	80	0.6625000
NODE_8718_length_905_cov_27.426799	341	421	0	4	80	0.0500000
NODE_8718_length_905_cov_27.426799	341	421	2	17	80	0.2125000
NODE_8718_length_905_cov_27.426799	341	421	4	58	80	0.7250000
NODE_8718_length_905_cov_27.426799	341	421	6	1	80	0.0125000
NODE_8719_length_905_cov_26.332506	375	455	0	60	80	0.7500000
NODE_8719_length_905_cov_26.332506	375	455	2	20	80	0.2500000
NODE_8719_length_905_cov_26.332506	428	508	0	22	80	0.2750000
NODE_8719_length_905_cov_26.332506	428	508	2	58	80	0.7250000
NODE_8720_length_905_cov_20.651365	377	457	0	6	80	0.0750000
NODE_8720_length_905_cov_20.651365	377	457	2	50	80	0.6250000
NODE_8720_length_905_cov_20.651365	377	457	3	13	80	0.1625000
NODE_8720_length_905_cov_20.651365	377	457	4	11	80	0.1375000
NODE_8720_length_905_cov_20.651365	430	510	2	4	80	0.0500000
NODE_8720_length_905_cov_20.651365	430	510	3	13	80	0.1625000
NODE_8720_length_905_cov_20.651365	430	510	4	63	80	0.7875000
NODE_8721_length_905_cov_19.718362	365	445	0	37	80	0.4625000
NODE_8721_length_905_cov_19.718362	365	445	2	34	80	0.4250000
NODE_8721_length_905_cov_19.718362	365	445	4	9	80	0.1125000
NODE_8721_length_905_cov_19.718362	418	498	2	18	80	0.2250000
NODE_8721_length_905_cov_19.718362	418	498	4	62	80	0.7750000
NODE_8722_length_905_cov_13.696030	366	420	0	54	54	1.0000000
NODE_8723_length_905_cov_9.978908	222	302	0	80	80	1.0000000
NODE_8723_length_905_cov_9.978908	275	355	0	49	80	0.6125000
NODE_8723_length_905_cov_9.978908	275	355	2	31	80	0.3875000
NODE_8725_length_905_cov_7.980149	321	401	0	80	80	1.0000000
NODE_8725_length_905_cov_7.980149	374	454	0	53	80	0.6625000
NODE_8725_length_905_cov_7.980149	374	454	2	27	80	0.3375000
NODE_8727_length_905_cov_6.064516	459	539	0	26	80	0.3250000
NODE_8727_length_905_cov_6.064516	459	539	2	54	80	0.6750000
NODE_8727_length_905_cov_6.064516	512	592	0	19	80	0.2375000
NODE_8727_length_905_cov_6.064516	512	592	2	61	80	0.7625000
NODE_8742_length_905_cov_1.040943	73	119	8	7	46	0.1521739
NODE_8742_length_905_cov_1.040943	73	119	10	2	46	0.0434783
NODE_8742_length_905_cov_1.040943	73	119	12	10	46	0.2173913
NODE_8742_length_905_cov_1.040943	73	119	14	27	46	0.5869565
NODE_8742_length_905_cov_1.040943	126	172	6	10	46	0.2173913
NODE_8742_length_905_cov_1.040943	126	172	8	5	46	0.1086956
NODE_8742_length_905_cov_1.040943	126	172	10	27	46	0.5869565
NODE_8742_length_905_cov_1.040943	126	172	12	4	46	0.0869565
NODE_8743_length_904_cov_29.532919	338	418	0	80	80	1.0000000
NODE_8743_length_904_cov_29.532919	391	471	0	79	80	0.9875000
NODE_8743_length_904_cov_29.532919	391	471	3	1	80	0.0125000
NODE_8743_length_904_cov_29.532919	467	547	0	3	80	0.0375000
NODE_8743_length_904_cov_29.532919	467	547	3	77	80	0.9625000
NODE_8743_length_904_cov_29.532919	520	600	0	29	80	0.3625000
NODE_8743_length_904_cov_29.532919	520	600	3	51	80	0.6375000
NODE_8744_length_904_cov_28.844720	371	451	0	55	80	0.6875000
NODE_8744_length_904_cov_28.844720	371	451	2	25	80	0.3125000
NODE_8744_length_904_cov_28.844720	424	504	0	2	80	0.0250000
NODE_8744_length_904_cov_28.844720	424	504	2	72	80	0.9000000
NODE_8744_length_904_cov_28.844720	424	504	4	6	80	0.0750000
NODE_8745_length_904_cov_26.977640	488	568	2	53	80	0.6625000
NODE_8745_length_904_cov_26.977640	488	568	4	27	80	0.3375000
NODE_8745_length_904_cov_26.977640	541	621	0	26	80	0.3250000
NODE_8745_length_904_cov_26.977640	541	621	2	50	80	0.6250000
NODE_8745_length_904_cov_26.977640	541	621	4	4	80	0.0500000
NODE_8746_length_904_cov_24.529193	464	544	0	68	80	0.8500000
NODE_8746_length_904_cov_24.529193	464	544	2	12	80	0.1500000
NODE_8746_length_904_cov_24.529193	517	597	0	80	80	1.0000000
NODE_8747_length_904_cov_24.452174	507	587	17	11	80	0.1375000
NODE_8747_length_904_cov_24.452174	507	587	19	2	80	0.0250000
NODE_8747_length_904_cov_24.452174	507	587	22	29	80	0.3625000
NODE_8747_length_904_cov_24.452174	507	587	23	17	80	0.2125000
NODE_8747_length_904_cov_24.452174	507	587	25	7	80	0.0875000
NODE_8747_length_904_cov_24.452174	507	587	26	14	80	0.1750000
NODE_8747_length_904_cov_24.452174	560	640	0	52	80	0.6500000
NODE_8747_length_904_cov_24.452174	560	640	17	12	80	0.1500000
NODE_8747_length_904_cov_24.452174	560	640	19	2	80	0.0250000
NODE_8747_length_904_cov_24.452174	560	640	22	14	80	0.1750000
NODE_8748_length_904_cov_19.649689	307	387	0	2	80	0.0250000
NODE_8748_length_904_cov_19.649689	307	387	2	13	80	0.1625000
NODE_8748_length_904_cov_19.649689	307	387	4	43	80	0.5375000
NODE_8748_length_904_cov_19.649689	307	387	6	22	80	0.2750000
NODE_8748_length_904_cov_19.649689	360	440	0	55	80	0.6875000
NODE_8748_length_904_cov_19.649689	360	440	2	13	80	0.1625000
NODE_8748_length_904_cov_19.649689	360	440	4	12	80	0.1500000
NODE_8748_length_904_cov_19.649689	595	675	0	80	80	1.0000000
NODE_8748_length_904_cov_19.649689	648	728	0	80	80	1.0000000
NODE_8750_length_904_cov_16.608696	252	332	2	21	80	0.2625000
NODE_8750_length_904_cov_16.608696	252	332	4	59	80	0.7375000
NODE_8750_length_904_cov_16.608696	305	385	2	15	80	0.1875000
NODE_8750_length_904_cov_16.608696	305	385	3	23	80	0.2875000
NODE_8750_length_904_cov_16.608696	305	385	4	42	80	0.5250000
NODE_8750_length_904_cov_16.608696	381	461	2	59	80	0.7375000
NODE_8750_length_904_cov_16.608696	381	461	4	21	80	0.2625000
NODE_8750_length_904_cov_16.608696	434	514	2	36	80	0.4500000
NODE_8750_length_904_cov_16.608696	434	514	4	44	80	0.5500000
NODE_8751_length_904_cov_15.811180	431	511	0	50	80	0.6250000
NODE_8751_length_904_cov_15.811180	431	511	8	4	80	0.0500000
NODE_8751_length_904_cov_15.811180	431	511	10	6	80	0.0750000
NODE_8751_length_904_cov_15.811180	431	511	12	5	80	0.0625000
NODE_8751_length_904_cov_15.811180	431	511	17	14	80	0.1750000
NODE_8751_length_904_cov_15.811180	431	511	21	1	80	0.0125000
NODE_8751_length_904_cov_15.811180	484	564	8	1	80	0.0125000
NODE_8751_length_904_cov_15.811180	484	564	10	6	80	0.0750000
NODE_8751_length_904_cov_15.811180	484	564	12	5	80	0.0625000
NODE_8751_length_904_cov_15.811180	484	564	17	14	80	0.1750000
NODE_8751_length_904_cov_15.811180	484	564	21	1	80	0.0125000
NODE_8751_length_904_cov_15.811180	484	564	22	53	80	0.6625000
NODE_8752_length_904_cov_9.249689	581	661	0	80	80	1.0000000
NODE_8752_length_904_cov_9.249689	634	714	0	80	80	1.0000000
NODE_8756_length_904_cov_4.772671	318	398	0	80	80	1.0000000
NODE_8756_length_904_cov_4.772671	371	451	0	80	80	1.0000000
NODE_8773_length_903_cov_58.723881	386	466	14	2	80	0.0250000
NODE_8773_length_903_cov_58.723881	386	466	16	6	80	0.0750000
NODE_8773_length_903_cov_58.723881	386	466	20	19	80	0.2375000
NODE_8773_length_903_cov_58.723881	386	466	21	6	80	0.0750000
NODE_8773_length_903_cov_58.723881	386	466	22	4	80	0.0500000
NODE_8773_length_903_cov_58.723881	386	466	26	8	80	0.1000000
NODE_8773_length_903_cov_58.723881	386	466	30	9	80	0.1125000
NODE_8773_length_903_cov_58.723881	386	466	32	9	80	0.1125000
NODE_8773_length_903_cov_58.723881	386	466	38	17	80	0.2125000
NODE_8773_length_903_cov_58.723881	439	519	30	1	80	0.0125000
NODE_8773_length_903_cov_58.723881	439	519	32	9	80	0.1125000
NODE_8773_length_903_cov_58.723881	439	519	34	6	80	0.0750000
NODE_8773_length_903_cov_58.723881	439	519	36	1	80	0.0125000
NODE_8773_length_903_cov_58.723881	439	519	38	50	80	0.6250000
NODE_8773_length_903_cov_58.723881	439	519	40	9	80	0.1125000
NODE_8773_length_903_cov_58.723881	439	519	43	1	80	0.0125000
NODE_8773_length_903_cov_58.723881	439	519	44	3	80	0.0375000
NODE_8773_length_903_cov_58.723881	515	595	18	17	80	0.2125000
NODE_8773_length_903_cov_58.723881	515	595	22	34	80	0.4250000
NODE_8773_length_903_cov_58.723881	515	595	24	8	80	0.1000000
NODE_8773_length_903_cov_58.723881	515	595	28	1	80	0.0125000
NODE_8773_length_903_cov_58.723881	515	595	29	1	80	0.0125000
NODE_8773_length_903_cov_58.723881	515	595	31	7	80	0.0875000
NODE_8773_length_903_cov_58.723881	515	595	36	3	80	0.0375000
NODE_8773_length_903_cov_58.723881	515	595	37	1	80	0.0125000
NODE_8773_length_903_cov_58.723881	515	595	38	8	80	0.1000000
NODE_8773_length_903_cov_58.723881	568	648	4	13	80	0.1625000
NODE_8773_length_903_cov_58.723881	568	648	6	9	80	0.1125000
NODE_8773_length_903_cov_58.723881	568	648	9	7	80	0.0875000
NODE_8773_length_903_cov_58.723881	568	648	11	8	80	0.1000000
NODE_8773_length_903_cov_58.723881	568	648	14	1	80	0.0125000
NODE_8773_length_903_cov_58.723881	568	648	16	10	80	0.1250000
NODE_8773_length_903_cov_58.723881	568	648	22	32	80	0.4000000
NODE_8774_length_903_cov_41.298507	397	477	0	80	80	1.0000000
NODE_8774_length_903_cov_41.298507	450	530	0	80	80	1.0000000
NODE_8775_length_903_cov_28.691542	394	474	0	2	80	0.0250000
NODE_8775_length_903_cov_28.691542	394	474	2	34	80	0.4250000
NODE_8775_length_903_cov_28.691542	394	474	4	12	80	0.1500000
NODE_8775_length_903_cov_28.691542	394	474	8	12	80	0.1500000
NODE_8775_length_903_cov_28.691542	394	474	10	3	80	0.0375000
NODE_8775_length_903_cov_28.691542	394	474	11	1	80	0.0125000
NODE_8775_length_903_cov_28.691542	394	474	12	16	80	0.2000000
NODE_8775_length_903_cov_28.691542	447	527	6	8	80	0.1000000
NODE_8775_length_903_cov_28.691542	447	527	8	7	80	0.0875000
NODE_8775_length_903_cov_28.691542	447	527	10	48	80	0.6000000
NODE_8775_length_903_cov_28.691542	447	527	11	1	80	0.0125000
NODE_8775_length_903_cov_28.691542	447	527	12	16	80	0.2000000
NODE_8776_length_903_cov_26.276119	441	521	0	43	80	0.5375000
NODE_8776_length_903_cov_26.276119	441	521	5	1	80	0.0125000
NODE_8776_length_903_cov_26.276119	441	521	6	29	80	0.3625000
NODE_8776_length_903_cov_26.276119	441	521	10	7	80	0.0875000
NODE_8776_length_903_cov_26.276119	494	574	6	20	80	0.2500000
NODE_8776_length_903_cov_26.276119	494	574	10	60	80	0.7500000
NODE_8778_length_903_cov_18.166667	351	431	0	80	80	1.0000000
NODE_8778_length_903_cov_18.166667	404	484	0	80	80	1.0000000
NODE_8779_length_903_cov_15.460199	440	520	0	80	80	1.0000000
NODE_8779_length_903_cov_15.460199	493	573	0	33	80	0.4125000
NODE_8779_length_903_cov_15.460199	493	573	2	47	80	0.5875000
NODE_8780_length_903_cov_15.084577	352	432	0	80	80	1.0000000
NODE_8780_length_903_cov_15.084577	405	485	0	80	80	1.0000000
NODE_8781_length_903_cov_15.070896	367	447	2	80	80	1.0000000
NODE_8781_length_903_cov_15.070896	420	500	1	10	80	0.1250000
NODE_8781_length_903_cov_15.070896	420	500	2	70	80	0.8750000
NODE_8782_length_903_cov_14.004975	318	399	0	65	81	0.8024691
NODE_8782_length_903_cov_14.004975	318	399	2	16	81	0.1975309
NODE_8782_length_903_cov_14.004975	372	452	0	11	80	0.1375000
NODE_8782_length_903_cov_14.004975	372	452	2	69	80	0.8625000
NODE_8783_length_903_cov_10.546020	150	230	0	2	80	0.0250000
NODE_8783_length_903_cov_10.546020	150	230	2	34	80	0.4250000
NODE_8783_length_903_cov_10.546020	150	230	4	44	80	0.5500000
NODE_8783_length_903_cov_10.546020	203	283	0	13	80	0.1625000
NODE_8783_length_903_cov_10.546020	203	283	2	2	80	0.0250000
NODE_8783_length_903_cov_10.546020	203	283	4	65	80	0.8125000
NODE_8784_length_903_cov_9.288557	373	453	0	76	80	0.9500000
NODE_8784_length_903_cov_9.288557	373	453	2	4	80	0.0500000
NODE_8784_length_903_cov_9.288557	426	506	0	40	80	0.5000000
NODE_8784_length_903_cov_9.288557	426	506	2	40	80	0.5000000
NODE_8785_length_903_cov_8.052239	439	519	0	80	80	1.0000000
NODE_8785_length_903_cov_8.052239	492	572	0	80	80	1.0000000
NODE_8798_length_902_cov_64.459527	355	435	0	3	80	0.0375000
NODE_8798_length_902_cov_64.459527	355	435	2	77	80	0.9625000
NODE_8798_length_902_cov_64.459527	408	488	0	17	80	0.2125000
NODE_8798_length_902_cov_64.459527	408	488	2	63	80	0.7875000
NODE_8798_length_902_cov_64.459527	484	564	0	80	80	1.0000000
NODE_8798_length_902_cov_64.459527	537	617	0	28	80	0.3500000
NODE_8798_length_902_cov_64.459527	537	617	2	52	80	0.6500000
NODE_8799_length_902_cov_60.823163	395	475	0	29	80	0.3625000
NODE_8799_length_902_cov_60.823163	395	475	2	51	80	0.6375000
NODE_8799_length_902_cov_60.823163	448	528	0	41	80	0.5125000
NODE_8799_length_902_cov_60.823163	448	528	2	39	80	0.4875000
NODE_8800_length_902_cov_44.002491	383	463	4	8	80	0.1000000
NODE_8800_length_902_cov_44.002491	383	463	6	68	80	0.8500000
NODE_8800_length_902_cov_44.002491	383	463	8	4	80	0.0500000
NODE_8800_length_902_cov_44.002491	436	516	2	7	80	0.0875000
NODE_8800_length_902_cov_44.002491	436	516	3	1	80	0.0125000
NODE_8800_length_902_cov_44.002491	436	516	4	53	80	0.6625000
NODE_8800_length_902_cov_44.002491	436	516	6	15	80	0.1875000
NODE_8800_length_902_cov_44.002491	436	516	8	4	80	0.0500000
NODE_8801_length_902_cov_41.059776	378	458	8	13	80	0.1625000
NODE_8801_length_902_cov_41.059776	378	458	12	67	80	0.8375000
NODE_8801_length_902_cov_41.059776	431	511	0	44	80	0.5500000
NODE_8801_length_902_cov_41.059776	431	511	8	1	80	0.0125000
NODE_8801_length_902_cov_41.059776	431	511	12	35	80	0.4375000
NODE_8802_length_902_cov_38.952677	372	452	0	80	80	1.0000000
NODE_8802_length_902_cov_38.952677	425	505	0	80	80	1.0000000
NODE_8803_length_902_cov_34.156912	373	453	0	80	80	1.0000000
NODE_8803_length_902_cov_34.156912	426	506	0	80	80	1.0000000
NODE_8804_length_902_cov_23.007472	295	375	0	80	80	1.0000000
NODE_8804_length_902_cov_23.007472	348	428	0	80	80	1.0000000
NODE_8805_length_902_cov_19.491905	238	291	2	29	53	0.5471698
NODE_8805_length_902_cov_19.491905	238	291	7	8	53	0.1509434
NODE_8805_length_902_cov_19.491905	238	291	12	16	53	0.3018868
NODE_8805_length_902_cov_19.491905	264	344	2	3	80	0.0375000
NODE_8805_length_902_cov_19.491905	264	344	7	8	80	0.1000000
NODE_8805_length_902_cov_19.491905	264	344	9	14	80	0.1750000
NODE_8805_length_902_cov_19.491905	264	344	10	21	80	0.2625000
NODE_8805_length_902_cov_19.491905	264	344	12	34	80	0.4250000
NODE_8806_length_902_cov_10.794521	214	294	0	80	80	1.0000000
NODE_8806_length_902_cov_10.794521	267	347	0	80	80	1.0000000
NODE_8807_length_902_cov_9.520548	518	598	0	8	80	0.1000000
NODE_8807_length_902_cov_9.520548	518	598	2	72	80	0.9000000
NODE_8807_length_902_cov_9.520548	571	651	0	2	80	0.0250000
NODE_8807_length_902_cov_9.520548	571	651	2	78	80	0.9750000
NODE_8808_length_902_cov_8.323786	337	417	0	80	80	1.0000000
NODE_8808_length_902_cov_8.323786	390	470	0	80	80	1.0000000
NODE_8811_length_902_cov_7.300125	434	514	0	11	80	0.1375000
NODE_8811_length_902_cov_7.300125	434	514	1	1	80	0.0125000
NODE_8811_length_902_cov_7.300125	434	514	2	68	80	0.8500000
NODE_8811_length_902_cov_7.300125	487	567	0	64	80	0.8000000
NODE_8811_length_902_cov_7.300125	487	567	1	1	80	0.0125000
NODE_8811_length_902_cov_7.300125	487	567	2	15	80	0.1875000
NODE_8812_length_902_cov_4.185554	505	585	0	44	80	0.5500000
NODE_8812_length_902_cov_4.185554	505	585	2	36	80	0.4500000
NODE_8812_length_902_cov_4.185554	558	588	0	30	30	1.0000000
NODE_8812_length_902_cov_4.185554	610	662	0	52	52	1.0000000
NODE_8830_length_902_cov_0.963885	82	106	0	24	24	1.0000000
NODE_8832_length_901_cov_36.066085	412	490	0	78	78	1.0000000
NODE_8832_length_901_cov_36.066085	463	543	0	80	80	1.0000000
NODE_8833_length_901_cov_28.129676	377	457	0	30	80	0.3750000
NODE_8833_length_901_cov_28.129676	377	457	2	50	80	0.6250000
NODE_8833_length_901_cov_28.129676	430	510	0	17	80	0.2125000
NODE_8833_length_901_cov_28.129676	430	510	2	63	80	0.7875000
NODE_8834_length_901_cov_26.763092	272	352	0	80	80	1.0000000
NODE_8834_length_901_cov_26.763092	325	405	0	80	80	1.0000000
NODE_8834_length_901_cov_26.763092	401	481	0	80	80	1.0000000
NODE_8834_length_901_cov_26.763092	454	534	0	80	80	1.0000000
NODE_8835_length_901_cov_25.628429	369	449	4	3	80	0.0375000
NODE_8835_length_901_cov_25.628429	369	449	6	55	80	0.6875000
NODE_8835_length_901_cov_25.628429	369	449	8	13	80	0.1625000
NODE_8835_length_901_cov_25.628429	369	449	10	9	80	0.1125000
NODE_8835_length_901_cov_25.628429	422	502	4	56	80	0.7000000
NODE_8835_length_901_cov_25.628429	422	502	6	3	80	0.0375000
NODE_8835_length_901_cov_25.628429	422	502	8	12	80	0.1500000
NODE_8835_length_901_cov_25.628429	422	502	10	9	80	0.1125000
NODE_8836_length_901_cov_17.857855	408	488	0	17	80	0.2125000
NODE_8836_length_901_cov_17.857855	408	488	4	63	80	0.7875000
NODE_8836_length_901_cov_17.857855	461	541	4	80	80	1.0000000
NODE_8837_length_901_cov_16.254364	362	442	0	80	80	1.0000000
NODE_8837_length_901_cov_16.254364	415	495	0	80	80	1.0000000
NODE_8838_length_901_cov_8.346633	321	401	0	80	80	1.0000000
NODE_8838_length_901_cov_8.346633	374	454	0	80	80	1.0000000
NODE_8840_length_901_cov_6.044888	363	443	0	80	80	1.0000000
NODE_8840_length_901_cov_6.044888	416	496	0	80	80	1.0000000
NODE_8845_length_901_cov_3.814214	194	274	0	80	80	1.0000000
NODE_8845_length_901_cov_3.814214	247	326	0	79	79	1.0000000
NODE_8857_length_900_cov_30.284644	407	487	2	78	80	0.9750000
NODE_8857_length_900_cov_30.284644	407	487	4	2	80	0.0250000
NODE_8857_length_900_cov_30.284644	460	540	0	26	80	0.3250000
NODE_8857_length_900_cov_30.284644	460	540	2	54	80	0.6750000
NODE_8858_length_900_cov_29.679151	425	505	0	33	80	0.4125000
NODE_8858_length_900_cov_29.679151	425	505	2	5	80	0.0625000
NODE_8858_length_900_cov_29.679151	425	505	6	42	80	0.5250000
NODE_8858_length_900_cov_29.679151	478	558	0	29	80	0.3625000
NODE_8858_length_900_cov_29.679151	478	558	4	51	80	0.6375000
NODE_8859_length_900_cov_25.963795	321	401	0	48	80	0.6000000
NODE_8859_length_900_cov_25.963795	321	401	8	32	80	0.4000000
NODE_8859_length_900_cov_25.963795	374	454	8	80	80	1.0000000
NODE_8860_length_900_cov_17.681648	530	606	0	76	76	1.0000000
NODE_8860_length_900_cov_17.681648	583	659	0	76	76	1.0000000
NODE_8861_length_900_cov_16.294632	316	396	0	20	80	0.2500000
NODE_8861_length_900_cov_16.294632	316	396	2	60	80	0.7500000
NODE_8861_length_900_cov_16.294632	369	449	0	19	80	0.2375000
NODE_8861_length_900_cov_16.294632	369	449	2	61	80	0.7625000
NODE_8863_length_900_cov_5.962547	0	70	8	2	70	0.0285714
NODE_8863_length_900_cov_5.962547	0	70	12	1	70	0.0142857
NODE_8863_length_900_cov_5.962547	0	70	14	5	70	0.0714286
NODE_8863_length_900_cov_5.962547	0	70	20	1	70	0.0142857
NODE_8863_length_900_cov_5.962547	0	70	28	7	70	0.1000000
NODE_8863_length_900_cov_5.962547	0	70	30	6	70	0.0857143
NODE_8863_length_900_cov_5.962547	0	70	32	14	70	0.2000000
NODE_8863_length_900_cov_5.962547	0	70	34	6	70	0.0857143
NODE_8863_length_900_cov_5.962547	0	70	36	28	70	0.4000000
NODE_8863_length_900_cov_5.962547	43	108	8	3	65	0.0461538
NODE_8863_length_900_cov_5.962547	43	108	26	2	65	0.0307692
NODE_8863_length_900_cov_5.962547	43	108	32	1	65	0.0153846
NODE_8863_length_900_cov_5.962547	43	108	36	59	65	0.9076923
NODE_8870_length_900_cov_2.521848	85	165	0	80	80	1.0000000
NODE_8870_length_900_cov_2.521848	138	218	0	80	80	1.0000000
NODE_8879_length_899_cov_45.853750	380	460	0	30	80	0.3750000
NODE_8879_length_899_cov_45.853750	380	460	4	50	80	0.6250000
NODE_8879_length_899_cov_45.853750	433	516	0	24	83	0.2891566
NODE_8879_length_899_cov_45.853750	433	516	4	59	83	0.7108434
NODE_8880_length_899_cov_37.758750	381	461	2	38	80	0.4750000
NODE_8880_length_899_cov_37.758750	381	461	4	42	80	0.5250000
NODE_8880_length_899_cov_37.758750	434	514	2	40	80	0.5000000
NODE_8880_length_899_cov_37.758750	434	514	4	40	80	0.5000000
NODE_8881_length_899_cov_27.362500	413	493	4	5	80	0.0625000
NODE_8881_length_899_cov_27.362500	413	493	7	52	80	0.6500000
NODE_8881_length_899_cov_27.362500	413	493	9	15	80	0.1875000
NODE_8881_length_899_cov_27.362500	413	493	10	8	80	0.1000000
NODE_8881_length_899_cov_27.362500	466	546	0	33	80	0.4125000
NODE_8881_length_899_cov_27.362500	466	546	2	19	80	0.2375000
NODE_8881_length_899_cov_27.362500	466	546	4	6	80	0.0750000
NODE_8881_length_899_cov_27.362500	466	546	7	22	80	0.2750000
NODE_8882_length_899_cov_20.563750	379	459	0	80	80	1.0000000
NODE_8882_length_899_cov_20.563750	432	507	0	75	75	1.0000000
NODE_8884_length_899_cov_17.130000	319	399	0	76	80	0.9500000
NODE_8884_length_899_cov_17.130000	319	399	1	4	80	0.0500000
NODE_8884_length_899_cov_17.130000	372	452	0	80	80	1.0000000
NODE_8885_length_899_cov_16.317500	270	350	0	66	80	0.8250000
NODE_8885_length_899_cov_16.317500	270	350	2	14	80	0.1750000
NODE_8885_length_899_cov_16.317500	323	403	0	13	80	0.1625000
NODE_8885_length_899_cov_16.317500	323	403	2	67	80	0.8375000
NODE_8886_length_899_cov_16.190000	284	364	2	49	80	0.6125000
NODE_8886_length_899_cov_16.190000	284	364	4	31	80	0.3875000
NODE_8886_length_899_cov_16.190000	337	417	2	40	80	0.5000000
NODE_8886_length_899_cov_16.190000	337	417	3	1	80	0.0125000
NODE_8886_length_899_cov_16.190000	337	417	4	39	80	0.4875000
NODE_8887_length_899_cov_13.873750	317	397	4	80	80	1.0000000
NODE_8887_length_899_cov_13.873750	370	450	0	41	80	0.5125000
NODE_8887_length_899_cov_13.873750	370	450	4	39	80	0.4875000
NODE_8888_length_899_cov_12.957500	240	320	0	80	80	1.0000000
NODE_8888_length_899_cov_12.957500	293	373	0	80	80	1.0000000
NODE_8889_length_899_cov_12.516250	387	467	0	80	80	1.0000000
NODE_8889_length_899_cov_12.516250	440	520	0	80	80	1.0000000
NODE_8890_length_899_cov_10.846250	348	428	0	80	80	1.0000000
NODE_8890_length_899_cov_10.846250	401	485	0	84	84	1.0000000
NODE_8891_length_899_cov_9.185000	347	427	0	80	80	1.0000000
NODE_8891_length_899_cov_9.185000	400	480	0	80	80	1.0000000
NODE_8892_length_899_cov_8.655000	498	578	0	80	80	1.0000000
NODE_8892_length_899_cov_8.655000	551	631	0	80	80	1.0000000
NODE_8893_length_899_cov_3.551250	0	54	0	1	54	0.0185185
NODE_8893_length_899_cov_3.551250	0	54	2	5	54	0.0925926
NODE_8893_length_899_cov_3.551250	0	54	4	4	54	0.0740741
NODE_8893_length_899_cov_3.551250	0	54	6	4	54	0.0740741
NODE_8893_length_899_cov_3.551250	0	54	8	7	54	0.1296296
NODE_8893_length_899_cov_3.551250	0	54	10	1	54	0.0185185
NODE_8893_length_899_cov_3.551250	0	54	16	3	54	0.0555556
NODE_8893_length_899_cov_3.551250	0	54	20	4	54	0.0740741
NODE_8893_length_899_cov_3.551250	0	54	22	1	54	0.0185185
NODE_8893_length_899_cov_3.551250	0	54	24	2	54	0.0370370
NODE_8893_length_899_cov_3.551250	0	54	28	22	54	0.4074074
NODE_8893_length_899_cov_3.551250	27	107	20	2	80	0.0250000
NODE_8893_length_899_cov_3.551250	27	107	22	1	80	0.0125000
NODE_8893_length_899_cov_3.551250	27	107	24	2	80	0.0250000
NODE_8893_length_899_cov_3.551250	27	107	28	29	80	0.3625000
NODE_8893_length_899_cov_3.551250	27	107	30	18	80	0.2250000
NODE_8893_length_899_cov_3.551250	27	107	32	12	80	0.1500000
NODE_8893_length_899_cov_3.551250	27	107	34	16	80	0.2000000
NODE_8893_length_899_cov_3.551250	103	183	8	4	80	0.0500000
NODE_8893_length_899_cov_3.551250	103	183	10	4	80	0.0500000
NODE_8893_length_899_cov_3.551250	103	183	12	7	80	0.0875000
NODE_8893_length_899_cov_3.551250	103	183	14	12	80	0.1500000
NODE_8893_length_899_cov_3.551250	103	183	18	4	80	0.0500000
NODE_8893_length_899_cov_3.551250	103	183	20	3	80	0.0375000
NODE_8893_length_899_cov_3.551250	103	183	22	9	80	0.1125000
NODE_8893_length_899_cov_3.551250	103	183	24	14	80	0.1750000
NODE_8893_length_899_cov_3.551250	103	183	26	15	80	0.1875000
NODE_8893_length_899_cov_3.551250	103	183	28	2	80	0.0250000
NODE_8893_length_899_cov_3.551250	103	183	30	5	80	0.0625000
NODE_8893_length_899_cov_3.551250	103	183	34	1	80	0.0125000
NODE_8893_length_899_cov_3.551250	156	179	10	4	23	0.1739130
NODE_8893_length_899_cov_3.551250	156	179	12	7	23	0.3043478
NODE_8893_length_899_cov_3.551250	156	179	14	12	23	0.5217391
NODE_8914_length_898_cov_52.405507	299	379	0	67	80	0.8375000
NODE_8914_length_898_cov_52.405507	299	379	2	13	80	0.1625000
NODE_8914_length_898_cov_52.405507	352	432	0	80	80	1.0000000
NODE_8914_length_898_cov_52.405507	428	508	0	80	80	1.0000000
NODE_8914_length_898_cov_52.405507	481	561	0	80	80	1.0000000
NODE_8915_length_898_cov_44.973717	363	443	0	21	80	0.2625000
NODE_8915_length_898_cov_44.973717	363	443	2	59	80	0.7375000
NODE_8915_length_898_cov_44.973717	416	496	0	26	80	0.3250000
NODE_8915_length_898_cov_44.973717	416	496	2	54	80	0.6750000
NODE_8916_length_898_cov_38.269086	425	505	0	80	80	1.0000000
NODE_8916_length_898_cov_38.269086	478	558	0	80	80	1.0000000
NODE_8917_length_898_cov_27.006258	465	545	4	20	80	0.2500000
NODE_8917_length_898_cov_27.006258	465	545	6	55	80	0.6875000
NODE_8917_length_898_cov_27.006258	465	545	10	5	80	0.0625000
NODE_8917_length_898_cov_27.006258	518	598	4	33	80	0.4125000
NODE_8917_length_898_cov_27.006258	518	598	6	33	80	0.4125000
NODE_8917_length_898_cov_27.006258	518	598	8	3	80	0.0375000
NODE_8917_length_898_cov_27.006258	518	598	10	11	80	0.1375000
NODE_8918_length_898_cov_25.902378	185	265	2	3	80	0.0375000
NODE_8918_length_898_cov_25.902378	185	265	4	6	80	0.0750000
NODE_8918_length_898_cov_25.902378	185	265	6	71	80	0.8875000
NODE_8918_length_898_cov_25.902378	238	318	0	24	80	0.3000000
NODE_8918_length_898_cov_25.902378	238	318	2	15	80	0.1875000
NODE_8918_length_898_cov_25.902378	238	318	4	4	80	0.0500000
NODE_8918_length_898_cov_25.902378	238	318	6	37	80	0.4625000
NODE_8918_length_898_cov_25.902378	314	394	0	80	80	1.0000000
NODE_8918_length_898_cov_25.902378	367	447	0	80	80	1.0000000
NODE_8919_length_898_cov_25.209011	368	448	2	68	80	0.8500000
NODE_8919_length_898_cov_25.209011	368	448	4	7	80	0.0875000
NODE_8919_length_898_cov_25.209011	368	448	6	5	80	0.0625000
NODE_8919_length_898_cov_25.209011	421	501	0	30	80	0.3750000
NODE_8919_length_898_cov_25.209011	421	501	2	50	80	0.6250000
NODE_8920_length_898_cov_21.923655	325	405	0	80	80	1.0000000
NODE_8920_length_898_cov_21.923655	378	458	0	80	80	1.0000000
NODE_8921_length_898_cov_21.065081	306	386	0	80	80	1.0000000
NODE_8921_length_898_cov_21.065081	359	439	0	45	80	0.5625000
NODE_8921_length_898_cov_21.065081	359	439	2	35	80	0.4375000
NODE_8922_length_898_cov_20.954944	374	454	0	9	80	0.1125000
NODE_8922_length_898_cov_20.954944	374	454	2	28	80	0.3500000
NODE_8922_length_898_cov_20.954944	374	454	3	19	80	0.2375000
NODE_8922_length_898_cov_20.954944	374	454	4	3	80	0.0375000
NODE_8922_length_898_cov_20.954944	374	454	6	21	80	0.2625000
NODE_8922_length_898_cov_20.954944	427	507	3	3	80	0.0375000
NODE_8922_length_898_cov_20.954944	427	507	4	30	80	0.3750000
NODE_8922_length_898_cov_20.954944	427	507	6	47	80	0.5875000
NODE_8923_length_898_cov_17.387985	398	478	2	26	80	0.3250000
NODE_8923_length_898_cov_17.387985	398	478	4	54	80	0.6750000
NODE_8923_length_898_cov_17.387985	451	531	0	42	80	0.5250000
NODE_8923_length_898_cov_17.387985	451	531	2	37	80	0.4625000
NODE_8923_length_898_cov_17.387985	451	531	4	1	80	0.0125000
NODE_8924_length_898_cov_17.252816	265	345	0	16	80	0.2000000
NODE_8924_length_898_cov_17.252816	265	345	6	64	80	0.8000000
NODE_8924_length_898_cov_17.252816	318	398	0	35	80	0.4375000
NODE_8924_length_898_cov_17.252816	318	398	6	45	80	0.5625000
NODE_8926_length_898_cov_13.152691	455	535	0	80	80	1.0000000
NODE_8926_length_898_cov_13.152691	508	588	0	80	80	1.0000000
NODE_8927_length_898_cov_12.612015	375	455	4	68	80	0.8500000
NODE_8927_length_898_cov_12.612015	375	455	6	12	80	0.1500000
NODE_8927_length_898_cov_12.612015	428	508	2	15	80	0.1875000
NODE_8927_length_898_cov_12.612015	428	508	4	43	80	0.5375000
NODE_8927_length_898_cov_12.612015	428	508	6	22	80	0.2750000
NODE_8928_length_898_cov_12.498123	428	508	0	28	80	0.3500000
NODE_8928_length_898_cov_12.498123	428	508	4	52	80	0.6500000
NODE_8928_length_898_cov_12.498123	481	561	4	80	80	1.0000000
NODE_8932_length_898_cov_1.790989	0	56	0	1	56	0.0178571
NODE_8932_length_898_cov_1.790989	0	56	2	55	56	0.9821429
NODE_8932_length_898_cov_1.790989	29	93	2	62	64	0.9687500
NODE_8932_length_898_cov_1.790989	29	93	10	2	64	0.0312500
NODE_8944_length_897_cov_63.921053	350	430	0	11	80	0.1375000
NODE_8944_length_897_cov_63.921053	350	430	2	69	80	0.8625000
NODE_8944_length_897_cov_63.921053	403	483	2	80	80	1.0000000
NODE_8945_length_897_cov_58.921053	316	396	0	43	80	0.5375000
NODE_8945_length_897_cov_58.921053	316	396	2	35	80	0.4375000
NODE_8945_length_897_cov_58.921053	316	396	4	2	80	0.0250000
NODE_8945_length_897_cov_58.921053	369	449	0	17	80	0.2125000
NODE_8945_length_897_cov_58.921053	369	449	2	8	80	0.1000000
NODE_8945_length_897_cov_58.921053	369	449	4	55	80	0.6875000
NODE_8946_length_897_cov_35.946115	324	404	0	19	80	0.2375000
NODE_8946_length_897_cov_35.946115	324	404	2	61	80	0.7625000
NODE_8946_length_897_cov_35.946115	377	457	0	72	80	0.9000000
NODE_8946_length_897_cov_35.946115	377	457	2	8	80	0.1000000
NODE_8947_length_897_cov_25.548872	238	318	0	80	80	1.0000000
NODE_8947_length_897_cov_25.548872	291	371	0	80	80	1.0000000
NODE_8948_length_897_cov_24.913534	399	479	0	32	80	0.4000000
NODE_8948_length_897_cov_24.913534	399	479	2	48	80	0.6000000
NODE_8948_length_897_cov_24.913534	452	532	2	80	80	1.0000000
NODE_8949_length_897_cov_21.839599	308	388	0	50	80	0.6250000
NODE_8949_length_897_cov_21.839599	308	388	2	30	80	0.3750000
NODE_8949_length_897_cov_21.839599	361	441	0	80	80	1.0000000
NODE_8950_length_897_cov_19.355890	489	569	0	2	80	0.0250000
NODE_8950_length_897_cov_19.355890	489	569	2	78	80	0.9750000
NODE_8950_length_897_cov_19.355890	542	622	0	30	80	0.3750000
NODE_8950_length_897_cov_19.355890	542	622	2	50	80	0.6250000
NODE_8951_length_897_cov_16.295739	209	289	0	46	80	0.5750000
NODE_8951_length_897_cov_16.295739	209	289	2	34	80	0.4250000
NODE_8951_length_897_cov_16.295739	262	342	2	80	80	1.0000000
NODE_8952_length_897_cov_14.766917	395	475	0	24	80	0.3000000
NODE_8952_length_897_cov_14.766917	395	475	2	56	80	0.7000000
NODE_8952_length_897_cov_14.766917	448	528	0	35	80	0.4375000
NODE_8952_length_897_cov_14.766917	448	528	2	45	80	0.5625000
NODE_8953_length_897_cov_14.219298	253	333	0	4	80	0.0500000
NODE_8953_length_897_cov_14.219298	253	333	4	76	80	0.9500000
NODE_8953_length_897_cov_14.219298	306	386	0	30	80	0.3750000
NODE_8953_length_897_cov_14.219298	306	386	4	50	80	0.6250000
NODE_8954_length_897_cov_11.116541	182	262	2	23	80	0.2875000
NODE_8954_length_897_cov_11.116541	182	262	6	39	80	0.4875000
NODE_8954_length_897_cov_11.116541	182	262	8	18	80	0.2250000
NODE_8954_length_897_cov_11.116541	235	315	6	80	80	1.0000000
NODE_8955_length_897_cov_8.211779	303	383	0	80	80	1.0000000
NODE_8955_length_897_cov_8.211779	356	436	0	80	80	1.0000000
NODE_8973_length_896_cov_48.249686	397	477	15	64	80	0.8000000
NODE_8973_length_896_cov_48.249686	397	477	17	16	80	0.2000000
NODE_8973_length_896_cov_48.249686	450	530	2	4	80	0.0500000
NODE_8973_length_896_cov_48.249686	450	530	9	9	80	0.1125000
NODE_8973_length_896_cov_48.249686	450	530	15	11	80	0.1375000
NODE_8973_length_896_cov_48.249686	450	530	17	56	80	0.7000000
NODE_8974_length_896_cov_24.824341	213	293	0	53	80	0.6625000
NODE_8974_length_896_cov_24.824341	213	293	2	27	80	0.3375000
NODE_8974_length_896_cov_24.824341	266	346	0	80	80	1.0000000
NODE_8975_length_896_cov_23.130489	333	413	0	38	80	0.4750000
NODE_8975_length_896_cov_23.130489	333	413	2	42	80	0.5250000
NODE_8975_length_896_cov_23.130489	386	466	0	12	80	0.1500000
NODE_8975_length_896_cov_23.130489	386	466	2	68	80	0.8500000
NODE_8975_length_896_cov_23.130489	462	542	0	80	80	1.0000000
NODE_8975_length_896_cov_23.130489	515	595	0	80	80	1.0000000
NODE_8976_length_896_cov_20.673777	361	441	0	80	80	1.0000000
NODE_8976_length_896_cov_20.673777	414	497	0	65	83	0.7831326
NODE_8976_length_896_cov_20.673777	414	497	2	18	83	0.2168675
NODE_8977_length_896_cov_18.979925	418	498	1	8	80	0.1000000
NODE_8977_length_896_cov_18.979925	418	498	2	56	80	0.7000000
NODE_8977_length_896_cov_18.979925	418	498	4	16	80	0.2000000
NODE_8977_length_896_cov_18.979925	471	551	2	11	80	0.1375000
NODE_8977_length_896_cov_18.979925	471	551	3	38	80	0.4750000
NODE_8977_length_896_cov_18.979925	471	551	4	31	80	0.3875000
NODE_8978_length_896_cov_15.875784	340	420	0	54	80	0.6750000
NODE_8978_length_896_cov_15.875784	340	420	1	26	80	0.3250000
NODE_8978_length_896_cov_15.875784	393	473	0	1	80	0.0125000
NODE_8978_length_896_cov_15.875784	393	473	1	79	80	0.9875000
NODE_8980_length_896_cov_10.646173	337	417	4	41	80	0.5125000
NODE_8980_length_896_cov_10.646173	337	417	6	39	80	0.4875000
NODE_8980_length_896_cov_10.646173	390	470	2	41	80	0.5125000
NODE_8980_length_896_cov_10.646173	390	470	6	39	80	0.4875000
NODE_8981_length_896_cov_10.351317	327	407	0	80	80	1.0000000
NODE_8981_length_896_cov_10.351317	380	460	0	74	80	0.9250000
NODE_8981_length_896_cov_10.351317	380	460	1	6	80	0.0750000
NODE_8982_length_896_cov_9.754078	411	491	0	80	80	1.0000000
NODE_8982_length_896_cov_9.754078	464	544	0	80	80	1.0000000
NODE_8983_length_896_cov_8.069009	340	422	0	54	82	0.6585366
NODE_8983_length_896_cov_8.069009	340	422	2	28	82	0.3414634
NODE_8983_length_896_cov_8.069009	395	475	0	80	80	1.0000000
NODE_8986_length_896_cov_4.939774	384	464	0	80	80	1.0000000
NODE_8986_length_896_cov_4.939774	437	517	0	80	80	1.0000000
NODE_9005_length_895_cov_54.949749	378	458	4	18	80	0.2250000
NODE_9005_length_895_cov_54.949749	378	458	8	11	80	0.1375000
NODE_9005_length_895_cov_54.949749	378	458	10	51	80	0.6375000
NODE_9005_length_895_cov_54.949749	431	511	3	18	80	0.2250000
NODE_9005_length_895_cov_54.949749	431	511	8	28	80	0.3500000
NODE_9005_length_895_cov_54.949749	431	511	9	10	80	0.1250000
NODE_9005_length_895_cov_54.949749	431	511	10	24	80	0.3000000
NODE_9006_length_895_cov_53.945980	306	386	0	80	80	1.0000000
NODE_9006_length_895_cov_53.945980	359	439	0	80	80	1.0000000
NODE_9007_length_895_cov_48.915829	369	449	2	22	80	0.2750000
NODE_9007_length_895_cov_48.915829	369	449	4	58	80	0.7250000
NODE_9007_length_895_cov_48.915829	422	502	0	52	80	0.6500000
NODE_9007_length_895_cov_48.915829	422	502	2	14	80	0.1750000
NODE_9007_length_895_cov_48.915829	422	502	4	14	80	0.1750000
NODE_9007_length_895_cov_48.915829	498	578	0	13	80	0.1625000
NODE_9007_length_895_cov_48.915829	498	578	4	29	80	0.3625000
NODE_9007_length_895_cov_48.915829	498	578	10	38	80	0.4750000
NODE_9007_length_895_cov_48.915829	551	631	8	3	80	0.0375000
NODE_9007_length_895_cov_48.915829	551	631	10	46	80	0.5750000
NODE_9007_length_895_cov_48.915829	551	631	12	31	80	0.3875000
NODE_9008_length_895_cov_38.347990	452	532	0	77	80	0.9625000
NODE_9008_length_895_cov_38.347990	452	532	6	3	80	0.0375000
NODE_9008_length_895_cov_38.347990	505	585	0	24	80	0.3000000
NODE_9008_length_895_cov_38.347990	505	585	6	56	80	0.7000000
NODE_9009_length_895_cov_33.716080	418	499	36	19	81	0.2345679
NODE_9009_length_895_cov_33.716080	418	499	37	29	81	0.3580247
NODE_9009_length_895_cov_33.716080	418	499	38	1	81	0.0123457
NODE_9009_length_895_cov_33.716080	418	499	39	4	81	0.0493827
NODE_9009_length_895_cov_33.716080	418	499	45	1	81	0.0123457
NODE_9009_length_895_cov_33.716080	418	499	51	1	81	0.0123457
NODE_9009_length_895_cov_33.716080	418	499	57	2	81	0.0246914
NODE_9009_length_895_cov_33.716080	418	499	60	1	81	0.0123457
NODE_9009_length_895_cov_33.716080	418	499	61	1	81	0.0123457
NODE_9009_length_895_cov_33.716080	418	499	62	1	81	0.0123457
NODE_9009_length_895_cov_33.716080	418	499	64	1	81	0.0123457
NODE_9009_length_895_cov_33.716080	418	499	67	2	81	0.0246914
NODE_9009_length_895_cov_33.716080	418	499	68	16	81	0.1975309
NODE_9009_length_895_cov_33.716080	418	499	69	2	81	0.0246914
NODE_9009_length_895_cov_33.716080	472	552	0	12	80	0.1500000
NODE_9009_length_895_cov_33.716080	472	552	29	1	80	0.0125000
NODE_9009_length_895_cov_33.716080	472	552	31	22	80	0.2750000
NODE_9009_length_895_cov_33.716080	472	552	36	2	80	0.0250000
NODE_9009_length_895_cov_33.716080	472	552	37	43	80	0.5375000
NODE_9010_length_895_cov_21.630653	392	468	0	3	76	0.0394737
NODE_9010_length_895_cov_21.630653	392	468	2	34	76	0.4473684
NODE_9010_length_895_cov_21.630653	392	468	4	39	76	0.5131579
NODE_9010_length_895_cov_21.630653	441	521	2	1	80	0.0125000
NODE_9010_length_895_cov_21.630653	441	521	4	79	80	0.9875000
NODE_9011_length_895_cov_19.932161	331	411	0	5	80	0.0625000
NODE_9011_length_895_cov_19.932161	331	411	2	7	80	0.0875000
NODE_9011_length_895_cov_19.932161	331	411	6	31	80	0.3875000
NODE_9011_length_895_cov_19.932161	331	411	10	37	80	0.4625000
NODE_9011_length_895_cov_19.932161	384	464	4	15	80	0.1875000
NODE_9011_length_895_cov_19.932161	384	464	8	11	80	0.1375000
NODE_9011_length_895_cov_19.932161	384	464	10	54	80	0.6750000
NODE_9011_length_895_cov_19.932161	460	540	0	34	80	0.4250000
NODE_9011_length_895_cov_19.932161	460	540	4	46	80	0.5750000
NODE_9011_length_895_cov_19.932161	513	593	0	72	80	0.9000000
NODE_9011_length_895_cov_19.932161	513	593	2	8	80	0.1000000
NODE_9012_length_895_cov_16.037688	403	479	0	27	76	0.3552631
NODE_9012_length_895_cov_16.037688	403	479	4	36	76	0.4736842
NODE_9012_length_895_cov_16.037688	403	479	6	1	76	0.0131579
NODE_9012_length_895_cov_16.037688	403	479	7	12	76	0.1578947
NODE_9012_length_895_cov_16.037688	452	532	3	19	80	0.2375000
NODE_9012_length_895_cov_16.037688	452	532	4	14	80	0.1750000
NODE_9012_length_895_cov_16.037688	452	532	6	1	80	0.0125000
NODE_9012_length_895_cov_16.037688	452	532	7	46	80	0.5750000
NODE_9013_length_895_cov_13.003769	372	452	0	21	80	0.2625000
NODE_9013_length_895_cov_13.003769	372	452	2	59	80	0.7375000
NODE_9013_length_895_cov_13.003769	425	491	2	66	66	1.0000000
NODE_9014_length_895_cov_12.736181	280	360	0	1	80	0.0125000
NODE_9014_length_895_cov_12.736181	280	360	2	44	80	0.5500000
NODE_9014_length_895_cov_12.736181	280	360	4	35	80	0.4375000
NODE_9014_length_895_cov_12.736181	333	413	2	80	80	1.0000000
NODE_9015_length_895_cov_11.090452	505	585	0	80	80	1.0000000
NODE_9015_length_895_cov_11.090452	558	638	0	80	80	1.0000000
NODE_9016_length_895_cov_9.266332	468	548	0	32	80	0.4000000
NODE_9016_length_895_cov_9.266332	468	548	2	48	80	0.6000000
NODE_9016_length_895_cov_9.266332	521	601	0	80	80	1.0000000
NODE_9018_length_895_cov_5.659548	472	552	0	9	80	0.1125000
NODE_9018_length_895_cov_5.659548	472	552	2	25	80	0.3125000
NODE_9018_length_895_cov_5.659548	472	552	4	46	80	0.5750000
NODE_9018_length_895_cov_5.659548	525	605	0	34	80	0.4250000
NODE_9018_length_895_cov_5.659548	525	605	2	12	80	0.1500000
NODE_9018_length_895_cov_5.659548	525	605	4	34	80	0.4250000
NODE_9019_length_895_cov_5.383166	42	123	6	4	81	0.0493827
NODE_9019_length_895_cov_5.383166	42	123	8	61	81	0.7530864
NODE_9019_length_895_cov_5.383166	42	123	10	16	81	0.1975309
NODE_9030_length_894_cov_60.153459	446	526	0	64	80	0.8000000
NODE_9030_length_894_cov_60.153459	446	526	4	16	80	0.2000000
NODE_9030_length_894_cov_60.153459	499	579	0	11	80	0.1375000
NODE_9030_length_894_cov_60.153459	499	579	4	69	80	0.8625000
NODE_9031_length_894_cov_49.618868	373	453	0	15	80	0.1875000
NODE_9031_length_894_cov_49.618868	373	453	2	65	80	0.8125000
NODE_9031_length_894_cov_49.618868	426	506	0	68	80	0.8500000
NODE_9031_length_894_cov_49.618868	426	506	2	12	80	0.1500000
NODE_9032_length_894_cov_33.228931	459	539	0	80	80	1.0000000
NODE_9032_length_894_cov_33.228931	512	592	0	80	80	1.0000000
NODE_9033_length_894_cov_31.933333	411	491	0	77	80	0.9625000
NODE_9033_length_894_cov_31.933333	411	491	2	3	80	0.0375000
NODE_9033_length_894_cov_31.933333	464	544	0	24	80	0.3000000
NODE_9033_length_894_cov_31.933333	464	544	2	56	80	0.7000000
NODE_9034_length_894_cov_30.499371	270	350	4	80	80	1.0000000
NODE_9034_length_894_cov_30.499371	323	403	2	18	80	0.2250000
NODE_9034_length_894_cov_30.499371	323	403	4	62	80	0.7750000
NODE_9034_length_894_cov_30.499371	399	479	0	7	80	0.0875000
NODE_9034_length_894_cov_30.499371	399	479	2	73	80	0.9125000
NODE_9034_length_894_cov_30.499371	452	532	0	37	80	0.4625000
NODE_9034_length_894_cov_30.499371	452	532	2	43	80	0.5375000
NODE_9035_length_894_cov_23.046541	79	159	0	80	80	1.0000000
NODE_9035_length_894_cov_23.046541	132	212	0	62	80	0.7750000
NODE_9035_length_894_cov_23.046541	132	212	2	18	80	0.2250000
NODE_9036_length_894_cov_22.266667	381	461	2	23	80	0.2875000
NODE_9036_length_894_cov_22.266667	381	461	4	19	80	0.2375000
NODE_9036_length_894_cov_22.266667	381	461	6	38	80	0.4750000
NODE_9036_length_894_cov_22.266667	434	514	0	36	80	0.4500000
NODE_9036_length_894_cov_22.266667	434	514	4	19	80	0.2375000
NODE_9036_length_894_cov_22.266667	434	514	6	25	80	0.3125000
NODE_9037_length_894_cov_21.997484	332	412	6	80	80	1.0000000
NODE_9037_length_894_cov_21.997484	385	465	3	49	80	0.6125000
NODE_9037_length_894_cov_21.997484	385	465	6	31	80	0.3875000
NODE_9038_length_894_cov_21.205031	319	399	0	51	80	0.6375000
NODE_9038_length_894_cov_21.205031	319	399	2	29	80	0.3625000
NODE_9038_length_894_cov_21.205031	372	452	0	11	80	0.1375000
NODE_9038_length_894_cov_21.205031	372	452	2	69	80	0.8625000
NODE_9038_length_894_cov_21.205031	448	528	0	80	80	1.0000000
NODE_9038_length_894_cov_21.205031	501	581	0	80	80	1.0000000
NODE_9039_length_894_cov_21.132075	422	502	0	20	80	0.2500000
NODE_9039_length_894_cov_21.132075	422	502	2	60	80	0.7500000
NODE_9039_length_894_cov_21.132075	475	555	0	36	80	0.4500000
NODE_9039_length_894_cov_21.132075	475	555	2	44	80	0.5500000
NODE_9040_length_894_cov_15.598742	338	418	0	80	80	1.0000000
NODE_9040_length_894_cov_15.598742	391	471	0	80	80	1.0000000
NODE_9041_length_894_cov_14.079245	344	424	0	80	80	1.0000000
NODE_9041_length_894_cov_14.079245	397	477	0	80	80	1.0000000
NODE_9042_length_894_cov_13.031447	336	416	0	21	80	0.2625000
NODE_9042_length_894_cov_13.031447	336	416	2	10	80	0.1250000
NODE_9042_length_894_cov_13.031447	336	416	4	49	80	0.6125000
NODE_9042_length_894_cov_13.031447	389	469	2	22	80	0.2750000
NODE_9042_length_894_cov_13.031447	389	469	4	58	80	0.7250000
NODE_9043_length_894_cov_13.031447	353	433	0	75	80	0.9375000
NODE_9043_length_894_cov_13.031447	353	433	2	5	80	0.0625000
NODE_9043_length_894_cov_13.031447	406	486	0	22	80	0.2750000
NODE_9043_length_894_cov_13.031447	406	486	2	58	80	0.7250000
NODE_9044_length_894_cov_9.706918	330	410	2	80	80	1.0000000
NODE_9045_length_894_cov_6.963522	378	458	0	36	80	0.4500000
NODE_9045_length_894_cov_6.963522	378	458	2	44	80	0.5500000
NODE_9045_length_894_cov_6.963522	431	511	2	80	80	1.0000000
NODE_9046_length_894_cov_4.993711	365	445	0	80	80	1.0000000
NODE_9046_length_894_cov_4.993711	418	498	0	80	80	1.0000000
NODE_9066_length_893_cov_59.134761	261	341	0	58	80	0.7250000
NODE_9066_length_893_cov_59.134761	261	341	2	14	80	0.1750000
NODE_9066_length_893_cov_59.134761	261	341	4	8	80	0.1000000
NODE_9066_length_893_cov_59.134761	314	394	0	5	80	0.0625000
NODE_9066_length_893_cov_59.134761	314	394	2	31	80	0.3875000
NODE_9066_length_893_cov_59.134761	314	394	4	44	80	0.5500000
NODE_9067_length_893_cov_58.991184	388	468	0	9	80	0.1125000
NODE_9067_length_893_cov_58.991184	388	468	2	25	80	0.3125000
NODE_9067_length_893_cov_58.991184	388	468	4	46	80	0.5750000
NODE_9067_length_893_cov_58.991184	441	521	0	23	80	0.2875000
NODE_9067_length_893_cov_58.991184	441	521	2	36	80	0.4500000
NODE_9067_length_893_cov_58.991184	441	521	4	21	80	0.2625000
NODE_9067_length_893_cov_58.991184	517	597	0	27	80	0.3375000
NODE_9067_length_893_cov_58.991184	517	597	2	53	80	0.6625000
NODE_9067_length_893_cov_58.991184	570	650	0	2	80	0.0250000
NODE_9067_length_893_cov_58.991184	570	650	2	78	80	0.9750000
NODE_9068_length_893_cov_55.644836	434	514	0	80	80	1.0000000
NODE_9068_length_893_cov_55.644836	487	567	0	80	80	1.0000000
NODE_9068_length_893_cov_55.644836	563	643	0	58	80	0.7250000
NODE_9068_length_893_cov_55.644836	563	643	1	1	80	0.0125000
NODE_9068_length_893_cov_55.644836	563	643	2	15	80	0.1875000
NODE_9068_length_893_cov_55.644836	563	643	4	6	80	0.0750000
NODE_9068_length_893_cov_55.644836	616	696	0	5	80	0.0625000
NODE_9068_length_893_cov_55.644836	616	696	1	1	80	0.0125000
NODE_9068_length_893_cov_55.644836	616	696	2	26	80	0.3250000
NODE_9068_length_893_cov_55.644836	616	696	4	48	80	0.6000000
NODE_9069_length_893_cov_54.803526	479	559	9	8	80	0.1000000
NODE_9069_length_893_cov_54.803526	479	559	10	3	80	0.0375000
NODE_9069_length_893_cov_54.803526	479	559	12	8	80	0.1000000
NODE_9069_length_893_cov_54.803526	479	559	13	19	80	0.2375000
NODE_9069_length_893_cov_54.803526	479	559	14	3	80	0.0375000
NODE_9069_length_893_cov_54.803526	479	559	16	6	80	0.0750000
NODE_9069_length_893_cov_54.803526	479	559	21	5	80	0.0625000
NODE_9069_length_893_cov_54.803526	479	559	25	13	80	0.1625000
NODE_9069_length_893_cov_54.803526	479	559	27	15	80	0.1875000
NODE_9069_length_893_cov_54.803526	532	612	0	19	80	0.2375000
NODE_9069_length_893_cov_54.803526	532	612	13	1	80	0.0125000
NODE_9069_length_893_cov_54.803526	532	612	14	36	80	0.4500000
NODE_9069_length_893_cov_54.803526	532	612	16	6	80	0.0750000
NODE_9069_length_893_cov_54.803526	532	612	21	5	80	0.0625000
NODE_9069_length_893_cov_54.803526	532	612	25	13	80	0.1625000
NODE_9070_length_893_cov_38.147355	391	471	0	80	80	1.0000000
NODE_9070_length_893_cov_38.147355	444	524	0	80	80	1.0000000
NODE_9071_length_893_cov_33.690176	387	467	0	16	80	0.2000000
NODE_9071_length_893_cov_33.690176	387	467	4	24	80	0.3000000
NODE_9071_length_893_cov_33.690176	387	467	6	40	80	0.5000000
NODE_9071_length_893_cov_33.690176	440	520	6	80	80	1.0000000
NODE_9072_length_893_cov_32.162469	524	604	0	80	80	1.0000000
NODE_9072_length_893_cov_32.162469	577	657	0	65	80	0.8125000
NODE_9072_length_893_cov_32.162469	577	657	4	15	80	0.1875000
NODE_9073_length_893_cov_31.916877	344	424	0	80	80	1.0000000
NODE_9073_length_893_cov_31.916877	397	477	0	80	80	1.0000000
NODE_9074_length_893_cov_28.693955	437	517	0	66	80	0.8250000
NODE_9074_length_893_cov_28.693955	437	517	2	14	80	0.1750000
NODE_9074_length_893_cov_28.693955	490	570	0	13	80	0.1625000
NODE_9074_length_893_cov_28.693955	490	570	2	67	80	0.8375000
NODE_9075_length_893_cov_23.564232	363	443	0	18	80	0.2250000
NODE_9075_length_893_cov_23.564232	363	443	2	62	80	0.7750000
NODE_9075_length_893_cov_23.564232	416	496	0	71	80	0.8875000
NODE_9075_length_893_cov_23.564232	416	496	2	9	80	0.1125000
NODE_9076_length_893_cov_22.633501	272	352	10	56	80	0.7000000
NODE_9076_length_893_cov_22.633501	272	352	12	24	80	0.3000000
NODE_9076_length_893_cov_22.633501	272	352	10	56	80	0.7000000
NODE_9076_length_893_cov_22.633501	272	352	12	24	80	0.3000000
NODE_9076_length_893_cov_22.633501	272	352	10	56	80	0.7000000
NODE_9076_length_893_cov_22.633501	272	352	12	24	80	0.3000000
NODE_9076_length_893_cov_22.633501	325	405	2	19	80	0.2375000
NODE_9076_length_893_cov_22.633501	325	405	8	1	80	0.0125000
NODE_9076_length_893_cov_22.633501	325	405	10	3	80	0.0375000
NODE_9076_length_893_cov_22.633501	325	405	12	57	80	0.7125000
NODE_9076_length_893_cov_22.633501	325	405	2	19	80	0.2375000
NODE_9076_length_893_cov_22.633501	325	405	8	1	80	0.0125000
NODE_9076_length_893_cov_22.633501	325	405	10	3	80	0.0375000
NODE_9076_length_893_cov_22.633501	325	405	12	57	80	0.7125000
NODE_9076_length_893_cov_22.633501	325	405	2	19	80	0.2375000
NODE_9076_length_893_cov_22.633501	325	405	8	1	80	0.0125000
NODE_9076_length_893_cov_22.633501	325	405	10	3	80	0.0375000
NODE_9076_length_893_cov_22.633501	325	405	12	57	80	0.7125000
NODE_9076_length_893_cov_22.633501	401	481	0	42	80	0.5250000
NODE_9076_length_893_cov_22.633501	401	481	2	38	80	0.4750000
NODE_9076_length_893_cov_22.633501	454	534	0	22	80	0.2750000
NODE_9076_length_893_cov_22.633501	454	534	2	58	80	0.7250000
NODE_9077_length_893_cov_22.403023	453	533	4	13	80	0.1625000
NODE_9077_length_893_cov_22.403023	453	533	12	4	80	0.0500000
NODE_9077_length_893_cov_22.403023	453	533	14	63	80	0.7875000
NODE_9077_length_893_cov_22.403023	506	586	0	36	80	0.4500000
NODE_9077_length_893_cov_22.403023	506	586	2	12	80	0.1500000
NODE_9077_length_893_cov_22.403023	506	586	4	18	80	0.2250000
NODE_9077_length_893_cov_22.403023	506	586	12	4	80	0.0500000
NODE_9077_length_893_cov_22.403023	506	586	14	10	80	0.1250000
NODE_9078_length_893_cov_19.423174	298	378	0	80	80	1.0000000
NODE_9078_length_893_cov_19.423174	351	431	0	80	80	1.0000000
NODE_9078_length_893_cov_19.423174	427	507	0	80	80	1.0000000
NODE_9078_length_893_cov_19.423174	480	560	0	40	80	0.5000000
NODE_9078_length_893_cov_19.423174	480	560	2	14	80	0.1750000
NODE_9078_length_893_cov_19.423174	480	560	4	26	80	0.3250000
NODE_9079_length_893_cov_19.389169	360	440	0	80	80	1.0000000
NODE_9079_length_893_cov_19.389169	413	493	0	80	80	1.0000000
NODE_9079_length_893_cov_19.389169	489	569	0	45	80	0.5625000
NODE_9079_length_893_cov_19.389169	489	569	2	35	80	0.4375000
NODE_9079_length_893_cov_19.389169	542	622	2	80	80	1.0000000
NODE_9080_length_893_cov_18.152393	394	474	14	80	80	1.0000000
NODE_9080_length_893_cov_18.152393	447	527	0	41	80	0.5125000
NODE_9080_length_893_cov_18.152393	447	527	7	1	80	0.0125000
NODE_9080_length_893_cov_18.152393	447	527	14	38	80	0.4750000
NODE_9081_length_893_cov_15.960957	442	522	0	80	80	1.0000000
NODE_9081_length_893_cov_15.960957	495	575	0	80	80	1.0000000
NODE_9082_length_893_cov_13.119647	473	553	0	80	80	1.0000000
NODE_9082_length_893_cov_13.119647	526	606	0	80	80	1.0000000
NODE_9084_length_893_cov_5.549118	353	415	2	26	62	0.4193548
NODE_9084_length_893_cov_5.549118	353	415	4	20	62	0.3225806
NODE_9084_length_893_cov_5.549118	353	415	8	16	62	0.2580645
NODE_9100_length_893_cov_1.141058	28	108	2	5	80	0.0625000
NODE_9100_length_893_cov_1.141058	28	108	4	75	80	0.9375000
NODE_9104_length_892_cov_74.968474	333	413	0	11	80	0.1375000
NODE_9104_length_892_cov_74.968474	333	413	4	46	80	0.5750000
NODE_9104_length_892_cov_74.968474	333	413	6	23	80	0.2875000
NODE_9104_length_892_cov_74.968474	386	466	0	64	80	0.8000000
NODE_9104_length_892_cov_74.968474	386	466	4	16	80	0.2000000
NODE_9104_length_892_cov_74.968474	462	542	0	80	80	1.0000000
NODE_9104_length_892_cov_74.968474	515	595	0	80	80	1.0000000
NODE_9105_length_892_cov_54.549811	463	550	0	87	87	1.0000000
NODE_9105_length_892_cov_54.549811	523	603	0	80	80	1.0000000
NODE_9105_length_892_cov_54.549811	599	679	0	80	80	1.0000000
NODE_9106_length_892_cov_37.887768	373	453	4	80	80	1.0000000
NODE_9106_length_892_cov_37.887768	426	506	0	17	80	0.2125000
NODE_9106_length_892_cov_37.887768	426	506	1	1	80	0.0125000
NODE_9106_length_892_cov_37.887768	426	506	2	5	80	0.0625000
NODE_9106_length_892_cov_37.887768	426	506	4	57	80	0.7125000
NODE_9107_length_892_cov_19.732661	361	441	0	80	80	1.0000000
NODE_9107_length_892_cov_19.732661	414	494	0	80	80	1.0000000
NODE_9108_length_892_cov_19.052963	290	370	2	24	80	0.3000000
NODE_9108_length_892_cov_19.052963	290	370	4	56	80	0.7000000
NODE_9108_length_892_cov_19.052963	343	423	2	64	80	0.8000000
NODE_9108_length_892_cov_19.052963	343	423	4	16	80	0.2000000
NODE_9108_length_892_cov_19.052963	419	499	0	59	80	0.7375000
NODE_9108_length_892_cov_19.052963	419	499	2	16	80	0.2000000
NODE_9108_length_892_cov_19.052963	419	499	4	5	80	0.0625000
NODE_9108_length_892_cov_19.052963	472	552	0	22	80	0.2750000
NODE_9108_length_892_cov_19.052963	472	552	4	9	80	0.1125000
NODE_9108_length_892_cov_19.052963	472	552	6	49	80	0.6125000
NODE_9109_length_892_cov_17.276166	341	421	2	40	80	0.5000000
NODE_9109_length_892_cov_17.276166	341	421	3	25	80	0.3125000
NODE_9109_length_892_cov_17.276166	341	421	4	15	80	0.1875000
NODE_9109_length_892_cov_17.276166	394	474	2	10	80	0.1250000
NODE_9109_length_892_cov_17.276166	394	474	3	12	80	0.1500000
NODE_9109_length_892_cov_17.276166	394	474	4	58	80	0.7250000
NODE_9110_length_892_cov_16.312736	411	491	0	1	80	0.0125000
NODE_9110_length_892_cov_16.312736	411	491	4	79	80	0.9875000
NODE_9110_length_892_cov_16.312736	464	544	0	47	80	0.5875000
NODE_9110_length_892_cov_16.312736	464	544	4	33	80	0.4125000
NODE_9111_length_892_cov_15.808323	395	475	0	12	80	0.1500000
NODE_9111_length_892_cov_15.808323	395	475	2	51	80	0.6375000
NODE_9111_length_892_cov_15.808323	395	475	4	1	80	0.0125000
NODE_9111_length_892_cov_15.808323	395	475	8	13	80	0.1625000
NODE_9111_length_892_cov_15.808323	395	475	10	3	80	0.0375000
NODE_9111_length_892_cov_15.808323	448	528	2	10	80	0.1250000
NODE_9111_length_892_cov_15.808323	448	528	4	1	80	0.0125000
NODE_9111_length_892_cov_15.808323	448	528	8	65	80	0.8125000
NODE_9111_length_892_cov_15.808323	448	528	10	4	80	0.0500000
NODE_9112_length_892_cov_14.020177	522	602	0	80	80	1.0000000
NODE_9112_length_892_cov_14.020177	575	655	0	80	80	1.0000000
NODE_9114_length_892_cov_8.798235	400	480	0	34	80	0.4250000
NODE_9114_length_892_cov_8.798235	400	480	2	46	80	0.5750000
NODE_9114_length_892_cov_8.798235	453	533	2	80	80	1.0000000
NODE_9115_length_892_cov_8.413619	428	508	0	36	80	0.4500000
NODE_9115_length_892_cov_8.413619	428	508	2	44	80	0.5500000
NODE_9115_length_892_cov_8.413619	481	561	2	80	80	1.0000000
NODE_9116_length_892_cov_6.694830	374	454	0	34	80	0.4250000
NODE_9116_length_892_cov_6.694830	374	454	2	13	80	0.1625000
NODE_9116_length_892_cov_6.694830	374	454	4	25	80	0.3125000
NODE_9116_length_892_cov_6.694830	374	454	5	8	80	0.1000000
NODE_9116_length_892_cov_6.694830	427	507	4	19	80	0.2375000
NODE_9116_length_892_cov_6.694830	427	507	5	61	80	0.7625000
NODE_9134_length_891_cov_30.166667	295	375	2	28	80	0.3500000
NODE_9134_length_891_cov_30.166667	295	375	3	4	80	0.0500000
NODE_9134_length_891_cov_30.166667	295	375	4	48	80	0.6000000
NODE_9134_length_891_cov_30.166667	348	428	1	53	80	0.6625000
NODE_9134_length_891_cov_30.166667	348	428	3	4	80	0.0500000
NODE_9134_length_891_cov_30.166667	348	428	4	23	80	0.2875000
NODE_9135_length_891_cov_26.333333	319	399	0	80	80	1.0000000
NODE_9135_length_891_cov_26.333333	372	452	0	80	80	1.0000000
NODE_9136_length_891_cov_22.228535	336	416	0	13	80	0.1625000
NODE_9136_length_891_cov_22.228535	336	416	2	67	80	0.8375000
NODE_9136_length_891_cov_22.228535	389	469	0	5	80	0.0625000
NODE_9136_length_891_cov_22.228535	389	469	2	75	80	0.9375000
NODE_9137_length_891_cov_20.446970	377	457	0	80	80	1.0000000
NODE_9137_length_891_cov_20.446970	430	510	0	80	80	1.0000000
NODE_9138_length_891_cov_20.226010	310	390	0	80	80	1.0000000
NODE_9138_length_891_cov_20.226010	363	443	0	80	80	1.0000000
NODE_9140_length_891_cov_13.207071	392	472	0	80	80	1.0000000
NODE_9140_length_891_cov_13.207071	445	525	0	80	80	1.0000000
NODE_9141_length_891_cov_11.579545	379	459	6	60	80	0.7500000
NODE_9141_length_891_cov_11.579545	379	459	8	20	80	0.2500000
NODE_9141_length_891_cov_11.579545	432	512	0	22	80	0.2750000
NODE_9141_length_891_cov_11.579545	432	512	4	31	80	0.3875000
NODE_9141_length_891_cov_11.579545	432	512	6	27	80	0.3375000
NODE_9142_length_891_cov_11.117424	499	579	0	43	80	0.5375000
NODE_9142_length_891_cov_11.117424	499	579	2	37	80	0.4625000
NODE_9142_length_891_cov_11.117424	552	632	0	20	80	0.2500000
NODE_9142_length_891_cov_11.117424	552	632	2	60	80	0.7500000
NODE_9153_length_890_cov_29.070796	284	364	0	80	80	1.0000000
NODE_9153_length_890_cov_29.070796	337	417	0	80	80	1.0000000
NODE_9153_length_890_cov_29.070796	413	497	0	84	84	1.0000000
NODE_9153_length_890_cov_29.070796	470	550	0	80	80	1.0000000
NODE_9154_length_890_cov_27.295828	550	630	0	80	80	1.0000000
NODE_9154_length_890_cov_27.295828	603	683	0	80	80	1.0000000
NODE_9155_length_890_cov_18.088496	80	135	2	25	55	0.4545455
NODE_9155_length_890_cov_18.088496	80	135	4	30	55	0.5454546
NODE_9155_length_890_cov_18.088496	276	356	4	16	80	0.2000000
NODE_9155_length_890_cov_18.088496	276	356	6	13	80	0.1625000
NODE_9155_length_890_cov_18.088496	276	356	8	51	80	0.6375000
NODE_9155_length_890_cov_18.088496	329	406	6	25	77	0.3246753
NODE_9155_length_890_cov_18.088496	329	406	8	52	77	0.6753247
NODE_9156_length_890_cov_16.831858	402	482	0	26	80	0.3250000
NODE_9156_length_890_cov_16.831858	402	482	4	32	80	0.4000000
NODE_9156_length_890_cov_16.831858	402	482	6	22	80	0.2750000
NODE_9156_length_890_cov_16.831858	455	535	4	80	80	1.0000000
NODE_9157_length_890_cov_11.881163	222	302	0	80	80	1.0000000
NODE_9157_length_890_cov_11.881163	275	355	0	80	80	1.0000000
NODE_9158_length_890_cov_8.676359	335	415	0	80	80	1.0000000
NODE_9158_length_890_cov_8.676359	388	468	0	30	80	0.3750000
NODE_9158_length_890_cov_8.676359	388	468	2	50	80	0.6250000
NODE_9183_length_889_cov_61.520253	334	414	0	30	80	0.3750000
NODE_9183_length_889_cov_61.520253	334	414	4	50	80	0.6250000
NODE_9183_length_889_cov_61.520253	387	467	0	23	80	0.2875000
NODE_9183_length_889_cov_61.520253	387	467	4	57	80	0.7125000
NODE_9183_length_889_cov_61.520253	463	543	0	65	80	0.8125000
NODE_9183_length_889_cov_61.520253	463	543	2	15	80	0.1875000
NODE_9183_length_889_cov_61.520253	516	596	0	12	80	0.1500000
NODE_9183_length_889_cov_61.520253	516	596	2	67	80	0.8375000
NODE_9183_length_889_cov_61.520253	516	596	4	1	80	0.0125000
NODE_9184_length_889_cov_30.012658	311	391	2	45	80	0.5625000
NODE_9184_length_889_cov_30.012658	311	391	6	35	80	0.4375000
NODE_9184_length_889_cov_30.012658	364	444	4	33	80	0.4125000
NODE_9184_length_889_cov_30.012658	364	444	6	47	80	0.5875000
NODE_9185_length_889_cov_28.217722	413	483	0	4	70	0.0571429
NODE_9185_length_889_cov_28.217722	413	483	4	66	70	0.9428571
NODE_9185_length_889_cov_28.217722	466	542	0	59	76	0.7763158
NODE_9185_length_889_cov_28.217722	466	542	4	17	76	0.2236842
NODE_9186_length_889_cov_27.924051	379	449	0	7	70	0.1000000
NODE_9186_length_889_cov_27.924051	379	449	2	63	70	0.9000000
NODE_9186_length_889_cov_27.924051	432	512	0	26	80	0.3250000
NODE_9186_length_889_cov_27.924051	432	512	2	54	80	0.6750000
NODE_9187_length_889_cov_25.887342	227	285	0	22	58	0.3793103
NODE_9187_length_889_cov_25.887342	227	285	2	36	58	0.6206896
NODE_9187_length_889_cov_25.887342	258	337	0	6	79	0.0759494
NODE_9187_length_889_cov_25.887342	258	337	2	73	79	0.9240506
NODE_9188_length_889_cov_22.992405	451	531	0	8	80	0.1000000
NODE_9188_length_889_cov_22.992405	451	531	2	8	80	0.1000000
NODE_9188_length_889_cov_22.992405	451	531	4	1	80	0.0125000
NODE_9188_length_889_cov_22.992405	451	531	5	9	80	0.1125000
NODE_9188_length_889_cov_22.992405	451	531	6	54	80	0.6750000
NODE_9188_length_889_cov_22.992405	504	584	0	61	80	0.7625000
NODE_9188_length_889_cov_22.992405	504	584	2	8	80	0.1000000
NODE_9188_length_889_cov_22.992405	504	584	4	1	80	0.0125000
NODE_9188_length_889_cov_22.992405	504	584	5	9	80	0.1125000
NODE_9188_length_889_cov_22.992405	504	584	6	1	80	0.0125000
NODE_9189_length_889_cov_20.703797	331	411	0	80	80	1.0000000
NODE_9189_length_889_cov_20.703797	384	464	0	80	80	1.0000000
NODE_9190_length_889_cov_20.226582	234	314	0	5	80	0.0625000
NODE_9190_length_889_cov_20.226582	234	314	3	1	80	0.0125000
NODE_9190_length_889_cov_20.226582	234	314	4	7	80	0.0875000
NODE_9190_length_889_cov_20.226582	234	314	6	11	80	0.1375000
NODE_9190_length_889_cov_20.226582	234	314	9	1	80	0.0125000
NODE_9190_length_889_cov_20.226582	234	314	10	35	80	0.4375000
NODE_9190_length_889_cov_20.226582	234	314	12	20	80	0.2500000
NODE_9190_length_889_cov_20.226582	287	367	0	58	80	0.7250000
NODE_9190_length_889_cov_20.226582	287	367	3	1	80	0.0125000
NODE_9190_length_889_cov_20.226582	287	367	4	7	80	0.0875000
NODE_9190_length_889_cov_20.226582	287	367	6	11	80	0.1375000
NODE_9190_length_889_cov_20.226582	287	367	9	1	80	0.0125000
NODE_9190_length_889_cov_20.226582	287	367	10	2	80	0.0250000
NODE_9191_length_889_cov_15.587342	407	487	0	25	80	0.3125000
NODE_9191_length_889_cov_15.587342	407	487	4	55	80	0.6875000
NODE_9191_length_889_cov_15.587342	460	540	4	80	80	1.0000000
NODE_9192_length_889_cov_12.669620	313	393	2	80	80	1.0000000
NODE_9192_length_889_cov_12.669620	366	446	0	38	80	0.4750000
NODE_9192_length_889_cov_12.669620	366	446	2	42	80	0.5250000
NODE_9193_length_889_cov_12.198734	399	479	0	5	80	0.0625000
NODE_9193_length_889_cov_12.198734	399	479	1	1	80	0.0125000
NODE_9193_length_889_cov_12.198734	399	479	2	74	80	0.9250000
NODE_9193_length_889_cov_12.198734	452	532	0	33	80	0.4125000
NODE_9193_length_889_cov_12.198734	452	532	2	47	80	0.5875000
NODE_9197_length_889_cov_3.841772	187	267	0	80	80	1.0000000
NODE_9197_length_889_cov_3.841772	240	320	0	80	80	1.0000000
NODE_9213_length_888_cov_37.102662	490	570	0	80	80	1.0000000
NODE_9213_length_888_cov_37.102662	543	623	0	80	80	1.0000000
NODE_9214_length_888_cov_28.230672	366	446	0	39	80	0.4875000
NODE_9214_length_888_cov_28.230672	366	446	6	41	80	0.5125000
NODE_9214_length_888_cov_28.230672	419	499	0	11	80	0.1375000
NODE_9214_length_888_cov_28.230672	419	499	6	69	80	0.8625000
NODE_9215_length_888_cov_25.243346	391	471	8	8	80	0.1000000
NODE_9215_length_888_cov_25.243346	391	471	10	1	80	0.0125000
NODE_9215_length_888_cov_25.243346	391	471	13	1	80	0.0125000
NODE_9215_length_888_cov_25.243346	391	471	14	4	80	0.0500000
NODE_9215_length_888_cov_25.243346	391	471	16	66	80	0.8250000
NODE_9215_length_888_cov_25.243346	444	524	0	48	80	0.6000000
NODE_9215_length_888_cov_25.243346	444	524	8	7	80	0.0875000
NODE_9215_length_888_cov_25.243346	444	524	10	1	80	0.0125000
NODE_9215_length_888_cov_25.243346	444	524	16	24	80	0.3000000
NODE_9216_length_888_cov_21.045627	236	316	0	65	80	0.8125000
NODE_9216_length_888_cov_21.045627	236	316	2	2	80	0.0250000
NODE_9216_length_888_cov_21.045627	236	316	4	13	80	0.1625000
NODE_9216_length_888_cov_21.045627	289	367	0	12	78	0.1538462
NODE_9216_length_888_cov_21.045627	289	367	2	2	78	0.0256410
NODE_9216_length_888_cov_21.045627	289	367	4	64	78	0.8205128
NODE_9218_length_888_cov_13.447402	515	595	8	80	80	1.0000000
NODE_9218_length_888_cov_13.447402	568	648	0	34	80	0.4250000
NODE_9218_length_888_cov_13.447402	568	648	8	46	80	0.5750000
NODE_9219_length_888_cov_12.806084	179	259	0	26	80	0.3250000
NODE_9219_length_888_cov_12.806084	179	259	2	54	80	0.6750000
NODE_9219_length_888_cov_12.806084	232	312	0	10	80	0.1250000
NODE_9219_length_888_cov_12.806084	232	312	2	70	80	0.8750000
NODE_9219_length_888_cov_12.806084	308	388	0	41	80	0.5125000
NODE_9219_length_888_cov_12.806084	308	388	2	33	80	0.4125000
NODE_9219_length_888_cov_12.806084	308	388	4	6	80	0.0750000
NODE_9219_length_888_cov_12.806084	361	441	2	21	80	0.2625000
NODE_9219_length_888_cov_12.806084	361	441	4	47	80	0.5875000
NODE_9219_length_888_cov_12.806084	361	441	6	12	80	0.1500000
NODE_9220_length_888_cov_12.551331	365	445	0	22	80	0.2750000
NODE_9220_length_888_cov_12.551331	365	445	2	30	80	0.3750000
NODE_9220_length_888_cov_12.551331	365	445	4	28	80	0.3500000
NODE_9220_length_888_cov_12.551331	418	498	0	75	80	0.9375000
NODE_9220_length_888_cov_12.551331	418	498	2	5	80	0.0625000
NODE_9228_length_888_cov_2.041825	42	102	0	60	60	1.0000000
NODE_9237_length_887_cov_32.927665	514	594	2	4	80	0.0500000
NODE_9237_length_887_cov_32.927665	514	594	4	76	80	0.9500000
NODE_9237_length_887_cov_32.927665	567	647	0	32	80	0.4000000
NODE_9237_length_887_cov_32.927665	567	647	1	7	80	0.0875000
NODE_9237_length_887_cov_32.927665	567	647	2	18	80	0.2250000
NODE_9237_length_887_cov_32.927665	567	647	4	23	80	0.2875000
NODE_9238_length_887_cov_26.920051	358	438	10	80	80	1.0000000
NODE_9238_length_887_cov_26.920051	411	491	0	7	80	0.0875000
NODE_9238_length_887_cov_26.920051	411	491	2	37	80	0.4625000
NODE_9238_length_887_cov_26.920051	411	491	8	5	80	0.0625000
NODE_9238_length_887_cov_26.920051	411	491	10	31	80	0.3875000
NODE_9239_length_887_cov_20.714467	304	384	0	16	80	0.2000000
NODE_9239_length_887_cov_20.714467	304	384	2	64	80	0.8000000
NODE_9239_length_887_cov_20.714467	357	433	0	25	76	0.3289474
NODE_9239_length_887_cov_20.714467	357	433	2	51	76	0.6710526
NODE_9240_length_887_cov_19.771574	407	487	2	42	80	0.5250000
NODE_9240_length_887_cov_19.771574	407	487	3	30	80	0.3750000
NODE_9240_length_887_cov_19.771574	407	487	5	8	80	0.1000000
NODE_9240_length_887_cov_19.771574	460	540	0	2	80	0.0250000
NODE_9240_length_887_cov_19.771574	460	540	2	1	80	0.0125000
NODE_9240_length_887_cov_19.771574	460	540	3	76	80	0.9500000
NODE_9240_length_887_cov_19.771574	460	540	4	1	80	0.0125000
NODE_9241_length_887_cov_14.535533	333	413	0	80	80	1.0000000
NODE_9241_length_887_cov_14.535533	386	466	0	80	80	1.0000000
NODE_9242_length_887_cov_14.114213	345	425	0	23	80	0.2875000
NODE_9242_length_887_cov_14.114213	345	425	2	4	80	0.0500000
NODE_9242_length_887_cov_14.114213	345	425	14	11	80	0.1375000
NODE_9242_length_887_cov_14.114213	345	425	18	42	80	0.5250000
NODE_9242_length_887_cov_14.114213	398	478	15	10	80	0.1250000
NODE_9242_length_887_cov_14.114213	398	478	16	13	80	0.1625000
NODE_9242_length_887_cov_14.114213	398	478	18	57	80	0.7125000
NODE_9243_length_887_cov_9.451777	406	486	0	20	80	0.2500000
NODE_9243_length_887_cov_9.451777	406	486	2	60	80	0.7500000
NODE_9243_length_887_cov_9.451777	459	539	0	35	80	0.4375000
NODE_9243_length_887_cov_9.451777	459	539	2	45	80	0.5625000
NODE_9245_length_887_cov_6.656091	473	553	6	34	80	0.4250000
NODE_9245_length_887_cov_6.656091	473	553	8	46	80	0.5750000
NODE_9245_length_887_cov_6.656091	526	606	0	13	80	0.1625000
NODE_9245_length_887_cov_6.656091	526	606	6	11	80	0.1375000
NODE_9245_length_887_cov_6.656091	526	606	8	56	80	0.7000000
NODE_9246_length_887_cov_4.719543	420	500	2	12	80	0.1500000
NODE_9246_length_887_cov_4.719543	420	500	4	22	80	0.2750000
NODE_9246_length_887_cov_4.719543	420	500	6	46	80	0.5750000
NODE_9246_length_887_cov_4.719543	473	553	0	47	80	0.5875000
NODE_9246_length_887_cov_4.719543	473	553	4	28	80	0.3500000
NODE_9246_length_887_cov_4.719543	473	553	6	5	80	0.0625000
NODE_9250_length_887_cov_2.583756	385	429	0	44	44	1.0000000
NODE_9250_length_887_cov_2.583756	393	428	0	35	35	1.0000000
NODE_9261_length_887_cov_1.087563	754	829	2	11	75	0.1466667
NODE_9261_length_887_cov_1.087563	754	829	4	64	75	0.8533334
NODE_9264_length_886_cov_35.482846	365	445	12	80	80	1.0000000
NODE_9264_length_886_cov_35.482846	418	498	0	26	80	0.3250000
NODE_9264_length_886_cov_35.482846	418	498	12	54	80	0.6750000
NODE_9265_length_886_cov_31.939009	438	518	0	34	80	0.4250000
NODE_9265_length_886_cov_31.939009	438	518	2	46	80	0.5750000
NODE_9265_length_886_cov_31.939009	491	571	0	10	80	0.1250000
NODE_9265_length_886_cov_31.939009	491	571	2	70	80	0.8750000
NODE_9266_length_886_cov_25.301144	326	406	0	7	80	0.0875000
NODE_9266_length_886_cov_25.301144	326	406	7	24	80	0.3000000
NODE_9266_length_886_cov_25.301144	326	406	8	6	80	0.0750000
NODE_9266_length_886_cov_25.301144	326	406	12	7	80	0.0875000
NODE_9266_length_886_cov_25.301144	326	406	13	1	80	0.0125000
NODE_9266_length_886_cov_25.301144	326	406	14	2	80	0.0250000
NODE_9266_length_886_cov_25.301144	326	406	15	10	80	0.1250000
NODE_9266_length_886_cov_25.301144	326	406	17	15	80	0.1875000
NODE_9266_length_886_cov_25.301144	326	406	19	1	80	0.0125000
NODE_9266_length_886_cov_25.301144	326	406	25	1	80	0.0125000
NODE_9266_length_886_cov_25.301144	326	406	29	6	80	0.0750000
NODE_9266_length_886_cov_25.301144	326	406	0	7	80	0.0875000
NODE_9266_length_886_cov_25.301144	326	406	7	24	80	0.3000000
NODE_9266_length_886_cov_25.301144	326	406	8	6	80	0.0750000
NODE_9266_length_886_cov_25.301144	326	406	12	7	80	0.0875000
NODE_9266_length_886_cov_25.301144	326	406	13	1	80	0.0125000
NODE_9266_length_886_cov_25.301144	326	406	14	2	80	0.0250000
NODE_9266_length_886_cov_25.301144	326	406	15	10	80	0.1250000
NODE_9266_length_886_cov_25.301144	326	406	17	15	80	0.1875000
NODE_9266_length_886_cov_25.301144	326	406	19	1	80	0.0125000
NODE_9266_length_886_cov_25.301144	326	406	25	1	80	0.0125000
NODE_9266_length_886_cov_25.301144	326	406	29	6	80	0.0750000
NODE_9266_length_886_cov_25.301144	379	459	15	4	80	0.0500000
NODE_9266_length_886_cov_25.301144	379	459	17	15	80	0.1875000
NODE_9266_length_886_cov_25.301144	379	459	19	1	80	0.0125000
NODE_9266_length_886_cov_25.301144	379	459	21	2	80	0.0250000
NODE_9266_length_886_cov_25.301144	379	459	23	7	80	0.0875000
NODE_9266_length_886_cov_25.301144	379	459	25	1	80	0.0125000
NODE_9266_length_886_cov_25.301144	379	459	29	11	80	0.1375000
NODE_9266_length_886_cov_25.301144	379	459	31	36	80	0.4500000
NODE_9266_length_886_cov_25.301144	379	459	32	1	80	0.0125000
NODE_9266_length_886_cov_25.301144	379	459	33	2	80	0.0250000
NODE_9266_length_886_cov_25.301144	379	459	15	4	80	0.0500000
NODE_9266_length_886_cov_25.301144	379	459	17	15	80	0.1875000
NODE_9266_length_886_cov_25.301144	379	459	19	1	80	0.0125000
NODE_9266_length_886_cov_25.301144	379	459	21	2	80	0.0250000
NODE_9266_length_886_cov_25.301144	379	459	23	7	80	0.0875000
NODE_9266_length_886_cov_25.301144	379	459	25	1	80	0.0125000
NODE_9266_length_886_cov_25.301144	379	459	29	11	80	0.1375000
NODE_9266_length_886_cov_25.301144	379	459	31	36	80	0.4500000
NODE_9266_length_886_cov_25.301144	379	459	32	1	80	0.0125000
NODE_9266_length_886_cov_25.301144	379	459	33	2	80	0.0250000
NODE_9267_length_886_cov_14.463787	327	407	0	80	80	1.0000000
NODE_9267_length_886_cov_14.463787	380	460	0	80	80	1.0000000
NODE_9286_length_885_cov_35.510178	373	453	2	29	80	0.3625000
NODE_9286_length_885_cov_35.510178	373	453	4	30	80	0.3750000
NODE_9286_length_885_cov_35.510178	373	453	6	21	80	0.2625000
NODE_9286_length_885_cov_35.510178	426	506	2	7	80	0.0875000
NODE_9286_length_885_cov_35.510178	426	506	4	37	80	0.4625000
NODE_9286_length_885_cov_35.510178	426	506	6	36	80	0.4500000
NODE_9287_length_885_cov_31.857506	368	448	0	80	80	1.0000000
NODE_9287_length_885_cov_31.857506	421	501	0	80	80	1.0000000
NODE_9288_length_885_cov_31.195929	395	475	0	80	80	1.0000000
NODE_9288_length_885_cov_31.195929	448	528	0	80	80	1.0000000
NODE_9289_length_885_cov_23.735369	356	436	0	54	80	0.6750000
NODE_9289_length_885_cov_23.735369	356	436	1	26	80	0.3250000
NODE_9289_length_885_cov_23.735369	409	489	0	1	80	0.0125000
NODE_9289_length_885_cov_23.735369	409	489	1	79	80	0.9875000
NODE_9289_length_885_cov_23.735369	485	565	0	4	80	0.0500000
NODE_9289_length_885_cov_23.735369	485	565	1	76	80	0.9500000
NODE_9289_length_885_cov_23.735369	538	618	0	4	80	0.0500000
NODE_9289_length_885_cov_23.735369	538	618	1	36	80	0.4500000
NODE_9289_length_885_cov_23.735369	538	618	3	40	80	0.5000000
NODE_9290_length_885_cov_22.174300	340	420	0	34	80	0.4250000
NODE_9290_length_885_cov_22.174300	340	420	2	31	80	0.3875000
NODE_9290_length_885_cov_22.174300	340	420	4	15	80	0.1875000
NODE_9290_length_885_cov_22.174300	393	473	0	80	80	1.0000000
NODE_9290_length_885_cov_22.174300	469	549	0	80	80	1.0000000
NODE_9290_length_885_cov_22.174300	522	602	0	80	80	1.0000000
NODE_9291_length_885_cov_17.852417	413	493	0	51	80	0.6375000
NODE_9291_length_885_cov_17.852417	413	493	2	29	80	0.3625000
NODE_9291_length_885_cov_17.852417	466	546	0	36	80	0.4500000
NODE_9291_length_885_cov_17.852417	466	546	2	44	80	0.5500000
NODE_9292_length_885_cov_15.652672	346	426	0	50	80	0.6250000
NODE_9292_length_885_cov_15.652672	346	426	2	30	80	0.3750000
NODE_9292_length_885_cov_15.652672	399	479	0	80	80	1.0000000
NODE_9292_length_885_cov_15.652672	475	555	0	80	80	1.0000000
NODE_9292_length_885_cov_15.652672	528	608	0	53	80	0.6625000
NODE_9292_length_885_cov_15.652672	528	608	2	27	80	0.3375000
NODE_9293_length_885_cov_11.648855	530	610	0	58	80	0.7250000
NODE_9293_length_885_cov_11.648855	530	610	2	22	80	0.2750000
NODE_9293_length_885_cov_11.648855	583	663	0	80	80	1.0000000
NODE_9294_length_885_cov_9.707379	611	691	0	40	80	0.5000000
NODE_9294_length_885_cov_9.707379	611	691	1	1	80	0.0125000
NODE_9294_length_885_cov_9.707379	611	691	2	17	80	0.2125000
NODE_9294_length_885_cov_9.707379	611	691	4	22	80	0.2750000
NODE_9294_length_885_cov_9.707379	664	744	0	80	80	1.0000000
NODE_9311_length_884_cov_73.050955	536	616	0	25	80	0.3125000
NODE_9311_length_884_cov_73.050955	536	616	5	54	80	0.6750000
NODE_9311_length_884_cov_73.050955	536	616	9	1	80	0.0125000
NODE_9311_length_884_cov_73.050955	589	669	0	78	80	0.9750000
NODE_9311_length_884_cov_73.050955	589	669	5	2	80	0.0250000
NODE_9312_length_884_cov_28.373248	381	461	0	36	80	0.4500000
NODE_9312_length_884_cov_28.373248	381	461	4	14	80	0.1750000
NODE_9312_length_884_cov_28.373248	381	461	5	20	80	0.2500000
NODE_9312_length_884_cov_28.373248	381	461	6	10	80	0.1250000
NODE_9312_length_884_cov_28.373248	434	514	4	23	80	0.2875000
NODE_9312_length_884_cov_28.373248	434	514	5	17	80	0.2125000
NODE_9312_length_884_cov_28.373248	434	514	6	40	80	0.5000000
NODE_9313_length_884_cov_20.649682	463	543	0	9	80	0.1125000
NODE_9313_length_884_cov_20.649682	463	543	2	71	80	0.8875000
NODE_9313_length_884_cov_20.649682	516	596	0	40	80	0.5000000
NODE_9313_length_884_cov_20.649682	516	596	2	40	80	0.5000000
NODE_9314_length_884_cov_13.391083	225	305	0	2	80	0.0250000
NODE_9314_length_884_cov_13.391083	225	305	2	78	80	0.9750000
NODE_9314_length_884_cov_13.391083	278	358	0	2	80	0.0250000
NODE_9314_length_884_cov_13.391083	278	358	2	78	80	0.9750000
NODE_9315_length_884_cov_9.192357	278	358	2	21	80	0.2625000
NODE_9315_length_884_cov_9.192357	278	358	4	28	80	0.3500000
NODE_9315_length_884_cov_9.192357	278	358	6	31	80	0.3875000
NODE_9315_length_884_cov_9.192357	331	411	2	26	80	0.3250000
NODE_9315_length_884_cov_9.192357	331	411	4	36	80	0.4500000
NODE_9315_length_884_cov_9.192357	331	411	6	18	80	0.2250000
NODE_9315_length_884_cov_9.192357	407	487	0	62	80	0.7750000
NODE_9315_length_884_cov_9.192357	407	487	2	18	80	0.2250000
NODE_9315_length_884_cov_9.192357	460	540	0	80	80	1.0000000
NODE_9335_length_883_cov_46.780612	344	424	0	31	80	0.3875000
NODE_9335_length_883_cov_46.780612	344	424	4	49	80	0.6125000
NODE_9335_length_883_cov_46.780612	397	477	0	29	80	0.3625000
NODE_9335_length_883_cov_46.780612	397	477	4	51	80	0.6375000
NODE_9336_length_883_cov_46.304847	387	467	0	30	80	0.3750000
NODE_9336_length_883_cov_46.304847	387	467	2	50	80	0.6250000
NODE_9336_length_883_cov_46.304847	440	520	0	34	80	0.4250000
NODE_9336_length_883_cov_46.304847	440	520	2	46	80	0.5750000
NODE_9337_length_883_cov_39.579082	410	490	0	80	80	1.0000000
NODE_9337_length_883_cov_39.579082	463	543	0	80	80	1.0000000
NODE_9338_length_883_cov_28.307398	379	459	0	58	80	0.7250000
NODE_9338_length_883_cov_28.307398	379	459	2	22	80	0.2750000
NODE_9338_length_883_cov_28.307398	432	512	0	5	80	0.0625000
NODE_9338_length_883_cov_28.307398	432	512	2	75	80	0.9375000
NODE_9339_length_883_cov_24.927296	429	509	0	26	80	0.3250000
NODE_9339_length_883_cov_24.927296	429	509	2	8	80	0.1000000
NODE_9339_length_883_cov_24.927296	429	509	4	35	80	0.4375000
NODE_9339_length_883_cov_24.927296	429	509	6	11	80	0.1375000
NODE_9339_length_883_cov_24.927296	482	562	0	79	80	0.9875000
NODE_9339_length_883_cov_24.927296	482	562	2	1	80	0.0125000
NODE_9341_length_883_cov_17.445153	326	406	0	8	80	0.1000000
NODE_9341_length_883_cov_17.445153	326	406	2	6	80	0.0750000
NODE_9341_length_883_cov_17.445153	326	406	7	1	80	0.0125000
NODE_9341_length_883_cov_17.445153	326	406	8	35	80	0.4375000
NODE_9341_length_883_cov_17.445153	326	406	10	6	80	0.0750000
NODE_9341_length_883_cov_17.445153	326	406	12	24	80	0.3000000
NODE_9341_length_883_cov_17.445153	379	459	2	8	80	0.1000000
NODE_9341_length_883_cov_17.445153	379	459	7	1	80	0.0125000
NODE_9341_length_883_cov_17.445153	379	459	8	6	80	0.0750000
NODE_9341_length_883_cov_17.445153	379	459	10	24	80	0.3000000
NODE_9341_length_883_cov_17.445153	379	459	12	41	80	0.5125000
NODE_9342_length_883_cov_14.660714	319	395	2	56	76	0.7368421
NODE_9342_length_883_cov_14.660714	319	395	4	20	76	0.2631579
NODE_9342_length_883_cov_14.660714	740	816	0	15	76	0.1973684
NODE_9342_length_883_cov_14.660714	740	816	2	61	76	0.8026316
NODE_9343_length_883_cov_11.052296	223	303	0	80	80	1.0000000
NODE_9343_length_883_cov_11.052296	276	356	0	80	80	1.0000000
NODE_9344_length_883_cov_6.873724	0	66	2	4	66	0.0606061
NODE_9344_length_883_cov_6.873724	0	66	5	6	66	0.0909091
NODE_9344_length_883_cov_6.873724	0	66	6	6	66	0.0909091
NODE_9344_length_883_cov_6.873724	0	66	16	20	66	0.3030303
NODE_9344_length_883_cov_6.873724	0	66	18	30	66	0.4545455
NODE_9345_length_883_cov_3.873724	471	551	0	54	80	0.6750000
NODE_9345_length_883_cov_3.873724	471	551	1	26	80	0.3250000
NODE_9345_length_883_cov_3.873724	524	604	0	80	80	1.0000000
NODE_9346_length_883_cov_3.247449	294	374	0	80	80	1.0000000
NODE_9346_length_883_cov_3.247449	347	427	0	80	80	1.0000000
NODE_9370_length_882_cov_24.241379	438	518	2	16	80	0.2000000
NODE_9370_length_882_cov_24.241379	438	518	6	14	80	0.1750000
NODE_9370_length_882_cov_24.241379	438	518	8	7	80	0.0875000
NODE_9370_length_882_cov_24.241379	438	518	12	29	80	0.3625000
NODE_9370_length_882_cov_24.241379	438	518	14	14	80	0.1750000
NODE_9370_length_882_cov_24.241379	491	571	0	31	80	0.3875000
NODE_9370_length_882_cov_24.241379	491	571	2	38	80	0.4750000
NODE_9370_length_882_cov_24.241379	491	571	6	11	80	0.1375000
NODE_9371_length_882_cov_23.145594	355	435	0	80	80	1.0000000
NODE_9371_length_882_cov_23.145594	408	488	0	63	80	0.7875000
NODE_9371_length_882_cov_23.145594	408	488	1	11	80	0.1375000
NODE_9371_length_882_cov_23.145594	408	488	2	6	80	0.0750000
NODE_9372_length_882_cov_21.401022	335	415	2	80	80	1.0000000
NODE_9372_length_882_cov_21.401022	388	468	0	46	80	0.5750000
NODE_9372_length_882_cov_21.401022	388	468	2	34	80	0.4250000
NODE_9373_length_882_cov_19.579821	456	511	0	33	55	0.6000000
NODE_9373_length_882_cov_19.579821	456	511	2	22	55	0.4000000
NODE_9373_length_882_cov_19.579821	506	586	0	80	80	1.0000000
NODE_9373_length_882_cov_19.579821	559	639	0	80	80	1.0000000
NODE_9374_length_882_cov_19.342273	298	378	0	80	80	1.0000000
NODE_9374_length_882_cov_19.342273	351	431	0	80	80	1.0000000
NODE_9374_length_882_cov_19.342273	427	508	0	81	81	1.0000000
NODE_9374_length_882_cov_19.342273	481	561	0	80	80	1.0000000
NODE_9375_length_882_cov_11.873563	267	347	0	33	80	0.4125000
NODE_9375_length_882_cov_11.873563	267	347	2	47	80	0.5875000
NODE_9375_length_882_cov_11.873563	320	400	2	80	80	1.0000000
NODE_9376_length_882_cov_8.794381	430	510	0	80	80	1.0000000
NODE_9376_length_882_cov_8.794381	483	563	0	80	80	1.0000000
NODE_9377_length_882_cov_7.537676	527	608	0	81	81	1.0000000
NODE_9379_length_882_cov_6.696041	355	435	0	10	80	0.1250000
NODE_9379_length_882_cov_6.696041	355	435	2	45	80	0.5625000
NODE_9379_length_882_cov_6.696041	355	435	4	25	80	0.3125000
NODE_9379_length_882_cov_6.696041	408	488	0	63	80	0.7875000
NODE_9379_length_882_cov_6.696041	408	488	2	17	80	0.2125000
NODE_9380_length_882_cov_4.734355	585	665	0	76	80	0.9500000
NODE_9380_length_882_cov_4.734355	585	665	2	2	80	0.0250000
NODE_9380_length_882_cov_4.734355	585	665	4	2	80	0.0250000
NODE_9380_length_882_cov_4.734355	638	718	0	80	80	1.0000000
NODE_9398_length_881_cov_32.875959	444	524	0	5	80	0.0625000
NODE_9398_length_881_cov_32.875959	444	524	4	75	80	0.9375000
NODE_9398_length_881_cov_32.875959	497	577	0	58	80	0.7250000
NODE_9398_length_881_cov_32.875959	497	577	4	22	80	0.2750000
NODE_9399_length_881_cov_25.750639	43	117	2	21	74	0.2837838
NODE_9399_length_881_cov_25.750639	43	117	4	53	74	0.7162162
NODE_9399_length_881_cov_25.750639	116	193	4	18	77	0.2337662
NODE_9399_length_881_cov_25.750639	116	193	14	31	77	0.4025974
NODE_9399_length_881_cov_25.750639	116	193	17	2	77	0.0259740
NODE_9399_length_881_cov_25.750639	116	193	18	13	77	0.1688312
NODE_9399_length_881_cov_25.750639	116	193	20	13	77	0.1688312
NODE_9400_length_881_cov_23.897698	286	365	0	79	79	1.0000000
NODE_9400_length_881_cov_23.897698	338	418	0	64	80	0.8000000
NODE_9400_length_881_cov_23.897698	338	418	1	10	80	0.1250000
NODE_9400_length_881_cov_23.897698	338	418	2	6	80	0.0750000
NODE_9401_length_881_cov_20.656010	359	439	0	48	80	0.6000000
NODE_9401_length_881_cov_20.656010	359	439	6	32	80	0.4000000
NODE_9401_length_881_cov_20.656010	412	492	2	33	80	0.4125000
NODE_9401_length_881_cov_20.656010	412	492	6	47	80	0.5875000
NODE_9402_length_881_cov_20.340153	242	322	2	43	80	0.5375000
NODE_9402_length_881_cov_20.340153	242	322	6	37	80	0.4625000
NODE_9402_length_881_cov_20.340153	295	375	4	2	80	0.0250000
NODE_9402_length_881_cov_20.340153	295	375	6	78	80	0.9750000
NODE_9403_length_881_cov_18.234015	420	500	0	80	80	1.0000000
NODE_9403_length_881_cov_18.234015	473	553	0	80	80	1.0000000
NODE_9404_length_881_cov_17.748082	291	371	2	80	80	1.0000000
NODE_9404_length_881_cov_17.748082	344	424	0	42	80	0.5250000
NODE_9404_length_881_cov_17.748082	344	424	2	38	80	0.4750000
NODE_9405_length_881_cov_12.884910	332	412	0	20	80	0.2500000
NODE_9405_length_881_cov_12.884910	332	412	2	60	80	0.7500000
NODE_9405_length_881_cov_12.884910	385	465	0	73	80	0.9125000
NODE_9405_length_881_cov_12.884910	385	465	2	7	80	0.0875000
NODE_9406_length_881_cov_6.473146	474	553	0	76	79	0.9620253
NODE_9406_length_881_cov_6.473146	474	553	2	3	79	0.0379747
NODE_9406_length_881_cov_6.473146	514	594	0	52	80	0.6500000
NODE_9406_length_881_cov_6.473146	514	594	2	28	80	0.3500000
NODE_9406_length_881_cov_6.473146	526	565	0	39	39	1.0000000
NODE_9406_length_881_cov_6.473146	555	606	0	11	51	0.2156863
NODE_9406_length_881_cov_6.473146	555	606	2	40	51	0.7843137
NODE_9406_length_881_cov_6.473146	567	647	2	80	80	1.0000000
NODE_9407_length_881_cov_5.615090	547	627	0	80	80	1.0000000
NODE_9407_length_881_cov_5.615090	600	680	0	80	80	1.0000000
NODE_9424_length_880_cov_26.663252	320	400	0	15	80	0.1875000
NODE_9424_length_880_cov_26.663252	320	400	4	54	80	0.6750000
NODE_9424_length_880_cov_26.663252	320	400	8	11	80	0.1375000
NODE_9424_length_880_cov_26.663252	373	453	0	15	80	0.1875000
NODE_9424_length_880_cov_26.663252	373	453	4	1	80	0.0125000
NODE_9424_length_880_cov_26.663252	373	453	8	64	80	0.8000000
NODE_9425_length_880_cov_21.828425	328	408	0	28	80	0.3500000
NODE_9425_length_880_cov_21.828425	328	408	17	4	80	0.0500000
NODE_9425_length_880_cov_21.828425	328	408	19	5	80	0.0625000
NODE_9425_length_880_cov_21.828425	328	408	21	29	80	0.3625000
NODE_9425_length_880_cov_21.828425	328	408	22	14	80	0.1750000
NODE_9425_length_880_cov_21.828425	381	461	20	31	80	0.3875000
NODE_9425_length_880_cov_21.828425	381	461	21	13	80	0.1625000
NODE_9425_length_880_cov_21.828425	381	461	22	36	80	0.4500000
NODE_9426_length_880_cov_20.245839	427	507	0	13	80	0.1625000
NODE_9426_length_880_cov_20.245839	427	507	2	4	80	0.0500000
NODE_9426_length_880_cov_20.245839	427	507	6	63	80	0.7875000
NODE_9426_length_880_cov_20.245839	480	560	0	8	80	0.1000000
NODE_9426_length_880_cov_20.245839	480	560	2	26	80	0.3250000
NODE_9426_length_880_cov_20.245839	480	560	6	46	80	0.5750000
NODE_9427_length_880_cov_19.434059	0	69	0	69	69	1.0000000
NODE_9428_length_880_cov_11.843790	363	430	2	2	67	0.0298507
NODE_9428_length_880_cov_11.843790	363	430	6	33	67	0.4925373
NODE_9428_length_880_cov_11.843790	363	430	7	1	67	0.0149254
NODE_9428_length_880_cov_11.843790	363	430	8	31	67	0.4626866
NODE_9429_length_880_cov_11.544174	185	265	0	80	80	1.0000000
NODE_9429_length_880_cov_11.544174	238	318	0	80	80	1.0000000
NODE_9430_length_880_cov_10.956466	354	434	0	80	80	1.0000000
NODE_9430_length_880_cov_10.956466	407	487	0	80	80	1.0000000
NODE_9431_length_880_cov_10.008963	395	474	0	79	79	1.0000000
NODE_9431_length_880_cov_10.008963	448	527	0	79	79	1.0000000
NODE_9453_length_879_cov_23.565385	326	406	0	67	80	0.8375000
NODE_9453_length_879_cov_23.565385	326	406	2	13	80	0.1625000
NODE_9453_length_879_cov_23.565385	379	459	0	80	80	1.0000000
NODE_9453_length_879_cov_23.565385	455	535	0	80	80	1.0000000
NODE_9453_length_879_cov_23.565385	508	586	0	78	78	1.0000000
NODE_9454_length_879_cov_20.758974	355	439	1	19	84	0.2261905
NODE_9454_length_879_cov_20.758974	355	439	7	65	84	0.7738096
NODE_9454_length_879_cov_20.758974	412	492	1	72	80	0.9000000
NODE_9454_length_879_cov_20.758974	412	492	7	8	80	0.1000000
NODE_9455_length_879_cov_19.685897	295	375	7	29	80	0.3625000
NODE_9455_length_879_cov_19.685897	295	375	9	36	80	0.4500000
NODE_9455_length_879_cov_19.685897	295	375	10	5	80	0.0625000
NODE_9455_length_879_cov_19.685897	295	375	11	10	80	0.1250000
NODE_9455_length_879_cov_19.685897	348	428	6	33	80	0.4125000
NODE_9455_length_879_cov_19.685897	348	428	9	47	80	0.5875000
NODE_9456_length_879_cov_17.738462	413	488	0	28	75	0.3733333
NODE_9456_length_879_cov_17.738462	413	488	1	47	75	0.6266667
NODE_9456_length_879_cov_17.738462	569	649	0	37	80	0.4625000
NODE_9456_length_879_cov_17.738462	569	649	2	13	80	0.1625000
NODE_9456_length_879_cov_17.738462	569	649	4	7	80	0.0875000
NODE_9456_length_879_cov_17.738462	569	649	6	23	80	0.2875000
NODE_9456_length_879_cov_17.738462	569	649	0	37	80	0.4625000
NODE_9456_length_879_cov_17.738462	569	649	2	13	80	0.1625000
NODE_9456_length_879_cov_17.738462	569	649	4	7	80	0.0875000
NODE_9456_length_879_cov_17.738462	569	649	6	23	80	0.2875000
NODE_9456_length_879_cov_17.738462	569	649	0	37	80	0.4625000
NODE_9456_length_879_cov_17.738462	569	649	2	13	80	0.1625000
NODE_9456_length_879_cov_17.738462	569	649	4	7	80	0.0875000
NODE_9456_length_879_cov_17.738462	569	649	6	23	80	0.2875000
NODE_9456_length_879_cov_17.738462	622	676	0	54	54	1.0000000
NODE_9458_length_879_cov_10.756410	335	415	0	15	80	0.1875000
NODE_9458_length_879_cov_10.756410	335	415	2	65	80	0.8125000
NODE_9458_length_879_cov_10.756410	388	468	0	32	80	0.4000000
NODE_9458_length_879_cov_10.756410	388	468	2	48	80	0.6000000
NODE_9459_length_879_cov_7.432051	234	314	6	55	80	0.6875000
NODE_9459_length_879_cov_7.432051	234	314	8	25	80	0.3125000
NODE_9459_length_879_cov_7.432051	288	367	0	24	79	0.3037975
NODE_9459_length_879_cov_7.432051	288	367	4	11	79	0.1392405
NODE_9459_length_879_cov_7.432051	288	367	6	44	79	0.5569620
NODE_9473_length_878_cov_230.436457	415	495	4	19	80	0.2375000
NODE_9473_length_878_cov_230.436457	415	495	9	1	80	0.0125000
NODE_9473_length_878_cov_230.436457	415	495	10	33	80	0.4125000
NODE_9473_length_878_cov_230.436457	415	495	12	7	80	0.0875000
NODE_9473_length_878_cov_230.436457	415	495	15	2	80	0.0250000
NODE_9473_length_878_cov_230.436457	415	495	16	18	80	0.2250000
NODE_9473_length_878_cov_230.436457	468	548	4	19	80	0.2375000
NODE_9473_length_878_cov_230.436457	468	548	9	1	80	0.0125000
NODE_9473_length_878_cov_230.436457	468	548	10	5	80	0.0625000
NODE_9473_length_878_cov_230.436457	468	548	12	34	80	0.4250000
NODE_9473_length_878_cov_230.436457	468	548	15	21	80	0.2625000
NODE_9474_length_878_cov_49.514763	410	490	0	17	80	0.2125000
NODE_9474_length_878_cov_49.514763	410	490	10	30	80	0.3750000
NODE_9474_length_878_cov_49.514763	410	490	20	33	80	0.4125000
NODE_9474_length_878_cov_49.514763	463	543	10	34	80	0.4250000
NODE_9474_length_878_cov_49.514763	463	543	20	46	80	0.5750000
NODE_9475_length_878_cov_38.862644	365	445	2	7	80	0.0875000
NODE_9475_length_878_cov_38.862644	365	445	4	6	80	0.0750000
NODE_9475_length_878_cov_38.862644	365	445	6	20	80	0.2500000
NODE_9475_length_878_cov_38.862644	365	445	8	47	80	0.5875000
NODE_9475_length_878_cov_38.862644	418	498	2	7	80	0.0875000
NODE_9475_length_878_cov_38.862644	418	498	4	56	80	0.7000000
NODE_9475_length_878_cov_38.862644	418	498	6	17	80	0.2125000
NODE_9476_length_878_cov_36.517330	346	426	0	80	80	1.0000000
NODE_9476_length_878_cov_36.517330	399	479	0	80	80	1.0000000
NODE_9476_length_878_cov_36.517330	475	555	0	80	80	1.0000000
NODE_9476_length_878_cov_36.517330	528	608	0	80	80	1.0000000
NODE_9477_length_878_cov_34.404365	627	707	6	22	80	0.2750000
NODE_9477_length_878_cov_34.404365	627	707	10	4	80	0.0500000
NODE_9477_length_878_cov_34.404365	627	707	12	4	80	0.0500000
NODE_9477_length_878_cov_34.404365	627	707	14	2	80	0.0250000
NODE_9477_length_878_cov_34.404365	627	707	16	26	80	0.3250000
NODE_9477_length_878_cov_34.404365	627	707	17	1	80	0.0125000
NODE_9477_length_878_cov_34.404365	627	707	18	21	80	0.2625000
NODE_9477_length_878_cov_34.404365	627	695	6	10	68	0.1470588
NODE_9477_length_878_cov_34.404365	627	695	10	4	68	0.0588235
NODE_9477_length_878_cov_34.404365	627	695	12	4	68	0.0588235
NODE_9477_length_878_cov_34.404365	627	695	14	2	68	0.0294118
NODE_9477_length_878_cov_34.404365	627	695	16	26	68	0.3823529
NODE_9477_length_878_cov_34.404365	627	695	17	1	68	0.0147059
NODE_9477_length_878_cov_34.404365	627	695	18	21	68	0.3088235
NODE_9477_length_878_cov_34.404365	680	760	0	1	80	0.0125000
NODE_9477_length_878_cov_34.404365	680	760	2	8	80	0.1000000
NODE_9477_length_878_cov_34.404365	680	760	6	26	80	0.3250000
NODE_9477_length_878_cov_34.404365	680	760	8	2	80	0.0250000
NODE_9477_length_878_cov_34.404365	680	760	10	4	80	0.0500000
NODE_9477_length_878_cov_34.404365	680	760	11	2	80	0.0250000
NODE_9477_length_878_cov_34.404365	680	760	12	1	80	0.0125000
NODE_9477_length_878_cov_34.404365	680	760	13	3	80	0.0375000
NODE_9477_length_878_cov_34.404365	680	760	15	2	80	0.0250000
NODE_9477_length_878_cov_34.404365	680	760	17	1	80	0.0125000
NODE_9477_length_878_cov_34.404365	680	760	21	2	80	0.0250000
NODE_9477_length_878_cov_34.404365	680	760	25	1	80	0.0125000
NODE_9477_length_878_cov_34.404365	680	760	26	2	80	0.0250000
NODE_9477_length_878_cov_34.404365	680	760	28	4	80	0.0500000
NODE_9477_length_878_cov_34.404365	680	760	31	3	80	0.0375000
NODE_9477_length_878_cov_34.404365	680	760	32	3	80	0.0375000
NODE_9477_length_878_cov_34.404365	680	760	36	3	80	0.0375000
NODE_9477_length_878_cov_34.404365	680	760	38	1	80	0.0125000
NODE_9477_length_878_cov_34.404365	680	760	42	6	80	0.0750000
NODE_9477_length_878_cov_34.404365	680	760	44	3	80	0.0375000
NODE_9477_length_878_cov_34.404365	680	760	46	1	80	0.0125000
NODE_9477_length_878_cov_34.404365	680	760	48	1	80	0.0125000
NODE_9478_length_878_cov_28.761232	467	547	0	80	80	1.0000000
NODE_9478_length_878_cov_28.761232	520	600	0	80	80	1.0000000
NODE_9479_length_878_cov_24.899872	316	396	0	29	80	0.3625000
NODE_9479_length_878_cov_24.899872	316	396	4	51	80	0.6375000
NODE_9479_length_878_cov_24.899872	369	449	0	41	80	0.5125000
NODE_9479_length_878_cov_24.899872	369	449	4	39	80	0.4875000
NODE_9479_length_878_cov_24.899872	445	525	0	80	80	1.0000000
NODE_9479_length_878_cov_24.899872	498	578	0	80	80	1.0000000
NODE_9480_length_878_cov_21.446727	377	457	0	80	80	1.0000000
NODE_9480_length_878_cov_21.446727	430	510	0	80	80	1.0000000
NODE_9481_length_878_cov_20.553273	424	504	13	30	80	0.3750000
NODE_9481_length_878_cov_20.553273	424	504	14	30	80	0.3750000
NODE_9481_length_878_cov_20.553273	424	504	15	4	80	0.0500000
NODE_9481_length_878_cov_20.553273	424	504	16	16	80	0.2000000
NODE_9481_length_878_cov_20.553273	477	557	0	32	80	0.4000000
NODE_9481_length_878_cov_20.553273	477	557	8	5	80	0.0625000
NODE_9481_length_878_cov_20.553273	477	557	10	4	80	0.0500000
NODE_9481_length_878_cov_20.553273	477	557	12	5	80	0.0625000
NODE_9481_length_878_cov_20.553273	477	557	14	31	80	0.3875000
NODE_9481_length_878_cov_20.553273	477	557	16	3	80	0.0375000
NODE_9482_length_878_cov_14.016688	214	294	0	80	80	1.0000000
NODE_9482_length_878_cov_14.016688	267	347	0	80	80	1.0000000
NODE_9483_length_878_cov_9.252888	423	503	0	80	80	1.0000000
NODE_9483_length_878_cov_9.252888	476	556	0	80	80	1.0000000
NODE_9484_length_878_cov_8.695764	333	413	2	42	80	0.5250000
NODE_9484_length_878_cov_8.695764	333	413	4	38	80	0.4750000
NODE_9484_length_878_cov_8.695764	386	466	2	72	80	0.9000000
NODE_9484_length_878_cov_8.695764	386	466	4	8	80	0.1000000
NODE_9485_length_878_cov_6.686778	65	145	0	60	80	0.7500000
NODE_9485_length_878_cov_6.686778	65	145	2	20	80	0.2500000
NODE_9485_length_878_cov_6.686778	118	198	0	7	80	0.0875000
NODE_9485_length_878_cov_6.686778	118	198	2	73	80	0.9125000
NODE_9487_length_878_cov_6.328626	426	506	0	61	80	0.7625000
NODE_9487_length_878_cov_6.328626	426	506	2	19	80	0.2375000
NODE_9487_length_878_cov_6.328626	479	559	0	8	80	0.1000000
NODE_9487_length_878_cov_6.328626	479	559	2	31	80	0.3875000
NODE_9487_length_878_cov_6.328626	479	559	4	41	80	0.5125000
NODE_9488_length_878_cov_5.771502	470	513	0	43	43	1.0000000
NODE_9490_length_878_cov_2.672657	499	579	0	80	80	1.0000000
NODE_9490_length_878_cov_2.672657	552	631	0	79	79	1.0000000
NODE_9507_length_877_cov_59.021851	324	404	0	5	80	0.0625000
NODE_9507_length_877_cov_59.021851	324	404	4	75	80	0.9375000
NODE_9507_length_877_cov_59.021851	377	457	0	58	80	0.7250000
NODE_9507_length_877_cov_59.021851	377	457	4	22	80	0.2750000
NODE_9508_length_877_cov_54.422879	418	498	0	80	80	1.0000000
NODE_9508_length_877_cov_54.422879	471	551	0	80	80	1.0000000
NODE_9509_length_877_cov_47.672237	451	527	0	76	76	1.0000000
NODE_9509_length_877_cov_47.672237	500	580	0	80	80	1.0000000
NODE_9510_length_877_cov_29.884319	349	429	2	18	80	0.2250000
NODE_9510_length_877_cov_29.884319	349	429	6	62	80	0.7750000
NODE_9510_length_877_cov_29.884319	402	482	2	11	80	0.1375000
NODE_9510_length_877_cov_29.884319	402	482	4	13	80	0.1625000
NODE_9510_length_877_cov_29.884319	402	482	6	51	80	0.6375000
NODE_9510_length_877_cov_29.884319	402	482	8	5	80	0.0625000
NODE_9511_length_877_cov_17.681234	423	503	0	29	80	0.3625000
NODE_9511_length_877_cov_17.681234	423	503	4	17	80	0.2125000
NODE_9511_length_877_cov_17.681234	423	503	6	34	80	0.4250000
NODE_9511_length_877_cov_17.681234	476	556	4	8	80	0.1000000
NODE_9511_length_877_cov_17.681234	476	556	6	72	80	0.9000000
NODE_9512_length_877_cov_17.520566	228	308	0	80	80	1.0000000
NODE_9512_length_877_cov_17.520566	281	361	0	80	80	1.0000000
NODE_9513_length_877_cov_17.374036	362	442	0	80	80	1.0000000
NODE_9513_length_877_cov_17.374036	415	495	0	80	80	1.0000000
NODE_9515_length_877_cov_9.320051	395	475	0	63	80	0.7875000
NODE_9515_length_877_cov_9.320051	395	475	4	17	80	0.2125000
NODE_9515_length_877_cov_9.320051	448	528	0	10	80	0.1250000
NODE_9515_length_877_cov_9.320051	448	528	4	70	80	0.8750000
NODE_9517_length_877_cov_6.755784	222	302	0	15	80	0.1875000
NODE_9517_length_877_cov_6.755784	222	302	6	65	80	0.8125000
NODE_9517_length_877_cov_6.755784	275	354	0	2	79	0.0253165
NODE_9517_length_877_cov_6.755784	275	354	6	77	79	0.9746835
NODE_9537_length_876_cov_46.021879	389	469	0	15	80	0.1875000
NODE_9537_length_876_cov_46.021879	389	469	2	65	80	0.8125000
NODE_9537_length_876_cov_46.021879	442	522	0	68	80	0.8500000
NODE_9537_length_876_cov_46.021879	442	522	2	12	80	0.1500000
NODE_9538_length_876_cov_34.441441	379	459	0	12	80	0.1500000
NODE_9538_length_876_cov_34.441441	379	459	2	40	80	0.5000000
NODE_9538_length_876_cov_34.441441	379	459	4	8	80	0.1000000
NODE_9538_length_876_cov_34.441441	379	459	6	20	80	0.2500000
NODE_9538_length_876_cov_34.441441	432	512	4	10	80	0.1250000
NODE_9538_length_876_cov_34.441441	432	512	6	70	80	0.8750000
NODE_9539_length_876_cov_30.742600	344	424	0	40	80	0.5000000
NODE_9539_length_876_cov_30.742600	344	424	2	40	80	0.5000000
NODE_9539_length_876_cov_30.742600	397	477	0	12	80	0.1500000
NODE_9539_length_876_cov_30.742600	397	477	2	68	80	0.8500000
NODE_9540_length_876_cov_28.476190	345	425	0	43	80	0.5375000
NODE_9540_length_876_cov_28.476190	345	425	2	37	80	0.4625000
NODE_9540_length_876_cov_28.476190	398	478	0	22	80	0.2750000
NODE_9540_length_876_cov_28.476190	398	478	2	58	80	0.7250000
NODE_9541_length_876_cov_22.722008	324	404	0	80	80	1.0000000
NODE_9541_length_876_cov_22.722008	377	457	0	27	80	0.3375000
NODE_9541_length_876_cov_22.722008	377	457	1	6	80	0.0750000
NODE_9541_length_876_cov_22.722008	377	457	2	47	80	0.5875000
NODE_9542_length_876_cov_17.458172	367	447	4	44	80	0.5500000
NODE_9542_length_876_cov_17.458172	367	447	8	36	80	0.4500000
NODE_9542_length_876_cov_17.458172	420	500	4	41	80	0.5125000
NODE_9542_length_876_cov_17.458172	420	500	8	39	80	0.4875000
NODE_9561_length_875_cov_52.965206	190	270	0	80	80	1.0000000
NODE_9561_length_875_cov_52.965206	243	323	0	80	80	1.0000000
NODE_9561_length_875_cov_52.965206	319	399	0	80	80	1.0000000
NODE_9561_length_875_cov_52.965206	372	447	0	75	75	1.0000000
NODE_9562_length_875_cov_35.634021	260	340	6	80	80	1.0000000
NODE_9562_length_875_cov_35.634021	313	393	0	38	80	0.4750000
NODE_9562_length_875_cov_35.634021	313	393	6	42	80	0.5250000
NODE_9562_length_875_cov_35.634021	389	469	0	23	80	0.2875000
NODE_9562_length_875_cov_35.634021	389	469	7	1	80	0.0125000
NODE_9562_length_875_cov_35.634021	389	469	8	31	80	0.3875000
NODE_9562_length_875_cov_35.634021	389	469	10	14	80	0.1750000
NODE_9562_length_875_cov_35.634021	389	469	12	11	80	0.1375000
NODE_9562_length_875_cov_35.634021	442	522	8	2	80	0.0250000
NODE_9562_length_875_cov_35.634021	442	522	9	14	80	0.1750000
NODE_9562_length_875_cov_35.634021	442	522	10	14	80	0.1750000
NODE_9562_length_875_cov_35.634021	442	522	11	32	80	0.4000000
NODE_9562_length_875_cov_35.634021	442	522	12	18	80	0.2250000
NODE_9563_length_875_cov_33.771907	363	441	0	78	78	1.0000000
NODE_9563_length_875_cov_33.771907	414	494	0	80	80	1.0000000
NODE_9564_length_875_cov_29.698454	322	402	0	80	80	1.0000000
NODE_9564_length_875_cov_29.698454	375	455	0	80	80	1.0000000
NODE_9565_length_875_cov_23.041237	364	444	0	80	80	1.0000000
NODE_9565_length_875_cov_23.041237	417	497	0	80	80	1.0000000
NODE_9565_length_875_cov_23.041237	493	573	0	38	80	0.4750000
NODE_9565_length_875_cov_23.041237	493	573	2	42	80	0.5250000
NODE_9565_length_875_cov_23.041237	546	626	2	80	80	1.0000000
NODE_9566_length_875_cov_9.800258	242	322	0	35	80	0.4375000
NODE_9566_length_875_cov_9.800258	242	322	2	45	80	0.5625000
NODE_9566_length_875_cov_9.800258	295	376	2	81	81	1.0000000
NODE_9567_length_875_cov_8.195876	407	487	0	80	80	1.0000000
NODE_9567_length_875_cov_8.195876	460	540	0	80	80	1.0000000
NODE_9585_length_874_cov_48.925161	185	265	0	58	80	0.7250000
NODE_9585_length_874_cov_48.925161	185	265	2	22	80	0.2750000
NODE_9585_length_874_cov_48.925161	238	318	0	5	80	0.0625000
NODE_9585_length_874_cov_48.925161	238	318	2	36	80	0.4500000
NODE_9585_length_874_cov_48.925161	238	318	4	39	80	0.4875000
NODE_9587_length_874_cov_37.354839	199	279	0	80	80	1.0000000
NODE_9587_length_874_cov_37.354839	252	332	0	80	80	1.0000000
NODE_9588_length_874_cov_35.040000	231	311	0	80	80	1.0000000
NODE_9588_length_874_cov_35.040000	284	364	0	80	80	1.0000000
NODE_9589_length_874_cov_23.415484	327	407	2	80	80	1.0000000
NODE_9589_length_874_cov_23.415484	380	460	0	15	80	0.1875000
NODE_9589_length_874_cov_23.415484	380	460	2	65	80	0.8125000
NODE_9589_length_874_cov_23.415484	456	536	0	80	80	1.0000000
NODE_9589_length_874_cov_23.415484	509	589	0	80	80	1.0000000
NODE_9590_length_874_cov_21.885161	279	359	0	3	80	0.0375000
NODE_9590_length_874_cov_21.885161	279	359	3	77	80	0.9625000
NODE_9590_length_874_cov_21.885161	332	412	0	56	80	0.7000000
NODE_9590_length_874_cov_21.885161	332	412	3	24	80	0.3000000
NODE_9591_length_874_cov_11.172903	67	147	0	80	80	1.0000000
NODE_9591_length_874_cov_11.172903	120	200	0	80	80	1.0000000
NODE_9592_length_874_cov_9.645161	424	504	8	80	80	1.0000000
NODE_9592_length_874_cov_9.645161	477	557	0	31	80	0.3875000
NODE_9592_length_874_cov_9.645161	477	557	8	49	80	0.6125000
NODE_9593_length_874_cov_8.637419	359	439	0	56	80	0.7000000
NODE_9593_length_874_cov_8.637419	359	439	2	24	80	0.3000000
NODE_9593_length_874_cov_8.637419	412	499	0	3	87	0.0344828
NODE_9593_length_874_cov_8.637419	412	499	2	84	87	0.9655172
NODE_9596_length_874_cov_4.785806	829	874	0	45	45	1.0000000
NODE_9618_length_873_cov_100.625323	50	130	8	8	80	0.1000000
NODE_9618_length_873_cov_100.625323	50	130	12	1	80	0.0125000
NODE_9618_length_873_cov_100.625323	50	130	14	1	80	0.0125000
NODE_9618_length_873_cov_100.625323	50	130	24	3	80	0.0375000
NODE_9618_length_873_cov_100.625323	50	130	26	1	80	0.0125000
NODE_9618_length_873_cov_100.625323	50	130	29	4	80	0.0500000
NODE_9618_length_873_cov_100.625323	50	130	38	4	80	0.0500000
NODE_9618_length_873_cov_100.625323	50	130	40	1	80	0.0125000
NODE_9618_length_873_cov_100.625323	50	130	42	1	80	0.0125000
NODE_9618_length_873_cov_100.625323	50	130	44	56	80	0.7000000
NODE_9619_length_873_cov_45.633075	226	306	0	37	80	0.4625000
NODE_9619_length_873_cov_45.633075	226	306	2	43	80	0.5375000
NODE_9619_length_873_cov_45.633075	279	359	0	80	80	1.0000000
NODE_9619_length_873_cov_45.633075	693	773	0	36	80	0.4500000
NODE_9619_length_873_cov_45.633075	693	773	2	44	80	0.5500000
NODE_9619_length_873_cov_45.633075	746	826	0	80	80	1.0000000
NODE_9620_length_873_cov_39.224806	190	270	0	35	80	0.4375000
NODE_9620_length_873_cov_39.224806	190	270	2	16	80	0.2000000
NODE_9620_length_873_cov_39.224806	190	270	4	13	80	0.1625000
NODE_9620_length_873_cov_39.224806	190	270	6	16	80	0.2000000
NODE_9620_length_873_cov_39.224806	243	307	0	64	64	1.0000000
NODE_9620_length_873_cov_39.224806	390	470	0	3	80	0.0375000
NODE_9620_length_873_cov_39.224806	390	470	2	77	80	0.9625000
NODE_9620_length_873_cov_39.224806	443	523	0	42	80	0.5250000
NODE_9620_length_873_cov_39.224806	443	523	2	38	80	0.4750000
NODE_9620_length_873_cov_39.224806	504	523	0	19	19	1.0000000
NODE_9620_length_873_cov_39.224806	519	599	0	21	80	0.2625000
NODE_9620_length_873_cov_39.224806	519	599	2	59	80	0.7375000
NODE_9620_length_873_cov_39.224806	572	652	0	30	80	0.3750000
NODE_9620_length_873_cov_39.224806	572	652	2	50	80	0.6250000
NODE_9621_length_873_cov_27.992248	372	452	0	41	80	0.5125000
NODE_9621_length_873_cov_27.992248	372	452	6	39	80	0.4875000
NODE_9621_length_873_cov_27.992248	425	505	6	80	80	1.0000000
NODE_9622_length_873_cov_23.270026	390	470	0	14	80	0.1750000
NODE_9622_length_873_cov_23.270026	390	470	2	66	80	0.8250000
NODE_9622_length_873_cov_23.270026	443	528	0	31	85	0.3647059
NODE_9622_length_873_cov_23.270026	443	528	2	54	85	0.6352941
NODE_9623_length_873_cov_23.197674	293	373	1	19	80	0.2375000
NODE_9623_length_873_cov_23.197674	293	373	3	61	80	0.7625000
NODE_9623_length_873_cov_23.197674	346	426	1	10	80	0.1250000
NODE_9623_length_873_cov_23.197674	346	426	3	58	80	0.7250000
NODE_9623_length_873_cov_23.197674	346	426	4	12	80	0.1500000
NODE_9624_length_873_cov_20.432817	347	427	0	80	80	1.0000000
NODE_9624_length_873_cov_20.432817	400	480	0	80	80	1.0000000
NODE_9624_length_873_cov_20.432817	476	556	0	50	80	0.6250000
NODE_9624_length_873_cov_20.432817	476	556	2	30	80	0.3750000
NODE_9624_length_873_cov_20.432817	529	609	2	80	80	1.0000000
NODE_9625_length_873_cov_19.913437	445	525	0	80	80	1.0000000
NODE_9625_length_873_cov_19.913437	498	578	0	80	80	1.0000000
NODE_9626_length_873_cov_16.718346	276	356	0	80	80	1.0000000
NODE_9626_length_873_cov_16.718346	329	409	0	80	80	1.0000000
NODE_9627_length_873_cov_16.422481	423	503	0	7	80	0.0875000
NODE_9627_length_873_cov_16.422481	423	503	2	73	80	0.9125000
NODE_9627_length_873_cov_16.422481	476	556	0	23	80	0.2875000
NODE_9627_length_873_cov_16.422481	476	556	2	57	80	0.7125000
NODE_9628_length_873_cov_11.198966	410	490	0	25	80	0.3125000
NODE_9628_length_873_cov_11.198966	410	490	2	55	80	0.6875000
NODE_9628_length_873_cov_11.198966	463	543	0	78	80	0.9750000
NODE_9628_length_873_cov_11.198966	463	543	2	2	80	0.0250000
NODE_9629_length_873_cov_9.799742	334	414	2	80	80	1.0000000
NODE_9629_length_873_cov_9.799742	387	467	0	50	80	0.6250000
NODE_9629_length_873_cov_9.799742	387	467	2	30	80	0.3750000
NODE_9632_length_873_cov_3.828165	490	570	0	80	80	1.0000000
NODE_9632_length_873_cov_3.828165	543	583	0	39	40	0.9750000
NODE_9632_length_873_cov_3.828165	543	583	2	1	40	0.0250000
NODE_9632_length_873_cov_3.828165	690	735	0	45	45	1.0000000
NODE_9633_length_873_cov_3.443152	716	746	8	14	30	0.4666667
NODE_9633_length_873_cov_3.443152	716	746	12	16	30	0.5333334
NODE_9647_length_873_cov_1.239018	593	658	2	5	65	0.0769231
NODE_9647_length_873_cov_1.239018	593	658	8	8	65	0.1230769
NODE_9647_length_873_cov_1.239018	593	658	10	3	65	0.0461538
NODE_9647_length_873_cov_1.239018	593	658	12	3	65	0.0461538
NODE_9647_length_873_cov_1.239018	593	658	14	8	65	0.1230769
NODE_9647_length_873_cov_1.239018	593	658	16	3	65	0.0461538
NODE_9647_length_873_cov_1.239018	593	658	18	11	65	0.1692308
NODE_9647_length_873_cov_1.239018	593	658	20	24	65	0.3692308
NODE_9651_length_872_cov_47.732212	432	512	0	80	80	1.0000000
NODE_9651_length_872_cov_47.732212	484	564	0	80	80	1.0000000
NODE_9651_length_872_cov_47.732212	560	640	0	80	80	1.0000000
NODE_9651_length_872_cov_47.732212	613	693	0	80	80	1.0000000
NODE_9652_length_872_cov_16.204398	349	429	0	80	80	1.0000000
NODE_9652_length_872_cov_16.204398	402	482	0	45	80	0.5625000
NODE_9652_length_872_cov_16.204398	402	482	4	35	80	0.4375000
NODE_9652_length_872_cov_16.204398	478	558	4	24	80	0.3000000
NODE_9652_length_872_cov_16.204398	478	558	6	9	80	0.1125000
NODE_9652_length_872_cov_16.204398	478	558	10	47	80	0.5875000
NODE_9652_length_872_cov_16.204398	531	611	0	15	80	0.1875000
NODE_9652_length_872_cov_16.204398	531	611	4	7	80	0.0875000
NODE_9652_length_872_cov_16.204398	531	611	6	12	80	0.1500000
NODE_9652_length_872_cov_16.204398	531	611	10	46	80	0.5750000
NODE_9653_length_872_cov_12.835705	376	456	0	80	80	1.0000000
NODE_9653_length_872_cov_12.835705	429	509	0	80	80	1.0000000
NODE_9654_length_872_cov_9.657180	356	431	0	4	75	0.0533333
NODE_9654_length_872_cov_9.657180	356	431	3	38	75	0.5066667
NODE_9654_length_872_cov_9.657180	356	431	6	33	75	0.4400000
NODE_9660_length_872_cov_3.531695	425	505	0	80	80	1.0000000
NODE_9660_length_872_cov_3.531695	478	559	0	81	81	1.0000000
NODE_9673_length_871_cov_56.841969	265	345	0	80	80	1.0000000
NODE_9673_length_871_cov_56.841969	318	398	0	31	80	0.3875000
NODE_9673_length_871_cov_56.841969	318	398	8	43	80	0.5375000
NODE_9673_length_871_cov_56.841969	318	398	12	6	80	0.0750000
NODE_9673_length_871_cov_56.841969	394	474	6	3	80	0.0375000
NODE_9673_length_871_cov_56.841969	394	474	10	13	80	0.1625000
NODE_9673_length_871_cov_56.841969	394	474	12	61	80	0.7625000
NODE_9673_length_871_cov_56.841969	394	474	18	3	80	0.0375000
NODE_9673_length_871_cov_56.841969	447	527	0	21	80	0.2625000
NODE_9673_length_871_cov_56.841969	447	527	6	35	80	0.4375000
NODE_9673_length_871_cov_56.841969	447	527	10	13	80	0.1625000
NODE_9673_length_871_cov_56.841969	447	527	12	8	80	0.1000000
NODE_9673_length_871_cov_56.841969	447	527	18	3	80	0.0375000
NODE_9674_length_871_cov_47.528497	461	541	0	80	80	1.0000000
NODE_9674_length_871_cov_47.528497	514	594	0	80	80	1.0000000
NODE_9675_length_871_cov_31.145078	326	406	0	47	80	0.5875000
NODE_9675_length_871_cov_31.145078	326	406	2	1	80	0.0125000
NODE_9675_length_871_cov_31.145078	326	406	4	32	80	0.4000000
NODE_9675_length_871_cov_31.145078	379	459	0	5	80	0.0625000
NODE_9675_length_871_cov_31.145078	379	459	2	8	80	0.1000000
NODE_9675_length_871_cov_31.145078	379	459	4	67	80	0.8375000
NODE_9676_length_871_cov_27.993523	379	459	0	80	80	1.0000000
NODE_9676_length_871_cov_27.993523	432	512	0	39	80	0.4875000
NODE_9676_length_871_cov_27.993523	432	512	2	41	80	0.5125000
NODE_9677_length_871_cov_25.954663	463	543	0	24	80	0.3000000
NODE_9677_length_871_cov_25.954663	463	543	2	56	80	0.7000000
NODE_9677_length_871_cov_25.954663	516	596	0	38	80	0.4750000
NODE_9677_length_871_cov_25.954663	516	596	2	42	80	0.5250000
NODE_9678_length_871_cov_24.069948	492	558	0	62	66	0.9393939
NODE_9678_length_871_cov_24.069948	492	558	4	4	66	0.0606061
NODE_9678_length_871_cov_24.069948	558	634	4	76	76	1.0000000
NODE_9679_length_871_cov_23.953368	445	522	24	3	77	0.0389610
NODE_9679_length_871_cov_23.953368	445	522	25	6	77	0.0779221
NODE_9679_length_871_cov_23.953368	445	522	26	10	77	0.1298701
NODE_9679_length_871_cov_23.953368	445	522	28	3	77	0.0389610
NODE_9679_length_871_cov_23.953368	445	522	29	11	77	0.1428571
NODE_9679_length_871_cov_23.953368	445	522	30	5	77	0.0649351
NODE_9679_length_871_cov_23.953368	445	522	32	1	77	0.0129870
NODE_9679_length_871_cov_23.953368	445	522	33	3	77	0.0389610
NODE_9679_length_871_cov_23.953368	445	522	35	3	77	0.0389610
NODE_9679_length_871_cov_23.953368	445	522	37	4	77	0.0519481
NODE_9679_length_871_cov_23.953368	445	522	38	1	77	0.0129870
NODE_9679_length_871_cov_23.953368	445	522	39	19	77	0.2467532
NODE_9679_length_871_cov_23.953368	445	522	42	6	77	0.0779221
NODE_9679_length_871_cov_23.953368	445	522	43	2	77	0.0259740
NODE_9680_length_871_cov_19.304404	335	415	0	33	80	0.4125000
NODE_9680_length_871_cov_19.304404	335	415	2	33	80	0.4125000
NODE_9680_length_871_cov_19.304404	335	415	3	14	80	0.1750000
NODE_9680_length_871_cov_19.304404	388	468	2	13	80	0.1625000
NODE_9680_length_871_cov_19.304404	388	468	3	15	80	0.1875000
NODE_9680_length_871_cov_19.304404	388	468	5	6	80	0.0750000
NODE_9680_length_871_cov_19.304404	388	468	7	46	80	0.5750000
NODE_9682_length_871_cov_18.108808	370	450	0	80	80	1.0000000
NODE_9682_length_871_cov_18.108808	423	503	0	80	80	1.0000000
NODE_9683_length_871_cov_17.034974	362	442	2	33	80	0.4125000
NODE_9683_length_871_cov_17.034974	362	442	4	47	80	0.5875000
NODE_9683_length_871_cov_17.034974	415	495	0	22	80	0.2750000
NODE_9683_length_871_cov_17.034974	415	495	2	10	80	0.1250000
NODE_9683_length_871_cov_17.034974	415	495	4	48	80	0.6000000
NODE_9684_length_871_cov_16.768135	374	454	0	8	80	0.1000000
NODE_9684_length_871_cov_16.768135	374	454	1	21	80	0.2625000
NODE_9684_length_871_cov_16.768135	374	454	2	51	80	0.6375000
NODE_9685_length_871_cov_14.196891	267	347	0	17	80	0.2125000
NODE_9685_length_871_cov_14.196891	267	347	2	63	80	0.7875000
NODE_9685_length_871_cov_14.196891	320	400	0	21	80	0.2625000
NODE_9685_length_871_cov_14.196891	320	400	2	59	80	0.7375000
NODE_9686_length_871_cov_13.443005	246	326	0	25	80	0.3125000
NODE_9686_length_871_cov_13.443005	246	326	2	55	80	0.6875000
NODE_9686_length_871_cov_13.443005	299	322	2	23	23	1.0000000
NODE_9687_length_871_cov_11.839378	29	109	0	80	80	1.0000000
NODE_9687_length_871_cov_11.839378	82	149	0	67	67	1.0000000
NODE_9687_length_871_cov_11.839378	331	411	0	80	80	1.0000000
NODE_9687_length_871_cov_11.839378	384	464	0	80	80	1.0000000
NODE_9689_length_871_cov_5.730570	316	373	0	10	57	0.1754386
NODE_9689_length_871_cov_5.730570	316	373	2	9	57	0.1578947
NODE_9689_length_871_cov_5.730570	316	373	4	13	57	0.2280702
NODE_9689_length_871_cov_5.730570	316	373	8	14	57	0.2456140
NODE_9689_length_871_cov_5.730570	316	373	10	11	57	0.1929825
NODE_9694_length_871_cov_3.544041	428	508	0	80	80	1.0000000
NODE_9694_length_871_cov_3.544041	481	561	0	80	80	1.0000000
NODE_9716_length_870_cov_43.400778	542	622	4	5	80	0.0625000
NODE_9716_length_870_cov_43.400778	542	622	14	1	80	0.0125000
NODE_9716_length_870_cov_43.400778	542	622	15	1	80	0.0125000
NODE_9716_length_870_cov_43.400778	542	622	16	9	80	0.1125000
NODE_9716_length_870_cov_43.400778	542	622	17	3	80	0.0375000
NODE_9716_length_870_cov_43.400778	542	622	18	7	80	0.0875000
NODE_9716_length_870_cov_43.400778	542	622	19	9	80	0.1125000
NODE_9716_length_870_cov_43.400778	542	622	20	45	80	0.5625000
NODE_9716_length_870_cov_43.400778	595	675	0	48	80	0.6000000
NODE_9716_length_870_cov_43.400778	595	675	4	10	80	0.1250000
NODE_9716_length_870_cov_43.400778	595	675	14	1	80	0.0125000
NODE_9716_length_870_cov_43.400778	595	675	15	1	80	0.0125000
NODE_9716_length_870_cov_43.400778	595	675	16	9	80	0.1125000
NODE_9716_length_870_cov_43.400778	595	675	17	3	80	0.0375000
NODE_9716_length_870_cov_43.400778	595	675	18	7	80	0.0875000
NODE_9716_length_870_cov_43.400778	595	675	19	1	80	0.0125000
NODE_9719_length_870_cov_28.249027	442	524	2	1	82	0.0121951
NODE_9719_length_870_cov_28.249027	442	524	3	81	82	0.9878049
NODE_9719_length_870_cov_28.249027	497	577	0	15	80	0.1875000
NODE_9719_length_870_cov_28.249027	497	577	2	31	80	0.3875000
NODE_9719_length_870_cov_28.249027	497	577	3	27	80	0.3375000
NODE_9719_length_870_cov_28.249027	497	577	6	7	80	0.0875000
NODE_9720_length_870_cov_26.992218	240	320	0	68	80	0.8500000
NODE_9720_length_870_cov_26.992218	240	320	2	12	80	0.1500000
NODE_9720_length_870_cov_26.992218	293	373	0	15	80	0.1875000
NODE_9720_length_870_cov_26.992218	293	373	2	65	80	0.8125000
NODE_9720_length_870_cov_26.992218	369	449	0	46	80	0.5750000
NODE_9720_length_870_cov_26.992218	369	449	2	34	80	0.4250000
NODE_9720_length_870_cov_26.992218	422	502	0	80	80	1.0000000
NODE_9721_length_870_cov_25.806744	186	237	2	14	51	0.2745098
NODE_9721_length_870_cov_25.806744	186	237	4	6	51	0.1176471
NODE_9721_length_870_cov_25.806744	186	237	6	31	51	0.6078432
NODE_9721_length_870_cov_25.806744	391	471	0	41	80	0.5125000
NODE_9721_length_870_cov_25.806744	391	471	12	39	80	0.4875000
NODE_9721_length_870_cov_25.806744	444	524	12	80	80	1.0000000
NODE_9722_length_870_cov_18.862516	345	425	0	64	80	0.8000000
NODE_9722_length_870_cov_18.862516	345	425	2	16	80	0.2000000
NODE_9722_length_870_cov_18.862516	398	478	0	11	80	0.1375000
NODE_9722_length_870_cov_18.862516	398	478	2	69	80	0.8625000
NODE_9723_length_870_cov_15.686122	330	410	6	31	80	0.3875000
NODE_9723_length_870_cov_15.686122	330	410	10	49	80	0.6125000
NODE_9723_length_870_cov_15.686122	383	463	0	5	80	0.0625000
NODE_9723_length_870_cov_15.686122	383	463	6	5	80	0.0625000
NODE_9723_length_870_cov_15.686122	383	463	10	70	80	0.8750000
NODE_9725_length_870_cov_13.334630	479	559	0	80	80	1.0000000
NODE_9725_length_870_cov_13.334630	532	612	0	75	80	0.9375000
NODE_9725_length_870_cov_13.334630	532	612	2	5	80	0.0625000
NODE_9726_length_870_cov_9.712062	410	490	0	80	80	1.0000000
NODE_9726_length_870_cov_9.712062	463	542	0	79	79	1.0000000
NODE_9728_length_870_cov_7.556420	448	528	0	80	80	1.0000000
NODE_9728_length_870_cov_7.556420	501	581	0	80	80	1.0000000
NODE_9746_length_869_cov_42.784416	395	475	8	26	80	0.3250000
NODE_9746_length_869_cov_42.784416	395	475	10	44	80	0.5500000
NODE_9746_length_869_cov_42.784416	395	475	12	10	80	0.1250000
NODE_9746_length_869_cov_42.784416	448	528	4	26	80	0.3250000
NODE_9746_length_869_cov_42.784416	448	528	10	17	80	0.2125000
NODE_9746_length_869_cov_42.784416	448	528	12	37	80	0.4625000
NODE_9747_length_869_cov_29.525974	211	291	0	39	80	0.4875000
NODE_9747_length_869_cov_29.525974	211	291	10	6	80	0.0750000
NODE_9747_length_869_cov_29.525974	211	291	12	35	80	0.4375000
NODE_9747_length_869_cov_29.525974	264	344	11	35	80	0.4375000
NODE_9747_length_869_cov_29.525974	264	344	12	34	80	0.4250000
NODE_9747_length_869_cov_29.525974	264	344	13	11	80	0.1375000
NODE_9748_length_869_cov_16.258442	389	469	0	53	80	0.6625000
NODE_9748_length_869_cov_16.258442	389	469	2	27	80	0.3375000
NODE_9748_length_869_cov_16.258442	442	522	0	74	80	0.9250000
NODE_9748_length_869_cov_16.258442	442	522	2	6	80	0.0750000
NODE_9749_length_869_cov_15.940260	321	401	2	37	80	0.4625000
NODE_9749_length_869_cov_15.940260	321	401	4	43	80	0.5375000
NODE_9749_length_869_cov_15.940260	374	454	2	20	80	0.2500000
NODE_9749_length_869_cov_15.940260	374	454	4	60	80	0.7500000
NODE_9750_length_869_cov_9.619481	402	442	217	1	40	0.0250000
NODE_9750_length_869_cov_9.619481	402	442	219	1	40	0.0250000
NODE_9750_length_869_cov_9.619481	402	442	221	4	40	0.1000000
NODE_9750_length_869_cov_9.619481	402	442	222	3	40	0.0750000
NODE_9750_length_869_cov_9.619481	402	442	223	4	40	0.1000000
NODE_9750_length_869_cov_9.619481	402	442	224	3	40	0.0750000
NODE_9750_length_869_cov_9.619481	402	442	225	1	40	0.0250000
NODE_9750_length_869_cov_9.619481	402	442	226	1	40	0.0250000
NODE_9750_length_869_cov_9.619481	402	442	227	1	40	0.0250000
NODE_9750_length_869_cov_9.619481	402	442	229	1	40	0.0250000
NODE_9750_length_869_cov_9.619481	402	442	233	1	40	0.0250000
NODE_9750_length_869_cov_9.619481	402	442	237	1	40	0.0250000
NODE_9750_length_869_cov_9.619481	402	442	245	1	40	0.0250000
NODE_9750_length_869_cov_9.619481	402	442	246	1	40	0.0250000
NODE_9750_length_869_cov_9.619481	402	442	251	1	40	0.0250000
NODE_9750_length_869_cov_9.619481	402	442	255	1	40	0.0250000
NODE_9750_length_869_cov_9.619481	402	442	256	2	40	0.0500000
NODE_9750_length_869_cov_9.619481	402	442	257	1	40	0.0250000
NODE_9750_length_869_cov_9.619481	402	442	261	1	40	0.0250000
NODE_9750_length_869_cov_9.619481	402	442	273	3	40	0.0750000
NODE_9750_length_869_cov_9.619481	402	442	275	1	40	0.0250000
NODE_9750_length_869_cov_9.619481	402	442	277	1	40	0.0250000
NODE_9750_length_869_cov_9.619481	402	442	281	1	40	0.0250000
NODE_9750_length_869_cov_9.619481	402	442	287	2	40	0.0500000
NODE_9750_length_869_cov_9.619481	402	442	288	1	40	0.0250000
NODE_9750_length_869_cov_9.619481	402	442	293	1	40	0.0250000
NODE_9751_length_869_cov_7.123377	392	472	0	80	80	1.0000000
NODE_9751_length_869_cov_7.123377	445	525	0	80	80	1.0000000
NODE_9753_length_869_cov_3.658442	310	378	0	68	68	1.0000000
NODE_9777_length_868_cov_57.465540	355	435	4	32	80	0.4000000
NODE_9777_length_868_cov_57.465540	355	435	6	7	80	0.0875000
NODE_9777_length_868_cov_57.465540	355	435	10	5	80	0.0625000
NODE_9777_length_868_cov_57.465540	355	435	14	35	80	0.4375000
NODE_9777_length_868_cov_57.465540	355	435	16	1	80	0.0125000
NODE_9778_length_868_cov_46.509753	0	65	0	30	65	0.4615385
NODE_9778_length_868_cov_46.509753	0	65	2	18	65	0.2769231
NODE_9778_length_868_cov_46.509753	0	65	4	17	65	0.2615385
NODE_9778_length_868_cov_46.509753	0	65	0	30	65	0.4615385
NODE_9778_length_868_cov_46.509753	0	65	2	18	65	0.2769231
NODE_9778_length_868_cov_46.509753	0	65	4	17	65	0.2615385
NODE_9778_length_868_cov_46.509753	0	65	0	30	65	0.4615385
NODE_9778_length_868_cov_46.509753	0	65	2	18	65	0.2769231
NODE_9778_length_868_cov_46.509753	0	65	4	17	65	0.2615385
NODE_9778_length_868_cov_46.509753	0	65	0	30	65	0.4615385
NODE_9778_length_868_cov_46.509753	0	65	2	18	65	0.2769231
NODE_9778_length_868_cov_46.509753	0	65	4	17	65	0.2615385
NODE_9778_length_868_cov_46.509753	61	141	0	9	80	0.1125000
NODE_9778_length_868_cov_46.509753	61	141	2	12	80	0.1500000
NODE_9778_length_868_cov_46.509753	61	141	4	59	80	0.7375000
NODE_9778_length_868_cov_46.509753	61	141	0	9	80	0.1125000
NODE_9778_length_868_cov_46.509753	61	141	2	12	80	0.1500000
NODE_9778_length_868_cov_46.509753	61	141	4	59	80	0.7375000
NODE_9778_length_868_cov_46.509753	114	194	0	62	80	0.7750000
NODE_9778_length_868_cov_46.509753	114	194	2	12	80	0.1500000
NODE_9778_length_868_cov_46.509753	114	194	4	6	80	0.0750000
NODE_9778_length_868_cov_46.509753	114	194	0	62	80	0.7750000
NODE_9778_length_868_cov_46.509753	114	194	2	12	80	0.1500000
NODE_9778_length_868_cov_46.509753	114	194	4	6	80	0.0750000
NODE_9779_length_868_cov_26.092328	318	398	0	22	80	0.2750000
NODE_9779_length_868_cov_26.092328	318	398	2	58	80	0.7250000
NODE_9779_length_868_cov_26.092328	371	451	0	60	80	0.7500000
NODE_9779_length_868_cov_26.092328	371	451	2	20	80	0.2500000
NODE_9781_length_868_cov_22.555267	377	457	0	13	80	0.1625000
NODE_9781_length_868_cov_22.555267	377	457	3	7	80	0.0875000
NODE_9781_length_868_cov_22.555267	377	457	7	29	80	0.3625000
NODE_9781_length_868_cov_22.555267	377	457	8	2	80	0.0250000
NODE_9781_length_868_cov_22.555267	377	457	10	11	80	0.1375000
NODE_9781_length_868_cov_22.555267	377	457	12	18	80	0.2250000
NODE_9781_length_868_cov_22.555267	430	510	4	14	80	0.1750000
NODE_9781_length_868_cov_22.555267	430	510	7	1	80	0.0125000
NODE_9781_length_868_cov_22.555267	430	510	8	5	80	0.0625000
NODE_9781_length_868_cov_22.555267	430	510	10	9	80	0.1125000
NODE_9781_length_868_cov_22.555267	430	510	12	51	80	0.6375000
NODE_9782_length_868_cov_20.466840	259	339	0	80	80	1.0000000
NODE_9782_length_868_cov_20.466840	312	392	0	80	80	1.0000000
NODE_9782_length_868_cov_20.466840	388	468	0	80	80	1.0000000
NODE_9782_length_868_cov_20.466840	441	521	0	80	80	1.0000000
NODE_9783_length_868_cov_20.414824	311	391	0	24	80	0.3000000
NODE_9783_length_868_cov_20.414824	311	391	4	56	80	0.7000000
NODE_9783_length_868_cov_20.414824	364	444	4	54	80	0.6750000
NODE_9783_length_868_cov_20.414824	364	444	6	26	80	0.3250000
NODE_9784_length_868_cov_17.613784	340	420	1	16	80	0.2000000
NODE_9784_length_868_cov_17.613784	340	420	2	64	80	0.8000000
NODE_9784_length_868_cov_17.613784	393	473	1	20	80	0.2500000
NODE_9784_length_868_cov_17.613784	393	473	2	22	80	0.2750000
NODE_9784_length_868_cov_17.613784	393	473	3	38	80	0.4750000
NODE_9785_length_868_cov_15.768531	353	433	0	18	80	0.2250000
NODE_9785_length_868_cov_15.768531	353	433	2	30	80	0.3750000
NODE_9785_length_868_cov_15.768531	353	433	4	32	80	0.4000000
NODE_9785_length_868_cov_15.768531	406	486	0	71	80	0.8875000
NODE_9785_length_868_cov_15.768531	406	486	2	9	80	0.1125000
NODE_9786_length_868_cov_13.997399	611	691	0	80	80	1.0000000
NODE_9786_length_868_cov_13.997399	664	744	0	80	80	1.0000000
NODE_9787_length_868_cov_13.224967	451	531	0	12	80	0.1500000
NODE_9787_length_868_cov_13.224967	451	531	2	68	80	0.8500000
NODE_9787_length_868_cov_13.224967	504	583	0	17	79	0.2151899
NODE_9787_length_868_cov_13.224967	504	583	2	62	79	0.7848101
NODE_9788_length_868_cov_11.851756	363	422	0	59	59	1.0000000
NODE_9788_length_868_cov_11.851756	395	475	0	80	80	1.0000000
NODE_9789_length_868_cov_11.352406	361	441	2	41	80	0.5125000
NODE_9789_length_868_cov_11.352406	361	441	4	20	80	0.2500000
NODE_9789_length_868_cov_11.352406	361	441	5	16	80	0.2000000
NODE_9789_length_868_cov_11.352406	361	441	6	3	80	0.0375000
NODE_9789_length_868_cov_11.352406	414	494	0	14	80	0.1750000
NODE_9789_length_868_cov_11.352406	414	494	4	59	80	0.7375000
NODE_9789_length_868_cov_11.352406	414	494	5	7	80	0.0875000
NODE_9790_length_868_cov_11.335501	289	369	0	80	80	1.0000000
NODE_9790_length_868_cov_11.335501	342	422	0	41	80	0.5125000
NODE_9790_length_868_cov_11.335501	342	422	2	39	80	0.4875000
NODE_9791_length_868_cov_8.455137	401	481	0	80	80	1.0000000
NODE_9791_length_868_cov_8.455137	454	534	0	80	80	1.0000000
NODE_9816_length_867_cov_27.756510	333	376	4	1	43	0.0232558
NODE_9816_length_867_cov_27.756510	333	376	5	42	43	0.9767442
NODE_9816_length_867_cov_27.756510	349	429	0	7	80	0.0875000
NODE_9816_length_867_cov_27.756510	349	429	4	2	80	0.0250000
NODE_9816_length_867_cov_27.756510	349	429	5	71	80	0.8875000
NODE_9816_length_867_cov_27.756510	425	505	0	6	80	0.0750000
NODE_9816_length_867_cov_27.756510	425	505	4	74	80	0.9250000
NODE_9816_length_867_cov_27.756510	478	542	0	12	64	0.1875000
NODE_9816_length_867_cov_27.756510	478	542	4	52	64	0.8125000
NODE_9817_length_867_cov_25.354167	280	345	0	10	65	0.1538462
NODE_9817_length_867_cov_25.354167	280	345	6	55	65	0.8461539
NODE_9817_length_867_cov_25.354167	325	397	0	3	72	0.0416667
NODE_9817_length_867_cov_25.354167	325	397	2	7	72	0.0972222
NODE_9817_length_867_cov_25.354167	325	397	6	62	72	0.8611111
NODE_9818_length_867_cov_23.968750	369	449	0	80	80	1.0000000
NODE_9818_length_867_cov_23.968750	422	502	0	80	80	1.0000000
NODE_9819_length_867_cov_21.220052	524	604	0	4	80	0.0500000
NODE_9819_length_867_cov_21.220052	524	604	3	3	80	0.0375000
NODE_9819_length_867_cov_21.220052	524	604	5	8	80	0.1000000
NODE_9819_length_867_cov_21.220052	524	604	6	20	80	0.2500000
NODE_9819_length_867_cov_21.220052	524	604	8	11	80	0.1375000
NODE_9819_length_867_cov_21.220052	524	604	9	34	80	0.4250000
NODE_9819_length_867_cov_21.220052	577	657	8	10	80	0.1250000
NODE_9819_length_867_cov_21.220052	577	657	9	33	80	0.4125000
NODE_9819_length_867_cov_21.220052	577	657	11	37	80	0.4625000
NODE_9820_length_867_cov_15.042969	287	364	6	13	77	0.1688312
NODE_9820_length_867_cov_15.042969	287	364	8	17	77	0.2207792
NODE_9820_length_867_cov_15.042969	287	364	10	17	77	0.2207792
NODE_9820_length_867_cov_15.042969	287	364	12	1	77	0.0129870
NODE_9820_length_867_cov_15.042969	287	364	13	27	77	0.3506494
NODE_9820_length_867_cov_15.042969	287	364	14	2	77	0.0259740
NODE_9821_length_867_cov_11.057292	305	373	0	68	68	1.0000000
NODE_9821_length_867_cov_11.057292	346	426	0	80	80	1.0000000
NODE_9821_length_867_cov_11.057292	475	555	2	12	80	0.1500000
NODE_9821_length_867_cov_11.057292	475	555	4	68	80	0.8500000
NODE_9822_length_867_cov_8.127604	347	427	0	61	80	0.7625000
NODE_9822_length_867_cov_8.127604	347	427	2	19	80	0.2375000
NODE_9822_length_867_cov_8.127604	400	480	0	8	80	0.1000000
NODE_9822_length_867_cov_8.127604	400	480	2	72	80	0.9000000
NODE_9823_length_867_cov_7.621094	292	372	6	80	80	1.0000000
NODE_9823_length_867_cov_7.621094	345	425	0	39	80	0.4875000
NODE_9823_length_867_cov_7.621094	345	425	6	41	80	0.5125000
NODE_9826_length_867_cov_5.494792	445	525	0	80	80	1.0000000
NODE_9826_length_867_cov_5.494792	498	578	0	80	80	1.0000000
NODE_9857_length_866_cov_49.224250	269	349	0	78	80	0.9750000
NODE_9857_length_866_cov_49.224250	269	349	4	2	80	0.0250000
NODE_9857_length_866_cov_49.224250	322	402	0	25	80	0.3125000
NODE_9857_length_866_cov_49.224250	322	402	4	27	80	0.3375000
NODE_9857_length_866_cov_49.224250	322	402	6	28	80	0.3500000
NODE_9858_length_866_cov_47.160365	428	508	0	15	80	0.1875000
NODE_9858_length_866_cov_47.160365	428	508	2	65	80	0.8125000
NODE_9858_length_866_cov_47.160365	481	561	0	7	80	0.0875000
NODE_9858_length_866_cov_47.160365	481	561	2	73	80	0.9125000
NODE_9858_length_866_cov_47.160365	557	637	2	23	80	0.2875000
NODE_9858_length_866_cov_47.160365	557	637	4	57	80	0.7125000
NODE_9858_length_866_cov_47.160365	610	690	0	6	80	0.0750000
NODE_9858_length_866_cov_47.160365	610	690	2	65	80	0.8125000
NODE_9858_length_866_cov_47.160365	610	690	4	9	80	0.1125000
NODE_9859_length_866_cov_23.398957	281	361	0	58	80	0.7250000
NODE_9859_length_866_cov_23.398957	281	361	8	22	80	0.2750000
NODE_9859_length_866_cov_23.398957	334	414	0	5	80	0.0625000
NODE_9859_length_866_cov_23.398957	334	414	8	75	80	0.9375000
NODE_9860_length_866_cov_22.186441	455	535	0	80	80	1.0000000
NODE_9860_length_866_cov_22.186441	508	588	0	62	80	0.7750000
NODE_9860_length_866_cov_22.186441	508	588	2	18	80	0.2250000
NODE_9861_length_866_cov_18.362451	451	531	0	1	80	0.0125000
NODE_9861_length_866_cov_18.362451	451	531	2	16	80	0.2000000
NODE_9861_length_866_cov_18.362451	451	531	4	63	80	0.7875000
NODE_9861_length_866_cov_18.362451	504	584	0	30	80	0.3750000
NODE_9861_length_866_cov_18.362451	504	584	2	13	80	0.1625000
NODE_9861_length_866_cov_18.362451	504	584	4	37	80	0.4625000
NODE_9862_length_866_cov_16.830508	372	452	2	80	80	1.0000000
NODE_9862_length_866_cov_16.830508	425	505	2	80	80	1.0000000
NODE_9882_length_865_cov_63.137076	288	368	0	80	80	1.0000000
NODE_9882_length_865_cov_63.137076	341	421	0	80	80	1.0000000
NODE_9883_length_865_cov_19.882507	335	415	0	80	80	1.0000000
NODE_9883_length_865_cov_19.882507	388	468	0	80	80	1.0000000
NODE_9884_length_865_cov_17.784595	306	386	6	39	80	0.4875000
NODE_9884_length_865_cov_17.784595	306	386	8	41	80	0.5125000
NODE_9884_length_865_cov_17.784595	359	439	0	50	80	0.6250000
NODE_9884_length_865_cov_17.784595	359	439	6	30	80	0.3750000
NODE_9885_length_865_cov_16.150131	451	531	12	14	80	0.1750000
NODE_9885_length_865_cov_16.150131	451	531	17	10	80	0.1250000
NODE_9885_length_865_cov_16.150131	451	531	18	56	80	0.7000000
NODE_9885_length_865_cov_16.150131	504	584	0	26	80	0.3250000
NODE_9885_length_865_cov_16.150131	504	584	4	1	80	0.0125000
NODE_9885_length_865_cov_16.150131	504	584	5	3	80	0.0375000
NODE_9885_length_865_cov_16.150131	504	584	6	1	80	0.0125000
NODE_9885_length_865_cov_16.150131	504	584	17	31	80	0.3875000
NODE_9885_length_865_cov_16.150131	504	584	18	18	80	0.2250000
NODE_9886_length_865_cov_14.751958	473	553	0	80	80	1.0000000
NODE_9886_length_865_cov_14.751958	473	553	0	80	80	1.0000000
NODE_9886_length_865_cov_14.751958	526	589	0	63	63	1.0000000
NODE_9886_length_865_cov_14.751958	526	606	0	80	80	1.0000000
NODE_9887_length_865_cov_10.937337	422	502	0	40	80	0.5000000
NODE_9887_length_865_cov_10.937337	422	502	2	40	80	0.5000000
NODE_9887_length_865_cov_10.937337	475	555	0	6	80	0.0750000
NODE_9887_length_865_cov_10.937337	475	555	2	74	80	0.9250000
NODE_9889_length_865_cov_9.167102	389	469	0	5	80	0.0625000
NODE_9889_length_865_cov_9.167102	389	469	2	75	80	0.9375000
NODE_9889_length_865_cov_9.167102	442	522	0	58	80	0.7250000
NODE_9889_length_865_cov_9.167102	442	522	2	22	80	0.2750000
NODE_9912_length_864_cov_13.398693	491	571	0	80	80	1.0000000
NODE_9912_length_864_cov_13.398693	544	624	0	80	80	1.0000000
NODE_9913_length_864_cov_8.466667	308	388	0	80	80	1.0000000
NODE_9913_length_864_cov_8.466667	361	441	0	80	80	1.0000000
NODE_9917_length_864_cov_3.947712	651	676	2	25	25	1.0000000
NODE_9917_length_864_cov_3.947712	725	805	4	9	80	0.1125000
NODE_9917_length_864_cov_3.947712	725	805	6	4	80	0.0500000
NODE_9917_length_864_cov_3.947712	725	805	8	55	80	0.6875000
NODE_9917_length_864_cov_3.947712	725	805	10	12	80	0.1500000
NODE_9917_length_864_cov_3.947712	778	844	0	9	66	0.1363636
NODE_9917_length_864_cov_3.947712	778	844	4	39	66	0.5909091
NODE_9917_length_864_cov_3.947712	778	844	6	4	66	0.0606061
NODE_9917_length_864_cov_3.947712	778	844	8	14	66	0.2121212
NODE_9931_length_863_cov_72.856021	241	321	0	58	80	0.7250000
NODE_9931_length_863_cov_72.856021	241	321	6	22	80	0.2750000
NODE_9931_length_863_cov_72.856021	294	374	0	5	80	0.0625000
NODE_9931_length_863_cov_72.856021	294	374	6	64	80	0.8000000
NODE_9931_length_863_cov_72.856021	294	374	8	11	80	0.1375000
NODE_9931_length_863_cov_72.856021	370	450	2	38	80	0.4750000
NODE_9931_length_863_cov_72.856021	370	450	4	1	80	0.0125000
NODE_9931_length_863_cov_72.856021	370	450	8	41	80	0.5125000
NODE_9931_length_863_cov_72.856021	423	503	2	77	80	0.9625000
NODE_9931_length_863_cov_72.856021	423	503	4	3	80	0.0375000
NODE_9932_length_863_cov_37.130890	363	443	0	80	80	1.0000000
NODE_9932_length_863_cov_37.130890	416	496	0	80	80	1.0000000
NODE_9932_length_863_cov_37.130890	492	572	0	80	80	1.0000000
NODE_9932_length_863_cov_37.130890	545	617	0	69	72	0.9583333
NODE_9932_length_863_cov_37.130890	545	617	2	1	72	0.0138889
NODE_9932_length_863_cov_37.130890	545	617	15	1	72	0.0138889
NODE_9932_length_863_cov_37.130890	545	617	64	1	72	0.0138889
NODE_9933_length_863_cov_33.159686	287	367	1	57	80	0.7125000
NODE_9933_length_863_cov_33.159686	287	367	7	23	80	0.2875000
NODE_9933_length_863_cov_33.159686	340	420	1	4	80	0.0500000
NODE_9933_length_863_cov_33.159686	340	420	6	26	80	0.3250000
NODE_9933_length_863_cov_33.159686	340	420	7	50	80	0.6250000
NODE_9934_length_863_cov_24.714660	370	450	0	20	80	0.2500000
NODE_9934_length_863_cov_24.714660	370	450	8	15	80	0.1875000
NODE_9934_length_863_cov_24.714660	370	450	10	45	80	0.5625000
NODE_9934_length_863_cov_24.714660	423	503	6	12	80	0.1500000
NODE_9934_length_863_cov_24.714660	423	503	10	39	80	0.4875000
NODE_9934_length_863_cov_24.714660	423	503	14	29	80	0.3625000
NODE_9935_length_863_cov_21.945026	341	421	0	10	80	0.1250000
NODE_9935_length_863_cov_21.945026	341	421	2	70	80	0.8750000
NODE_9935_length_863_cov_21.945026	394	474	0	59	80	0.7375000
NODE_9935_length_863_cov_21.945026	394	474	2	21	80	0.2625000
NODE_9936_length_863_cov_19.794503	393	473	2	36	80	0.4500000
NODE_9936_length_863_cov_19.794503	393	473	4	23	80	0.2875000
NODE_9936_length_863_cov_19.794503	393	473	5	21	80	0.2625000
NODE_9936_length_863_cov_19.794503	446	526	3	8	80	0.1000000
NODE_9936_length_863_cov_19.794503	446	526	4	6	80	0.0750000
NODE_9936_length_863_cov_19.794503	446	526	5	29	80	0.3625000
NODE_9936_length_863_cov_19.794503	446	526	6	37	80	0.4625000
NODE_9937_length_863_cov_11.778796	303	383	2	8	80	0.1000000
NODE_9937_length_863_cov_11.778796	303	383	3	3	80	0.0375000
NODE_9937_length_863_cov_11.778796	303	383	5	7	80	0.0875000
NODE_9937_length_863_cov_11.778796	303	383	6	13	80	0.1625000
NODE_9937_length_863_cov_11.778796	303	383	8	49	80	0.6125000
NODE_9937_length_863_cov_11.778796	356	436	4	51	80	0.6375000
NODE_9937_length_863_cov_11.778796	356	436	6	6	80	0.0750000
NODE_9937_length_863_cov_11.778796	356	436	8	23	80	0.2875000
NODE_9938_length_863_cov_10.026178	283	363	0	39	80	0.4875000
NODE_9938_length_863_cov_10.026178	283	363	4	8	80	0.1000000
NODE_9938_length_863_cov_10.026178	283	363	6	3	80	0.0375000
NODE_9938_length_863_cov_10.026178	283	363	9	10	80	0.1250000
NODE_9938_length_863_cov_10.026178	283	363	11	20	80	0.2500000
NODE_9938_length_863_cov_10.026178	336	416	5	1	80	0.0125000
NODE_9938_length_863_cov_10.026178	336	416	9	10	80	0.1250000
NODE_9938_length_863_cov_10.026178	336	416	11	69	80	0.8625000
NODE_9957_length_862_cov_46.811271	272	352	0	80	80	1.0000000
NODE_9957_length_862_cov_46.811271	325	405	0	80	80	1.0000000
NODE_9957_length_862_cov_46.811271	401	481	0	80	80	1.0000000
NODE_9957_length_862_cov_46.811271	454	534	0	80	80	1.0000000
NODE_9958_length_862_cov_34.638270	259	339	0	1	80	0.0125000
NODE_9958_length_862_cov_34.638270	259	339	2	79	80	0.9875000
NODE_9958_length_862_cov_34.638270	312	392	0	50	80	0.6250000
NODE_9958_length_862_cov_34.638270	312	392	2	30	80	0.3750000
NODE_9958_length_862_cov_34.638270	388	468	0	32	80	0.4000000
NODE_9958_length_862_cov_34.638270	388	468	4	48	80	0.6000000
NODE_9958_length_862_cov_34.638270	441	521	0	19	80	0.2375000
NODE_9958_length_862_cov_34.638270	441	521	4	61	80	0.7625000
NODE_9959_length_862_cov_32.068152	468	548	2	37	80	0.4625000
NODE_9959_length_862_cov_32.068152	468	548	4	43	80	0.5375000
NODE_9959_length_862_cov_32.068152	521	601	0	52	80	0.6500000
NODE_9959_length_862_cov_32.068152	521	601	2	28	80	0.3500000
NODE_9960_length_862_cov_23.584535	526	606	0	80	80	1.0000000
NODE_9960_length_862_cov_23.584535	579	659	0	80	80	1.0000000
NODE_9961_length_862_cov_19.980341	347	427	0	9	80	0.1125000
NODE_9961_length_862_cov_19.980341	347	427	2	35	80	0.4375000
NODE_9961_length_862_cov_19.980341	347	427	3	6	80	0.0750000
NODE_9961_length_862_cov_19.980341	347	427	4	30	80	0.3750000
NODE_9961_length_862_cov_19.980341	400	480	4	39	80	0.4875000
NODE_9961_length_862_cov_19.980341	400	480	5	18	80	0.2250000
NODE_9961_length_862_cov_19.980341	400	480	7	13	80	0.1625000
NODE_9961_length_862_cov_19.980341	400	480	8	10	80	0.1250000
NODE_9962_length_862_cov_19.079948	379	459	0	80	80	1.0000000
NODE_9962_length_862_cov_19.079948	432	512	0	80	80	1.0000000
NODE_9963_length_862_cov_18.425950	94	174	0	80	80	1.0000000
NODE_9963_length_862_cov_18.425950	147	201	0	54	54	1.0000000
NODE_9963_length_862_cov_18.425950	392	472	0	20	80	0.2500000
NODE_9963_length_862_cov_18.425950	392	472	2	60	80	0.7500000
NODE_9963_length_862_cov_18.425950	445	525	0	21	80	0.2625000
NODE_9963_length_862_cov_18.425950	445	525	2	59	80	0.7375000
NODE_9964_length_862_cov_11.740498	348	428	0	15	80	0.1875000
NODE_9964_length_862_cov_11.740498	348	428	2	65	80	0.8125000
NODE_9964_length_862_cov_11.740498	401	481	0	30	80	0.3750000
NODE_9964_length_862_cov_11.740498	401	481	2	50	80	0.6250000
NODE_9965_length_862_cov_11.685452	292	372	0	22	80	0.2750000
NODE_9965_length_862_cov_11.685452	292	372	2	58	80	0.7250000
NODE_9965_length_862_cov_11.685452	345	425	0	11	80	0.1375000
NODE_9965_length_862_cov_11.685452	345	425	2	69	80	0.8625000
NODE_9966_length_862_cov_8.259502	385	465	8	43	80	0.5375000
NODE_9966_length_862_cov_8.259502	385	465	10	3	80	0.0375000
NODE_9966_length_862_cov_8.259502	385	465	12	34	80	0.4250000
NODE_9966_length_862_cov_8.259502	438	518	0	19	80	0.2375000
NODE_9966_length_862_cov_8.259502	438	518	4	29	80	0.3625000
NODE_9966_length_862_cov_8.259502	438	518	10	8	80	0.1000000
NODE_9966_length_862_cov_8.259502	438	518	12	24	80	0.3000000
NODE_9970_length_862_cov_2.895151	388	468	0	80	80	1.0000000
NODE_9970_length_862_cov_2.895151	441	521	0	80	80	1.0000000
NODE_9984_length_861_cov_52.679790	450	530	2	80	80	1.0000000
NODE_9984_length_861_cov_52.679790	503	583	0	10	80	0.1250000
NODE_9984_length_861_cov_52.679790	503	583	2	70	80	0.8750000
NODE_9985_length_861_cov_34.868766	470	550	0	15	80	0.1875000
NODE_9985_length_861_cov_34.868766	470	550	2	65	80	0.8125000
NODE_9985_length_861_cov_34.868766	523	603	0	24	80	0.3000000
NODE_9985_length_861_cov_34.868766	523	603	2	56	80	0.7000000
NODE_9986_length_861_cov_25.622047	145	225	2	28	80	0.3500000
NODE_9986_length_861_cov_25.622047	145	225	4	51	80	0.6375000
NODE_9986_length_861_cov_25.622047	145	225	6	1	80	0.0125000
NODE_9986_length_861_cov_25.622047	198	278	2	2	80	0.0250000
NODE_9986_length_861_cov_25.622047	198	278	4	73	80	0.9125000
NODE_9986_length_861_cov_25.622047	198	278	6	5	80	0.0625000
NODE_9987_length_861_cov_22.052493	401	481	0	80	80	1.0000000
NODE_9987_length_861_cov_22.052493	454	534	0	80	80	1.0000000
NODE_9988_length_861_cov_19.913386	400	480	0	69	80	0.8625000
NODE_9988_length_861_cov_19.913386	400	480	2	11	80	0.1375000
NODE_9988_length_861_cov_19.913386	453	533	0	16	80	0.2000000
NODE_9988_length_861_cov_19.913386	453	533	2	64	80	0.8000000
NODE_9989_length_861_cov_15.237533	492	572	0	35	80	0.4375000
NODE_9989_length_861_cov_15.237533	492	572	2	45	80	0.5625000
NODE_9989_length_861_cov_15.237533	545	625	0	80	80	1.0000000
NODE_9990_length_861_cov_12.460630	451	531	2	11	80	0.1375000
NODE_9990_length_861_cov_12.460630	451	531	3	14	80	0.1750000
NODE_9990_length_861_cov_12.460630	451	531	5	10	80	0.1250000
NODE_9990_length_861_cov_12.460630	451	531	6	45	80	0.5625000
NODE_9990_length_861_cov_12.460630	504	584	2	64	80	0.8000000
NODE_9990_length_861_cov_12.460630	504	584	3	11	80	0.1375000
NODE_9990_length_861_cov_12.460630	504	584	5	5	80	0.0625000
NODE_9991_length_861_cov_9.463255	446	526	0	80	80	1.0000000
NODE_9991_length_861_cov_9.463255	499	579	0	80	80	1.0000000
NODE_9992_length_861_cov_9.435696	348	423	0	75	75	1.0000000
NODE_9993_length_861_cov_7.009186	51	91	0	40	40	1.0000000
NODE_9993_length_861_cov_7.009186	185	265	2	14	80	0.1750000
NODE_9993_length_861_cov_7.009186	185	265	3	4	80	0.0500000
NODE_9993_length_861_cov_7.009186	185	265	4	62	80	0.7750000
NODE_9993_length_861_cov_7.009186	238	318	0	15	80	0.1875000
NODE_9993_length_861_cov_7.009186	238	318	2	31	80	0.3875000
NODE_9993_length_861_cov_7.009186	238	318	4	34	80	0.4250000
NODE_10019_length_860_cov_54.315375	245	325	0	80	80	1.0000000
NODE_10019_length_860_cov_54.315375	298	378	0	80	80	1.0000000
NODE_10019_length_860_cov_54.315375	374	454	0	20	80	0.2500000
NODE_10019_length_860_cov_54.315375	374	454	2	60	80	0.7500000
NODE_10019_length_860_cov_54.315375	427	507	0	8	80	0.1000000
NODE_10019_length_860_cov_54.315375	427	507	2	72	80	0.9000000
NODE_10020_length_860_cov_29.618922	356	436	0	80	80	1.0000000
NODE_10020_length_860_cov_29.618922	409	489	0	80	80	1.0000000
NODE_10021_length_860_cov_15.152431	393	473	11	53	80	0.6625000
NODE_10021_length_860_cov_15.152431	393	473	13	24	80	0.3000000
NODE_10021_length_860_cov_15.152431	393	473	14	3	80	0.0375000
NODE_10021_length_860_cov_15.152431	446	526	6	1	80	0.0125000
NODE_10021_length_860_cov_15.152431	446	526	8	7	80	0.0875000
NODE_10021_length_860_cov_15.152431	446	526	13	24	80	0.3000000
NODE_10021_length_860_cov_15.152431	446	526	14	48	80	0.6000000
NODE_10022_length_860_cov_11.320631	343	423	0	80	80	1.0000000
NODE_10022_length_860_cov_11.320631	396	476	0	80	80	1.0000000
NODE_10049_length_859_cov_48.173684	432	512	0	80	80	1.0000000
NODE_10049_length_859_cov_48.173684	485	565	0	80	80	1.0000000
NODE_10050_length_859_cov_24.957895	402	482	0	54	80	0.6750000
NODE_10050_length_859_cov_24.957895	402	482	2	26	80	0.3250000
NODE_10050_length_859_cov_24.957895	455	535	0	1	80	0.0125000
NODE_10050_length_859_cov_24.957895	455	535	2	79	80	0.9875000
NODE_10051_length_859_cov_23.431579	251	331	0	80	80	1.0000000
NODE_10051_length_859_cov_23.431579	304	384	0	80	80	1.0000000
NODE_10052_length_859_cov_20.523684	341	421	0	5	80	0.0625000
NODE_10052_length_859_cov_20.523684	341	421	1	75	80	0.9375000
NODE_10052_length_859_cov_20.523684	394	474	1	34	80	0.4250000
NODE_10052_length_859_cov_20.523684	394	474	2	46	80	0.5750000
NODE_10053_length_859_cov_17.996053	316	396	0	80	80	1.0000000
NODE_10053_length_859_cov_17.996053	369	449	0	80	80	1.0000000
NODE_10054_length_859_cov_16.757895	404	484	0	6	80	0.0750000
NODE_10054_length_859_cov_16.757895	404	484	2	74	80	0.9250000
NODE_10054_length_859_cov_16.757895	457	537	0	46	80	0.5750000
NODE_10054_length_859_cov_16.757895	457	537	2	34	80	0.4250000
NODE_10055_length_859_cov_15.852632	346	426	2	80	80	1.0000000
NODE_10055_length_859_cov_15.852632	399	479	0	24	80	0.3000000
NODE_10055_length_859_cov_15.852632	399	479	2	56	80	0.7000000
NODE_10056_length_859_cov_11.584211	407	487	0	80	80	1.0000000
NODE_10056_length_859_cov_11.584211	460	540	0	80	80	1.0000000
NODE_10057_length_859_cov_10.296053	368	448	0	80	80	1.0000000
NODE_10057_length_859_cov_10.296053	421	501	0	50	80	0.6250000
NODE_10057_length_859_cov_10.296053	421	501	2	30	80	0.3750000
NODE_10066_length_859_cov_2.359211	498	578	0	80	80	1.0000000
NODE_10066_length_859_cov_2.359211	551	631	0	80	80	1.0000000
NODE_10079_length_858_cov_54.677207	277	357	0	80	80	1.0000000
NODE_10079_length_858_cov_54.677207	330	410	0	80	80	1.0000000
NODE_10080_length_858_cov_40.584980	500	580	0	37	80	0.4625000
NODE_10080_length_858_cov_40.584980	500	580	2	43	80	0.5375000
NODE_10080_length_858_cov_40.584980	553	633	0	80	80	1.0000000
NODE_10081_length_858_cov_30.177866	363	443	0	8	80	0.1000000
NODE_10081_length_858_cov_30.177866	363	443	2	72	80	0.9000000
NODE_10081_length_858_cov_30.177866	416	496	0	61	80	0.7625000
NODE_10081_length_858_cov_30.177866	416	496	2	19	80	0.2375000
NODE_10081_length_858_cov_30.177866	492	572	0	4	80	0.0500000
NODE_10081_length_858_cov_30.177866	492	572	2	76	80	0.9500000
NODE_10081_length_858_cov_30.177866	545	625	0	46	80	0.5750000
NODE_10081_length_858_cov_30.177866	545	625	2	34	80	0.4250000
NODE_10082_length_858_cov_18.534914	371	451	0	12	80	0.1500000
NODE_10082_length_858_cov_18.534914	371	451	2	68	80	0.8500000
NODE_10082_length_858_cov_18.534914	424	504	0	65	80	0.8125000
NODE_10082_length_858_cov_18.534914	424	504	2	15	80	0.1875000
NODE_10083_length_858_cov_15.378129	232	312	0	46	80	0.5750000
NODE_10083_length_858_cov_15.378129	232	312	4	34	80	0.4250000
NODE_10083_length_858_cov_15.378129	285	365	4	80	80	1.0000000
NODE_10084_length_858_cov_12.310935	335	415	9	7	80	0.0875000
NODE_10084_length_858_cov_12.310935	335	415	11	10	80	0.1250000
NODE_10084_length_858_cov_12.310935	335	415	12	8	80	0.1000000
NODE_10084_length_858_cov_12.310935	335	415	14	6	80	0.0750000
NODE_10084_length_858_cov_12.310935	335	415	16	3	80	0.0375000
NODE_10084_length_858_cov_12.310935	335	415	17	9	80	0.1125000
NODE_10084_length_858_cov_12.310935	335	415	20	9	80	0.1125000
NODE_10084_length_858_cov_12.310935	335	415	22	11	80	0.1375000
NODE_10084_length_858_cov_12.310935	335	415	23	17	80	0.2125000
NODE_10084_length_858_cov_12.310935	388	468	6	5	80	0.0625000
NODE_10084_length_858_cov_12.310935	388	468	10	30	80	0.3750000
NODE_10084_length_858_cov_12.310935	388	468	12	1	80	0.0125000
NODE_10084_length_858_cov_12.310935	388	468	17	10	80	0.1250000
NODE_10084_length_858_cov_12.310935	388	468	19	3	80	0.0375000
NODE_10084_length_858_cov_12.310935	388	468	22	10	80	0.1250000
NODE_10084_length_858_cov_12.310935	388	468	23	21	80	0.2625000
NODE_10085_length_858_cov_7.835310	396	479	0	83	83	1.0000000
NODE_10085_length_858_cov_7.835310	452	532	0	80	80	1.0000000
NODE_10088_length_858_cov_4.953887	474	554	0	79	80	0.9875000
NODE_10088_length_858_cov_4.953887	474	554	2	1	80	0.0125000
NODE_10088_length_858_cov_4.953887	527	607	0	26	80	0.3250000
NODE_10088_length_858_cov_4.953887	527	607	2	54	80	0.6750000
NODE_10091_length_858_cov_3.475626	428	502	2	24	74	0.3243243
NODE_10091_length_858_cov_3.475626	428	502	3	3	74	0.0405405
NODE_10091_length_858_cov_3.475626	428	502	4	47	74	0.6351351
NODE_10091_length_858_cov_3.475626	498	578	2	23	80	0.2875000
NODE_10091_length_858_cov_3.475626	498	578	4	26	80	0.3250000
NODE_10091_length_858_cov_3.475626	498	578	6	31	80	0.3875000
NODE_10091_length_858_cov_3.475626	551	631	4	51	80	0.6375000
NODE_10091_length_858_cov_3.475626	551	631	6	28	80	0.3500000
NODE_10091_length_858_cov_3.475626	551	631	8	1	80	0.0125000
NODE_10108_length_857_cov_33.449868	384	455	0	14	71	0.1971831
NODE_10108_length_857_cov_33.449868	384	455	8	11	71	0.1549296
NODE_10108_length_857_cov_33.449868	384	455	12	46	71	0.6478873
NODE_10108_length_857_cov_33.449868	437	518	4	2	81	0.0246914
NODE_10108_length_857_cov_33.449868	437	518	12	79	81	0.9753087
NODE_10109_length_857_cov_32.527704	391	471	0	22	80	0.2750000
NODE_10109_length_857_cov_32.527704	391	471	2	56	80	0.7000000
NODE_10109_length_857_cov_32.527704	391	471	4	2	80	0.0250000
NODE_10109_length_857_cov_32.527704	444	524	0	50	80	0.6250000
NODE_10109_length_857_cov_32.527704	444	524	2	30	80	0.3750000
NODE_10110_length_857_cov_27.853562	310	390	0	80	80	1.0000000
NODE_10110_length_857_cov_27.853562	363	443	0	80	80	1.0000000
NODE_10111_length_857_cov_24.654354	282	362	0	80	80	1.0000000
NODE_10111_length_857_cov_24.654354	335	415	0	80	80	1.0000000
NODE_10112_length_857_cov_22.604222	374	456	0	82	82	1.0000000
NODE_10112_length_857_cov_22.604222	427	509	0	82	82	1.0000000
NODE_10113_length_857_cov_17.399736	320	400	0	80	80	1.0000000
NODE_10113_length_857_cov_17.399736	373	453	0	80	80	1.0000000
NODE_10114_length_857_cov_17.069921	388	468	10	42	80	0.5250000
NODE_10114_length_857_cov_17.069921	388	468	20	38	80	0.4750000
NODE_10114_length_857_cov_17.069921	441	521	10	46	80	0.5750000
NODE_10114_length_857_cov_17.069921	441	521	19	1	80	0.0125000
NODE_10114_length_857_cov_17.069921	441	521	20	33	80	0.4125000
NODE_10115_length_857_cov_11.816623	433	513	0	55	80	0.6875000
NODE_10115_length_857_cov_11.816623	433	513	4	25	80	0.3125000
NODE_10115_length_857_cov_11.816623	486	566	0	2	80	0.0250000
NODE_10115_length_857_cov_11.816623	486	566	2	1	80	0.0125000
NODE_10115_length_857_cov_11.816623	486	566	4	77	80	0.9625000
NODE_10116_length_857_cov_6.733509	513	593	0	80	80	1.0000000
NODE_10117_length_857_cov_6.251979	298	378	0	80	80	1.0000000
NODE_10117_length_857_cov_6.251979	351	431	0	80	80	1.0000000
NODE_10118_length_857_cov_5.827177	323	403	0	28	80	0.3500000
NODE_10118_length_857_cov_5.827177	323	403	2	52	80	0.6500000
NODE_10118_length_857_cov_5.827177	376	456	0	36	80	0.4500000
NODE_10118_length_857_cov_5.827177	376	456	2	44	80	0.5500000
NODE_10120_length_857_cov_4.530343	362	442	4	18	80	0.2250000
NODE_10120_length_857_cov_4.530343	362	442	5	1	80	0.0125000
NODE_10120_length_857_cov_4.530343	362	442	6	61	80	0.7625000
NODE_10120_length_857_cov_4.530343	415	495	0	25	80	0.3125000
NODE_10120_length_857_cov_4.530343	415	495	2	2	80	0.0250000
NODE_10120_length_857_cov_4.530343	415	495	4	3	80	0.0375000
NODE_10120_length_857_cov_4.530343	415	495	6	50	80	0.6250000
NODE_10128_length_857_cov_1.464380	179	249	12	3	70	0.0428571
NODE_10128_length_857_cov_1.464380	179	249	13	6	70	0.0857143
NODE_10128_length_857_cov_1.464380	179	249	14	25	70	0.3571429
NODE_10128_length_857_cov_1.464380	179	249	16	36	70	0.5142857
NODE_10128_length_857_cov_1.464380	222	288	8	2	66	0.0303030
NODE_10128_length_857_cov_1.464380	222	288	11	8	66	0.1212121
NODE_10128_length_857_cov_1.464380	222	288	13	31	66	0.4696970
NODE_10128_length_857_cov_1.464380	222	288	14	8	66	0.1212121
NODE_10128_length_857_cov_1.464380	222	288	15	4	66	0.0606061
NODE_10128_length_857_cov_1.464380	222	288	16	13	66	0.1969697
NODE_10138_length_856_cov_39.147952	157	237	2	1	80	0.0125000
NODE_10138_length_856_cov_39.147952	157	237	5	36	80	0.4500000
NODE_10138_length_856_cov_39.147952	157	237	6	43	80	0.5375000
NODE_10138_length_856_cov_39.147952	210	290	1	12	80	0.1500000
NODE_10138_length_856_cov_39.147952	210	290	2	42	80	0.5250000
NODE_10138_length_856_cov_39.147952	210	290	6	26	80	0.3250000
NODE_10138_length_856_cov_39.147952	286	366	1	52	80	0.6500000
NODE_10138_length_856_cov_39.147952	286	366	2	22	80	0.2750000
NODE_10138_length_856_cov_39.147952	286	366	3	5	80	0.0625000
NODE_10138_length_856_cov_39.147952	286	366	4	1	80	0.0125000
NODE_10138_length_856_cov_39.147952	339	419	2	40	80	0.5000000
NODE_10138_length_856_cov_39.147952	339	419	3	4	80	0.0500000
NODE_10138_length_856_cov_39.147952	339	419	4	36	80	0.4500000
NODE_10139_length_856_cov_21.937913	353	433	0	22	80	0.2750000
NODE_10139_length_856_cov_21.937913	353	433	2	14	80	0.1750000
NODE_10139_length_856_cov_21.937913	353	433	4	23	80	0.2875000
NODE_10139_length_856_cov_21.937913	353	433	6	21	80	0.2625000
NODE_10139_length_856_cov_21.937913	406	486	2	2	80	0.0250000
NODE_10139_length_856_cov_21.937913	406	486	4	34	80	0.4250000
NODE_10139_length_856_cov_21.937913	406	486	6	44	80	0.5500000
NODE_10140_length_856_cov_20.227213	375	459	0	23	84	0.2738095
NODE_10140_length_856_cov_20.227213	375	459	1	10	84	0.1190476
NODE_10140_length_856_cov_20.227213	375	459	2	51	84	0.6071429
NODE_10140_length_856_cov_20.227213	432	512	0	39	80	0.4875000
NODE_10140_length_856_cov_20.227213	432	512	2	41	80	0.5125000
NODE_10141_length_856_cov_18.445178	340	420	0	80	80	1.0000000
NODE_10141_length_856_cov_18.445178	393	473	0	80	80	1.0000000
NODE_10142_length_856_cov_16.564069	462	543	0	67	81	0.8271605
NODE_10142_length_856_cov_16.564069	462	543	2	14	81	0.1728395
NODE_10142_length_856_cov_16.564069	516	596	0	13	80	0.1625000
NODE_10142_length_856_cov_16.564069	516	596	2	67	80	0.8375000
NODE_10142_length_856_cov_16.564069	516	593	0	13	77	0.1688312
NODE_10142_length_856_cov_16.564069	516	593	2	64	77	0.8311688
NODE_10143_length_856_cov_15.803170	403	483	2	74	80	0.9250000
NODE_10143_length_856_cov_15.803170	403	483	4	6	80	0.0750000
NODE_10143_length_856_cov_15.803170	456	536	0	23	80	0.2875000
NODE_10143_length_856_cov_15.803170	456	536	2	57	80	0.7125000
NODE_10144_length_856_cov_12.904888	345	425	4	25	80	0.3125000
NODE_10144_length_856_cov_12.904888	345	425	5	7	80	0.0875000
NODE_10144_length_856_cov_12.904888	345	425	6	26	80	0.3250000
NODE_10144_length_856_cov_12.904888	345	425	8	22	80	0.2750000
NODE_10144_length_856_cov_12.904888	398	478	0	14	80	0.1750000
NODE_10144_length_856_cov_12.904888	398	478	3	1	80	0.0125000
NODE_10144_length_856_cov_12.904888	398	478	4	47	80	0.5875000
NODE_10144_length_856_cov_12.904888	398	478	5	7	80	0.0875000
NODE_10144_length_856_cov_12.904888	398	478	6	11	80	0.1375000
NODE_10145_length_856_cov_9.881110	338	418	0	8	80	0.1000000
NODE_10145_length_856_cov_9.881110	338	418	2	72	80	0.9000000
NODE_10145_length_856_cov_9.881110	391	471	0	8	80	0.1000000
NODE_10145_length_856_cov_9.881110	391	471	2	72	80	0.9000000
NODE_10146_length_856_cov_5.875826	405	485	0	80	80	1.0000000
NODE_10146_length_856_cov_5.875826	458	538	0	80	80	1.0000000
NODE_10149_length_856_cov_4.821664	466	546	0	80	80	1.0000000
NODE_10149_length_856_cov_4.821664	519	599	0	80	80	1.0000000
NODE_10151_length_856_cov_4.195509	248	328	0	72	80	0.9000000
NODE_10151_length_856_cov_4.195509	248	328	2	8	80	0.1000000
NODE_10151_length_856_cov_4.195509	301	381	0	19	80	0.2375000
NODE_10151_length_856_cov_4.195509	301	381	2	61	80	0.7625000
NODE_10152_length_856_cov_3.899604	262	339	0	77	77	1.0000000
NODE_10152_length_856_cov_3.899604	312	392	0	80	80	1.0000000
NODE_10176_length_855_cov_28.312169	541	621	0	40	80	0.5000000
NODE_10176_length_855_cov_28.312169	541	621	1	40	80	0.5000000
NODE_10176_length_855_cov_28.312169	594	674	1	80	80	1.0000000
NODE_10177_length_855_cov_19.392857	692	772	10	80	80	1.0000000
NODE_10177_length_855_cov_19.392857	745	825	0	34	80	0.4250000
NODE_10177_length_855_cov_19.392857	745	825	8	8	80	0.1000000
NODE_10177_length_855_cov_19.392857	745	825	10	38	80	0.4750000
NODE_10178_length_855_cov_13.402116	343	423	0	80	80	1.0000000
NODE_10178_length_855_cov_13.402116	396	476	0	80	80	1.0000000
NODE_10179_length_855_cov_13.116402	295	375	4	14	80	0.1750000
NODE_10179_length_855_cov_13.116402	295	375	8	46	80	0.5750000
NODE_10179_length_855_cov_13.116402	295	375	12	20	80	0.2500000
NODE_10179_length_855_cov_13.116402	348	428	4	22	80	0.2750000
NODE_10179_length_855_cov_13.116402	348	428	8	31	80	0.3875000
NODE_10179_length_855_cov_13.116402	348	428	12	27	80	0.3375000
NODE_10180_length_855_cov_11.179894	360	436	0	76	76	1.0000000
NODE_10180_length_855_cov_11.179894	409	489	0	80	80	1.0000000
NODE_10183_length_855_cov_8.593915	339	419	0	80	80	1.0000000
NODE_10183_length_855_cov_8.593915	392	472	0	80	80	1.0000000
NODE_10206_length_854_cov_64.200000	586	666	0	23	80	0.2875000
NODE_10206_length_854_cov_64.200000	586	666	2	57	80	0.7125000
NODE_10206_length_854_cov_64.200000	639	719	0	76	80	0.9500000
NODE_10206_length_854_cov_64.200000	639	719	2	4	80	0.0500000
NODE_10207_length_854_cov_46.037086	348	428	9	2	80	0.0250000
NODE_10207_length_854_cov_46.037086	348	428	10	29	80	0.3625000
NODE_10207_length_854_cov_46.037086	348	428	12	28	80	0.3500000
NODE_10207_length_854_cov_46.037086	348	428	13	12	80	0.1500000
NODE_10207_length_854_cov_46.037086	348	428	15	4	80	0.0500000
NODE_10207_length_854_cov_46.037086	348	428	16	5	80	0.0625000
NODE_10207_length_854_cov_46.037086	401	481	7	8	80	0.1000000
NODE_10207_length_854_cov_46.037086	401	481	10	4	80	0.0500000
NODE_10207_length_854_cov_46.037086	401	481	12	66	80	0.8250000
NODE_10207_length_854_cov_46.037086	401	481	16	2	80	0.0250000
NODE_10207_length_854_cov_46.037086	458	481	7	8	23	0.3478261
NODE_10207_length_854_cov_46.037086	458	481	10	4	23	0.1739130
NODE_10207_length_854_cov_46.037086	458	481	12	11	23	0.4782609
NODE_10208_length_854_cov_45.633113	393	473	2	39	80	0.4875000
NODE_10208_length_854_cov_45.633113	393	473	3	5	80	0.0625000
NODE_10208_length_854_cov_45.633113	393	473	4	36	80	0.4500000
NODE_10208_length_854_cov_45.633113	446	526	2	10	80	0.1250000
NODE_10208_length_854_cov_45.633113	446	526	3	2	80	0.0250000
NODE_10208_length_854_cov_45.633113	446	526	4	68	80	0.8500000
NODE_10209_length_854_cov_40.407947	489	569	0	80	80	1.0000000
NODE_10209_length_854_cov_40.407947	542	622	0	80	80	1.0000000
NODE_10210_length_854_cov_29.773510	450	530	0	21	80	0.2625000
NODE_10210_length_854_cov_29.773510	450	530	2	59	80	0.7375000
NODE_10210_length_854_cov_29.773510	503	583	0	48	80	0.6000000
NODE_10210_length_854_cov_29.773510	503	583	2	32	80	0.4000000
NODE_10211_length_854_cov_22.968212	318	398	0	80	80	1.0000000
NODE_10211_length_854_cov_22.968212	371	451	0	80	80	1.0000000
NODE_10212_length_854_cov_18.038411	387	467	2	40	80	0.5000000
NODE_10212_length_854_cov_18.038411	387	467	8	1	80	0.0125000
NODE_10212_length_854_cov_18.038411	387	467	10	39	80	0.4875000
NODE_10212_length_854_cov_18.038411	440	520	8	20	80	0.2500000
NODE_10212_length_854_cov_18.038411	440	520	10	60	80	0.7500000
NODE_10213_length_854_cov_13.774834	330	410	0	80	80	1.0000000
NODE_10213_length_854_cov_13.774834	383	463	0	80	80	1.0000000
NODE_10214_length_854_cov_11.998675	366	446	0	26	80	0.3250000
NODE_10214_length_854_cov_11.998675	366	446	2	54	80	0.6750000
NODE_10214_length_854_cov_11.998675	419	499	2	80	80	1.0000000
NODE_10215_length_854_cov_7.600000	298	378	0	80	80	1.0000000
NODE_10215_length_854_cov_7.600000	351	431	0	80	80	1.0000000
NODE_10218_length_854_cov_4.939073	603	633	0	30	30	1.0000000
NODE_10226_length_854_cov_2.354967	613	633	0	20	20	1.0000000
NODE_10239_length_853_cov_61.988064	380	460	0	29	80	0.3625000
NODE_10239_length_853_cov_61.988064	380	460	2	51	80	0.6375000
NODE_10239_length_853_cov_61.988064	433	513	0	60	80	0.7500000
NODE_10239_length_853_cov_61.988064	433	513	2	20	80	0.2500000
NODE_10240_length_853_cov_33.683024	384	464	8	24	80	0.3000000
NODE_10240_length_853_cov_33.683024	384	464	14	56	80	0.7000000
NODE_10240_length_853_cov_33.683024	437	517	0	18	80	0.2250000
NODE_10240_length_853_cov_33.683024	437	517	8	3	80	0.0375000
NODE_10240_length_853_cov_33.683024	437	517	14	59	80	0.7375000
NODE_10241_length_853_cov_31.965517	224	305	2	66	81	0.8148148
NODE_10241_length_853_cov_31.965517	224	305	4	15	81	0.1851852
NODE_10241_length_853_cov_31.965517	278	358	0	9	80	0.1125000
NODE_10241_length_853_cov_31.965517	278	358	2	47	80	0.5875000
NODE_10241_length_853_cov_31.965517	278	358	4	24	80	0.3000000
NODE_10241_length_853_cov_31.965517	354	434	0	30	80	0.3750000
NODE_10241_length_853_cov_31.965517	354	434	2	50	80	0.6250000
NODE_10241_length_853_cov_31.965517	407	466	2	59	59	1.0000000
NODE_10242_length_853_cov_16.551724	247	327	0	5	80	0.0625000
NODE_10242_length_853_cov_16.551724	247	327	2	37	80	0.4625000
NODE_10242_length_853_cov_16.551724	247	327	3	7	80	0.0875000
NODE_10242_length_853_cov_16.551724	247	327	5	1	80	0.0125000
NODE_10242_length_853_cov_16.551724	247	327	6	12	80	0.1500000
NODE_10242_length_853_cov_16.551724	247	327	8	6	80	0.0750000
NODE_10242_length_853_cov_16.551724	247	327	10	12	80	0.1500000
NODE_10242_length_853_cov_16.551724	300	380	6	9	80	0.1125000
NODE_10242_length_853_cov_16.551724	300	380	8	6	80	0.0750000
NODE_10242_length_853_cov_16.551724	300	380	10	65	80	0.8125000
NODE_10242_length_853_cov_16.551724	376	456	2	10	80	0.1250000
NODE_10242_length_853_cov_16.551724	376	456	5	7	80	0.0875000
NODE_10242_length_853_cov_16.551724	376	456	6	3	80	0.0375000
NODE_10242_length_853_cov_16.551724	376	456	8	46	80	0.5750000
NODE_10242_length_853_cov_16.551724	376	456	10	14	80	0.1750000
NODE_10242_length_853_cov_16.551724	429	509	0	40	80	0.5000000
NODE_10242_length_853_cov_16.551724	429	509	2	23	80	0.2875000
NODE_10242_length_853_cov_16.551724	429	509	5	7	80	0.0875000
NODE_10242_length_853_cov_16.551724	429	509	8	10	80	0.1250000
NODE_10243_length_853_cov_15.395225	395	475	0	80	80	1.0000000
NODE_10243_length_853_cov_15.395225	448	528	0	49	80	0.6125000
NODE_10243_length_853_cov_15.395225	448	528	2	31	80	0.3875000
NODE_10244_length_853_cov_15.086207	355	434	10	39	79	0.4936709
NODE_10244_length_853_cov_15.086207	355	434	12	11	79	0.1392405
NODE_10244_length_853_cov_15.086207	355	434	14	29	79	0.3670886
NODE_10244_length_853_cov_15.086207	408	488	0	40	80	0.5000000
NODE_10244_length_853_cov_15.086207	408	488	8	6	80	0.0750000
NODE_10244_length_853_cov_15.086207	408	488	10	34	80	0.4250000
NODE_10245_length_853_cov_14.929708	160	240	0	80	80	1.0000000
NODE_10245_length_853_cov_14.929708	213	293	0	80	80	1.0000000
NODE_10246_length_853_cov_11.299735	395	475	0	33	80	0.4125000
NODE_10246_length_853_cov_11.299735	395	475	2	9	80	0.1125000
NODE_10246_length_853_cov_11.299735	395	475	4	38	80	0.4750000
NODE_10246_length_853_cov_11.299735	448	528	0	80	80	1.0000000
NODE_10247_length_853_cov_9.571618	479	559	0	80	80	1.0000000
NODE_10247_length_853_cov_9.571618	532	612	0	80	80	1.0000000
NODE_10248_length_853_cov_7.828912	265	345	0	80	80	1.0000000
NODE_10248_length_853_cov_7.828912	318	398	0	80	80	1.0000000
NODE_10249_length_853_cov_7.623342	255	335	0	80	80	1.0000000
NODE_10249_length_853_cov_7.623342	308	388	0	80	80	1.0000000
NODE_10253_length_853_cov_3.173740	212	292	0	26	80	0.3250000
NODE_10253_length_853_cov_3.173740	212	292	2	54	80	0.6750000
NODE_10253_length_853_cov_3.173740	265	343	0	77	78	0.9871795
NODE_10253_length_853_cov_3.173740	265	343	2	1	78	0.0128205
NODE_10258_length_853_cov_1.823607	710	773	0	63	63	1.0000000
NODE_10258_length_853_cov_1.823607	711	773	0	62	62	1.0000000
NODE_10258_length_853_cov_1.823607	711	773	0	62	62	1.0000000
NODE_10258_length_853_cov_1.823607	746	826	0	80	80	1.0000000
NODE_10267_length_852_cov_30.022576	279	359	0	80	80	1.0000000
NODE_10267_length_852_cov_30.022576	332	412	0	80	80	1.0000000
NODE_10268_length_852_cov_19.373174	353	433	0	71	80	0.8875000
NODE_10268_length_852_cov_19.373174	353	433	2	9	80	0.1125000
NODE_10268_length_852_cov_19.373174	406	486	0	18	80	0.2250000
NODE_10268_length_852_cov_19.373174	406	486	2	21	80	0.2625000
NODE_10268_length_852_cov_19.373174	406	486	4	41	80	0.5125000
NODE_10269_length_852_cov_18.853918	297	377	0	39	80	0.4875000
NODE_10269_length_852_cov_18.853918	297	377	2	41	80	0.5125000
NODE_10269_length_852_cov_18.853918	350	430	0	80	80	1.0000000
NODE_10269_length_852_cov_18.853918	426	506	0	80	80	1.0000000
NODE_10269_length_852_cov_18.853918	489	559	0	70	70	1.0000000
NODE_10270_length_852_cov_17.391766	472	552	0	80	80	1.0000000
NODE_10270_length_852_cov_17.391766	525	605	0	80	80	1.0000000
NODE_10271_length_852_cov_8.818061	513	593	0	27	80	0.3375000
NODE_10271_length_852_cov_8.818061	513	593	2	53	80	0.6625000
NODE_10271_length_852_cov_8.818061	566	646	0	37	80	0.4625000
NODE_10271_length_852_cov_8.818061	566	646	2	43	80	0.5375000
NODE_10274_length_852_cov_4.403718	493	573	0	80	80	1.0000000
NODE_10274_length_852_cov_4.403718	546	626	0	80	80	1.0000000
NODE_10285_length_851_cov_33.953457	329	409	0	25	80	0.3125000
NODE_10285_length_851_cov_33.953457	329	409	2	55	80	0.6875000
NODE_10285_length_851_cov_33.953457	382	462	0	27	80	0.3375000
NODE_10285_length_851_cov_33.953457	382	462	2	53	80	0.6625000
NODE_10286_length_851_cov_30.488032	395	475	0	23	80	0.2875000
NODE_10286_length_851_cov_30.488032	395	475	11	24	80	0.3000000
NODE_10286_length_851_cov_30.488032	395	475	12	33	80	0.4125000
NODE_10286_length_851_cov_30.488032	448	528	0	3	80	0.0375000
NODE_10286_length_851_cov_30.488032	448	528	10	1	80	0.0125000
NODE_10286_length_851_cov_30.488032	448	528	11	60	80	0.7500000
NODE_10286_length_851_cov_30.488032	448	528	12	16	80	0.2000000
NODE_10287_length_851_cov_27.481383	353	433	0	80	80	1.0000000
NODE_10287_length_851_cov_27.481383	406	486	0	80	80	1.0000000
NODE_10288_length_851_cov_23.656915	345	425	0	10	80	0.1250000
NODE_10288_length_851_cov_23.656915	345	425	2	70	80	0.8750000
NODE_10288_length_851_cov_23.656915	398	478	0	63	80	0.7875000
NODE_10288_length_851_cov_23.656915	398	478	2	17	80	0.2125000
NODE_10289_length_851_cov_19.769947	298	378	0	80	80	1.0000000
NODE_10289_length_851_cov_19.769947	351	431	0	80	80	1.0000000
NODE_10290_length_851_cov_17.386968	459	539	0	80	80	1.0000000
NODE_10290_length_851_cov_17.386968	512	592	0	80	80	1.0000000
NODE_10291_length_851_cov_13.519947	323	403	0	80	80	1.0000000
NODE_10291_length_851_cov_13.519947	376	456	0	80	80	1.0000000
NODE_10292_length_851_cov_11.771277	403	483	0	80	80	1.0000000
NODE_10292_length_851_cov_11.771277	456	536	0	80	80	1.0000000
NODE_10293_length_851_cov_11.698138	227	307	0	70	80	0.8750000
NODE_10293_length_851_cov_11.698138	227	307	2	10	80	0.1250000
NODE_10293_length_851_cov_11.698138	280	360	0	17	80	0.2125000
NODE_10293_length_851_cov_11.698138	280	360	2	63	80	0.7875000
NODE_10293_length_851_cov_11.698138	356	436	2	13	80	0.1625000
NODE_10293_length_851_cov_11.698138	356	436	4	4	80	0.0500000
NODE_10293_length_851_cov_11.698138	356	436	6	10	80	0.1250000
NODE_10293_length_851_cov_11.698138	356	436	14	4	80	0.0500000
NODE_10293_length_851_cov_11.698138	356	436	16	1	80	0.0125000
NODE_10293_length_851_cov_11.698138	356	436	18	46	80	0.5750000
NODE_10293_length_851_cov_11.698138	356	436	20	2	80	0.0250000
NODE_10293_length_851_cov_11.698138	409	489	2	3	80	0.0375000
NODE_10293_length_851_cov_11.698138	409	489	11	1	80	0.0125000
NODE_10293_length_851_cov_11.698138	409	489	13	1	80	0.0125000
NODE_10293_length_851_cov_11.698138	409	489	14	15	80	0.1875000
NODE_10293_length_851_cov_11.698138	409	489	18	50	80	0.6250000
NODE_10293_length_851_cov_11.698138	409	489	20	10	80	0.1250000
NODE_10294_length_851_cov_11.672872	372	452	2	48	80	0.6000000
NODE_10294_length_851_cov_11.672872	372	452	4	32	80	0.4000000
NODE_10294_length_851_cov_11.672872	425	505	0	5	80	0.0625000
NODE_10294_length_851_cov_11.672872	425	505	2	75	80	0.9375000
NODE_10295_length_851_cov_10.938830	418	499	0	81	81	1.0000000
NODE_10296_length_851_cov_10.074468	454	534	0	9	80	0.1125000
NODE_10296_length_851_cov_10.074468	454	534	2	71	80	0.8875000
NODE_10296_length_851_cov_10.074468	507	587	0	62	80	0.7750000
NODE_10296_length_851_cov_10.074468	507	587	2	18	80	0.2250000
NODE_10297_length_851_cov_7.599734	330	410	0	80	80	1.0000000
NODE_10297_length_851_cov_7.599734	383	463	0	73	80	0.9125000
NODE_10297_length_851_cov_7.599734	383	463	2	7	80	0.0875000
NODE_10298_length_851_cov_5.639628	379	459	0	80	80	1.0000000
NODE_10298_length_851_cov_5.639628	432	512	0	80	80	1.0000000
NODE_10300_length_851_cov_3.880319	729	765	0	36	36	1.0000000
NODE_10300_length_851_cov_3.880319	743	824	0	81	81	1.0000000
NODE_10301_length_851_cov_3.823138	380	460	0	80	80	1.0000000
NODE_10301_length_851_cov_3.823138	433	513	0	80	80	1.0000000
NODE_10318_length_851_cov_1.130319	33	103	2	70	70	1.0000000
NODE_10326_length_850_cov_36.527297	360	440	0	1	80	0.0125000
NODE_10326_length_850_cov_36.527297	360	440	2	4	80	0.0500000
NODE_10326_length_850_cov_36.527297	360	440	4	26	80	0.3250000
NODE_10326_length_850_cov_36.527297	360	440	6	49	80	0.6125000
NODE_10326_length_850_cov_36.527297	413	493	0	14	80	0.1750000
NODE_10326_length_850_cov_36.527297	413	493	2	11	80	0.1375000
NODE_10326_length_850_cov_36.527297	413	493	4	55	80	0.6875000
NODE_10327_length_850_cov_31.006658	330	410	16	80	80	1.0000000
NODE_10327_length_850_cov_31.006658	383	463	14	4	80	0.0500000
NODE_10327_length_850_cov_31.006658	383	463	16	31	80	0.3875000
NODE_10327_length_850_cov_31.006658	383	463	17	6	80	0.0750000
NODE_10327_length_850_cov_31.006658	383	463	18	39	80	0.4875000
NODE_10328_length_850_cov_30.460719	251	331	2	10	80	0.1250000
NODE_10328_length_850_cov_30.460719	251	331	9	14	80	0.1750000
NODE_10328_length_850_cov_30.460719	251	331	11	23	80	0.2875000
NODE_10328_length_850_cov_30.460719	251	331	13	33	80	0.4125000
NODE_10328_length_850_cov_30.460719	304	384	8	10	80	0.1250000
NODE_10328_length_850_cov_30.460719	304	384	11	27	80	0.3375000
NODE_10328_length_850_cov_30.460719	304	384	12	39	80	0.4875000
NODE_10328_length_850_cov_30.460719	304	384	13	4	80	0.0500000
NODE_10329_length_850_cov_25.263648	355	435	0	80	80	1.0000000
NODE_10329_length_850_cov_25.263648	408	488	0	80	80	1.0000000
NODE_10330_length_850_cov_21.368842	290	370	0	80	80	1.0000000
NODE_10330_length_850_cov_21.368842	343	423	0	80	80	1.0000000
NODE_10331_length_850_cov_20.500666	318	398	6	80	80	1.0000000
NODE_10331_length_850_cov_20.500666	371	451	0	44	80	0.5500000
NODE_10331_length_850_cov_20.500666	371	451	3	9	80	0.1125000
NODE_10331_length_850_cov_20.500666	371	451	6	27	80	0.3375000
NODE_10332_length_850_cov_17.268975	398	478	0	80	80	1.0000000
NODE_10332_length_850_cov_17.268975	451	531	0	80	80	1.0000000
NODE_10333_length_850_cov_14.728362	379	459	0	55	80	0.6875000
NODE_10333_length_850_cov_14.728362	379	459	1	16	80	0.2000000
NODE_10333_length_850_cov_14.728362	379	459	2	9	80	0.1125000
NODE_10333_length_850_cov_14.728362	432	512	0	80	80	1.0000000
NODE_10334_length_850_cov_14.230360	313	393	0	80	80	1.0000000
NODE_10334_length_850_cov_14.230360	366	446	0	28	80	0.3500000
NODE_10334_length_850_cov_14.230360	366	446	2	52	80	0.6500000
NODE_10335_length_850_cov_12.387483	337	417	0	80	80	1.0000000
NODE_10335_length_850_cov_12.387483	390	470	0	80	80	1.0000000
NODE_10335_length_850_cov_12.387483	466	545	0	79	79	1.0000000
NODE_10335_length_850_cov_12.387483	518	598	0	80	80	1.0000000
NODE_10336_length_850_cov_11.402130	329	409	7	23	80	0.2875000
NODE_10336_length_850_cov_11.402130	329	409	11	18	80	0.2250000
NODE_10336_length_850_cov_11.402130	329	409	13	28	80	0.3500000
NODE_10336_length_850_cov_11.402130	329	409	14	11	80	0.1375000
NODE_10336_length_850_cov_11.402130	382	462	0	8	80	0.1000000
NODE_10336_length_850_cov_11.402130	382	462	4	1	80	0.0125000
NODE_10336_length_850_cov_11.402130	382	462	6	1	80	0.0125000
NODE_10336_length_850_cov_11.402130	382	462	10	25	80	0.3125000
NODE_10336_length_850_cov_11.402130	382	462	13	16	80	0.2000000
NODE_10336_length_850_cov_11.402130	382	462	14	29	80	0.3625000
NODE_10337_length_850_cov_10.326232	330	410	2	70	80	0.8750000
NODE_10337_length_850_cov_10.326232	330	410	4	10	80	0.1250000
NODE_10337_length_850_cov_10.326232	383	463	2	63	80	0.7875000
NODE_10337_length_850_cov_10.326232	383	463	4	17	80	0.2125000
NODE_10338_length_850_cov_9.675100	464	544	0	80	80	1.0000000
NODE_10338_length_850_cov_9.675100	517	597	0	80	80	1.0000000
NODE_10367_length_849_cov_43.137333	336	416	0	39	80	0.4875000
NODE_10367_length_849_cov_43.137333	336	416	8	41	80	0.5125000
NODE_10367_length_849_cov_43.137333	389	469	0	80	80	1.0000000
NODE_10368_length_849_cov_36.562667	326	406	0	80	80	1.0000000
NODE_10368_length_849_cov_36.562667	379	459	0	80	80	1.0000000
NODE_10369_length_849_cov_35.449333	408	488	10	25	80	0.3125000
NODE_10369_length_849_cov_35.449333	408	488	12	20	80	0.2500000
NODE_10369_length_849_cov_35.449333	408	488	14	35	80	0.4375000
NODE_10369_length_849_cov_35.449333	461	541	0	6	80	0.0750000
NODE_10369_length_849_cov_35.449333	461	541	10	1	80	0.0125000
NODE_10369_length_849_cov_35.449333	461	541	12	5	80	0.0625000
NODE_10369_length_849_cov_35.449333	461	541	14	68	80	0.8500000
NODE_10370_length_849_cov_29.989333	332	412	3	20	80	0.2500000
NODE_10370_length_849_cov_29.989333	332	412	4	40	80	0.5000000
NODE_10370_length_849_cov_29.989333	332	412	5	7	80	0.0875000
NODE_10370_length_849_cov_29.989333	332	412	6	1	80	0.0125000
NODE_10370_length_849_cov_29.989333	332	412	9	12	80	0.1500000
NODE_10370_length_849_cov_29.989333	385	465	3	8	80	0.1000000
NODE_10370_length_849_cov_29.989333	385	465	5	7	80	0.0875000
NODE_10370_length_849_cov_29.989333	385	465	6	28	80	0.3500000
NODE_10370_length_849_cov_29.989333	385	465	8	11	80	0.1375000
NODE_10370_length_849_cov_29.989333	385	465	9	26	80	0.3250000
NODE_10371_length_849_cov_17.974667	343	423	4	39	80	0.4875000
NODE_10371_length_849_cov_17.974667	343	423	6	41	80	0.5125000
NODE_10371_length_849_cov_17.974667	396	476	0	34	80	0.4250000
NODE_10371_length_849_cov_17.974667	396	476	2	2	80	0.0250000
NODE_10371_length_849_cov_17.974667	396	476	4	44	80	0.5500000
NODE_10372_length_849_cov_17.018667	360	440	0	1	80	0.0125000
NODE_10372_length_849_cov_17.018667	360	440	2	21	80	0.2625000
NODE_10372_length_849_cov_17.018667	360	440	4	58	80	0.7250000
NODE_10372_length_849_cov_17.018667	416	493	0	24	77	0.3116883
NODE_10372_length_849_cov_17.018667	416	493	2	26	77	0.3376623
NODE_10372_length_849_cov_17.018667	416	493	4	27	77	0.3506494
NODE_10373_length_849_cov_15.581333	287	367	0	10	80	0.1250000
NODE_10373_length_849_cov_15.581333	287	367	2	70	80	0.8750000
NODE_10373_length_849_cov_15.581333	340	420	0	24	80	0.3000000
NODE_10373_length_849_cov_15.581333	340	420	2	56	80	0.7000000
NODE_10373_length_849_cov_15.581333	416	496	2	80	80	1.0000000
NODE_10373_length_849_cov_15.581333	469	549	2	73	80	0.9125000
NODE_10373_length_849_cov_15.581333	469	549	4	7	80	0.0875000
NODE_10374_length_849_cov_9.460000	370	450	0	18	80	0.2250000
NODE_10374_length_849_cov_9.460000	370	450	2	62	80	0.7750000
NODE_10374_length_849_cov_9.460000	423	503	0	71	80	0.8875000
NODE_10374_length_849_cov_9.460000	423	503	2	9	80	0.1125000
NODE_10375_length_849_cov_4.893333	427	507	0	80	80	1.0000000
NODE_10375_length_849_cov_4.893333	480	560	0	80	80	1.0000000
NODE_10376_length_849_cov_4.860000	380	460	0	80	80	1.0000000
NODE_10376_length_849_cov_4.860000	433	513	0	80	80	1.0000000
NODE_10379_length_849_cov_2.761333	254	334	0	80	80	1.0000000
NODE_10396_length_848_cov_27.287049	253	333	0	80	80	1.0000000
NODE_10396_length_848_cov_27.287049	306	386	0	80	80	1.0000000
NODE_10396_length_848_cov_27.287049	382	458	0	76	76	1.0000000
NODE_10396_length_848_cov_27.287049	435	513	0	78	78	1.0000000
NODE_10397_length_848_cov_23.511348	248	328	0	80	80	1.0000000
NODE_10397_length_848_cov_23.511348	301	381	0	80	80	1.0000000
NODE_10397_length_848_cov_23.511348	377	457	0	80	80	1.0000000
NODE_10397_length_848_cov_23.511348	430	508	0	78	78	1.0000000
NODE_10398_length_848_cov_21.939920	295	375	0	80	80	1.0000000
NODE_10398_length_848_cov_21.939920	348	428	0	80	80	1.0000000
NODE_10399_length_848_cov_21.937250	434	514	4	29	80	0.3625000
NODE_10399_length_848_cov_21.937250	434	514	6	39	80	0.4875000
NODE_10399_length_848_cov_21.937250	434	514	8	12	80	0.1500000
NODE_10399_length_848_cov_21.937250	487	567	0	13	80	0.1625000
NODE_10399_length_848_cov_21.937250	487	567	2	14	80	0.1750000
NODE_10399_length_848_cov_21.937250	487	567	4	18	80	0.2250000
NODE_10399_length_848_cov_21.937250	487	567	6	35	80	0.4375000
NODE_10400_length_848_cov_19.500668	367	392	0	20	25	0.8000000
NODE_10400_length_848_cov_19.500668	367	392	2	5	25	0.2000000
NODE_10400_length_848_cov_19.500668	388	468	2	9	80	0.1125000
NODE_10400_length_848_cov_19.500668	388	468	4	67	80	0.8375000
NODE_10400_length_848_cov_19.500668	388	468	8	4	80	0.0500000
NODE_10400_length_848_cov_19.500668	441	521	4	50	80	0.6250000
NODE_10400_length_848_cov_19.500668	441	521	6	11	80	0.1375000
NODE_10400_length_848_cov_19.500668	441	521	8	19	80	0.2375000
NODE_10400_length_848_cov_19.500668	443	512	4	39	69	0.5652174
NODE_10400_length_848_cov_19.500668	443	512	6	11	69	0.1594203
NODE_10400_length_848_cov_19.500668	443	512	8	19	69	0.2753623
NODE_10400_length_848_cov_19.500668	443	472	4	21	29	0.7241379
NODE_10400_length_848_cov_19.500668	443	472	8	8	29	0.2758621
NODE_10401_length_848_cov_16.566088	323	403	0	80	80	1.0000000
NODE_10401_length_848_cov_16.566088	376	456	0	80	80	1.0000000
NODE_10402_length_848_cov_16.109479	256	336	0	80	80	1.0000000
NODE_10402_length_848_cov_16.109479	309	389	0	80	80	1.0000000
NODE_10402_length_848_cov_16.109479	385	465	0	80	80	1.0000000
NODE_10402_length_848_cov_16.109479	438	518	0	45	80	0.5625000
NODE_10402_length_848_cov_16.109479	438	518	2	35	80	0.4375000
NODE_10403_length_848_cov_15.919893	492	568	8	76	76	1.0000000
NODE_10403_length_848_cov_15.919893	541	621	2	27	80	0.3375000
NODE_10403_length_848_cov_15.919893	541	621	8	31	80	0.3875000
NODE_10403_length_848_cov_15.919893	541	621	10	22	80	0.2750000
NODE_10404_length_848_cov_13.979973	269	349	2	80	80	1.0000000
NODE_10404_length_848_cov_13.979973	322	402	0	50	80	0.6250000
NODE_10404_length_848_cov_13.979973	322	402	2	30	80	0.3750000
NODE_10405_length_848_cov_13.073431	343	423	0	24	80	0.3000000
NODE_10405_length_848_cov_13.073431	343	423	9	1	80	0.0125000
NODE_10405_length_848_cov_13.073431	343	423	10	55	80	0.6875000
NODE_10405_length_848_cov_13.073431	396	476	0	27	80	0.3375000
NODE_10405_length_848_cov_13.073431	396	476	10	53	80	0.6625000
NODE_10406_length_848_cov_8.523364	232	312	2	26	80	0.3250000
NODE_10406_length_848_cov_8.523364	232	312	4	33	80	0.4125000
NODE_10406_length_848_cov_8.523364	232	312	6	21	80	0.2625000
NODE_10406_length_848_cov_8.523364	285	365	2	6	80	0.0750000
NODE_10406_length_848_cov_8.523364	285	365	4	36	80	0.4500000
NODE_10406_length_848_cov_8.523364	285	365	6	38	80	0.4750000
NODE_10406_length_848_cov_8.523364	361	441	0	37	80	0.4625000
NODE_10406_length_848_cov_8.523364	361	441	4	43	80	0.5375000
NODE_10406_length_848_cov_8.523364	414	494	0	80	80	1.0000000
NODE_10408_length_848_cov_5.903872	251	331	0	55	80	0.6875000
NODE_10408_length_848_cov_5.903872	251	331	4	25	80	0.3125000
NODE_10408_length_848_cov_5.903872	304	383	0	2	79	0.0253165
NODE_10408_length_848_cov_5.903872	304	383	4	77	79	0.9746835
NODE_10409_length_848_cov_5.236315	378	458	0	51	80	0.6375000
NODE_10409_length_848_cov_5.236315	378	458	4	6	80	0.0750000
NODE_10409_length_848_cov_5.236315	378	458	6	8	80	0.1000000
NODE_10409_length_848_cov_5.236315	378	458	8	15	80	0.1875000
NODE_10409_length_848_cov_5.236315	431	507	4	4	76	0.0526316
NODE_10409_length_848_cov_5.236315	431	507	6	8	76	0.1052632
NODE_10409_length_848_cov_5.236315	431	507	8	64	76	0.8421053
NODE_10424_length_847_cov_56.417112	576	656	0	80	80	1.0000000
NODE_10424_length_847_cov_56.417112	629	709	0	80	80	1.0000000
NODE_10425_length_847_cov_27.292781	390	470	6	25	80	0.3125000
NODE_10425_length_847_cov_27.292781	390	470	8	41	80	0.5125000
NODE_10425_length_847_cov_27.292781	390	470	10	14	80	0.1750000
NODE_10425_length_847_cov_27.292781	443	523	2	18	80	0.2250000
NODE_10425_length_847_cov_27.292781	443	523	8	48	80	0.6000000
NODE_10425_length_847_cov_27.292781	443	523	10	14	80	0.1750000
NODE_10426_length_847_cov_24.954545	342	422	0	59	80	0.7375000
NODE_10426_length_847_cov_24.954545	342	422	2	21	80	0.2625000
NODE_10426_length_847_cov_24.954545	395	475	0	37	80	0.4625000
NODE_10426_length_847_cov_24.954545	395	475	2	43	80	0.5375000
NODE_10427_length_847_cov_20.310160	341	421	2	80	80	1.0000000
NODE_10427_length_847_cov_20.310160	394	474	0	44	80	0.5500000
NODE_10427_length_847_cov_20.310160	394	474	2	36	80	0.4500000
NODE_10428_length_847_cov_19.002674	368	448	0	80	80	1.0000000
NODE_10428_length_847_cov_19.002674	421	501	0	31	80	0.3875000
NODE_10428_length_847_cov_19.002674	421	501	2	49	80	0.6125000
NODE_10429_length_847_cov_16.879679	218	298	0	80	80	1.0000000
NODE_10429_length_847_cov_16.879679	271	351	0	80	80	1.0000000
NODE_10431_length_847_cov_11.784759	298	378	0	40	80	0.5000000
NODE_10431_length_847_cov_11.784759	298	378	2	40	80	0.5000000
NODE_10431_length_847_cov_11.784759	351	431	2	31	80	0.3875000
NODE_10431_length_847_cov_11.784759	351	431	4	33	80	0.4125000
NODE_10431_length_847_cov_11.784759	351	431	8	16	80	0.2000000
NODE_10431_length_847_cov_11.784759	427	507	0	1	80	0.0125000
NODE_10431_length_847_cov_11.784759	427	507	4	16	80	0.2000000
NODE_10431_length_847_cov_11.784759	427	507	6	17	80	0.2125000
NODE_10431_length_847_cov_11.784759	427	507	8	46	80	0.5750000
NODE_10431_length_847_cov_11.784759	480	560	0	54	80	0.6750000
NODE_10431_length_847_cov_11.784759	480	560	4	16	80	0.2000000
NODE_10431_length_847_cov_11.784759	480	560	6	10	80	0.1250000
NODE_10432_length_847_cov_11.604278	407	487	4	29	80	0.3625000
NODE_10432_length_847_cov_11.604278	407	487	8	51	80	0.6375000
NODE_10432_length_847_cov_11.604278	460	540	0	28	80	0.3500000
NODE_10432_length_847_cov_11.604278	460	540	4	32	80	0.4000000
NODE_10432_length_847_cov_11.604278	460	540	8	20	80	0.2500000
NODE_10433_length_847_cov_10.221925	395	475	0	31	80	0.3875000
NODE_10433_length_847_cov_10.221925	395	475	2	49	80	0.6125000
NODE_10433_length_847_cov_10.221925	448	528	0	20	80	0.2500000
NODE_10433_length_847_cov_10.221925	448	528	2	60	80	0.7500000
NODE_10434_length_847_cov_4.602941	97	154	30	1	57	0.0175439
NODE_10434_length_847_cov_4.602941	97	154	32	6	57	0.1052632
NODE_10434_length_847_cov_4.602941	97	154	34	3	57	0.0526316
NODE_10434_length_847_cov_4.602941	97	154	36	21	57	0.3684210
NODE_10434_length_847_cov_4.602941	97	154	38	18	57	0.3157895
NODE_10434_length_847_cov_4.602941	97	154	40	8	57	0.1403509
NODE_10434_length_847_cov_4.602941	127	207	0	13	80	0.1625000
NODE_10434_length_847_cov_4.602941	127	207	2	2	80	0.0250000
NODE_10434_length_847_cov_4.602941	127	207	4	2	80	0.0250000
NODE_10434_length_847_cov_4.602941	127	207	10	1	80	0.0125000
NODE_10434_length_847_cov_4.602941	127	207	13	7	80	0.0875000
NODE_10434_length_847_cov_4.602941	127	207	14	7	80	0.0875000
NODE_10434_length_847_cov_4.602941	127	207	16	12	80	0.1500000
NODE_10434_length_847_cov_4.602941	127	207	18	3	80	0.0375000
NODE_10434_length_847_cov_4.602941	127	207	24	2	80	0.0250000
NODE_10434_length_847_cov_4.602941	127	207	26	1	80	0.0125000
NODE_10434_length_847_cov_4.602941	127	207	28	2	80	0.0250000
NODE_10434_length_847_cov_4.602941	127	207	30	2	80	0.0250000
NODE_10434_length_847_cov_4.602941	127	207	32	6	80	0.0750000
NODE_10434_length_847_cov_4.602941	127	207	34	3	80	0.0375000
NODE_10434_length_847_cov_4.602941	127	207	36	7	80	0.0875000
NODE_10434_length_847_cov_4.602941	127	207	38	10	80	0.1250000
NODE_10456_length_846_cov_39.476573	336	416	2	60	80	0.7500000
NODE_10456_length_846_cov_39.476573	336	416	4	20	80	0.2500000
NODE_10456_length_846_cov_39.476573	389	469	2	59	80	0.7375000
NODE_10456_length_846_cov_39.476573	389	469	4	21	80	0.2625000
NODE_10456_length_846_cov_39.476573	465	545	0	30	80	0.3750000
NODE_10456_length_846_cov_39.476573	465	545	2	50	80	0.6250000
NODE_10456_length_846_cov_39.476573	518	598	0	80	80	1.0000000
NODE_10457_length_846_cov_37.297189	312	392	0	40	80	0.5000000
NODE_10457_length_846_cov_37.297189	312	392	2	40	80	0.5000000
NODE_10457_length_846_cov_37.297189	365	445	2	72	80	0.9000000
NODE_10457_length_846_cov_37.297189	365	445	4	8	80	0.1000000
NODE_10458_length_846_cov_32.852744	279	359	0	18	80	0.2250000
NODE_10458_length_846_cov_32.852744	279	359	2	33	80	0.4125000
NODE_10458_length_846_cov_32.852744	279	359	5	29	80	0.3625000
NODE_10458_length_846_cov_32.852744	332	412	3	31	80	0.3875000
NODE_10458_length_846_cov_32.852744	332	412	5	49	80	0.6125000
NODE_10459_length_846_cov_31.717537	290	370	0	49	80	0.6125000
NODE_10459_length_846_cov_31.717537	290	370	2	31	80	0.3875000
NODE_10459_length_846_cov_31.717537	343	423	0	80	80	1.0000000
NODE_10460_length_846_cov_24.380187	350	430	0	62	80	0.7750000
NODE_10460_length_846_cov_24.380187	350	430	2	18	80	0.2250000
NODE_10460_length_846_cov_24.380187	403	483	0	80	80	1.0000000
NODE_10461_length_846_cov_16.155288	364	444	0	20	80	0.2500000
NODE_10461_length_846_cov_16.155288	364	444	1	45	80	0.5625000
NODE_10461_length_846_cov_16.155288	364	444	2	15	80	0.1875000
NODE_10461_length_846_cov_16.155288	417	497	1	12	80	0.1500000
NODE_10461_length_846_cov_16.155288	417	497	2	68	80	0.8500000
NODE_10462_length_846_cov_15.917001	398	478	0	27	80	0.3375000
NODE_10462_length_846_cov_15.917001	398	478	2	43	80	0.5375000
NODE_10462_length_846_cov_15.917001	398	478	4	10	80	0.1250000
NODE_10462_length_846_cov_15.917001	451	531	0	80	80	1.0000000
NODE_10463_length_846_cov_15.275770	355	435	0	80	80	1.0000000
NODE_10463_length_846_cov_15.275770	408	488	0	80	80	1.0000000
NODE_10464_length_846_cov_13.618474	216	296	2	15	80	0.1875000
NODE_10464_length_846_cov_13.618474	216	296	4	65	80	0.8125000
NODE_10464_length_846_cov_13.618474	269	349	0	17	80	0.2125000
NODE_10464_length_846_cov_13.618474	269	349	2	51	80	0.6375000
NODE_10464_length_846_cov_13.618474	269	349	4	12	80	0.1500000
NODE_10464_length_846_cov_13.618474	345	425	0	6	80	0.0750000
NODE_10464_length_846_cov_13.618474	345	425	2	74	80	0.9250000
NODE_10464_length_846_cov_13.618474	398	478	0	31	80	0.3875000
NODE_10464_length_846_cov_13.618474	398	478	2	49	80	0.6125000
NODE_10465_length_846_cov_12.878179	425	505	0	80	80	1.0000000
NODE_10465_length_846_cov_12.878179	478	558	0	75	80	0.9375000
NODE_10465_length_846_cov_12.878179	478	558	2	5	80	0.0625000
NODE_10467_length_846_cov_7.232932	407	487	0	80	80	1.0000000
NODE_10467_length_846_cov_7.232932	460	540	0	80	80	1.0000000
NODE_10468_length_846_cov_6.776439	320	400	0	80	80	1.0000000
NODE_10468_length_846_cov_6.776439	373	453	0	80	80	1.0000000
NODE_10472_length_846_cov_3.025435	190	270	0	47	80	0.5875000
NODE_10472_length_846_cov_3.025435	190	270	2	33	80	0.4125000
NODE_10472_length_846_cov_3.025435	243	323	0	80	80	1.0000000
NODE_10488_length_845_cov_34.458445	213	293	0	35	80	0.4375000
NODE_10488_length_845_cov_34.458445	213	293	6	11	80	0.1375000
NODE_10488_length_845_cov_34.458445	213	293	8	18	80	0.2250000
NODE_10488_length_845_cov_34.458445	213	293	14	16	80	0.2000000
NODE_10488_length_845_cov_34.458445	266	346	8	11	80	0.1375000
NODE_10488_length_845_cov_34.458445	266	346	12	18	80	0.2250000
NODE_10488_length_845_cov_34.458445	266	346	14	51	80	0.6375000
NODE_10489_length_845_cov_33.025469	309	389	2	31	80	0.3875000
NODE_10489_length_845_cov_33.025469	309	389	4	49	80	0.6125000
NODE_10489_length_845_cov_33.025469	362	442	0	47	80	0.5875000
NODE_10489_length_845_cov_33.025469	362	442	2	28	80	0.3500000
NODE_10489_length_845_cov_33.025469	362	442	4	5	80	0.0625000
NODE_10490_length_845_cov_30.331099	288	368	0	9	80	0.1125000
NODE_10490_length_845_cov_30.331099	288	368	2	71	80	0.8875000
NODE_10490_length_845_cov_30.331099	341	421	0	29	80	0.3625000
NODE_10490_length_845_cov_30.331099	341	421	2	51	80	0.6375000
NODE_10491_length_845_cov_22.042895	455	535	2	40	80	0.5000000
NODE_10491_length_845_cov_22.042895	455	535	4	40	80	0.5000000
NODE_10491_length_845_cov_22.042895	508	588	0	19	80	0.2375000
NODE_10491_length_845_cov_22.042895	508	588	2	61	80	0.7625000
NODE_10492_length_845_cov_20.662198	325	406	0	36	81	0.4444444
NODE_10492_length_845_cov_20.662198	325	406	3	8	81	0.0987654
NODE_10492_length_845_cov_20.662198	325	406	4	5	81	0.0617284
NODE_10492_length_845_cov_20.662198	325	406	8	3	81	0.0370370
NODE_10492_length_845_cov_20.662198	325	406	9	8	81	0.0987654
NODE_10492_length_845_cov_20.662198	325	406	10	21	81	0.2592593
NODE_10492_length_845_cov_20.662198	379	459	9	6	80	0.0750000
NODE_10492_length_845_cov_20.662198	379	459	10	47	80	0.5875000
NODE_10492_length_845_cov_20.662198	379	459	12	27	80	0.3375000
NODE_10493_length_845_cov_17.214477	352	432	1	11	80	0.1375000
NODE_10493_length_845_cov_17.214477	352	432	2	56	80	0.7000000
NODE_10493_length_845_cov_17.214477	352	432	3	13	80	0.1625000
NODE_10493_length_845_cov_17.214477	405	485	1	11	80	0.1375000
NODE_10493_length_845_cov_17.214477	405	485	2	64	80	0.8000000
NODE_10493_length_845_cov_17.214477	405	485	3	5	80	0.0625000
NODE_10494_length_845_cov_15.805630	409	489	0	80	80	1.0000000
NODE_10494_length_845_cov_15.805630	462	542	0	80	80	1.0000000
NODE_10495_length_845_cov_13.443700	329	409	0	13	80	0.1625000
NODE_10495_length_845_cov_13.443700	329	409	4	31	80	0.3875000
NODE_10495_length_845_cov_13.443700	329	409	5	1	80	0.0125000
NODE_10495_length_845_cov_13.443700	329	409	6	35	80	0.4375000
NODE_10495_length_845_cov_13.443700	382	462	6	31	80	0.3875000
NODE_10495_length_845_cov_13.443700	382	462	8	32	80	0.4000000
NODE_10495_length_845_cov_13.443700	382	462	10	17	80	0.2125000
NODE_10496_length_845_cov_12.301609	334	414	0	25	80	0.3125000
NODE_10496_length_845_cov_12.301609	334	414	2	55	80	0.6875000
NODE_10496_length_845_cov_12.301609	387	467	0	78	80	0.9750000
NODE_10496_length_845_cov_12.301609	387	467	2	2	80	0.0250000
NODE_10497_length_845_cov_11.836461	389	469	0	32	80	0.4000000
NODE_10497_length_845_cov_11.836461	389	469	6	37	80	0.4625000
NODE_10497_length_845_cov_11.836461	389	469	8	11	80	0.1375000
NODE_10497_length_845_cov_11.836461	442	522	6	16	80	0.2000000
NODE_10497_length_845_cov_11.836461	442	522	8	64	80	0.8000000
NODE_10499_length_845_cov_8.140751	439	519	2	62	80	0.7750000
NODE_10499_length_845_cov_8.140751	439	519	4	10	80	0.1250000
NODE_10499_length_845_cov_8.140751	439	519	6	8	80	0.1000000
NODE_10499_length_845_cov_8.140751	492	572	2	9	80	0.1125000
NODE_10499_length_845_cov_8.140751	492	572	4	30	80	0.3750000
NODE_10499_length_845_cov_8.140751	492	572	6	41	80	0.5125000
NODE_10516_length_845_cov_1.680965	447	491	0	4	44	0.0909091
NODE_10516_length_845_cov_1.680965	447	491	2	23	44	0.5227273
NODE_10516_length_845_cov_1.680965	447	491	4	17	44	0.3863636
NODE_10528_length_844_cov_43.778523	313	393	6	33	80	0.4125000
NODE_10528_length_844_cov_43.778523	313	393	10	6	80	0.0750000
NODE_10528_length_844_cov_43.778523	313	393	12	34	80	0.4250000
NODE_10528_length_844_cov_43.778523	313	393	14	7	80	0.0875000
NODE_10528_length_844_cov_43.778523	366	446	0	43	80	0.5375000
NODE_10528_length_844_cov_43.778523	366	446	6	37	80	0.4625000
NODE_10528_length_844_cov_43.778523	442	522	0	11	80	0.1375000
NODE_10528_length_844_cov_43.778523	442	522	6	36	80	0.4500000
NODE_10528_length_844_cov_43.778523	442	522	12	33	80	0.4125000
NODE_10528_length_844_cov_43.778523	495	575	6	20	80	0.2500000
NODE_10528_length_844_cov_43.778523	495	575	12	60	80	0.7500000
NODE_10529_length_844_cov_36.762416	381	461	0	80	80	1.0000000
NODE_10529_length_844_cov_36.762416	434	514	0	80	80	1.0000000
NODE_10529_length_844_cov_36.762416	510	590	0	80	80	1.0000000
NODE_10529_length_844_cov_36.762416	563	644	0	81	81	1.0000000
NODE_10530_length_844_cov_35.765101	424	504	0	2	80	0.0250000
NODE_10530_length_844_cov_35.765101	424	504	2	24	80	0.3000000
NODE_10530_length_844_cov_35.765101	424	504	6	24	80	0.3000000
NODE_10530_length_844_cov_35.765101	424	504	8	30	80	0.3750000
NODE_10530_length_844_cov_35.765101	477	557	0	55	80	0.6875000
NODE_10530_length_844_cov_35.765101	477	557	2	24	80	0.3000000
NODE_10530_length_844_cov_35.765101	477	557	8	1	80	0.0125000
NODE_10531_length_844_cov_18.445638	353	420	4	7	67	0.1044776
NODE_10531_length_844_cov_18.445638	353	420	6	36	67	0.5373135
NODE_10531_length_844_cov_18.445638	353	420	8	24	67	0.3582090
NODE_10531_length_844_cov_18.445638	393	473	6	3	80	0.0375000
NODE_10531_length_844_cov_18.445638	393	473	8	57	80	0.7125000
NODE_10531_length_844_cov_18.445638	393	473	9	4	80	0.0500000
NODE_10531_length_844_cov_18.445638	393	473	10	16	80	0.2000000
NODE_10532_length_844_cov_12.616107	363	443	0	14	80	0.1750000
NODE_10532_length_844_cov_12.616107	363	443	4	66	80	0.8250000
NODE_10532_length_844_cov_12.616107	416	496	0	67	80	0.8375000
NODE_10532_length_844_cov_12.616107	416	496	4	13	80	0.1625000
NODE_10533_length_844_cov_12.092617	171	251	0	80	80	1.0000000
NODE_10533_length_844_cov_12.092617	224	304	0	80	80	1.0000000
NODE_10534_length_844_cov_11.883221	341	421	0	17	80	0.2125000
NODE_10534_length_844_cov_11.883221	341	421	2	63	80	0.7875000
NODE_10534_length_844_cov_11.883221	394	474	0	48	80	0.6000000
NODE_10534_length_844_cov_11.883221	394	474	2	32	80	0.4000000
NODE_10535_length_844_cov_10.571812	390	448	0	1	58	0.0172414
NODE_10535_length_844_cov_10.571812	390	448	2	57	58	0.9827586
NODE_10537_length_844_cov_9.357047	370	450	0	80	80	1.0000000
NODE_10537_length_844_cov_9.357047	423	503	0	80	80	1.0000000
NODE_10538_length_844_cov_8.975839	355	435	0	80	80	1.0000000
NODE_10538_length_844_cov_8.975839	408	488	0	80	80	1.0000000
NODE_10539_length_844_cov_7.347651	357	438	2	53	81	0.6543210
NODE_10539_length_844_cov_7.347651	357	438	4	6	81	0.0740741
NODE_10539_length_844_cov_7.347651	357	438	6	22	81	0.2716049
NODE_10539_length_844_cov_7.347651	410	491	2	14	81	0.1728395
NODE_10539_length_844_cov_7.347651	410	491	6	67	81	0.8271605
NODE_10540_length_844_cov_6.975839	444	524	0	24	80	0.3000000
NODE_10540_length_844_cov_6.975839	444	524	5	11	80	0.1375000
NODE_10540_length_844_cov_6.975839	444	524	8	3	80	0.0375000
NODE_10540_length_844_cov_6.975839	444	524	9	36	80	0.4500000
NODE_10540_length_844_cov_6.975839	444	524	11	6	80	0.0750000
NODE_10540_length_844_cov_6.975839	497	577	9	21	80	0.2625000
NODE_10540_length_844_cov_6.975839	497	577	11	31	80	0.3875000
NODE_10540_length_844_cov_6.975839	497	577	12	28	80	0.3500000
NODE_10567_length_843_cov_48.258065	203	262	230	1	59	0.0169492
NODE_10567_length_843_cov_48.258065	203	262	233	2	59	0.0338983
NODE_10567_length_843_cov_48.258065	203	262	234	1	59	0.0169492
NODE_10567_length_843_cov_48.258065	203	262	239	1	59	0.0169492
NODE_10567_length_843_cov_48.258065	203	262	240	1	59	0.0169492
NODE_10567_length_843_cov_48.258065	203	262	243	3	59	0.0508475
NODE_10567_length_843_cov_48.258065	203	262	244	1	59	0.0169492
NODE_10567_length_843_cov_48.258065	203	262	245	4	59	0.0677966
NODE_10567_length_843_cov_48.258065	203	262	247	2	59	0.0338983
NODE_10567_length_843_cov_48.258065	203	262	248	3	59	0.0508475
NODE_10567_length_843_cov_48.258065	203	262	249	6	59	0.1016949
NODE_10567_length_843_cov_48.258065	203	262	250	4	59	0.0677966
NODE_10567_length_843_cov_48.258065	203	262	251	6	59	0.1016949
NODE_10567_length_843_cov_48.258065	203	262	252	5	59	0.0847458
NODE_10567_length_843_cov_48.258065	203	262	253	5	59	0.0847458
NODE_10567_length_843_cov_48.258065	203	262	254	2	59	0.0338983
NODE_10567_length_843_cov_48.258065	203	262	255	5	59	0.0847458
NODE_10567_length_843_cov_48.258065	203	262	256	2	59	0.0338983
NODE_10567_length_843_cov_48.258065	203	262	257	3	59	0.0508475
NODE_10567_length_843_cov_48.258065	203	262	258	1	59	0.0169492
NODE_10567_length_843_cov_48.258065	203	262	259	1	59	0.0169492
NODE_10568_length_843_cov_31.279570	351	431	2	48	80	0.6000000
NODE_10568_length_843_cov_31.279570	351	431	3	2	80	0.0250000
NODE_10568_length_843_cov_31.279570	351	431	4	7	80	0.0875000
NODE_10568_length_843_cov_31.279570	351	431	5	2	80	0.0250000
NODE_10568_length_843_cov_31.279570	351	431	7	21	80	0.2625000
NODE_10568_length_843_cov_31.279570	404	484	0	39	80	0.4875000
NODE_10568_length_843_cov_31.279570	404	484	2	41	80	0.5125000
NODE_10569_length_843_cov_27.060484	423	503	2	80	80	1.0000000
NODE_10569_length_843_cov_27.060484	476	556	0	2	80	0.0250000
NODE_10569_length_843_cov_27.060484	476	556	1	19	80	0.2375000
NODE_10569_length_843_cov_27.060484	476	556	2	59	80	0.7375000
NODE_10570_length_843_cov_22.725806	334	414	0	27	80	0.3375000
NODE_10570_length_843_cov_22.725806	334	414	8	53	80	0.6625000
NODE_10570_length_843_cov_22.725806	339	396	0	22	57	0.3859649
NODE_10570_length_843_cov_22.725806	339	396	8	35	57	0.6140351
NODE_10570_length_843_cov_22.725806	356	427	0	5	71	0.0704225
NODE_10570_length_843_cov_22.725806	356	427	8	66	71	0.9295775
NODE_10570_length_843_cov_22.725806	387	455	8	68	68	1.0000000
NODE_10570_length_843_cov_22.725806	401	476	8	75	75	1.0000000
NODE_10570_length_843_cov_22.725806	418	486	8	68	68	1.0000000
NODE_10570_length_843_cov_22.725806	449	529	0	31	80	0.3875000
NODE_10570_length_843_cov_22.725806	449	529	8	49	80	0.6125000
NODE_10571_length_843_cov_22.387097	412	492	0	80	80	1.0000000
NODE_10571_length_843_cov_22.387097	465	545	0	80	80	1.0000000
NODE_10572_length_843_cov_16.326613	551	631	2	29	80	0.3625000
NODE_10572_length_843_cov_16.326613	551	631	4	5	80	0.0625000
NODE_10572_length_843_cov_16.326613	551	631	6	46	80	0.5750000
NODE_10572_length_843_cov_16.326613	604	684	0	25	80	0.3125000
NODE_10572_length_843_cov_16.326613	604	684	2	4	80	0.0500000
NODE_10572_length_843_cov_16.326613	604	684	3	1	80	0.0125000
NODE_10572_length_843_cov_16.326613	604	684	4	14	80	0.1750000
NODE_10572_length_843_cov_16.326613	604	684	6	36	80	0.4500000
NODE_10573_length_843_cov_13.478495	381	461	0	69	80	0.8625000
NODE_10573_length_843_cov_13.478495	381	461	1	1	80	0.0125000
NODE_10573_length_843_cov_13.478495	381	461	3	10	80	0.1250000
NODE_10573_length_843_cov_13.478495	434	514	0	16	80	0.2000000
NODE_10573_length_843_cov_13.478495	434	514	1	1	80	0.0125000
NODE_10573_length_843_cov_13.478495	434	514	3	28	80	0.3500000
NODE_10573_length_843_cov_13.478495	434	514	5	8	80	0.1000000
NODE_10573_length_843_cov_13.478495	434	514	6	18	80	0.2250000
NODE_10573_length_843_cov_13.478495	434	514	8	9	80	0.1125000
NODE_10574_length_843_cov_13.150538	448	528	0	80	80	1.0000000
NODE_10574_length_843_cov_13.150538	501	581	0	80	80	1.0000000
NODE_10575_length_843_cov_12.510753	360	440	0	80	80	1.0000000
NODE_10575_length_843_cov_12.510753	413	493	0	36	80	0.4500000
NODE_10575_length_843_cov_12.510753	413	493	2	44	80	0.5500000
NODE_10576_length_843_cov_11.090054	457	537	0	80	80	1.0000000
NODE_10576_length_843_cov_11.090054	510	590	0	80	80	1.0000000
NODE_10577_length_843_cov_7.672043	472	552	0	80	80	1.0000000
NODE_10577_length_843_cov_7.672043	525	605	0	80	80	1.0000000
NODE_10601_length_842_cov_39.518170	390	470	14	1	80	0.0125000
NODE_10601_length_842_cov_39.518170	390	470	15	13	80	0.1625000
NODE_10601_length_842_cov_39.518170	390	470	19	8	80	0.1000000
NODE_10601_length_842_cov_39.518170	390	470	25	58	80	0.7250000
NODE_10601_length_842_cov_39.518170	443	523	1	5	80	0.0625000
NODE_10601_length_842_cov_39.518170	443	523	7	2	80	0.0250000
NODE_10601_length_842_cov_39.518170	443	523	10	1	80	0.0125000
NODE_10601_length_842_cov_39.518170	443	523	11	21	80	0.2625000
NODE_10601_length_842_cov_39.518170	443	523	19	1	80	0.0125000
NODE_10601_length_842_cov_39.518170	443	523	20	13	80	0.1625000
NODE_10601_length_842_cov_39.518170	443	523	22	1	80	0.0125000
NODE_10601_length_842_cov_39.518170	443	523	24	9	80	0.1125000
NODE_10601_length_842_cov_39.518170	443	523	25	27	80	0.3375000
NODE_10602_length_842_cov_21.567968	331	411	0	68	80	0.8500000
NODE_10602_length_842_cov_21.567968	331	411	2	12	80	0.1500000
NODE_10602_length_842_cov_21.567968	384	464	0	15	80	0.1875000
NODE_10602_length_842_cov_21.567968	384	464	2	65	80	0.8125000
NODE_10603_length_842_cov_19.761777	228	308	0	69	80	0.8625000
NODE_10603_length_842_cov_19.761777	228	308	4	10	80	0.1250000
NODE_10603_length_842_cov_19.761777	228	308	10	1	80	0.0125000
NODE_10603_length_842_cov_19.761777	281	361	0	16	80	0.2000000
NODE_10603_length_842_cov_19.761777	281	361	4	10	80	0.1250000
NODE_10603_length_842_cov_19.761777	281	361	10	4	80	0.0500000
NODE_10603_length_842_cov_19.761777	281	361	12	30	80	0.3750000
NODE_10603_length_842_cov_19.761777	281	361	14	20	80	0.2500000
NODE_10605_length_842_cov_8.703903	641	722	0	34	81	0.4197531
NODE_10605_length_842_cov_8.703903	641	722	2	34	81	0.4197531
NODE_10605_length_842_cov_8.703903	641	722	4	13	81	0.1604938
NODE_10608_length_842_cov_5.305518	287	367	0	80	80	1.0000000
NODE_10608_length_842_cov_5.305518	340	420	0	80	80	1.0000000
NODE_10617_length_842_cov_1.751009	35	66	4	31	31	1.0000000
NODE_10622_length_841_cov_23.815364	292	372	0	13	80	0.1625000
NODE_10622_length_841_cov_23.815364	292	372	4	67	80	0.8375000
NODE_10622_length_841_cov_23.815364	345	425	0	46	80	0.5750000
NODE_10622_length_841_cov_23.815364	345	425	4	34	80	0.4250000
NODE_10623_length_841_cov_18.871968	338	418	0	26	80	0.3250000
NODE_10623_length_841_cov_18.871968	338	418	4	54	80	0.6750000
NODE_10623_length_841_cov_18.871968	391	471	0	10	80	0.1250000
NODE_10623_length_841_cov_18.871968	391	471	4	70	80	0.8750000
NODE_10624_length_841_cov_14.663073	345	425	0	80	80	1.0000000
NODE_10624_length_841_cov_14.663073	398	478	0	30	80	0.3750000
NODE_10624_length_841_cov_14.663073	398	478	1	2	80	0.0250000
NODE_10624_length_841_cov_14.663073	398	478	2	48	80	0.6000000
NODE_10625_length_841_cov_14.149596	341	421	0	80	80	1.0000000
NODE_10625_length_841_cov_14.149596	394	474	0	80	80	1.0000000
NODE_10626_length_841_cov_12.452830	240	320	0	6	80	0.0750000
NODE_10626_length_841_cov_12.452830	240	320	1	38	80	0.4750000
NODE_10626_length_841_cov_12.452830	240	320	3	36	80	0.4500000
NODE_10626_length_841_cov_12.452830	293	373	3	80	80	1.0000000
NODE_10628_length_841_cov_9.925876	394	474	0	80	80	1.0000000
NODE_10628_length_841_cov_9.925876	447	527	0	80	80	1.0000000
NODE_10629_length_841_cov_7.407008	317	397	0	80	80	1.0000000
NODE_10629_length_841_cov_7.407008	370	450	0	80	80	1.0000000
NODE_10632_length_841_cov_3.865229	305	356	0	51	51	1.0000000
NODE_10651_length_840_cov_63.726046	461	541	0	53	80	0.6625000
NODE_10651_length_840_cov_63.726046	461	541	2	27	80	0.3375000
NODE_10651_length_840_cov_63.726046	514	594	2	80	80	1.0000000
NODE_10652_length_840_cov_35.874494	486	566	0	60	80	0.7500000
NODE_10652_length_840_cov_35.874494	486	566	2	20	80	0.2500000
NODE_10652_length_840_cov_35.874494	539	619	0	80	80	1.0000000
NODE_10653_length_840_cov_24.499325	224	304	4	40	80	0.5000000
NODE_10653_length_840_cov_24.499325	224	304	10	40	80	0.5000000
NODE_10653_length_840_cov_24.499325	277	357	10	60	80	0.7500000
NODE_10653_length_840_cov_24.499325	277	357	12	5	80	0.0625000
NODE_10653_length_840_cov_24.499325	277	357	14	15	80	0.1875000
NODE_10653_length_840_cov_24.499325	353	433	2	10	80	0.1250000
NODE_10653_length_840_cov_24.499325	353	433	5	26	80	0.3250000
NODE_10653_length_840_cov_24.499325	353	433	6	24	80	0.3000000
NODE_10653_length_840_cov_24.499325	353	433	10	13	80	0.1625000
NODE_10653_length_840_cov_24.499325	353	433	12	7	80	0.0875000
NODE_10653_length_840_cov_24.499325	406	486	0	37	80	0.4625000
NODE_10653_length_840_cov_24.499325	406	486	2	26	80	0.3250000
NODE_10653_length_840_cov_24.499325	406	486	5	17	80	0.2125000
NODE_10654_length_840_cov_23.272605	309	389	0	80	80	1.0000000
NODE_10654_length_840_cov_23.272605	362	442	0	80	80	1.0000000
NODE_10655_length_840_cov_22.221323	293	373	0	80	80	1.0000000
NODE_10655_length_840_cov_22.221323	346	426	0	65	80	0.8125000
NODE_10655_length_840_cov_22.221323	346	426	1	15	80	0.1875000
NODE_10656_length_840_cov_17.026991	348	432	0	84	84	1.0000000
NODE_10656_length_840_cov_17.026991	405	485	0	80	80	1.0000000
NODE_10657_length_840_cov_16.635628	347	427	0	80	80	1.0000000
NODE_10657_length_840_cov_16.635628	400	480	0	80	80	1.0000000
NODE_10658_length_840_cov_12.133603	336	416	2	19	80	0.2375000
NODE_10658_length_840_cov_12.133603	336	416	4	43	80	0.5375000
NODE_10658_length_840_cov_12.133603	336	416	6	18	80	0.2250000
NODE_10658_length_840_cov_12.133603	389	469	0	2	80	0.0250000
NODE_10658_length_840_cov_12.133603	389	469	2	70	80	0.8750000
NODE_10658_length_840_cov_12.133603	389	469	4	8	80	0.1000000
NODE_10659_length_840_cov_12.041835	332	412	2	3	80	0.0375000
NODE_10659_length_840_cov_12.041835	332	412	4	45	80	0.5625000
NODE_10659_length_840_cov_12.041835	332	412	6	32	80	0.4000000
NODE_10659_length_840_cov_12.041835	385	465	2	28	80	0.3500000
NODE_10659_length_840_cov_12.041835	385	465	4	30	80	0.3750000
NODE_10659_length_840_cov_12.041835	385	465	6	22	80	0.2750000
NODE_10660_length_840_cov_10.719298	275	354	0	2	79	0.0253165
NODE_10660_length_840_cov_10.719298	275	354	3	1	79	0.0126582
NODE_10660_length_840_cov_10.719298	275	354	4	14	79	0.1772152
NODE_10660_length_840_cov_10.719298	275	354	10	62	79	0.7848101
NODE_10660_length_840_cov_10.719298	327	407	6	10	80	0.1250000
NODE_10660_length_840_cov_10.719298	327	407	9	1	80	0.0125000
NODE_10660_length_840_cov_10.719298	327	407	10	69	80	0.8625000
NODE_10663_length_840_cov_5.207827	427	507	1	8	80	0.1000000
NODE_10663_length_840_cov_5.207827	427	507	2	72	80	0.9000000
NODE_10663_length_840_cov_5.207827	480	560	2	80	80	1.0000000
NODE_10683_length_839_cov_274.987838	450	530	169	1	80	0.0125000
NODE_10683_length_839_cov_274.987838	450	530	171	1	80	0.0125000
NODE_10683_length_839_cov_274.987838	450	530	172	1	80	0.0125000
NODE_10683_length_839_cov_274.987838	450	530	174	1	80	0.0125000
NODE_10683_length_839_cov_274.987838	450	530	176	2	80	0.0250000
NODE_10683_length_839_cov_274.987838	450	530	184	1	80	0.0125000
NODE_10683_length_839_cov_274.987838	450	530	186	1	80	0.0125000
NODE_10683_length_839_cov_274.987838	450	530	188	1	80	0.0125000
NODE_10683_length_839_cov_274.987838	450	530	190	1	80	0.0125000
NODE_10683_length_839_cov_274.987838	450	530	191	1	80	0.0125000
NODE_10683_length_839_cov_274.987838	450	530	193	1	80	0.0125000
NODE_10683_length_839_cov_274.987838	450	530	195	3	80	0.0375000
NODE_10683_length_839_cov_274.987838	450	530	197	2	80	0.0250000
NODE_10683_length_839_cov_274.987838	450	530	198	1	80	0.0125000
NODE_10683_length_839_cov_274.987838	450	530	199	3	80	0.0375000
NODE_10683_length_839_cov_274.987838	450	530	201	1	80	0.0125000
NODE_10683_length_839_cov_274.987838	450	530	202	1	80	0.0125000
NODE_10683_length_839_cov_274.987838	450	530	203	1	80	0.0125000
NODE_10683_length_839_cov_274.987838	450	530	207	1	80	0.0125000
NODE_10683_length_839_cov_274.987838	450	530	210	1	80	0.0125000
NODE_10683_length_839_cov_274.987838	450	530	215	3	80	0.0375000
NODE_10683_length_839_cov_274.987838	450	530	217	1	80	0.0125000
NODE_10683_length_839_cov_274.987838	450	530	230	1	80	0.0125000
NODE_10683_length_839_cov_274.987838	450	530	231	1	80	0.0125000
NODE_10683_length_839_cov_274.987838	450	530	235	1	80	0.0125000
NODE_10683_length_839_cov_274.987838	450	530	243	1	80	0.0125000
NODE_10683_length_839_cov_274.987838	450	530	244	1	80	0.0125000
NODE_10683_length_839_cov_274.987838	450	530	252	1	80	0.0125000
NODE_10683_length_839_cov_274.987838	450	530	254	1	80	0.0125000
NODE_10683_length_839_cov_274.987838	450	530	260	1	80	0.0125000
NODE_10683_length_839_cov_274.987838	450	530	262	3	80	0.0375000
NODE_10683_length_839_cov_274.987838	450	530	263	1	80	0.0125000
NODE_10683_length_839_cov_274.987838	450	530	264	3	80	0.0375000
NODE_10683_length_839_cov_274.987838	450	530	266	3	80	0.0375000
NODE_10683_length_839_cov_274.987838	450	530	268	1	80	0.0125000
NODE_10683_length_839_cov_274.987838	450	530	278	3	80	0.0375000
NODE_10683_length_839_cov_274.987838	450	530	286	1	80	0.0125000
NODE_10683_length_839_cov_274.987838	450	530	288	1	80	0.0125000
NODE_10683_length_839_cov_274.987838	450	530	292	1	80	0.0125000
NODE_10683_length_839_cov_274.987838	450	530	294	1	80	0.0125000
NODE_10683_length_839_cov_274.987838	450	530	298	1	80	0.0125000
NODE_10683_length_839_cov_274.987838	450	530	300	1	80	0.0125000
NODE_10683_length_839_cov_274.987838	450	530	303	2	80	0.0250000
NODE_10683_length_839_cov_274.987838	450	530	304	1	80	0.0125000
NODE_10683_length_839_cov_274.987838	450	530	305	1	80	0.0125000
NODE_10683_length_839_cov_274.987838	450	530	306	1	80	0.0125000
NODE_10683_length_839_cov_274.987838	450	530	307	8	80	0.1000000
NODE_10683_length_839_cov_274.987838	450	530	308	1	80	0.0125000
NODE_10683_length_839_cov_274.987838	450	530	309	1	80	0.0125000
NODE_10683_length_839_cov_274.987838	450	530	310	1	80	0.0125000
NODE_10683_length_839_cov_274.987838	450	530	311	4	80	0.0500000
NODE_10683_length_839_cov_274.987838	450	530	312	1	80	0.0125000
NODE_10683_length_839_cov_274.987838	450	530	330	1	80	0.0125000
NODE_10683_length_839_cov_274.987838	503	583	251	1	80	0.0125000
NODE_10683_length_839_cov_274.987838	503	583	253	2	80	0.0250000
NODE_10683_length_839_cov_274.987838	503	583	255	1	80	0.0125000
NODE_10683_length_839_cov_274.987838	503	583	259	1	80	0.0125000
NODE_10683_length_839_cov_274.987838	503	583	263	1	80	0.0125000
NODE_10683_length_839_cov_274.987838	503	583	265	2	80	0.0250000
NODE_10683_length_839_cov_274.987838	503	583	271	1	80	0.0125000
NODE_10683_length_839_cov_274.987838	503	583	272	1	80	0.0125000
NODE_10683_length_839_cov_274.987838	503	583	276	1	80	0.0125000
NODE_10683_length_839_cov_274.987838	503	583	280	2	80	0.0250000
NODE_10683_length_839_cov_274.987838	503	583	281	1	80	0.0125000
NODE_10683_length_839_cov_274.987838	503	583	283	1	80	0.0125000
NODE_10683_length_839_cov_274.987838	503	583	288	1	80	0.0125000
NODE_10683_length_839_cov_274.987838	503	583	291	1	80	0.0125000
NODE_10683_length_839_cov_274.987838	503	583	292	1	80	0.0125000
NODE_10683_length_839_cov_274.987838	503	583	294	1	80	0.0125000
NODE_10683_length_839_cov_274.987838	503	583	298	1	80	0.0125000
NODE_10683_length_839_cov_274.987838	503	583	300	1	80	0.0125000
NODE_10683_length_839_cov_274.987838	503	583	303	3	80	0.0375000
NODE_10683_length_839_cov_274.987838	503	583	304	1	80	0.0125000
NODE_10683_length_839_cov_274.987838	503	583	305	1	80	0.0125000
NODE_10683_length_839_cov_274.987838	503	583	306	1	80	0.0125000
NODE_10683_length_839_cov_274.987838	503	583	307	8	80	0.1000000
NODE_10683_length_839_cov_274.987838	503	583	308	1	80	0.0125000
NODE_10683_length_839_cov_274.987838	503	583	309	1	80	0.0125000
NODE_10683_length_839_cov_274.987838	503	583	310	2	80	0.0250000
NODE_10683_length_839_cov_274.987838	503	583	311	4	80	0.0500000
NODE_10683_length_839_cov_274.987838	503	583	312	1	80	0.0125000
NODE_10683_length_839_cov_274.987838	503	583	318	1	80	0.0125000
NODE_10683_length_839_cov_274.987838	503	583	322	3	80	0.0375000
NODE_10683_length_839_cov_274.987838	503	583	324	1	80	0.0125000
NODE_10683_length_839_cov_274.987838	503	583	326	2	80	0.0250000
NODE_10683_length_839_cov_274.987838	503	583	328	3	80	0.0375000
NODE_10683_length_839_cov_274.987838	503	583	330	3	80	0.0375000
NODE_10683_length_839_cov_274.987838	503	583	334	1	80	0.0125000
NODE_10683_length_839_cov_274.987838	503	583	337	2	80	0.0250000
NODE_10683_length_839_cov_274.987838	503	583	338	1	80	0.0125000
NODE_10683_length_839_cov_274.987838	503	583	341	1	80	0.0125000
NODE_10683_length_839_cov_274.987838	503	583	344	4	80	0.0500000
NODE_10683_length_839_cov_274.987838	503	583	347	1	80	0.0125000
NODE_10683_length_839_cov_274.987838	503	583	348	1	80	0.0125000
NODE_10683_length_839_cov_274.987838	503	583	350	4	80	0.0500000
NODE_10683_length_839_cov_274.987838	503	583	354	3	80	0.0375000
NODE_10683_length_839_cov_274.987838	503	583	356	1	80	0.0125000
NODE_10683_length_839_cov_274.987838	503	583	358	1	80	0.0125000
NODE_10683_length_839_cov_274.987838	503	583	359	1	80	0.0125000
NODE_10683_length_839_cov_274.987838	503	583	360	1	80	0.0125000
NODE_10683_length_839_cov_274.987838	503	583	362	1	80	0.0125000
NODE_10684_length_839_cov_24.500000	303	383	2	26	80	0.3250000
NODE_10684_length_839_cov_24.500000	303	383	4	54	80	0.6750000
NODE_10684_length_839_cov_24.500000	356	436	2	79	80	0.9875000
NODE_10684_length_839_cov_24.500000	356	436	4	1	80	0.0125000
NODE_10685_length_839_cov_16.390541	477	557	0	38	80	0.4750000
NODE_10685_length_839_cov_16.390541	477	557	2	42	80	0.5250000
NODE_10685_length_839_cov_16.390541	530	610	2	80	80	1.0000000
NODE_10686_length_839_cov_10.006757	383	463	0	2	80	0.0250000
NODE_10686_length_839_cov_10.006757	383	463	2	78	80	0.9750000
NODE_10686_length_839_cov_10.006757	436	516	0	55	80	0.6875000
NODE_10686_length_839_cov_10.006757	436	516	2	25	80	0.3125000
NODE_10688_length_839_cov_7.612162	308	388	0	80	80	1.0000000
NODE_10688_length_839_cov_7.612162	361	441	0	80	80	1.0000000
NODE_10689_length_839_cov_6.693243	343	423	2	24	80	0.3000000
NODE_10689_length_839_cov_6.693243	343	423	6	56	80	0.7000000
NODE_10706_length_838_cov_39.263870	383	463	0	23	80	0.2875000
NODE_10706_length_838_cov_39.263870	383	463	4	4	80	0.0500000
NODE_10706_length_838_cov_39.263870	383	463	8	53	80	0.6625000
NODE_10706_length_838_cov_39.263870	436	516	2	40	80	0.5000000
NODE_10706_length_838_cov_39.263870	436	516	6	2	80	0.0250000
NODE_10706_length_838_cov_39.263870	436	516	8	29	80	0.3625000
NODE_10706_length_838_cov_39.263870	436	516	10	9	80	0.1125000
NODE_10707_length_838_cov_27.843031	473	553	0	80	80	1.0000000
NODE_10707_length_838_cov_27.843031	526	606	0	80	80	1.0000000
NODE_10708_length_838_cov_27.238160	432	512	0	20	80	0.2500000
NODE_10708_length_838_cov_27.238160	432	512	2	60	80	0.7500000
NODE_10708_length_838_cov_27.238160	485	565	0	5	80	0.0625000
NODE_10708_length_838_cov_27.238160	485	565	2	75	80	0.9375000
NODE_10709_length_838_cov_22.691475	380	460	0	80	80	1.0000000
NODE_10709_length_838_cov_22.691475	433	513	0	80	80	1.0000000
NODE_10710_length_838_cov_16.169147	312	392	0	80	80	1.0000000
NODE_10710_length_838_cov_16.169147	365	445	0	80	80	1.0000000
NODE_10711_length_838_cov_15.753721	328	408	0	25	80	0.3125000
NODE_10711_length_838_cov_15.753721	328	408	2	55	80	0.6875000
NODE_10711_length_838_cov_15.753721	381	461	0	78	80	0.9750000
NODE_10711_length_838_cov_15.753721	381	461	2	2	80	0.0250000
NODE_10712_length_838_cov_15.514208	294	374	0	80	80	1.0000000
NODE_10712_length_838_cov_15.514208	347	427	0	35	80	0.4375000
NODE_10712_length_838_cov_15.514208	347	427	2	45	80	0.5625000
NODE_10713_length_838_cov_7.733424	350	430	0	48	80	0.6000000
NODE_10713_length_838_cov_7.733424	350	430	2	32	80	0.4000000
NODE_10713_length_838_cov_7.733424	403	483	2	80	80	1.0000000
NODE_10716_length_838_cov_4.511502	131	213	0	49	82	0.5975610
NODE_10716_length_838_cov_4.511502	131	213	4	19	82	0.2317073
NODE_10716_length_838_cov_4.511502	131	213	6	14	82	0.1707317
NODE_10716_length_838_cov_4.511502	184	252	0	68	68	1.0000000
NODE_10722_length_838_cov_2.247632	359	405	0	46	46	1.0000000
NODE_10727_length_838_cov_1.843031	732	752	0	20	20	1.0000000
NODE_10740_length_837_cov_32.691057	401	481	4	6	80	0.0750000
NODE_10740_length_837_cov_32.691057	401	481	8	74	80	0.9250000
NODE_10740_length_837_cov_32.691057	454	534	0	12	80	0.1500000
NODE_10740_length_837_cov_32.691057	454	534	4	41	80	0.5125000
NODE_10740_length_837_cov_32.691057	454	534	8	27	80	0.3375000
NODE_10741_length_837_cov_30.995935	399	479	0	80	80	1.0000000
NODE_10741_length_837_cov_30.995935	452	532	0	80	80	1.0000000
NODE_10742_length_837_cov_30.883469	278	358	0	80	80	1.0000000
NODE_10742_length_837_cov_30.883469	331	411	0	51	80	0.6375000
NODE_10742_length_837_cov_30.883469	331	411	2	29	80	0.3625000
NODE_10742_length_837_cov_30.883469	407	487	2	51	80	0.6375000
NODE_10742_length_837_cov_30.883469	407	487	4	29	80	0.3625000
NODE_10742_length_837_cov_30.883469	460	540	2	8	80	0.1000000
NODE_10742_length_837_cov_30.883469	460	540	4	72	80	0.9000000
NODE_10743_length_837_cov_14.573171	205	280	0	46	75	0.6133333
NODE_10743_length_837_cov_14.573171	205	280	1	3	75	0.0400000
NODE_10743_length_837_cov_14.573171	205	280	2	26	75	0.3466667
NODE_10743_length_837_cov_14.573171	258	337	0	79	79	1.0000000
NODE_10743_length_837_cov_14.573171	333	413	0	80	80	1.0000000
NODE_10743_length_837_cov_14.573171	386	466	0	80	80	1.0000000
NODE_10744_length_837_cov_12.582656	226	306	0	80	80	1.0000000
NODE_10744_length_837_cov_12.582656	279	359	0	27	80	0.3375000
NODE_10744_length_837_cov_12.582656	279	359	5	45	80	0.5625000
NODE_10744_length_837_cov_12.582656	279	359	9	8	80	0.1000000
NODE_10745_length_837_cov_6.998645	389	474	0	85	85	1.0000000
NODE_10745_length_837_cov_6.998645	447	527	0	80	80	1.0000000
NODE_10750_length_837_cov_3.119241	373	453	0	80	80	1.0000000
NODE_10750_length_837_cov_3.119241	426	506	0	80	80	1.0000000
NODE_10769_length_836_cov_40.141113	224	304	0	80	80	1.0000000
NODE_10769_length_836_cov_40.141113	277	357	0	33	80	0.4125000
NODE_10769_length_836_cov_40.141113	277	357	2	47	80	0.5875000
NODE_10769_length_836_cov_40.141113	353	433	2	49	80	0.6125000
NODE_10769_length_836_cov_40.141113	353	433	6	29	80	0.3625000
NODE_10769_length_836_cov_40.141113	353	433	7	1	80	0.0125000
NODE_10769_length_836_cov_40.141113	353	433	8	1	80	0.0125000
NODE_10769_length_836_cov_40.141113	406	486	6	80	80	1.0000000
NODE_10770_length_836_cov_27.610583	344	424	0	80	80	1.0000000
NODE_10770_length_836_cov_27.610583	397	477	0	80	80	1.0000000
NODE_10771_length_836_cov_15.719132	295	375	0	80	80	1.0000000
NODE_10771_length_836_cov_15.719132	348	428	0	80	80	1.0000000
NODE_10772_length_836_cov_9.309362	295	375	0	80	80	1.0000000
NODE_10772_length_836_cov_9.309362	348	428	0	80	80	1.0000000
NODE_10773_length_836_cov_6.283582	336	416	0	80	80	1.0000000
NODE_10773_length_836_cov_6.283582	389	469	0	80	80	1.0000000
NODE_10774_length_836_cov_4.979647	371	451	0	80	80	1.0000000
NODE_10774_length_836_cov_4.979647	424	504	0	80	80	1.0000000
NODE_10787_length_835_cov_61.033967	253	333	6	80	80	1.0000000
NODE_10787_length_835_cov_61.033967	306	386	0	50	80	0.6250000
NODE_10787_length_835_cov_61.033967	306	386	6	30	80	0.3750000
NODE_10788_length_835_cov_32.380435	390	470	6	80	80	1.0000000
NODE_10788_length_835_cov_32.380435	443	523	0	41	80	0.5125000
NODE_10788_length_835_cov_32.380435	443	523	6	39	80	0.4875000
NODE_10789_length_835_cov_20.779891	415	495	0	8	80	0.1000000
NODE_10789_length_835_cov_20.779891	415	495	7	6	80	0.0750000
NODE_10789_length_835_cov_20.779891	415	495	8	66	80	0.8250000
NODE_10789_length_835_cov_20.779891	468	548	0	10	80	0.1250000
NODE_10789_length_835_cov_20.779891	468	548	8	70	80	0.8750000
NODE_10808_length_835_cov_1.694293	18	80	2	1	62	0.0161290
NODE_10808_length_835_cov_1.694293	18	80	4	61	62	0.9838710
NODE_10820_length_834_cov_13.689796	213	293	0	80	80	1.0000000
NODE_10820_length_834_cov_13.689796	266	346	0	80	80	1.0000000
NODE_10822_length_834_cov_12.609524	406	486	0	78	80	0.9750000
NODE_10822_length_834_cov_12.609524	406	486	2	2	80	0.0250000
NODE_10822_length_834_cov_12.609524	459	539	0	80	80	1.0000000
NODE_10823_length_834_cov_11.492517	248	328	0	80	80	1.0000000
NODE_10823_length_834_cov_11.492517	301	381	0	80	80	1.0000000
NODE_10824_length_834_cov_9.957823	212	292	0	80	80	1.0000000
NODE_10824_length_834_cov_9.957823	265	345	0	80	80	1.0000000
NODE_10825_length_834_cov_6.448980	482	546	1	8	64	0.1250000
NODE_10825_length_834_cov_6.448980	482	546	2	43	64	0.6718750
NODE_10825_length_834_cov_6.448980	482	546	3	13	64	0.2031250
NODE_10833_length_834_cov_2.658503	589	641	0	52	52	1.0000000
NODE_10846_length_833_cov_57.702997	338	418	0	25	80	0.3125000
NODE_10846_length_833_cov_57.702997	338	418	4	55	80	0.6875000
NODE_10846_length_833_cov_57.702997	391	471	4	29	80	0.3625000
NODE_10846_length_833_cov_57.702997	391	471	6	51	80	0.6375000
NODE_10847_length_833_cov_38.153951	364	444	0	80	80	1.0000000
NODE_10847_length_833_cov_38.153951	417	497	0	80	80	1.0000000
NODE_10848_length_833_cov_34.302452	368	448	2	33	80	0.4125000
NODE_10848_length_833_cov_34.302452	368	448	4	47	80	0.5875000
NODE_10848_length_833_cov_34.302452	421	501	0	12	80	0.1500000
NODE_10848_length_833_cov_34.302452	421	501	2	52	80	0.6500000
NODE_10848_length_833_cov_34.302452	421	501	4	16	80	0.2000000
NODE_10849_length_833_cov_20.452316	311	392	2	81	81	1.0000000
NODE_10849_length_833_cov_20.452316	365	445	0	42	80	0.5250000
NODE_10849_length_833_cov_20.452316	365	445	2	38	80	0.4750000
NODE_10850_length_833_cov_16.643052	238	318	0	80	80	1.0000000
NODE_10851_length_833_cov_16.536785	84	164	0	80	80	1.0000000
NODE_10851_length_833_cov_16.536785	137	217	0	80	80	1.0000000
NODE_10865_length_833_cov_3.089918	467	547	0	22	80	0.2750000
NODE_10865_length_833_cov_3.089918	467	547	2	58	80	0.7250000
NODE_10865_length_833_cov_3.089918	520	600	0	75	80	0.9375000
NODE_10865_length_833_cov_3.089918	520	600	2	5	80	0.0625000
NODE_10891_length_832_cov_35.728513	460	540	0	80	80	1.0000000
NODE_10891_length_832_cov_35.728513	513	593	0	80	80	1.0000000
NODE_10892_length_832_cov_25.450205	292	372	0	80	80	1.0000000
NODE_10892_length_832_cov_25.450205	345	425	0	80	80	1.0000000
NODE_10893_length_832_cov_18.858117	428	508	0	51	80	0.6375000
NODE_10893_length_832_cov_18.858117	428	508	1	1	80	0.0125000
NODE_10893_length_832_cov_18.858117	428	508	2	15	80	0.1875000
NODE_10893_length_832_cov_18.858117	428	508	4	13	80	0.1625000
NODE_10893_length_832_cov_18.858117	481	561	0	16	80	0.2000000
NODE_10893_length_832_cov_18.858117	481	561	2	64	80	0.8000000
NODE_10894_length_832_cov_17.799454	314	394	2	80	80	1.0000000
NODE_10894_length_832_cov_17.799454	367	447	0	4	80	0.0500000
NODE_10894_length_832_cov_17.799454	367	447	2	76	80	0.9500000
NODE_10895_length_832_cov_14.811733	353	433	4	10	80	0.1250000
NODE_10895_length_832_cov_14.811733	353	433	7	1	80	0.0125000
NODE_10895_length_832_cov_14.811733	353	433	8	34	80	0.4250000
NODE_10895_length_832_cov_14.811733	353	433	10	35	80	0.4375000
NODE_10896_length_832_cov_14.770805	259	339	6	17	80	0.2125000
NODE_10896_length_832_cov_14.770805	259	339	8	56	80	0.7000000
NODE_10896_length_832_cov_14.770805	259	339	10	7	80	0.0875000
NODE_10896_length_832_cov_14.770805	312	392	0	41	80	0.5125000
NODE_10896_length_832_cov_14.770805	312	392	4	11	80	0.1375000
NODE_10896_length_832_cov_14.770805	312	392	6	1	80	0.0125000
NODE_10896_length_832_cov_14.770805	312	392	8	27	80	0.3375000
NODE_10897_length_832_cov_8.305593	266	346	0	80	80	1.0000000
NODE_10897_length_832_cov_8.305593	319	399	0	38	80	0.4750000
NODE_10897_length_832_cov_8.305593	319	399	2	42	80	0.5250000
NODE_10918_length_831_cov_18.403005	371	451	2	3	80	0.0375000
NODE_10918_length_831_cov_18.403005	371	451	4	17	80	0.2125000
NODE_10918_length_831_cov_18.403005	371	451	5	37	80	0.4625000
NODE_10918_length_831_cov_18.403005	371	451	6	7	80	0.0875000
NODE_10918_length_831_cov_18.403005	371	451	7	16	80	0.2000000
NODE_10918_length_831_cov_18.403005	424	504	2	56	80	0.7000000
NODE_10918_length_831_cov_18.403005	424	504	4	17	80	0.2125000
NODE_10918_length_831_cov_18.403005	424	504	6	7	80	0.0875000
NODE_10919_length_831_cov_16.017760	357	437	0	80	80	1.0000000
NODE_10919_length_831_cov_16.017760	410	490	0	80	80	1.0000000
NODE_10920_length_831_cov_13.740437	405	485	0	80	80	1.0000000
NODE_10920_length_831_cov_13.740437	458	538	0	80	80	1.0000000
NODE_10921_length_831_cov_9.595628	281	361	0	80	80	1.0000000
NODE_10921_length_831_cov_9.595628	334	414	0	80	80	1.0000000
NODE_10922_length_831_cov_8.199454	433	482	6	49	49	1.0000000
NODE_10923_length_831_cov_7.607923	216	296	0	71	80	0.8875000
NODE_10923_length_831_cov_7.607923	216	296	2	9	80	0.1125000
NODE_10923_length_831_cov_7.607923	269	349	0	18	80	0.2250000
NODE_10923_length_831_cov_7.607923	269	349	2	16	80	0.2000000
NODE_10923_length_831_cov_7.607923	269	349	4	10	80	0.1250000
NODE_10923_length_831_cov_7.607923	269	349	6	36	80	0.4500000
NODE_10924_length_831_cov_6.454918	334	409	0	43	75	0.5733333
NODE_10924_length_831_cov_6.454918	334	409	2	32	75	0.4266667
NODE_10924_length_831_cov_6.454918	382	462	0	13	80	0.1625000
NODE_10924_length_831_cov_6.454918	382	462	2	67	80	0.8375000
NODE_10960_length_830_cov_40.856361	238	318	0	33	80	0.4125000
NODE_10960_length_830_cov_40.856361	238	318	2	18	80	0.2250000
NODE_10960_length_830_cov_40.856361	238	318	4	29	80	0.3625000
NODE_10960_length_830_cov_40.856361	291	371	0	9	80	0.1125000
NODE_10960_length_830_cov_40.856361	291	371	2	71	80	0.8875000
NODE_10961_length_830_cov_32.170999	302	378	0	50	76	0.6578947
NODE_10961_length_830_cov_32.170999	302	378	3	1	76	0.0131579
NODE_10961_length_830_cov_32.170999	302	378	4	15	76	0.1973684
NODE_10961_length_830_cov_32.170999	302	378	8	10	76	0.1315790
NODE_10961_length_830_cov_32.170999	303	383	0	49	80	0.6125000
NODE_10961_length_830_cov_32.170999	303	383	3	1	80	0.0125000
NODE_10961_length_830_cov_32.170999	303	383	4	15	80	0.1875000
NODE_10961_length_830_cov_32.170999	303	383	8	15	80	0.1875000
NODE_10961_length_830_cov_32.170999	356	436	4	12	80	0.1500000
NODE_10961_length_830_cov_32.170999	356	436	8	48	80	0.6000000
NODE_10961_length_830_cov_32.170999	356	436	10	20	80	0.2500000
NODE_10962_length_830_cov_28.041040	393	473	0	33	80	0.4125000
NODE_10962_length_830_cov_28.041040	393	473	4	47	80	0.5875000
NODE_10962_length_830_cov_28.041040	446	526	0	14	80	0.1750000
NODE_10962_length_830_cov_28.041040	446	526	4	66	80	0.8250000
NODE_10963_length_830_cov_20.280438	360	440	0	61	80	0.7625000
NODE_10963_length_830_cov_20.280438	360	440	2	19	80	0.2375000
NODE_10963_length_830_cov_20.280438	413	492	0	8	79	0.1012658
NODE_10963_length_830_cov_20.280438	413	492	2	71	79	0.8987342
NODE_10964_length_830_cov_19.495212	274	354	0	34	80	0.4250000
NODE_10964_length_830_cov_19.495212	274	354	8	46	80	0.5750000
NODE_10964_length_830_cov_19.495212	327	407	8	80	80	1.0000000
NODE_10965_length_830_cov_18.522572	368	448	0	80	80	1.0000000
NODE_10965_length_830_cov_18.522572	421	501	0	80	80	1.0000000
NODE_10966_length_830_cov_13.830369	278	358	0	80	80	1.0000000
NODE_10966_length_830_cov_13.830369	331	411	0	80	80	1.0000000
NODE_10967_length_830_cov_12.459644	201	281	0	80	80	1.0000000
NODE_10967_length_830_cov_12.459644	254	334	0	80	80	1.0000000
NODE_10968_length_830_cov_8.344733	450	530	0	80	80	1.0000000
NODE_10968_length_830_cov_8.344733	503	583	0	80	80	1.0000000
NODE_10969_length_830_cov_8.227086	634	714	0	28	80	0.3500000
NODE_10969_length_830_cov_8.227086	634	714	2	52	80	0.6500000
NODE_10969_length_830_cov_8.227086	687	767	0	28	80	0.3500000
NODE_10969_length_830_cov_8.227086	687	767	2	52	80	0.6500000
NODE_10995_length_829_cov_74.910959	271	351	0	35	80	0.4375000
NODE_10995_length_829_cov_74.910959	271	351	1	45	80	0.5625000
NODE_10995_length_829_cov_74.910959	324	404	1	80	80	1.0000000
NODE_10996_length_829_cov_34.068493	302	382	6	39	80	0.4875000
NODE_10996_length_829_cov_34.068493	302	382	8	41	80	0.5125000
NODE_10996_length_829_cov_34.068493	355	435	0	34	80	0.4250000
NODE_10996_length_829_cov_34.068493	355	435	6	46	80	0.5750000
NODE_10997_length_829_cov_24.027397	441	521	0	27	80	0.3375000
NODE_10997_length_829_cov_24.027397	441	521	2	53	80	0.6625000
NODE_10997_length_829_cov_24.027397	494	574	0	26	80	0.3250000
NODE_10997_length_829_cov_24.027397	494	574	2	54	80	0.6750000
NODE_10998_length_829_cov_21.735616	420	500	0	80	80	1.0000000
NODE_10998_length_829_cov_21.735616	473	553	0	80	80	1.0000000
NODE_10999_length_829_cov_18.446575	407	487	0	80	80	1.0000000
NODE_10999_length_829_cov_18.446575	460	540	0	80	80	1.0000000
NODE_11000_length_829_cov_10.971233	368	448	0	80	80	1.0000000
NODE_11000_length_829_cov_10.971233	421	501	0	80	80	1.0000000
NODE_11001_length_829_cov_10.035616	387	467	0	80	80	1.0000000
NODE_11001_length_829_cov_10.035616	440	520	0	80	80	1.0000000
NODE_11002_length_829_cov_9.906849	326	406	0	80	80	1.0000000
NODE_11002_length_829_cov_9.906849	379	459	0	80	80	1.0000000
NODE_11003_length_829_cov_8.809589	450	530	0	80	80	1.0000000
NODE_11003_length_829_cov_8.809589	503	583	0	80	80	1.0000000
NODE_11006_length_829_cov_4.310959	473	553	0	80	80	1.0000000
NODE_11006_length_829_cov_4.310959	526	606	0	80	80	1.0000000
NODE_11008_length_829_cov_3.079452	507	587	0	80	80	1.0000000
NODE_11008_length_829_cov_3.079452	507	587	0	80	80	1.0000000
NODE_11008_length_829_cov_3.079452	560	640	0	80	80	1.0000000
NODE_11025_length_828_cov_41.116598	436	516	0	41	80	0.5125000
NODE_11025_length_828_cov_41.116598	436	516	2	34	80	0.4250000
NODE_11025_length_828_cov_41.116598	436	516	6	5	80	0.0625000
NODE_11025_length_828_cov_41.116598	489	569	0	22	80	0.2750000
NODE_11025_length_828_cov_41.116598	489	569	6	58	80	0.7250000
NODE_11026_length_828_cov_36.459534	372	452	0	80	80	1.0000000
NODE_11026_length_828_cov_36.459534	425	505	0	80	80	1.0000000
NODE_11027_length_828_cov_33.515775	443	523	0	80	80	1.0000000
NODE_11027_length_828_cov_33.515775	496	576	0	80	80	1.0000000
NODE_11028_length_828_cov_21.123457	380	460	0	20	80	0.2500000
NODE_11028_length_828_cov_21.123457	380	460	2	3	80	0.0375000
NODE_11028_length_828_cov_21.123457	380	460	4	57	80	0.7125000
NODE_11028_length_828_cov_21.123457	433	513	4	80	80	1.0000000
NODE_11029_length_828_cov_17.406036	304	392	0	43	88	0.4886364
NODE_11029_length_828_cov_17.406036	304	392	2	45	88	0.5113636
NODE_11029_length_828_cov_17.406036	369	445	0	76	76	1.0000000
NODE_11030_length_828_cov_14.606310	287	367	0	20	80	0.2500000
NODE_11030_length_828_cov_14.606310	287	367	2	60	80	0.7500000
NODE_11030_length_828_cov_14.606310	340	420	0	73	80	0.9125000
NODE_11030_length_828_cov_14.606310	340	420	2	7	80	0.0875000
NODE_11031_length_828_cov_14.493827	326	406	2	80	80	1.0000000
NODE_11031_length_828_cov_14.493827	379	459	0	26	80	0.3250000
NODE_11031_length_828_cov_14.493827	379	459	1	9	80	0.1125000
NODE_11031_length_828_cov_14.493827	379	459	2	45	80	0.5625000
NODE_11031_length_828_cov_14.493827	455	535	0	80	80	1.0000000
NODE_11031_length_828_cov_14.493827	508	588	0	80	80	1.0000000
NODE_11032_length_828_cov_10.550069	280	360	0	80	80	1.0000000
NODE_11032_length_828_cov_10.550069	333	413	0	80	80	1.0000000
NODE_11033_length_828_cov_9.292181	594	674	0	79	80	0.9875000
NODE_11033_length_828_cov_9.292181	594	674	2	1	80	0.0125000
NODE_11033_length_828_cov_9.292181	647	727	0	80	80	1.0000000
NODE_11034_length_828_cov_8.747599	298	378	2	75	80	0.9375000
NODE_11034_length_828_cov_8.747599	298	378	4	5	80	0.0625000
NODE_11034_length_828_cov_8.747599	351	431	2	26	80	0.3250000
NODE_11034_length_828_cov_8.747599	351	431	4	54	80	0.6750000
NODE_11035_length_828_cov_8.098765	199	279	0	80	80	1.0000000
NODE_11035_length_828_cov_8.098765	252	332	0	66	80	0.8250000
NODE_11035_length_828_cov_8.098765	252	332	2	14	80	0.1750000
NODE_11037_length_828_cov_7.473251	300	380	0	80	80	1.0000000
NODE_11037_length_828_cov_7.473251	353	433	0	80	80	1.0000000
NODE_11039_length_828_cov_5.481481	543	623	0	80	80	1.0000000
NODE_11039_length_828_cov_5.481481	596	676	0	80	80	1.0000000
NODE_11041_length_828_cov_5.069959	259	339	4	17	80	0.2125000
NODE_11041_length_828_cov_5.069959	259	339	6	18	80	0.2250000
NODE_11041_length_828_cov_5.069959	259	339	8	37	80	0.4625000
NODE_11041_length_828_cov_5.069959	259	339	10	8	80	0.1000000
NODE_11066_length_827_cov_34.567308	269	349	0	32	80	0.4000000
NODE_11066_length_827_cov_34.567308	269	349	2	48	80	0.6000000
NODE_11066_length_827_cov_34.567308	322	402	0	12	80	0.1500000
NODE_11066_length_827_cov_34.567308	322	402	2	68	80	0.8500000
NODE_11066_length_827_cov_34.567308	398	478	0	80	80	1.0000000
NODE_11066_length_827_cov_34.567308	451	531	0	43	80	0.5375000
NODE_11066_length_827_cov_34.567308	451	531	1	18	80	0.2250000
NODE_11066_length_827_cov_34.567308	451	531	2	19	80	0.2375000
NODE_11067_length_827_cov_31.538462	320	400	0	7	80	0.0875000
NODE_11067_length_827_cov_31.538462	320	400	6	8	80	0.1000000
NODE_11067_length_827_cov_31.538462	320	400	8	33	80	0.4125000
NODE_11067_length_827_cov_31.538462	320	400	9	8	80	0.1000000
NODE_11067_length_827_cov_31.538462	320	400	11	2	80	0.0250000
NODE_11067_length_827_cov_31.538462	320	400	12	22	80	0.2750000
NODE_11067_length_827_cov_31.538462	373	453	2	5	80	0.0625000
NODE_11067_length_827_cov_31.538462	373	453	4	5	80	0.0625000
NODE_11067_length_827_cov_31.538462	373	453	6	12	80	0.1500000
NODE_11067_length_827_cov_31.538462	373	453	9	3	80	0.0375000
NODE_11067_length_827_cov_31.538462	373	453	11	2	80	0.0250000
NODE_11067_length_827_cov_31.538462	373	453	12	53	80	0.6625000
NODE_11068_length_827_cov_19.548077	464	544	0	33	80	0.4125000
NODE_11068_length_827_cov_19.548077	464	544	2	18	80	0.2250000
NODE_11068_length_827_cov_19.548077	464	544	4	29	80	0.3625000
NODE_11068_length_827_cov_19.548077	517	597	0	80	80	1.0000000
NODE_11069_length_827_cov_17.490385	320	400	0	56	80	0.7000000
NODE_11069_length_827_cov_17.490385	320	400	2	24	80	0.3000000
NODE_11069_length_827_cov_17.490385	373	453	0	80	80	1.0000000
NODE_11070_length_827_cov_15.247253	205	285	0	5	80	0.0625000
NODE_11070_length_827_cov_15.247253	205	285	2	75	80	0.9375000
NODE_11070_length_827_cov_15.247253	258	338	0	58	80	0.7250000
NODE_11070_length_827_cov_15.247253	258	338	2	22	80	0.2750000
NODE_11071_length_827_cov_14.151099	372	452	0	12	80	0.1500000
NODE_11071_length_827_cov_14.151099	372	452	1	26	80	0.3250000
NODE_11071_length_827_cov_14.151099	372	452	4	20	80	0.2500000
NODE_11071_length_827_cov_14.151099	372	452	6	22	80	0.2750000
NODE_11071_length_827_cov_14.151099	425	505	4	5	80	0.0625000
NODE_11071_length_827_cov_14.151099	425	505	6	75	80	0.9375000
NODE_11072_length_827_cov_12.157967	262	342	0	10	80	0.1250000
NODE_11072_length_827_cov_12.157967	262	342	2	19	80	0.2375000
NODE_11072_length_827_cov_12.157967	262	342	3	1	80	0.0125000
NODE_11072_length_827_cov_12.157967	262	342	4	8	80	0.1000000
NODE_11072_length_827_cov_12.157967	262	342	6	42	80	0.5250000
NODE_11072_length_827_cov_12.157967	315	395	0	14	80	0.1750000
NODE_11072_length_827_cov_12.157967	315	395	2	2	80	0.0250000
NODE_11072_length_827_cov_12.157967	315	395	4	37	80	0.4625000
NODE_11072_length_827_cov_12.157967	315	395	6	27	80	0.3375000
NODE_11073_length_827_cov_11.777473	316	396	0	80	80	1.0000000
NODE_11073_length_827_cov_11.777473	369	449	0	80	80	1.0000000
NODE_11074_length_827_cov_11.651099	393	473	0	80	80	1.0000000
NODE_11074_length_827_cov_11.651099	446	526	0	80	80	1.0000000
NODE_11075_length_827_cov_10.711538	286	366	0	37	80	0.4625000
NODE_11075_length_827_cov_10.711538	286	366	2	39	80	0.4875000
NODE_11075_length_827_cov_10.711538	286	366	4	4	80	0.0500000
NODE_11075_length_827_cov_10.711538	339	419	2	24	80	0.3000000
NODE_11075_length_827_cov_10.711538	339	419	4	56	80	0.7000000
NODE_11076_length_827_cov_10.262363	273	353	2	80	80	1.0000000
NODE_11076_length_827_cov_10.262363	326	406	0	40	80	0.5000000
NODE_11076_length_827_cov_10.262363	326	406	2	40	80	0.5000000
NODE_11077_length_827_cov_10.221154	256	336	2	11	80	0.1375000
NODE_11077_length_827_cov_10.221154	256	336	4	11	80	0.1375000
NODE_11077_length_827_cov_10.221154	256	336	6	21	80	0.2625000
NODE_11077_length_827_cov_10.221154	256	336	8	37	80	0.4625000
NODE_11078_length_827_cov_9.576923	359	439	0	34	80	0.4250000
NODE_11078_length_827_cov_9.576923	359	439	2	46	80	0.5750000
NODE_11078_length_827_cov_9.576923	412	492	0	80	80	1.0000000
NODE_11079_length_827_cov_8.780220	361	441	0	40	80	0.5000000
NODE_11079_length_827_cov_8.780220	361	441	2	40	80	0.5000000
NODE_11079_length_827_cov_8.780220	414	494	0	3	80	0.0375000
NODE_11079_length_827_cov_8.780220	414	494	2	77	80	0.9625000
NODE_11093_length_827_cov_1.412088	736	784	0	11	48	0.2291667
NODE_11093_length_827_cov_1.412088	736	784	2	37	48	0.7708333
NODE_11106_length_826_cov_34.026135	211	291	0	80	80	1.0000000
NODE_11106_length_826_cov_34.026135	264	344	0	80	80	1.0000000
NODE_11107_length_826_cov_24.093535	282	362	4	80	80	1.0000000
NODE_11107_length_826_cov_24.093535	335	415	0	46	80	0.5750000
NODE_11107_length_826_cov_24.093535	335	415	4	34	80	0.4250000
NODE_11108_length_826_cov_20.943604	207	287	0	80	80	1.0000000
NODE_11108_length_826_cov_20.943604	260	340	0	80	80	1.0000000
NODE_11109_length_826_cov_20.437414	413	493	0	24	80	0.3000000
NODE_11109_length_826_cov_20.437414	413	493	6	37	80	0.4625000
NODE_11109_length_826_cov_20.437414	413	493	8	19	80	0.2375000
NODE_11109_length_826_cov_20.437414	466	546	2	17	80	0.2125000
NODE_11109_length_826_cov_20.437414	466	546	6	8	80	0.1000000
NODE_11109_length_826_cov_20.437414	466	546	8	55	80	0.6875000
NODE_11110_length_826_cov_20.200825	432	512	0	80	80	1.0000000
NODE_11110_length_826_cov_20.200825	485	565	0	80	80	1.0000000
NODE_11111_length_826_cov_18.489684	345	425	0	36	80	0.4500000
NODE_11111_length_826_cov_18.489684	345	425	4	44	80	0.5500000
NODE_11111_length_826_cov_18.489684	398	478	0	7	80	0.0875000
NODE_11111_length_826_cov_18.489684	398	478	4	73	80	0.9125000
NODE_11112_length_826_cov_17.998624	336	416	0	80	80	1.0000000
NODE_11112_length_826_cov_17.998624	389	469	0	80	80	1.0000000
NODE_11113_length_826_cov_17.038514	358	438	0	80	80	1.0000000
NODE_11113_length_826_cov_17.038514	411	491	0	80	80	1.0000000
NODE_11114_length_826_cov_16.777166	514	603	0	39	89	0.4382023
NODE_11114_length_826_cov_16.777166	514	603	2	50	89	0.5617977
NODE_11115_length_826_cov_16.177442	361	441	0	13	80	0.1625000
NODE_11115_length_826_cov_16.177442	361	441	2	67	80	0.8375000
NODE_11115_length_826_cov_16.177442	414	494	0	28	80	0.3500000
NODE_11115_length_826_cov_16.177442	414	494	2	52	80	0.6500000
NODE_11116_length_826_cov_15.134801	346	426	0	80	80	1.0000000
NODE_11116_length_826_cov_15.134801	399	479	0	80	80	1.0000000
NODE_11117_length_826_cov_9.943604	320	400	0	6	80	0.0750000
NODE_11117_length_826_cov_9.943604	320	400	2	40	80	0.5000000
NODE_11117_length_826_cov_9.943604	320	400	4	34	80	0.4250000
NODE_11117_length_826_cov_9.943604	373	453	4	80	80	1.0000000
NODE_11120_length_826_cov_4.852820	501	579	0	78	78	1.0000000
NODE_11120_length_826_cov_4.852820	552	632	0	80	80	1.0000000
NODE_11161_length_825_cov_61.804408	382	462	0	49	80	0.6125000
NODE_11161_length_825_cov_61.804408	382	462	2	25	80	0.3125000
NODE_11161_length_825_cov_61.804408	382	462	6	6	80	0.0750000
NODE_11161_length_825_cov_61.804408	435	514	2	21	79	0.2658228
NODE_11161_length_825_cov_61.804408	435	514	6	58	79	0.7341772
NODE_11162_length_825_cov_43.825069	488	568	0	33	80	0.4125000
NODE_11162_length_825_cov_43.825069	488	568	2	47	80	0.5875000
NODE_11162_length_825_cov_43.825069	541	621	0	80	80	1.0000000
NODE_11162_length_825_cov_43.825069	617	697	0	51	80	0.6375000
NODE_11162_length_825_cov_43.825069	617	697	2	29	80	0.3625000
NODE_11162_length_825_cov_43.825069	670	750	0	8	80	0.1000000
NODE_11162_length_825_cov_43.825069	670	750	2	72	80	0.9000000
NODE_11163_length_825_cov_43.389807	496	576	0	12	80	0.1500000
NODE_11163_length_825_cov_43.389807	496	576	2	58	80	0.7250000
NODE_11163_length_825_cov_43.389807	496	576	4	10	80	0.1250000
NODE_11163_length_825_cov_43.389807	549	629	0	12	80	0.1500000
NODE_11163_length_825_cov_43.389807	549	629	2	68	80	0.8500000
NODE_11164_length_825_cov_39.603306	386	466	8	23	80	0.2875000
NODE_11164_length_825_cov_39.603306	386	466	10	3	80	0.0375000
NODE_11164_length_825_cov_39.603306	386	466	11	5	80	0.0625000
NODE_11164_length_825_cov_39.603306	386	466	13	19	80	0.2375000
NODE_11164_length_825_cov_39.603306	386	466	14	30	80	0.3750000
NODE_11164_length_825_cov_39.603306	439	519	2	19	80	0.2375000
NODE_11164_length_825_cov_39.603306	439	519	8	48	80	0.6000000
NODE_11164_length_825_cov_39.603306	439	519	10	3	80	0.0375000
NODE_11164_length_825_cov_39.603306	439	519	13	10	80	0.1250000
NODE_11165_length_825_cov_32.205234	354	434	2	8	80	0.1000000
NODE_11165_length_825_cov_32.205234	354	434	6	72	80	0.9000000
NODE_11165_length_825_cov_32.205234	407	487	0	48	80	0.6000000
NODE_11165_length_825_cov_32.205234	407	487	2	13	80	0.1625000
NODE_11165_length_825_cov_32.205234	407	487	6	19	80	0.2375000
NODE_11166_length_825_cov_29.411846	503	583	2	9	80	0.1125000
NODE_11166_length_825_cov_29.411846	503	583	6	71	80	0.8875000
NODE_11166_length_825_cov_29.411846	556	636	0	40	80	0.5000000
NODE_11166_length_825_cov_29.411846	556	636	4	10	80	0.1250000
NODE_11166_length_825_cov_29.411846	556	636	6	30	80	0.3750000
NODE_11167_length_825_cov_22.428375	312	392	0	1	80	0.0125000
NODE_11167_length_825_cov_22.428375	312	392	2	72	80	0.9000000
NODE_11167_length_825_cov_22.428375	312	392	4	7	80	0.0875000
NODE_11167_length_825_cov_22.428375	365	445	2	68	80	0.8500000
NODE_11167_length_825_cov_22.428375	365	445	4	12	80	0.1500000
NODE_11167_length_825_cov_22.428375	441	521	2	29	80	0.3625000
NODE_11167_length_825_cov_22.428375	441	521	4	30	80	0.3750000
NODE_11167_length_825_cov_22.428375	441	521	6	21	80	0.2625000
NODE_11167_length_825_cov_22.428375	494	574	4	80	80	1.0000000
NODE_11168_length_825_cov_19.964187	249	329	0	80	80	1.0000000
NODE_11168_length_825_cov_19.964187	302	382	0	80	80	1.0000000
NODE_11169_length_825_cov_13.790634	273	353	0	80	80	1.0000000
NODE_11169_length_825_cov_13.790634	326	406	0	80	80	1.0000000
NODE_11170_length_825_cov_11.834711	331	411	2	80	80	1.0000000
NODE_11170_length_825_cov_11.834711	384	464	0	44	80	0.5500000
NODE_11170_length_825_cov_11.834711	384	464	2	36	80	0.4500000
NODE_11171_length_825_cov_11.477961	392	472	0	9	80	0.1125000
NODE_11171_length_825_cov_11.477961	392	472	3	4	80	0.0500000
NODE_11171_length_825_cov_11.477961	392	472	7	1	80	0.0125000
NODE_11171_length_825_cov_11.477961	392	472	9	5	80	0.0625000
NODE_11171_length_825_cov_11.477961	392	472	11	1	80	0.0125000
NODE_11171_length_825_cov_11.477961	392	472	12	60	80	0.7500000
NODE_11172_length_825_cov_8.947658	259	339	0	80	80	1.0000000
NODE_11172_length_825_cov_8.947658	312	392	0	80	80	1.0000000
NODE_11173_length_825_cov_7.811295	379	459	0	80	80	1.0000000
NODE_11173_length_825_cov_7.811295	432	512	0	80	80	1.0000000
NODE_11174_length_825_cov_7.104683	464	544	0	16	80	0.2000000
NODE_11174_length_825_cov_7.104683	464	544	2	64	80	0.8000000
NODE_11174_length_825_cov_7.104683	517	597	0	46	80	0.5750000
NODE_11174_length_825_cov_7.104683	517	597	2	34	80	0.4250000
NODE_11176_length_825_cov_6.252066	542	622	0	31	80	0.3875000
NODE_11176_length_825_cov_6.252066	542	622	2	49	80	0.6125000
NODE_11176_length_825_cov_6.252066	595	675	0	4	80	0.0500000
NODE_11176_length_825_cov_6.252066	595	675	2	76	80	0.9500000
NODE_11178_length_825_cov_5.230028	264	344	0	80	80	1.0000000
NODE_11178_length_825_cov_5.230028	317	372	0	55	55	1.0000000
NODE_11178_length_825_cov_5.230028	383	463	0	80	80	1.0000000
NODE_11178_length_825_cov_5.230028	436	516	0	33	80	0.4125000
NODE_11178_length_825_cov_5.230028	436	516	2	47	80	0.5875000
NODE_11205_length_825_cov_0.765840	0	50	0	50	50	1.0000000
NODE_11207_length_824_cov_27.074483	337	412	0	75	75	1.0000000
NODE_11207_length_824_cov_27.074483	390	470	0	80	80	1.0000000
NODE_11208_length_824_cov_23.936552	365	445	3	3	80	0.0375000
NODE_11208_length_824_cov_23.936552	365	445	4	77	80	0.9625000
NODE_11208_length_824_cov_23.936552	418	493	0	48	75	0.6400000
NODE_11208_length_824_cov_23.936552	418	493	4	27	75	0.3600000
NODE_11209_length_824_cov_22.129655	377	457	0	23	80	0.2875000
NODE_11209_length_824_cov_22.129655	377	457	4	57	80	0.7125000
NODE_11209_length_824_cov_22.129655	430	510	0	76	80	0.9500000
NODE_11209_length_824_cov_22.129655	430	510	4	4	80	0.0500000
NODE_11210_length_824_cov_17.914483	387	467	0	20	80	0.2500000
NODE_11210_length_824_cov_17.914483	387	467	2	60	80	0.7500000
NODE_11210_length_824_cov_17.914483	440	520	0	13	80	0.1625000
NODE_11210_length_824_cov_17.914483	440	520	2	67	80	0.8375000
NODE_11211_length_824_cov_16.662069	362	442	4	46	80	0.5750000
NODE_11211_length_824_cov_16.662069	362	442	6	34	80	0.4250000
NODE_11211_length_824_cov_16.662069	415	495	0	37	80	0.4625000
NODE_11211_length_824_cov_16.662069	415	495	4	43	80	0.5375000
NODE_11212_length_824_cov_16.306207	352	432	2	20	80	0.2500000
NODE_11212_length_824_cov_16.306207	352	432	4	60	80	0.7500000
NODE_11212_length_824_cov_16.306207	405	485	0	49	80	0.6125000
NODE_11212_length_824_cov_16.306207	405	485	2	24	80	0.3000000
NODE_11212_length_824_cov_16.306207	405	485	4	7	80	0.0875000
NODE_11213_length_824_cov_15.891034	342	422	2	13	80	0.1625000
NODE_11213_length_824_cov_15.891034	342	422	4	67	80	0.8375000
NODE_11213_length_824_cov_15.891034	395	475	0	8	80	0.1000000
NODE_11213_length_824_cov_15.891034	395	475	1	6	80	0.0750000
NODE_11213_length_824_cov_15.891034	395	475	2	24	80	0.3000000
NODE_11213_length_824_cov_15.891034	395	475	4	42	80	0.5250000
NODE_11214_length_824_cov_12.485517	280	360	0	41	80	0.5125000
NODE_11214_length_824_cov_12.485517	280	360	2	39	80	0.4875000
NODE_11214_length_824_cov_12.485517	333	413	2	39	80	0.4875000
NODE_11214_length_824_cov_12.485517	333	413	6	41	80	0.5125000
NODE_11216_length_824_cov_5.924138	269	349	0	80	80	1.0000000
NODE_11216_length_824_cov_5.924138	322	402	0	80	80	1.0000000
NODE_11222_length_824_cov_3.849655	191	271	0	80	80	1.0000000
NODE_11251_length_823_cov_75.169890	207	287	2	80	80	1.0000000
NODE_11251_length_823_cov_75.169890	260	340	2	32	80	0.4000000
NODE_11251_length_823_cov_75.169890	260	340	4	9	80	0.1125000
NODE_11251_length_823_cov_75.169890	260	340	6	39	80	0.4875000
NODE_11251_length_823_cov_75.169890	336	416	6	68	80	0.8500000
NODE_11251_length_823_cov_75.169890	336	416	8	8	80	0.1000000
NODE_11251_length_823_cov_75.169890	336	416	10	4	80	0.0500000
NODE_11251_length_823_cov_75.169890	389	469	0	12	80	0.1500000
NODE_11251_length_823_cov_75.169890	389	469	2	13	80	0.1625000
NODE_11251_length_823_cov_75.169890	389	469	6	51	80	0.6375000
NODE_11251_length_823_cov_75.169890	389	469	8	4	80	0.0500000
NODE_11253_length_823_cov_37.738950	332	412	2	23	80	0.2875000
NODE_11253_length_823_cov_37.738950	332	412	4	28	80	0.3500000
NODE_11253_length_823_cov_37.738950	332	412	6	29	80	0.3625000
NODE_11253_length_823_cov_37.738950	385	466	0	36	81	0.4444444
NODE_11253_length_823_cov_37.738950	385	466	4	45	81	0.5555556
NODE_11254_length_823_cov_29.349448	400	480	0	80	80	1.0000000
NODE_11254_length_823_cov_29.349448	453	533	0	80	80	1.0000000
NODE_11255_length_823_cov_25.730663	338	418	0	80	80	1.0000000
NODE_11255_length_823_cov_25.730663	391	471	0	80	80	1.0000000
NODE_11256_length_823_cov_24.599448	349	429	2	45	80	0.5625000
NODE_11256_length_823_cov_24.599448	349	429	4	35	80	0.4375000
NODE_11256_length_823_cov_24.599448	402	482	2	12	80	0.1500000
NODE_11256_length_823_cov_24.599448	402	482	4	68	80	0.8500000
NODE_11257_length_823_cov_22.149171	356	436	0	53	80	0.6625000
NODE_11257_length_823_cov_22.149171	356	436	2	27	80	0.3375000
NODE_11257_length_823_cov_22.149171	409	489	0	80	80	1.0000000
NODE_11257_length_823_cov_22.149171	485	565	0	80	80	1.0000000
NODE_11257_length_823_cov_22.149171	538	618	0	79	80	0.9875000
NODE_11257_length_823_cov_22.149171	538	618	2	1	80	0.0125000
NODE_11258_length_823_cov_20.892265	329	409	0	80	80	1.0000000
NODE_11258_length_823_cov_20.892265	382	462	0	80	80	1.0000000
NODE_11259_length_823_cov_19.281768	305	385	2	80	80	1.0000000
NODE_11259_length_823_cov_19.281768	358	438	0	36	80	0.4500000
NODE_11259_length_823_cov_19.281768	358	438	2	44	80	0.5500000
NODE_11260_length_823_cov_15.738950	409	489	0	80	80	1.0000000
NODE_11260_length_823_cov_15.738950	462	542	0	80	80	1.0000000
NODE_11261_length_823_cov_10.729282	362	437	0	25	75	0.3333333
NODE_11261_length_823_cov_10.729282	362	437	8	50	75	0.6666667
NODE_11261_length_823_cov_10.729282	410	484	8	74	74	1.0000000
NODE_11262_length_823_cov_9.110497	394	474	0	6	80	0.0750000
NODE_11262_length_823_cov_9.110497	394	474	4	74	80	0.9250000
NODE_11262_length_823_cov_9.110497	447	527	0	59	80	0.7375000
NODE_11262_length_823_cov_9.110497	447	527	4	21	80	0.2625000
NODE_11265_length_823_cov_5.511050	168	248	14	11	80	0.1375000
NODE_11265_length_823_cov_5.511050	168	248	21	1	80	0.0125000
NODE_11265_length_823_cov_5.511050	168	248	22	52	80	0.6500000
NODE_11265_length_823_cov_5.511050	168	248	26	5	80	0.0625000
NODE_11265_length_823_cov_5.511050	168	248	27	8	80	0.1000000
NODE_11265_length_823_cov_5.511050	168	248	28	3	80	0.0375000
NODE_11265_length_823_cov_5.511050	434	485	0	51	51	1.0000000
NODE_11292_length_823_cov_0.968232	86	154	0	2	68	0.0294118
NODE_11292_length_823_cov_0.968232	86	154	2	5	68	0.0735294
NODE_11292_length_823_cov_0.968232	86	154	4	3	68	0.0441176
NODE_11292_length_823_cov_0.968232	86	154	7	2	68	0.0294118
NODE_11292_length_823_cov_0.968232	86	154	8	5	68	0.0735294
NODE_11292_length_823_cov_0.968232	86	154	10	8	68	0.1176471
NODE_11292_length_823_cov_0.968232	86	154	12	27	68	0.3970588
NODE_11292_length_823_cov_0.968232	86	154	14	16	68	0.2352941
NODE_11298_length_822_cov_25.423237	377	459	0	82	82	1.0000000
NODE_11298_length_822_cov_25.423237	432	512	0	80	80	1.0000000
NODE_11299_length_822_cov_16.381743	394	474	0	10	80	0.1250000
NODE_11299_length_822_cov_16.381743	394	474	2	70	80	0.8750000
NODE_11299_length_822_cov_16.381743	447	527	0	63	80	0.7875000
NODE_11299_length_822_cov_16.381743	447	527	2	17	80	0.2125000
NODE_11300_length_822_cov_12.426003	223	296	3	34	73	0.4657534
NODE_11300_length_822_cov_12.426003	223	296	6	39	73	0.5342466
NODE_11300_length_822_cov_12.426003	278	349	0	45	71	0.6338028
NODE_11300_length_822_cov_12.426003	278	349	3	26	71	0.3661972
NODE_11301_length_822_cov_10.608575	464	544	11	52	80	0.6500000
NODE_11301_length_822_cov_10.608575	464	544	12	28	80	0.3500000
NODE_11301_length_822_cov_10.608575	517	597	0	23	80	0.2875000
NODE_11301_length_822_cov_10.608575	517	597	8	14	80	0.1750000
NODE_11301_length_822_cov_10.608575	517	597	11	43	80	0.5375000
NODE_11302_length_822_cov_9.496542	363	443	0	80	80	1.0000000
NODE_11302_length_822_cov_9.496542	416	496	0	80	80	1.0000000
NODE_11333_length_821_cov_39.818560	341	420	0	79	79	1.0000000
NODE_11333_length_821_cov_39.818560	393	473	0	61	80	0.7625000
NODE_11333_length_821_cov_39.818560	393	473	2	19	80	0.2375000
NODE_11334_length_821_cov_27.721607	299	379	0	78	80	0.9750000
NODE_11334_length_821_cov_27.721607	299	379	2	2	80	0.0250000
NODE_11334_length_821_cov_27.721607	352	432	0	80	80	1.0000000
NODE_11335_length_821_cov_26.252078	386	466	0	11	80	0.1375000
NODE_11335_length_821_cov_26.252078	386	466	2	69	80	0.8625000
NODE_11335_length_821_cov_26.252078	439	519	0	64	80	0.8000000
NODE_11335_length_821_cov_26.252078	439	519	2	16	80	0.2000000
NODE_11336_length_821_cov_19.603878	353	433	0	6	80	0.0750000
NODE_11336_length_821_cov_19.603878	353	433	5	1	80	0.0125000
NODE_11336_length_821_cov_19.603878	353	433	6	1	80	0.0125000
NODE_11336_length_821_cov_19.603878	353	433	7	39	80	0.4875000
NODE_11336_length_821_cov_19.603878	353	433	8	1	80	0.0125000
NODE_11336_length_821_cov_19.603878	353	433	14	32	80	0.4000000
NODE_11336_length_821_cov_19.603878	406	486	14	80	80	1.0000000
NODE_11337_length_821_cov_15.945983	310	390	0	80	80	1.0000000
NODE_11337_length_821_cov_15.945983	363	443	0	80	80	1.0000000
NODE_11339_length_821_cov_8.711911	288	368	0	58	80	0.7250000
NODE_11339_length_821_cov_8.711911	288	368	2	22	80	0.2750000
NODE_11339_length_821_cov_8.711911	341	421	0	80	80	1.0000000
NODE_11349_length_821_cov_3.026316	310	390	0	80	80	1.0000000
NODE_11349_length_821_cov_3.026316	363	443	0	80	80	1.0000000
NODE_11361_length_820_cov_67.292649	328	408	0	60	80	0.7500000
NODE_11361_length_820_cov_67.292649	328	408	2	20	80	0.2500000
NODE_11361_length_820_cov_67.292649	381	461	0	30	80	0.3750000
NODE_11361_length_820_cov_67.292649	381	461	2	50	80	0.6250000
NODE_11362_length_820_cov_26.915395	308	388	2	22	80	0.2750000
NODE_11362_length_820_cov_26.915395	308	388	4	17	80	0.2125000
NODE_11362_length_820_cov_26.915395	308	388	6	9	80	0.1125000
NODE_11362_length_820_cov_26.915395	308	388	8	23	80	0.2875000
NODE_11362_length_820_cov_26.915395	308	388	10	3	80	0.0375000
NODE_11362_length_820_cov_26.915395	308	388	12	6	80	0.0750000
NODE_11363_length_820_cov_25.253814	301	381	0	31	80	0.3875000
NODE_11363_length_820_cov_25.253814	301	381	6	43	80	0.5375000
NODE_11363_length_820_cov_25.253814	301	381	7	6	80	0.0750000
NODE_11363_length_820_cov_25.253814	354	434	4	5	80	0.0625000
NODE_11363_length_820_cov_25.253814	354	434	6	21	80	0.2625000
NODE_11363_length_820_cov_25.253814	354	434	7	8	80	0.1000000
NODE_11363_length_820_cov_25.253814	354	434	8	46	80	0.5750000
NODE_11363_length_820_cov_25.253814	430	510	4	35	80	0.4375000
NODE_11363_length_820_cov_25.253814	430	510	6	11	80	0.1375000
NODE_11363_length_820_cov_25.253814	430	510	7	11	80	0.1375000
NODE_11363_length_820_cov_25.253814	430	510	8	23	80	0.2875000
NODE_11363_length_820_cov_25.253814	483	563	2	21	80	0.2625000
NODE_11363_length_820_cov_25.253814	483	563	4	9	80	0.1125000
NODE_11363_length_820_cov_25.253814	483	563	5	4	80	0.0500000
NODE_11363_length_820_cov_25.253814	483	563	7	8	80	0.1000000
NODE_11363_length_820_cov_25.253814	483	563	8	38	80	0.4750000
NODE_11364_length_820_cov_16.015257	325	405	0	80	80	1.0000000
NODE_11364_length_820_cov_16.015257	378	458	0	80	80	1.0000000
NODE_11365_length_820_cov_14.703190	371	451	0	80	80	1.0000000
NODE_11365_length_820_cov_14.703190	424	504	0	80	80	1.0000000
NODE_11366_length_820_cov_14.527046	249	329	0	54	80	0.6750000
NODE_11366_length_820_cov_14.527046	249	329	2	26	80	0.3250000
NODE_11366_length_820_cov_14.527046	302	382	0	80	80	1.0000000
NODE_11367_length_820_cov_14.284327	286	366	2	67	80	0.8375000
NODE_11367_length_820_cov_14.284327	286	366	6	13	80	0.1625000
NODE_11367_length_820_cov_14.284327	339	419	2	14	80	0.1750000
NODE_11367_length_820_cov_14.284327	339	419	6	60	80	0.7500000
NODE_11367_length_820_cov_14.284327	339	419	7	2	80	0.0250000
NODE_11367_length_820_cov_14.284327	339	419	8	4	80	0.0500000
NODE_11367_length_820_cov_14.284327	619	699	0	80	80	1.0000000
NODE_11368_length_820_cov_13.036061	364	444	0	80	80	1.0000000
NODE_11368_length_820_cov_13.036061	417	497	0	80	80	1.0000000
NODE_11369_length_820_cov_12.830791	313	393	0	15	80	0.1875000
NODE_11369_length_820_cov_12.830791	313	393	2	65	80	0.8125000
NODE_11369_length_820_cov_12.830791	366	446	0	15	80	0.1875000
NODE_11369_length_820_cov_12.830791	366	446	2	65	80	0.8125000
NODE_11370_length_820_cov_12.768377	366	443	0	32	77	0.4155844
NODE_11370_length_820_cov_12.768377	366	443	4	2	77	0.0259740
NODE_11370_length_820_cov_12.768377	366	443	6	15	77	0.1948052
NODE_11370_length_820_cov_12.768377	366	443	12	28	77	0.3636364
NODE_11370_length_820_cov_12.768377	496	525	2	8	29	0.2758621
NODE_11370_length_820_cov_12.768377	496	525	6	18	29	0.6206896
NODE_11370_length_820_cov_12.768377	496	525	8	3	29	0.1034483
NODE_11371_length_820_cov_12.223301	452	519	0	67	67	1.0000000
NODE_11371_length_820_cov_12.223301	492	572	0	51	80	0.6375000
NODE_11371_length_820_cov_12.223301	492	572	2	29	80	0.3625000
NODE_11396_length_819_cov_43.027778	403	483	0	69	80	0.8625000
NODE_11396_length_819_cov_43.027778	403	483	6	11	80	0.1375000
NODE_11396_length_819_cov_43.027778	456	536	0	16	80	0.2000000
NODE_11396_length_819_cov_43.027778	456	536	5	7	80	0.0875000
NODE_11396_length_819_cov_43.027778	456	536	6	57	80	0.7125000
NODE_11396_length_819_cov_43.027778	532	612	0	35	80	0.4375000
NODE_11396_length_819_cov_43.027778	532	612	5	45	80	0.5625000
NODE_11396_length_819_cov_43.027778	585	665	0	80	80	1.0000000
NODE_11397_length_819_cov_42.758333	391	471	27	11	80	0.1375000
NODE_11397_length_819_cov_42.758333	391	471	31	50	80	0.6250000
NODE_11397_length_819_cov_42.758333	391	471	32	19	80	0.2375000
NODE_11397_length_819_cov_42.758333	444	524	0	12	80	0.1500000
NODE_11397_length_819_cov_42.758333	444	524	15	3	80	0.0375000
NODE_11397_length_819_cov_42.758333	444	524	16	15	80	0.1875000
NODE_11397_length_819_cov_42.758333	444	524	20	4	80	0.0500000
NODE_11397_length_819_cov_42.758333	444	524	31	8	80	0.1000000
NODE_11397_length_819_cov_42.758333	444	524	32	38	80	0.4750000
NODE_11398_length_819_cov_41.341667	86	166	0	80	80	1.0000000
NODE_11398_length_819_cov_41.341667	139	219	0	80	80	1.0000000
NODE_11398_length_819_cov_41.341667	215	295	0	80	80	1.0000000
NODE_11398_length_819_cov_41.341667	268	348	0	80	80	1.0000000
NODE_11399_length_819_cov_23.656944	335	415	0	80	80	1.0000000
NODE_11399_length_819_cov_23.656944	388	468	0	80	80	1.0000000
NODE_11400_length_819_cov_20.633333	475	555	0	80	80	1.0000000
NODE_11400_length_819_cov_20.633333	528	608	0	80	80	1.0000000
NODE_11401_length_819_cov_18.941667	307	387	0	80	80	1.0000000
NODE_11401_length_819_cov_18.941667	360	440	0	80	80	1.0000000
NODE_11401_length_819_cov_18.941667	436	516	0	80	80	1.0000000
NODE_11401_length_819_cov_18.941667	489	569	0	80	80	1.0000000
NODE_11402_length_819_cov_12.225000	431	511	0	80	80	1.0000000
NODE_11402_length_819_cov_12.225000	484	564	0	80	80	1.0000000
NODE_11403_length_819_cov_11.562500	273	353	0	64	80	0.8000000
NODE_11403_length_819_cov_11.562500	273	353	6	16	80	0.2000000
NODE_11403_length_819_cov_11.562500	326	406	0	11	80	0.1375000
NODE_11403_length_819_cov_11.562500	326	406	6	26	80	0.3250000
NODE_11403_length_819_cov_11.562500	326	406	8	43	80	0.5375000
NODE_11404_length_819_cov_8.905556	477	557	0	80	80	1.0000000
NODE_11404_length_819_cov_8.905556	530	610	0	68	80	0.8500000
NODE_11404_length_819_cov_8.905556	530	610	2	12	80	0.1500000
NODE_11405_length_819_cov_5.675000	232	312	0	80	80	1.0000000
NODE_11405_length_819_cov_5.675000	285	365	0	80	80	1.0000000
NODE_11431_length_818_cov_21.979138	342	422	0	27	80	0.3375000
NODE_11431_length_818_cov_21.979138	342	422	2	53	80	0.6625000
NODE_11431_length_818_cov_21.979138	395	475	0	35	80	0.4375000
NODE_11431_length_818_cov_21.979138	395	475	2	45	80	0.5625000
NODE_11432_length_818_cov_15.326843	334	414	4	70	80	0.8750000
NODE_11432_length_818_cov_15.326843	334	414	6	10	80	0.1250000
NODE_11432_length_818_cov_15.326843	387	467	0	34	80	0.4250000
NODE_11432_length_818_cov_15.326843	387	467	2	3	80	0.0375000
NODE_11432_length_818_cov_15.326843	387	467	4	43	80	0.5375000
NODE_11433_length_818_cov_14.880389	392	472	0	61	80	0.7625000
NODE_11433_length_818_cov_14.880389	392	472	13	1	80	0.0125000
NODE_11433_length_818_cov_14.880389	392	472	14	18	80	0.2250000
NODE_11433_length_818_cov_14.880389	445	525	0	8	80	0.1000000
NODE_11433_length_818_cov_14.880389	445	525	13	1	80	0.0125000
NODE_11433_length_818_cov_14.880389	445	525	14	71	80	0.8875000
NODE_11434_length_818_cov_12.369958	390	470	0	80	80	1.0000000
NODE_11434_length_818_cov_12.369958	443	523	0	80	80	1.0000000
NODE_11436_length_818_cov_8.421419	370	450	0	80	80	1.0000000
NODE_11436_length_818_cov_8.421419	423	503	0	80	80	1.0000000
NODE_11437_length_818_cov_6.439499	706	741	4	6	35	0.1714286
NODE_11437_length_818_cov_6.439499	706	741	6	16	35	0.4571429
NODE_11437_length_818_cov_6.439499	706	741	8	12	35	0.3428572
NODE_11437_length_818_cov_6.439499	706	741	10	1	35	0.0285714
NODE_11439_length_818_cov_4.098748	320	390	0	70	70	1.0000000
NODE_11439_length_818_cov_4.098748	416	472	0	2	56	0.0357143
NODE_11439_length_818_cov_4.098748	416	472	1	49	56	0.8750000
NODE_11439_length_818_cov_4.098748	416	472	3	5	56	0.0892857
NODE_11457_length_817_cov_7.238162	494	574	0	80	80	1.0000000
NODE_11457_length_817_cov_7.238162	547	627	0	80	80	1.0000000
NODE_11458_length_817_cov_5.789694	400	480	0	13	80	0.1625000
NODE_11458_length_817_cov_5.789694	400	480	7	3	80	0.0375000
NODE_11458_length_817_cov_5.789694	400	480	8	64	80	0.8000000
NODE_11458_length_817_cov_5.789694	476	555	0	27	79	0.3417721
NODE_11458_length_817_cov_5.789694	476	555	6	1	79	0.0126582
NODE_11458_length_817_cov_5.789694	476	555	7	49	79	0.6202531
NODE_11458_length_817_cov_5.789694	476	555	8	2	79	0.0253165
NODE_11458_length_817_cov_5.789694	528	608	0	80	80	1.0000000
NODE_11462_length_817_cov_4.357939	433	513	0	80	80	1.0000000
NODE_11462_length_817_cov_4.357939	486	566	0	80	80	1.0000000
NODE_11486_length_817_cov_0.692201	626	696	2	6	70	0.0857143
NODE_11486_length_817_cov_0.692201	626	696	3	3	70	0.0428571
NODE_11486_length_817_cov_0.692201	626	696	7	11	70	0.1571429
NODE_11486_length_817_cov_0.692201	626	696	9	3	70	0.0428571
NODE_11486_length_817_cov_0.692201	626	696	10	7	70	0.1000000
NODE_11486_length_817_cov_0.692201	626	696	12	4	70	0.0571429
NODE_11486_length_817_cov_0.692201	626	696	14	33	70	0.4714286
NODE_11486_length_817_cov_0.692201	626	696	16	3	70	0.0428571
NODE_11488_length_816_cov_69.800558	395	475	4	18	80	0.2250000
NODE_11488_length_816_cov_69.800558	395	475	7	13	80	0.1625000
NODE_11488_length_816_cov_69.800558	395	475	8	17	80	0.2125000
NODE_11488_length_816_cov_69.800558	395	475	9	32	80	0.4000000
NODE_11488_length_816_cov_69.800558	448	520	1	3	72	0.0416667
NODE_11488_length_816_cov_69.800558	448	520	3	2	72	0.0277778
NODE_11488_length_816_cov_69.800558	448	520	7	53	72	0.7361111
NODE_11488_length_816_cov_69.800558	448	520	9	14	72	0.1944444
NODE_11489_length_816_cov_19.044630	77	154	0	77	77	1.0000000
NODE_11489_length_816_cov_19.044630	130	212	0	82	82	1.0000000
NODE_11490_length_816_cov_16.418410	381	461	2	26	80	0.3250000
NODE_11490_length_816_cov_16.418410	381	461	3	1	80	0.0125000
NODE_11490_length_816_cov_16.418410	381	461	4	53	80	0.6625000
NODE_11490_length_816_cov_16.418410	434	514	2	60	80	0.7500000
NODE_11490_length_816_cov_16.418410	434	514	3	1	80	0.0125000
NODE_11490_length_816_cov_16.418410	434	514	4	19	80	0.2375000
NODE_11491_length_816_cov_15.945607	319	399	0	5	80	0.0625000
NODE_11491_length_816_cov_15.945607	319	399	2	75	80	0.9375000
NODE_11491_length_816_cov_15.945607	372	452	0	21	80	0.2625000
NODE_11491_length_816_cov_15.945607	372	452	2	59	80	0.7375000
NODE_11492_length_816_cov_12.797768	358	438	6	19	80	0.2375000
NODE_11492_length_816_cov_12.797768	358	438	8	13	80	0.1625000
NODE_11492_length_816_cov_12.797768	358	438	10	48	80	0.6000000
NODE_11492_length_816_cov_12.797768	411	491	4	46	80	0.5750000
NODE_11492_length_816_cov_12.797768	411	491	8	20	80	0.2500000
NODE_11492_length_816_cov_12.797768	411	491	10	14	80	0.1750000
NODE_11493_length_816_cov_12.086471	242	322	0	80	80	1.0000000
NODE_11493_length_816_cov_12.086471	295	375	0	80	80	1.0000000
NODE_11495_length_816_cov_3.873082	412	492	0	10	80	0.1250000
NODE_11495_length_816_cov_3.873082	412	492	2	70	80	0.8750000
NODE_11495_length_816_cov_3.873082	465	545	0	63	80	0.7875000
NODE_11495_length_816_cov_3.873082	465	545	2	17	80	0.2125000
NODE_11516_length_815_cov_48.090782	334	414	0	80	80	1.0000000
NODE_11516_length_815_cov_48.090782	387	467	0	80	80	1.0000000
NODE_11517_length_815_cov_27.748603	290	370	0	80	80	1.0000000
NODE_11517_length_815_cov_27.748603	343	423	0	77	80	0.9625000
NODE_11517_length_815_cov_27.748603	343	423	2	3	80	0.0375000
NODE_11518_length_815_cov_23.748603	429	509	0	80	80	1.0000000
NODE_11518_length_815_cov_23.748603	482	562	0	80	80	1.0000000
NODE_11519_length_815_cov_14.870112	318	398	0	41	80	0.5125000
NODE_11519_length_815_cov_14.870112	318	398	2	19	80	0.2375000
NODE_11519_length_815_cov_14.870112	318	398	4	20	80	0.2500000
NODE_11519_length_815_cov_14.870112	371	451	2	10	80	0.1250000
NODE_11519_length_815_cov_14.870112	371	451	4	70	80	0.8750000
NODE_11520_length_815_cov_13.317039	338	418	4	9	80	0.1125000
NODE_11520_length_815_cov_13.317039	338	418	6	33	80	0.4125000
NODE_11520_length_815_cov_13.317039	338	418	8	38	80	0.4750000
NODE_11520_length_815_cov_13.317039	391	471	2	21	80	0.2625000
NODE_11520_length_815_cov_13.317039	391	471	6	21	80	0.2625000
NODE_11520_length_815_cov_13.317039	391	471	8	38	80	0.4750000
NODE_11521_length_815_cov_12.270950	315	395	0	73	80	0.9125000
NODE_11521_length_815_cov_12.270950	315	395	2	7	80	0.0875000
NODE_11521_length_815_cov_12.270950	368	448	0	30	80	0.3750000
NODE_11521_length_815_cov_12.270950	368	448	4	50	80	0.6250000
NODE_11522_length_815_cov_9.304469	150	230	0	80	80	1.0000000
NODE_11522_length_815_cov_9.304469	203	283	0	80	80	1.0000000
NODE_11524_length_815_cov_8.117318	437	517	0	80	80	1.0000000
NODE_11524_length_815_cov_8.117318	490	570	0	80	80	1.0000000
NODE_11530_length_815_cov_3.963687	275	355	2	17	80	0.2125000
NODE_11530_length_815_cov_3.963687	275	355	4	28	80	0.3500000
NODE_11530_length_815_cov_3.963687	275	355	6	35	80	0.4375000
NODE_11530_length_815_cov_3.963687	328	408	4	80	80	1.0000000
NODE_11532_length_815_cov_2.976257	441	508	0	67	67	1.0000000
NODE_11554_length_814_cov_55.545455	304	384	0	80	80	1.0000000
NODE_11554_length_814_cov_55.545455	357	437	0	80	80	1.0000000
NODE_11554_length_814_cov_55.545455	517	559	2	5	42	0.1190476
NODE_11554_length_814_cov_55.545455	517	559	6	37	42	0.8809524
NODE_11554_length_814_cov_55.545455	724	804	0	4	80	0.0500000
NODE_11554_length_814_cov_55.545455	724	804	2	2	80	0.0250000
NODE_11554_length_814_cov_55.545455	724	804	4	2	80	0.0250000
NODE_11554_length_814_cov_55.545455	724	804	5	2	80	0.0250000
NODE_11554_length_814_cov_55.545455	724	804	7	4	80	0.0500000
NODE_11554_length_814_cov_55.545455	724	804	9	1	80	0.0125000
NODE_11554_length_814_cov_55.545455	724	804	11	1	80	0.0125000
NODE_11554_length_814_cov_55.545455	724	804	18	1	80	0.0125000
NODE_11554_length_814_cov_55.545455	724	804	21	3	80	0.0375000
NODE_11554_length_814_cov_55.545455	724	804	27	2	80	0.0250000
NODE_11554_length_814_cov_55.545455	724	804	28	2	80	0.0250000
NODE_11554_length_814_cov_55.545455	724	804	29	1	80	0.0125000
NODE_11554_length_814_cov_55.545455	724	804	35	2	80	0.0250000
NODE_11554_length_814_cov_55.545455	724	804	37	9	80	0.1125000
NODE_11554_length_814_cov_55.545455	724	804	39	1	80	0.0125000
NODE_11554_length_814_cov_55.545455	724	804	40	43	80	0.5375000
NODE_11555_length_814_cov_32.216783	317	397	0	56	80	0.7000000
NODE_11555_length_814_cov_32.216783	317	397	24	22	80	0.2750000
NODE_11555_length_814_cov_32.216783	317	397	34	2	80	0.0250000
NODE_11555_length_814_cov_32.216783	370	450	0	3	80	0.0375000
NODE_11555_length_814_cov_32.216783	370	450	24	22	80	0.2750000
NODE_11555_length_814_cov_32.216783	370	450	34	55	80	0.6875000
NODE_11556_length_814_cov_19.507692	174	254	0	80	80	1.0000000
NODE_11556_length_814_cov_19.507692	227	307	0	63	80	0.7875000
NODE_11556_length_814_cov_19.507692	227	307	4	17	80	0.2125000
NODE_11556_length_814_cov_19.507692	303	383	4	80	80	1.0000000
NODE_11556_length_814_cov_19.507692	356	436	0	20	80	0.2500000
NODE_11556_length_814_cov_19.507692	356	436	4	60	80	0.7500000
NODE_11557_length_814_cov_18.579021	433	513	0	7	80	0.0875000
NODE_11557_length_814_cov_18.579021	433	513	2	52	80	0.6500000
NODE_11557_length_814_cov_18.579021	433	513	4	21	80	0.2625000
NODE_11557_length_814_cov_18.579021	486	566	2	18	80	0.2250000
NODE_11557_length_814_cov_18.579021	486	566	4	62	80	0.7750000
NODE_11558_length_814_cov_17.183217	339	419	0	13	80	0.1625000
NODE_11558_length_814_cov_17.183217	339	419	6	67	80	0.8375000
NODE_11558_length_814_cov_17.183217	392	472	0	66	80	0.8250000
NODE_11558_length_814_cov_17.183217	392	472	6	14	80	0.1750000
NODE_11559_length_814_cov_15.306294	238	318	0	53	80	0.6625000
NODE_11559_length_814_cov_15.306294	238	318	2	3	80	0.0375000
NODE_11559_length_814_cov_15.306294	238	318	4	4	80	0.0500000
NODE_11559_length_814_cov_15.306294	238	318	8	20	80	0.2500000
NODE_11559_length_814_cov_15.306294	291	371	2	4	80	0.0500000
NODE_11559_length_814_cov_15.306294	291	371	4	4	80	0.0500000
NODE_11559_length_814_cov_15.306294	291	371	5	1	80	0.0125000
NODE_11559_length_814_cov_15.306294	291	371	6	2	80	0.0250000
NODE_11559_length_814_cov_15.306294	291	371	8	69	80	0.8625000
NODE_11560_length_814_cov_11.511888	397	477	0	55	80	0.6875000
NODE_11560_length_814_cov_11.511888	397	477	2	25	80	0.3125000
NODE_11560_length_814_cov_11.511888	459	530	0	71	71	1.0000000
NODE_11561_length_814_cov_10.395804	305	385	0	80	80	1.0000000
NODE_11561_length_814_cov_10.395804	358	438	0	80	80	1.0000000
NODE_11562_length_814_cov_9.692308	347	427	2	22	80	0.2750000
NODE_11562_length_814_cov_9.692308	347	427	6	27	80	0.3375000
NODE_11562_length_814_cov_9.692308	347	427	8	31	80	0.3875000
NODE_11562_length_814_cov_9.692308	400	480	0	46	80	0.5750000
NODE_11562_length_814_cov_9.692308	400	480	2	29	80	0.3625000
NODE_11562_length_814_cov_9.692308	400	480	8	5	80	0.0625000
NODE_11564_length_814_cov_9.274126	245	325	0	80	80	1.0000000
NODE_11564_length_814_cov_9.274126	298	378	0	80	80	1.0000000
NODE_11565_length_814_cov_8.973427	271	351	0	68	80	0.8500000
NODE_11565_length_814_cov_8.973427	271	351	4	12	80	0.1500000
NODE_11565_length_814_cov_8.973427	324	404	0	15	80	0.1875000
NODE_11565_length_814_cov_8.973427	324	404	4	65	80	0.8125000
NODE_11573_length_814_cov_2.145455	273	327	0	54	54	1.0000000
NODE_11573_length_814_cov_2.145455	307	371	0	64	64	1.0000000
NODE_11587_length_813_cov_39.228291	225	305	0	80	80	1.0000000
NODE_11587_length_813_cov_39.228291	278	358	0	80	80	1.0000000
NODE_11588_length_813_cov_36.570028	406	486	6	14	80	0.1750000
NODE_11588_length_813_cov_36.570028	406	486	10	11	80	0.1375000
NODE_11588_length_813_cov_36.570028	406	486	12	40	80	0.5000000
NODE_11588_length_813_cov_36.570028	406	486	14	10	80	0.1250000
NODE_11588_length_813_cov_36.570028	406	486	17	1	80	0.0125000
NODE_11588_length_813_cov_36.570028	406	486	18	4	80	0.0500000
NODE_11588_length_813_cov_36.570028	459	539	2	15	80	0.1875000
NODE_11588_length_813_cov_36.570028	459	539	6	52	80	0.6500000
NODE_11588_length_813_cov_36.570028	459	539	10	11	80	0.1375000
NODE_11588_length_813_cov_36.570028	459	539	12	2	80	0.0250000
NODE_11589_length_813_cov_26.718487	209	289	2	34	80	0.4250000
NODE_11589_length_813_cov_26.718487	209	289	4	6	80	0.0750000
NODE_11589_length_813_cov_26.718487	209	289	5	39	80	0.4875000
NODE_11589_length_813_cov_26.718487	209	289	6	1	80	0.0125000
NODE_11589_length_813_cov_26.718487	262	342	4	59	80	0.7375000
NODE_11589_length_813_cov_26.718487	262	342	5	21	80	0.2625000
NODE_11590_length_813_cov_17.537815	335	415	0	80	80	1.0000000
NODE_11590_length_813_cov_17.537815	388	468	0	80	80	1.0000000
NODE_11591_length_813_cov_14.243697	279	359	0	80	80	1.0000000
NODE_11591_length_813_cov_14.243697	332	412	0	80	80	1.0000000
NODE_11592_length_813_cov_13.984594	307	387	0	80	80	1.0000000
NODE_11592_length_813_cov_13.984594	360	440	0	80	80	1.0000000
NODE_11593_length_813_cov_13.242297	336	416	0	69	80	0.8625000
NODE_11593_length_813_cov_13.242297	336	416	2	11	80	0.1375000
NODE_11593_length_813_cov_13.242297	389	469	0	80	80	1.0000000
NODE_11594_length_813_cov_11.985994	374	454	2	80	80	1.0000000
NODE_11594_length_813_cov_11.985994	427	507	1	33	80	0.4125000
NODE_11594_length_813_cov_11.985994	427	507	2	42	80	0.5250000
NODE_11594_length_813_cov_11.985994	427	507	3	5	80	0.0625000
NODE_11595_length_813_cov_11.668067	279	359	0	80	80	1.0000000
NODE_11595_length_813_cov_11.668067	332	412	0	80	80	1.0000000
NODE_11596_length_813_cov_8.149860	538	618	0	80	80	1.0000000
NODE_11596_length_813_cov_8.149860	591	671	0	80	80	1.0000000
NODE_11597_length_813_cov_7.098039	234	314	0	80	80	1.0000000
NODE_11597_length_813_cov_7.098039	287	367	0	80	80	1.0000000
NODE_11613_length_812_cov_45.183731	435	515	6	53	80	0.6625000
NODE_11613_length_812_cov_45.183731	435	515	8	27	80	0.3375000
NODE_11613_length_812_cov_45.183731	488	568	2	39	80	0.4875000
NODE_11613_length_812_cov_45.183731	488	568	8	41	80	0.5125000
NODE_11614_length_812_cov_23.862553	386	466	0	80	80	1.0000000
NODE_11614_length_812_cov_23.862553	439	519	0	31	80	0.3875000
NODE_11614_length_812_cov_23.862553	439	519	2	49	80	0.6125000
NODE_11615_length_812_cov_23.516129	295	375	0	80	80	1.0000000
NODE_11615_length_812_cov_23.516129	348	428	0	80	80	1.0000000
NODE_11616_length_812_cov_15.577840	509	589	4	80	80	1.0000000
NODE_11616_length_812_cov_15.577840	562	644	0	43	82	0.5243902
NODE_11616_length_812_cov_15.577840	562	644	4	39	82	0.4756097
NODE_11617_length_812_cov_13.277700	257	331	0	74	74	1.0000000
NODE_11617_length_812_cov_13.277700	304	384	0	80	80	1.0000000
NODE_11619_length_812_cov_6.697055	309	389	0	80	80	1.0000000
NODE_11619_length_812_cov_6.697055	362	442	0	80	80	1.0000000
NODE_11642_length_811_cov_65.762640	418	492	21	7	74	0.0945946
NODE_11642_length_811_cov_65.762640	418	492	25	17	74	0.2297297
NODE_11642_length_811_cov_65.762640	418	492	26	26	74	0.3513514
NODE_11642_length_811_cov_65.762640	418	492	27	3	74	0.0405405
NODE_11642_length_811_cov_65.762640	418	492	28	21	74	0.2837838
NODE_11642_length_811_cov_65.762640	471	545	0	4	74	0.0540541
NODE_11642_length_811_cov_65.762640	471	545	2	20	74	0.2702703
NODE_11642_length_811_cov_65.762640	471	545	8	24	74	0.3243243
NODE_11642_length_811_cov_65.762640	471	545	20	1	74	0.0135135
NODE_11642_length_811_cov_65.762640	471	545	21	11	74	0.1486486
NODE_11642_length_811_cov_65.762640	471	545	25	14	74	0.1891892
NODE_11643_length_811_cov_62.933989	457	537	8	15	80	0.1875000
NODE_11643_length_811_cov_62.933989	457	537	9	4	80	0.0500000
NODE_11643_length_811_cov_62.933989	457	537	10	61	80	0.7625000
NODE_11643_length_811_cov_62.933989	510	590	0	23	80	0.2875000
NODE_11643_length_811_cov_62.933989	510	590	1	13	80	0.1625000
NODE_11643_length_811_cov_62.933989	510	590	2	11	80	0.1375000
NODE_11643_length_811_cov_62.933989	510	590	8	21	80	0.2625000
NODE_11643_length_811_cov_62.933989	510	590	10	12	80	0.1500000
NODE_11644_length_811_cov_26.401685	397	477	13	57	80	0.7125000
NODE_11644_length_811_cov_26.401685	397	477	14	23	80	0.2875000
NODE_11644_length_811_cov_26.401685	450	530	1	18	80	0.2250000
NODE_11644_length_811_cov_26.401685	450	530	5	1	80	0.0125000
NODE_11644_length_811_cov_26.401685	450	530	6	6	80	0.0750000
NODE_11644_length_811_cov_26.401685	450	530	11	17	80	0.2125000
NODE_11644_length_811_cov_26.401685	450	530	12	5	80	0.0625000
NODE_11644_length_811_cov_26.401685	450	530	13	9	80	0.1125000
NODE_11644_length_811_cov_26.401685	450	530	14	24	80	0.3000000
NODE_11645_length_811_cov_23.009831	189	269	0	2	80	0.0250000
NODE_11645_length_811_cov_23.009831	189	269	6	78	80	0.9750000
NODE_11645_length_811_cov_23.009831	242	322	0	51	80	0.6375000
NODE_11645_length_811_cov_23.009831	242	322	6	29	80	0.3625000
NODE_11646_length_811_cov_20.523876	375	455	0	1	80	0.0125000
NODE_11646_length_811_cov_20.523876	375	455	1	46	80	0.5750000
NODE_11646_length_811_cov_20.523876	375	455	2	33	80	0.4125000
NODE_11646_length_811_cov_20.523876	428	508	0	54	80	0.6750000
NODE_11646_length_811_cov_20.523876	428	508	1	26	80	0.3250000
NODE_11647_length_811_cov_17.386236	421	501	2	80	80	1.0000000
NODE_11647_length_811_cov_17.386236	474	554	0	47	80	0.5875000
NODE_11647_length_811_cov_17.386236	474	554	2	33	80	0.4125000
NODE_11648_length_811_cov_15.279494	368	448	0	79	80	0.9875000
NODE_11648_length_811_cov_15.279494	368	448	2	1	80	0.0125000
NODE_11648_length_811_cov_15.279494	421	502	0	26	81	0.3209876
NODE_11648_length_811_cov_15.279494	421	502	2	2	81	0.0246914
NODE_11648_length_811_cov_15.279494	421	502	4	53	81	0.6543210
NODE_11649_length_811_cov_14.543539	222	302	0	15	80	0.1875000
NODE_11649_length_811_cov_14.543539	222	302	2	22	80	0.2750000
NODE_11649_length_811_cov_14.543539	222	302	8	43	80	0.5375000
NODE_11649_length_811_cov_14.543539	275	355	0	4	80	0.0500000
NODE_11649_length_811_cov_14.543539	275	355	6	24	80	0.3000000
NODE_11649_length_811_cov_14.543539	275	355	8	52	80	0.6500000
NODE_11650_length_811_cov_12.196629	402	482	0	80	80	1.0000000
NODE_11650_length_811_cov_12.196629	455	535	0	80	80	1.0000000
NODE_11651_length_811_cov_12.117978	289	369	0	80	80	1.0000000
NODE_11651_length_811_cov_12.117978	342	422	0	80	80	1.0000000
NODE_11652_length_811_cov_11.886236	330	410	0	57	80	0.7125000
NODE_11652_length_811_cov_11.886236	330	410	2	10	80	0.1250000
NODE_11652_length_811_cov_11.886236	330	410	4	13	80	0.1625000
NODE_11652_length_811_cov_11.886236	383	463	0	80	80	1.0000000
NODE_11653_length_811_cov_10.602528	342	422	4	20	80	0.2500000
NODE_11653_length_811_cov_10.602528	342	422	14	60	80	0.7500000
NODE_11653_length_811_cov_10.602528	395	461	6	4	66	0.0606061
NODE_11653_length_811_cov_10.602528	395	461	10	3	66	0.0454545
NODE_11653_length_811_cov_10.602528	395	461	14	59	66	0.8939394
NODE_11653_length_811_cov_10.602528	452	519	0	58	67	0.8656716
NODE_11653_length_811_cov_10.602528	452	519	6	4	67	0.0597015
NODE_11653_length_811_cov_10.602528	452	519	10	3	67	0.0447761
NODE_11653_length_811_cov_10.602528	452	519	14	2	67	0.0298507
NODE_11653_length_811_cov_10.602528	492	572	0	80	80	1.0000000
NODE_11654_length_811_cov_7.539326	324	404	0	19	80	0.2375000
NODE_11654_length_811_cov_7.539326	324	404	2	46	80	0.5750000
NODE_11654_length_811_cov_7.539326	324	404	4	15	80	0.1875000
NODE_11654_length_811_cov_7.539326	377	457	0	72	80	0.9000000
NODE_11654_length_811_cov_7.539326	377	457	2	8	80	0.1000000
NODE_11655_length_811_cov_6.398876	419	499	0	78	80	0.9750000
NODE_11655_length_811_cov_6.398876	419	499	2	2	80	0.0250000
NODE_11655_length_811_cov_6.398876	472	552	0	80	80	1.0000000
NODE_11657_length_811_cov_5.939607	496	527	4	14	31	0.4516129
NODE_11657_length_811_cov_5.939607	496	527	8	14	31	0.4516129
NODE_11657_length_811_cov_5.939607	496	527	10	3	31	0.0967742
NODE_11657_length_811_cov_5.939607	528	603	2	4	75	0.0533333
NODE_11657_length_811_cov_5.939607	528	603	4	9	75	0.1200000
NODE_11657_length_811_cov_5.939607	528	603	8	26	75	0.3466667
NODE_11657_length_811_cov_5.939607	528	603	10	36	75	0.4800000
NODE_11669_length_811_cov_1.501404	645	676	2	7	31	0.2258064
NODE_11669_length_811_cov_1.501404	645	676	4	24	31	0.7741935
NODE_11684_length_810_cov_42.358650	484	564	0	80	80	1.0000000
NODE_11684_length_810_cov_42.358650	537	617	0	80	80	1.0000000
NODE_11685_length_810_cov_38.604782	370	450	0	24	80	0.3000000
NODE_11685_length_810_cov_38.604782	370	450	2	55	80	0.6875000
NODE_11685_length_810_cov_38.604782	370	450	4	1	80	0.0125000
NODE_11685_length_810_cov_38.604782	423	499	0	73	76	0.9605263
NODE_11685_length_810_cov_38.604782	423	499	2	3	76	0.0394737
NODE_11686_length_810_cov_20.354430	338	418	6	5	80	0.0625000
NODE_11686_length_810_cov_20.354430	338	418	8	75	80	0.9375000
NODE_11686_length_810_cov_20.354430	391	471	2	32	80	0.4000000
NODE_11686_length_810_cov_20.354430	391	471	4	18	80	0.2250000
NODE_11686_length_810_cov_20.354430	391	471	6	5	80	0.0625000
NODE_11686_length_810_cov_20.354430	391	471	8	25	80	0.3125000
NODE_11688_length_810_cov_12.367089	144	224	0	4	80	0.0500000
NODE_11688_length_810_cov_12.367089	144	224	2	19	80	0.2375000
NODE_11688_length_810_cov_12.367089	144	224	6	12	80	0.1500000
NODE_11688_length_810_cov_12.367089	144	224	8	45	80	0.5625000
NODE_11688_length_810_cov_12.367089	197	277	8	47	80	0.5875000
NODE_11688_length_810_cov_12.367089	197	277	10	33	80	0.4125000
NODE_11689_length_810_cov_8.886076	333	399	0	66	66	1.0000000
NODE_11690_length_810_cov_8.291139	446	526	0	55	80	0.6875000
NODE_11690_length_810_cov_8.291139	446	526	2	25	80	0.3125000
NODE_11690_length_810_cov_8.291139	499	579	0	2	80	0.0250000
NODE_11690_length_810_cov_8.291139	499	579	2	78	80	0.9750000
NODE_11692_length_810_cov_7.213783	335	406	0	71	71	1.0000000
NODE_11692_length_810_cov_7.213783	335	416	0	81	81	1.0000000
NODE_11692_length_810_cov_7.213783	379	459	0	80	80	1.0000000
NODE_11714_length_809_cov_40.536620	428	500	0	72	72	1.0000000
NODE_11714_length_809_cov_40.536620	473	553	0	80	80	1.0000000
NODE_11715_length_809_cov_15.871831	385	465	0	80	80	1.0000000
NODE_11715_length_809_cov_15.871831	402	465	0	63	63	1.0000000
NODE_11715_length_809_cov_15.871831	438	518	0	80	80	1.0000000
NODE_11715_length_809_cov_15.871831	438	518	0	80	80	1.0000000
NODE_11716_length_809_cov_15.019718	286	366	0	4	80	0.0500000
NODE_11716_length_809_cov_15.019718	286	366	1	1	80	0.0125000
NODE_11716_length_809_cov_15.019718	286	366	2	7	80	0.0875000
NODE_11716_length_809_cov_15.019718	286	366	4	68	80	0.8500000
NODE_11716_length_809_cov_15.019718	339	419	4	80	80	1.0000000
NODE_11718_length_809_cov_4.483099	244	324	10	44	80	0.5500000
NODE_11718_length_809_cov_4.483099	244	324	12	29	80	0.3625000
NODE_11718_length_809_cov_4.483099	244	324	14	7	80	0.0875000
NODE_11718_length_809_cov_4.483099	278	324	10	10	46	0.2173913
NODE_11718_length_809_cov_4.483099	278	324	12	29	46	0.6304348
NODE_11718_length_809_cov_4.483099	278	324	14	7	46	0.1521739
NODE_11718_length_809_cov_4.483099	298	377	8	5	79	0.0632911
NODE_11718_length_809_cov_4.483099	298	377	10	14	79	0.1772152
NODE_11718_length_809_cov_4.483099	298	377	12	53	79	0.6708861
NODE_11718_length_809_cov_4.483099	298	377	14	7	79	0.0886076
NODE_11718_length_809_cov_4.483099	308	377	8	5	69	0.0724638
NODE_11718_length_809_cov_4.483099	308	377	10	14	69	0.2028985
NODE_11718_length_809_cov_4.483099	308	377	12	43	69	0.6231884
NODE_11718_length_809_cov_4.483099	308	377	14	7	69	0.1014493
NODE_11738_length_808_cov_45.023977	325	405	0	36	80	0.4500000
NODE_11738_length_808_cov_45.023977	325	405	4	1	80	0.0125000
NODE_11738_length_808_cov_45.023977	325	405	5	38	80	0.4750000
NODE_11738_length_808_cov_45.023977	325	405	10	5	80	0.0625000
NODE_11738_length_808_cov_45.023977	378	458	5	22	80	0.2750000
NODE_11738_length_808_cov_45.023977	378	458	10	5	80	0.0625000
NODE_11738_length_808_cov_45.023977	378	458	12	53	80	0.6625000
NODE_11739_length_808_cov_24.087447	287	367	0	13	80	0.1625000
NODE_11739_length_808_cov_24.087447	287	367	4	7	80	0.0875000
NODE_11739_length_808_cov_24.087447	287	367	6	60	80	0.7500000
NODE_11739_length_808_cov_24.087447	340	420	0	19	80	0.2375000
NODE_11739_length_808_cov_24.087447	340	420	4	4	80	0.0500000
NODE_11739_length_808_cov_24.087447	340	420	6	57	80	0.7125000
NODE_11740_length_808_cov_21.867419	324	404	0	80	80	1.0000000
NODE_11740_length_808_cov_21.867419	377	457	0	80	80	1.0000000
NODE_11741_length_808_cov_16.289140	333	413	0	80	80	1.0000000
NODE_11741_length_808_cov_16.289140	386	466	0	80	80	1.0000000
NODE_11742_length_808_cov_14.489422	307	387	0	42	80	0.5250000
NODE_11742_length_808_cov_14.489422	307	387	1	38	80	0.4750000
NODE_11742_length_808_cov_14.489422	360	440	1	31	80	0.3875000
NODE_11742_length_808_cov_14.489422	360	440	4	3	80	0.0375000
NODE_11742_length_808_cov_14.489422	360	440	5	46	80	0.5750000
NODE_11744_length_808_cov_10.507757	317	397	0	41	80	0.5125000
NODE_11744_length_808_cov_10.507757	317	397	2	39	80	0.4875000
NODE_11744_length_808_cov_10.507757	370	450	0	7	80	0.0875000
NODE_11744_length_808_cov_10.507757	370	450	1	14	80	0.1750000
NODE_11744_length_808_cov_10.507757	370	450	2	59	80	0.7375000
NODE_11745_length_808_cov_10.066291	483	563	0	80	80	1.0000000
NODE_11745_length_808_cov_10.066291	536	616	0	80	80	1.0000000
NODE_11746_length_808_cov_7.581100	358	438	2	80	80	1.0000000
NODE_11746_length_808_cov_7.581100	411	491	0	17	80	0.2125000
NODE_11746_length_808_cov_7.581100	411	491	2	63	80	0.7875000
NODE_11756_length_808_cov_3.283498	471	551	0	7	80	0.0875000
NODE_11756_length_808_cov_3.283498	471	551	1	1	80	0.0125000
NODE_11756_length_808_cov_3.283498	471	551	2	72	80	0.9000000
NODE_11756_length_808_cov_3.283498	524	604	2	80	80	1.0000000
NODE_11783_length_807_cov_67.341808	2	25	36	1	23	0.0434783
NODE_11783_length_807_cov_67.341808	2	25	42	1	23	0.0434783
NODE_11783_length_807_cov_67.341808	2	25	46	1	23	0.0434783
NODE_11783_length_807_cov_67.341808	2	25	48	1	23	0.0434783
NODE_11783_length_807_cov_67.341808	2	25	52	1	23	0.0434783
NODE_11783_length_807_cov_67.341808	2	25	59	1	23	0.0434783
NODE_11783_length_807_cov_67.341808	2	25	75	1	23	0.0434783
NODE_11783_length_807_cov_67.341808	2	25	94	1	23	0.0434783
NODE_11783_length_807_cov_67.341808	2	25	99	1	23	0.0434783
NODE_11783_length_807_cov_67.341808	2	25	122	1	23	0.0434783
NODE_11783_length_807_cov_67.341808	2	25	124	1	23	0.0434783
NODE_11783_length_807_cov_67.341808	2	25	126	1	23	0.0434783
NODE_11783_length_807_cov_67.341808	2	25	128	1	23	0.0434783
NODE_11783_length_807_cov_67.341808	2	25	135	1	23	0.0434783
NODE_11783_length_807_cov_67.341808	2	25	154	2	23	0.0869565
NODE_11783_length_807_cov_67.341808	2	25	160	1	23	0.0434783
NODE_11783_length_807_cov_67.341808	2	25	162	1	23	0.0434783
NODE_11783_length_807_cov_67.341808	2	25	168	1	23	0.0434783
NODE_11783_length_807_cov_67.341808	2	25	174	1	23	0.0434783
NODE_11783_length_807_cov_67.341808	2	25	176	1	23	0.0434783
NODE_11783_length_807_cov_67.341808	2	25	189	1	23	0.0434783
NODE_11783_length_807_cov_67.341808	2	25	194	1	23	0.0434783
NODE_11783_length_807_cov_67.341808	339	370	212	1	31	0.0322581
NODE_11783_length_807_cov_67.341808	339	370	215	1	31	0.0322581
NODE_11783_length_807_cov_67.341808	339	370	219	1	31	0.0322581
NODE_11783_length_807_cov_67.341808	339	370	231	1	31	0.0322581
NODE_11783_length_807_cov_67.341808	339	370	232	1	31	0.0322581
NODE_11783_length_807_cov_67.341808	339	370	238	1	31	0.0322581
NODE_11783_length_807_cov_67.341808	339	370	244	1	31	0.0322581
NODE_11783_length_807_cov_67.341808	339	370	247	1	31	0.0322581
NODE_11783_length_807_cov_67.341808	339	370	256	1	31	0.0322581
NODE_11783_length_807_cov_67.341808	339	370	270	2	31	0.0645161
NODE_11783_length_807_cov_67.341808	339	370	274	1	31	0.0322581
NODE_11783_length_807_cov_67.341808	339	370	278	1	31	0.0322581
NODE_11783_length_807_cov_67.341808	339	370	286	1	31	0.0322581
NODE_11783_length_807_cov_67.341808	339	370	303	1	31	0.0322581
NODE_11783_length_807_cov_67.341808	339	370	320	1	31	0.0322581
NODE_11783_length_807_cov_67.341808	339	370	322	1	31	0.0322581
NODE_11783_length_807_cov_67.341808	339	370	328	1	31	0.0322581
NODE_11783_length_807_cov_67.341808	339	370	332	2	31	0.0645161
NODE_11783_length_807_cov_67.341808	339	370	352	1	31	0.0322581
NODE_11783_length_807_cov_67.341808	339	370	353	1	31	0.0322581
NODE_11783_length_807_cov_67.341808	339	370	364	1	31	0.0322581
NODE_11783_length_807_cov_67.341808	339	370	371	1	31	0.0322581
NODE_11783_length_807_cov_67.341808	339	370	376	1	31	0.0322581
NODE_11783_length_807_cov_67.341808	339	370	380	1	31	0.0322581
NODE_11783_length_807_cov_67.341808	339	370	385	2	31	0.0645161
NODE_11783_length_807_cov_67.341808	339	370	386	1	31	0.0322581
NODE_11783_length_807_cov_67.341808	339	370	388	1	31	0.0322581
NODE_11783_length_807_cov_67.341808	339	370	391	1	31	0.0322581
NODE_11783_length_807_cov_67.341808	343	423	232	1	80	0.0125000
NODE_11783_length_807_cov_67.341808	343	423	238	1	80	0.0125000
NODE_11783_length_807_cov_67.341808	343	423	244	1	80	0.0125000
NODE_11783_length_807_cov_67.341808	343	423	247	1	80	0.0125000
NODE_11783_length_807_cov_67.341808	343	423	256	1	80	0.0125000
NODE_11783_length_807_cov_67.341808	343	423	270	2	80	0.0250000
NODE_11783_length_807_cov_67.341808	343	423	274	1	80	0.0125000
NODE_11783_length_807_cov_67.341808	343	423	278	1	80	0.0125000
NODE_11783_length_807_cov_67.341808	343	423	286	1	80	0.0125000
NODE_11783_length_807_cov_67.341808	343	423	303	1	80	0.0125000
NODE_11783_length_807_cov_67.341808	343	423	320	1	80	0.0125000
NODE_11783_length_807_cov_67.341808	343	423	322	1	80	0.0125000
NODE_11783_length_807_cov_67.341808	343	423	328	1	80	0.0125000
NODE_11783_length_807_cov_67.341808	343	423	332	2	80	0.0250000
NODE_11783_length_807_cov_67.341808	343	423	352	1	80	0.0125000
NODE_11783_length_807_cov_67.341808	343	423	353	1	80	0.0125000
NODE_11783_length_807_cov_67.341808	343	423	364	1	80	0.0125000
NODE_11783_length_807_cov_67.341808	343	423	371	1	80	0.0125000
NODE_11783_length_807_cov_67.341808	343	423	376	1	80	0.0125000
NODE_11783_length_807_cov_67.341808	343	423	380	1	80	0.0125000
NODE_11783_length_807_cov_67.341808	343	423	385	2	80	0.0250000
NODE_11783_length_807_cov_67.341808	343	423	386	1	80	0.0125000
NODE_11783_length_807_cov_67.341808	343	423	388	1	80	0.0125000
NODE_11783_length_807_cov_67.341808	343	423	391	1	80	0.0125000
NODE_11783_length_807_cov_67.341808	343	423	393	2	80	0.0250000
NODE_11783_length_807_cov_67.341808	343	423	395	1	80	0.0125000
NODE_11783_length_807_cov_67.341808	343	423	398	2	80	0.0250000
NODE_11783_length_807_cov_67.341808	343	423	400	4	80	0.0500000
NODE_11783_length_807_cov_67.341808	343	423	401	1	80	0.0125000
NODE_11783_length_807_cov_67.341808	343	423	403	1	80	0.0125000
NODE_11783_length_807_cov_67.341808	343	423	410	1	80	0.0125000
NODE_11783_length_807_cov_67.341808	343	423	411	3	80	0.0375000
NODE_11783_length_807_cov_67.341808	343	423	412	1	80	0.0125000
NODE_11783_length_807_cov_67.341808	343	423	413	1	80	0.0125000
NODE_11783_length_807_cov_67.341808	343	423	415	1	80	0.0125000
NODE_11783_length_807_cov_67.341808	343	423	419	2	80	0.0250000
NODE_11783_length_807_cov_67.341808	343	423	420	1	80	0.0125000
NODE_11783_length_807_cov_67.341808	343	423	421	1	80	0.0125000
NODE_11783_length_807_cov_67.341808	343	423	431	2	80	0.0250000
NODE_11783_length_807_cov_67.341808	343	423	437	1	80	0.0125000
NODE_11783_length_807_cov_67.341808	343	423	440	2	80	0.0250000
NODE_11783_length_807_cov_67.341808	343	423	443	1	80	0.0125000
NODE_11783_length_807_cov_67.341808	343	423	447	2	80	0.0250000
NODE_11783_length_807_cov_67.341808	343	423	448	1	80	0.0125000
NODE_11783_length_807_cov_67.341808	343	423	455	1	80	0.0125000
NODE_11783_length_807_cov_67.341808	343	423	457	4	80	0.0500000
NODE_11783_length_807_cov_67.341808	343	423	458	1	80	0.0125000
NODE_11783_length_807_cov_67.341808	343	423	466	1	80	0.0125000
NODE_11783_length_807_cov_67.341808	343	423	468	1	80	0.0125000
NODE_11783_length_807_cov_67.341808	343	423	470	2	80	0.0250000
NODE_11783_length_807_cov_67.341808	343	423	477	1	80	0.0125000
NODE_11783_length_807_cov_67.341808	343	423	478	1	80	0.0125000
NODE_11783_length_807_cov_67.341808	343	423	480	1	80	0.0125000
NODE_11783_length_807_cov_67.341808	343	423	482	1	80	0.0125000
NODE_11783_length_807_cov_67.341808	343	423	487	1	80	0.0125000
NODE_11783_length_807_cov_67.341808	343	423	489	1	80	0.0125000
NODE_11783_length_807_cov_67.341808	343	423	493	1	80	0.0125000
NODE_11783_length_807_cov_67.341808	343	423	497	1	80	0.0125000
NODE_11783_length_807_cov_67.341808	343	423	499	1	80	0.0125000
NODE_11783_length_807_cov_67.341808	343	423	501	1	80	0.0125000
NODE_11783_length_807_cov_67.341808	343	423	502	1	80	0.0125000
NODE_11783_length_807_cov_67.341808	343	423	504	1	80	0.0125000
NODE_11784_length_807_cov_54.980226	683	749	165	1	66	0.0151515
NODE_11784_length_807_cov_54.980226	683	749	171	1	66	0.0151515
NODE_11784_length_807_cov_54.980226	683	749	176	1	66	0.0151515
NODE_11784_length_807_cov_54.980226	683	749	186	2	66	0.0303030
NODE_11784_length_807_cov_54.980226	683	749	189	1	66	0.0151515
NODE_11784_length_807_cov_54.980226	683	749	191	1	66	0.0151515
NODE_11784_length_807_cov_54.980226	683	749	195	1	66	0.0151515
NODE_11784_length_807_cov_54.980226	683	749	197	1	66	0.0151515
NODE_11784_length_807_cov_54.980226	683	749	199	2	66	0.0303030
NODE_11784_length_807_cov_54.980226	683	749	201	2	66	0.0303030
NODE_11784_length_807_cov_54.980226	683	749	205	1	66	0.0151515
NODE_11784_length_807_cov_54.980226	683	749	208	2	66	0.0303030
NODE_11784_length_807_cov_54.980226	683	749	210	1	66	0.0151515
NODE_11784_length_807_cov_54.980226	683	749	212	1	66	0.0151515
NODE_11784_length_807_cov_54.980226	683	749	215	2	66	0.0303030
NODE_11784_length_807_cov_54.980226	683	749	217	3	66	0.0454545
NODE_11784_length_807_cov_54.980226	683	749	221	1	66	0.0151515
NODE_11784_length_807_cov_54.980226	683	749	223	2	66	0.0303030
NODE_11784_length_807_cov_54.980226	683	749	225	1	66	0.0151515
NODE_11784_length_807_cov_54.980226	683	749	229	1	66	0.0151515
NODE_11784_length_807_cov_54.980226	683	749	231	2	66	0.0303030
NODE_11784_length_807_cov_54.980226	683	749	235	1	66	0.0151515
NODE_11784_length_807_cov_54.980226	683	749	239	1	66	0.0151515
NODE_11784_length_807_cov_54.980226	683	749	240	1	66	0.0151515
NODE_11784_length_807_cov_54.980226	683	749	242	1	66	0.0151515
NODE_11784_length_807_cov_54.980226	683	749	244	2	66	0.0303030
NODE_11784_length_807_cov_54.980226	683	749	248	3	66	0.0454545
NODE_11784_length_807_cov_54.980226	683	749	250	2	66	0.0303030
NODE_11784_length_807_cov_54.980226	683	749	256	2	66	0.0303030
NODE_11784_length_807_cov_54.980226	683	749	260	2	66	0.0303030
NODE_11784_length_807_cov_54.980226	683	749	261	1	66	0.0151515
NODE_11784_length_807_cov_54.980226	683	749	262	1	66	0.0151515
NODE_11784_length_807_cov_54.980226	683	749	267	3	66	0.0454545
NODE_11784_length_807_cov_54.980226	683	749	268	1	66	0.0151515
NODE_11784_length_807_cov_54.980226	683	749	269	1	66	0.0151515
NODE_11784_length_807_cov_54.980226	683	749	270	2	66	0.0303030
NODE_11784_length_807_cov_54.980226	683	749	271	3	66	0.0454545
NODE_11784_length_807_cov_54.980226	683	749	272	1	66	0.0151515
NODE_11784_length_807_cov_54.980226	683	749	273	2	66	0.0303030
NODE_11784_length_807_cov_54.980226	683	749	274	1	66	0.0151515
NODE_11784_length_807_cov_54.980226	683	749	280	1	66	0.0151515
NODE_11784_length_807_cov_54.980226	683	749	282	2	66	0.0303030
NODE_11784_length_807_cov_54.980226	683	749	292	1	66	0.0151515
NODE_11784_length_807_cov_54.980226	683	749	301	1	66	0.0151515
NODE_11784_length_807_cov_54.980226	727	802	20	1	75	0.0133333
NODE_11784_length_807_cov_54.980226	727	802	22	3	75	0.0400000
NODE_11784_length_807_cov_54.980226	727	802	24	1	75	0.0133333
NODE_11784_length_807_cov_54.980226	727	802	29	2	75	0.0266667
NODE_11784_length_807_cov_54.980226	727	802	31	1	75	0.0133333
NODE_11784_length_807_cov_54.980226	727	802	35	1	75	0.0133333
NODE_11784_length_807_cov_54.980226	727	802	37	1	75	0.0133333
NODE_11784_length_807_cov_54.980226	727	802	43	3	75	0.0400000
NODE_11784_length_807_cov_54.980226	727	802	44	1	75	0.0133333
NODE_11784_length_807_cov_54.980226	727	802	48	1	75	0.0133333
NODE_11784_length_807_cov_54.980226	727	802	57	1	75	0.0133333
NODE_11784_length_807_cov_54.980226	727	802	61	1	75	0.0133333
NODE_11784_length_807_cov_54.980226	727	802	64	1	75	0.0133333
NODE_11784_length_807_cov_54.980226	727	802	70	1	75	0.0133333
NODE_11784_length_807_cov_54.980226	727	802	74	1	75	0.0133333
NODE_11784_length_807_cov_54.980226	727	802	85	1	75	0.0133333
NODE_11784_length_807_cov_54.980226	727	802	88	1	75	0.0133333
NODE_11784_length_807_cov_54.980226	727	802	89	2	75	0.0266667
NODE_11784_length_807_cov_54.980226	727	802	99	1	75	0.0133333
NODE_11784_length_807_cov_54.980226	727	802	103	1	75	0.0133333
NODE_11784_length_807_cov_54.980226	727	802	107	1	75	0.0133333
NODE_11784_length_807_cov_54.980226	727	802	111	1	75	0.0133333
NODE_11784_length_807_cov_54.980226	727	802	124	2	75	0.0266667
NODE_11784_length_807_cov_54.980226	727	802	127	1	75	0.0133333
NODE_11784_length_807_cov_54.980226	727	802	131	1	75	0.0133333
NODE_11784_length_807_cov_54.980226	727	802	134	3	75	0.0400000
NODE_11784_length_807_cov_54.980226	727	802	135	4	75	0.0533333
NODE_11784_length_807_cov_54.980226	727	802	136	1	75	0.0133333
NODE_11784_length_807_cov_54.980226	727	802	138	1	75	0.0133333
NODE_11784_length_807_cov_54.980226	727	802	145	5	75	0.0666667
NODE_11784_length_807_cov_54.980226	727	802	147	1	75	0.0133333
NODE_11784_length_807_cov_54.980226	727	802	149	2	75	0.0266667
NODE_11784_length_807_cov_54.980226	727	802	159	1	75	0.0133333
NODE_11784_length_807_cov_54.980226	727	802	163	1	75	0.0133333
NODE_11784_length_807_cov_54.980226	727	802	165	3	75	0.0400000
NODE_11784_length_807_cov_54.980226	727	802	171	1	75	0.0133333
NODE_11784_length_807_cov_54.980226	727	802	176	1	75	0.0133333
NODE_11784_length_807_cov_54.980226	727	802	186	2	75	0.0266667
NODE_11784_length_807_cov_54.980226	727	802	189	1	75	0.0133333
NODE_11784_length_807_cov_54.980226	727	802	191	1	75	0.0133333
NODE_11784_length_807_cov_54.980226	727	802	195	1	75	0.0133333
NODE_11784_length_807_cov_54.980226	727	802	197	1	75	0.0133333
NODE_11784_length_807_cov_54.980226	727	802	199	2	75	0.0266667
NODE_11784_length_807_cov_54.980226	727	802	201	2	75	0.0266667
NODE_11784_length_807_cov_54.980226	727	802	205	1	75	0.0133333
NODE_11784_length_807_cov_54.980226	727	802	208	2	75	0.0266667
NODE_11784_length_807_cov_54.980226	727	802	210	1	75	0.0133333
NODE_11784_length_807_cov_54.980226	727	802	212	1	75	0.0133333
NODE_11784_length_807_cov_54.980226	727	802	215	2	75	0.0266667
NODE_11784_length_807_cov_54.980226	727	802	217	2	75	0.0266667
NODE_11785_length_807_cov_37.306497	435	515	0	80	80	1.0000000
NODE_11785_length_807_cov_37.306497	488	568	0	80	80	1.0000000
NODE_11786_length_807_cov_31.177966	287	367	0	80	80	1.0000000
NODE_11786_length_807_cov_31.177966	340	420	0	80	80	1.0000000
NODE_11787_length_807_cov_30.638418	250	329	0	79	79	1.0000000
NODE_11787_length_807_cov_30.638418	302	382	0	80	80	1.0000000
NODE_11787_length_807_cov_30.638418	378	458	0	80	80	1.0000000
NODE_11787_length_807_cov_30.638418	431	511	0	80	80	1.0000000
NODE_11788_length_807_cov_29.725989	362	442	0	25	80	0.3125000
NODE_11788_length_807_cov_29.725989	362	442	2	55	80	0.6875000
NODE_11788_length_807_cov_29.725989	415	495	0	47	80	0.5875000
NODE_11788_length_807_cov_29.725989	415	495	2	33	80	0.4125000
NODE_11789_length_807_cov_23.200565	441	521	0	80	80	1.0000000
NODE_11789_length_807_cov_23.200565	494	574	0	80	80	1.0000000
NODE_11790_length_807_cov_21.888418	319	386	0	67	67	1.0000000
NODE_11790_length_807_cov_21.888418	390	440	0	50	50	1.0000000
NODE_11791_length_807_cov_17.480226	339	419	0	80	80	1.0000000
NODE_11791_length_807_cov_17.480226	392	472	0	80	80	1.0000000
NODE_11792_length_807_cov_14.895480	350	430	2	23	80	0.2875000
NODE_11792_length_807_cov_14.895480	350	430	4	57	80	0.7125000
NODE_11792_length_807_cov_14.895480	403	483	2	19	80	0.2375000
NODE_11792_length_807_cov_14.895480	403	483	4	61	80	0.7625000
NODE_11794_length_807_cov_12.255650	440	520	0	80	80	1.0000000
NODE_11794_length_807_cov_12.255650	493	573	0	80	80	1.0000000
NODE_11795_length_807_cov_11.129944	359	439	0	7	80	0.0875000
NODE_11795_length_807_cov_11.129944	359	439	2	25	80	0.3125000
NODE_11795_length_807_cov_11.129944	359	439	3	48	80	0.6000000
NODE_11795_length_807_cov_11.129944	412	492	3	80	80	1.0000000
NODE_11801_length_807_cov_3.847458	322	385	0	63	63	1.0000000
NODE_11822_length_806_cov_35.650636	397	477	0	80	80	1.0000000
NODE_11822_length_806_cov_35.650636	450	530	0	75	80	0.9375000
NODE_11822_length_806_cov_35.650636	450	530	4	5	80	0.0625000
NODE_11822_length_806_cov_35.650636	526	606	4	54	80	0.6750000
NODE_11822_length_806_cov_35.650636	526	606	5	11	80	0.1375000
NODE_11822_length_806_cov_35.650636	526	606	6	15	80	0.1875000
NODE_11822_length_806_cov_35.650636	579	667	2	39	88	0.4431818
NODE_11822_length_806_cov_35.650636	579	667	4	1	88	0.0113636
NODE_11822_length_806_cov_35.650636	579	667	5	11	88	0.1250000
NODE_11822_length_806_cov_35.650636	579	667	6	37	88	0.4204545
NODE_11823_length_806_cov_29.615276	377	457	6	80	80	1.0000000
NODE_11823_length_806_cov_29.615276	430	510	0	38	80	0.4750000
NODE_11823_length_806_cov_29.615276	430	510	4	15	80	0.1875000
NODE_11823_length_806_cov_29.615276	430	510	6	27	80	0.3375000
NODE_11824_length_806_cov_23.680339	394	474	0	5	80	0.0625000
NODE_11824_length_806_cov_23.680339	394	474	6	37	80	0.4625000
NODE_11824_length_806_cov_23.680339	394	474	8	38	80	0.4750000
NODE_11824_length_806_cov_23.680339	447	527	2	17	80	0.2125000
NODE_11824_length_806_cov_23.680339	447	527	8	63	80	0.7875000
NODE_11825_length_806_cov_19.107496	239	293	0	54	54	1.0000000
NODE_11825_length_806_cov_19.107496	248	293	0	45	45	1.0000000
NODE_11825_length_806_cov_19.107496	266	345	0	79	79	1.0000000
NODE_11825_length_806_cov_19.107496	266	345	0	79	79	1.0000000
NODE_11825_length_806_cov_19.107496	421	501	0	53	80	0.6625000
NODE_11825_length_806_cov_19.107496	421	501	2	27	80	0.3375000
NODE_11826_length_806_cov_17.551627	308	388	0	20	80	0.2500000
NODE_11826_length_806_cov_17.551627	308	388	2	60	80	0.7500000
NODE_11826_length_806_cov_17.551627	361	441	0	31	80	0.3875000
NODE_11826_length_806_cov_17.551627	361	441	2	14	80	0.1750000
NODE_11826_length_806_cov_17.551627	361	441	4	29	80	0.3625000
NODE_11826_length_806_cov_17.551627	361	441	6	6	80	0.0750000
NODE_11827_length_806_cov_15.608204	408	488	0	80	80	1.0000000
NODE_11827_length_806_cov_15.608204	461	543	0	82	82	1.0000000
NODE_11864_length_805_cov_94.121813	398	478	4	80	80	1.0000000
NODE_11864_length_805_cov_94.121813	451	531	0	34	80	0.4250000
NODE_11864_length_805_cov_94.121813	451	531	4	46	80	0.5750000
NODE_11865_length_805_cov_54.001416	284	364	0	80	80	1.0000000
NODE_11865_length_805_cov_54.001416	337	417	0	80	80	1.0000000
NODE_11865_length_805_cov_54.001416	413	493	0	80	80	1.0000000
NODE_11865_length_805_cov_54.001416	466	546	0	80	80	1.0000000
NODE_11866_length_805_cov_42.325779	377	457	2	5	80	0.0625000
NODE_11866_length_805_cov_42.325779	377	457	4	63	80	0.7875000
NODE_11866_length_805_cov_42.325779	377	457	6	12	80	0.1500000
NODE_11866_length_805_cov_42.325779	430	510	2	22	80	0.2750000
NODE_11866_length_805_cov_42.325779	430	510	4	58	80	0.7250000
NODE_11867_length_805_cov_36.742210	345	425	9	3	80	0.0375000
NODE_11867_length_805_cov_36.742210	345	425	10	42	80	0.5250000
NODE_11867_length_805_cov_36.742210	345	425	12	33	80	0.4125000
NODE_11867_length_805_cov_36.742210	345	425	13	2	80	0.0250000
NODE_11867_length_805_cov_36.742210	398	478	0	5	80	0.0625000
NODE_11867_length_805_cov_36.742210	398	478	1	1	80	0.0125000
NODE_11867_length_805_cov_36.742210	398	478	2	23	80	0.2875000
NODE_11867_length_805_cov_36.742210	398	478	4	19	80	0.2375000
NODE_11867_length_805_cov_36.742210	398	478	9	3	80	0.0375000
NODE_11867_length_805_cov_36.742210	398	478	10	26	80	0.3250000
NODE_11867_length_805_cov_36.742210	398	478	12	1	80	0.0125000
NODE_11867_length_805_cov_36.742210	398	478	13	2	80	0.0250000
NODE_11868_length_805_cov_25.879603	361	441	0	80	80	1.0000000
NODE_11868_length_805_cov_25.879603	414	494	0	80	80	1.0000000
NODE_11869_length_805_cov_25.048159	306	386	0	11	80	0.1375000
NODE_11869_length_805_cov_25.048159	306	386	2	69	80	0.8625000
NODE_11869_length_805_cov_25.048159	359	439	0	64	80	0.8000000
NODE_11869_length_805_cov_25.048159	359	439	2	16	80	0.2000000
NODE_11870_length_805_cov_15.453258	311	391	0	46	80	0.5750000
NODE_11870_length_805_cov_15.453258	311	391	6	34	80	0.4250000
NODE_11870_length_805_cov_15.453258	364	444	6	80	80	1.0000000
NODE_11871_length_805_cov_14.930595	264	344	2	15	80	0.1875000
NODE_11871_length_805_cov_14.930595	264	344	4	65	80	0.8125000
NODE_11871_length_805_cov_14.930595	317	397	0	34	80	0.4250000
NODE_11871_length_805_cov_14.930595	317	397	2	12	80	0.1500000
NODE_11871_length_805_cov_14.930595	317	397	4	34	80	0.4250000
NODE_11872_length_805_cov_10.888102	259	339	0	80	80	1.0000000
NODE_11872_length_805_cov_10.888102	312	392	0	80	80	1.0000000
NODE_11873_length_805_cov_10.716714	348	428	0	19	80	0.2375000
NODE_11873_length_805_cov_10.716714	348	428	2	16	80	0.2000000
NODE_11873_length_805_cov_10.716714	348	428	4	9	80	0.1125000
NODE_11873_length_805_cov_10.716714	348	428	8	36	80	0.4500000
NODE_11873_length_805_cov_10.716714	401	481	0	10	80	0.1250000
NODE_11873_length_805_cov_10.716714	401	481	6	6	80	0.0750000
NODE_11873_length_805_cov_10.716714	401	481	8	64	80	0.8000000
NODE_11876_length_805_cov_7.212465	374	454	0	4	80	0.0500000
NODE_11876_length_805_cov_7.212465	374	454	1	19	80	0.2375000
NODE_11876_length_805_cov_7.212465	374	454	2	57	80	0.7125000
NODE_11876_length_805_cov_7.212465	427	507	2	80	80	1.0000000
NODE_11877_length_805_cov_5.637394	323	403	0	39	80	0.4875000
NODE_11877_length_805_cov_5.637394	323	403	2	41	80	0.5125000
NODE_11877_length_805_cov_5.637394	376	456	0	80	80	1.0000000
NODE_11878_length_805_cov_4.001416	304	384	0	80	80	1.0000000
NODE_11878_length_805_cov_4.001416	357	437	0	80	80	1.0000000
NODE_11903_length_804_cov_26.204255	319	399	0	16	80	0.2000000
NODE_11903_length_804_cov_26.204255	319	399	2	6	80	0.0750000
NODE_11903_length_804_cov_26.204255	319	399	8	2	80	0.0250000
NODE_11903_length_804_cov_26.204255	319	399	10	56	80	0.7000000
NODE_11903_length_804_cov_26.204255	372	452	0	4	80	0.0500000
NODE_11903_length_804_cov_26.204255	372	452	7	2	80	0.0250000
NODE_11903_length_804_cov_26.204255	372	452	8	49	80	0.6125000
NODE_11903_length_804_cov_26.204255	372	452	10	25	80	0.3125000
NODE_11904_length_804_cov_25.978723	242	322	2	63	80	0.7875000
NODE_11904_length_804_cov_25.978723	242	322	4	17	80	0.2125000
NODE_11904_length_804_cov_25.978723	295	375	2	51	80	0.6375000
NODE_11904_length_804_cov_25.978723	295	375	4	8	80	0.1000000
NODE_11904_length_804_cov_25.978723	295	375	6	21	80	0.2625000
NODE_11904_length_804_cov_25.978723	371	451	4	9	80	0.1125000
NODE_11904_length_804_cov_25.978723	371	451	6	25	80	0.3125000
NODE_11904_length_804_cov_25.978723	371	451	8	29	80	0.3625000
NODE_11904_length_804_cov_25.978723	371	451	10	17	80	0.2125000
NODE_11904_length_804_cov_25.978723	424	504	2	20	80	0.2500000
NODE_11904_length_804_cov_25.978723	424	504	4	42	80	0.5250000
NODE_11904_length_804_cov_25.978723	424	504	8	11	80	0.1375000
NODE_11904_length_804_cov_25.978723	424	504	10	7	80	0.0875000
NODE_11905_length_804_cov_25.628369	444	524	0	7	80	0.0875000
NODE_11905_length_804_cov_25.628369	444	524	2	19	80	0.2375000
NODE_11905_length_804_cov_25.628369	444	524	4	17	80	0.2125000
NODE_11905_length_804_cov_25.628369	444	524	6	37	80	0.4625000
NODE_11905_length_804_cov_25.628369	497	577	2	7	80	0.0875000
NODE_11905_length_804_cov_25.628369	497	577	4	10	80	0.1250000
NODE_11905_length_804_cov_25.628369	497	577	6	39	80	0.4875000
NODE_11905_length_804_cov_25.628369	497	577	8	24	80	0.3000000
NODE_11906_length_804_cov_22.438298	269	349	0	80	80	1.0000000
NODE_11906_length_804_cov_22.438298	322	402	0	80	80	1.0000000
NODE_11907_length_804_cov_17.425532	273	353	0	80	80	1.0000000
NODE_11907_length_804_cov_17.425532	326	406	0	80	80	1.0000000
NODE_11908_length_804_cov_16.849645	229	309	0	43	80	0.5375000
NODE_11908_length_804_cov_16.849645	229	309	2	37	80	0.4625000
NODE_11908_length_804_cov_16.849645	282	362	0	20	80	0.2500000
NODE_11908_length_804_cov_16.849645	282	362	2	60	80	0.7500000
NODE_11909_length_804_cov_16.024113	499	579	0	18	80	0.2250000
NODE_11909_length_804_cov_16.024113	499	579	2	62	80	0.7750000
NODE_11909_length_804_cov_16.024113	552	632	0	27	80	0.3375000
NODE_11909_length_804_cov_16.024113	552	632	2	53	80	0.6625000
NODE_11910_length_804_cov_14.567376	375	455	2	80	80	1.0000000
NODE_11910_length_804_cov_14.567376	428	508	0	53	80	0.6625000
NODE_11910_length_804_cov_14.567376	428	508	2	27	80	0.3375000
NODE_11911_length_804_cov_14.011348	262	342	0	27	80	0.3375000
NODE_11911_length_804_cov_14.011348	262	342	2	17	80	0.2125000
NODE_11911_length_804_cov_14.011348	262	342	6	36	80	0.4500000
NODE_11911_length_804_cov_14.011348	315	395	6	80	80	1.0000000
NODE_11912_length_804_cov_13.800000	289	318	0	29	29	1.0000000
NODE_11913_length_804_cov_12.585816	396	476	0	80	80	1.0000000
NODE_11913_length_804_cov_12.585816	449	529	0	80	80	1.0000000
NODE_11914_length_804_cov_12.375887	190	270	2	2	80	0.0250000
NODE_11914_length_804_cov_12.375887	190	270	4	78	80	0.9750000
NODE_11914_length_804_cov_12.375887	243	323	0	14	80	0.1750000
NODE_11914_length_804_cov_12.375887	243	323	1	10	80	0.1250000
NODE_11914_length_804_cov_12.375887	243	323	2	8	80	0.1000000
NODE_11914_length_804_cov_12.375887	243	323	4	48	80	0.6000000
NODE_11915_length_804_cov_10.947518	363	443	2	4	80	0.0500000
NODE_11915_length_804_cov_10.947518	363	443	4	12	80	0.1500000
NODE_11915_length_804_cov_10.947518	363	443	6	10	80	0.1250000
NODE_11915_length_804_cov_10.947518	363	443	8	14	80	0.1750000
NODE_11915_length_804_cov_10.947518	363	443	10	40	80	0.5000000
NODE_11915_length_804_cov_10.947518	416	496	0	29	80	0.3625000
NODE_11915_length_804_cov_10.947518	416	496	2	28	80	0.3500000
NODE_11915_length_804_cov_10.947518	416	496	4	12	80	0.1500000
NODE_11915_length_804_cov_10.947518	416	496	6	10	80	0.1250000
NODE_11915_length_804_cov_10.947518	416	496	10	1	80	0.0125000
NODE_11916_length_804_cov_8.164539	427	507	0	15	80	0.1875000
NODE_11916_length_804_cov_8.164539	427	507	4	65	80	0.8125000
NODE_11916_length_804_cov_8.164539	480	560	4	80	80	1.0000000
NODE_11917_length_804_cov_7.462411	345	425	0	80	80	1.0000000
NODE_11917_length_804_cov_7.462411	398	478	0	80	80	1.0000000
NODE_11919_length_804_cov_3.663830	736	799	0	63	63	1.0000000
NODE_11933_length_804_cov_1.303546	480	560	0	20	80	0.2500000
NODE_11933_length_804_cov_1.303546	480	560	4	5	80	0.0625000
NODE_11933_length_804_cov_1.303546	480	560	6	55	80	0.6875000
NODE_11933_length_804_cov_1.303546	533	613	0	8	80	0.1000000
NODE_11933_length_804_cov_1.303546	533	613	4	1	80	0.0125000
NODE_11933_length_804_cov_1.303546	533	613	6	71	80	0.8875000
NODE_11942_length_803_cov_40.930398	374	454	0	41	80	0.5125000
NODE_11942_length_803_cov_40.930398	374	454	4	39	80	0.4875000
NODE_11942_length_803_cov_40.930398	427	507	0	36	80	0.4500000
NODE_11942_length_803_cov_40.930398	427	507	2	44	80	0.5500000
NODE_11944_length_803_cov_28.346591	242	322	0	16	80	0.2000000
NODE_11944_length_803_cov_28.346591	242	322	2	16	80	0.2000000
NODE_11944_length_803_cov_28.346591	242	322	4	48	80	0.6000000
NODE_11944_length_803_cov_28.346591	295	375	0	69	80	0.8625000
NODE_11944_length_803_cov_28.346591	295	375	2	11	80	0.1375000
NODE_11945_length_803_cov_23.420455	288	368	0	80	80	1.0000000
NODE_11945_length_803_cov_23.420455	341	421	0	80	80	1.0000000
NODE_11946_length_803_cov_20.977273	316	396	0	11	80	0.1375000
NODE_11946_length_803_cov_20.977273	316	396	2	51	80	0.6375000
NODE_11946_length_803_cov_20.977273	316	396	6	1	80	0.0125000
NODE_11946_length_803_cov_20.977273	316	396	8	17	80	0.2125000
NODE_11946_length_803_cov_20.977273	369	449	2	9	80	0.1125000
NODE_11946_length_803_cov_20.977273	369	449	6	54	80	0.6750000
NODE_11946_length_803_cov_20.977273	369	449	8	17	80	0.2125000
NODE_11947_length_803_cov_18.458807	307	387	0	8	80	0.1000000
NODE_11947_length_803_cov_18.458807	307	387	2	57	80	0.7125000
NODE_11947_length_803_cov_18.458807	307	387	4	15	80	0.1875000
NODE_11947_length_803_cov_18.458807	360	440	0	61	80	0.7625000
NODE_11947_length_803_cov_18.458807	360	440	2	19	80	0.2375000
NODE_11948_length_803_cov_14.411932	386	466	0	80	80	1.0000000
NODE_11948_length_803_cov_14.411932	439	519	0	80	80	1.0000000
NODE_11949_length_803_cov_10.157670	319	399	0	12	80	0.1500000
NODE_11949_length_803_cov_10.157670	319	399	2	8	80	0.1000000
NODE_11949_length_803_cov_10.157670	319	399	6	60	80	0.7500000
NODE_11949_length_803_cov_10.157670	372	452	0	17	80	0.2125000
NODE_11949_length_803_cov_10.157670	372	452	2	11	80	0.1375000
NODE_11949_length_803_cov_10.157670	372	452	6	52	80	0.6500000
NODE_11950_length_803_cov_8.977273	362	442	0	80	80	1.0000000
NODE_11950_length_803_cov_8.977273	415	485	0	70	70	1.0000000
NODE_11951_length_803_cov_7.735795	195	275	6	34	80	0.4250000
NODE_11951_length_803_cov_7.735795	195	275	8	24	80	0.3000000
NODE_11951_length_803_cov_7.735795	195	275	10	22	80	0.2750000
NODE_11951_length_803_cov_7.735795	248	328	0	26	80	0.3250000
NODE_11951_length_803_cov_7.735795	248	328	2	5	80	0.0625000
NODE_11951_length_803_cov_7.735795	248	328	4	10	80	0.1250000
NODE_11951_length_803_cov_7.735795	248	328	6	39	80	0.4875000
NODE_11955_length_803_cov_4.613636	266	346	0	80	80	1.0000000
NODE_11955_length_803_cov_4.613636	319	399	0	80	80	1.0000000
NODE_11957_length_803_cov_4.220170	72	152	0	20	80	0.2500000
NODE_11957_length_803_cov_4.220170	72	152	2	4	80	0.0500000
NODE_11957_length_803_cov_4.220170	72	152	4	17	80	0.2125000
NODE_11957_length_803_cov_4.220170	72	152	6	39	80	0.4875000
NODE_11957_length_803_cov_4.220170	130	207	0	11	77	0.1428571
NODE_11957_length_803_cov_4.220170	130	207	2	21	77	0.2727273
NODE_11957_length_803_cov_4.220170	130	207	4	11	77	0.1428571
NODE_11957_length_803_cov_4.220170	130	207	6	34	77	0.4415585
NODE_11985_length_802_cov_42.294452	289	369	6	34	80	0.4250000
NODE_11985_length_802_cov_42.294452	289	369	10	46	80	0.5750000
NODE_11985_length_802_cov_42.294452	342	422	0	22	80	0.2750000
NODE_11985_length_802_cov_42.294452	342	422	6	58	80	0.7250000
NODE_11986_length_802_cov_31.896159	246	326	0	13	80	0.1625000
NODE_11986_length_802_cov_31.896159	246	326	4	67	80	0.8375000
NODE_11986_length_802_cov_31.896159	299	379	0	23	80	0.2875000
NODE_11986_length_802_cov_31.896159	299	379	3	1	80	0.0125000
NODE_11986_length_802_cov_31.896159	299	379	4	56	80	0.7000000
NODE_11987_length_802_cov_30.786629	419	499	0	39	80	0.4875000
NODE_11987_length_802_cov_30.786629	419	499	4	41	80	0.5125000
NODE_11987_length_802_cov_30.786629	472	552	3	38	80	0.4750000
NODE_11987_length_802_cov_30.786629	472	552	4	42	80	0.5250000
NODE_11988_length_802_cov_19.540541	368	448	0	80	80	1.0000000
NODE_11988_length_802_cov_19.540541	421	501	0	80	80	1.0000000
NODE_11989_length_802_cov_17.689900	268	348	0	78	80	0.9750000
NODE_11989_length_802_cov_17.689900	268	348	2	2	80	0.0250000
NODE_11989_length_802_cov_17.689900	321	401	0	25	80	0.3125000
NODE_11989_length_802_cov_17.689900	321	401	2	17	80	0.2125000
NODE_11989_length_802_cov_17.689900	321	401	4	38	80	0.4750000
NODE_11990_length_802_cov_16.432432	364	444	0	80	80	1.0000000
NODE_11990_length_802_cov_16.432432	417	497	0	57	80	0.7125000
NODE_11990_length_802_cov_16.432432	417	497	2	23	80	0.2875000
NODE_11991_length_802_cov_15.409673	317	397	0	26	80	0.3250000
NODE_11991_length_802_cov_15.409673	317	397	3	1	80	0.0125000
NODE_11991_length_802_cov_15.409673	317	397	4	15	80	0.1875000
NODE_11991_length_802_cov_15.409673	317	397	5	21	80	0.2625000
NODE_11991_length_802_cov_15.409673	317	397	7	4	80	0.0500000
NODE_11991_length_802_cov_15.409673	317	397	8	3	80	0.0375000
NODE_11991_length_802_cov_15.409673	317	397	9	6	80	0.0750000
NODE_11991_length_802_cov_15.409673	317	397	10	4	80	0.0500000
NODE_11991_length_802_cov_15.409673	370	450	5	10	80	0.1250000
NODE_11991_length_802_cov_15.409673	370	450	7	20	80	0.2500000
NODE_11991_length_802_cov_15.409673	370	450	8	38	80	0.4750000
NODE_11991_length_802_cov_15.409673	370	450	9	8	80	0.1000000
NODE_11991_length_802_cov_15.409673	370	450	10	4	80	0.0500000
NODE_11992_length_802_cov_12.507824	340	420	0	53	80	0.6625000
NODE_11992_length_802_cov_12.507824	340	420	2	27	80	0.3375000
NODE_11992_length_802_cov_12.507824	393	473	2	44	80	0.5500000
NODE_11992_length_802_cov_12.507824	393	473	4	36	80	0.4500000
NODE_11993_length_802_cov_9.310100	374	454	0	80	80	1.0000000
NODE_11993_length_802_cov_9.310100	427	507	0	80	80	1.0000000
NODE_11994_length_802_cov_8.421053	272	351	0	11	79	0.1392405
NODE_11994_length_802_cov_8.421053	272	351	2	68	79	0.8607595
NODE_11994_length_802_cov_8.421053	324	404	0	34	80	0.4250000
NODE_11994_length_802_cov_8.421053	324	404	2	46	80	0.5750000
NODE_11997_length_802_cov_5.576102	294	374	0	70	80	0.8750000
NODE_11997_length_802_cov_5.576102	294	374	2	10	80	0.1250000
NODE_11997_length_802_cov_5.576102	347	427	0	17	80	0.2125000
NODE_11997_length_802_cov_5.576102	347	427	2	63	80	0.7875000
NODE_12025_length_801_cov_35.199430	334	414	10	25	80	0.3125000
NODE_12025_length_801_cov_35.199430	334	414	12	9	80	0.1125000
NODE_12025_length_801_cov_35.199430	334	414	14	46	80	0.5750000
NODE_12025_length_801_cov_35.199430	387	467	0	20	80	0.2500000
NODE_12025_length_801_cov_35.199430	387	467	8	10	80	0.1250000
NODE_12025_length_801_cov_35.199430	387	467	12	32	80	0.4000000
NODE_12025_length_801_cov_35.199430	387	467	14	18	80	0.2250000
NODE_12026_length_801_cov_20.096866	347	427	4	77	80	0.9625000
NODE_12026_length_801_cov_20.096866	347	427	7	3	80	0.0375000
NODE_12026_length_801_cov_20.096866	400	480	0	16	80	0.2000000
NODE_12026_length_801_cov_20.096866	400	480	4	64	80	0.8000000
NODE_12027_length_801_cov_18.643875	355	435	0	80	80	1.0000000
NODE_12027_length_801_cov_18.643875	408	488	0	80	80	1.0000000
NODE_12028_length_801_cov_16.099715	427	507	0	80	80	1.0000000
NODE_12028_length_801_cov_16.099715	480	560	0	80	80	1.0000000
NODE_12029_length_801_cov_12.307692	332	412	0	80	80	1.0000000
NODE_12029_length_801_cov_12.307692	385	465	0	80	80	1.0000000
NODE_12030_length_801_cov_11.464387	293	373	0	80	80	1.0000000
NODE_12030_length_801_cov_11.464387	346	426	0	80	80	1.0000000
NODE_12031_length_801_cov_8.562678	309	389	0	21	80	0.2625000
NODE_12031_length_801_cov_8.562678	309	389	2	59	80	0.7375000
NODE_12031_length_801_cov_8.562678	362	442	0	74	80	0.9250000
NODE_12031_length_801_cov_8.562678	362	442	2	6	80	0.0750000
NODE_12032_length_801_cov_3.927350	339	419	0	12	80	0.1500000
NODE_12032_length_801_cov_3.927350	339	419	2	68	80	0.8500000
NODE_12032_length_801_cov_3.927350	392	472	0	30	80	0.3750000
NODE_12032_length_801_cov_3.927350	392	472	2	50	80	0.6250000
NODE_12053_length_800_cov_72.029957	245	325	0	80	80	1.0000000
NODE_12053_length_800_cov_72.029957	298	378	0	80	80	1.0000000
NODE_12054_length_800_cov_22.631954	297	377	0	71	80	0.8875000
NODE_12054_length_800_cov_22.631954	297	377	2	9	80	0.1125000
NODE_12054_length_800_cov_22.631954	350	430	0	18	80	0.2250000
NODE_12054_length_800_cov_22.631954	350	430	2	62	80	0.7750000
NODE_12055_length_800_cov_9.457917	409	489	2	1	80	0.0125000
NODE_12055_length_800_cov_9.457917	409	489	4	11	80	0.1375000
NODE_12055_length_800_cov_9.457917	409	489	6	9	80	0.1125000
NODE_12055_length_800_cov_9.457917	409	489	8	59	80	0.7375000
NODE_12055_length_800_cov_9.457917	462	542	2	13	80	0.1625000
NODE_12055_length_800_cov_9.457917	462	542	4	28	80	0.3500000
NODE_12055_length_800_cov_9.457917	462	542	6	2	80	0.0250000
NODE_12055_length_800_cov_9.457917	462	542	8	37	80	0.4625000
NODE_12084_length_799_cov_101.640000	101	132	92	1	31	0.0322581
NODE_12084_length_799_cov_101.640000	101	132	95	1	31	0.0322581
NODE_12084_length_799_cov_101.640000	101	132	97	1	31	0.0322581
NODE_12084_length_799_cov_101.640000	101	132	104	1	31	0.0322581
NODE_12084_length_799_cov_101.640000	101	132	110	1	31	0.0322581
NODE_12084_length_799_cov_101.640000	101	132	112	1	31	0.0322581
NODE_12084_length_799_cov_101.640000	101	132	114	1	31	0.0322581
NODE_12084_length_799_cov_101.640000	101	132	117	1	31	0.0322581
NODE_12084_length_799_cov_101.640000	101	132	119	1	31	0.0322581
NODE_12084_length_799_cov_101.640000	101	132	121	2	31	0.0645161
NODE_12084_length_799_cov_101.640000	101	132	127	1	31	0.0322581
NODE_12084_length_799_cov_101.640000	101	132	129	1	31	0.0322581
NODE_12084_length_799_cov_101.640000	101	132	135	3	31	0.0967742
NODE_12084_length_799_cov_101.640000	101	132	144	1	31	0.0322581
NODE_12084_length_799_cov_101.640000	101	132	145	1	31	0.0322581
NODE_12084_length_799_cov_101.640000	101	132	149	2	31	0.0645161
NODE_12084_length_799_cov_101.640000	101	132	159	1	31	0.0322581
NODE_12084_length_799_cov_101.640000	101	132	162	1	31	0.0322581
NODE_12084_length_799_cov_101.640000	101	132	170	1	31	0.0322581
NODE_12084_length_799_cov_101.640000	101	132	179	1	31	0.0322581
NODE_12084_length_799_cov_101.640000	101	132	203	1	31	0.0322581
NODE_12084_length_799_cov_101.640000	101	132	206	1	31	0.0322581
NODE_12084_length_799_cov_101.640000	101	132	211	1	31	0.0322581
NODE_12084_length_799_cov_101.640000	101	132	215	1	31	0.0322581
NODE_12084_length_799_cov_101.640000	101	132	221	1	31	0.0322581
NODE_12084_length_799_cov_101.640000	101	132	222	1	31	0.0322581
NODE_12084_length_799_cov_101.640000	101	132	225	1	31	0.0322581
NODE_12085_length_799_cov_33.630000	367	447	2	54	80	0.6750000
NODE_12085_length_799_cov_33.630000	367	447	4	26	80	0.3250000
NODE_12085_length_799_cov_33.630000	420	500	0	35	80	0.4375000
NODE_12085_length_799_cov_33.630000	420	500	2	45	80	0.5625000
NODE_12086_length_799_cov_15.717143	408	488	6	62	80	0.7750000
NODE_12086_length_799_cov_15.717143	408	488	8	18	80	0.2250000
NODE_12086_length_799_cov_15.717143	461	541	0	2	80	0.0250000
NODE_12086_length_799_cov_15.717143	461	541	2	40	80	0.5000000
NODE_12086_length_799_cov_15.717143	461	541	6	11	80	0.1375000
NODE_12086_length_799_cov_15.717143	461	541	8	27	80	0.3375000
NODE_12087_length_799_cov_15.175714	293	373	2	40	80	0.5000000
NODE_12087_length_799_cov_15.175714	293	373	4	12	80	0.1500000
NODE_12087_length_799_cov_15.175714	293	373	11	1	80	0.0125000
NODE_12087_length_799_cov_15.175714	293	373	12	27	80	0.3375000
NODE_12087_length_799_cov_15.175714	346	426	8	9	80	0.1125000
NODE_12087_length_799_cov_15.175714	346	426	10	29	80	0.3625000
NODE_12087_length_799_cov_15.175714	346	426	12	42	80	0.5250000
NODE_12088_length_799_cov_8.444286	408	488	0	6	80	0.0750000
NODE_12088_length_799_cov_8.444286	408	488	4	37	80	0.4625000
NODE_12088_length_799_cov_8.444286	408	488	6	37	80	0.4625000
NODE_12088_length_799_cov_8.444286	461	541	0	2	80	0.0250000
NODE_12088_length_799_cov_8.444286	461	541	4	10	80	0.1250000
NODE_12088_length_799_cov_8.444286	461	541	6	68	80	0.8500000
NODE_12120_length_798_cov_42.629471	148	228	0	65	80	0.8125000
NODE_12120_length_798_cov_42.629471	148	228	2	15	80	0.1875000
NODE_12120_length_798_cov_42.629471	201	281	0	12	80	0.1500000
NODE_12120_length_798_cov_42.629471	201	281	2	68	80	0.8500000
NODE_12121_length_798_cov_23.658083	368	448	0	71	80	0.8875000
NODE_12121_length_798_cov_23.658083	368	448	2	9	80	0.1125000
NODE_12121_length_798_cov_23.658083	421	501	0	18	80	0.2250000
NODE_12121_length_798_cov_23.658083	421	501	2	62	80	0.7750000
NODE_12122_length_798_cov_15.037196	341	421	0	80	80	1.0000000
NODE_12122_length_798_cov_15.037196	394	474	0	80	80	1.0000000
NODE_12123_length_798_cov_6.816881	404	483	0	79	79	1.0000000
NODE_12123_length_798_cov_6.816881	457	536	0	79	79	1.0000000
NODE_12129_length_798_cov_2.796853	246	326	0	80	80	1.0000000
NODE_12129_length_798_cov_2.796853	299	379	0	80	80	1.0000000
NODE_12151_length_797_cov_24.340974	207	287	4	66	80	0.8250000
NODE_12151_length_797_cov_24.340974	207	287	6	10	80	0.1250000
NODE_12151_length_797_cov_24.340974	207	287	8	4	80	0.0500000
NODE_12151_length_797_cov_24.340974	260	340	4	49	80	0.6125000
NODE_12151_length_797_cov_24.340974	260	340	6	27	80	0.3375000
NODE_12151_length_797_cov_24.340974	260	340	8	4	80	0.0500000
NODE_12152_length_797_cov_21.071633	372	452	0	80	80	1.0000000
NODE_12152_length_797_cov_21.071633	425	505	0	47	80	0.5875000
NODE_12152_length_797_cov_21.071633	425	505	2	33	80	0.4125000
NODE_12153_length_797_cov_18.286533	346	426	0	80	80	1.0000000
NODE_12153_length_797_cov_18.286533	399	479	0	80	80	1.0000000
NODE_12154_length_797_cov_16.628940	322	402	10	2	80	0.0250000
NODE_12154_length_797_cov_16.628940	322	402	12	41	80	0.5125000
NODE_12154_length_797_cov_16.628940	322	402	14	7	80	0.0875000
NODE_12154_length_797_cov_16.628940	322	402	16	30	80	0.3750000
NODE_12154_length_797_cov_16.628940	375	455	0	5	80	0.0625000
NODE_12154_length_797_cov_16.628940	375	455	3	1	80	0.0125000
NODE_12154_length_797_cov_16.628940	375	455	4	1	80	0.0125000
NODE_12154_length_797_cov_16.628940	375	455	6	1	80	0.0125000
NODE_12154_length_797_cov_16.628940	375	455	8	44	80	0.5500000
NODE_12154_length_797_cov_16.628940	375	455	10	3	80	0.0375000
NODE_12154_length_797_cov_16.628940	375	455	12	18	80	0.2250000
NODE_12154_length_797_cov_16.628940	375	455	14	7	80	0.0875000
NODE_12155_length_797_cov_15.266476	299	379	0	35	80	0.4375000
NODE_12155_length_797_cov_15.266476	299	379	2	27	80	0.3375000
NODE_12155_length_797_cov_15.266476	299	379	4	18	80	0.2250000
NODE_12155_length_797_cov_15.266476	352	432	2	9	80	0.1125000
NODE_12155_length_797_cov_15.266476	352	432	4	71	80	0.8875000
NODE_12156_length_797_cov_15.035817	263	343	2	16	80	0.2000000
NODE_12156_length_797_cov_15.035817	263	343	4	26	80	0.3250000
NODE_12156_length_797_cov_15.035817	263	343	6	38	80	0.4750000
NODE_12156_length_797_cov_15.035817	316	396	2	11	80	0.1375000
NODE_12156_length_797_cov_15.035817	316	396	4	13	80	0.1625000
NODE_12156_length_797_cov_15.035817	316	396	6	56	80	0.7000000
NODE_12157_length_797_cov_12.934097	403	484	0	4	81	0.0493827
NODE_12157_length_797_cov_12.934097	403	484	2	16	81	0.1975309
NODE_12157_length_797_cov_12.934097	403	484	3	11	81	0.1358025
NODE_12157_length_797_cov_12.934097	403	484	7	50	81	0.6172839
NODE_12157_length_797_cov_12.934097	457	537	0	13	80	0.1625000
NODE_12157_length_797_cov_12.934097	457	537	1	44	80	0.5500000
NODE_12157_length_797_cov_12.934097	457	537	2	16	80	0.2000000
NODE_12157_length_797_cov_12.934097	457	537	3	7	80	0.0875000
NODE_12158_length_797_cov_11.140401	201	281	0	9	80	0.1125000
NODE_12158_length_797_cov_11.140401	201	281	2	71	80	0.8875000
NODE_12158_length_797_cov_11.140401	254	334	0	32	80	0.4000000
NODE_12158_length_797_cov_11.140401	254	334	2	48	80	0.6000000
NODE_12159_length_797_cov_8.681948	284	364	0	80	80	1.0000000
NODE_12159_length_797_cov_8.681948	337	417	0	49	80	0.6125000
NODE_12159_length_797_cov_8.681948	337	417	2	31	80	0.3875000
NODE_12160_length_797_cov_7.616046	314	397	2	6	83	0.0722892
NODE_12160_length_797_cov_7.616046	314	397	4	77	83	0.9277108
NODE_12160_length_797_cov_7.616046	370	450	0	4	80	0.0500000
NODE_12160_length_797_cov_7.616046	370	450	2	28	80	0.3500000
NODE_12160_length_797_cov_7.616046	370	450	4	48	80	0.6000000
NODE_12161_length_797_cov_7.487106	275	347	0	25	72	0.3472222
NODE_12161_length_797_cov_7.487106	275	347	7	2	72	0.0277778
NODE_12161_length_797_cov_7.487106	275	347	8	45	72	0.6250000
NODE_12161_length_797_cov_7.487106	320	400	8	80	80	1.0000000
NODE_12163_length_797_cov_6.068768	357	437	0	37	80	0.4625000
NODE_12163_length_797_cov_6.068768	357	437	4	10	80	0.1250000
NODE_12163_length_797_cov_6.068768	357	437	6	33	80	0.4125000
NODE_12163_length_797_cov_6.068768	410	490	6	62	80	0.7750000
NODE_12163_length_797_cov_6.068768	410	490	8	18	80	0.2250000
NODE_12186_length_796_cov_20.862267	262	342	0	78	80	0.9750000
NODE_12186_length_796_cov_20.862267	262	342	2	2	80	0.0250000
NODE_12186_length_796_cov_20.862267	315	395	0	25	80	0.3125000
NODE_12186_length_796_cov_20.862267	315	395	2	55	80	0.6875000
NODE_12187_length_796_cov_18.291248	283	363	2	20	80	0.2500000
NODE_12187_length_796_cov_18.291248	283	363	13	7	80	0.0875000
NODE_12187_length_796_cov_18.291248	283	363	14	8	80	0.1000000
NODE_12187_length_796_cov_18.291248	283	363	17	25	80	0.3125000
NODE_12187_length_796_cov_18.291248	283	363	19	20	80	0.2500000
NODE_12187_length_796_cov_18.291248	336	416	7	1	80	0.0125000
NODE_12187_length_796_cov_18.291248	336	416	8	15	80	0.1875000
NODE_12187_length_796_cov_18.291248	336	416	13	1	80	0.0125000
NODE_12187_length_796_cov_18.291248	336	416	14	15	80	0.1875000
NODE_12187_length_796_cov_18.291248	336	416	15	2	80	0.0250000
NODE_12187_length_796_cov_18.291248	336	416	16	7	80	0.0875000
NODE_12187_length_796_cov_18.291248	336	416	17	7	80	0.0875000
NODE_12187_length_796_cov_18.291248	336	416	18	1	80	0.0125000
NODE_12187_length_796_cov_18.291248	336	416	19	31	80	0.3875000
NODE_12189_length_796_cov_7.880918	388	460	0	72	72	1.0000000
NODE_12189_length_796_cov_7.880918	442	513	0	71	71	1.0000000
NODE_12216_length_795_cov_31.729885	298	378	0	12	80	0.1500000
NODE_12216_length_795_cov_31.729885	298	378	4	43	80	0.5375000
NODE_12216_length_795_cov_31.729885	298	378	6	25	80	0.3125000
NODE_12216_length_795_cov_31.729885	351	431	2	42	80	0.5250000
NODE_12216_length_795_cov_31.729885	351	431	4	2	80	0.0250000
NODE_12216_length_795_cov_31.729885	351	431	6	36	80	0.4500000
NODE_12217_length_795_cov_26.760057	367	447	2	69	80	0.8625000
NODE_12217_length_795_cov_26.760057	367	447	6	7	80	0.0875000
NODE_12217_length_795_cov_26.760057	367	447	7	4	80	0.0500000
NODE_12217_length_795_cov_26.760057	420	500	2	16	80	0.2000000
NODE_12217_length_795_cov_26.760057	420	500	6	33	80	0.4125000
NODE_12217_length_795_cov_26.760057	420	500	7	7	80	0.0875000
NODE_12217_length_795_cov_26.760057	420	500	8	24	80	0.3000000
NODE_12218_length_795_cov_24.522989	352	432	0	80	80	1.0000000
NODE_12218_length_795_cov_24.522989	405	485	0	80	80	1.0000000
NODE_12219_length_795_cov_22.747126	363	443	0	33	80	0.4125000
NODE_12219_length_795_cov_22.747126	363	443	2	47	80	0.5875000
NODE_12219_length_795_cov_22.747126	416	496	2	80	80	1.0000000
NODE_12220_length_795_cov_9.439655	425	505	0	4	80	0.0500000
NODE_12220_length_795_cov_9.439655	425	505	1	17	80	0.2125000
NODE_12220_length_795_cov_9.439655	425	505	2	59	80	0.7375000
NODE_12220_length_795_cov_9.439655	478	558	2	80	80	1.0000000
NODE_12232_length_795_cov_3.359195	349	429	0	74	80	0.9250000
NODE_12232_length_795_cov_3.359195	349	429	2	6	80	0.0750000
NODE_12232_length_795_cov_3.359195	402	482	0	80	80	1.0000000
NODE_12256_length_794_cov_24.680576	326	406	0	16	80	0.2000000
NODE_12256_length_794_cov_24.680576	326	406	2	64	80	0.8000000
NODE_12256_length_794_cov_24.680576	379	459	0	69	80	0.8625000
NODE_12256_length_794_cov_24.680576	379	459	2	11	80	0.1375000
NODE_12257_length_794_cov_20.057554	153	233	0	47	80	0.5875000
NODE_12257_length_794_cov_20.057554	153	233	2	1	80	0.0125000
NODE_12257_length_794_cov_20.057554	153	233	4	28	80	0.3500000
NODE_12257_length_794_cov_20.057554	153	233	10	4	80	0.0500000
NODE_12257_length_794_cov_20.057554	206	286	4	23	80	0.2875000
NODE_12257_length_794_cov_20.057554	206	286	6	16	80	0.2000000
NODE_12257_length_794_cov_20.057554	206	286	8	6	80	0.0750000
NODE_12257_length_794_cov_20.057554	206	286	9	9	80	0.1125000
NODE_12257_length_794_cov_20.057554	206	286	10	26	80	0.3250000
NODE_12257_length_794_cov_20.057554	282	362	0	21	80	0.2625000
NODE_12257_length_794_cov_20.057554	282	362	2	17	80	0.2125000
NODE_12257_length_794_cov_20.057554	282	362	6	42	80	0.5250000
NODE_12257_length_794_cov_20.057554	335	415	0	10	80	0.1250000
NODE_12257_length_794_cov_20.057554	335	415	2	70	80	0.8750000
NODE_12258_length_794_cov_16.602878	361	441	2	12	80	0.1500000
NODE_12258_length_794_cov_16.602878	361	441	8	30	80	0.3750000
NODE_12258_length_794_cov_16.602878	361	441	10	38	80	0.4750000
NODE_12258_length_794_cov_16.602878	414	494	0	9	80	0.1125000
NODE_12258_length_794_cov_16.602878	414	494	6	14	80	0.1750000
NODE_12258_length_794_cov_16.602878	414	494	8	3	80	0.0375000
NODE_12258_length_794_cov_16.602878	414	494	10	54	80	0.6750000
NODE_12259_length_794_cov_16.362590	337	417	0	80	80	1.0000000
NODE_12259_length_794_cov_16.362590	390	470	0	80	80	1.0000000
NODE_12260_length_794_cov_14.444604	101	160	0	59	59	1.0000000
NODE_12260_length_794_cov_14.444604	409	489	0	80	80	1.0000000
NODE_12260_length_794_cov_14.444604	462	542	0	80	80	1.0000000
NODE_12261_length_794_cov_12.866187	442	522	0	80	80	1.0000000
NODE_12261_length_794_cov_12.866187	495	575	0	66	80	0.8250000
NODE_12261_length_794_cov_12.866187	495	575	6	14	80	0.1750000
NODE_12262_length_794_cov_12.287770	235	315	3	25	80	0.3125000
NODE_12262_length_794_cov_12.287770	235	315	4	4	80	0.0500000
NODE_12262_length_794_cov_12.287770	235	315	5	51	80	0.6375000
NODE_12262_length_794_cov_12.287770	288	368	0	37	80	0.4625000
NODE_12262_length_794_cov_12.287770	288	368	2	2	80	0.0250000
NODE_12262_length_794_cov_12.287770	288	368	3	39	80	0.4875000
NODE_12262_length_794_cov_12.287770	288	368	4	2	80	0.0250000
NODE_12263_length_794_cov_11.210072	315	395	0	80	80	1.0000000
NODE_12263_length_794_cov_11.210072	368	448	0	34	80	0.4250000
NODE_12263_length_794_cov_11.210072	368	448	3	1	80	0.0125000
NODE_12263_length_794_cov_11.210072	368	448	4	45	80	0.5625000
NODE_12264_length_794_cov_10.638849	325	406	0	55	81	0.6790124
NODE_12264_length_794_cov_10.638849	325	406	2	26	81	0.3209876
NODE_12264_length_794_cov_10.638849	379	459	0	80	80	1.0000000
NODE_12266_length_794_cov_6.274820	412	492	0	80	80	1.0000000
NODE_12266_length_794_cov_6.274820	465	545	0	80	80	1.0000000
NODE_12271_length_794_cov_3.197122	273	338	0	5	65	0.0769231
NODE_12271_length_794_cov_3.197122	273	338	2	60	65	0.9230769
NODE_12282_length_794_cov_1.848921	246	326	0	80	80	1.0000000
NODE_12282_length_794_cov_1.848921	299	379	0	80	80	1.0000000
NODE_12295_length_793_cov_29.878963	326	406	0	11	80	0.1375000
NODE_12295_length_793_cov_29.878963	326	406	2	17	80	0.2125000
NODE_12295_length_793_cov_29.878963	326	406	7	51	80	0.6375000
NODE_12295_length_793_cov_29.878963	326	406	8	1	80	0.0125000
NODE_12295_length_793_cov_29.878963	379	459	5	37	80	0.4625000
NODE_12295_length_793_cov_29.878963	379	459	7	42	80	0.5250000
NODE_12295_length_793_cov_29.878963	379	459	8	1	80	0.0125000
NODE_12296_length_793_cov_25.981268	310	390	0	80	80	1.0000000
NODE_12296_length_793_cov_25.981268	363	445	0	82	82	1.0000000
NODE_12297_length_793_cov_24.840058	331	411	0	40	80	0.5000000
NODE_12297_length_793_cov_24.840058	331	411	2	40	80	0.5000000
NODE_12297_length_793_cov_24.840058	384	464	0	19	80	0.2375000
NODE_12297_length_793_cov_24.840058	384	464	2	61	80	0.7625000
NODE_12298_length_793_cov_21.707493	398	478	0	80	80	1.0000000
NODE_12298_length_793_cov_21.707493	451	531	0	80	80	1.0000000
NODE_12299_length_793_cov_8.358790	257	337	0	14	80	0.1750000
NODE_12299_length_793_cov_8.358790	257	337	6	66	80	0.8250000
NODE_12299_length_793_cov_8.358790	310	390	6	80	80	1.0000000
NODE_12300_length_793_cov_8.236311	477	557	0	80	80	1.0000000
NODE_12300_length_793_cov_8.236311	530	610	0	80	80	1.0000000
NODE_12302_length_793_cov_6.763689	461	541	0	80	80	1.0000000
NODE_12302_length_793_cov_6.763689	514	594	0	80	80	1.0000000
NODE_12307_length_793_cov_4.465418	501	549	0	48	48	1.0000000
NODE_12311_length_793_cov_4.138329	174	254	0	80	80	1.0000000
NODE_12311_length_793_cov_4.138329	227	307	0	80	80	1.0000000
NODE_12338_length_792_cov_40.025974	198	278	0	80	80	1.0000000
NODE_12338_length_792_cov_40.025974	251	331	0	80	80	1.0000000
NODE_12338_length_792_cov_40.025974	327	408	0	81	81	1.0000000
NODE_12338_length_792_cov_40.025974	381	461	0	80	80	1.0000000
NODE_12339_length_792_cov_31.176046	331	411	0	80	80	1.0000000
NODE_12339_length_792_cov_31.176046	384	463	0	65	79	0.8227848
NODE_12339_length_792_cov_31.176046	384	463	2	14	79	0.1772152
NODE_12339_length_792_cov_31.176046	459	539	2	80	80	1.0000000
NODE_12339_length_792_cov_31.176046	512	546	2	34	34	1.0000000
NODE_12340_length_792_cov_21.347763	303	383	0	80	80	1.0000000
NODE_12340_length_792_cov_21.347763	356	436	0	80	80	1.0000000
NODE_12341_length_792_cov_20.142857	361	441	0	80	80	1.0000000
NODE_12341_length_792_cov_20.142857	414	494	0	80	80	1.0000000
NODE_12342_length_792_cov_18.733045	320	400	2	4	80	0.0500000
NODE_12342_length_792_cov_18.733045	320	400	7	57	80	0.7125000
NODE_12342_length_792_cov_18.733045	320	400	9	13	80	0.1625000
NODE_12342_length_792_cov_18.733045	320	400	10	6	80	0.0750000
NODE_12342_length_792_cov_18.733045	373	453	2	6	80	0.0750000
NODE_12342_length_792_cov_18.733045	373	453	7	41	80	0.5125000
NODE_12342_length_792_cov_18.733045	373	453	9	27	80	0.3375000
NODE_12342_length_792_cov_18.733045	373	453	10	6	80	0.0750000
NODE_12343_length_792_cov_12.024531	369	449	0	80	80	1.0000000
NODE_12343_length_792_cov_12.024531	422	502	0	34	80	0.4250000
NODE_12343_length_792_cov_12.024531	422	502	2	46	80	0.5750000
NODE_12372_length_791_cov_53.573699	287	359	0	47	72	0.6527778
NODE_12372_length_791_cov_53.573699	287	359	6	25	72	0.3472222
NODE_12372_length_791_cov_53.573699	332	412	0	2	80	0.0250000
NODE_12372_length_791_cov_53.573699	332	412	6	78	80	0.9750000
NODE_12373_length_791_cov_40.416185	238	318	0	80	80	1.0000000
NODE_12373_length_791_cov_40.416185	291	371	0	80	80	1.0000000
NODE_12374_length_791_cov_38.791908	309	389	0	19	80	0.2375000
NODE_12374_length_791_cov_38.791908	309	389	4	61	80	0.7625000
NODE_12374_length_791_cov_38.791908	362	442	0	72	80	0.9000000
NODE_12374_length_791_cov_38.791908	362	442	4	8	80	0.1000000
NODE_12375_length_791_cov_23.468208	328	408	0	42	80	0.5250000
NODE_12375_length_791_cov_23.468208	328	408	2	3	80	0.0375000
NODE_12375_length_791_cov_23.468208	328	408	4	1	80	0.0125000
NODE_12375_length_791_cov_23.468208	328	408	5	32	80	0.4000000
NODE_12375_length_791_cov_23.468208	328	408	6	2	80	0.0250000
NODE_12375_length_791_cov_23.468208	381	461	0	9	80	0.1125000
NODE_12375_length_791_cov_23.468208	381	461	3	1	80	0.0125000
NODE_12375_length_791_cov_23.468208	381	461	4	9	80	0.1125000
NODE_12375_length_791_cov_23.468208	381	461	5	25	80	0.3125000
NODE_12375_length_791_cov_23.468208	381	461	6	36	80	0.4500000
NODE_12376_length_791_cov_20.897399	299	379	0	3	80	0.0375000
NODE_12376_length_791_cov_20.897399	299	379	4	77	80	0.9625000
NODE_12376_length_791_cov_20.897399	352	432	0	23	80	0.2875000
NODE_12376_length_791_cov_20.897399	352	432	4	57	80	0.7125000
NODE_12377_length_791_cov_13.504335	339	419	0	25	80	0.3125000
NODE_12377_length_791_cov_13.504335	339	419	2	55	80	0.6875000
NODE_12377_length_791_cov_13.504335	392	472	0	17	80	0.2125000
NODE_12377_length_791_cov_13.504335	392	472	2	63	80	0.7875000
NODE_12379_length_791_cov_12.547688	338	418	0	80	80	1.0000000
NODE_12379_length_791_cov_12.547688	391	471	0	80	80	1.0000000
NODE_12380_length_791_cov_11.791908	440	520	0	80	80	1.0000000
NODE_12380_length_791_cov_11.791908	493	573	0	80	80	1.0000000
NODE_12381_length_791_cov_11.011561	337	417	0	80	80	1.0000000
NODE_12381_length_791_cov_11.011561	390	470	0	80	80	1.0000000
NODE_12382_length_791_cov_8.757225	325	405	2	64	80	0.8000000
NODE_12382_length_791_cov_8.757225	325	405	4	16	80	0.2000000
NODE_12382_length_791_cov_8.757225	378	458	2	80	80	1.0000000
NODE_12384_length_791_cov_8.125723	416	496	0	80	80	1.0000000
NODE_12384_length_791_cov_8.125723	469	549	0	80	80	1.0000000
NODE_12409_length_790_cov_48.021708	526	606	6	80	80	1.0000000
NODE_12409_length_790_cov_48.021708	579	659	0	11	80	0.1375000
NODE_12409_length_790_cov_48.021708	579	659	6	69	80	0.8625000
NODE_12410_length_790_cov_44.151954	343	423	0	31	80	0.3875000
NODE_12410_length_790_cov_44.151954	343	423	2	49	80	0.6125000
NODE_12410_length_790_cov_44.151954	396	438	0	5	42	0.1190476
NODE_12410_length_790_cov_44.151954	396	438	2	37	42	0.8809524
NODE_12410_length_790_cov_44.151954	696	776	4	5	80	0.0625000
NODE_12410_length_790_cov_44.151954	696	776	6	3	80	0.0375000
NODE_12410_length_790_cov_44.151954	696	776	10	2	80	0.0250000
NODE_12410_length_790_cov_44.151954	696	776	12	8	80	0.1000000
NODE_12410_length_790_cov_44.151954	696	776	16	5	80	0.0625000
NODE_12410_length_790_cov_44.151954	696	776	20	2	80	0.0250000
NODE_12410_length_790_cov_44.151954	696	776	22	6	80	0.0750000
NODE_12410_length_790_cov_44.151954	696	776	24	13	80	0.1625000
NODE_12410_length_790_cov_44.151954	696	776	26	4	80	0.0500000
NODE_12410_length_790_cov_44.151954	696	776	30	4	80	0.0500000
NODE_12410_length_790_cov_44.151954	696	776	32	5	80	0.0625000
NODE_12410_length_790_cov_44.151954	696	776	34	12	80	0.1500000
NODE_12410_length_790_cov_44.151954	696	776	36	11	80	0.1375000
NODE_12411_length_790_cov_27.144718	291	371	0	3	80	0.0375000
NODE_12411_length_790_cov_27.144718	291	371	4	77	80	0.9625000
NODE_12411_length_790_cov_27.144718	344	424	0	56	80	0.7000000
NODE_12411_length_790_cov_27.144718	344	424	4	24	80	0.3000000
NODE_12412_length_790_cov_16.973951	232	312	1	50	80	0.6250000
NODE_12412_length_790_cov_16.973951	232	312	2	1	80	0.0125000
NODE_12412_length_790_cov_16.973951	232	312	4	29	80	0.3625000
NODE_12412_length_790_cov_16.973951	285	365	2	33	80	0.4125000
NODE_12412_length_790_cov_16.973951	285	365	4	47	80	0.5875000
NODE_12413_length_790_cov_13.374819	204	284	0	69	80	0.8625000
NODE_12413_length_790_cov_13.374819	204	284	2	11	80	0.1375000
NODE_12413_length_790_cov_13.374819	257	337	0	16	80	0.2000000
NODE_12413_length_790_cov_13.374819	257	337	2	64	80	0.8000000
NODE_12415_length_790_cov_10.613603	302	382	0	80	80	1.0000000
NODE_12415_length_790_cov_10.613603	355	435	0	80	80	1.0000000
NODE_12418_length_790_cov_5.493488	271	351	2	19	80	0.2375000
NODE_12418_length_790_cov_5.493488	271	351	4	61	80	0.7625000
NODE_12418_length_790_cov_5.493488	324	404	0	24	80	0.3000000
NODE_12418_length_790_cov_5.493488	324	404	2	5	80	0.0625000
NODE_12418_length_790_cov_5.493488	324	404	4	51	80	0.6375000
NODE_12434_length_790_cov_1.463097	313	376	0	63	63	1.0000000
NODE_12452_length_789_cov_39.123188	226	306	0	80	80	1.0000000
NODE_12452_length_789_cov_39.123188	279	359	0	80	80	1.0000000
NODE_12453_length_789_cov_37.205797	423	503	0	80	80	1.0000000
NODE_12453_length_789_cov_37.205797	476	556	0	80	80	1.0000000
NODE_12454_length_789_cov_31.311594	223	303	0	12	80	0.1500000
NODE_12454_length_789_cov_31.311594	223	303	1	8	80	0.1000000
NODE_12454_length_789_cov_31.311594	223	303	2	10	80	0.1250000
NODE_12454_length_789_cov_31.311594	223	303	4	26	80	0.3250000
NODE_12454_length_789_cov_31.311594	223	303	5	15	80	0.1875000
NODE_12454_length_789_cov_31.311594	223	303	12	1	80	0.0125000
NODE_12454_length_789_cov_31.311594	223	303	13	8	80	0.1000000
NODE_12454_length_789_cov_31.311594	276	356	4	3	80	0.0375000
NODE_12454_length_789_cov_31.311594	276	356	5	15	80	0.1875000
NODE_12454_length_789_cov_31.311594	276	356	12	1	80	0.0125000
NODE_12454_length_789_cov_31.311594	276	356	13	8	80	0.1000000
NODE_12454_length_789_cov_31.311594	276	356	14	1	80	0.0125000
NODE_12454_length_789_cov_31.311594	276	356	15	18	80	0.2250000
NODE_12454_length_789_cov_31.311594	276	356	16	34	80	0.4250000
NODE_12455_length_789_cov_30.536232	306	386	4	80	80	1.0000000
NODE_12455_length_789_cov_30.536232	359	439	0	38	80	0.4750000
NODE_12455_length_789_cov_30.536232	359	439	4	42	80	0.5250000
NODE_12456_length_789_cov_24.886957	343	423	0	25	80	0.3125000
NODE_12456_length_789_cov_24.886957	343	423	4	11	80	0.1375000
NODE_12456_length_789_cov_24.886957	343	423	5	16	80	0.2000000
NODE_12456_length_789_cov_24.886957	343	423	6	28	80	0.3500000
NODE_12456_length_789_cov_24.886957	396	476	0	78	80	0.9750000
NODE_12456_length_789_cov_24.886957	396	476	4	2	80	0.0250000
NODE_12457_length_789_cov_23.539130	357	437	0	42	80	0.5250000
NODE_12457_length_789_cov_23.539130	357	437	2	14	80	0.1750000
NODE_12457_length_789_cov_23.539130	357	437	4	24	80	0.3000000
NODE_12457_length_789_cov_23.539130	410	490	2	5	80	0.0625000
NODE_12457_length_789_cov_23.539130	410	490	4	75	80	0.9375000
NODE_12458_length_789_cov_16.169565	392	472	0	65	80	0.8125000
NODE_12458_length_789_cov_16.169565	392	472	1	2	80	0.0250000
NODE_12458_length_789_cov_16.169565	392	472	2	13	80	0.1625000
NODE_12458_length_789_cov_16.169565	445	525	0	12	80	0.1500000
NODE_12458_length_789_cov_16.169565	445	525	1	2	80	0.0250000
NODE_12458_length_789_cov_16.169565	445	525	2	66	80	0.8250000
NODE_12459_length_789_cov_15.175362	242	322	0	20	80	0.2500000
NODE_12459_length_789_cov_15.175362	242	322	2	60	80	0.7500000
NODE_12459_length_789_cov_15.175362	295	375	0	67	80	0.8375000
NODE_12459_length_789_cov_15.175362	295	375	2	13	80	0.1625000
NODE_12459_length_789_cov_15.175362	371	451	0	80	80	1.0000000
NODE_12459_length_789_cov_15.175362	424	504	0	80	80	1.0000000
NODE_12460_length_789_cov_7.276812	306	386	0	12	80	0.1500000
NODE_12460_length_789_cov_7.276812	306	386	2	68	80	0.8500000
NODE_12460_length_789_cov_7.276812	359	439	2	80	80	1.0000000
NODE_12482_length_788_cov_43.091437	335	415	2	80	80	1.0000000
NODE_12482_length_788_cov_43.091437	388	460	0	40	72	0.5555556
NODE_12482_length_788_cov_43.091437	388	460	2	32	72	0.4444444
NODE_12483_length_788_cov_38.914369	345	425	0	29	80	0.3625000
NODE_12483_length_788_cov_38.914369	345	425	2	3	80	0.0375000
NODE_12483_length_788_cov_38.914369	345	425	3	48	80	0.6000000
NODE_12483_length_788_cov_38.914369	398	478	3	31	80	0.3875000
NODE_12483_length_788_cov_38.914369	398	478	4	49	80	0.6125000
NODE_12484_length_788_cov_36.148041	320	400	0	34	80	0.4250000
NODE_12484_length_788_cov_36.148041	320	400	6	26	80	0.3250000
NODE_12484_length_788_cov_36.148041	320	400	10	4	80	0.0500000
NODE_12484_length_788_cov_36.148041	320	400	14	16	80	0.2000000
NODE_12484_length_788_cov_36.148041	373	453	6	7	80	0.0875000
NODE_12484_length_788_cov_36.148041	373	453	8	1	80	0.0125000
NODE_12484_length_788_cov_36.148041	373	453	10	4	80	0.0500000
NODE_12484_length_788_cov_36.148041	373	453	14	68	80	0.8500000
NODE_12485_length_788_cov_35.460087	346	426	0	41	80	0.5125000
NODE_12485_length_788_cov_35.460087	346	426	2	8	80	0.1000000
NODE_12485_length_788_cov_35.460087	346	426	8	31	80	0.3875000
NODE_12485_length_788_cov_35.460087	399	479	6	14	80	0.1750000
NODE_12485_length_788_cov_35.460087	399	479	8	66	80	0.8250000
NODE_12486_length_788_cov_30.785196	278	358	1	21	80	0.2625000
NODE_12486_length_788_cov_30.785196	278	358	3	1	80	0.0125000
NODE_12486_length_788_cov_30.785196	278	358	4	14	80	0.1750000
NODE_12486_length_788_cov_30.785196	278	358	6	9	80	0.1125000
NODE_12486_length_788_cov_30.785196	278	358	8	34	80	0.4250000
NODE_12486_length_788_cov_30.785196	278	358	12	1	80	0.0125000
NODE_12486_length_788_cov_30.785196	331	411	7	1	80	0.0125000
NODE_12486_length_788_cov_30.785196	331	411	8	26	80	0.3250000
NODE_12486_length_788_cov_30.785196	331	411	9	4	80	0.0500000
NODE_12486_length_788_cov_30.785196	331	411	11	1	80	0.0125000
NODE_12486_length_788_cov_30.785196	331	411	12	44	80	0.5500000
NODE_12486_length_788_cov_30.785196	331	411	14	4	80	0.0500000
NODE_12488_length_788_cov_20.867925	300	380	6	25	80	0.3125000
NODE_12488_length_788_cov_20.867925	300	380	8	6	80	0.0750000
NODE_12488_length_788_cov_20.867925	300	380	12	36	80	0.4500000
NODE_12488_length_788_cov_20.867925	300	380	14	13	80	0.1625000
NODE_12488_length_788_cov_20.867925	353	430	6	4	77	0.0519481
NODE_12488_length_788_cov_20.867925	353	430	8	30	77	0.3896104
NODE_12488_length_788_cov_20.867925	353	430	12	43	77	0.5584416
NODE_12489_length_788_cov_20.821480	322	402	0	80	80	1.0000000
NODE_12489_length_788_cov_20.821480	375	455	0	80	80	1.0000000
NODE_12490_length_788_cov_15.570392	342	422	0	26	80	0.3250000
NODE_12490_length_788_cov_15.570392	342	422	2	54	80	0.6750000
NODE_12490_length_788_cov_15.570392	395	475	0	28	80	0.3500000
NODE_12490_length_788_cov_15.570392	395	475	2	52	80	0.6500000
NODE_12491_length_788_cov_12.235123	241	321	0	80	80	1.0000000
NODE_12491_length_788_cov_12.235123	294	374	0	80	80	1.0000000
NODE_12492_length_788_cov_10.509434	405	480	0	75	75	1.0000000
NODE_12493_length_788_cov_9.737300	310	390	0	80	80	1.0000000
NODE_12493_length_788_cov_9.737300	363	443	0	33	80	0.4125000
NODE_12493_length_788_cov_9.737300	363	443	2	47	80	0.5875000
NODE_12494_length_788_cov_8.872279	280	360	0	26	80	0.3250000
NODE_12494_length_788_cov_8.872279	280	360	6	30	80	0.3750000
NODE_12494_length_788_cov_8.872279	280	360	8	24	80	0.3000000
NODE_12494_length_788_cov_8.872279	333	413	6	9	80	0.1125000
NODE_12494_length_788_cov_8.872279	333	413	8	71	80	0.8875000
NODE_12516_length_787_cov_34.683140	274	335	0	61	61	1.0000000
NODE_12516_length_787_cov_34.683140	319	380	0	61	61	1.0000000
NODE_12517_length_787_cov_28.039244	252	329	0	77	77	1.0000000
NODE_12517_length_787_cov_28.039244	302	370	0	68	68	1.0000000
NODE_12518_length_787_cov_25.422965	351	431	2	80	80	1.0000000
NODE_12518_length_787_cov_25.422965	404	484	0	12	80	0.1500000
NODE_12518_length_787_cov_25.422965	404	484	2	68	80	0.8500000
NODE_12519_length_787_cov_24.857558	319	399	0	80	80	1.0000000
NODE_12519_length_787_cov_24.857558	372	452	0	80	80	1.0000000
NODE_12520_length_787_cov_21.357558	291	371	0	80	80	1.0000000
NODE_12520_length_787_cov_21.357558	344	424	0	80	80	1.0000000
NODE_12521_length_787_cov_17.360465	396	476	0	29	80	0.3625000
NODE_12521_length_787_cov_17.360465	396	476	2	51	80	0.6375000
NODE_12521_length_787_cov_17.360465	449	529	0	80	80	1.0000000
NODE_12522_length_787_cov_14.677326	178	258	2	2	80	0.0250000
NODE_12522_length_787_cov_14.677326	178	258	3	3	80	0.0375000
NODE_12522_length_787_cov_14.677326	178	258	4	67	80	0.8375000
NODE_12522_length_787_cov_14.677326	178	258	7	8	80	0.1000000
NODE_12522_length_787_cov_14.677326	231	311	2	2	80	0.0250000
NODE_12522_length_787_cov_14.677326	231	311	3	3	80	0.0375000
NODE_12522_length_787_cov_14.677326	231	311	4	14	80	0.1750000
NODE_12522_length_787_cov_14.677326	231	311	5	29	80	0.3625000
NODE_12522_length_787_cov_14.677326	231	311	7	32	80	0.4000000
NODE_12523_length_787_cov_12.959302	331	411	4	5	80	0.0625000
NODE_12523_length_787_cov_12.959302	331	411	5	1	80	0.0125000
NODE_12523_length_787_cov_12.959302	331	411	6	5	80	0.0625000
NODE_12523_length_787_cov_12.959302	331	411	8	58	80	0.7250000
NODE_12523_length_787_cov_12.959302	331	411	10	11	80	0.1375000
NODE_12523_length_787_cov_12.959302	384	464	2	35	80	0.4375000
NODE_12523_length_787_cov_12.959302	384	464	4	23	80	0.2875000
NODE_12523_length_787_cov_12.959302	384	464	5	1	80	0.0125000
NODE_12523_length_787_cov_12.959302	384	464	6	5	80	0.0625000
NODE_12523_length_787_cov_12.959302	384	464	8	16	80	0.2000000
NODE_12524_length_787_cov_12.748547	426	506	0	80	80	1.0000000
NODE_12524_length_787_cov_12.748547	479	559	0	80	80	1.0000000
NODE_12525_length_787_cov_12.369186	338	418	0	80	80	1.0000000
NODE_12525_length_787_cov_12.369186	391	471	0	80	80	1.0000000
NODE_12526_length_787_cov_9.213663	376	456	0	80	80	1.0000000
NODE_12527_length_787_cov_8.857558	344	424	0	20	80	0.2500000
NODE_12527_length_787_cov_8.857558	344	424	2	46	80	0.5750000
NODE_12527_length_787_cov_8.857558	344	424	3	14	80	0.1750000
NODE_12527_length_787_cov_8.857558	397	477	1	6	80	0.0750000
NODE_12527_length_787_cov_8.857558	397	477	2	44	80	0.5500000
NODE_12527_length_787_cov_8.857558	397	477	3	30	80	0.3750000
NODE_12529_length_787_cov_8.186047	508	552	2	44	44	1.0000000
NODE_12541_length_787_cov_2.188953	505	552	0	38	47	0.8085107
NODE_12541_length_787_cov_2.188953	505	552	2	9	47	0.1914894
NODE_12562_length_786_cov_36.441048	431	511	0	6	80	0.0750000
NODE_12562_length_786_cov_36.441048	431	511	4	11	80	0.1375000
NODE_12562_length_786_cov_36.441048	431	511	6	63	80	0.7875000
NODE_12562_length_786_cov_36.441048	484	564	0	59	80	0.7375000
NODE_12562_length_786_cov_36.441048	484	564	4	11	80	0.1375000
NODE_12562_length_786_cov_36.441048	484	564	6	10	80	0.1250000
NODE_12563_length_786_cov_23.771470	235	315	2	80	80	1.0000000
NODE_12563_length_786_cov_23.771470	288	368	0	39	80	0.4875000
NODE_12563_length_786_cov_23.771470	288	368	2	41	80	0.5125000
NODE_12564_length_786_cov_23.333333	361	436	0	6	75	0.0800000
NODE_12564_length_786_cov_23.333333	361	436	1	44	75	0.5866666
NODE_12564_length_786_cov_23.333333	361	436	2	12	75	0.1600000
NODE_12564_length_786_cov_23.333333	361	436	8	1	75	0.0133333
NODE_12564_length_786_cov_23.333333	361	436	16	12	75	0.1600000
NODE_12564_length_786_cov_23.333333	362	436	0	6	74	0.0810811
NODE_12564_length_786_cov_23.333333	362	436	1	43	74	0.5810811
NODE_12564_length_786_cov_23.333333	362	436	2	12	74	0.1621622
NODE_12564_length_786_cov_23.333333	362	436	8	1	74	0.0135135
NODE_12564_length_786_cov_23.333333	362	436	16	12	74	0.1621622
NODE_12564_length_786_cov_23.333333	375	436	0	6	61	0.0983607
NODE_12564_length_786_cov_23.333333	375	436	1	30	61	0.4918033
NODE_12564_length_786_cov_23.333333	375	436	2	12	61	0.1967213
NODE_12564_length_786_cov_23.333333	375	436	8	1	61	0.0163934
NODE_12564_length_786_cov_23.333333	375	436	16	12	61	0.1967213
NODE_12564_length_786_cov_23.333333	414	489	2	9	75	0.1200000
NODE_12564_length_786_cov_23.333333	414	489	8	1	75	0.0133333
NODE_12564_length_786_cov_23.333333	414	489	16	24	75	0.3200000
NODE_12564_length_786_cov_23.333333	414	489	22	41	75	0.5466667
NODE_12564_length_786_cov_23.333333	414	489	2	9	75	0.1200000
NODE_12564_length_786_cov_23.333333	414	489	8	1	75	0.0133333
NODE_12564_length_786_cov_23.333333	414	489	16	24	75	0.3200000
NODE_12564_length_786_cov_23.333333	414	489	22	41	75	0.5466667
NODE_12564_length_786_cov_23.333333	414	489	2	9	75	0.1200000
NODE_12564_length_786_cov_23.333333	414	489	8	1	75	0.0133333
NODE_12564_length_786_cov_23.333333	414	489	16	24	75	0.3200000
NODE_12564_length_786_cov_23.333333	414	489	22	41	75	0.5466667
NODE_12564_length_786_cov_23.333333	490	564	16	3	74	0.0405405
NODE_12564_length_786_cov_23.333333	490	564	17	6	74	0.0810811
NODE_12564_length_786_cov_23.333333	490	564	21	30	74	0.4054054
NODE_12564_length_786_cov_23.333333	490	564	22	12	74	0.1621622
NODE_12564_length_786_cov_23.333333	490	564	23	8	74	0.1081081
NODE_12564_length_786_cov_23.333333	490	564	25	15	74	0.2027027
NODE_12565_length_786_cov_19.279476	310	375	0	65	65	1.0000000
NODE_12565_length_786_cov_19.279476	371	441	0	70	70	1.0000000
NODE_12565_length_786_cov_19.279476	371	451	0	80	80	1.0000000
NODE_12565_length_786_cov_19.279476	424	491	0	67	67	1.0000000
NODE_12566_length_786_cov_18.652111	251	331	0	80	80	1.0000000
NODE_12566_length_786_cov_18.652111	304	384	0	40	80	0.5000000
NODE_12566_length_786_cov_18.652111	304	384	2	40	80	0.5000000
NODE_12567_length_786_cov_16.704512	319	399	0	80	80	1.0000000
NODE_12567_length_786_cov_16.704512	372	452	0	80	80	1.0000000
NODE_12568_length_786_cov_16.254731	378	458	0	18	80	0.2250000
NODE_12568_length_786_cov_16.254731	378	458	2	62	80	0.7750000
NODE_12568_length_786_cov_16.254731	431	511	0	22	80	0.2750000
NODE_12568_length_786_cov_16.254731	431	511	2	58	80	0.7250000
NODE_12571_length_786_cov_10.053857	381	461	4	78	80	0.9750000
NODE_12571_length_786_cov_10.053857	381	461	6	2	80	0.0250000
NODE_12571_length_786_cov_10.053857	434	514	2	40	80	0.5000000
NODE_12571_length_786_cov_10.053857	434	514	4	33	80	0.4125000
NODE_12571_length_786_cov_10.053857	434	514	6	7	80	0.0875000
NODE_12572_length_786_cov_7.455604	400	473	0	73	73	1.0000000
NODE_12572_length_786_cov_7.455604	453	533	0	80	80	1.0000000
NODE_12573_length_786_cov_7.119360	276	356	0	80	80	1.0000000
NODE_12573_length_786_cov_7.119360	329	409	0	80	80	1.0000000
NODE_12575_length_786_cov_6.771470	382	462	0	7	80	0.0875000
NODE_12575_length_786_cov_6.771470	382	462	2	73	80	0.9125000
NODE_12575_length_786_cov_6.771470	435	515	0	10	80	0.1250000
NODE_12575_length_786_cov_6.771470	435	515	2	70	80	0.8750000
NODE_12603_length_785_cov_83.972303	315	395	0	80	80	1.0000000
NODE_12603_length_785_cov_83.972303	368	448	0	37	80	0.4625000
NODE_12603_length_785_cov_83.972303	368	448	2	43	80	0.5375000
NODE_12604_length_785_cov_33.911079	477	557	0	80	80	1.0000000
NODE_12604_length_785_cov_33.911079	530	610	0	72	80	0.9000000
NODE_12604_length_785_cov_33.911079	530	610	2	8	80	0.1000000
NODE_12605_length_785_cov_21.174927	265	299	0	6	34	0.1764706
NODE_12605_length_785_cov_21.174927	265	299	6	10	34	0.2941177
NODE_12605_length_785_cov_21.174927	265	299	14	18	34	0.5294118
NODE_12605_length_785_cov_21.174927	295	375	14	7	80	0.0875000
NODE_12605_length_785_cov_21.174927	295	375	16	31	80	0.3875000
NODE_12605_length_785_cov_21.174927	295	375	18	5	80	0.0625000
NODE_12605_length_785_cov_21.174927	295	375	20	37	80	0.4625000
NODE_12605_length_785_cov_21.174927	348	428	4	7	80	0.0875000
NODE_12605_length_785_cov_21.174927	348	428	6	4	80	0.0500000
NODE_12605_length_785_cov_21.174927	348	428	8	22	80	0.2750000
NODE_12605_length_785_cov_21.174927	348	428	16	30	80	0.3750000
NODE_12605_length_785_cov_21.174927	348	428	20	17	80	0.2125000
NODE_12606_length_785_cov_18.612245	291	371	0	80	80	1.0000000
NODE_12606_length_785_cov_18.612245	344	424	0	80	80	1.0000000
NODE_12606_length_785_cov_18.612245	684	705	0	21	21	1.0000000
NODE_12607_length_785_cov_9.893586	153	233	0	80	80	1.0000000
NODE_12607_length_785_cov_9.893586	206	286	0	80	80	1.0000000
NODE_12645_length_784_cov_203.604380	5	85	30	1	80	0.0125000
NODE_12645_length_784_cov_203.604380	5	85	32	3	80	0.0375000
NODE_12645_length_784_cov_203.604380	5	85	38	1	80	0.0125000
NODE_12645_length_784_cov_203.604380	5	85	40	2	80	0.0250000
NODE_12645_length_784_cov_203.604380	5	85	42	1	80	0.0125000
NODE_12645_length_784_cov_203.604380	5	85	44	2	80	0.0250000
NODE_12645_length_784_cov_203.604380	5	85	48	2	80	0.0250000
NODE_12645_length_784_cov_203.604380	5	85	50	1	80	0.0125000
NODE_12645_length_784_cov_203.604380	5	85	52	4	80	0.0500000
NODE_12645_length_784_cov_203.604380	5	85	53	7	80	0.0875000
NODE_12645_length_784_cov_203.604380	5	85	55	1	80	0.0125000
NODE_12645_length_784_cov_203.604380	5	85	57	1	80	0.0125000
NODE_12645_length_784_cov_203.604380	5	85	59	10	80	0.1250000
NODE_12645_length_784_cov_203.604380	5	85	63	1	80	0.0125000
NODE_12645_length_784_cov_203.604380	5	85	65	1	80	0.0125000
NODE_12645_length_784_cov_203.604380	5	85	67	4	80	0.0500000
NODE_12645_length_784_cov_203.604380	5	85	71	2	80	0.0250000
NODE_12645_length_784_cov_203.604380	5	85	72	4	80	0.0500000
NODE_12645_length_784_cov_203.604380	5	85	74	5	80	0.0625000
NODE_12645_length_784_cov_203.604380	5	85	76	13	80	0.1625000
NODE_12645_length_784_cov_203.604380	5	85	77	5	80	0.0625000
NODE_12645_length_784_cov_203.604380	5	85	78	1	80	0.0125000
NODE_12645_length_784_cov_203.604380	5	85	84	4	80	0.0500000
NODE_12645_length_784_cov_203.604380	5	85	85	1	80	0.0125000
NODE_12645_length_784_cov_203.604380	5	85	88	1	80	0.0125000
NODE_12645_length_784_cov_203.604380	5	85	92	2	80	0.0250000
NODE_12645_length_784_cov_203.604380	58	138	76	13	80	0.1625000
NODE_12645_length_784_cov_203.604380	58	138	77	5	80	0.0625000
NODE_12645_length_784_cov_203.604380	58	138	78	1	80	0.0125000
NODE_12645_length_784_cov_203.604380	58	138	84	4	80	0.0500000
NODE_12645_length_784_cov_203.604380	58	138	85	1	80	0.0125000
NODE_12645_length_784_cov_203.604380	58	138	88	1	80	0.0125000
NODE_12645_length_784_cov_203.604380	58	138	92	7	80	0.0875000
NODE_12645_length_784_cov_203.604380	58	138	98	2	80	0.0250000
NODE_12645_length_784_cov_203.604380	58	138	100	2	80	0.0250000
NODE_12645_length_784_cov_203.604380	58	138	102	4	80	0.0500000
NODE_12645_length_784_cov_203.604380	58	138	104	2	80	0.0250000
NODE_12645_length_784_cov_203.604380	58	138	105	2	80	0.0250000
NODE_12645_length_784_cov_203.604380	58	138	106	2	80	0.0250000
NODE_12645_length_784_cov_203.604380	58	138	108	5	80	0.0625000
NODE_12645_length_784_cov_203.604380	58	138	110	3	80	0.0375000
NODE_12645_length_784_cov_203.604380	58	138	112	3	80	0.0375000
NODE_12645_length_784_cov_203.604380	58	138	114	6	80	0.0750000
NODE_12645_length_784_cov_203.604380	58	138	116	2	80	0.0250000
NODE_12645_length_784_cov_203.604380	58	138	118	3	80	0.0375000
NODE_12645_length_784_cov_203.604380	58	138	120	2	80	0.0250000
NODE_12645_length_784_cov_203.604380	58	138	122	6	80	0.0750000
NODE_12645_length_784_cov_203.604380	58	138	124	3	80	0.0375000
NODE_12645_length_784_cov_203.604380	58	138	128	1	80	0.0125000
NODE_12646_length_784_cov_45.210219	49	129	2	12	80	0.1500000
NODE_12646_length_784_cov_45.210219	49	129	3	1	80	0.0125000
NODE_12646_length_784_cov_45.210219	49	129	4	67	80	0.8375000
NODE_12646_length_784_cov_45.210219	102	182	0	31	80	0.3875000
NODE_12646_length_784_cov_45.210219	102	182	2	29	80	0.3625000
NODE_12646_length_784_cov_45.210219	102	182	4	20	80	0.2500000
NODE_12646_length_784_cov_45.210219	218	298	0	80	80	1.0000000
NODE_12646_length_784_cov_45.210219	271	351	0	48	80	0.6000000
NODE_12646_length_784_cov_45.210219	271	351	2	32	80	0.4000000
NODE_12646_length_784_cov_45.210219	347	427	2	80	80	1.0000000
NODE_12646_length_784_cov_45.210219	347	427	2	80	80	1.0000000
NODE_12646_length_784_cov_45.210219	347	427	2	80	80	1.0000000
NODE_12646_length_784_cov_45.210219	400	447	0	13	47	0.2765957
NODE_12646_length_784_cov_45.210219	400	447	2	34	47	0.7234042
NODE_12646_length_784_cov_45.210219	400	480	0	46	80	0.5750000
NODE_12646_length_784_cov_45.210219	400	480	2	34	80	0.4250000
NODE_12646_length_784_cov_45.210219	400	455	0	21	55	0.3818182
NODE_12646_length_784_cov_45.210219	400	455	2	34	55	0.6181818
NODE_12647_length_784_cov_33.543066	405	485	0	80	80	1.0000000
NODE_12647_length_784_cov_33.543066	458	538	0	80	80	1.0000000
NODE_12648_length_784_cov_21.762044	318	398	0	69	80	0.8625000
NODE_12648_length_784_cov_21.762044	318	398	2	11	80	0.1375000
NODE_12648_length_784_cov_21.762044	371	451	0	80	80	1.0000000
NODE_12649_length_784_cov_20.583942	286	366	3	3	80	0.0375000
NODE_12649_length_784_cov_20.583942	286	366	5	14	80	0.1750000
NODE_12649_length_784_cov_20.583942	286	366	7	33	80	0.4125000
NODE_12649_length_784_cov_20.583942	286	366	8	9	80	0.1125000
NODE_12649_length_784_cov_20.583942	286	366	10	21	80	0.2625000
NODE_12649_length_784_cov_20.583942	339	419	8	24	80	0.3000000
NODE_12649_length_784_cov_20.583942	339	419	10	18	80	0.2250000
NODE_12649_length_784_cov_20.583942	339	419	11	8	80	0.1000000
NODE_12649_length_784_cov_20.583942	339	419	12	30	80	0.3750000
NODE_12649_length_784_cov_20.583942	415	495	0	9	80	0.1125000
NODE_12649_length_784_cov_20.583942	415	495	3	9	80	0.1125000
NODE_12649_length_784_cov_20.583942	415	495	7	47	80	0.5875000
NODE_12649_length_784_cov_20.583942	415	495	9	5	80	0.0625000
NODE_12649_length_784_cov_20.583942	415	495	11	10	80	0.1250000
NODE_12649_length_784_cov_20.583942	468	548	0	62	80	0.7750000
NODE_12649_length_784_cov_20.583942	468	548	3	9	80	0.1125000
NODE_12649_length_784_cov_20.583942	468	548	7	9	80	0.1125000
NODE_12650_length_784_cov_19.448175	217	297	0	57	80	0.7125000
NODE_12650_length_784_cov_19.448175	217	297	6	23	80	0.2875000
NODE_12650_length_784_cov_19.448175	270	350	0	4	80	0.0500000
NODE_12650_length_784_cov_19.448175	270	350	6	71	80	0.8875000
NODE_12650_length_784_cov_19.448175	270	350	8	5	80	0.0625000
NODE_12652_length_784_cov_12.480292	297	377	0	80	80	1.0000000
NODE_12652_length_784_cov_12.480292	350	430	0	80	80	1.0000000
NODE_12653_length_784_cov_9.296350	250	330	0	80	80	1.0000000
NODE_12653_length_784_cov_9.296350	303	383	0	80	80	1.0000000
NODE_12653_length_784_cov_9.296350	379	459	0	58	80	0.7250000
NODE_12653_length_784_cov_9.296350	379	459	4	22	80	0.2750000
NODE_12653_length_784_cov_9.296350	432	512	0	5	80	0.0625000
NODE_12653_length_784_cov_9.296350	432	512	4	75	80	0.9375000
NODE_12654_length_784_cov_6.316788	274	354	0	80	80	1.0000000
NODE_12654_length_784_cov_6.316788	327	407	0	80	80	1.0000000
NODE_12688_length_783_cov_41.849415	459	539	0	80	80	1.0000000
NODE_12688_length_783_cov_41.849415	512	592	0	80	80	1.0000000
NODE_12689_length_783_cov_39.881579	230	310	0	70	80	0.8750000
NODE_12689_length_783_cov_39.881579	230	310	2	10	80	0.1250000
NODE_12689_length_783_cov_39.881579	283	363	0	17	80	0.2125000
NODE_12689_length_783_cov_39.881579	283	363	2	63	80	0.7875000
NODE_12689_length_783_cov_39.881579	359	439	0	19	80	0.2375000
NODE_12689_length_783_cov_39.881579	359	439	2	22	80	0.2750000
NODE_12689_length_783_cov_39.881579	359	439	3	25	80	0.3125000
NODE_12689_length_783_cov_39.881579	359	439	4	14	80	0.1750000
NODE_12689_length_783_cov_39.881579	412	492	3	40	80	0.5000000
NODE_12689_length_783_cov_39.881579	412	492	4	40	80	0.5000000
NODE_12690_length_783_cov_35.967836	229	309	0	80	80	1.0000000
NODE_12690_length_783_cov_35.967836	282	362	0	80	80	1.0000000
NODE_12691_length_783_cov_28.203216	292	372	0	80	80	1.0000000
NODE_12691_length_783_cov_28.203216	345	425	0	80	80	1.0000000
NODE_12692_length_783_cov_16.695906	393	473	0	37	80	0.4625000
NODE_12692_length_783_cov_16.695906	393	473	2	43	80	0.5375000
NODE_12692_length_783_cov_16.695906	446	526	0	27	80	0.3375000
NODE_12692_length_783_cov_16.695906	446	526	4	53	80	0.6625000
NODE_12693_length_783_cov_15.656433	418	498	0	21	80	0.2625000
NODE_12693_length_783_cov_15.656433	418	498	4	59	80	0.7375000
NODE_12693_length_783_cov_15.656433	471	551	4	80	80	1.0000000
NODE_12694_length_783_cov_14.904971	321	401	0	1	80	0.0125000
NODE_12694_length_783_cov_14.904971	321	401	2	79	80	0.9875000
NODE_12694_length_783_cov_14.904971	374	454	0	54	80	0.6750000
NODE_12694_length_783_cov_14.904971	374	454	2	26	80	0.3250000
NODE_12728_length_782_cov_22.461201	347	427	0	27	80	0.3375000
NODE_12728_length_782_cov_22.461201	347	427	2	53	80	0.6625000
NODE_12728_length_782_cov_22.461201	400	480	2	80	80	1.0000000
NODE_12729_length_782_cov_19.163982	306	386	4	80	80	1.0000000
NODE_12729_length_782_cov_19.163982	382	462	0	60	80	0.7500000
NODE_12729_length_782_cov_19.163982	382	462	4	20	80	0.2500000
NODE_12729_length_782_cov_19.163982	435	515	0	30	80	0.3750000
NODE_12729_length_782_cov_19.163982	435	515	2	50	80	0.6250000
NODE_12730_length_782_cov_19.090776	295	375	2	44	80	0.5500000
NODE_12730_length_782_cov_19.090776	295	375	4	36	80	0.4500000
NODE_12730_length_782_cov_19.090776	348	428	2	55	80	0.6875000
NODE_12730_length_782_cov_19.090776	348	428	4	25	80	0.3125000
NODE_12731_length_782_cov_13.509517	323	403	0	80	80	1.0000000
NODE_12731_length_782_cov_13.509517	376	456	0	80	80	1.0000000
NODE_12732_length_782_cov_11.364568	367	447	0	80	80	1.0000000
NODE_12732_length_782_cov_11.364568	420	500	0	80	80	1.0000000
NODE_12735_length_782_cov_7.976574	245	325	0	24	80	0.3000000
NODE_12735_length_782_cov_7.976574	245	325	2	56	80	0.7000000
NODE_12735_length_782_cov_7.976574	298	378	0	2	80	0.0250000
NODE_12735_length_782_cov_7.976574	298	378	2	78	80	0.9750000
NODE_12737_length_782_cov_5.500732	384	464	0	80	80	1.0000000
NODE_12737_length_782_cov_5.500732	437	517	0	39	80	0.4875000
NODE_12737_length_782_cov_5.500732	437	517	2	41	80	0.5125000
NODE_12739_length_782_cov_4.434846	309	389	0	68	80	0.8500000
NODE_12739_length_782_cov_4.434846	309	389	2	12	80	0.1500000
NODE_12739_length_782_cov_4.434846	362	442	0	80	80	1.0000000
NODE_12740_length_782_cov_3.352855	177	196	2	19	19	1.0000000
NODE_12741_length_782_cov_3.231332	160	240	2	1	80	0.0125000
NODE_12741_length_782_cov_3.231332	160	240	6	24	80	0.3000000
NODE_12741_length_782_cov_3.231332	160	240	8	55	80	0.6875000
NODE_12741_length_782_cov_3.231332	213	298	0	7	85	0.0823529
NODE_12741_length_782_cov_3.231332	213	298	2	52	85	0.6117647
NODE_12741_length_782_cov_3.231332	213	298	8	26	85	0.3058824
NODE_12765_length_781_cov_34.247801	174	254	0	73	80	0.9125000
NODE_12765_length_781_cov_34.247801	174	254	2	7	80	0.0875000
NODE_12765_length_781_cov_34.247801	227	307	0	20	80	0.2500000
NODE_12765_length_781_cov_34.247801	227	307	2	60	80	0.7500000
NODE_12766_length_781_cov_27.530792	490	570	0	15	80	0.1875000
NODE_12766_length_781_cov_27.530792	490	570	2	65	80	0.8125000
NODE_12766_length_781_cov_27.530792	543	623	0	63	80	0.7875000
NODE_12766_length_781_cov_27.530792	543	623	2	17	80	0.2125000
NODE_12766_length_781_cov_27.530792	619	699	0	80	80	1.0000000
NODE_12766_length_781_cov_27.530792	672	752	0	80	80	1.0000000
NODE_12767_length_781_cov_22.768328	427	507	0	42	80	0.5250000
NODE_12767_length_781_cov_22.768328	427	507	2	38	80	0.4750000
NODE_12767_length_781_cov_22.768328	480	560	2	80	80	1.0000000
NODE_12768_length_781_cov_17.894428	411	491	2	60	80	0.7500000
NODE_12768_length_781_cov_17.894428	411	491	4	20	80	0.2500000
NODE_12768_length_781_cov_17.894428	464	544	2	8	80	0.1000000
NODE_12768_length_781_cov_17.894428	464	544	4	44	80	0.5500000
NODE_12768_length_781_cov_17.894428	464	544	5	4	80	0.0500000
NODE_12768_length_781_cov_17.894428	464	544	6	24	80	0.3000000
NODE_12769_length_781_cov_14.922287	486	565	0	4	79	0.0506329
NODE_12769_length_781_cov_14.922287	486	565	2	75	79	0.9493671
NODE_12769_length_781_cov_14.922287	538	618	0	57	80	0.7125000
NODE_12769_length_781_cov_14.922287	538	618	2	23	80	0.2875000
NODE_12770_length_781_cov_12.529326	318	398	0	19	80	0.2375000
NODE_12770_length_781_cov_12.529326	318	398	4	42	80	0.5250000
NODE_12770_length_781_cov_12.529326	318	398	10	19	80	0.2375000
NODE_12770_length_781_cov_12.529326	371	451	4	8	80	0.1000000
NODE_12770_length_781_cov_12.529326	371	451	6	45	80	0.5625000
NODE_12770_length_781_cov_12.529326	371	451	10	27	80	0.3375000
NODE_12771_length_781_cov_10.303519	444	524	6	4	80	0.0500000
NODE_12771_length_781_cov_10.303519	444	524	8	2	80	0.0250000
NODE_12771_length_781_cov_10.303519	444	524	10	74	80	0.9250000
NODE_12772_length_781_cov_9.851906	374	454	0	80	80	1.0000000
NODE_12772_length_781_cov_9.851906	427	507	0	80	80	1.0000000
NODE_12775_length_781_cov_8.557185	113	194	0	81	81	1.0000000
NODE_12775_length_781_cov_8.557185	166	239	0	73	73	1.0000000
NODE_12778_length_781_cov_4.734604	30	110	0	48	80	0.6000000
NODE_12778_length_781_cov_4.734604	30	110	2	32	80	0.4000000
NODE_12778_length_781_cov_4.734604	83	163	0	80	80	1.0000000
NODE_12780_length_781_cov_4.077713	269	349	0	80	80	1.0000000
NODE_12780_length_781_cov_4.077713	322	402	0	80	80	1.0000000
NODE_12812_length_780_cov_37.693098	165	245	0	47	80	0.5875000
NODE_12812_length_780_cov_37.693098	165	245	6	33	80	0.4125000
NODE_12812_length_780_cov_37.693098	218	298	6	80	80	1.0000000
NODE_12813_length_780_cov_22.132159	407	487	2	9	80	0.1125000
NODE_12813_length_780_cov_22.132159	407	487	4	8	80	0.1000000
NODE_12813_length_780_cov_22.132159	407	487	6	63	80	0.7875000
NODE_12813_length_780_cov_22.132159	460	540	0	19	80	0.2375000
NODE_12813_length_780_cov_22.132159	460	540	2	43	80	0.5375000
NODE_12813_length_780_cov_22.132159	460	540	6	18	80	0.2250000
NODE_12814_length_780_cov_21.831131	299	379	0	28	80	0.3500000
NODE_12814_length_780_cov_21.831131	299	379	2	3	80	0.0375000
NODE_12814_length_780_cov_21.831131	299	379	6	49	80	0.6125000
NODE_12814_length_780_cov_21.831131	352	432	4	15	80	0.1875000
NODE_12814_length_780_cov_21.831131	352	432	6	65	80	0.8125000
NODE_12815_length_780_cov_16.722467	165	245	0	80	80	1.0000000
NODE_12815_length_780_cov_16.722467	218	298	0	80	80	1.0000000
NODE_12816_length_780_cov_13.189427	150	254	0	104	104	1.0000000
NODE_12816_length_780_cov_13.189427	227	307	0	80	80	1.0000000
NODE_12817_length_780_cov_12.910426	276	356	0	35	80	0.4375000
NODE_12817_length_780_cov_12.910426	276	356	2	37	80	0.4625000
NODE_12817_length_780_cov_12.910426	276	356	4	8	80	0.1000000
NODE_12817_length_780_cov_12.910426	329	409	2	31	80	0.3875000
NODE_12817_length_780_cov_12.910426	329	409	4	49	80	0.6125000
NODE_12818_length_780_cov_8.455213	141	221	0	30	80	0.3750000
NODE_12818_length_780_cov_8.455213	141	221	2	50	80	0.6250000
NODE_12818_length_780_cov_8.455213	194	274	0	80	80	1.0000000
NODE_12848_length_779_cov_51.022059	8	43	0	2	35	0.0571429
NODE_12848_length_779_cov_51.022059	8	43	2	33	35	0.9428571
NODE_12848_length_779_cov_51.022059	53	96	2	43	43	1.0000000
NODE_12848_length_779_cov_51.022059	97	177	0	37	80	0.4625000
NODE_12848_length_779_cov_51.022059	97	177	2	43	80	0.5375000
NODE_12848_length_779_cov_51.022059	150	230	0	2	80	0.0250000
NODE_12848_length_779_cov_51.022059	150	230	2	78	80	0.9750000
NODE_12849_length_779_cov_23.682353	362	442	2	42	80	0.5250000
NODE_12849_length_779_cov_23.682353	362	442	7	1	80	0.0125000
NODE_12849_length_779_cov_23.682353	362	442	8	6	80	0.0750000
NODE_12849_length_779_cov_23.682353	362	442	10	10	80	0.1250000
NODE_12849_length_779_cov_23.682353	362	442	11	1	80	0.0125000
NODE_12849_length_779_cov_23.682353	362	442	12	20	80	0.2500000
NODE_12849_length_779_cov_23.682353	415	495	10	63	80	0.7875000
NODE_12849_length_779_cov_23.682353	415	495	12	17	80	0.2125000
NODE_12850_length_779_cov_15.994118	320	400	0	80	80	1.0000000
NODE_12850_length_779_cov_15.994118	373	453	0	80	80	1.0000000
NODE_12851_length_779_cov_14.386765	258	320	12	19	62	0.3064516
NODE_12851_length_779_cov_14.386765	258	320	13	4	62	0.0645161
NODE_12851_length_779_cov_14.386765	258	320	14	10	62	0.1612903
NODE_12851_length_779_cov_14.386765	258	320	15	7	62	0.1129032
NODE_12851_length_779_cov_14.386765	258	320	16	3	62	0.0483871
NODE_12851_length_779_cov_14.386765	258	320	18	1	62	0.0161290
NODE_12851_length_779_cov_14.386765	258	320	19	6	62	0.0967742
NODE_12851_length_779_cov_14.386765	258	320	21	2	62	0.0322581
NODE_12851_length_779_cov_14.386765	258	320	25	3	62	0.0483871
NODE_12851_length_779_cov_14.386765	258	320	27	1	62	0.0161290
NODE_12851_length_779_cov_14.386765	258	320	31	6	62	0.0967742
NODE_12851_length_779_cov_14.386765	293	368	13	1	75	0.0133333
NODE_12851_length_779_cov_14.386765	293	368	15	7	75	0.0933333
NODE_12851_length_779_cov_14.386765	293	368	18	1	75	0.0133333
NODE_12851_length_779_cov_14.386765	293	368	19	6	75	0.0800000
NODE_12851_length_779_cov_14.386765	293	368	21	2	75	0.0266667
NODE_12851_length_779_cov_14.386765	293	368	25	3	75	0.0400000
NODE_12851_length_779_cov_14.386765	293	368	26	13	75	0.1733333
NODE_12851_length_779_cov_14.386765	293	368	27	1	75	0.0133333
NODE_12851_length_779_cov_14.386765	293	368	30	4	75	0.0533333
NODE_12851_length_779_cov_14.386765	293	368	31	33	75	0.4400000
NODE_12851_length_779_cov_14.386765	293	368	33	4	75	0.0533333
NODE_12851_length_779_cov_14.386765	369	443	15	16	74	0.2162162
NODE_12851_length_779_cov_14.386765	369	443	20	24	74	0.3243243
NODE_12851_length_779_cov_14.386765	369	443	21	3	74	0.0405405
NODE_12851_length_779_cov_14.386765	369	443	22	13	74	0.1756757
NODE_12851_length_779_cov_14.386765	369	443	24	10	74	0.1351351
NODE_12851_length_779_cov_14.386765	369	443	26	8	74	0.1081081
NODE_12852_length_779_cov_11.861765	180	263	0	83	83	1.0000000
NODE_12852_length_779_cov_11.861765	236	316	0	80	80	1.0000000
NODE_12852_length_779_cov_11.861765	312	392	0	80	80	1.0000000
NODE_12852_length_779_cov_11.861765	365	445	0	80	80	1.0000000
NODE_12853_length_779_cov_11.735294	285	365	0	80	80	1.0000000
NODE_12853_length_779_cov_11.735294	338	418	0	80	80	1.0000000
NODE_12854_length_779_cov_7.211765	333	413	0	80	80	1.0000000
NODE_12854_length_779_cov_7.211765	386	466	0	55	80	0.6875000
NODE_12854_length_779_cov_7.211765	386	466	2	25	80	0.3125000
NODE_12857_length_779_cov_5.611765	271	351	0	6	80	0.0750000
NODE_12857_length_779_cov_5.611765	271	351	2	74	80	0.9250000
NODE_12857_length_779_cov_5.611765	324	404	0	24	80	0.3000000
NODE_12857_length_779_cov_5.611765	324	404	2	56	80	0.7000000
NODE_12859_length_779_cov_4.695588	216	296	0	80	80	1.0000000
NODE_12859_length_779_cov_4.695588	269	349	0	80	80	1.0000000
NODE_12863_length_779_cov_2.329412	615	672	4	57	57	1.0000000
NODE_12883_length_778_cov_21.615611	325	405	0	70	80	0.8750000
NODE_12883_length_778_cov_21.615611	325	405	1	10	80	0.1250000
NODE_12883_length_778_cov_21.615611	378	458	0	17	80	0.2125000
NODE_12883_length_778_cov_21.615611	378	458	1	63	80	0.7875000
NODE_12884_length_778_cov_19.549337	348	428	0	19	80	0.2375000
NODE_12884_length_778_cov_19.549337	348	428	3	21	80	0.2625000
NODE_12884_length_778_cov_19.549337	348	428	4	40	80	0.5000000
NODE_12884_length_778_cov_19.549337	401	481	0	11	80	0.1375000
NODE_12884_length_778_cov_19.549337	401	481	3	63	80	0.7875000
NODE_12884_length_778_cov_19.549337	401	481	4	6	80	0.0750000
NODE_12885_length_778_cov_15.403535	312	392	0	80	80	1.0000000
NODE_12885_length_778_cov_15.403535	365	445	0	80	80	1.0000000
NODE_12886_length_778_cov_14.614138	101	181	0	27	80	0.3375000
NODE_12886_length_778_cov_14.614138	101	181	2	21	80	0.2625000
NODE_12886_length_778_cov_14.614138	101	181	5	32	80	0.4000000
NODE_12886_length_778_cov_14.614138	154	234	5	80	80	1.0000000
NODE_12887_length_778_cov_13.368189	256	336	2	24	80	0.3000000
NODE_12887_length_778_cov_13.368189	256	336	4	41	80	0.5125000
NODE_12887_length_778_cov_13.368189	256	336	6	15	80	0.1875000
NODE_12887_length_778_cov_13.368189	309	389	2	77	80	0.9625000
NODE_12887_length_778_cov_13.368189	309	389	4	3	80	0.0375000
NODE_12891_length_778_cov_6.307806	349	429	4	80	80	1.0000000
NODE_12891_length_778_cov_6.307806	402	482	0	24	80	0.3000000
NODE_12891_length_778_cov_6.307806	402	482	4	56	80	0.7000000
NODE_12893_length_778_cov_5.985272	385	465	0	80	80	1.0000000
NODE_12893_length_778_cov_5.985272	438	518	0	80	80	1.0000000
NODE_12928_length_777_cov_25.504425	323	403	0	41	80	0.5125000
NODE_12928_length_777_cov_25.504425	323	403	2	39	80	0.4875000
NODE_12928_length_777_cov_25.504425	376	456	2	80	80	1.0000000
NODE_12929_length_777_cov_25.410029	346	426	0	80	80	1.0000000
NODE_12929_length_777_cov_25.410029	399	479	0	80	80	1.0000000
NODE_12930_length_777_cov_25.333333	97	177	0	80	80	1.0000000
NODE_12930_length_777_cov_25.333333	150	230	0	80	80	1.0000000
NODE_12931_length_777_cov_21.600295	408	485	0	20	77	0.2597403
NODE_12931_length_777_cov_21.600295	408	485	3	57	77	0.7402598
NODE_12931_length_777_cov_21.600295	458	538	0	73	80	0.9125000
NODE_12931_length_777_cov_21.600295	458	538	3	7	80	0.0875000
NODE_12932_length_777_cov_19.561947	343	423	0	9	80	0.1125000
NODE_12932_length_777_cov_19.561947	343	423	2	71	80	0.8875000
NODE_12932_length_777_cov_19.561947	396	476	0	28	80	0.3500000
NODE_12932_length_777_cov_19.561947	396	476	2	52	80	0.6500000
NODE_12933_length_777_cov_16.961652	264	344	0	43	80	0.5375000
NODE_12933_length_777_cov_16.961652	264	344	2	37	80	0.4625000
NODE_12933_length_777_cov_16.961652	317	397	2	80	80	1.0000000
NODE_12934_length_777_cov_16.081121	299	379	0	8	80	0.1000000
NODE_12934_length_777_cov_16.081121	299	379	2	72	80	0.9000000
NODE_12934_length_777_cov_16.081121	352	432	2	37	80	0.4625000
NODE_12934_length_777_cov_16.081121	352	432	4	26	80	0.3250000
NODE_12934_length_777_cov_16.081121	352	432	6	17	80	0.2125000
NODE_12935_length_777_cov_13.827434	380	460	4	4	80	0.0500000
NODE_12935_length_777_cov_13.827434	380	460	6	42	80	0.5250000
NODE_12935_length_777_cov_13.827434	380	460	8	3	80	0.0375000
NODE_12935_length_777_cov_13.827434	380	460	9	1	80	0.0125000
NODE_12935_length_777_cov_13.827434	380	460	10	30	80	0.3750000
NODE_12935_length_777_cov_13.827434	433	513	2	5	80	0.0625000
NODE_12935_length_777_cov_13.827434	433	513	4	25	80	0.3125000
NODE_12935_length_777_cov_13.827434	433	513	6	50	80	0.6250000
NODE_12936_length_777_cov_12.497050	413	493	0	57	80	0.7125000
NODE_12936_length_777_cov_12.497050	413	493	2	23	80	0.2875000
NODE_12936_length_777_cov_12.497050	466	546	0	4	80	0.0500000
NODE_12936_length_777_cov_12.497050	466	546	2	76	80	0.9500000
NODE_12937_length_777_cov_10.787611	213	286	6	11	73	0.1506849
NODE_12937_length_777_cov_10.787611	213	286	8	62	73	0.8493150
NODE_12938_length_777_cov_8.530973	362	422	0	60	60	1.0000000
NODE_12939_length_777_cov_7.634218	79	159	0	25	80	0.3125000
NODE_12939_length_777_cov_7.634218	79	159	2	55	80	0.6875000
NODE_12939_length_777_cov_7.634218	132	212	0	78	80	0.9750000
NODE_12939_length_777_cov_7.634218	132	212	2	2	80	0.0250000
NODE_12940_length_777_cov_6.963127	256	336	0	80	80	1.0000000
NODE_12940_length_777_cov_6.963127	309	389	0	80	80	1.0000000
NODE_12941_length_777_cov_6.417404	565	638	0	73	73	1.0000000
NODE_12942_length_777_cov_5.868732	443	523	0	27	80	0.3375000
NODE_12942_length_777_cov_5.868732	443	523	2	53	80	0.6625000
NODE_12942_length_777_cov_5.868732	496	576	2	57	80	0.7125000
NODE_12942_length_777_cov_5.868732	496	576	4	23	80	0.2875000
NODE_12971_length_776_cov_81.002954	237	317	0	66	80	0.8250000
NODE_12971_length_776_cov_81.002954	237	317	4	1	80	0.0125000
NODE_12971_length_776_cov_81.002954	237	317	7	1	80	0.0125000
NODE_12971_length_776_cov_81.002954	237	317	17	1	80	0.0125000
NODE_12971_length_776_cov_81.002954	237	317	18	1	80	0.0125000
NODE_12971_length_776_cov_81.002954	237	317	21	1	80	0.0125000
NODE_12971_length_776_cov_81.002954	237	317	37	1	80	0.0125000
NODE_12971_length_776_cov_81.002954	237	317	41	1	80	0.0125000
NODE_12971_length_776_cov_81.002954	237	317	46	1	80	0.0125000
NODE_12971_length_776_cov_81.002954	237	317	59	1	80	0.0125000
NODE_12971_length_776_cov_81.002954	237	317	63	1	80	0.0125000
NODE_12971_length_776_cov_81.002954	237	317	64	2	80	0.0250000
NODE_12971_length_776_cov_81.002954	237	317	73	1	80	0.0125000
NODE_12971_length_776_cov_81.002954	237	317	78	1	80	0.0125000
NODE_12971_length_776_cov_81.002954	290	370	0	80	80	1.0000000
NODE_12972_length_776_cov_40.502216	345	425	4	80	80	1.0000000
NODE_12972_length_776_cov_40.502216	398	478	0	8	80	0.1000000
NODE_12972_length_776_cov_40.502216	398	478	2	8	80	0.1000000
NODE_12972_length_776_cov_40.502216	398	478	4	64	80	0.8000000
NODE_12973_length_776_cov_34.921713	204	284	2	80	80	1.0000000
NODE_12973_length_776_cov_34.921713	257	337	0	52	80	0.6500000
NODE_12973_length_776_cov_34.921713	257	337	2	28	80	0.3500000
NODE_12974_length_776_cov_29.998523	177	257	0	48	80	0.6000000
NODE_12974_length_776_cov_29.998523	177	257	2	32	80	0.4000000
NODE_12974_length_776_cov_29.998523	230	310	0	1	80	0.0125000
NODE_12974_length_776_cov_29.998523	230	310	2	79	80	0.9875000
NODE_12975_length_776_cov_25.683900	417	497	0	60	80	0.7500000
NODE_12975_length_776_cov_25.683900	417	497	6	20	80	0.2500000
NODE_12975_length_776_cov_25.683900	470	550	0	7	80	0.0875000
NODE_12975_length_776_cov_25.683900	470	550	6	73	80	0.9125000
NODE_12976_length_776_cov_22.276219	367	447	0	8	80	0.1000000
NODE_12976_length_776_cov_22.276219	367	447	2	72	80	0.9000000
NODE_12976_length_776_cov_22.276219	420	500	0	61	80	0.7625000
NODE_12976_length_776_cov_22.276219	420	500	2	19	80	0.2375000
NODE_12977_length_776_cov_19.574594	242	322	0	80	80	1.0000000
NODE_12977_length_776_cov_19.574594	295	375	0	80	80	1.0000000
NODE_12978_length_776_cov_18.262925	384	464	0	47	80	0.5875000
NODE_12978_length_776_cov_18.262925	384	464	2	33	80	0.4125000
NODE_12978_length_776_cov_18.262925	437	517	0	62	80	0.7750000
NODE_12978_length_776_cov_18.262925	437	517	2	18	80	0.2250000
NODE_12979_length_776_cov_16.023634	334	414	0	19	80	0.2375000
NODE_12979_length_776_cov_16.023634	334	414	2	61	80	0.7625000
NODE_12979_length_776_cov_16.023634	387	467	0	27	80	0.3375000
NODE_12979_length_776_cov_16.023634	387	467	2	53	80	0.6625000
NODE_12980_length_776_cov_15.841950	282	362	0	80	80	1.0000000
NODE_12980_length_776_cov_15.841950	335	415	0	80	80	1.0000000
NODE_12981_length_776_cov_14.131462	240	320	0	80	80	1.0000000
NODE_12981_length_776_cov_14.131462	293	373	0	80	80	1.0000000
NODE_12981_length_776_cov_14.131462	369	449	0	80	80	1.0000000
NODE_12981_length_776_cov_14.131462	422	502	0	80	80	1.0000000
NODE_12983_length_776_cov_13.890694	302	382	0	49	80	0.6125000
NODE_12983_length_776_cov_13.890694	302	382	2	31	80	0.3875000
NODE_12983_length_776_cov_13.890694	355	435	2	80	80	1.0000000
NODE_12984_length_776_cov_12.097489	488	568	0	80	80	1.0000000
NODE_12984_length_776_cov_12.097489	541	621	0	80	80	1.0000000
NODE_12985_length_776_cov_11.923191	422	498	0	76	76	1.0000000
NODE_12985_length_776_cov_11.923191	475	551	0	76	76	1.0000000
NODE_12986_length_776_cov_11.163959	312	392	0	28	80	0.3500000
NODE_12986_length_776_cov_11.163959	312	392	2	52	80	0.6500000
NODE_12986_length_776_cov_11.163959	365	445	2	80	80	1.0000000
NODE_12987_length_776_cov_9.754801	370	450	0	80	80	1.0000000
NODE_12987_length_776_cov_9.754801	423	503	0	80	80	1.0000000
NODE_12989_length_776_cov_8.271787	332	412	0	12	80	0.1500000
NODE_12989_length_776_cov_8.271787	332	412	1	1	80	0.0125000
NODE_12989_length_776_cov_8.271787	332	412	2	67	80	0.8375000
NODE_12989_length_776_cov_8.271787	385	465	0	65	80	0.8125000
NODE_12989_length_776_cov_8.271787	385	465	1	1	80	0.0125000
NODE_12989_length_776_cov_8.271787	385	465	2	14	80	0.1750000
NODE_12990_length_776_cov_4.874446	330	410	0	80	80	1.0000000
NODE_12990_length_776_cov_4.874446	383	463	0	80	80	1.0000000
NODE_13022_length_775_cov_33.612426	372	452	0	4	80	0.0500000
NODE_13022_length_775_cov_33.612426	372	452	1	16	80	0.2000000
NODE_13022_length_775_cov_33.612426	372	452	2	60	80	0.7500000
NODE_13022_length_775_cov_33.612426	425	505	0	57	80	0.7125000
NODE_13022_length_775_cov_33.612426	425	505	1	16	80	0.2000000
NODE_13022_length_775_cov_33.612426	425	505	2	7	80	0.0875000
NODE_13023_length_775_cov_25.500000	361	434	0	35	73	0.4794520
NODE_13023_length_775_cov_25.500000	361	434	2	38	73	0.5205479
NODE_13023_length_775_cov_25.500000	413	487	2	26	74	0.3513514
NODE_13023_length_775_cov_25.500000	413	487	4	25	74	0.3378378
NODE_13023_length_775_cov_25.500000	413	487	6	23	74	0.3108108
NODE_13024_length_775_cov_24.128698	220	300	0	15	80	0.1875000
NODE_13024_length_775_cov_24.128698	220	300	4	65	80	0.8125000
NODE_13024_length_775_cov_24.128698	273	353	0	26	80	0.3250000
NODE_13024_length_775_cov_24.128698	273	353	4	54	80	0.6750000
NODE_13026_length_775_cov_16.165680	358	438	2	80	80	1.0000000
NODE_13026_length_775_cov_16.165680	411	491	0	39	80	0.4875000
NODE_13026_length_775_cov_16.165680	411	491	2	41	80	0.5125000
NODE_13027_length_775_cov_8.522189	440	520	6	28	80	0.3500000
NODE_13027_length_775_cov_8.522189	440	520	14	5	80	0.0625000
NODE_13027_length_775_cov_8.522189	440	520	16	2	80	0.0250000
NODE_13027_length_775_cov_8.522189	440	520	18	7	80	0.0875000
NODE_13027_length_775_cov_8.522189	440	520	20	38	80	0.4750000
NODE_13027_length_775_cov_8.522189	493	573	10	12	80	0.1500000
NODE_13027_length_775_cov_8.522189	493	573	12	11	80	0.1375000
NODE_13027_length_775_cov_8.522189	493	573	14	1	80	0.0125000
NODE_13027_length_775_cov_8.522189	493	573	16	3	80	0.0375000
NODE_13027_length_775_cov_8.522189	493	573	18	15	80	0.1875000
NODE_13027_length_775_cov_8.522189	493	573	20	38	80	0.4750000
NODE_13028_length_775_cov_8.258876	247	327	0	80	80	1.0000000
NODE_13028_length_775_cov_8.258876	300	380	0	80	80	1.0000000
NODE_13031_length_775_cov_3.786982	299	379	0	6	80	0.0750000
NODE_13031_length_775_cov_3.786982	299	379	2	74	80	0.9250000
NODE_13031_length_775_cov_3.786982	352	432	0	59	80	0.7375000
NODE_13031_length_775_cov_3.786982	352	432	2	21	80	0.2625000
NODE_13059_length_774_cov_27.386667	433	514	2	78	81	0.9629630
NODE_13059_length_774_cov_27.386667	433	514	4	3	81	0.0370370
NODE_13059_length_774_cov_27.386667	487	567	2	57	80	0.7125000
NODE_13059_length_774_cov_27.386667	487	567	4	23	80	0.2875000
NODE_13060_length_774_cov_19.721481	239	319	2	26	80	0.3250000
NODE_13060_length_774_cov_19.721481	239	319	4	32	80	0.4000000
NODE_13060_length_774_cov_19.721481	239	319	6	22	80	0.2750000
NODE_13060_length_774_cov_19.721481	292	372	2	79	80	0.9875000
NODE_13060_length_774_cov_19.721481	292	372	4	1	80	0.0125000
NODE_13063_length_774_cov_4.594074	216	294	0	17	78	0.2179487
NODE_13063_length_774_cov_4.594074	216	294	6	23	78	0.2948718
NODE_13063_length_774_cov_4.594074	216	294	8	38	78	0.4871795
NODE_13063_length_774_cov_4.594074	269	347	2	27	78	0.3461539
NODE_13063_length_774_cov_4.594074	269	347	4	11	78	0.1410256
NODE_13063_length_774_cov_4.594074	269	347	8	40	78	0.5128205
NODE_13063_length_774_cov_4.594074	405	485	0	26	80	0.3250000
NODE_13063_length_774_cov_4.594074	405	485	2	19	80	0.2375000
NODE_13063_length_774_cov_4.594074	405	485	4	20	80	0.2500000
NODE_13063_length_774_cov_4.594074	405	485	6	15	80	0.1875000
NODE_13103_length_773_cov_60.566766	249	328	0	16	79	0.2025317
NODE_13103_length_773_cov_60.566766	249	328	2	23	79	0.2911392
NODE_13103_length_773_cov_60.566766	249	328	6	40	79	0.5063291
NODE_13103_length_773_cov_60.566766	304	381	4	8	77	0.1038961
NODE_13103_length_773_cov_60.566766	304	381	6	69	77	0.8961039
NODE_13104_length_773_cov_27.299703	230	310	0	32	80	0.4000000
NODE_13104_length_773_cov_27.299703	230	310	2	48	80	0.6000000
NODE_13104_length_773_cov_27.299703	283	363	0	9	80	0.1125000
NODE_13104_length_773_cov_27.299703	283	363	2	71	80	0.8875000
NODE_13105_length_773_cov_24.250742	392	470	4	13	78	0.1666667
NODE_13105_length_773_cov_24.250742	392	470	6	65	78	0.8333333
NODE_13105_length_773_cov_24.250742	443	523	0	30	80	0.3750000
NODE_13105_length_773_cov_24.250742	443	523	4	36	80	0.4500000
NODE_13105_length_773_cov_24.250742	443	523	6	14	80	0.1750000
NODE_13106_length_773_cov_20.683976	367	447	4	30	80	0.3750000
NODE_13106_length_773_cov_20.683976	367	447	6	37	80	0.4625000
NODE_13106_length_773_cov_20.683976	367	447	8	13	80	0.1625000
NODE_13106_length_773_cov_20.683976	420	500	2	2	80	0.0250000
NODE_13106_length_773_cov_20.683976	420	500	4	14	80	0.1750000
NODE_13106_length_773_cov_20.683976	420	500	6	13	80	0.1625000
NODE_13106_length_773_cov_20.683976	420	500	8	51	80	0.6375000
NODE_13107_length_773_cov_18.498516	248	328	0	20	80	0.2500000
NODE_13107_length_773_cov_18.498516	248	328	2	8	80	0.1000000
NODE_13107_length_773_cov_18.498516	248	328	4	52	80	0.6500000
NODE_13107_length_773_cov_18.498516	301	381	0	73	80	0.9125000
NODE_13107_length_773_cov_18.498516	301	381	2	7	80	0.0875000
NODE_13108_length_773_cov_14.063798	405	485	0	38	80	0.4750000
NODE_13108_length_773_cov_14.063798	405	485	2	42	80	0.5250000
NODE_13108_length_773_cov_14.063798	458	538	0	80	80	1.0000000
NODE_13109_length_773_cov_12.482196	421	501	2	36	80	0.4500000
NODE_13109_length_773_cov_12.482196	421	501	3	44	80	0.5500000
NODE_13109_length_773_cov_12.482196	474	554	0	11	80	0.1375000
NODE_13109_length_773_cov_12.482196	474	554	1	37	80	0.4625000
NODE_13109_length_773_cov_12.482196	474	554	2	32	80	0.4000000
NODE_13114_length_773_cov_9.136499	214	294	2	30	80	0.3750000
NODE_13114_length_773_cov_9.136499	214	294	4	50	80	0.6250000
NODE_13114_length_773_cov_9.136499	267	347	2	1	80	0.0125000
NODE_13114_length_773_cov_9.136499	267	347	4	79	80	0.9875000
NODE_13115_length_773_cov_8.609792	461	541	0	80	80	1.0000000
NODE_13115_length_773_cov_8.609792	514	594	0	80	80	1.0000000
NODE_13116_length_773_cov_7.224036	200	280	0	80	80	1.0000000
NODE_13116_length_773_cov_7.224036	253	333	0	80	80	1.0000000
NODE_13117_length_773_cov_6.910979	522	615	0	93	93	1.0000000
NODE_13117_length_773_cov_6.910979	588	668	0	80	80	1.0000000
NODE_13147_length_772_cov_28.044577	231	311	4	80	80	1.0000000
NODE_13147_length_772_cov_28.044577	284	364	0	14	80	0.1750000
NODE_13147_length_772_cov_28.044577	284	364	3	26	80	0.3250000
NODE_13147_length_772_cov_28.044577	284	364	4	40	80	0.5000000
NODE_13149_length_772_cov_9.523031	288	368	0	61	80	0.7625000
NODE_13149_length_772_cov_9.523031	288	368	2	19	80	0.2375000
NODE_13149_length_772_cov_9.523031	341	421	0	80	80	1.0000000
NODE_13150_length_772_cov_8.778603	133	213	0	64	80	0.8000000
NODE_13150_length_772_cov_8.778603	133	213	2	16	80	0.2000000
NODE_13150_length_772_cov_8.778603	186	266	0	18	80	0.2250000
NODE_13150_length_772_cov_8.778603	186	266	2	62	80	0.7750000
NODE_13151_length_772_cov_7.921248	351	431	1	16	80	0.2000000
NODE_13151_length_772_cov_7.921248	351	431	2	64	80	0.8000000
NODE_13151_length_772_cov_7.921248	404	480	2	74	76	0.9736842
NODE_13151_length_772_cov_7.921248	404	480	8	2	76	0.0263158
NODE_13152_length_772_cov_7.059435	276	356	0	80	80	1.0000000
NODE_13152_length_772_cov_7.059435	329	409	0	80	80	1.0000000
NODE_13153_length_772_cov_5.536404	269	299	0	30	30	1.0000000
NODE_13153_length_772_cov_5.536404	272	341	0	69	69	1.0000000
NODE_13156_length_772_cov_4.838039	430	510	0	58	80	0.7250000
NODE_13156_length_772_cov_4.838039	430	510	2	22	80	0.2750000
NODE_13156_length_772_cov_4.838039	483	563	0	80	80	1.0000000
NODE_13162_length_772_cov_3.041605	339	419	0	80	80	1.0000000
NODE_13162_length_772_cov_3.041605	392	472	0	80	80	1.0000000
NODE_13195_length_771_cov_36.729167	223	304	0	81	81	1.0000000
NODE_13195_length_771_cov_36.729167	277	357	0	80	80	1.0000000
NODE_13195_length_771_cov_36.729167	353	434	0	81	81	1.0000000
NODE_13195_length_771_cov_36.729167	407	487	0	80	80	1.0000000
NODE_13196_length_771_cov_28.903274	337	417	0	3	80	0.0375000
NODE_13196_length_771_cov_28.903274	337	417	2	35	80	0.4375000
NODE_13196_length_771_cov_28.903274	337	417	4	3	80	0.0375000
NODE_13196_length_771_cov_28.903274	337	417	6	25	80	0.3125000
NODE_13196_length_771_cov_28.903274	337	417	8	14	80	0.1750000
NODE_13196_length_771_cov_28.903274	390	470	4	20	80	0.2500000
NODE_13196_length_771_cov_28.903274	390	470	6	46	80	0.5750000
NODE_13196_length_771_cov_28.903274	390	470	8	14	80	0.1750000
NODE_13197_length_771_cov_28.165179	453	533	0	80	80	1.0000000
NODE_13197_length_771_cov_28.165179	506	586	0	80	80	1.0000000
NODE_13198_length_771_cov_14.336310	259	339	0	80	80	1.0000000
NODE_13198_length_771_cov_14.336310	312	392	0	80	80	1.0000000
NODE_13199_length_771_cov_13.592262	428	508	0	80	80	1.0000000
NODE_13199_length_771_cov_13.592262	481	561	0	80	80	1.0000000
NODE_13200_length_771_cov_12.226190	407	487	0	39	80	0.4875000
NODE_13200_length_771_cov_12.226190	407	487	4	41	80	0.5125000
NODE_13200_length_771_cov_12.226190	460	540	0	5	80	0.0625000
NODE_13200_length_771_cov_12.226190	460	540	4	75	80	0.9375000
NODE_13201_length_771_cov_11.188988	348	428	0	5	80	0.0625000
NODE_13201_length_771_cov_11.188988	348	428	2	14	80	0.1750000
NODE_13201_length_771_cov_11.188988	348	428	8	50	80	0.6250000
NODE_13201_length_771_cov_11.188988	348	428	10	11	80	0.1375000
NODE_13201_length_771_cov_11.188988	401	481	7	7	80	0.0875000
NODE_13201_length_771_cov_11.188988	401	481	8	16	80	0.2000000
NODE_13201_length_771_cov_11.188988	401	481	9	36	80	0.4500000
NODE_13201_length_771_cov_11.188988	401	481	10	21	80	0.2625000
NODE_13202_length_771_cov_10.525298	171	251	0	45	80	0.5625000
NODE_13202_length_771_cov_10.525298	171	251	3	3	80	0.0375000
NODE_13202_length_771_cov_10.525298	171	251	4	32	80	0.4000000
NODE_13202_length_771_cov_10.525298	224	304	4	80	80	1.0000000
NODE_13207_length_771_cov_3.357143	238	318	0	80	80	1.0000000
NODE_13207_length_771_cov_3.357143	291	371	0	80	80	1.0000000
NODE_13209_length_771_cov_3.129464	476	518	4	42	42	1.0000000
NODE_13238_length_770_cov_45.312966	212	292	0	7	80	0.0875000
NODE_13238_length_770_cov_45.312966	212	292	2	17	80	0.2125000
NODE_13238_length_770_cov_45.312966	212	292	8	25	80	0.3125000
NODE_13238_length_770_cov_45.312966	212	292	16	31	80	0.3875000
NODE_13238_length_770_cov_45.312966	265	345	8	11	80	0.1375000
NODE_13238_length_770_cov_45.312966	265	345	10	19	80	0.2375000
NODE_13238_length_770_cov_45.312966	265	345	16	50	80	0.6250000
NODE_13239_length_770_cov_23.153502	348	428	4	47	80	0.5875000
NODE_13239_length_770_cov_23.153502	348	428	5	2	80	0.0250000
NODE_13239_length_770_cov_23.153502	348	428	6	31	80	0.3875000
NODE_13239_length_770_cov_23.153502	401	481	0	6	80	0.0750000
NODE_13239_length_770_cov_23.153502	401	481	2	34	80	0.4250000
NODE_13239_length_770_cov_23.153502	401	481	4	26	80	0.3250000
NODE_13239_length_770_cov_23.153502	401	481	5	2	80	0.0250000
NODE_13239_length_770_cov_23.153502	401	481	6	12	80	0.1500000
NODE_13240_length_770_cov_22.463487	340	420	8	80	80	1.0000000
NODE_13240_length_770_cov_22.463487	393	473	0	46	80	0.5750000
NODE_13240_length_770_cov_22.463487	393	473	7	1	80	0.0125000
NODE_13240_length_770_cov_22.463487	393	473	8	33	80	0.4125000
NODE_13241_length_770_cov_18.594635	335	416	8	13	81	0.1604938
NODE_13241_length_770_cov_18.594635	335	416	10	15	81	0.1851852
NODE_13241_length_770_cov_18.594635	335	416	12	53	81	0.6543210
NODE_13241_length_770_cov_18.594635	389	469	0	33	80	0.4125000
NODE_13241_length_770_cov_18.594635	389	469	2	7	80	0.0875000
NODE_13241_length_770_cov_18.594635	389	469	7	1	80	0.0125000
NODE_13241_length_770_cov_18.594635	389	469	8	25	80	0.3125000
NODE_13241_length_770_cov_18.594635	389	469	12	14	80	0.1750000
NODE_13242_length_770_cov_18.092399	292	372	0	80	80	1.0000000
NODE_13242_length_770_cov_18.092399	345	425	0	80	80	1.0000000
NODE_13243_length_770_cov_7.064083	294	374	0	80	80	1.0000000
NODE_13243_length_770_cov_7.064083	347	426	0	79	79	1.0000000
NODE_13246_length_770_cov_5.184799	341	421	0	24	80	0.3000000
NODE_13246_length_770_cov_5.184799	341	421	2	13	80	0.1625000
NODE_13246_length_770_cov_5.184799	341	421	4	43	80	0.5375000
NODE_13246_length_770_cov_5.184799	394	474	2	28	80	0.3500000
NODE_13246_length_770_cov_5.184799	394	474	4	52	80	0.6500000
NODE_13250_length_770_cov_4.120715	325	405	0	80	80	1.0000000
NODE_13250_length_770_cov_4.120715	378	458	0	80	80	1.0000000
NODE_13272_length_769_cov_11.008955	355	435	4	80	80	1.0000000
NODE_13272_length_769_cov_11.008955	408	488	0	2	80	0.0250000
NODE_13272_length_769_cov_11.008955	408	488	2	5	80	0.0625000
NODE_13272_length_769_cov_11.008955	408	488	4	73	80	0.9125000
NODE_13274_length_769_cov_9.077612	263	343	0	14	80	0.1750000
NODE_13274_length_769_cov_9.077612	263	343	2	15	80	0.1875000
NODE_13274_length_769_cov_9.077612	263	343	4	8	80	0.1000000
NODE_13274_length_769_cov_9.077612	263	343	8	43	80	0.5375000
NODE_13274_length_769_cov_9.077612	316	396	4	6	80	0.0750000
NODE_13274_length_769_cov_9.077612	316	396	8	69	80	0.8625000
NODE_13274_length_769_cov_9.077612	316	396	10	5	80	0.0625000
NODE_13275_length_769_cov_7.034328	289	367	0	78	78	1.0000000
NODE_13275_length_769_cov_7.034328	340	420	0	80	80	1.0000000
NODE_13307_length_769_cov_1.262687	620	668	12	48	48	1.0000000
NODE_13316_length_768_cov_19.195815	266	346	0	80	80	1.0000000
NODE_13316_length_768_cov_19.195815	319	399	0	80	80	1.0000000
NODE_13316_length_768_cov_19.195815	395	475	0	22	80	0.2750000
NODE_13316_length_768_cov_19.195815	395	475	2	58	80	0.7250000
NODE_13316_length_768_cov_19.195815	448	528	0	45	80	0.5625000
NODE_13316_length_768_cov_19.195815	448	528	2	35	80	0.4375000
NODE_13317_length_768_cov_16.420030	246	326	4	15	80	0.1875000
NODE_13317_length_768_cov_16.420030	246	326	6	1	80	0.0125000
NODE_13317_length_768_cov_16.420030	246	326	10	6	80	0.0750000
NODE_13317_length_768_cov_16.420030	246	326	12	42	80	0.5250000
NODE_13317_length_768_cov_16.420030	246	326	14	16	80	0.2000000
NODE_13317_length_768_cov_16.420030	299	379	0	5	80	0.0625000
NODE_13317_length_768_cov_16.420030	299	379	4	43	80	0.5375000
NODE_13317_length_768_cov_16.420030	299	379	12	11	80	0.1375000
NODE_13317_length_768_cov_16.420030	299	379	14	21	80	0.2625000
NODE_13318_length_768_cov_14.508221	309	389	0	80	80	1.0000000
NODE_13318_length_768_cov_14.508221	362	442	0	80	80	1.0000000
NODE_13319_length_768_cov_11.635277	309	389	2	73	80	0.9125000
NODE_13319_length_768_cov_11.635277	309	389	4	7	80	0.0875000
NODE_13319_length_768_cov_11.635277	362	442	2	58	80	0.7250000
NODE_13319_length_768_cov_11.635277	362	442	4	22	80	0.2750000
NODE_13321_length_768_cov_9.064275	392	472	0	6	80	0.0750000
NODE_13321_length_768_cov_9.064275	392	472	8	74	80	0.9250000
NODE_13321_length_768_cov_9.064275	445	525	8	62	80	0.7750000
NODE_13321_length_768_cov_9.064275	445	525	10	18	80	0.2250000
NODE_13324_length_768_cov_3.605381	512	592	0	80	80	1.0000000
NODE_13324_length_768_cov_3.605381	565	645	0	80	80	1.0000000
NODE_13354_length_767_cov_38.161677	28	108	4	1	80	0.0125000
NODE_13354_length_767_cov_38.161677	28	108	6	9	80	0.1125000
NODE_13354_length_767_cov_38.161677	28	108	8	6	80	0.0750000
NODE_13354_length_767_cov_38.161677	28	108	10	64	80	0.8000000
NODE_13354_length_767_cov_38.161677	254	334	0	42	80	0.5250000
NODE_13354_length_767_cov_38.161677	254	334	6	38	80	0.4750000
NODE_13354_length_767_cov_38.161677	307	387	6	80	80	1.0000000
NODE_13355_length_767_cov_24.107784	279	359	0	80	80	1.0000000
NODE_13355_length_767_cov_24.107784	332	412	0	80	80	1.0000000
NODE_13356_length_767_cov_22.823353	286	366	2	9	80	0.1125000
NODE_13356_length_767_cov_22.823353	286	366	4	1	80	0.0125000
NODE_13356_length_767_cov_22.823353	286	366	6	17	80	0.2125000
NODE_13356_length_767_cov_22.823353	286	366	8	53	80	0.6625000
NODE_13356_length_767_cov_22.823353	339	419	2	21	80	0.2625000
NODE_13356_length_767_cov_22.823353	339	419	4	42	80	0.5250000
NODE_13356_length_767_cov_22.823353	339	419	8	17	80	0.2125000
NODE_13357_length_767_cov_20.898204	312	392	2	73	80	0.9125000
NODE_13357_length_767_cov_20.898204	312	392	4	7	80	0.0875000
NODE_13357_length_767_cov_20.898204	365	445	2	73	80	0.9125000
NODE_13357_length_767_cov_20.898204	365	445	4	7	80	0.0875000
NODE_13358_length_767_cov_20.058383	357	439	0	82	82	1.0000000
NODE_13358_length_767_cov_20.058383	410	490	0	80	80	1.0000000
NODE_13359_length_767_cov_20.020958	191	271	4	80	80	1.0000000
NODE_13359_length_767_cov_20.020958	244	324	2	22	80	0.2750000
NODE_13359_length_767_cov_20.020958	244	324	4	58	80	0.7250000
NODE_13360_length_767_cov_18.687126	270	350	0	80	80	1.0000000
NODE_13360_length_767_cov_18.687126	323	403	0	80	80	1.0000000
NODE_13362_length_767_cov_13.323353	45	125	0	80	80	1.0000000
NODE_13362_length_767_cov_13.323353	98	178	0	36	80	0.4500000
NODE_13362_length_767_cov_13.323353	98	178	4	44	80	0.5500000
NODE_13366_length_767_cov_8.787425	377	447	0	70	70	1.0000000
NODE_13366_length_767_cov_8.787425	420	500	0	80	80	1.0000000
NODE_13367_length_767_cov_7.206587	306	386	0	12	80	0.1500000
NODE_13367_length_767_cov_7.206587	306	386	2	14	80	0.1750000
NODE_13367_length_767_cov_7.206587	306	386	4	14	80	0.1750000
NODE_13367_length_767_cov_7.206587	306	386	6	40	80	0.5000000
NODE_13367_length_767_cov_7.206587	359	440	0	12	81	0.1481481
NODE_13367_length_767_cov_7.206587	359	440	2	68	81	0.8395061
NODE_13367_length_767_cov_7.206587	359	440	4	1	81	0.0123457
NODE_13403_length_766_cov_59.388306	322	402	1	80	80	1.0000000
NODE_13403_length_766_cov_59.388306	375	455	0	52	80	0.6500000
NODE_13403_length_766_cov_59.388306	375	455	1	28	80	0.3500000
NODE_13403_length_766_cov_59.388306	451	531	0	80	80	1.0000000
NODE_13403_length_766_cov_59.388306	504	584	0	80	80	1.0000000
NODE_13404_length_766_cov_23.361319	308	388	0	16	80	0.2000000
NODE_13404_length_766_cov_23.361319	308	388	2	64	80	0.8000000
NODE_13404_length_766_cov_23.361319	361	441	0	27	80	0.3375000
NODE_13404_length_766_cov_23.361319	361	441	2	53	80	0.6625000
NODE_13405_length_766_cov_22.751124	229	309	0	13	80	0.1625000
NODE_13405_length_766_cov_22.751124	229	309	11	1	80	0.0125000
NODE_13405_length_766_cov_22.751124	229	309	12	66	80	0.8250000
NODE_13405_length_766_cov_22.751124	282	362	0	66	80	0.8250000
NODE_13405_length_766_cov_22.751124	282	362	11	1	80	0.0125000
NODE_13405_length_766_cov_22.751124	282	362	12	13	80	0.1625000
NODE_13406_length_766_cov_20.011994	285	363	4	78	78	1.0000000
NODE_13406_length_766_cov_20.011994	336	416	0	14	80	0.1750000
NODE_13406_length_766_cov_20.011994	336	416	2	34	80	0.4250000
NODE_13406_length_766_cov_20.011994	336	416	4	32	80	0.4000000
NODE_13407_length_766_cov_18.685157	288	368	0	80	80	1.0000000
NODE_13407_length_766_cov_18.685157	341	421	0	80	80	1.0000000
NODE_13408_length_766_cov_13.131934	271	351	0	80	80	1.0000000
NODE_13408_length_766_cov_13.131934	324	404	0	80	80	1.0000000
NODE_13410_length_766_cov_9.479760	274	354	0	80	80	1.0000000
NODE_13410_length_766_cov_9.479760	327	407	0	80	80	1.0000000
NODE_13415_length_766_cov_4.500750	333	413	2	17	80	0.2125000
NODE_13415_length_766_cov_4.500750	333	413	4	11	80	0.1375000
NODE_13415_length_766_cov_4.500750	333	413	5	1	80	0.0125000
NODE_13415_length_766_cov_4.500750	333	413	6	17	80	0.2125000
NODE_13415_length_766_cov_4.500750	333	413	8	34	80	0.4250000
NODE_13415_length_766_cov_4.500750	369	404	2	8	35	0.2285714
NODE_13415_length_766_cov_4.500750	369	404	4	11	35	0.3142857
NODE_13415_length_766_cov_4.500750	369	404	5	1	35	0.0285714
NODE_13415_length_766_cov_4.500750	369	404	6	15	35	0.4285714
NODE_13415_length_766_cov_4.500750	371	413	2	17	42	0.4047619
NODE_13415_length_766_cov_4.500750	371	413	4	11	42	0.2619048
NODE_13415_length_766_cov_4.500750	371	413	5	1	42	0.0238095
NODE_13415_length_766_cov_4.500750	371	413	6	13	42	0.3095238
NODE_13415_length_766_cov_4.500750	397	466	0	14	69	0.2028985
NODE_13415_length_766_cov_4.500750	397	466	2	55	69	0.7971014
NODE_13447_length_765_cov_92.851351	16	96	2	6	80	0.0750000
NODE_13447_length_765_cov_92.851351	16	96	6	8	80	0.1000000
NODE_13447_length_765_cov_92.851351	16	96	10	5	80	0.0625000
NODE_13447_length_765_cov_92.851351	16	96	14	1	80	0.0125000
NODE_13447_length_765_cov_92.851351	16	96	18	2	80	0.0250000
NODE_13447_length_765_cov_92.851351	16	96	20	4	80	0.0500000
NODE_13447_length_765_cov_92.851351	16	96	25	3	80	0.0375000
NODE_13447_length_765_cov_92.851351	16	96	26	4	80	0.0500000
NODE_13447_length_765_cov_92.851351	16	96	28	4	80	0.0500000
NODE_13447_length_765_cov_92.851351	16	96	30	2	80	0.0250000
NODE_13447_length_765_cov_92.851351	16	96	32	2	80	0.0250000
NODE_13447_length_765_cov_92.851351	16	96	34	6	80	0.0750000
NODE_13447_length_765_cov_92.851351	16	96	36	1	80	0.0125000
NODE_13447_length_765_cov_92.851351	16	96	38	1	80	0.0125000
NODE_13447_length_765_cov_92.851351	16	96	40	3	80	0.0375000
NODE_13447_length_765_cov_92.851351	16	96	46	7	80	0.0875000
NODE_13447_length_765_cov_92.851351	16	96	48	1	80	0.0125000
NODE_13447_length_765_cov_92.851351	16	96	50	5	80	0.0625000
NODE_13447_length_765_cov_92.851351	16	96	52	9	80	0.1125000
NODE_13447_length_765_cov_92.851351	16	96	54	6	80	0.0750000
NODE_13448_length_765_cov_36.345345	504	584	0	80	80	1.0000000
NODE_13448_length_765_cov_36.345345	557	637	0	80	80	1.0000000
NODE_13449_length_765_cov_27.334835	370	450	0	80	80	1.0000000
NODE_13449_length_765_cov_27.334835	423	503	0	80	80	1.0000000
NODE_13450_length_765_cov_23.355856	251	331	0	80	80	1.0000000
NODE_13450_length_765_cov_23.355856	304	384	0	80	80	1.0000000
NODE_13450_length_765_cov_23.355856	380	460	0	80	80	1.0000000
NODE_13450_length_765_cov_23.355856	433	506	0	73	73	1.0000000
NODE_13451_length_765_cov_23.322823	256	336	0	45	80	0.5625000
NODE_13451_length_765_cov_23.322823	256	336	2	35	80	0.4375000
NODE_13451_length_765_cov_23.322823	309	389	2	80	80	1.0000000
NODE_13452_length_765_cov_21.741742	379	452	0	73	73	1.0000000
NODE_13452_length_765_cov_21.741742	425	505	0	80	80	1.0000000
NODE_13453_length_765_cov_14.253754	450	530	0	80	80	1.0000000
NODE_13453_length_765_cov_14.253754	503	583	0	80	80	1.0000000
NODE_13454_length_765_cov_13.627628	313	393	0	80	80	1.0000000
NODE_13454_length_765_cov_13.627628	366	446	0	80	80	1.0000000
NODE_13455_length_765_cov_5.561562	319	349	0	30	30	1.0000000
NODE_13458_length_765_cov_4.367868	433	513	0	25	80	0.3125000
NODE_13458_length_765_cov_4.367868	433	513	2	55	80	0.6875000
NODE_13458_length_765_cov_4.367868	486	566	0	18	80	0.2250000
NODE_13458_length_765_cov_4.367868	486	566	2	62	80	0.7750000
NODE_13483_length_764_cov_30.096241	436	516	0	10	80	0.1250000
NODE_13483_length_764_cov_30.096241	436	516	4	70	80	0.8750000
NODE_13483_length_764_cov_30.096241	489	569	0	63	80	0.7875000
NODE_13483_length_764_cov_30.096241	489	569	4	17	80	0.2125000
NODE_13484_length_764_cov_29.218045	304	384	2	80	80	1.0000000
NODE_13484_length_764_cov_29.218045	357	437	0	49	80	0.6125000
NODE_13484_length_764_cov_29.218045	357	437	2	31	80	0.3875000
NODE_13485_length_764_cov_25.951880	421	501	0	16	80	0.2000000
NODE_13485_length_764_cov_25.951880	421	501	2	56	80	0.7000000
NODE_13485_length_764_cov_25.951880	421	501	4	8	80	0.1000000
NODE_13485_length_764_cov_25.951880	474	554	0	69	80	0.8625000
NODE_13485_length_764_cov_25.951880	474	554	2	11	80	0.1375000
NODE_13486_length_764_cov_23.590977	204	284	2	4	80	0.0500000
NODE_13486_length_764_cov_23.590977	204	284	6	27	80	0.3375000
NODE_13486_length_764_cov_23.590977	204	284	10	36	80	0.4500000
NODE_13486_length_764_cov_23.590977	204	284	12	5	80	0.0625000
NODE_13486_length_764_cov_23.590977	204	284	14	8	80	0.1000000
NODE_13486_length_764_cov_23.590977	257	337	8	35	80	0.4375000
NODE_13486_length_764_cov_23.590977	257	337	10	14	80	0.1750000
NODE_13486_length_764_cov_23.590977	257	337	12	23	80	0.2875000
NODE_13486_length_764_cov_23.590977	257	337	14	8	80	0.1000000
NODE_13488_length_764_cov_6.804511	281	361	0	80	80	1.0000000
NODE_13488_length_764_cov_6.804511	334	414	0	80	80	1.0000000
NODE_13489_length_764_cov_6.700752	392	458	4	28	66	0.4242424
NODE_13489_length_764_cov_6.700752	392	458	5	25	66	0.3787879
NODE_13489_length_764_cov_6.700752	392	458	6	13	66	0.1969697
NODE_13508_length_764_cov_1.171429	475	537	0	62	62	1.0000000
NODE_13520_length_763_cov_28.807229	311	391	0	80	80	1.0000000
NODE_13520_length_763_cov_28.807229	364	444	0	55	80	0.6875000
NODE_13520_length_763_cov_28.807229	364	444	2	25	80	0.3125000
NODE_13521_length_763_cov_25.299699	598	673	0	75	75	1.0000000
NODE_13521_length_763_cov_25.299699	598	678	0	80	80	1.0000000
NODE_13521_length_763_cov_25.299699	605	675	0	70	70	1.0000000
NODE_13521_length_763_cov_25.299699	607	678	0	71	71	1.0000000
NODE_13521_length_763_cov_25.299699	651	731	0	80	80	1.0000000
NODE_13521_length_763_cov_25.299699	651	731	0	80	80	1.0000000
NODE_13521_length_763_cov_25.299699	651	731	0	80	80	1.0000000
NODE_13521_length_763_cov_25.299699	651	731	0	80	80	1.0000000
NODE_13522_length_763_cov_12.887048	336	416	0	80	80	1.0000000
NODE_13522_length_763_cov_12.887048	389	469	0	80	80	1.0000000
NODE_13523_length_763_cov_11.599398	547	627	0	80	80	1.0000000
NODE_13523_length_763_cov_11.599398	600	680	0	80	80	1.0000000
NODE_13524_length_763_cov_9.378012	297	377	0	80	80	1.0000000
NODE_13524_length_763_cov_9.378012	350	430	0	80	80	1.0000000
NODE_13526_length_763_cov_7.246988	368	448	0	35	80	0.4375000
NODE_13526_length_763_cov_7.246988	368	448	2	45	80	0.5625000
NODE_13526_length_763_cov_7.246988	421	501	2	80	80	1.0000000
NODE_13527_length_763_cov_6.414157	371	451	0	80	80	1.0000000
NODE_13527_length_763_cov_6.414157	424	504	0	80	80	1.0000000
NODE_13558_length_762_cov_21.236802	368	448	3	10	80	0.1250000
NODE_13558_length_762_cov_21.236802	368	448	5	2	80	0.0250000
NODE_13558_length_762_cov_21.236802	368	448	7	3	80	0.0375000
NODE_13558_length_762_cov_21.236802	368	448	13	15	80	0.1875000
NODE_13558_length_762_cov_21.236802	368	448	17	20	80	0.2500000
NODE_13558_length_762_cov_21.236802	368	448	18	30	80	0.3750000
NODE_13558_length_762_cov_21.236802	421	501	3	1	80	0.0125000
NODE_13558_length_762_cov_21.236802	421	501	6	1	80	0.0125000
NODE_13558_length_762_cov_21.236802	421	501	7	2	80	0.0250000
NODE_13558_length_762_cov_21.236802	421	501	11	5	80	0.0625000
NODE_13558_length_762_cov_21.236802	421	501	13	4	80	0.0500000
NODE_13558_length_762_cov_21.236802	421	501	15	11	80	0.1375000
NODE_13558_length_762_cov_21.236802	421	501	17	18	80	0.2250000
NODE_13558_length_762_cov_21.236802	421	501	18	38	80	0.4750000
NODE_13559_length_762_cov_19.984917	327	407	0	80	80	1.0000000
NODE_13559_length_762_cov_19.984917	380	460	0	80	80	1.0000000
NODE_13560_length_762_cov_15.975867	318	398	0	80	80	1.0000000
NODE_13560_length_762_cov_15.975867	371	439	0	68	68	1.0000000
NODE_13561_length_762_cov_12.728507	381	461	0	80	80	1.0000000
NODE_13561_length_762_cov_12.728507	434	514	0	80	80	1.0000000
NODE_13562_length_762_cov_10.078431	277	357	0	80	80	1.0000000
NODE_13562_length_762_cov_10.078431	330	410	0	80	80	1.0000000
NODE_13563_length_762_cov_9.705882	339	419	0	80	80	1.0000000
NODE_13563_length_762_cov_9.705882	392	472	0	80	80	1.0000000
NODE_13564_length_762_cov_7.276018	316	395	0	79	79	1.0000000
NODE_13564_length_762_cov_7.276018	368	448	0	80	80	1.0000000
NODE_13565_length_762_cov_6.168929	222	302	1	14	80	0.1750000
NODE_13565_length_762_cov_6.168929	222	302	2	66	80	0.8250000
NODE_13565_length_762_cov_6.168929	275	355	0	49	80	0.6125000
NODE_13565_length_762_cov_6.168929	275	355	1	18	80	0.2250000
NODE_13565_length_762_cov_6.168929	275	355	2	13	80	0.1625000
NODE_13613_length_761_cov_44.243202	531	582	10	23	51	0.4509804
NODE_13613_length_761_cov_44.243202	531	582	12	28	51	0.5490196
NODE_13614_length_761_cov_38.809668	342	422	2	33	80	0.4125000
NODE_13614_length_761_cov_38.809668	342	422	8	47	80	0.5875000
NODE_13614_length_761_cov_38.809668	395	475	0	52	80	0.6500000
NODE_13614_length_761_cov_38.809668	395	475	2	28	80	0.3500000
NODE_13615_length_761_cov_38.694864	314	394	0	80	80	1.0000000
NODE_13615_length_761_cov_38.694864	367	447	0	80	80	1.0000000
NODE_13616_length_761_cov_32.382175	432	512	0	80	80	1.0000000
NODE_13616_length_761_cov_32.382175	485	565	0	80	80	1.0000000
NODE_13617_length_761_cov_31.444109	323	403	2	80	80	1.0000000
NODE_13617_length_761_cov_31.444109	376	467	0	16	91	0.1758242
NODE_13617_length_761_cov_31.444109	376	467	1	25	91	0.2747253
NODE_13617_length_761_cov_31.444109	376	467	2	50	91	0.5494506
NODE_13618_length_761_cov_14.004532	366	446	0	76	80	0.9500000
NODE_13618_length_761_cov_14.004532	366	446	2	4	80	0.0500000
NODE_13618_length_761_cov_14.004532	419	499	0	80	80	1.0000000
NODE_13619_length_761_cov_13.287009	336	415	1	7	79	0.0886076
NODE_13619_length_761_cov_13.287009	336	415	3	72	79	0.9113924
NODE_13619_length_761_cov_13.287009	388	468	3	58	80	0.7250000
NODE_13619_length_761_cov_13.287009	388	468	4	22	80	0.2750000
NODE_13621_length_761_cov_9.654079	274	354	0	80	80	1.0000000
NODE_13621_length_761_cov_9.654079	327	407	0	80	80	1.0000000
NODE_13622_length_761_cov_7.306647	308	388	0	80	80	1.0000000
NODE_13622_length_761_cov_7.306647	361	441	0	80	80	1.0000000
NODE_13625_length_761_cov_4.314199	354	434	0	80	80	1.0000000
NODE_13625_length_761_cov_4.314199	407	487	0	80	80	1.0000000
NODE_13658_length_760_cov_48.290469	215	295	0	25	80	0.3125000
NODE_13658_length_760_cov_48.290469	215	295	1	55	80	0.6875000
NODE_13658_length_760_cov_48.290469	268	348	0	78	80	0.9750000
NODE_13658_length_760_cov_48.290469	268	348	1	2	80	0.0250000
NODE_13658_length_760_cov_48.290469	344	424	0	80	80	1.0000000
NODE_13658_length_760_cov_48.290469	397	477	0	80	80	1.0000000
NODE_13659_length_760_cov_28.314675	384	464	0	35	80	0.4375000
NODE_13659_length_760_cov_28.314675	384	464	2	45	80	0.5625000
NODE_13659_length_760_cov_28.314675	437	517	0	80	80	1.0000000
NODE_13660_length_760_cov_27.981846	432	512	0	64	80	0.8000000
NODE_13660_length_760_cov_27.981846	432	512	2	16	80	0.2000000
NODE_13660_length_760_cov_27.981846	485	565	0	80	80	1.0000000
NODE_13661_length_760_cov_17.500756	372	452	0	80	80	1.0000000
NODE_13661_length_760_cov_17.500756	425	505	0	80	80	1.0000000
NODE_13662_length_760_cov_17.420575	183	263	0	17	80	0.2125000
NODE_13662_length_760_cov_17.420575	183	263	1	1	80	0.0125000
NODE_13662_length_760_cov_17.420575	183	263	2	53	80	0.6625000
NODE_13662_length_760_cov_17.420575	183	263	4	9	80	0.1125000
NODE_13662_length_760_cov_17.420575	236	316	2	18	80	0.2250000
NODE_13662_length_760_cov_17.420575	236	316	4	62	80	0.7750000
NODE_13663_length_760_cov_13.444781	357	437	0	80	80	1.0000000
NODE_13663_length_760_cov_13.444781	410	490	0	80	80	1.0000000
NODE_13664_length_760_cov_13.196672	282	362	0	80	80	1.0000000
NODE_13664_length_760_cov_13.196672	335	415	0	80	80	1.0000000
NODE_13665_length_760_cov_12.692890	295	375	0	80	80	1.0000000
NODE_13665_length_760_cov_12.692890	348	428	0	80	80	1.0000000
NODE_13671_length_760_cov_4.282905	388	468	0	80	80	1.0000000
NODE_13671_length_760_cov_4.282905	441	521	0	80	80	1.0000000
NODE_13671_length_760_cov_4.282905	517	597	0	80	80	1.0000000
NODE_13683_length_760_cov_1.990923	490	570	0	68	80	0.8500000
NODE_13683_length_760_cov_1.990923	490	570	2	12	80	0.1500000
NODE_13683_length_760_cov_1.990923	543	623	0	15	80	0.1875000
NODE_13683_length_760_cov_1.990923	543	623	2	28	80	0.3500000
NODE_13683_length_760_cov_1.990923	543	623	4	8	80	0.1000000
NODE_13683_length_760_cov_1.990923	543	623	6	11	80	0.1375000
NODE_13683_length_760_cov_1.990923	543	623	8	14	80	0.1750000
NODE_13683_length_760_cov_1.990923	543	623	10	4	80	0.0500000
NODE_13709_length_759_cov_24.757576	376	456	0	16	80	0.2000000
NODE_13709_length_759_cov_24.757576	376	456	2	11	80	0.1375000
NODE_13709_length_759_cov_24.757576	376	456	4	53	80	0.6625000
NODE_13709_length_759_cov_24.757576	429	509	0	39	80	0.4875000
NODE_13709_length_759_cov_24.757576	429	509	2	6	80	0.0750000
NODE_13709_length_759_cov_24.757576	429	509	4	35	80	0.4375000
NODE_13710_length_759_cov_14.356061	210	290	0	80	80	1.0000000
NODE_13710_length_759_cov_14.356061	263	343	0	80	80	1.0000000
NODE_13711_length_759_cov_10.956061	328	408	2	63	80	0.7875000
NODE_13711_length_759_cov_10.956061	328	408	4	17	80	0.2125000
NODE_13711_length_759_cov_10.956061	381	461	2	18	80	0.2250000
NODE_13711_length_759_cov_10.956061	381	461	4	62	80	0.7750000
NODE_13712_length_759_cov_10.639394	330	410	4	2	80	0.0250000
NODE_13712_length_759_cov_10.639394	330	410	6	65	80	0.8125000
NODE_13712_length_759_cov_10.639394	330	410	12	13	80	0.1625000
NODE_13712_length_759_cov_10.639394	383	463	6	30	80	0.3750000
NODE_13712_length_759_cov_10.639394	383	463	10	23	80	0.2875000
NODE_13712_length_759_cov_10.639394	383	463	12	27	80	0.3375000
NODE_13713_length_759_cov_9.192424	209	290	35	3	81	0.0370370
NODE_13713_length_759_cov_9.192424	209	290	39	1	81	0.0123457
NODE_13713_length_759_cov_9.192424	209	290	45	1	81	0.0123457
NODE_13713_length_759_cov_9.192424	209	290	47	5	81	0.0617284
NODE_13713_length_759_cov_9.192424	209	290	55	1	81	0.0123457
NODE_13713_length_759_cov_9.192424	209	290	56	2	81	0.0246914
NODE_13713_length_759_cov_9.192424	209	290	58	2	81	0.0246914
NODE_13713_length_759_cov_9.192424	209	290	64	1	81	0.0123457
NODE_13713_length_759_cov_9.192424	209	290	66	3	81	0.0370370
NODE_13713_length_759_cov_9.192424	209	290	70	1	81	0.0123457
NODE_13713_length_759_cov_9.192424	209	290	72	3	81	0.0370370
NODE_13713_length_759_cov_9.192424	209	290	74	7	81	0.0864198
NODE_13713_length_759_cov_9.192424	209	290	76	6	81	0.0740741
NODE_13713_length_759_cov_9.192424	209	290	78	1	81	0.0123457
NODE_13713_length_759_cov_9.192424	209	290	84	6	81	0.0740741
NODE_13713_length_759_cov_9.192424	209	290	86	2	81	0.0246914
NODE_13713_length_759_cov_9.192424	209	290	90	2	81	0.0246914
NODE_13713_length_759_cov_9.192424	209	290	96	2	81	0.0246914
NODE_13713_length_759_cov_9.192424	209	290	100	8	81	0.0987654
NODE_13713_length_759_cov_9.192424	209	290	102	1	81	0.0123457
NODE_13713_length_759_cov_9.192424	209	290	106	6	81	0.0740741
NODE_13713_length_759_cov_9.192424	209	290	111	1	81	0.0123457
NODE_13713_length_759_cov_9.192424	209	290	112	1	81	0.0123457
NODE_13713_length_759_cov_9.192424	209	290	114	1	81	0.0123457
NODE_13713_length_759_cov_9.192424	209	290	116	2	81	0.0246914
NODE_13713_length_759_cov_9.192424	209	290	117	1	81	0.0123457
NODE_13713_length_759_cov_9.192424	209	290	118	7	81	0.0864198
NODE_13713_length_759_cov_9.192424	209	290	120	4	81	0.0493827
NODE_13713_length_759_cov_9.192424	262	310	10	1	48	0.0208333
NODE_13713_length_759_cov_9.192424	262	310	12	1	48	0.0208333
NODE_13713_length_759_cov_9.192424	262	310	14	4	48	0.0833333
NODE_13713_length_759_cov_9.192424	262	310	16	1	48	0.0208333
NODE_13713_length_759_cov_9.192424	262	310	18	1	48	0.0208333
NODE_13713_length_759_cov_9.192424	262	310	20	4	48	0.0833333
NODE_13713_length_759_cov_9.192424	262	310	21	1	48	0.0208333
NODE_13713_length_759_cov_9.192424	262	310	22	3	48	0.0625000
NODE_13713_length_759_cov_9.192424	262	310	24	1	48	0.0208333
NODE_13713_length_759_cov_9.192424	262	310	26	1	48	0.0208333
NODE_13713_length_759_cov_9.192424	262	310	33	2	48	0.0416667
NODE_13713_length_759_cov_9.192424	262	310	35	3	48	0.0625000
NODE_13713_length_759_cov_9.192424	262	310	39	1	48	0.0208333
NODE_13713_length_759_cov_9.192424	262	310	45	1	48	0.0208333
NODE_13713_length_759_cov_9.192424	262	310	47	5	48	0.1041667
NODE_13713_length_759_cov_9.192424	262	310	55	1	48	0.0208333
NODE_13713_length_759_cov_9.192424	262	310	56	2	48	0.0416667
NODE_13713_length_759_cov_9.192424	262	310	58	2	48	0.0416667
NODE_13713_length_759_cov_9.192424	262	310	64	1	48	0.0208333
NODE_13713_length_759_cov_9.192424	262	310	66	3	48	0.0625000
NODE_13713_length_759_cov_9.192424	262	310	70	1	48	0.0208333
NODE_13713_length_759_cov_9.192424	262	310	72	3	48	0.0625000
NODE_13713_length_759_cov_9.192424	262	310	74	5	48	0.1041667
NODE_13714_length_759_cov_8.771212	292	372	0	80	80	1.0000000
NODE_13714_length_759_cov_8.771212	345	425	0	80	80	1.0000000
NODE_13715_length_759_cov_8.650000	324	404	0	80	80	1.0000000
NODE_13715_length_759_cov_8.650000	377	457	0	80	80	1.0000000
NODE_13716_length_759_cov_8.268182	604	684	0	80	80	1.0000000
NODE_13716_length_759_cov_8.268182	657	737	0	80	80	1.0000000
NODE_13717_length_759_cov_6.833333	381	461	0	80	80	1.0000000
NODE_13717_length_759_cov_6.833333	434	515	0	81	81	1.0000000
NODE_13718_length_759_cov_6.407576	319	399	0	78	80	0.9750000
NODE_13718_length_759_cov_6.407576	319	399	2	2	80	0.0250000
NODE_13718_length_759_cov_6.407576	372	452	0	25	80	0.3125000
NODE_13718_length_759_cov_6.407576	372	452	2	38	80	0.4750000
NODE_13718_length_759_cov_6.407576	372	452	4	17	80	0.2125000
NODE_13725_length_759_cov_3.400000	355	435	0	23	80	0.2875000
NODE_13725_length_759_cov_3.400000	355	435	6	57	80	0.7125000
NODE_13725_length_759_cov_3.400000	408	488	0	3	80	0.0375000
NODE_13725_length_759_cov_3.400000	408	488	5	45	80	0.5625000
NODE_13725_length_759_cov_3.400000	408	488	6	32	80	0.4000000
NODE_13726_length_759_cov_3.346970	240	322	0	82	82	1.0000000
NODE_13760_length_758_cov_38.414264	215	295	0	14	80	0.1750000
NODE_13760_length_758_cov_38.414264	215	295	1	45	80	0.5625000
NODE_13760_length_758_cov_38.414264	215	295	2	21	80	0.2625000
NODE_13760_length_758_cov_38.414264	268	348	0	67	80	0.8375000
NODE_13760_length_758_cov_38.414264	268	348	1	13	80	0.1625000
NODE_13760_length_758_cov_38.414264	344	424	0	10	80	0.1250000
NODE_13760_length_758_cov_38.414264	344	424	4	70	80	0.8750000
NODE_13760_length_758_cov_38.414264	397	477	0	41	80	0.5125000
NODE_13760_length_758_cov_38.414264	397	477	4	39	80	0.4875000
NODE_13761_length_758_cov_36.722307	331	411	0	68	80	0.8500000
NODE_13761_length_758_cov_36.722307	331	411	2	12	80	0.1500000
NODE_13761_length_758_cov_36.722307	384	464	0	15	80	0.1875000
NODE_13761_length_758_cov_36.722307	384	464	2	65	80	0.8125000
NODE_13762_length_758_cov_29.910470	235	315	0	36	80	0.4500000
NODE_13762_length_758_cov_29.910470	235	315	4	44	80	0.5500000
NODE_13762_length_758_cov_29.910470	288	368	0	21	80	0.2625000
NODE_13762_length_758_cov_29.910470	288	368	4	59	80	0.7375000
NODE_13763_length_758_cov_16.226100	386	466	0	48	80	0.6000000
NODE_13763_length_758_cov_16.226100	386	466	4	32	80	0.4000000
NODE_13763_length_758_cov_16.226100	439	519	0	78	80	0.9750000
NODE_13763_length_758_cov_16.226100	439	519	4	2	80	0.0250000
NODE_13764_length_758_cov_16.097117	311	391	2	12	80	0.1500000
NODE_13764_length_758_cov_16.097117	311	391	4	25	80	0.3125000
NODE_13764_length_758_cov_16.097117	311	391	6	43	80	0.5375000
NODE_13764_length_758_cov_16.097117	364	444	0	20	80	0.2500000
NODE_13764_length_758_cov_16.097117	364	444	2	45	80	0.5625000
NODE_13764_length_758_cov_16.097117	364	444	4	15	80	0.1875000
NODE_13765_length_758_cov_15.525038	260	340	0	80	80	1.0000000
NODE_13765_length_758_cov_15.525038	313	393	0	80	80	1.0000000
NODE_13768_length_758_cov_9.153263	224	299	0	41	75	0.5466667
NODE_13768_length_758_cov_9.153263	224	299	2	34	75	0.4533333
NODE_13771_length_758_cov_4.241275	508	588	0	23	80	0.2875000
NODE_13771_length_758_cov_4.241275	508	588	5	1	80	0.0125000
NODE_13771_length_758_cov_4.241275	508	588	6	56	80	0.7000000
NODE_13772_length_758_cov_3.902883	346	426	0	42	80	0.5250000
NODE_13772_length_758_cov_3.902883	346	426	2	38	80	0.4750000
NODE_13772_length_758_cov_3.902883	399	479	0	80	80	1.0000000
NODE_13794_length_757_cov_49.057751	155	235	0	9	80	0.1125000
NODE_13794_length_757_cov_49.057751	155	235	9	1	80	0.0125000
NODE_13794_length_757_cov_49.057751	155	235	10	28	80	0.3500000
NODE_13794_length_757_cov_49.057751	155	235	20	42	80	0.5250000
NODE_13794_length_757_cov_49.057751	208	288	0	10	80	0.1250000
NODE_13794_length_757_cov_49.057751	208	288	10	15	80	0.1875000
NODE_13794_length_757_cov_49.057751	208	288	19	2	80	0.0250000
NODE_13794_length_757_cov_49.057751	208	288	20	53	80	0.6625000
NODE_13795_length_757_cov_29.954407	181	262	0	81	81	1.0000000
NODE_13795_length_757_cov_29.954407	235	315	0	80	80	1.0000000
NODE_13795_length_757_cov_29.954407	311	391	0	80	80	1.0000000
NODE_13795_length_757_cov_29.954407	364	444	0	80	80	1.0000000
NODE_13796_length_757_cov_25.565350	352	432	0	60	80	0.7500000
NODE_13796_length_757_cov_25.565350	352	432	2	4	80	0.0500000
NODE_13796_length_757_cov_25.565350	352	432	3	16	80	0.2000000
NODE_13796_length_757_cov_25.565350	405	483	0	7	78	0.0897436
NODE_13796_length_757_cov_25.565350	405	483	2	4	78	0.0512821
NODE_13796_length_757_cov_25.565350	405	483	3	67	78	0.8589743
NODE_13797_length_757_cov_18.338906	264	344	0	80	80	1.0000000
NODE_13797_length_757_cov_18.338906	317	397	0	80	80	1.0000000
NODE_13798_length_757_cov_15.879939	58	138	0	40	80	0.5000000
NODE_13798_length_757_cov_15.879939	58	138	2	28	80	0.3500000
NODE_13798_length_757_cov_15.879939	58	138	4	12	80	0.1500000
NODE_13798_length_757_cov_15.879939	111	191	2	15	80	0.1875000
NODE_13798_length_757_cov_15.879939	111	191	4	65	80	0.8125000
NODE_13800_length_757_cov_15.291793	314	394	0	7	80	0.0875000
NODE_13800_length_757_cov_15.291793	314	394	2	73	80	0.9125000
NODE_13800_length_757_cov_15.291793	367	447	0	60	80	0.7500000
NODE_13800_length_757_cov_15.291793	367	447	2	20	80	0.2500000
NODE_13807_length_757_cov_3.182371	423	503	0	80	80	1.0000000
NODE_13807_length_757_cov_3.182371	476	556	0	80	80	1.0000000
NODE_13832_length_756_cov_26.441400	287	367	4	2	80	0.0250000
NODE_13832_length_756_cov_26.441400	287	367	10	78	80	0.9750000
NODE_13832_length_756_cov_26.441400	340	420	0	20	80	0.2500000
NODE_13832_length_756_cov_26.441400	340	420	5	2	80	0.0250000
NODE_13832_length_756_cov_26.441400	340	420	6	26	80	0.3250000
NODE_13832_length_756_cov_26.441400	340	420	10	32	80	0.4000000
NODE_13834_length_756_cov_13.097412	154	234	0	26	80	0.3250000
NODE_13834_length_756_cov_13.097412	154	234	2	54	80	0.6750000
NODE_13834_length_756_cov_13.097412	207	287	0	23	80	0.2875000
NODE_13834_length_756_cov_13.097412	207	287	2	57	80	0.7125000
NODE_13835_length_756_cov_12.732116	377	457	10	31	80	0.3875000
NODE_13835_length_756_cov_12.732116	377	457	12	10	80	0.1250000
NODE_13835_length_756_cov_12.732116	377	457	13	30	80	0.3750000
NODE_13835_length_756_cov_12.732116	377	457	14	5	80	0.0625000
NODE_13835_length_756_cov_12.732116	377	457	15	4	80	0.0500000
NODE_13836_length_756_cov_9.254186	241	321	0	80	80	1.0000000
NODE_13836_length_756_cov_9.254186	294	374	0	80	80	1.0000000
NODE_13837_length_756_cov_8.304414	363	409	0	46	46	1.0000000
NODE_13838_length_756_cov_8.105023	271	351	2	38	80	0.4750000
NODE_13838_length_756_cov_8.105023	271	351	4	42	80	0.5250000
NODE_13838_length_756_cov_8.105023	324	404	2	43	80	0.5375000
NODE_13838_length_756_cov_8.105023	324	404	4	37	80	0.4625000
NODE_13840_length_756_cov_6.622527	431	511	0	52	80	0.6500000
NODE_13840_length_756_cov_6.622527	431	511	6	28	80	0.3500000
NODE_13840_length_756_cov_6.622527	484	565	6	81	81	1.0000000
NODE_13888_length_755_cov_64.705793	303	383	0	18	80	0.2250000
NODE_13888_length_755_cov_64.705793	303	383	4	62	80	0.7750000
NODE_13888_length_755_cov_64.705793	356	436	0	71	80	0.8875000
NODE_13888_length_755_cov_64.705793	356	436	4	9	80	0.1125000
NODE_13889_length_755_cov_58.214939	425	505	0	41	80	0.5125000
NODE_13889_length_755_cov_58.214939	425	505	2	39	80	0.4875000
NODE_13889_length_755_cov_58.214939	425	505	0	41	80	0.5125000
NODE_13889_length_755_cov_58.214939	425	505	2	39	80	0.4875000
NODE_13889_length_755_cov_58.214939	478	556	0	78	78	1.0000000
NODE_13889_length_755_cov_58.214939	478	556	0	78	78	1.0000000
NODE_13890_length_755_cov_25.945122	237	317	0	35	80	0.4375000
NODE_13890_length_755_cov_25.945122	237	317	4	43	80	0.5375000
NODE_13890_length_755_cov_25.945122	237	317	6	2	80	0.0250000
NODE_13890_length_755_cov_25.945122	290	370	0	80	80	1.0000000
NODE_13891_length_755_cov_24.263720	334	414	6	14	80	0.1750000
NODE_13891_length_755_cov_24.263720	334	414	10	28	80	0.3500000
NODE_13891_length_755_cov_24.263720	334	414	12	15	80	0.1875000
NODE_13891_length_755_cov_24.263720	334	414	14	23	80	0.2875000
NODE_13891_length_755_cov_24.263720	387	467	2	7	80	0.0875000
NODE_13891_length_755_cov_24.263720	387	467	4	8	80	0.1000000
NODE_13891_length_755_cov_24.263720	387	467	7	4	80	0.0500000
NODE_13891_length_755_cov_24.263720	387	467	8	33	80	0.4125000
NODE_13891_length_755_cov_24.263720	387	467	12	4	80	0.0500000
NODE_13891_length_755_cov_24.263720	387	467	14	24	80	0.3000000
NODE_13892_length_755_cov_15.559451	306	386	0	1	80	0.0125000
NODE_13892_length_755_cov_15.559451	306	386	2	79	80	0.9875000
NODE_13892_length_755_cov_15.559451	359	439	0	54	80	0.6750000
NODE_13892_length_755_cov_15.559451	359	439	2	26	80	0.3250000
NODE_13894_length_755_cov_10.196646	332	412	0	80	80	1.0000000
NODE_13894_length_755_cov_10.196646	385	465	0	80	80	1.0000000
NODE_13895_length_755_cov_9.772866	210	290	0	57	80	0.7125000
NODE_13895_length_755_cov_9.772866	210	290	1	23	80	0.2875000
NODE_13895_length_755_cov_9.772866	263	343	0	4	80	0.0500000
NODE_13895_length_755_cov_9.772866	263	343	1	28	80	0.3500000
NODE_13895_length_755_cov_9.772866	263	343	2	48	80	0.6000000
NODE_13936_length_754_cov_87.432061	208	288	0	80	80	1.0000000
NODE_13936_length_754_cov_87.432061	261	341	0	80	80	1.0000000
NODE_13937_length_754_cov_16.549618	156	236	0	80	80	1.0000000
NODE_13937_length_754_cov_16.549618	209	289	0	80	80	1.0000000
NODE_13939_length_754_cov_9.068702	316	396	0	61	80	0.7625000
NODE_13939_length_754_cov_9.068702	316	396	2	19	80	0.2375000
NODE_13939_length_754_cov_9.068702	369	449	0	80	80	1.0000000
NODE_13940_length_754_cov_5.925191	287	367	0	46	80	0.5750000
NODE_13940_length_754_cov_5.925191	287	367	2	34	80	0.4250000
NODE_13940_length_754_cov_5.925191	340	420	0	80	80	1.0000000
NODE_13974_length_753_cov_10.434251	386	466	0	34	80	0.4250000
NODE_13974_length_753_cov_10.434251	386	466	2	46	80	0.5750000
NODE_13974_length_753_cov_10.434251	439	519	0	14	80	0.1750000
NODE_13974_length_753_cov_10.434251	439	519	2	66	80	0.8250000
NODE_13976_length_753_cov_7.056575	344	424	0	80	80	1.0000000
NODE_13976_length_753_cov_7.056575	397	477	0	80	80	1.0000000
NODE_13977_length_753_cov_4.597859	321	401	0	80	80	1.0000000
NODE_13977_length_753_cov_4.597859	374	454	0	80	80	1.0000000
NODE_14003_length_752_cov_66.281776	617	697	34	2	80	0.0250000
NODE_14003_length_752_cov_66.281776	617	697	36	4	80	0.0500000
NODE_14003_length_752_cov_66.281776	617	697	40	3	80	0.0375000
NODE_14003_length_752_cov_66.281776	617	697	42	25	80	0.3125000
NODE_14003_length_752_cov_66.281776	617	697	44	15	80	0.1875000
NODE_14003_length_752_cov_66.281776	617	697	46	6	80	0.0750000
NODE_14003_length_752_cov_66.281776	617	697	48	21	80	0.2625000
NODE_14003_length_752_cov_66.281776	617	697	49	1	80	0.0125000
NODE_14003_length_752_cov_66.281776	617	697	50	2	80	0.0250000
NODE_14003_length_752_cov_66.281776	617	697	52	1	80	0.0125000
NODE_14003_length_752_cov_66.281776	670	751	1	18	81	0.2222222
NODE_14003_length_752_cov_66.281776	670	751	2	5	81	0.0617284
NODE_14003_length_752_cov_66.281776	670	751	4	7	81	0.0864198
NODE_14003_length_752_cov_66.281776	670	751	7	2	81	0.0246914
NODE_14003_length_752_cov_66.281776	670	751	10	1	81	0.0123457
NODE_14003_length_752_cov_66.281776	670	751	24	1	81	0.0123457
NODE_14003_length_752_cov_66.281776	670	751	25	1	81	0.0123457
NODE_14003_length_752_cov_66.281776	670	751	26	1	81	0.0123457
NODE_14003_length_752_cov_66.281776	670	751	28	3	81	0.0370370
NODE_14003_length_752_cov_66.281776	670	751	30	7	81	0.0864198
NODE_14003_length_752_cov_66.281776	670	751	32	2	81	0.0246914
NODE_14003_length_752_cov_66.281776	670	751	34	8	81	0.0987654
NODE_14003_length_752_cov_66.281776	670	751	36	4	81	0.0493827
NODE_14003_length_752_cov_66.281776	670	751	40	3	81	0.0370370
NODE_14003_length_752_cov_66.281776	670	751	42	18	81	0.2222222
NODE_14004_length_752_cov_60.274119	193	273	0	38	80	0.4750000
NODE_14004_length_752_cov_60.274119	193	273	4	15	80	0.1875000
NODE_14004_length_752_cov_60.274119	193	273	8	27	80	0.3375000
NODE_14004_length_752_cov_60.274119	246	326	8	62	80	0.7750000
NODE_14004_length_752_cov_60.274119	246	326	10	15	80	0.1875000
NODE_14004_length_752_cov_60.274119	246	326	12	3	80	0.0375000
NODE_14005_length_752_cov_19.811639	299	379	1	80	80	1.0000000
NODE_14005_length_752_cov_19.811639	352	432	0	21	80	0.2625000
NODE_14005_length_752_cov_19.811639	352	432	1	59	80	0.7375000
NODE_14006_length_752_cov_17.661562	118	198	0	57	80	0.7125000
NODE_14006_length_752_cov_17.661562	118	198	3	7	80	0.0875000
NODE_14006_length_752_cov_17.661562	118	198	6	16	80	0.2000000
NODE_14006_length_752_cov_17.661562	171	251	0	4	80	0.0500000
NODE_14006_length_752_cov_17.661562	171	251	3	7	80	0.0875000
NODE_14006_length_752_cov_17.661562	171	251	6	69	80	0.8625000
NODE_14007_length_752_cov_13.275651	241	321	0	80	80	1.0000000
NODE_14007_length_752_cov_13.275651	294	374	0	40	80	0.5000000
NODE_14007_length_752_cov_13.275651	294	374	2	40	80	0.5000000
NODE_14008_length_752_cov_10.928025	313	393	11	16	80	0.2000000
NODE_14008_length_752_cov_10.928025	313	393	13	24	80	0.3000000
NODE_14008_length_752_cov_10.928025	313	393	14	12	80	0.1500000
NODE_14008_length_752_cov_10.928025	313	393	15	8	80	0.1000000
NODE_14008_length_752_cov_10.928025	313	393	16	20	80	0.2500000
NODE_14011_length_752_cov_9.558959	249	329	0	80	80	1.0000000
NODE_14011_length_752_cov_9.558959	302	382	0	79	80	0.9875000
NODE_14011_length_752_cov_9.558959	302	382	2	1	80	0.0125000
NODE_14014_length_752_cov_8.281776	237	317	0	80	80	1.0000000
NODE_14014_length_752_cov_8.281776	290	370	0	80	80	1.0000000
NODE_14015_length_752_cov_8.082695	352	432	0	43	80	0.5375000
NODE_14015_length_752_cov_8.082695	352	432	2	37	80	0.4625000
NODE_14015_length_752_cov_8.082695	405	485	2	80	80	1.0000000
NODE_14044_length_751_cov_20.730061	238	318	0	80	80	1.0000000
NODE_14044_length_751_cov_20.730061	291	371	0	80	80	1.0000000
NODE_14045_length_751_cov_18.478528	328	409	0	81	81	1.0000000
NODE_14045_length_751_cov_18.478528	382	462	0	80	80	1.0000000
NODE_14046_length_751_cov_13.016871	172	252	0	80	80	1.0000000
NODE_14046_length_751_cov_13.016871	225	305	0	80	80	1.0000000
NODE_14047_length_751_cov_12.363497	397	477	0	80	80	1.0000000
NODE_14047_length_751_cov_12.363497	450	530	0	80	80	1.0000000
NODE_14085_length_750_cov_46.371736	396	476	2	7	80	0.0875000
NODE_14085_length_750_cov_46.371736	396	476	6	4	80	0.0500000
NODE_14085_length_750_cov_46.371736	396	476	10	69	80	0.8625000
NODE_14085_length_750_cov_46.371736	449	529	6	27	80	0.3375000
NODE_14085_length_750_cov_46.371736	449	529	8	14	80	0.1750000
NODE_14085_length_750_cov_46.371736	449	529	10	36	80	0.4500000
NODE_14085_length_750_cov_46.371736	449	529	12	3	80	0.0375000
NODE_14086_length_750_cov_24.428571	524	604	40	1	80	0.0125000
NODE_14086_length_750_cov_24.428571	524	604	42	2	80	0.0250000
NODE_14086_length_750_cov_24.428571	524	604	46	1	80	0.0125000
NODE_14086_length_750_cov_24.428571	524	604	52	1	80	0.0125000
NODE_14086_length_750_cov_24.428571	524	604	56	1	80	0.0125000
NODE_14086_length_750_cov_24.428571	524	604	58	1	80	0.0125000
NODE_14086_length_750_cov_24.428571	524	604	62	2	80	0.0250000
NODE_14086_length_750_cov_24.428571	524	604	67	9	80	0.1125000
NODE_14086_length_750_cov_24.428571	524	604	69	2	80	0.0250000
NODE_14086_length_750_cov_24.428571	524	604	71	2	80	0.0250000
NODE_14086_length_750_cov_24.428571	524	604	73	4	80	0.0500000
NODE_14086_length_750_cov_24.428571	524	604	75	2	80	0.0250000
NODE_14086_length_750_cov_24.428571	524	604	79	7	80	0.0875000
NODE_14086_length_750_cov_24.428571	524	604	81	4	80	0.0500000
NODE_14086_length_750_cov_24.428571	524	604	85	9	80	0.1125000
NODE_14086_length_750_cov_24.428571	524	604	86	4	80	0.0500000
NODE_14086_length_750_cov_24.428571	524	604	88	11	80	0.1375000
NODE_14086_length_750_cov_24.428571	524	604	90	8	80	0.1000000
NODE_14086_length_750_cov_24.428571	524	604	92	4	80	0.0500000
NODE_14086_length_750_cov_24.428571	524	604	94	5	80	0.0625000
NODE_14086_length_750_cov_24.428571	683	746	2	63	63	1.0000000
NODE_14087_length_750_cov_24.311828	325	405	2	40	80	0.5000000
NODE_14087_length_750_cov_24.311828	325	405	4	40	80	0.5000000
NODE_14087_length_750_cov_24.311828	378	458	0	32	80	0.4000000
NODE_14087_length_750_cov_24.311828	378	458	2	48	80	0.6000000
NODE_14089_length_750_cov_8.529954	336	416	0	80	80	1.0000000
NODE_14089_length_750_cov_8.529954	395	469	0	74	74	1.0000000
NODE_14137_length_749_cov_18.986154	221	301	4	42	80	0.5250000
NODE_14137_length_749_cov_18.986154	221	301	6	38	80	0.4750000
NODE_14137_length_749_cov_18.986154	274	354	0	19	80	0.2375000
NODE_14137_length_749_cov_18.986154	274	354	4	61	80	0.7625000
NODE_14138_length_749_cov_18.836923	273	355	0	82	82	1.0000000
NODE_14138_length_749_cov_18.836923	328	408	0	80	80	1.0000000
NODE_14138_length_749_cov_18.836923	404	484	0	56	80	0.7000000
NODE_14138_length_749_cov_18.836923	404	484	2	24	80	0.3000000
NODE_14138_length_749_cov_18.836923	457	535	0	6	78	0.0769231
NODE_14138_length_749_cov_18.836923	457	535	2	72	78	0.9230769
NODE_14139_length_749_cov_16.160000	232	253	0	21	21	1.0000000
NODE_14139_length_749_cov_16.160000	232	306	0	74	74	1.0000000
NODE_14140_length_749_cov_16.115385	307	387	0	7	80	0.0875000
NODE_14140_length_749_cov_16.115385	307	387	4	73	80	0.9125000
NODE_14140_length_749_cov_16.115385	360	440	0	19	80	0.2375000
NODE_14140_length_749_cov_16.115385	360	440	4	61	80	0.7625000
NODE_14141_length_749_cov_11.210769	340	420	0	80	80	1.0000000
NODE_14141_length_749_cov_11.210769	393	473	0	80	80	1.0000000
NODE_14142_length_749_cov_8.424615	372	452	0	38	80	0.4750000
NODE_14142_length_749_cov_8.424615	372	452	2	42	80	0.5250000
NODE_14142_length_749_cov_8.424615	425	505	2	80	80	1.0000000
NODE_14145_length_749_cov_4.521538	550	630	2	18	80	0.2250000
NODE_14145_length_749_cov_4.521538	550	630	4	62	80	0.7750000
NODE_14145_length_749_cov_4.521538	603	683	0	30	80	0.3750000
NODE_14145_length_749_cov_4.521538	603	683	2	20	80	0.2500000
NODE_14145_length_749_cov_4.521538	603	683	4	30	80	0.3750000
NODE_14185_length_748_cov_55.348228	393	473	0	80	80	1.0000000
NODE_14185_length_748_cov_55.348228	446	526	0	80	80	1.0000000
NODE_14186_length_748_cov_51.838213	369	449	1	13	80	0.1625000
NODE_14186_length_748_cov_51.838213	369	449	2	67	80	0.8375000
NODE_14186_length_748_cov_51.838213	422	502	1	10	80	0.1250000
NODE_14186_length_748_cov_51.838213	422	502	2	36	80	0.4500000
NODE_14186_length_748_cov_51.838213	422	502	5	34	80	0.4250000
NODE_14187_length_748_cov_46.952234	293	373	0	39	80	0.4875000
NODE_14187_length_748_cov_46.952234	293	373	2	41	80	0.5125000
NODE_14187_length_748_cov_46.952234	346	426	0	15	80	0.1875000
NODE_14187_length_748_cov_46.952234	346	426	2	65	80	0.8125000
NODE_14188_length_748_cov_45.001541	272	352	0	35	80	0.4375000
NODE_14188_length_748_cov_45.001541	272	352	2	45	80	0.5625000
NODE_14188_length_748_cov_45.001541	325	405	0	60	80	0.7500000
NODE_14188_length_748_cov_45.001541	325	405	2	20	80	0.2500000
NODE_14189_length_748_cov_34.355932	488	568	4	15	80	0.1875000
NODE_14189_length_748_cov_34.355932	488	568	6	65	80	0.8125000
NODE_14189_length_748_cov_34.355932	541	621	2	36	80	0.4500000
NODE_14189_length_748_cov_34.355932	541	621	3	1	80	0.0125000
NODE_14189_length_748_cov_34.355932	541	621	4	4	80	0.0500000
NODE_14189_length_748_cov_34.355932	541	621	6	39	80	0.4875000
NODE_14190_length_748_cov_25.972265	297	377	0	13	80	0.1625000
NODE_14190_length_748_cov_25.972265	297	377	2	4	80	0.0500000
NODE_14190_length_748_cov_25.972265	297	377	6	63	80	0.7875000
NODE_14190_length_748_cov_25.972265	350	430	0	66	80	0.8250000
NODE_14190_length_748_cov_25.972265	350	430	2	4	80	0.0500000
NODE_14190_length_748_cov_25.972265	350	430	6	10	80	0.1250000
NODE_14191_length_748_cov_21.050847	362	442	0	45	80	0.5625000
NODE_14191_length_748_cov_21.050847	362	442	2	35	80	0.4375000
NODE_14191_length_748_cov_21.050847	415	495	0	80	80	1.0000000
NODE_14192_length_748_cov_20.682589	353	433	2	26	80	0.3250000
NODE_14192_length_748_cov_20.682589	353	433	4	54	80	0.6750000
NODE_14192_length_748_cov_20.682589	406	486	0	48	80	0.6000000
NODE_14192_length_748_cov_20.682589	406	486	2	1	80	0.0125000
NODE_14192_length_748_cov_20.682589	406	486	4	31	80	0.3875000
NODE_14193_length_748_cov_19.081664	261	341	0	20	80	0.2500000
NODE_14193_length_748_cov_19.081664	261	341	2	60	80	0.7500000
NODE_14193_length_748_cov_19.081664	314	394	0	48	80	0.6000000
NODE_14193_length_748_cov_19.081664	314	394	2	32	80	0.4000000
NODE_14193_length_748_cov_19.081664	390	470	0	80	80	1.0000000
NODE_14193_length_748_cov_19.081664	443	522	0	79	79	1.0000000
NODE_14194_length_748_cov_16.579353	81	161	2	46	80	0.5750000
NODE_14194_length_748_cov_16.579353	81	161	4	34	80	0.4250000
NODE_14194_length_748_cov_16.579353	134	214	0	17	80	0.2125000
NODE_14194_length_748_cov_16.579353	134	214	2	4	80	0.0500000
NODE_14194_length_748_cov_16.579353	134	214	4	59	80	0.7375000
NODE_14194_length_748_cov_16.579353	210	290	0	80	80	1.0000000
NODE_14194_length_748_cov_16.579353	263	343	0	80	80	1.0000000
NODE_14196_length_748_cov_11.983051	375	455	6	80	80	1.0000000
NODE_14196_length_748_cov_11.983051	428	508	0	32	80	0.4000000
NODE_14196_length_748_cov_11.983051	428	508	6	48	80	0.6000000
NODE_14197_length_748_cov_11.474576	257	337	0	80	80	1.0000000
NODE_14197_length_748_cov_11.474576	310	390	0	35	80	0.4375000
NODE_14197_length_748_cov_11.474576	310	390	2	45	80	0.5625000
NODE_14200_length_748_cov_7.979969	223	303	0	10	80	0.1250000
NODE_14200_length_748_cov_7.979969	223	303	2	70	80	0.8750000
NODE_14200_length_748_cov_7.979969	276	356	0	63	80	0.7875000
NODE_14200_length_748_cov_7.979969	276	356	2	17	80	0.2125000
NODE_14240_length_747_cov_24.279321	205	285	0	80	80	1.0000000
NODE_14240_length_747_cov_24.279321	258	338	0	35	80	0.4375000
NODE_14240_length_747_cov_24.279321	258	338	2	45	80	0.5625000
NODE_14241_length_747_cov_15.438272	352	432	0	6	80	0.0750000
NODE_14241_length_747_cov_15.438272	352	432	2	74	80	0.9250000
NODE_14241_length_747_cov_15.438272	405	485	2	80	80	1.0000000
NODE_14244_length_747_cov_7.979938	237	317	0	80	80	1.0000000
NODE_14244_length_747_cov_7.979938	290	370	0	80	80	1.0000000
NODE_14248_length_747_cov_4.918210	157	237	0	80	80	1.0000000
NODE_14248_length_747_cov_4.918210	210	290	0	80	80	1.0000000
NODE_14277_length_746_cov_44.041731	153	233	0	80	80	1.0000000
NODE_14277_length_746_cov_44.041731	206	286	0	80	80	1.0000000
NODE_14278_length_746_cov_24.435858	334	414	0	80	80	1.0000000
NODE_14278_length_746_cov_24.435858	387	467	0	80	80	1.0000000
NODE_14279_length_746_cov_20.225657	114	194	0	31	80	0.3875000
NODE_14279_length_746_cov_20.225657	114	194	2	49	80	0.6125000
NODE_14279_length_746_cov_20.225657	167	247	0	80	80	1.0000000
NODE_14280_length_746_cov_17.919629	330	410	0	80	80	1.0000000
NODE_14280_length_746_cov_17.919629	383	463	0	80	80	1.0000000
NODE_14281_length_746_cov_17.523957	292	372	0	13	80	0.1625000
NODE_14281_length_746_cov_17.523957	292	372	2	16	80	0.2000000
NODE_14281_length_746_cov_17.523957	292	372	6	51	80	0.6375000
NODE_14281_length_746_cov_17.523957	345	425	0	66	80	0.8250000
NODE_14281_length_746_cov_17.523957	345	425	2	14	80	0.1750000
NODE_14282_length_746_cov_17.214838	306	386	4	80	80	1.0000000
NODE_14282_length_746_cov_17.214838	359	439	2	5	80	0.0625000
NODE_14282_length_746_cov_17.214838	359	439	4	56	80	0.7000000
NODE_14282_length_746_cov_17.214838	359	439	6	19	80	0.2375000
NODE_14283_length_746_cov_16.765070	344	424	0	80	80	1.0000000
NODE_14283_length_746_cov_16.765070	397	477	0	80	80	1.0000000
NODE_14284_length_746_cov_13.153014	126	206	0	80	80	1.0000000
NODE_14284_length_746_cov_13.153014	179	259	0	80	80	1.0000000
NODE_14284_length_746_cov_13.153014	244	263	0	19	19	1.0000000
NODE_14285_length_746_cov_12.316847	364	442	0	78	78	1.0000000
NODE_14286_length_746_cov_11.301391	349	429	0	9	80	0.1125000
NODE_14286_length_746_cov_11.301391	349	429	4	13	80	0.1625000
NODE_14286_length_746_cov_11.301391	349	429	10	25	80	0.3125000
NODE_14286_length_746_cov_11.301391	349	429	13	1	80	0.0125000
NODE_14286_length_746_cov_11.301391	349	429	15	18	80	0.2250000
NODE_14286_length_746_cov_11.301391	349	429	16	14	80	0.1750000
NODE_14286_length_746_cov_11.301391	402	482	0	62	80	0.7750000
NODE_14286_length_746_cov_11.301391	402	482	4	13	80	0.1625000
NODE_14286_length_746_cov_11.301391	402	482	10	5	80	0.0625000
NODE_14302_length_746_cov_2.639876	331	411	2	43	80	0.5375000
NODE_14302_length_746_cov_2.639876	331	411	6	37	80	0.4625000
NODE_14307_length_746_cov_1.879444	435	502	2	67	67	1.0000000
NODE_14310_length_746_cov_1.727975	65	121	0	56	56	1.0000000
NODE_14310_length_746_cov_1.727975	494	540	1	26	46	0.5652174
NODE_14310_length_746_cov_1.727975	494	540	3	20	46	0.4347826
NODE_14329_length_745_cov_40.360681	257	337	0	35	80	0.4375000
NODE_14329_length_745_cov_40.360681	257	337	2	45	80	0.5625000
NODE_14329_length_745_cov_40.360681	310	390	0	80	80	1.0000000
NODE_14330_length_745_cov_30.817337	339	419	0	72	80	0.9000000
NODE_14330_length_745_cov_30.817337	339	419	2	8	80	0.1000000
NODE_14330_length_745_cov_30.817337	392	459	0	19	67	0.2835821
NODE_14330_length_745_cov_30.817337	392	459	2	48	67	0.7164179
NODE_14335_length_745_cov_8.620743	225	275	0	50	50	1.0000000
NODE_14335_length_745_cov_8.620743	248	328	0	80	80	1.0000000
NODE_14343_length_745_cov_3.922601	249	280	46	3	31	0.0967742
NODE_14343_length_745_cov_3.922601	249	280	50	1	31	0.0322581
NODE_14343_length_745_cov_3.922601	249	280	52	15	31	0.4838710
NODE_14343_length_745_cov_3.922601	249	280	54	12	31	0.3870968
NODE_14343_length_745_cov_3.922601	253	333	37	1	80	0.0125000
NODE_14343_length_745_cov_3.922601	253	333	39	1	80	0.0125000
NODE_14343_length_745_cov_3.922601	253	333	40	4	80	0.0500000
NODE_14343_length_745_cov_3.922601	253	333	41	1	80	0.0125000
NODE_14343_length_745_cov_3.922601	253	333	42	5	80	0.0625000
NODE_14343_length_745_cov_3.922601	253	333	43	3	80	0.0375000
NODE_14343_length_745_cov_3.922601	253	333	44	2	80	0.0250000
NODE_14343_length_745_cov_3.922601	253	333	45	5	80	0.0625000
NODE_14343_length_745_cov_3.922601	253	333	46	1	80	0.0125000
NODE_14343_length_745_cov_3.922601	253	333	47	2	80	0.0250000
NODE_14343_length_745_cov_3.922601	253	333	48	6	80	0.0750000
NODE_14343_length_745_cov_3.922601	253	333	50	4	80	0.0500000
NODE_14343_length_745_cov_3.922601	253	333	52	19	80	0.2375000
NODE_14343_length_745_cov_3.922601	253	333	54	21	80	0.2625000
NODE_14343_length_745_cov_3.922601	253	333	56	5	80	0.0625000
NODE_14381_length_744_cov_44.953488	553	633	0	80	80	1.0000000
NODE_14381_length_744_cov_44.953488	553	633	0	80	80	1.0000000
NODE_14381_length_744_cov_44.953488	553	633	0	80	80	1.0000000
NODE_14381_length_744_cov_44.953488	553	633	0	80	80	1.0000000
NODE_14382_length_744_cov_35.333333	163	243	11	66	80	0.8250000
NODE_14382_length_744_cov_35.333333	163	243	13	14	80	0.1750000
NODE_14382_length_744_cov_35.333333	216	296	0	14	80	0.1750000
NODE_14382_length_744_cov_35.333333	216	296	11	29	80	0.3625000
NODE_14382_length_744_cov_35.333333	216	296	12	37	80	0.4625000
NODE_14382_length_744_cov_35.333333	292	372	0	46	80	0.5750000
NODE_14382_length_744_cov_35.333333	292	372	4	34	80	0.4250000
NODE_14382_length_744_cov_35.333333	345	425	0	2	80	0.0250000
NODE_14382_length_744_cov_35.333333	345	425	4	78	80	0.9750000
NODE_14383_length_744_cov_34.503876	294	374	10	20	80	0.2500000
NODE_14383_length_744_cov_34.503876	294	374	12	4	80	0.0500000
NODE_14383_length_744_cov_34.503876	294	374	14	46	80	0.5750000
NODE_14383_length_744_cov_34.503876	294	374	15	2	80	0.0250000
NODE_14383_length_744_cov_34.503876	294	374	16	8	80	0.1000000
NODE_14383_length_744_cov_34.503876	347	427	2	7	80	0.0875000
NODE_14383_length_744_cov_34.503876	347	427	4	7	80	0.0875000
NODE_14383_length_744_cov_34.503876	347	427	8	29	80	0.3625000
NODE_14383_length_744_cov_34.503876	347	427	10	30	80	0.3750000
NODE_14383_length_744_cov_34.503876	347	427	12	4	80	0.0500000
NODE_14383_length_744_cov_34.503876	347	427	15	2	80	0.0250000
NODE_14383_length_744_cov_34.503876	347	427	16	1	80	0.0125000
NODE_14384_length_744_cov_32.282171	333	403	0	68	70	0.9714286
NODE_14384_length_744_cov_32.282171	333	403	2	2	70	0.0285714
NODE_14384_length_744_cov_32.282171	440	520	0	5	80	0.0625000
NODE_14384_length_744_cov_32.282171	440	520	2	3	80	0.0375000
NODE_14384_length_744_cov_32.282171	440	520	4	72	80	0.9000000
NODE_14384_length_744_cov_32.282171	493	573	0	33	80	0.4125000
NODE_14384_length_744_cov_32.282171	493	573	1	6	80	0.0750000
NODE_14384_length_744_cov_32.282171	493	573	4	41	80	0.5125000
NODE_14390_length_744_cov_4.537984	260	340	0	61	80	0.7625000
NODE_14390_length_744_cov_4.537984	260	340	4	19	80	0.2375000
NODE_14390_length_744_cov_4.537984	313	393	0	80	80	1.0000000
NODE_14396_length_744_cov_2.784496	335	387	0	3	52	0.0576923
NODE_14396_length_744_cov_2.784496	335	387	2	7	52	0.1346154
NODE_14396_length_744_cov_2.784496	335	387	4	42	52	0.8076923
NODE_14396_length_744_cov_2.784496	360	437	0	14	77	0.1818182
NODE_14396_length_744_cov_2.784496	360	437	2	19	77	0.2467532
NODE_14396_length_744_cov_2.784496	360	437	4	44	77	0.5714286
NODE_14427_length_743_cov_26.369565	354	434	0	80	80	1.0000000
NODE_14427_length_743_cov_26.369565	407	487	0	80	80	1.0000000
NODE_14428_length_743_cov_21.759317	138	218	0	30	80	0.3750000
NODE_14428_length_743_cov_21.759317	138	218	4	25	80	0.3125000
NODE_14428_length_743_cov_21.759317	138	218	6	25	80	0.3125000
NODE_14428_length_743_cov_21.759317	191	271	4	2	80	0.0250000
NODE_14428_length_743_cov_21.759317	191	271	6	78	80	0.9750000
NODE_14429_length_743_cov_18.173913	213	293	0	30	80	0.3750000
NODE_14429_length_743_cov_18.173913	213	293	2	50	80	0.6250000
NODE_14429_length_743_cov_18.173913	266	346	2	80	80	1.0000000
NODE_14431_length_743_cov_17.066770	400	480	0	40	80	0.5000000
NODE_14431_length_743_cov_17.066770	400	480	4	40	80	0.5000000
NODE_14431_length_743_cov_17.066770	453	532	0	79	79	1.0000000
NODE_14432_length_743_cov_16.354037	350	430	0	36	80	0.4500000
NODE_14432_length_743_cov_16.354037	350	430	2	44	80	0.5500000
NODE_14432_length_743_cov_16.354037	403	483	0	53	80	0.6625000
NODE_14432_length_743_cov_16.354037	403	483	2	27	80	0.3375000
NODE_14433_length_743_cov_15.667702	220	300	2	4	80	0.0500000
NODE_14433_length_743_cov_15.667702	220	300	4	62	80	0.7750000
NODE_14433_length_743_cov_15.667702	220	300	6	14	80	0.1750000
NODE_14433_length_743_cov_15.667702	273	353	0	9	80	0.1125000
NODE_14433_length_743_cov_15.667702	273	353	2	34	80	0.4250000
NODE_14433_length_743_cov_15.667702	273	353	4	37	80	0.4625000
NODE_14433_length_743_cov_15.667702	349	429	0	80	80	1.0000000
NODE_14433_length_743_cov_15.667702	402	482	0	80	80	1.0000000
NODE_14434_length_743_cov_14.975155	289	362	0	8	73	0.1095890
NODE_14434_length_743_cov_14.975155	289	362	4	16	73	0.2191781
NODE_14434_length_743_cov_14.975155	289	362	6	49	73	0.6712329
NODE_14435_length_743_cov_14.100932	232	312	0	80	80	1.0000000
NODE_14435_length_743_cov_14.100932	285	365	0	80	80	1.0000000
NODE_14435_length_743_cov_14.100932	361	441	0	58	80	0.7250000
NODE_14435_length_743_cov_14.100932	361	441	2	22	80	0.2750000
NODE_14435_length_743_cov_14.100932	414	494	0	5	80	0.0625000
NODE_14435_length_743_cov_14.100932	414	494	2	75	80	0.9375000
NODE_14436_length_743_cov_12.968944	268	348	0	60	80	0.7500000
NODE_14436_length_743_cov_12.968944	268	348	2	20	80	0.2500000
NODE_14436_length_743_cov_12.968944	321	401	0	7	80	0.0875000
NODE_14436_length_743_cov_12.968944	321	401	2	73	80	0.9125000
NODE_14437_length_743_cov_12.847826	485	565	0	80	80	1.0000000
NODE_14437_length_743_cov_12.847826	538	618	0	80	80	1.0000000
NODE_14438_length_743_cov_11.871118	403	483	0	48	80	0.6000000
NODE_14438_length_743_cov_11.871118	403	483	2	32	80	0.4000000
NODE_14438_length_743_cov_11.871118	456	536	2	80	80	1.0000000
NODE_14439_length_743_cov_11.760870	337	417	0	80	80	1.0000000
NODE_14439_length_743_cov_11.760870	390	470	0	34	80	0.4250000
NODE_14439_length_743_cov_11.760870	390	470	6	46	80	0.5750000
NODE_14440_length_743_cov_9.006211	351	431	0	47	80	0.5875000
NODE_14440_length_743_cov_9.006211	351	431	4	33	80	0.4125000
NODE_14440_length_743_cov_9.006211	404	484	4	80	80	1.0000000
NODE_14441_length_743_cov_8.063665	290	370	0	21	80	0.2625000
NODE_14441_length_743_cov_8.063665	290	370	2	59	80	0.7375000
NODE_14441_length_743_cov_8.063665	343	423	0	74	80	0.9250000
NODE_14441_length_743_cov_8.063665	343	423	2	6	80	0.0750000
NODE_14456_length_743_cov_2.029503	260	284	0	14	24	0.5833333
NODE_14456_length_743_cov_2.029503	260	284	6	10	24	0.4166667
NODE_14456_length_743_cov_2.029503	301	363	6	19	62	0.3064516
NODE_14456_length_743_cov_2.029503	301	363	8	43	62	0.6935484
NODE_14473_length_743_cov_0.989130	592	670	12	3	78	0.0384615
NODE_14473_length_743_cov_0.989130	592	670	20	1	78	0.0128205
NODE_14473_length_743_cov_0.989130	592	670	22	1	78	0.0128205
NODE_14473_length_743_cov_0.989130	592	670	24	4	78	0.0512821
NODE_14473_length_743_cov_0.989130	592	670	26	4	78	0.0512821
NODE_14473_length_743_cov_0.989130	592	670	28	2	78	0.0256410
NODE_14473_length_743_cov_0.989130	592	670	40	2	78	0.0256410
NODE_14473_length_743_cov_0.989130	592	670	49	1	78	0.0128205
NODE_14473_length_743_cov_0.989130	592	670	51	1	78	0.0128205
NODE_14473_length_743_cov_0.989130	592	670	52	9	78	0.1153846
NODE_14473_length_743_cov_0.989130	592	670	54	1	78	0.0128205
NODE_14473_length_743_cov_0.989130	592	670	56	1	78	0.0128205
NODE_14473_length_743_cov_0.989130	592	670	58	2	78	0.0256410
NODE_14473_length_743_cov_0.989130	592	670	60	7	78	0.0897436
NODE_14473_length_743_cov_0.989130	592	670	61	6	78	0.0769231
NODE_14473_length_743_cov_0.989130	592	670	62	22	78	0.2820513
NODE_14473_length_743_cov_0.989130	592	670	63	11	78	0.1410256
NODE_14477_length_742_cov_23.664075	271	351	0	55	80	0.6875000
NODE_14477_length_742_cov_23.664075	271	351	2	25	80	0.3125000
NODE_14477_length_742_cov_23.664075	324	404	0	2	80	0.0250000
NODE_14477_length_742_cov_23.664075	324	404	2	25	80	0.3125000
NODE_14477_length_742_cov_23.664075	324	404	4	53	80	0.6625000
NODE_14478_length_742_cov_19.488336	288	368	0	70	80	0.8750000
NODE_14478_length_742_cov_19.488336	288	368	2	10	80	0.1250000
NODE_14478_length_742_cov_19.488336	341	421	0	17	80	0.2125000
NODE_14478_length_742_cov_19.488336	341	421	2	63	80	0.7875000
NODE_14479_length_742_cov_18.528771	319	399	0	28	80	0.3500000
NODE_14479_length_742_cov_18.528771	319	399	2	52	80	0.6500000
NODE_14479_length_742_cov_18.528771	372	452	0	80	80	1.0000000
NODE_14480_length_742_cov_17.401244	126	206	0	49	80	0.6125000
NODE_14480_length_742_cov_17.401244	126	206	4	31	80	0.3875000
NODE_14480_length_742_cov_17.401244	179	259	4	80	80	1.0000000
NODE_14482_length_742_cov_7.679627	274	354	3	55	80	0.6875000
NODE_14482_length_742_cov_7.679627	274	354	4	1	80	0.0125000
NODE_14482_length_742_cov_7.679627	274	354	6	24	80	0.3000000
NODE_14482_length_742_cov_7.679627	327	407	3	2	80	0.0250000
NODE_14482_length_742_cov_7.679627	327	407	4	1	80	0.0125000
NODE_14482_length_742_cov_7.679627	327	407	6	77	80	0.9625000
NODE_14521_length_741_cov_12.168224	316	392	0	10	76	0.1315790
NODE_14521_length_741_cov_12.168224	316	392	2	16	76	0.2105263
NODE_14521_length_741_cov_12.168224	316	392	4	50	76	0.6578947
NODE_14521_length_741_cov_12.168224	598	663	0	65	65	1.0000000
NODE_14522_length_741_cov_8.542056	198	278	0	80	80	1.0000000
NODE_14522_length_741_cov_8.542056	251	331	0	80	80	1.0000000
NODE_14525_length_741_cov_5.989097	457	538	12	1	81	0.0123457
NODE_14525_length_741_cov_5.989097	457	538	16	60	81	0.7407407
NODE_14525_length_741_cov_5.989097	457	538	18	7	81	0.0864198
NODE_14525_length_741_cov_5.989097	457	538	20	11	81	0.1358025
NODE_14525_length_741_cov_5.989097	457	538	22	2	81	0.0246914
NODE_14536_length_741_cov_2.556075	212	289	0	6	77	0.0779221
NODE_14536_length_741_cov_2.556075	212	289	2	71	77	0.9220779
NODE_14571_length_740_cov_54.372855	192	272	0	80	80	1.0000000
NODE_14571_length_740_cov_54.372855	245	325	0	62	80	0.7750000
NODE_14571_length_740_cov_54.372855	245	325	2	18	80	0.2250000
NODE_14571_length_740_cov_54.372855	321	401	2	80	80	1.0000000
NODE_14571_length_740_cov_54.372855	374	454	0	42	80	0.5250000
NODE_14571_length_740_cov_54.372855	374	454	2	38	80	0.4750000
NODE_14572_length_740_cov_51.758190	194	274	4	10	80	0.1250000
NODE_14572_length_740_cov_51.758190	194	274	10	35	80	0.4375000
NODE_14572_length_740_cov_51.758190	194	274	12	17	80	0.2125000
NODE_14572_length_740_cov_51.758190	194	274	19	1	80	0.0125000
NODE_14572_length_740_cov_51.758190	194	274	20	17	80	0.2125000
NODE_14572_length_740_cov_51.758190	247	327	6	2	80	0.0250000
NODE_14572_length_740_cov_51.758190	247	327	8	11	80	0.1375000
NODE_14572_length_740_cov_51.758190	247	327	10	6	80	0.0750000
NODE_14572_length_740_cov_51.758190	247	327	12	9	80	0.1125000
NODE_14572_length_740_cov_51.758190	247	327	19	1	80	0.0125000
NODE_14572_length_740_cov_51.758190	247	327	20	51	80	0.6375000
NODE_14573_length_740_cov_34.185647	359	439	0	16	80	0.2000000
NODE_14573_length_740_cov_34.185647	359	439	2	46	80	0.5750000
NODE_14573_length_740_cov_34.185647	359	439	4	18	80	0.2250000
NODE_14573_length_740_cov_34.185647	412	492	0	69	80	0.8625000
NODE_14573_length_740_cov_34.185647	412	492	2	11	80	0.1375000
NODE_14574_length_740_cov_24.794072	286	366	2	52	80	0.6500000
NODE_14574_length_740_cov_24.794072	286	366	6	12	80	0.1500000
NODE_14574_length_740_cov_24.794072	286	366	8	16	80	0.2000000
NODE_14574_length_740_cov_24.794072	339	419	0	1	80	0.0125000
NODE_14574_length_740_cov_24.794072	339	419	6	64	80	0.8000000
NODE_14574_length_740_cov_24.794072	339	419	8	15	80	0.1875000
NODE_14575_length_740_cov_20.361934	316	396	2	80	80	1.0000000
NODE_14575_length_740_cov_20.361934	369	449	0	49	80	0.6125000
NODE_14575_length_740_cov_20.361934	369	449	2	31	80	0.3875000
NODE_14576_length_740_cov_18.982839	266	348	0	82	82	1.0000000
NODE_14576_length_740_cov_18.982839	321	401	0	80	80	1.0000000
NODE_14577_length_740_cov_16.755070	354	434	4	80	80	1.0000000
NODE_14577_length_740_cov_16.755070	407	487	2	4	80	0.0500000
NODE_14577_length_740_cov_16.755070	407	487	4	76	80	0.9500000
NODE_14579_length_740_cov_7.585023	206	286	0	80	80	1.0000000
NODE_14579_length_740_cov_7.585023	259	339	0	80	80	1.0000000
NODE_14580_length_740_cov_7.174727	165	245	1	26	80	0.3250000
NODE_14580_length_740_cov_7.174727	165	245	2	50	80	0.6250000
NODE_14580_length_740_cov_7.174727	165	245	3	4	80	0.0500000
NODE_14580_length_740_cov_7.174727	218	298	1	23	80	0.2875000
NODE_14580_length_740_cov_7.174727	218	298	3	45	80	0.5625000
NODE_14580_length_740_cov_7.174727	218	298	6	10	80	0.1250000
NODE_14580_length_740_cov_7.174727	218	298	7	2	80	0.0250000
NODE_14614_length_739_cov_52.970312	346	426	0	80	80	1.0000000
NODE_14614_length_739_cov_52.970312	399	479	0	80	80	1.0000000
NODE_14615_length_739_cov_31.175000	204	284	1	8	80	0.1000000
NODE_14615_length_739_cov_31.175000	204	284	2	72	80	0.9000000
NODE_14615_length_739_cov_31.175000	257	337	0	13	80	0.1625000
NODE_14615_length_739_cov_31.175000	257	337	2	67	80	0.8375000
NODE_14616_length_739_cov_25.482813	487	567	0	80	80	1.0000000
NODE_14616_length_739_cov_25.482813	540	620	0	80	80	1.0000000
NODE_14617_length_739_cov_24.871875	191	271	0	69	80	0.8625000
NODE_14617_length_739_cov_24.871875	191	271	6	11	80	0.1375000
NODE_14617_length_739_cov_24.871875	244	324	0	16	80	0.2000000
NODE_14617_length_739_cov_24.871875	244	324	6	64	80	0.8000000
NODE_14618_length_739_cov_18.360937	146	226	0	80	80	1.0000000
NODE_14618_length_739_cov_18.360937	199	279	0	34	80	0.4250000
NODE_14618_length_739_cov_18.360937	199	279	2	46	80	0.5750000
NODE_14619_length_739_cov_13.195312	273	353	0	59	80	0.7375000
NODE_14619_length_739_cov_13.195312	273	353	2	21	80	0.2625000
NODE_14619_length_739_cov_13.195312	326	406	0	9	80	0.1125000
NODE_14619_length_739_cov_13.195312	326	406	2	71	80	0.8875000
NODE_14620_length_739_cov_10.314063	231	311	2	80	80	1.0000000
NODE_14620_length_739_cov_10.314063	284	364	0	9	80	0.1125000
NODE_14620_length_739_cov_10.314063	284	364	2	71	80	0.8875000
NODE_14622_length_739_cov_8.523438	468	548	2	48	80	0.6000000
NODE_14622_length_739_cov_8.523438	468	548	5	1	80	0.0125000
NODE_14622_length_739_cov_8.523438	468	548	6	11	80	0.1375000
NODE_14622_length_739_cov_8.523438	468	548	10	20	80	0.2500000
NODE_14622_length_739_cov_8.523438	521	600	6	7	79	0.0886076
NODE_14622_length_739_cov_8.523438	521	600	8	40	79	0.5063291
NODE_14622_length_739_cov_8.523438	521	600	10	32	79	0.4050633
NODE_14623_length_739_cov_7.398438	342	422	0	80	80	1.0000000
NODE_14623_length_739_cov_7.398438	395	475	0	80	80	1.0000000
NODE_14625_length_739_cov_5.826562	252	332	0	26	80	0.3250000
NODE_14625_length_739_cov_5.826562	252	332	3	1	80	0.0125000
NODE_14625_length_739_cov_5.826562	252	332	4	26	80	0.3250000
NODE_14625_length_739_cov_5.826562	252	332	5	5	80	0.0625000
NODE_14625_length_739_cov_5.826562	252	332	6	22	80	0.2750000
NODE_14625_length_739_cov_5.826562	305	385	5	58	80	0.7250000
NODE_14625_length_739_cov_5.826562	305	385	6	22	80	0.2750000
NODE_14634_length_739_cov_3.232813	355	435	0	80	80	1.0000000
NODE_14634_length_739_cov_3.232813	408	488	0	80	80	1.0000000
NODE_14679_length_738_cov_35.278560	274	318	77	1	44	0.0227273
NODE_14679_length_738_cov_35.278560	274	318	78	3	44	0.0681818
NODE_14679_length_738_cov_35.278560	274	318	79	4	44	0.0909091
NODE_14679_length_738_cov_35.278560	274	318	80	2	44	0.0454545
NODE_14679_length_738_cov_35.278560	274	318	81	4	44	0.0909091
NODE_14679_length_738_cov_35.278560	274	318	82	1	44	0.0227273
NODE_14679_length_738_cov_35.278560	274	318	83	8	44	0.1818182
NODE_14679_length_738_cov_35.278560	274	318	84	10	44	0.2272727
NODE_14679_length_738_cov_35.278560	274	318	85	7	44	0.1590909
NODE_14679_length_738_cov_35.278560	274	318	87	3	44	0.0681818
NODE_14679_length_738_cov_35.278560	274	318	89	1	44	0.0227273
NODE_14680_length_738_cov_21.672926	208	288	0	80	80	1.0000000
NODE_14680_length_738_cov_21.672926	261	341	0	80	80	1.0000000
NODE_14681_length_738_cov_15.665102	302	382	0	40	80	0.5000000
NODE_14681_length_738_cov_15.665102	302	382	2	40	80	0.5000000
NODE_14681_length_738_cov_15.665102	355	435	0	29	80	0.3625000
NODE_14681_length_738_cov_15.665102	355	435	2	51	80	0.6375000
NODE_14682_length_738_cov_15.661972	338	418	0	49	80	0.6125000
NODE_14682_length_738_cov_15.661972	338	418	2	31	80	0.3875000
NODE_14682_length_738_cov_15.661972	391	471	0	80	80	1.0000000
NODE_14683_length_738_cov_12.594679	49	129	0	80	80	1.0000000
NODE_14683_length_738_cov_12.594679	102	182	0	80	80	1.0000000
NODE_14683_length_738_cov_12.594679	178	258	0	80	80	1.0000000
NODE_14683_length_738_cov_12.594679	231	311	0	80	80	1.0000000
NODE_14691_length_738_cov_4.056338	254	326	0	72	72	1.0000000
NODE_14691_length_738_cov_4.056338	437	528	2	12	91	0.1318681
NODE_14691_length_738_cov_4.056338	437	528	4	18	91	0.1978022
NODE_14691_length_738_cov_4.056338	437	528	6	1	91	0.0109890
NODE_14691_length_738_cov_4.056338	437	528	8	7	91	0.0769231
NODE_14691_length_738_cov_4.056338	437	528	10	38	91	0.4175824
NODE_14691_length_738_cov_4.056338	437	528	12	3	91	0.0329670
NODE_14691_length_738_cov_4.056338	437	528	14	12	91	0.1318681
NODE_14724_length_737_cov_22.363636	303	383	4	14	80	0.1750000
NODE_14724_length_737_cov_22.363636	303	383	6	66	80	0.8250000
NODE_14724_length_737_cov_22.363636	356	436	0	48	80	0.6000000
NODE_14724_length_737_cov_22.363636	356	436	2	2	80	0.0250000
NODE_14724_length_737_cov_22.363636	356	436	4	17	80	0.2125000
NODE_14724_length_737_cov_22.363636	356	436	6	13	80	0.1625000
NODE_14725_length_737_cov_21.318182	208	288	0	8	80	0.1000000
NODE_14725_length_737_cov_21.318182	208	288	2	72	80	0.9000000
NODE_14725_length_737_cov_21.318182	261	341	0	33	80	0.4125000
NODE_14725_length_737_cov_21.318182	261	341	2	47	80	0.5875000
NODE_14726_length_737_cov_17.161442	346	426	0	80	80	1.0000000
NODE_14726_length_737_cov_17.161442	399	479	0	80	80	1.0000000
NODE_14727_length_737_cov_11.835423	211	291	0	80	80	1.0000000
NODE_14727_length_737_cov_11.835423	264	344	0	80	80	1.0000000
NODE_14729_length_737_cov_6.782132	488	548	0	60	60	1.0000000
NODE_14732_length_737_cov_6.089342	241	321	0	80	80	1.0000000
NODE_14732_length_737_cov_6.089342	294	374	0	80	80	1.0000000
NODE_14747_length_737_cov_2.548589	386	416	0	30	30	1.0000000
NODE_14781_length_736_cov_46.601256	226	306	0	80	80	1.0000000
NODE_14781_length_736_cov_46.601256	279	359	0	67	80	0.8375000
NODE_14781_length_736_cov_46.601256	279	359	2	13	80	0.1625000
NODE_14782_length_736_cov_32.442700	215	295	0	80	80	1.0000000
NODE_14782_length_736_cov_32.442700	268	350	0	82	82	1.0000000
NODE_14783_length_736_cov_26.364207	220	300	0	80	80	1.0000000
NODE_14783_length_736_cov_26.364207	273	353	0	80	80	1.0000000
NODE_14785_length_736_cov_10.317111	313	393	0	80	80	1.0000000
NODE_14785_length_736_cov_10.317111	366	446	0	80	80	1.0000000
NODE_14786_length_736_cov_9.188383	292	372	0	80	80	1.0000000
NODE_14786_length_736_cov_9.188383	345	425	0	43	80	0.5375000
NODE_14786_length_736_cov_9.188383	345	425	2	37	80	0.4625000
NODE_14787_length_736_cov_8.149137	315	391	0	59	76	0.7763158
NODE_14787_length_736_cov_8.149137	315	391	2	17	76	0.2236842
NODE_14787_length_736_cov_8.149137	365	445	0	20	80	0.2500000
NODE_14787_length_736_cov_8.149137	365	445	2	60	80	0.7500000
NODE_14788_length_736_cov_8.103611	295	375	0	80	80	1.0000000
NODE_14788_length_736_cov_8.103611	348	428	0	80	80	1.0000000
NODE_14789_length_736_cov_7.513344	239	319	0	80	80	1.0000000
NODE_14789_length_736_cov_7.513344	292	372	0	80	80	1.0000000
NODE_14792_length_736_cov_5.967033	253	333	0	80	80	1.0000000
NODE_14792_length_736_cov_5.967033	306	386	0	80	80	1.0000000
NODE_14795_length_736_cov_4.908948	258	338	0	6	80	0.0750000
NODE_14795_length_736_cov_4.908948	258	338	2	58	80	0.7250000
NODE_14795_length_736_cov_4.908948	258	338	3	12	80	0.1500000
NODE_14795_length_736_cov_4.908948	258	338	4	4	80	0.0500000
NODE_14795_length_736_cov_4.908948	311	391	0	16	80	0.2000000
NODE_14795_length_736_cov_4.908948	311	391	2	64	80	0.8000000
NODE_14825_length_735_cov_21.099057	265	345	0	20	80	0.2500000
NODE_14825_length_735_cov_21.099057	265	345	4	60	80	0.7500000
NODE_14825_length_735_cov_21.099057	318	398	0	32	80	0.4000000
NODE_14825_length_735_cov_21.099057	318	398	2	41	80	0.5125000
NODE_14825_length_735_cov_21.099057	318	398	4	7	80	0.0875000
NODE_14826_length_735_cov_16.696541	190	270	0	80	80	1.0000000
NODE_14826_length_735_cov_16.696541	243	323	0	80	80	1.0000000
NODE_14826_length_735_cov_16.696541	479	538	4	6	59	0.1016949
NODE_14826_length_735_cov_16.696541	479	538	8	2	59	0.0338983
NODE_14826_length_735_cov_16.696541	479	538	9	25	59	0.4237288
NODE_14826_length_735_cov_16.696541	479	538	11	26	59	0.4406780
NODE_14827_length_735_cov_13.143082	231	311	0	80	80	1.0000000
NODE_14827_length_735_cov_13.143082	284	364	0	80	80	1.0000000
NODE_14828_length_735_cov_12.415094	434	514	0	72	80	0.9000000
NODE_14828_length_735_cov_12.415094	434	514	2	8	80	0.1000000
NODE_14828_length_735_cov_12.415094	487	567	0	43	80	0.5375000
NODE_14828_length_735_cov_12.415094	487	567	2	37	80	0.4625000
NODE_14836_length_735_cov_5.603774	326	394	0	68	68	1.0000000
NODE_14836_length_735_cov_5.603774	367	409	0	42	42	1.0000000
NODE_14880_length_734_cov_26.787402	209	289	0	5	80	0.0625000
NODE_14880_length_734_cov_26.787402	209	289	2	36	80	0.4500000
NODE_14880_length_734_cov_26.787402	209	289	4	39	80	0.4875000
NODE_14880_length_734_cov_26.787402	262	342	2	21	80	0.2625000
NODE_14880_length_734_cov_26.787402	262	342	4	59	80	0.7375000
NODE_14881_length_734_cov_23.214173	200	280	0	80	80	1.0000000
NODE_14881_length_734_cov_23.214173	253	333	0	80	80	1.0000000
NODE_14883_length_734_cov_21.645669	245	325	0	80	80	1.0000000
NODE_14883_length_734_cov_21.645669	298	378	0	80	80	1.0000000
NODE_14884_length_734_cov_14.393701	249	329	0	77	80	0.9625000
NODE_14884_length_734_cov_14.393701	249	329	2	3	80	0.0375000
NODE_14884_length_734_cov_14.393701	302	382	0	24	80	0.3000000
NODE_14884_length_734_cov_14.393701	302	382	2	56	80	0.7000000
NODE_14885_length_734_cov_11.324409	133	196	2	4	63	0.0634921
NODE_14885_length_734_cov_11.324409	133	196	3	1	63	0.0158730
NODE_14885_length_734_cov_11.324409	133	196	4	58	63	0.9206349
NODE_14885_length_734_cov_11.324409	169	229	2	9	60	0.1500000
NODE_14885_length_734_cov_11.324409	169	229	4	51	60	0.8500000
NODE_14886_length_734_cov_10.872441	302	331	0	2	29	0.0689655
NODE_14886_length_734_cov_10.872441	302	331	2	27	29	0.9310345
NODE_14890_length_734_cov_6.352756	371	451	0	80	80	1.0000000
NODE_14890_length_734_cov_6.352756	424	504	0	80	80	1.0000000
NODE_14896_length_734_cov_2.705512	231	302	0	71	71	1.0000000
NODE_14934_length_733_cov_35.041009	268	348	2	24	80	0.3000000
NODE_14934_length_733_cov_35.041009	268	348	4	52	80	0.6500000
NODE_14934_length_733_cov_35.041009	268	348	6	4	80	0.0500000
NODE_14934_length_733_cov_35.041009	321	402	0	54	81	0.6666667
NODE_14934_length_733_cov_35.041009	321	402	2	24	81	0.2962963
NODE_14934_length_733_cov_35.041009	321	402	4	3	81	0.0370370
NODE_14935_length_733_cov_29.810726	28	108	0	80	80	1.0000000
NODE_14935_length_733_cov_29.810726	81	161	0	80	80	1.0000000
NODE_14935_length_733_cov_29.810726	157	237	0	12	80	0.1500000
NODE_14935_length_733_cov_29.810726	157	237	2	68	80	0.8500000
NODE_14935_length_733_cov_29.810726	210	290	0	18	80	0.2250000
NODE_14935_length_733_cov_29.810726	210	290	2	62	80	0.7750000
NODE_14936_length_733_cov_13.738170	333	413	0	74	80	0.9250000
NODE_14936_length_733_cov_13.738170	333	413	2	6	80	0.0750000
NODE_14936_length_733_cov_13.738170	386	466	0	21	80	0.2625000
NODE_14936_length_733_cov_13.738170	386	466	2	59	80	0.7375000
NODE_14937_length_733_cov_11.471609	314	389	0	7	75	0.0933333
NODE_14937_length_733_cov_11.471609	314	389	2	68	75	0.9066667
NODE_14938_length_733_cov_11.321767	245	325	0	48	80	0.6000000
NODE_14938_length_733_cov_11.321767	245	325	2	32	80	0.4000000
NODE_14938_length_733_cov_11.321767	298	378	0	21	80	0.2625000
NODE_14938_length_733_cov_11.321767	298	378	2	59	80	0.7375000
NODE_14940_length_733_cov_8.481073	318	395	0	77	77	1.0000000
NODE_14940_length_733_cov_8.481073	371	451	0	80	80	1.0000000
NODE_14944_length_733_cov_5.485804	659	715	32	6	56	0.1071429
NODE_14944_length_733_cov_5.485804	659	715	34	1	56	0.0178571
NODE_14944_length_733_cov_5.485804	659	715	36	8	56	0.1428571
NODE_14944_length_733_cov_5.485804	659	715	38	2	56	0.0357143
NODE_14944_length_733_cov_5.485804	659	715	40	4	56	0.0714286
NODE_14944_length_733_cov_5.485804	659	715	41	22	56	0.3928571
NODE_14944_length_733_cov_5.485804	659	715	42	4	56	0.0714286
NODE_14944_length_733_cov_5.485804	659	715	43	5	56	0.0892857
NODE_14944_length_733_cov_5.485804	659	715	44	2	56	0.0357143
NODE_14944_length_733_cov_5.485804	659	715	45	2	56	0.0357143
NODE_14944_length_733_cov_5.485804	696	733	20	4	37	0.1081081
NODE_14944_length_733_cov_5.485804	696	733	24	6	37	0.1621622
NODE_14944_length_733_cov_5.485804	696	733	28	6	37	0.1621622
NODE_14944_length_733_cov_5.485804	696	733	32	8	37	0.2162162
NODE_14944_length_733_cov_5.485804	696	733	34	1	37	0.0270270
NODE_14944_length_733_cov_5.485804	696	733	36	8	37	0.2162162
NODE_14944_length_733_cov_5.485804	696	733	38	2	37	0.0540541
NODE_14944_length_733_cov_5.485804	696	733	40	2	37	0.0540541
NODE_14957_length_733_cov_2.272871	312	392	0	80	80	1.0000000
NODE_14957_length_733_cov_2.272871	365	445	0	80	80	1.0000000
NODE_14975_length_732_cov_19.519747	229	309	0	55	80	0.6875000
NODE_14975_length_732_cov_19.519747	229	309	6	23	80	0.2875000
NODE_14975_length_732_cov_19.519747	229	309	8	2	80	0.0250000
NODE_14975_length_732_cov_19.519747	282	362	0	2	80	0.0250000
NODE_14975_length_732_cov_19.519747	282	362	6	23	80	0.2875000
NODE_14975_length_732_cov_19.519747	282	362	8	55	80	0.6875000
NODE_14976_length_732_cov_10.846761	247	327	0	80	80	1.0000000
NODE_14976_length_732_cov_10.846761	300	380	0	80	80	1.0000000
NODE_14977_length_732_cov_9.807267	276	356	0	80	80	1.0000000
NODE_14977_length_732_cov_9.807267	329	409	0	80	80	1.0000000
NODE_14978_length_732_cov_8.053712	415	495	0	80	80	1.0000000
NODE_14978_length_732_cov_8.053712	468	548	0	80	80	1.0000000
NODE_14980_length_732_cov_5.194313	319	399	0	80	80	1.0000000
NODE_14980_length_732_cov_5.194313	372	452	0	80	80	1.0000000
NODE_14981_length_732_cov_4.998420	293	373	0	80	80	1.0000000
NODE_14981_length_732_cov_4.998420	346	426	0	80	80	1.0000000
NODE_14983_length_732_cov_4.758294	483	524	0	41	41	1.0000000
NODE_15021_length_731_cov_36.123418	464	544	2	29	80	0.3625000
NODE_15021_length_731_cov_36.123418	464	544	4	37	80	0.4625000
NODE_15021_length_731_cov_36.123418	464	544	6	14	80	0.1750000
NODE_15021_length_731_cov_36.123418	517	597	0	10	80	0.1250000
NODE_15021_length_731_cov_36.123418	517	597	2	70	80	0.8750000
NODE_15022_length_731_cov_27.721519	294	374	0	80	80	1.0000000
NODE_15022_length_731_cov_27.721519	347	427	0	80	80	1.0000000
NODE_15023_length_731_cov_19.655063	394	474	0	7	80	0.0875000
NODE_15023_length_731_cov_19.655063	394	474	2	22	80	0.2750000
NODE_15023_length_731_cov_19.655063	394	474	4	51	80	0.6375000
NODE_15023_length_731_cov_19.655063	447	527	0	29	80	0.3625000
NODE_15023_length_731_cov_19.655063	447	527	2	24	80	0.3000000
NODE_15023_length_731_cov_19.655063	447	527	4	27	80	0.3375000
NODE_15024_length_731_cov_16.346519	429	509	0	60	80	0.7500000
NODE_15024_length_731_cov_16.346519	429	509	2	11	80	0.1375000
NODE_15024_length_731_cov_16.346519	429	509	6	9	80	0.1125000
NODE_15024_length_731_cov_16.346519	482	562	0	18	80	0.2250000
NODE_15024_length_731_cov_16.346519	482	562	6	15	80	0.1875000
NODE_15024_length_731_cov_16.346519	482	562	8	4	80	0.0500000
NODE_15024_length_731_cov_16.346519	482	562	10	43	80	0.5375000
NODE_15025_length_731_cov_13.892405	321	401	0	80	80	1.0000000
NODE_15025_length_731_cov_13.892405	374	454	0	80	80	1.0000000
NODE_15027_length_731_cov_8.800633	218	298	4	31	80	0.3875000
NODE_15027_length_731_cov_8.800633	218	298	6	49	80	0.6125000
NODE_15027_length_731_cov_8.800633	271	352	0	20	81	0.2469136
NODE_15027_length_731_cov_8.800633	271	352	2	30	81	0.3703704
NODE_15027_length_731_cov_8.800633	271	352	4	14	81	0.1728395
NODE_15027_length_731_cov_8.800633	271	352	6	17	81	0.2098765
NODE_15028_length_731_cov_7.658228	335	406	0	23	71	0.3239437
NODE_15028_length_731_cov_7.658228	335	406	8	16	71	0.2253521
NODE_15028_length_731_cov_7.658228	335	406	10	32	71	0.4507042
NODE_15028_length_731_cov_7.658228	387	468	10	61	81	0.7530864
NODE_15028_length_731_cov_7.658228	387	468	11	1	81	0.0123457
NODE_15028_length_731_cov_7.658228	387	468	12	19	81	0.2345679
NODE_15031_length_731_cov_5.471519	261	341	0	80	80	1.0000000
NODE_15031_length_731_cov_5.471519	314	394	0	68	80	0.8500000
NODE_15031_length_731_cov_5.471519	314	394	2	12	80	0.1500000
NODE_15034_length_731_cov_4.083861	361	441	0	10	80	0.1250000
NODE_15034_length_731_cov_4.083861	361	441	2	70	80	0.8750000
NODE_15034_length_731_cov_4.083861	458	482	2	9	24	0.3750000
NODE_15034_length_731_cov_4.083861	458	482	4	15	24	0.6250000
NODE_15050_length_731_cov_2.226266	466	548	1	82	82	1.0000000
NODE_15077_length_730_cov_51.556260	349	429	0	30	80	0.3750000
NODE_15077_length_730_cov_51.556260	349	429	2	50	80	0.6250000
NODE_15077_length_730_cov_51.556260	402	482	0	80	80	1.0000000
NODE_15078_length_730_cov_39.862124	370	450	0	39	80	0.4875000
NODE_15078_length_730_cov_39.862124	370	450	2	41	80	0.5125000
NODE_15078_length_730_cov_39.862124	423	503	0	16	80	0.2000000
NODE_15078_length_730_cov_39.862124	423	503	2	64	80	0.8000000
NODE_15079_length_730_cov_15.801902	261	341	0	80	80	1.0000000
NODE_15079_length_730_cov_15.801902	314	394	0	27	80	0.3375000
NODE_15079_length_730_cov_15.801902	314	394	2	53	80	0.6625000
NODE_15080_length_730_cov_11.746434	242	322	0	31	80	0.3875000
NODE_15080_length_730_cov_11.746434	242	322	2	49	80	0.6125000
NODE_15080_length_730_cov_11.746434	295	375	2	80	80	1.0000000
NODE_15081_length_730_cov_9.209192	358	438	0	28	80	0.3500000
NODE_15081_length_730_cov_9.209192	358	438	2	33	80	0.4125000
NODE_15081_length_730_cov_9.209192	358	438	4	19	80	0.2375000
NODE_15081_length_730_cov_9.209192	411	483	0	6	72	0.0833333
NODE_15081_length_730_cov_9.209192	411	483	2	27	72	0.3750000
NODE_15081_length_730_cov_9.209192	411	483	4	39	72	0.5416667
NODE_15131_length_729_cov_44.188889	418	498	0	80	80	1.0000000
NODE_15131_length_729_cov_44.188889	471	551	0	80	80	1.0000000
NODE_15132_length_729_cov_40.390476	330	410	0	80	80	1.0000000
NODE_15132_length_729_cov_40.390476	383	463	0	80	80	1.0000000
NODE_15133_length_729_cov_35.973016	231	311	2	23	80	0.2875000
NODE_15133_length_729_cov_35.973016	231	311	4	57	80	0.7125000
NODE_15133_length_729_cov_35.973016	284	363	0	18	79	0.2278481
NODE_15133_length_729_cov_35.973016	284	363	4	61	79	0.7721519
NODE_15134_length_729_cov_18.357143	170	250	0	5	80	0.0625000
NODE_15134_length_729_cov_18.357143	170	250	2	39	80	0.4875000
NODE_15134_length_729_cov_18.357143	170	250	5	4	80	0.0500000
NODE_15134_length_729_cov_18.357143	170	250	6	32	80	0.4000000
NODE_15134_length_729_cov_18.357143	223	303	6	80	80	1.0000000
NODE_15135_length_729_cov_17.928571	194	274	0	30	80	0.3750000
NODE_15135_length_729_cov_17.928571	194	274	2	50	80	0.6250000
NODE_15135_length_729_cov_17.928571	247	327	0	80	80	1.0000000
NODE_15136_length_729_cov_17.373016	369	449	2	80	80	1.0000000
NODE_15136_length_729_cov_17.373016	422	502	2	56	80	0.7000000
NODE_15136_length_729_cov_17.373016	422	502	3	9	80	0.1125000
NODE_15136_length_729_cov_17.373016	422	502	4	15	80	0.1875000
NODE_15137_length_729_cov_12.452381	347	427	0	80	80	1.0000000
NODE_15137_length_729_cov_12.452381	400	480	0	80	80	1.0000000
NODE_15138_length_729_cov_10.388889	296	376	0	15	80	0.1875000
NODE_15138_length_729_cov_10.388889	296	376	4	52	80	0.6500000
NODE_15138_length_729_cov_10.388889	296	376	6	13	80	0.1625000
NODE_15138_length_729_cov_10.388889	349	429	2	5	80	0.0625000
NODE_15138_length_729_cov_10.388889	349	429	4	14	80	0.1750000
NODE_15138_length_729_cov_10.388889	349	429	5	1	80	0.0125000
NODE_15138_length_729_cov_10.388889	349	429	6	60	80	0.7500000
NODE_15185_length_728_cov_23.503975	338	418	0	80	80	1.0000000
NODE_15185_length_728_cov_23.503975	391	471	0	80	80	1.0000000
NODE_15186_length_728_cov_22.496025	310	390	2	16	80	0.2000000
NODE_15186_length_728_cov_22.496025	310	390	5	3	80	0.0375000
NODE_15186_length_728_cov_22.496025	310	390	6	61	80	0.7625000
NODE_15186_length_728_cov_22.496025	363	443	0	45	80	0.5625000
NODE_15186_length_728_cov_22.496025	363	443	2	24	80	0.3000000
NODE_15186_length_728_cov_22.496025	363	443	5	3	80	0.0375000
NODE_15186_length_728_cov_22.496025	363	443	6	8	80	0.1000000
NODE_15187_length_728_cov_16.596184	257	337	0	80	80	1.0000000
NODE_15187_length_728_cov_16.596184	310	387	0	77	77	1.0000000
NODE_15188_length_728_cov_16.114467	192	272	2	80	80	1.0000000
NODE_15188_length_728_cov_16.114467	245	325	0	28	80	0.3500000
NODE_15188_length_728_cov_16.114467	245	325	1	5	80	0.0625000
NODE_15188_length_728_cov_16.114467	245	325	2	47	80	0.5875000
NODE_15189_length_728_cov_15.128776	298	377	6	21	79	0.2658228
NODE_15189_length_728_cov_15.128776	298	377	8	58	79	0.7341772
NODE_15189_length_728_cov_15.128776	350	430	0	16	80	0.2000000
NODE_15189_length_728_cov_15.128776	350	430	6	58	80	0.7250000
NODE_15189_length_728_cov_15.128776	350	430	8	6	80	0.0750000
NODE_15190_length_728_cov_10.613672	269	349	0	80	80	1.0000000
NODE_15190_length_728_cov_10.613672	322	402	0	80	80	1.0000000
NODE_15191_length_728_cov_7.613672	408	488	0	20	80	0.2500000
NODE_15191_length_728_cov_7.613672	408	488	2	46	80	0.5750000
NODE_15191_length_728_cov_7.613672	408	488	4	14	80	0.1750000
NODE_15191_length_728_cov_7.613672	461	541	2	80	80	1.0000000
NODE_15196_length_728_cov_3.405405	335	415	0	24	80	0.3000000
NODE_15196_length_728_cov_3.405405	335	415	2	56	80	0.7000000
NODE_15244_length_727_cov_34.883758	57	137	0	14	80	0.1750000
NODE_15244_length_727_cov_34.883758	57	137	2	29	80	0.3625000
NODE_15244_length_727_cov_34.883758	57	137	4	5	80	0.0625000
NODE_15244_length_727_cov_34.883758	57	137	6	19	80	0.2375000
NODE_15244_length_727_cov_34.883758	57	137	10	13	80	0.1625000
NODE_15244_length_727_cov_34.883758	57	137	0	14	80	0.1750000
NODE_15244_length_727_cov_34.883758	57	137	2	29	80	0.3625000
NODE_15244_length_727_cov_34.883758	57	137	4	5	80	0.0625000
NODE_15244_length_727_cov_34.883758	57	137	6	19	80	0.2375000
NODE_15244_length_727_cov_34.883758	57	137	10	13	80	0.1625000
NODE_15244_length_727_cov_34.883758	57	137	0	14	80	0.1750000
NODE_15244_length_727_cov_34.883758	57	137	2	29	80	0.3625000
NODE_15244_length_727_cov_34.883758	57	137	4	5	80	0.0625000
NODE_15244_length_727_cov_34.883758	57	137	6	19	80	0.2375000
NODE_15244_length_727_cov_34.883758	57	137	10	13	80	0.1625000
NODE_15244_length_727_cov_34.883758	110	190	6	14	80	0.1750000
NODE_15244_length_727_cov_34.883758	110	190	8	17	80	0.2125000
NODE_15244_length_727_cov_34.883758	110	190	10	49	80	0.6125000
NODE_15244_length_727_cov_34.883758	110	190	6	14	80	0.1750000
NODE_15244_length_727_cov_34.883758	110	190	8	17	80	0.2125000
NODE_15244_length_727_cov_34.883758	110	190	10	49	80	0.6125000
NODE_15245_length_727_cov_32.025478	275	355	0	80	80	1.0000000
NODE_15245_length_727_cov_32.025478	328	408	0	80	80	1.0000000
NODE_15246_length_727_cov_28.523885	307	381	2	74	74	1.0000000
NODE_15246_length_727_cov_28.523885	360	381	2	21	21	1.0000000
NODE_15246_length_727_cov_28.523885	378	415	0	34	37	0.9189189
NODE_15246_length_727_cov_28.523885	378	415	2	3	37	0.0810811
NODE_15247_length_727_cov_25.826433	325	405	0	80	80	1.0000000
NODE_15247_length_727_cov_25.826433	378	458	0	80	80	1.0000000
NODE_15248_length_727_cov_22.253185	150	230	2	9	80	0.1125000
NODE_15248_length_727_cov_22.253185	150	230	14	18	80	0.2250000
NODE_15248_length_727_cov_22.253185	150	230	16	53	80	0.6625000
NODE_15248_length_727_cov_22.253185	203	283	2	27	80	0.3375000
NODE_15248_length_727_cov_22.253185	203	283	3	4	80	0.0500000
NODE_15248_length_727_cov_22.253185	203	283	14	11	80	0.1375000
NODE_15248_length_727_cov_22.253185	203	283	16	38	80	0.4750000
NODE_15249_length_727_cov_18.972930	263	343	2	16	80	0.2000000
NODE_15249_length_727_cov_18.972930	263	343	4	32	80	0.4000000
NODE_15249_length_727_cov_18.972930	263	343	6	32	80	0.4000000
NODE_15249_length_727_cov_18.972930	316	396	2	33	80	0.4125000
NODE_15249_length_727_cov_18.972930	316	396	4	47	80	0.5875000
NODE_15250_length_727_cov_15.531847	269	349	0	10	80	0.1250000
NODE_15250_length_727_cov_15.531847	269	349	2	25	80	0.3125000
NODE_15250_length_727_cov_15.531847	269	349	4	45	80	0.5625000
NODE_15250_length_727_cov_15.531847	322	402	2	50	80	0.6250000
NODE_15250_length_727_cov_15.531847	322	402	4	30	80	0.3750000
NODE_15252_length_727_cov_10.178344	280	360	0	22	80	0.2750000
NODE_15252_length_727_cov_10.178344	280	360	2	29	80	0.3625000
NODE_15252_length_727_cov_10.178344	280	360	4	29	80	0.3625000
NODE_15252_length_727_cov_10.178344	333	413	2	10	80	0.1250000
NODE_15252_length_727_cov_10.178344	333	413	4	70	80	0.8750000
NODE_15258_length_727_cov_4.955414	360	440	0	48	80	0.6000000
NODE_15258_length_727_cov_4.955414	360	440	2	32	80	0.4000000
NODE_15258_length_727_cov_4.955414	413	493	2	80	80	1.0000000
NODE_15287_length_726_cov_52.923445	415	495	0	80	80	1.0000000
NODE_15287_length_726_cov_52.923445	468	548	0	80	80	1.0000000
NODE_15288_length_726_cov_35.896332	108	188	0	34	80	0.4250000
NODE_15288_length_726_cov_35.896332	108	188	2	46	80	0.5750000
NODE_15288_length_726_cov_35.896332	161	241	0	19	80	0.2375000
NODE_15288_length_726_cov_35.896332	161	241	2	61	80	0.7625000
NODE_15288_length_726_cov_35.896332	237	317	0	80	80	1.0000000
NODE_15288_length_726_cov_35.896332	290	370	0	80	80	1.0000000
NODE_15291_length_726_cov_8.534290	355	435	0	80	80	1.0000000
NODE_15291_length_726_cov_8.534290	408	488	0	80	80	1.0000000
NODE_15330_length_725_cov_40.856230	203	283	0	4	80	0.0500000
NODE_15330_length_725_cov_40.856230	203	283	4	76	80	0.9500000
NODE_15330_length_725_cov_40.856230	256	336	0	10	80	0.1250000
NODE_15330_length_725_cov_40.856230	256	336	2	1	80	0.0125000
NODE_15330_length_725_cov_40.856230	256	336	4	69	80	0.8625000
NODE_15330_length_725_cov_40.856230	332	412	0	3	80	0.0375000
NODE_15330_length_725_cov_40.856230	332	412	2	23	80	0.2875000
NODE_15330_length_725_cov_40.856230	332	412	4	43	80	0.5375000
NODE_15330_length_725_cov_40.856230	332	412	8	11	80	0.1375000
NODE_15330_length_725_cov_40.856230	385	465	4	16	80	0.2000000
NODE_15330_length_725_cov_40.856230	385	465	6	53	80	0.6625000
NODE_15330_length_725_cov_40.856230	385	465	8	11	80	0.1375000
NODE_15331_length_725_cov_25.036741	366	446	0	33	80	0.4125000
NODE_15331_length_725_cov_25.036741	366	446	16	8	80	0.1000000
NODE_15331_length_725_cov_25.036741	366	446	23	1	80	0.0125000
NODE_15331_length_725_cov_25.036741	366	446	24	34	80	0.4250000
NODE_15331_length_725_cov_25.036741	366	446	25	4	80	0.0500000
NODE_15331_length_725_cov_25.036741	419	499	24	23	80	0.2875000
NODE_15331_length_725_cov_25.036741	419	499	25	6	80	0.0750000
NODE_15331_length_725_cov_25.036741	419	499	26	14	80	0.1750000
NODE_15331_length_725_cov_25.036741	419	499	34	7	80	0.0875000
NODE_15331_length_725_cov_25.036741	419	499	35	1	80	0.0125000
NODE_15331_length_725_cov_25.036741	419	499	36	17	80	0.2125000
NODE_15331_length_725_cov_25.036741	419	499	40	7	80	0.0875000
NODE_15331_length_725_cov_25.036741	419	499	41	2	80	0.0250000
NODE_15331_length_725_cov_25.036741	419	499	42	3	80	0.0375000
NODE_15332_length_725_cov_23.009585	455	536	0	81	81	1.0000000
NODE_15333_length_725_cov_20.474441	112	192	0	64	80	0.8000000
NODE_15333_length_725_cov_20.474441	112	192	4	16	80	0.2000000
NODE_15333_length_725_cov_20.474441	165	245	0	11	80	0.1375000
NODE_15333_length_725_cov_20.474441	165	245	4	69	80	0.8625000
NODE_15334_length_725_cov_15.455272	106	186	0	80	80	1.0000000
NODE_15334_length_725_cov_15.455272	159	239	0	80	80	1.0000000
NODE_15334_length_725_cov_15.455272	235	315	0	44	80	0.5500000
NODE_15334_length_725_cov_15.455272	235	315	2	36	80	0.4500000
NODE_15334_length_725_cov_15.455272	288	368	0	18	80	0.2250000
NODE_15334_length_725_cov_15.455272	288	368	2	62	80	0.7750000
NODE_15335_length_725_cov_10.426518	289	369	0	11	80	0.1375000
NODE_15335_length_725_cov_10.426518	289	369	2	69	80	0.8625000
NODE_15335_length_725_cov_10.426518	342	422	0	1	80	0.0125000
NODE_15335_length_725_cov_10.426518	342	422	2	79	80	0.9875000
NODE_15337_length_725_cov_7.781150	189	269	0	80	80	1.0000000
NODE_15337_length_725_cov_7.781150	242	322	0	80	80	1.0000000
NODE_15388_length_724_cov_28.132800	354	434	0	39	80	0.4875000
NODE_15388_length_724_cov_28.132800	354	434	7	1	80	0.0125000
NODE_15388_length_724_cov_28.132800	354	434	8	40	80	0.5000000
NODE_15388_length_724_cov_28.132800	407	473	8	66	66	1.0000000
NODE_15389_length_724_cov_24.710400	376	461	0	6	85	0.0705882
NODE_15389_length_724_cov_24.710400	376	461	10	79	85	0.9294118
NODE_15389_length_724_cov_24.710400	434	514	0	59	80	0.7375000
NODE_15389_length_724_cov_24.710400	434	514	10	21	80	0.2625000
NODE_15390_length_724_cov_13.960000	152	232	0	12	80	0.1500000
NODE_15390_length_724_cov_13.960000	152	232	2	32	80	0.4000000
NODE_15390_length_724_cov_13.960000	152	232	4	36	80	0.4500000
NODE_15390_length_724_cov_13.960000	205	248	0	17	43	0.3953488
NODE_15390_length_724_cov_13.960000	205	248	2	26	43	0.6046512
NODE_15390_length_724_cov_13.960000	237	286	2	49	49	1.0000000
NODE_15390_length_724_cov_13.960000	259	302	2	43	43	1.0000000
NODE_15390_length_724_cov_13.960000	288	340	2	52	52	1.0000000
NODE_15390_length_724_cov_13.960000	313	393	0	52	80	0.6500000
NODE_15390_length_724_cov_13.960000	313	393	2	28	80	0.3500000
NODE_15391_length_724_cov_13.065600	215	295	0	80	80	1.0000000
NODE_15391_length_724_cov_13.065600	268	347	0	79	79	1.0000000
NODE_15393_length_724_cov_10.358400	257	337	0	80	80	1.0000000
NODE_15393_length_724_cov_10.358400	310	385	0	75	75	1.0000000
NODE_15396_length_724_cov_6.451200	151	231	2	80	80	1.0000000
NODE_15396_length_724_cov_6.451200	202	282	0	43	80	0.5375000
NODE_15396_length_724_cov_6.451200	202	282	2	37	80	0.4625000
NODE_15397_length_724_cov_5.921600	165	213	0	24	48	0.5000000
NODE_15397_length_724_cov_5.921600	165	213	2	24	48	0.5000000
NODE_15399_length_724_cov_5.028800	416	469	0	53	53	1.0000000
NODE_15399_length_724_cov_5.028800	488	526	0	38	38	1.0000000
NODE_15403_length_724_cov_3.315200	166	246	0	80	80	1.0000000
NODE_15403_length_724_cov_3.315200	219	299	0	80	80	1.0000000
NODE_15442_length_723_cov_81.453526	205	285	0	46	80	0.5750000
NODE_15442_length_723_cov_81.453526	205	285	2	34	80	0.4250000
NODE_15442_length_723_cov_81.453526	258	338	2	29	80	0.3625000
NODE_15442_length_723_cov_81.453526	258	338	4	51	80	0.6375000
NODE_15443_length_723_cov_33.075321	254	329	0	32	75	0.4266667
NODE_15443_length_723_cov_33.075321	254	329	2	43	75	0.5733333
NODE_15443_length_723_cov_33.075321	307	387	0	31	80	0.3875000
NODE_15443_length_723_cov_33.075321	307	387	2	49	80	0.6125000
NODE_15444_length_723_cov_25.410256	291	371	2	58	80	0.7250000
NODE_15444_length_723_cov_25.410256	291	371	4	22	80	0.2750000
NODE_15444_length_723_cov_25.410256	344	424	0	10	80	0.1250000
NODE_15444_length_723_cov_25.410256	344	424	1	1	80	0.0125000
NODE_15444_length_723_cov_25.410256	344	424	2	69	80	0.8625000
NODE_15445_length_723_cov_18.097756	233	313	0	11	80	0.1375000
NODE_15445_length_723_cov_18.097756	233	313	2	35	80	0.4375000
NODE_15445_length_723_cov_18.097756	233	313	6	34	80	0.4250000
NODE_15445_length_723_cov_18.097756	286	351	4	3	65	0.0461538
NODE_15445_length_723_cov_18.097756	286	351	6	62	65	0.9538462
NODE_15446_length_723_cov_14.113782	311	391	0	80	80	1.0000000
NODE_15446_length_723_cov_14.113782	364	444	0	80	80	1.0000000
NODE_15447_length_723_cov_11.634615	299	379	0	80	80	1.0000000
NODE_15447_length_723_cov_11.634615	352	432	0	80	80	1.0000000
NODE_15448_length_723_cov_8.342949	357	437	0	80	80	1.0000000
NODE_15448_length_723_cov_8.342949	410	490	0	80	80	1.0000000
NODE_15455_length_723_cov_2.711538	379	422	2	43	43	1.0000000
NODE_15459_length_723_cov_2.573718	383	413	0	30	30	1.0000000
NODE_15495_length_722_cov_19.182986	180	260	0	4	80	0.0500000
NODE_15495_length_722_cov_19.182986	180	260	2	76	80	0.9500000
NODE_15495_length_722_cov_19.182986	233	313	0	57	80	0.7125000
NODE_15495_length_722_cov_19.182986	233	313	2	23	80	0.2875000
NODE_15496_length_722_cov_13.582665	192	272	0	38	80	0.4750000
NODE_15496_length_722_cov_13.582665	192	272	7	33	80	0.4125000
NODE_15496_length_722_cov_13.582665	192	272	8	9	80	0.1125000
NODE_15496_length_722_cov_13.582665	245	326	7	18	81	0.2222222
NODE_15496_length_722_cov_13.582665	245	326	8	63	81	0.7777778
NODE_15497_length_722_cov_9.202247	347	427	0	54	80	0.6750000
NODE_15497_length_722_cov_9.202247	347	427	2	26	80	0.3250000
NODE_15497_length_722_cov_9.202247	400	480	0	80	80	1.0000000
NODE_15500_length_722_cov_6.707865	343	423	2	30	80	0.3750000
NODE_15500_length_722_cov_6.707865	343	423	4	50	80	0.6250000
NODE_15500_length_722_cov_6.707865	396	476	0	9	80	0.1125000
NODE_15500_length_722_cov_6.707865	396	476	2	33	80	0.4125000
NODE_15500_length_722_cov_6.707865	396	476	4	38	80	0.4750000
NODE_15504_length_722_cov_4.985554	332	393	0	61	61	1.0000000
NODE_15508_length_722_cov_3.977528	217	297	0	80	80	1.0000000
NODE_15508_length_722_cov_3.977528	270	350	0	80	80	1.0000000
NODE_15553_length_721_cov_105.927653	425	505	0	28	80	0.3500000
NODE_15553_length_721_cov_105.927653	425	505	2	52	80	0.6500000
NODE_15553_length_721_cov_105.927653	478	558	0	80	80	1.0000000
NODE_15554_length_721_cov_49.660772	304	384	0	80	80	1.0000000
NODE_15554_length_721_cov_49.660772	357	437	0	80	80	1.0000000
NODE_15555_length_721_cov_46.991961	341	421	0	7	80	0.0875000
NODE_15555_length_721_cov_46.991961	341	421	2	1	80	0.0125000
NODE_15555_length_721_cov_46.991961	341	421	4	72	80	0.9000000
NODE_15555_length_721_cov_46.991961	394	474	2	17	80	0.2125000
NODE_15555_length_721_cov_46.991961	394	474	4	63	80	0.7875000
NODE_15556_length_721_cov_38.864952	208	288	0	80	80	1.0000000
NODE_15556_length_721_cov_38.864952	269	341	0	72	72	1.0000000
NODE_15556_length_721_cov_38.864952	337	417	0	80	80	1.0000000
NODE_15556_length_721_cov_38.864952	390	467	0	77	77	1.0000000
NODE_15557_length_721_cov_29.016077	192	272	0	80	80	1.0000000
NODE_15557_length_721_cov_29.016077	251	325	0	74	74	1.0000000
NODE_15558_length_721_cov_26.196141	398	478	0	80	80	1.0000000
NODE_15558_length_721_cov_26.196141	451	531	0	80	80	1.0000000
NODE_15560_length_721_cov_20.054662	178	258	0	80	80	1.0000000
NODE_15560_length_721_cov_20.054662	231	311	0	80	80	1.0000000
NODE_15561_length_721_cov_13.670418	263	343	0	80	80	1.0000000
NODE_15561_length_721_cov_13.670418	316	396	0	80	80	1.0000000
NODE_15562_length_721_cov_13.652733	268	350	4	82	82	1.0000000
NODE_15562_length_721_cov_13.652733	321	403	0	36	82	0.4390244
NODE_15562_length_721_cov_13.652733	321	403	4	46	82	0.5609756
NODE_15563_length_721_cov_13.120579	312	392	2	27	80	0.3375000
NODE_15563_length_721_cov_13.120579	312	392	4	53	80	0.6625000
NODE_15563_length_721_cov_13.120579	365	445	0	50	80	0.6250000
NODE_15563_length_721_cov_13.120579	365	445	2	17	80	0.2125000
NODE_15563_length_721_cov_13.120579	365	445	4	13	80	0.1625000
NODE_15572_length_721_cov_4.491961	210	280	4	32	70	0.4571429
NODE_15572_length_721_cov_4.491961	210	280	6	38	70	0.5428572
NODE_15572_length_721_cov_4.491961	253	333	4	59	80	0.7375000
NODE_15572_length_721_cov_4.491961	253	333	6	21	80	0.2625000
NODE_15572_length_721_cov_4.491961	470	521	0	40	51	0.7843137
NODE_15572_length_721_cov_4.491961	470	521	2	11	51	0.2156863
NODE_15608_length_720_cov_17.449275	267	347	0	8	80	0.1000000
NODE_15608_length_720_cov_17.449275	267	347	2	6	80	0.0750000
NODE_15608_length_720_cov_17.449275	267	347	4	11	80	0.1375000
NODE_15608_length_720_cov_17.449275	267	347	6	55	80	0.6875000
NODE_15608_length_720_cov_17.449275	320	400	2	8	80	0.1000000
NODE_15608_length_720_cov_17.449275	320	400	4	39	80	0.4875000
NODE_15608_length_720_cov_17.449275	320	400	6	33	80	0.4125000
NODE_15609_length_720_cov_14.814815	261	341	6	80	80	1.0000000
NODE_15609_length_720_cov_14.814815	314	394	0	39	80	0.4875000
NODE_15609_length_720_cov_14.814815	314	394	6	41	80	0.5125000
NODE_15610_length_720_cov_14.107890	290	370	0	80	80	1.0000000
NODE_15610_length_720_cov_14.107890	343	423	0	80	80	1.0000000
NODE_15612_length_720_cov_12.924316	314	394	0	80	80	1.0000000
NODE_15612_length_720_cov_12.924316	367	447	0	54	80	0.6750000
NODE_15612_length_720_cov_12.924316	367	447	2	26	80	0.3250000
NODE_15614_length_720_cov_10.389694	435	515	12	80	80	1.0000000
NODE_15614_length_720_cov_10.389694	488	568	0	46	80	0.5750000
NODE_15614_length_720_cov_10.389694	488	568	6	5	80	0.0625000
NODE_15614_length_720_cov_10.389694	488	568	12	29	80	0.3625000
NODE_15620_length_720_cov_5.278583	309	389	8	9	80	0.1125000
NODE_15620_length_720_cov_5.278583	309	389	12	71	80	0.8875000
NODE_15620_length_720_cov_5.278583	362	442	0	29	80	0.3625000
NODE_15620_length_720_cov_5.278583	362	442	8	33	80	0.4125000
NODE_15620_length_720_cov_5.278583	362	442	12	18	80	0.2250000
NODE_15624_length_720_cov_3.792271	157	235	2	78	78	1.0000000
NODE_15624_length_720_cov_3.792271	215	265	2	50	50	1.0000000
NODE_15658_length_719_cov_30.256452	279	359	0	20	80	0.2500000
NODE_15658_length_719_cov_30.256452	279	359	8	2	80	0.0250000
NODE_15658_length_719_cov_30.256452	279	359	22	58	80	0.7250000
NODE_15658_length_719_cov_30.256452	332	412	22	80	80	1.0000000
NODE_15659_length_719_cov_29.093548	310	390	0	56	80	0.7000000
NODE_15659_length_719_cov_29.093548	310	390	2	24	80	0.3000000
NODE_15659_length_719_cov_29.093548	363	443	0	3	80	0.0375000
NODE_15659_length_719_cov_29.093548	363	443	2	77	80	0.9625000
NODE_15660_length_719_cov_10.988710	195	275	0	11	80	0.1375000
NODE_15660_length_719_cov_10.988710	195	275	2	69	80	0.8625000
NODE_15660_length_719_cov_10.988710	248	328	0	16	80	0.2000000
NODE_15660_length_719_cov_10.988710	248	328	2	64	80	0.8000000
NODE_15661_length_719_cov_10.837097	259	339	0	80	80	1.0000000
NODE_15661_length_719_cov_10.837097	312	392	0	80	80	1.0000000
NODE_15662_length_719_cov_7.622581	288	368	2	80	80	1.0000000
NODE_15662_length_719_cov_7.622581	341	421	2	80	80	1.0000000
NODE_15663_length_719_cov_7.570968	351	431	2	9	80	0.1125000
NODE_15663_length_719_cov_7.570968	351	431	4	71	80	0.8875000
NODE_15663_length_719_cov_7.570968	404	484	0	35	80	0.4375000
NODE_15663_length_719_cov_7.570968	404	484	2	20	80	0.2500000
NODE_15663_length_719_cov_7.570968	404	484	4	25	80	0.3125000
NODE_15672_length_719_cov_4.264516	251	281	12	30	30	1.0000000
NODE_15684_length_719_cov_1.629032	88	163	7	3	75	0.0400000
NODE_15684_length_719_cov_1.629032	88	163	9	48	75	0.6400000
NODE_15684_length_719_cov_1.629032	88	163	11	3	75	0.0400000
NODE_15684_length_719_cov_1.629032	88	163	13	21	75	0.2800000
NODE_15706_length_718_cov_35.382876	296	376	0	80	80	1.0000000
NODE_15706_length_718_cov_35.382876	296	376	0	80	80	1.0000000
NODE_15706_length_718_cov_35.382876	349	429	0	80	80	1.0000000
NODE_15706_length_718_cov_35.382876	349	429	0	80	80	1.0000000
NODE_15707_length_718_cov_24.211632	313	393	0	80	80	1.0000000
NODE_15707_length_718_cov_24.211632	366	446	0	80	80	1.0000000
NODE_15708_length_718_cov_18.300485	217	297	2	3	80	0.0375000
NODE_15708_length_718_cov_18.300485	217	297	4	13	80	0.1625000
NODE_15708_length_718_cov_18.300485	217	297	6	9	80	0.1125000
NODE_15708_length_718_cov_18.300485	217	297	8	55	80	0.6875000
NODE_15708_length_718_cov_18.300485	270	350	0	43	80	0.5375000
NODE_15708_length_718_cov_18.300485	270	350	2	6	80	0.0750000
NODE_15708_length_718_cov_18.300485	270	350	4	16	80	0.2000000
NODE_15708_length_718_cov_18.300485	270	350	8	15	80	0.1875000
NODE_15709_length_718_cov_14.757674	383	463	0	10	80	0.1250000
NODE_15709_length_718_cov_14.757674	383	463	2	70	80	0.8750000
NODE_15709_length_718_cov_14.757674	436	516	0	10	80	0.1250000
NODE_15709_length_718_cov_14.757674	436	516	1	3	80	0.0375000
NODE_15709_length_718_cov_14.757674	436	516	2	67	80	0.8375000
NODE_15710_length_718_cov_14.355412	254	334	0	62	80	0.7750000
NODE_15710_length_718_cov_14.355412	254	334	2	18	80	0.2250000
NODE_15710_length_718_cov_14.355412	307	387	0	28	80	0.3500000
NODE_15710_length_718_cov_14.355412	307	387	2	52	80	0.6500000
NODE_15715_length_718_cov_4.804523	263	343	0	24	80	0.3000000
NODE_15715_length_718_cov_4.804523	263	343	2	56	80	0.7000000
NODE_15715_length_718_cov_4.804523	316	396	0	17	80	0.2125000
NODE_15715_length_718_cov_4.804523	316	396	2	63	80	0.7875000
NODE_15750_length_717_cov_28.377023	335	415	0	80	80	1.0000000
NODE_15750_length_717_cov_28.377023	388	468	0	80	80	1.0000000
NODE_15751_length_717_cov_23.275081	162	242	0	80	80	1.0000000
NODE_15751_length_717_cov_23.275081	215	295	0	80	80	1.0000000
NODE_15752_length_717_cov_18.564725	319	399	0	80	80	1.0000000
NODE_15752_length_717_cov_18.564725	372	452	0	80	80	1.0000000
NODE_15753_length_717_cov_18.389968	358	438	0	40	80	0.5000000
NODE_15753_length_717_cov_18.389968	358	438	2	40	80	0.5000000
NODE_15753_length_717_cov_18.389968	411	491	0	19	80	0.2375000
NODE_15753_length_717_cov_18.389968	411	491	2	61	80	0.7625000
NODE_15754_length_717_cov_17.932039	241	321	0	49	80	0.6125000
NODE_15754_length_717_cov_17.932039	241	321	3	1	80	0.0125000
NODE_15754_length_717_cov_17.932039	241	321	4	30	80	0.3750000
NODE_15754_length_717_cov_17.932039	294	374	0	80	80	1.0000000
NODE_15755_length_717_cov_14.637540	298	378	0	80	80	1.0000000
NODE_15755_length_717_cov_14.637540	351	431	0	80	80	1.0000000
NODE_15756_length_717_cov_12.279935	113	196	0	83	83	1.0000000
NODE_15756_length_717_cov_12.279935	169	249	0	80	80	1.0000000
NODE_15757_length_717_cov_10.711974	353	431	0	22	78	0.2820513
NODE_15757_length_717_cov_10.711974	353	431	2	24	78	0.3076923
NODE_15757_length_717_cov_10.711974	353	431	4	32	78	0.4102564
NODE_15758_length_717_cov_9.399676	331	411	0	80	80	1.0000000
NODE_15758_length_717_cov_9.399676	384	464	0	80	80	1.0000000
NODE_15762_length_717_cov_5.341424	475	555	2	80	80	1.0000000
NODE_15762_length_717_cov_5.341424	528	608	0	45	80	0.5625000
NODE_15762_length_717_cov_5.341424	528	608	2	35	80	0.4375000
NODE_15770_length_717_cov_3.187702	285	322	0	37	37	1.0000000
NODE_15805_length_716_cov_16.800648	430	510	0	80	80	1.0000000
NODE_15805_length_716_cov_16.800648	483	563	0	80	80	1.0000000
NODE_15806_length_716_cov_12.565640	356	436	0	76	80	0.9500000
NODE_15806_length_716_cov_12.565640	356	436	2	2	80	0.0250000
NODE_15806_length_716_cov_12.565640	356	436	8	2	80	0.0250000
NODE_15806_length_716_cov_12.565640	409	489	0	23	80	0.2875000
NODE_15806_length_716_cov_12.565640	409	489	2	2	80	0.0250000
NODE_15806_length_716_cov_12.565640	409	489	8	55	80	0.6875000
NODE_15807_length_716_cov_9.277147	385	465	0	80	80	1.0000000
NODE_15807_length_716_cov_9.277147	438	518	0	80	80	1.0000000
NODE_15808_length_716_cov_9.257699	302	382	0	80	80	1.0000000
NODE_15808_length_716_cov_9.257699	355	435	0	80	80	1.0000000
NODE_15809_length_716_cov_6.761750	263	343	0	80	80	1.0000000
NODE_15809_length_716_cov_6.761750	316	396	0	80	80	1.0000000
NODE_15812_length_716_cov_4.909238	236	316	0	80	80	1.0000000
NODE_15812_length_716_cov_4.909238	289	369	0	80	80	1.0000000
NODE_15824_length_716_cov_2.068071	453	481	0	28	28	1.0000000
NODE_15853_length_715_cov_38.795455	260	340	0	80	80	1.0000000
NODE_15853_length_715_cov_38.795455	313	393	0	80	80	1.0000000
NODE_15854_length_715_cov_30.344156	316	396	0	39	80	0.4875000
NODE_15854_length_715_cov_30.344156	316	396	2	41	80	0.5125000
NODE_15854_length_715_cov_30.344156	369	449	0	80	80	1.0000000
NODE_15857_length_715_cov_11.209416	484	564	0	9	80	0.1125000
NODE_15857_length_715_cov_11.209416	484	564	1	71	80	0.8875000
NODE_15857_length_715_cov_11.209416	537	617	0	62	80	0.7750000
NODE_15857_length_715_cov_11.209416	537	617	1	18	80	0.2250000
NODE_15858_length_715_cov_10.894481	189	242	0	53	53	1.0000000
NODE_15859_length_715_cov_10.628247	502	582	0	80	80	1.0000000
NODE_15859_length_715_cov_10.628247	555	635	0	80	80	1.0000000
NODE_15860_length_715_cov_8.647727	138	218	0	37	80	0.4625000
NODE_15860_length_715_cov_8.647727	138	218	2	43	80	0.5375000
NODE_15860_length_715_cov_8.647727	191	271	0	80	80	1.0000000
NODE_15861_length_715_cov_8.412338	364	444	5	6	80	0.0750000
NODE_15861_length_715_cov_8.412338	364	444	6	30	80	0.3750000
NODE_15861_length_715_cov_8.412338	364	444	8	44	80	0.5500000
NODE_15861_length_715_cov_8.412338	417	497	2	5	80	0.0625000
NODE_15861_length_715_cov_8.412338	417	497	4	37	80	0.4625000
NODE_15861_length_715_cov_8.412338	417	497	8	38	80	0.4750000
NODE_15864_length_715_cov_5.373377	318	398	2	80	80	1.0000000
NODE_15864_length_715_cov_5.373377	371	451	0	14	80	0.1750000
NODE_15864_length_715_cov_5.373377	371	451	2	66	80	0.8250000
NODE_15898_length_715_cov_1.271104	331	397	0	6	66	0.0909091
NODE_15898_length_715_cov_1.271104	331	397	2	60	66	0.9090909
NODE_15910_length_714_cov_18.621138	297	377	2	80	80	1.0000000
NODE_15910_length_714_cov_18.621138	350	430	0	39	80	0.4875000
NODE_15910_length_714_cov_18.621138	350	430	2	41	80	0.5125000
NODE_15911_length_714_cov_15.468293	268	348	0	7	80	0.0875000
NODE_15911_length_714_cov_15.468293	268	348	2	73	80	0.9125000
NODE_15911_length_714_cov_15.468293	321	401	0	40	80	0.5000000
NODE_15911_length_714_cov_15.468293	321	401	2	40	80	0.5000000
NODE_15913_length_714_cov_10.530081	218	298	0	80	80	1.0000000
NODE_15913_length_714_cov_10.530081	271	351	0	80	80	1.0000000
NODE_15913_length_714_cov_10.530081	354	434	0	12	80	0.1500000
NODE_15913_length_714_cov_10.530081	354	434	2	3	80	0.0375000
NODE_15913_length_714_cov_10.530081	354	434	4	65	80	0.8125000
NODE_15913_length_714_cov_10.530081	407	487	0	21	80	0.2625000
NODE_15913_length_714_cov_10.530081	407	487	2	19	80	0.2375000
NODE_15913_length_714_cov_10.530081	407	487	4	40	80	0.5000000
NODE_15914_length_714_cov_8.365854	285	365	0	80	80	1.0000000
NODE_15914_length_714_cov_8.365854	338	418	0	80	80	1.0000000
NODE_15919_length_714_cov_6.993496	263	343	0	19	80	0.2375000
NODE_15919_length_714_cov_6.993496	263	343	2	16	80	0.2000000
NODE_15919_length_714_cov_6.993496	263	343	4	45	80	0.5625000
NODE_15919_length_714_cov_6.993496	316	384	0	57	68	0.8382353
NODE_15919_length_714_cov_6.993496	316	384	2	11	68	0.1617647
NODE_15921_length_714_cov_4.224390	218	288	0	19	70	0.2714286
NODE_15921_length_714_cov_4.224390	218	288	2	51	70	0.7285714
NODE_15921_length_714_cov_4.224390	271	351	0	80	80	1.0000000
NODE_15969_length_713_cov_19.304560	271	351	2	1	80	0.0125000
NODE_15969_length_713_cov_19.304560	271	351	4	1	80	0.0125000
NODE_15969_length_713_cov_19.304560	271	351	6	78	80	0.9750000
NODE_15969_length_713_cov_19.304560	324	404	0	24	80	0.3000000
NODE_15969_length_713_cov_19.304560	324	404	2	30	80	0.3750000
NODE_15969_length_713_cov_19.304560	324	404	6	26	80	0.3250000
NODE_15970_length_713_cov_16.926710	262	342	0	31	80	0.3875000
NODE_15970_length_713_cov_16.926710	262	342	2	23	80	0.2875000
NODE_15970_length_713_cov_16.926710	262	342	4	2	80	0.0250000
NODE_15970_length_713_cov_16.926710	262	342	6	24	80	0.3000000
NODE_15970_length_713_cov_16.926710	315	395	2	1	80	0.0125000
NODE_15970_length_713_cov_16.926710	315	395	4	2	80	0.0250000
NODE_15970_length_713_cov_16.926710	315	395	6	77	80	0.9625000
NODE_15973_length_713_cov_7.159609	351	431	0	80	80	1.0000000
NODE_15973_length_713_cov_7.159609	404	484	0	80	80	1.0000000
NODE_15974_length_713_cov_6.723127	379	427	7	20	48	0.4166667
NODE_15974_length_713_cov_6.723127	379	427	11	19	48	0.3958333
NODE_15974_length_713_cov_6.723127	379	427	13	9	48	0.1875000
NODE_15975_length_713_cov_4.954397	90	171	0	69	81	0.8518519
NODE_15975_length_713_cov_4.954397	90	171	2	12	81	0.1481481
NODE_15975_length_713_cov_4.954397	144	224	0	15	80	0.1875000
NODE_15975_length_713_cov_4.954397	144	224	2	65	80	0.8125000
NODE_15980_length_713_cov_4.302932	402	482	0	68	80	0.8500000
NODE_15980_length_713_cov_4.302932	402	482	1	12	80	0.1500000
NODE_15980_length_713_cov_4.302932	455	535	0	80	80	1.0000000
NODE_16004_length_713_cov_1.939739	15	75	0	60	60	1.0000000
NODE_16010_length_713_cov_1.605863	81	161	0	68	80	0.8500000
NODE_16010_length_713_cov_1.605863	81	161	1	12	80	0.1500000
NODE_16010_length_713_cov_1.605863	134	214	0	15	80	0.1875000
NODE_16010_length_713_cov_1.605863	134	214	1	12	80	0.1500000
NODE_16010_length_713_cov_1.605863	134	214	2	53	80	0.6625000
NODE_16052_length_712_cov_32.931485	289	369	0	80	80	1.0000000
NODE_16052_length_712_cov_32.931485	342	422	0	80	80	1.0000000
NODE_16053_length_712_cov_31.752039	185	251	0	66	66	1.0000000
NODE_16053_length_712_cov_31.752039	228	307	0	79	79	1.0000000
NODE_16054_length_712_cov_22.567700	228	308	0	36	80	0.4500000
NODE_16054_length_712_cov_22.567700	228	308	2	44	80	0.5500000
NODE_16054_length_712_cov_22.567700	281	361	0	25	80	0.3125000
NODE_16054_length_712_cov_22.567700	281	361	2	55	80	0.6875000
NODE_16055_length_712_cov_19.306688	238	318	0	29	80	0.3625000
NODE_16055_length_712_cov_19.306688	238	318	4	25	80	0.3125000
NODE_16055_length_712_cov_19.306688	238	318	6	26	80	0.3250000
NODE_16055_length_712_cov_19.306688	291	371	0	3	80	0.0375000
NODE_16055_length_712_cov_19.306688	291	371	4	12	80	0.1500000
NODE_16055_length_712_cov_19.306688	291	371	6	65	80	0.8125000
NODE_16056_length_712_cov_14.929853	332	412	0	22	80	0.2750000
NODE_16056_length_712_cov_14.929853	332	412	6	58	80	0.7250000
NODE_16056_length_712_cov_14.929853	385	465	0	75	80	0.9375000
NODE_16056_length_712_cov_14.929853	385	465	6	5	80	0.0625000
NODE_16057_length_712_cov_14.228385	250	330	0	33	80	0.4125000
NODE_16057_length_712_cov_14.228385	250	330	2	47	80	0.5875000
NODE_16057_length_712_cov_14.228385	303	383	0	12	80	0.1500000
NODE_16057_length_712_cov_14.228385	303	383	2	68	80	0.8500000
NODE_16059_length_712_cov_9.221860	326	406	0	80	80	1.0000000
NODE_16059_length_712_cov_9.221860	379	463	0	41	84	0.4880952
NODE_16059_length_712_cov_9.221860	379	463	1	9	84	0.1071429
NODE_16059_length_712_cov_9.221860	379	463	2	34	84	0.4047619
NODE_16060_length_712_cov_8.368679	331	411	0	80	80	1.0000000
NODE_16060_length_712_cov_8.368679	384	464	0	80	80	1.0000000
NODE_16079_length_712_cov_2.350734	466	510	0	43	44	0.9772727
NODE_16079_length_712_cov_2.350734	466	510	2	1	44	0.0227273
NODE_16118_length_711_cov_36.459150	146	223	0	77	77	1.0000000
NODE_16118_length_711_cov_36.459150	199	280	0	81	81	1.0000000
NODE_16119_length_711_cov_26.702614	460	540	0	17	80	0.2125000
NODE_16119_length_711_cov_26.702614	460	540	2	63	80	0.7875000
NODE_16119_length_711_cov_26.702614	513	593	0	70	80	0.8750000
NODE_16119_length_711_cov_26.702614	513	593	2	10	80	0.1250000
NODE_16120_length_711_cov_19.632353	329	409	0	61	80	0.7625000
NODE_16120_length_711_cov_19.632353	329	409	6	17	80	0.2125000
NODE_16120_length_711_cov_19.632353	329	409	12	2	80	0.0250000
NODE_16120_length_711_cov_19.632353	382	462	0	8	80	0.1000000
NODE_16120_length_711_cov_19.632353	382	462	6	17	80	0.2125000
NODE_16120_length_711_cov_19.632353	382	462	12	55	80	0.6875000
NODE_16121_length_711_cov_19.267974	283	363	0	80	80	1.0000000
NODE_16121_length_711_cov_19.267974	336	416	0	80	80	1.0000000
NODE_16122_length_711_cov_12.813725	255	334	0	8	79	0.1012658
NODE_16122_length_711_cov_12.813725	255	334	2	32	79	0.4050633
NODE_16122_length_711_cov_12.813725	255	334	4	39	79	0.4936709
NODE_16123_length_711_cov_12.147059	314	394	0	80	80	1.0000000
NODE_16123_length_711_cov_12.147059	367	447	0	80	80	1.0000000
NODE_16124_length_711_cov_10.009804	336	415	0	79	79	1.0000000
NODE_16127_length_711_cov_5.619281	276	356	0	41	80	0.5125000
NODE_16127_length_711_cov_5.619281	276	356	2	39	80	0.4875000
NODE_16127_length_711_cov_5.619281	329	409	0	17	80	0.2125000
NODE_16127_length_711_cov_5.619281	329	409	2	63	80	0.7875000
NODE_16130_length_711_cov_4.040850	165	245	0	11	80	0.1375000
NODE_16130_length_711_cov_4.040850	165	245	4	9	80	0.1125000
NODE_16130_length_711_cov_4.040850	165	245	6	60	80	0.7500000
NODE_16130_length_711_cov_4.040850	218	298	0	29	80	0.3625000
NODE_16130_length_711_cov_4.040850	218	298	4	1	80	0.0125000
NODE_16130_length_711_cov_4.040850	218	298	6	50	80	0.6250000
NODE_16167_length_710_cov_73.721768	626	706	0	80	80	1.0000000
NODE_16168_length_710_cov_21.772504	292	372	4	21	80	0.2625000
NODE_16168_length_710_cov_21.772504	292	372	6	59	80	0.7375000
NODE_16168_length_710_cov_21.772504	345	425	4	18	80	0.2250000
NODE_16168_length_710_cov_21.772504	345	425	6	62	80	0.7750000
NODE_16169_length_710_cov_21.597381	18	54	0	33	36	0.9166667
NODE_16169_length_710_cov_21.597381	18	54	2	3	36	0.0833333
NODE_16170_length_710_cov_13.155483	306	386	0	18	80	0.2250000
NODE_16170_length_710_cov_13.155483	306	386	2	13	80	0.1625000
NODE_16170_length_710_cov_13.155483	306	386	4	6	80	0.0750000
NODE_16170_length_710_cov_13.155483	306	386	6	41	80	0.5125000
NODE_16170_length_710_cov_13.155483	306	386	8	2	80	0.0250000
NODE_16170_length_710_cov_13.155483	359	439	0	71	80	0.8875000
NODE_16170_length_710_cov_13.155483	359	439	2	9	80	0.1125000
NODE_16173_length_710_cov_8.031097	316	396	0	2	80	0.0250000
NODE_16173_length_710_cov_8.031097	316	396	2	18	80	0.2250000
NODE_16173_length_710_cov_8.031097	316	396	5	31	80	0.3875000
NODE_16173_length_710_cov_8.031097	316	396	6	29	80	0.3625000
NODE_16173_length_710_cov_8.031097	369	449	0	55	80	0.6875000
NODE_16173_length_710_cov_8.031097	369	449	2	18	80	0.2250000
NODE_16173_length_710_cov_8.031097	369	449	5	7	80	0.0875000
NODE_16175_length_710_cov_6.664484	264	344	2	49	80	0.6125000
NODE_16175_length_710_cov_6.664484	264	344	4	31	80	0.3875000
NODE_16178_length_710_cov_5.590835	352	421	0	39	69	0.5652174
NODE_16178_length_710_cov_5.590835	352	421	1	11	69	0.1594203
NODE_16178_length_710_cov_5.590835	352	421	2	19	69	0.2753623
NODE_16178_length_710_cov_5.590835	394	474	1	8	80	0.1000000
NODE_16178_length_710_cov_5.590835	394	474	2	72	80	0.9000000
NODE_16180_length_710_cov_5.356792	248	328	8	2	80	0.0250000
NODE_16180_length_710_cov_5.356792	248	328	10	8	80	0.1000000
NODE_16180_length_710_cov_5.356792	248	328	11	24	80	0.3000000
NODE_16180_length_710_cov_5.356792	248	328	12	21	80	0.2625000
NODE_16180_length_710_cov_5.356792	248	328	14	7	80	0.0875000
NODE_16180_length_710_cov_5.356792	248	328	16	18	80	0.2250000
NODE_16180_length_710_cov_5.356792	301	381	8	2	80	0.0250000
NODE_16180_length_710_cov_5.356792	301	381	11	4	80	0.0500000
NODE_16180_length_710_cov_5.356792	301	381	12	67	80	0.8375000
NODE_16180_length_710_cov_5.356792	301	381	14	7	80	0.0875000
NODE_16233_length_709_cov_12.227869	347	427	0	80	80	1.0000000
NODE_16233_length_709_cov_12.227869	400	480	0	80	80	1.0000000
NODE_16234_length_709_cov_10.531148	279	359	4	80	80	1.0000000
NODE_16234_length_709_cov_10.531148	332	412	0	50	80	0.6250000
NODE_16234_length_709_cov_10.531148	332	412	4	30	80	0.3750000
NODE_16238_length_709_cov_7.181967	225	305	2	80	80	1.0000000
NODE_16238_length_709_cov_7.181967	279	312	2	29	33	0.8787879
NODE_16238_length_709_cov_7.181967	279	312	4	4	33	0.1212121
NODE_16241_length_709_cov_5.888525	239	319	2	80	80	1.0000000
NODE_16241_length_709_cov_5.888525	292	372	0	36	80	0.4500000
NODE_16241_length_709_cov_5.888525	292	372	2	44	80	0.5500000
NODE_16294_length_708_cov_42.435140	307	387	6	12	80	0.1500000
NODE_16294_length_708_cov_42.435140	307	387	7	43	80	0.5375000
NODE_16294_length_708_cov_42.435140	307	387	8	19	80	0.2375000
NODE_16294_length_708_cov_42.435140	307	387	10	6	80	0.0750000
NODE_16294_length_708_cov_42.435140	360	440	2	16	80	0.2000000
NODE_16294_length_708_cov_42.435140	360	440	6	12	80	0.1500000
NODE_16294_length_708_cov_42.435140	360	440	7	32	80	0.4000000
NODE_16294_length_708_cov_42.435140	360	440	8	20	80	0.2500000
NODE_16296_length_708_cov_33.412151	235	315	0	27	80	0.3375000
NODE_16296_length_708_cov_33.412151	235	315	2	53	80	0.6625000
NODE_16296_length_708_cov_33.412151	288	368	0	80	80	1.0000000
NODE_16297_length_708_cov_23.034483	316	396	0	80	80	1.0000000
NODE_16297_length_708_cov_23.034483	369	449	0	80	80	1.0000000
NODE_16298_length_708_cov_20.449918	254	334	0	80	80	1.0000000
NODE_16298_length_708_cov_20.449918	307	387	0	80	80	1.0000000
NODE_16299_length_708_cov_19.998358	238	318	0	80	80	1.0000000
NODE_16299_length_708_cov_19.998358	291	371	0	80	80	1.0000000
NODE_16300_length_708_cov_19.021346	366	446	0	3	80	0.0375000
NODE_16300_length_708_cov_19.021346	366	446	1	41	80	0.5125000
NODE_16300_length_708_cov_19.021346	366	446	2	36	80	0.4500000
NODE_16300_length_708_cov_19.021346	419	499	0	56	80	0.7000000
NODE_16300_length_708_cov_19.021346	419	499	1	24	80	0.3000000
NODE_16302_length_708_cov_12.228243	181	263	4	11	82	0.1341463
NODE_16302_length_708_cov_12.228243	181	263	6	15	82	0.1829268
NODE_16302_length_708_cov_12.228243	181	263	8	56	82	0.6829268
NODE_16302_length_708_cov_12.228243	188	268	4	4	80	0.0500000
NODE_16302_length_708_cov_12.228243	188	268	6	18	80	0.2250000
NODE_16302_length_708_cov_12.228243	188	268	8	58	80	0.7250000
NODE_16302_length_708_cov_12.228243	236	316	0	36	80	0.4500000
NODE_16302_length_708_cov_12.228243	236	316	2	8	80	0.1000000
NODE_16302_length_708_cov_12.228243	236	316	6	7	80	0.0875000
NODE_16302_length_708_cov_12.228243	236	316	8	29	80	0.3625000
NODE_16302_length_708_cov_12.228243	312	392	0	77	80	0.9625000
NODE_16302_length_708_cov_12.228243	312	392	2	3	80	0.0375000
NODE_16302_length_708_cov_12.228243	312	392	0	77	80	0.9625000
NODE_16302_length_708_cov_12.228243	312	392	2	3	80	0.0375000
NODE_16302_length_708_cov_12.228243	365	445	0	24	80	0.3000000
NODE_16302_length_708_cov_12.228243	365	445	2	56	80	0.7000000
NODE_16303_length_708_cov_11.338259	255	335	0	80	80	1.0000000
NODE_16303_length_708_cov_11.338259	308	388	0	80	80	1.0000000
NODE_16305_length_708_cov_9.676519	219	299	0	80	80	1.0000000
NODE_16305_length_708_cov_9.676519	272	352	0	80	80	1.0000000
NODE_16306_length_708_cov_8.638752	324	399	2	9	75	0.1200000
NODE_16306_length_708_cov_8.638752	324	399	4	66	75	0.8800000
NODE_16330_length_708_cov_2.699507	358	398	0	40	40	1.0000000
NODE_16370_length_707_cov_30.067434	325	405	0	80	80	1.0000000
NODE_16370_length_707_cov_30.067434	378	458	0	80	80	1.0000000
NODE_16371_length_707_cov_26.555921	241	321	0	80	80	1.0000000
NODE_16371_length_707_cov_26.555921	294	374	0	73	80	0.9125000
NODE_16371_length_707_cov_26.555921	294	374	2	7	80	0.0875000
NODE_16372_length_707_cov_23.972039	322	402	0	80	80	1.0000000
NODE_16372_length_707_cov_23.972039	375	455	0	80	80	1.0000000
NODE_16373_length_707_cov_20.348684	157	237	0	72	80	0.9000000
NODE_16373_length_707_cov_20.348684	157	237	2	8	80	0.1000000
NODE_16373_length_707_cov_20.348684	210	281	0	19	71	0.2676056
NODE_16373_length_707_cov_20.348684	210	281	2	52	71	0.7323943
NODE_16374_length_707_cov_18.970395	253	333	0	80	80	1.0000000
NODE_16374_length_707_cov_18.970395	306	386	0	80	80	1.0000000
NODE_16375_length_707_cov_14.324013	302	382	0	80	80	1.0000000
NODE_16375_length_707_cov_14.324013	355	435	0	46	80	0.5750000
NODE_16375_length_707_cov_14.324013	355	435	2	34	80	0.4250000
NODE_16378_length_707_cov_5.062500	313	393	4	80	80	1.0000000
NODE_16441_length_706_cov_34.116969	272	352	4	57	80	0.7125000
NODE_16441_length_706_cov_34.116969	272	352	6	23	80	0.2875000
NODE_16441_length_706_cov_34.116969	325	405	2	20	80	0.2500000
NODE_16441_length_706_cov_34.116969	325	405	4	5	80	0.0625000
NODE_16441_length_706_cov_34.116969	325	405	5	25	80	0.3125000
NODE_16441_length_706_cov_34.116969	325	405	6	30	80	0.3750000
NODE_16442_length_706_cov_27.220758	229	309	0	80	80	1.0000000
NODE_16442_length_706_cov_27.220758	282	362	0	80	80	1.0000000
NODE_16443_length_706_cov_20.380560	264	344	0	75	80	0.9375000
NODE_16443_length_706_cov_20.380560	264	344	2	5	80	0.0625000
NODE_16443_length_706_cov_20.380560	317	397	0	80	80	1.0000000
NODE_16444_length_706_cov_19.525535	289	369	0	80	80	1.0000000
NODE_16444_length_706_cov_19.525535	342	422	0	80	80	1.0000000
NODE_16454_length_706_cov_3.344316	465	545	0	80	80	1.0000000
NODE_16454_length_706_cov_3.344316	518	598	0	80	80	1.0000000
NODE_16494_length_705_cov_19.211221	118	198	2	80	80	1.0000000
NODE_16494_length_705_cov_19.211221	171	250	0	33	79	0.4177215
NODE_16494_length_705_cov_19.211221	171	250	2	46	79	0.5822785
NODE_16495_length_705_cov_16.338284	291	339	0	2	48	0.0416667
NODE_16495_length_705_cov_16.338284	291	339	2	46	48	0.9583333
NODE_16495_length_705_cov_16.338284	336	406	0	3	70	0.0428571
NODE_16495_length_705_cov_16.338284	336	406	2	26	70	0.3714286
NODE_16495_length_705_cov_16.338284	336	406	4	41	70	0.5857143
NODE_16496_length_705_cov_14.354785	209	289	0	80	80	1.0000000
NODE_16496_length_705_cov_14.354785	262	342	0	80	80	1.0000000
NODE_16497_length_705_cov_12.231023	293	373	0	80	80	1.0000000
NODE_16497_length_705_cov_12.231023	346	426	0	80	80	1.0000000
NODE_16498_length_705_cov_11.836634	390	470	0	80	80	1.0000000
NODE_16498_length_705_cov_11.836634	443	523	0	80	80	1.0000000
NODE_16499_length_705_cov_10.049505	382	479	0	77	97	0.7938144
NODE_16499_length_705_cov_10.049505	382	479	2	20	97	0.2061856
NODE_16499_length_705_cov_10.049505	452	532	0	7	80	0.0875000
NODE_16499_length_705_cov_10.049505	452	532	2	73	80	0.9125000
NODE_16507_length_705_cov_4.275578	358	438	0	80	80	1.0000000
NODE_16507_length_705_cov_4.275578	411	491	0	80	80	1.0000000
NODE_16509_length_705_cov_4.018152	306	364	4	16	58	0.2758621
NODE_16509_length_705_cov_4.018152	306	364	6	19	58	0.3275862
NODE_16509_length_705_cov_4.018152	306	364	8	23	58	0.3965517
NODE_16509_length_705_cov_4.018152	337	410	4	26	73	0.3561644
NODE_16509_length_705_cov_4.018152	337	410	6	17	73	0.2328767
NODE_16509_length_705_cov_4.018152	337	410	8	30	73	0.4109589
NODE_16511_length_705_cov_3.620462	253	315	4	7	62	0.1129032
NODE_16511_length_705_cov_3.620462	253	315	8	3	62	0.0483871
NODE_16511_length_705_cov_3.620462	253	315	10	17	62	0.2741936
NODE_16511_length_705_cov_3.620462	253	315	11	6	62	0.0967742
NODE_16511_length_705_cov_3.620462	253	315	12	15	62	0.2419355
NODE_16511_length_705_cov_3.620462	253	315	13	14	62	0.2258064
NODE_16511_length_705_cov_3.620462	308	368	3	8	60	0.1333333
NODE_16511_length_705_cov_3.620462	308	368	5	14	60	0.2333333
NODE_16511_length_705_cov_3.620462	308	368	9	2	60	0.0333333
NODE_16511_length_705_cov_3.620462	308	368	11	27	60	0.4500000
NODE_16511_length_705_cov_3.620462	308	368	12	9	60	0.1500000
NODE_16527_length_705_cov_1.607261	462	531	0	10	69	0.1449275
NODE_16527_length_705_cov_1.607261	462	531	1	42	69	0.6086956
NODE_16527_length_705_cov_1.607261	462	531	3	3	69	0.0434783
NODE_16527_length_705_cov_1.607261	462	531	5	14	69	0.2028985
NODE_16549_length_705_cov_0.529703	33	97	6	64	64	1.0000000
NODE_16549_length_705_cov_0.529703	86	150	0	33	64	0.5156250
NODE_16549_length_705_cov_0.529703	86	150	4	5	64	0.0781250
NODE_16549_length_705_cov_0.529703	86	150	6	26	64	0.4062500
NODE_16550_length_704_cov_18.256198	295	375	12	51	80	0.6375000
NODE_16550_length_704_cov_18.256198	295	375	14	29	80	0.3625000
NODE_16550_length_704_cov_18.256198	348	428	4	26	80	0.3250000
NODE_16550_length_704_cov_18.256198	348	428	8	22	80	0.2750000
NODE_16550_length_704_cov_18.256198	348	428	10	3	80	0.0375000
NODE_16550_length_704_cov_18.256198	348	428	12	1	80	0.0125000
NODE_16550_length_704_cov_18.256198	348	428	14	28	80	0.3500000
NODE_16552_length_704_cov_16.662810	264	344	2	13	80	0.1625000
NODE_16552_length_704_cov_16.662810	264	344	9	1	80	0.0125000
NODE_16552_length_704_cov_16.662810	264	344	10	3	80	0.0375000
NODE_16552_length_704_cov_16.662810	264	344	14	37	80	0.4625000
NODE_16552_length_704_cov_16.662810	264	344	16	26	80	0.3250000
NODE_16552_length_704_cov_16.662810	317	397	4	14	80	0.1750000
NODE_16552_length_704_cov_16.662810	317	397	12	9	80	0.1125000
NODE_16552_length_704_cov_16.662810	317	397	14	56	80	0.7000000
NODE_16552_length_704_cov_16.662810	317	397	16	1	80	0.0125000
NODE_16553_length_704_cov_12.641322	294	374	0	80	80	1.0000000
NODE_16553_length_704_cov_12.641322	347	427	0	80	80	1.0000000
NODE_16557_length_704_cov_5.603306	440	498	4	19	58	0.3275862
NODE_16557_length_704_cov_5.603306	440	498	6	39	58	0.6724138
NODE_16564_length_704_cov_3.535537	303	383	0	13	80	0.1625000
NODE_16564_length_704_cov_3.535537	303	383	2	25	80	0.3125000
NODE_16564_length_704_cov_3.535537	303	383	11	20	80	0.2500000
NODE_16564_length_704_cov_3.535537	303	383	13	22	80	0.2750000
NODE_16564_length_704_cov_3.535537	369	436	11	9	67	0.1343284
NODE_16564_length_704_cov_3.535537	369	436	13	20	67	0.2985075
NODE_16564_length_704_cov_3.535537	369	436	14	38	67	0.5671642
NODE_16578_length_704_cov_1.963636	345	425	2	1	80	0.0125000
NODE_16578_length_704_cov_1.963636	345	425	4	1	80	0.0125000
NODE_16578_length_704_cov_1.963636	345	425	9	2	80	0.0250000
NODE_16578_length_704_cov_1.963636	345	425	10	11	80	0.1375000
NODE_16578_length_704_cov_1.963636	345	425	16	10	80	0.1250000
NODE_16578_length_704_cov_1.963636	345	425	20	8	80	0.1000000
NODE_16578_length_704_cov_1.963636	345	425	22	47	80	0.5875000
NODE_16578_length_704_cov_1.963636	398	478	8	22	80	0.2750000
NODE_16578_length_704_cov_1.963636	398	478	10	5	80	0.0625000
NODE_16578_length_704_cov_1.963636	398	478	12	10	80	0.1250000
NODE_16578_length_704_cov_1.963636	398	478	16	3	80	0.0375000
NODE_16578_length_704_cov_1.963636	398	478	18	9	80	0.1125000
NODE_16578_length_704_cov_1.963636	398	478	20	1	80	0.0125000
NODE_16578_length_704_cov_1.963636	398	478	22	30	80	0.3750000
NODE_16598_length_703_cov_44.102649	514	594	0	44	80	0.5500000
NODE_16598_length_703_cov_44.102649	514	594	4	36	80	0.4500000
NODE_16598_length_703_cov_44.102649	567	647	0	11	80	0.1375000
NODE_16598_length_703_cov_44.102649	567	647	4	69	80	0.8625000
NODE_16599_length_703_cov_33.067881	521	594	150	1	73	0.0136986
NODE_16599_length_703_cov_33.067881	521	594	151	3	73	0.0410959
NODE_16599_length_703_cov_33.067881	521	594	152	6	73	0.0821918
NODE_16599_length_703_cov_33.067881	521	594	153	1	73	0.0136986
NODE_16599_length_703_cov_33.067881	521	594	154	11	73	0.1506849
NODE_16599_length_703_cov_33.067881	521	594	155	8	73	0.1095890
NODE_16599_length_703_cov_33.067881	521	594	156	6	73	0.0821918
NODE_16599_length_703_cov_33.067881	521	594	157	9	73	0.1232877
NODE_16599_length_703_cov_33.067881	521	594	158	1	73	0.0136986
NODE_16599_length_703_cov_33.067881	521	594	159	12	73	0.1643836
NODE_16599_length_703_cov_33.067881	521	594	160	1	73	0.0136986
NODE_16599_length_703_cov_33.067881	521	594	161	3	73	0.0410959
NODE_16599_length_703_cov_33.067881	521	594	162	4	73	0.0547945
NODE_16599_length_703_cov_33.067881	521	594	163	4	73	0.0547945
NODE_16599_length_703_cov_33.067881	521	594	167	2	73	0.0273973
NODE_16599_length_703_cov_33.067881	521	594	169	1	73	0.0136986
NODE_16599_length_703_cov_33.067881	561	602	142	2	41	0.0487805
NODE_16599_length_703_cov_33.067881	561	602	144	3	41	0.0731707
NODE_16599_length_703_cov_33.067881	561	602	145	1	41	0.0243902
NODE_16599_length_703_cov_33.067881	561	602	149	2	41	0.0487805
NODE_16599_length_703_cov_33.067881	561	602	151	3	41	0.0731707
NODE_16599_length_703_cov_33.067881	561	602	152	2	41	0.0487805
NODE_16599_length_703_cov_33.067881	561	602	154	10	41	0.2439024
NODE_16599_length_703_cov_33.067881	561	602	155	4	41	0.0975610
NODE_16599_length_703_cov_33.067881	561	602	156	1	41	0.0243902
NODE_16599_length_703_cov_33.067881	561	602	157	6	41	0.1463415
NODE_16599_length_703_cov_33.067881	561	602	158	1	41	0.0243902
NODE_16599_length_703_cov_33.067881	561	602	159	5	41	0.1219512
NODE_16599_length_703_cov_33.067881	561	602	163	1	41	0.0243902
NODE_16600_length_703_cov_30.266556	312	392	0	80	80	1.0000000
NODE_16600_length_703_cov_30.266556	365	445	0	80	80	1.0000000
NODE_16601_length_703_cov_17.006623	449	529	0	2	80	0.0250000
NODE_16601_length_703_cov_17.006623	449	529	4	78	80	0.9750000
NODE_16601_length_703_cov_17.006623	502	582	0	53	80	0.6625000
NODE_16601_length_703_cov_17.006623	502	582	4	27	80	0.3375000
NODE_16602_length_703_cov_14.801325	383	463	0	13	80	0.1625000
NODE_16602_length_703_cov_14.801325	383	463	2	67	80	0.8375000
NODE_16602_length_703_cov_14.801325	436	516	0	49	80	0.6125000
NODE_16602_length_703_cov_14.801325	436	516	2	31	80	0.3875000
NODE_16603_length_703_cov_11.766556	308	388	0	70	80	0.8750000
NODE_16603_length_703_cov_11.766556	308	388	2	10	80	0.1250000
NODE_16603_length_703_cov_11.766556	361	441	0	17	80	0.2125000
NODE_16603_length_703_cov_11.766556	361	441	2	63	80	0.7875000
NODE_16604_length_703_cov_10.405629	213	293	6	4	80	0.0500000
NODE_16604_length_703_cov_10.405629	213	293	8	1	80	0.0125000
NODE_16604_length_703_cov_10.405629	213	293	10	20	80	0.2500000
NODE_16604_length_703_cov_10.405629	213	293	12	7	80	0.0875000
NODE_16604_length_703_cov_10.405629	213	293	13	8	80	0.1000000
NODE_16604_length_703_cov_10.405629	213	293	17	20	80	0.2500000
NODE_16604_length_703_cov_10.405629	213	293	18	20	80	0.2500000
NODE_16604_length_703_cov_10.405629	266	301	4	7	35	0.2000000
NODE_16604_length_703_cov_10.405629	266	301	6	5	35	0.1428571
NODE_16604_length_703_cov_10.405629	266	301	8	1	35	0.0285714
NODE_16604_length_703_cov_10.405629	266	301	10	20	35	0.5714286
NODE_16604_length_703_cov_10.405629	266	301	12	2	35	0.0571429
NODE_16605_length_703_cov_6.966887	381	440	2	59	59	1.0000000
NODE_16616_length_703_cov_3.491722	256	309	0	49	53	0.9245283
NODE_16616_length_703_cov_3.491722	256	309	2	4	53	0.0754717
NODE_16616_length_703_cov_3.491722	257	337	0	48	80	0.6000000
NODE_16616_length_703_cov_3.491722	257	337	2	32	80	0.4000000
NODE_16616_length_703_cov_3.491722	305	362	2	57	57	1.0000000
NODE_16624_length_703_cov_2.687086	216	296	0	80	80	1.0000000
NODE_16624_length_703_cov_2.687086	269	349	0	80	80	1.0000000
NODE_16663_length_702_cov_49.784411	221	299	0	24	78	0.3076923
NODE_16663_length_702_cov_49.784411	221	299	2	54	78	0.6923077
NODE_16663_length_702_cov_49.784411	277	352	0	28	75	0.3733333
NODE_16663_length_702_cov_49.784411	277	352	2	47	75	0.6266667
NODE_16664_length_702_cov_26.570481	201	281	0	80	80	1.0000000
NODE_16664_length_702_cov_26.570481	254	334	0	80	80	1.0000000
NODE_16665_length_702_cov_23.971808	139	219	0	10	80	0.1250000
NODE_16665_length_702_cov_23.971808	139	219	6	42	80	0.5250000
NODE_16665_length_702_cov_23.971808	139	219	8	8	80	0.1000000
NODE_16665_length_702_cov_23.971808	139	219	10	20	80	0.2500000
NODE_16665_length_702_cov_23.971808	192	272	0	63	80	0.7875000
NODE_16665_length_702_cov_23.971808	192	272	6	17	80	0.2125000
NODE_16665_length_702_cov_23.971808	268	348	0	80	80	1.0000000
NODE_16665_length_702_cov_23.971808	321	401	0	80	80	1.0000000
NODE_16666_length_702_cov_23.827529	448	528	0	80	80	1.0000000
NODE_16666_length_702_cov_23.827529	501	581	0	80	80	1.0000000
NODE_16667_length_702_cov_14.661692	424	504	4	21	80	0.2625000
NODE_16667_length_702_cov_14.661692	424	504	6	59	80	0.7375000
NODE_16667_length_702_cov_14.661692	477	557	2	40	80	0.5000000
NODE_16667_length_702_cov_14.661692	477	557	6	40	80	0.5000000
NODE_16668_length_702_cov_13.908789	259	304	6	45	45	1.0000000
NODE_16668_length_702_cov_13.908789	277	357	3	2	80	0.0250000
NODE_16668_length_702_cov_13.908789	277	357	5	22	80	0.2750000
NODE_16668_length_702_cov_13.908789	277	357	6	28	80	0.3500000
NODE_16668_length_702_cov_13.908789	277	357	7	28	80	0.3500000
NODE_16668_length_702_cov_13.908789	289	357	3	2	68	0.0294118
NODE_16668_length_702_cov_13.908789	289	357	5	22	68	0.3235294
NODE_16668_length_702_cov_13.908789	289	357	6	16	68	0.2352941
NODE_16668_length_702_cov_13.908789	289	357	7	28	68	0.4117647
NODE_16669_length_702_cov_8.502488	337	417	0	80	80	1.0000000
NODE_16669_length_702_cov_8.502488	390	470	0	80	80	1.0000000
NODE_16671_length_702_cov_6.470978	209	289	0	80	80	1.0000000
NODE_16671_length_702_cov_6.470978	262	342	0	80	80	1.0000000
NODE_16729_length_701_cov_38.715947	178	258	2	33	80	0.4125000
NODE_16729_length_701_cov_38.715947	178	258	6	1	80	0.0125000
NODE_16729_length_701_cov_38.715947	178	258	8	46	80	0.5750000
NODE_16729_length_701_cov_38.715947	231	311	6	35	80	0.4375000
NODE_16729_length_701_cov_38.715947	231	311	8	29	80	0.3625000
NODE_16729_length_701_cov_38.715947	231	311	10	16	80	0.2000000
NODE_16729_length_701_cov_38.715947	307	387	2	11	80	0.1375000
NODE_16729_length_701_cov_38.715947	307	387	4	38	80	0.4750000
NODE_16729_length_701_cov_38.715947	307	387	10	31	80	0.3875000
NODE_16729_length_701_cov_38.715947	360	440	0	32	80	0.4000000
NODE_16729_length_701_cov_38.715947	360	440	2	32	80	0.4000000
NODE_16729_length_701_cov_38.715947	360	440	4	16	80	0.2000000
NODE_16730_length_701_cov_28.059801	432	513	0	26	81	0.3209876
NODE_16730_length_701_cov_28.059801	432	513	2	1	81	0.0123457
NODE_16730_length_701_cov_28.059801	432	513	4	54	81	0.6666667
NODE_16730_length_701_cov_28.059801	486	566	0	79	80	0.9875000
NODE_16730_length_701_cov_28.059801	486	566	2	1	80	0.0125000
NODE_16731_length_701_cov_18.387043	258	338	0	61	80	0.7625000
NODE_16731_length_701_cov_18.387043	258	338	2	19	80	0.2375000
NODE_16731_length_701_cov_18.387043	311	391	0	8	80	0.1000000
NODE_16731_length_701_cov_18.387043	311	391	2	72	80	0.9000000
NODE_16732_length_701_cov_17.122924	295	367	6	18	72	0.2500000
NODE_16732_length_701_cov_17.122924	295	367	8	8	72	0.1111111
NODE_16732_length_701_cov_17.122924	295	367	10	46	72	0.6388889
NODE_16733_length_701_cov_16.114618	242	322	0	80	80	1.0000000
NODE_16733_length_701_cov_16.114618	295	375	0	72	80	0.9000000
NODE_16733_length_701_cov_16.114618	295	375	2	8	80	0.1000000
NODE_16734_length_701_cov_15.588040	399	479	0	75	80	0.9375000
NODE_16734_length_701_cov_15.588040	399	479	4	5	80	0.0625000
NODE_16734_length_701_cov_15.588040	452	532	0	22	80	0.2750000
NODE_16734_length_701_cov_15.588040	452	532	4	58	80	0.7250000
NODE_16736_length_701_cov_11.420266	229	309	0	80	80	1.0000000
NODE_16736_length_701_cov_11.420266	282	362	0	36	80	0.4500000
NODE_16736_length_701_cov_11.420266	282	362	2	11	80	0.1375000
NODE_16736_length_701_cov_11.420266	282	362	4	33	80	0.4125000
NODE_16737_length_701_cov_10.411960	202	283	2	61	81	0.7530864
NODE_16737_length_701_cov_10.411960	202	283	4	20	81	0.2469136
NODE_16737_length_701_cov_10.411960	256	336	2	34	80	0.4250000
NODE_16737_length_701_cov_10.411960	256	336	4	46	80	0.5750000
NODE_16738_length_701_cov_9.107973	400	480	0	80	80	1.0000000
NODE_16738_length_701_cov_9.107973	453	533	0	80	80	1.0000000
NODE_16739_length_701_cov_8.877076	283	363	0	80	80	1.0000000
NODE_16739_length_701_cov_8.877076	336	416	0	80	80	1.0000000
NODE_16740_length_701_cov_8.543189	341	421	0	30	80	0.3750000
NODE_16740_length_701_cov_8.543189	341	421	1	1	80	0.0125000
NODE_16740_length_701_cov_8.543189	341	421	2	49	80	0.6125000
NODE_16740_length_701_cov_8.543189	394	474	0	44	80	0.5500000
NODE_16740_length_701_cov_8.543189	394	474	2	36	80	0.4500000
NODE_16742_length_701_cov_6.317276	273	353	0	80	80	1.0000000
NODE_16742_length_701_cov_6.317276	326	382	0	56	56	1.0000000
NODE_16747_length_701_cov_5.081395	318	374	6	2	56	0.0357143
NODE_16747_length_701_cov_5.081395	318	374	8	11	56	0.1964286
NODE_16747_length_701_cov_5.081395	318	374	12	6	56	0.1071429
NODE_16747_length_701_cov_5.081395	318	374	14	37	56	0.6607143
NODE_16752_length_701_cov_3.320598	207	287	0	80	80	1.0000000
NODE_16752_length_701_cov_3.320598	260	340	0	80	80	1.0000000
NODE_16794_length_700_cov_22.241265	326	406	16	5	80	0.0625000
NODE_16794_length_700_cov_22.241265	326	406	18	6	80	0.0750000
NODE_16794_length_700_cov_22.241265	326	406	22	2	80	0.0250000
NODE_16794_length_700_cov_22.241265	326	406	25	3	80	0.0375000
NODE_16794_length_700_cov_22.241265	326	406	27	3	80	0.0375000
NODE_16794_length_700_cov_22.241265	326	406	29	6	80	0.0750000
NODE_16794_length_700_cov_22.241265	326	406	31	2	80	0.0250000
NODE_16794_length_700_cov_22.241265	326	406	32	5	80	0.0625000
NODE_16794_length_700_cov_22.241265	326	406	33	8	80	0.1000000
NODE_16794_length_700_cov_22.241265	326	406	35	8	80	0.1000000
NODE_16794_length_700_cov_22.241265	326	406	36	2	80	0.0250000
NODE_16794_length_700_cov_22.241265	326	406	37	12	80	0.1500000
NODE_16794_length_700_cov_22.241265	326	406	38	2	80	0.0250000
NODE_16794_length_700_cov_22.241265	326	406	39	16	80	0.2000000
NODE_16796_length_700_cov_11.730449	294	374	2	67	80	0.8375000
NODE_16796_length_700_cov_11.730449	294	374	5	2	80	0.0250000
NODE_16796_length_700_cov_11.730449	294	374	6	11	80	0.1375000
NODE_16796_length_700_cov_11.730449	347	427	2	14	80	0.1750000
NODE_16796_length_700_cov_11.730449	347	427	4	32	80	0.4000000
NODE_16796_length_700_cov_11.730449	347	427	5	2	80	0.0250000
NODE_16796_length_700_cov_11.730449	347	427	6	32	80	0.4000000
NODE_16800_length_700_cov_7.291181	317	397	2	4	80	0.0500000
NODE_16800_length_700_cov_7.291181	317	397	4	1	80	0.0125000
NODE_16800_length_700_cov_7.291181	317	397	5	1	80	0.0125000
NODE_16800_length_700_cov_7.291181	317	397	6	20	80	0.2500000
NODE_16800_length_700_cov_7.291181	317	397	8	54	80	0.6750000
NODE_16800_length_700_cov_7.291181	370	450	2	7	80	0.0875000
NODE_16800_length_700_cov_7.291181	370	450	4	25	80	0.3125000
NODE_16800_length_700_cov_7.291181	370	450	6	2	80	0.0250000
NODE_16800_length_700_cov_7.291181	370	450	8	46	80	0.5750000
NODE_16801_length_700_cov_6.557404	353	404	1	5	51	0.0980392
NODE_16801_length_700_cov_6.557404	353	404	2	6	51	0.1176471
NODE_16801_length_700_cov_6.557404	353	404	4	40	51	0.7843137
NODE_16802_length_700_cov_5.475874	301	381	0	18	80	0.2250000
NODE_16802_length_700_cov_5.475874	301	381	2	62	80	0.7750000
NODE_16802_length_700_cov_5.475874	354	434	0	7	80	0.0875000
NODE_16802_length_700_cov_5.475874	354	434	2	73	80	0.9125000
NODE_16803_length_700_cov_3.960067	158	234	0	76	76	1.0000000
NODE_16803_length_700_cov_3.960067	209	291	0	82	82	1.0000000
NODE_16822_length_700_cov_1.517471	324	404	0	45	80	0.5625000
NODE_16822_length_700_cov_1.517471	324	404	4	35	80	0.4375000
NODE_16822_length_700_cov_1.517471	377	457	4	80	80	1.0000000
NODE_16844_length_699_cov_18.446667	185	265	0	80	80	1.0000000
NODE_16844_length_699_cov_18.446667	238	318	0	80	80	1.0000000
NODE_16845_length_699_cov_18.383333	258	338	0	23	80	0.2875000
NODE_16845_length_699_cov_18.383333	258	338	2	57	80	0.7125000
NODE_16845_length_699_cov_18.383333	311	391	0	76	80	0.9500000
NODE_16845_length_699_cov_18.383333	311	391	2	4	80	0.0500000
NODE_16846_length_699_cov_18.103333	218	298	0	13	80	0.1625000
NODE_16846_length_699_cov_18.103333	218	298	2	41	80	0.5125000
NODE_16846_length_699_cov_18.103333	218	298	6	26	80	0.3250000
NODE_16846_length_699_cov_18.103333	271	351	2	1	80	0.0125000
NODE_16846_length_699_cov_18.103333	271	351	4	10	80	0.1250000
NODE_16846_length_699_cov_18.103333	271	351	6	69	80	0.8625000
NODE_16847_length_699_cov_15.636667	279	359	0	51	80	0.6375000
NODE_16847_length_699_cov_15.636667	279	359	4	29	80	0.3625000
NODE_16847_length_699_cov_15.636667	332	412	4	80	80	1.0000000
NODE_16848_length_699_cov_15.113333	313	393	0	47	80	0.5875000
NODE_16848_length_699_cov_15.113333	313	393	2	9	80	0.1125000
NODE_16848_length_699_cov_15.113333	313	393	4	24	80	0.3000000
NODE_16848_length_699_cov_15.113333	366	446	2	7	80	0.0875000
NODE_16848_length_699_cov_15.113333	366	446	4	73	80	0.9125000
NODE_16849_length_699_cov_10.070000	233	313	0	80	80	1.0000000
NODE_16849_length_699_cov_10.070000	286	366	0	80	80	1.0000000
NODE_16849_length_699_cov_10.070000	362	442	0	80	80	1.0000000
NODE_16849_length_699_cov_10.070000	415	495	0	80	80	1.0000000
NODE_16850_length_699_cov_8.083333	347	427	0	80	80	1.0000000
NODE_16850_length_699_cov_8.083333	400	480	0	80	80	1.0000000
NODE_16851_length_699_cov_7.758333	307	387	0	80	80	1.0000000
NODE_16851_length_699_cov_7.758333	360	440	0	80	80	1.0000000
NODE_16852_length_699_cov_7.713333	252	332	0	80	80	1.0000000
NODE_16852_length_699_cov_7.713333	305	385	0	80	80	1.0000000
NODE_16853_length_699_cov_7.186667	271	332	2	9	61	0.1475410
NODE_16853_length_699_cov_7.186667	271	332	4	12	61	0.1967213
NODE_16853_length_699_cov_7.186667	271	332	6	3	61	0.0491803
NODE_16853_length_699_cov_7.186667	271	332	8	37	61	0.6065574
NODE_16853_length_699_cov_7.186667	348	428	2	9	80	0.1125000
NODE_16853_length_699_cov_7.186667	348	428	4	22	80	0.2750000
NODE_16853_length_699_cov_7.186667	348	428	6	45	80	0.5625000
NODE_16853_length_699_cov_7.186667	348	428	8	4	80	0.0500000
NODE_16857_length_699_cov_5.815000	243	316	2	17	73	0.2328767
NODE_16857_length_699_cov_5.815000	243	316	6	56	73	0.7671233
NODE_16857_length_699_cov_5.815000	293	374	0	33	81	0.4074074
NODE_16857_length_699_cov_5.815000	293	374	4	10	81	0.1234568
NODE_16857_length_699_cov_5.815000	293	374	6	38	81	0.4691358
NODE_16858_length_699_cov_5.520000	302	382	2	11	80	0.1375000
NODE_16858_length_699_cov_5.520000	302	382	4	11	80	0.1375000
NODE_16858_length_699_cov_5.520000	302	382	6	58	80	0.7250000
NODE_16858_length_699_cov_5.520000	355	435	0	38	80	0.4750000
NODE_16858_length_699_cov_5.520000	355	435	2	26	80	0.3250000
NODE_16858_length_699_cov_5.520000	355	435	4	11	80	0.1375000
NODE_16858_length_699_cov_5.520000	355	435	6	5	80	0.0625000
NODE_16860_length_699_cov_4.051667	289	369	0	80	80	1.0000000
NODE_16860_length_699_cov_4.051667	342	422	0	80	80	1.0000000
NODE_16868_length_699_cov_2.498333	204	284	0	51	80	0.6375000
NODE_16868_length_699_cov_2.498333	204	284	2	29	80	0.3625000
NODE_16868_length_699_cov_2.498333	257	337	0	64	80	0.8000000
NODE_16868_length_699_cov_2.498333	257	337	2	16	80	0.2000000
NODE_16908_length_698_cov_47.350584	321	401	2	33	80	0.4125000
NODE_16908_length_698_cov_47.350584	321	401	4	9	80	0.1125000
NODE_16908_length_698_cov_47.350584	321	401	5	1	80	0.0125000
NODE_16908_length_698_cov_47.350584	321	401	6	37	80	0.4625000
NODE_16908_length_698_cov_47.350584	374	454	0	9	80	0.1125000
NODE_16908_length_698_cov_47.350584	374	454	3	5	80	0.0625000
NODE_16908_length_698_cov_47.350584	374	454	4	48	80	0.6000000
NODE_16908_length_698_cov_47.350584	374	454	6	18	80	0.2250000
NODE_16909_length_698_cov_42.848080	255	335	4	18	80	0.2250000
NODE_16909_length_698_cov_42.848080	255	335	6	62	80	0.7750000
NODE_16909_length_698_cov_42.848080	308	388	2	39	80	0.4875000
NODE_16909_length_698_cov_42.848080	308	388	4	6	80	0.0750000
NODE_16909_length_698_cov_42.848080	308	388	6	35	80	0.4375000
NODE_16910_length_698_cov_36.697830	366	446	4	80	80	1.0000000
NODE_16910_length_698_cov_36.697830	419	484	0	26	65	0.4000000
NODE_16910_length_698_cov_36.697830	419	484	4	39	65	0.6000000
NODE_16911_length_698_cov_23.874791	222	302	0	32	80	0.4000000
NODE_16911_length_698_cov_23.874791	222	302	3	1	80	0.0125000
NODE_16911_length_698_cov_23.874791	222	302	4	47	80	0.5875000
NODE_16911_length_698_cov_23.874791	275	355	4	80	80	1.0000000
NODE_16912_length_698_cov_7.133556	360	440	0	80	80	1.0000000
NODE_16912_length_698_cov_7.133556	413	493	0	80	80	1.0000000
NODE_16913_length_698_cov_6.520868	267	347	0	80	80	1.0000000
NODE_16913_length_698_cov_6.520868	320	400	0	80	80	1.0000000
NODE_16917_length_698_cov_4.762938	329	359	0	30	30	1.0000000
NODE_16926_length_698_cov_2.577629	309	389	0	80	80	1.0000000
NODE_16926_length_698_cov_2.577629	362	442	0	80	80	1.0000000
NODE_16962_length_697_cov_16.013378	305	385	0	54	80	0.6750000
NODE_16962_length_697_cov_16.013378	305	385	1	26	80	0.3250000
NODE_16962_length_697_cov_16.013378	358	438	0	1	80	0.0125000
NODE_16962_length_697_cov_16.013378	358	438	1	79	80	0.9875000
NODE_16963_length_697_cov_14.411371	440	520	6	41	80	0.5125000
NODE_16963_length_697_cov_14.411371	440	520	8	39	80	0.4875000
NODE_16963_length_697_cov_14.411371	493	573	2	46	80	0.5750000
NODE_16963_length_697_cov_14.411371	493	573	6	29	80	0.3625000
NODE_16963_length_697_cov_14.411371	493	573	8	5	80	0.0625000
NODE_16964_length_697_cov_14.282609	257	354	2	66	97	0.6804124
NODE_16964_length_697_cov_14.282609	257	354	3	1	97	0.0103093
NODE_16964_length_697_cov_14.282609	257	354	4	30	97	0.3092783
NODE_16964_length_697_cov_14.282609	327	385	2	29	58	0.5000000
NODE_16964_length_697_cov_14.282609	327	385	4	29	58	0.5000000
NODE_16965_length_697_cov_9.969900	360	440	0	80	80	1.0000000
NODE_16965_length_697_cov_9.969900	413	493	0	80	80	1.0000000
NODE_16968_length_697_cov_6.117057	236	316	2	80	80	1.0000000
NODE_16968_length_697_cov_6.117057	289	369	0	17	80	0.2125000
NODE_16968_length_697_cov_6.117057	289	369	1	15	80	0.1875000
NODE_16968_length_697_cov_6.117057	289	369	2	48	80	0.6000000
NODE_17025_length_696_cov_28.360134	319	399	0	14	80	0.1750000
NODE_17025_length_696_cov_28.360134	319	399	2	66	80	0.8250000
NODE_17025_length_696_cov_28.360134	372	452	0	67	80	0.8375000
NODE_17025_length_696_cov_28.360134	372	452	2	13	80	0.1625000
NODE_17026_length_696_cov_18.708543	367	447	0	80	80	1.0000000
NODE_17026_length_696_cov_18.708543	420	500	0	80	80	1.0000000
NODE_17027_length_696_cov_18.170854	390	470	2	7	80	0.0875000
NODE_17027_length_696_cov_18.170854	390	470	4	15	80	0.1875000
NODE_17027_length_696_cov_18.170854	390	470	6	52	80	0.6500000
NODE_17027_length_696_cov_18.170854	390	470	7	5	80	0.0625000
NODE_17027_length_696_cov_18.170854	390	470	8	1	80	0.0125000
NODE_17027_length_696_cov_18.170854	443	523	0	24	80	0.3000000
NODE_17027_length_696_cov_18.170854	443	523	6	56	80	0.7000000
NODE_17028_length_696_cov_13.738693	266	346	0	12	80	0.1500000
NODE_17028_length_696_cov_13.738693	266	346	2	68	80	0.8500000
NODE_17028_length_696_cov_13.738693	319	399	0	24	80	0.3000000
NODE_17028_length_696_cov_13.738693	319	399	2	56	80	0.7000000
NODE_17030_length_696_cov_10.693467	239	266	0	27	27	1.0000000
NODE_17031_length_696_cov_9.949749	248	328	0	80	80	1.0000000
NODE_17031_length_696_cov_9.949749	301	381	0	80	80	1.0000000
NODE_17032_length_696_cov_8.658291	247	327	0	80	80	1.0000000
NODE_17032_length_696_cov_8.658291	300	380	0	27	80	0.3375000
NODE_17032_length_696_cov_8.658291	300	380	2	53	80	0.6625000
NODE_17032_length_696_cov_8.658291	376	456	0	64	80	0.8000000
NODE_17032_length_696_cov_8.658291	376	456	2	16	80	0.2000000
NODE_17032_length_696_cov_8.658291	429	509	0	80	80	1.0000000
NODE_17068_length_696_cov_1.675042	498	543	0	4	45	0.0888889
NODE_17068_length_696_cov_1.675042	498	543	4	41	45	0.9111111
NODE_17100_length_695_cov_24.112416	388	468	4	6	80	0.0750000
NODE_17100_length_695_cov_24.112416	388	468	7	1	80	0.0125000
NODE_17100_length_695_cov_24.112416	388	468	8	13	80	0.1625000
NODE_17100_length_695_cov_24.112416	388	468	10	60	80	0.7500000
NODE_17100_length_695_cov_24.112416	441	521	0	25	80	0.3125000
NODE_17100_length_695_cov_24.112416	441	521	4	34	80	0.4250000
NODE_17100_length_695_cov_24.112416	441	521	7	1	80	0.0125000
NODE_17100_length_695_cov_24.112416	441	521	8	13	80	0.1625000
NODE_17100_length_695_cov_24.112416	441	521	10	7	80	0.0875000
NODE_17101_length_695_cov_12.152685	349	429	0	80	80	1.0000000
NODE_17101_length_695_cov_12.152685	402	482	0	80	80	1.0000000
NODE_17103_length_695_cov_8.466443	345	425	0	80	80	1.0000000
NODE_17103_length_695_cov_8.466443	398	478	0	80	80	1.0000000
NODE_17106_length_695_cov_5.661074	283	363	0	80	80	1.0000000
NODE_17106_length_695_cov_5.661074	346	416	0	70	70	1.0000000
NODE_17124_length_695_cov_2.050336	36	112	0	76	76	1.0000000
NODE_17161_length_694_cov_46.675630	30	110	0	80	80	1.0000000
NODE_17161_length_694_cov_46.675630	83	163	0	80	80	1.0000000
NODE_17161_length_694_cov_46.675630	159	239	0	80	80	1.0000000
NODE_17161_length_694_cov_46.675630	212	292	0	80	80	1.0000000
NODE_17162_length_694_cov_12.850420	326	406	0	27	80	0.3375000
NODE_17162_length_694_cov_12.850420	326	406	1	3	80	0.0375000
NODE_17162_length_694_cov_12.850420	326	406	8	17	80	0.2125000
NODE_17162_length_694_cov_12.850420	326	406	9	8	80	0.1000000
NODE_17162_length_694_cov_12.850420	326	406	10	25	80	0.3125000
NODE_17162_length_694_cov_12.850420	379	459	0	80	80	1.0000000
NODE_17163_length_694_cov_7.236975	318	396	0	78	78	1.0000000
NODE_17163_length_694_cov_7.236975	371	450	0	79	79	1.0000000
NODE_17166_length_694_cov_5.554622	404	484	0	80	80	1.0000000
NODE_17166_length_694_cov_5.554622	457	537	0	80	80	1.0000000
NODE_17168_length_694_cov_5.373109	152	232	0	80	80	1.0000000
NODE_17168_length_694_cov_5.373109	205	285	0	80	80	1.0000000
NODE_17227_length_693_cov_26.616162	435	515	0	34	80	0.4250000
NODE_17227_length_693_cov_26.616162	435	515	2	46	80	0.5750000
NODE_17227_length_693_cov_26.616162	488	568	0	35	80	0.4375000
NODE_17227_length_693_cov_26.616162	488	568	1	1	80	0.0125000
NODE_17227_length_693_cov_26.616162	488	568	2	44	80	0.5500000
NODE_17228_length_693_cov_23.552189	193	273	2	65	80	0.8125000
NODE_17228_length_693_cov_23.552189	193	273	4	15	80	0.1875000
NODE_17228_length_693_cov_23.552189	246	326	0	8	80	0.1000000
NODE_17228_length_693_cov_23.552189	246	326	2	72	80	0.9000000
NODE_17229_length_693_cov_22.848485	231	311	2	14	80	0.1750000
NODE_17229_length_693_cov_22.848485	231	311	5	1	80	0.0125000
NODE_17229_length_693_cov_22.848485	231	311	6	65	80	0.8125000
NODE_17229_length_693_cov_22.848485	284	364	0	11	80	0.1375000
NODE_17229_length_693_cov_22.848485	284	364	4	35	80	0.4375000
NODE_17229_length_693_cov_22.848485	284	364	5	8	80	0.1000000
NODE_17229_length_693_cov_22.848485	284	364	6	26	80	0.3250000
NODE_17230_length_693_cov_13.616162	219	299	0	80	80	1.0000000
NODE_17230_length_693_cov_13.616162	272	352	0	80	80	1.0000000
NODE_17231_length_693_cov_12.382155	305	385	0	80	80	1.0000000
NODE_17231_length_693_cov_12.382155	358	424	0	66	66	1.0000000
NODE_17232_length_693_cov_10.053872	279	359	0	62	80	0.7750000
NODE_17232_length_693_cov_10.053872	279	359	2	18	80	0.2250000
NODE_17232_length_693_cov_10.053872	332	412	0	9	80	0.1125000
NODE_17232_length_693_cov_10.053872	332	412	2	71	80	0.8875000
NODE_17233_length_693_cov_9.659933	247	327	2	53	80	0.6625000
NODE_17233_length_693_cov_9.659933	247	327	4	27	80	0.3375000
NODE_17233_length_693_cov_9.659933	300	380	0	19	80	0.2375000
NODE_17233_length_693_cov_9.659933	300	380	2	53	80	0.6625000
NODE_17233_length_693_cov_9.659933	300	380	4	8	80	0.1000000
NODE_17235_length_693_cov_8.077441	343	423	0	80	80	1.0000000
NODE_17235_length_693_cov_8.077441	396	476	0	80	80	1.0000000
NODE_17243_length_693_cov_3.680135	250	321	0	3	71	0.0422535
NODE_17243_length_693_cov_3.680135	250	321	2	8	71	0.1126761
NODE_17243_length_693_cov_3.680135	250	321	4	12	71	0.1690141
NODE_17243_length_693_cov_3.680135	250	321	6	8	71	0.1126761
NODE_17243_length_693_cov_3.680135	250	321	8	40	71	0.5633803
NODE_17280_length_692_cov_33.416526	462	542	0	77	80	0.9625000
NODE_17280_length_692_cov_33.416526	462	542	2	3	80	0.0375000
NODE_17280_length_692_cov_33.416526	515	595	0	80	80	1.0000000
NODE_17281_length_692_cov_17.559865	291	371	0	80	80	1.0000000
NODE_17282_length_692_cov_15.070826	304	375	0	27	71	0.3802817
NODE_17282_length_692_cov_15.070826	304	375	2	40	71	0.5633803
NODE_17282_length_692_cov_15.070826	304	375	6	4	71	0.0563380
NODE_17283_length_692_cov_13.279933	308	388	0	40	80	0.5000000
NODE_17283_length_692_cov_13.279933	308	388	2	40	80	0.5000000
NODE_17283_length_692_cov_13.279933	361	441	2	61	80	0.7625000
NODE_17283_length_692_cov_13.279933	361	441	4	19	80	0.2375000
NODE_17285_length_692_cov_10.750422	317	397	0	31	80	0.3875000
NODE_17285_length_692_cov_10.750422	317	397	2	49	80	0.6125000
NODE_17287_length_692_cov_7.497470	175	255	0	80	80	1.0000000
NODE_17287_length_692_cov_7.497470	228	312	0	84	84	1.0000000
NODE_17289_length_692_cov_7.370995	235	315	4	12	80	0.1500000
NODE_17289_length_692_cov_7.370995	235	315	6	68	80	0.8500000
NODE_17289_length_692_cov_7.370995	288	369	0	35	81	0.4320988
NODE_17289_length_692_cov_7.370995	288	369	2	11	81	0.1358025
NODE_17289_length_692_cov_7.370995	288	369	3	2	81	0.0246914
NODE_17289_length_692_cov_7.370995	288	369	4	18	81	0.2222222
NODE_17289_length_692_cov_7.370995	288	369	6	15	81	0.1851852
NODE_17328_length_692_cov_1.514334	404	484	4	24	80	0.3000000
NODE_17328_length_692_cov_1.514334	404	484	8	15	80	0.1875000
NODE_17328_length_692_cov_1.514334	404	484	12	41	80	0.5125000
NODE_17350_length_691_cov_115.233108	276	356	18	9	80	0.1125000
NODE_17350_length_691_cov_115.233108	276	356	22	37	80	0.4625000
NODE_17350_length_691_cov_115.233108	276	356	24	24	80	0.3000000
NODE_17350_length_691_cov_115.233108	276	356	26	7	80	0.0875000
NODE_17350_length_691_cov_115.233108	276	356	31	3	80	0.0375000
NODE_17350_length_691_cov_115.233108	329	409	17	25	80	0.3125000
NODE_17350_length_691_cov_115.233108	329	409	19	4	80	0.0500000
NODE_17350_length_691_cov_115.233108	329	409	21	15	80	0.1875000
NODE_17350_length_691_cov_115.233108	329	409	24	17	80	0.2125000
NODE_17350_length_691_cov_115.233108	329	409	26	7	80	0.0875000
NODE_17350_length_691_cov_115.233108	329	409	28	1	80	0.0125000
NODE_17350_length_691_cov_115.233108	329	409	29	5	80	0.0625000
NODE_17350_length_691_cov_115.233108	329	409	31	6	80	0.0750000
NODE_17350_length_691_cov_115.233108	405	485	13	1	80	0.0125000
NODE_17350_length_691_cov_115.233108	405	485	15	11	80	0.1375000
NODE_17350_length_691_cov_115.233108	405	485	16	1	80	0.0125000
NODE_17350_length_691_cov_115.233108	405	485	17	9	80	0.1125000
NODE_17350_length_691_cov_115.233108	405	485	21	2	80	0.0250000
NODE_17350_length_691_cov_115.233108	405	485	23	1	80	0.0125000
NODE_17350_length_691_cov_115.233108	405	485	25	3	80	0.0375000
NODE_17350_length_691_cov_115.233108	405	485	29	1	80	0.0125000
NODE_17350_length_691_cov_115.233108	405	485	35	9	80	0.1125000
NODE_17350_length_691_cov_115.233108	405	485	37	7	80	0.0875000
NODE_17350_length_691_cov_115.233108	405	485	40	3	80	0.0375000
NODE_17350_length_691_cov_115.233108	405	485	42	1	80	0.0125000
NODE_17350_length_691_cov_115.233108	405	485	49	1	80	0.0125000
NODE_17350_length_691_cov_115.233108	405	485	51	1	80	0.0125000
NODE_17350_length_691_cov_115.233108	405	485	55	1	80	0.0125000
NODE_17350_length_691_cov_115.233108	405	485	80	2	80	0.0250000
NODE_17350_length_691_cov_115.233108	405	485	84	4	80	0.0500000
NODE_17350_length_691_cov_115.233108	405	485	86	1	80	0.0125000
NODE_17350_length_691_cov_115.233108	405	485	90	1	80	0.0125000
NODE_17350_length_691_cov_115.233108	405	485	94	1	80	0.0125000
NODE_17350_length_691_cov_115.233108	405	485	98	1	80	0.0125000
NODE_17350_length_691_cov_115.233108	405	485	100	2	80	0.0250000
NODE_17350_length_691_cov_115.233108	405	485	104	2	80	0.0250000
NODE_17350_length_691_cov_115.233108	405	485	106	6	80	0.0750000
NODE_17350_length_691_cov_115.233108	405	485	108	1	80	0.0125000
NODE_17350_length_691_cov_115.233108	405	485	110	3	80	0.0375000
NODE_17350_length_691_cov_115.233108	405	485	116	3	80	0.0375000
NODE_17350_length_691_cov_115.233108	405	485	118	1	80	0.0125000
NODE_17350_length_691_cov_115.233108	458	538	80	1	80	0.0125000
NODE_17350_length_691_cov_115.233108	458	538	84	4	80	0.0500000
NODE_17350_length_691_cov_115.233108	458	538	86	1	80	0.0125000
NODE_17350_length_691_cov_115.233108	458	538	90	1	80	0.0125000
NODE_17350_length_691_cov_115.233108	458	538	94	1	80	0.0125000
NODE_17350_length_691_cov_115.233108	458	538	98	1	80	0.0125000
NODE_17350_length_691_cov_115.233108	458	538	100	2	80	0.0250000
NODE_17350_length_691_cov_115.233108	458	538	104	2	80	0.0250000
NODE_17350_length_691_cov_115.233108	458	538	106	6	80	0.0750000
NODE_17350_length_691_cov_115.233108	458	538	108	1	80	0.0125000
NODE_17350_length_691_cov_115.233108	458	538	110	3	80	0.0375000
NODE_17350_length_691_cov_115.233108	458	538	116	3	80	0.0375000
NODE_17350_length_691_cov_115.233108	458	538	118	1	80	0.0125000
NODE_17350_length_691_cov_115.233108	458	538	122	3	80	0.0375000
NODE_17350_length_691_cov_115.233108	458	538	124	1	80	0.0125000
NODE_17350_length_691_cov_115.233108	458	538	129	6	80	0.0750000
NODE_17350_length_691_cov_115.233108	458	538	130	6	80	0.0750000
NODE_17350_length_691_cov_115.233108	458	538	131	11	80	0.1375000
NODE_17350_length_691_cov_115.233108	458	538	132	6	80	0.0750000
NODE_17350_length_691_cov_115.233108	458	538	134	3	80	0.0375000
NODE_17350_length_691_cov_115.233108	458	538	135	8	80	0.1000000
NODE_17350_length_691_cov_115.233108	458	538	136	2	80	0.0250000
NODE_17350_length_691_cov_115.233108	458	538	137	1	80	0.0125000
NODE_17350_length_691_cov_115.233108	458	538	139	6	80	0.0750000
NODE_17351_length_691_cov_26.076014	188	268	0	76	80	0.9500000
NODE_17351_length_691_cov_26.076014	188	268	2	4	80	0.0500000
NODE_17351_length_691_cov_26.076014	241	321	0	23	80	0.2875000
NODE_17351_length_691_cov_26.076014	241	321	2	57	80	0.7125000
NODE_17352_length_691_cov_21.991554	288	368	0	80	80	1.0000000
NODE_17352_length_691_cov_21.991554	341	419	0	78	78	1.0000000
NODE_17353_length_691_cov_14.908784	226	306	2	2	80	0.0250000
NODE_17353_length_691_cov_14.908784	226	306	4	58	80	0.7250000
NODE_17353_length_691_cov_14.908784	226	306	6	20	80	0.2500000
NODE_17353_length_691_cov_14.908784	279	359	0	48	80	0.6000000
NODE_17353_length_691_cov_14.908784	279	359	2	7	80	0.0875000
NODE_17353_length_691_cov_14.908784	279	359	4	25	80	0.3125000
NODE_17358_length_691_cov_5.670608	325	402	2	77	77	1.0000000
NODE_17358_length_691_cov_5.670608	375	455	2	80	80	1.0000000
NODE_17361_length_691_cov_4.866554	103	183	4	80	80	1.0000000
NODE_17361_length_691_cov_4.866554	156	236	0	16	80	0.2000000
NODE_17361_length_691_cov_4.866554	156	236	4	64	80	0.8000000
NODE_17367_length_691_cov_3.388514	304	384	0	48	80	0.6000000
NODE_17367_length_691_cov_3.388514	304	384	2	32	80	0.4000000
NODE_17367_length_691_cov_3.388514	357	437	0	80	80	1.0000000
NODE_17415_length_690_cov_39.538071	563	612	6	49	49	1.0000000
NODE_17415_length_690_cov_39.538071	598	678	0	6	80	0.0750000
NODE_17415_length_690_cov_39.538071	598	678	2	36	80	0.4500000
NODE_17415_length_690_cov_39.538071	598	678	6	38	80	0.4750000
NODE_17415_length_690_cov_39.538071	651	690	0	18	39	0.4615385
NODE_17415_length_690_cov_39.538071	651	690	2	21	39	0.5384616
NODE_17417_length_690_cov_30.336717	319	394	3	3	75	0.0400000
NODE_17417_length_690_cov_30.336717	319	394	4	72	75	0.9600000
NODE_17417_length_690_cov_30.336717	372	453	0	46	81	0.5679013
NODE_17417_length_690_cov_30.336717	372	453	3	16	81	0.1975309
NODE_17417_length_690_cov_30.336717	372	453	4	19	81	0.2345679
NODE_17417_length_690_cov_30.336717	449	529	0	80	80	1.0000000
NODE_17417_length_690_cov_30.336717	502	582	0	80	80	1.0000000
NODE_17418_length_690_cov_26.888325	270	350	2	4	80	0.0500000
NODE_17418_length_690_cov_26.888325	270	350	4	30	80	0.3750000
NODE_17418_length_690_cov_26.888325	270	350	6	46	80	0.5750000
NODE_17418_length_690_cov_26.888325	323	403	0	26	80	0.3250000
NODE_17418_length_690_cov_26.888325	323	403	2	25	80	0.3125000
NODE_17418_length_690_cov_26.888325	323	403	4	29	80	0.3625000
NODE_17419_length_690_cov_23.360406	131	211	0	80	80	1.0000000
NODE_17419_length_690_cov_23.360406	188	264	0	76	76	1.0000000
NODE_17420_length_690_cov_18.737733	316	396	0	80	80	1.0000000
NODE_17420_length_690_cov_18.737733	369	449	0	80	80	1.0000000
NODE_17421_length_690_cov_16.593909	364	444	0	80	80	1.0000000
NODE_17421_length_690_cov_16.593909	417	497	0	80	80	1.0000000
NODE_17422_length_690_cov_12.896785	320	400	0	23	80	0.2875000
NODE_17422_length_690_cov_12.896785	320	400	4	57	80	0.7125000
NODE_17422_length_690_cov_12.896785	373	453	0	76	80	0.9500000
NODE_17422_length_690_cov_12.896785	373	453	4	4	80	0.0500000
NODE_17423_length_690_cov_10.818951	349	429	0	80	80	1.0000000
NODE_17424_length_690_cov_7.015228	273	353	2	80	80	1.0000000
NODE_17424_length_690_cov_7.015228	326	406	0	50	80	0.6250000
NODE_17424_length_690_cov_7.015228	326	406	2	30	80	0.3750000
NODE_17429_length_690_cov_4.793570	316	365	107	1	49	0.0204082
NODE_17429_length_690_cov_4.793570	316	365	109	3	49	0.0612245
NODE_17429_length_690_cov_4.793570	316	365	111	4	49	0.0816327
NODE_17429_length_690_cov_4.793570	316	365	113	5	49	0.1020408
NODE_17429_length_690_cov_4.793570	316	365	114	1	49	0.0204082
NODE_17429_length_690_cov_4.793570	316	365	116	9	49	0.1836735
NODE_17429_length_690_cov_4.793570	316	365	118	1	49	0.0204082
NODE_17429_length_690_cov_4.793570	316	365	119	8	49	0.1632653
NODE_17429_length_690_cov_4.793570	316	365	120	1	49	0.0204082
NODE_17429_length_690_cov_4.793570	316	365	121	2	49	0.0408163
NODE_17429_length_690_cov_4.793570	316	365	123	3	49	0.0612245
NODE_17429_length_690_cov_4.793570	316	365	124	6	49	0.1224490
NODE_17429_length_690_cov_4.793570	316	365	125	2	49	0.0408163
NODE_17429_length_690_cov_4.793570	316	365	126	3	49	0.0612245
NODE_17430_length_690_cov_4.717428	316	396	0	80	80	1.0000000
NODE_17430_length_690_cov_4.717428	369	449	0	80	80	1.0000000
NODE_17484_length_689_cov_45.984746	244	322	0	78	78	1.0000000
NODE_17484_length_689_cov_45.984746	297	377	0	80	80	1.0000000
NODE_17485_length_689_cov_35.705085	436	516	0	32	80	0.4000000
NODE_17485_length_689_cov_35.705085	436	516	2	15	80	0.1875000
NODE_17485_length_689_cov_35.705085	436	516	4	33	80	0.4125000
NODE_17485_length_689_cov_35.705085	489	569	2	20	80	0.2500000
NODE_17485_length_689_cov_35.705085	489	569	4	60	80	0.7500000
NODE_17486_length_689_cov_25.372881	211	291	0	80	80	1.0000000
NODE_17486_length_689_cov_25.372881	264	344	0	80	80	1.0000000
NODE_17487_length_689_cov_20.138983	319	399	0	26	80	0.3250000
NODE_17487_length_689_cov_20.138983	319	399	2	54	80	0.6750000
NODE_17487_length_689_cov_20.138983	372	452	0	79	80	0.9875000
NODE_17487_length_689_cov_20.138983	372	452	2	1	80	0.0125000
NODE_17488_length_689_cov_14.377966	351	431	0	80	80	1.0000000
NODE_17488_length_689_cov_14.377966	404	484	0	80	80	1.0000000
NODE_17489_length_689_cov_9.477966	201	281	0	56	80	0.7000000
NODE_17489_length_689_cov_9.477966	201	281	2	24	80	0.3000000
NODE_17489_length_689_cov_9.477966	254	334	0	3	80	0.0375000
NODE_17489_length_689_cov_9.477966	254	334	2	77	80	0.9625000
NODE_17491_length_689_cov_7.367797	122	207	9	1	85	0.0117647
NODE_17491_length_689_cov_7.367797	122	207	13	3	85	0.0352941
NODE_17491_length_689_cov_7.367797	122	207	15	2	85	0.0235294
NODE_17491_length_689_cov_7.367797	122	207	17	3	85	0.0352941
NODE_17491_length_689_cov_7.367797	122	207	18	1	85	0.0117647
NODE_17491_length_689_cov_7.367797	122	207	20	20	85	0.2352941
NODE_17491_length_689_cov_7.367797	122	207	22	14	85	0.1647059
NODE_17491_length_689_cov_7.367797	122	207	24	12	85	0.1411765
NODE_17491_length_689_cov_7.367797	122	207	28	2	85	0.0235294
NODE_17491_length_689_cov_7.367797	122	207	30	27	85	0.3176471
NODE_17492_length_689_cov_6.649153	242	322	0	3	80	0.0375000
NODE_17492_length_689_cov_6.649153	242	322	4	28	80	0.3500000
NODE_17492_length_689_cov_6.649153	242	322	8	49	80	0.6125000
NODE_17492_length_689_cov_6.649153	295	375	0	56	80	0.7000000
NODE_17492_length_689_cov_6.649153	295	375	4	24	80	0.3000000
NODE_17504_length_689_cov_2.788136	128	208	4	80	80	1.0000000
NODE_17504_length_689_cov_2.788136	181	261	0	23	80	0.2875000
NODE_17504_length_689_cov_2.788136	181	261	2	10	80	0.1250000
NODE_17504_length_689_cov_2.788136	181	261	4	47	80	0.5875000
NODE_17548_length_688_cov_52.256367	198	278	0	80	80	1.0000000
NODE_17548_length_688_cov_52.256367	251	331	0	80	80	1.0000000
NODE_17549_length_688_cov_37.563667	373	453	0	52	80	0.6500000
NODE_17549_length_688_cov_37.563667	373	453	2	12	80	0.1500000
NODE_17549_length_688_cov_37.563667	373	453	4	16	80	0.2000000
NODE_17549_length_688_cov_37.563667	426	506	0	17	80	0.2125000
NODE_17549_length_688_cov_37.563667	426	506	2	63	80	0.7875000
NODE_17549_length_688_cov_37.563667	514	594	2	2	80	0.0250000
NODE_17549_length_688_cov_37.563667	514	594	4	11	80	0.1375000
NODE_17549_length_688_cov_37.563667	514	594	6	7	80	0.0875000
NODE_17549_length_688_cov_37.563667	514	594	8	8	80	0.1000000
NODE_17549_length_688_cov_37.563667	514	594	10	1	80	0.0125000
NODE_17549_length_688_cov_37.563667	514	594	11	9	80	0.1125000
NODE_17549_length_688_cov_37.563667	514	594	14	8	80	0.1000000
NODE_17549_length_688_cov_37.563667	514	594	16	18	80	0.2250000
NODE_17549_length_688_cov_37.563667	514	594	18	16	80	0.2000000
NODE_17549_length_688_cov_37.563667	514	594	2	2	80	0.0250000
NODE_17549_length_688_cov_37.563667	514	594	4	11	80	0.1375000
NODE_17549_length_688_cov_37.563667	514	594	6	7	80	0.0875000
NODE_17549_length_688_cov_37.563667	514	594	8	8	80	0.1000000
NODE_17549_length_688_cov_37.563667	514	594	10	1	80	0.0125000
NODE_17549_length_688_cov_37.563667	514	594	11	9	80	0.1125000
NODE_17549_length_688_cov_37.563667	514	594	14	8	80	0.1000000
NODE_17549_length_688_cov_37.563667	514	594	16	18	80	0.2250000
NODE_17549_length_688_cov_37.563667	514	594	18	16	80	0.2000000
NODE_17549_length_688_cov_37.563667	514	584	2	2	70	0.0285714
NODE_17549_length_688_cov_37.563667	514	584	4	11	70	0.1571429
NODE_17549_length_688_cov_37.563667	514	584	6	7	70	0.1000000
NODE_17549_length_688_cov_37.563667	514	584	8	8	70	0.1142857
NODE_17549_length_688_cov_37.563667	514	584	10	1	70	0.0142857
NODE_17549_length_688_cov_37.563667	514	584	11	9	70	0.1285714
NODE_17549_length_688_cov_37.563667	514	584	14	8	70	0.1142857
NODE_17549_length_688_cov_37.563667	514	584	16	18	70	0.2571429
NODE_17549_length_688_cov_37.563667	514	584	18	6	70	0.0857143
NODE_17549_length_688_cov_37.563667	567	647	14	11	80	0.1375000
NODE_17549_length_688_cov_37.563667	567	647	15	10	80	0.1250000
NODE_17549_length_688_cov_37.563667	567	647	16	6	80	0.0750000
NODE_17549_length_688_cov_37.563667	567	647	17	2	80	0.0250000
NODE_17549_length_688_cov_37.563667	567	647	18	51	80	0.6375000
NODE_17549_length_688_cov_37.563667	567	646	14	10	79	0.1265823
NODE_17549_length_688_cov_37.563667	567	646	15	10	79	0.1265823
NODE_17549_length_688_cov_37.563667	567	646	16	6	79	0.0759494
NODE_17549_length_688_cov_37.563667	567	646	17	2	79	0.0253165
NODE_17549_length_688_cov_37.563667	567	646	18	51	79	0.6455696
NODE_17550_length_688_cov_33.898132	373	453	0	80	80	1.0000000
NODE_17550_length_688_cov_33.898132	426	506	0	80	80	1.0000000
NODE_17551_length_688_cov_26.769100	457	537	18	4	80	0.0500000
NODE_17551_length_688_cov_26.769100	457	537	22	5	80	0.0625000
NODE_17551_length_688_cov_26.769100	457	537	24	3	80	0.0375000
NODE_17551_length_688_cov_26.769100	457	537	25	1	80	0.0125000
NODE_17551_length_688_cov_26.769100	457	537	27	8	80	0.1000000
NODE_17551_length_688_cov_26.769100	457	537	28	51	80	0.6375000
NODE_17551_length_688_cov_26.769100	457	537	29	8	80	0.1000000
NODE_17551_length_688_cov_26.769100	510	590	0	12	80	0.1500000
NODE_17551_length_688_cov_26.769100	510	590	11	33	80	0.4125000
NODE_17551_length_688_cov_26.769100	510	590	15	1	80	0.0125000
NODE_17551_length_688_cov_26.769100	510	590	18	11	80	0.1375000
NODE_17551_length_688_cov_26.769100	510	590	22	5	80	0.0625000
NODE_17551_length_688_cov_26.769100	510	590	24	3	80	0.0375000
NODE_17551_length_688_cov_26.769100	510	590	25	1	80	0.0125000
NODE_17551_length_688_cov_26.769100	510	590	27	8	80	0.1000000
NODE_17551_length_688_cov_26.769100	510	590	28	6	80	0.0750000
NODE_17552_length_688_cov_22.517827	332	412	0	24	80	0.3000000
NODE_17552_length_688_cov_22.517827	332	412	2	33	80	0.4125000
NODE_17552_length_688_cov_22.517827	332	412	8	1	80	0.0125000
NODE_17552_length_688_cov_22.517827	332	412	12	17	80	0.2125000
NODE_17552_length_688_cov_22.517827	332	412	14	5	80	0.0625000
NODE_17552_length_688_cov_22.517827	385	465	2	4	80	0.0500000
NODE_17552_length_688_cov_22.517827	385	465	8	1	80	0.0125000
NODE_17552_length_688_cov_22.517827	385	465	12	17	80	0.2125000
NODE_17552_length_688_cov_22.517827	385	465	14	58	80	0.7250000
NODE_17553_length_688_cov_16.796265	225	305	0	80	80	1.0000000
NODE_17553_length_688_cov_16.796265	278	358	0	80	80	1.0000000
NODE_17555_length_688_cov_13.758913	378	458	0	80	80	1.0000000
NODE_17555_length_688_cov_13.758913	431	511	0	80	80	1.0000000
NODE_17556_length_688_cov_12.511036	330	410	0	80	80	1.0000000
NODE_17556_length_688_cov_12.511036	383	463	0	80	80	1.0000000
NODE_17561_length_688_cov_5.446520	366	414	4	8	48	0.1666667
NODE_17561_length_688_cov_5.446520	366	414	6	40	48	0.8333333
NODE_17567_length_688_cov_3.692699	265	345	0	60	80	0.7500000
NODE_17567_length_688_cov_3.692699	265	345	2	20	80	0.2500000
NODE_17567_length_688_cov_3.692699	322	380	0	24	58	0.4137931
NODE_17567_length_688_cov_3.692699	322	380	2	34	58	0.5862069
NODE_17621_length_687_cov_50.214286	430	510	0	49	80	0.6125000
NODE_17621_length_687_cov_50.214286	430	510	1	19	80	0.2375000
NODE_17621_length_687_cov_50.214286	430	510	2	12	80	0.1500000
NODE_17621_length_687_cov_50.214286	483	563	0	80	80	1.0000000
NODE_17622_length_687_cov_32.564626	204	284	0	19	80	0.2375000
NODE_17622_length_687_cov_32.564626	204	284	2	61	80	0.7625000
NODE_17622_length_687_cov_32.564626	257	337	0	72	80	0.9000000
NODE_17622_length_687_cov_32.564626	257	337	2	8	80	0.1000000
NODE_17623_length_687_cov_22.365646	231	311	0	40	80	0.5000000
NODE_17623_length_687_cov_22.365646	231	311	2	40	80	0.5000000
NODE_17623_length_687_cov_22.365646	284	364	0	24	80	0.3000000
NODE_17623_length_687_cov_22.365646	284	364	2	56	80	0.7000000
NODE_17626_length_687_cov_11.943878	233	313	0	80	80	1.0000000
NODE_17626_length_687_cov_11.943878	286	366	0	80	80	1.0000000
NODE_17627_length_687_cov_7.865646	311	391	0	71	80	0.8875000
NODE_17627_length_687_cov_7.865646	311	391	2	9	80	0.1125000
NODE_17627_length_687_cov_7.865646	364	444	0	80	80	1.0000000
NODE_17628_length_687_cov_7.353741	286	366	0	80	80	1.0000000
NODE_17628_length_687_cov_7.353741	339	419	0	80	80	1.0000000
NODE_17631_length_687_cov_5.903061	369	449	0	80	80	1.0000000
NODE_17631_length_687_cov_5.903061	422	502	0	80	80	1.0000000
NODE_17695_length_686_cov_34.642249	355	440	0	28	85	0.3294118
NODE_17695_length_686_cov_34.642249	355	440	4	27	85	0.3176471
NODE_17695_length_686_cov_34.642249	355	440	6	12	85	0.1411765
NODE_17695_length_686_cov_34.642249	355	440	8	18	85	0.2117647
NODE_17695_length_686_cov_34.642249	413	493	2	13	80	0.1625000
NODE_17695_length_686_cov_34.642249	413	493	6	28	80	0.3500000
NODE_17695_length_686_cov_34.642249	413	493	8	39	80	0.4875000
NODE_17697_length_686_cov_26.357751	413	493	0	80	80	1.0000000
NODE_17697_length_686_cov_26.357751	466	546	0	80	80	1.0000000
NODE_17698_length_686_cov_16.715503	400	480	0	7	80	0.0875000
NODE_17698_length_686_cov_16.715503	400	480	2	22	80	0.2750000
NODE_17698_length_686_cov_16.715503	400	480	8	51	80	0.6375000
NODE_17698_length_686_cov_16.715503	453	533	0	7	80	0.0875000
NODE_17698_length_686_cov_16.715503	453	533	2	21	80	0.2625000
NODE_17698_length_686_cov_16.715503	453	533	8	52	80	0.6500000
NODE_17757_length_685_cov_8.769625	178	258	0	33	80	0.4125000
NODE_17757_length_685_cov_8.769625	178	258	2	5	80	0.0625000
NODE_17757_length_685_cov_8.769625	178	258	4	42	80	0.5250000
NODE_17757_length_685_cov_8.769625	222	250	0	25	28	0.8928571
NODE_17757_length_685_cov_8.769625	222	250	2	3	28	0.1071429
NODE_17757_length_685_cov_8.769625	231	311	0	80	80	1.0000000
NODE_17764_length_685_cov_4.447099	249	329	0	12	80	0.1500000
NODE_17764_length_685_cov_4.447099	249	329	2	68	80	0.8500000
NODE_17764_length_685_cov_4.447099	302	382	2	30	80	0.3750000
NODE_17764_length_685_cov_4.447099	302	382	6	36	80	0.4500000
NODE_17764_length_685_cov_4.447099	302	382	8	14	80	0.1750000
NODE_17768_length_685_cov_3.556314	338	418	0	62	80	0.7750000
NODE_17768_length_685_cov_3.556314	338	418	4	18	80	0.2250000
NODE_17768_length_685_cov_3.556314	391	471	0	9	80	0.1125000
NODE_17768_length_685_cov_3.556314	391	471	4	29	80	0.3625000
NODE_17768_length_685_cov_3.556314	391	471	6	38	80	0.4750000
NODE_17768_length_685_cov_3.556314	391	471	8	4	80	0.0500000
NODE_17821_length_684_cov_7.521368	189	269	0	80	80	1.0000000
NODE_17821_length_684_cov_7.521368	242	322	0	80	80	1.0000000
NODE_17832_length_684_cov_3.639316	306	386	0	80	80	1.0000000
NODE_17832_length_684_cov_3.639316	359	439	0	80	80	1.0000000
NODE_17866_length_683_cov_27.493151	346	426	4	28	80	0.3500000
NODE_17866_length_683_cov_27.493151	346	426	6	52	80	0.6500000
NODE_17866_length_683_cov_27.493151	399	479	0	3	80	0.0375000
NODE_17866_length_683_cov_27.493151	399	479	2	48	80	0.6000000
NODE_17866_length_683_cov_27.493151	399	479	6	29	80	0.3625000
NODE_17867_length_683_cov_12.880137	242	321	3	44	79	0.5569620
NODE_17867_length_683_cov_12.880137	242	321	4	30	79	0.3797468
NODE_17867_length_683_cov_12.880137	242	321	5	5	79	0.0632911
NODE_17868_length_683_cov_11.772260	218	274	0	40	56	0.7142857
NODE_17868_length_683_cov_11.772260	218	274	2	16	56	0.2857143
NODE_17868_length_683_cov_11.772260	247	333	0	11	86	0.1279070
NODE_17868_length_683_cov_11.772260	247	333	2	75	86	0.8720930
NODE_17869_length_683_cov_9.936644	435	515	0	80	80	1.0000000
NODE_17869_length_683_cov_9.936644	488	568	0	80	80	1.0000000
NODE_17871_length_683_cov_9.017123	296	364	0	12	68	0.1764706
NODE_17871_length_683_cov_9.017123	296	364	2	56	68	0.8235294
NODE_17871_length_683_cov_9.017123	337	417	0	65	80	0.8125000
NODE_17871_length_683_cov_9.017123	337	417	2	15	80	0.1875000
NODE_17873_length_683_cov_6.797945	359	415	2	2	56	0.0357143
NODE_17873_length_683_cov_6.797945	359	415	4	11	56	0.1964286
NODE_17873_length_683_cov_6.797945	359	415	5	15	56	0.2678571
NODE_17873_length_683_cov_6.797945	359	415	6	28	56	0.5000000
NODE_17884_length_683_cov_3.176370	113	186	0	73	73	1.0000000
NODE_17947_length_682_cov_33.516295	423	503	0	80	80	1.0000000
NODE_17947_length_682_cov_33.516295	476	556	0	80	80	1.0000000
NODE_17948_length_682_cov_27.022298	479	559	0	63	80	0.7875000
NODE_17948_length_682_cov_27.022298	479	559	6	1	80	0.0125000
NODE_17948_length_682_cov_27.022298	479	559	14	4	80	0.0500000
NODE_17948_length_682_cov_27.022298	479	559	16	2	80	0.0250000
NODE_17948_length_682_cov_27.022298	479	559	20	6	80	0.0750000
NODE_17948_length_682_cov_27.022298	479	559	22	4	80	0.0500000
NODE_17948_length_682_cov_27.022298	532	612	0	10	80	0.1250000
NODE_17948_length_682_cov_27.022298	532	612	6	1	80	0.0125000
NODE_17948_length_682_cov_27.022298	532	612	14	4	80	0.0500000
NODE_17948_length_682_cov_27.022298	532	612	16	2	80	0.0250000
NODE_17948_length_682_cov_27.022298	532	612	20	6	80	0.0750000
NODE_17948_length_682_cov_27.022298	532	612	22	4	80	0.0500000
NODE_17948_length_682_cov_27.022298	532	612	24	13	80	0.1625000
NODE_17948_length_682_cov_27.022298	532	612	26	1	80	0.0125000
NODE_17948_length_682_cov_27.022298	532	612	30	39	80	0.4875000
NODE_17949_length_682_cov_19.612350	434	514	0	4	80	0.0500000
NODE_17949_length_682_cov_19.612350	434	514	2	31	80	0.3875000
NODE_17949_length_682_cov_19.612350	434	514	4	45	80	0.5625000
NODE_17949_length_682_cov_19.612350	487	567	0	57	80	0.7125000
NODE_17949_length_682_cov_19.612350	487	567	2	9	80	0.1125000
NODE_17949_length_682_cov_19.612350	487	567	4	14	80	0.1750000
NODE_17950_length_682_cov_16.620926	261	341	0	80	80	1.0000000
NODE_17950_length_682_cov_16.620926	314	394	0	80	80	1.0000000
NODE_17951_length_682_cov_13.735849	251	331	0	80	80	1.0000000
NODE_17951_length_682_cov_13.735849	304	384	0	80	80	1.0000000
NODE_17952_length_682_cov_12.835334	228	308	0	80	80	1.0000000
NODE_17952_length_682_cov_12.835334	281	361	0	64	80	0.8000000
NODE_17952_length_682_cov_12.835334	281	361	2	16	80	0.2000000
NODE_17956_length_682_cov_7.504288	224	304	0	80	80	1.0000000
NODE_17956_length_682_cov_7.504288	277	357	0	80	80	1.0000000
NODE_17960_length_682_cov_5.102916	314	351	0	37	37	1.0000000
NODE_17963_length_682_cov_4.579760	152	232	0	12	80	0.1500000
NODE_17963_length_682_cov_4.579760	152	232	2	68	80	0.8500000
NODE_17963_length_682_cov_4.579760	205	285	0	65	80	0.8125000
NODE_17963_length_682_cov_4.579760	205	285	2	15	80	0.1875000
NODE_17967_length_682_cov_4.006861	317	397	0	80	80	1.0000000
NODE_17967_length_682_cov_4.006861	370	450	0	80	80	1.0000000
NODE_17968_length_682_cov_3.859348	160	240	0	80	80	1.0000000
NODE_17968_length_682_cov_3.859348	213	293	0	36	80	0.4500000
NODE_17968_length_682_cov_3.859348	213	293	2	44	80	0.5500000
NODE_18010_length_681_cov_51.810997	181	261	0	80	80	1.0000000
NODE_18010_length_681_cov_51.810997	234	316	0	82	82	1.0000000
NODE_18011_length_681_cov_32.128866	347	427	4	80	80	1.0000000
NODE_18011_length_681_cov_32.128866	400	475	0	29	75	0.3866667
NODE_18011_length_681_cov_32.128866	400	475	4	46	75	0.6133333
NODE_18012_length_681_cov_19.079038	282	362	0	80	80	1.0000000
NODE_18012_length_681_cov_19.079038	335	415	0	80	80	1.0000000
NODE_18013_length_681_cov_17.053265	294	374	3	15	80	0.1875000
NODE_18013_length_681_cov_17.053265	294	374	5	54	80	0.6750000
NODE_18013_length_681_cov_17.053265	294	374	6	11	80	0.1375000
NODE_18013_length_681_cov_17.053265	347	427	0	14	80	0.1750000
NODE_18013_length_681_cov_17.053265	347	427	3	54	80	0.6750000
NODE_18013_length_681_cov_17.053265	347	427	5	3	80	0.0375000
NODE_18013_length_681_cov_17.053265	347	427	6	9	80	0.1125000
NODE_18014_length_681_cov_11.183849	306	386	0	80	80	1.0000000
NODE_18014_length_681_cov_11.183849	359	439	0	80	80	1.0000000
NODE_18015_length_681_cov_8.065292	236	316	0	80	80	1.0000000
NODE_18015_length_681_cov_8.065292	289	369	0	80	80	1.0000000
NODE_18017_length_681_cov_6.888316	344	424	0	80	80	1.0000000
NODE_18017_length_681_cov_6.888316	397	477	0	80	80	1.0000000
NODE_18080_length_680_cov_35.695353	348	428	0	80	80	1.0000000
NODE_18080_length_680_cov_35.695353	401	481	0	80	80	1.0000000
NODE_18081_length_680_cov_17.500861	296	376	0	80	80	1.0000000
NODE_18081_length_680_cov_17.500861	349	429	0	80	80	1.0000000
NODE_18082_length_680_cov_16.685026	260	340	1	15	80	0.1875000
NODE_18082_length_680_cov_16.685026	260	340	2	5	80	0.0625000
NODE_18082_length_680_cov_16.685026	260	340	3	16	80	0.2000000
NODE_18082_length_680_cov_16.685026	260	340	4	3	80	0.0375000
NODE_18082_length_680_cov_16.685026	260	340	5	24	80	0.3000000
NODE_18082_length_680_cov_16.685026	260	340	7	17	80	0.2125000
NODE_18082_length_680_cov_16.685026	313	393	3	2	80	0.0250000
NODE_18082_length_680_cov_16.685026	313	393	5	37	80	0.4625000
NODE_18082_length_680_cov_16.685026	313	393	7	41	80	0.5125000
NODE_18083_length_680_cov_15.345955	332	412	0	80	80	1.0000000
NODE_18083_length_680_cov_15.345955	385	465	0	80	80	1.0000000
NODE_18089_length_680_cov_3.858864	458	538	0	3	80	0.0375000
NODE_18089_length_680_cov_3.858864	458	538	2	77	80	0.9625000
NODE_18107_length_680_cov_1.879518	236	256	0	20	20	1.0000000
NODE_18146_length_679_cov_52.046552	367	447	0	80	80	1.0000000
NODE_18146_length_679_cov_52.046552	420	500	0	80	80	1.0000000
NODE_18147_length_679_cov_40.353448	179	259	0	66	80	0.8250000
NODE_18147_length_679_cov_40.353448	179	259	2	12	80	0.1500000
NODE_18147_length_679_cov_40.353448	179	259	4	2	80	0.0250000
NODE_18147_length_679_cov_40.353448	232	312	0	13	80	0.1625000
NODE_18147_length_679_cov_40.353448	232	312	2	12	80	0.1500000
NODE_18147_length_679_cov_40.353448	232	312	4	55	80	0.6875000
NODE_18148_length_679_cov_38.144828	364	428	0	7	64	0.1093750
NODE_18148_length_679_cov_38.144828	364	428	2	9	64	0.1406250
NODE_18148_length_679_cov_38.144828	364	428	4	48	64	0.7500000
NODE_18148_length_679_cov_38.144828	401	481	0	60	80	0.7500000
NODE_18148_length_679_cov_38.144828	401	481	2	9	80	0.1125000
NODE_18148_length_679_cov_38.144828	401	481	4	11	80	0.1375000
NODE_18149_length_679_cov_17.134483	277	357	0	80	80	1.0000000
NODE_18149_length_679_cov_17.134483	330	410	0	80	80	1.0000000
NODE_18150_length_679_cov_15.046552	310	375	6	65	65	1.0000000
NODE_18151_length_679_cov_12.586207	247	327	1	12	80	0.1500000
NODE_18151_length_679_cov_12.586207	247	327	3	68	80	0.8500000
NODE_18151_length_679_cov_12.586207	303	381	0	10	78	0.1282051
NODE_18151_length_679_cov_12.586207	303	381	1	56	78	0.7179487
NODE_18151_length_679_cov_12.586207	303	381	3	12	78	0.1538462
NODE_18152_length_679_cov_12.282759	337	417	3	30	80	0.3750000
NODE_18152_length_679_cov_12.282759	337	417	7	39	80	0.4875000
NODE_18152_length_679_cov_12.282759	337	417	10	11	80	0.1375000
NODE_18152_length_679_cov_12.282759	390	470	6	30	80	0.3750000
NODE_18152_length_679_cov_12.282759	390	470	7	16	80	0.2000000
NODE_18152_length_679_cov_12.282759	390	470	10	34	80	0.4250000
NODE_18153_length_679_cov_11.532759	205	285	0	59	80	0.7375000
NODE_18153_length_679_cov_11.532759	205	285	2	21	80	0.2625000
NODE_18153_length_679_cov_11.532759	258	338	0	6	80	0.0750000
NODE_18153_length_679_cov_11.532759	258	338	2	74	80	0.9250000
NODE_18155_length_679_cov_8.043103	269	341	0	72	72	1.0000000
NODE_18155_length_679_cov_8.043103	314	394	0	80	80	1.0000000
NODE_18156_length_679_cov_7.267241	191	271	0	80	80	1.0000000
NODE_18156_length_679_cov_7.267241	244	324	0	80	80	1.0000000
NODE_18162_length_679_cov_5.391379	279	331	4	23	52	0.4423077
NODE_18162_length_679_cov_5.391379	279	331	6	18	52	0.3461539
NODE_18162_length_679_cov_5.391379	279	331	8	11	52	0.2115385
NODE_18164_length_679_cov_3.813793	10	69	2	15	59	0.2542373
NODE_18164_length_679_cov_3.813793	10	69	6	44	59	0.7457627
NODE_18164_length_679_cov_3.813793	48	122	2	4	74	0.0540541
NODE_18164_length_679_cov_3.813793	48	122	6	70	74	0.9459459
NODE_18217_length_678_cov_38.910190	252	332	2	80	80	1.0000000
NODE_18217_length_678_cov_38.910190	305	385	0	52	80	0.6500000
NODE_18217_length_678_cov_38.910190	305	385	2	28	80	0.3500000
NODE_18217_length_678_cov_38.910190	381	461	0	80	80	1.0000000
NODE_18217_length_678_cov_38.910190	434	514	0	80	80	1.0000000
NODE_18218_length_678_cov_20.663212	243	323	0	62	80	0.7750000
NODE_18218_length_678_cov_20.663212	243	323	4	18	80	0.2250000
NODE_18218_length_678_cov_20.663212	296	376	0	80	80	1.0000000
NODE_18219_length_678_cov_12.081174	243	323	0	80	80	1.0000000
NODE_18219_length_678_cov_12.081174	296	376	0	80	80	1.0000000
NODE_18224_length_678_cov_6.559585	195	264	0	69	69	1.0000000
NODE_18224_length_678_cov_6.559585	237	317	0	80	80	1.0000000
NODE_18228_length_678_cov_4.462867	133	213	2	69	80	0.8625000
NODE_18228_length_678_cov_4.462867	133	213	4	11	80	0.1375000
NODE_18228_length_678_cov_4.462867	186	266	0	4	80	0.0500000
NODE_18228_length_678_cov_4.462867	186	266	2	36	80	0.4500000
NODE_18228_length_678_cov_4.462867	186	266	4	40	80	0.5000000
NODE_18239_length_678_cov_2.716753	351	431	0	23	80	0.2875000
NODE_18239_length_678_cov_2.716753	351	431	2	57	80	0.7125000
NODE_18239_length_678_cov_2.716753	404	484	0	12	80	0.1500000
NODE_18239_length_678_cov_2.716753	404	484	2	68	80	0.8500000
NODE_18289_length_677_cov_22.235294	274	354	2	80	80	1.0000000
NODE_18289_length_677_cov_22.235294	327	407	0	12	80	0.1500000
NODE_18289_length_677_cov_22.235294	327	407	2	68	80	0.8500000
NODE_18290_length_677_cov_16.410035	124	206	0	82	82	1.0000000
NODE_18290_length_677_cov_16.410035	177	261	0	84	84	1.0000000
NODE_18291_length_677_cov_11.031142	393	473	0	80	80	1.0000000
NODE_18291_length_677_cov_11.031142	446	526	0	80	80	1.0000000
NODE_18292_length_677_cov_10.129758	258	338	0	80	80	1.0000000
NODE_18292_length_677_cov_10.129758	311	391	0	80	80	1.0000000
NODE_18295_length_677_cov_6.660900	217	297	39	5	80	0.0625000
NODE_18295_length_677_cov_6.660900	217	297	41	1	80	0.0125000
NODE_18295_length_677_cov_6.660900	217	297	43	2	80	0.0250000
NODE_18295_length_677_cov_6.660900	217	297	47	9	80	0.1125000
NODE_18295_length_677_cov_6.660900	217	297	51	1	80	0.0125000
NODE_18295_length_677_cov_6.660900	217	297	53	1	80	0.0125000
NODE_18295_length_677_cov_6.660900	217	297	55	3	80	0.0375000
NODE_18295_length_677_cov_6.660900	217	297	57	2	80	0.0250000
NODE_18295_length_677_cov_6.660900	217	297	65	3	80	0.0375000
NODE_18295_length_677_cov_6.660900	217	297	66	9	80	0.1125000
NODE_18295_length_677_cov_6.660900	217	297	68	12	80	0.1500000
NODE_18295_length_677_cov_6.660900	217	297	72	2	80	0.0250000
NODE_18295_length_677_cov_6.660900	217	297	73	1	80	0.0125000
NODE_18295_length_677_cov_6.660900	217	297	74	11	80	0.1375000
NODE_18295_length_677_cov_6.660900	217	297	75	1	80	0.0125000
NODE_18295_length_677_cov_6.660900	217	297	76	17	80	0.2125000
NODE_18297_length_677_cov_5.228374	366	446	0	80	80	1.0000000
NODE_18312_length_677_cov_2.306228	230	278	0	48	48	1.0000000
NODE_18329_length_677_cov_1.709343	369	449	0	20	80	0.2500000
NODE_18329_length_677_cov_1.709343	369	449	2	27	80	0.3375000
NODE_18329_length_677_cov_1.709343	369	449	4	10	80	0.1250000
NODE_18329_length_677_cov_1.709343	369	449	8	11	80	0.1375000
NODE_18329_length_677_cov_1.709343	369	449	10	12	80	0.1500000
NODE_18329_length_677_cov_1.709343	422	502	4	4	80	0.0500000
NODE_18329_length_677_cov_1.709343	422	502	8	11	80	0.1375000
NODE_18329_length_677_cov_1.709343	422	502	10	47	80	0.5875000
NODE_18329_length_677_cov_1.709343	422	502	12	18	80	0.2250000
NODE_18368_length_676_cov_66.473137	286	366	0	80	80	1.0000000
NODE_18368_length_676_cov_66.473137	339	419	0	43	80	0.5375000
NODE_18368_length_676_cov_66.473137	339	419	3	4	80	0.0500000
NODE_18368_length_676_cov_66.473137	339	419	7	1	80	0.0125000
NODE_18368_length_676_cov_66.473137	339	419	8	1	80	0.0125000
NODE_18368_length_676_cov_66.473137	339	419	12	3	80	0.0375000
NODE_18368_length_676_cov_66.473137	339	419	14	1	80	0.0125000
NODE_18368_length_676_cov_66.473137	339	419	20	3	80	0.0375000
NODE_18368_length_676_cov_66.473137	339	419	21	2	80	0.0250000
NODE_18368_length_676_cov_66.473137	339	419	25	22	80	0.2750000
NODE_18368_length_676_cov_66.473137	383	419	3	3	36	0.0833333
NODE_18368_length_676_cov_66.473137	383	419	7	1	36	0.0277778
NODE_18368_length_676_cov_66.473137	383	419	8	1	36	0.0277778
NODE_18368_length_676_cov_66.473137	383	419	12	3	36	0.0833333
NODE_18368_length_676_cov_66.473137	383	419	14	1	36	0.0277778
NODE_18368_length_676_cov_66.473137	383	419	20	3	36	0.0833333
NODE_18368_length_676_cov_66.473137	383	419	21	2	36	0.0555556
NODE_18368_length_676_cov_66.473137	383	419	25	22	36	0.6111111
NODE_18368_length_676_cov_66.473137	383	419	3	3	36	0.0833333
NODE_18368_length_676_cov_66.473137	383	419	7	1	36	0.0277778
NODE_18368_length_676_cov_66.473137	383	419	8	1	36	0.0277778
NODE_18368_length_676_cov_66.473137	383	419	12	3	36	0.0833333
NODE_18368_length_676_cov_66.473137	383	419	14	1	36	0.0277778
NODE_18368_length_676_cov_66.473137	383	419	20	3	36	0.0833333
NODE_18368_length_676_cov_66.473137	383	419	21	2	36	0.0555556
NODE_18368_length_676_cov_66.473137	383	419	25	22	36	0.6111111
NODE_18368_length_676_cov_66.473137	398	419	25	21	21	1.0000000
NODE_18369_length_676_cov_14.429809	259	330	19	6	71	0.0845070
NODE_18369_length_676_cov_14.429809	259	330	21	38	71	0.5352113
NODE_18369_length_676_cov_14.429809	259	330	22	27	71	0.3802817
NODE_18370_length_676_cov_13.882149	292	372	0	18	80	0.2250000
NODE_18370_length_676_cov_13.882149	292	372	2	62	80	0.7750000
NODE_18370_length_676_cov_13.882149	345	425	0	59	80	0.7375000
NODE_18370_length_676_cov_13.882149	345	425	2	21	80	0.2625000
NODE_18374_length_676_cov_7.225303	363	443	0	80	80	1.0000000
NODE_18374_length_676_cov_7.225303	416	496	0	80	80	1.0000000
NODE_18375_length_676_cov_6.740035	373	433	0	11	60	0.1833333
NODE_18375_length_676_cov_6.740035	373	433	2	49	60	0.8166667
NODE_18375_length_676_cov_6.740035	406	486	2	80	80	1.0000000
NODE_18378_length_676_cov_4.658579	167	240	1	58	73	0.7945206
NODE_18378_length_676_cov_4.658579	167	240	2	15	73	0.2054795
NODE_18397_length_676_cov_2.292894	146	226	2	43	80	0.5375000
NODE_18397_length_676_cov_2.292894	146	226	3	2	80	0.0250000
NODE_18397_length_676_cov_2.292894	146	226	4	19	80	0.2375000
NODE_18397_length_676_cov_2.292894	146	226	6	16	80	0.2000000
NODE_18401_length_676_cov_2.157712	175	226	4	16	51	0.3137255
NODE_18401_length_676_cov_2.157712	175	226	6	1	51	0.0196078
NODE_18401_length_676_cov_2.157712	175	226	8	34	51	0.6666667
NODE_18417_length_676_cov_1.547660	133	164	0	31	31	1.0000000
NODE_18447_length_675_cov_27.574653	190	270	0	14	80	0.1750000
NODE_18447_length_675_cov_27.574653	190	270	2	43	80	0.5375000
NODE_18447_length_675_cov_27.574653	190	270	4	23	80	0.2875000
NODE_18447_length_675_cov_27.574653	243	323	0	5	80	0.0625000
NODE_18447_length_675_cov_27.574653	243	323	4	75	80	0.9375000
NODE_18448_length_675_cov_11.895833	336	416	0	80	80	1.0000000
NODE_18448_length_675_cov_11.895833	389	469	0	80	80	1.0000000
NODE_18449_length_675_cov_8.157986	414	494	0	80	80	1.0000000
NODE_18449_length_675_cov_8.157986	467	547	0	80	80	1.0000000
NODE_18450_length_675_cov_8.026042	320	400	0	14	80	0.1750000
NODE_18450_length_675_cov_8.026042	320	400	2	66	80	0.8250000
NODE_18450_length_675_cov_8.026042	373	453	0	45	80	0.5625000
NODE_18450_length_675_cov_8.026042	373	453	2	35	80	0.4375000
NODE_18451_length_675_cov_7.277778	317	397	0	80	80	1.0000000
NODE_18455_length_675_cov_5.666667	142	222	0	80	80	1.0000000
NODE_18455_length_675_cov_5.666667	195	275	0	80	80	1.0000000
NODE_18464_length_675_cov_2.751736	67	122	2	13	55	0.2363636
NODE_18464_length_675_cov_2.751736	67	122	4	42	55	0.7636364
NODE_18467_length_675_cov_2.623264	251	289	0	38	38	1.0000000
NODE_18467_length_675_cov_2.623264	279	343	0	42	64	0.6562500
NODE_18467_length_675_cov_2.623264	279	343	1	22	64	0.3437500
NODE_18467_length_675_cov_2.623264	432	494	0	62	62	1.0000000
NODE_18515_length_674_cov_38.401739	225	305	0	80	80	1.0000000
NODE_18515_length_674_cov_38.401739	278	358	0	80	80	1.0000000
NODE_18516_length_674_cov_30.215652	519	599	16	6	80	0.0750000
NODE_18516_length_674_cov_30.215652	519	599	18	10	80	0.1250000
NODE_18516_length_674_cov_30.215652	519	599	20	3	80	0.0375000
NODE_18516_length_674_cov_30.215652	519	599	24	7	80	0.0875000
NODE_18516_length_674_cov_30.215652	519	599	26	13	80	0.1625000
NODE_18516_length_674_cov_30.215652	519	599	28	41	80	0.5125000
NODE_18516_length_674_cov_30.215652	572	602	16	9	30	0.3000000
NODE_18516_length_674_cov_30.215652	572	602	18	10	30	0.3333333
NODE_18516_length_674_cov_30.215652	572	602	20	3	30	0.1000000
NODE_18516_length_674_cov_30.215652	572	602	24	7	30	0.2333333
NODE_18516_length_674_cov_30.215652	572	602	26	1	30	0.0333333
NODE_18517_length_674_cov_19.636522	283	363	0	20	80	0.2500000
NODE_18517_length_674_cov_19.636522	283	363	2	60	80	0.7500000
NODE_18517_length_674_cov_19.636522	336	416	2	48	80	0.6000000
NODE_18517_length_674_cov_19.636522	336	416	4	32	80	0.4000000
NODE_18518_length_674_cov_19.436522	81	161	0	22	80	0.2750000
NODE_18518_length_674_cov_19.436522	81	161	2	58	80	0.7250000
NODE_18518_length_674_cov_19.436522	134	214	0	20	80	0.2500000
NODE_18518_length_674_cov_19.436522	134	214	2	60	80	0.7500000
NODE_18519_length_674_cov_16.819130	185	265	0	38	80	0.4750000
NODE_18519_length_674_cov_16.819130	185	265	2	42	80	0.5250000
NODE_18519_length_674_cov_16.819130	238	318	0	80	80	1.0000000
NODE_18520_length_674_cov_14.733913	169	249	0	10	80	0.1250000
NODE_18520_length_674_cov_14.733913	169	249	2	48	80	0.6000000
NODE_18520_length_674_cov_14.733913	169	249	6	22	80	0.2750000
NODE_18520_length_674_cov_14.733913	222	302	2	5	80	0.0625000
NODE_18520_length_674_cov_14.733913	222	302	6	75	80	0.9375000
NODE_18524_length_674_cov_7.086957	357	437	0	80	80	1.0000000
NODE_18524_length_674_cov_7.086957	410	490	0	80	80	1.0000000
NODE_18528_length_674_cov_4.808696	262	342	2	6	80	0.0750000
NODE_18528_length_674_cov_4.808696	262	342	4	54	80	0.6750000
NODE_18528_length_674_cov_4.808696	262	342	5	4	80	0.0500000
NODE_18528_length_674_cov_4.808696	262	342	6	16	80	0.2000000
NODE_18528_length_674_cov_4.808696	315	395	0	11	80	0.1375000
NODE_18528_length_674_cov_4.808696	315	395	2	14	80	0.1750000
NODE_18528_length_674_cov_4.808696	315	395	4	55	80	0.6875000
NODE_18592_length_673_cov_47.109756	405	485	0	10	80	0.1250000
NODE_18592_length_673_cov_47.109756	405	485	2	5	80	0.0625000
NODE_18592_length_673_cov_47.109756	405	485	4	20	80	0.2500000
NODE_18592_length_673_cov_47.109756	405	485	8	45	80	0.5625000
NODE_18592_length_673_cov_47.109756	458	538	0	10	80	0.1250000
NODE_18592_length_673_cov_47.109756	458	538	2	58	80	0.7250000
NODE_18592_length_673_cov_47.109756	458	538	4	12	80	0.1500000
NODE_18593_length_673_cov_20.548780	214	294	2	25	80	0.3125000
NODE_18593_length_673_cov_20.548780	214	294	4	55	80	0.6875000
NODE_18593_length_673_cov_20.548780	267	347	0	48	80	0.6000000
NODE_18593_length_673_cov_20.548780	267	347	2	30	80	0.3750000
NODE_18593_length_673_cov_20.548780	267	347	4	2	80	0.0250000
NODE_18596_length_673_cov_8.306620	337	426	2	7	89	0.0786517
NODE_18596_length_673_cov_8.306620	337	426	7	4	89	0.0449438
NODE_18596_length_673_cov_8.306620	337	426	8	78	89	0.8764045
NODE_18607_length_673_cov_3.041812	196	276	0	80	80	1.0000000
NODE_18607_length_673_cov_3.041812	249	329	0	80	80	1.0000000
NODE_18660_length_672_cov_15.380454	282	362	0	80	80	1.0000000
NODE_18660_length_672_cov_15.380454	335	415	0	80	80	1.0000000
NODE_18661_length_672_cov_9.902269	328	408	0	80	80	1.0000000
NODE_18661_length_672_cov_9.902269	381	461	0	80	80	1.0000000
NODE_18662_length_672_cov_9.462478	309	389	0	80	80	1.0000000
NODE_18662_length_672_cov_9.462478	362	442	0	80	80	1.0000000
NODE_18666_length_672_cov_6.516579	354	434	0	79	80	0.9875000
NODE_18666_length_672_cov_6.516579	354	434	2	1	80	0.0125000
NODE_18666_length_672_cov_6.516579	407	487	0	26	80	0.3250000
NODE_18666_length_672_cov_6.516579	407	487	2	54	80	0.6750000
NODE_18668_length_672_cov_6.108202	135	215	0	80	80	1.0000000
NODE_18668_length_672_cov_6.108202	188	268	0	80	80	1.0000000
NODE_18670_length_672_cov_4.949389	115	152	0	37	37	1.0000000
NODE_18670_length_672_cov_4.949389	125	205	0	80	80	1.0000000
NODE_18670_length_672_cov_4.949389	278	326	0	48	48	1.0000000
NODE_18672_length_672_cov_4.753927	378	450	0	72	72	1.0000000
NODE_18704_length_672_cov_1.713787	340	401	0	61	61	1.0000000
NODE_18742_length_671_cov_28.874126	306	387	0	7	81	0.0864198
NODE_18742_length_671_cov_28.874126	306	387	2	16	81	0.1975309
NODE_18742_length_671_cov_28.874126	306	387	4	58	81	0.7160494
NODE_18742_length_671_cov_28.874126	360	440	2	34	80	0.4250000
NODE_18742_length_671_cov_28.874126	360	440	4	30	80	0.3750000
NODE_18742_length_671_cov_28.874126	360	440	6	16	80	0.2000000
NODE_18744_length_671_cov_18.526224	294	333	1	37	39	0.9487180
NODE_18744_length_671_cov_18.526224	294	333	4	2	39	0.0512821
NODE_18744_length_671_cov_18.526224	331	404	4	73	73	1.0000000
NODE_18744_length_671_cov_18.526224	331	351	4	20	20	1.0000000
NODE_18745_length_671_cov_16.094406	417	497	0	80	80	1.0000000
NODE_18745_length_671_cov_16.094406	470	550	0	80	80	1.0000000
NODE_18746_length_671_cov_11.756993	337	417	4	49	80	0.6125000
NODE_18746_length_671_cov_11.756993	337	417	5	1	80	0.0125000
NODE_18746_length_671_cov_11.756993	337	417	6	30	80	0.3750000
NODE_18746_length_671_cov_11.756993	390	470	0	19	80	0.2375000
NODE_18746_length_671_cov_11.756993	390	470	2	21	80	0.2625000
NODE_18746_length_671_cov_11.756993	390	470	4	25	80	0.3125000
NODE_18746_length_671_cov_11.756993	390	470	6	15	80	0.1875000
NODE_18747_length_671_cov_9.237762	305	382	0	77	77	1.0000000
NODE_18748_length_671_cov_8.491259	298	379	0	81	81	1.0000000
NODE_18748_length_671_cov_8.491259	352	430	0	78	78	1.0000000
NODE_18749_length_671_cov_8.241259	97	128	4	31	31	1.0000000
NODE_18752_length_671_cov_7.201049	368	448	5	25	80	0.3125000
NODE_18752_length_671_cov_7.201049	368	448	10	55	80	0.6875000
NODE_18752_length_671_cov_7.201049	421	501	0	19	80	0.2375000
NODE_18752_length_671_cov_7.201049	421	501	10	61	80	0.7625000
NODE_18753_length_671_cov_5.680070	370	450	2	5	80	0.0625000
NODE_18753_length_671_cov_5.680070	370	450	4	13	80	0.1625000
NODE_18753_length_671_cov_5.680070	370	450	6	62	80	0.7750000
NODE_18753_length_671_cov_5.680070	423	503	4	66	80	0.8250000
NODE_18753_length_671_cov_5.680070	423	503	6	14	80	0.1750000
NODE_18754_length_671_cov_4.769231	362	414	0	22	52	0.4230769
NODE_18754_length_671_cov_4.769231	362	414	4	22	52	0.4230769
NODE_18754_length_671_cov_4.769231	362	414	6	8	52	0.1538462
NODE_18760_length_671_cov_3.804196	360	440	0	26	80	0.3250000
NODE_18760_length_671_cov_3.804196	360	440	2	54	80	0.6750000
NODE_18812_length_670_cov_21.017513	443	523	0	80	80	1.0000000
NODE_18812_length_670_cov_21.017513	496	576	0	80	80	1.0000000
NODE_18813_length_670_cov_20.346760	372	452	0	80	80	1.0000000
NODE_18813_length_670_cov_20.346760	425	505	0	80	80	1.0000000
NODE_18814_length_670_cov_15.728546	157	237	0	29	80	0.3625000
NODE_18814_length_670_cov_15.728546	157	237	4	51	80	0.6375000
NODE_18814_length_670_cov_15.728546	210	290	0	68	80	0.8500000
NODE_18814_length_670_cov_15.728546	210	290	4	12	80	0.1500000
NODE_18814_length_670_cov_15.728546	286	366	4	7	80	0.0875000
NODE_18814_length_670_cov_15.728546	286	366	8	73	80	0.9125000
NODE_18814_length_670_cov_15.728546	339	419	4	21	80	0.2625000
NODE_18814_length_670_cov_15.728546	339	419	7	2	80	0.0250000
NODE_18814_length_670_cov_15.728546	339	419	8	57	80	0.7125000
NODE_18818_length_670_cov_6.499124	390	470	4	45	80	0.5625000
NODE_18818_length_670_cov_6.499124	390	470	6	35	80	0.4375000
NODE_18834_length_670_cov_3.099825	159	217	0	29	58	0.5000000
NODE_18834_length_670_cov_3.099825	159	217	2	29	58	0.5000000
NODE_18838_length_670_cov_2.700525	252	332	0	30	80	0.3750000
NODE_18838_length_670_cov_2.700525	252	332	2	50	80	0.6250000
NODE_18838_length_670_cov_2.700525	305	385	0	80	80	1.0000000
NODE_18883_length_669_cov_13.307018	432	512	0	63	80	0.7875000
NODE_18883_length_669_cov_13.307018	432	512	4	17	80	0.2125000
NODE_18883_length_669_cov_13.307018	485	565	0	10	80	0.1250000
NODE_18883_length_669_cov_13.307018	485	565	4	70	80	0.8750000
NODE_18886_length_669_cov_6.921053	245	325	2	80	80	1.0000000
NODE_18886_length_669_cov_6.921053	298	370	0	9	72	0.1250000
NODE_18886_length_669_cov_6.921053	298	370	1	7	72	0.0972222
NODE_18886_length_669_cov_6.921053	298	370	2	56	72	0.7777778
NODE_18901_length_669_cov_3.633333	277	347	0	70	70	1.0000000
NODE_18909_length_669_cov_2.361404	434	490	0	56	56	1.0000000
NODE_18958_length_668_cov_23.131810	275	355	2	12	80	0.1500000
NODE_18958_length_668_cov_23.131810	275	355	4	68	80	0.8500000
NODE_18958_length_668_cov_23.131810	328	408	2	44	80	0.5500000
NODE_18958_length_668_cov_23.131810	328	408	4	36	80	0.4500000
NODE_18959_length_668_cov_14.978910	324	404	0	80	80	1.0000000
NODE_18959_length_668_cov_14.978910	377	457	0	80	80	1.0000000
NODE_18962_length_668_cov_11.184534	187	267	2	63	80	0.7875000
NODE_18962_length_668_cov_11.184534	187	267	4	17	80	0.2125000
NODE_18962_length_668_cov_11.184534	240	320	0	25	80	0.3125000
NODE_18962_length_668_cov_11.184534	240	320	2	55	80	0.6875000
NODE_18963_length_668_cov_10.548330	211	291	0	80	80	1.0000000
NODE_18963_length_668_cov_10.548330	264	344	0	33	80	0.4125000
NODE_18963_length_668_cov_10.548330	264	344	2	47	80	0.5875000
NODE_18964_length_668_cov_10.370826	226	308	0	82	82	1.0000000
NODE_18964_length_668_cov_10.370826	279	361	0	82	82	1.0000000
NODE_18965_length_668_cov_10.223199	238	318	0	80	80	1.0000000
NODE_18965_length_668_cov_10.223199	291	371	0	80	80	1.0000000
NODE_18967_length_668_cov_9.340949	310	390	0	55	80	0.6875000
NODE_18967_length_668_cov_9.340949	310	390	2	25	80	0.3125000
NODE_18967_length_668_cov_9.340949	363	443	0	45	80	0.5625000
NODE_18967_length_668_cov_9.340949	363	443	2	35	80	0.4375000
NODE_18975_length_668_cov_4.077329	304	384	2	56	80	0.7000000
NODE_18975_length_668_cov_4.077329	304	384	3	21	80	0.2625000
NODE_18975_length_668_cov_4.077329	304	384	4	3	80	0.0375000
NODE_18975_length_668_cov_4.077329	338	367	2	29	29	1.0000000
NODE_18975_length_668_cov_4.077329	358	427	0	8	69	0.1159420
NODE_18975_length_668_cov_4.077329	358	427	2	61	69	0.8840580
NODE_19032_length_667_cov_33.848592	168	248	0	30	80	0.3750000
NODE_19032_length_667_cov_33.848592	168	248	2	50	80	0.6250000
NODE_19032_length_667_cov_33.848592	221	301	0	80	80	1.0000000
NODE_19033_length_667_cov_21.218310	270	350	0	80	80	1.0000000
NODE_19033_length_667_cov_21.218310	323	403	0	80	80	1.0000000
NODE_19034_length_667_cov_19.204225	258	338	2	54	80	0.6750000
NODE_19034_length_667_cov_19.204225	258	338	4	26	80	0.3250000
NODE_19034_length_667_cov_19.204225	311	391	2	66	80	0.8250000
NODE_19034_length_667_cov_19.204225	311	391	4	14	80	0.1750000
NODE_19036_length_667_cov_8.264085	299	379	0	80	80	1.0000000
NODE_19036_length_667_cov_8.264085	352	432	0	80	80	1.0000000
NODE_19037_length_667_cov_8.248239	76	156	0	80	80	1.0000000
NODE_19037_length_667_cov_8.248239	129	209	0	80	80	1.0000000
NODE_19038_length_667_cov_8.207746	257	323	0	66	66	1.0000000
NODE_19038_length_667_cov_8.207746	296	376	0	80	80	1.0000000
NODE_19039_length_667_cov_7.232394	357	437	0	80	80	1.0000000
NODE_19039_length_667_cov_7.232394	410	490	0	80	80	1.0000000
NODE_19042_length_667_cov_4.941901	199	279	0	80	80	1.0000000
NODE_19042_length_667_cov_4.941901	252	332	0	80	80	1.0000000
NODE_19053_length_667_cov_3.404930	501	536	2	14	35	0.4000000
NODE_19053_length_667_cov_3.404930	501	536	4	21	35	0.6000000
NODE_19053_length_667_cov_3.404930	503	533	2	9	30	0.3000000
NODE_19053_length_667_cov_3.404930	503	533	4	21	30	0.7000000
NODE_19100_length_666_cov_24.811287	179	254	8	5	75	0.0666667
NODE_19100_length_666_cov_24.811287	179	254	10	70	75	0.9333333
NODE_19100_length_666_cov_24.811287	182	254	8	5	72	0.0694444
NODE_19100_length_666_cov_24.811287	182	254	10	67	72	0.9305556
NODE_19100_length_666_cov_24.811287	227	307	1	18	80	0.2250000
NODE_19100_length_666_cov_24.811287	227	307	3	1	80	0.0125000
NODE_19100_length_666_cov_24.811287	227	307	7	2	80	0.0250000
NODE_19100_length_666_cov_24.811287	227	307	8	18	80	0.2250000
NODE_19100_length_666_cov_24.811287	227	307	10	22	80	0.2750000
NODE_19100_length_666_cov_24.811287	227	307	15	5	80	0.0625000
NODE_19100_length_666_cov_24.811287	227	307	19	1	80	0.0125000
NODE_19100_length_666_cov_24.811287	227	307	20	11	80	0.1375000
NODE_19100_length_666_cov_24.811287	227	307	30	2	80	0.0250000
NODE_19100_length_666_cov_24.811287	227	307	1	18	80	0.2250000
NODE_19100_length_666_cov_24.811287	227	307	3	1	80	0.0125000
NODE_19100_length_666_cov_24.811287	227	307	7	2	80	0.0250000
NODE_19100_length_666_cov_24.811287	227	307	8	18	80	0.2250000
NODE_19100_length_666_cov_24.811287	227	307	10	22	80	0.2750000
NODE_19100_length_666_cov_24.811287	227	307	15	5	80	0.0625000
NODE_19100_length_666_cov_24.811287	227	307	19	1	80	0.0125000
NODE_19100_length_666_cov_24.811287	227	307	20	11	80	0.1375000
NODE_19100_length_666_cov_24.811287	227	307	30	2	80	0.0250000
NODE_19100_length_666_cov_24.811287	303	383	20	2	80	0.0250000
NODE_19100_length_666_cov_24.811287	303	383	30	11	80	0.1375000
NODE_19100_length_666_cov_24.811287	303	383	34	15	80	0.1875000
NODE_19100_length_666_cov_24.811287	303	383	35	6	80	0.0750000
NODE_19100_length_666_cov_24.811287	303	383	37	2	80	0.0250000
NODE_19100_length_666_cov_24.811287	303	383	41	2	80	0.0250000
NODE_19100_length_666_cov_24.811287	303	383	43	4	80	0.0500000
NODE_19100_length_666_cov_24.811287	303	383	45	2	80	0.0250000
NODE_19100_length_666_cov_24.811287	303	383	46	1	80	0.0125000
NODE_19100_length_666_cov_24.811287	303	383	47	1	80	0.0125000
NODE_19100_length_666_cov_24.811287	303	383	48	4	80	0.0500000
NODE_19100_length_666_cov_24.811287	303	383	50	3	80	0.0375000
NODE_19100_length_666_cov_24.811287	303	383	54	3	80	0.0375000
NODE_19100_length_666_cov_24.811287	303	383	56	24	80	0.3000000
NODE_19100_length_666_cov_24.811287	356	436	18	3	80	0.0375000
NODE_19100_length_666_cov_24.811287	356	436	32	3	80	0.0375000
NODE_19100_length_666_cov_24.811287	356	436	34	1	80	0.0125000
NODE_19100_length_666_cov_24.811287	356	436	36	1	80	0.0125000
NODE_19100_length_666_cov_24.811287	356	436	38	4	80	0.0500000
NODE_19100_length_666_cov_24.811287	356	436	40	6	80	0.0750000
NODE_19100_length_666_cov_24.811287	356	436	44	9	80	0.1125000
NODE_19100_length_666_cov_24.811287	356	436	46	12	80	0.1500000
NODE_19100_length_666_cov_24.811287	356	436	54	4	80	0.0500000
NODE_19100_length_666_cov_24.811287	356	436	56	37	80	0.4625000
NODE_19102_length_666_cov_20.114638	172	252	0	80	80	1.0000000
NODE_19102_length_666_cov_20.114638	225	305	0	80	80	1.0000000
NODE_19103_length_666_cov_16.813051	220	286	0	66	66	1.0000000
NODE_19103_length_666_cov_16.813051	259	344	0	85	85	1.0000000
NODE_19104_length_666_cov_15.384480	306	386	0	80	80	1.0000000
NODE_19104_length_666_cov_15.384480	359	439	0	30	80	0.3750000
NODE_19104_length_666_cov_15.384480	359	439	2	30	80	0.3750000
NODE_19104_length_666_cov_15.384480	359	439	4	20	80	0.2500000
NODE_19105_length_666_cov_14.195767	485	565	0	41	80	0.5125000
NODE_19105_length_666_cov_14.195767	485	565	4	39	80	0.4875000
NODE_19105_length_666_cov_14.195767	538	618	0	11	80	0.1375000
NODE_19105_length_666_cov_14.195767	538	618	4	69	80	0.8625000
NODE_19108_length_666_cov_7.770723	226	306	0	3	80	0.0375000
NODE_19108_length_666_cov_7.770723	226	306	1	21	80	0.2625000
NODE_19108_length_666_cov_7.770723	226	306	2	56	80	0.7000000
NODE_19108_length_666_cov_7.770723	279	359	2	80	80	1.0000000
NODE_19163_length_665_cov_28.786219	391	471	0	23	80	0.2875000
NODE_19163_length_665_cov_28.786219	391	471	3	24	80	0.3000000
NODE_19163_length_665_cov_28.786219	391	471	6	1	80	0.0125000
NODE_19163_length_665_cov_28.786219	391	471	9	1	80	0.0125000
NODE_19163_length_665_cov_28.786219	391	471	10	14	80	0.1750000
NODE_19163_length_665_cov_28.786219	391	471	14	17	80	0.2125000
NODE_19163_length_665_cov_28.786219	444	524	10	10	80	0.1250000
NODE_19163_length_665_cov_28.786219	444	524	14	70	80	0.8750000
NODE_19164_length_665_cov_21.740283	311	391	0	80	80	1.0000000
NODE_19164_length_665_cov_21.740283	364	444	0	43	80	0.5375000
NODE_19164_length_665_cov_21.740283	364	444	2	5	80	0.0625000
NODE_19164_length_665_cov_21.740283	364	444	4	32	80	0.4000000
NODE_19165_length_665_cov_15.904594	390	470	0	40	80	0.5000000
NODE_19165_length_665_cov_15.904594	390	470	2	40	80	0.5000000
NODE_19165_length_665_cov_15.904594	443	523	0	80	80	1.0000000
NODE_19224_length_664_cov_27.208850	259	339	0	80	80	1.0000000
NODE_19224_length_664_cov_27.208850	345	404	0	18	59	0.3050847
NODE_19224_length_664_cov_27.208850	345	404	6	41	59	0.6949152
NODE_19225_length_664_cov_16.116814	241	321	0	11	80	0.1375000
NODE_19225_length_664_cov_16.116814	241	321	3	1	80	0.0125000
NODE_19225_length_664_cov_16.116814	241	321	4	57	80	0.7125000
NODE_19225_length_664_cov_16.116814	241	321	6	11	80	0.1375000
NODE_19225_length_664_cov_16.116814	294	374	2	18	80	0.2250000
NODE_19225_length_664_cov_16.116814	294	374	4	16	80	0.2000000
NODE_19225_length_664_cov_16.116814	294	374	6	46	80	0.5750000
NODE_19227_length_664_cov_14.185841	332	412	2	15	80	0.1875000
NODE_19227_length_664_cov_14.185841	332	412	6	65	80	0.8125000
NODE_19227_length_664_cov_14.185841	385	465	1	26	80	0.3250000
NODE_19227_length_664_cov_14.185841	385	465	2	42	80	0.5250000
NODE_19227_length_664_cov_14.185841	385	465	6	12	80	0.1500000
NODE_19228_length_664_cov_12.256637	325	405	0	2	80	0.0250000
NODE_19228_length_664_cov_12.256637	325	405	2	78	80	0.9750000
NODE_19228_length_664_cov_12.256637	378	454	0	31	76	0.4078947
NODE_19228_length_664_cov_12.256637	378	454	2	45	76	0.5921053
NODE_19229_length_664_cov_8.378761	252	332	10	35	80	0.4375000
NODE_19229_length_664_cov_8.378761	252	332	14	45	80	0.5625000
NODE_19229_length_664_cov_8.378761	305	385	0	18	80	0.2250000
NODE_19229_length_664_cov_8.378761	305	385	2	19	80	0.2375000
NODE_19229_length_664_cov_8.378761	305	385	4	7	80	0.0875000
NODE_19229_length_664_cov_8.378761	305	385	10	1	80	0.0125000
NODE_19229_length_664_cov_8.378761	305	385	14	35	80	0.4375000
NODE_19229_length_664_cov_8.378761	381	461	0	16	80	0.2000000
NODE_19229_length_664_cov_8.378761	381	461	2	2	80	0.0250000
NODE_19229_length_664_cov_8.378761	381	461	4	5	80	0.0625000
NODE_19229_length_664_cov_8.378761	381	461	8	57	80	0.7125000
NODE_19229_length_664_cov_8.378761	434	514	6	18	80	0.2250000
NODE_19229_length_664_cov_8.378761	434	514	8	62	80	0.7750000
NODE_19254_length_664_cov_1.922124	393	434	0	41	41	1.0000000
NODE_19298_length_663_cov_26.601064	398	478	0	80	80	1.0000000
NODE_19298_length_663_cov_26.601064	451	531	0	80	80	1.0000000
NODE_19299_length_663_cov_16.948582	368	448	0	80	80	1.0000000
NODE_19299_length_663_cov_16.948582	421	501	0	80	80	1.0000000
NODE_19300_length_663_cov_16.225177	118	198	0	14	80	0.1750000
NODE_19300_length_663_cov_16.225177	118	198	4	66	80	0.8250000
NODE_19300_length_663_cov_16.225177	171	251	0	5	80	0.0625000
NODE_19300_length_663_cov_16.225177	171	251	4	75	80	0.9375000
NODE_19302_length_663_cov_13.748227	277	357	0	80	80	1.0000000
NODE_19302_length_663_cov_13.748227	330	410	0	80	80	1.0000000
NODE_19303_length_663_cov_10.377660	300	380	0	80	80	1.0000000
NODE_19304_length_663_cov_9.549645	199	279	0	80	80	1.0000000
NODE_19304_length_663_cov_9.549645	252	332	0	80	80	1.0000000
NODE_19305_length_663_cov_7.397163	151	231	0	69	80	0.8625000
NODE_19305_length_663_cov_7.397163	151	231	2	11	80	0.1375000
NODE_19305_length_663_cov_7.397163	204	284	0	80	80	1.0000000
NODE_19307_length_663_cov_5.081560	317	397	0	80	80	1.0000000
NODE_19368_length_662_cov_29.218472	233	313	0	68	80	0.8500000
NODE_19368_length_662_cov_29.218472	233	313	2	12	80	0.1500000
NODE_19368_length_662_cov_29.218472	286	366	0	15	80	0.1875000
NODE_19368_length_662_cov_29.218472	286	366	2	46	80	0.5750000
NODE_19368_length_662_cov_29.218472	286	366	4	19	80	0.2375000
NODE_19369_length_662_cov_18.717584	193	273	4	80	80	1.0000000
NODE_19369_length_662_cov_18.717584	246	326	2	46	80	0.5750000
NODE_19369_length_662_cov_18.717584	246	326	4	34	80	0.4250000
NODE_19370_length_662_cov_16.358792	258	338	0	80	80	1.0000000
NODE_19370_length_662_cov_16.358792	311	391	0	27	80	0.3375000
NODE_19370_length_662_cov_16.358792	311	391	4	53	80	0.6625000
NODE_19371_length_662_cov_12.845471	259	339	0	80	80	1.0000000
NODE_19371_length_662_cov_12.845471	312	392	0	80	80	1.0000000
NODE_19372_length_662_cov_12.476021	299	379	5	22	80	0.2750000
NODE_19372_length_662_cov_12.476021	299	379	7	58	80	0.7250000
NODE_19372_length_662_cov_12.476021	352	432	0	17	80	0.2125000
NODE_19372_length_662_cov_12.476021	352	432	5	10	80	0.1250000
NODE_19372_length_662_cov_12.476021	352	432	7	53	80	0.6625000
NODE_19373_length_662_cov_10.252220	239	319	0	80	80	1.0000000
NODE_19373_length_662_cov_10.252220	292	372	0	80	80	1.0000000
NODE_19376_length_662_cov_6.335702	267	347	0	80	80	1.0000000
NODE_19376_length_662_cov_6.335702	320	400	0	80	80	1.0000000
NODE_19378_length_662_cov_5.738899	295	331	0	6	36	0.1666667
NODE_19378_length_662_cov_5.738899	295	331	2	30	36	0.8333333
NODE_19378_length_662_cov_5.738899	301	322	2	21	21	1.0000000
NODE_19402_length_662_cov_1.905861	150	230	0	40	80	0.5000000
NODE_19402_length_662_cov_1.905861	150	230	2	40	80	0.5000000
NODE_19402_length_662_cov_1.905861	203	277	0	25	74	0.3378378
NODE_19402_length_662_cov_1.905861	203	277	2	49	74	0.6621622
NODE_19441_length_661_cov_55.176157	236	316	6	31	80	0.3875000
NODE_19441_length_661_cov_55.176157	236	316	10	19	80	0.2375000
NODE_19441_length_661_cov_55.176157	236	316	12	12	80	0.1500000
NODE_19441_length_661_cov_55.176157	236	316	14	8	80	0.1000000
NODE_19441_length_661_cov_55.176157	236	316	16	10	80	0.1250000
NODE_19441_length_661_cov_55.176157	289	369	0	10	80	0.1250000
NODE_19441_length_661_cov_55.176157	289	369	8	25	80	0.3125000
NODE_19441_length_661_cov_55.176157	289	369	9	7	80	0.0875000
NODE_19441_length_661_cov_55.176157	289	369	10	30	80	0.3750000
NODE_19441_length_661_cov_55.176157	289	369	12	8	80	0.1000000
NODE_19442_length_661_cov_38.501779	231	311	0	1	80	0.0125000
NODE_19442_length_661_cov_38.501779	231	311	4	47	80	0.5875000
NODE_19442_length_661_cov_38.501779	231	311	6	32	80	0.4000000
NODE_19442_length_661_cov_38.501779	284	364	0	32	80	0.4000000
NODE_19442_length_661_cov_38.501779	284	364	2	22	80	0.2750000
NODE_19442_length_661_cov_38.501779	284	364	4	26	80	0.3250000
NODE_19442_length_661_cov_38.501779	360	440	2	59	80	0.7375000
NODE_19442_length_661_cov_38.501779	360	440	4	21	80	0.2625000
NODE_19442_length_661_cov_38.501779	413	493	2	12	80	0.1500000
NODE_19442_length_661_cov_38.501779	413	493	4	20	80	0.2500000
NODE_19442_length_661_cov_38.501779	413	493	6	36	80	0.4500000
NODE_19442_length_661_cov_38.501779	413	493	8	12	80	0.1500000
NODE_19443_length_661_cov_31.460854	128	208	0	25	80	0.3125000
NODE_19443_length_661_cov_31.460854	128	208	2	55	80	0.6875000
NODE_19443_length_661_cov_31.460854	181	261	0	38	80	0.4750000
NODE_19443_length_661_cov_31.460854	181	261	2	42	80	0.5250000
NODE_19444_length_661_cov_18.960854	216	296	0	11	80	0.1375000
NODE_19444_length_661_cov_18.960854	216	296	2	34	80	0.4250000
NODE_19444_length_661_cov_18.960854	216	296	3	2	80	0.0250000
NODE_19444_length_661_cov_18.960854	216	296	7	7	80	0.0875000
NODE_19444_length_661_cov_18.960854	216	296	9	26	80	0.3250000
NODE_19444_length_661_cov_18.960854	269	349	0	2	80	0.0250000
NODE_19444_length_661_cov_18.960854	269	349	2	2	80	0.0250000
NODE_19444_length_661_cov_18.960854	269	349	6	6	80	0.0750000
NODE_19444_length_661_cov_18.960854	269	349	7	23	80	0.2875000
NODE_19444_length_661_cov_18.960854	269	349	9	47	80	0.5875000
NODE_19445_length_661_cov_16.035587	201	281	2	80	80	1.0000000
NODE_19445_length_661_cov_16.035587	254	334	0	26	80	0.3250000
NODE_19445_length_661_cov_16.035587	254	334	2	54	80	0.6750000
NODE_19447_length_661_cov_13.005338	281	343	0	62	62	1.0000000
NODE_19447_length_661_cov_13.005338	353	433	0	80	80	1.0000000
NODE_19447_length_661_cov_13.005338	406	486	0	80	80	1.0000000
NODE_19452_length_661_cov_5.670819	374	454	0	80	80	1.0000000
NODE_19452_length_661_cov_5.670819	427	507	0	80	80	1.0000000
NODE_19457_length_661_cov_4.601423	319	395	0	48	76	0.6315789
NODE_19457_length_661_cov_4.601423	319	395	4	28	76	0.3684210
NODE_19459_length_661_cov_3.532028	282	362	0	80	80	1.0000000
NODE_19459_length_661_cov_3.532028	335	415	0	80	80	1.0000000
NODE_19515_length_660_cov_20.741533	343	423	6	37	80	0.4625000
NODE_19515_length_660_cov_20.741533	343	423	10	2	80	0.0250000
NODE_19515_length_660_cov_20.741533	343	423	12	5	80	0.0625000
NODE_19515_length_660_cov_20.741533	343	423	14	15	80	0.1875000
NODE_19515_length_660_cov_20.741533	343	423	16	21	80	0.2625000
NODE_19515_length_660_cov_20.741533	396	476	10	55	80	0.6875000
NODE_19515_length_660_cov_20.741533	396	476	12	5	80	0.0625000
NODE_19515_length_660_cov_20.741533	396	476	14	15	80	0.1875000
NODE_19515_length_660_cov_20.741533	396	476	16	5	80	0.0625000
NODE_19516_length_660_cov_15.089127	148	228	0	79	80	0.9875000
NODE_19516_length_660_cov_15.089127	148	228	2	1	80	0.0125000
NODE_19516_length_660_cov_15.089127	201	281	0	80	80	1.0000000
NODE_19518_length_660_cov_13.301248	276	356	0	57	80	0.7125000
NODE_19518_length_660_cov_13.301248	276	356	2	23	80	0.2875000
NODE_19518_length_660_cov_13.301248	329	409	0	4	80	0.0500000
NODE_19518_length_660_cov_13.301248	329	409	2	76	80	0.9500000
NODE_19519_length_660_cov_12.393939	234	314	0	80	80	1.0000000
NODE_19519_length_660_cov_12.393939	287	367	0	80	80	1.0000000
NODE_19521_length_660_cov_11.495544	399	479	0	80	80	1.0000000
NODE_19521_length_660_cov_11.495544	452	532	0	80	80	1.0000000
NODE_19522_length_660_cov_10.522282	177	257	0	80	80	1.0000000
NODE_19522_length_660_cov_10.522282	230	311	0	81	81	1.0000000
NODE_19524_length_660_cov_8.887701	254	325	2	56	71	0.7887324
NODE_19524_length_660_cov_8.887701	254	325	4	15	71	0.2112676
NODE_19527_length_660_cov_7.278075	225	305	0	80	80	1.0000000
NODE_19527_length_660_cov_7.278075	278	358	0	80	80	1.0000000
NODE_19529_length_660_cov_6.577540	350	430	0	37	80	0.4625000
NODE_19529_length_660_cov_6.577540	350	430	2	43	80	0.5375000
NODE_19529_length_660_cov_6.577540	403	483	0	80	80	1.0000000
NODE_19549_length_660_cov_2.354724	421	470	0	38	49	0.7755102
NODE_19549_length_660_cov_2.354724	421	470	2	1	49	0.0204082
NODE_19549_length_660_cov_2.354724	421	470	4	10	49	0.2040816
NODE_19594_length_659_cov_43.587500	2	82	0	11	80	0.1375000
NODE_19594_length_659_cov_43.587500	2	82	2	1	80	0.0125000
NODE_19594_length_659_cov_43.587500	2	82	10	68	80	0.8500000
NODE_19594_length_659_cov_43.587500	55	135	0	24	80	0.3000000
NODE_19594_length_659_cov_43.587500	55	135	2	7	80	0.0875000
NODE_19594_length_659_cov_43.587500	55	135	10	49	80	0.6125000
NODE_19594_length_659_cov_43.587500	131	211	0	9	80	0.1125000
NODE_19594_length_659_cov_43.587500	131	211	2	65	80	0.8125000
NODE_19594_length_659_cov_43.587500	131	211	4	6	80	0.0750000
NODE_19594_length_659_cov_43.587500	184	264	2	28	80	0.3500000
NODE_19594_length_659_cov_43.587500	184	264	4	52	80	0.6500000
NODE_19595_length_659_cov_23.330357	236	316	0	80	80	1.0000000
NODE_19595_length_659_cov_23.330357	289	369	0	80	80	1.0000000
NODE_19596_length_659_cov_12.775000	255	335	0	5	80	0.0625000
NODE_19596_length_659_cov_12.775000	255	335	2	10	80	0.1250000
NODE_19596_length_659_cov_12.775000	255	335	4	18	80	0.2250000
NODE_19596_length_659_cov_12.775000	255	335	12	9	80	0.1125000
NODE_19596_length_659_cov_12.775000	255	335	14	38	80	0.4750000
NODE_19596_length_659_cov_12.775000	308	388	12	3	80	0.0375000
NODE_19596_length_659_cov_12.775000	308	388	14	77	80	0.9625000
NODE_19598_length_659_cov_9.683929	220	298	0	39	78	0.5000000
NODE_19598_length_659_cov_9.683929	220	298	2	39	78	0.5000000
NODE_19598_length_659_cov_9.683929	271	351	2	80	80	1.0000000
NODE_19613_length_659_cov_3.658929	305	385	0	48	80	0.6000000
NODE_19613_length_659_cov_3.658929	305	385	2	32	80	0.4000000
NODE_19613_length_659_cov_3.658929	358	438	2	58	80	0.7250000
NODE_19613_length_659_cov_3.658929	358	438	4	22	80	0.2750000
NODE_19678_length_658_cov_38.479428	289	369	4	8	80	0.1000000
NODE_19678_length_658_cov_38.479428	289	369	6	4	80	0.0500000
NODE_19678_length_658_cov_38.479428	289	369	8	50	80	0.6250000
NODE_19678_length_658_cov_38.479428	289	369	10	7	80	0.0875000
NODE_19678_length_658_cov_38.479428	289	369	14	11	80	0.1375000
NODE_19678_length_658_cov_38.479428	342	422	4	37	80	0.4625000
NODE_19678_length_658_cov_38.479428	342	422	6	28	80	0.3500000
NODE_19678_length_658_cov_38.479428	342	422	8	15	80	0.1875000
NODE_19679_length_658_cov_35.409660	242	322	0	4	80	0.0500000
NODE_19679_length_658_cov_35.409660	242	322	4	2	80	0.0250000
NODE_19679_length_658_cov_35.409660	242	322	12	7	80	0.0875000
NODE_19679_length_658_cov_35.409660	242	322	13	67	80	0.8375000
NODE_19679_length_658_cov_35.409660	295	375	0	10	80	0.1250000
NODE_19679_length_658_cov_35.409660	295	375	7	1	80	0.0125000
NODE_19679_length_658_cov_35.409660	295	375	8	12	80	0.1500000
NODE_19679_length_658_cov_35.409660	295	375	9	18	80	0.2250000
NODE_19679_length_658_cov_35.409660	295	375	12	7	80	0.0875000
NODE_19679_length_658_cov_35.409660	295	375	13	32	80	0.4000000
NODE_19680_length_658_cov_20.322004	191	271	0	6	80	0.0750000
NODE_19680_length_658_cov_20.322004	191	271	2	74	80	0.9250000
NODE_19680_length_658_cov_20.322004	244	321	0	8	77	0.1038961
NODE_19680_length_658_cov_20.322004	244	321	1	8	77	0.1038961
NODE_19680_length_658_cov_20.322004	244	321	2	61	77	0.7922078
NODE_19680_length_658_cov_20.322004	317	397	2	17	80	0.2125000
NODE_19680_length_658_cov_20.322004	317	397	6	57	80	0.7125000
NODE_19680_length_658_cov_20.322004	317	397	8	6	80	0.0750000
NODE_19680_length_658_cov_20.322004	370	449	2	18	79	0.2278481
NODE_19680_length_658_cov_20.322004	370	449	6	24	79	0.3037975
NODE_19680_length_658_cov_20.322004	370	449	7	8	79	0.1012658
NODE_19680_length_658_cov_20.322004	370	449	8	29	79	0.3670886
NODE_19681_length_658_cov_11.352415	324	404	0	46	80	0.5750000
NODE_19681_length_658_cov_11.352415	324	404	2	17	80	0.2125000
NODE_19681_length_658_cov_11.352415	324	404	4	17	80	0.2125000
NODE_19681_length_658_cov_11.352415	377	457	2	10	80	0.1250000
NODE_19681_length_658_cov_11.352415	377	457	4	32	80	0.4000000
NODE_19681_length_658_cov_11.352415	377	457	6	38	80	0.4750000
NODE_19685_length_658_cov_8.241503	227	307	0	53	80	0.6625000
NODE_19685_length_658_cov_8.241503	227	307	1	27	80	0.3375000
NODE_19685_length_658_cov_8.241503	280	360	1	54	80	0.6750000
NODE_19685_length_658_cov_8.241503	280	360	2	26	80	0.3250000
NODE_19689_length_658_cov_5.477639	450	530	0	10	80	0.1250000
NODE_19689_length_658_cov_5.477639	450	530	2	17	80	0.2125000
NODE_19689_length_658_cov_5.477639	450	530	4	7	80	0.0875000
NODE_19689_length_658_cov_5.477639	450	530	6	46	80	0.5750000
NODE_19705_length_658_cov_2.277281	286	366	0	5	80	0.0625000
NODE_19705_length_658_cov_2.277281	286	366	2	75	80	0.9375000
NODE_19705_length_658_cov_2.277281	339	419	0	23	80	0.2875000
NODE_19705_length_658_cov_2.277281	339	419	2	32	80	0.4000000
NODE_19705_length_658_cov_2.277281	339	419	4	2	80	0.0250000
NODE_19705_length_658_cov_2.277281	339	419	6	18	80	0.2250000
NODE_19705_length_658_cov_2.277281	339	419	8	3	80	0.0375000
NODE_19705_length_658_cov_2.277281	339	419	10	2	80	0.0250000
NODE_19750_length_657_cov_71.087814	306	372	0	66	66	1.0000000
NODE_19750_length_657_cov_71.087814	382	462	0	8	80	0.1000000
NODE_19750_length_657_cov_71.087814	382	462	2	5	80	0.0625000
NODE_19750_length_657_cov_71.087814	382	462	8	9	80	0.1125000
NODE_19750_length_657_cov_71.087814	382	462	10	6	80	0.0750000
NODE_19750_length_657_cov_71.087814	382	462	12	46	80	0.5750000
NODE_19750_length_657_cov_71.087814	382	462	18	6	80	0.0750000
NODE_19750_length_657_cov_71.087814	382	462	0	8	80	0.1000000
NODE_19750_length_657_cov_71.087814	382	462	2	5	80	0.0625000
NODE_19750_length_657_cov_71.087814	382	462	8	9	80	0.1125000
NODE_19750_length_657_cov_71.087814	382	462	10	6	80	0.0750000
NODE_19750_length_657_cov_71.087814	382	462	12	46	80	0.5750000
NODE_19750_length_657_cov_71.087814	382	462	18	6	80	0.0750000
NODE_19750_length_657_cov_71.087814	435	515	11	20	80	0.2500000
NODE_19750_length_657_cov_71.087814	435	515	12	22	80	0.2750000
NODE_19750_length_657_cov_71.087814	435	515	13	2	80	0.0250000
NODE_19750_length_657_cov_71.087814	435	515	15	14	80	0.1750000
NODE_19750_length_657_cov_71.087814	435	515	16	11	80	0.1375000
NODE_19750_length_657_cov_71.087814	435	515	17	2	80	0.0250000
NODE_19750_length_657_cov_71.087814	435	515	18	9	80	0.1125000
NODE_19750_length_657_cov_71.087814	440	515	11	20	75	0.2666667
NODE_19750_length_657_cov_71.087814	440	515	12	17	75	0.2266667
NODE_19750_length_657_cov_71.087814	440	515	13	2	75	0.0266667
NODE_19750_length_657_cov_71.087814	440	515	15	14	75	0.1866667
NODE_19750_length_657_cov_71.087814	440	515	16	11	75	0.1466667
NODE_19750_length_657_cov_71.087814	440	515	17	2	75	0.0266667
NODE_19750_length_657_cov_71.087814	440	515	18	9	75	0.1200000
NODE_19751_length_657_cov_67.408602	98	178	3	61	80	0.7625000
NODE_19751_length_657_cov_67.408602	98	178	5	5	80	0.0625000
NODE_19751_length_657_cov_67.408602	98	178	13	6	80	0.0750000
NODE_19751_length_657_cov_67.408602	98	178	14	8	80	0.1000000
NODE_19751_length_657_cov_67.408602	151	231	3	8	80	0.1000000
NODE_19751_length_657_cov_67.408602	151	231	5	5	80	0.0625000
NODE_19751_length_657_cov_67.408602	151	231	11	10	80	0.1250000
NODE_19751_length_657_cov_67.408602	151	231	12	18	80	0.2250000
NODE_19751_length_657_cov_67.408602	151	231	13	31	80	0.3875000
NODE_19751_length_657_cov_67.408602	151	231	14	8	80	0.1000000
NODE_19752_length_657_cov_15.568100	265	345	0	80	80	1.0000000
NODE_19752_length_657_cov_15.568100	341	421	0	80	80	1.0000000
NODE_19759_length_657_cov_5.161290	185	256	0	71	71	1.0000000
NODE_19759_length_657_cov_5.161290	229	309	0	30	80	0.3750000
NODE_19759_length_657_cov_5.161290	229	309	2	50	80	0.6250000
NODE_19824_length_656_cov_37.023339	470	550	0	42	80	0.5250000
NODE_19824_length_656_cov_37.023339	470	550	2	38	80	0.4750000
NODE_19824_length_656_cov_37.023339	523	603	0	18	80	0.2250000
NODE_19824_length_656_cov_37.023339	523	603	2	62	80	0.7750000
NODE_19825_length_656_cov_22.804309	173	253	4	37	80	0.4625000
NODE_19825_length_656_cov_22.804309	173	253	6	23	80	0.2875000
NODE_19825_length_656_cov_22.804309	173	253	8	20	80	0.2500000
NODE_19825_length_656_cov_22.804309	226	306	0	8	80	0.1000000
NODE_19825_length_656_cov_22.804309	226	306	2	4	80	0.0500000
NODE_19825_length_656_cov_22.804309	226	306	4	35	80	0.4375000
NODE_19825_length_656_cov_22.804309	226	306	6	7	80	0.0875000
NODE_19825_length_656_cov_22.804309	226	306	8	26	80	0.3250000
NODE_19826_length_656_cov_19.280072	345	425	0	80	80	1.0000000
NODE_19826_length_656_cov_19.280072	398	478	0	80	80	1.0000000
NODE_19827_length_656_cov_18.267504	272	352	4	16	80	0.2000000
NODE_19827_length_656_cov_18.267504	272	352	6	64	80	0.8000000
NODE_19827_length_656_cov_18.267504	325	405	0	19	80	0.2375000
NODE_19827_length_656_cov_18.267504	325	405	2	31	80	0.3875000
NODE_19827_length_656_cov_18.267504	325	405	6	30	80	0.3750000
NODE_19828_length_656_cov_15.928187	223	303	0	80	80	1.0000000
NODE_19829_length_656_cov_15.091562	297	377	2	13	80	0.1625000
NODE_19829_length_656_cov_15.091562	297	377	6	25	80	0.3125000
NODE_19829_length_656_cov_15.091562	297	377	8	42	80	0.5250000
NODE_19829_length_656_cov_15.091562	350	430	0	53	80	0.6625000
NODE_19829_length_656_cov_15.091562	350	430	2	13	80	0.1625000
NODE_19829_length_656_cov_15.091562	350	430	8	14	80	0.1750000
NODE_19830_length_656_cov_12.773788	269	349	0	73	80	0.9125000
NODE_19830_length_656_cov_12.773788	269	349	2	7	80	0.0875000
NODE_19830_length_656_cov_12.773788	322	399	0	20	77	0.2597403
NODE_19830_length_656_cov_12.773788	322	399	2	57	77	0.7402598
NODE_19831_length_656_cov_12.493716	212	292	2	80	80	1.0000000
NODE_19831_length_656_cov_12.493716	265	345	0	29	80	0.3625000
NODE_19831_length_656_cov_12.493716	265	345	2	51	80	0.6375000
NODE_19832_length_656_cov_10.946140	197	277	0	80	80	1.0000000
NODE_19832_length_656_cov_10.946140	250	330	0	80	80	1.0000000
NODE_19833_length_656_cov_9.412926	295	375	0	80	80	1.0000000
NODE_19833_length_656_cov_9.412926	348	428	0	80	80	1.0000000
NODE_19904_length_655_cov_31.019784	212	292	0	8	80	0.1000000
NODE_19904_length_655_cov_31.019784	212	292	2	17	80	0.2125000
NODE_19904_length_655_cov_31.019784	212	292	8	55	80	0.6875000
NODE_19904_length_655_cov_31.019784	265	345	0	37	80	0.4625000
NODE_19904_length_655_cov_31.019784	265	345	5	1	80	0.0125000
NODE_19904_length_655_cov_31.019784	265	345	6	10	80	0.1250000
NODE_19904_length_655_cov_31.019784	265	345	8	32	80	0.4000000
NODE_19907_length_655_cov_8.672662	216	296	0	18	80	0.2250000
NODE_19907_length_655_cov_8.672662	216	296	2	62	80	0.7750000
NODE_19907_length_655_cov_8.672662	269	349	0	71	80	0.8875000
NODE_19907_length_655_cov_8.672662	269	349	2	9	80	0.1125000
NODE_19908_length_655_cov_8.250000	204	234	0	30	30	1.0000000
NODE_19909_length_655_cov_7.910072	366	446	2	12	80	0.1500000
NODE_19909_length_655_cov_7.910072	366	446	4	68	80	0.8500000
NODE_19909_length_655_cov_7.910072	419	499	0	39	80	0.4875000
NODE_19909_length_655_cov_7.910072	419	499	2	5	80	0.0625000
NODE_19909_length_655_cov_7.910072	419	499	4	36	80	0.4500000
NODE_19916_length_655_cov_5.478417	178	255	0	52	77	0.6753247
NODE_19916_length_655_cov_5.478417	178	255	2	25	77	0.3246753
NODE_19916_length_655_cov_5.478417	178	221	0	43	43	1.0000000
NODE_19919_length_655_cov_5.174460	347	428	0	56	81	0.6913580
NODE_19919_length_655_cov_5.174460	347	428	2	19	81	0.2345679
NODE_19919_length_655_cov_5.174460	347	428	4	6	81	0.0740741
NODE_19919_length_655_cov_5.174460	401	481	0	21	80	0.2625000
NODE_19919_length_655_cov_5.174460	401	481	2	59	80	0.7375000
NODE_19979_length_654_cov_17.086486	323	403	12	80	80	1.0000000
NODE_19979_length_654_cov_17.086486	376	456	0	30	80	0.3750000
NODE_19979_length_654_cov_17.086486	376	456	11	1	80	0.0125000
NODE_19979_length_654_cov_17.086486	376	456	12	49	80	0.6125000
NODE_19980_length_654_cov_16.194595	318	398	0	80	80	1.0000000
NODE_19980_length_654_cov_16.194595	371	451	0	80	80	1.0000000
NODE_19983_length_654_cov_5.556757	341	412	2	71	71	1.0000000
NODE_19990_length_654_cov_3.236036	105	181	0	7	76	0.0921053
NODE_19990_length_654_cov_3.236036	105	181	4	69	76	0.9078947
NODE_19990_length_654_cov_3.236036	158	236	0	41	78	0.5256410
NODE_19990_length_654_cov_3.236036	158	236	4	37	78	0.4743590
NODE_19998_length_654_cov_2.549550	279	366	0	9	87	0.1034483
NODE_19998_length_654_cov_2.549550	279	366	2	62	87	0.7126437
NODE_19998_length_654_cov_2.549550	279	366	4	16	87	0.1839080
NODE_20013_length_654_cov_1.790991	480	560	4	2	80	0.0250000
NODE_20013_length_654_cov_1.790991	480	560	6	1	80	0.0125000
NODE_20013_length_654_cov_1.790991	480	560	8	2	80	0.0250000
NODE_20013_length_654_cov_1.790991	480	560	10	25	80	0.3125000
NODE_20013_length_654_cov_1.790991	480	560	12	50	80	0.6250000
NODE_20044_length_653_cov_70.296029	277	357	10	6	80	0.0750000
NODE_20044_length_653_cov_70.296029	277	357	12	74	80	0.9250000
NODE_20044_length_653_cov_70.296029	330	410	0	28	80	0.3500000
NODE_20044_length_653_cov_70.296029	330	410	10	14	80	0.1750000
NODE_20044_length_653_cov_70.296029	330	410	12	38	80	0.4750000
NODE_20045_length_653_cov_28.072202	302	382	0	80	80	1.0000000
NODE_20045_length_653_cov_28.072202	355	435	0	80	80	1.0000000
NODE_20046_length_653_cov_18.382671	214	294	0	8	80	0.1000000
NODE_20046_length_653_cov_18.382671	214	294	2	1	80	0.0125000
NODE_20046_length_653_cov_18.382671	214	294	4	71	80	0.8875000
NODE_20046_length_653_cov_18.382671	267	347	0	41	80	0.5125000
NODE_20046_length_653_cov_18.382671	267	347	2	2	80	0.0250000
NODE_20046_length_653_cov_18.382671	267	347	4	37	80	0.4625000
NODE_20047_length_653_cov_8.821300	292	372	0	80	80	1.0000000
NODE_20047_length_653_cov_8.821300	345	425	0	80	80	1.0000000
NODE_20048_length_653_cov_8.660650	200	280	2	58	80	0.7250000
NODE_20048_length_653_cov_8.660650	200	280	4	6	80	0.0750000
NODE_20048_length_653_cov_8.660650	200	280	6	16	80	0.2000000
NODE_20048_length_653_cov_8.660650	253	333	2	6	80	0.0750000
NODE_20048_length_653_cov_8.660650	253	333	4	5	80	0.0625000
NODE_20048_length_653_cov_8.660650	253	333	6	69	80	0.8625000
NODE_20052_length_653_cov_5.777978	308	383	8	75	75	1.0000000
NODE_20052_length_653_cov_5.777978	361	435	2	2	74	0.0270270
NODE_20052_length_653_cov_5.777978	361	435	6	13	74	0.1756757
NODE_20052_length_653_cov_5.777978	361	435	8	59	74	0.7972973
NODE_20054_length_653_cov_5.193141	304	356	6	15	52	0.2884615
NODE_20054_length_653_cov_5.193141	304	356	8	26	52	0.5000000
NODE_20054_length_653_cov_5.193141	304	356	10	11	52	0.2115385
NODE_20058_length_653_cov_4.823105	178	251	4	14	73	0.1917808
NODE_20058_length_653_cov_4.823105	178	251	6	6	73	0.0821918
NODE_20058_length_653_cov_4.823105	178	251	8	42	73	0.5753425
NODE_20058_length_653_cov_4.823105	178	251	10	11	73	0.1506849
NODE_20058_length_653_cov_4.823105	178	256	4	14	78	0.1794872
NODE_20058_length_653_cov_4.823105	178	256	6	6	78	0.0769231
NODE_20058_length_653_cov_4.823105	178	256	8	42	78	0.5384616
NODE_20058_length_653_cov_4.823105	178	256	10	16	78	0.2051282
NODE_20058_length_653_cov_4.823105	229	309	4	19	80	0.2375000
NODE_20058_length_653_cov_4.823105	229	309	6	7	80	0.0875000
NODE_20058_length_653_cov_4.823105	229	309	8	11	80	0.1375000
NODE_20058_length_653_cov_4.823105	229	309	10	43	80	0.5375000
NODE_20058_length_653_cov_4.823105	229	309	4	19	80	0.2375000
NODE_20058_length_653_cov_4.823105	229	309	6	7	80	0.0875000
NODE_20058_length_653_cov_4.823105	229	309	8	11	80	0.1375000
NODE_20058_length_653_cov_4.823105	229	309	10	43	80	0.5375000
NODE_20058_length_653_cov_4.823105	239	309	4	19	70	0.2714286
NODE_20058_length_653_cov_4.823105	239	309	6	7	70	0.1000000
NODE_20058_length_653_cov_4.823105	239	309	8	1	70	0.0142857
NODE_20058_length_653_cov_4.823105	239	309	10	43	70	0.6142857
NODE_20127_length_652_cov_215.211573	185	248	0	2	63	0.0317460
NODE_20127_length_652_cov_215.211573	185	248	1	3	63	0.0476190
NODE_20127_length_652_cov_215.211573	185	248	2	2	63	0.0317460
NODE_20127_length_652_cov_215.211573	185	248	4	8	63	0.1269841
NODE_20127_length_652_cov_215.211573	185	248	6	2	63	0.0317460
NODE_20127_length_652_cov_215.211573	185	248	7	16	63	0.2539683
NODE_20127_length_652_cov_215.211573	185	248	9	4	63	0.0634921
NODE_20127_length_652_cov_215.211573	185	248	11	16	63	0.2539683
NODE_20127_length_652_cov_215.211573	185	248	13	10	63	0.1587302
NODE_20127_length_652_cov_215.211573	221	301	9	1	80	0.0125000
NODE_20127_length_652_cov_215.211573	221	301	11	16	80	0.2000000
NODE_20127_length_652_cov_215.211573	221	301	13	18	80	0.2250000
NODE_20127_length_652_cov_215.211573	221	301	15	13	80	0.1625000
NODE_20127_length_652_cov_215.211573	221	301	17	19	80	0.2375000
NODE_20127_length_652_cov_215.211573	221	301	19	9	80	0.1125000
NODE_20127_length_652_cov_215.211573	221	301	21	4	80	0.0500000
NODE_20128_length_652_cov_21.267631	299	379	4	24	80	0.3000000
NODE_20128_length_652_cov_21.267631	299	379	7	27	80	0.3375000
NODE_20128_length_652_cov_21.267631	299	379	8	29	80	0.3625000
NODE_20128_length_652_cov_21.267631	352	432	3	10	80	0.1250000
NODE_20128_length_652_cov_21.267631	352	432	4	25	80	0.3125000
NODE_20128_length_652_cov_21.267631	352	432	8	45	80	0.5625000
NODE_20138_length_652_cov_4.622061	266	315	0	49	49	1.0000000
NODE_20138_length_652_cov_4.622061	288	368	0	80	80	1.0000000
NODE_20210_length_651_cov_49.981884	425	505	7	15	80	0.1875000
NODE_20210_length_651_cov_49.981884	425	505	8	3	80	0.0375000
NODE_20210_length_651_cov_49.981884	425	505	12	4	80	0.0500000
NODE_20210_length_651_cov_49.981884	425	505	13	6	80	0.0750000
NODE_20210_length_651_cov_49.981884	425	505	17	11	80	0.1375000
NODE_20210_length_651_cov_49.981884	425	505	18	2	80	0.0250000
NODE_20210_length_651_cov_49.981884	425	505	19	2	80	0.0250000
NODE_20210_length_651_cov_49.981884	425	505	20	3	80	0.0375000
NODE_20210_length_651_cov_49.981884	425	505	23	14	80	0.1750000
NODE_20210_length_651_cov_49.981884	425	505	24	1	80	0.0125000
NODE_20210_length_651_cov_49.981884	425	505	26	13	80	0.1625000
NODE_20210_length_651_cov_49.981884	425	505	28	2	80	0.0250000
NODE_20210_length_651_cov_49.981884	425	505	29	4	80	0.0500000
NODE_20210_length_651_cov_49.981884	425	505	7	15	80	0.1875000
NODE_20210_length_651_cov_49.981884	425	505	8	3	80	0.0375000
NODE_20210_length_651_cov_49.981884	425	505	12	4	80	0.0500000
NODE_20210_length_651_cov_49.981884	425	505	13	6	80	0.0750000
NODE_20210_length_651_cov_49.981884	425	505	17	11	80	0.1375000
NODE_20210_length_651_cov_49.981884	425	505	18	2	80	0.0250000
NODE_20210_length_651_cov_49.981884	425	505	19	2	80	0.0250000
NODE_20210_length_651_cov_49.981884	425	505	20	3	80	0.0375000
NODE_20210_length_651_cov_49.981884	425	505	23	14	80	0.1750000
NODE_20210_length_651_cov_49.981884	425	505	24	1	80	0.0125000
NODE_20210_length_651_cov_49.981884	425	505	26	13	80	0.1625000
NODE_20210_length_651_cov_49.981884	425	505	28	2	80	0.0250000
NODE_20210_length_651_cov_49.981884	425	505	29	4	80	0.0500000
NODE_20210_length_651_cov_49.981884	425	505	7	15	80	0.1875000
NODE_20210_length_651_cov_49.981884	425	505	8	3	80	0.0375000
NODE_20210_length_651_cov_49.981884	425	505	12	4	80	0.0500000
NODE_20210_length_651_cov_49.981884	425	505	13	6	80	0.0750000
NODE_20210_length_651_cov_49.981884	425	505	17	11	80	0.1375000
NODE_20210_length_651_cov_49.981884	425	505	18	2	80	0.0250000
NODE_20210_length_651_cov_49.981884	425	505	19	2	80	0.0250000
NODE_20210_length_651_cov_49.981884	425	505	20	3	80	0.0375000
NODE_20210_length_651_cov_49.981884	425	505	23	14	80	0.1750000
NODE_20210_length_651_cov_49.981884	425	505	24	1	80	0.0125000
NODE_20210_length_651_cov_49.981884	425	505	26	13	80	0.1625000
NODE_20210_length_651_cov_49.981884	425	505	28	2	80	0.0250000
NODE_20210_length_651_cov_49.981884	425	505	29	4	80	0.0500000
NODE_20210_length_651_cov_49.981884	425	505	7	15	80	0.1875000
NODE_20210_length_651_cov_49.981884	425	505	8	3	80	0.0375000
NODE_20210_length_651_cov_49.981884	425	505	12	4	80	0.0500000
NODE_20210_length_651_cov_49.981884	425	505	13	6	80	0.0750000
NODE_20210_length_651_cov_49.981884	425	505	17	11	80	0.1375000
NODE_20210_length_651_cov_49.981884	425	505	18	2	80	0.0250000
NODE_20210_length_651_cov_49.981884	425	505	19	2	80	0.0250000
NODE_20210_length_651_cov_49.981884	425	505	20	3	80	0.0375000
NODE_20210_length_651_cov_49.981884	425	505	23	14	80	0.1750000
NODE_20210_length_651_cov_49.981884	425	505	24	1	80	0.0125000
NODE_20210_length_651_cov_49.981884	425	505	26	13	80	0.1625000
NODE_20210_length_651_cov_49.981884	425	505	28	2	80	0.0250000
NODE_20210_length_651_cov_49.981884	425	505	29	4	80	0.0500000
NODE_20210_length_651_cov_49.981884	478	540	3	24	62	0.3870968
NODE_20210_length_651_cov_49.981884	478	540	7	26	62	0.4193548
NODE_20210_length_651_cov_49.981884	478	540	8	3	62	0.0483871
NODE_20210_length_651_cov_49.981884	478	540	12	4	62	0.0645161
NODE_20210_length_651_cov_49.981884	478	540	13	5	62	0.0806452
NODE_20210_length_651_cov_49.981884	478	540	3	24	62	0.3870968
NODE_20210_length_651_cov_49.981884	478	540	7	26	62	0.4193548
NODE_20210_length_651_cov_49.981884	478	540	8	3	62	0.0483871
NODE_20210_length_651_cov_49.981884	478	540	12	4	62	0.0645161
NODE_20210_length_651_cov_49.981884	478	540	13	5	62	0.0806452
NODE_20210_length_651_cov_49.981884	478	540	3	24	62	0.3870968
NODE_20210_length_651_cov_49.981884	478	540	7	26	62	0.4193548
NODE_20210_length_651_cov_49.981884	478	540	8	3	62	0.0483871
NODE_20210_length_651_cov_49.981884	478	540	12	4	62	0.0645161
NODE_20210_length_651_cov_49.981884	478	540	13	5	62	0.0806452
NODE_20210_length_651_cov_49.981884	478	542	0	1	64	0.0156250
NODE_20210_length_651_cov_49.981884	478	542	2	1	64	0.0156250
NODE_20210_length_651_cov_49.981884	478	542	3	24	64	0.3750000
NODE_20210_length_651_cov_49.981884	478	542	7	26	64	0.4062500
NODE_20210_length_651_cov_49.981884	478	542	8	3	64	0.0468750
NODE_20210_length_651_cov_49.981884	478	542	12	4	64	0.0625000
NODE_20210_length_651_cov_49.981884	478	542	13	5	64	0.0781250
NODE_20211_length_651_cov_36.121377	422	502	0	80	80	1.0000000
NODE_20211_length_651_cov_36.121377	475	555	0	80	80	1.0000000
NODE_20212_length_651_cov_20.045290	252	332	0	55	80	0.6875000
NODE_20212_length_651_cov_20.045290	252	332	1	24	80	0.3000000
NODE_20212_length_651_cov_20.045290	252	332	2	1	80	0.0125000
NODE_20212_length_651_cov_20.045290	305	385	0	2	80	0.0250000
NODE_20212_length_651_cov_20.045290	305	385	1	24	80	0.3000000
NODE_20212_length_651_cov_20.045290	305	385	2	54	80	0.6750000
NODE_20213_length_651_cov_12.704710	264	344	0	26	80	0.3250000
NODE_20213_length_651_cov_12.704710	264	344	2	54	80	0.6750000
NODE_20213_length_651_cov_12.704710	317	397	2	80	80	1.0000000
NODE_20214_length_651_cov_11.632246	205	285	0	80	80	1.0000000
NODE_20214_length_651_cov_11.632246	258	338	0	80	80	1.0000000
NODE_20215_length_651_cov_10.074275	369	449	4	62	80	0.7750000
NODE_20215_length_651_cov_10.074275	369	449	8	18	80	0.2250000
NODE_20215_length_651_cov_10.074275	422	502	0	20	80	0.2500000
NODE_20215_length_651_cov_10.074275	422	502	2	14	80	0.1750000
NODE_20215_length_651_cov_10.074275	422	502	4	46	80	0.5750000
NODE_20216_length_651_cov_9.699275	199	279	0	2	80	0.0250000
NODE_20216_length_651_cov_9.699275	199	279	2	78	80	0.9750000
NODE_20216_length_651_cov_9.699275	252	332	0	50	80	0.6250000
NODE_20216_length_651_cov_9.699275	252	332	2	30	80	0.3750000
NODE_20219_length_651_cov_8.309783	217	296	0	79	79	1.0000000
NODE_20219_length_651_cov_8.309783	269	349	0	80	80	1.0000000
NODE_20220_length_651_cov_5.621377	148	228	0	80	80	1.0000000
NODE_20220_length_651_cov_5.621377	201	281	0	80	80	1.0000000
NODE_20221_length_651_cov_5.610507	342	422	0	80	80	1.0000000
NODE_20221_length_651_cov_5.610507	395	475	0	80	80	1.0000000
NODE_20225_length_651_cov_4.246377	299	359	0	23	60	0.3833333
NODE_20225_length_651_cov_4.246377	299	359	2	37	60	0.6166667
NODE_20238_length_651_cov_2.744565	340	421	0	9	81	0.1111111
NODE_20238_length_651_cov_2.744565	340	421	1	16	81	0.1975309
NODE_20238_length_651_cov_2.744565	340	421	3	1	81	0.0123457
NODE_20238_length_651_cov_2.744565	340	421	4	16	81	0.1975309
NODE_20238_length_651_cov_2.744565	340	421	6	39	81	0.4814815
NODE_20252_length_651_cov_2.016304	280	311	0	31	31	1.0000000
NODE_20292_length_650_cov_22.644283	233	313	0	51	80	0.6375000
NODE_20292_length_650_cov_22.644283	233	313	2	29	80	0.3625000
NODE_20292_length_650_cov_22.644283	286	366	0	80	80	1.0000000
NODE_20293_length_650_cov_22.156080	269	349	0	80	80	1.0000000
NODE_20293_length_650_cov_22.156080	322	402	0	80	80	1.0000000
NODE_20294_length_650_cov_20.012704	186	266	0	80	80	1.0000000
NODE_20294_length_650_cov_20.012704	239	319	0	80	80	1.0000000
NODE_20295_length_650_cov_17.626134	52	132	2	9	80	0.1125000
NODE_20295_length_650_cov_17.626134	52	132	4	61	80	0.7625000
NODE_20295_length_650_cov_17.626134	52	132	6	10	80	0.1250000
NODE_20295_length_650_cov_17.626134	105	185	2	20	80	0.2500000
NODE_20295_length_650_cov_17.626134	105	185	4	40	80	0.5000000
NODE_20295_length_650_cov_17.626134	105	185	6	20	80	0.2500000
NODE_20297_length_650_cov_10.687840	289	369	0	76	80	0.9500000
NODE_20297_length_650_cov_10.687840	289	369	2	4	80	0.0500000
NODE_20297_length_650_cov_10.687840	342	422	0	80	80	1.0000000
NODE_20301_length_650_cov_6.519056	312	365	4	30	53	0.5660377
NODE_20301_length_650_cov_6.519056	312	365	8	23	53	0.4339623
NODE_20301_length_650_cov_6.519056	338	417	4	4	79	0.0506329
NODE_20301_length_650_cov_6.519056	338	417	8	75	79	0.9493671
NODE_20302_length_650_cov_6.159710	243	323	2	52	80	0.6500000
NODE_20302_length_650_cov_6.159710	243	323	3	1	80	0.0125000
NODE_20302_length_650_cov_6.159710	243	323	4	27	80	0.3375000
NODE_20302_length_650_cov_6.159710	296	376	0	29	80	0.3625000
NODE_20302_length_650_cov_6.159710	296	376	2	51	80	0.6375000
NODE_20318_length_650_cov_2.488203	213	266	2	24	53	0.4528302
NODE_20318_length_650_cov_2.488203	213	266	4	21	53	0.3962264
NODE_20318_length_650_cov_2.488203	213	266	6	8	53	0.1509434
NODE_20370_length_649_cov_20.780000	111	140	2	29	29	1.0000000
NODE_20370_length_649_cov_20.780000	111	191	2	39	80	0.4875000
NODE_20370_length_649_cov_20.780000	111	191	4	4	80	0.0500000
NODE_20370_length_649_cov_20.780000	111	191	8	37	80	0.4625000
NODE_20370_length_649_cov_20.780000	138	161	2	12	23	0.5217391
NODE_20370_length_649_cov_20.780000	138	161	4	4	23	0.1739130
NODE_20370_length_649_cov_20.780000	138	161	8	7	23	0.3043478
NODE_20370_length_649_cov_20.780000	138	214	2	12	76	0.1578947
NODE_20370_length_649_cov_20.780000	138	214	4	4	76	0.0526316
NODE_20370_length_649_cov_20.780000	138	214	6	17	76	0.2236842
NODE_20370_length_649_cov_20.780000	138	214	8	43	76	0.5657895
NODE_20370_length_649_cov_20.780000	164	244	0	12	80	0.1500000
NODE_20370_length_649_cov_20.780000	164	244	4	7	80	0.0875000
NODE_20370_length_649_cov_20.780000	164	244	6	28	80	0.3500000
NODE_20370_length_649_cov_20.780000	164	244	8	33	80	0.4125000
NODE_20371_length_649_cov_17.938182	162	242	0	80	80	1.0000000
NODE_20371_length_649_cov_17.938182	215	295	0	80	80	1.0000000
NODE_20372_length_649_cov_16.761818	395	475	0	3	80	0.0375000
NODE_20372_length_649_cov_16.761818	395	475	4	77	80	0.9625000
NODE_20372_length_649_cov_16.761818	448	528	0	56	80	0.7000000
NODE_20372_length_649_cov_16.761818	448	528	4	24	80	0.3000000
NODE_20373_length_649_cov_15.632727	226	306	0	51	80	0.6375000
NODE_20373_length_649_cov_15.632727	226	306	2	29	80	0.3625000
NODE_20373_length_649_cov_15.632727	279	359	0	18	80	0.2250000
NODE_20373_length_649_cov_15.632727	279	359	2	62	80	0.7750000
NODE_20374_length_649_cov_15.516364	329	409	2	80	80	1.0000000
NODE_20374_length_649_cov_15.516364	382	462	0	50	80	0.6250000
NODE_20374_length_649_cov_15.516364	382	462	2	30	80	0.3750000
NODE_20375_length_649_cov_10.374545	453	533	0	80	80	1.0000000
NODE_20375_length_649_cov_10.374545	506	586	0	31	80	0.3875000
NODE_20375_length_649_cov_10.374545	506	586	2	49	80	0.6125000
NODE_20382_length_649_cov_4.403636	213	293	0	80	80	1.0000000
NODE_20382_length_649_cov_4.403636	266	346	0	80	80	1.0000000
NODE_20454_length_648_cov_34.287796	343	423	0	80	80	1.0000000
NODE_20454_length_648_cov_34.287796	396	476	0	80	80	1.0000000
NODE_20454_length_648_cov_34.287796	472	552	0	80	80	1.0000000
NODE_20454_length_648_cov_34.287796	525	605	0	80	80	1.0000000
NODE_20455_length_648_cov_19.433515	259	339	0	26	80	0.3250000
NODE_20455_length_648_cov_19.433515	259	339	2	18	80	0.2250000
NODE_20455_length_648_cov_19.433515	259	339	4	36	80	0.4500000
NODE_20455_length_648_cov_19.433515	312	392	0	2	80	0.0250000
NODE_20455_length_648_cov_19.433515	312	392	2	18	80	0.2250000
NODE_20455_length_648_cov_19.433515	312	392	4	60	80	0.7500000
NODE_20457_length_648_cov_8.391621	206	286	2	80	80	1.0000000
NODE_20457_length_648_cov_8.391621	259	339	0	19	80	0.2375000
NODE_20457_length_648_cov_8.391621	259	339	2	61	80	0.7625000
NODE_20459_length_648_cov_6.573770	293	373	0	80	80	1.0000000
NODE_20459_length_648_cov_6.573770	346	426	0	80	80	1.0000000
NODE_20460_length_648_cov_6.431694	285	328	0	43	43	1.0000000
NODE_20463_length_648_cov_6.085610	257	337	0	29	80	0.3625000
NODE_20463_length_648_cov_6.085610	257	337	2	51	80	0.6375000
NODE_20463_length_648_cov_6.085610	310	390	2	77	80	0.9625000
NODE_20463_length_648_cov_6.085610	310	390	4	3	80	0.0375000
NODE_20483_length_648_cov_2.333333	19	86	6	67	67	1.0000000
NODE_20531_length_647_cov_18.489051	295	375	4	15	80	0.1875000
NODE_20531_length_647_cov_18.489051	295	375	8	16	80	0.2000000
NODE_20531_length_647_cov_18.489051	295	375	10	41	80	0.5125000
NODE_20531_length_647_cov_18.489051	295	375	12	8	80	0.1000000
NODE_20531_length_647_cov_18.489051	348	428	4	9	80	0.1125000
NODE_20531_length_647_cov_18.489051	348	428	6	11	80	0.1375000
NODE_20531_length_647_cov_18.489051	348	428	8	37	80	0.4625000
NODE_20531_length_647_cov_18.489051	348	428	10	15	80	0.1875000
NODE_20531_length_647_cov_18.489051	348	428	12	8	80	0.1000000
NODE_20532_length_647_cov_14.677007	286	366	0	80	80	1.0000000
NODE_20532_length_647_cov_14.677007	339	419	0	80	80	1.0000000
NODE_20533_length_647_cov_10.895985	231	311	0	80	80	1.0000000
NODE_20533_length_647_cov_10.895985	284	364	0	80	80	1.0000000
NODE_20534_length_647_cov_9.116788	372	452	6	80	80	1.0000000
NODE_20534_length_647_cov_9.116788	425	505	2	38	80	0.4750000
NODE_20534_length_647_cov_9.116788	425	505	6	40	80	0.5000000
NODE_20534_length_647_cov_9.116788	425	505	8	2	80	0.0250000
NODE_20536_length_647_cov_6.410584	150	221	2	71	71	1.0000000
NODE_20536_length_647_cov_6.410584	194	274	2	74	80	0.9250000
NODE_20536_length_647_cov_6.410584	194	274	4	6	80	0.0750000
NODE_20539_length_647_cov_5.567518	239	319	0	4	80	0.0500000
NODE_20539_length_647_cov_5.567518	239	319	2	39	80	0.4875000
NODE_20539_length_647_cov_5.567518	239	319	4	37	80	0.4625000
NODE_20539_length_647_cov_5.567518	292	355	4	40	63	0.6349207
NODE_20539_length_647_cov_5.567518	292	355	6	3	63	0.0476190
NODE_20539_length_647_cov_5.567518	292	355	7	10	63	0.1587302
NODE_20539_length_647_cov_5.567518	292	355	8	1	63	0.0158730
NODE_20539_length_647_cov_5.567518	292	355	10	9	63	0.1428571
NODE_20539_length_647_cov_5.567518	348	416	8	18	68	0.2647059
NODE_20539_length_647_cov_5.567518	348	416	10	50	68	0.7352941
NODE_20539_length_647_cov_5.567518	401	469	8	68	68	1.0000000
NODE_20544_length_647_cov_3.775547	356	399	2	43	43	1.0000000
NODE_20550_length_647_cov_2.678832	239	319	0	80	80	1.0000000
NODE_20550_length_647_cov_2.678832	292	372	0	80	80	1.0000000
NODE_20561_length_647_cov_1.937956	254	304	0	24	50	0.4800000
NODE_20561_length_647_cov_1.937956	254	304	2	1	50	0.0200000
NODE_20561_length_647_cov_1.937956	254	304	6	25	50	0.5000000
NODE_20607_length_646_cov_56.226691	267	347	0	80	80	1.0000000
NODE_20607_length_646_cov_56.226691	320	400	0	80	80	1.0000000
NODE_20608_length_646_cov_23.747715	76	153	0	77	77	1.0000000
NODE_20608_length_646_cov_23.747715	129	209	0	74	80	0.9250000
NODE_20608_length_646_cov_23.747715	129	209	2	6	80	0.0750000
NODE_20609_length_646_cov_22.740402	326	406	0	80	80	1.0000000
NODE_20609_length_646_cov_22.740402	379	459	0	35	80	0.4375000
NODE_20609_length_646_cov_22.740402	379	459	4	45	80	0.5625000
NODE_20610_length_646_cov_15.160878	363	443	0	36	80	0.4500000
NODE_20610_length_646_cov_15.160878	363	443	2	44	80	0.5500000
NODE_20610_length_646_cov_15.160878	416	496	0	23	80	0.2875000
NODE_20610_length_646_cov_15.160878	416	496	2	57	80	0.7125000
NODE_20611_length_646_cov_9.429616	309	389	0	52	80	0.6500000
NODE_20611_length_646_cov_9.429616	309	389	2	28	80	0.3500000
NODE_20611_length_646_cov_9.429616	362	442	0	80	80	1.0000000
NODE_20612_length_646_cov_9.246801	149	221	0	25	72	0.3472222
NODE_20612_length_646_cov_9.246801	149	221	2	47	72	0.6527778
NODE_20613_length_646_cov_7.539305	227	307	0	80	80	1.0000000
NODE_20613_length_646_cov_7.539305	280	360	0	80	80	1.0000000
NODE_20614_length_646_cov_6.756856	236	316	0	31	80	0.3875000
NODE_20614_length_646_cov_6.756856	236	316	4	49	80	0.6125000
NODE_20614_length_646_cov_6.756856	289	369	0	34	80	0.4250000
NODE_20614_length_646_cov_6.756856	289	369	4	46	80	0.5750000
NODE_20615_length_646_cov_6.480804	373	437	0	64	64	1.0000000
NODE_20615_length_646_cov_6.480804	410	490	0	80	80	1.0000000
NODE_20616_length_646_cov_6.396709	194	274	0	24	80	0.3000000
NODE_20616_length_646_cov_6.396709	194	274	2	56	80	0.7000000
NODE_20616_length_646_cov_6.396709	254	327	0	5	73	0.0684932
NODE_20616_length_646_cov_6.396709	254	327	2	68	73	0.9315069
NODE_20619_length_646_cov_4.652651	265	345	0	20	80	0.2500000
NODE_20619_length_646_cov_4.652651	265	345	2	60	80	0.7500000
NODE_20623_length_646_cov_4.122486	401	452	0	20	51	0.3921569
NODE_20623_length_646_cov_4.122486	401	452	2	30	51	0.5882353
NODE_20623_length_646_cov_4.122486	401	452	4	1	51	0.0196078
NODE_20688_length_645_cov_95.882784	179	259	6	80	80	1.0000000
NODE_20688_length_645_cov_95.882784	232	312	0	26	80	0.3250000
NODE_20688_length_645_cov_95.882784	232	312	6	54	80	0.6750000
NODE_20689_length_645_cov_12.985348	343	423	0	80	80	1.0000000
NODE_20689_length_645_cov_12.985348	396	476	0	80	80	1.0000000
NODE_20691_length_645_cov_9.228938	254	334	0	80	80	1.0000000
NODE_20691_length_645_cov_9.228938	307	387	0	55	80	0.6875000
NODE_20691_length_645_cov_9.228938	307	387	2	25	80	0.3125000
NODE_20692_length_645_cov_9.172161	293	373	0	80	80	1.0000000
NODE_20692_length_645_cov_9.172161	346	426	0	80	80	1.0000000
NODE_20697_length_645_cov_5.609890	461	541	0	80	80	1.0000000
NODE_20697_length_645_cov_5.609890	514	594	0	80	80	1.0000000
NODE_20698_length_645_cov_4.743590	237	317	0	80	80	1.0000000
NODE_20698_length_645_cov_4.743590	290	370	0	80	80	1.0000000
NODE_20716_length_645_cov_2.177656	373	416	0	43	43	1.0000000
NODE_20762_length_644_cov_59.286239	323	401	198	3	78	0.0384615
NODE_20762_length_644_cov_59.286239	323	401	202	1	78	0.0128205
NODE_20762_length_644_cov_59.286239	323	401	209	1	78	0.0128205
NODE_20762_length_644_cov_59.286239	323	401	211	1	78	0.0128205
NODE_20762_length_644_cov_59.286239	323	401	215	1	78	0.0128205
NODE_20762_length_644_cov_59.286239	323	401	217	1	78	0.0128205
NODE_20762_length_644_cov_59.286239	323	401	219	1	78	0.0128205
NODE_20762_length_644_cov_59.286239	323	401	225	1	78	0.0128205
NODE_20762_length_644_cov_59.286239	323	401	228	1	78	0.0128205
NODE_20762_length_644_cov_59.286239	323	401	236	2	78	0.0256410
NODE_20762_length_644_cov_59.286239	323	401	240	1	78	0.0128205
NODE_20762_length_644_cov_59.286239	323	401	242	2	78	0.0256410
NODE_20762_length_644_cov_59.286239	323	401	244	1	78	0.0128205
NODE_20762_length_644_cov_59.286239	323	401	251	2	78	0.0256410
NODE_20762_length_644_cov_59.286239	323	401	261	1	78	0.0128205
NODE_20762_length_644_cov_59.286239	323	401	262	2	78	0.0256410
NODE_20762_length_644_cov_59.286239	323	401	268	2	78	0.0256410
NODE_20762_length_644_cov_59.286239	323	401	270	1	78	0.0128205
NODE_20762_length_644_cov_59.286239	323	401	272	1	78	0.0128205
NODE_20762_length_644_cov_59.286239	323	401	273	2	78	0.0256410
NODE_20762_length_644_cov_59.286239	323	401	277	1	78	0.0128205
NODE_20762_length_644_cov_59.286239	323	401	282	1	78	0.0128205
NODE_20762_length_644_cov_59.286239	323	401	292	1	78	0.0128205
NODE_20762_length_644_cov_59.286239	323	401	294	1	78	0.0128205
NODE_20762_length_644_cov_59.286239	323	401	296	1	78	0.0128205
NODE_20762_length_644_cov_59.286239	323	401	300	1	78	0.0128205
NODE_20762_length_644_cov_59.286239	323	401	304	1	78	0.0128205
NODE_20762_length_644_cov_59.286239	323	401	306	2	78	0.0256410
NODE_20762_length_644_cov_59.286239	323	401	308	2	78	0.0256410
NODE_20762_length_644_cov_59.286239	323	401	312	2	78	0.0256410
NODE_20762_length_644_cov_59.286239	323	401	313	1	78	0.0128205
NODE_20762_length_644_cov_59.286239	323	401	315	1	78	0.0128205
NODE_20762_length_644_cov_59.286239	323	401	321	2	78	0.0256410
NODE_20762_length_644_cov_59.286239	323	401	333	2	78	0.0256410
NODE_20762_length_644_cov_59.286239	323	401	335	2	78	0.0256410
NODE_20762_length_644_cov_59.286239	323	401	338	1	78	0.0128205
NODE_20762_length_644_cov_59.286239	323	401	351	1	78	0.0128205
NODE_20762_length_644_cov_59.286239	323	401	355	1	78	0.0128205
NODE_20762_length_644_cov_59.286239	323	401	365	1	78	0.0128205
NODE_20762_length_644_cov_59.286239	323	401	369	1	78	0.0128205
NODE_20762_length_644_cov_59.286239	323	401	373	1	78	0.0128205
NODE_20762_length_644_cov_59.286239	323	401	383	1	78	0.0128205
NODE_20762_length_644_cov_59.286239	323	401	385	2	78	0.0256410
NODE_20762_length_644_cov_59.286239	323	401	390	1	78	0.0128205
NODE_20762_length_644_cov_59.286239	323	401	397	1	78	0.0128205
NODE_20762_length_644_cov_59.286239	323	401	398	2	78	0.0256410
NODE_20762_length_644_cov_59.286239	323	401	399	2	78	0.0256410
NODE_20762_length_644_cov_59.286239	323	401	400	2	78	0.0256410
NODE_20762_length_644_cov_59.286239	323	401	401	1	78	0.0128205
NODE_20762_length_644_cov_59.286239	323	401	405	3	78	0.0384615
NODE_20762_length_644_cov_59.286239	323	401	414	1	78	0.0128205
NODE_20762_length_644_cov_59.286239	323	401	415	1	78	0.0128205
NODE_20762_length_644_cov_59.286239	323	401	416	2	78	0.0256410
NODE_20762_length_644_cov_59.286239	323	401	419	2	78	0.0256410
NODE_20762_length_644_cov_59.286239	323	401	422	1	78	0.0128205
NODE_20762_length_644_cov_59.286239	323	401	424	1	78	0.0128205
NODE_20763_length_644_cov_27.577982	63	143	0	80	80	1.0000000
NODE_20763_length_644_cov_27.577982	116	196	0	80	80	1.0000000
NODE_20765_length_644_cov_10.073394	284	364	0	80	80	1.0000000
NODE_20765_length_644_cov_10.073394	337	417	0	80	80	1.0000000
NODE_20845_length_643_cov_27.562500	201	281	0	80	80	1.0000000
NODE_20845_length_643_cov_27.562500	254	334	0	80	80	1.0000000
NODE_20845_length_643_cov_27.562500	330	410	0	80	80	1.0000000
NODE_20845_length_643_cov_27.562500	383	463	0	80	80	1.0000000
NODE_20846_length_643_cov_12.895221	203	283	0	31	80	0.3875000
NODE_20846_length_643_cov_12.895221	203	283	2	49	80	0.6125000
NODE_20846_length_643_cov_12.895221	256	336	0	25	80	0.3125000
NODE_20846_length_643_cov_12.895221	256	336	2	55	80	0.6875000
NODE_20847_length_643_cov_10.501838	280	360	0	80	80	1.0000000
NODE_20847_length_643_cov_10.501838	333	413	0	80	80	1.0000000
NODE_20848_length_643_cov_9.136029	307	385	0	61	78	0.7820513
NODE_20848_length_643_cov_9.136029	307	385	2	17	78	0.2179487
NODE_20848_length_643_cov_9.136029	358	438	0	19	80	0.2375000
NODE_20848_length_643_cov_9.136029	358	438	2	35	80	0.4375000
NODE_20848_length_643_cov_9.136029	358	438	4	26	80	0.3250000
NODE_20849_length_643_cov_8.264706	202	282	2	41	80	0.5125000
NODE_20849_length_643_cov_8.264706	202	282	3	4	80	0.0500000
NODE_20849_length_643_cov_8.264706	202	282	4	35	80	0.4375000
NODE_20849_length_643_cov_8.264706	255	335	2	73	80	0.9125000
NODE_20849_length_643_cov_8.264706	255	335	4	7	80	0.0875000
NODE_20851_length_643_cov_7.137868	173	253	0	80	80	1.0000000
NODE_20851_length_643_cov_7.137868	226	306	0	80	80	1.0000000
NODE_20855_length_643_cov_5.851103	255	335	20	6	80	0.0750000
NODE_20855_length_643_cov_5.851103	255	335	22	6	80	0.0750000
NODE_20855_length_643_cov_5.851103	255	335	24	5	80	0.0625000
NODE_20855_length_643_cov_5.851103	255	335	28	4	80	0.0500000
NODE_20855_length_643_cov_5.851103	255	335	32	13	80	0.1625000
NODE_20855_length_643_cov_5.851103	255	335	36	3	80	0.0375000
NODE_20855_length_643_cov_5.851103	255	335	38	4	80	0.0500000
NODE_20855_length_643_cov_5.851103	255	335	40	6	80	0.0750000
NODE_20855_length_643_cov_5.851103	255	335	44	2	80	0.0250000
NODE_20855_length_643_cov_5.851103	255	335	48	22	80	0.2750000
NODE_20855_length_643_cov_5.851103	255	335	50	9	80	0.1125000
NODE_20855_length_643_cov_5.851103	308	388	6	6	80	0.0750000
NODE_20855_length_643_cov_5.851103	308	388	8	20	80	0.2500000
NODE_20855_length_643_cov_5.851103	308	388	14	4	80	0.0500000
NODE_20855_length_643_cov_5.851103	308	388	16	1	80	0.0125000
NODE_20855_length_643_cov_5.851103	308	388	18	20	80	0.2500000
NODE_20855_length_643_cov_5.851103	308	388	20	6	80	0.0750000
NODE_20855_length_643_cov_5.851103	308	388	21	1	80	0.0125000
NODE_20855_length_643_cov_5.851103	308	388	22	7	80	0.0875000
NODE_20855_length_643_cov_5.851103	308	388	24	5	80	0.0625000
NODE_20855_length_643_cov_5.851103	308	388	28	4	80	0.0500000
NODE_20855_length_643_cov_5.851103	308	388	32	6	80	0.0750000
NODE_20869_length_643_cov_3.121324	283	348	0	65	65	1.0000000
NODE_20872_length_643_cov_2.806985	387	451	0	24	64	0.3750000
NODE_20872_length_643_cov_2.806985	387	451	2	40	64	0.6250000
NODE_20942_length_642_cov_36.309392	156	236	0	80	80	1.0000000
NODE_20942_length_642_cov_36.309392	209	289	0	28	80	0.3500000
NODE_20942_length_642_cov_36.309392	209	289	4	52	80	0.6500000
NODE_20943_length_642_cov_27.046041	154	234	0	80	80	1.0000000
NODE_20943_length_642_cov_27.046041	207	287	0	80	80	1.0000000
NODE_20944_length_642_cov_26.290976	209	289	0	80	80	1.0000000
NODE_20944_length_642_cov_26.290976	262	342	0	80	80	1.0000000
NODE_20945_length_642_cov_11.651934	309	389	0	80	80	1.0000000
NODE_20945_length_642_cov_11.651934	362	442	0	80	80	1.0000000
NODE_20947_length_642_cov_6.692449	453	533	0	80	80	1.0000000
NODE_20947_length_642_cov_6.692449	506	586	0	80	80	1.0000000
NODE_20951_length_642_cov_5.933702	260	340	4	4	80	0.0500000
NODE_20951_length_642_cov_5.933702	260	340	6	16	80	0.2000000
NODE_20951_length_642_cov_5.933702	260	340	9	20	80	0.2500000
NODE_20951_length_642_cov_5.933702	260	340	12	29	80	0.3625000
NODE_20951_length_642_cov_5.933702	260	340	14	8	80	0.1000000
NODE_20951_length_642_cov_5.933702	260	340	16	3	80	0.0375000
NODE_20951_length_642_cov_5.933702	313	391	9	2	78	0.0256410
NODE_20951_length_642_cov_5.933702	313	391	12	24	78	0.3076923
NODE_20951_length_642_cov_5.933702	313	391	13	45	78	0.5769231
NODE_20951_length_642_cov_5.933702	313	391	14	6	78	0.0769231
NODE_20951_length_642_cov_5.933702	313	391	15	1	78	0.0128205
NODE_20967_length_642_cov_2.823204	115	158	14	8	43	0.1860465
NODE_20967_length_642_cov_2.823204	115	158	15	8	43	0.1860465
NODE_20967_length_642_cov_2.823204	115	158	16	6	43	0.1395349
NODE_20967_length_642_cov_2.823204	115	158	20	9	43	0.2093023
NODE_20967_length_642_cov_2.823204	115	158	22	1	43	0.0232558
NODE_20967_length_642_cov_2.823204	115	158	23	8	43	0.1860465
NODE_20967_length_642_cov_2.823204	115	158	24	3	43	0.0697674
NODE_20967_length_642_cov_2.823204	245	300	22	6	55	0.1090909
NODE_20967_length_642_cov_2.823204	245	300	25	6	55	0.1090909
NODE_20967_length_642_cov_2.823204	245	300	29	5	55	0.0909091
NODE_20967_length_642_cov_2.823204	245	300	31	2	55	0.0363636
NODE_20967_length_642_cov_2.823204	245	300	33	2	55	0.0363636
NODE_20967_length_642_cov_2.823204	245	300	34	1	55	0.0181818
NODE_20967_length_642_cov_2.823204	245	300	38	5	55	0.0909091
NODE_20967_length_642_cov_2.823204	245	300	39	3	55	0.0545455
NODE_20967_length_642_cov_2.823204	245	300	40	15	55	0.2727273
NODE_20967_length_642_cov_2.823204	245	300	41	3	55	0.0545455
NODE_20967_length_642_cov_2.823204	245	300	42	2	55	0.0363636
NODE_20967_length_642_cov_2.823204	245	300	43	2	55	0.0363636
NODE_20967_length_642_cov_2.823204	245	300	44	1	55	0.0181818
NODE_20967_length_642_cov_2.823204	245	300	45	1	55	0.0181818
NODE_20967_length_642_cov_2.823204	245	300	47	1	55	0.0181818
NODE_20967_length_642_cov_2.823204	329	410	24	1	81	0.0123457
NODE_20967_length_642_cov_2.823204	329	410	26	11	81	0.1358025
NODE_20967_length_642_cov_2.823204	329	410	27	13	81	0.1604938
NODE_20967_length_642_cov_2.823204	329	410	28	9	81	0.1111111
NODE_20967_length_642_cov_2.823204	329	410	29	19	81	0.2345679
NODE_20967_length_642_cov_2.823204	329	410	31	3	81	0.0370370
NODE_20967_length_642_cov_2.823204	329	410	34	4	81	0.0493827
NODE_20967_length_642_cov_2.823204	329	410	36	1	81	0.0123457
NODE_20967_length_642_cov_2.823204	329	410	37	2	81	0.0246914
NODE_20967_length_642_cov_2.823204	329	410	38	3	81	0.0370370
NODE_20967_length_642_cov_2.823204	329	410	40	15	81	0.1851852
NODE_20991_length_642_cov_1.357274	0	75	0	71	75	0.9466667
NODE_20991_length_642_cov_1.357274	0	75	2	4	75	0.0533333
NODE_21018_length_641_cov_38.675277	284	345	32	21	61	0.3442623
NODE_21018_length_641_cov_38.675277	284	345	35	2	61	0.0327869
NODE_21018_length_641_cov_38.675277	284	345	36	1	61	0.0163934
NODE_21018_length_641_cov_38.675277	284	345	37	1	61	0.0163934
NODE_21018_length_641_cov_38.675277	284	345	38	14	61	0.2295082
NODE_21018_length_641_cov_38.675277	284	345	40	1	61	0.0163934
NODE_21018_length_641_cov_38.675277	284	345	42	2	61	0.0327869
NODE_21018_length_641_cov_38.675277	284	345	44	1	61	0.0163934
NODE_21018_length_641_cov_38.675277	284	345	46	1	61	0.0163934
NODE_21018_length_641_cov_38.675277	284	345	53	1	61	0.0163934
NODE_21018_length_641_cov_38.675277	284	345	54	1	61	0.0163934
NODE_21018_length_641_cov_38.675277	284	345	56	2	61	0.0327869
NODE_21018_length_641_cov_38.675277	284	345	62	2	61	0.0327869
NODE_21018_length_641_cov_38.675277	284	345	64	2	61	0.0327869
NODE_21018_length_641_cov_38.675277	284	345	66	1	61	0.0163934
NODE_21018_length_641_cov_38.675277	284	345	68	8	61	0.1311475
NODE_21018_length_641_cov_38.675277	318	369	38	6	51	0.1176471
NODE_21018_length_641_cov_38.675277	318	369	42	2	51	0.0392157
NODE_21018_length_641_cov_38.675277	318	369	44	1	51	0.0196078
NODE_21018_length_641_cov_38.675277	318	369	46	1	51	0.0196078
NODE_21018_length_641_cov_38.675277	318	369	53	1	51	0.0196078
NODE_21018_length_641_cov_38.675277	318	369	54	1	51	0.0196078
NODE_21018_length_641_cov_38.675277	318	369	56	2	51	0.0392157
NODE_21018_length_641_cov_38.675277	318	369	62	2	51	0.0392157
NODE_21018_length_641_cov_38.675277	318	369	64	2	51	0.0392157
NODE_21018_length_641_cov_38.675277	318	369	66	1	51	0.0196078
NODE_21018_length_641_cov_38.675277	318	369	68	32	51	0.6274510
NODE_21019_length_641_cov_15.271218	260	340	0	80	80	1.0000000
NODE_21019_length_641_cov_15.271218	313	393	0	80	80	1.0000000
NODE_21021_length_641_cov_12.584871	363	443	0	80	80	1.0000000
NODE_21021_length_641_cov_12.584871	416	496	0	80	80	1.0000000
NODE_21022_length_641_cov_11.125461	38	118	0	80	80	1.0000000
NODE_21022_length_641_cov_11.125461	91	171	0	80	80	1.0000000
NODE_21025_length_641_cov_7.719557	84	138	0	54	54	1.0000000
NODE_21025_length_641_cov_7.719557	113	193	0	80	80	1.0000000
NODE_21026_length_641_cov_7.675277	232	312	0	80	80	1.0000000
NODE_21026_length_641_cov_7.675277	285	365	0	80	80	1.0000000
NODE_21027_length_641_cov_7.675277	255	335	6	18	80	0.2250000
NODE_21027_length_641_cov_7.675277	255	335	10	2	80	0.0250000
NODE_21027_length_641_cov_7.675277	255	335	12	34	80	0.4250000
NODE_21027_length_641_cov_7.675277	255	335	14	26	80	0.3250000
NODE_21027_length_641_cov_7.675277	308	388	4	6	80	0.0750000
NODE_21027_length_641_cov_7.675277	308	388	8	2	80	0.0250000
NODE_21027_length_641_cov_7.675277	308	388	10	30	80	0.3750000
NODE_21027_length_641_cov_7.675277	308	388	12	12	80	0.1500000
NODE_21027_length_641_cov_7.675277	308	388	14	30	80	0.3750000
NODE_21028_length_641_cov_7.627306	262	342	0	80	80	1.0000000
NODE_21028_length_641_cov_7.627306	315	395	0	80	80	1.0000000
NODE_21029_length_641_cov_7.282288	247	300	0	53	53	1.0000000
NODE_21031_length_641_cov_5.029520	138	218	0	80	80	1.0000000
NODE_21031_length_641_cov_5.029520	191	271	0	80	80	1.0000000
NODE_21034_length_641_cov_4.701107	238	282	10	44	44	1.0000000
NODE_21109_length_640_cov_39.676525	524	597	57	4	73	0.0547945
NODE_21109_length_640_cov_39.676525	524	597	59	1	73	0.0136986
NODE_21109_length_640_cov_39.676525	524	597	62	1	73	0.0136986
NODE_21109_length_640_cov_39.676525	524	597	64	8	73	0.1095890
NODE_21109_length_640_cov_39.676525	524	597	66	6	73	0.0821918
NODE_21109_length_640_cov_39.676525	524	597	71	1	73	0.0136986
NODE_21109_length_640_cov_39.676525	524	597	73	1	73	0.0136986
NODE_21109_length_640_cov_39.676525	524	597	75	4	73	0.0547945
NODE_21109_length_640_cov_39.676525	524	597	77	1	73	0.0136986
NODE_21109_length_640_cov_39.676525	524	597	79	1	73	0.0136986
NODE_21109_length_640_cov_39.676525	524	597	81	4	73	0.0547945
NODE_21109_length_640_cov_39.676525	524	597	84	3	73	0.0410959
NODE_21109_length_640_cov_39.676525	524	597	85	2	73	0.0273973
NODE_21109_length_640_cov_39.676525	524	597	86	4	73	0.0547945
NODE_21109_length_640_cov_39.676525	524	597	88	1	73	0.0136986
NODE_21109_length_640_cov_39.676525	524	597	89	1	73	0.0136986
NODE_21109_length_640_cov_39.676525	524	597	93	4	73	0.0547945
NODE_21109_length_640_cov_39.676525	524	597	94	1	73	0.0136986
NODE_21109_length_640_cov_39.676525	524	597	95	1	73	0.0136986
NODE_21109_length_640_cov_39.676525	524	597	96	3	73	0.0410959
NODE_21109_length_640_cov_39.676525	524	597	98	3	73	0.0410959
NODE_21109_length_640_cov_39.676525	524	597	102	10	73	0.1369863
NODE_21109_length_640_cov_39.676525	524	597	103	1	73	0.0136986
NODE_21109_length_640_cov_39.676525	524	597	104	4	73	0.0547945
NODE_21109_length_640_cov_39.676525	524	597	106	3	73	0.0410959
NODE_21109_length_640_cov_39.676525	564	605	50	4	41	0.0975610
NODE_21109_length_640_cov_39.676525	564	605	55	4	41	0.0975610
NODE_21109_length_640_cov_39.676525	564	605	57	4	41	0.0975610
NODE_21109_length_640_cov_39.676525	564	605	59	1	41	0.0243902
NODE_21109_length_640_cov_39.676525	564	605	62	1	41	0.0243902
NODE_21109_length_640_cov_39.676525	564	605	64	8	41	0.1951219
NODE_21109_length_640_cov_39.676525	564	605	66	6	41	0.1463415
NODE_21109_length_640_cov_39.676525	564	605	71	1	41	0.0243902
NODE_21109_length_640_cov_39.676525	564	605	73	1	41	0.0243902
NODE_21109_length_640_cov_39.676525	564	605	75	4	41	0.0975610
NODE_21109_length_640_cov_39.676525	564	605	77	1	41	0.0243902
NODE_21109_length_640_cov_39.676525	564	605	79	1	41	0.0243902
NODE_21109_length_640_cov_39.676525	564	605	81	4	41	0.0975610
NODE_21109_length_640_cov_39.676525	564	605	84	1	41	0.0243902
NODE_21110_length_640_cov_19.578558	273	353	0	16	80	0.2000000
NODE_21110_length_640_cov_19.578558	273	353	2	64	80	0.8000000
NODE_21110_length_640_cov_19.578558	326	406	0	69	80	0.8625000
NODE_21110_length_640_cov_19.578558	326	406	2	11	80	0.1375000
NODE_21111_length_640_cov_15.717190	178	258	0	80	80	1.0000000
NODE_21111_length_640_cov_15.717190	231	311	0	80	80	1.0000000
NODE_21112_length_640_cov_15.338262	319	399	0	80	80	1.0000000
NODE_21112_length_640_cov_15.338262	372	452	0	80	80	1.0000000
NODE_21113_length_640_cov_9.523105	20	43	0	23	23	1.0000000
NODE_21118_length_640_cov_5.123845	272	335	0	63	63	1.0000000
NODE_21121_length_640_cov_4.410351	254	334	0	80	80	1.0000000
NODE_21121_length_640_cov_4.410351	307	387	0	80	80	1.0000000
NODE_21129_length_640_cov_3.406654	244	324	0	13	80	0.1625000
NODE_21129_length_640_cov_3.406654	244	324	4	67	80	0.8375000
NODE_21140_length_640_cov_2.316081	21	57	0	36	36	1.0000000
NODE_21190_length_639_cov_58.092593	302	377	0	75	75	1.0000000
NODE_21190_length_639_cov_58.092593	350	430	0	80	80	1.0000000
NODE_21191_length_639_cov_32.951852	213	293	2	14	80	0.1750000
NODE_21191_length_639_cov_32.951852	213	293	4	66	80	0.8250000
NODE_21191_length_639_cov_32.951852	266	346	2	67	80	0.8375000
NODE_21191_length_639_cov_32.951852	266	346	4	13	80	0.1625000
NODE_21192_length_639_cov_24.564815	290	370	0	51	80	0.6375000
NODE_21192_length_639_cov_24.564815	290	370	2	29	80	0.3625000
NODE_21192_length_639_cov_24.564815	343	423	0	16	80	0.2000000
NODE_21192_length_639_cov_24.564815	343	423	2	64	80	0.8000000
NODE_21193_length_639_cov_14.448148	288	368	0	80	80	1.0000000
NODE_21193_length_639_cov_14.448148	341	421	0	55	80	0.6875000
NODE_21193_length_639_cov_14.448148	341	421	4	25	80	0.3125000
NODE_21195_length_639_cov_9.001852	265	345	0	80	80	1.0000000
NODE_21195_length_639_cov_9.001852	318	398	0	80	80	1.0000000
NODE_21197_length_639_cov_8.444444	161	241	0	80	80	1.0000000
NODE_21197_length_639_cov_8.444444	214	294	0	80	80	1.0000000
NODE_21202_length_639_cov_6.283333	157	176	0	19	19	1.0000000
NODE_21207_length_639_cov_4.188889	258	335	0	77	77	1.0000000
NODE_21207_length_639_cov_4.188889	308	354	0	46	46	1.0000000
NODE_21213_length_639_cov_3.448148	126	206	0	42	80	0.5250000
NODE_21213_length_639_cov_3.448148	126	206	1	1	80	0.0125000
NODE_21213_length_639_cov_3.448148	126	206	2	37	80	0.4625000
NODE_21213_length_639_cov_3.448148	179	259	2	80	80	1.0000000
NODE_21223_length_639_cov_2.683333	256	288	0	32	32	1.0000000
NODE_21224_length_639_cov_2.555556	189	240	4	3	51	0.0588235
NODE_21224_length_639_cov_2.555556	189	240	6	11	51	0.2156863
NODE_21224_length_639_cov_2.555556	189	240	8	37	51	0.7254902
NODE_21225_length_639_cov_2.477778	562	635	0	2	73	0.0273973
NODE_21225_length_639_cov_2.477778	562	635	2	71	73	0.9726027
NODE_21265_length_639_cov_1.179630	542	564	0	6	22	0.2727273
NODE_21265_length_639_cov_1.179630	542	564	2	16	22	0.7272727
NODE_21269_length_639_cov_1.051852	404	455	0	51	51	1.0000000
NODE_21278_length_638_cov_13.018553	273	353	6	80	80	1.0000000
NODE_21278_length_638_cov_13.018553	326	406	0	40	80	0.5000000
NODE_21278_length_638_cov_13.018553	326	406	4	10	80	0.1250000
NODE_21278_length_638_cov_13.018553	326	406	6	30	80	0.3750000
NODE_21279_length_638_cov_12.656772	343	423	0	80	80	1.0000000
NODE_21279_length_638_cov_12.656772	396	476	0	80	80	1.0000000
NODE_21280_length_638_cov_11.877551	298	378	0	24	80	0.3000000
NODE_21280_length_638_cov_11.877551	298	378	2	3	80	0.0375000
NODE_21280_length_638_cov_11.877551	298	378	4	53	80	0.6625000
NODE_21280_length_638_cov_11.877551	351	431	0	19	80	0.2375000
NODE_21280_length_638_cov_11.877551	351	431	4	61	80	0.7625000
NODE_21281_length_638_cov_8.779221	330	408	0	35	78	0.4487180
NODE_21281_length_638_cov_8.779221	330	408	4	43	78	0.5512820
NODE_21281_length_638_cov_8.779221	383	461	4	78	78	1.0000000
NODE_21284_length_638_cov_5.543599	315	395	0	80	80	1.0000000
NODE_21290_length_638_cov_3.966605	307	387	0	80	80	1.0000000
NODE_21301_length_638_cov_2.786642	157	208	0	51	51	1.0000000
NODE_21301_length_638_cov_2.786642	181	261	0	80	80	1.0000000
NODE_21364_length_637_cov_67.157993	285	365	2	1	80	0.0125000
NODE_21364_length_637_cov_67.157993	285	365	3	70	80	0.8750000
NODE_21364_length_637_cov_67.157993	285	365	4	9	80	0.1125000
NODE_21364_length_637_cov_67.157993	338	418	0	19	80	0.2375000
NODE_21364_length_637_cov_67.157993	338	418	2	21	80	0.2625000
NODE_21364_length_637_cov_67.157993	338	418	3	40	80	0.5000000
NODE_21364_length_637_cov_67.157993	414	494	0	71	80	0.8875000
NODE_21364_length_637_cov_67.157993	414	494	3	1	80	0.0125000
NODE_21364_length_637_cov_67.157993	414	494	4	8	80	0.1000000
NODE_21364_length_637_cov_67.157993	467	547	0	18	80	0.2250000
NODE_21364_length_637_cov_67.157993	467	547	3	1	80	0.0125000
NODE_21364_length_637_cov_67.157993	467	547	4	24	80	0.3000000
NODE_21364_length_637_cov_67.157993	467	547	5	37	80	0.4625000
NODE_21365_length_637_cov_63.029740	195	275	0	80	80	1.0000000
NODE_21365_length_637_cov_63.029740	248	328	0	80	80	1.0000000
NODE_21366_length_637_cov_44.923792	53	133	0	6	80	0.0750000
NODE_21366_length_637_cov_44.923792	53	133	2	74	80	0.9250000
NODE_21366_length_637_cov_44.923792	54	133	0	5	79	0.0632911
NODE_21366_length_637_cov_44.923792	54	133	2	74	79	0.9367089
NODE_21366_length_637_cov_44.923792	106	186	0	48	80	0.6000000
NODE_21366_length_637_cov_44.923792	106	186	2	32	80	0.4000000
NODE_21366_length_637_cov_44.923792	106	186	0	48	80	0.6000000
NODE_21366_length_637_cov_44.923792	106	186	2	32	80	0.4000000
NODE_21366_length_637_cov_44.923792	182	262	0	50	80	0.6250000
NODE_21366_length_637_cov_44.923792	182	262	2	30	80	0.3750000
NODE_21366_length_637_cov_44.923792	235	315	0	12	80	0.1500000
NODE_21366_length_637_cov_44.923792	235	315	2	68	80	0.8500000
NODE_21367_length_637_cov_44.193309	193	273	0	80	80	1.0000000
NODE_21367_length_637_cov_44.193309	246	326	0	80	80	1.0000000
NODE_21368_length_637_cov_37.855019	215	295	2	24	80	0.3000000
NODE_21368_length_637_cov_37.855019	215	295	4	22	80	0.2750000
NODE_21368_length_637_cov_37.855019	215	295	6	34	80	0.4250000
NODE_21368_length_637_cov_37.855019	268	347	4	74	79	0.9367089
NODE_21368_length_637_cov_37.855019	268	347	6	5	79	0.0632911
NODE_21369_length_637_cov_33.957249	332	412	0	34	80	0.4250000
NODE_21369_length_637_cov_33.957249	332	412	4	46	80	0.5750000
NODE_21369_length_637_cov_33.957249	385	465	0	39	80	0.4875000
NODE_21369_length_637_cov_33.957249	385	465	4	41	80	0.5125000
NODE_21370_length_637_cov_23.682156	275	355	0	19	80	0.2375000
NODE_21370_length_637_cov_23.682156	275	355	2	10	80	0.1250000
NODE_21370_length_637_cov_23.682156	275	355	4	51	80	0.6375000
NODE_21370_length_637_cov_23.682156	328	408	0	11	80	0.1375000
NODE_21370_length_637_cov_23.682156	328	408	2	7	80	0.0875000
NODE_21370_length_637_cov_23.682156	328	408	4	62	80	0.7750000
NODE_21371_length_637_cov_19.676580	267	347	0	80	80	1.0000000
NODE_21371_length_637_cov_19.676580	320	400	0	80	80	1.0000000
NODE_21373_length_637_cov_9.182156	226	276	0	50	50	1.0000000
NODE_21373_length_637_cov_9.182156	312	357	0	45	45	1.0000000
NODE_21374_length_637_cov_9.078067	276	357	0	39	81	0.4814815
NODE_21374_length_637_cov_9.078067	276	357	6	3	81	0.0370370
NODE_21374_length_637_cov_9.078067	276	357	8	17	81	0.2098765
NODE_21374_length_637_cov_9.078067	276	357	10	22	81	0.2716049
NODE_21374_length_637_cov_9.078067	330	410	0	80	80	1.0000000
NODE_21375_length_637_cov_8.566914	235	315	0	80	80	1.0000000
NODE_21375_length_637_cov_8.566914	288	368	0	80	80	1.0000000
NODE_21378_length_637_cov_6.652416	337	415	0	8	78	0.1025641
NODE_21378_length_637_cov_6.652416	337	415	4	70	78	0.8974359
NODE_21378_length_637_cov_6.652416	390	472	0	10	82	0.1219512
NODE_21378_length_637_cov_6.652416	390	472	4	72	82	0.8780488
NODE_21385_length_637_cov_4.522305	284	364	0	80	80	1.0000000
NODE_21385_length_637_cov_4.522305	337	417	0	80	80	1.0000000
NODE_21389_length_637_cov_4.131970	292	370	0	78	78	1.0000000
NODE_21389_length_637_cov_4.131970	343	423	0	80	80	1.0000000
NODE_21457_length_636_cov_19.938547	214	294	0	47	80	0.5875000
NODE_21457_length_636_cov_19.938547	214	294	2	33	80	0.4125000
NODE_21457_length_636_cov_19.938547	267	347	2	80	80	1.0000000
NODE_21458_length_636_cov_12.283054	295	375	2	77	80	0.9625000
NODE_21458_length_636_cov_12.283054	295	375	4	3	80	0.0375000
NODE_21458_length_636_cov_12.283054	348	428	0	10	80	0.1250000
NODE_21458_length_636_cov_12.283054	348	428	2	67	80	0.8375000
NODE_21458_length_636_cov_12.283054	348	428	4	3	80	0.0375000
NODE_21460_length_636_cov_8.312849	346	413	2	67	67	1.0000000
NODE_21460_length_636_cov_8.312849	399	479	0	16	80	0.2000000
NODE_21460_length_636_cov_8.312849	399	479	2	64	80	0.8000000
NODE_21467_length_636_cov_4.324022	185	251	2	30	66	0.4545455
NODE_21467_length_636_cov_4.324022	185	251	4	21	66	0.3181818
NODE_21467_length_636_cov_4.324022	185	251	6	15	66	0.2272727
NODE_21467_length_636_cov_4.324022	224	266	2	10	42	0.2380952
NODE_21467_length_636_cov_4.324022	224	266	4	2	42	0.0476190
NODE_21467_length_636_cov_4.324022	224	266	6	30	42	0.7142857
NODE_21467_length_636_cov_4.324022	224	264	2	10	40	0.2500000
NODE_21467_length_636_cov_4.324022	224	264	4	2	40	0.0500000
NODE_21467_length_636_cov_4.324022	224	264	6	28	40	0.7000000
NODE_21539_length_635_cov_45.483209	195	239	158	2	44	0.0454545
NODE_21539_length_635_cov_45.483209	195	239	159	1	44	0.0227273
NODE_21539_length_635_cov_45.483209	195	239	160	3	44	0.0681818
NODE_21539_length_635_cov_45.483209	195	239	161	2	44	0.0454545
NODE_21539_length_635_cov_45.483209	195	239	162	4	44	0.0909091
NODE_21539_length_635_cov_45.483209	195	239	163	1	44	0.0227273
NODE_21539_length_635_cov_45.483209	195	239	164	2	44	0.0454545
NODE_21539_length_635_cov_45.483209	195	239	165	1	44	0.0227273
NODE_21539_length_635_cov_45.483209	195	239	166	1	44	0.0227273
NODE_21539_length_635_cov_45.483209	195	239	167	4	44	0.0909091
NODE_21539_length_635_cov_45.483209	195	239	168	2	44	0.0454545
NODE_21539_length_635_cov_45.483209	195	239	169	2	44	0.0454545
NODE_21539_length_635_cov_45.483209	195	239	170	5	44	0.1136364
NODE_21539_length_635_cov_45.483209	195	239	171	1	44	0.0227273
NODE_21539_length_635_cov_45.483209	195	239	172	3	44	0.0681818
NODE_21539_length_635_cov_45.483209	195	239	173	5	44	0.1136364
NODE_21539_length_635_cov_45.483209	195	239	174	2	44	0.0454545
NODE_21539_length_635_cov_45.483209	195	239	175	2	44	0.0454545
NODE_21539_length_635_cov_45.483209	195	239	177	1	44	0.0227273
NODE_21539_length_635_cov_45.483209	225	268	140	1	43	0.0232558
NODE_21539_length_635_cov_45.483209	225	268	148	2	43	0.0465116
NODE_21539_length_635_cov_45.483209	225	268	162	1	43	0.0232558
NODE_21539_length_635_cov_45.483209	225	268	163	1	43	0.0232558
NODE_21539_length_635_cov_45.483209	225	268	164	3	43	0.0697674
NODE_21539_length_635_cov_45.483209	225	268	165	5	43	0.1162791
NODE_21539_length_635_cov_45.483209	225	268	166	11	43	0.2558140
NODE_21539_length_635_cov_45.483209	225	268	167	2	43	0.0465116
NODE_21539_length_635_cov_45.483209	225	268	168	8	43	0.1860465
NODE_21539_length_635_cov_45.483209	225	268	169	1	43	0.0232558
NODE_21539_length_635_cov_45.483209	225	268	170	2	43	0.0465116
NODE_21539_length_635_cov_45.483209	225	268	171	1	43	0.0232558
NODE_21539_length_635_cov_45.483209	225	268	173	5	43	0.1162791
NODE_21539_length_635_cov_45.483209	248	298	88	1	50	0.0200000
NODE_21539_length_635_cov_45.483209	248	298	90	2	50	0.0400000
NODE_21539_length_635_cov_45.483209	248	298	91	2	50	0.0400000
NODE_21539_length_635_cov_45.483209	248	298	101	5	50	0.1000000
NODE_21539_length_635_cov_45.483209	248	298	110	1	50	0.0200000
NODE_21539_length_635_cov_45.483209	248	298	115	1	50	0.0200000
NODE_21539_length_635_cov_45.483209	248	298	116	1	50	0.0200000
NODE_21539_length_635_cov_45.483209	248	298	124	3	50	0.0600000
NODE_21539_length_635_cov_45.483209	248	298	133	2	50	0.0400000
NODE_21539_length_635_cov_45.483209	248	298	134	2	50	0.0400000
NODE_21539_length_635_cov_45.483209	248	298	136	3	50	0.0600000
NODE_21539_length_635_cov_45.483209	248	298	138	1	50	0.0200000
NODE_21539_length_635_cov_45.483209	248	298	140	7	50	0.1400000
NODE_21539_length_635_cov_45.483209	248	298	148	2	50	0.0400000
NODE_21539_length_635_cov_45.483209	248	298	162	1	50	0.0200000
NODE_21539_length_635_cov_45.483209	248	298	164	2	50	0.0400000
NODE_21539_length_635_cov_45.483209	248	298	165	4	50	0.0800000
NODE_21539_length_635_cov_45.483209	248	298	166	6	50	0.1200000
NODE_21539_length_635_cov_45.483209	248	298	168	4	50	0.0800000
NODE_21541_length_635_cov_23.895522	179	259	0	80	80	1.0000000
NODE_21541_length_635_cov_23.895522	232	312	0	80	80	1.0000000
NODE_21543_length_635_cov_14.772388	48	128	0	17	80	0.2125000
NODE_21543_length_635_cov_14.772388	48	128	2	63	80	0.7875000
NODE_21543_length_635_cov_14.772388	101	181	0	70	80	0.8750000
NODE_21543_length_635_cov_14.772388	101	181	2	10	80	0.1250000
NODE_21549_length_635_cov_6.180970	276	356	0	80	80	1.0000000
NODE_21549_length_635_cov_6.180970	329	409	0	80	80	1.0000000
NODE_21554_length_635_cov_4.421642	442	522	0	80	80	1.0000000
NODE_21560_length_635_cov_2.985075	296	376	16	2	80	0.0250000
NODE_21560_length_635_cov_2.985075	296	376	20	1	80	0.0125000
NODE_21560_length_635_cov_2.985075	296	376	22	4	80	0.0500000
NODE_21560_length_635_cov_2.985075	296	376	24	1	80	0.0125000
NODE_21560_length_635_cov_2.985075	296	376	29	2	80	0.0250000
NODE_21560_length_635_cov_2.985075	296	376	31	2	80	0.0250000
NODE_21560_length_635_cov_2.985075	296	376	33	34	80	0.4250000
NODE_21560_length_635_cov_2.985075	296	376	34	1	80	0.0125000
NODE_21560_length_635_cov_2.985075	296	376	36	24	80	0.3000000
NODE_21560_length_635_cov_2.985075	296	376	38	3	80	0.0375000
NODE_21560_length_635_cov_2.985075	296	376	40	6	80	0.0750000
NODE_21625_length_634_cov_53.315888	349	429	0	29	80	0.3625000
NODE_21625_length_634_cov_53.315888	349	429	4	51	80	0.6375000
NODE_21625_length_634_cov_53.315888	402	482	0	12	80	0.1500000
NODE_21625_length_634_cov_53.315888	402	482	4	68	80	0.8500000
NODE_21626_length_634_cov_28.530841	156	236	6	80	80	1.0000000
NODE_21626_length_634_cov_28.530841	209	289	0	19	80	0.2375000
NODE_21626_length_634_cov_28.530841	209	289	6	61	80	0.7625000
NODE_21627_length_634_cov_19.117757	151	229	0	78	78	1.0000000
NODE_21627_length_634_cov_19.117757	204	268	0	64	64	1.0000000
NODE_21628_length_634_cov_18.762617	84	164	2	16	80	0.2000000
NODE_21628_length_634_cov_18.762617	84	164	4	37	80	0.4625000
NODE_21628_length_634_cov_18.762617	84	164	6	27	80	0.3375000
NODE_21628_length_634_cov_18.762617	137	217	0	25	80	0.3125000
NODE_21628_length_634_cov_18.762617	137	217	2	44	80	0.5500000
NODE_21628_length_634_cov_18.762617	137	217	6	11	80	0.1375000
NODE_21629_length_634_cov_18.136449	162	242	0	71	80	0.8875000
NODE_21629_length_634_cov_18.136449	162	242	2	9	80	0.1125000
NODE_21629_length_634_cov_18.136449	215	295	0	18	80	0.2250000
NODE_21629_length_634_cov_18.136449	215	295	2	62	80	0.7750000
NODE_21635_length_634_cov_9.988785	508	553	0	5	45	0.1111111
NODE_21635_length_634_cov_9.988785	508	553	2	1	45	0.0222222
NODE_21635_length_634_cov_9.988785	508	553	3	39	45	0.8666667
NODE_21636_length_634_cov_9.381308	267	353	0	86	86	1.0000000
NODE_21636_length_634_cov_9.381308	324	404	0	80	80	1.0000000
NODE_21651_length_634_cov_3.702804	460	532	0	72	72	1.0000000
NODE_21720_length_633_cov_30.076779	180	214	0	34	34	1.0000000
NODE_21720_length_633_cov_30.076779	187	267	0	80	80	1.0000000
NODE_21720_length_633_cov_30.076779	263	343	0	80	80	1.0000000
NODE_21720_length_633_cov_30.076779	316	396	0	80	80	1.0000000
NODE_21721_length_633_cov_17.595506	282	362	0	80	80	1.0000000
NODE_21721_length_633_cov_17.595506	335	415	0	80	80	1.0000000
NODE_21722_length_633_cov_17.327715	228	308	0	80	80	1.0000000
NODE_21722_length_633_cov_17.327715	281	361	0	80	80	1.0000000
NODE_21723_length_633_cov_9.689139	79	147	8	4	68	0.0588235
NODE_21723_length_633_cov_9.689139	79	147	10	2	68	0.0294118
NODE_21723_length_633_cov_9.689139	79	147	16	3	68	0.0441176
NODE_21723_length_633_cov_9.689139	79	147	18	3	68	0.0441176
NODE_21723_length_633_cov_9.689139	79	147	22	1	68	0.0147059
NODE_21723_length_633_cov_9.689139	79	147	24	7	68	0.1029412
NODE_21723_length_633_cov_9.689139	79	147	26	5	68	0.0735294
NODE_21723_length_633_cov_9.689139	79	147	28	13	68	0.1911765
NODE_21723_length_633_cov_9.689139	79	147	33	1	68	0.0147059
NODE_21723_length_633_cov_9.689139	79	147	34	2	68	0.0294118
NODE_21723_length_633_cov_9.689139	79	147	36	24	68	0.3529412
NODE_21723_length_633_cov_9.689139	79	147	38	3	68	0.0441176
NODE_21729_length_633_cov_7.018727	309	389	0	14	80	0.1750000
NODE_21729_length_633_cov_7.018727	309	389	2	66	80	0.8250000
NODE_21729_length_633_cov_7.018727	362	442	2	70	80	0.8750000
NODE_21729_length_633_cov_7.018727	362	442	4	10	80	0.1250000
NODE_21755_length_633_cov_2.644195	166	240	0	17	74	0.2297297
NODE_21755_length_633_cov_2.644195	166	240	2	17	74	0.2297297
NODE_21755_length_633_cov_2.644195	166	240	4	40	74	0.5405405
NODE_21816_length_632_cov_25.425891	332	412	0	80	80	1.0000000
NODE_21816_length_632_cov_25.425891	385	465	0	80	80	1.0000000
NODE_21817_length_632_cov_21.613508	243	323	0	20	80	0.2500000
NODE_21817_length_632_cov_21.613508	243	323	2	20	80	0.2500000
NODE_21817_length_632_cov_21.613508	243	323	6	40	80	0.5000000
NODE_21817_length_632_cov_21.613508	296	376	0	1	80	0.0125000
NODE_21817_length_632_cov_21.613508	296	376	4	39	80	0.4875000
NODE_21817_length_632_cov_21.613508	296	376	6	40	80	0.5000000
NODE_21818_length_632_cov_16.465291	293	373	0	80	80	1.0000000
NODE_21818_length_632_cov_16.465291	346	426	0	80	80	1.0000000
NODE_21819_length_632_cov_13.260788	232	312	0	59	80	0.7375000
NODE_21819_length_632_cov_13.260788	232	312	6	13	80	0.1625000
NODE_21819_length_632_cov_13.260788	232	312	8	8	80	0.1000000
NODE_21819_length_632_cov_13.260788	285	365	0	6	80	0.0750000
NODE_21819_length_632_cov_13.260788	285	365	6	13	80	0.1625000
NODE_21819_length_632_cov_13.260788	285	365	8	61	80	0.7625000
NODE_21821_length_632_cov_9.106942	188	268	0	80	80	1.0000000
NODE_21821_length_632_cov_9.106942	241	321	0	80	80	1.0000000
NODE_21834_length_632_cov_4.135084	229	309	0	80	80	1.0000000
NODE_21834_length_632_cov_4.135084	282	359	0	77	77	1.0000000
NODE_21841_length_632_cov_2.939962	216	274	10	58	58	1.0000000
NODE_21841_length_632_cov_2.939962	247	327	6	15	80	0.1875000
NODE_21841_length_632_cov_2.939962	247	327	8	29	80	0.3625000
NODE_21841_length_632_cov_2.939962	247	327	10	36	80	0.4500000
NODE_21848_length_632_cov_2.330206	57	76	0	19	19	1.0000000
NODE_21912_length_631_cov_31.469925	321	396	0	8	75	0.1066667
NODE_21912_length_631_cov_31.469925	321	396	2	67	75	0.8933333
NODE_21912_length_631_cov_31.469925	369	449	0	28	80	0.3500000
NODE_21912_length_631_cov_31.469925	369	449	2	52	80	0.6500000
NODE_21913_length_631_cov_26.453008	383	463	0	80	80	1.0000000
NODE_21913_length_631_cov_26.453008	436	516	0	80	80	1.0000000
NODE_21917_length_631_cov_8.374060	318	398	0	31	80	0.3875000
NODE_21917_length_631_cov_8.374060	318	398	2	49	80	0.6125000
NODE_21917_length_631_cov_8.374060	371	451	0	80	80	1.0000000
NODE_21924_length_631_cov_5.507519	335	386	0	1	51	0.0196078
NODE_21924_length_631_cov_5.507519	335	386	2	17	51	0.3333333
NODE_21924_length_631_cov_5.507519	335	386	4	33	51	0.6470588
NODE_21927_length_631_cov_5.227444	443	523	0	54	80	0.6750000
NODE_21927_length_631_cov_5.227444	443	523	4	26	80	0.3250000
NODE_21927_length_631_cov_5.227444	496	576	0	8	80	0.1000000
NODE_21927_length_631_cov_5.227444	496	576	4	72	80	0.9000000
NODE_21942_length_631_cov_2.926692	307	354	0	47	47	1.0000000
NODE_21983_length_631_cov_1.383459	248	267	0	19	19	1.0000000
NODE_22011_length_630_cov_41.728814	6	86	0	80	80	1.0000000
NODE_22011_length_630_cov_41.728814	59	139	0	80	80	1.0000000
NODE_22012_length_630_cov_24.856874	421	501	0	80	80	1.0000000
NODE_22012_length_630_cov_24.856874	474	554	0	80	80	1.0000000
NODE_22013_length_630_cov_14.323917	196	276	2	79	80	0.9875000
NODE_22013_length_630_cov_14.323917	196	276	4	1	80	0.0125000
NODE_22013_length_630_cov_14.323917	249	329	2	79	80	0.9875000
NODE_22013_length_630_cov_14.323917	249	329	4	1	80	0.0125000
NODE_22014_length_630_cov_9.964218	284	364	0	80	80	1.0000000
NODE_22014_length_630_cov_9.964218	337	417	0	80	80	1.0000000
NODE_22086_length_629_cov_38.271698	288	368	0	17	80	0.2125000
NODE_22086_length_629_cov_38.271698	288	368	2	63	80	0.7875000
NODE_22086_length_629_cov_38.271698	341	421	0	42	80	0.5250000
NODE_22086_length_629_cov_38.271698	341	421	2	38	80	0.4750000
NODE_22087_length_629_cov_27.556604	212	292	0	80	80	1.0000000
NODE_22087_length_629_cov_27.556604	265	345	0	45	80	0.5625000
NODE_22087_length_629_cov_27.556604	265	345	1	1	80	0.0125000
NODE_22087_length_629_cov_27.556604	265	345	3	34	80	0.4250000
NODE_22088_length_629_cov_24.150943	356	436	14	52	80	0.6500000
NODE_22088_length_629_cov_24.150943	356	436	16	28	80	0.3500000
NODE_22088_length_629_cov_24.150943	409	489	0	3	80	0.0375000
NODE_22088_length_629_cov_24.150943	409	489	1	30	80	0.3750000
NODE_22088_length_629_cov_24.150943	409	489	7	7	80	0.0875000
NODE_22088_length_629_cov_24.150943	409	489	13	1	80	0.0125000
NODE_22088_length_629_cov_24.150943	409	489	14	39	80	0.4875000
NODE_22091_length_629_cov_13.641509	176	256	0	80	80	1.0000000
NODE_22091_length_629_cov_13.641509	229	309	0	80	80	1.0000000
NODE_22101_length_629_cov_4.264151	362	442	0	1	80	0.0125000
NODE_22101_length_629_cov_4.264151	362	442	2	22	80	0.2750000
NODE_22101_length_629_cov_4.264151	362	442	4	24	80	0.3000000
NODE_22101_length_629_cov_4.264151	362	442	6	33	80	0.4125000
NODE_22188_length_628_cov_5.015123	210	274	6	11	64	0.1718750
NODE_22188_length_628_cov_5.015123	210	274	8	18	64	0.2812500
NODE_22188_length_628_cov_5.015123	210	274	10	6	64	0.0937500
NODE_22188_length_628_cov_5.015123	210	274	12	29	64	0.4531250
NODE_22257_length_627_cov_24.500000	217	297	0	69	80	0.8625000
NODE_22257_length_627_cov_24.500000	217	297	2	11	80	0.1375000
NODE_22257_length_627_cov_24.500000	270	350	0	80	80	1.0000000
NODE_22258_length_627_cov_20.395833	84	164	0	80	80	1.0000000
NODE_22258_length_627_cov_20.395833	137	217	0	80	80	1.0000000
NODE_22259_length_627_cov_19.676136	308	388	0	43	80	0.5375000
NODE_22259_length_627_cov_19.676136	308	388	4	13	80	0.1625000
NODE_22259_length_627_cov_19.676136	308	388	10	24	80	0.3000000
NODE_22259_length_627_cov_19.676136	361	441	4	3	80	0.0375000
NODE_22259_length_627_cov_19.676136	361	441	6	9	80	0.1125000
NODE_22259_length_627_cov_19.676136	361	441	9	1	80	0.0125000
NODE_22259_length_627_cov_19.676136	361	441	10	67	80	0.8375000
NODE_22260_length_627_cov_17.634470	264	296	0	32	32	1.0000000
NODE_22260_length_627_cov_17.634470	360	385	0	25	25	1.0000000
NODE_22260_length_627_cov_17.634470	365	385	0	20	20	1.0000000
NODE_22260_length_627_cov_17.634470	385	424	2	39	39	1.0000000
NODE_22267_length_627_cov_5.634470	298	346	2	16	48	0.3333333
NODE_22267_length_627_cov_5.634470	298	346	4	13	48	0.2708333
NODE_22267_length_627_cov_5.634470	298	346	6	19	48	0.3958333
NODE_22274_length_627_cov_4.517045	323	403	0	80	80	1.0000000
NODE_22274_length_627_cov_4.517045	376	456	0	80	80	1.0000000
NODE_22357_length_626_cov_24.184061	140	220	0	9	80	0.1125000
NODE_22357_length_626_cov_24.184061	140	220	4	71	80	0.8875000
NODE_22357_length_626_cov_24.184061	193	273	0	45	80	0.5625000
NODE_22357_length_626_cov_24.184061	193	273	2	3	80	0.0375000
NODE_22357_length_626_cov_24.184061	193	273	4	32	80	0.4000000
NODE_22358_length_626_cov_21.189753	342	419	0	55	77	0.7142857
NODE_22358_length_626_cov_21.189753	342	419	2	18	77	0.2337662
NODE_22358_length_626_cov_21.189753	342	419	4	4	77	0.0519481
NODE_22358_length_626_cov_21.189753	342	419	0	55	77	0.7142857
NODE_22358_length_626_cov_21.189753	342	419	2	18	77	0.2337662
NODE_22358_length_626_cov_21.189753	342	419	4	4	77	0.0519481
NODE_22358_length_626_cov_21.189753	392	453	0	15	61	0.2459016
NODE_22358_length_626_cov_21.189753	392	453	2	8	61	0.1311475
NODE_22358_length_626_cov_21.189753	392	453	4	38	61	0.6229508
NODE_22364_length_626_cov_7.100569	236	311	0	75	75	1.0000000
NODE_22364_length_626_cov_7.100569	284	364	0	80	80	1.0000000
NODE_22366_length_626_cov_6.296015	193	273	0	31	80	0.3875000
NODE_22366_length_626_cov_6.296015	193	273	2	49	80	0.6125000
NODE_22366_length_626_cov_6.296015	246	326	0	80	80	1.0000000
NODE_22367_length_626_cov_6.163188	257	337	2	80	80	1.0000000
NODE_22367_length_626_cov_6.163188	310	390	0	39	80	0.4875000
NODE_22367_length_626_cov_6.163188	310	390	1	6	80	0.0750000
NODE_22367_length_626_cov_6.163188	310	390	2	35	80	0.4375000
NODE_22438_length_625_cov_33.100760	239	319	0	80	80	1.0000000
NODE_22438_length_625_cov_33.100760	292	372	0	80	80	1.0000000
NODE_22438_length_625_cov_33.100760	368	448	0	80	80	1.0000000
NODE_22438_length_625_cov_33.100760	421	501	0	80	80	1.0000000
NODE_22439_length_625_cov_21.062738	267	347	0	80	80	1.0000000
NODE_22439_length_625_cov_21.062738	320	400	0	80	80	1.0000000
NODE_22440_length_625_cov_14.237643	28	108	0	16	80	0.2000000
NODE_22440_length_625_cov_14.237643	28	108	2	64	80	0.8000000
NODE_22440_length_625_cov_14.237643	81	161	2	80	80	1.0000000
NODE_22441_length_625_cov_14.207224	358	438	0	26	80	0.3250000
NODE_22441_length_625_cov_14.207224	358	438	6	54	80	0.6750000
NODE_22441_length_625_cov_14.207224	411	491	6	80	80	1.0000000
NODE_22455_length_625_cov_4.157795	548	600	0	52	52	1.0000000
NODE_22466_length_625_cov_2.929658	118	198	0	78	80	0.9750000
NODE_22466_length_625_cov_2.929658	118	198	2	2	80	0.0250000
NODE_22466_length_625_cov_2.929658	171	251	0	25	80	0.3125000
NODE_22466_length_625_cov_2.929658	171	251	2	55	80	0.6875000
NODE_22491_length_625_cov_1.570342	471	502	0	31	31	1.0000000
NODE_22542_length_624_cov_9.598095	77	126	0	49	49	1.0000000
NODE_22542_length_624_cov_9.598095	103	183	0	80	80	1.0000000
NODE_22544_length_624_cov_8.485714	271	351	4	13	80	0.1625000
NODE_22544_length_624_cov_8.485714	271	351	8	67	80	0.8375000
NODE_22544_length_624_cov_8.485714	324	404	0	10	80	0.1250000
NODE_22544_length_624_cov_8.485714	324	404	4	26	80	0.3250000
NODE_22544_length_624_cov_8.485714	324	404	8	44	80	0.5500000
NODE_22546_length_624_cov_6.691429	386	466	0	80	80	1.0000000
NODE_22546_length_624_cov_6.691429	439	519	0	80	80	1.0000000
NODE_22547_length_624_cov_5.592381	312	387	0	20	75	0.2666667
NODE_22547_length_624_cov_5.592381	312	387	2	49	75	0.6533333
NODE_22547_length_624_cov_5.592381	312	387	6	6	75	0.0800000
NODE_22551_length_624_cov_4.638095	328	388	2	60	60	1.0000000
NODE_22642_length_623_cov_41.877863	419	499	6	64	80	0.8000000
NODE_22642_length_623_cov_41.877863	419	499	8	16	80	0.2000000
NODE_22642_length_623_cov_41.877863	472	552	2	52	80	0.6500000
NODE_22642_length_623_cov_41.877863	472	552	6	11	80	0.1375000
NODE_22642_length_623_cov_41.877863	472	552	8	17	80	0.2125000
NODE_22643_length_623_cov_31.875954	148	228	0	80	80	1.0000000
NODE_22643_length_623_cov_31.875954	201	281	0	37	80	0.4625000
NODE_22643_length_623_cov_31.875954	201	281	4	43	80	0.5375000
NODE_22644_length_623_cov_31.192748	313	393	0	80	80	1.0000000
NODE_22644_length_623_cov_31.192748	366	446	0	80	80	1.0000000
NODE_22645_length_623_cov_20.187023	287	367	0	80	80	1.0000000
NODE_22645_length_623_cov_20.187023	340	420	0	80	80	1.0000000
NODE_22646_length_623_cov_12.045802	377	457	0	80	80	1.0000000
NODE_22646_length_623_cov_12.045802	430	510	0	80	80	1.0000000
NODE_22668_length_623_cov_2.891221	457	535	0	40	78	0.5128205
NODE_22668_length_623_cov_2.891221	457	535	2	38	78	0.4871795
NODE_22725_length_622_cov_19.042065	368	448	4	80	80	1.0000000
NODE_22725_length_622_cov_19.042065	421	501	0	50	80	0.6250000
NODE_22725_length_622_cov_19.042065	421	501	4	30	80	0.3750000
NODE_22726_length_622_cov_13.470363	109	189	0	12	80	0.1500000
NODE_22726_length_622_cov_13.470363	109	189	2	12	80	0.1500000
NODE_22726_length_622_cov_13.470363	109	189	6	56	80	0.7000000
NODE_22726_length_622_cov_13.470363	162	242	0	8	80	0.1000000
NODE_22726_length_622_cov_13.470363	162	242	4	22	80	0.2750000
NODE_22726_length_622_cov_13.470363	162	242	6	50	80	0.6250000
NODE_22752_length_622_cov_2.407266	94	170	0	37	76	0.4868421
NODE_22752_length_622_cov_2.407266	94	170	2	3	76	0.0394737
NODE_22752_length_622_cov_2.407266	94	170	4	36	76	0.4736842
NODE_22796_length_622_cov_1.353728	346	376	2	3	30	0.1000000
NODE_22796_length_622_cov_1.353728	346	376	4	27	30	0.9000000
NODE_22819_length_621_cov_46.247126	0	52	0	52	52	1.0000000
NODE_22819_length_621_cov_46.247126	25	105	0	80	80	1.0000000
NODE_22819_length_621_cov_46.247126	101	181	0	80	80	1.0000000
NODE_22819_length_621_cov_46.247126	154	234	0	80	80	1.0000000
NODE_22820_length_621_cov_45.764368	344	424	2	2	80	0.0250000
NODE_22820_length_621_cov_45.764368	344	424	8	12	80	0.1500000
NODE_22820_length_621_cov_45.764368	344	424	9	7	80	0.0875000
NODE_22820_length_621_cov_45.764368	344	424	10	18	80	0.2250000
NODE_22820_length_621_cov_45.764368	344	424	11	33	80	0.4125000
NODE_22820_length_621_cov_45.764368	344	424	12	8	80	0.1000000
NODE_22820_length_621_cov_45.764368	397	477	0	7	80	0.0875000
NODE_22820_length_621_cov_45.764368	397	477	6	1	80	0.0125000
NODE_22820_length_621_cov_45.764368	397	477	7	40	80	0.5000000
NODE_22820_length_621_cov_45.764368	397	477	8	16	80	0.2000000
NODE_22820_length_621_cov_45.764368	397	477	10	16	80	0.2000000
NODE_22821_length_621_cov_35.147510	393	473	0	80	80	1.0000000
NODE_22821_length_621_cov_35.147510	446	526	0	80	80	1.0000000
NODE_22822_length_621_cov_13.842912	231	311	0	80	80	1.0000000
NODE_22822_length_621_cov_13.842912	284	364	0	80	80	1.0000000
NODE_22825_length_621_cov_6.279693	376	406	0	30	30	1.0000000
NODE_22845_length_621_cov_2.645594	367	426	0	59	59	1.0000000
NODE_22914_length_620_cov_23.913628	433	513	0	3	80	0.0375000
NODE_22914_length_620_cov_23.913628	433	513	4	77	80	0.9625000
NODE_22914_length_620_cov_23.913628	486	566	0	56	80	0.7000000
NODE_22914_length_620_cov_23.913628	486	566	4	24	80	0.3000000
NODE_22915_length_620_cov_9.222649	186	266	0	80	80	1.0000000
NODE_22915_length_620_cov_9.222649	239	319	0	80	80	1.0000000
NODE_22919_length_620_cov_7.804223	57	137	6	23	80	0.2875000
NODE_22919_length_620_cov_7.804223	57	137	10	57	80	0.7125000
NODE_22919_length_620_cov_7.804223	110	190	0	28	80	0.3500000
NODE_22919_length_620_cov_7.804223	110	190	4	6	80	0.0750000
NODE_22919_length_620_cov_7.804223	110	190	5	3	80	0.0375000
NODE_22919_length_620_cov_7.804223	110	190	9	1	80	0.0125000
NODE_22919_length_620_cov_7.804223	110	190	10	42	80	0.5250000
NODE_22920_length_620_cov_6.909789	199	279	0	11	80	0.1375000
NODE_22920_length_620_cov_6.909789	199	279	4	69	80	0.8625000
NODE_22920_length_620_cov_6.909789	252	332	2	10	80	0.1250000
NODE_22920_length_620_cov_6.909789	252	332	4	35	80	0.4375000
NODE_22920_length_620_cov_6.909789	252	332	6	35	80	0.4375000
NODE_22930_length_620_cov_4.560461	309	347	26	38	38	1.0000000
NODE_22930_length_620_cov_4.560461	395	421	6	20	26	0.7692308
NODE_22930_length_620_cov_4.560461	395	421	10	4	26	0.1538462
NODE_22930_length_620_cov_4.560461	395	421	12	2	26	0.0769231
NODE_22930_length_620_cov_4.560461	395	451	0	10	56	0.1785714
NODE_22930_length_620_cov_4.560461	395	451	2	5	56	0.0892857
NODE_22930_length_620_cov_4.560461	395	451	4	15	56	0.2678571
NODE_22930_length_620_cov_4.560461	395	451	6	20	56	0.3571429
NODE_22930_length_620_cov_4.560461	395	451	10	4	56	0.0714286
NODE_22930_length_620_cov_4.560461	395	451	12	2	56	0.0357143
NODE_23031_length_619_cov_26.309615	118	198	0	80	80	1.0000000
NODE_23031_length_619_cov_26.309615	171	251	0	80	80	1.0000000
NODE_23033_length_619_cov_10.417308	427	487	8	60	60	1.0000000
NODE_23034_length_619_cov_7.944231	213	293	0	80	80	1.0000000
NODE_23034_length_619_cov_7.944231	266	346	0	36	80	0.4500000
NODE_23034_length_619_cov_7.944231	266	346	2	44	80	0.5500000
NODE_23135_length_618_cov_14.477842	223	299	0	47	76	0.6184211
NODE_23135_length_618_cov_14.477842	223	299	2	1	76	0.0131579
NODE_23135_length_618_cov_14.477842	223	299	6	21	76	0.2763158
NODE_23135_length_618_cov_14.477842	223	299	10	1	76	0.0131579
NODE_23135_length_618_cov_14.477842	223	299	11	3	76	0.0394737
NODE_23135_length_618_cov_14.477842	223	299	12	3	76	0.0394737
NODE_23135_length_618_cov_14.477842	223	299	0	47	76	0.6184211
NODE_23135_length_618_cov_14.477842	223	299	2	1	76	0.0131579
NODE_23135_length_618_cov_14.477842	223	299	6	21	76	0.2763158
NODE_23135_length_618_cov_14.477842	223	299	10	1	76	0.0131579
NODE_23135_length_618_cov_14.477842	223	299	11	3	76	0.0394737
NODE_23135_length_618_cov_14.477842	223	299	12	3	76	0.0394737
NODE_23135_length_618_cov_14.477842	276	337	6	23	61	0.3770492
NODE_23135_length_618_cov_14.477842	276	337	10	1	61	0.0163934
NODE_23135_length_618_cov_14.477842	276	337	11	3	61	0.0491803
NODE_23135_length_618_cov_14.477842	276	337	12	34	61	0.5573770
NODE_23136_length_618_cov_13.840077	377	457	0	80	80	1.0000000
NODE_23136_length_618_cov_13.840077	430	510	0	80	80	1.0000000
NODE_23137_length_618_cov_12.048170	348	428	8	61	80	0.7625000
NODE_23137_length_618_cov_12.048170	348	428	10	19	80	0.2375000
NODE_23137_length_618_cov_12.048170	401	481	0	49	80	0.6125000
NODE_23137_length_618_cov_12.048170	401	481	8	31	80	0.3875000
NODE_23138_length_618_cov_8.799615	353	433	0	80	80	1.0000000
NODE_23138_length_618_cov_8.799615	406	486	0	80	80	1.0000000
NODE_23147_length_618_cov_3.793834	412	478	0	42	66	0.6363636
NODE_23147_length_618_cov_3.793834	412	478	2	24	66	0.3636364
NODE_23148_length_618_cov_3.761079	305	385	0	1	80	0.0125000
NODE_23148_length_618_cov_3.761079	305	385	2	79	80	0.9875000
NODE_23252_length_617_cov_29.565637	378	458	4	22	80	0.2750000
NODE_23252_length_617_cov_29.565637	378	458	6	58	80	0.7250000
NODE_23252_length_617_cov_29.565637	431	511	0	36	80	0.4500000
NODE_23252_length_617_cov_29.565637	431	511	2	17	80	0.2125000
NODE_23252_length_617_cov_29.565637	431	511	4	5	80	0.0625000
NODE_23252_length_617_cov_29.565637	431	511	6	22	80	0.2750000
NODE_23253_length_617_cov_16.781853	253	333	0	13	80	0.1625000
NODE_23253_length_617_cov_16.781853	253	333	4	47	80	0.5875000
NODE_23253_length_617_cov_16.781853	253	333	8	20	80	0.2500000
NODE_23253_length_617_cov_16.781853	306	386	4	36	80	0.4500000
NODE_23253_length_617_cov_16.781853	306	386	8	44	80	0.5500000
NODE_23254_length_617_cov_9.175676	373	453	0	10	80	0.1250000
NODE_23254_length_617_cov_9.175676	373	453	3	50	80	0.6250000
NODE_23254_length_617_cov_9.175676	373	453	4	20	80	0.2500000
NODE_23254_length_617_cov_9.175676	426	506	0	14	80	0.1750000
NODE_23254_length_617_cov_9.175676	426	506	3	7	80	0.0875000
NODE_23254_length_617_cov_9.175676	426	506	4	59	80	0.7375000
NODE_23255_length_617_cov_8.774131	320	406	0	42	86	0.4883721
NODE_23255_length_617_cov_8.774131	320	406	4	44	86	0.5116279
NODE_23255_length_617_cov_8.774131	379	458	4	79	79	1.0000000
NODE_23257_length_617_cov_8.416988	359	439	2	3	80	0.0375000
NODE_23257_length_617_cov_8.416988	359	439	7	77	80	0.9625000
NODE_23257_length_617_cov_8.416988	412	492	0	21	80	0.2625000
NODE_23257_length_617_cov_8.416988	412	492	2	35	80	0.4375000
NODE_23257_length_617_cov_8.416988	412	492	7	24	80	0.3000000
NODE_23259_length_617_cov_7.683398	197	275	0	78	78	1.0000000
NODE_23259_length_617_cov_7.683398	250	330	0	80	80	1.0000000
NODE_23263_length_617_cov_5.330116	288	360	0	57	72	0.7916667
NODE_23263_length_617_cov_5.330116	288	360	2	15	72	0.2083333
NODE_23263_length_617_cov_5.330116	333	413	0	80	80	1.0000000
NODE_23302_length_617_cov_1.967181	384	430	0	12	46	0.2608696
NODE_23302_length_617_cov_1.967181	384	430	2	34	46	0.7391304
NODE_23311_length_617_cov_1.847490	273	344	0	3	71	0.0422535
NODE_23311_length_617_cov_1.847490	273	344	2	20	71	0.2816902
NODE_23311_length_617_cov_1.847490	273	344	4	48	71	0.6760563
NODE_23331_length_617_cov_1.322394	269	318	62	3	49	0.0612245
NODE_23331_length_617_cov_1.322394	269	318	64	19	49	0.3877551
NODE_23331_length_617_cov_1.322394	269	318	66	22	49	0.4489796
NODE_23331_length_617_cov_1.322394	269	318	68	5	49	0.1020408
NODE_23365_length_616_cov_15.914894	292	370	0	11	78	0.1410256
NODE_23365_length_616_cov_15.914894	292	370	3	15	78	0.1923077
NODE_23365_length_616_cov_15.914894	292	370	4	52	78	0.6666667
NODE_23365_length_616_cov_15.914894	343	423	0	27	80	0.3375000
NODE_23365_length_616_cov_15.914894	343	423	2	1	80	0.0125000
NODE_23365_length_616_cov_15.914894	343	423	3	40	80	0.5000000
NODE_23365_length_616_cov_15.914894	343	423	4	12	80	0.1500000
NODE_23366_length_616_cov_14.276596	191	271	0	80	80	1.0000000
NODE_23366_length_616_cov_14.276596	244	319	0	75	75	1.0000000
NODE_23366_length_616_cov_14.276596	368	448	0	80	80	1.0000000
NODE_23367_length_616_cov_12.119923	273	353	0	22	80	0.2750000
NODE_23367_length_616_cov_12.119923	273	353	2	58	80	0.7250000
NODE_23367_length_616_cov_12.119923	326	406	0	74	80	0.9250000
NODE_23367_length_616_cov_12.119923	326	406	2	6	80	0.0750000
NODE_23373_length_616_cov_6.379110	305	385	0	80	80	1.0000000
NODE_23373_length_616_cov_6.379110	358	438	0	80	80	1.0000000
NODE_23381_length_616_cov_4.441006	286	350	0	64	64	1.0000000
NODE_23381_length_616_cov_4.441006	286	306	0	20	20	1.0000000
NODE_23400_length_616_cov_2.541586	375	415	6	40	40	1.0000000
NODE_23430_length_616_cov_1.491296	105	183	0	2	78	0.0256410
NODE_23430_length_616_cov_1.491296	105	183	2	76	78	0.9743590
NODE_23474_length_615_cov_27.519380	302	382	6	80	80	1.0000000
NODE_23474_length_615_cov_27.519380	355	435	0	53	80	0.6625000
NODE_23474_length_615_cov_27.519380	355	435	6	27	80	0.3375000
NODE_23475_length_615_cov_17.792636	239	319	0	80	80	1.0000000
NODE_23475_length_615_cov_17.792636	292	372	0	80	80	1.0000000
NODE_23477_length_615_cov_11.835271	240	320	0	80	80	1.0000000
NODE_23477_length_615_cov_11.835271	293	373	0	80	80	1.0000000
NODE_23478_length_615_cov_8.591085	287	367	0	80	80	1.0000000
NODE_23478_length_615_cov_8.591085	340	420	0	80	80	1.0000000
NODE_23513_length_615_cov_2.461240	429	509	2	80	80	1.0000000
NODE_23513_length_615_cov_2.461240	482	562	0	43	80	0.5375000
NODE_23513_length_615_cov_2.461240	482	562	2	37	80	0.4625000
NODE_23516_length_615_cov_2.379845	405	467	0	1	62	0.0161290
NODE_23516_length_615_cov_2.379845	405	467	1	8	62	0.1290323
NODE_23516_length_615_cov_2.379845	405	467	2	26	62	0.4193548
NODE_23516_length_615_cov_2.379845	405	467	6	27	62	0.4354839
NODE_23516_length_615_cov_2.379845	440	520	2	26	80	0.3250000
NODE_23516_length_615_cov_2.379845	440	520	5	1	80	0.0125000
NODE_23516_length_615_cov_2.379845	440	520	6	53	80	0.6625000
NODE_23517_length_615_cov_2.294574	205	268	2	37	63	0.5873016
NODE_23517_length_615_cov_2.294574	205	268	4	26	63	0.4126984
NODE_23554_length_615_cov_1.122093	255	335	0	60	80	0.7500000
NODE_23554_length_615_cov_1.122093	255	335	5	20	80	0.2500000
NODE_23566_length_615_cov_0.887597	561	582	0	21	21	1.0000000
NODE_23575_length_614_cov_17.772816	257	337	0	80	80	1.0000000
NODE_23575_length_614_cov_17.772816	310	390	0	80	80	1.0000000
NODE_23576_length_614_cov_10.706796	425	505	0	14	80	0.1750000
NODE_23576_length_614_cov_10.706796	425	505	2	66	80	0.8250000
NODE_23576_length_614_cov_10.706796	478	558	0	56	80	0.7000000
NODE_23576_length_614_cov_10.706796	478	558	2	24	80	0.3000000
NODE_23578_length_614_cov_8.545631	193	273	0	39	80	0.4875000
NODE_23578_length_614_cov_8.545631	193	273	2	13	80	0.1625000
NODE_23578_length_614_cov_8.545631	193	273	6	3	80	0.0375000
NODE_23578_length_614_cov_8.545631	193	273	8	2	80	0.0250000
NODE_23578_length_614_cov_8.545631	193	273	10	1	80	0.0125000
NODE_23578_length_614_cov_8.545631	193	273	12	1	80	0.0125000
NODE_23578_length_614_cov_8.545631	193	273	16	10	80	0.1250000
NODE_23578_length_614_cov_8.545631	193	273	18	9	80	0.1125000
NODE_23578_length_614_cov_8.545631	193	273	20	2	80	0.0250000
NODE_23578_length_614_cov_8.545631	246	326	0	14	80	0.1750000
NODE_23578_length_614_cov_8.545631	246	326	2	14	80	0.1750000
NODE_23578_length_614_cov_8.545631	246	326	4	17	80	0.2125000
NODE_23578_length_614_cov_8.545631	246	326	6	16	80	0.2000000
NODE_23578_length_614_cov_8.545631	246	326	7	15	80	0.1875000
NODE_23578_length_614_cov_8.545631	246	326	8	3	80	0.0375000
NODE_23578_length_614_cov_8.545631	246	326	9	1	80	0.0125000
NODE_23604_length_614_cov_2.450485	315	393	2	46	78	0.5897436
NODE_23604_length_614_cov_2.450485	315	393	4	32	78	0.4102564
NODE_23604_length_614_cov_2.450485	355	383	2	6	28	0.2142857
NODE_23604_length_614_cov_2.450485	355	383	4	22	28	0.7857143
NODE_23604_length_614_cov_2.450485	368	448	4	49	80	0.6125000
NODE_23604_length_614_cov_2.450485	368	448	6	16	80	0.2000000
NODE_23604_length_614_cov_2.450485	368	448	8	15	80	0.1875000
NODE_23604_length_614_cov_2.450485	379	448	4	38	69	0.5507246
NODE_23604_length_614_cov_2.450485	379	448	6	16	69	0.2318841
NODE_23604_length_614_cov_2.450485	379	448	8	15	69	0.2173913
NODE_23662_length_613_cov_18.075875	211	291	2	80	80	1.0000000
NODE_23662_length_613_cov_18.075875	264	344	0	52	80	0.6500000
NODE_23662_length_613_cov_18.075875	264	344	2	28	80	0.3500000
NODE_23663_length_613_cov_16.118677	283	363	2	80	80	1.0000000
NODE_23663_length_613_cov_16.118677	336	416	0	49	80	0.6125000
NODE_23663_length_613_cov_16.118677	336	416	2	31	80	0.3875000
NODE_23665_length_613_cov_12.883268	155	235	0	80	80	1.0000000
NODE_23665_length_613_cov_12.883268	208	288	0	80	80	1.0000000
NODE_23674_length_613_cov_3.857977	167	247	0	80	80	1.0000000
NODE_23674_length_613_cov_3.857977	220	300	0	80	80	1.0000000
NODE_23771_length_612_cov_24.023392	173	253	0	43	80	0.5375000
NODE_23771_length_612_cov_24.023392	173	253	2	3	80	0.0375000
NODE_23771_length_612_cov_24.023392	173	253	4	11	80	0.1375000
NODE_23771_length_612_cov_24.023392	173	253	10	23	80	0.2875000
NODE_23771_length_612_cov_24.023392	226	306	4	4	80	0.0500000
NODE_23771_length_612_cov_24.023392	226	306	8	6	80	0.0750000
NODE_23771_length_612_cov_24.023392	226	306	10	70	80	0.8750000
NODE_23772_length_612_cov_23.846004	141	221	6	23	80	0.2875000
NODE_23772_length_612_cov_23.846004	141	221	8	46	80	0.5750000
NODE_23772_length_612_cov_23.846004	141	221	10	11	80	0.1375000
NODE_23772_length_612_cov_23.846004	194	274	0	2	80	0.0250000
NODE_23772_length_612_cov_23.846004	194	274	2	27	80	0.3375000
NODE_23772_length_612_cov_23.846004	194	274	8	51	80	0.6375000
NODE_23773_length_612_cov_12.448343	244	324	0	80	80	1.0000000
NODE_23773_length_612_cov_12.448343	297	377	0	80	80	1.0000000
NODE_23774_length_612_cov_12.068226	267	347	0	80	80	1.0000000
NODE_23774_length_612_cov_12.068226	320	400	0	80	80	1.0000000
NODE_23779_length_612_cov_6.393762	242	322	0	80	80	1.0000000
NODE_23779_length_612_cov_6.393762	295	375	0	80	80	1.0000000
NODE_23814_length_612_cov_1.904483	288	354	0	1	66	0.0151515
NODE_23814_length_612_cov_1.904483	288	354	1	1	66	0.0151515
NODE_23814_length_612_cov_1.904483	288	354	2	64	66	0.9696970
NODE_23869_length_611_cov_38.705078	132	212	0	4	80	0.0500000
NODE_23869_length_611_cov_38.705078	132	212	2	28	80	0.3500000
NODE_23869_length_611_cov_38.705078	132	212	6	37	80	0.4625000
NODE_23869_length_611_cov_38.705078	132	212	7	11	80	0.1375000
NODE_23869_length_611_cov_38.705078	185	262	0	27	77	0.3506494
NODE_23869_length_611_cov_38.705078	185	262	2	50	77	0.6493506
NODE_23869_length_611_cov_38.705078	185	262	0	27	77	0.3506494
NODE_23869_length_611_cov_38.705078	185	262	2	50	77	0.6493506
NODE_23871_length_611_cov_12.669922	264	344	0	6	80	0.0750000
NODE_23871_length_611_cov_12.669922	264	344	2	7	80	0.0875000
NODE_23871_length_611_cov_12.669922	264	344	3	6	80	0.0750000
NODE_23871_length_611_cov_12.669922	264	344	4	61	80	0.7625000
NODE_23871_length_611_cov_12.669922	317	397	2	38	80	0.4750000
NODE_23871_length_611_cov_12.669922	317	397	4	42	80	0.5250000
NODE_23880_length_611_cov_4.943359	27	107	0	4	80	0.0500000
NODE_23880_length_611_cov_4.943359	27	107	2	76	80	0.9500000
NODE_23880_length_611_cov_4.943359	80	137	0	12	57	0.2105263
NODE_23880_length_611_cov_4.943359	80	137	2	45	57	0.7894737
NODE_23880_length_611_cov_4.943359	143	209	3	1	66	0.0151515
NODE_23880_length_611_cov_4.943359	143	209	4	65	66	0.9848485
NODE_23880_length_611_cov_4.943359	182	262	0	5	80	0.0625000
NODE_23880_length_611_cov_4.943359	182	262	3	49	80	0.6125000
NODE_23880_length_611_cov_4.943359	182	262	4	26	80	0.3250000
NODE_23894_length_611_cov_3.294922	271	300	0	29	29	1.0000000
NODE_23894_length_611_cov_3.294922	434	469	6	33	35	0.9428571
NODE_23894_length_611_cov_3.294922	434	469	8	2	35	0.0571429
NODE_23897_length_611_cov_3.162109	313	342	0	16	29	0.5517241
NODE_23897_length_611_cov_3.162109	313	342	2	13	29	0.4482759
NODE_23973_length_610_cov_20.673190	87	167	0	18	80	0.2250000
NODE_23973_length_610_cov_20.673190	87	167	2	62	80	0.7750000
NODE_23973_length_610_cov_20.673190	140	220	0	71	80	0.8875000
NODE_23973_length_610_cov_20.673190	140	220	2	9	80	0.1125000
NODE_23974_length_610_cov_10.191781	250	330	0	13	80	0.1625000
NODE_23974_length_610_cov_10.191781	250	330	2	67	80	0.8375000
NODE_23974_length_610_cov_10.191781	303	383	0	66	80	0.8250000
NODE_23974_length_610_cov_10.191781	303	383	2	14	80	0.1750000
NODE_23980_length_610_cov_4.998043	129	181	2	52	52	1.0000000
NODE_23980_length_610_cov_4.998043	182	234	0	10	52	0.1923077
NODE_23980_length_610_cov_4.998043	182	234	2	42	52	0.8076923
NODE_23989_length_610_cov_3.479452	215	267	0	52	52	1.0000000
NODE_24059_length_609_cov_21.117647	80	160	0	57	80	0.7125000
NODE_24059_length_609_cov_21.117647	80	160	2	23	80	0.2875000
NODE_24059_length_609_cov_21.117647	133	213	0	4	80	0.0500000
NODE_24059_length_609_cov_21.117647	133	213	2	76	80	0.9500000
NODE_24060_length_609_cov_11.300000	218	298	0	36	80	0.4500000
NODE_24060_length_609_cov_11.300000	218	298	2	16	80	0.2000000
NODE_24060_length_609_cov_11.300000	218	298	4	28	80	0.3500000
NODE_24060_length_609_cov_11.300000	271	351	0	26	80	0.3250000
NODE_24060_length_609_cov_11.300000	271	351	2	2	80	0.0250000
NODE_24060_length_609_cov_11.300000	271	351	4	52	80	0.6500000
NODE_24061_length_609_cov_10.778431	239	319	0	80	80	1.0000000
NODE_24061_length_609_cov_10.778431	292	372	0	80	80	1.0000000
NODE_24062_length_609_cov_10.298039	340	420	0	80	80	1.0000000
NODE_24062_length_609_cov_10.298039	393	473	0	80	80	1.0000000
NODE_24062_length_609_cov_10.298039	469	537	0	68	68	1.0000000
NODE_24063_length_609_cov_10.270588	217	297	0	80	80	1.0000000
NODE_24063_length_609_cov_10.270588	270	353	0	35	83	0.4216867
NODE_24063_length_609_cov_10.270588	270	353	2	48	83	0.5783132
NODE_24064_length_609_cov_8.345098	408	488	0	80	80	1.0000000
NODE_24064_length_609_cov_8.345098	461	515	0	54	54	1.0000000
NODE_24064_length_609_cov_8.345098	537	566	0	29	29	1.0000000
NODE_24066_length_609_cov_6.054902	219	299	0	80	80	1.0000000
NODE_24066_length_609_cov_6.054902	272	352	0	80	80	1.0000000
NODE_24067_length_609_cov_5.986275	219	299	2	31	80	0.3875000
NODE_24067_length_609_cov_5.986275	219	299	4	49	80	0.6125000
NODE_24067_length_609_cov_5.986275	272	352	0	11	80	0.1375000
NODE_24067_length_609_cov_5.986275	272	352	2	63	80	0.7875000
NODE_24067_length_609_cov_5.986275	272	352	4	6	80	0.0750000
NODE_24160_length_608_cov_76.257367	300	380	0	80	80	1.0000000
NODE_24160_length_608_cov_76.257367	353	433	0	80	80	1.0000000
NODE_24161_length_608_cov_13.271120	252	332	0	80	80	1.0000000
NODE_24161_length_608_cov_13.271120	305	385	0	54	80	0.6750000
NODE_24161_length_608_cov_13.271120	305	385	4	26	80	0.3250000
NODE_24162_length_608_cov_11.583497	63	139	0	66	76	0.8684211
NODE_24162_length_608_cov_11.583497	63	139	2	10	76	0.1315790
NODE_24162_length_608_cov_11.583497	112	192	0	17	80	0.2125000
NODE_24162_length_608_cov_11.583497	112	192	2	63	80	0.7875000
NODE_24164_length_608_cov_8.076621	53	133	52	2	80	0.0250000
NODE_24164_length_608_cov_8.076621	53	133	63	1	80	0.0125000
NODE_24164_length_608_cov_8.076621	53	133	67	1	80	0.0125000
NODE_24164_length_608_cov_8.076621	53	133	71	3	80	0.0375000
NODE_24164_length_608_cov_8.076621	53	133	73	1	80	0.0125000
NODE_24164_length_608_cov_8.076621	53	133	82	3	80	0.0375000
NODE_24164_length_608_cov_8.076621	53	133	84	2	80	0.0250000
NODE_24164_length_608_cov_8.076621	53	133	86	1	80	0.0125000
NODE_24164_length_608_cov_8.076621	53	133	88	7	80	0.0875000
NODE_24164_length_608_cov_8.076621	53	133	90	7	80	0.0875000
NODE_24164_length_608_cov_8.076621	53	133	92	7	80	0.0875000
NODE_24164_length_608_cov_8.076621	53	133	94	9	80	0.1125000
NODE_24164_length_608_cov_8.076621	53	133	95	1	80	0.0125000
NODE_24164_length_608_cov_8.076621	53	133	96	4	80	0.0500000
NODE_24164_length_608_cov_8.076621	53	133	98	2	80	0.0250000
NODE_24164_length_608_cov_8.076621	53	133	100	12	80	0.1500000
NODE_24164_length_608_cov_8.076621	53	133	102	14	80	0.1750000
NODE_24164_length_608_cov_8.076621	53	133	104	3	80	0.0375000
NODE_24164_length_608_cov_8.076621	106	186	2	25	80	0.3125000
NODE_24164_length_608_cov_8.076621	106	186	3	1	80	0.0125000
NODE_24164_length_608_cov_8.076621	106	186	6	3	80	0.0375000
NODE_24164_length_608_cov_8.076621	106	186	8	1	80	0.0125000
NODE_24164_length_608_cov_8.076621	106	186	12	1	80	0.0125000
NODE_24164_length_608_cov_8.076621	106	186	14	5	80	0.0625000
NODE_24164_length_608_cov_8.076621	106	186	26	1	80	0.0125000
NODE_24164_length_608_cov_8.076621	106	186	30	1	80	0.0125000
NODE_24164_length_608_cov_8.076621	106	186	32	2	80	0.0250000
NODE_24164_length_608_cov_8.076621	106	186	34	1	80	0.0125000
NODE_24164_length_608_cov_8.076621	106	186	38	1	80	0.0125000
NODE_24164_length_608_cov_8.076621	106	186	40	1	80	0.0125000
NODE_24164_length_608_cov_8.076621	106	186	42	1	80	0.0125000
NODE_24164_length_608_cov_8.076621	106	186	48	1	80	0.0125000
NODE_24164_length_608_cov_8.076621	106	186	50	1	80	0.0125000
NODE_24164_length_608_cov_8.076621	106	186	52	9	80	0.1125000
NODE_24164_length_608_cov_8.076621	106	186	63	1	80	0.0125000
NODE_24164_length_608_cov_8.076621	106	186	67	1	80	0.0125000
NODE_24164_length_608_cov_8.076621	106	186	71	3	80	0.0375000
NODE_24164_length_608_cov_8.076621	106	186	73	1	80	0.0125000
NODE_24164_length_608_cov_8.076621	106	186	82	2	80	0.0250000
NODE_24164_length_608_cov_8.076621	106	186	84	2	80	0.0250000
NODE_24164_length_608_cov_8.076621	106	186	86	1	80	0.0125000
NODE_24164_length_608_cov_8.076621	106	186	90	5	80	0.0625000
NODE_24164_length_608_cov_8.076621	106	186	92	7	80	0.0875000
NODE_24164_length_608_cov_8.076621	106	186	94	2	80	0.0250000
NODE_24165_length_608_cov_7.994106	279	326	0	47	47	1.0000000
NODE_24165_length_608_cov_7.994106	348	373	0	25	25	1.0000000
NODE_24166_length_608_cov_7.939096	247	277	0	30	30	1.0000000
NODE_24177_length_608_cov_3.829077	313	393	0	80	80	1.0000000
NODE_24177_length_608_cov_3.829077	366	446	0	80	80	1.0000000
NODE_24251_length_608_cov_1.064833	472	512	0	40	40	1.0000000
NODE_24281_length_607_cov_61.316929	347	427	10	3	80	0.0375000
NODE_24281_length_607_cov_61.316929	347	427	12	7	80	0.0875000
NODE_24281_length_607_cov_61.316929	347	427	13	7	80	0.0875000
NODE_24281_length_607_cov_61.316929	347	427	14	3	80	0.0375000
NODE_24281_length_607_cov_61.316929	347	427	16	3	80	0.0375000
NODE_24281_length_607_cov_61.316929	347	427	17	4	80	0.0500000
NODE_24281_length_607_cov_61.316929	347	427	19	25	80	0.3125000
NODE_24281_length_607_cov_61.316929	347	427	21	4	80	0.0500000
NODE_24281_length_607_cov_61.316929	347	427	27	2	80	0.0250000
NODE_24281_length_607_cov_61.316929	347	427	28	1	80	0.0125000
NODE_24281_length_607_cov_61.316929	347	427	29	21	80	0.2625000
NODE_24281_length_607_cov_61.316929	347	427	10	3	80	0.0375000
NODE_24281_length_607_cov_61.316929	347	427	12	7	80	0.0875000
NODE_24281_length_607_cov_61.316929	347	427	13	7	80	0.0875000
NODE_24281_length_607_cov_61.316929	347	427	14	3	80	0.0375000
NODE_24281_length_607_cov_61.316929	347	427	16	3	80	0.0375000
NODE_24281_length_607_cov_61.316929	347	427	17	4	80	0.0500000
NODE_24281_length_607_cov_61.316929	347	427	19	25	80	0.3125000
NODE_24281_length_607_cov_61.316929	347	427	21	4	80	0.0500000
NODE_24281_length_607_cov_61.316929	347	427	27	2	80	0.0250000
NODE_24281_length_607_cov_61.316929	347	427	28	1	80	0.0125000
NODE_24281_length_607_cov_61.316929	347	427	29	21	80	0.2625000
NODE_24281_length_607_cov_61.316929	347	427	10	3	80	0.0375000
NODE_24281_length_607_cov_61.316929	347	427	12	7	80	0.0875000
NODE_24281_length_607_cov_61.316929	347	427	13	7	80	0.0875000
NODE_24281_length_607_cov_61.316929	347	427	14	3	80	0.0375000
NODE_24281_length_607_cov_61.316929	347	427	16	3	80	0.0375000
NODE_24281_length_607_cov_61.316929	347	427	17	4	80	0.0500000
NODE_24281_length_607_cov_61.316929	347	427	19	25	80	0.3125000
NODE_24281_length_607_cov_61.316929	347	427	21	4	80	0.0500000
NODE_24281_length_607_cov_61.316929	347	427	27	2	80	0.0250000
NODE_24281_length_607_cov_61.316929	347	427	28	1	80	0.0125000
NODE_24281_length_607_cov_61.316929	347	427	29	21	80	0.2625000
NODE_24281_length_607_cov_61.316929	364	427	14	3	63	0.0476190
NODE_24281_length_607_cov_61.316929	364	427	16	3	63	0.0476190
NODE_24281_length_607_cov_61.316929	364	427	17	4	63	0.0634921
NODE_24281_length_607_cov_61.316929	364	427	19	25	63	0.3968254
NODE_24281_length_607_cov_61.316929	364	427	21	4	63	0.0634921
NODE_24281_length_607_cov_61.316929	364	427	27	2	63	0.0317460
NODE_24281_length_607_cov_61.316929	364	427	28	1	63	0.0158730
NODE_24281_length_607_cov_61.316929	364	427	29	21	63	0.3333333
NODE_24281_length_607_cov_61.316929	400	480	21	3	80	0.0375000
NODE_24281_length_607_cov_61.316929	400	480	27	5	80	0.0625000
NODE_24281_length_607_cov_61.316929	400	480	28	8	80	0.1000000
NODE_24281_length_607_cov_61.316929	400	480	29	21	80	0.2625000
NODE_24281_length_607_cov_61.316929	400	480	34	7	80	0.0875000
NODE_24281_length_607_cov_61.316929	400	480	36	6	80	0.0750000
NODE_24281_length_607_cov_61.316929	400	480	38	8	80	0.1000000
NODE_24281_length_607_cov_61.316929	400	480	40	13	80	0.1625000
NODE_24281_length_607_cov_61.316929	400	480	42	9	80	0.1125000
NODE_24281_length_607_cov_61.316929	400	480	21	3	80	0.0375000
NODE_24281_length_607_cov_61.316929	400	480	27	5	80	0.0625000
NODE_24281_length_607_cov_61.316929	400	480	28	8	80	0.1000000
NODE_24281_length_607_cov_61.316929	400	480	29	21	80	0.2625000
NODE_24281_length_607_cov_61.316929	400	480	34	7	80	0.0875000
NODE_24281_length_607_cov_61.316929	400	480	36	6	80	0.0750000
NODE_24281_length_607_cov_61.316929	400	480	38	8	80	0.1000000
NODE_24281_length_607_cov_61.316929	400	480	40	13	80	0.1625000
NODE_24281_length_607_cov_61.316929	400	480	42	9	80	0.1125000
NODE_24281_length_607_cov_61.316929	400	480	21	3	80	0.0375000
NODE_24281_length_607_cov_61.316929	400	480	27	5	80	0.0625000
NODE_24281_length_607_cov_61.316929	400	480	28	8	80	0.1000000
NODE_24281_length_607_cov_61.316929	400	480	29	21	80	0.2625000
NODE_24281_length_607_cov_61.316929	400	480	34	7	80	0.0875000
NODE_24281_length_607_cov_61.316929	400	480	36	6	80	0.0750000
NODE_24281_length_607_cov_61.316929	400	480	38	8	80	0.1000000
NODE_24281_length_607_cov_61.316929	400	480	40	13	80	0.1625000
NODE_24281_length_607_cov_61.316929	400	480	42	9	80	0.1125000
NODE_24281_length_607_cov_61.316929	400	480	21	3	80	0.0375000
NODE_24281_length_607_cov_61.316929	400	480	27	5	80	0.0625000
NODE_24281_length_607_cov_61.316929	400	480	28	8	80	0.1000000
NODE_24281_length_607_cov_61.316929	400	480	29	21	80	0.2625000
NODE_24281_length_607_cov_61.316929	400	480	34	7	80	0.0875000
NODE_24281_length_607_cov_61.316929	400	480	36	6	80	0.0750000
NODE_24281_length_607_cov_61.316929	400	480	38	8	80	0.1000000
NODE_24281_length_607_cov_61.316929	400	480	40	13	80	0.1625000
NODE_24281_length_607_cov_61.316929	400	480	42	9	80	0.1125000
NODE_24281_length_607_cov_61.316929	476	556	29	20	80	0.2500000
NODE_24281_length_607_cov_61.316929	476	556	33	17	80	0.2125000
NODE_24281_length_607_cov_61.316929	476	556	34	8	80	0.1000000
NODE_24281_length_607_cov_61.316929	476	556	35	6	80	0.0750000
NODE_24281_length_607_cov_61.316929	476	556	36	1	80	0.0125000
NODE_24281_length_607_cov_61.316929	476	556	40	11	80	0.1375000
NODE_24281_length_607_cov_61.316929	476	556	41	1	80	0.0125000
NODE_24281_length_607_cov_61.316929	476	556	42	11	80	0.1375000
NODE_24281_length_607_cov_61.316929	476	556	46	4	80	0.0500000
NODE_24281_length_607_cov_61.316929	476	556	48	1	80	0.0125000
NODE_24281_length_607_cov_61.316929	476	556	29	20	80	0.2500000
NODE_24281_length_607_cov_61.316929	476	556	33	17	80	0.2125000
NODE_24281_length_607_cov_61.316929	476	556	34	8	80	0.1000000
NODE_24281_length_607_cov_61.316929	476	556	35	6	80	0.0750000
NODE_24281_length_607_cov_61.316929	476	556	36	1	80	0.0125000
NODE_24281_length_607_cov_61.316929	476	556	40	11	80	0.1375000
NODE_24281_length_607_cov_61.316929	476	556	41	1	80	0.0125000
NODE_24281_length_607_cov_61.316929	476	556	42	11	80	0.1375000
NODE_24281_length_607_cov_61.316929	476	556	46	4	80	0.0500000
NODE_24281_length_607_cov_61.316929	476	556	48	1	80	0.0125000
NODE_24281_length_607_cov_61.316929	476	556	29	20	80	0.2500000
NODE_24281_length_607_cov_61.316929	476	556	33	17	80	0.2125000
NODE_24281_length_607_cov_61.316929	476	556	34	8	80	0.1000000
NODE_24281_length_607_cov_61.316929	476	556	35	6	80	0.0750000
NODE_24281_length_607_cov_61.316929	476	556	36	1	80	0.0125000
NODE_24281_length_607_cov_61.316929	476	556	40	11	80	0.1375000
NODE_24281_length_607_cov_61.316929	476	556	41	1	80	0.0125000
NODE_24281_length_607_cov_61.316929	476	556	42	11	80	0.1375000
NODE_24281_length_607_cov_61.316929	476	556	46	4	80	0.0500000
NODE_24281_length_607_cov_61.316929	476	556	48	1	80	0.0125000
NODE_24281_length_607_cov_61.316929	529	595	6	7	66	0.1060606
NODE_24281_length_607_cov_61.316929	529	595	8	8	66	0.1212121
NODE_24281_length_607_cov_61.316929	529	595	9	3	66	0.0454545
NODE_24281_length_607_cov_61.316929	529	595	11	12	66	0.1818182
NODE_24281_length_607_cov_61.316929	529	595	29	29	66	0.4393939
NODE_24281_length_607_cov_61.316929	529	595	33	7	66	0.1060606
NODE_24281_length_607_cov_61.316929	529	607	0	9	78	0.1153846
NODE_24281_length_607_cov_61.316929	529	607	6	10	78	0.1282051
NODE_24281_length_607_cov_61.316929	529	607	8	8	78	0.1025641
NODE_24281_length_607_cov_61.316929	529	607	9	3	78	0.0384615
NODE_24281_length_607_cov_61.316929	529	607	11	12	78	0.1538462
NODE_24281_length_607_cov_61.316929	529	607	29	29	78	0.3717949
NODE_24281_length_607_cov_61.316929	529	607	33	7	78	0.0897436
NODE_24281_length_607_cov_61.316929	529	600	0	2	71	0.0281690
NODE_24281_length_607_cov_61.316929	529	600	6	10	71	0.1408451
NODE_24281_length_607_cov_61.316929	529	600	8	8	71	0.1126761
NODE_24281_length_607_cov_61.316929	529	600	9	3	71	0.0422535
NODE_24281_length_607_cov_61.316929	529	600	11	12	71	0.1690141
NODE_24281_length_607_cov_61.316929	529	600	29	29	71	0.4084507
NODE_24281_length_607_cov_61.316929	529	600	33	7	71	0.0985916
NODE_24281_length_607_cov_61.316929	534	607	0	9	73	0.1232877
NODE_24281_length_607_cov_61.316929	534	607	6	10	73	0.1369863
NODE_24281_length_607_cov_61.316929	534	607	8	8	73	0.1095890
NODE_24281_length_607_cov_61.316929	534	607	9	3	73	0.0410959
NODE_24281_length_607_cov_61.316929	534	607	11	12	73	0.1643836
NODE_24281_length_607_cov_61.316929	534	607	29	29	73	0.3972603
NODE_24281_length_607_cov_61.316929	534	607	33	2	73	0.0273973
NODE_24282_length_607_cov_16.852362	383	463	0	80	80	1.0000000
NODE_24282_length_607_cov_16.852362	436	516	0	80	80	1.0000000
NODE_24283_length_607_cov_12.889764	67	147	0	9	80	0.1125000
NODE_24283_length_607_cov_12.889764	67	147	1	1	80	0.0125000
NODE_24283_length_607_cov_12.889764	67	147	2	65	80	0.8125000
NODE_24283_length_607_cov_12.889764	67	147	3	5	80	0.0625000
NODE_24283_length_607_cov_12.889764	120	200	1	27	80	0.3375000
NODE_24283_length_607_cov_12.889764	120	200	2	48	80	0.6000000
NODE_24283_length_607_cov_12.889764	120	200	3	5	80	0.0625000
NODE_24284_length_607_cov_11.023622	122	202	0	20	80	0.2500000
NODE_24284_length_607_cov_11.023622	122	202	2	60	80	0.7500000
NODE_24284_length_607_cov_11.023622	175	255	0	22	80	0.2750000
NODE_24284_length_607_cov_11.023622	175	255	2	58	80	0.7250000
NODE_24285_length_607_cov_10.690945	199	279	0	80	80	1.0000000
NODE_24285_length_607_cov_10.690945	252	332	0	56	80	0.7000000
NODE_24285_length_607_cov_10.690945	252	332	2	24	80	0.3000000
NODE_24290_length_607_cov_5.818898	301	386	0	85	85	1.0000000
NODE_24291_length_607_cov_5.771654	278	358	0	80	80	1.0000000
NODE_24291_length_607_cov_5.771654	331	411	0	80	80	1.0000000
NODE_24295_length_607_cov_4.816929	282	362	0	80	80	1.0000000
NODE_24295_length_607_cov_4.816929	335	415	0	80	80	1.0000000
NODE_24300_length_607_cov_4.015748	295	354	0	57	59	0.9661017
NODE_24300_length_607_cov_4.015748	295	354	2	2	59	0.0338983
NODE_24310_length_607_cov_3.088583	107	158	0	25	51	0.4901961
NODE_24310_length_607_cov_3.088583	107	158	2	26	51	0.5098040
NODE_24331_length_607_cov_1.791339	204	247	4	8	43	0.1860465
NODE_24331_length_607_cov_1.791339	204	247	6	35	43	0.8139535
NODE_24400_length_606_cov_42.264300	182	262	0	80	80	1.0000000
NODE_24400_length_606_cov_42.264300	235	315	0	80	80	1.0000000
NODE_24402_length_606_cov_26.341223	371	451	2	20	80	0.2500000
NODE_24402_length_606_cov_26.341223	371	451	5	1	80	0.0125000
NODE_24402_length_606_cov_26.341223	371	451	6	23	80	0.2875000
NODE_24402_length_606_cov_26.341223	371	451	8	24	80	0.3000000
NODE_24402_length_606_cov_26.341223	371	451	10	12	80	0.1500000
NODE_24402_length_606_cov_26.341223	424	504	0	26	80	0.3250000
NODE_24402_length_606_cov_26.341223	424	504	2	47	80	0.5875000
NODE_24402_length_606_cov_26.341223	424	504	5	1	80	0.0125000
NODE_24402_length_606_cov_26.341223	424	504	6	6	80	0.0750000
NODE_24403_length_606_cov_14.895464	308	388	0	80	80	1.0000000
NODE_24403_length_606_cov_14.895464	361	441	0	80	80	1.0000000
NODE_24406_length_606_cov_7.934911	412	492	0	80	80	1.0000000
NODE_24406_length_606_cov_7.934911	465	545	0	80	80	1.0000000
NODE_24407_length_606_cov_7.481262	250	330	13	23	80	0.2875000
NODE_24407_length_606_cov_7.481262	250	330	15	42	80	0.5250000
NODE_24407_length_606_cov_7.481262	250	330	17	15	80	0.1875000
NODE_24407_length_606_cov_7.481262	303	383	13	12	80	0.1500000
NODE_24407_length_606_cov_7.481262	303	383	15	25	80	0.3125000
NODE_24407_length_606_cov_7.481262	303	383	17	20	80	0.2500000
NODE_24407_length_606_cov_7.481262	303	383	19	10	80	0.1250000
NODE_24407_length_606_cov_7.481262	303	383	23	4	80	0.0500000
NODE_24407_length_606_cov_7.481262	303	383	25	2	80	0.0250000
NODE_24407_length_606_cov_7.481262	303	383	27	2	80	0.0250000
NODE_24407_length_606_cov_7.481262	303	383	31	4	80	0.0500000
NODE_24407_length_606_cov_7.481262	303	383	33	1	80	0.0125000
NODE_24409_length_606_cov_6.842209	139	219	0	80	80	1.0000000
NODE_24409_length_606_cov_6.842209	192	272	0	80	80	1.0000000
NODE_24428_length_606_cov_3.384615	156	206	0	50	50	1.0000000
NODE_24433_length_606_cov_2.670611	113	193	2	5	80	0.0625000
NODE_24433_length_606_cov_2.670611	113	193	4	75	80	0.9375000
NODE_24525_length_605_cov_63.343874	7	83	0	76	76	1.0000000
NODE_24525_length_605_cov_63.343874	12	83	0	71	71	1.0000000
NODE_24525_length_605_cov_63.343874	17	83	0	66	66	1.0000000
NODE_24525_length_605_cov_63.343874	56	136	0	80	80	1.0000000
NODE_24525_length_605_cov_63.343874	56	136	0	80	80	1.0000000
NODE_24525_length_605_cov_63.343874	56	136	0	80	80	1.0000000
NODE_24525_length_605_cov_63.343874	132	212	0	29	80	0.3625000
NODE_24525_length_605_cov_63.343874	132	212	6	51	80	0.6375000
NODE_24525_length_605_cov_63.343874	132	212	0	29	80	0.3625000
NODE_24525_length_605_cov_63.343874	132	212	6	51	80	0.6375000
NODE_24525_length_605_cov_63.343874	132	210	0	29	78	0.3717949
NODE_24525_length_605_cov_63.343874	132	210	6	49	78	0.6282051
NODE_24525_length_605_cov_63.343874	132	212	0	29	80	0.3625000
NODE_24525_length_605_cov_63.343874	132	212	6	51	80	0.6375000
NODE_24525_length_605_cov_63.343874	132	212	0	29	80	0.3625000
NODE_24525_length_605_cov_63.343874	132	212	6	51	80	0.6375000
NODE_24525_length_605_cov_63.343874	185	265	6	80	80	1.0000000
NODE_24526_length_605_cov_48.191700	298	374	0	76	76	1.0000000
NODE_24526_length_605_cov_48.191700	347	427	0	80	80	1.0000000
NODE_24528_length_605_cov_33.328063	57	137	178	2	80	0.0250000
NODE_24528_length_605_cov_33.328063	57	137	180	1	80	0.0125000
NODE_24528_length_605_cov_33.328063	57	137	182	2	80	0.0250000
NODE_24528_length_605_cov_33.328063	57	137	187	1	80	0.0125000
NODE_24528_length_605_cov_33.328063	57	137	188	4	80	0.0500000
NODE_24528_length_605_cov_33.328063	57	137	198	1	80	0.0125000
NODE_24528_length_605_cov_33.328063	57	137	202	4	80	0.0500000
NODE_24528_length_605_cov_33.328063	57	137	206	1	80	0.0125000
NODE_24528_length_605_cov_33.328063	57	137	213	1	80	0.0125000
NODE_24528_length_605_cov_33.328063	57	137	216	1	80	0.0125000
NODE_24528_length_605_cov_33.328063	57	137	224	1	80	0.0125000
NODE_24528_length_605_cov_33.328063	57	137	228	1	80	0.0125000
NODE_24528_length_605_cov_33.328063	57	137	232	1	80	0.0125000
NODE_24528_length_605_cov_33.328063	57	137	233	1	80	0.0125000
NODE_24528_length_605_cov_33.328063	57	137	235	1	80	0.0125000
NODE_24528_length_605_cov_33.328063	57	137	237	1	80	0.0125000
NODE_24528_length_605_cov_33.328063	57	137	242	4	80	0.0500000
NODE_24528_length_605_cov_33.328063	57	137	247	1	80	0.0125000
NODE_24528_length_605_cov_33.328063	57	137	249	1	80	0.0125000
NODE_24528_length_605_cov_33.328063	57	137	251	1	80	0.0125000
NODE_24528_length_605_cov_33.328063	57	137	264	1	80	0.0125000
NODE_24528_length_605_cov_33.328063	57	137	274	1	80	0.0125000
NODE_24528_length_605_cov_33.328063	57	137	276	1	80	0.0125000
NODE_24528_length_605_cov_33.328063	57	137	283	1	80	0.0125000
NODE_24528_length_605_cov_33.328063	57	137	289	1	80	0.0125000
NODE_24528_length_605_cov_33.328063	57	137	299	1	80	0.0125000
NODE_24528_length_605_cov_33.328063	57	137	301	1	80	0.0125000
NODE_24528_length_605_cov_33.328063	57	137	309	1	80	0.0125000
NODE_24528_length_605_cov_33.328063	57	137	316	2	80	0.0250000
NODE_24528_length_605_cov_33.328063	57	137	317	1	80	0.0125000
NODE_24528_length_605_cov_33.328063	57	137	319	1	80	0.0125000
NODE_24528_length_605_cov_33.328063	57	137	320	1	80	0.0125000
NODE_24528_length_605_cov_33.328063	57	137	326	1	80	0.0125000
NODE_24528_length_605_cov_33.328063	57	137	328	1	80	0.0125000
NODE_24528_length_605_cov_33.328063	57	137	331	1	80	0.0125000
NODE_24528_length_605_cov_33.328063	57	137	334	1	80	0.0125000
NODE_24528_length_605_cov_33.328063	57	137	335	1	80	0.0125000
NODE_24528_length_605_cov_33.328063	57	137	339	1	80	0.0125000
NODE_24528_length_605_cov_33.328063	57	137	349	1	80	0.0125000
NODE_24528_length_605_cov_33.328063	57	137	352	1	80	0.0125000
NODE_24528_length_605_cov_33.328063	57	137	366	1	80	0.0125000
NODE_24528_length_605_cov_33.328063	57	137	375	1	80	0.0125000
NODE_24528_length_605_cov_33.328063	57	137	377	1	80	0.0125000
NODE_24528_length_605_cov_33.328063	57	137	382	1	80	0.0125000
NODE_24528_length_605_cov_33.328063	57	137	384	4	80	0.0500000
NODE_24528_length_605_cov_33.328063	57	137	386	1	80	0.0125000
NODE_24528_length_605_cov_33.328063	57	137	387	1	80	0.0125000
NODE_24528_length_605_cov_33.328063	57	137	389	3	80	0.0375000
NODE_24528_length_605_cov_33.328063	57	137	390	1	80	0.0125000
NODE_24528_length_605_cov_33.328063	57	137	391	4	80	0.0500000
NODE_24528_length_605_cov_33.328063	57	137	393	3	80	0.0375000
NODE_24528_length_605_cov_33.328063	57	137	404	2	80	0.0250000
NODE_24528_length_605_cov_33.328063	57	137	406	2	80	0.0250000
NODE_24528_length_605_cov_33.328063	57	137	412	1	80	0.0125000
NODE_24528_length_605_cov_33.328063	57	137	416	1	80	0.0125000
NODE_24528_length_605_cov_33.328063	57	137	420	1	80	0.0125000
NODE_24528_length_605_cov_33.328063	140	175	477	1	35	0.0285714
NODE_24528_length_605_cov_33.328063	140	175	478	3	35	0.0857143
NODE_24528_length_605_cov_33.328063	140	175	479	1	35	0.0285714
NODE_24528_length_605_cov_33.328063	140	175	481	1	35	0.0285714
NODE_24528_length_605_cov_33.328063	140	175	483	1	35	0.0285714
NODE_24528_length_605_cov_33.328063	140	175	484	1	35	0.0285714
NODE_24528_length_605_cov_33.328063	140	175	486	1	35	0.0285714
NODE_24528_length_605_cov_33.328063	140	175	491	1	35	0.0285714
NODE_24528_length_605_cov_33.328063	140	175	500	2	35	0.0571429
NODE_24528_length_605_cov_33.328063	140	175	508	1	35	0.0285714
NODE_24528_length_605_cov_33.328063	140	175	523	1	35	0.0285714
NODE_24528_length_605_cov_33.328063	140	175	534	1	35	0.0285714
NODE_24528_length_605_cov_33.328063	140	175	548	1	35	0.0285714
NODE_24528_length_605_cov_33.328063	140	175	568	1	35	0.0285714
NODE_24528_length_605_cov_33.328063	140	175	571	3	35	0.0857143
NODE_24528_length_605_cov_33.328063	140	175	574	1	35	0.0285714
NODE_24528_length_605_cov_33.328063	140	175	575	1	35	0.0285714
NODE_24528_length_605_cov_33.328063	140	175	578	1	35	0.0285714
NODE_24528_length_605_cov_33.328063	140	175	585	1	35	0.0285714
NODE_24528_length_605_cov_33.328063	140	175	591	1	35	0.0285714
NODE_24528_length_605_cov_33.328063	140	175	603	1	35	0.0285714
NODE_24528_length_605_cov_33.328063	140	175	614	1	35	0.0285714
NODE_24528_length_605_cov_33.328063	140	175	616	1	35	0.0285714
NODE_24528_length_605_cov_33.328063	140	175	629	1	35	0.0285714
NODE_24528_length_605_cov_33.328063	140	175	634	1	35	0.0285714
NODE_24528_length_605_cov_33.328063	140	175	635	1	35	0.0285714
NODE_24528_length_605_cov_33.328063	140	175	637	2	35	0.0571429
NODE_24528_length_605_cov_33.328063	140	175	638	1	35	0.0285714
NODE_24528_length_605_cov_33.328063	140	175	640	1	35	0.0285714
NODE_24529_length_605_cov_26.717391	353	433	0	48	80	0.6000000
NODE_24529_length_605_cov_26.717391	353	433	2	32	80	0.4000000
NODE_24529_length_605_cov_26.717391	406	486	0	28	80	0.3500000
NODE_24529_length_605_cov_26.717391	406	486	2	52	80	0.6500000
NODE_24530_length_605_cov_17.677866	215	295	0	70	80	0.8750000
NODE_24530_length_605_cov_17.677866	215	295	2	10	80	0.1250000
NODE_24530_length_605_cov_17.677866	268	348	0	17	80	0.2125000
NODE_24530_length_605_cov_17.677866	268	348	2	63	80	0.7875000
NODE_24531_length_605_cov_15.225296	144	224	0	35	80	0.4375000
NODE_24531_length_605_cov_15.225296	144	224	2	45	80	0.5625000
NODE_24531_length_605_cov_15.225296	197	277	0	19	80	0.2375000
NODE_24531_length_605_cov_15.225296	197	277	2	61	80	0.7625000
NODE_24532_length_605_cov_14.990119	136	216	0	19	80	0.2375000
NODE_24532_length_605_cov_14.990119	136	216	2	61	80	0.7625000
NODE_24532_length_605_cov_14.990119	189	269	0	72	80	0.9000000
NODE_24532_length_605_cov_14.990119	189	269	2	8	80	0.1000000
NODE_24533_length_605_cov_10.835968	103	183	0	66	80	0.8250000
NODE_24533_length_605_cov_10.835968	103	183	2	14	80	0.1750000
NODE_24533_length_605_cov_10.835968	156	236	0	13	80	0.1625000
NODE_24533_length_605_cov_10.835968	156	236	2	67	80	0.8375000
NODE_24534_length_605_cov_9.169960	306	377	0	26	71	0.3661972
NODE_24534_length_605_cov_9.169960	306	377	2	6	71	0.0845070
NODE_24534_length_605_cov_9.169960	306	377	4	39	71	0.5492958
NODE_24534_length_605_cov_9.169960	359	432	2	11	73	0.1506849
NODE_24534_length_605_cov_9.169960	359	432	4	62	73	0.8493150
NODE_24546_length_605_cov_4.308300	159	239	0	80	80	1.0000000
NODE_24546_length_605_cov_4.308300	271	338	12	4	67	0.0597015
NODE_24546_length_605_cov_4.308300	271	338	18	5	67	0.0746269
NODE_24546_length_605_cov_4.308300	271	338	22	35	67	0.5223880
NODE_24546_length_605_cov_4.308300	271	338	24	23	67	0.3432836
NODE_24546_length_605_cov_4.308300	275	350	18	11	75	0.1466667
NODE_24546_length_605_cov_4.308300	275	350	22	41	75	0.5466667
NODE_24546_length_605_cov_4.308300	275	350	24	23	75	0.3066667
NODE_24546_length_605_cov_4.308300	315	372	4	7	57	0.1228070
NODE_24546_length_605_cov_4.308300	315	372	8	4	57	0.0701754
NODE_24546_length_605_cov_4.308300	315	372	12	1	57	0.0175439
NODE_24546_length_605_cov_4.308300	315	372	14	5	57	0.0877193
NODE_24546_length_605_cov_4.308300	315	372	16	1	57	0.0175439
NODE_24546_length_605_cov_4.308300	315	372	18	10	57	0.1754386
NODE_24546_length_605_cov_4.308300	315	372	22	29	57	0.5087720
NODE_24546_length_605_cov_4.308300	328	373	2	1	45	0.0222222
NODE_24546_length_605_cov_4.308300	328	373	4	7	45	0.1555556
NODE_24546_length_605_cov_4.308300	328	373	8	4	45	0.0888889
NODE_24546_length_605_cov_4.308300	328	373	12	1	45	0.0222222
NODE_24546_length_605_cov_4.308300	328	373	14	5	45	0.1111111
NODE_24546_length_605_cov_4.308300	328	373	16	1	45	0.0222222
NODE_24546_length_605_cov_4.308300	328	373	18	10	45	0.2222222
NODE_24546_length_605_cov_4.308300	328	373	22	16	45	0.3555556
NODE_24558_length_605_cov_3.120553	216	287	5	13	71	0.1830986
NODE_24558_length_605_cov_3.120553	216	287	7	19	71	0.2676056
NODE_24558_length_605_cov_3.120553	216	287	10	39	71	0.5492958
NODE_24561_length_605_cov_2.909091	408	487	20	5	79	0.0632911
NODE_24561_length_605_cov_2.909091	408	487	22	2	79	0.0253165
NODE_24561_length_605_cov_2.909091	408	487	24	36	79	0.4556962
NODE_24561_length_605_cov_2.909091	408	487	26	3	79	0.0379747
NODE_24561_length_605_cov_2.909091	408	487	30	33	79	0.4177215
NODE_24577_length_605_cov_1.897233	230	273	0	1	43	0.0232558
NODE_24577_length_605_cov_1.897233	230	273	6	42	43	0.9767442
NODE_24603_length_605_cov_1.339921	168	210	0	42	42	1.0000000
NODE_24636_length_604_cov_30.411881	93	173	0	14	80	0.1750000
NODE_24636_length_604_cov_30.411881	93	173	2	66	80	0.8250000
NODE_24636_length_604_cov_30.411881	146	226	0	67	80	0.8375000
NODE_24636_length_604_cov_30.411881	146	226	2	13	80	0.1625000
NODE_24637_length_604_cov_20.099010	414	494	0	80	80	1.0000000
NODE_24637_length_604_cov_20.099010	467	547	0	80	80	1.0000000
NODE_24639_length_604_cov_10.291089	184	264	0	80	80	1.0000000
NODE_24639_length_604_cov_10.291089	237	317	0	80	80	1.0000000
NODE_24646_length_604_cov_6.033663	265	345	0	37	80	0.4625000
NODE_24646_length_604_cov_6.033663	265	345	4	15	80	0.1875000
NODE_24646_length_604_cov_6.033663	265	345	6	28	80	0.3500000
NODE_24646_length_604_cov_6.033663	318	397	6	29	79	0.3670886
NODE_24646_length_604_cov_6.033663	318	397	12	1	79	0.0126582
NODE_24646_length_604_cov_6.033663	318	397	14	1	79	0.0126582
NODE_24646_length_604_cov_6.033663	318	397	16	3	79	0.0379747
NODE_24646_length_604_cov_6.033663	318	397	18	12	79	0.1518987
NODE_24646_length_604_cov_6.033663	318	397	20	5	79	0.0632911
NODE_24646_length_604_cov_6.033663	318	397	22	2	79	0.0253165
NODE_24646_length_604_cov_6.033663	318	397	24	4	79	0.0506329
NODE_24646_length_604_cov_6.033663	318	397	26	13	79	0.1645570
NODE_24646_length_604_cov_6.033663	318	397	28	9	79	0.1139240
NODE_24654_length_604_cov_4.316832	40	106	0	12	66	0.1818182
NODE_24654_length_604_cov_4.316832	40	106	2	54	66	0.8181818
NODE_24654_length_604_cov_4.316832	377	435	0	58	58	1.0000000
NODE_24692_length_604_cov_1.805941	299	380	0	43	81	0.5308642
NODE_24692_length_604_cov_1.805941	299	380	2	38	81	0.4691358
NODE_24692_length_604_cov_1.805941	353	433	2	80	80	1.0000000
NODE_24732_length_603_cov_18.761905	108	188	0	80	80	1.0000000
NODE_24732_length_603_cov_18.761905	161	241	0	80	80	1.0000000
NODE_24734_length_603_cov_8.996032	163	243	0	80	80	1.0000000
NODE_24734_length_603_cov_8.996032	216	296	0	80	80	1.0000000
NODE_24735_length_603_cov_8.970238	413	493	2	35	80	0.4375000
NODE_24735_length_603_cov_8.970238	413	493	4	45	80	0.5625000
NODE_24736_length_603_cov_7.212302	324	404	0	72	80	0.9000000
NODE_24736_length_603_cov_7.212302	324	404	2	8	80	0.1000000
NODE_24736_length_603_cov_7.212302	377	457	0	80	80	1.0000000
NODE_24739_length_603_cov_5.831349	351	385	0	34	34	1.0000000
NODE_24744_length_603_cov_4.744048	103	183	0	80	80	1.0000000
NODE_24744_length_603_cov_4.744048	156	236	0	80	80	1.0000000
NODE_24748_length_603_cov_4.115079	219	259	0	29	40	0.7250000
NODE_24748_length_603_cov_4.115079	219	259	1	4	40	0.1000000
NODE_24748_length_603_cov_4.115079	219	259	2	7	40	0.1750000
NODE_24755_length_603_cov_3.269841	186	223	0	37	37	1.0000000
NODE_24755_length_603_cov_3.269841	196	276	0	80	80	1.0000000
NODE_24755_length_603_cov_3.269841	367	441	0	74	74	1.0000000
NODE_24843_length_602_cov_33.208748	106	186	2	54	80	0.6750000
NODE_24843_length_602_cov_33.208748	106	186	4	26	80	0.3250000
NODE_24843_length_602_cov_33.208748	159	239	2	1	80	0.0125000
NODE_24843_length_602_cov_33.208748	159	239	3	23	80	0.2875000
NODE_24843_length_602_cov_33.208748	159	239	4	55	80	0.6875000
NODE_24843_length_602_cov_33.208748	159	239	5	1	80	0.0125000
NODE_24844_length_602_cov_28.922465	319	399	0	80	80	1.0000000
NODE_24844_length_602_cov_28.922465	372	452	0	43	80	0.5375000
NODE_24844_length_602_cov_28.922465	372	452	2	6	80	0.0750000
NODE_24844_length_602_cov_28.922465	372	452	6	31	80	0.3875000
NODE_24846_length_602_cov_10.930417	248	328	0	80	80	1.0000000
NODE_24846_length_602_cov_10.930417	301	381	0	80	80	1.0000000
NODE_24847_length_602_cov_10.447316	148	207	8	10	59	0.1694915
NODE_24847_length_602_cov_10.447316	148	207	10	28	59	0.4745763
NODE_24847_length_602_cov_10.447316	148	207	12	21	59	0.3559322
NODE_24847_length_602_cov_10.447316	181	207	8	3	26	0.1153846
NODE_24847_length_602_cov_10.447316	181	207	10	23	26	0.8846154
NODE_24847_length_602_cov_10.447316	259	291	14	30	32	0.9375000
NODE_24847_length_602_cov_10.447316	259	291	16	2	32	0.0625000
NODE_24851_length_602_cov_7.787276	544	565	0	21	21	1.0000000
NODE_24875_length_602_cov_3.332008	157	239	2	17	82	0.2073171
NODE_24875_length_602_cov_3.332008	157	239	4	3	82	0.0365854
NODE_24875_length_602_cov_3.332008	157	239	8	3	82	0.0365854
NODE_24875_length_602_cov_3.332008	157	239	10	44	82	0.5365854
NODE_24875_length_602_cov_3.332008	157	239	12	15	82	0.1829268
NODE_24957_length_601_cov_14.952191	183	263	0	80	80	1.0000000
NODE_24957_length_601_cov_14.952191	236	316	0	80	80	1.0000000
NODE_24958_length_601_cov_14.747012	324	404	0	4	80	0.0500000
NODE_24958_length_601_cov_14.747012	324	404	2	23	80	0.2875000
NODE_24958_length_601_cov_14.747012	324	404	4	53	80	0.6625000
NODE_24958_length_601_cov_14.747012	377	457	2	29	80	0.3625000
NODE_24958_length_601_cov_14.747012	377	457	4	51	80	0.6375000
NODE_24959_length_601_cov_11.561753	226	306	0	80	80	1.0000000
NODE_24959_length_601_cov_11.561753	279	359	0	80	80	1.0000000
NODE_24960_length_601_cov_10.826693	320	388	0	68	68	1.0000000
NODE_24961_length_601_cov_10.392430	243	323	0	57	80	0.7125000
NODE_24961_length_601_cov_10.392430	243	323	2	23	80	0.2875000
NODE_24961_length_601_cov_10.392430	296	375	0	79	79	1.0000000
NODE_24965_length_601_cov_7.037849	236	316	0	58	80	0.7250000
NODE_24965_length_601_cov_7.037849	236	316	2	22	80	0.2750000
NODE_24965_length_601_cov_7.037849	289	369	0	80	80	1.0000000
NODE_24969_length_601_cov_5.798805	290	361	0	13	71	0.1830986
NODE_24969_length_601_cov_5.798805	290	361	2	11	71	0.1549296
NODE_24969_length_601_cov_5.798805	290	361	3	11	71	0.1549296
NODE_24969_length_601_cov_5.798805	290	361	4	36	71	0.5070422
NODE_24970_length_601_cov_5.657371	228	308	2	11	80	0.1375000
NODE_24970_length_601_cov_5.657371	228	308	4	13	80	0.1625000
NODE_24970_length_601_cov_5.657371	228	308	5	6	80	0.0750000
NODE_24970_length_601_cov_5.657371	228	308	6	5	80	0.0625000
NODE_24970_length_601_cov_5.657371	228	308	8	12	80	0.1500000
NODE_24970_length_601_cov_5.657371	228	308	10	33	80	0.4125000
NODE_24973_length_601_cov_5.039841	395	462	0	3	67	0.0447761
NODE_24973_length_601_cov_5.039841	395	462	6	64	67	0.9552239
NODE_24975_length_601_cov_4.735060	184	247	0	63	63	1.0000000
NODE_24995_length_601_cov_2.599602	371	430	4	59	59	1.0000000
NODE_24995_length_601_cov_2.599602	441	494	0	34	53	0.6415094
NODE_24995_length_601_cov_2.599602	441	494	2	15	53	0.2830189
NODE_24995_length_601_cov_2.599602	441	494	4	4	53	0.0754717
NODE_25090_length_600_cov_6.341317	125	147	0	22	22	1.0000000
NODE_25103_length_600_cov_3.754491	142	222	6	2	80	0.0250000
NODE_25103_length_600_cov_3.754491	142	222	8	2	80	0.0250000
NODE_25103_length_600_cov_3.754491	142	222	10	20	80	0.2500000
NODE_25103_length_600_cov_3.754491	142	222	11	12	80	0.1500000
NODE_25103_length_600_cov_3.754491	142	222	13	44	80	0.5500000
NODE_25126_length_600_cov_2.081836	282	328	0	19	46	0.4130435
NODE_25126_length_600_cov_2.081836	282	328	2	27	46	0.5869565
NODE_25141_length_600_cov_1.728543	381	423	0	42	42	1.0000000
NODE_25190_length_599_cov_36.488000	25	105	34	1	80	0.0125000
NODE_25190_length_599_cov_36.488000	25	105	38	1	80	0.0125000
NODE_25190_length_599_cov_36.488000	25	105	44	4	80	0.0500000
NODE_25190_length_599_cov_36.488000	25	105	50	1	80	0.0125000
NODE_25190_length_599_cov_36.488000	25	105	52	2	80	0.0250000
NODE_25190_length_599_cov_36.488000	25	105	54	1	80	0.0125000
NODE_25190_length_599_cov_36.488000	25	105	57	1	80	0.0125000
NODE_25190_length_599_cov_36.488000	25	105	59	1	80	0.0125000
NODE_25190_length_599_cov_36.488000	25	105	61	3	80	0.0375000
NODE_25190_length_599_cov_36.488000	25	105	63	6	80	0.0750000
NODE_25190_length_599_cov_36.488000	25	105	65	59	80	0.7375000
NODE_25191_length_599_cov_27.870000	255	335	0	10	80	0.1250000
NODE_25191_length_599_cov_27.870000	255	335	4	70	80	0.8750000
NODE_25191_length_599_cov_27.870000	308	388	0	11	80	0.1375000
NODE_25191_length_599_cov_27.870000	308	388	2	20	80	0.2500000
NODE_25191_length_599_cov_27.870000	308	388	4	49	80	0.6125000
NODE_25192_length_599_cov_22.640000	229	309	2	17	80	0.2125000
NODE_25192_length_599_cov_22.640000	229	309	4	16	80	0.2000000
NODE_25192_length_599_cov_22.640000	229	309	6	47	80	0.5875000
NODE_25192_length_599_cov_22.640000	229	309	2	17	80	0.2125000
NODE_25192_length_599_cov_22.640000	229	309	4	16	80	0.2000000
NODE_25192_length_599_cov_22.640000	229	309	6	47	80	0.5875000
NODE_25192_length_599_cov_22.640000	229	309	2	17	80	0.2125000
NODE_25192_length_599_cov_22.640000	229	309	4	16	80	0.2000000
NODE_25192_length_599_cov_22.640000	229	309	6	47	80	0.5875000
NODE_25192_length_599_cov_22.640000	229	309	2	17	80	0.2125000
NODE_25192_length_599_cov_22.640000	229	309	4	16	80	0.2000000
NODE_25192_length_599_cov_22.640000	229	309	6	47	80	0.5875000
NODE_25192_length_599_cov_22.640000	229	309	2	17	80	0.2125000
NODE_25192_length_599_cov_22.640000	229	309	4	16	80	0.2000000
NODE_25192_length_599_cov_22.640000	229	309	6	47	80	0.5875000
NODE_25192_length_599_cov_22.640000	282	362	2	55	80	0.6875000
NODE_25192_length_599_cov_22.640000	282	362	6	10	80	0.1250000
NODE_25192_length_599_cov_22.640000	282	362	12	15	80	0.1875000
NODE_25192_length_599_cov_22.640000	282	362	2	55	80	0.6875000
NODE_25192_length_599_cov_22.640000	282	362	6	10	80	0.1250000
NODE_25192_length_599_cov_22.640000	282	362	12	15	80	0.1875000
NODE_25192_length_599_cov_22.640000	282	353	2	55	71	0.7746479
NODE_25192_length_599_cov_22.640000	282	353	6	10	71	0.1408451
NODE_25192_length_599_cov_22.640000	282	353	12	6	71	0.0845070
NODE_25192_length_599_cov_22.640000	285	355	2	55	70	0.7857143
NODE_25192_length_599_cov_22.640000	285	355	6	7	70	0.1000000
NODE_25192_length_599_cov_22.640000	285	355	12	8	70	0.1142857
NODE_25192_length_599_cov_22.640000	287	362	2	55	75	0.7333333
NODE_25192_length_599_cov_22.640000	287	362	6	5	75	0.0666667
NODE_25192_length_599_cov_22.640000	287	362	12	15	75	0.2000000
NODE_25193_length_599_cov_14.618000	279	359	0	13	80	0.1625000
NODE_25193_length_599_cov_14.618000	279	359	4	67	80	0.8375000
NODE_25193_length_599_cov_14.618000	332	412	0	29	80	0.3625000
NODE_25193_length_599_cov_14.618000	332	412	4	51	80	0.6375000
NODE_25195_length_599_cov_10.308000	245	325	0	80	80	1.0000000
NODE_25195_length_599_cov_10.308000	298	378	0	80	80	1.0000000
NODE_25196_length_599_cov_9.224000	160	240	1	3	80	0.0375000
NODE_25196_length_599_cov_9.224000	160	240	2	48	80	0.6000000
NODE_25196_length_599_cov_9.224000	160	240	3	20	80	0.2500000
NODE_25196_length_599_cov_9.224000	160	240	4	4	80	0.0500000
NODE_25196_length_599_cov_9.224000	160	240	5	5	80	0.0625000
NODE_25196_length_599_cov_9.224000	213	297	0	50	84	0.5952381
NODE_25196_length_599_cov_9.224000	213	297	1	10	84	0.1190476
NODE_25196_length_599_cov_9.224000	213	297	2	24	84	0.2857143
NODE_25201_length_599_cov_5.536000	58	112	0	54	54	1.0000000
NODE_25208_length_599_cov_3.810000	271	334	0	63	63	1.0000000
NODE_25208_length_599_cov_3.810000	324	390	0	11	66	0.1666667
NODE_25208_length_599_cov_3.810000	324	390	2	55	66	0.8333333
NODE_25211_length_599_cov_3.598000	238	318	0	80	80	1.0000000
NODE_25211_length_599_cov_3.598000	291	371	0	80	80	1.0000000
NODE_25308_length_598_cov_54.450902	264	344	0	47	80	0.5875000
NODE_25308_length_598_cov_54.450902	264	344	2	33	80	0.4125000
NODE_25308_length_598_cov_54.450902	317	397	2	80	80	1.0000000
NODE_25309_length_598_cov_8.326653	204	284	0	80	80	1.0000000
NODE_25309_length_598_cov_8.326653	257	337	0	80	80	1.0000000
NODE_25316_length_598_cov_5.623246	169	240	2	4	71	0.0563380
NODE_25316_length_598_cov_5.623246	169	240	3	9	71	0.1267606
NODE_25316_length_598_cov_5.623246	169	240	5	4	71	0.0563380
NODE_25316_length_598_cov_5.623246	169	240	6	54	71	0.7605634
NODE_25320_length_598_cov_4.929860	73	153	0	57	80	0.7125000
NODE_25320_length_598_cov_4.929860	73	153	2	23	80	0.2875000
NODE_25320_length_598_cov_4.929860	126	206	0	80	80	1.0000000
NODE_25421_length_597_cov_15.142570	197	277	0	63	80	0.7875000
NODE_25421_length_597_cov_15.142570	197	277	2	17	80	0.2125000
NODE_25421_length_597_cov_15.142570	250	330	0	10	80	0.1250000
NODE_25421_length_597_cov_15.142570	250	330	2	70	80	0.8750000
NODE_25422_length_597_cov_12.387550	118	198	2	21	80	0.2625000
NODE_25422_length_597_cov_12.387550	118	198	4	59	80	0.7375000
NODE_25422_length_597_cov_12.387550	171	251	0	45	80	0.5625000
NODE_25422_length_597_cov_12.387550	171	251	2	29	80	0.3625000
NODE_25422_length_597_cov_12.387550	171	251	4	6	80	0.0750000
NODE_25423_length_597_cov_7.016064	213	293	0	80	80	1.0000000
NODE_25423_length_597_cov_7.016064	266	346	0	80	80	1.0000000
NODE_25426_length_597_cov_6.212851	374	449	0	75	75	1.0000000
NODE_25434_length_597_cov_4.273092	368	448	0	80	80	1.0000000
NODE_25434_length_597_cov_4.273092	421	507	0	86	86	1.0000000
NODE_25464_length_597_cov_2.162651	92	172	0	80	80	1.0000000
NODE_25464_length_597_cov_2.162651	145	225	0	80	80	1.0000000
NODE_25467_length_597_cov_2.096386	440	509	0	69	69	1.0000000
NODE_25469_length_597_cov_1.977912	392	472	16	5	80	0.0625000
NODE_25469_length_597_cov_1.977912	392	472	18	31	80	0.3875000
NODE_25469_length_597_cov_1.977912	392	472	20	44	80	0.5500000
NODE_25469_length_597_cov_1.977912	437	494	4	6	57	0.1052632
NODE_25469_length_597_cov_1.977912	437	494	6	1	57	0.0175439
NODE_25469_length_597_cov_1.977912	437	494	8	4	57	0.0701754
NODE_25469_length_597_cov_1.977912	437	494	10	2	57	0.0350877
NODE_25469_length_597_cov_1.977912	437	494	14	4	57	0.0701754
NODE_25469_length_597_cov_1.977912	437	494	16	10	57	0.1754386
NODE_25469_length_597_cov_1.977912	437	494	18	24	57	0.4210526
NODE_25469_length_597_cov_1.977912	437	494	20	6	57	0.1052632
NODE_25469_length_597_cov_1.977912	445	525	0	15	80	0.1875000
NODE_25469_length_597_cov_1.977912	445	525	2	12	80	0.1500000
NODE_25469_length_597_cov_1.977912	445	525	4	10	80	0.1250000
NODE_25469_length_597_cov_1.977912	445	525	6	1	80	0.0125000
NODE_25469_length_597_cov_1.977912	445	525	8	4	80	0.0500000
NODE_25469_length_597_cov_1.977912	445	525	10	2	80	0.0250000
NODE_25469_length_597_cov_1.977912	445	525	14	4	80	0.0500000
NODE_25469_length_597_cov_1.977912	445	525	16	10	80	0.1250000
NODE_25469_length_597_cov_1.977912	445	525	18	22	80	0.2750000
NODE_25552_length_596_cov_32.293763	221	301	0	28	80	0.3500000
NODE_25552_length_596_cov_32.293763	221	301	2	33	80	0.4125000
NODE_25552_length_596_cov_32.293763	221	301	4	19	80	0.2375000
NODE_25552_length_596_cov_32.293763	274	354	2	19	80	0.2375000
NODE_25552_length_596_cov_32.293763	274	354	4	61	80	0.7625000
NODE_25552_length_596_cov_32.293763	351	406	0	25	55	0.4545455
NODE_25552_length_596_cov_32.293763	351	406	2	30	55	0.5454546
NODE_25552_length_596_cov_32.293763	381	459	0	57	78	0.7307692
NODE_25552_length_596_cov_32.293763	381	459	2	21	78	0.2692308
NODE_25553_length_596_cov_26.891348	199	279	0	80	80	1.0000000
NODE_25553_length_596_cov_26.891348	252	332	0	80	80	1.0000000
NODE_25554_length_596_cov_17.082495	179	259	0	16	80	0.2000000
NODE_25554_length_596_cov_17.082495	179	259	4	41	80	0.5125000
NODE_25554_length_596_cov_17.082495	179	259	6	23	80	0.2875000
NODE_25554_length_596_cov_17.082495	232	312	2	12	80	0.1500000
NODE_25554_length_596_cov_17.082495	232	312	4	4	80	0.0500000
NODE_25554_length_596_cov_17.082495	232	312	6	64	80	0.8000000
NODE_25555_length_596_cov_10.372233	354	434	0	80	80	1.0000000
NODE_25555_length_596_cov_10.372233	407	487	0	80	80	1.0000000
NODE_25557_length_596_cov_6.955734	142	222	0	80	80	1.0000000
NODE_25558_length_596_cov_6.225352	242	322	0	80	80	1.0000000
NODE_25558_length_596_cov_6.225352	308	375	0	67	67	1.0000000
NODE_25567_length_596_cov_4.197183	369	444	0	75	75	1.0000000
NODE_25593_length_596_cov_2.066398	534	583	0	47	49	0.9591837
NODE_25593_length_596_cov_2.066398	534	583	2	2	49	0.0408163
NODE_25666_length_595_cov_52.532258	248	328	0	11	80	0.1375000
NODE_25666_length_595_cov_52.532258	248	328	1	1	80	0.0125000
NODE_25666_length_595_cov_52.532258	248	328	2	68	80	0.8500000
NODE_25666_length_595_cov_52.532258	301	381	0	64	80	0.8000000
NODE_25666_length_595_cov_52.532258	301	381	1	1	80	0.0125000
NODE_25666_length_595_cov_52.532258	301	381	2	15	80	0.1875000
NODE_25667_length_595_cov_38.584677	122	202	0	27	80	0.3375000
NODE_25667_length_595_cov_38.584677	122	202	2	53	80	0.6625000
NODE_25667_length_595_cov_38.584677	175	255	0	4	80	0.0500000
NODE_25667_length_595_cov_38.584677	175	255	2	76	80	0.9500000
NODE_25669_length_595_cov_10.576613	323	403	0	22	80	0.2750000
NODE_25669_length_595_cov_10.576613	323	403	4	58	80	0.7250000
NODE_25669_length_595_cov_10.576613	376	456	0	75	80	0.9375000
NODE_25669_length_595_cov_10.576613	376	456	4	5	80	0.0625000
NODE_25672_length_595_cov_7.917339	342	415	0	12	73	0.1643836
NODE_25672_length_595_cov_7.917339	342	415	1	19	73	0.2602740
NODE_25672_length_595_cov_7.917339	342	415	3	10	73	0.1369863
NODE_25672_length_595_cov_7.917339	342	415	4	3	73	0.0410959
NODE_25672_length_595_cov_7.917339	342	415	6	4	73	0.0547945
NODE_25672_length_595_cov_7.917339	342	415	8	25	73	0.3424658
NODE_25672_length_595_cov_7.917339	388	438	6	2	50	0.0400000
NODE_25672_length_595_cov_7.917339	388	438	8	48	50	0.9600000
NODE_25702_length_595_cov_2.792339	178	258	0	43	80	0.5375000
NODE_25702_length_595_cov_2.792339	178	258	2	16	80	0.2000000
NODE_25702_length_595_cov_2.792339	178	258	4	21	80	0.2625000
NODE_25702_length_595_cov_2.792339	231	311	0	34	80	0.4250000
NODE_25702_length_595_cov_2.792339	231	311	2	46	80	0.5750000
NODE_25807_length_594_cov_34.157576	283	363	2	6	80	0.0750000
NODE_25807_length_594_cov_34.157576	283	363	4	13	80	0.1625000
NODE_25807_length_594_cov_34.157576	283	363	6	37	80	0.4625000
NODE_25807_length_594_cov_34.157576	283	363	8	24	80	0.3000000
NODE_25807_length_594_cov_34.157576	336	416	4	19	80	0.2375000
NODE_25807_length_594_cov_34.157576	336	416	6	22	80	0.2750000
NODE_25807_length_594_cov_34.157576	336	416	8	39	80	0.4875000
NODE_25811_length_594_cov_8.933333	258	338	0	80	80	1.0000000
NODE_25811_length_594_cov_8.933333	311	389	0	62	78	0.7948718
NODE_25811_length_594_cov_8.933333	311	389	2	16	78	0.2051282
NODE_25815_length_594_cov_5.759596	82	118	0	36	36	1.0000000
NODE_25815_length_594_cov_5.759596	114	194	0	36	80	0.4500000
NODE_25815_length_594_cov_5.759596	114	194	2	44	80	0.5500000
NODE_25815_length_594_cov_5.759596	167	242	0	22	75	0.2933333
NODE_25815_length_594_cov_5.759596	167	242	2	53	75	0.7066666
NODE_25825_length_594_cov_3.913131	275	355	4	7	80	0.0875000
NODE_25825_length_594_cov_3.913131	275	355	6	73	80	0.9125000
NODE_25844_length_594_cov_2.470707	209	247	2	38	38	1.0000000
NODE_25919_length_594_cov_0.698990	33	73	0	40	40	1.0000000
NODE_25928_length_593_cov_124.985830	247	285	38	10	38	0.2631579
NODE_25928_length_593_cov_124.985830	247	285	46	6	38	0.1578947
NODE_25928_length_593_cov_124.985830	247	285	48	2	38	0.0526316
NODE_25928_length_593_cov_124.985830	247	285	52	1	38	0.0263158
NODE_25928_length_593_cov_124.985830	247	285	60	3	38	0.0789474
NODE_25928_length_593_cov_124.985830	247	285	62	1	38	0.0263158
NODE_25928_length_593_cov_124.985830	247	285	68	1	38	0.0263158
NODE_25928_length_593_cov_124.985830	247	285	70	2	38	0.0526316
NODE_25928_length_593_cov_124.985830	247	285	76	3	38	0.0789474
NODE_25928_length_593_cov_124.985830	247	285	78	1	38	0.0263158
NODE_25928_length_593_cov_124.985830	247	285	82	2	38	0.0526316
NODE_25928_length_593_cov_124.985830	247	285	84	1	38	0.0263158
NODE_25928_length_593_cov_124.985830	247	285	85	2	38	0.0526316
NODE_25928_length_593_cov_124.985830	247	285	87	3	38	0.0789474
NODE_25929_length_593_cov_36.161943	150	230	0	20	80	0.2500000
NODE_25929_length_593_cov_36.161943	150	230	4	60	80	0.7500000
NODE_25929_length_593_cov_36.161943	203	283	0	5	80	0.0625000
NODE_25929_length_593_cov_36.161943	203	283	4	75	80	0.9375000
NODE_25930_length_593_cov_14.979757	219	299	0	80	80	1.0000000
NODE_25930_length_593_cov_14.979757	272	352	0	80	80	1.0000000
NODE_25931_length_593_cov_11.018219	324	404	0	80	80	1.0000000
NODE_25931_length_593_cov_11.018219	377	457	0	80	80	1.0000000
NODE_25946_length_593_cov_3.232794	210	273	0	63	63	1.0000000
NODE_25946_length_593_cov_3.232794	263	326	0	63	63	1.0000000
NODE_25996_length_593_cov_1.261134	227	249	2	22	22	1.0000000
NODE_26033_length_592_cov_18.908722	163	243	0	28	80	0.3500000
NODE_26033_length_592_cov_18.908722	163	243	2	52	80	0.6500000
NODE_26033_length_592_cov_18.908722	230	296	0	66	66	1.0000000
NODE_26034_length_592_cov_7.531440	232	312	0	35	80	0.4375000
NODE_26034_length_592_cov_7.531440	232	312	1	4	80	0.0500000
NODE_26034_length_592_cov_7.531440	232	312	5	25	80	0.3125000
NODE_26034_length_592_cov_7.531440	232	312	9	16	80	0.2000000
NODE_26034_length_592_cov_7.531440	285	361	5	16	76	0.2105263
NODE_26034_length_592_cov_7.531440	285	361	9	60	76	0.7894737
NODE_26035_length_592_cov_7.000000	77	157	18	49	80	0.6125000
NODE_26035_length_592_cov_7.000000	77	157	20	31	80	0.3875000
NODE_26035_length_592_cov_7.000000	130	210	2	44	80	0.5500000
NODE_26035_length_592_cov_7.000000	130	210	14	1	80	0.0125000
NODE_26035_length_592_cov_7.000000	130	210	20	35	80	0.4375000
NODE_26040_length_592_cov_5.036511	270	349	4	11	79	0.1392405
NODE_26040_length_592_cov_5.036511	270	349	5	1	79	0.0126582
NODE_26040_length_592_cov_5.036511	270	349	6	1	79	0.0126582
NODE_26040_length_592_cov_5.036511	270	349	8	13	79	0.1645570
NODE_26040_length_592_cov_5.036511	270	349	10	53	79	0.6708861
NODE_26041_length_592_cov_5.024341	205	285	0	16	80	0.2000000
NODE_26041_length_592_cov_5.024341	205	285	2	12	80	0.1500000
NODE_26041_length_592_cov_5.024341	205	285	6	52	80	0.6500000
NODE_26041_length_592_cov_5.024341	258	309	2	1	51	0.0196078
NODE_26041_length_592_cov_5.024341	258	309	6	50	51	0.9803922
NODE_26062_length_592_cov_2.866126	61	127	0	38	66	0.5757576
NODE_26062_length_592_cov_2.866126	61	127	2	28	66	0.4242424
NODE_26069_length_592_cov_2.361055	476	526	2	17	50	0.3400000
NODE_26069_length_592_cov_2.361055	476	526	4	2	50	0.0400000
NODE_26069_length_592_cov_2.361055	476	526	6	31	50	0.6200000
NODE_26142_length_591_cov_11.286585	245	325	0	66	80	0.8250000
NODE_26142_length_591_cov_11.286585	245	325	2	14	80	0.1750000
NODE_26142_length_591_cov_11.286585	298	378	0	80	80	1.0000000
NODE_26143_length_591_cov_9.432927	241	321	0	80	80	1.0000000
NODE_26143_length_591_cov_9.432927	294	374	0	80	80	1.0000000
NODE_26184_length_591_cov_2.365854	396	476	0	80	80	1.0000000
NODE_26184_length_591_cov_2.365854	449	529	0	80	80	1.0000000
NODE_26272_length_590_cov_29.661914	26	106	0	80	80	1.0000000
NODE_26272_length_590_cov_29.661914	79	159	0	80	80	1.0000000
NODE_26272_length_590_cov_29.661914	155	235	0	80	80	1.0000000
NODE_26272_length_590_cov_29.661914	208	288	0	80	80	1.0000000
NODE_26273_length_590_cov_21.360489	178	258	0	80	80	1.0000000
NODE_26273_length_590_cov_21.360489	231	311	0	78	80	0.9750000
NODE_26273_length_590_cov_21.360489	231	311	8	2	80	0.0250000
NODE_26274_length_590_cov_18.395112	161	241	0	53	80	0.6625000
NODE_26274_length_590_cov_18.395112	161	241	2	27	80	0.3375000
NODE_26274_length_590_cov_18.395112	214	294	2	80	80	1.0000000
NODE_26275_length_590_cov_17.376782	238	318	6	58	80	0.7250000
NODE_26275_length_590_cov_17.376782	238	318	8	22	80	0.2750000
NODE_26275_length_590_cov_17.376782	291	371	0	2	80	0.0250000
NODE_26275_length_590_cov_17.376782	291	371	2	16	80	0.2000000
NODE_26275_length_590_cov_17.376782	291	371	6	40	80	0.5000000
NODE_26275_length_590_cov_17.376782	291	371	8	22	80	0.2750000
NODE_26279_length_590_cov_6.205703	262	333	2	71	71	1.0000000
NODE_26283_length_590_cov_5.319756	224	304	0	80	80	1.0000000
NODE_26283_length_590_cov_5.319756	277	357	0	80	80	1.0000000
NODE_26366_length_590_cov_0.971487	0	32	0	32	32	1.0000000
NODE_26390_length_589_cov_15.810204	384	464	2	80	80	1.0000000
NODE_26390_length_589_cov_15.810204	437	517	0	47	80	0.5875000
NODE_26390_length_589_cov_15.810204	437	517	2	33	80	0.4125000
NODE_26391_length_589_cov_13.855102	320	400	0	80	80	1.0000000
NODE_26391_length_589_cov_13.855102	373	453	0	80	80	1.0000000
NODE_26395_length_589_cov_6.297959	186	266	0	37	80	0.4625000
NODE_26395_length_589_cov_6.297959	186	266	2	43	80	0.5375000
NODE_26395_length_589_cov_6.297959	239	319	2	80	80	1.0000000
NODE_26430_length_589_cov_2.320408	431	511	2	8	80	0.1000000
NODE_26430_length_589_cov_2.320408	431	511	4	43	80	0.5375000
NODE_26430_length_589_cov_2.320408	431	511	6	29	80	0.3625000
NODE_26515_length_588_cov_49.936605	264	341	0	34	77	0.4415585
NODE_26515_length_588_cov_49.936605	264	341	4	43	77	0.5584416
NODE_26515_length_588_cov_49.936605	314	394	4	80	80	1.0000000
NODE_26516_length_588_cov_33.691207	273	353	0	36	80	0.4500000
NODE_26516_length_588_cov_33.691207	273	353	1	44	80	0.5500000
NODE_26516_length_588_cov_33.691207	326	406	0	61	80	0.7625000
NODE_26516_length_588_cov_33.691207	326	406	2	19	80	0.2375000
NODE_26517_length_588_cov_16.564417	245	325	0	80	80	1.0000000
NODE_26517_length_588_cov_16.564417	298	378	0	31	80	0.3875000
NODE_26517_length_588_cov_16.564417	298	378	2	49	80	0.6125000
NODE_26518_length_588_cov_14.595092	266	346	0	53	80	0.6625000
NODE_26518_length_588_cov_14.595092	266	346	2	27	80	0.3375000
NODE_26518_length_588_cov_14.595092	319	399	0	80	80	1.0000000
NODE_26522_length_588_cov_7.439673	155	235	0	80	80	1.0000000
NODE_26522_length_588_cov_7.439673	208	288	0	80	80	1.0000000
NODE_26523_length_588_cov_7.094070	191	263	0	55	72	0.7638889
NODE_26523_length_588_cov_7.094070	191	263	2	17	72	0.2361111
NODE_26523_length_588_cov_7.094070	244	310	0	66	66	1.0000000
NODE_26523_length_588_cov_7.094070	439	519	4	80	80	1.0000000
NODE_26523_length_588_cov_7.094070	492	572	0	46	80	0.5750000
NODE_26523_length_588_cov_7.094070	492	572	2	6	80	0.0750000
NODE_26523_length_588_cov_7.094070	492	572	4	28	80	0.3500000
NODE_26534_length_588_cov_4.167689	65	122	0	1	57	0.0175439
NODE_26534_length_588_cov_4.167689	65	122	2	5	57	0.0877193
NODE_26534_length_588_cov_4.167689	65	122	4	6	57	0.1052632
NODE_26534_length_588_cov_4.167689	65	122	5	17	57	0.2982456
NODE_26534_length_588_cov_4.167689	65	122	7	28	57	0.4912281
NODE_26634_length_587_cov_39.782787	123	203	0	80	80	1.0000000
NODE_26634_length_587_cov_39.782787	176	256	0	80	80	1.0000000
NODE_26634_length_587_cov_39.782787	252	332	0	63	80	0.7875000
NODE_26634_length_587_cov_39.782787	252	332	2	17	80	0.2125000
NODE_26634_length_587_cov_39.782787	305	385	0	10	80	0.1250000
NODE_26634_length_587_cov_39.782787	305	385	2	26	80	0.3250000
NODE_26634_length_587_cov_39.782787	305	385	4	44	80	0.5500000
NODE_26635_length_587_cov_31.807377	141	221	0	80	80	1.0000000
NODE_26635_length_587_cov_31.807377	194	274	0	80	80	1.0000000
NODE_26636_length_587_cov_12.629098	219	299	4	33	80	0.4125000
NODE_26636_length_587_cov_12.629098	219	299	6	6	80	0.0750000
NODE_26636_length_587_cov_12.629098	219	299	8	4	80	0.0500000
NODE_26636_length_587_cov_12.629098	219	299	10	18	80	0.2250000
NODE_26636_length_587_cov_12.629098	219	299	12	3	80	0.0375000
NODE_26636_length_587_cov_12.629098	219	299	14	16	80	0.2000000
NODE_26636_length_587_cov_12.629098	272	352	2	28	80	0.3500000
NODE_26636_length_587_cov_12.629098	272	352	4	26	80	0.3250000
NODE_26636_length_587_cov_12.629098	272	352	6	26	80	0.3250000
NODE_26639_length_587_cov_9.067623	203	283	2	68	80	0.8500000
NODE_26639_length_587_cov_9.067623	203	283	4	10	80	0.1250000
NODE_26639_length_587_cov_9.067623	203	283	6	2	80	0.0250000
NODE_26639_length_587_cov_9.067623	256	336	2	15	80	0.1875000
NODE_26639_length_587_cov_9.067623	256	336	4	48	80	0.6000000
NODE_26639_length_587_cov_9.067623	256	336	6	17	80	0.2125000
NODE_26640_length_587_cov_8.411885	253	311	0	58	58	1.0000000
NODE_26656_length_587_cov_3.231557	201	256	14	2	55	0.0363636
NODE_26656_length_587_cov_3.231557	201	256	16	1	55	0.0181818
NODE_26656_length_587_cov_3.231557	201	256	18	5	55	0.0909091
NODE_26656_length_587_cov_3.231557	201	256	20	30	55	0.5454546
NODE_26656_length_587_cov_3.231557	201	256	22	17	55	0.3090909
NODE_26665_length_587_cov_2.850410	255	288	12	33	33	1.0000000
NODE_26749_length_586_cov_37.843943	268	348	0	34	80	0.4250000
NODE_26749_length_586_cov_37.843943	268	348	4	46	80	0.5750000
NODE_26749_length_586_cov_37.843943	321	401	4	80	80	1.0000000
NODE_26749_length_586_cov_37.843943	397	477	2	11	80	0.1375000
NODE_26749_length_586_cov_37.843943	397	477	4	10	80	0.1250000
NODE_26749_length_586_cov_37.843943	397	477	6	20	80	0.2500000
NODE_26749_length_586_cov_37.843943	397	477	8	39	80	0.4875000
NODE_26749_length_586_cov_37.843943	450	531	4	5	81	0.0617284
NODE_26749_length_586_cov_37.843943	450	531	6	36	81	0.4444444
NODE_26749_length_586_cov_37.843943	450	531	8	40	81	0.4938272
NODE_26750_length_586_cov_12.831622	186	266	4	69	80	0.8625000
NODE_26750_length_586_cov_12.831622	186	266	6	11	80	0.1375000
NODE_26750_length_586_cov_12.831622	239	319	2	34	80	0.4250000
NODE_26750_length_586_cov_12.831622	239	319	4	20	80	0.2500000
NODE_26750_length_586_cov_12.831622	239	319	6	26	80	0.3250000
NODE_26752_length_586_cov_11.264887	108	188	0	15	80	0.1875000
NODE_26752_length_586_cov_11.264887	108	188	2	65	80	0.8125000
NODE_26752_length_586_cov_11.264887	161	241	0	36	80	0.4500000
NODE_26752_length_586_cov_11.264887	161	241	2	44	80	0.5500000
NODE_26754_length_586_cov_9.624230	299	360	6	38	61	0.6229508
NODE_26754_length_586_cov_9.624230	299	360	8	23	61	0.3770492
NODE_26754_length_586_cov_9.624230	299	360	6	38	61	0.6229508
NODE_26754_length_586_cov_9.624230	299	360	8	23	61	0.3770492
NODE_26754_length_586_cov_9.624230	299	360	6	38	61	0.6229508
NODE_26754_length_586_cov_9.624230	299	360	8	23	61	0.3770492
NODE_26754_length_586_cov_9.624230	301	360	6	38	59	0.6440678
NODE_26754_length_586_cov_9.624230	301	360	8	21	59	0.3559322
NODE_26756_length_586_cov_8.591376	273	353	0	80	80	1.0000000
NODE_26756_length_586_cov_8.591376	326	406	0	80	80	1.0000000
NODE_26758_length_586_cov_6.135524	334	375	0	41	41	1.0000000
NODE_26758_length_586_cov_6.135524	334	375	0	41	41	1.0000000
NODE_26760_length_586_cov_5.634497	150	230	0	80	80	1.0000000
NODE_26760_length_586_cov_5.634497	203	283	0	80	80	1.0000000
NODE_26765_length_586_cov_4.626283	296	362	0	41	66	0.6212121
NODE_26765_length_586_cov_4.626283	296	362	1	25	66	0.3787879
NODE_26765_length_586_cov_4.626283	453	533	4	3	80	0.0375000
NODE_26765_length_586_cov_4.626283	453	533	8	23	80	0.2875000
NODE_26765_length_586_cov_4.626283	453	533	12	54	80	0.6750000
NODE_26885_length_585_cov_112.094650	456	536	80	2	80	0.0250000
NODE_26885_length_585_cov_112.094650	456	536	81	2	80	0.0250000
NODE_26885_length_585_cov_112.094650	456	536	82	9	80	0.1125000
NODE_26885_length_585_cov_112.094650	456	536	84	7	80	0.0875000
NODE_26885_length_585_cov_112.094650	456	536	85	5	80	0.0625000
NODE_26885_length_585_cov_112.094650	456	536	86	4	80	0.0500000
NODE_26885_length_585_cov_112.094650	456	536	88	2	80	0.0250000
NODE_26885_length_585_cov_112.094650	456	536	89	17	80	0.2125000
NODE_26885_length_585_cov_112.094650	456	536	90	1	80	0.0125000
NODE_26885_length_585_cov_112.094650	456	536	91	1	80	0.0125000
NODE_26885_length_585_cov_112.094650	456	536	92	4	80	0.0500000
NODE_26885_length_585_cov_112.094650	456	536	93	3	80	0.0375000
NODE_26885_length_585_cov_112.094650	456	536	94	12	80	0.1500000
NODE_26885_length_585_cov_112.094650	456	536	96	5	80	0.0625000
NODE_26885_length_585_cov_112.094650	456	536	97	1	80	0.0125000
NODE_26885_length_585_cov_112.094650	456	536	98	5	80	0.0625000
NODE_26885_length_585_cov_112.094650	509	585	4	2	76	0.0263158
NODE_26885_length_585_cov_112.094650	509	585	6	9	76	0.1184211
NODE_26885_length_585_cov_112.094650	509	585	10	4	76	0.0526316
NODE_26885_length_585_cov_112.094650	509	585	38	5	76	0.0657895
NODE_26885_length_585_cov_112.094650	509	585	40	5	76	0.0657895
NODE_26885_length_585_cov_112.094650	509	585	42	2	76	0.0263158
NODE_26885_length_585_cov_112.094650	509	585	55	7	76	0.0921053
NODE_26885_length_585_cov_112.094650	509	585	57	2	76	0.0263158
NODE_26885_length_585_cov_112.094650	509	585	61	6	76	0.0789474
NODE_26885_length_585_cov_112.094650	509	585	69	3	76	0.0394737
NODE_26885_length_585_cov_112.094650	509	585	71	1	76	0.0131579
NODE_26885_length_585_cov_112.094650	509	585	80	1	76	0.0131579
NODE_26885_length_585_cov_112.094650	509	585	81	3	76	0.0394737
NODE_26885_length_585_cov_112.094650	509	585	82	3	76	0.0394737
NODE_26885_length_585_cov_112.094650	509	585	84	4	76	0.0526316
NODE_26885_length_585_cov_112.094650	509	585	85	4	76	0.0526316
NODE_26885_length_585_cov_112.094650	509	585	89	14	76	0.1842105
NODE_26885_length_585_cov_112.094650	509	585	91	1	76	0.0131579
NODE_26886_length_585_cov_23.872428	168	248	0	80	80	1.0000000
NODE_26886_length_585_cov_23.872428	222	301	0	79	79	1.0000000
NODE_26887_length_585_cov_18.981481	360	440	0	21	80	0.2625000
NODE_26887_length_585_cov_18.981481	360	440	1	1	80	0.0125000
NODE_26887_length_585_cov_18.981481	360	440	2	57	80	0.7125000
NODE_26887_length_585_cov_18.981481	360	440	4	1	80	0.0125000
NODE_26887_length_585_cov_18.981481	413	493	2	26	80	0.3250000
NODE_26887_length_585_cov_18.981481	413	493	4	54	80	0.6750000
NODE_26888_length_585_cov_13.967078	323	387	0	64	64	1.0000000
NODE_26889_length_585_cov_10.555556	229	309	0	23	80	0.2875000
NODE_26889_length_585_cov_10.555556	229	309	2	57	80	0.7125000
NODE_26889_length_585_cov_10.555556	282	362	0	20	80	0.2500000
NODE_26889_length_585_cov_10.555556	282	362	2	60	80	0.7500000
NODE_26891_length_585_cov_9.216049	233	313	0	80	80	1.0000000
NODE_26891_length_585_cov_9.216049	286	366	0	80	80	1.0000000
NODE_26894_length_585_cov_8.090535	292	372	0	80	80	1.0000000
NODE_26894_length_585_cov_8.090535	345	425	0	80	80	1.0000000
NODE_26895_length_585_cov_8.018519	339	381	0	42	42	1.0000000
NODE_26895_length_585_cov_8.018519	354	419	0	65	65	1.0000000
NODE_26900_length_585_cov_4.954733	147	227	0	80	80	1.0000000
NODE_26912_length_585_cov_3.751029	288	368	6	7	80	0.0875000
NODE_26912_length_585_cov_3.751029	288	368	8	1	80	0.0125000
NODE_26912_length_585_cov_3.751029	288	368	12	2	80	0.0250000
NODE_26912_length_585_cov_3.751029	288	368	14	3	80	0.0375000
NODE_26912_length_585_cov_3.751029	288	368	17	1	80	0.0125000
NODE_26912_length_585_cov_3.751029	288	368	18	19	80	0.2375000
NODE_26912_length_585_cov_3.751029	288	368	22	43	80	0.5375000
NODE_26912_length_585_cov_3.751029	288	368	24	4	80	0.0500000
NODE_26912_length_585_cov_3.751029	341	421	14	20	80	0.2500000
NODE_26912_length_585_cov_3.751029	341	421	18	18	80	0.2250000
NODE_26912_length_585_cov_3.751029	341	421	20	11	80	0.1375000
NODE_26912_length_585_cov_3.751029	341	421	22	23	80	0.2875000
NODE_26912_length_585_cov_3.751029	341	421	24	8	80	0.1000000
NODE_27019_length_584_cov_21.657732	57	137	1	35	80	0.4375000
NODE_27019_length_584_cov_21.657732	57	137	2	6	80	0.0750000
NODE_27019_length_584_cov_21.657732	57	137	3	39	80	0.4875000
NODE_27019_length_584_cov_21.657732	110	190	2	26	80	0.3250000
NODE_27019_length_584_cov_21.657732	110	190	3	21	80	0.2625000
NODE_27019_length_584_cov_21.657732	110	190	4	33	80	0.4125000
NODE_27020_length_584_cov_11.915464	280	360	0	14	80	0.1750000
NODE_27020_length_584_cov_11.915464	280	360	2	66	80	0.8250000
NODE_27020_length_584_cov_11.915464	333	413	2	80	80	1.0000000
NODE_27021_length_584_cov_11.197938	217	297	2	80	80	1.0000000
NODE_27021_length_584_cov_11.197938	270	350	1	2	80	0.0250000
NODE_27021_length_584_cov_11.197938	270	350	2	78	80	0.9750000
NODE_27022_length_584_cov_9.824742	375	441	0	46	66	0.6969697
NODE_27022_length_584_cov_9.824742	375	441	2	20	66	0.3030303
NODE_27022_length_584_cov_9.824742	375	441	0	46	66	0.6969697
NODE_27022_length_584_cov_9.824742	375	441	2	20	66	0.3030303
NODE_27023_length_584_cov_9.160825	369	449	0	31	80	0.3875000
NODE_27023_length_584_cov_9.160825	369	449	2	49	80	0.6125000
NODE_27023_length_584_cov_9.160825	422	502	0	80	80	1.0000000
NODE_27023_length_584_cov_9.160825	422	502	0	80	80	1.0000000
NODE_27026_length_584_cov_7.736082	51	131	0	27	80	0.3375000
NODE_27026_length_584_cov_7.736082	51	131	2	53	80	0.6625000
NODE_27026_length_584_cov_7.736082	104	184	0	49	80	0.6125000
NODE_27026_length_584_cov_7.736082	104	184	2	31	80	0.3875000
NODE_27031_length_584_cov_7.113402	213	293	0	80	80	1.0000000
NODE_27031_length_584_cov_7.113402	266	346	0	80	80	1.0000000
NODE_27035_length_584_cov_5.843299	281	341	4	2	60	0.0333333
NODE_27035_length_584_cov_5.843299	281	341	6	4	60	0.0666667
NODE_27035_length_584_cov_5.843299	281	341	12	7	60	0.1166667
NODE_27035_length_584_cov_5.843299	281	341	14	1	60	0.0166667
NODE_27035_length_584_cov_5.843299	281	341	16	46	60	0.7666667
NODE_27039_length_584_cov_5.032990	240	320	0	80	80	1.0000000
NODE_27039_length_584_cov_5.032990	293	373	0	80	80	1.0000000
NODE_27061_length_584_cov_2.707216	186	257	0	24	71	0.3380282
NODE_27061_length_584_cov_2.707216	186	257	6	47	71	0.6619718
NODE_27147_length_583_cov_7.973140	232	312	0	80	80	1.0000000
NODE_27147_length_583_cov_7.973140	285	365	0	80	80	1.0000000
NODE_27148_length_583_cov_6.731405	328	408	4	42	80	0.5250000
NODE_27148_length_583_cov_6.731405	328	408	6	8	80	0.1000000
NODE_27148_length_583_cov_6.731405	328	408	8	30	80	0.3750000
NODE_27148_length_583_cov_6.731405	381	461	0	4	80	0.0500000
NODE_27148_length_583_cov_6.731405	381	461	4	2	80	0.0250000
NODE_27148_length_583_cov_6.731405	381	461	8	74	80	0.9250000
NODE_27149_length_583_cov_6.363636	161	231	0	70	70	1.0000000
NODE_27152_length_583_cov_5.766529	132	186	0	5	54	0.0925926
NODE_27152_length_583_cov_5.766529	132	186	2	49	54	0.9074074
NODE_27263_length_583_cov_0.762397	9	50	0	41	41	1.0000000
NODE_27278_length_582_cov_74.269151	295	375	0	32	80	0.4000000
NODE_27278_length_582_cov_74.269151	295	375	2	48	80	0.6000000
NODE_27278_length_582_cov_74.269151	348	428	0	72	80	0.9000000
NODE_27278_length_582_cov_74.269151	348	428	2	8	80	0.1000000
NODE_27279_length_582_cov_53.093168	11	91	0	80	80	1.0000000
NODE_27279_length_582_cov_53.093168	64	144	0	80	80	1.0000000
NODE_27279_length_582_cov_53.093168	140	220	0	80	80	1.0000000
NODE_27279_length_582_cov_53.093168	193	273	0	80	80	1.0000000
NODE_27280_length_582_cov_47.393375	345	425	0	28	80	0.3500000
NODE_27280_length_582_cov_47.393375	345	425	2	13	80	0.1625000
NODE_27280_length_582_cov_47.393375	345	425	4	39	80	0.4875000
NODE_27280_length_582_cov_47.393375	398	478	0	80	80	1.0000000
NODE_27281_length_582_cov_16.358178	297	377	0	41	80	0.5125000
NODE_27281_length_582_cov_16.358178	297	377	2	27	80	0.3375000
NODE_27281_length_582_cov_16.358178	297	377	6	12	80	0.1500000
NODE_27281_length_582_cov_16.358178	350	431	0	29	81	0.3580247
NODE_27281_length_582_cov_16.358178	350	431	2	52	81	0.6419753
NODE_27282_length_582_cov_14.107660	128	208	0	62	80	0.7750000
NODE_27282_length_582_cov_14.107660	128	208	2	18	80	0.2250000
NODE_27282_length_582_cov_14.107660	181	261	0	80	80	1.0000000
NODE_27283_length_582_cov_7.923395	208	287	2	50	79	0.6329114
NODE_27283_length_582_cov_7.923395	208	287	4	29	79	0.3670886
NODE_27283_length_582_cov_7.923395	262	340	2	63	78	0.8076923
NODE_27283_length_582_cov_7.923395	262	340	4	15	78	0.1923077
NODE_27284_length_582_cov_7.722567	216	296	0	3	80	0.0375000
NODE_27284_length_582_cov_7.722567	216	296	2	77	80	0.9625000
NODE_27284_length_582_cov_7.722567	269	349	0	56	80	0.7000000
NODE_27284_length_582_cov_7.722567	269	349	2	24	80	0.3000000
NODE_27289_length_582_cov_4.956522	294	325	0	21	31	0.6774194
NODE_27289_length_582_cov_4.956522	294	325	2	10	31	0.3225806
NODE_27295_length_582_cov_4.308489	151	192	8	7	41	0.1707317
NODE_27295_length_582_cov_4.308489	151	192	10	17	41	0.4146341
NODE_27295_length_582_cov_4.308489	151	192	12	1	41	0.0243902
NODE_27295_length_582_cov_4.308489	151	192	18	16	41	0.3902439
NODE_27297_length_582_cov_3.838509	223	299	12	6	76	0.0789474
NODE_27297_length_582_cov_3.838509	223	299	13	27	76	0.3552631
NODE_27297_length_582_cov_3.838509	223	299	15	20	76	0.2631579
NODE_27297_length_582_cov_3.838509	223	299	17	23	76	0.3026316
NODE_27297_length_582_cov_3.838509	272	354	6	2	82	0.0243902
NODE_27297_length_582_cov_3.838509	272	354	8	8	82	0.0975610
NODE_27297_length_582_cov_3.838509	272	354	11	11	82	0.1341463
NODE_27297_length_582_cov_3.838509	272	354	14	21	82	0.2560976
NODE_27297_length_582_cov_3.838509	272	354	15	12	82	0.1463415
NODE_27297_length_582_cov_3.838509	272	354	16	3	82	0.0365854
NODE_27297_length_582_cov_3.838509	272	354	17	25	82	0.3048781
NODE_27350_length_582_cov_1.650104	375	450	0	14	75	0.1866667
NODE_27350_length_582_cov_1.650104	375	450	4	61	75	0.8133333
NODE_27405_length_581_cov_16.890041	244	316	2	13	72	0.1805556
NODE_27405_length_581_cov_16.890041	244	316	4	29	72	0.4027778
NODE_27405_length_581_cov_16.890041	244	316	6	30	72	0.4166667
NODE_27413_length_581_cov_6.340249	262	342	0	80	80	1.0000000
NODE_27413_length_581_cov_6.340249	315	395	0	80	80	1.0000000
NODE_27416_length_581_cov_5.827801	122	192	0	27	70	0.3857143
NODE_27416_length_581_cov_5.827801	122	192	1	14	70	0.2000000
NODE_27416_length_581_cov_5.827801	122	192	3	2	70	0.0285714
NODE_27416_length_581_cov_5.827801	122	192	4	1	70	0.0142857
NODE_27416_length_581_cov_5.827801	122	192	6	8	70	0.1142857
NODE_27416_length_581_cov_5.827801	122	192	8	18	70	0.2571429
NODE_27420_length_581_cov_5.072614	392	466	0	19	74	0.2567568
NODE_27420_length_581_cov_5.072614	392	466	2	12	74	0.1621622
NODE_27420_length_581_cov_5.072614	392	466	6	43	74	0.5810811
NODE_27420_length_581_cov_5.072614	424	444	2	9	20	0.4500000
NODE_27420_length_581_cov_5.072614	424	444	6	11	20	0.5500000
NODE_27464_length_581_cov_1.881743	474	538	0	64	64	1.0000000
NODE_27541_length_580_cov_39.353430	358	438	4	13	80	0.1625000
NODE_27541_length_580_cov_39.353430	358	438	12	21	80	0.2625000
NODE_27541_length_580_cov_39.353430	358	438	14	5	80	0.0625000
NODE_27541_length_580_cov_39.353430	358	438	16	12	80	0.1500000
NODE_27541_length_580_cov_39.353430	358	438	22	2	80	0.0250000
NODE_27541_length_580_cov_39.353430	358	438	24	13	80	0.1625000
NODE_27541_length_580_cov_39.353430	358	438	29	1	80	0.0125000
NODE_27541_length_580_cov_39.353430	358	438	30	2	80	0.0250000
NODE_27541_length_580_cov_39.353430	358	438	38	11	80	0.1375000
NODE_27541_length_580_cov_39.353430	411	491	22	2	80	0.0250000
NODE_27541_length_580_cov_39.353430	411	491	24	11	80	0.1375000
NODE_27541_length_580_cov_39.353430	411	491	29	1	80	0.0125000
NODE_27541_length_580_cov_39.353430	411	491	30	2	80	0.0250000
NODE_27541_length_580_cov_39.353430	411	491	38	25	80	0.3125000
NODE_27541_length_580_cov_39.353430	411	491	42	4	80	0.0500000
NODE_27541_length_580_cov_39.353430	411	491	56	2	80	0.0250000
NODE_27541_length_580_cov_39.353430	411	491	67	1	80	0.0125000
NODE_27541_length_580_cov_39.353430	411	491	68	4	80	0.0500000
NODE_27541_length_580_cov_39.353430	411	491	82	12	80	0.1500000
NODE_27541_length_580_cov_39.353430	411	491	84	1	80	0.0125000
NODE_27541_length_580_cov_39.353430	411	491	90	15	80	0.1875000
NODE_27541_length_580_cov_39.353430	487	567	42	4	80	0.0500000
NODE_27541_length_580_cov_39.353430	487	567	52	1	80	0.0125000
NODE_27541_length_580_cov_39.353430	487	567	53	2	80	0.0250000
NODE_27541_length_580_cov_39.353430	487	567	60	1	80	0.0125000
NODE_27541_length_580_cov_39.353430	487	567	76	13	80	0.1625000
NODE_27541_length_580_cov_39.353430	487	567	80	26	80	0.3250000
NODE_27541_length_580_cov_39.353430	487	567	88	26	80	0.3250000
NODE_27541_length_580_cov_39.353430	487	567	90	7	80	0.0875000
NODE_27541_length_580_cov_39.353430	487	567	42	4	80	0.0500000
NODE_27541_length_580_cov_39.353430	487	567	52	1	80	0.0125000
NODE_27541_length_580_cov_39.353430	487	567	53	2	80	0.0250000
NODE_27541_length_580_cov_39.353430	487	567	60	1	80	0.0125000
NODE_27541_length_580_cov_39.353430	487	567	76	13	80	0.1625000
NODE_27541_length_580_cov_39.353430	487	567	80	26	80	0.3250000
NODE_27541_length_580_cov_39.353430	487	567	88	26	80	0.3250000
NODE_27541_length_580_cov_39.353430	487	567	90	7	80	0.0875000
NODE_27541_length_580_cov_39.353430	487	567	42	4	80	0.0500000
NODE_27541_length_580_cov_39.353430	487	567	52	1	80	0.0125000
NODE_27541_length_580_cov_39.353430	487	567	53	2	80	0.0250000
NODE_27541_length_580_cov_39.353430	487	567	60	1	80	0.0125000
NODE_27541_length_580_cov_39.353430	487	567	76	13	80	0.1625000
NODE_27541_length_580_cov_39.353430	487	567	80	26	80	0.3250000
NODE_27541_length_580_cov_39.353430	487	567	88	26	80	0.3250000
NODE_27541_length_580_cov_39.353430	487	567	90	7	80	0.0875000
NODE_27541_length_580_cov_39.353430	487	567	42	4	80	0.0500000
NODE_27541_length_580_cov_39.353430	487	567	52	1	80	0.0125000
NODE_27541_length_580_cov_39.353430	487	567	53	2	80	0.0250000
NODE_27541_length_580_cov_39.353430	487	567	60	1	80	0.0125000
NODE_27541_length_580_cov_39.353430	487	567	76	13	80	0.1625000
NODE_27541_length_580_cov_39.353430	487	567	80	26	80	0.3250000
NODE_27541_length_580_cov_39.353430	487	567	88	26	80	0.3250000
NODE_27541_length_580_cov_39.353430	487	567	90	7	80	0.0875000
NODE_27541_length_580_cov_39.353430	487	567	42	4	80	0.0500000
NODE_27541_length_580_cov_39.353430	487	567	52	1	80	0.0125000
NODE_27541_length_580_cov_39.353430	487	567	53	2	80	0.0250000
NODE_27541_length_580_cov_39.353430	487	567	60	1	80	0.0125000
NODE_27541_length_580_cov_39.353430	487	567	76	13	80	0.1625000
NODE_27541_length_580_cov_39.353430	487	567	80	26	80	0.3250000
NODE_27541_length_580_cov_39.353430	487	567	88	26	80	0.3250000
NODE_27541_length_580_cov_39.353430	487	567	90	7	80	0.0875000
NODE_27541_length_580_cov_39.353430	487	567	42	4	80	0.0500000
NODE_27541_length_580_cov_39.353430	487	567	52	1	80	0.0125000
NODE_27541_length_580_cov_39.353430	487	567	53	2	80	0.0250000
NODE_27541_length_580_cov_39.353430	487	567	60	1	80	0.0125000
NODE_27541_length_580_cov_39.353430	487	567	76	13	80	0.1625000
NODE_27541_length_580_cov_39.353430	487	567	80	26	80	0.3250000
NODE_27541_length_580_cov_39.353430	487	567	88	26	80	0.3250000
NODE_27541_length_580_cov_39.353430	487	567	90	7	80	0.0875000
NODE_27544_length_580_cov_8.925156	198	238	0	40	40	1.0000000
NODE_27544_length_580_cov_8.925156	258	338	0	80	80	1.0000000
NODE_27545_length_580_cov_8.634096	197	277	4	2	80	0.0250000
NODE_27545_length_580_cov_8.634096	197	277	6	64	80	0.8000000
NODE_27545_length_580_cov_8.634096	197	277	8	14	80	0.1750000
NODE_27545_length_580_cov_8.634096	250	330	4	42	80	0.5250000
NODE_27545_length_580_cov_8.634096	250	330	6	24	80	0.3000000
NODE_27545_length_580_cov_8.634096	250	330	8	14	80	0.1750000
NODE_27551_length_580_cov_6.291060	356	398	0	42	42	1.0000000
NODE_27554_length_580_cov_5.494802	110	190	0	80	80	1.0000000
NODE_27554_length_580_cov_5.494802	163	243	0	80	80	1.0000000
NODE_27559_length_580_cov_4.563410	231	292	0	61	61	1.0000000
NODE_27559_length_580_cov_4.563410	322	357	0	35	35	1.0000000
NODE_27590_length_580_cov_2.264033	215	277	0	62	62	1.0000000
NODE_27597_length_580_cov_2.116424	265	345	0	80	80	1.0000000
NODE_27659_length_579_cov_24.231250	159	239	5	9	80	0.1125000
NODE_27659_length_579_cov_24.231250	159	239	7	22	80	0.2750000
NODE_27659_length_579_cov_24.231250	159	239	9	3	80	0.0375000
NODE_27659_length_579_cov_24.231250	159	239	11	46	80	0.5750000
NODE_27659_length_579_cov_24.231250	212	287	4	19	75	0.2533333
NODE_27659_length_579_cov_24.231250	212	287	8	23	75	0.3066667
NODE_27659_length_579_cov_24.231250	212	287	9	2	75	0.0266667
NODE_27659_length_579_cov_24.231250	212	287	11	31	75	0.4133333
NODE_27660_length_579_cov_12.602083	246	326	0	80	80	1.0000000
NODE_27660_length_579_cov_12.602083	299	377	0	78	78	1.0000000
NODE_27663_length_579_cov_9.195833	254	334	8	62	80	0.7750000
NODE_27663_length_579_cov_9.195833	254	334	10	3	80	0.0375000
NODE_27663_length_579_cov_9.195833	254	334	12	15	80	0.1875000
NODE_27663_length_579_cov_9.195833	307	387	2	9	80	0.1125000
NODE_27663_length_579_cov_9.195833	307	387	6	2	80	0.0250000
NODE_27663_length_579_cov_9.195833	307	387	8	41	80	0.5125000
NODE_27663_length_579_cov_9.195833	307	387	10	28	80	0.3500000
NODE_27663_length_579_cov_9.195833	383	463	0	36	80	0.4500000
NODE_27663_length_579_cov_9.195833	383	463	2	44	80	0.5500000
NODE_27664_length_579_cov_6.600000	169	249	0	80	80	1.0000000
NODE_27664_length_579_cov_6.600000	222	302	0	80	80	1.0000000
NODE_27667_length_579_cov_5.956250	225	295	8	3	70	0.0428571
NODE_27667_length_579_cov_5.956250	225	295	10	3	70	0.0428571
NODE_27667_length_579_cov_5.956250	225	295	11	5	70	0.0714286
NODE_27667_length_579_cov_5.956250	225	295	12	4	70	0.0571429
NODE_27667_length_579_cov_5.956250	225	295	13	42	70	0.6000000
NODE_27667_length_579_cov_5.956250	225	295	14	12	70	0.1714286
NODE_27667_length_579_cov_5.956250	225	295	15	1	70	0.0142857
NODE_27667_length_579_cov_5.956250	279	316	4	6	37	0.1621622
NODE_27667_length_579_cov_5.956250	279	316	6	9	37	0.2432432
NODE_27667_length_579_cov_5.956250	279	316	8	9	37	0.2432432
NODE_27667_length_579_cov_5.956250	279	316	10	3	37	0.0810811
NODE_27667_length_579_cov_5.956250	279	316	14	10	37	0.2702703
NODE_27674_length_579_cov_4.850000	105	185	0	80	80	1.0000000
NODE_27674_length_579_cov_4.850000	158	238	0	80	80	1.0000000
NODE_27688_length_579_cov_3.291667	290	343	0	53	53	1.0000000
NODE_27695_length_579_cov_2.420833	251	331	0	62	80	0.7750000
NODE_27695_length_579_cov_2.420833	251	331	2	18	80	0.2250000
NODE_27695_length_579_cov_2.420833	304	384	0	80	80	1.0000000
NODE_27724_length_579_cov_1.435417	463	497	2	1	34	0.0294118
NODE_27724_length_579_cov_1.435417	463	497	4	33	34	0.9705882
NODE_27781_length_578_cov_70.192067	100	180	4	80	80	1.0000000
NODE_27781_length_578_cov_70.192067	153	233	4	49	80	0.6125000
NODE_27781_length_578_cov_70.192067	153	233	7	25	80	0.3125000
NODE_27781_length_578_cov_70.192067	153	233	8	6	80	0.0750000
NODE_27782_length_578_cov_51.676409	129	209	0	17	80	0.2125000
NODE_27782_length_578_cov_51.676409	129	209	2	38	80	0.4750000
NODE_27782_length_578_cov_51.676409	129	209	4	25	80	0.3125000
NODE_27782_length_578_cov_51.676409	182	262	2	37	80	0.4625000
NODE_27782_length_578_cov_51.676409	182	262	4	43	80	0.5375000
NODE_27783_length_578_cov_32.152401	310	390	0	80	80	1.0000000
NODE_27783_length_578_cov_32.152401	363	443	0	80	80	1.0000000
NODE_27784_length_578_cov_30.484342	215	295	0	3	80	0.0375000
NODE_27784_length_578_cov_30.484342	215	295	2	47	80	0.5875000
NODE_27784_length_578_cov_30.484342	215	295	4	30	80	0.3750000
NODE_27784_length_578_cov_30.484342	268	348	2	45	80	0.5625000
NODE_27784_length_578_cov_30.484342	268	348	4	35	80	0.4375000
NODE_27785_length_578_cov_15.983299	213	265	14	52	52	1.0000000
NODE_27786_length_578_cov_14.968685	147	227	0	59	80	0.7375000
NODE_27786_length_578_cov_14.968685	147	227	4	21	80	0.2625000
NODE_27786_length_578_cov_14.968685	200	280	0	6	80	0.0750000
NODE_27786_length_578_cov_14.968685	200	280	4	30	80	0.3750000
NODE_27786_length_578_cov_14.968685	200	280	6	44	80	0.5500000
NODE_27787_length_578_cov_9.567850	273	328	2	54	55	0.9818182
NODE_27787_length_578_cov_9.567850	273	328	4	1	55	0.0181818
NODE_27792_length_578_cov_6.670146	273	353	0	9	80	0.1125000
NODE_27792_length_578_cov_6.670146	273	353	4	71	80	0.8875000
NODE_27792_length_578_cov_6.670146	326	406	0	20	80	0.2500000
NODE_27792_length_578_cov_6.670146	326	406	4	60	80	0.7500000
NODE_27793_length_578_cov_6.465553	320	400	2	23	80	0.2875000
NODE_27793_length_578_cov_6.465553	320	400	4	57	80	0.7125000
NODE_27793_length_578_cov_6.465553	373	453	2	3	80	0.0375000
NODE_27793_length_578_cov_6.465553	373	453	4	77	80	0.9625000
NODE_27863_length_578_cov_1.480167	185	265	4	13	80	0.1625000
NODE_27863_length_578_cov_1.480167	185	265	8	67	80	0.8375000
NODE_27863_length_578_cov_1.480167	238	318	0	40	80	0.5000000
NODE_27863_length_578_cov_1.480167	238	318	4	26	80	0.3250000
NODE_27863_length_578_cov_1.480167	238	318	8	14	80	0.1750000
NODE_27935_length_577_cov_11.638075	312	392	0	80	80	1.0000000
NODE_27942_length_577_cov_4.912134	218	249	4	31	31	1.0000000
NODE_27942_length_577_cov_4.912134	301	330	4	26	29	0.8965517
NODE_27942_length_577_cov_4.912134	301	330	6	3	29	0.1034483
NODE_27961_length_577_cov_2.970711	78	126	10	4	48	0.0833333
NODE_27961_length_577_cov_2.970711	78	126	14	2	48	0.0416667
NODE_27961_length_577_cov_2.970711	78	126	16	18	48	0.3750000
NODE_27961_length_577_cov_2.970711	78	126	18	19	48	0.3958333
NODE_27961_length_577_cov_2.970711	78	126	20	5	48	0.1041667
NODE_27968_length_577_cov_2.631799	169	253	15	1	84	0.0119048
NODE_27968_length_577_cov_2.631799	169	253	16	8	84	0.0952381
NODE_27968_length_577_cov_2.631799	169	253	17	8	84	0.0952381
NODE_27968_length_577_cov_2.631799	169	253	18	34	84	0.4047619
NODE_27968_length_577_cov_2.631799	169	253	20	7	84	0.0833333
NODE_27968_length_577_cov_2.631799	169	253	22	21	84	0.2500000
NODE_27968_length_577_cov_2.631799	169	253	24	5	84	0.0595238
NODE_27968_length_577_cov_2.631799	226	269	14	8	43	0.1860465
NODE_27968_length_577_cov_2.631799	226	269	15	9	43	0.2093023
NODE_27968_length_577_cov_2.631799	226	269	16	3	43	0.0697674
NODE_27968_length_577_cov_2.631799	226	269	17	7	43	0.1627907
NODE_27968_length_577_cov_2.631799	226	269	18	16	43	0.3720930
NODE_28003_length_577_cov_1.468619	71	146	0	75	75	1.0000000
NODE_28003_length_577_cov_1.468619	119	199	0	80	80	1.0000000
NODE_28058_length_576_cov_10.903564	194	274	0	13	80	0.1625000
NODE_28058_length_576_cov_10.903564	194	274	2	67	80	0.8375000
NODE_28059_length_576_cov_9.039832	271	351	0	80	80	1.0000000
NODE_28059_length_576_cov_9.039832	324	404	0	80	80	1.0000000
NODE_28060_length_576_cov_8.490566	338	418	0	80	80	1.0000000
NODE_28060_length_576_cov_8.490566	391	471	0	80	80	1.0000000
NODE_28061_length_576_cov_7.002096	157	237	0	80	80	1.0000000
NODE_28061_length_576_cov_7.002096	210	290	0	80	80	1.0000000
NODE_28076_length_576_cov_3.322851	118	183	13	23	65	0.3538462
NODE_28076_length_576_cov_3.322851	118	183	15	42	65	0.6461539
NODE_28102_length_576_cov_1.964361	148	228	0	30	80	0.3750000
NODE_28102_length_576_cov_1.964361	148	228	2	50	80	0.6250000
NODE_28102_length_576_cov_1.964361	201	281	0	80	80	1.0000000
NODE_28104_length_576_cov_1.951782	159	239	0	80	80	1.0000000
NODE_28104_length_576_cov_1.951782	212	292	0	55	80	0.6875000
NODE_28104_length_576_cov_1.951782	212	292	2	25	80	0.3125000
NODE_28116_length_576_cov_1.584906	381	455	2	74	74	1.0000000
NODE_28179_length_575_cov_15.319328	319	399	2	14	80	0.1750000
NODE_28179_length_575_cov_15.319328	319	399	6	8	80	0.1000000
NODE_28179_length_575_cov_15.319328	319	399	7	1	80	0.0125000
NODE_28179_length_575_cov_15.319328	319	399	8	57	80	0.7125000
NODE_28179_length_575_cov_15.319328	372	452	0	22	80	0.2750000
NODE_28179_length_575_cov_15.319328	372	452	6	39	80	0.4875000
NODE_28179_length_575_cov_15.319328	372	452	8	19	80	0.2375000
NODE_28181_length_575_cov_8.254202	286	366	0	62	80	0.7750000
NODE_28181_length_575_cov_8.254202	286	366	2	18	80	0.2250000
NODE_28181_length_575_cov_8.254202	339	419	0	11	80	0.1375000
NODE_28181_length_575_cov_8.254202	339	419	2	69	80	0.8625000
NODE_28182_length_575_cov_7.558824	300	380	0	80	80	1.0000000
NODE_28313_length_574_cov_6.282105	185	265	10	12	80	0.1500000
NODE_28313_length_574_cov_6.282105	185	265	11	11	80	0.1375000
NODE_28313_length_574_cov_6.282105	185	265	13	2	80	0.0250000
NODE_28313_length_574_cov_6.282105	185	265	14	26	80	0.3250000
NODE_28313_length_574_cov_6.282105	185	265	15	3	80	0.0375000
NODE_28313_length_574_cov_6.282105	185	265	16	5	80	0.0625000
NODE_28313_length_574_cov_6.282105	185	265	18	6	80	0.0750000
NODE_28313_length_574_cov_6.282105	185	265	20	15	80	0.1875000
NODE_28313_length_574_cov_6.282105	238	318	0	6	80	0.0750000
NODE_28313_length_574_cov_6.282105	238	318	4	37	80	0.4625000
NODE_28313_length_574_cov_6.282105	238	318	7	1	80	0.0125000
NODE_28313_length_574_cov_6.282105	238	318	8	1	80	0.0125000
NODE_28313_length_574_cov_6.282105	238	318	10	20	80	0.2500000
NODE_28313_length_574_cov_6.282105	238	318	11	11	80	0.1375000
NODE_28313_length_574_cov_6.282105	238	318	13	2	80	0.0250000
NODE_28313_length_574_cov_6.282105	238	318	14	2	80	0.0250000
NODE_28330_length_574_cov_2.993684	215	234	2	19	19	1.0000000
NODE_28438_length_573_cov_53.668776	393	473	0	80	80	1.0000000
NODE_28438_length_573_cov_53.668776	446	526	0	80	80	1.0000000
NODE_28439_length_573_cov_30.658228	451	531	0	10	80	0.1250000
NODE_28439_length_573_cov_30.658228	451	531	2	70	80	0.8750000
NODE_28440_length_573_cov_30.116034	435	515	29	6	80	0.0750000
NODE_28440_length_573_cov_30.116034	435	515	31	12	80	0.1500000
NODE_28440_length_573_cov_30.116034	435	515	33	3	80	0.0375000
NODE_28440_length_573_cov_30.116034	435	515	35	19	80	0.2375000
NODE_28440_length_573_cov_30.116034	435	515	37	6	80	0.0750000
NODE_28440_length_573_cov_30.116034	435	515	38	2	80	0.0250000
NODE_28440_length_573_cov_30.116034	435	515	39	6	80	0.0750000
NODE_28440_length_573_cov_30.116034	435	515	41	3	80	0.0375000
NODE_28440_length_573_cov_30.116034	435	515	42	5	80	0.0625000
NODE_28440_length_573_cov_30.116034	435	515	43	3	80	0.0375000
NODE_28440_length_573_cov_30.116034	435	515	44	2	80	0.0250000
NODE_28440_length_573_cov_30.116034	435	515	46	2	80	0.0250000
NODE_28440_length_573_cov_30.116034	435	515	47	1	80	0.0125000
NODE_28440_length_573_cov_30.116034	435	515	49	4	80	0.0500000
NODE_28440_length_573_cov_30.116034	435	515	51	4	80	0.0500000
NODE_28440_length_573_cov_30.116034	435	515	53	1	80	0.0125000
NODE_28440_length_573_cov_30.116034	435	515	56	1	80	0.0125000
NODE_28440_length_573_cov_30.116034	488	568	4	4	80	0.0500000
NODE_28440_length_573_cov_30.116034	488	568	6	5	80	0.0625000
NODE_28440_length_573_cov_30.116034	488	568	8	9	80	0.1125000
NODE_28440_length_573_cov_30.116034	488	568	10	3	80	0.0375000
NODE_28440_length_573_cov_30.116034	488	568	14	2	80	0.0250000
NODE_28440_length_573_cov_30.116034	488	568	16	19	80	0.2375000
NODE_28440_length_573_cov_30.116034	488	568	18	8	80	0.1000000
NODE_28440_length_573_cov_30.116034	488	568	28	1	80	0.0125000
NODE_28440_length_573_cov_30.116034	488	568	29	8	80	0.1000000
NODE_28440_length_573_cov_30.116034	488	568	31	12	80	0.1500000
NODE_28440_length_573_cov_30.116034	488	568	33	3	80	0.0375000
NODE_28440_length_573_cov_30.116034	488	568	35	6	80	0.0750000
NODE_28441_length_573_cov_24.234177	210	290	0	30	80	0.3750000
NODE_28441_length_573_cov_24.234177	210	290	2	10	80	0.1250000
NODE_28441_length_573_cov_24.234177	210	290	6	40	80	0.5000000
NODE_28441_length_573_cov_24.234177	263	343	6	76	80	0.9500000
NODE_28441_length_573_cov_24.234177	263	343	8	4	80	0.0500000
NODE_28442_length_573_cov_13.464135	278	358	0	16	80	0.2000000
NODE_28442_length_573_cov_13.464135	278	358	2	25	80	0.3125000
NODE_28442_length_573_cov_13.464135	278	358	4	39	80	0.4875000
NODE_28442_length_573_cov_13.464135	331	411	0	7	80	0.0875000
NODE_28442_length_573_cov_13.464135	331	411	2	28	80	0.3500000
NODE_28442_length_573_cov_13.464135	331	411	4	45	80	0.5625000
NODE_28443_length_573_cov_8.761603	124	204	0	80	80	1.0000000
NODE_28443_length_573_cov_8.761603	177	257	0	80	80	1.0000000
NODE_28456_length_573_cov_3.364979	365	398	40	5	33	0.1515152
NODE_28456_length_573_cov_3.364979	365	398	42	3	33	0.0909091
NODE_28456_length_573_cov_3.364979	365	398	43	13	33	0.3939394
NODE_28456_length_573_cov_3.364979	365	398	44	5	33	0.1515152
NODE_28456_length_573_cov_3.364979	365	398	46	4	33	0.1212121
NODE_28456_length_573_cov_3.364979	365	398	48	3	33	0.0909091
NODE_28565_length_572_cov_17.530655	312	392	0	44	80	0.5500000
NODE_28565_length_572_cov_17.530655	312	392	4	36	80	0.4500000
NODE_28565_length_572_cov_17.530655	365	445	0	8	80	0.1000000
NODE_28565_length_572_cov_17.530655	365	445	4	72	80	0.9000000
NODE_28567_length_572_cov_8.059197	250	321	0	22	71	0.3098592
NODE_28567_length_572_cov_8.059197	250	321	2	49	71	0.6901408
NODE_28568_length_572_cov_7.873150	134	214	0	80	80	1.0000000
NODE_28568_length_572_cov_7.873150	187	267	0	80	80	1.0000000
NODE_28570_length_572_cov_6.706131	365	445	0	12	80	0.1500000
NODE_28570_length_572_cov_6.706131	365	445	2	68	80	0.8500000
NODE_28570_length_572_cov_6.706131	418	498	0	65	80	0.8125000
NODE_28570_length_572_cov_6.706131	418	498	2	15	80	0.1875000
NODE_28573_length_572_cov_5.625793	137	217	0	80	80	1.0000000
NODE_28573_length_572_cov_5.625793	190	270	0	80	80	1.0000000
NODE_28574_length_572_cov_5.617336	331	401	0	11	70	0.1571429
NODE_28574_length_572_cov_5.617336	331	401	2	21	70	0.3000000
NODE_28574_length_572_cov_5.617336	331	401	4	38	70	0.5428572
NODE_28578_length_572_cov_4.596195	212	288	0	76	76	1.0000000
NODE_28578_length_572_cov_4.596195	261	341	0	80	80	1.0000000
NODE_28585_length_572_cov_3.843552	210	290	2	10	80	0.1250000
NODE_28585_length_572_cov_3.843552	210	290	4	30	80	0.3750000
NODE_28585_length_572_cov_3.843552	210	290	8	15	80	0.1875000
NODE_28585_length_572_cov_3.843552	210	290	10	25	80	0.3125000
NODE_28585_length_572_cov_3.843552	263	343	6	17	80	0.2125000
NODE_28585_length_572_cov_3.843552	263	343	8	23	80	0.2875000
NODE_28585_length_572_cov_3.843552	263	343	10	40	80	0.5000000
NODE_28621_length_572_cov_2.319239	357	431	2	28	74	0.3783784
NODE_28621_length_572_cov_2.319239	357	431	4	7	74	0.0945946
NODE_28621_length_572_cov_2.319239	357	431	6	3	74	0.0405405
NODE_28621_length_572_cov_2.319239	357	431	8	12	74	0.1621622
NODE_28621_length_572_cov_2.319239	357	431	10	24	74	0.3243243
NODE_28621_length_572_cov_2.319239	410	478	8	44	68	0.6470588
NODE_28621_length_572_cov_2.319239	410	478	10	24	68	0.3529412
NODE_28625_length_572_cov_2.107822	184	254	0	20	70	0.2857143
NODE_28625_length_572_cov_2.107822	184	254	2	4	70	0.0571429
NODE_28625_length_572_cov_2.107822	184	254	6	46	70	0.6571429
NODE_28625_length_572_cov_2.107822	415	493	0	78	78	1.0000000
NODE_28631_length_572_cov_1.947146	327	363	0	18	36	0.5000000
NODE_28631_length_572_cov_1.947146	327	363	2	18	36	0.5000000
NODE_28631_length_572_cov_1.947146	328	354	0	9	26	0.3461539
NODE_28631_length_572_cov_1.947146	328	354	2	17	26	0.6538461
NODE_28700_length_571_cov_14.262712	237	317	0	80	80	1.0000000
NODE_28700_length_571_cov_14.262712	290	370	0	80	80	1.0000000
NODE_28717_length_571_cov_4.033898	154	234	0	27	80	0.3375000
NODE_28717_length_571_cov_4.033898	154	234	2	53	80	0.6625000
NODE_28717_length_571_cov_4.033898	207	273	2	66	66	1.0000000
NODE_28809_length_570_cov_28.269639	487	559	45	1	72	0.0138889
NODE_28809_length_570_cov_28.269639	487	559	47	1	72	0.0138889
NODE_28809_length_570_cov_28.269639	487	559	48	2	72	0.0277778
NODE_28809_length_570_cov_28.269639	487	559	50	8	72	0.1111111
NODE_28809_length_570_cov_28.269639	487	559	52	1	72	0.0138889
NODE_28809_length_570_cov_28.269639	487	559	56	8	72	0.1111111
NODE_28809_length_570_cov_28.269639	487	559	59	3	72	0.0416667
NODE_28809_length_570_cov_28.269639	487	559	62	5	72	0.0694444
NODE_28809_length_570_cov_28.269639	487	559	63	1	72	0.0138889
NODE_28809_length_570_cov_28.269639	487	559	65	1	72	0.0138889
NODE_28809_length_570_cov_28.269639	487	559	67	34	72	0.4722222
NODE_28809_length_570_cov_28.269639	487	559	68	1	72	0.0138889
NODE_28809_length_570_cov_28.269639	487	559	73	1	72	0.0138889
NODE_28809_length_570_cov_28.269639	487	559	75	4	72	0.0555556
NODE_28809_length_570_cov_28.269639	487	559	76	1	72	0.0138889
NODE_28812_length_570_cov_10.161359	167	247	2	32	80	0.4000000
NODE_28812_length_570_cov_10.161359	167	247	4	48	80	0.6000000
NODE_28812_length_570_cov_10.161359	220	256	2	10	36	0.2777778
NODE_28812_length_570_cov_10.161359	220	256	4	26	36	0.7222222
NODE_28819_length_570_cov_5.010616	179	216	0	37	37	1.0000000
NODE_28819_length_570_cov_5.010616	189	269	0	80	80	1.0000000
NODE_28828_length_570_cov_3.898089	236	316	0	80	80	1.0000000
NODE_28828_length_570_cov_3.898089	289	369	0	75	80	0.9375000
NODE_28828_length_570_cov_3.898089	289	369	2	5	80	0.0625000
NODE_28840_length_570_cov_2.938429	202	280	0	25	78	0.3205128
NODE_28840_length_570_cov_2.938429	202	280	2	1	78	0.0128205
NODE_28840_length_570_cov_2.938429	202	280	4	8	78	0.1025641
NODE_28840_length_570_cov_2.938429	202	280	8	1	78	0.0128205
NODE_28840_length_570_cov_2.938429	202	280	9	1	78	0.0128205
NODE_28840_length_570_cov_2.938429	202	280	11	1	78	0.0128205
NODE_28840_length_570_cov_2.938429	202	280	12	9	78	0.1153846
NODE_28840_length_570_cov_2.938429	202	280	14	1	78	0.0128205
NODE_28840_length_570_cov_2.938429	202	280	15	5	78	0.0641026
NODE_28840_length_570_cov_2.938429	202	280	17	3	78	0.0384615
NODE_28840_length_570_cov_2.938429	202	280	18	7	78	0.0897436
NODE_28840_length_570_cov_2.938429	202	280	22	16	78	0.2051282
NODE_28840_length_570_cov_2.938429	262	333	0	71	71	1.0000000
NODE_28842_length_570_cov_2.891720	204	260	0	56	56	1.0000000
NODE_28950_length_569_cov_20.559574	275	355	0	80	80	1.0000000
NODE_28950_length_569_cov_20.559574	328	408	0	80	80	1.0000000
NODE_28951_length_569_cov_15.282979	272	352	0	23	80	0.2875000
NODE_28951_length_569_cov_15.282979	272	352	2	44	80	0.5500000
NODE_28951_length_569_cov_15.282979	272	352	6	13	80	0.1625000
NODE_28951_length_569_cov_15.282979	325	405	0	12	80	0.1500000
NODE_28951_length_569_cov_15.282979	325	405	2	68	80	0.8500000
NODE_28952_length_569_cov_11.023404	280	360	0	80	80	1.0000000
NODE_28952_length_569_cov_11.023404	333	413	0	80	80	1.0000000
NODE_28953_length_569_cov_9.310638	231	277	8	46	46	1.0000000
NODE_28956_length_569_cov_6.989362	258	338	6	80	80	1.0000000
NODE_28956_length_569_cov_6.989362	294	329	6	35	35	1.0000000
NODE_28956_length_569_cov_6.989362	296	338	6	42	42	1.0000000
NODE_28957_length_569_cov_6.978723	264	344	0	80	80	1.0000000
NODE_28957_length_569_cov_6.978723	317	397	0	80	80	1.0000000
NODE_28960_length_569_cov_6.434043	228	308	0	63	80	0.7875000
NODE_28960_length_569_cov_6.434043	228	308	2	17	80	0.2125000
NODE_28973_length_569_cov_3.353191	340	419	0	79	79	1.0000000
NODE_28981_length_569_cov_3.027660	277	348	0	71	71	1.0000000
NODE_29072_length_568_cov_59.729211	124	204	2	11	80	0.1375000
NODE_29072_length_568_cov_59.729211	124	204	4	39	80	0.4875000
NODE_29072_length_568_cov_59.729211	124	204	6	30	80	0.3750000
NODE_29072_length_568_cov_59.729211	177	257	0	48	80	0.6000000
NODE_29072_length_568_cov_59.729211	177	257	4	32	80	0.4000000
NODE_29075_length_568_cov_7.763326	215	294	0	17	79	0.2151899
NODE_29075_length_568_cov_7.763326	215	294	2	62	79	0.7848101
NODE_29075_length_568_cov_7.763326	267	347	0	70	80	0.8750000
NODE_29075_length_568_cov_7.763326	267	347	2	10	80	0.1250000
NODE_29078_length_568_cov_6.257996	397	471	0	17	74	0.2297297
NODE_29078_length_568_cov_6.257996	397	471	1	11	74	0.1486486
NODE_29078_length_568_cov_6.257996	397	471	2	46	74	0.6216216
NODE_29091_length_568_cov_3.748401	170	236	0	18	66	0.2727273
NODE_29091_length_568_cov_3.748401	170	236	1	1	66	0.0151515
NODE_29091_length_568_cov_3.748401	170	236	2	47	66	0.7121212
NODE_29091_length_568_cov_3.748401	262	311	0	49	49	1.0000000
NODE_29133_length_568_cov_1.769723	192	233	0	41	41	1.0000000
NODE_29160_length_568_cov_1.358209	355	432	2	2	77	0.0259740
NODE_29160_length_568_cov_1.358209	355	432	4	16	77	0.2077922
NODE_29160_length_568_cov_1.358209	355	432	6	14	77	0.1818182
NODE_29160_length_568_cov_1.358209	355	432	8	45	77	0.5844156
NODE_29182_length_568_cov_1.038380	195	275	0	80	80	1.0000000
NODE_29216_length_567_cov_21.155983	347	427	0	65	80	0.8125000
NODE_29216_length_567_cov_21.155983	347	427	2	15	80	0.1875000
NODE_29216_length_567_cov_21.155983	400	480	0	12	80	0.1500000
NODE_29216_length_567_cov_21.155983	400	480	2	68	80	0.8500000
NODE_29217_length_567_cov_18.292735	367	447	0	80	80	1.0000000
NODE_29217_length_567_cov_18.292735	420	500	0	80	80	1.0000000
NODE_29218_length_567_cov_17.579060	259	339	0	80	80	1.0000000
NODE_29218_length_567_cov_17.579060	312	392	0	80	80	1.0000000
NODE_29220_length_567_cov_15.457265	276	356	2	13	80	0.1625000
NODE_29220_length_567_cov_15.457265	276	356	4	36	80	0.4500000
NODE_29220_length_567_cov_15.457265	276	356	6	31	80	0.3875000
NODE_29220_length_567_cov_15.457265	329	409	2	66	80	0.8250000
NODE_29220_length_567_cov_15.457265	329	409	4	12	80	0.1500000
NODE_29220_length_567_cov_15.457265	329	409	6	2	80	0.0250000
NODE_29221_length_567_cov_14.393162	270	350	0	80	80	1.0000000
NODE_29221_length_567_cov_14.393162	323	403	0	62	80	0.7750000
NODE_29221_length_567_cov_14.393162	323	403	4	13	80	0.1625000
NODE_29221_length_567_cov_14.393162	323	403	5	5	80	0.0625000
NODE_29225_length_567_cov_6.611111	356	436	0	80	80	1.0000000
NODE_29225_length_567_cov_6.611111	409	489	0	39	80	0.4875000
NODE_29225_length_567_cov_6.611111	409	489	2	41	80	0.5125000
NODE_29245_length_567_cov_2.884615	204	284	0	80	80	1.0000000
NODE_29245_length_567_cov_2.884615	204	254	0	50	50	1.0000000
NODE_29245_length_567_cov_2.884615	266	297	0	31	31	1.0000000
NODE_29363_length_566_cov_47.747323	157	237	5	51	80	0.6375000
NODE_29363_length_566_cov_47.747323	157	237	6	29	80	0.3625000
NODE_29363_length_566_cov_47.747323	210	290	0	42	80	0.5250000
NODE_29363_length_566_cov_47.747323	210	290	3	9	80	0.1125000
NODE_29363_length_566_cov_47.747323	210	290	5	29	80	0.3625000
NODE_29364_length_566_cov_44.824411	14	94	6	3	80	0.0375000
NODE_29364_length_566_cov_44.824411	14	94	8	2	80	0.0250000
NODE_29364_length_566_cov_44.824411	14	94	12	6	80	0.0750000
NODE_29364_length_566_cov_44.824411	14	94	14	1	80	0.0125000
NODE_29364_length_566_cov_44.824411	14	94	16	2	80	0.0250000
NODE_29364_length_566_cov_44.824411	14	94	20	2	80	0.0250000
NODE_29364_length_566_cov_44.824411	14	94	24	1	80	0.0125000
NODE_29364_length_566_cov_44.824411	14	94	29	1	80	0.0125000
NODE_29364_length_566_cov_44.824411	14	94	34	2	80	0.0250000
NODE_29364_length_566_cov_44.824411	14	94	40	5	80	0.0625000
NODE_29364_length_566_cov_44.824411	14	94	43	2	80	0.0250000
NODE_29364_length_566_cov_44.824411	14	94	44	53	80	0.6625000
NODE_29364_length_566_cov_44.824411	15	94	6	2	79	0.0253165
NODE_29364_length_566_cov_44.824411	15	94	8	2	79	0.0253165
NODE_29364_length_566_cov_44.824411	15	94	12	6	79	0.0759494
NODE_29364_length_566_cov_44.824411	15	94	14	1	79	0.0126582
NODE_29364_length_566_cov_44.824411	15	94	16	2	79	0.0253165
NODE_29364_length_566_cov_44.824411	15	94	20	2	79	0.0253165
NODE_29364_length_566_cov_44.824411	15	94	24	1	79	0.0126582
NODE_29364_length_566_cov_44.824411	15	94	29	1	79	0.0126582
NODE_29364_length_566_cov_44.824411	15	94	34	2	79	0.0253165
NODE_29364_length_566_cov_44.824411	15	94	40	5	79	0.0632911
NODE_29364_length_566_cov_44.824411	15	94	43	2	79	0.0253165
NODE_29364_length_566_cov_44.824411	15	94	44	53	79	0.6708861
NODE_29364_length_566_cov_44.824411	67	147	19	6	80	0.0750000
NODE_29364_length_566_cov_44.824411	67	147	21	1	80	0.0125000
NODE_29364_length_566_cov_44.824411	67	147	25	3	80	0.0375000
NODE_29364_length_566_cov_44.824411	67	147	27	3	80	0.0375000
NODE_29364_length_566_cov_44.824411	67	147	29	6	80	0.0750000
NODE_29364_length_566_cov_44.824411	67	147	31	3	80	0.0375000
NODE_29364_length_566_cov_44.824411	67	147	33	2	80	0.0250000
NODE_29364_length_566_cov_44.824411	67	147	37	2	80	0.0250000
NODE_29364_length_566_cov_44.824411	67	147	39	2	80	0.0250000
NODE_29364_length_566_cov_44.824411	67	147	41	2	80	0.0250000
NODE_29364_length_566_cov_44.824411	67	147	43	25	80	0.3125000
NODE_29364_length_566_cov_44.824411	67	147	44	25	80	0.3125000
NODE_29364_length_566_cov_44.824411	67	147	19	6	80	0.0750000
NODE_29364_length_566_cov_44.824411	67	147	21	1	80	0.0125000
NODE_29364_length_566_cov_44.824411	67	147	25	3	80	0.0375000
NODE_29364_length_566_cov_44.824411	67	147	27	3	80	0.0375000
NODE_29364_length_566_cov_44.824411	67	147	29	6	80	0.0750000
NODE_29364_length_566_cov_44.824411	67	147	31	3	80	0.0375000
NODE_29364_length_566_cov_44.824411	67	147	33	2	80	0.0250000
NODE_29364_length_566_cov_44.824411	67	147	37	2	80	0.0250000
NODE_29364_length_566_cov_44.824411	67	147	39	2	80	0.0250000
NODE_29364_length_566_cov_44.824411	67	147	41	2	80	0.0250000
NODE_29364_length_566_cov_44.824411	67	147	43	25	80	0.3125000
NODE_29364_length_566_cov_44.824411	67	147	44	25	80	0.3125000
NODE_29364_length_566_cov_44.824411	77	147	19	6	70	0.0857143
NODE_29364_length_566_cov_44.824411	77	147	21	1	70	0.0142857
NODE_29364_length_566_cov_44.824411	77	147	25	3	70	0.0428571
NODE_29364_length_566_cov_44.824411	77	147	27	3	70	0.0428571
NODE_29364_length_566_cov_44.824411	77	147	29	6	70	0.0857143
NODE_29364_length_566_cov_44.824411	77	147	31	3	70	0.0428571
NODE_29364_length_566_cov_44.824411	77	147	33	2	70	0.0285714
NODE_29364_length_566_cov_44.824411	77	147	37	2	70	0.0285714
NODE_29364_length_566_cov_44.824411	77	147	39	2	70	0.0285714
NODE_29364_length_566_cov_44.824411	77	147	41	2	70	0.0285714
NODE_29364_length_566_cov_44.824411	77	147	43	25	70	0.3571429
NODE_29364_length_566_cov_44.824411	77	147	44	15	70	0.2142857
NODE_29364_length_566_cov_44.824411	143	223	6	47	80	0.5875000
NODE_29364_length_566_cov_44.824411	143	223	8	3	80	0.0375000
NODE_29364_length_566_cov_44.824411	143	223	11	1	80	0.0125000
NODE_29364_length_566_cov_44.824411	143	223	12	2	80	0.0250000
NODE_29364_length_566_cov_44.824411	143	223	14	3	80	0.0375000
NODE_29364_length_566_cov_44.824411	143	223	15	1	80	0.0125000
NODE_29364_length_566_cov_44.824411	143	223	16	16	80	0.2000000
NODE_29364_length_566_cov_44.824411	143	223	17	2	80	0.0250000
NODE_29364_length_566_cov_44.824411	143	223	18	1	80	0.0125000
NODE_29364_length_566_cov_44.824411	143	223	19	4	80	0.0500000
NODE_29364_length_566_cov_44.824411	196	276	6	9	80	0.1125000
NODE_29364_length_566_cov_44.824411	196	276	8	3	80	0.0375000
NODE_29364_length_566_cov_44.824411	196	276	11	24	80	0.3000000
NODE_29364_length_566_cov_44.824411	196	276	15	5	80	0.0625000
NODE_29364_length_566_cov_44.824411	196	276	16	23	80	0.2875000
NODE_29364_length_566_cov_44.824411	196	276	17	16	80	0.2000000
NODE_29367_length_566_cov_18.494647	344	424	2	61	80	0.7625000
NODE_29367_length_566_cov_18.494647	344	424	4	19	80	0.2375000
NODE_29367_length_566_cov_18.494647	397	477	2	73	80	0.9125000
NODE_29367_length_566_cov_18.494647	397	477	4	7	80	0.0875000
NODE_29368_length_566_cov_17.537473	324	404	0	9	80	0.1125000
NODE_29368_length_566_cov_17.537473	324	404	4	22	80	0.2750000
NODE_29368_length_566_cov_17.537473	324	404	6	49	80	0.6125000
NODE_29368_length_566_cov_17.537473	377	457	0	62	80	0.7750000
NODE_29368_length_566_cov_17.537473	377	457	4	18	80	0.2250000
NODE_29369_length_566_cov_13.019272	157	237	5	25	80	0.3125000
NODE_29369_length_566_cov_13.019272	157	237	6	55	80	0.6875000
NODE_29369_length_566_cov_13.019272	210	290	5	44	80	0.5500000
NODE_29369_length_566_cov_13.019272	210	290	6	2	80	0.0250000
NODE_29369_length_566_cov_13.019272	210	290	7	23	80	0.2875000
NODE_29369_length_566_cov_13.019272	210	290	9	11	80	0.1375000
NODE_29371_length_566_cov_9.513919	191	279	0	88	88	1.0000000
NODE_29371_length_566_cov_9.513919	252	332	0	55	80	0.6875000
NODE_29371_length_566_cov_9.513919	252	332	2	25	80	0.3125000
NODE_29397_length_566_cov_3.239829	292	334	0	42	42	1.0000000
NODE_29397_length_566_cov_3.239829	351	375	0	24	24	1.0000000
NODE_29437_length_566_cov_1.698073	432	481	2	49	49	1.0000000
NODE_29472_length_566_cov_0.957173	378	405	4	27	27	1.0000000
NODE_29503_length_565_cov_10.508584	202	280	0	78	78	1.0000000
NODE_29503_length_565_cov_10.508584	253	334	0	81	81	1.0000000
NODE_29509_length_565_cov_7.560086	170	246	17	11	76	0.1447368
NODE_29509_length_565_cov_7.560086	170	246	18	22	76	0.2894737
NODE_29509_length_565_cov_7.560086	170	246	19	16	76	0.2105263
NODE_29509_length_565_cov_7.560086	170	246	20	11	76	0.1447368
NODE_29509_length_565_cov_7.560086	170	246	22	16	76	0.2105263
NODE_29520_length_565_cov_4.045064	231	311	0	80	80	1.0000000
NODE_29520_length_565_cov_4.045064	284	364	0	80	80	1.0000000
NODE_29528_length_565_cov_3.399142	161	241	0	80	80	1.0000000
NODE_29528_length_565_cov_3.399142	214	294	0	80	80	1.0000000
NODE_29542_length_565_cov_2.542918	302	382	4	80	80	1.0000000
NODE_29542_length_565_cov_2.542918	355	435	4	80	80	1.0000000
NODE_29650_length_564_cov_46.901075	129	209	0	52	80	0.6500000
NODE_29650_length_564_cov_46.901075	129	209	2	28	80	0.3500000
NODE_29650_length_564_cov_46.901075	182	262	0	14	80	0.1750000
NODE_29650_length_564_cov_46.901075	182	262	2	66	80	0.8250000
NODE_29651_length_564_cov_13.520430	300	380	0	80	80	1.0000000
NODE_29651_length_564_cov_13.520430	353	433	0	80	80	1.0000000
NODE_29653_length_564_cov_7.965591	291	332	0	41	41	1.0000000
NODE_29796_length_563_cov_24.487069	97	177	0	27	80	0.3375000
NODE_29796_length_563_cov_24.487069	97	177	2	53	80	0.6625000
NODE_29796_length_563_cov_24.487069	150	230	0	80	80	1.0000000
NODE_29800_length_563_cov_6.758621	301	367	4	18	66	0.2727273
NODE_29800_length_563_cov_6.758621	301	367	10	1	66	0.0151515
NODE_29800_length_563_cov_6.758621	301	367	11	4	66	0.0606061
NODE_29800_length_563_cov_6.758621	301	367	18	3	66	0.0454545
NODE_29800_length_563_cov_6.758621	301	367	20	1	66	0.0151515
NODE_29800_length_563_cov_6.758621	301	367	21	1	66	0.0151515
NODE_29800_length_563_cov_6.758621	301	367	22	4	66	0.0606061
NODE_29800_length_563_cov_6.758621	301	367	23	3	66	0.0454545
NODE_29800_length_563_cov_6.758621	301	367	24	2	66	0.0303030
NODE_29800_length_563_cov_6.758621	301	367	25	5	66	0.0757576
NODE_29800_length_563_cov_6.758621	301	367	26	9	66	0.1363636
NODE_29800_length_563_cov_6.758621	301	367	28	14	66	0.2121212
NODE_29800_length_563_cov_6.758621	301	367	29	1	66	0.0151515
NODE_29800_length_563_cov_6.758621	378	422	2	42	44	0.9545454
NODE_29800_length_563_cov_6.758621	378	422	4	2	44	0.0454545
NODE_29802_length_563_cov_5.762931	48	135	0	87	87	1.0000000
NODE_29802_length_563_cov_5.762931	108	188	0	80	80	1.0000000
NODE_29808_length_563_cov_4.176724	197	277	0	2	80	0.0250000
NODE_29808_length_563_cov_4.176724	197	277	1	10	80	0.1250000
NODE_29808_length_563_cov_4.176724	197	277	2	68	80	0.8500000
NODE_29808_length_563_cov_4.176724	250	330	2	80	80	1.0000000
NODE_29809_length_563_cov_4.155172	273	315	2	27	42	0.6428571
NODE_29809_length_563_cov_4.155172	273	315	4	7	42	0.1666667
NODE_29809_length_563_cov_4.155172	273	315	6	8	42	0.1904762
NODE_29809_length_563_cov_4.155172	288	358	2	12	70	0.1714286
NODE_29809_length_563_cov_4.155172	288	358	4	7	70	0.1000000
NODE_29809_length_563_cov_4.155172	288	358	6	28	70	0.4000000
NODE_29809_length_563_cov_4.155172	288	358	8	23	70	0.3285714
NODE_29925_length_562_cov_31.194384	47	127	0	53	80	0.6625000
NODE_29925_length_562_cov_31.194384	47	127	2	27	80	0.3375000
NODE_29925_length_562_cov_31.194384	100	180	0	20	80	0.2500000
NODE_29925_length_562_cov_31.194384	100	180	2	60	80	0.7500000
NODE_29926_length_562_cov_29.857451	33	113	2	6	80	0.0750000
NODE_29926_length_562_cov_29.857451	33	113	4	27	80	0.3375000
NODE_29926_length_562_cov_29.857451	33	113	6	8	80	0.1000000
NODE_29926_length_562_cov_29.857451	33	113	8	2	80	0.0250000
NODE_29926_length_562_cov_29.857451	33	113	10	37	80	0.4625000
NODE_29926_length_562_cov_29.857451	86	166	6	3	80	0.0375000
NODE_29926_length_562_cov_29.857451	86	166	8	40	80	0.5000000
NODE_29926_length_562_cov_29.857451	86	166	10	37	80	0.4625000
NODE_29927_length_562_cov_23.194384	245	325	0	80	80	1.0000000
NODE_29927_length_562_cov_23.194384	298	378	0	80	80	1.0000000
NODE_29930_length_562_cov_10.304536	271	321	0	5	50	0.1000000
NODE_29930_length_562_cov_10.304536	271	321	2	12	50	0.2400000
NODE_29930_length_562_cov_10.304536	271	321	4	33	50	0.6600000
NODE_29931_length_562_cov_9.131749	265	346	0	49	81	0.6049383
NODE_29931_length_562_cov_9.131749	265	346	6	32	81	0.3950617
NODE_29931_length_562_cov_9.131749	319	399	4	4	80	0.0500000
NODE_29931_length_562_cov_9.131749	319	399	5	5	80	0.0625000
NODE_29931_length_562_cov_9.131749	319	399	6	71	80	0.8875000
NODE_29960_length_562_cov_2.961123	350	398	0	6	48	0.1250000
NODE_29960_length_562_cov_2.961123	350	398	2	42	48	0.8750000
NODE_30083_length_561_cov_18.049784	54	134	10	66	80	0.8250000
NODE_30083_length_561_cov_18.049784	54	134	14	14	80	0.1750000
NODE_30083_length_561_cov_18.049784	107	187	10	13	80	0.1625000
NODE_30083_length_561_cov_18.049784	107	187	14	67	80	0.8375000
NODE_30087_length_561_cov_5.348485	208	274	0	63	66	0.9545454
NODE_30087_length_561_cov_5.348485	208	274	2	3	66	0.0454545
NODE_30105_length_561_cov_2.787879	216	285	0	69	69	1.0000000
NODE_30120_length_561_cov_2.233766	339	419	0	80	80	1.0000000
NODE_30120_length_561_cov_2.233766	391	445	0	54	54	1.0000000
NODE_30120_length_561_cov_2.233766	392	438	0	46	46	1.0000000
NODE_30133_length_561_cov_1.803030	258	334	0	1	76	0.0131579
NODE_30133_length_561_cov_1.803030	258	334	6	14	76	0.1842105
NODE_30133_length_561_cov_1.803030	258	334	7	61	76	0.8026316
NODE_30224_length_560_cov_41.433839	67	147	0	80	80	1.0000000
NODE_30224_length_560_cov_41.433839	120	200	0	80	80	1.0000000
NODE_30225_length_560_cov_35.993492	366	446	2	6	80	0.0750000
NODE_30225_length_560_cov_35.993492	366	446	4	7	80	0.0875000
NODE_30225_length_560_cov_35.993492	366	446	6	67	80	0.8375000
NODE_30225_length_560_cov_35.993492	419	499	2	6	80	0.0750000
NODE_30225_length_560_cov_35.993492	419	499	4	60	80	0.7500000
NODE_30225_length_560_cov_35.993492	419	499	6	14	80	0.1750000
NODE_30226_length_560_cov_20.433839	342	422	0	2	80	0.0250000
NODE_30226_length_560_cov_20.433839	342	422	2	78	80	0.9750000
NODE_30226_length_560_cov_20.433839	395	475	0	7	80	0.0875000
NODE_30226_length_560_cov_20.433839	395	475	2	73	80	0.9125000
NODE_30227_length_560_cov_13.850325	274	327	0	53	53	1.0000000
NODE_30228_length_560_cov_12.075922	233	314	0	19	81	0.2345679
NODE_30228_length_560_cov_12.075922	233	314	2	1	81	0.0123457
NODE_30228_length_560_cov_12.075922	233	314	4	8	81	0.0987654
NODE_30228_length_560_cov_12.075922	233	314	8	6	81	0.0740741
NODE_30228_length_560_cov_12.075922	233	314	12	19	81	0.2345679
NODE_30228_length_560_cov_12.075922	233	314	14	28	81	0.3456790
NODE_30229_length_560_cov_8.594360	263	343	2	26	80	0.3250000
NODE_30229_length_560_cov_8.594360	263	343	4	27	80	0.3375000
NODE_30229_length_560_cov_8.594360	263	343	6	15	80	0.1875000
NODE_30229_length_560_cov_8.594360	263	343	8	12	80	0.1500000
NODE_30229_length_560_cov_8.594360	316	396	4	6	80	0.0750000
NODE_30229_length_560_cov_8.594360	316	396	6	50	80	0.6250000
NODE_30229_length_560_cov_8.594360	316	396	7	1	80	0.0125000
NODE_30229_length_560_cov_8.594360	316	396	8	23	80	0.2875000
NODE_30237_length_560_cov_5.227766	264	328	18	9	64	0.1406250
NODE_30237_length_560_cov_5.227766	264	328	20	4	64	0.0625000
NODE_30237_length_560_cov_5.227766	264	328	22	3	64	0.0468750
NODE_30237_length_560_cov_5.227766	264	328	24	2	64	0.0312500
NODE_30237_length_560_cov_5.227766	264	328	26	2	64	0.0312500
NODE_30237_length_560_cov_5.227766	264	328	28	3	64	0.0468750
NODE_30237_length_560_cov_5.227766	264	328	30	2	64	0.0312500
NODE_30237_length_560_cov_5.227766	264	328	32	39	64	0.6093750
NODE_30238_length_560_cov_5.056399	299	379	4	80	80	1.0000000
NODE_30238_length_560_cov_5.056399	352	432	0	51	80	0.6375000
NODE_30238_length_560_cov_5.056399	352	432	4	29	80	0.3625000
NODE_30244_length_560_cov_4.518438	156	236	0	80	80	1.0000000
NODE_30281_length_560_cov_2.154013	204	275	0	71	71	1.0000000
NODE_30281_length_560_cov_2.154013	255	335	0	80	80	1.0000000
NODE_30288_length_560_cov_2.017354	52	114	0	62	62	1.0000000
NODE_30363_length_559_cov_37.526087	289	370	0	81	81	1.0000000
NODE_30363_length_559_cov_37.526087	343	423	0	80	80	1.0000000
NODE_30363_length_559_cov_37.526087	419	500	0	81	81	1.0000000
NODE_30363_length_559_cov_37.526087	473	553	0	80	80	1.0000000
NODE_30365_length_559_cov_19.126087	388	468	0	80	80	1.0000000
NODE_30365_length_559_cov_19.126087	441	521	0	80	80	1.0000000
NODE_30366_length_559_cov_12.489130	262	341	0	79	79	1.0000000
NODE_30366_length_559_cov_12.489130	316	394	0	78	78	1.0000000
NODE_30370_length_559_cov_6.530435	283	363	2	63	80	0.7875000
NODE_30370_length_559_cov_6.530435	283	363	4	17	80	0.2125000
NODE_30377_length_559_cov_4.930435	112	192	0	80	80	1.0000000
NODE_30377_length_559_cov_4.930435	165	244	0	79	79	1.0000000
NODE_30419_length_559_cov_1.776087	395	433	126	2	38	0.0526316
NODE_30419_length_559_cov_1.776087	395	433	128	8	38	0.2105263
NODE_30419_length_559_cov_1.776087	395	433	129	1	38	0.0263158
NODE_30419_length_559_cov_1.776087	395	433	130	9	38	0.2368421
NODE_30419_length_559_cov_1.776087	395	433	131	1	38	0.0263158
NODE_30419_length_559_cov_1.776087	395	433	132	4	38	0.1052632
NODE_30419_length_559_cov_1.776087	395	433	134	8	38	0.2105263
NODE_30419_length_559_cov_1.776087	395	433	136	5	38	0.1315790
NODE_30480_length_558_cov_13.102397	297	364	0	67	67	1.0000000
NODE_30482_length_558_cov_9.309368	369	449	0	80	80	1.0000000
NODE_30482_length_558_cov_9.309368	422	502	0	80	80	1.0000000
NODE_30489_length_558_cov_5.921569	304	361	0	57	57	1.0000000
NODE_30493_length_558_cov_4.801743	197	266	0	69	69	1.0000000
NODE_30493_length_558_cov_4.801743	197	277	0	80	80	1.0000000
NODE_30493_length_558_cov_4.801743	250	330	0	50	80	0.6250000
NODE_30493_length_558_cov_4.801743	250	330	2	14	80	0.1750000
NODE_30493_length_558_cov_4.801743	250	330	4	16	80	0.2000000
NODE_30493_length_558_cov_4.801743	250	330	0	50	80	0.6250000
NODE_30493_length_558_cov_4.801743	250	330	2	14	80	0.1750000
NODE_30493_length_558_cov_4.801743	250	330	4	16	80	0.2000000
NODE_30495_length_558_cov_4.570806	188	244	16	11	56	0.1964286
NODE_30495_length_558_cov_4.570806	188	244	17	23	56	0.4107143
NODE_30495_length_558_cov_4.570806	188	244	18	6	56	0.1071429
NODE_30495_length_558_cov_4.570806	188	244	19	2	56	0.0357143
NODE_30495_length_558_cov_4.570806	188	244	21	7	56	0.1250000
NODE_30495_length_558_cov_4.570806	188	244	23	7	56	0.1250000
NODE_30536_length_558_cov_2.259259	236	294	7	3	58	0.0517241
NODE_30536_length_558_cov_2.259259	236	294	9	23	58	0.3965517
NODE_30536_length_558_cov_2.259259	236	294	10	4	58	0.0689655
NODE_30536_length_558_cov_2.259259	236	294	12	13	58	0.2241379
NODE_30536_length_558_cov_2.259259	236	294	14	15	58	0.2586207
NODE_30536_length_558_cov_2.259259	267	347	9	5	80	0.0625000
NODE_30536_length_558_cov_2.259259	267	347	10	1	80	0.0125000
NODE_30536_length_558_cov_2.259259	267	347	12	17	80	0.2125000
NODE_30536_length_558_cov_2.259259	267	347	14	57	80	0.7125000
NODE_30568_length_558_cov_1.544662	403	483	0	50	80	0.6250000
NODE_30568_length_558_cov_1.544662	403	483	2	30	80	0.3750000
NODE_30568_length_558_cov_1.544662	456	536	2	80	80	1.0000000
NODE_30623_length_557_cov_9.141921	255	335	0	80	80	1.0000000
NODE_30623_length_557_cov_9.141921	308	388	0	80	80	1.0000000
NODE_30626_length_557_cov_7.316594	210	290	4	19	80	0.2375000
NODE_30626_length_557_cov_7.316594	210	290	6	42	80	0.5250000
NODE_30626_length_557_cov_7.316594	210	290	8	19	80	0.2375000
NODE_30626_length_557_cov_7.316594	263	341	2	50	78	0.6410257
NODE_30626_length_557_cov_7.316594	263	341	4	20	78	0.2564103
NODE_30626_length_557_cov_7.316594	263	341	6	8	78	0.1025641
NODE_30636_length_557_cov_4.259825	185	267	0	6	82	0.0731707
NODE_30636_length_557_cov_4.259825	185	267	2	76	82	0.9268293
NODE_30646_length_557_cov_3.794760	131	188	0	57	57	1.0000000
NODE_30646_length_557_cov_3.794760	139	219	0	80	80	1.0000000
NODE_30650_length_557_cov_3.517467	246	325	0	48	79	0.6075949
NODE_30650_length_557_cov_3.517467	246	325	2	31	79	0.3924051
NODE_30650_length_557_cov_3.517467	298	378	0	80	80	1.0000000
NODE_30652_length_557_cov_3.390830	366	395	21	3	29	0.1034483
NODE_30652_length_557_cov_3.390830	366	395	22	6	29	0.2068966
NODE_30652_length_557_cov_3.390830	366	395	24	20	29	0.6896552
NODE_30792_length_556_cov_37.258206	122	202	0	80	80	1.0000000
NODE_30792_length_556_cov_37.258206	175	255	0	80	80	1.0000000
NODE_30793_length_556_cov_15.266958	360	440	0	12	80	0.1500000
NODE_30793_length_556_cov_15.266958	360	440	2	8	80	0.1000000
NODE_30793_length_556_cov_15.266958	360	440	4	60	80	0.7500000
NODE_30793_length_556_cov_15.266958	413	493	0	65	80	0.8125000
NODE_30793_length_556_cov_15.266958	413	493	2	8	80	0.1000000
NODE_30793_length_556_cov_15.266958	413	493	4	7	80	0.0875000
NODE_30794_length_556_cov_12.781182	341	421	0	17	80	0.2125000
NODE_30794_length_556_cov_12.781182	341	421	2	18	80	0.2250000
NODE_30794_length_556_cov_12.781182	341	421	4	45	80	0.5625000
NODE_30794_length_556_cov_12.781182	394	474	0	20	80	0.2500000
NODE_30794_length_556_cov_12.781182	394	474	2	5	80	0.0625000
NODE_30794_length_556_cov_12.781182	394	474	4	55	80	0.6875000
NODE_30795_length_556_cov_11.131291	304	384	0	40	80	0.5000000
NODE_30795_length_556_cov_11.131291	304	384	2	40	80	0.5000000
NODE_30795_length_556_cov_11.131291	357	437	0	16	80	0.2000000
NODE_30795_length_556_cov_11.131291	357	437	2	64	80	0.8000000
NODE_30797_length_556_cov_7.168490	163	243	0	80	80	1.0000000
NODE_30797_length_556_cov_7.168490	216	296	0	80	80	1.0000000
NODE_30798_length_556_cov_7.089716	325	379	0	36	54	0.6666667
NODE_30798_length_556_cov_7.089716	325	379	1	12	54	0.2222222
NODE_30798_length_556_cov_7.089716	325	379	2	6	54	0.1111111
NODE_30801_length_556_cov_6.505470	232	312	0	4	80	0.0500000
NODE_30801_length_556_cov_6.505470	232	312	2	30	80	0.3750000
NODE_30801_length_556_cov_6.505470	232	312	6	3	80	0.0375000
NODE_30801_length_556_cov_6.505470	232	312	8	26	80	0.3250000
NODE_30801_length_556_cov_6.505470	232	312	10	6	80	0.0750000
NODE_30801_length_556_cov_6.505470	232	312	16	11	80	0.1375000
NODE_30801_length_556_cov_6.505470	285	365	8	10	80	0.1250000
NODE_30801_length_556_cov_6.505470	285	365	10	6	80	0.0750000
NODE_30801_length_556_cov_6.505470	285	365	14	27	80	0.3375000
NODE_30801_length_556_cov_6.505470	285	365	16	37	80	0.4625000
NODE_30802_length_556_cov_6.496718	140	179	2	39	39	1.0000000
NODE_30802_length_556_cov_6.496718	226	255	2	29	29	1.0000000
NODE_30809_length_556_cov_4.457330	197	277	2	24	80	0.3000000
NODE_30809_length_556_cov_4.457330	197	277	4	3	80	0.0375000
NODE_30809_length_556_cov_4.457330	197	277	6	5	80	0.0625000
NODE_30809_length_556_cov_4.457330	197	277	8	5	80	0.0625000
NODE_30809_length_556_cov_4.457330	197	277	10	26	80	0.3250000
NODE_30809_length_556_cov_4.457330	197	277	12	9	80	0.1125000
NODE_30809_length_556_cov_4.457330	197	277	16	7	80	0.0875000
NODE_30809_length_556_cov_4.457330	197	277	18	1	80	0.0125000
NODE_30818_length_556_cov_3.761488	234	307	0	40	73	0.5479452
NODE_30818_length_556_cov_3.761488	234	307	4	1	73	0.0136986
NODE_30818_length_556_cov_3.761488	234	307	6	32	73	0.4383562
NODE_30930_length_555_cov_20.949561	322	402	0	80	80	1.0000000
NODE_30930_length_555_cov_20.949561	375	455	0	80	80	1.0000000
NODE_30931_length_555_cov_16.822368	268	348	0	80	80	1.0000000
NODE_30931_length_555_cov_16.822368	321	401	0	80	80	1.0000000
NODE_30933_length_555_cov_9.912281	313	393	0	80	80	1.0000000
NODE_30935_length_555_cov_8.057018	277	357	6	44	80	0.5500000
NODE_30935_length_555_cov_8.057018	277	357	10	36	80	0.4500000
NODE_30935_length_555_cov_8.057018	330	410	4	32	80	0.4000000
NODE_30935_length_555_cov_8.057018	330	410	10	48	80	0.6000000
NODE_30938_length_555_cov_6.778509	62	92	0	30	30	1.0000000
NODE_30986_length_555_cov_2.177632	208	288	0	80	80	1.0000000
NODE_30986_length_555_cov_2.177632	261	329	0	68	68	1.0000000
NODE_31092_length_554_cov_11.942857	118	198	0	80	80	1.0000000
NODE_31092_length_554_cov_11.942857	171	251	0	80	80	1.0000000
NODE_31096_length_554_cov_8.426374	242	322	0	80	80	1.0000000
NODE_31096_length_554_cov_8.426374	295	375	0	65	80	0.8125000
NODE_31096_length_554_cov_8.426374	295	375	2	15	80	0.1875000
NODE_31101_length_554_cov_6.116484	264	344	0	80	80	1.0000000
NODE_31101_length_554_cov_6.116484	317	393	0	76	76	1.0000000
NODE_31115_length_554_cov_3.586813	207	286	2	2	79	0.0253165
NODE_31115_length_554_cov_3.586813	207	286	4	27	79	0.3417721
NODE_31115_length_554_cov_3.586813	207	286	10	2	79	0.0253165
NODE_31115_length_554_cov_3.586813	207	286	12	48	79	0.6075949
NODE_31240_length_553_cov_42.017621	197	277	3	33	80	0.4125000
NODE_31240_length_553_cov_42.017621	197	277	4	1	80	0.0125000
NODE_31240_length_553_cov_42.017621	197	277	5	9	80	0.1125000
NODE_31240_length_553_cov_42.017621	197	277	6	37	80	0.4625000
NODE_31240_length_553_cov_42.017621	250	330	2	9	80	0.1125000
NODE_31240_length_553_cov_42.017621	250	330	3	18	80	0.2250000
NODE_31240_length_553_cov_42.017621	250	330	4	42	80	0.5250000
NODE_31240_length_553_cov_42.017621	250	330	5	11	80	0.1375000
NODE_31241_length_553_cov_28.944934	333	413	0	80	80	1.0000000
NODE_31241_length_553_cov_28.944934	386	466	0	80	80	1.0000000
NODE_31242_length_553_cov_12.176211	242	322	0	47	80	0.5875000
NODE_31242_length_553_cov_12.176211	242	322	2	33	80	0.4125000
NODE_31242_length_553_cov_12.176211	295	375	0	6	80	0.0750000
NODE_31242_length_553_cov_12.176211	295	375	2	74	80	0.9250000
NODE_31244_length_553_cov_9.876652	232	312	0	80	80	1.0000000
NODE_31244_length_553_cov_9.876652	285	365	0	80	80	1.0000000
NODE_31246_length_553_cov_9.306167	207	287	0	79	80	0.9875000
NODE_31246_length_553_cov_9.306167	207	287	2	1	80	0.0125000
NODE_31246_length_553_cov_9.306167	207	287	0	79	80	0.9875000
NODE_31246_length_553_cov_9.306167	207	287	2	1	80	0.0125000
NODE_31246_length_553_cov_9.306167	260	340	0	26	80	0.3250000
NODE_31246_length_553_cov_9.306167	260	340	2	54	80	0.6750000
NODE_31259_length_553_cov_3.729075	36	93	24	47	57	0.8245614
NODE_31259_length_553_cov_3.729075	36	93	26	10	57	0.1754386
NODE_31259_length_553_cov_3.729075	89	146	11	1	57	0.0175439
NODE_31259_length_553_cov_3.729075	89	146	13	2	57	0.0350877
NODE_31259_length_553_cov_3.729075	89	146	14	10	57	0.1754386
NODE_31259_length_553_cov_3.729075	89	146	17	1	57	0.0175439
NODE_31259_length_553_cov_3.729075	89	146	18	13	57	0.2280702
NODE_31259_length_553_cov_3.729075	89	146	20	3	57	0.0526316
NODE_31259_length_553_cov_3.729075	89	146	22	1	57	0.0175439
NODE_31259_length_553_cov_3.729075	89	146	24	2	57	0.0350877
NODE_31259_length_553_cov_3.729075	89	146	26	24	57	0.4210526
NODE_31266_length_553_cov_3.310573	226	293	0	67	67	1.0000000
NODE_31279_length_553_cov_2.678414	102	180	0	51	78	0.6538461
NODE_31279_length_553_cov_2.678414	102	180	2	27	78	0.3461539
NODE_31279_length_553_cov_2.678414	248	275	0	27	27	1.0000000
NODE_31295_length_553_cov_1.958150	416	462	0	3	46	0.0652174
NODE_31295_length_553_cov_1.958150	416	462	2	6	46	0.1304348
NODE_31295_length_553_cov_1.958150	416	462	4	10	46	0.2173913
NODE_31295_length_553_cov_1.958150	416	462	6	1	46	0.0217391
NODE_31295_length_553_cov_1.958150	416	462	8	4	46	0.0869565
NODE_31295_length_553_cov_1.958150	416	462	10	10	46	0.2173913
NODE_31295_length_553_cov_1.958150	416	462	12	12	46	0.2608696
NODE_31295_length_553_cov_1.958150	469	515	6	10	46	0.2173913
NODE_31295_length_553_cov_1.958150	469	515	8	5	46	0.1086956
NODE_31295_length_553_cov_1.958150	469	515	10	13	46	0.2826087
NODE_31295_length_553_cov_1.958150	469	515	12	18	46	0.3913043
NODE_31377_length_552_cov_92.070640	298	378	0	80	80	1.0000000
NODE_31377_length_552_cov_92.070640	298	378	0	80	80	1.0000000
NODE_31377_length_552_cov_92.070640	374	454	0	22	80	0.2750000
NODE_31377_length_552_cov_92.070640	374	454	2	12	80	0.1500000
NODE_31377_length_552_cov_92.070640	374	454	4	46	80	0.5750000
NODE_31377_length_552_cov_92.070640	374	454	0	22	80	0.2750000
NODE_31377_length_552_cov_92.070640	374	454	2	12	80	0.1500000
NODE_31377_length_552_cov_92.070640	374	454	4	46	80	0.5750000
NODE_31377_length_552_cov_92.070640	374	454	0	22	80	0.2750000
NODE_31377_length_552_cov_92.070640	374	454	2	12	80	0.1500000
NODE_31377_length_552_cov_92.070640	374	454	4	46	80	0.5750000
NODE_31377_length_552_cov_92.070640	374	454	0	22	80	0.2750000
NODE_31377_length_552_cov_92.070640	374	454	2	12	80	0.1500000
NODE_31377_length_552_cov_92.070640	374	454	4	46	80	0.5750000
NODE_31377_length_552_cov_92.070640	374	450	0	22	76	0.2894737
NODE_31377_length_552_cov_92.070640	374	450	2	12	76	0.1578947
NODE_31377_length_552_cov_92.070640	374	450	4	42	76	0.5526316
NODE_31377_length_552_cov_92.070640	427	507	0	13	80	0.1625000
NODE_31377_length_552_cov_92.070640	427	507	2	29	80	0.3625000
NODE_31377_length_552_cov_92.070640	427	507	4	38	80	0.4750000
NODE_31377_length_552_cov_92.070640	427	507	0	13	80	0.1625000
NODE_31377_length_552_cov_92.070640	427	507	2	29	80	0.3625000
NODE_31377_length_552_cov_92.070640	427	507	4	38	80	0.4750000
NODE_31377_length_552_cov_92.070640	427	498	0	4	71	0.0563380
NODE_31377_length_552_cov_92.070640	427	498	2	29	71	0.4084507
NODE_31377_length_552_cov_92.070640	427	498	4	38	71	0.5352113
NODE_31377_length_552_cov_92.070640	430	500	0	6	70	0.0857143
NODE_31377_length_552_cov_92.070640	430	500	2	29	70	0.4142857
NODE_31377_length_552_cov_92.070640	430	500	4	35	70	0.5000000
NODE_31377_length_552_cov_92.070640	432	507	0	13	75	0.1733333
NODE_31377_length_552_cov_92.070640	432	507	2	29	75	0.3866667
NODE_31377_length_552_cov_92.070640	432	507	4	33	75	0.4400000
NODE_31378_length_552_cov_20.432671	151	231	0	62	80	0.7750000
NODE_31378_length_552_cov_20.432671	151	231	4	18	80	0.2250000
NODE_31378_length_552_cov_20.432671	204	284	0	9	80	0.1125000
NODE_31378_length_552_cov_20.432671	204	284	4	71	80	0.8875000
NODE_31379_length_552_cov_18.075055	257	333	6	15	76	0.1973684
NODE_31379_length_552_cov_18.075055	257	333	12	1	76	0.0131579
NODE_31379_length_552_cov_18.075055	257	333	15	11	76	0.1447368
NODE_31379_length_552_cov_18.075055	257	333	16	49	76	0.6447368
NODE_31380_length_552_cov_13.331126	214	294	8	7	80	0.0875000
NODE_31380_length_552_cov_13.331126	214	294	10	56	80	0.7000000
NODE_31380_length_552_cov_13.331126	214	294	12	17	80	0.2125000
NODE_31380_length_552_cov_13.331126	267	347	0	32	80	0.4000000
NODE_31380_length_552_cov_13.331126	267	347	7	1	80	0.0125000
NODE_31380_length_552_cov_13.331126	267	347	8	27	80	0.3375000
NODE_31380_length_552_cov_13.331126	267	347	10	20	80	0.2500000
NODE_31381_length_552_cov_12.774834	360	440	0	80	80	1.0000000
NODE_31381_length_552_cov_12.774834	413	493	0	80	80	1.0000000
NODE_31384_length_552_cov_8.883002	310	390	0	21	80	0.2625000
NODE_31384_length_552_cov_8.883002	310	390	2	59	80	0.7375000
NODE_31384_length_552_cov_8.883002	363	443	0	24	80	0.3000000
NODE_31384_length_552_cov_8.883002	363	443	2	56	80	0.7000000
NODE_31385_length_552_cov_6.916115	206	281	2	75	75	1.0000000
NODE_31538_length_551_cov_34.070796	324	406	0	16	82	0.1951219
NODE_31538_length_551_cov_34.070796	324	406	4	21	82	0.2560976
NODE_31538_length_551_cov_34.070796	324	406	6	45	82	0.5487805
NODE_31538_length_551_cov_34.070796	379	444	6	65	65	1.0000000
NODE_31541_length_551_cov_10.252212	164	244	0	80	80	1.0000000
NODE_31541_length_551_cov_10.252212	217	297	0	80	80	1.0000000
NODE_31543_length_551_cov_8.075221	363	406	0	43	43	1.0000000
NODE_31547_length_551_cov_5.668142	213	293	0	2	80	0.0250000
NODE_31547_length_551_cov_5.668142	213	293	2	5	80	0.0625000
NODE_31547_length_551_cov_5.668142	213	293	4	5	80	0.0625000
NODE_31547_length_551_cov_5.668142	213	293	12	5	80	0.0625000
NODE_31547_length_551_cov_5.668142	213	293	17	11	80	0.1375000
NODE_31547_length_551_cov_5.668142	213	293	18	31	80	0.3875000
NODE_31547_length_551_cov_5.668142	213	293	20	6	80	0.0750000
NODE_31547_length_551_cov_5.668142	213	293	22	15	80	0.1875000
NODE_31547_length_551_cov_5.668142	266	346	16	1	80	0.0125000
NODE_31547_length_551_cov_5.668142	266	346	18	6	80	0.0750000
NODE_31547_length_551_cov_5.668142	266	346	20	6	80	0.0750000
NODE_31547_length_551_cov_5.668142	266	346	22	38	80	0.4750000
NODE_31547_length_551_cov_5.668142	266	346	24	29	80	0.3625000
NODE_31552_length_551_cov_4.212389	171	242	2	5	71	0.0704225
NODE_31552_length_551_cov_4.212389	171	242	4	52	71	0.7323943
NODE_31552_length_551_cov_4.212389	171	242	6	14	71	0.1971831
NODE_31552_length_551_cov_4.212389	215	263	0	3	48	0.0625000
NODE_31552_length_551_cov_4.212389	215	263	2	3	48	0.0625000
NODE_31552_length_551_cov_4.212389	215	263	4	42	48	0.8750000
NODE_31563_length_551_cov_3.307522	227	307	0	80	80	1.0000000
NODE_31563_length_551_cov_3.307522	280	360	0	80	80	1.0000000
NODE_31693_length_550_cov_17.308204	101	181	0	38	80	0.4750000
NODE_31693_length_550_cov_17.308204	101	181	8	5	80	0.0625000
NODE_31693_length_550_cov_17.308204	101	181	10	26	80	0.3250000
NODE_31693_length_550_cov_17.308204	101	181	12	11	80	0.1375000
NODE_31693_length_550_cov_17.308204	154	234	10	16	80	0.2000000
NODE_31693_length_550_cov_17.308204	154	234	12	64	80	0.8000000
NODE_31700_length_550_cov_5.580931	286	329	0	24	43	0.5581396
NODE_31700_length_550_cov_5.580931	286	329	4	2	43	0.0465116
NODE_31700_length_550_cov_5.580931	286	329	8	17	43	0.3953488
NODE_31701_length_550_cov_5.490022	458	500	0	42	42	1.0000000
NODE_31701_length_550_cov_5.490022	459	523	0	64	64	1.0000000
NODE_31703_length_550_cov_5.243902	194	274	0	80	80	1.0000000
NODE_31703_length_550_cov_5.243902	247	327	0	80	80	1.0000000
NODE_31706_length_550_cov_4.815965	184	264	0	80	80	1.0000000
NODE_31726_length_550_cov_3.252772	308	388	11	1	80	0.0125000
NODE_31726_length_550_cov_3.252772	308	388	12	6	80	0.0750000
NODE_31726_length_550_cov_3.252772	308	388	13	4	80	0.0500000
NODE_31726_length_550_cov_3.252772	308	388	14	2	80	0.0250000
NODE_31726_length_550_cov_3.252772	308	388	15	6	80	0.0750000
NODE_31726_length_550_cov_3.252772	308	388	17	2	80	0.0250000
NODE_31726_length_550_cov_3.252772	308	388	19	2	80	0.0250000
NODE_31726_length_550_cov_3.252772	308	388	21	5	80	0.0625000
NODE_31726_length_550_cov_3.252772	308	388	22	1	80	0.0125000
NODE_31726_length_550_cov_3.252772	308	388	23	1	80	0.0125000
NODE_31726_length_550_cov_3.252772	308	388	28	18	80	0.2250000
NODE_31726_length_550_cov_3.252772	308	388	30	32	80	0.4000000
NODE_31756_length_550_cov_1.864745	189	259	2	47	70	0.6714286
NODE_31756_length_550_cov_1.864745	189	259	4	23	70	0.3285714
NODE_31756_length_550_cov_1.864745	189	258	2	46	69	0.6666667
NODE_31756_length_550_cov_1.864745	189	258	4	23	69	0.3333333
NODE_31847_length_549_cov_31.826667	216	292	16	2	76	0.0263158
NODE_31847_length_549_cov_31.826667	216	292	17	6	76	0.0789474
NODE_31847_length_549_cov_31.826667	216	292	18	10	76	0.1315790
NODE_31847_length_549_cov_31.826667	216	292	19	38	76	0.5000000
NODE_31847_length_549_cov_31.826667	216	292	20	2	76	0.0263158
NODE_31847_length_549_cov_31.826667	216	292	21	18	76	0.2368421
NODE_31847_length_549_cov_31.826667	267	331	8	1	64	0.0156250
NODE_31847_length_549_cov_31.826667	267	331	10	13	64	0.2031250
NODE_31847_length_549_cov_31.826667	267	331	14	1	64	0.0156250
NODE_31847_length_549_cov_31.826667	267	331	16	2	64	0.0312500
NODE_31847_length_549_cov_31.826667	267	331	17	14	64	0.2187500
NODE_31847_length_549_cov_31.826667	267	331	19	10	64	0.1562500
NODE_31847_length_549_cov_31.826667	267	331	21	23	64	0.3593750
NODE_31848_length_549_cov_14.124444	174	263	0	89	89	1.0000000
NODE_31848_length_549_cov_14.124444	242	315	0	73	73	1.0000000
NODE_31857_length_549_cov_5.375556	181	257	129	6	76	0.0789474
NODE_31857_length_549_cov_5.375556	181	257	131	2	76	0.0263158
NODE_31857_length_549_cov_5.375556	181	257	135	1	76	0.0131579
NODE_31857_length_549_cov_5.375556	181	257	140	3	76	0.0394737
NODE_31857_length_549_cov_5.375556	181	257	143	1	76	0.0131579
NODE_31857_length_549_cov_5.375556	181	257	147	1	76	0.0131579
NODE_31857_length_549_cov_5.375556	181	257	149	3	76	0.0394737
NODE_31857_length_549_cov_5.375556	181	257	151	1	76	0.0131579
NODE_31857_length_549_cov_5.375556	181	257	152	1	76	0.0131579
NODE_31857_length_549_cov_5.375556	181	257	153	2	76	0.0263158
NODE_31857_length_549_cov_5.375556	181	257	155	1	76	0.0131579
NODE_31857_length_549_cov_5.375556	181	257	159	1	76	0.0131579
NODE_31857_length_549_cov_5.375556	181	257	163	1	76	0.0131579
NODE_31857_length_549_cov_5.375556	181	257	165	1	76	0.0131579
NODE_31857_length_549_cov_5.375556	181	257	167	4	76	0.0526316
NODE_31857_length_549_cov_5.375556	181	257	168	1	76	0.0131579
NODE_31857_length_549_cov_5.375556	181	257	169	2	76	0.0263158
NODE_31857_length_549_cov_5.375556	181	257	174	1	76	0.0131579
NODE_31857_length_549_cov_5.375556	181	257	176	3	76	0.0394737
NODE_31857_length_549_cov_5.375556	181	257	178	2	76	0.0263158
NODE_31857_length_549_cov_5.375556	181	257	180	2	76	0.0263158
NODE_31857_length_549_cov_5.375556	181	257	182	1	76	0.0131579
NODE_31857_length_549_cov_5.375556	181	257	183	1	76	0.0131579
NODE_31857_length_549_cov_5.375556	181	257	186	1	76	0.0131579
NODE_31857_length_549_cov_5.375556	181	257	188	2	76	0.0263158
NODE_31857_length_549_cov_5.375556	181	257	189	7	76	0.0921053
NODE_31857_length_549_cov_5.375556	181	257	190	1	76	0.0131579
NODE_31857_length_549_cov_5.375556	181	257	192	3	76	0.0394737
NODE_31857_length_549_cov_5.375556	181	257	193	1	76	0.0131579
NODE_31857_length_549_cov_5.375556	181	257	194	2	76	0.0263158
NODE_31857_length_549_cov_5.375556	181	257	196	1	76	0.0131579
NODE_31857_length_549_cov_5.375556	181	257	200	4	76	0.0526316
NODE_31857_length_549_cov_5.375556	181	257	202	2	76	0.0263158
NODE_31857_length_549_cov_5.375556	181	257	203	1	76	0.0131579
NODE_31857_length_549_cov_5.375556	181	257	204	2	76	0.0263158
NODE_31857_length_549_cov_5.375556	181	257	206	2	76	0.0263158
NODE_31857_length_549_cov_5.375556	181	257	208	4	76	0.0526316
NODE_31857_length_549_cov_5.375556	181	257	210	1	76	0.0131579
NODE_31859_length_549_cov_4.933333	260	340	0	79	80	0.9875000
NODE_31859_length_549_cov_4.933333	260	340	1	1	80	0.0125000
NODE_31864_length_549_cov_4.537778	345	430	0	85	85	1.0000000
NODE_31864_length_549_cov_4.537778	403	483	0	80	80	1.0000000
NODE_31865_length_549_cov_4.124444	406	486	12	30	80	0.3750000
NODE_31865_length_549_cov_4.124444	406	486	14	2	80	0.0250000
NODE_31865_length_549_cov_4.124444	406	486	16	5	80	0.0625000
NODE_31865_length_549_cov_4.124444	406	486	18	4	80	0.0500000
NODE_31865_length_549_cov_4.124444	406	486	20	14	80	0.1750000
NODE_31865_length_549_cov_4.124444	406	486	22	3	80	0.0375000
NODE_31865_length_549_cov_4.124444	406	486	24	22	80	0.2750000
NODE_31866_length_549_cov_3.931111	182	219	0	37	37	1.0000000
NODE_31868_length_549_cov_3.893333	287	367	0	80	80	1.0000000
NODE_31868_length_549_cov_3.893333	340	420	0	80	80	1.0000000
NODE_31887_length_549_cov_2.673333	282	343	6	7	61	0.1147541
NODE_31887_length_549_cov_2.673333	282	343	8	4	61	0.0655738
NODE_31887_length_549_cov_2.673333	282	343	10	38	61	0.6229508
NODE_31887_length_549_cov_2.673333	282	343	12	12	61	0.1967213
NODE_31890_length_549_cov_2.622222	144	220	2	76	76	1.0000000
NODE_32013_length_548_cov_13.962138	285	371	0	86	86	1.0000000
NODE_32013_length_548_cov_13.962138	344	424	0	80	80	1.0000000
NODE_32022_length_548_cov_4.683742	261	336	0	75	75	1.0000000
NODE_32023_length_548_cov_4.670379	140	182	0	42	42	1.0000000
NODE_32023_length_548_cov_4.670379	282	311	0	29	29	1.0000000
NODE_32023_length_548_cov_4.670379	410	455	0	8	45	0.1777778
NODE_32023_length_548_cov_4.670379	410	455	2	37	45	0.8222222
NODE_32029_length_548_cov_3.630290	111	177	2	1	66	0.0151515
NODE_32029_length_548_cov_3.630290	111	177	5	2	66	0.0303030
NODE_32029_length_548_cov_3.630290	111	177	6	1	66	0.0151515
NODE_32029_length_548_cov_3.630290	111	177	8	6	66	0.0909091
NODE_32029_length_548_cov_3.630290	111	177	10	9	66	0.1363636
NODE_32029_length_548_cov_3.630290	111	177	11	2	66	0.0303030
NODE_32029_length_548_cov_3.630290	111	177	12	1	66	0.0151515
NODE_32029_length_548_cov_3.630290	111	177	13	2	66	0.0303030
NODE_32029_length_548_cov_3.630290	111	177	14	2	66	0.0303030
NODE_32029_length_548_cov_3.630290	111	177	16	7	66	0.1060606
NODE_32029_length_548_cov_3.630290	111	177	18	33	66	0.5000000
NODE_32039_length_548_cov_3.080178	142	191	0	49	49	1.0000000
NODE_32180_length_547_cov_23.982143	243	323	6	1	80	0.0125000
NODE_32180_length_547_cov_23.982143	243	323	8	1	80	0.0125000
NODE_32180_length_547_cov_23.982143	243	323	9	1	80	0.0125000
NODE_32180_length_547_cov_23.982143	243	323	13	14	80	0.1750000
NODE_32180_length_547_cov_23.982143	243	323	14	63	80	0.7875000
NODE_32180_length_547_cov_23.982143	243	323	6	1	80	0.0125000
NODE_32180_length_547_cov_23.982143	243	323	8	1	80	0.0125000
NODE_32180_length_547_cov_23.982143	243	323	9	1	80	0.0125000
NODE_32180_length_547_cov_23.982143	243	323	13	14	80	0.1750000
NODE_32180_length_547_cov_23.982143	243	323	14	63	80	0.7875000
NODE_32180_length_547_cov_23.982143	252	323	13	8	71	0.1126761
NODE_32180_length_547_cov_23.982143	252	323	14	63	71	0.8873239
NODE_32181_length_547_cov_23.555804	42	122	0	39	80	0.4875000
NODE_32181_length_547_cov_23.555804	42	122	1	11	80	0.1375000
NODE_32181_length_547_cov_23.555804	42	122	2	30	80	0.3750000
NODE_32181_length_547_cov_23.555804	95	175	2	80	80	1.0000000
NODE_32183_length_547_cov_12.819196	190	270	0	6	80	0.0750000
NODE_32183_length_547_cov_12.819196	190	270	2	17	80	0.2125000
NODE_32183_length_547_cov_12.819196	190	270	4	53	80	0.6625000
NODE_32183_length_547_cov_12.819196	190	270	6	4	80	0.0500000
NODE_32195_length_547_cov_5.207589	290	370	0	57	80	0.7125000
NODE_32195_length_547_cov_5.207589	290	370	2	21	80	0.2625000
NODE_32195_length_547_cov_5.207589	290	370	4	2	80	0.0250000
NODE_32195_length_547_cov_5.207589	343	423	0	25	80	0.3125000
NODE_32195_length_547_cov_5.207589	343	423	4	10	80	0.1250000
NODE_32195_length_547_cov_5.207589	343	423	6	9	80	0.1125000
NODE_32195_length_547_cov_5.207589	343	423	8	11	80	0.1375000
NODE_32195_length_547_cov_5.207589	343	423	10	25	80	0.3125000
NODE_32197_length_547_cov_4.975446	411	488	0	4	77	0.0519481
NODE_32197_length_547_cov_4.975446	411	488	5	1	77	0.0129870
NODE_32197_length_547_cov_4.975446	411	488	6	3	77	0.0389610
NODE_32197_length_547_cov_4.975446	411	488	7	69	77	0.8961039
NODE_32197_length_547_cov_4.975446	461	542	7	81	81	1.0000000
NODE_32199_length_547_cov_4.683036	451	492	0	41	41	1.0000000
NODE_32204_length_547_cov_4.138393	97	175	0	78	78	1.0000000
NODE_32204_length_547_cov_4.138393	151	228	0	44	77	0.5714286
NODE_32204_length_547_cov_4.138393	151	228	2	33	77	0.4285714
NODE_32206_length_547_cov_4.026786	136	216	0	80	80	1.0000000
NODE_32206_length_547_cov_4.026786	189	269	0	59	80	0.7375000
NODE_32206_length_547_cov_4.026786	189	269	2	21	80	0.2625000
NODE_32215_length_547_cov_3.468750	219	299	0	80	80	1.0000000
NODE_32222_length_547_cov_2.901786	304	384	2	68	80	0.8500000
NODE_32222_length_547_cov_2.901786	304	384	4	12	80	0.1500000
NODE_32347_length_546_cov_17.733781	159	239	0	48	80	0.6000000
NODE_32347_length_546_cov_17.733781	159	239	10	32	80	0.4000000
NODE_32347_length_546_cov_17.733781	212	293	10	81	81	1.0000000
NODE_32348_length_546_cov_16.275168	272	352	0	64	80	0.8000000
NODE_32348_length_546_cov_16.275168	272	352	1	1	80	0.0125000
NODE_32348_length_546_cov_16.275168	272	352	2	15	80	0.1875000
NODE_32348_length_546_cov_16.275168	325	405	0	11	80	0.1375000
NODE_32348_length_546_cov_16.275168	325	405	1	1	80	0.0125000
NODE_32348_length_546_cov_16.275168	325	405	2	68	80	0.8500000
NODE_32349_length_546_cov_8.201342	179	259	0	21	80	0.2625000
NODE_32349_length_546_cov_8.201342	179	259	2	59	80	0.7375000
NODE_32351_length_546_cov_7.454139	241	321	4	80	80	1.0000000
NODE_32351_length_546_cov_7.454139	294	374	0	14	80	0.1750000
NODE_32351_length_546_cov_7.454139	294	374	1	1	80	0.0125000
NODE_32351_length_546_cov_7.454139	294	374	2	15	80	0.1875000
NODE_32351_length_546_cov_7.454139	294	374	4	50	80	0.6250000
NODE_32380_length_546_cov_3.192394	171	251	2	80	80	1.0000000
NODE_32510_length_545_cov_31.524664	38	118	0	80	80	1.0000000
NODE_32510_length_545_cov_31.524664	91	171	0	80	80	1.0000000
NODE_32517_length_545_cov_5.524664	268	348	0	23	80	0.2875000
NODE_32517_length_545_cov_5.524664	268	348	2	57	80	0.7125000
NODE_32525_length_545_cov_3.885650	137	217	2	23	80	0.2875000
NODE_32525_length_545_cov_3.885650	137	217	4	3	80	0.0375000
NODE_32525_length_545_cov_3.885650	137	217	6	54	80	0.6750000
NODE_32571_length_545_cov_2.013453	246	318	0	27	72	0.3750000
NODE_32571_length_545_cov_2.013453	246	318	2	45	72	0.6250000
NODE_32599_length_545_cov_1.450673	130	179	0	29	49	0.5918368
NODE_32599_length_545_cov_1.450673	130	179	2	8	49	0.1632653
NODE_32599_length_545_cov_1.450673	130	179	6	12	49	0.2448980
NODE_32616_length_545_cov_1.179372	431	469	0	38	38	1.0000000
NODE_32673_length_544_cov_37.705618	258	338	0	29	80	0.3625000
NODE_32673_length_544_cov_37.705618	258	338	4	51	80	0.6375000
NODE_32673_length_544_cov_37.705618	311	391	0	29	80	0.3625000
NODE_32673_length_544_cov_37.705618	311	391	4	51	80	0.6375000
NODE_32674_length_544_cov_33.847191	189	269	0	74	80	0.9250000
NODE_32674_length_544_cov_33.847191	189	269	2	6	80	0.0750000
NODE_32674_length_544_cov_33.847191	242	327	0	21	85	0.2470588
NODE_32674_length_544_cov_33.847191	242	327	2	64	85	0.7529412
NODE_32675_length_544_cov_19.467416	251	331	0	80	80	1.0000000
NODE_32675_length_544_cov_19.467416	304	384	0	80	80	1.0000000
NODE_32676_length_544_cov_16.775281	163	243	0	80	80	1.0000000
NODE_32676_length_544_cov_16.775281	216	296	0	80	80	1.0000000
NODE_32677_length_544_cov_8.943820	81	161	0	80	80	1.0000000
NODE_32677_length_544_cov_8.943820	134	214	0	80	80	1.0000000
NODE_32678_length_544_cov_8.537079	283	363	0	17	80	0.2125000
NODE_32678_length_544_cov_8.537079	283	363	4	63	80	0.7875000
NODE_32678_length_544_cov_8.537079	336	416	0	70	80	0.8750000
NODE_32678_length_544_cov_8.537079	336	416	4	10	80	0.1250000
NODE_32680_length_544_cov_8.440449	209	289	0	80	80	1.0000000
NODE_32680_length_544_cov_8.440449	262	342	0	80	80	1.0000000
NODE_32681_length_544_cov_7.604494	332	412	0	80	80	1.0000000
NODE_32681_length_544_cov_7.604494	385	465	0	80	80	1.0000000
NODE_32684_length_544_cov_6.000000	461	513	6	18	52	0.3461539
NODE_32684_length_544_cov_6.000000	461	513	8	33	52	0.6346154
NODE_32684_length_544_cov_6.000000	461	513	10	1	52	0.0192308
NODE_32830_length_543_cov_38.790541	116	196	0	58	80	0.7250000
NODE_32830_length_543_cov_38.790541	116	196	2	22	80	0.2750000
NODE_32830_length_543_cov_38.790541	169	249	0	5	80	0.0625000
NODE_32830_length_543_cov_38.790541	169	249	2	75	80	0.9375000
NODE_32831_length_543_cov_31.713964	193	273	0	80	80	1.0000000
NODE_32831_length_543_cov_31.713964	246	326	0	80	80	1.0000000
NODE_32832_length_543_cov_13.689189	118	198	0	54	80	0.6750000
NODE_32832_length_543_cov_13.689189	118	198	4	26	80	0.3250000
NODE_32832_length_543_cov_13.689189	171	251	0	1	80	0.0125000
NODE_32832_length_543_cov_13.689189	171	251	2	1	80	0.0125000
NODE_32832_length_543_cov_13.689189	171	251	4	51	80	0.6375000
NODE_32832_length_543_cov_13.689189	171	251	6	27	80	0.3375000
NODE_32833_length_543_cov_10.601351	271	351	0	19	80	0.2375000
NODE_32833_length_543_cov_10.601351	271	351	2	61	80	0.7625000
NODE_32833_length_543_cov_10.601351	324	404	0	72	80	0.9000000
NODE_32833_length_543_cov_10.601351	324	404	2	8	80	0.1000000
NODE_32833_length_543_cov_10.601351	400	480	0	80	80	1.0000000
NODE_32833_length_543_cov_10.601351	453	533	0	80	80	1.0000000
NODE_32834_length_543_cov_9.202703	291	341	4	26	50	0.5200000
NODE_32834_length_543_cov_9.202703	291	341	6	24	50	0.4800000
NODE_32834_length_543_cov_9.202703	347	384	2	18	37	0.4864865
NODE_32834_length_543_cov_9.202703	347	384	6	19	37	0.5135135
NODE_32835_length_543_cov_7.722973	300	378	0	78	78	1.0000000
NODE_32835_length_543_cov_7.722973	351	431	0	80	80	1.0000000
NODE_32836_length_543_cov_6.815315	181	260	0	79	79	1.0000000
NODE_32845_length_543_cov_4.704955	145	225	0	80	80	1.0000000
NODE_32845_length_543_cov_4.704955	198	275	0	77	77	1.0000000
NODE_32864_length_543_cov_3.301802	247	312	0	65	65	1.0000000
NODE_32875_length_543_cov_2.635135	253	316	10	25	63	0.3968254
NODE_32875_length_543_cov_2.635135	253	316	12	11	63	0.1746032
NODE_32875_length_543_cov_2.635135	253	316	14	6	63	0.0952381
NODE_32875_length_543_cov_2.635135	253	316	15	2	63	0.0317460
NODE_32875_length_543_cov_2.635135	253	316	16	7	63	0.1111111
NODE_32875_length_543_cov_2.635135	253	316	17	1	63	0.0158730
NODE_32875_length_543_cov_2.635135	253	316	19	5	63	0.0793651
NODE_32875_length_543_cov_2.635135	253	316	21	6	63	0.0952381
NODE_32875_length_543_cov_2.635135	293	373	12	6	80	0.0750000
NODE_32875_length_543_cov_2.635135	293	373	15	2	80	0.0250000
NODE_32875_length_543_cov_2.635135	293	373	16	3	80	0.0375000
NODE_32875_length_543_cov_2.635135	293	373	17	1	80	0.0125000
NODE_32875_length_543_cov_2.635135	293	373	19	5	80	0.0625000
NODE_32875_length_543_cov_2.635135	293	373	21	6	80	0.0750000
NODE_32875_length_543_cov_2.635135	293	373	23	1	80	0.0125000
NODE_32875_length_543_cov_2.635135	293	373	25	1	80	0.0125000
NODE_32875_length_543_cov_2.635135	293	373	27	3	80	0.0375000
NODE_32875_length_543_cov_2.635135	293	373	29	3	80	0.0375000
NODE_32875_length_543_cov_2.635135	293	373	31	4	80	0.0500000
NODE_32875_length_543_cov_2.635135	293	373	35	7	80	0.0875000
NODE_32875_length_543_cov_2.635135	293	373	37	13	80	0.1625000
NODE_32875_length_543_cov_2.635135	293	373	38	10	80	0.1250000
NODE_32875_length_543_cov_2.635135	293	373	39	4	80	0.0500000
NODE_32875_length_543_cov_2.635135	293	373	40	1	80	0.0125000
NODE_32875_length_543_cov_2.635135	293	373	41	10	80	0.1250000
NODE_33002_length_543_cov_0.682432	98	178	1	10	80	0.1250000
NODE_33002_length_543_cov_0.682432	98	178	2	40	80	0.5000000
NODE_33002_length_543_cov_0.682432	98	178	3	30	80	0.3750000
NODE_33012_length_542_cov_57.370203	287	367	0	80	80	1.0000000
NODE_33012_length_542_cov_57.370203	340	378	0	38	38	1.0000000
NODE_33014_length_542_cov_11.616253	277	357	0	20	80	0.2500000
NODE_33014_length_542_cov_11.616253	277	357	2	60	80	0.7500000
NODE_33014_length_542_cov_11.616253	330	410	0	41	80	0.5125000
NODE_33014_length_542_cov_11.616253	330	410	2	39	80	0.4875000
NODE_33015_length_542_cov_9.988713	253	333	0	80	80	1.0000000
NODE_33015_length_542_cov_9.988713	306	386	0	72	80	0.9000000
NODE_33015_length_542_cov_9.988713	306	386	2	8	80	0.1000000
NODE_33018_length_542_cov_7.934537	215	295	0	80	80	1.0000000
NODE_33018_length_542_cov_7.934537	268	348	0	80	80	1.0000000
NODE_33020_length_542_cov_7.266366	159	239	0	80	80	1.0000000
NODE_33021_length_542_cov_7.069977	230	304	0	16	74	0.2162162
NODE_33021_length_542_cov_7.069977	230	304	2	58	74	0.7837838
NODE_33021_length_542_cov_7.069977	284	362	0	74	78	0.9487180
NODE_33021_length_542_cov_7.069977	284	362	2	4	78	0.0512821
NODE_33025_length_542_cov_4.783296	237	267	0	30	30	1.0000000
NODE_33035_length_542_cov_3.882619	275	303	0	28	28	1.0000000
NODE_33040_length_542_cov_3.600451	82	131	2	42	49	0.8571429
NODE_33040_length_542_cov_3.600451	82	131	4	1	49	0.0204082
NODE_33040_length_542_cov_3.600451	82	131	6	2	49	0.0408163
NODE_33040_length_542_cov_3.600451	82	131	8	4	49	0.0816327
NODE_33188_length_541_cov_22.463801	247	327	0	44	80	0.5500000
NODE_33188_length_541_cov_22.463801	247	327	2	36	80	0.4500000
NODE_33188_length_541_cov_22.463801	300	380	2	80	80	1.0000000
NODE_33190_length_541_cov_11.070136	60	140	0	80	80	1.0000000
NODE_33190_length_541_cov_11.070136	113	193	0	80	80	1.0000000
NODE_33204_length_541_cov_3.690045	179	250	0	11	71	0.1549296
NODE_33204_length_541_cov_3.690045	179	250	2	60	71	0.8450704
NODE_33300_length_541_cov_1.187783	352	400	0	48	48	1.0000000
NODE_33359_length_540_cov_78.353741	219	299	0	56	80	0.7000000
NODE_33359_length_540_cov_78.353741	219	299	6	24	80	0.3000000
NODE_33359_length_540_cov_78.353741	272	352	0	80	80	1.0000000
NODE_33360_length_540_cov_33.473923	59	139	0	6	80	0.0750000
NODE_33360_length_540_cov_33.473923	59	139	2	74	80	0.9250000
NODE_33360_length_540_cov_33.473923	112	192	0	52	80	0.6500000
NODE_33360_length_540_cov_33.473923	112	192	2	28	80	0.3500000
NODE_33361_length_540_cov_20.380952	97	177	0	51	80	0.6375000
NODE_33361_length_540_cov_20.380952	97	177	2	17	80	0.2125000
NODE_33361_length_540_cov_20.380952	97	177	4	12	80	0.1500000
NODE_33361_length_540_cov_20.380952	150	230	0	80	80	1.0000000
NODE_33362_length_540_cov_12.657596	248	328	0	80	80	1.0000000
NODE_33362_length_540_cov_12.657596	301	381	0	80	80	1.0000000
NODE_33363_length_540_cov_11.111111	180	260	2	61	80	0.7625000
NODE_33363_length_540_cov_11.111111	180	260	4	19	80	0.2375000
NODE_33363_length_540_cov_11.111111	233	313	0	46	80	0.5750000
NODE_33363_length_540_cov_11.111111	233	313	1	2	80	0.0250000
NODE_33363_length_540_cov_11.111111	233	313	2	32	80	0.4000000
NODE_33365_length_540_cov_6.328798	260	340	2	80	80	1.0000000
NODE_33365_length_540_cov_6.328798	313	393	0	19	80	0.2375000
NODE_33365_length_540_cov_6.328798	313	393	2	61	80	0.7625000
NODE_33382_length_540_cov_3.587302	351	411	4	2	60	0.0333333
NODE_33382_length_540_cov_3.587302	351	411	5	12	60	0.2000000
NODE_33382_length_540_cov_3.587302	351	411	7	24	60	0.4000000
NODE_33382_length_540_cov_3.587302	351	411	8	15	60	0.2500000
NODE_33382_length_540_cov_3.587302	351	411	10	7	60	0.1166667
NODE_33503_length_539_cov_1023.604545	264	344	562	1	80	0.0125000
NODE_33503_length_539_cov_1023.604545	264	344	566	1	80	0.0125000
NODE_33503_length_539_cov_1023.604545	264	344	579	1	80	0.0125000
NODE_33503_length_539_cov_1023.604545	264	344	587	1	80	0.0125000
NODE_33503_length_539_cov_1023.604545	264	344	599	1	80	0.0125000
NODE_33503_length_539_cov_1023.604545	264	344	605	1	80	0.0125000
NODE_33503_length_539_cov_1023.604545	264	344	618	1	80	0.0125000
NODE_33503_length_539_cov_1023.604545	264	344	639	1	80	0.0125000
NODE_33503_length_539_cov_1023.604545	264	344	649	1	80	0.0125000
NODE_33503_length_539_cov_1023.604545	264	344	654	1	80	0.0125000
NODE_33503_length_539_cov_1023.604545	264	344	666	1	80	0.0125000
NODE_33503_length_539_cov_1023.604545	264	344	679	1	80	0.0125000
NODE_33503_length_539_cov_1023.604545	264	344	683	1	80	0.0125000
NODE_33503_length_539_cov_1023.604545	264	344	700	1	80	0.0125000
NODE_33503_length_539_cov_1023.604545	264	344	713	1	80	0.0125000
NODE_33503_length_539_cov_1023.604545	264	344	717	1	80	0.0125000
NODE_33503_length_539_cov_1023.604545	264	344	740	1	80	0.0125000
NODE_33503_length_539_cov_1023.604545	264	344	747	1	80	0.0125000
NODE_33503_length_539_cov_1023.604545	264	344	777	1	80	0.0125000
NODE_33503_length_539_cov_1023.604545	264	344	789	1	80	0.0125000
NODE_33503_length_539_cov_1023.604545	264	344	818	1	80	0.0125000
NODE_33503_length_539_cov_1023.604545	264	344	840	1	80	0.0125000
NODE_33503_length_539_cov_1023.604545	264	344	851	1	80	0.0125000
NODE_33503_length_539_cov_1023.604545	264	344	888	1	80	0.0125000
NODE_33503_length_539_cov_1023.604545	264	344	922	1	80	0.0125000
NODE_33503_length_539_cov_1023.604545	264	344	973	1	80	0.0125000
NODE_33503_length_539_cov_1023.604545	264	344	990	1	80	0.0125000
NODE_33503_length_539_cov_1023.604545	264	344	1001	1	80	0.0125000
NODE_33503_length_539_cov_1023.604545	264	344	1017	1	80	0.0125000
NODE_33503_length_539_cov_1023.604545	264	344	1093	1	80	0.0125000
NODE_33503_length_539_cov_1023.604545	264	344	1116	1	80	0.0125000
NODE_33503_length_539_cov_1023.604545	264	344	1138	1	80	0.0125000
NODE_33503_length_539_cov_1023.604545	264	344	1161	1	80	0.0125000
NODE_33503_length_539_cov_1023.604545	264	344	1168	1	80	0.0125000
NODE_33503_length_539_cov_1023.604545	264	344	1169	1	80	0.0125000
NODE_33503_length_539_cov_1023.604545	264	344	1179	1	80	0.0125000
NODE_33503_length_539_cov_1023.604545	264	344	1215	1	80	0.0125000
NODE_33503_length_539_cov_1023.604545	264	344	1233	1	80	0.0125000
NODE_33503_length_539_cov_1023.604545	264	344	1258	1	80	0.0125000
NODE_33503_length_539_cov_1023.604545	264	344	1261	1	80	0.0125000
NODE_33503_length_539_cov_1023.604545	264	344	1290	1	80	0.0125000
NODE_33503_length_539_cov_1023.604545	264	344	1296	1	80	0.0125000
NODE_33503_length_539_cov_1023.604545	264	344	1321	1	80	0.0125000
NODE_33503_length_539_cov_1023.604545	264	344	1330	1	80	0.0125000
NODE_33503_length_539_cov_1023.604545	264	344	1331	1	80	0.0125000
NODE_33503_length_539_cov_1023.604545	264	344	1345	1	80	0.0125000
NODE_33503_length_539_cov_1023.604545	264	344	1347	1	80	0.0125000
NODE_33503_length_539_cov_1023.604545	264	344	1348	1	80	0.0125000
NODE_33503_length_539_cov_1023.604545	264	344	1356	1	80	0.0125000
NODE_33503_length_539_cov_1023.604545	264	344	1360	1	80	0.0125000
NODE_33503_length_539_cov_1023.604545	264	344	1371	1	80	0.0125000
NODE_33503_length_539_cov_1023.604545	264	344	1397	1	80	0.0125000
NODE_33503_length_539_cov_1023.604545	264	344	1414	1	80	0.0125000
NODE_33503_length_539_cov_1023.604545	264	344	1419	2	80	0.0250000
NODE_33503_length_539_cov_1023.604545	264	344	1432	1	80	0.0125000
NODE_33503_length_539_cov_1023.604545	264	344	1438	1	80	0.0125000
NODE_33503_length_539_cov_1023.604545	264	344	1449	1	80	0.0125000
NODE_33503_length_539_cov_1023.604545	264	344	1468	1	80	0.0125000
NODE_33503_length_539_cov_1023.604545	264	344	1469	1	80	0.0125000
NODE_33503_length_539_cov_1023.604545	264	344	1483	1	80	0.0125000
NODE_33503_length_539_cov_1023.604545	264	344	1499	1	80	0.0125000
NODE_33503_length_539_cov_1023.604545	264	344	1500	1	80	0.0125000
NODE_33503_length_539_cov_1023.604545	264	344	1525	1	80	0.0125000
NODE_33503_length_539_cov_1023.604545	264	344	1533	1	80	0.0125000
NODE_33503_length_539_cov_1023.604545	264	344	1564	1	80	0.0125000
NODE_33503_length_539_cov_1023.604545	264	344	1576	1	80	0.0125000
NODE_33503_length_539_cov_1023.604545	264	344	1608	1	80	0.0125000
NODE_33503_length_539_cov_1023.604545	264	344	1610	1	80	0.0125000
NODE_33503_length_539_cov_1023.604545	264	344	1620	1	80	0.0125000
NODE_33503_length_539_cov_1023.604545	264	344	1632	1	80	0.0125000
NODE_33503_length_539_cov_1023.604545	264	344	1643	1	80	0.0125000
NODE_33503_length_539_cov_1023.604545	264	344	1653	1	80	0.0125000
NODE_33503_length_539_cov_1023.604545	264	344	1664	1	80	0.0125000
NODE_33503_length_539_cov_1023.604545	264	344	1669	1	80	0.0125000
NODE_33503_length_539_cov_1023.604545	264	344	1672	1	80	0.0125000
NODE_33503_length_539_cov_1023.604545	264	344	1675	1	80	0.0125000
NODE_33503_length_539_cov_1023.604545	264	344	1677	3	80	0.0375000
NODE_33503_length_539_cov_1023.604545	317	397	1419	2	80	0.0250000
NODE_33503_length_539_cov_1023.604545	317	397	1432	1	80	0.0125000
NODE_33503_length_539_cov_1023.604545	317	397	1438	1	80	0.0125000
NODE_33503_length_539_cov_1023.604545	317	397	1449	1	80	0.0125000
NODE_33503_length_539_cov_1023.604545	317	397	1468	1	80	0.0125000
NODE_33503_length_539_cov_1023.604545	317	397	1469	1	80	0.0125000
NODE_33503_length_539_cov_1023.604545	317	397	1483	1	80	0.0125000
NODE_33503_length_539_cov_1023.604545	317	397	1497	1	80	0.0125000
NODE_33503_length_539_cov_1023.604545	317	397	1498	1	80	0.0125000
NODE_33503_length_539_cov_1023.604545	317	397	1499	1	80	0.0125000
NODE_33503_length_539_cov_1023.604545	317	397	1500	1	80	0.0125000
NODE_33503_length_539_cov_1023.604545	317	397	1505	1	80	0.0125000
NODE_33503_length_539_cov_1023.604545	317	397	1509	1	80	0.0125000
NODE_33503_length_539_cov_1023.604545	317	397	1510	1	80	0.0125000
NODE_33503_length_539_cov_1023.604545	317	397	1515	1	80	0.0125000
NODE_33503_length_539_cov_1023.604545	317	397	1525	1	80	0.0125000
NODE_33503_length_539_cov_1023.604545	317	397	1531	1	80	0.0125000
NODE_33503_length_539_cov_1023.604545	317	397	1532	1	80	0.0125000
NODE_33503_length_539_cov_1023.604545	317	397	1533	1	80	0.0125000
NODE_33503_length_539_cov_1023.604545	317	397	1536	2	80	0.0250000
NODE_33503_length_539_cov_1023.604545	317	397	1556	1	80	0.0125000
NODE_33503_length_539_cov_1023.604545	317	397	1564	1	80	0.0125000
NODE_33503_length_539_cov_1023.604545	317	397	1576	1	80	0.0125000
NODE_33503_length_539_cov_1023.604545	317	397	1580	1	80	0.0125000
NODE_33503_length_539_cov_1023.604545	317	397	1581	1	80	0.0125000
NODE_33503_length_539_cov_1023.604545	317	397	1588	1	80	0.0125000
NODE_33503_length_539_cov_1023.604545	317	397	1590	1	80	0.0125000
NODE_33503_length_539_cov_1023.604545	317	397	1591	1	80	0.0125000
NODE_33503_length_539_cov_1023.604545	317	397	1592	1	80	0.0125000
NODE_33503_length_539_cov_1023.604545	317	397	1593	1	80	0.0125000
NODE_33503_length_539_cov_1023.604545	317	397	1594	1	80	0.0125000
NODE_33503_length_539_cov_1023.604545	317	397	1595	1	80	0.0125000
NODE_33503_length_539_cov_1023.604545	317	397	1597	1	80	0.0125000
NODE_33503_length_539_cov_1023.604545	317	397	1607	1	80	0.0125000
NODE_33503_length_539_cov_1023.604545	317	397	1608	2	80	0.0250000
NODE_33503_length_539_cov_1023.604545	317	397	1610	3	80	0.0375000
NODE_33503_length_539_cov_1023.604545	317	397	1620	1	80	0.0125000
NODE_33503_length_539_cov_1023.604545	317	397	1623	1	80	0.0125000
NODE_33503_length_539_cov_1023.604545	317	397	1632	1	80	0.0125000
NODE_33503_length_539_cov_1023.604545	317	397	1643	1	80	0.0125000
NODE_33503_length_539_cov_1023.604545	317	397	1653	2	80	0.0250000
NODE_33503_length_539_cov_1023.604545	317	397	1664	1	80	0.0125000
NODE_33503_length_539_cov_1023.604545	317	397	1665	1	80	0.0125000
NODE_33503_length_539_cov_1023.604545	317	397	1667	1	80	0.0125000
NODE_33503_length_539_cov_1023.604545	317	397	1669	1	80	0.0125000
NODE_33503_length_539_cov_1023.604545	317	397	1670	1	80	0.0125000
NODE_33503_length_539_cov_1023.604545	317	397	1672	1	80	0.0125000
NODE_33503_length_539_cov_1023.604545	317	397	1675	2	80	0.0250000
NODE_33503_length_539_cov_1023.604545	317	397	1676	1	80	0.0125000
NODE_33503_length_539_cov_1023.604545	317	397	1677	3	80	0.0375000
NODE_33503_length_539_cov_1023.604545	317	397	1681	2	80	0.0250000
NODE_33503_length_539_cov_1023.604545	317	397	1685	1	80	0.0125000
NODE_33503_length_539_cov_1023.604545	317	397	1686	1	80	0.0125000
NODE_33503_length_539_cov_1023.604545	317	397	1695	1	80	0.0125000
NODE_33503_length_539_cov_1023.604545	317	397	1699	1	80	0.0125000
NODE_33503_length_539_cov_1023.604545	317	397	1704	1	80	0.0125000
NODE_33503_length_539_cov_1023.604545	317	397	1708	2	80	0.0250000
NODE_33503_length_539_cov_1023.604545	317	397	1709	1	80	0.0125000
NODE_33503_length_539_cov_1023.604545	317	397	1714	1	80	0.0125000
NODE_33503_length_539_cov_1023.604545	317	397	1715	1	80	0.0125000
NODE_33503_length_539_cov_1023.604545	317	397	1716	3	80	0.0375000
NODE_33503_length_539_cov_1023.604545	317	397	1718	1	80	0.0125000
NODE_33503_length_539_cov_1023.604545	317	397	1720	1	80	0.0125000
NODE_33503_length_539_cov_1023.604545	317	397	1724	1	80	0.0125000
NODE_33503_length_539_cov_1023.604545	317	397	1727	2	80	0.0250000
NODE_33503_length_539_cov_1023.604545	317	397	1729	1	80	0.0125000
NODE_33504_length_539_cov_99.579545	478	539	0	61	61	1.0000000
NODE_33505_length_539_cov_15.247727	217	297	4	80	80	1.0000000
NODE_33505_length_539_cov_15.247727	270	350	0	43	80	0.5375000
NODE_33505_length_539_cov_15.247727	270	350	4	37	80	0.4625000
NODE_33506_length_539_cov_14.172727	278	350	6	1	72	0.0138889
NODE_33506_length_539_cov_14.172727	278	350	9	1	72	0.0138889
NODE_33506_length_539_cov_14.172727	278	350	10	6	72	0.0833333
NODE_33506_length_539_cov_14.172727	278	350	12	21	72	0.2916667
NODE_33506_length_539_cov_14.172727	278	350	16	43	72	0.5972222
NODE_33507_length_539_cov_13.154545	118	198	4	12	80	0.1500000
NODE_33507_length_539_cov_13.154545	118	198	8	20	80	0.2500000
NODE_33507_length_539_cov_13.154545	118	198	10	8	80	0.1000000
NODE_33507_length_539_cov_13.154545	118	198	12	40	80	0.5000000
NODE_33507_length_539_cov_13.154545	171	251	0	8	80	0.1000000
NODE_33507_length_539_cov_13.154545	171	251	8	65	80	0.8125000
NODE_33507_length_539_cov_13.154545	171	251	10	7	80	0.0875000
NODE_33508_length_539_cov_10.811364	48	128	0	12	80	0.1500000
NODE_33508_length_539_cov_10.811364	48	128	3	2	80	0.0250000
NODE_33508_length_539_cov_10.811364	48	128	4	66	80	0.8250000
NODE_33508_length_539_cov_10.811364	101	181	0	61	80	0.7625000
NODE_33508_length_539_cov_10.811364	101	181	3	1	80	0.0125000
NODE_33508_length_539_cov_10.811364	101	181	4	18	80	0.2250000
NODE_33509_length_539_cov_9.563636	201	277	0	8	76	0.1052632
NODE_33509_length_539_cov_9.563636	201	277	2	68	76	0.8947368
NODE_33510_length_539_cov_7.934091	311	369	6	19	58	0.3275862
NODE_33510_length_539_cov_7.934091	311	369	7	16	58	0.2758621
NODE_33510_length_539_cov_7.934091	311	369	8	23	58	0.3965517
NODE_33510_length_539_cov_7.934091	342	422	0	25	80	0.3125000
NODE_33510_length_539_cov_7.934091	342	422	2	9	80	0.1125000
NODE_33510_length_539_cov_7.934091	342	422	6	38	80	0.4750000
NODE_33510_length_539_cov_7.934091	342	422	7	8	80	0.1000000
NODE_33517_length_539_cov_5.740909	251	319	0	45	68	0.6617647
NODE_33517_length_539_cov_5.740909	251	319	1	3	68	0.0441176
NODE_33517_length_539_cov_5.740909	251	319	3	20	68	0.2941177
NODE_33517_length_539_cov_5.740909	301	372	3	71	71	1.0000000
NODE_33533_length_539_cov_3.627273	80	157	0	77	77	1.0000000
NODE_33533_length_539_cov_3.627273	130	175	0	45	45	1.0000000
NODE_33569_length_539_cov_2.143182	325	371	0	3	46	0.0652174
NODE_33569_length_539_cov_2.143182	325	371	2	43	46	0.9347826
NODE_33595_length_539_cov_1.618182	408	456	0	1	48	0.0208333
NODE_33595_length_539_cov_1.618182	408	456	2	47	48	0.9791667
NODE_33623_length_539_cov_1.129545	97	134	2	37	37	1.0000000
NODE_33669_length_538_cov_23.193622	171	256	0	85	85	1.0000000
NODE_33669_length_538_cov_23.193622	225	305	0	80	80	1.0000000
NODE_33672_length_538_cov_7.378132	145	225	2	3	80	0.0375000
NODE_33672_length_538_cov_7.378132	145	225	4	77	80	0.9625000
NODE_33672_length_538_cov_7.378132	198	278	0	1	80	0.0125000
NODE_33672_length_538_cov_7.378132	198	278	2	1	80	0.0125000
NODE_33672_length_538_cov_7.378132	198	278	4	78	80	0.9750000
NODE_33683_length_538_cov_4.496583	277	357	0	80	80	1.0000000
NODE_33683_length_538_cov_4.496583	330	410	0	80	80	1.0000000
NODE_33687_length_538_cov_3.753986	251	309	0	58	58	1.0000000
NODE_33713_length_538_cov_2.239180	256	338	2	59	82	0.7195122
NODE_33713_length_538_cov_2.239180	256	338	4	23	82	0.2804878
NODE_33814_length_538_cov_0.822323	397	477	0	3	80	0.0375000
NODE_33814_length_538_cov_0.822323	397	477	2	77	80	0.9625000
NODE_33852_length_537_cov_13.031963	258	309	0	51	51	1.0000000
NODE_33854_length_537_cov_9.552511	198	278	4	80	80	1.0000000
NODE_33854_length_537_cov_9.552511	251	332	0	44	81	0.5432099
NODE_33854_length_537_cov_9.552511	251	332	4	37	81	0.4567901
NODE_33960_length_537_cov_1.244292	107	187	11	4	80	0.0500000
NODE_33960_length_537_cov_1.244292	107	187	13	4	80	0.0500000
NODE_33960_length_537_cov_1.244292	107	187	14	4	80	0.0500000
NODE_33960_length_537_cov_1.244292	107	187	16	5	80	0.0625000
NODE_33960_length_537_cov_1.244292	107	187	18	1	80	0.0125000
NODE_33960_length_537_cov_1.244292	107	187	20	3	80	0.0375000
NODE_33960_length_537_cov_1.244292	107	187	24	4	80	0.0500000
NODE_33960_length_537_cov_1.244292	107	187	26	1	80	0.0125000
NODE_33960_length_537_cov_1.244292	107	187	28	2	80	0.0250000
NODE_33960_length_537_cov_1.244292	107	187	32	1	80	0.0125000
NODE_33960_length_537_cov_1.244292	107	187	34	1	80	0.0125000
NODE_33960_length_537_cov_1.244292	107	187	38	1	80	0.0125000
NODE_33960_length_537_cov_1.244292	107	187	40	2	80	0.0250000
NODE_33960_length_537_cov_1.244292	107	187	44	5	80	0.0625000
NODE_33960_length_537_cov_1.244292	107	187	46	1	80	0.0125000
NODE_33960_length_537_cov_1.244292	107	187	48	1	80	0.0125000
NODE_33960_length_537_cov_1.244292	107	187	50	1	80	0.0125000
NODE_33960_length_537_cov_1.244292	107	187	52	1	80	0.0125000
NODE_33960_length_537_cov_1.244292	107	187	54	1	80	0.0125000
NODE_33960_length_537_cov_1.244292	107	187	58	5	80	0.0625000
NODE_33960_length_537_cov_1.244292	107	187	60	2	80	0.0250000
NODE_33960_length_537_cov_1.244292	107	187	64	2	80	0.0250000
NODE_33960_length_537_cov_1.244292	107	187	66	5	80	0.0625000
NODE_33960_length_537_cov_1.244292	107	187	70	1	80	0.0125000
NODE_33960_length_537_cov_1.244292	107	187	72	6	80	0.0750000
NODE_33960_length_537_cov_1.244292	107	187	76	3	80	0.0375000
NODE_33960_length_537_cov_1.244292	107	187	78	1	80	0.0125000
NODE_33960_length_537_cov_1.244292	107	187	80	5	80	0.0625000
NODE_33960_length_537_cov_1.244292	107	187	82	2	80	0.0250000
NODE_33960_length_537_cov_1.244292	107	187	84	1	80	0.0125000
NODE_33960_length_537_cov_1.244292	107	187	86	2	80	0.0250000
NODE_33960_length_537_cov_1.244292	107	187	88	1	80	0.0125000
NODE_33960_length_537_cov_1.244292	107	187	90	1	80	0.0125000
NODE_34029_length_536_cov_87.622426	430	462	104	1	32	0.0312500
NODE_34029_length_536_cov_87.622426	430	462	106	1	32	0.0312500
NODE_34029_length_536_cov_87.622426	430	462	108	3	32	0.0937500
NODE_34029_length_536_cov_87.622426	430	462	110	1	32	0.0312500
NODE_34029_length_536_cov_87.622426	430	462	112	1	32	0.0312500
NODE_34029_length_536_cov_87.622426	430	462	116	1	32	0.0312500
NODE_34029_length_536_cov_87.622426	430	462	118	6	32	0.1875000
NODE_34029_length_536_cov_87.622426	430	462	123	6	32	0.1875000
NODE_34029_length_536_cov_87.622426	430	462	125	12	32	0.3750000
NODE_34030_length_536_cov_11.629291	119	199	0	80	80	1.0000000
NODE_34030_length_536_cov_11.629291	172	252	0	80	80	1.0000000
NODE_34032_length_536_cov_6.613272	286	372	0	77	86	0.8953488
NODE_34032_length_536_cov_6.613272	286	372	2	4	86	0.0465116
NODE_34032_length_536_cov_6.613272	286	372	4	5	86	0.0581395
NODE_34035_length_536_cov_5.810069	191	271	0	8	80	0.1000000
NODE_34035_length_536_cov_5.810069	191	271	2	45	80	0.5625000
NODE_34035_length_536_cov_5.810069	191	271	4	27	80	0.3375000
NODE_34035_length_536_cov_5.810069	244	324	4	80	80	1.0000000
NODE_34035_length_536_cov_5.810069	374	404	0	6	30	0.2000000
NODE_34035_length_536_cov_5.810069	374	404	2	24	30	0.8000000
NODE_34039_length_536_cov_4.729977	202	245	0	43	43	1.0000000
NODE_34057_length_536_cov_3.297483	86	126	0	25	40	0.6250000
NODE_34057_length_536_cov_3.297483	86	126	2	15	40	0.3750000
NODE_34068_length_536_cov_2.796339	223	280	0	57	57	1.0000000
NODE_34094_length_536_cov_1.956522	181	230	3	2	49	0.0408163
NODE_34094_length_536_cov_1.956522	181	230	7	3	49	0.0612245
NODE_34094_length_536_cov_1.956522	181	230	10	13	49	0.2653061
NODE_34094_length_536_cov_1.956522	181	230	12	11	49	0.2244898
NODE_34094_length_536_cov_1.956522	181	230	14	1	49	0.0204082
NODE_34094_length_536_cov_1.956522	181	230	15	1	49	0.0204082
NODE_34094_length_536_cov_1.956522	181	230	16	2	49	0.0408163
NODE_34094_length_536_cov_1.956522	181	230	17	1	49	0.0204082
NODE_34094_length_536_cov_1.956522	181	230	18	6	49	0.1224490
NODE_34094_length_536_cov_1.956522	181	230	20	5	49	0.1020408
NODE_34094_length_536_cov_1.956522	181	230	21	3	49	0.0612245
NODE_34094_length_536_cov_1.956522	181	230	23	1	49	0.0204082
NODE_34095_length_536_cov_1.951945	203	284	4	7	81	0.0864198
NODE_34095_length_536_cov_1.951945	203	284	6	4	81	0.0493827
NODE_34095_length_536_cov_1.951945	203	284	8	70	81	0.8641976
NODE_34095_length_536_cov_1.951945	306	368	0	33	62	0.5322581
NODE_34095_length_536_cov_1.951945	306	368	4	29	62	0.4677419
NODE_34209_length_535_cov_32.277523	158	238	0	80	80	1.0000000
NODE_34209_length_535_cov_32.277523	211	291	0	38	80	0.4750000
NODE_34209_length_535_cov_32.277523	211	291	2	42	80	0.5250000
NODE_34215_length_535_cov_5.910550	110	162	4	4	52	0.0769231
NODE_34215_length_535_cov_5.910550	110	162	8	14	52	0.2692308
NODE_34215_length_535_cov_5.910550	110	162	10	15	52	0.2884615
NODE_34215_length_535_cov_5.910550	110	162	12	2	52	0.0384615
NODE_34215_length_535_cov_5.910550	110	162	14	17	52	0.3269231
NODE_34229_length_535_cov_3.795872	217	297	14	2	80	0.0250000
NODE_34229_length_535_cov_3.795872	217	297	16	6	80	0.0750000
NODE_34229_length_535_cov_3.795872	217	297	18	6	80	0.0750000
NODE_34229_length_535_cov_3.795872	217	297	22	5	80	0.0625000
NODE_34229_length_535_cov_3.795872	217	297	23	1	80	0.0125000
NODE_34229_length_535_cov_3.795872	217	297	25	14	80	0.1750000
NODE_34229_length_535_cov_3.795872	217	297	26	25	80	0.3125000
NODE_34229_length_535_cov_3.795872	217	297	27	4	80	0.0500000
NODE_34229_length_535_cov_3.795872	217	297	28	17	80	0.2125000
NODE_34375_length_534_cov_54.331034	435	498	0	53	63	0.8412699
NODE_34375_length_534_cov_54.331034	435	498	2	4	63	0.0634921
NODE_34375_length_534_cov_54.331034	435	498	4	1	63	0.0158730
NODE_34375_length_534_cov_54.331034	435	498	22	1	63	0.0158730
NODE_34375_length_534_cov_54.331034	435	498	111	3	63	0.0476190
NODE_34375_length_534_cov_54.331034	435	498	113	1	63	0.0158730
NODE_34375_length_534_cov_54.331034	471	534	0	63	63	1.0000000
NODE_34377_length_534_cov_15.462069	460	534	2	74	74	1.0000000
NODE_34377_length_534_cov_15.462069	512	534	2	22	22	1.0000000
NODE_34378_length_534_cov_10.308046	268	348	0	80	80	1.0000000
NODE_34378_length_534_cov_10.308046	321	401	0	80	80	1.0000000
NODE_34380_length_534_cov_9.041379	204	284	4	21	80	0.2625000
NODE_34380_length_534_cov_9.041379	204	284	6	59	80	0.7375000
NODE_34380_length_534_cov_9.041379	257	332	2	40	75	0.5333334
NODE_34380_length_534_cov_9.041379	257	332	4	2	75	0.0266667
NODE_34380_length_534_cov_9.041379	257	332	6	33	75	0.4400000
NODE_34383_length_534_cov_6.958621	273	303	0	30	30	1.0000000
NODE_34392_length_534_cov_5.022989	291	371	37	22	80	0.2750000
NODE_34392_length_534_cov_5.022989	291	371	39	3	80	0.0375000
NODE_34392_length_534_cov_5.022989	291	371	55	4	80	0.0500000
NODE_34392_length_534_cov_5.022989	291	371	56	1	80	0.0125000
NODE_34392_length_534_cov_5.022989	291	371	57	1	80	0.0125000
NODE_34392_length_534_cov_5.022989	291	371	59	7	80	0.0875000
NODE_34392_length_534_cov_5.022989	291	371	60	4	80	0.0500000
NODE_34392_length_534_cov_5.022989	291	371	61	3	80	0.0375000
NODE_34392_length_534_cov_5.022989	291	371	62	1	80	0.0125000
NODE_34392_length_534_cov_5.022989	291	371	66	2	80	0.0250000
NODE_34392_length_534_cov_5.022989	291	371	67	1	80	0.0125000
NODE_34392_length_534_cov_5.022989	291	371	68	7	80	0.0875000
NODE_34392_length_534_cov_5.022989	291	371	70	24	80	0.3000000
NODE_34402_length_534_cov_3.873563	110	190	0	4	80	0.0500000
NODE_34402_length_534_cov_3.873563	110	190	2	76	80	0.9500000
NODE_34409_length_534_cov_3.202299	221	301	2	56	80	0.7000000
NODE_34409_length_534_cov_3.202299	221	301	4	24	80	0.3000000
NODE_34411_length_534_cov_3.158621	171	200	15	8	29	0.2758621
NODE_34411_length_534_cov_3.158621	171	200	17	1	29	0.0344828
NODE_34411_length_534_cov_3.158621	171	200	18	9	29	0.3103448
NODE_34411_length_534_cov_3.158621	171	200	20	11	29	0.3793103
NODE_34418_length_534_cov_3.002299	175	219	0	44	44	1.0000000
NODE_34489_length_534_cov_1.344828	475	518	0	43	43	1.0000000
NODE_34494_length_534_cov_1.291954	273	336	4	23	63	0.3650794
NODE_34494_length_534_cov_1.291954	273	336	6	5	63	0.0793651
NODE_34494_length_534_cov_1.291954	273	336	8	35	63	0.5555556
NODE_34511_length_534_cov_1.160920	227	264	6	5	37	0.1351351
NODE_34511_length_534_cov_1.160920	227	264	10	7	37	0.1891892
NODE_34511_length_534_cov_1.160920	227	264	12	22	37	0.5945946
NODE_34511_length_534_cov_1.160920	227	264	14	3	37	0.0810811
NODE_34570_length_533_cov_13.956221	216	296	0	20	80	0.2500000
NODE_34570_length_533_cov_13.956221	216	296	6	60	80	0.7500000
NODE_34570_length_533_cov_13.956221	269	349	0	26	80	0.3250000
NODE_34570_length_533_cov_13.956221	269	349	6	54	80	0.6750000
NODE_34575_length_533_cov_8.207373	244	322	0	78	78	1.0000000
NODE_34576_length_533_cov_8.023041	230	310	0	80	80	1.0000000
NODE_34576_length_533_cov_8.023041	283	364	0	81	81	1.0000000
NODE_34585_length_533_cov_5.170507	308	369	4	61	61	1.0000000
NODE_34588_length_533_cov_4.988479	229	309	0	80	80	1.0000000
NODE_34588_length_533_cov_4.988479	282	362	0	80	80	1.0000000
NODE_34600_length_533_cov_3.638249	201	265	0	64	64	1.0000000
NODE_34603_length_533_cov_3.511521	138	218	2	14	80	0.1750000
NODE_34603_length_533_cov_3.511521	138	218	4	34	80	0.4250000
NODE_34603_length_533_cov_3.511521	138	218	6	32	80	0.4000000
NODE_34615_length_533_cov_3.073733	294	340	0	46	46	1.0000000
NODE_34617_length_533_cov_3.052995	256	304	10	48	48	1.0000000
NODE_34631_length_533_cov_2.366359	229	311	0	53	82	0.6463414
NODE_34631_length_533_cov_2.366359	229	311	2	29	82	0.3536585
NODE_34635_length_533_cov_2.288018	468	490	2	22	22	1.0000000
NODE_34767_length_532_cov_73.279446	0	64	2	7	64	0.1093750
NODE_34767_length_532_cov_73.279446	0	64	4	4	64	0.0625000
NODE_34767_length_532_cov_73.279446	0	64	6	8	64	0.1250000
NODE_34767_length_532_cov_73.279446	0	64	7	2	64	0.0312500
NODE_34767_length_532_cov_73.279446	0	64	9	8	64	0.1250000
NODE_34767_length_532_cov_73.279446	0	64	11	7	64	0.1093750
NODE_34767_length_532_cov_73.279446	0	64	13	6	64	0.0937500
NODE_34767_length_532_cov_73.279446	0	64	16	9	64	0.1406250
NODE_34767_length_532_cov_73.279446	0	64	18	13	64	0.2031250
NODE_34768_length_532_cov_23.055427	168	248	0	80	80	1.0000000
NODE_34768_length_532_cov_23.055427	221	301	0	80	80	1.0000000
NODE_34769_length_532_cov_22.778291	256	336	1	13	80	0.1625000
NODE_34769_length_532_cov_22.778291	256	336	5	7	80	0.0875000
NODE_34769_length_532_cov_22.778291	256	336	6	35	80	0.4375000
NODE_34769_length_532_cov_22.778291	256	336	8	25	80	0.3125000
NODE_34769_length_532_cov_22.778291	309	389	0	41	80	0.5125000
NODE_34769_length_532_cov_22.778291	309	389	1	25	80	0.3125000
NODE_34769_length_532_cov_22.778291	309	389	5	7	80	0.0875000
NODE_34769_length_532_cov_22.778291	309	389	6	7	80	0.0875000
NODE_34770_length_532_cov_13.279446	85	165	0	49	80	0.6125000
NODE_34770_length_532_cov_13.279446	85	165	2	31	80	0.3875000
NODE_34770_length_532_cov_13.279446	138	218	2	80	80	1.0000000
NODE_34774_length_532_cov_7.591224	171	235	2	3	64	0.0468750
NODE_34774_length_532_cov_7.591224	171	235	3	6	64	0.0937500
NODE_34774_length_532_cov_7.591224	171	235	5	1	64	0.0156250
NODE_34774_length_532_cov_7.591224	171	235	6	54	64	0.8437500
NODE_34774_length_532_cov_7.591224	172	235	2	2	63	0.0317460
NODE_34774_length_532_cov_7.591224	172	235	3	6	63	0.0952381
NODE_34774_length_532_cov_7.591224	172	235	5	1	63	0.0158730
NODE_34774_length_532_cov_7.591224	172	235	6	54	63	0.8571429
NODE_34774_length_532_cov_7.591224	173	226	2	1	53	0.0188679
NODE_34774_length_532_cov_7.591224	173	226	3	6	53	0.1132075
NODE_34774_length_532_cov_7.591224	173	226	5	1	53	0.0188679
NODE_34774_length_532_cov_7.591224	173	226	6	45	53	0.8490566
NODE_34774_length_532_cov_7.591224	173	228	2	1	55	0.0181818
NODE_34774_length_532_cov_7.591224	173	228	3	6	55	0.1090909
NODE_34774_length_532_cov_7.591224	173	228	5	1	55	0.0181818
NODE_34774_length_532_cov_7.591224	173	228	6	47	55	0.8545455
NODE_34774_length_532_cov_7.591224	208	282	6	74	74	1.0000000
NODE_34774_length_532_cov_7.591224	208	282	6	74	74	1.0000000
NODE_34774_length_532_cov_7.591224	208	282	6	74	74	1.0000000
NODE_34774_length_532_cov_7.591224	208	282	6	74	74	1.0000000
NODE_34788_length_532_cov_4.524249	84	151	0	67	67	1.0000000
NODE_34788_length_532_cov_4.524249	137	218	0	81	81	1.0000000
NODE_34838_length_532_cov_1.866051	263	309	0	46	46	1.0000000
NODE_34845_length_532_cov_1.757506	126	146	0	20	20	1.0000000
NODE_34948_length_531_cov_35.539352	7	45	0	38	38	1.0000000
NODE_34948_length_531_cov_35.539352	18	98	0	80	80	1.0000000
NODE_34949_length_531_cov_13.162037	129	209	0	80	80	1.0000000
NODE_34949_length_531_cov_13.162037	182	251	0	69	69	1.0000000
NODE_34953_length_531_cov_6.821759	242	322	0	80	80	1.0000000
NODE_34953_length_531_cov_6.821759	295	375	0	80	80	1.0000000
NODE_34958_length_531_cov_5.261574	261	336	26	2	75	0.0266667
NODE_34958_length_531_cov_5.261574	261	336	28	5	75	0.0666667
NODE_34958_length_531_cov_5.261574	261	336	30	7	75	0.0933333
NODE_34958_length_531_cov_5.261574	261	336	34	3	75	0.0400000
NODE_34958_length_531_cov_5.261574	261	336	36	12	75	0.1600000
NODE_34958_length_531_cov_5.261574	261	336	38	8	75	0.1066667
NODE_34958_length_531_cov_5.261574	261	336	40	38	75	0.5066667
NODE_34958_length_531_cov_5.261574	309	362	18	1	53	0.0188679
NODE_34958_length_531_cov_5.261574	309	362	22	1	53	0.0188679
NODE_34958_length_531_cov_5.261574	309	362	24	1	53	0.0188679
NODE_34958_length_531_cov_5.261574	309	362	26	6	53	0.1132075
NODE_34958_length_531_cov_5.261574	309	362	28	1	53	0.0188679
NODE_34958_length_531_cov_5.261574	309	362	34	15	53	0.2830189
NODE_34958_length_531_cov_5.261574	309	362	36	4	53	0.0754717
NODE_34958_length_531_cov_5.261574	309	362	38	3	53	0.0566038
NODE_34958_length_531_cov_5.261574	309	362	40	21	53	0.3962264
NODE_34963_length_531_cov_4.527778	177	255	0	78	78	1.0000000
NODE_34965_length_531_cov_4.319444	283	363	0	53	80	0.6625000
NODE_34965_length_531_cov_4.319444	283	363	2	27	80	0.3375000
NODE_34965_length_531_cov_4.319444	336	416	2	80	80	1.0000000
NODE_34979_length_531_cov_3.488426	238	318	0	80	80	1.0000000
NODE_34979_length_531_cov_3.488426	291	371	0	80	80	1.0000000
NODE_34980_length_531_cov_3.375000	153	207	0	2	54	0.0370370
NODE_34980_length_531_cov_3.375000	153	207	2	17	54	0.3148148
NODE_34980_length_531_cov_3.375000	153	207	4	5	54	0.0925926
NODE_34980_length_531_cov_3.375000	153	207	10	6	54	0.1111111
NODE_34980_length_531_cov_3.375000	153	207	14	1	54	0.0185185
NODE_34980_length_531_cov_3.375000	153	207	16	6	54	0.1111111
NODE_34980_length_531_cov_3.375000	153	207	18	1	54	0.0185185
NODE_34980_length_531_cov_3.375000	153	207	19	6	54	0.1111111
NODE_34980_length_531_cov_3.375000	153	207	21	10	54	0.1851852
NODE_34980_length_531_cov_3.375000	180	260	10	3	80	0.0375000
NODE_34980_length_531_cov_3.375000	180	260	14	4	80	0.0500000
NODE_34980_length_531_cov_3.375000	180	260	16	10	80	0.1250000
NODE_34980_length_531_cov_3.375000	180	260	18	6	80	0.0750000
NODE_34980_length_531_cov_3.375000	180	260	19	6	80	0.0750000
NODE_34980_length_531_cov_3.375000	180	260	21	21	80	0.2625000
NODE_34980_length_531_cov_3.375000	180	260	22	13	80	0.1625000
NODE_34980_length_531_cov_3.375000	180	260	24	17	80	0.2125000
NODE_34986_length_531_cov_3.111111	243	323	0	80	80	1.0000000
NODE_34986_length_531_cov_3.111111	296	376	0	80	80	1.0000000
NODE_35008_length_531_cov_2.201389	302	373	0	10	71	0.1408451
NODE_35008_length_531_cov_2.201389	302	373	6	11	71	0.1549296
NODE_35008_length_531_cov_2.201389	302	373	8	50	71	0.7042254
NODE_35008_length_531_cov_2.201389	350	426	0	3	76	0.0394737
NODE_35008_length_531_cov_2.201389	350	426	2	3	76	0.0394737
NODE_35008_length_531_cov_2.201389	350	426	8	70	76	0.9210526
NODE_35141_length_530_cov_30.605568	250	330	0	75	80	0.9375000
NODE_35141_length_530_cov_30.605568	250	330	2	5	80	0.0625000
NODE_35141_length_530_cov_30.605568	303	383	0	22	80	0.2750000
NODE_35141_length_530_cov_30.605568	303	383	2	58	80	0.7250000
NODE_35142_length_530_cov_16.937355	404	484	4	5	80	0.0625000
NODE_35142_length_530_cov_16.937355	404	484	13	1	80	0.0125000
NODE_35142_length_530_cov_16.937355	404	484	37	1	80	0.0125000
NODE_35142_length_530_cov_16.937355	404	484	39	1	80	0.0125000
NODE_35142_length_530_cov_16.937355	404	484	41	4	80	0.0500000
NODE_35142_length_530_cov_16.937355	404	484	45	7	80	0.0875000
NODE_35142_length_530_cov_16.937355	404	484	47	61	80	0.7625000
NODE_35142_length_530_cov_16.937355	457	530	8	5	73	0.0684932
NODE_35142_length_530_cov_16.937355	457	530	10	1	73	0.0136986
NODE_35142_length_530_cov_16.937355	457	530	14	4	73	0.0547945
NODE_35142_length_530_cov_16.937355	457	530	20	10	73	0.1369863
NODE_35142_length_530_cov_16.937355	457	530	27	1	73	0.0136986
NODE_35142_length_530_cov_16.937355	457	530	29	2	73	0.0273973
NODE_35142_length_530_cov_16.937355	457	530	45	1	73	0.0136986
NODE_35142_length_530_cov_16.937355	457	530	47	49	73	0.6712329
NODE_35143_length_530_cov_9.902552	273	353	0	7	80	0.0875000
NODE_35143_length_530_cov_9.902552	273	353	4	73	80	0.9125000
NODE_35143_length_530_cov_9.902552	326	406	0	21	80	0.2625000
NODE_35143_length_530_cov_9.902552	326	406	4	59	80	0.7375000
NODE_35144_length_530_cov_7.928074	46	126	0	80	80	1.0000000
NODE_35144_length_530_cov_7.928074	99	179	0	80	80	1.0000000
NODE_35150_length_530_cov_4.647332	188	268	0	80	80	1.0000000
NODE_35150_length_530_cov_4.647332	241	321	0	80	80	1.0000000
NODE_35154_length_530_cov_4.389791	162	242	14	4	80	0.0500000
NODE_35154_length_530_cov_4.389791	162	242	16	8	80	0.1000000
NODE_35154_length_530_cov_4.389791	162	242	19	7	80	0.0875000
NODE_35154_length_530_cov_4.389791	162	242	27	5	80	0.0625000
NODE_35154_length_530_cov_4.389791	162	242	29	11	80	0.1375000
NODE_35154_length_530_cov_4.389791	162	242	31	1	80	0.0125000
NODE_35154_length_530_cov_4.389791	162	242	32	5	80	0.0625000
NODE_35154_length_530_cov_4.389791	162	242	36	21	80	0.2625000
NODE_35154_length_530_cov_4.389791	162	242	38	9	80	0.1125000
NODE_35154_length_530_cov_4.389791	162	242	40	9	80	0.1125000
NODE_35159_length_530_cov_4.046404	76	111	0	35	35	1.0000000
NODE_35319_length_529_cov_38.983721	140	220	6	3	80	0.0375000
NODE_35319_length_529_cov_38.983721	140	220	8	77	80	0.9625000
NODE_35320_length_529_cov_18.223256	189	269	0	80	80	1.0000000
NODE_35320_length_529_cov_18.223256	242	322	0	80	80	1.0000000
NODE_35321_length_529_cov_17.009302	358	438	0	14	80	0.1750000
NODE_35321_length_529_cov_17.009302	358	438	2	66	80	0.8250000
NODE_35321_length_529_cov_17.009302	411	491	0	67	80	0.8375000
NODE_35321_length_529_cov_17.009302	411	491	2	13	80	0.1625000
NODE_35331_length_529_cov_6.195349	211	291	2	14	80	0.1750000
NODE_35331_length_529_cov_6.195349	211	291	4	4	80	0.0500000
NODE_35331_length_529_cov_6.195349	211	291	5	1	80	0.0125000
NODE_35331_length_529_cov_6.195349	211	291	6	61	80	0.7625000
NODE_35331_length_529_cov_6.195349	264	322	4	35	58	0.6034483
NODE_35331_length_529_cov_6.195349	264	322	6	23	58	0.3965517
NODE_35336_length_529_cov_5.176744	139	207	2	57	68	0.8382353
NODE_35336_length_529_cov_5.176744	139	207	3	11	68	0.1617647
NODE_35336_length_529_cov_5.176744	185	260	2	20	75	0.2666667
NODE_35336_length_529_cov_5.176744	185	260	3	14	75	0.1866667
NODE_35336_length_529_cov_5.176744	185	260	6	41	75	0.5466667
NODE_35364_length_529_cov_2.883721	223	281	0	29	58	0.5000000
NODE_35364_length_529_cov_2.883721	223	281	2	29	58	0.5000000
NODE_35374_length_529_cov_2.660465	89	168	0	10	79	0.1265823
NODE_35374_length_529_cov_2.660465	89	168	2	69	79	0.8734177
NODE_35375_length_529_cov_2.595349	278	321	4	32	43	0.7441860
NODE_35375_length_529_cov_2.595349	278	321	6	11	43	0.2558140
NODE_35384_length_529_cov_2.272093	247	313	0	66	66	1.0000000
NODE_35427_length_529_cov_1.597674	289	332	0	43	43	1.0000000
NODE_35521_length_528_cov_25.808858	233	313	0	80	80	1.0000000
NODE_35521_length_528_cov_25.808858	286	366	0	80	80	1.0000000
NODE_35522_length_528_cov_17.331002	219	299	0	80	80	1.0000000
NODE_35522_length_528_cov_17.331002	272	352	0	80	80	1.0000000
NODE_35523_length_528_cov_16.165501	262	342	0	80	80	1.0000000
NODE_35523_length_528_cov_16.165501	315	395	0	80	80	1.0000000
NODE_35529_length_528_cov_5.776224	204	284	0	80	80	1.0000000
NODE_35529_length_528_cov_5.776224	257	337	0	80	80	1.0000000
NODE_35542_length_528_cov_4.016317	235	315	2	80	80	1.0000000
NODE_35542_length_528_cov_4.016317	288	368	0	40	80	0.5000000
NODE_35542_length_528_cov_4.016317	288	368	2	40	80	0.5000000
NODE_35545_length_528_cov_3.799534	144	192	2	48	48	1.0000000
NODE_35561_length_528_cov_2.902098	252	305	2	12	53	0.2264151
NODE_35561_length_528_cov_2.902098	252	305	4	36	53	0.6792453
NODE_35561_length_528_cov_2.902098	252	305	8	5	53	0.0943396
NODE_35575_length_528_cov_2.324009	137	188	8	51	51	1.0000000
NODE_35575_length_528_cov_2.324009	161	241	0	8	80	0.1000000
NODE_35575_length_528_cov_2.324009	161	241	2	18	80	0.2250000
NODE_35575_length_528_cov_2.324009	161	241	4	5	80	0.0625000
NODE_35575_length_528_cov_2.324009	161	241	5	10	80	0.1250000
NODE_35575_length_528_cov_2.324009	161	241	8	39	80	0.4875000
NODE_35597_length_528_cov_1.755245	268	348	4	80	80	1.0000000
NODE_35597_length_528_cov_1.755245	321	401	2	31	80	0.3875000
NODE_35597_length_528_cov_1.755245	321	401	4	30	80	0.3750000
NODE_35597_length_528_cov_1.755245	321	401	6	19	80	0.2375000
NODE_35687_length_527_cov_19.247664	306	386	0	8	80	0.1000000
NODE_35687_length_527_cov_19.247664	306	386	2	4	80	0.0500000
NODE_35687_length_527_cov_19.247664	306	386	4	68	80	0.8500000
NODE_35687_length_527_cov_19.247664	359	439	0	61	80	0.7625000
NODE_35687_length_527_cov_19.247664	359	439	2	4	80	0.0500000
NODE_35687_length_527_cov_19.247664	359	439	4	15	80	0.1875000
NODE_35688_length_527_cov_15.974299	250	349	0	99	99	1.0000000
NODE_35688_length_527_cov_15.974299	322	402	0	80	80	1.0000000
NODE_35691_length_527_cov_8.221963	235	315	0	66	80	0.8250000
NODE_35691_length_527_cov_8.221963	235	315	4	3	80	0.0375000
NODE_35691_length_527_cov_8.221963	235	315	6	1	80	0.0125000
NODE_35691_length_527_cov_8.221963	235	315	10	2	80	0.0250000
NODE_35691_length_527_cov_8.221963	235	315	12	6	80	0.0750000
NODE_35691_length_527_cov_8.221963	235	315	14	2	80	0.0250000
NODE_35691_length_527_cov_8.221963	288	368	0	13	80	0.1625000
NODE_35691_length_527_cov_8.221963	288	368	4	3	80	0.0375000
NODE_35691_length_527_cov_8.221963	288	368	6	1	80	0.0125000
NODE_35691_length_527_cov_8.221963	288	368	10	2	80	0.0250000
NODE_35691_length_527_cov_8.221963	288	368	12	6	80	0.0750000
NODE_35691_length_527_cov_8.221963	288	368	14	23	80	0.2875000
NODE_35691_length_527_cov_8.221963	288	368	16	32	80	0.4000000
NODE_35693_length_527_cov_7.200935	190	270	0	10	80	0.1250000
NODE_35693_length_527_cov_7.200935	190	270	2	70	80	0.8750000
NODE_35693_length_527_cov_7.200935	243	346	0	50	103	0.4854369
NODE_35693_length_527_cov_7.200935	243	346	2	53	103	0.5145631
NODE_35693_length_527_cov_7.200935	342	422	0	20	80	0.2500000
NODE_35693_length_527_cov_7.200935	342	422	2	60	80	0.7500000
NODE_35693_length_527_cov_7.200935	395	475	2	80	80	1.0000000
NODE_35696_length_527_cov_6.862150	279	359	0	80	80	1.0000000
NODE_35697_length_527_cov_6.046729	155	235	0	80	80	1.0000000
NODE_35697_length_527_cov_6.046729	208	288	0	80	80	1.0000000
NODE_35736_length_527_cov_2.238318	226	306	4	11	80	0.1375000
NODE_35736_length_527_cov_2.238318	226	306	6	8	80	0.1000000
NODE_35736_length_527_cov_2.238318	226	306	8	18	80	0.2250000
NODE_35736_length_527_cov_2.238318	226	306	10	9	80	0.1125000
NODE_35736_length_527_cov_2.238318	226	306	12	11	80	0.1375000
NODE_35736_length_527_cov_2.238318	226	306	14	7	80	0.0875000
NODE_35736_length_527_cov_2.238318	226	306	16	16	80	0.2000000
NODE_35858_length_526_cov_50.866511	169	242	0	73	73	1.0000000
NODE_35858_length_526_cov_50.866511	215	295	0	39	80	0.4875000
NODE_35858_length_526_cov_50.866511	215	295	2	41	80	0.5125000
NODE_35858_length_526_cov_50.866511	291	371	2	31	80	0.3875000
NODE_35858_length_526_cov_50.866511	291	371	11	1	80	0.0125000
NODE_35858_length_526_cov_50.866511	291	371	14	26	80	0.3250000
NODE_35858_length_526_cov_50.866511	291	371	16	22	80	0.2750000
NODE_35858_length_526_cov_50.866511	344	424	14	79	80	0.9875000
NODE_35858_length_526_cov_50.866511	344	424	16	1	80	0.0125000
NODE_35860_length_526_cov_26.395785	315	395	12	25	80	0.3125000
NODE_35860_length_526_cov_26.395785	315	395	16	16	80	0.2000000
NODE_35860_length_526_cov_26.395785	315	395	18	39	80	0.4875000
NODE_35860_length_526_cov_26.395785	368	448	6	26	80	0.3250000
NODE_35860_length_526_cov_26.395785	368	448	16	43	80	0.5375000
NODE_35860_length_526_cov_26.395785	368	448	18	11	80	0.1375000
NODE_35861_length_526_cov_16.611241	305	385	0	80	80	1.0000000
NODE_35861_length_526_cov_16.611241	358	438	0	80	80	1.0000000
NODE_35866_length_526_cov_6.215457	303	351	0	10	48	0.2083333
NODE_35866_length_526_cov_6.215457	303	351	4	13	48	0.2708333
NODE_35866_length_526_cov_6.215457	303	351	6	25	48	0.5208333
NODE_35877_length_526_cov_3.936768	118	142	0	24	24	1.0000000
NODE_35877_length_526_cov_3.936768	118	163	0	45	45	1.0000000
NODE_35901_length_526_cov_2.466042	138	184	0	31	46	0.6739131
NODE_35901_length_526_cov_2.466042	138	184	2	15	46	0.3260870
NODE_36055_length_525_cov_33.910798	98	178	0	6	80	0.0750000
NODE_36055_length_525_cov_33.910798	98	178	4	19	80	0.2375000
NODE_36055_length_525_cov_33.910798	98	178	5	2	80	0.0250000
NODE_36055_length_525_cov_33.910798	98	178	7	2	80	0.0250000
NODE_36055_length_525_cov_33.910798	98	178	8	51	80	0.6375000
NODE_36055_length_525_cov_33.910798	151	231	0	6	80	0.0750000
NODE_36055_length_525_cov_33.910798	151	231	4	72	80	0.9000000
NODE_36055_length_525_cov_33.910798	151	231	5	2	80	0.0250000
NODE_36055_length_525_cov_33.910798	159	231	4	72	72	1.0000000
NODE_36058_length_525_cov_8.788732	175	255	0	66	80	0.8250000
NODE_36058_length_525_cov_8.788732	175	255	2	14	80	0.1750000
NODE_36058_length_525_cov_8.788732	228	308	0	13	80	0.1625000
NODE_36058_length_525_cov_8.788732	228	308	2	67	80	0.8375000
NODE_36059_length_525_cov_7.880282	242	285	0	38	43	0.8837209
NODE_36059_length_525_cov_7.880282	242	285	6	5	43	0.1162791
NODE_36098_length_525_cov_2.417840	229	306	0	7	77	0.0909091
NODE_36098_length_525_cov_2.417840	229	306	4	70	77	0.9090909
NODE_36230_length_524_cov_21.649412	262	342	0	34	80	0.4250000
NODE_36230_length_524_cov_21.649412	262	342	4	46	80	0.5750000
NODE_36230_length_524_cov_21.649412	315	395	0	80	80	1.0000000
NODE_36231_length_524_cov_14.131765	136	201	0	12	65	0.1846154
NODE_36231_length_524_cov_14.131765	136	201	2	53	65	0.8153846
NODE_36232_length_524_cov_10.392941	237	317	0	44	80	0.5500000
NODE_36232_length_524_cov_10.392941	237	317	2	36	80	0.4500000
NODE_36232_length_524_cov_10.392941	290	370	0	20	80	0.2500000
NODE_36232_length_524_cov_10.392941	290	370	2	60	80	0.7500000
NODE_36262_length_524_cov_3.221176	195	272	0	77	77	1.0000000
NODE_36262_length_524_cov_3.221176	253	324	0	71	71	1.0000000
NODE_36264_length_524_cov_3.148235	317	397	0	80	80	1.0000000
NODE_36410_length_523_cov_113.438679	0	48	4	8	48	0.1666667
NODE_36410_length_523_cov_113.438679	0	48	6	40	48	0.8333333
NODE_36410_length_523_cov_113.438679	14	69	6	55	55	1.0000000
NODE_36410_length_523_cov_113.438679	25	101	6	45	76	0.5921053
NODE_36410_length_523_cov_113.438679	25	101	8	31	76	0.4078947
NODE_36410_length_523_cov_113.438679	105	181	8	7	76	0.0921053
NODE_36410_length_523_cov_113.438679	105	181	10	2	76	0.0263158
NODE_36410_length_523_cov_113.438679	105	181	12	2	76	0.0263158
NODE_36410_length_523_cov_113.438679	105	181	14	1	76	0.0131579
NODE_36410_length_523_cov_113.438679	105	181	16	3	76	0.0394737
NODE_36410_length_523_cov_113.438679	105	181	20	9	76	0.1184211
NODE_36410_length_523_cov_113.438679	105	181	22	1	76	0.0131579
NODE_36410_length_523_cov_113.438679	105	181	26	2	76	0.0263158
NODE_36410_length_523_cov_113.438679	105	181	38	1	76	0.0131579
NODE_36410_length_523_cov_113.438679	105	181	43	1	76	0.0131579
NODE_36410_length_523_cov_113.438679	105	181	45	1	76	0.0131579
NODE_36410_length_523_cov_113.438679	105	181	51	2	76	0.0263158
NODE_36410_length_523_cov_113.438679	105	181	53	2	76	0.0263158
NODE_36410_length_523_cov_113.438679	105	181	55	3	76	0.0394737
NODE_36410_length_523_cov_113.438679	105	181	59	3	76	0.0394737
NODE_36410_length_523_cov_113.438679	105	181	61	12	76	0.1578947
NODE_36410_length_523_cov_113.438679	105	181	63	4	76	0.0526316
NODE_36410_length_523_cov_113.438679	105	181	65	3	76	0.0394737
NODE_36410_length_523_cov_113.438679	105	181	67	2	76	0.0263158
NODE_36410_length_523_cov_113.438679	105	181	69	1	76	0.0131579
NODE_36410_length_523_cov_113.438679	105	181	71	6	76	0.0789474
NODE_36410_length_523_cov_113.438679	105	181	72	4	76	0.0526316
NODE_36410_length_523_cov_113.438679	105	181	73	1	76	0.0131579
NODE_36410_length_523_cov_113.438679	105	181	74	3	76	0.0394737
NODE_36410_length_523_cov_113.438679	154	234	50	3	80	0.0375000
NODE_36410_length_523_cov_113.438679	154	234	52	5	80	0.0625000
NODE_36410_length_523_cov_113.438679	154	234	54	4	80	0.0500000
NODE_36410_length_523_cov_113.438679	154	234	55	2	80	0.0250000
NODE_36410_length_523_cov_113.438679	154	234	59	1	80	0.0125000
NODE_36410_length_523_cov_113.438679	154	234	60	1	80	0.0125000
NODE_36410_length_523_cov_113.438679	154	234	61	1	80	0.0125000
NODE_36410_length_523_cov_113.438679	154	234	63	4	80	0.0500000
NODE_36410_length_523_cov_113.438679	154	234	65	4	80	0.0500000
NODE_36410_length_523_cov_113.438679	154	234	67	2	80	0.0250000
NODE_36410_length_523_cov_113.438679	154	234	69	1	80	0.0125000
NODE_36410_length_523_cov_113.438679	154	234	71	6	80	0.0750000
NODE_36410_length_523_cov_113.438679	154	234	72	5	80	0.0625000
NODE_36410_length_523_cov_113.438679	154	234	73	12	80	0.1500000
NODE_36410_length_523_cov_113.438679	154	234	74	4	80	0.0500000
NODE_36410_length_523_cov_113.438679	154	234	75	3	80	0.0375000
NODE_36410_length_523_cov_113.438679	154	234	76	1	80	0.0125000
NODE_36410_length_523_cov_113.438679	154	234	77	1	80	0.0125000
NODE_36410_length_523_cov_113.438679	154	234	79	16	80	0.2000000
NODE_36410_length_523_cov_113.438679	154	234	85	1	80	0.0125000
NODE_36410_length_523_cov_113.438679	154	234	87	3	80	0.0375000
NODE_36410_length_523_cov_113.438679	312	355	22	17	43	0.3953488
NODE_36410_length_523_cov_113.438679	312	355	24	4	43	0.0930233
NODE_36410_length_523_cov_113.438679	312	355	28	15	43	0.3488372
NODE_36410_length_523_cov_113.438679	312	355	30	7	43	0.1627907
NODE_36412_length_523_cov_64.695755	35	115	0	80	80	1.0000000
NODE_36412_length_523_cov_64.695755	88	168	0	80	80	1.0000000
NODE_36414_length_523_cov_20.724057	235	315	0	80	80	1.0000000
NODE_36414_length_523_cov_20.724057	288	368	0	78	80	0.9750000
NODE_36414_length_523_cov_20.724057	288	368	1	2	80	0.0250000
NODE_36415_length_523_cov_18.500000	164	244	4	80	80	1.0000000
NODE_36415_length_523_cov_18.500000	217	297	0	37	80	0.4625000
NODE_36415_length_523_cov_18.500000	217	297	4	43	80	0.5375000
NODE_36416_length_523_cov_15.216981	62	142	0	80	80	1.0000000
NODE_36416_length_523_cov_15.216981	115	195	0	80	80	1.0000000
NODE_36417_length_523_cov_10.575472	157	183	2	1	26	0.0384615
NODE_36417_length_523_cov_10.575472	157	183	3	16	26	0.6153846
NODE_36417_length_523_cov_10.575472	157	183	4	9	26	0.3461539
NODE_36418_length_523_cov_9.962264	212	292	2	80	80	1.0000000
NODE_36418_length_523_cov_9.962264	265	345	0	27	80	0.3375000
NODE_36418_length_523_cov_9.962264	265	345	2	53	80	0.6625000
NODE_36427_length_523_cov_4.943396	108	188	4	12	80	0.1500000
NODE_36427_length_523_cov_4.943396	108	188	6	22	80	0.2750000
NODE_36427_length_523_cov_4.943396	108	188	8	17	80	0.2125000
NODE_36427_length_523_cov_4.943396	108	188	12	5	80	0.0625000
NODE_36427_length_523_cov_4.943396	108	188	14	17	80	0.2125000
NODE_36427_length_523_cov_4.943396	108	188	16	7	80	0.0875000
NODE_36427_length_523_cov_4.943396	161	241	12	5	80	0.0625000
NODE_36427_length_523_cov_4.943396	161	241	14	23	80	0.2875000
NODE_36427_length_523_cov_4.943396	161	241	15	3	80	0.0375000
NODE_36427_length_523_cov_4.943396	161	241	16	7	80	0.0875000
NODE_36427_length_523_cov_4.943396	161	241	21	4	80	0.0500000
NODE_36427_length_523_cov_4.943396	161	241	27	1	80	0.0125000
NODE_36427_length_523_cov_4.943396	161	241	28	2	80	0.0250000
NODE_36427_length_523_cov_4.943396	161	241	30	14	80	0.1750000
NODE_36427_length_523_cov_4.943396	161	241	32	8	80	0.1000000
NODE_36427_length_523_cov_4.943396	161	241	34	5	80	0.0625000
NODE_36427_length_523_cov_4.943396	161	241	36	3	80	0.0375000
NODE_36427_length_523_cov_4.943396	161	241	38	5	80	0.0625000
NODE_36429_length_523_cov_4.787736	110	141	9	14	31	0.4516129
NODE_36429_length_523_cov_4.787736	110	141	11	8	31	0.2580645
NODE_36429_length_523_cov_4.787736	110	141	12	9	31	0.2903226
NODE_36429_length_523_cov_4.787736	131	194	8	15	63	0.2380952
NODE_36429_length_523_cov_4.787736	131	194	10	3	63	0.0476190
NODE_36429_length_523_cov_4.787736	131	194	11	1	63	0.0158730
NODE_36429_length_523_cov_4.787736	131	194	12	30	63	0.4761905
NODE_36429_length_523_cov_4.787736	131	194	14	14	63	0.2222222
NODE_36439_length_523_cov_3.792453	139	219	0	80	80	1.0000000
NODE_36439_length_523_cov_3.792453	192	272	0	80	80	1.0000000
NODE_36481_length_523_cov_2.259434	337	372	0	35	35	1.0000000
NODE_36490_length_523_cov_2.096698	307	351	2	5	44	0.1136364
NODE_36490_length_523_cov_2.096698	307	351	5	26	44	0.5909091
NODE_36490_length_523_cov_2.096698	307	351	7	1	44	0.0227273
NODE_36490_length_523_cov_2.096698	307	351	10	8	44	0.1818182
NODE_36490_length_523_cov_2.096698	307	351	11	3	44	0.0681818
NODE_36490_length_523_cov_2.096698	307	351	13	1	44	0.0227273
NODE_36518_length_523_cov_1.700472	176	195	0	19	19	1.0000000
NODE_36632_length_522_cov_33.579196	55	135	0	80	80	1.0000000
NODE_36632_length_522_cov_33.579196	108	188	0	80	80	1.0000000
NODE_36634_length_522_cov_12.851064	266	342	0	76	76	1.0000000
NODE_36634_length_522_cov_12.851064	319	395	0	76	76	1.0000000
NODE_36637_length_522_cov_7.349882	212	283	0	9	71	0.1267606
NODE_36637_length_522_cov_7.349882	212	283	2	62	71	0.8732395
NODE_36637_length_522_cov_7.349882	400	469	0	69	69	1.0000000
NODE_36670_length_522_cov_2.933806	178	258	2	6	80	0.0750000
NODE_36670_length_522_cov_2.933806	178	258	6	35	80	0.4375000
NODE_36670_length_522_cov_2.933806	178	258	7	39	80	0.4875000
NODE_36670_length_522_cov_2.933806	231	311	4	1	80	0.0125000
NODE_36670_length_522_cov_2.933806	231	311	5	4	80	0.0500000
NODE_36670_length_522_cov_2.933806	231	311	6	41	80	0.5125000
NODE_36670_length_522_cov_2.933806	231	311	7	33	80	0.4125000
NODE_36670_length_522_cov_2.933806	231	311	8	1	80	0.0125000
NODE_36676_length_522_cov_2.661939	187	241	0	32	54	0.5925926
NODE_36676_length_522_cov_2.661939	187	241	2	22	54	0.4074074
NODE_36820_length_521_cov_9.303318	106	186	0	80	80	1.0000000
NODE_36820_length_521_cov_9.303318	159	239	0	80	80	1.0000000
NODE_36832_length_521_cov_4.971564	218	298	0	80	80	1.0000000
NODE_36832_length_521_cov_4.971564	271	351	0	80	80	1.0000000
NODE_36845_length_521_cov_3.504739	113	191	0	78	78	1.0000000
NODE_36845_length_521_cov_3.504739	164	205	0	41	41	1.0000000
NODE_36848_length_521_cov_3.324645	158	244	0	44	86	0.5116279
NODE_36848_length_521_cov_3.324645	158	244	2	19	86	0.2209302
NODE_36848_length_521_cov_3.324645	158	244	3	1	86	0.0116279
NODE_36848_length_521_cov_3.324645	158	244	4	22	86	0.2558140
NODE_36848_length_521_cov_3.324645	217	280	2	4	63	0.0634921
NODE_36848_length_521_cov_3.324645	217	280	3	1	63	0.0158730
NODE_36848_length_521_cov_3.324645	217	280	4	54	63	0.8571429
NODE_36848_length_521_cov_3.324645	217	280	6	4	63	0.0634921
NODE_36916_length_521_cov_1.613744	165	227	0	12	62	0.1935484
NODE_36916_length_521_cov_1.613744	165	227	2	50	62	0.8064516
NODE_37036_length_520_cov_50.676960	0	75	0	75	75	1.0000000
NODE_37036_length_520_cov_50.676960	48	128	0	80	80	1.0000000
NODE_37036_length_520_cov_50.676960	124	204	0	80	80	1.0000000
NODE_37036_length_520_cov_50.676960	177	257	0	80	80	1.0000000
NODE_37037_length_520_cov_43.294537	10	90	0	80	80	1.0000000
NODE_37037_length_520_cov_43.294537	10	90	0	80	80	1.0000000
NODE_37037_length_520_cov_43.294537	10	90	0	80	80	1.0000000
NODE_37037_length_520_cov_43.294537	10	90	0	80	80	1.0000000
NODE_37037_length_520_cov_43.294537	10	90	0	80	80	1.0000000
NODE_37037_length_520_cov_43.294537	10	90	0	80	80	1.0000000
NODE_37037_length_520_cov_43.294537	63	129	0	66	66	1.0000000
NODE_37037_length_520_cov_43.294537	63	142	0	79	79	1.0000000
NODE_37037_length_520_cov_43.294537	63	143	0	80	80	1.0000000
NODE_37037_length_520_cov_43.294537	63	133	0	70	70	1.0000000
NODE_37037_length_520_cov_43.294537	66	133	0	67	67	1.0000000
NODE_37037_length_520_cov_43.294537	68	143	0	75	75	1.0000000
NODE_37038_length_520_cov_29.427553	224	304	0	80	80	1.0000000
NODE_37038_length_520_cov_29.427553	277	357	0	33	80	0.4125000
NODE_37038_length_520_cov_29.427553	277	357	1	4	80	0.0500000
NODE_37038_length_520_cov_29.427553	277	357	2	43	80	0.5375000
NODE_37038_length_520_cov_29.427553	353	433	2	80	80	1.0000000
NODE_37038_length_520_cov_29.427553	406	486	0	22	80	0.2750000
NODE_37038_length_520_cov_29.427553	406	486	1	4	80	0.0500000
NODE_37038_length_520_cov_29.427553	406	486	2	54	80	0.6750000
NODE_37039_length_520_cov_14.365796	103	183	0	80	80	1.0000000
NODE_37039_length_520_cov_14.365796	156	237	0	81	81	1.0000000
NODE_37059_length_520_cov_4.121140	79	159	0	80	80	1.0000000
NODE_37059_length_520_cov_4.121140	132	212	0	80	80	1.0000000
NODE_37063_length_520_cov_3.900238	203	233	0	30	30	1.0000000
NODE_37235_length_519_cov_42.842857	8	88	7	1	80	0.0125000
NODE_37235_length_519_cov_42.842857	8	88	8	4	80	0.0500000
NODE_37235_length_519_cov_42.842857	8	88	10	1	80	0.0125000
NODE_37235_length_519_cov_42.842857	8	88	14	5	80	0.0625000
NODE_37235_length_519_cov_42.842857	8	88	16	2	80	0.0250000
NODE_37235_length_519_cov_42.842857	8	88	20	3	80	0.0375000
NODE_37235_length_519_cov_42.842857	8	88	24	2	80	0.0250000
NODE_37235_length_519_cov_42.842857	8	88	28	10	80	0.1250000
NODE_37235_length_519_cov_42.842857	8	88	34	14	80	0.1750000
NODE_37235_length_519_cov_42.842857	8	88	36	14	80	0.1750000
NODE_37235_length_519_cov_42.842857	8	88	37	1	80	0.0125000
NODE_37235_length_519_cov_42.842857	8	88	38	23	80	0.2875000
NODE_37235_length_519_cov_42.842857	61	139	24	3	78	0.0384615
NODE_37235_length_519_cov_42.842857	61	139	28	11	78	0.1410256
NODE_37235_length_519_cov_42.842857	61	139	31	7	78	0.0897436
NODE_37235_length_519_cov_42.842857	61	139	33	2	78	0.0256410
NODE_37235_length_519_cov_42.842857	61	139	35	8	78	0.1025641
NODE_37235_length_519_cov_42.842857	61	139	36	3	78	0.0384615
NODE_37235_length_519_cov_42.842857	61	139	37	10	78	0.1282051
NODE_37235_length_519_cov_42.842857	61	139	38	23	78	0.2948718
NODE_37235_length_519_cov_42.842857	61	139	39	11	78	0.1410256
NODE_37236_length_519_cov_19.269048	284	363	0	43	79	0.5443038
NODE_37236_length_519_cov_19.269048	284	363	2	36	79	0.4556962
NODE_37236_length_519_cov_19.269048	336	416	2	80	80	1.0000000
NODE_37237_length_519_cov_8.500000	195	267	4	7	72	0.0972222
NODE_37237_length_519_cov_8.500000	195	267	6	17	72	0.2361111
NODE_37237_length_519_cov_8.500000	195	267	9	1	72	0.0138889
NODE_37237_length_519_cov_8.500000	195	267	10	15	72	0.2083333
NODE_37237_length_519_cov_8.500000	195	267	12	32	72	0.4444444
NODE_37245_length_519_cov_5.169048	282	346	0	64	64	1.0000000
NODE_37290_length_519_cov_2.783333	174	235	0	61	61	1.0000000
NODE_37349_length_519_cov_1.538095	147	213	0	66	66	1.0000000
NODE_37447_length_518_cov_40.026253	385	465	2	80	80	1.0000000
NODE_37447_length_518_cov_40.026253	438	518	0	21	80	0.2625000
NODE_37447_length_518_cov_40.026253	438	518	2	59	80	0.7375000
NODE_37449_length_518_cov_12.083532	144	224	0	80	80	1.0000000
NODE_37449_length_518_cov_12.083532	197	277	0	80	80	1.0000000
NODE_37449_length_518_cov_12.083532	407	481	0	74	74	1.0000000
NODE_37449_length_518_cov_12.083532	454	518	0	64	64	1.0000000
NODE_37450_length_518_cov_11.467780	171	200	2	8	29	0.2758621
NODE_37450_length_518_cov_11.467780	171	200	4	16	29	0.5517241
NODE_37450_length_518_cov_11.467780	171	200	6	5	29	0.1724138
NODE_37450_length_518_cov_11.467780	253	320	6	23	67	0.3432836
NODE_37450_length_518_cov_11.467780	253	320	10	44	67	0.6567164
NODE_37450_length_518_cov_11.467780	253	282	10	29	29	1.0000000
NODE_37454_length_518_cov_7.441527	188	273	0	28	85	0.3294118
NODE_37454_length_518_cov_7.441527	188	273	2	13	85	0.1529412
NODE_37454_length_518_cov_7.441527	188	273	6	44	85	0.5176471
NODE_37461_length_518_cov_5.563246	315	366	0	7	51	0.1372549
NODE_37461_length_518_cov_5.563246	315	366	1	8	51	0.1568628
NODE_37461_length_518_cov_5.563246	315	366	2	36	51	0.7058824
NODE_37461_length_518_cov_5.563246	339	383	0	7	44	0.1590909
NODE_37461_length_518_cov_5.563246	339	383	1	25	44	0.5681818
NODE_37461_length_518_cov_5.563246	339	383	2	12	44	0.2727273
NODE_37465_length_518_cov_4.732697	214	276	0	26	62	0.4193548
NODE_37465_length_518_cov_4.732697	214	276	2	36	62	0.5806451
NODE_37465_length_518_cov_4.732697	350	430	0	80	80	1.0000000
NODE_37479_length_518_cov_3.503580	291	333	0	2	42	0.0476190
NODE_37479_length_518_cov_3.503580	291	333	2	1	42	0.0238095
NODE_37479_length_518_cov_3.503580	291	333	4	39	42	0.9285714
NODE_37479_length_518_cov_3.503580	306	363	4	57	57	1.0000000
NODE_37483_length_518_cov_3.136038	269	338	0	1	69	0.0144928
NODE_37483_length_518_cov_3.136038	269	338	2	68	69	0.9855072
NODE_37483_length_518_cov_3.136038	269	348	0	1	79	0.0126582
NODE_37483_length_518_cov_3.136038	269	348	2	68	79	0.8607595
NODE_37483_length_518_cov_3.136038	269	348	3	10	79	0.1265823
NODE_37483_length_518_cov_3.136038	269	349	0	1	80	0.0125000
NODE_37483_length_518_cov_3.136038	269	349	2	68	80	0.8500000
NODE_37483_length_518_cov_3.136038	269	349	3	11	80	0.1375000
NODE_37483_length_518_cov_3.136038	322	402	1	19	80	0.2375000
NODE_37483_length_518_cov_3.136038	322	402	2	17	80	0.2125000
NODE_37483_length_518_cov_3.136038	322	402	3	44	80	0.5500000
NODE_37483_length_518_cov_3.136038	322	364	2	16	42	0.3809524
NODE_37483_length_518_cov_3.136038	322	364	3	26	42	0.6190476
NODE_37483_length_518_cov_3.136038	322	368	2	16	46	0.3478261
NODE_37483_length_518_cov_3.136038	322	368	3	30	46	0.6521739
NODE_37483_length_518_cov_3.136038	331	366	2	7	35	0.2000000
NODE_37483_length_518_cov_3.136038	331	366	3	28	35	0.8000000
NODE_37637_length_517_cov_55.267943	177	257	0	80	80	1.0000000
NODE_37637_length_517_cov_55.267943	230	310	0	80	80	1.0000000
NODE_37639_length_517_cov_30.863636	0	72	0	47	72	0.6527778
NODE_37639_length_517_cov_30.863636	0	72	2	25	72	0.3472222
NODE_37639_length_517_cov_30.863636	0	72	0	47	72	0.6527778
NODE_37639_length_517_cov_30.863636	0	72	2	25	72	0.3472222
NODE_37639_length_517_cov_30.863636	45	125	0	5	80	0.0625000
NODE_37639_length_517_cov_30.863636	45	125	2	75	80	0.9375000
NODE_37639_length_517_cov_30.863636	45	99	0	2	54	0.0370370
NODE_37639_length_517_cov_30.863636	45	99	2	52	54	0.9629630
NODE_37641_length_517_cov_12.258373	305	385	2	63	80	0.7875000
NODE_37641_length_517_cov_12.258373	305	385	4	17	80	0.2125000
NODE_37641_length_517_cov_12.258373	358	438	0	51	80	0.6375000
NODE_37641_length_517_cov_12.258373	358	438	2	29	80	0.3625000
NODE_37643_length_517_cov_7.131579	100	152	0	52	52	1.0000000
NODE_37662_length_517_cov_4.492823	140	220	0	80	80	1.0000000
NODE_37662_length_517_cov_4.492823	193	273	0	80	80	1.0000000
NODE_37697_length_517_cov_2.437799	331	388	0	10	57	0.1754386
NODE_37697_length_517_cov_2.437799	331	388	2	47	57	0.8245614
NODE_37850_length_516_cov_17.570743	147	227	2	18	80	0.2250000
NODE_37850_length_516_cov_17.570743	147	227	4	62	80	0.7750000
NODE_37850_length_516_cov_17.570743	200	280	0	21	80	0.2625000
NODE_37850_length_516_cov_17.570743	200	280	2	36	80	0.4500000
NODE_37850_length_516_cov_17.570743	200	280	4	23	80	0.2875000
NODE_37861_length_516_cov_5.268585	402	448	2	9	46	0.1956522
NODE_37861_length_516_cov_5.268585	402	448	3	37	46	0.8043478
NODE_37862_length_516_cov_5.067146	114	194	0	80	80	1.0000000
NODE_37862_length_516_cov_5.067146	167	247	0	80	80	1.0000000
NODE_37864_length_516_cov_4.788969	156	236	0	80	80	1.0000000
NODE_37864_length_516_cov_4.788969	209	277	0	68	68	1.0000000
NODE_37881_length_516_cov_3.167866	48	93	0	1	45	0.0222222
NODE_37881_length_516_cov_3.167866	48	93	4	20	45	0.4444444
NODE_37881_length_516_cov_3.167866	48	93	6	2	45	0.0444444
NODE_37881_length_516_cov_3.167866	48	93	8	22	45	0.4888889
NODE_37881_length_516_cov_3.167866	103	177	3	3	74	0.0405405
NODE_37881_length_516_cov_3.167866	103	177	4	23	74	0.3108108
NODE_37881_length_516_cov_3.167866	103	177	6	6	74	0.0810811
NODE_37881_length_516_cov_3.167866	103	177	8	3	74	0.0405405
NODE_37881_length_516_cov_3.167866	103	177	10	15	74	0.2027027
NODE_37881_length_516_cov_3.167866	103	177	12	24	74	0.3243243
NODE_38044_length_515_cov_69.442308	177	257	22	9	80	0.1125000
NODE_38044_length_515_cov_69.442308	177	257	24	5	80	0.0625000
NODE_38044_length_515_cov_69.442308	177	257	28	12	80	0.1500000
NODE_38044_length_515_cov_69.442308	177	257	44	6	80	0.0750000
NODE_38044_length_515_cov_69.442308	177	257	46	1	80	0.0125000
NODE_38044_length_515_cov_69.442308	177	257	57	1	80	0.0125000
NODE_38044_length_515_cov_69.442308	177	257	58	2	80	0.0250000
NODE_38044_length_515_cov_69.442308	177	257	60	4	80	0.0500000
NODE_38044_length_515_cov_69.442308	177	257	62	1	80	0.0125000
NODE_38044_length_515_cov_69.442308	177	257	93	7	80	0.0875000
NODE_38044_length_515_cov_69.442308	177	257	94	18	80	0.2250000
NODE_38044_length_515_cov_69.442308	177	257	95	3	80	0.0375000
NODE_38044_length_515_cov_69.442308	177	257	97	11	80	0.1375000
NODE_38044_length_515_cov_69.442308	177	257	22	9	80	0.1125000
NODE_38044_length_515_cov_69.442308	177	257	24	5	80	0.0625000
NODE_38044_length_515_cov_69.442308	177	257	28	12	80	0.1500000
NODE_38044_length_515_cov_69.442308	177	257	44	6	80	0.0750000
NODE_38044_length_515_cov_69.442308	177	257	46	1	80	0.0125000
NODE_38044_length_515_cov_69.442308	177	257	57	1	80	0.0125000
NODE_38044_length_515_cov_69.442308	177	257	58	2	80	0.0250000
NODE_38044_length_515_cov_69.442308	177	257	60	4	80	0.0500000
NODE_38044_length_515_cov_69.442308	177	257	62	1	80	0.0125000
NODE_38044_length_515_cov_69.442308	177	257	93	7	80	0.0875000
NODE_38044_length_515_cov_69.442308	177	257	94	18	80	0.2250000
NODE_38044_length_515_cov_69.442308	177	257	95	3	80	0.0375000
NODE_38044_length_515_cov_69.442308	177	257	97	11	80	0.1375000
NODE_38044_length_515_cov_69.442308	177	257	22	9	80	0.1125000
NODE_38044_length_515_cov_69.442308	177	257	24	5	80	0.0625000
NODE_38044_length_515_cov_69.442308	177	257	28	12	80	0.1500000
NODE_38044_length_515_cov_69.442308	177	257	44	6	80	0.0750000
NODE_38044_length_515_cov_69.442308	177	257	46	1	80	0.0125000
NODE_38044_length_515_cov_69.442308	177	257	57	1	80	0.0125000
NODE_38044_length_515_cov_69.442308	177	257	58	2	80	0.0250000
NODE_38044_length_515_cov_69.442308	177	257	60	4	80	0.0500000
NODE_38044_length_515_cov_69.442308	177	257	62	1	80	0.0125000
NODE_38044_length_515_cov_69.442308	177	257	93	7	80	0.0875000
NODE_38044_length_515_cov_69.442308	177	257	94	18	80	0.2250000
NODE_38044_length_515_cov_69.442308	177	257	95	3	80	0.0375000
NODE_38044_length_515_cov_69.442308	177	257	97	11	80	0.1375000
NODE_38044_length_515_cov_69.442308	230	291	86	23	61	0.3770492
NODE_38044_length_515_cov_69.442308	230	291	87	1	61	0.0163934
NODE_38044_length_515_cov_69.442308	230	291	88	10	61	0.1639344
NODE_38044_length_515_cov_69.442308	230	291	93	7	61	0.1147541
NODE_38044_length_515_cov_69.442308	230	291	94	6	61	0.0983607
NODE_38044_length_515_cov_69.442308	230	291	95	3	61	0.0491803
NODE_38044_length_515_cov_69.442308	230	291	97	11	61	0.1803279
NODE_38044_length_515_cov_69.442308	230	308	72	1	78	0.0128205
NODE_38044_length_515_cov_69.442308	230	308	74	1	78	0.0128205
NODE_38044_length_515_cov_69.442308	230	308	84	10	78	0.1282051
NODE_38044_length_515_cov_69.442308	230	308	86	28	78	0.3589744
NODE_38044_length_515_cov_69.442308	230	308	87	1	78	0.0128205
NODE_38044_length_515_cov_69.442308	230	308	88	10	78	0.1282051
NODE_38044_length_515_cov_69.442308	230	308	93	7	78	0.0897436
NODE_38044_length_515_cov_69.442308	230	308	94	6	78	0.0769231
NODE_38044_length_515_cov_69.442308	230	308	95	3	78	0.0384615
NODE_38044_length_515_cov_69.442308	230	308	97	11	78	0.1410256
NODE_38044_length_515_cov_69.442308	235	308	72	1	73	0.0136986
NODE_38044_length_515_cov_69.442308	235	308	74	1	73	0.0136986
NODE_38044_length_515_cov_69.442308	235	308	84	10	73	0.1369863
NODE_38044_length_515_cov_69.442308	235	308	86	28	73	0.3835616
NODE_38044_length_515_cov_69.442308	235	308	87	1	73	0.0136986
NODE_38044_length_515_cov_69.442308	235	308	88	10	73	0.1369863
NODE_38044_length_515_cov_69.442308	235	308	93	6	73	0.0821918
NODE_38044_length_515_cov_69.442308	235	308	94	2	73	0.0273973
NODE_38044_length_515_cov_69.442308	235	308	95	3	73	0.0410959
NODE_38044_length_515_cov_69.442308	235	308	97	11	73	0.1506849
NODE_38045_length_515_cov_13.271635	168	248	0	10	80	0.1250000
NODE_38045_length_515_cov_13.271635	168	248	2	70	80	0.8750000
NODE_38045_length_515_cov_13.271635	221	301	0	10	80	0.1250000
NODE_38045_length_515_cov_13.271635	221	301	2	70	80	0.8750000
NODE_38048_length_515_cov_8.314904	213	290	0	30	77	0.3896104
NODE_38048_length_515_cov_8.314904	213	290	2	47	77	0.6103896
NODE_38054_length_515_cov_5.487981	317	402	0	40	85	0.4705882
NODE_38054_length_515_cov_5.487981	317	402	2	45	85	0.5294118
NODE_38242_length_514_cov_26.910843	170	250	0	12	80	0.1500000
NODE_38242_length_514_cov_26.910843	170	250	4	68	80	0.8500000
NODE_38242_length_514_cov_26.910843	223	303	0	19	80	0.2375000
NODE_38242_length_514_cov_26.910843	223	303	4	61	80	0.7625000
NODE_38243_length_514_cov_12.775904	85	149	0	64	64	1.0000000
NODE_38243_length_514_cov_12.775904	123	202	0	79	79	1.0000000
NODE_38244_length_514_cov_11.156627	124	204	0	80	80	1.0000000
NODE_38244_length_514_cov_11.156627	177	257	0	80	80	1.0000000
NODE_38253_length_514_cov_5.802410	165	217	0	52	52	1.0000000
NODE_38253_length_514_cov_5.802410	190	270	0	69	80	0.8625000
NODE_38253_length_514_cov_5.802410	190	270	2	11	80	0.1375000
NODE_38254_length_514_cov_5.554217	192	272	0	80	80	1.0000000
NODE_38254_length_514_cov_5.554217	294	340	0	46	46	1.0000000
NODE_38257_length_514_cov_5.322892	230	260	0	30	30	1.0000000
NODE_38262_length_514_cov_4.337349	220	300	0	13	80	0.1625000
NODE_38262_length_514_cov_4.337349	220	300	6	5	80	0.0625000
NODE_38262_length_514_cov_4.337349	220	300	8	62	80	0.7750000
NODE_38286_length_514_cov_3.012048	264	328	0	61	64	0.9531250
NODE_38286_length_514_cov_3.012048	264	328	3	2	64	0.0312500
NODE_38286_length_514_cov_3.012048	264	328	5	1	64	0.0156250
NODE_38432_length_513_cov_14.613527	118	198	0	80	80	1.0000000
NODE_38432_length_513_cov_14.613527	171	251	0	80	80	1.0000000
NODE_38433_length_513_cov_9.898551	253	333	0	80	80	1.0000000
NODE_38433_length_513_cov_9.898551	306	386	0	80	80	1.0000000
NODE_38434_length_513_cov_9.164251	185	265	0	80	80	1.0000000
NODE_38434_length_513_cov_9.164251	238	318	0	80	80	1.0000000
NODE_38441_length_513_cov_6.123188	284	364	0	2	80	0.0250000
NODE_38441_length_513_cov_6.123188	284	364	2	78	80	0.9750000
NODE_38441_length_513_cov_6.123188	337	417	0	55	80	0.6875000
NODE_38441_length_513_cov_6.123188	337	417	2	25	80	0.3125000
NODE_38460_length_513_cov_3.456522	283	350	0	5	67	0.0746269
NODE_38460_length_513_cov_3.456522	283	350	2	6	67	0.0895522
NODE_38460_length_513_cov_3.456522	283	350	3	13	67	0.1940299
NODE_38460_length_513_cov_3.456522	283	350	4	36	67	0.5373135
NODE_38460_length_513_cov_3.456522	283	350	6	7	67	0.1044776
NODE_38460_length_513_cov_3.456522	336	398	4	7	62	0.1129032
NODE_38460_length_513_cov_3.456522	336	398	6	55	62	0.8870968
NODE_38482_length_513_cov_2.309179	134	174	2	40	40	1.0000000
NODE_38482_length_513_cov_2.309179	170	223	0	39	53	0.7358491
NODE_38482_length_513_cov_2.309179	170	223	2	14	53	0.2641509
NODE_38482_length_513_cov_2.309179	238	285	0	47	47	1.0000000
NODE_38515_length_513_cov_1.671498	427	476	8	49	49	1.0000000
NODE_38646_length_512_cov_45.070218	34	114	0	80	80	1.0000000
NODE_38646_length_512_cov_45.070218	87	167	0	80	80	1.0000000
NODE_38647_length_512_cov_39.639225	323	404	0	45	81	0.5555556
NODE_38647_length_512_cov_39.639225	323	404	2	36	81	0.4444444
NODE_38647_length_512_cov_39.639225	377	457	0	80	80	1.0000000
NODE_38648_length_512_cov_8.581114	192	256	11	4	64	0.0625000
NODE_38648_length_512_cov_8.581114	192	256	13	11	64	0.1718750
NODE_38648_length_512_cov_8.581114	192	256	15	10	64	0.1562500
NODE_38648_length_512_cov_8.581114	192	256	16	8	64	0.1250000
NODE_38648_length_512_cov_8.581114	192	256	18	31	64	0.4843750
NODE_38661_length_512_cov_4.869249	327	407	0	80	80	1.0000000
NODE_38661_length_512_cov_4.869249	380	460	0	80	80	1.0000000
NODE_38668_length_512_cov_4.157385	161	204	0	22	43	0.5116279
NODE_38668_length_512_cov_4.157385	161	204	1	21	43	0.4883721
NODE_38668_length_512_cov_4.157385	178	257	0	75	79	0.9493671
NODE_38668_length_512_cov_4.157385	178	257	1	4	79	0.0506329
NODE_38677_length_512_cov_3.435835	138	218	0	80	80	1.0000000
NODE_38677_length_512_cov_3.435835	191	271	0	80	80	1.0000000
NODE_38693_length_512_cov_2.888620	320	400	0	80	80	1.0000000
NODE_38768_length_512_cov_1.341404	198	269	2	1	71	0.0140845
NODE_38768_length_512_cov_1.341404	198	269	6	1	71	0.0140845
NODE_38768_length_512_cov_1.341404	198	269	10	3	71	0.0422535
NODE_38768_length_512_cov_1.341404	198	269	14	3	71	0.0422535
NODE_38768_length_512_cov_1.341404	198	269	16	4	71	0.0563380
NODE_38768_length_512_cov_1.341404	198	269	19	15	71	0.2112676
NODE_38768_length_512_cov_1.341404	198	269	22	3	71	0.0422535
NODE_38768_length_512_cov_1.341404	198	269	24	1	71	0.0140845
NODE_38768_length_512_cov_1.341404	198	269	26	1	71	0.0140845
NODE_38768_length_512_cov_1.341404	198	269	28	3	71	0.0422535
NODE_38768_length_512_cov_1.341404	198	269	29	9	71	0.1267606
NODE_38768_length_512_cov_1.341404	198	269	33	1	71	0.0140845
NODE_38768_length_512_cov_1.341404	198	269	35	1	71	0.0140845
NODE_38768_length_512_cov_1.341404	198	269	39	17	71	0.2394366
NODE_38768_length_512_cov_1.341404	198	269	40	7	71	0.0985916
NODE_38768_length_512_cov_1.341404	198	269	42	1	71	0.0140845
NODE_38866_length_511_cov_9.796117	251	331	4	80	80	1.0000000
NODE_38866_length_511_cov_9.796117	304	370	0	30	66	0.4545455
NODE_38866_length_511_cov_9.796117	304	370	4	36	66	0.5454546
NODE_38869_length_511_cov_8.873786	239	319	0	18	80	0.2250000
NODE_38869_length_511_cov_8.873786	239	319	2	18	80	0.2250000
NODE_38869_length_511_cov_8.873786	239	319	4	44	80	0.5500000
NODE_38869_length_511_cov_8.873786	292	356	2	10	64	0.1562500
NODE_38869_length_511_cov_8.873786	292	356	4	54	64	0.8437500
NODE_38870_length_511_cov_8.434466	232	312	0	7	80	0.0875000
NODE_38870_length_511_cov_8.434466	232	312	6	73	80	0.9125000
NODE_38870_length_511_cov_8.434466	285	366	0	35	81	0.4320988
NODE_38870_length_511_cov_8.434466	285	366	6	46	81	0.5679013
NODE_38872_length_511_cov_7.519417	157	237	2	35	80	0.4375000
NODE_38872_length_511_cov_7.519417	157	237	4	1	80	0.0125000
NODE_38872_length_511_cov_7.519417	157	237	6	15	80	0.1875000
NODE_38872_length_511_cov_7.519417	157	237	8	29	80	0.3625000
NODE_38872_length_511_cov_7.519417	210	290	8	76	80	0.9500000
NODE_38872_length_511_cov_7.519417	210	290	10	4	80	0.0500000
NODE_38877_length_511_cov_5.762136	102	179	2	27	77	0.3506494
NODE_38877_length_511_cov_5.762136	102	179	6	50	77	0.6493506
NODE_38877_length_511_cov_5.762136	155	230	4	5	75	0.0666667
NODE_38877_length_511_cov_5.762136	155	230	6	70	75	0.9333333
NODE_38878_length_511_cov_5.655340	133	213	4	61	80	0.7625000
NODE_38878_length_511_cov_5.655340	133	213	6	19	80	0.2375000
NODE_38878_length_511_cov_5.655340	186	266	2	22	80	0.2750000
NODE_38878_length_511_cov_5.655340	186	266	4	39	80	0.4875000
NODE_38878_length_511_cov_5.655340	186	266	6	19	80	0.2375000
NODE_38911_length_511_cov_2.978155	219	255	2	36	36	1.0000000
NODE_39013_length_511_cov_1.225728	99	127	0	16	28	0.5714286
NODE_39013_length_511_cov_1.225728	99	127	2	12	28	0.4285714
NODE_39092_length_511_cov_0.708738	98	146	0	11	48	0.2291667
NODE_39092_length_511_cov_0.708738	98	146	2	8	48	0.1666667
NODE_39092_length_511_cov_0.708738	98	146	4	29	48	0.6041667
NODE_39105_length_510_cov_18.206813	334	414	0	25	80	0.3125000
NODE_39105_length_510_cov_18.206813	334	414	4	55	80	0.6875000
NODE_39105_length_510_cov_18.206813	387	467	0	17	80	0.2125000
NODE_39105_length_510_cov_18.206813	387	467	4	63	80	0.7875000
NODE_39110_length_510_cov_8.017032	211	291	0	1	80	0.0125000
NODE_39110_length_510_cov_8.017032	211	291	2	79	80	0.9875000
NODE_39110_length_510_cov_8.017032	264	344	0	54	80	0.6750000
NODE_39110_length_510_cov_8.017032	264	344	2	26	80	0.3250000
NODE_39110_length_510_cov_8.017032	391	413	0	22	22	1.0000000
NODE_39112_length_510_cov_6.476886	208	251	6	43	43	1.0000000
NODE_39115_length_510_cov_6.133820	149	200	0	51	51	1.0000000
NODE_39122_length_510_cov_4.313869	32	106	0	56	74	0.7567568
NODE_39122_length_510_cov_4.313869	32	106	4	18	74	0.2432432
NODE_39131_length_510_cov_3.435523	149	213	0	9	64	0.1406250
NODE_39131_length_510_cov_3.435523	149	213	2	29	64	0.4531250
NODE_39131_length_510_cov_3.435523	149	213	4	2	64	0.0312500
NODE_39131_length_510_cov_3.435523	149	213	8	24	64	0.3750000
NODE_39131_length_510_cov_3.435523	191	249	0	28	58	0.4827586
NODE_39131_length_510_cov_3.435523	191	249	1	6	58	0.1034483
NODE_39131_length_510_cov_3.435523	191	249	2	24	58	0.4137931
NODE_39293_length_509_cov_13.378049	160	240	0	80	80	1.0000000
NODE_39293_length_509_cov_13.378049	213	294	0	81	81	1.0000000
NODE_39302_length_509_cov_5.190244	203	283	7	3	80	0.0375000
NODE_39302_length_509_cov_5.190244	203	283	9	7	80	0.0875000
NODE_39302_length_509_cov_5.190244	203	283	11	8	80	0.1000000
NODE_39302_length_509_cov_5.190244	203	283	15	5	80	0.0625000
NODE_39302_length_509_cov_5.190244	203	283	17	56	80	0.7000000
NODE_39302_length_509_cov_5.190244	203	283	19	1	80	0.0125000
NODE_39302_length_509_cov_5.190244	256	336	4	8	80	0.1000000
NODE_39302_length_509_cov_5.190244	256	336	6	11	80	0.1375000
NODE_39302_length_509_cov_5.190244	256	336	9	12	80	0.1500000
NODE_39302_length_509_cov_5.190244	256	336	11	11	80	0.1375000
NODE_39302_length_509_cov_5.190244	256	336	17	38	80	0.4750000
NODE_39309_length_509_cov_4.478049	221	301	0	80	80	1.0000000
NODE_39309_length_509_cov_4.478049	274	354	0	58	80	0.7250000
NODE_39309_length_509_cov_4.478049	274	354	2	11	80	0.1375000
NODE_39309_length_509_cov_4.478049	274	354	4	11	80	0.1375000
NODE_39311_length_509_cov_4.451220	203	283	9	14	80	0.1750000
NODE_39311_length_509_cov_4.451220	203	283	10	1	80	0.0125000
NODE_39311_length_509_cov_4.451220	203	283	22	13	80	0.1625000
NODE_39311_length_509_cov_4.451220	203	283	25	23	80	0.2875000
NODE_39311_length_509_cov_4.451220	203	283	26	29	80	0.3625000
NODE_39322_length_509_cov_3.443902	133	185	0	52	52	1.0000000
NODE_39326_length_509_cov_3.207317	367	445	0	78	78	1.0000000
NODE_39337_length_509_cov_2.853659	194	274	0	80	80	1.0000000
NODE_39480_length_509_cov_0.809756	229	272	0	43	43	1.0000000
NODE_39506_length_508_cov_22.009780	440	508	0	68	68	1.0000000
NODE_39512_length_508_cov_5.158924	248	284	0	36	36	1.0000000
NODE_39539_length_508_cov_2.662592	165	244	10	17	79	0.2151899
NODE_39539_length_508_cov_2.662592	165	244	12	17	79	0.2151899
NODE_39539_length_508_cov_2.662592	165	244	14	45	79	0.5696203
NODE_39698_length_507_cov_32.286765	0	61	5	2	61	0.0327869
NODE_39698_length_507_cov_32.286765	0	61	6	6	61	0.0983607
NODE_39698_length_507_cov_32.286765	0	61	11	1	61	0.0163934
NODE_39698_length_507_cov_32.286765	0	61	13	1	61	0.0163934
NODE_39698_length_507_cov_32.286765	0	61	21	1	61	0.0163934
NODE_39698_length_507_cov_32.286765	0	61	26	1	61	0.0163934
NODE_39698_length_507_cov_32.286765	0	61	35	2	61	0.0327869
NODE_39698_length_507_cov_32.286765	0	61	37	1	61	0.0163934
NODE_39698_length_507_cov_32.286765	0	61	39	2	61	0.0327869
NODE_39698_length_507_cov_32.286765	0	61	43	1	61	0.0163934
NODE_39698_length_507_cov_32.286765	0	61	57	1	61	0.0163934
NODE_39698_length_507_cov_32.286765	0	61	60	2	61	0.0327869
NODE_39698_length_507_cov_32.286765	0	61	63	5	61	0.0819672
NODE_39698_length_507_cov_32.286765	0	61	65	1	61	0.0163934
NODE_39698_length_507_cov_32.286765	0	61	66	1	61	0.0163934
NODE_39698_length_507_cov_32.286765	0	61	68	2	61	0.0327869
NODE_39698_length_507_cov_32.286765	0	61	71	1	61	0.0163934
NODE_39698_length_507_cov_32.286765	0	61	74	1	61	0.0163934
NODE_39698_length_507_cov_32.286765	0	61	75	1	61	0.0163934
NODE_39698_length_507_cov_32.286765	0	61	81	2	61	0.0327869
NODE_39698_length_507_cov_32.286765	0	61	87	1	61	0.0163934
NODE_39698_length_507_cov_32.286765	0	61	89	10	61	0.1639344
NODE_39698_length_507_cov_32.286765	0	61	91	2	61	0.0327869
NODE_39698_length_507_cov_32.286765	0	61	93	2	61	0.0327869
NODE_39698_length_507_cov_32.286765	0	61	97	1	61	0.0163934
NODE_39698_length_507_cov_32.286765	0	61	99	1	61	0.0163934
NODE_39698_length_507_cov_32.286765	0	61	100	2	61	0.0327869
NODE_39698_length_507_cov_32.286765	0	61	108	1	61	0.0163934
NODE_39698_length_507_cov_32.286765	0	61	109	1	61	0.0163934
NODE_39698_length_507_cov_32.286765	0	61	110	1	61	0.0163934
NODE_39698_length_507_cov_32.286765	0	61	112	1	61	0.0163934
NODE_39698_length_507_cov_32.286765	0	61	114	1	61	0.0163934
NODE_39698_length_507_cov_32.286765	0	61	115	2	61	0.0327869
NODE_39698_length_507_cov_32.286765	53	97	100	1	44	0.0227273
NODE_39698_length_507_cov_32.286765	53	97	108	1	44	0.0227273
NODE_39698_length_507_cov_32.286765	53	97	109	1	44	0.0227273
NODE_39698_length_507_cov_32.286765	53	97	110	1	44	0.0227273
NODE_39698_length_507_cov_32.286765	53	97	112	1	44	0.0227273
NODE_39698_length_507_cov_32.286765	53	97	114	1	44	0.0227273
NODE_39698_length_507_cov_32.286765	53	97	115	3	44	0.0681818
NODE_39698_length_507_cov_32.286765	53	97	117	1	44	0.0227273
NODE_39698_length_507_cov_32.286765	53	97	125	1	44	0.0227273
NODE_39698_length_507_cov_32.286765	53	97	127	2	44	0.0454545
NODE_39698_length_507_cov_32.286765	53	97	128	2	44	0.0454545
NODE_39698_length_507_cov_32.286765	53	97	132	1	44	0.0227273
NODE_39698_length_507_cov_32.286765	53	97	134	1	44	0.0227273
NODE_39698_length_507_cov_32.286765	53	97	136	1	44	0.0227273
NODE_39698_length_507_cov_32.286765	53	97	141	1	44	0.0227273
NODE_39698_length_507_cov_32.286765	53	97	145	1	44	0.0227273
NODE_39698_length_507_cov_32.286765	53	97	147	1	44	0.0227273
NODE_39698_length_507_cov_32.286765	53	97	153	1	44	0.0227273
NODE_39698_length_507_cov_32.286765	53	97	155	3	44	0.0681818
NODE_39698_length_507_cov_32.286765	53	97	161	2	44	0.0454545
NODE_39698_length_507_cov_32.286765	53	97	163	1	44	0.0227273
NODE_39698_length_507_cov_32.286765	53	97	165	2	44	0.0454545
NODE_39698_length_507_cov_32.286765	53	97	173	1	44	0.0227273
NODE_39698_length_507_cov_32.286765	53	97	174	1	44	0.0227273
NODE_39698_length_507_cov_32.286765	53	97	176	1	44	0.0227273
NODE_39698_length_507_cov_32.286765	53	97	178	3	44	0.0681818
NODE_39698_length_507_cov_32.286765	53	97	184	1	44	0.0227273
NODE_39698_length_507_cov_32.286765	53	97	186	1	44	0.0227273
NODE_39698_length_507_cov_32.286765	53	97	192	2	44	0.0454545
NODE_39698_length_507_cov_32.286765	53	97	194	1	44	0.0227273
NODE_39698_length_507_cov_32.286765	53	97	195	1	44	0.0227273
NODE_39698_length_507_cov_32.286765	53	97	197	1	44	0.0227273
NODE_39698_length_507_cov_32.286765	53	97	201	1	44	0.0227273
NODE_39701_length_507_cov_7.553922	203	283	7	8	80	0.1000000
NODE_39701_length_507_cov_7.553922	203	283	8	7	80	0.0875000
NODE_39701_length_507_cov_7.553922	203	283	9	7	80	0.0875000
NODE_39701_length_507_cov_7.553922	203	283	10	58	80	0.7250000
NODE_39709_length_507_cov_5.154412	296	362	2	2	66	0.0303030
NODE_39709_length_507_cov_5.154412	296	362	4	64	66	0.9696970
NODE_39714_length_507_cov_4.710784	248	328	0	5	80	0.0625000
NODE_39714_length_507_cov_4.710784	248	328	4	3	80	0.0375000
NODE_39714_length_507_cov_4.710784	248	328	6	2	80	0.0250000
NODE_39714_length_507_cov_4.710784	248	328	9	8	80	0.1000000
NODE_39714_length_507_cov_4.710784	248	328	11	1	80	0.0125000
NODE_39714_length_507_cov_4.710784	248	328	12	61	80	0.7625000
NODE_39714_length_507_cov_4.710784	308	379	0	56	71	0.7887324
NODE_39714_length_507_cov_4.710784	308	379	4	3	71	0.0422535
NODE_39714_length_507_cov_4.710784	308	379	6	2	71	0.0281690
NODE_39714_length_507_cov_4.710784	308	379	9	8	71	0.1126761
NODE_39714_length_507_cov_4.710784	308	379	11	1	71	0.0140845
NODE_39714_length_507_cov_4.710784	308	379	12	1	71	0.0140845
NODE_39728_length_507_cov_3.649510	80	109	8	6	29	0.2068966
NODE_39728_length_507_cov_3.649510	80	109	10	2	29	0.0689655
NODE_39728_length_507_cov_3.649510	80	109	11	7	29	0.2413793
NODE_39728_length_507_cov_3.649510	80	109	13	6	29	0.2068966
NODE_39728_length_507_cov_3.649510	80	109	14	8	29	0.2758621
NODE_39728_length_507_cov_3.649510	184	266	24	7	82	0.0853659
NODE_39728_length_507_cov_3.649510	184	266	26	3	82	0.0365854
NODE_39728_length_507_cov_3.649510	184	266	28	3	82	0.0365854
NODE_39728_length_507_cov_3.649510	184	266	29	13	82	0.1585366
NODE_39728_length_507_cov_3.649510	184	266	30	9	82	0.1097561
NODE_39728_length_507_cov_3.649510	184	266	32	9	82	0.1097561
NODE_39728_length_507_cov_3.649510	184	266	34	4	82	0.0487805
NODE_39728_length_507_cov_3.649510	184	266	36	8	82	0.0975610
NODE_39728_length_507_cov_3.649510	184	266	39	3	82	0.0365854
NODE_39728_length_507_cov_3.649510	184	266	40	15	82	0.1829268
NODE_39728_length_507_cov_3.649510	184	266	41	8	82	0.0975610
NODE_39728_length_507_cov_3.649510	189	273	20	6	84	0.0714286
NODE_39728_length_507_cov_3.649510	189	273	21	1	84	0.0119048
NODE_39728_length_507_cov_3.649510	189	273	24	7	84	0.0833333
NODE_39728_length_507_cov_3.649510	189	273	26	3	84	0.0357143
NODE_39728_length_507_cov_3.649510	189	273	28	3	84	0.0357143
NODE_39728_length_507_cov_3.649510	189	273	29	13	84	0.1547619
NODE_39728_length_507_cov_3.649510	189	273	30	9	84	0.1071429
NODE_39728_length_507_cov_3.649510	189	273	32	9	84	0.1071429
NODE_39728_length_507_cov_3.649510	189	273	34	4	84	0.0476190
NODE_39728_length_507_cov_3.649510	189	273	36	8	84	0.0952381
NODE_39728_length_507_cov_3.649510	189	273	39	2	84	0.0238095
NODE_39728_length_507_cov_3.649510	189	273	40	11	84	0.1309524
NODE_39728_length_507_cov_3.649510	189	273	41	8	84	0.0952381
NODE_39728_length_507_cov_3.649510	207	266	24	7	59	0.1186441
NODE_39728_length_507_cov_3.649510	207	266	26	3	59	0.0508475
NODE_39728_length_507_cov_3.649510	207	266	28	3	59	0.0508475
NODE_39728_length_507_cov_3.649510	207	266	29	13	59	0.2203390
NODE_39728_length_507_cov_3.649510	207	266	30	9	59	0.1525424
NODE_39728_length_507_cov_3.649510	207	266	32	9	59	0.1525424
NODE_39728_length_507_cov_3.649510	207	266	34	4	59	0.0677966
NODE_39728_length_507_cov_3.649510	207	266	36	8	59	0.1355932
NODE_39728_length_507_cov_3.649510	207	266	40	3	59	0.0508475
NODE_39747_length_507_cov_2.754902	345	425	0	7	80	0.0875000
NODE_39747_length_507_cov_2.754902	345	425	4	73	80	0.9125000
NODE_39747_length_507_cov_2.754902	428	463	0	35	35	1.0000000
NODE_39918_length_506_cov_31.987715	71	156	25	5	85	0.0588235
NODE_39918_length_506_cov_31.987715	71	156	29	1	85	0.0117647
NODE_39918_length_506_cov_31.987715	71	156	33	2	85	0.0235294
NODE_39918_length_506_cov_31.987715	71	156	34	10	85	0.1176471
NODE_39918_length_506_cov_31.987715	71	156	42	3	85	0.0352941
NODE_39918_length_506_cov_31.987715	71	156	44	23	85	0.2705882
NODE_39918_length_506_cov_31.987715	71	156	46	17	85	0.2000000
NODE_39918_length_506_cov_31.987715	71	156	48	2	85	0.0235294
NODE_39918_length_506_cov_31.987715	71	156	50	5	85	0.0588235
NODE_39918_length_506_cov_31.987715	71	156	52	17	85	0.2000000
NODE_39918_length_506_cov_31.987715	71	156	25	5	85	0.0588235
NODE_39918_length_506_cov_31.987715	71	156	29	1	85	0.0117647
NODE_39918_length_506_cov_31.987715	71	156	33	2	85	0.0235294
NODE_39918_length_506_cov_31.987715	71	156	34	10	85	0.1176471
NODE_39918_length_506_cov_31.987715	71	156	42	3	85	0.0352941
NODE_39918_length_506_cov_31.987715	71	156	44	23	85	0.2705882
NODE_39918_length_506_cov_31.987715	71	156	46	17	85	0.2000000
NODE_39918_length_506_cov_31.987715	71	156	48	2	85	0.0235294
NODE_39918_length_506_cov_31.987715	71	156	50	5	85	0.0588235
NODE_39918_length_506_cov_31.987715	71	156	52	17	85	0.2000000
NODE_39918_length_506_cov_31.987715	71	156	25	5	85	0.0588235
NODE_39918_length_506_cov_31.987715	71	156	29	1	85	0.0117647
NODE_39918_length_506_cov_31.987715	71	156	33	2	85	0.0235294
NODE_39918_length_506_cov_31.987715	71	156	34	10	85	0.1176471
NODE_39918_length_506_cov_31.987715	71	156	42	3	85	0.0352941
NODE_39918_length_506_cov_31.987715	71	156	44	23	85	0.2705882
NODE_39918_length_506_cov_31.987715	71	156	46	17	85	0.2000000
NODE_39918_length_506_cov_31.987715	71	156	48	2	85	0.0235294
NODE_39918_length_506_cov_31.987715	71	156	50	5	85	0.0588235
NODE_39918_length_506_cov_31.987715	71	156	52	17	85	0.2000000
NODE_39918_length_506_cov_31.987715	129	209	2	9	80	0.1125000
NODE_39918_length_506_cov_31.987715	129	209	7	9	80	0.1125000
NODE_39918_length_506_cov_31.987715	129	209	13	5	80	0.0625000
NODE_39918_length_506_cov_31.987715	129	209	21	1	80	0.0125000
NODE_39918_length_506_cov_31.987715	129	209	22	2	80	0.0250000
NODE_39918_length_506_cov_31.987715	129	209	28	8	80	0.1000000
NODE_39918_length_506_cov_31.987715	129	209	41	1	80	0.0125000
NODE_39918_length_506_cov_31.987715	129	209	44	18	80	0.2250000
NODE_39918_length_506_cov_31.987715	129	209	46	17	80	0.2125000
NODE_39918_length_506_cov_31.987715	129	209	48	2	80	0.0250000
NODE_39918_length_506_cov_31.987715	129	209	52	8	80	0.1000000
NODE_39919_length_506_cov_15.877150	210	279	0	69	69	1.0000000
NODE_39920_length_506_cov_15.461916	334	414	4	14	80	0.1750000
NODE_39920_length_506_cov_15.461916	334	414	8	18	80	0.2250000
NODE_39920_length_506_cov_15.461916	334	414	15	4	80	0.0500000
NODE_39920_length_506_cov_15.461916	334	414	18	20	80	0.2500000
NODE_39920_length_506_cov_15.461916	334	414	22	24	80	0.3000000
NODE_39920_length_506_cov_15.461916	387	467	0	46	80	0.5750000
NODE_39920_length_506_cov_15.461916	387	467	4	21	80	0.2625000
NODE_39920_length_506_cov_15.461916	387	467	8	13	80	0.1625000
NODE_39921_length_506_cov_9.749386	197	276	0	79	79	1.0000000
NODE_39921_length_506_cov_9.749386	249	329	0	80	80	1.0000000
NODE_39947_length_506_cov_3.122850	218	298	0	80	80	1.0000000
NODE_39947_length_506_cov_3.122850	271	351	0	31	80	0.3875000
NODE_39947_length_506_cov_3.122850	271	351	2	49	80	0.6125000
NODE_39951_length_506_cov_2.894349	190	270	0	80	80	1.0000000
NODE_40133_length_505_cov_35.541872	373	453	0	19	80	0.2375000
NODE_40133_length_505_cov_35.541872	373	453	4	1	80	0.0125000
NODE_40133_length_505_cov_35.541872	373	453	6	60	80	0.7500000
NODE_40135_length_505_cov_10.339901	30	110	0	80	80	1.0000000
NODE_40135_length_505_cov_10.339901	83	163	0	28	80	0.3500000
NODE_40135_length_505_cov_10.339901	83	163	2	52	80	0.6500000
NODE_40158_length_505_cov_3.554187	225	305	0	45	80	0.5625000
NODE_40158_length_505_cov_3.554187	225	305	2	35	80	0.4375000
NODE_40158_length_505_cov_3.554187	278	358	2	27	80	0.3375000
NODE_40158_length_505_cov_3.554187	278	358	4	53	80	0.6625000
NODE_40160_length_505_cov_3.403941	207	287	0	80	80	1.0000000
NODE_40175_length_505_cov_2.975369	162	227	4	65	65	1.0000000
NODE_40222_length_505_cov_1.864532	55	126	0	69	71	0.9718310
NODE_40222_length_505_cov_1.864532	55	126	2	2	71	0.0281690
NODE_40368_length_504_cov_115.891358	122	202	352	1	80	0.0125000
NODE_40368_length_504_cov_115.891358	122	202	353	1	80	0.0125000
NODE_40368_length_504_cov_115.891358	122	202	367	1	80	0.0125000
NODE_40368_length_504_cov_115.891358	122	202	374	2	80	0.0250000
NODE_40368_length_504_cov_115.891358	122	202	406	1	80	0.0125000
NODE_40368_length_504_cov_115.891358	122	202	411	1	80	0.0125000
NODE_40368_length_504_cov_115.891358	122	202	414	2	80	0.0250000
NODE_40368_length_504_cov_115.891358	122	202	418	2	80	0.0250000
NODE_40368_length_504_cov_115.891358	122	202	421	1	80	0.0125000
NODE_40368_length_504_cov_115.891358	122	202	423	1	80	0.0125000
NODE_40368_length_504_cov_115.891358	122	202	430	1	80	0.0125000
NODE_40368_length_504_cov_115.891358	122	202	431	1	80	0.0125000
NODE_40368_length_504_cov_115.891358	122	202	435	1	80	0.0125000
NODE_40368_length_504_cov_115.891358	122	202	437	1	80	0.0125000
NODE_40368_length_504_cov_115.891358	122	202	441	1	80	0.0125000
NODE_40368_length_504_cov_115.891358	122	202	443	1	80	0.0125000
NODE_40368_length_504_cov_115.891358	122	202	445	1	80	0.0125000
NODE_40368_length_504_cov_115.891358	122	202	446	1	80	0.0125000
NODE_40368_length_504_cov_115.891358	122	202	448	1	80	0.0125000
NODE_40368_length_504_cov_115.891358	122	202	469	1	80	0.0125000
NODE_40368_length_504_cov_115.891358	122	202	477	1	80	0.0125000
NODE_40368_length_504_cov_115.891358	122	202	487	1	80	0.0125000
NODE_40368_length_504_cov_115.891358	122	202	503	1	80	0.0125000
NODE_40368_length_504_cov_115.891358	122	202	507	1	80	0.0125000
NODE_40368_length_504_cov_115.891358	122	202	513	3	80	0.0375000
NODE_40368_length_504_cov_115.891358	122	202	521	1	80	0.0125000
NODE_40368_length_504_cov_115.891358	122	202	529	1	80	0.0125000
NODE_40368_length_504_cov_115.891358	122	202	532	1	80	0.0125000
NODE_40368_length_504_cov_115.891358	122	202	534	1	80	0.0125000
NODE_40368_length_504_cov_115.891358	122	202	535	1	80	0.0125000
NODE_40368_length_504_cov_115.891358	122	202	541	1	80	0.0125000
NODE_40368_length_504_cov_115.891358	122	202	545	1	80	0.0125000
NODE_40368_length_504_cov_115.891358	122	202	547	1	80	0.0125000
NODE_40368_length_504_cov_115.891358	122	202	550	1	80	0.0125000
NODE_40368_length_504_cov_115.891358	122	202	552	1	80	0.0125000
NODE_40368_length_504_cov_115.891358	122	202	553	1	80	0.0125000
NODE_40368_length_504_cov_115.891358	122	202	555	1	80	0.0125000
NODE_40368_length_504_cov_115.891358	122	202	557	1	80	0.0125000
NODE_40368_length_504_cov_115.891358	122	202	559	1	80	0.0125000
NODE_40368_length_504_cov_115.891358	122	202	569	1	80	0.0125000
NODE_40368_length_504_cov_115.891358	122	202	580	1	80	0.0125000
NODE_40368_length_504_cov_115.891358	122	202	589	1	80	0.0125000
NODE_40368_length_504_cov_115.891358	122	202	595	1	80	0.0125000
NODE_40368_length_504_cov_115.891358	122	202	596	1	80	0.0125000
NODE_40368_length_504_cov_115.891358	122	202	609	1	80	0.0125000
NODE_40368_length_504_cov_115.891358	122	202	610	1	80	0.0125000
NODE_40368_length_504_cov_115.891358	122	202	611	1	80	0.0125000
NODE_40368_length_504_cov_115.891358	122	202	612	2	80	0.0250000
NODE_40368_length_504_cov_115.891358	122	202	616	1	80	0.0125000
NODE_40368_length_504_cov_115.891358	122	202	617	2	80	0.0250000
NODE_40368_length_504_cov_115.891358	122	202	625	1	80	0.0125000
NODE_40368_length_504_cov_115.891358	122	202	631	1	80	0.0125000
NODE_40368_length_504_cov_115.891358	122	202	634	1	80	0.0125000
NODE_40368_length_504_cov_115.891358	122	202	638	2	80	0.0250000
NODE_40368_length_504_cov_115.891358	122	202	641	1	80	0.0125000
NODE_40368_length_504_cov_115.891358	122	202	642	1	80	0.0125000
NODE_40368_length_504_cov_115.891358	122	202	643	2	80	0.0250000
NODE_40368_length_504_cov_115.891358	122	202	650	3	80	0.0375000
NODE_40368_length_504_cov_115.891358	122	202	655	1	80	0.0125000
NODE_40368_length_504_cov_115.891358	122	202	658	3	80	0.0375000
NODE_40368_length_504_cov_115.891358	122	202	659	1	80	0.0125000
NODE_40368_length_504_cov_115.891358	122	202	660	3	80	0.0375000
NODE_40368_length_504_cov_115.891358	122	202	661	1	80	0.0125000
NODE_40368_length_504_cov_115.891358	122	202	662	1	80	0.0125000
NODE_40368_length_504_cov_115.891358	122	202	667	1	80	0.0125000
NODE_40368_length_504_cov_115.891358	175	255	433	1	80	0.0125000
NODE_40368_length_504_cov_115.891358	175	255	442	2	80	0.0250000
NODE_40368_length_504_cov_115.891358	175	255	448	1	80	0.0125000
NODE_40368_length_504_cov_115.891358	175	255	455	4	80	0.0500000
NODE_40368_length_504_cov_115.891358	175	255	463	1	80	0.0125000
NODE_40368_length_504_cov_115.891358	175	255	470	1	80	0.0125000
NODE_40368_length_504_cov_115.891358	175	255	485	2	80	0.0250000
NODE_40368_length_504_cov_115.891358	175	255	490	1	80	0.0125000
NODE_40368_length_504_cov_115.891358	175	255	493	1	80	0.0125000
NODE_40368_length_504_cov_115.891358	175	255	514	1	80	0.0125000
NODE_40368_length_504_cov_115.891358	175	255	525	1	80	0.0125000
NODE_40368_length_504_cov_115.891358	175	255	530	1	80	0.0125000
NODE_40368_length_504_cov_115.891358	175	255	532	2	80	0.0250000
NODE_40368_length_504_cov_115.891358	175	255	535	1	80	0.0125000
NODE_40368_length_504_cov_115.891358	175	255	548	1	80	0.0125000
NODE_40368_length_504_cov_115.891358	175	255	549	1	80	0.0125000
NODE_40368_length_504_cov_115.891358	175	255	559	1	80	0.0125000
NODE_40368_length_504_cov_115.891358	175	255	567	1	80	0.0125000
NODE_40368_length_504_cov_115.891358	175	255	576	1	80	0.0125000
NODE_40368_length_504_cov_115.891358	175	255	589	1	80	0.0125000
NODE_40368_length_504_cov_115.891358	175	255	602	1	80	0.0125000
NODE_40368_length_504_cov_115.891358	175	255	605	1	80	0.0125000
NODE_40368_length_504_cov_115.891358	175	255	608	1	80	0.0125000
NODE_40368_length_504_cov_115.891358	175	255	612	1	80	0.0125000
NODE_40368_length_504_cov_115.891358	175	255	616	1	80	0.0125000
NODE_40368_length_504_cov_115.891358	175	255	617	2	80	0.0250000
NODE_40368_length_504_cov_115.891358	175	255	622	1	80	0.0125000
NODE_40368_length_504_cov_115.891358	175	255	625	1	80	0.0125000
NODE_40368_length_504_cov_115.891358	175	255	629	1	80	0.0125000
NODE_40368_length_504_cov_115.891358	175	255	631	1	80	0.0125000
NODE_40368_length_504_cov_115.891358	175	255	632	1	80	0.0125000
NODE_40368_length_504_cov_115.891358	175	255	634	2	80	0.0250000
NODE_40368_length_504_cov_115.891358	175	255	636	1	80	0.0125000
NODE_40368_length_504_cov_115.891358	175	255	638	3	80	0.0375000
NODE_40368_length_504_cov_115.891358	175	255	640	1	80	0.0125000
NODE_40368_length_504_cov_115.891358	175	255	641	1	80	0.0125000
NODE_40368_length_504_cov_115.891358	175	255	642	1	80	0.0125000
NODE_40368_length_504_cov_115.891358	175	255	643	2	80	0.0250000
NODE_40368_length_504_cov_115.891358	175	255	650	4	80	0.0500000
NODE_40368_length_504_cov_115.891358	175	255	654	3	80	0.0375000
NODE_40368_length_504_cov_115.891358	175	255	655	1	80	0.0125000
NODE_40368_length_504_cov_115.891358	175	255	656	1	80	0.0125000
NODE_40368_length_504_cov_115.891358	175	255	658	4	80	0.0500000
NODE_40368_length_504_cov_115.891358	175	255	659	1	80	0.0125000
NODE_40368_length_504_cov_115.891358	175	255	660	5	80	0.0625000
NODE_40368_length_504_cov_115.891358	175	255	661	1	80	0.0125000
NODE_40368_length_504_cov_115.891358	175	255	662	1	80	0.0125000
NODE_40368_length_504_cov_115.891358	175	255	665	1	80	0.0125000
NODE_40368_length_504_cov_115.891358	175	255	667	2	80	0.0250000
NODE_40368_length_504_cov_115.891358	175	255	668	1	80	0.0125000
NODE_40368_length_504_cov_115.891358	175	255	669	1	80	0.0125000
NODE_40368_length_504_cov_115.891358	175	255	670	3	80	0.0375000
NODE_40368_length_504_cov_115.891358	175	255	671	1	80	0.0125000
NODE_40368_length_504_cov_115.891358	175	255	675	1	80	0.0125000
NODE_40369_length_504_cov_33.360494	28	108	0	13	80	0.1625000
NODE_40369_length_504_cov_33.360494	28	108	4	26	80	0.3250000
NODE_40369_length_504_cov_33.360494	28	108	5	41	80	0.5125000
NODE_40369_length_504_cov_33.360494	81	161	0	14	80	0.1750000
NODE_40369_length_504_cov_33.360494	81	161	4	31	80	0.3875000
NODE_40369_length_504_cov_33.360494	81	161	5	35	80	0.4375000
NODE_40370_length_504_cov_15.669136	176	256	0	80	80	1.0000000
NODE_40370_length_504_cov_15.669136	229	309	0	80	80	1.0000000
NODE_40371_length_504_cov_13.202469	134	215	0	81	81	1.0000000
NODE_40371_length_504_cov_13.202469	188	268	0	80	80	1.0000000
NODE_40377_length_504_cov_6.770370	55	135	0	80	80	1.0000000
NODE_40377_length_504_cov_6.770370	108	188	0	80	80	1.0000000
NODE_40427_length_504_cov_2.234568	359	407	2	28	48	0.5833333
NODE_40427_length_504_cov_2.234568	359	407	8	20	48	0.4166667
NODE_40428_length_504_cov_2.227160	307	370	0	3	63	0.0476190
NODE_40428_length_504_cov_2.227160	307	370	2	11	63	0.1746032
NODE_40428_length_504_cov_2.227160	307	370	4	26	63	0.4126984
NODE_40428_length_504_cov_2.227160	307	370	6	23	63	0.3650794
NODE_40434_length_504_cov_2.116049	245	325	0	12	80	0.1500000
NODE_40434_length_504_cov_2.116049	245	325	2	68	80	0.8500000
NODE_40434_length_504_cov_2.116049	298	378	0	65	80	0.8125000
NODE_40434_length_504_cov_2.116049	298	378	2	15	80	0.1875000
NODE_40446_length_504_cov_1.925926	196	262	0	33	66	0.5000000
NODE_40446_length_504_cov_1.925926	196	262	1	5	66	0.0757576
NODE_40446_length_504_cov_1.925926	196	262	3	28	66	0.4242424
NODE_40601_length_503_cov_11.356436	268	348	0	80	80	1.0000000
NODE_40601_length_503_cov_11.356436	321	401	0	80	80	1.0000000
NODE_40615_length_503_cov_5.537129	314	381	0	22	67	0.3283582
NODE_40615_length_503_cov_5.537129	314	381	2	45	67	0.6716418
NODE_40645_length_503_cov_3.012376	264	285	0	21	21	1.0000000
NODE_40652_length_503_cov_2.757426	266	334	8	5	68	0.0735294
NODE_40652_length_503_cov_2.757426	266	334	9	1	68	0.0147059
NODE_40652_length_503_cov_2.757426	266	334	16	1	68	0.0147059
NODE_40652_length_503_cov_2.757426	266	334	22	5	68	0.0735294
NODE_40652_length_503_cov_2.757426	266	334	24	1	68	0.0147059
NODE_40652_length_503_cov_2.757426	266	334	25	1	68	0.0147059
NODE_40652_length_503_cov_2.757426	266	334	26	19	68	0.2794118
NODE_40652_length_503_cov_2.757426	266	334	28	10	68	0.1470588
NODE_40652_length_503_cov_2.757426	266	334	30	24	68	0.3529412
NODE_40652_length_503_cov_2.757426	266	334	32	1	68	0.0147059
NODE_40652_length_503_cov_2.757426	307	387	20	8	80	0.1000000
NODE_40652_length_503_cov_2.757426	307	387	21	1	80	0.0125000
NODE_40652_length_503_cov_2.757426	307	387	22	16	80	0.2000000
NODE_40652_length_503_cov_2.757426	307	387	24	27	80	0.3375000
NODE_40652_length_503_cov_2.757426	307	387	28	2	80	0.0250000
NODE_40652_length_503_cov_2.757426	307	387	29	1	80	0.0125000
NODE_40652_length_503_cov_2.757426	307	387	30	24	80	0.3000000
NODE_40652_length_503_cov_2.757426	307	387	32	1	80	0.0125000
NODE_40655_length_503_cov_2.705446	158	237	0	68	79	0.8607595
NODE_40655_length_503_cov_2.705446	158	237	2	11	79	0.1392405
NODE_40655_length_503_cov_2.705446	211	291	0	15	80	0.1875000
NODE_40655_length_503_cov_2.705446	211	291	2	65	80	0.8125000
NODE_40656_length_503_cov_2.705446	251	331	4	32	80	0.4000000
NODE_40656_length_503_cov_2.705446	251	331	6	34	80	0.4250000
NODE_40656_length_503_cov_2.705446	251	331	10	13	80	0.1625000
NODE_40656_length_503_cov_2.705446	251	331	12	1	80	0.0125000
NODE_40656_length_503_cov_2.705446	251	321	4	32	70	0.4571429
NODE_40656_length_503_cov_2.705446	251	321	6	34	70	0.4857143
NODE_40656_length_503_cov_2.705446	251	321	10	3	70	0.0428571
NODE_40656_length_503_cov_2.705446	251	321	12	1	70	0.0142857
NODE_40656_length_503_cov_2.705446	330	384	8	15	54	0.2777778
NODE_40656_length_503_cov_2.705446	330	384	10	21	54	0.3888889
NODE_40656_length_503_cov_2.705446	330	384	12	10	54	0.1851852
NODE_40656_length_503_cov_2.705446	330	384	14	8	54	0.1481481
NODE_40656_length_503_cov_2.705446	338	384	8	10	46	0.2173913
NODE_40656_length_503_cov_2.705446	338	384	10	18	46	0.3913043
NODE_40656_length_503_cov_2.705446	338	384	12	10	46	0.2173913
NODE_40656_length_503_cov_2.705446	338	384	14	8	46	0.1739130
NODE_40664_length_503_cov_2.584158	95	163	0	68	68	1.0000000
NODE_40857_length_502_cov_45.292804	353	433	30	2	80	0.0250000
NODE_40857_length_502_cov_45.292804	353	433	33	1	80	0.0125000
NODE_40857_length_502_cov_45.292804	353	433	34	11	80	0.1375000
NODE_40857_length_502_cov_45.292804	353	433	35	3	80	0.0375000
NODE_40857_length_502_cov_45.292804	353	433	40	12	80	0.1500000
NODE_40857_length_502_cov_45.292804	353	433	41	38	80	0.4750000
NODE_40857_length_502_cov_45.292804	353	433	42	2	80	0.0250000
NODE_40857_length_502_cov_45.292804	353	433	43	2	80	0.0250000
NODE_40857_length_502_cov_45.292804	353	433	45	1	80	0.0125000
NODE_40857_length_502_cov_45.292804	353	433	47	5	80	0.0625000
NODE_40857_length_502_cov_45.292804	353	433	48	1	80	0.0125000
NODE_40857_length_502_cov_45.292804	353	433	49	2	80	0.0250000
NODE_40864_length_502_cov_5.980149	305	381	1	4	76	0.0526316
NODE_40864_length_502_cov_5.980149	305	381	5	7	76	0.0921053
NODE_40864_length_502_cov_5.980149	305	381	7	7	76	0.0921053
NODE_40864_length_502_cov_5.980149	305	381	10	22	76	0.2894737
NODE_40864_length_502_cov_5.980149	305	381	12	12	76	0.1578947
NODE_40864_length_502_cov_5.980149	305	381	14	16	76	0.2105263
NODE_40864_length_502_cov_5.980149	305	381	16	8	76	0.1052632
NODE_41070_length_501_cov_208.708955	288	350	190	1	62	0.0161290
NODE_41070_length_501_cov_208.708955	288	350	198	3	62	0.0483871
NODE_41070_length_501_cov_208.708955	288	350	211	1	62	0.0161290
NODE_41070_length_501_cov_208.708955	288	350	215	1	62	0.0161290
NODE_41070_length_501_cov_208.708955	288	350	219	1	62	0.0161290
NODE_41070_length_501_cov_208.708955	288	350	221	1	62	0.0161290
NODE_41070_length_501_cov_208.708955	288	350	229	2	62	0.0322581
NODE_41070_length_501_cov_208.708955	288	350	263	1	62	0.0161290
NODE_41070_length_501_cov_208.708955	288	350	281	1	62	0.0161290
NODE_41070_length_501_cov_208.708955	288	350	318	1	62	0.0161290
NODE_41070_length_501_cov_208.708955	288	350	332	2	62	0.0322581
NODE_41070_length_501_cov_208.708955	288	350	334	1	62	0.0161290
NODE_41070_length_501_cov_208.708955	288	350	337	1	62	0.0161290
NODE_41070_length_501_cov_208.708955	288	350	350	1	62	0.0161290
NODE_41070_length_501_cov_208.708955	288	350	360	1	62	0.0161290
NODE_41070_length_501_cov_208.708955	288	350	362	1	62	0.0161290
NODE_41070_length_501_cov_208.708955	288	350	365	1	62	0.0161290
NODE_41070_length_501_cov_208.708955	288	350	371	2	62	0.0322581
NODE_41070_length_501_cov_208.708955	288	350	377	1	62	0.0161290
NODE_41070_length_501_cov_208.708955	288	350	399	1	62	0.0161290
NODE_41070_length_501_cov_208.708955	288	350	403	2	62	0.0322581
NODE_41070_length_501_cov_208.708955	288	350	412	1	62	0.0161290
NODE_41070_length_501_cov_208.708955	288	350	434	2	62	0.0322581
NODE_41070_length_501_cov_208.708955	288	350	436	1	62	0.0161290
NODE_41070_length_501_cov_208.708955	288	350	437	1	62	0.0161290
NODE_41070_length_501_cov_208.708955	288	350	438	1	62	0.0161290
NODE_41070_length_501_cov_208.708955	288	350	441	2	62	0.0322581
NODE_41070_length_501_cov_208.708955	288	350	442	5	62	0.0806452
NODE_41070_length_501_cov_208.708955	288	350	443	1	62	0.0161290
NODE_41070_length_501_cov_208.708955	288	350	444	1	62	0.0161290
NODE_41070_length_501_cov_208.708955	288	350	445	1	62	0.0161290
NODE_41070_length_501_cov_208.708955	288	350	446	2	62	0.0322581
NODE_41070_length_501_cov_208.708955	288	350	448	1	62	0.0161290
NODE_41070_length_501_cov_208.708955	288	350	455	1	62	0.0161290
NODE_41070_length_501_cov_208.708955	288	350	464	5	62	0.0806452
NODE_41070_length_501_cov_208.708955	288	350	465	1	62	0.0161290
NODE_41070_length_501_cov_208.708955	288	350	475	1	62	0.0161290
NODE_41070_length_501_cov_208.708955	288	350	476	1	62	0.0161290
NODE_41070_length_501_cov_208.708955	288	350	483	3	62	0.0483871
NODE_41070_length_501_cov_208.708955	288	350	484	1	62	0.0161290
NODE_41070_length_501_cov_208.708955	288	350	486	3	62	0.0483871
NODE_41070_length_501_cov_208.708955	327	413	196	1	86	0.0116279
NODE_41070_length_501_cov_208.708955	327	413	202	1	86	0.0116279
NODE_41070_length_501_cov_208.708955	327	413	209	2	86	0.0232558
NODE_41070_length_501_cov_208.708955	327	413	224	1	86	0.0116279
NODE_41070_length_501_cov_208.708955	327	413	225	1	86	0.0116279
NODE_41070_length_501_cov_208.708955	327	413	234	1	86	0.0116279
NODE_41070_length_501_cov_208.708955	327	413	265	1	86	0.0116279
NODE_41070_length_501_cov_208.708955	327	413	274	1	86	0.0116279
NODE_41070_length_501_cov_208.708955	327	413	280	1	86	0.0116279
NODE_41070_length_501_cov_208.708955	327	413	292	2	86	0.0232558
NODE_41070_length_501_cov_208.708955	327	413	294	1	86	0.0116279
NODE_41070_length_501_cov_208.708955	327	413	308	1	86	0.0116279
NODE_41070_length_501_cov_208.708955	327	413	313	1	86	0.0116279
NODE_41070_length_501_cov_208.708955	327	413	347	1	86	0.0116279
NODE_41070_length_501_cov_208.708955	327	413	350	1	86	0.0116279
NODE_41070_length_501_cov_208.708955	327	413	372	1	86	0.0116279
NODE_41070_length_501_cov_208.708955	327	413	376	1	86	0.0116279
NODE_41070_length_501_cov_208.708955	327	413	381	1	86	0.0116279
NODE_41070_length_501_cov_208.708955	327	413	398	1	86	0.0116279
NODE_41070_length_501_cov_208.708955	327	413	400	3	86	0.0348837
NODE_41070_length_501_cov_208.708955	327	413	408	1	86	0.0116279
NODE_41070_length_501_cov_208.708955	327	413	412	1	86	0.0116279
NODE_41070_length_501_cov_208.708955	327	413	426	1	86	0.0116279
NODE_41070_length_501_cov_208.708955	327	413	433	1	86	0.0116279
NODE_41070_length_501_cov_208.708955	327	413	435	1	86	0.0116279
NODE_41070_length_501_cov_208.708955	327	413	442	3	86	0.0348837
NODE_41070_length_501_cov_208.708955	327	413	443	1	86	0.0116279
NODE_41070_length_501_cov_208.708955	327	413	444	1	86	0.0116279
NODE_41070_length_501_cov_208.708955	327	413	445	1	86	0.0116279
NODE_41070_length_501_cov_208.708955	327	413	446	2	86	0.0232558
NODE_41070_length_501_cov_208.708955	327	413	447	1	86	0.0116279
NODE_41070_length_501_cov_208.708955	327	413	448	1	86	0.0116279
NODE_41070_length_501_cov_208.708955	327	413	449	2	86	0.0232558
NODE_41070_length_501_cov_208.708955	327	413	451	4	86	0.0465116
NODE_41070_length_501_cov_208.708955	327	413	452	2	86	0.0232558
NODE_41070_length_501_cov_208.708955	327	413	454	1	86	0.0116279
NODE_41070_length_501_cov_208.708955	327	413	455	1	86	0.0116279
NODE_41070_length_501_cov_208.708955	327	413	456	3	86	0.0348837
NODE_41070_length_501_cov_208.708955	327	413	457	2	86	0.0232558
NODE_41070_length_501_cov_208.708955	327	413	459	1	86	0.0116279
NODE_41070_length_501_cov_208.708955	327	413	464	5	86	0.0581395
NODE_41070_length_501_cov_208.708955	327	413	465	2	86	0.0232558
NODE_41070_length_501_cov_208.708955	327	413	474	1	86	0.0116279
NODE_41070_length_501_cov_208.708955	327	413	475	1	86	0.0116279
NODE_41070_length_501_cov_208.708955	327	413	476	2	86	0.0232558
NODE_41070_length_501_cov_208.708955	327	413	477	2	86	0.0232558
NODE_41070_length_501_cov_208.708955	327	413	479	1	86	0.0116279
NODE_41070_length_501_cov_208.708955	327	413	480	2	86	0.0232558
NODE_41070_length_501_cov_208.708955	327	413	481	1	86	0.0116279
NODE_41070_length_501_cov_208.708955	327	413	483	4	86	0.0465116
NODE_41070_length_501_cov_208.708955	327	413	484	2	86	0.0232558
NODE_41070_length_501_cov_208.708955	327	413	486	6	86	0.0697674
NODE_41070_length_501_cov_208.708955	327	413	487	2	86	0.0232558
NODE_41071_length_501_cov_29.126866	23	103	0	32	80	0.4000000
NODE_41071_length_501_cov_29.126866	23	103	6	48	80	0.6000000
NODE_41071_length_501_cov_29.126866	76	156	0	9	80	0.1125000
NODE_41071_length_501_cov_29.126866	76	156	6	71	80	0.8875000
NODE_41072_length_501_cov_23.736318	85	165	2	14	80	0.1750000
NODE_41072_length_501_cov_23.736318	85	165	4	17	80	0.2125000
NODE_41072_length_501_cov_23.736318	85	165	6	2	80	0.0250000
NODE_41072_length_501_cov_23.736318	85	165	8	47	80	0.5875000
NODE_41072_length_501_cov_23.736318	138	218	0	6	80	0.0750000
NODE_41072_length_501_cov_23.736318	138	218	2	21	80	0.2625000
NODE_41072_length_501_cov_23.736318	138	218	4	7	80	0.0875000
NODE_41072_length_501_cov_23.736318	138	218	6	9	80	0.1125000
NODE_41072_length_501_cov_23.736318	138	218	8	37	80	0.4625000
NODE_41075_length_501_cov_7.820896	270	350	0	80	80	1.0000000
NODE_41075_length_501_cov_7.820896	323	403	0	35	80	0.4375000
NODE_41075_length_501_cov_7.820896	323	403	2	45	80	0.5625000
NODE_41080_length_501_cov_6.437811	309	389	0	31	80	0.3875000
NODE_41080_length_501_cov_6.437811	309	389	2	4	80	0.0500000
NODE_41080_length_501_cov_6.437811	309	389	8	8	80	0.1000000
NODE_41080_length_501_cov_6.437811	309	389	12	37	80	0.4625000
NODE_41097_length_501_cov_3.656716	289	312	0	23	23	1.0000000
NODE_41097_length_501_cov_3.656716	355	420	0	65	65	1.0000000
NODE_41103_length_501_cov_3.477612	329	409	4	80	80	1.0000000
NODE_41109_length_501_cov_3.134328	266	345	0	79	79	1.0000000
NODE_41308_length_500_cov_77.895262	456	500	0	44	44	1.0000000
NODE_41309_length_500_cov_35.805486	326	406	0	80	80	1.0000000
NODE_41309_length_500_cov_35.805486	379	459	0	80	80	1.0000000
NODE_41310_length_500_cov_13.084788	160	221	7	7	61	0.1147541
NODE_41310_length_500_cov_13.084788	160	221	8	1	61	0.0163934
NODE_41310_length_500_cov_13.084788	160	221	11	1	61	0.0163934
NODE_41310_length_500_cov_13.084788	160	221	12	4	61	0.0655738
NODE_41310_length_500_cov_13.084788	160	221	14	31	61	0.5081967
NODE_41310_length_500_cov_13.084788	160	221	16	17	61	0.2786885
NODE_41311_length_500_cov_12.650873	215	295	0	80	80	1.0000000
NODE_41311_length_500_cov_12.650873	268	348	0	80	80	1.0000000
NODE_41312_length_500_cov_12.009975	203	268	2	12	65	0.1846154
NODE_41312_length_500_cov_12.009975	203	268	4	53	65	0.8153846
NODE_41312_length_500_cov_12.009975	241	321	0	5	80	0.0625000
NODE_41312_length_500_cov_12.009975	241	321	2	35	80	0.4375000
NODE_41312_length_500_cov_12.009975	241	321	4	40	80	0.5000000
NODE_41325_length_500_cov_4.653367	224	295	0	71	71	1.0000000
NODE_41415_length_500_cov_1.650873	355	435	0	80	80	1.0000000
NODE_41415_length_500_cov_1.650873	408	488	0	80	80	1.0000000
NODE_41462_length_500_cov_1.231920	169	212	0	2	43	0.0465116
NODE_41462_length_500_cov_1.231920	169	212	2	41	43	0.9534883
NODE_41542_length_499_cov_358.730000	425	492	16	1	67	0.0149254
NODE_41542_length_499_cov_358.730000	425	492	23	1	67	0.0149254
NODE_41542_length_499_cov_358.730000	425	492	24	1	67	0.0149254
NODE_41542_length_499_cov_358.730000	425	492	28	3	67	0.0447761
NODE_41542_length_499_cov_358.730000	425	492	35	4	67	0.0597015
NODE_41542_length_499_cov_358.730000	425	492	36	1	67	0.0149254
NODE_41542_length_499_cov_358.730000	425	492	40	3	67	0.0447761
NODE_41542_length_499_cov_358.730000	425	492	42	1	67	0.0149254
NODE_41542_length_499_cov_358.730000	425	492	46	1	67	0.0149254
NODE_41542_length_499_cov_358.730000	425	492	53	1	67	0.0149254
NODE_41542_length_499_cov_358.730000	425	492	55	3	67	0.0447761
NODE_41542_length_499_cov_358.730000	425	492	57	1	67	0.0149254
NODE_41542_length_499_cov_358.730000	425	492	59	1	67	0.0149254
NODE_41542_length_499_cov_358.730000	425	492	60	1	67	0.0149254
NODE_41542_length_499_cov_358.730000	425	492	62	2	67	0.0298507
NODE_41542_length_499_cov_358.730000	425	492	68	2	67	0.0298507
NODE_41542_length_499_cov_358.730000	425	492	72	3	67	0.0447761
NODE_41542_length_499_cov_358.730000	425	492	76	1	67	0.0149254
NODE_41542_length_499_cov_358.730000	425	492	77	3	67	0.0447761
NODE_41542_length_499_cov_358.730000	425	492	79	1	67	0.0149254
NODE_41542_length_499_cov_358.730000	425	492	89	1	67	0.0149254
NODE_41542_length_499_cov_358.730000	425	492	92	1	67	0.0149254
NODE_41542_length_499_cov_358.730000	425	492	94	1	67	0.0149254
NODE_41542_length_499_cov_358.730000	425	492	98	1	67	0.0149254
NODE_41542_length_499_cov_358.730000	425	492	100	1	67	0.0149254
NODE_41542_length_499_cov_358.730000	425	492	104	1	67	0.0149254
NODE_41542_length_499_cov_358.730000	425	492	108	1	67	0.0149254
NODE_41542_length_499_cov_358.730000	425	492	111	2	67	0.0298507
NODE_41542_length_499_cov_358.730000	425	492	113	1	67	0.0149254
NODE_41542_length_499_cov_358.730000	425	492	115	3	67	0.0447761
NODE_41542_length_499_cov_358.730000	425	492	119	1	67	0.0149254
NODE_41542_length_499_cov_358.730000	425	492	121	1	67	0.0149254
NODE_41542_length_499_cov_358.730000	425	492	122	1	67	0.0149254
NODE_41542_length_499_cov_358.730000	425	492	124	6	67	0.0895522
NODE_41542_length_499_cov_358.730000	425	492	127	3	67	0.0447761
NODE_41542_length_499_cov_358.730000	425	492	128	3	67	0.0447761
NODE_41542_length_499_cov_358.730000	425	492	130	3	67	0.0447761
NODE_41542_length_499_cov_358.730000	425	492	131	1	67	0.0149254
NODE_41543_length_499_cov_21.135000	52	132	0	24	80	0.3000000
NODE_41543_length_499_cov_21.135000	52	132	2	56	80	0.7000000
NODE_41543_length_499_cov_21.135000	105	185	0	77	80	0.9625000
NODE_41543_length_499_cov_21.135000	105	185	2	3	80	0.0375000
NODE_41544_length_499_cov_11.917500	50	130	4	13	80	0.1625000
NODE_41544_length_499_cov_11.917500	50	130	6	67	80	0.8375000
NODE_41544_length_499_cov_11.917500	103	183	0	46	80	0.5750000
NODE_41544_length_499_cov_11.917500	103	183	2	5	80	0.0625000
NODE_41544_length_499_cov_11.917500	103	183	6	29	80	0.3625000
NODE_41549_length_499_cov_5.007500	0	54	0	54	54	1.0000000
NODE_41563_length_499_cov_3.482500	307	336	20	7	29	0.2413793
NODE_41563_length_499_cov_3.482500	307	336	22	2	29	0.0689655
NODE_41563_length_499_cov_3.482500	307	336	24	6	29	0.2068966
NODE_41563_length_499_cov_3.482500	307	336	27	3	29	0.1034483
NODE_41563_length_499_cov_3.482500	307	336	29	11	29	0.3793103
NODE_41594_length_499_cov_2.420000	198	247	0	49	49	1.0000000
NODE_41662_length_499_cov_1.445000	311	372	0	61	61	1.0000000
NODE_41770_length_498_cov_31.704261	12	92	0	80	80	1.0000000
NODE_41770_length_498_cov_31.704261	65	145	0	80	80	1.0000000
NODE_41775_length_498_cov_7.002506	256	336	0	59	80	0.7375000
NODE_41775_length_498_cov_7.002506	256	336	2	11	80	0.1375000
NODE_41775_length_498_cov_7.002506	256	336	4	10	80	0.1250000
NODE_41780_length_498_cov_5.759398	217	247	0	30	30	1.0000000
NODE_41814_length_498_cov_3.075188	225	262	3	7	37	0.1891892
NODE_41814_length_498_cov_3.075188	225	262	8	8	37	0.2162162
NODE_41814_length_498_cov_3.075188	225	262	9	8	37	0.2162162
NODE_41814_length_498_cov_3.075188	225	262	12	6	37	0.1621622
NODE_41814_length_498_cov_3.075188	225	262	14	1	37	0.0270270
NODE_41814_length_498_cov_3.075188	225	262	18	7	37	0.1891892
NODE_41814_length_498_cov_3.075188	246	324	8	2	78	0.0256410
NODE_41814_length_498_cov_3.075188	246	324	12	6	78	0.0769231
NODE_41814_length_498_cov_3.075188	246	324	14	1	78	0.0128205
NODE_41814_length_498_cov_3.075188	246	324	18	7	78	0.0897436
NODE_41814_length_498_cov_3.075188	246	324	22	3	78	0.0384615
NODE_41814_length_498_cov_3.075188	246	324	24	1	78	0.0128205
NODE_41814_length_498_cov_3.075188	246	324	25	2	78	0.0256410
NODE_41814_length_498_cov_3.075188	246	324	27	1	78	0.0128205
NODE_41814_length_498_cov_3.075188	246	324	29	1	78	0.0128205
NODE_41814_length_498_cov_3.075188	246	324	33	5	78	0.0641026
NODE_41814_length_498_cov_3.075188	246	324	35	6	78	0.0769231
NODE_41814_length_498_cov_3.075188	246	324	37	7	78	0.0897436
NODE_41814_length_498_cov_3.075188	246	324	39	6	78	0.0769231
NODE_41814_length_498_cov_3.075188	246	324	40	7	78	0.0897436
NODE_41814_length_498_cov_3.075188	246	324	41	4	78	0.0512821
NODE_41814_length_498_cov_3.075188	246	324	42	19	78	0.2435897
NODE_42016_length_497_cov_44.105528	169	249	0	9	80	0.1125000
NODE_42016_length_497_cov_44.105528	169	249	4	71	80	0.8875000
NODE_42016_length_497_cov_44.105528	222	302	0	43	80	0.5375000
NODE_42016_length_497_cov_44.105528	222	302	4	37	80	0.4625000
NODE_42017_length_497_cov_10.145729	85	165	0	80	80	1.0000000
NODE_42017_length_497_cov_10.145729	138	226	0	88	88	1.0000000
NODE_42024_length_497_cov_6.618090	231	304	0	73	73	1.0000000
NODE_42024_length_497_cov_6.618090	284	364	0	80	80	1.0000000
NODE_42065_length_497_cov_2.889447	109	189	0	52	80	0.6500000
NODE_42065_length_497_cov_2.889447	109	189	2	1	80	0.0125000
NODE_42065_length_497_cov_2.889447	109	189	4	27	80	0.3375000
NODE_42065_length_497_cov_2.889447	162	242	4	80	80	1.0000000
NODE_42071_length_497_cov_2.623116	302	368	0	15	66	0.2272727
NODE_42071_length_497_cov_2.623116	302	368	2	22	66	0.3333333
NODE_42071_length_497_cov_2.623116	302	368	3	7	66	0.1060606
NODE_42071_length_497_cov_2.623116	302	368	4	15	66	0.2272727
NODE_42071_length_497_cov_2.623116	302	368	6	7	66	0.1060606
NODE_42071_length_497_cov_2.623116	355	406	4	6	51	0.1176471
NODE_42071_length_497_cov_2.623116	355	406	6	14	51	0.2745098
NODE_42071_length_497_cov_2.623116	355	406	8	31	51	0.6078432
NODE_42100_length_497_cov_1.909548	106	186	6	2	80	0.0250000
NODE_42100_length_497_cov_1.909548	106	186	8	1	80	0.0125000
NODE_42100_length_497_cov_1.909548	106	186	12	3	80	0.0375000
NODE_42100_length_497_cov_1.909548	106	186	14	4	80	0.0500000
NODE_42100_length_497_cov_1.909548	106	186	16	2	80	0.0250000
NODE_42100_length_497_cov_1.909548	106	186	18	1	80	0.0125000
NODE_42100_length_497_cov_1.909548	106	186	22	10	80	0.1250000
NODE_42100_length_497_cov_1.909548	106	186	24	7	80	0.0875000
NODE_42100_length_497_cov_1.909548	106	186	26	17	80	0.2125000
NODE_42100_length_497_cov_1.909548	106	186	27	1	80	0.0125000
NODE_42100_length_497_cov_1.909548	106	186	28	7	80	0.0875000
NODE_42100_length_497_cov_1.909548	106	186	30	3	80	0.0375000
NODE_42100_length_497_cov_1.909548	106	186	32	2	80	0.0250000
NODE_42100_length_497_cov_1.909548	106	186	34	5	80	0.0625000
NODE_42100_length_497_cov_1.909548	106	186	35	1	80	0.0125000
NODE_42100_length_497_cov_1.909548	106	186	36	10	80	0.1250000
NODE_42100_length_497_cov_1.909548	106	186	37	4	80	0.0500000
NODE_42100_length_497_cov_1.909548	159	240	26	3	81	0.0370370
NODE_42100_length_497_cov_1.909548	159	240	27	3	81	0.0370370
NODE_42100_length_497_cov_1.909548	159	240	28	3	81	0.0370370
NODE_42100_length_497_cov_1.909548	159	240	29	1	81	0.0123457
NODE_42100_length_497_cov_1.909548	159	240	30	1	81	0.0123457
NODE_42100_length_497_cov_1.909548	159	240	32	4	81	0.0493827
NODE_42100_length_497_cov_1.909548	159	240	33	1	81	0.0123457
NODE_42100_length_497_cov_1.909548	159	240	34	5	81	0.0617284
NODE_42100_length_497_cov_1.909548	159	240	35	2	81	0.0246914
NODE_42100_length_497_cov_1.909548	159	240	36	10	81	0.1234568
NODE_42100_length_497_cov_1.909548	159	240	37	10	81	0.1234568
NODE_42100_length_497_cov_1.909548	159	240	39	4	81	0.0493827
NODE_42100_length_497_cov_1.909548	159	240	42	2	81	0.0246914
NODE_42100_length_497_cov_1.909548	159	240	43	1	81	0.0123457
NODE_42100_length_497_cov_1.909548	159	240	51	1	81	0.0123457
NODE_42100_length_497_cov_1.909548	159	240	53	1	81	0.0123457
NODE_42100_length_497_cov_1.909548	159	240	55	1	81	0.0123457
NODE_42100_length_497_cov_1.909548	159	240	60	1	81	0.0123457
NODE_42100_length_497_cov_1.909548	159	240	62	2	81	0.0246914
NODE_42100_length_497_cov_1.909548	159	240	66	1	81	0.0123457
NODE_42100_length_497_cov_1.909548	159	240	68	1	81	0.0123457
NODE_42100_length_497_cov_1.909548	159	240	70	1	81	0.0123457
NODE_42100_length_497_cov_1.909548	159	240	73	1	81	0.0123457
NODE_42100_length_497_cov_1.909548	159	240	74	1	81	0.0123457
NODE_42100_length_497_cov_1.909548	159	240	80	5	81	0.0617284
NODE_42100_length_497_cov_1.909548	159	240	84	9	81	0.1111111
NODE_42100_length_497_cov_1.909548	159	240	86	6	81	0.0740741
NODE_42100_length_497_cov_1.909548	262	324	21	6	62	0.0967742
NODE_42100_length_497_cov_1.909548	262	324	25	5	62	0.0806452
NODE_42100_length_497_cov_1.909548	262	324	28	1	62	0.0161290
NODE_42100_length_497_cov_1.909548	262	324	29	1	62	0.0161290
NODE_42100_length_497_cov_1.909548	262	324	33	1	62	0.0161290
NODE_42100_length_497_cov_1.909548	262	324	41	1	62	0.0161290
NODE_42100_length_497_cov_1.909548	262	324	43	1	62	0.0161290
NODE_42100_length_497_cov_1.909548	262	324	49	3	62	0.0483871
NODE_42100_length_497_cov_1.909548	262	324	53	1	62	0.0161290
NODE_42100_length_497_cov_1.909548	262	324	55	1	62	0.0161290
NODE_42100_length_497_cov_1.909548	262	324	57	1	62	0.0161290
NODE_42100_length_497_cov_1.909548	262	324	61	2	62	0.0322581
NODE_42100_length_497_cov_1.909548	262	324	63	1	62	0.0161290
NODE_42100_length_497_cov_1.909548	262	324	64	1	62	0.0161290
NODE_42100_length_497_cov_1.909548	262	324	68	4	62	0.0645161
NODE_42100_length_497_cov_1.909548	262	324	70	1	62	0.0161290
NODE_42100_length_497_cov_1.909548	262	324	71	5	62	0.0806452
NODE_42100_length_497_cov_1.909548	262	324	72	1	62	0.0161290
NODE_42100_length_497_cov_1.909548	262	324	76	11	62	0.1774193
NODE_42100_length_497_cov_1.909548	262	324	78	4	62	0.0645161
NODE_42100_length_497_cov_1.909548	262	324	80	10	62	0.1612903
NODE_42131_length_497_cov_1.500000	259	339	0	5	80	0.0625000
NODE_42131_length_497_cov_1.500000	259	339	2	75	80	0.9375000
NODE_42136_length_497_cov_1.404523	211	263	0	52	52	1.0000000
NODE_42279_length_496_cov_5.619647	239	269	2	30	30	1.0000000
NODE_42281_length_496_cov_5.392947	103	168	2	42	65	0.6461539
NODE_42281_length_496_cov_5.392947	103	168	5	3	65	0.0461538
NODE_42281_length_496_cov_5.392947	103	168	6	1	65	0.0153846
NODE_42281_length_496_cov_5.392947	103	168	8	19	65	0.2923077
NODE_42281_length_496_cov_5.392947	141	221	2	4	80	0.0500000
NODE_42281_length_496_cov_5.392947	141	221	4	2	80	0.0250000
NODE_42281_length_496_cov_5.392947	141	221	5	3	80	0.0375000
NODE_42281_length_496_cov_5.392947	141	221	6	52	80	0.6500000
NODE_42281_length_496_cov_5.392947	141	221	8	19	80	0.2375000
NODE_42281_length_496_cov_5.392947	217	295	4	7	78	0.0897436
NODE_42281_length_496_cov_5.392947	217	295	6	12	78	0.1538462
NODE_42281_length_496_cov_5.392947	217	295	8	3	78	0.0384615
NODE_42281_length_496_cov_5.392947	217	295	9	1	78	0.0128205
NODE_42281_length_496_cov_5.392947	217	295	10	55	78	0.7051282
NODE_42281_length_496_cov_5.392947	270	295	6	8	25	0.3200000
NODE_42281_length_496_cov_5.392947	270	295	9	1	25	0.0400000
NODE_42281_length_496_cov_5.392947	270	295	10	16	25	0.6400000
NODE_42287_length_496_cov_4.397985	388	467	2	79	79	1.0000000
NODE_42288_length_496_cov_4.193955	235	315	2	6	80	0.0750000
NODE_42288_length_496_cov_4.193955	235	315	6	4	80	0.0500000
NODE_42288_length_496_cov_4.193955	235	315	10	48	80	0.6000000
NODE_42288_length_496_cov_4.193955	235	315	12	22	80	0.2750000
NODE_42297_length_496_cov_3.531486	192	273	2	5	81	0.0617284
NODE_42297_length_496_cov_3.531486	192	273	7	1	81	0.0123457
NODE_42297_length_496_cov_3.531486	192	273	8	35	81	0.4320988
NODE_42297_length_496_cov_3.531486	192	273	10	40	81	0.4938272
NODE_42297_length_496_cov_3.531486	245	325	6	45	80	0.5625000
NODE_42297_length_496_cov_3.531486	245	325	8	35	80	0.4375000
NODE_42298_length_496_cov_3.377834	252	332	0	80	80	1.0000000
NODE_42298_length_496_cov_3.377834	305	383	0	78	78	1.0000000
NODE_42316_length_496_cov_2.659950	203	251	0	48	48	1.0000000
NODE_42328_length_496_cov_2.445844	95	165	0	48	70	0.6857143
NODE_42328_length_496_cov_2.445844	95	165	2	22	70	0.3142857
NODE_42328_length_496_cov_2.445844	148	228	2	80	80	1.0000000
NODE_42333_length_496_cov_2.214106	299	359	19	2	60	0.0333333
NODE_42333_length_496_cov_2.214106	299	359	21	19	60	0.3166667
NODE_42333_length_496_cov_2.214106	299	359	23	39	60	0.6500000
NODE_42415_length_496_cov_1.395466	273	317	4	4	44	0.0909091
NODE_42415_length_496_cov_1.395466	273	317	6	40	44	0.9090909
NODE_42461_length_496_cov_0.979849	214	294	2	8	80	0.1000000
NODE_42461_length_496_cov_0.979849	214	294	8	43	80	0.5375000
NODE_42461_length_496_cov_0.979849	214	294	10	29	80	0.3625000
NODE_42525_length_495_cov_34.888889	209	264	0	55	55	1.0000000
NODE_42526_length_495_cov_12.800505	268	348	4	63	80	0.7875000
NODE_42526_length_495_cov_12.800505	268	348	6	17	80	0.2125000
NODE_42526_length_495_cov_12.800505	321	401	2	49	80	0.6125000
NODE_42526_length_495_cov_12.800505	321	401	4	10	80	0.1250000
NODE_42526_length_495_cov_12.800505	321	401	6	21	80	0.2625000
NODE_42529_length_495_cov_7.080808	386	416	0	30	30	1.0000000
NODE_42548_length_495_cov_3.868687	218	298	4	6	80	0.0750000
NODE_42548_length_495_cov_3.868687	218	298	6	74	80	0.9250000
NODE_42736_length_495_cov_0.792929	274	309	8	35	35	1.0000000
NODE_42773_length_494_cov_20.096203	182	262	0	25	80	0.3125000
NODE_42773_length_494_cov_20.096203	182	262	2	55	80	0.6875000
NODE_42773_length_494_cov_20.096203	235	315	2	34	80	0.4250000
NODE_42773_length_494_cov_20.096203	235	315	4	46	80	0.5750000
NODE_42778_length_494_cov_7.498734	187	240	0	53	53	1.0000000
NODE_42788_length_494_cov_4.283544	255	332	0	77	77	1.0000000
NODE_42804_length_494_cov_3.496203	209	276	0	67	67	1.0000000
NODE_42812_length_494_cov_3.032911	385	432	0	20	47	0.4255319
NODE_42812_length_494_cov_3.032911	385	432	2	27	47	0.5744681
NODE_42816_length_494_cov_2.908861	189	269	2	9	80	0.1125000
NODE_42816_length_494_cov_2.908861	189	269	4	1	80	0.0125000
NODE_42816_length_494_cov_2.908861	189	269	8	1	80	0.0125000
NODE_42816_length_494_cov_2.908861	189	269	10	3	80	0.0375000
NODE_42816_length_494_cov_2.908861	189	269	12	66	80	0.8250000
NODE_42822_length_494_cov_2.777215	145	188	0	43	43	1.0000000
NODE_42834_length_494_cov_2.531646	371	430	0	59	59	1.0000000
NODE_42834_length_494_cov_2.531646	428	494	0	66	66	1.0000000
NODE_43021_length_493_cov_34.946701	140	220	0	27	80	0.3375000
NODE_43021_length_493_cov_34.946701	140	220	4	53	80	0.6625000
NODE_43021_length_493_cov_34.946701	193	265	0	72	72	1.0000000
NODE_43022_length_493_cov_12.451777	173	253	2	80	80	1.0000000
NODE_43022_length_493_cov_12.451777	226	306	0	16	80	0.2000000
NODE_43022_length_493_cov_12.451777	226	306	2	64	80	0.8000000
NODE_43025_length_493_cov_8.540609	116	146	0	2	30	0.0666667
NODE_43025_length_493_cov_8.540609	116	146	2	10	30	0.3333333
NODE_43025_length_493_cov_8.540609	116	146	4	18	30	0.6000000
NODE_43025_length_493_cov_8.540609	119	199	0	1	80	0.0125000
NODE_43025_length_493_cov_8.540609	119	199	2	17	80	0.2125000
NODE_43025_length_493_cov_8.540609	119	199	4	62	80	0.7750000
NODE_43031_length_493_cov_6.144670	300	380	0	80	80	1.0000000
NODE_43031_length_493_cov_6.144670	353	433	0	80	80	1.0000000
NODE_43046_length_493_cov_3.840102	178	258	0	80	80	1.0000000
NODE_43046_length_493_cov_3.840102	231	311	0	80	80	1.0000000
NODE_43125_length_493_cov_1.588832	126	206	0	66	80	0.8250000
NODE_43125_length_493_cov_1.588832	126	206	2	14	80	0.1750000
NODE_43125_length_493_cov_1.588832	179	259	0	13	80	0.1625000
NODE_43125_length_493_cov_1.588832	179	259	2	67	80	0.8375000
NODE_43261_length_492_cov_5.488550	117	197	0	80	80	1.0000000
NODE_43261_length_492_cov_5.488550	170	250	0	80	80	1.0000000
NODE_43270_length_492_cov_4.445293	158	234	0	14	76	0.1842105
NODE_43270_length_492_cov_4.445293	158	234	2	62	76	0.8157895
NODE_43270_length_492_cov_4.445293	207	285	0	16	78	0.2051282
NODE_43270_length_492_cov_4.445293	207	285	1	15	78	0.1923077
NODE_43270_length_492_cov_4.445293	207	285	2	47	78	0.6025641
NODE_43273_length_492_cov_4.244275	272	315	4	31	43	0.7209302
NODE_43273_length_492_cov_4.244275	272	315	6	12	43	0.2790698
NODE_43293_length_492_cov_3.297710	113	193	0	38	80	0.4750000
NODE_43293_length_492_cov_3.297710	113	193	2	1	80	0.0125000
NODE_43293_length_492_cov_3.297710	113	193	4	41	80	0.5125000
NODE_43528_length_491_cov_17.196429	138	218	0	57	80	0.7125000
NODE_43528_length_491_cov_17.196429	138	218	4	23	80	0.2875000
NODE_43528_length_491_cov_17.196429	191	271	0	8	80	0.1000000
NODE_43528_length_491_cov_17.196429	191	271	2	2	80	0.0250000
NODE_43528_length_491_cov_17.196429	191	271	4	70	80	0.8750000
NODE_43529_length_491_cov_17.193878	77	157	0	80	80	1.0000000
NODE_43529_length_491_cov_17.193878	130	210	0	80	80	1.0000000
NODE_43535_length_491_cov_5.505102	215	284	7	16	69	0.2318841
NODE_43535_length_491_cov_5.505102	215	284	8	28	69	0.4057971
NODE_43535_length_491_cov_5.505102	215	284	10	25	69	0.3623188
NODE_43535_length_491_cov_5.505102	215	295	7	16	80	0.2000000
NODE_43535_length_491_cov_5.505102	215	295	8	28	80	0.3500000
NODE_43535_length_491_cov_5.505102	215	295	10	36	80	0.4500000
NODE_43535_length_491_cov_5.505102	268	348	4	10	80	0.1250000
NODE_43535_length_491_cov_5.505102	268	348	6	17	80	0.2125000
NODE_43535_length_491_cov_5.505102	268	348	9	1	80	0.0125000
NODE_43535_length_491_cov_5.505102	268	348	10	52	80	0.6500000
NODE_43536_length_491_cov_5.477041	169	222	0	53	53	1.0000000
NODE_43546_length_491_cov_4.176020	383	449	0	3	66	0.0454545
NODE_43546_length_491_cov_4.176020	383	449	2	63	66	0.9545454
NODE_43546_length_491_cov_4.176020	422	476	2	54	54	1.0000000
NODE_43570_length_491_cov_2.887755	348	428	0	80	80	1.0000000
NODE_43570_length_491_cov_2.887755	401	472	0	71	71	1.0000000
NODE_43575_length_491_cov_2.693878	239	316	0	4	77	0.0519481
NODE_43575_length_491_cov_2.693878	239	316	2	2	77	0.0259740
NODE_43575_length_491_cov_2.693878	239	316	6	5	77	0.0649351
NODE_43575_length_491_cov_2.693878	239	316	8	66	77	0.8571429
NODE_43744_length_490_cov_10.058824	192	272	0	35	80	0.4375000
NODE_43744_length_490_cov_10.058824	192	272	6	45	80	0.5625000
NODE_43744_length_490_cov_10.058824	245	325	0	1	80	0.0125000
NODE_43744_length_490_cov_10.058824	245	325	6	79	80	0.9875000
NODE_43748_length_490_cov_6.652174	304	363	4	59	59	1.0000000
NODE_43816_length_490_cov_2.212276	241	300	0	55	59	0.9322034
NODE_43816_length_490_cov_2.212276	241	300	2	4	59	0.0677966
NODE_43816_length_490_cov_2.212276	280	358	0	78	78	1.0000000
NODE_43886_length_490_cov_1.360614	97	159	6	43	62	0.6935484
NODE_43886_length_490_cov_1.360614	97	159	8	19	62	0.3064516
NODE_43886_length_490_cov_1.360614	132	212	2	10	80	0.1250000
NODE_43886_length_490_cov_1.360614	132	212	4	12	80	0.1500000
NODE_43886_length_490_cov_1.360614	132	212	6	29	80	0.3625000
NODE_43886_length_490_cov_1.360614	132	212	7	1	80	0.0125000
NODE_43886_length_490_cov_1.360614	132	212	8	28	80	0.3500000
NODE_43993_length_489_cov_55.992308	50	130	0	80	80	1.0000000
NODE_43993_length_489_cov_55.992308	103	183	0	80	80	1.0000000
NODE_43993_length_489_cov_55.992308	179	259	0	17	80	0.2125000
NODE_43993_length_489_cov_55.992308	179	259	2	63	80	0.7875000
NODE_43993_length_489_cov_55.992308	232	312	0	23	80	0.2875000
NODE_43993_length_489_cov_55.992308	232	312	2	57	80	0.7125000
NODE_43994_length_489_cov_31.707692	299	384	0	32	85	0.3764706
NODE_43994_length_489_cov_31.707692	299	384	2	9	85	0.1058824
NODE_43994_length_489_cov_31.707692	299	384	7	2	85	0.0235294
NODE_43994_length_489_cov_31.707692	299	384	8	5	85	0.0588235
NODE_43994_length_489_cov_31.707692	299	384	10	5	85	0.0588235
NODE_43994_length_489_cov_31.707692	299	384	12	1	85	0.0117647
NODE_43994_length_489_cov_31.707692	299	384	13	24	85	0.2823530
NODE_43994_length_489_cov_31.707692	299	384	15	7	85	0.0823529
NODE_43994_length_489_cov_31.707692	299	384	0	32	85	0.3764706
NODE_43994_length_489_cov_31.707692	299	384	2	9	85	0.1058824
NODE_43994_length_489_cov_31.707692	299	384	7	2	85	0.0235294
NODE_43994_length_489_cov_31.707692	299	384	8	5	85	0.0588235
NODE_43994_length_489_cov_31.707692	299	384	10	5	85	0.0588235
NODE_43994_length_489_cov_31.707692	299	384	12	1	85	0.0117647
NODE_43994_length_489_cov_31.707692	299	384	13	24	85	0.2823530
NODE_43994_length_489_cov_31.707692	299	384	15	7	85	0.0823529
NODE_43996_length_489_cov_13.661538	227	307	2	24	80	0.3000000
NODE_43996_length_489_cov_13.661538	227	307	6	56	80	0.7000000
NODE_43996_length_489_cov_13.661538	280	358	0	37	78	0.4743590
NODE_43996_length_489_cov_13.661538	280	358	2	38	78	0.4871795
NODE_43996_length_489_cov_13.661538	280	358	6	3	78	0.0384615
NODE_43997_length_489_cov_12.017949	214	294	0	80	80	1.0000000
NODE_43997_length_489_cov_12.017949	267	347	0	80	80	1.0000000
NODE_43998_length_489_cov_10.774359	262	304	0	42	42	1.0000000
NODE_44001_length_489_cov_8.094872	141	221	8	80	80	1.0000000
NODE_44001_length_489_cov_8.094872	194	247	4	7	53	0.1320755
NODE_44001_length_489_cov_8.094872	194	247	8	46	53	0.8679245
NODE_44007_length_489_cov_5.284615	176	256	0	48	80	0.6000000
NODE_44007_length_489_cov_5.284615	176	256	2	32	80	0.4000000
NODE_44007_length_489_cov_5.284615	229	309	0	16	80	0.2000000
NODE_44007_length_489_cov_5.284615	229	309	2	64	80	0.8000000
NODE_44096_length_489_cov_1.646154	234	278	0	27	44	0.6136364
NODE_44096_length_489_cov_1.646154	234	278	1	4	44	0.0909091
NODE_44096_length_489_cov_1.646154	234	278	3	13	44	0.2954545
NODE_44105_length_489_cov_1.574359	351	391	0	40	40	1.0000000
NODE_44105_length_489_cov_1.574359	351	383	0	32	32	1.0000000
NODE_44105_length_489_cov_1.574359	365	445	0	80	80	1.0000000
NODE_44105_length_489_cov_1.574359	365	445	0	80	80	1.0000000
NODE_44105_length_489_cov_1.574359	366	445	0	79	79	1.0000000
NODE_44231_length_488_cov_15.406170	235	313	0	15	78	0.1923077
NODE_44231_length_488_cov_15.406170	235	313	2	33	78	0.4230769
NODE_44231_length_488_cov_15.406170	235	313	4	30	78	0.3846154
NODE_44231_length_488_cov_15.406170	286	367	2	19	81	0.2345679
NODE_44231_length_488_cov_15.406170	286	367	4	62	81	0.7654321
NODE_44234_length_488_cov_8.416452	210	290	0	80	80	1.0000000
NODE_44234_length_488_cov_8.416452	263	343	0	80	80	1.0000000
NODE_44240_length_488_cov_6.084833	254	302	19	44	48	0.9166667
NODE_44240_length_488_cov_6.084833	254	302	21	4	48	0.0833333
NODE_44243_length_488_cov_5.434447	210	279	0	69	69	1.0000000
NODE_44243_length_488_cov_5.434447	265	300	0	35	35	1.0000000
NODE_44263_length_488_cov_3.431877	212	248	0	36	36	1.0000000
NODE_44264_length_488_cov_3.424165	320	367	2	15	47	0.3191489
NODE_44264_length_488_cov_3.424165	320	367	4	11	47	0.2340426
NODE_44264_length_488_cov_3.424165	320	367	7	19	47	0.4042553
NODE_44264_length_488_cov_3.424165	320	367	10	2	47	0.0425532
NODE_44264_length_488_cov_3.424165	320	378	2	15	58	0.2586207
NODE_44264_length_488_cov_3.424165	320	378	4	11	58	0.1896552
NODE_44264_length_488_cov_3.424165	320	378	7	19	58	0.3275862
NODE_44264_length_488_cov_3.424165	320	378	10	13	58	0.2241379
NODE_44264_length_488_cov_3.424165	351	393	7	14	42	0.3333333
NODE_44264_length_488_cov_3.424165	351	393	10	28	42	0.6666667
NODE_44264_length_488_cov_3.424165	360	395	7	5	35	0.1428571
NODE_44264_length_488_cov_3.424165	360	395	10	30	35	0.8571429
NODE_44274_length_488_cov_2.850900	276	356	0	62	80	0.7750000
NODE_44274_length_488_cov_2.850900	276	356	6	18	80	0.2250000
NODE_44376_length_488_cov_1.562982	31	67	0	36	36	1.0000000
NODE_44496_length_487_cov_7.028351	278	358	0	1	80	0.0125000
NODE_44496_length_487_cov_7.028351	278	358	4	2	80	0.0250000
NODE_44496_length_487_cov_7.028351	278	358	20	1	80	0.0125000
NODE_44496_length_487_cov_7.028351	278	358	31	2	80	0.0250000
NODE_44496_length_487_cov_7.028351	278	358	33	9	80	0.1125000
NODE_44496_length_487_cov_7.028351	278	358	35	1	80	0.0125000
NODE_44496_length_487_cov_7.028351	278	358	37	1	80	0.0125000
NODE_44496_length_487_cov_7.028351	278	358	38	3	80	0.0375000
NODE_44496_length_487_cov_7.028351	278	358	41	3	80	0.0375000
NODE_44496_length_487_cov_7.028351	278	358	42	1	80	0.0125000
NODE_44496_length_487_cov_7.028351	278	358	44	1	80	0.0125000
NODE_44496_length_487_cov_7.028351	278	358	47	1	80	0.0125000
NODE_44496_length_487_cov_7.028351	278	358	48	54	80	0.6750000
NODE_44498_length_487_cov_6.804124	242	313	0	34	71	0.4788733
NODE_44498_length_487_cov_6.804124	242	313	2	37	71	0.5211267
NODE_44498_length_487_cov_6.804124	286	366	0	80	80	1.0000000
NODE_44500_length_487_cov_5.917526	140	220	0	80	80	1.0000000
NODE_44500_length_487_cov_5.917526	193	273	0	80	80	1.0000000
NODE_44520_length_487_cov_3.296392	235	315	0	27	80	0.3375000
NODE_44520_length_487_cov_3.296392	235	315	2	14	80	0.1750000
NODE_44520_length_487_cov_3.296392	235	315	6	3	80	0.0375000
NODE_44520_length_487_cov_3.296392	235	315	8	1	80	0.0125000
NODE_44520_length_487_cov_3.296392	235	315	10	2	80	0.0250000
NODE_44520_length_487_cov_3.296392	235	315	14	1	80	0.0125000
NODE_44520_length_487_cov_3.296392	235	315	18	2	80	0.0250000
NODE_44520_length_487_cov_3.296392	235	315	20	10	80	0.1250000
NODE_44520_length_487_cov_3.296392	235	315	22	17	80	0.2125000
NODE_44520_length_487_cov_3.296392	235	315	26	3	80	0.0375000
NODE_44521_length_487_cov_3.237113	301	363	0	62	62	1.0000000
NODE_44525_length_487_cov_3.074742	214	294	4	20	80	0.2500000
NODE_44525_length_487_cov_3.074742	214	294	6	1	80	0.0125000
NODE_44525_length_487_cov_3.074742	214	294	8	40	80	0.5000000
NODE_44525_length_487_cov_3.074742	214	294	9	1	80	0.0125000
NODE_44525_length_487_cov_3.074742	214	294	10	5	80	0.0625000
NODE_44525_length_487_cov_3.074742	214	294	12	13	80	0.1625000
NODE_44723_length_486_cov_6.609819	206	286	0	80	80	1.0000000
NODE_44728_length_486_cov_5.428941	147	227	0	58	80	0.7250000
NODE_44728_length_486_cov_5.428941	147	227	2	22	80	0.2750000
NODE_44754_length_486_cov_3.072351	131	211	0	36	80	0.4500000
NODE_44754_length_486_cov_3.072351	131	211	2	44	80	0.5500000
NODE_44754_length_486_cov_3.072351	190	235	0	45	45	1.0000000
NODE_44769_length_486_cov_2.581395	156	236	0	80	80	1.0000000
NODE_44769_length_486_cov_2.581395	209	289	0	80	80	1.0000000
NODE_44781_length_486_cov_2.343669	189	230	0	41	41	1.0000000
NODE_44781_length_486_cov_2.343669	242	306	0	64	64	1.0000000
NODE_44959_length_485_cov_29.505181	270	350	0	80	80	1.0000000
NODE_44959_length_485_cov_29.505181	323	403	0	80	80	1.0000000
NODE_44959_length_485_cov_29.505181	399	479	0	80	80	1.0000000
NODE_44960_length_485_cov_10.450777	67	153	0	86	86	1.0000000
NODE_44960_length_485_cov_10.450777	133	206	0	73	73	1.0000000
NODE_44965_length_485_cov_5.922280	196	273	0	2	77	0.0259740
NODE_44965_length_485_cov_5.922280	196	273	2	20	77	0.2597403
NODE_44965_length_485_cov_5.922280	196	273	4	32	77	0.4155844
NODE_44965_length_485_cov_5.922280	196	273	6	23	77	0.2987013
NODE_44965_length_485_cov_5.922280	246	326	0	55	80	0.6875000
NODE_44965_length_485_cov_5.922280	246	326	2	20	80	0.2500000
NODE_44965_length_485_cov_5.922280	246	326	4	5	80	0.0625000
NODE_44966_length_485_cov_5.818653	279	359	1	21	80	0.2625000
NODE_44966_length_485_cov_5.818653	279	359	2	32	80	0.4000000
NODE_44966_length_485_cov_5.818653	279	359	4	23	80	0.2875000
NODE_44966_length_485_cov_5.818653	279	359	5	4	80	0.0500000
NODE_44966_length_485_cov_5.818653	332	412	0	5	80	0.0625000
NODE_44966_length_485_cov_5.818653	332	412	3	32	80	0.4000000
NODE_44966_length_485_cov_5.818653	332	412	4	39	80	0.4875000
NODE_44966_length_485_cov_5.818653	332	412	5	4	80	0.0500000
NODE_44968_length_485_cov_5.670984	321	396	0	28	75	0.3733333
NODE_44968_length_485_cov_5.670984	321	396	2	11	75	0.1466667
NODE_44968_length_485_cov_5.670984	321	396	4	36	75	0.4800000
NODE_44992_length_485_cov_3.518135	162	210	0	48	48	1.0000000
NODE_45005_length_485_cov_2.790155	193	253	0	16	60	0.2666667
NODE_45005_length_485_cov_2.790155	193	253	1	44	60	0.7333333
NODE_45021_length_485_cov_2.427461	170	249	0	79	79	1.0000000
NODE_45100_length_485_cov_1.264249	232	251	0	19	19	1.0000000
NODE_45193_length_484_cov_33.384416	92	172	0	74	80	0.9250000
NODE_45193_length_484_cov_33.384416	92	172	4	6	80	0.0750000
NODE_45193_length_484_cov_33.384416	145	225	0	21	80	0.2625000
NODE_45193_length_484_cov_33.384416	145	225	4	59	80	0.7375000
NODE_45195_length_484_cov_9.111688	136	216	0	80	80	1.0000000
NODE_45195_length_484_cov_9.111688	189	270	0	81	81	1.0000000
NODE_45196_length_484_cov_8.353247	165	244	0	79	79	1.0000000
NODE_45196_length_484_cov_8.353247	217	297	0	80	80	1.0000000
NODE_45197_length_484_cov_8.119481	108	188	0	80	80	1.0000000
NODE_45197_length_484_cov_8.119481	161	241	0	80	80	1.0000000
NODE_45200_length_484_cov_7.703896	208	288	0	80	80	1.0000000
NODE_45200_length_484_cov_7.703896	261	341	0	80	80	1.0000000
NODE_45202_length_484_cov_7.153247	230	292	0	62	62	1.0000000
NODE_45204_length_484_cov_6.594805	221	301	0	53	80	0.6625000
NODE_45204_length_484_cov_6.594805	221	301	2	27	80	0.3375000
NODE_45204_length_484_cov_6.594805	274	354	2	80	80	1.0000000
NODE_45218_length_484_cov_4.044156	267	347	2	29	80	0.3625000
NODE_45218_length_484_cov_4.044156	267	347	3	11	80	0.1375000
NODE_45218_length_484_cov_4.044156	267	347	4	13	80	0.1625000
NODE_45218_length_484_cov_4.044156	267	347	6	27	80	0.3375000
NODE_45218_length_484_cov_4.044156	342	396	4	26	54	0.4814815
NODE_45218_length_484_cov_4.044156	342	396	6	28	54	0.5185185
NODE_45225_length_484_cov_3.787013	287	331	0	44	44	1.0000000
NODE_45225_length_484_cov_3.787013	307	386	0	79	79	1.0000000
NODE_45225_length_484_cov_3.787013	317	386	0	69	69	1.0000000
NODE_45276_length_484_cov_2.254545	79	132	0	3	53	0.0566038
NODE_45276_length_484_cov_2.254545	79	132	2	50	53	0.9433962
NODE_45352_length_484_cov_1.322078	429	477	0	48	48	1.0000000
NODE_45353_length_484_cov_1.314286	431	472	0	41	41	1.0000000
NODE_45459_length_483_cov_40.815104	396	473	7	1	77	0.0129870
NODE_45459_length_483_cov_40.815104	396	473	8	76	77	0.9870130
NODE_45459_length_483_cov_40.815104	396	473	7	1	77	0.0129870
NODE_45459_length_483_cov_40.815104	396	473	8	76	77	0.9870130
NODE_45473_length_483_cov_5.289062	124	185	0	61	61	1.0000000
NODE_45494_length_483_cov_4.114583	226	306	6	2	80	0.0250000
NODE_45494_length_483_cov_4.114583	226	306	10	4	80	0.0500000
NODE_45494_length_483_cov_4.114583	226	306	12	52	80	0.6500000
NODE_45494_length_483_cov_4.114583	226	306	14	22	80	0.2750000
NODE_45494_length_483_cov_4.114583	226	305	6	2	79	0.0253165
NODE_45494_length_483_cov_4.114583	226	305	10	4	79	0.0506329
NODE_45494_length_483_cov_4.114583	226	305	12	52	79	0.6582279
NODE_45494_length_483_cov_4.114583	226	305	14	21	79	0.2658228
NODE_45494_length_483_cov_4.114583	226	306	6	2	80	0.0250000
NODE_45494_length_483_cov_4.114583	226	306	10	4	80	0.0500000
NODE_45494_length_483_cov_4.114583	226	306	12	52	80	0.6500000
NODE_45494_length_483_cov_4.114583	226	306	14	22	80	0.2750000
NODE_45494_length_483_cov_4.114583	226	306	6	2	80	0.0250000
NODE_45494_length_483_cov_4.114583	226	306	10	4	80	0.0500000
NODE_45494_length_483_cov_4.114583	226	306	12	52	80	0.6500000
NODE_45494_length_483_cov_4.114583	226	306	14	22	80	0.2750000
NODE_45494_length_483_cov_4.114583	279	359	2	15	80	0.1875000
NODE_45494_length_483_cov_4.114583	279	359	4	4	80	0.0500000
NODE_45494_length_483_cov_4.114583	279	359	8	9	80	0.1125000
NODE_45494_length_483_cov_4.114583	279	359	12	6	80	0.0750000
NODE_45494_length_483_cov_4.114583	279	359	14	46	80	0.5750000
NODE_45494_length_483_cov_4.114583	279	325	12	5	46	0.1086956
NODE_45494_length_483_cov_4.114583	279	325	14	41	46	0.8913044
NODE_45494_length_483_cov_4.114583	297	323	14	26	26	1.0000000
NODE_45495_length_483_cov_4.046875	68	117	0	49	49	1.0000000
NODE_45495_length_483_cov_4.046875	184	250	0	66	66	1.0000000
NODE_45635_length_483_cov_1.205729	249	291	0	42	42	1.0000000
NODE_45725_length_482_cov_37.900783	72	152	10	5	80	0.0625000
NODE_45725_length_482_cov_37.900783	72	152	16	19	80	0.2375000
NODE_45725_length_482_cov_37.900783	72	152	18	56	80	0.7000000
NODE_45725_length_482_cov_37.900783	125	205	0	45	80	0.5625000
NODE_45725_length_482_cov_37.900783	125	205	10	8	80	0.1000000
NODE_45725_length_482_cov_37.900783	125	205	16	7	80	0.0875000
NODE_45725_length_482_cov_37.900783	125	205	18	20	80	0.2500000
NODE_45728_length_482_cov_10.545692	233	297	0	64	64	1.0000000
NODE_45729_length_482_cov_9.342037	281	333	2	52	52	1.0000000
NODE_45730_length_482_cov_8.190601	247	311	0	25	64	0.3906250
NODE_45730_length_482_cov_8.190601	247	311	1	1	64	0.0156250
NODE_45730_length_482_cov_8.190601	247	311	2	38	64	0.5937500
NODE_45730_length_482_cov_8.190601	284	355	0	23	71	0.3239437
NODE_45730_length_482_cov_8.190601	284	355	2	48	71	0.6760563
NODE_45734_length_482_cov_6.002611	112	192	0	80	80	1.0000000
NODE_45734_length_482_cov_6.002611	165	245	0	80	80	1.0000000
NODE_45735_length_482_cov_5.953003	315	395	0	80	80	1.0000000
NODE_45735_length_482_cov_5.953003	368	441	0	73	73	1.0000000
NODE_45748_length_482_cov_4.530026	20	85	0	65	65	1.0000000
NODE_45759_length_482_cov_3.791123	278	358	0	80	80	1.0000000
NODE_45759_length_482_cov_3.791123	331	411	0	80	80	1.0000000
NODE_45842_length_482_cov_1.647520	382	446	0	63	64	0.9843750
NODE_45842_length_482_cov_1.647520	382	446	1	1	64	0.0156250
NODE_45842_length_482_cov_1.647520	435	482	0	47	47	1.0000000
NODE_45994_length_481_cov_50.623037	154	234	0	80	80	1.0000000
NODE_45994_length_481_cov_50.623037	207	287	0	80	80	1.0000000
NODE_45995_length_481_cov_30.939791	149	198	0	49	49	1.0000000
NODE_45995_length_481_cov_30.939791	171	235	0	64	64	1.0000000
NODE_45995_length_481_cov_30.939791	171	235	0	64	64	1.0000000
NODE_45996_length_481_cov_30.183246	0	41	0	41	41	1.0000000
NODE_45996_length_481_cov_30.183246	0	39	0	39	39	1.0000000
NODE_45996_length_481_cov_30.183246	0	44	0	44	44	1.0000000
NODE_45996_length_481_cov_30.183246	0	44	0	44	44	1.0000000
NODE_45996_length_481_cov_30.183246	0	44	0	44	44	1.0000000
NODE_45996_length_481_cov_30.183246	0	44	0	44	44	1.0000000
NODE_45996_length_481_cov_30.183246	17	97	0	80	80	1.0000000
NODE_45996_length_481_cov_30.183246	17	97	0	80	80	1.0000000
NODE_45996_length_481_cov_30.183246	17	97	0	80	80	1.0000000
NODE_45996_length_481_cov_30.183246	17	97	0	80	80	1.0000000
NODE_45996_length_481_cov_30.183246	17	97	0	80	80	1.0000000
NODE_45996_length_481_cov_30.183246	17	97	0	80	80	1.0000000
NODE_45997_length_481_cov_12.709424	250	330	2	29	80	0.3625000
NODE_45997_length_481_cov_12.709424	250	330	3	4	80	0.0500000
NODE_45997_length_481_cov_12.709424	250	330	4	47	80	0.5875000
NODE_45997_length_481_cov_12.709424	303	383	0	13	80	0.1625000
NODE_45997_length_481_cov_12.709424	303	383	2	63	80	0.7875000
NODE_45997_length_481_cov_12.709424	303	383	4	4	80	0.0500000
NODE_46037_length_481_cov_3.002618	197	277	0	80	80	1.0000000
NODE_46064_length_481_cov_2.261780	271	351	0	9	80	0.1125000
NODE_46064_length_481_cov_2.261780	271	351	1	56	80	0.7000000
NODE_46064_length_481_cov_2.261780	271	351	3	15	80	0.1875000
NODE_46256_length_480_cov_22.346457	318	398	0	57	80	0.7125000
NODE_46256_length_480_cov_22.346457	318	398	4	23	80	0.2875000
NODE_46256_length_480_cov_22.346457	371	451	0	80	80	1.0000000
NODE_46257_length_480_cov_16.488189	252	332	0	80	80	1.0000000
NODE_46257_length_480_cov_16.488189	305	385	0	80	80	1.0000000
NODE_46258_length_480_cov_12.874016	164	234	0	6	70	0.0857143
NODE_46258_length_480_cov_12.874016	164	234	4	24	70	0.3428572
NODE_46258_length_480_cov_12.874016	164	234	8	1	70	0.0142857
NODE_46258_length_480_cov_12.874016	164	234	9	10	70	0.1428571
NODE_46258_length_480_cov_12.874016	164	234	13	29	70	0.4142857
NODE_46258_length_480_cov_12.874016	207	273	9	1	66	0.0151515
NODE_46258_length_480_cov_12.874016	207	273	13	65	66	0.9848485
NODE_46260_length_480_cov_11.879265	170	250	0	80	80	1.0000000
NODE_46260_length_480_cov_11.879265	223	303	0	80	80	1.0000000
NODE_46261_length_480_cov_8.774278	114	143	4	1	29	0.0344828
NODE_46261_length_480_cov_8.774278	114	143	5	11	29	0.3793103
NODE_46261_length_480_cov_8.774278	114	143	6	3	29	0.1034483
NODE_46261_length_480_cov_8.774278	114	143	9	13	29	0.4482759
NODE_46261_length_480_cov_8.774278	114	143	13	1	29	0.0344828
NODE_46261_length_480_cov_8.774278	165	245	17	18	80	0.2250000
NODE_46261_length_480_cov_8.774278	165	245	20	10	80	0.1250000
NODE_46261_length_480_cov_8.774278	165	245	22	34	80	0.4250000
NODE_46261_length_480_cov_8.774278	165	245	23	8	80	0.1000000
NODE_46261_length_480_cov_8.774278	165	245	25	8	80	0.1000000
NODE_46261_length_480_cov_8.774278	165	245	26	2	80	0.0250000
NODE_46261_length_480_cov_8.774278	218	298	10	12	80	0.1500000
NODE_46261_length_480_cov_8.774278	218	298	21	7	80	0.0875000
NODE_46261_length_480_cov_8.774278	218	298	22	21	80	0.2625000
NODE_46261_length_480_cov_8.774278	218	298	23	15	80	0.1875000
NODE_46261_length_480_cov_8.774278	218	298	25	8	80	0.1000000
NODE_46261_length_480_cov_8.774278	218	298	26	17	80	0.2125000
NODE_46261_length_480_cov_8.774278	385	428	4	11	43	0.2558140
NODE_46261_length_480_cov_8.774278	385	428	5	24	43	0.5581396
NODE_46261_length_480_cov_8.774278	385	428	6	8	43	0.1860465
NODE_46271_length_480_cov_5.671916	231	302	2	26	71	0.3661972
NODE_46271_length_480_cov_5.671916	231	302	5	1	71	0.0140845
NODE_46271_length_480_cov_5.671916	231	302	6	44	71	0.6197183
NODE_46283_length_480_cov_4.354331	126	187	4	61	61	1.0000000
NODE_46283_length_480_cov_4.354331	218	298	0	33	80	0.4125000
NODE_46283_length_480_cov_4.354331	218	298	2	34	80	0.4250000
NODE_46283_length_480_cov_4.354331	218	298	4	11	80	0.1375000
NODE_46283_length_480_cov_4.354331	218	298	6	2	80	0.0250000
NODE_46445_length_480_cov_1.152231	142	216	0	74	74	1.0000000
NODE_46470_length_480_cov_0.973753	31	71	2	2	40	0.0500000
NODE_46470_length_480_cov_0.973753	31	71	4	13	40	0.3250000
NODE_46470_length_480_cov_0.973753	31	71	6	25	40	0.6250000
NODE_46533_length_479_cov_28.205263	308	388	2	1	80	0.0125000
NODE_46533_length_479_cov_28.205263	308	388	5	2	80	0.0250000
NODE_46533_length_479_cov_28.205263	308	388	6	48	80	0.6000000
NODE_46533_length_479_cov_28.205263	308	388	7	29	80	0.3625000
NODE_46533_length_479_cov_28.205263	361	441	7	80	80	1.0000000
NODE_46534_length_479_cov_23.944737	189	269	0	80	80	1.0000000
NODE_46534_length_479_cov_23.944737	242	322	0	80	80	1.0000000
NODE_46554_length_479_cov_4.942105	283	363	4	5	80	0.0625000
NODE_46554_length_479_cov_4.942105	283	363	7	1	80	0.0125000
NODE_46554_length_479_cov_4.942105	283	363	8	10	80	0.1250000
NODE_46554_length_479_cov_4.942105	283	363	10	3	80	0.0375000
NODE_46554_length_479_cov_4.942105	283	363	12	61	80	0.7625000
NODE_46554_length_479_cov_4.942105	336	416	0	32	80	0.4000000
NODE_46554_length_479_cov_4.942105	336	416	2	9	80	0.1125000
NODE_46554_length_479_cov_4.942105	336	416	4	17	80	0.2125000
NODE_46554_length_479_cov_4.942105	336	416	7	1	80	0.0125000
NODE_46554_length_479_cov_4.942105	336	416	8	10	80	0.1250000
NODE_46554_length_479_cov_4.942105	336	416	10	3	80	0.0375000
NODE_46554_length_479_cov_4.942105	336	416	12	8	80	0.1000000
NODE_46574_length_479_cov_3.494737	217	279	0	40	62	0.6451613
NODE_46574_length_479_cov_3.494737	217	279	2	15	62	0.2419355
NODE_46574_length_479_cov_3.494737	217	279	6	7	62	0.1129032
NODE_46574_length_479_cov_3.494737	272	332	0	60	60	1.0000000
NODE_46611_length_479_cov_2.281579	219	265	12	14	46	0.3043478
NODE_46611_length_479_cov_2.281579	219	265	18	4	46	0.0869565
NODE_46611_length_479_cov_2.281579	219	265	20	5	46	0.1086956
NODE_46611_length_479_cov_2.281579	219	265	24	3	46	0.0652174
NODE_46611_length_479_cov_2.281579	219	265	26	4	46	0.0869565
NODE_46611_length_479_cov_2.281579	219	265	28	1	46	0.0217391
NODE_46611_length_479_cov_2.281579	219	265	30	15	46	0.3260870
NODE_46638_length_479_cov_1.839474	376	431	10	1	55	0.0181818
NODE_46638_length_479_cov_1.839474	376	431	12	7	55	0.1272727
NODE_46638_length_479_cov_1.839474	376	431	18	2	55	0.0363636
NODE_46638_length_479_cov_1.839474	376	431	20	9	55	0.1636364
NODE_46638_length_479_cov_1.839474	376	431	21	12	55	0.2181818
NODE_46638_length_479_cov_1.839474	376	431	24	5	55	0.0909091
NODE_46638_length_479_cov_1.839474	376	431	28	1	55	0.0181818
NODE_46638_length_479_cov_1.839474	376	431	31	18	55	0.3272727
NODE_46654_length_479_cov_1.710526	203	265	0	3	62	0.0483871
NODE_46654_length_479_cov_1.710526	203	265	2	19	62	0.3064516
NODE_46654_length_479_cov_1.710526	203	265	4	40	62	0.6451613
NODE_46654_length_479_cov_1.710526	248	318	0	56	70	0.8000000
NODE_46654_length_479_cov_1.710526	248	318	2	14	70	0.2000000
NODE_46828_length_478_cov_336.139842	153	233	189	1	80	0.0125000
NODE_46828_length_478_cov_336.139842	153	233	201	1	80	0.0125000
NODE_46828_length_478_cov_336.139842	153	233	209	2	80	0.0250000
NODE_46828_length_478_cov_336.139842	153	233	213	1	80	0.0125000
NODE_46828_length_478_cov_336.139842	153	233	214	1	80	0.0125000
NODE_46828_length_478_cov_336.139842	153	233	223	1	80	0.0125000
NODE_46828_length_478_cov_336.139842	153	233	225	2	80	0.0250000
NODE_46828_length_478_cov_336.139842	153	233	229	1	80	0.0125000
NODE_46828_length_478_cov_336.139842	153	233	230	1	80	0.0125000
NODE_46828_length_478_cov_336.139842	153	233	235	2	80	0.0250000
NODE_46828_length_478_cov_336.139842	153	233	238	1	80	0.0125000
NODE_46828_length_478_cov_336.139842	153	233	239	1	80	0.0125000
NODE_46828_length_478_cov_336.139842	153	233	243	2	80	0.0250000
NODE_46828_length_478_cov_336.139842	153	233	245	2	80	0.0250000
NODE_46828_length_478_cov_336.139842	153	233	247	3	80	0.0375000
NODE_46828_length_478_cov_336.139842	153	233	248	2	80	0.0250000
NODE_46828_length_478_cov_336.139842	153	233	249	4	80	0.0500000
NODE_46828_length_478_cov_336.139842	153	233	251	3	80	0.0375000
NODE_46828_length_478_cov_336.139842	153	233	252	1	80	0.0125000
NODE_46828_length_478_cov_336.139842	153	233	255	1	80	0.0125000
NODE_46828_length_478_cov_336.139842	153	233	256	3	80	0.0375000
NODE_46828_length_478_cov_336.139842	153	233	263	1	80	0.0125000
NODE_46828_length_478_cov_336.139842	153	233	265	2	80	0.0250000
NODE_46828_length_478_cov_336.139842	153	233	267	2	80	0.0250000
NODE_46828_length_478_cov_336.139842	153	233	269	1	80	0.0125000
NODE_46828_length_478_cov_336.139842	153	233	280	1	80	0.0125000
NODE_46828_length_478_cov_336.139842	153	233	289	1	80	0.0125000
NODE_46828_length_478_cov_336.139842	153	233	293	1	80	0.0125000
NODE_46828_length_478_cov_336.139842	153	233	303	1	80	0.0125000
NODE_46828_length_478_cov_336.139842	153	233	305	1	80	0.0125000
NODE_46828_length_478_cov_336.139842	153	233	309	1	80	0.0125000
NODE_46828_length_478_cov_336.139842	153	233	313	1	80	0.0125000
NODE_46828_length_478_cov_336.139842	153	233	320	1	80	0.0125000
NODE_46828_length_478_cov_336.139842	153	233	324	1	80	0.0125000
NODE_46828_length_478_cov_336.139842	153	233	335	1	80	0.0125000
NODE_46828_length_478_cov_336.139842	153	233	342	1	80	0.0125000
NODE_46828_length_478_cov_336.139842	153	233	351	1	80	0.0125000
NODE_46828_length_478_cov_336.139842	153	233	366	1	80	0.0125000
NODE_46828_length_478_cov_336.139842	153	233	367	2	80	0.0250000
NODE_46828_length_478_cov_336.139842	153	233	369	4	80	0.0500000
NODE_46828_length_478_cov_336.139842	153	233	372	1	80	0.0125000
NODE_46828_length_478_cov_336.139842	153	233	374	1	80	0.0125000
NODE_46828_length_478_cov_336.139842	153	233	378	4	80	0.0500000
NODE_46828_length_478_cov_336.139842	153	233	380	3	80	0.0375000
NODE_46828_length_478_cov_336.139842	153	233	382	2	80	0.0250000
NODE_46828_length_478_cov_336.139842	153	233	383	2	80	0.0250000
NODE_46828_length_478_cov_336.139842	153	233	395	4	80	0.0500000
NODE_46828_length_478_cov_336.139842	153	233	396	1	80	0.0125000
NODE_46828_length_478_cov_336.139842	153	233	400	1	80	0.0125000
NODE_46828_length_478_cov_336.139842	206	286	341	2	80	0.0250000
NODE_46828_length_478_cov_336.139842	206	286	351	1	80	0.0125000
NODE_46828_length_478_cov_336.139842	206	286	353	1	80	0.0125000
NODE_46828_length_478_cov_336.139842	206	286	357	3	80	0.0375000
NODE_46828_length_478_cov_336.139842	206	286	366	2	80	0.0250000
NODE_46828_length_478_cov_336.139842	206	286	367	3	80	0.0375000
NODE_46828_length_478_cov_336.139842	206	286	368	1	80	0.0125000
NODE_46828_length_478_cov_336.139842	206	286	369	5	80	0.0625000
NODE_46828_length_478_cov_336.139842	206	286	372	1	80	0.0125000
NODE_46828_length_478_cov_336.139842	206	286	374	1	80	0.0125000
NODE_46828_length_478_cov_336.139842	206	286	376	1	80	0.0125000
NODE_46828_length_478_cov_336.139842	206	286	378	5	80	0.0625000
NODE_46828_length_478_cov_336.139842	206	286	380	3	80	0.0375000
NODE_46828_length_478_cov_336.139842	206	286	381	1	80	0.0125000
NODE_46828_length_478_cov_336.139842	206	286	382	2	80	0.0250000
NODE_46828_length_478_cov_336.139842	206	286	383	2	80	0.0250000
NODE_46828_length_478_cov_336.139842	206	286	386	1	80	0.0125000
NODE_46828_length_478_cov_336.139842	206	286	388	1	80	0.0125000
NODE_46828_length_478_cov_336.139842	206	286	390	2	80	0.0250000
NODE_46828_length_478_cov_336.139842	206	286	392	2	80	0.0250000
NODE_46828_length_478_cov_336.139842	206	286	394	2	80	0.0250000
NODE_46828_length_478_cov_336.139842	206	286	395	4	80	0.0500000
NODE_46828_length_478_cov_336.139842	206	286	396	4	80	0.0500000
NODE_46828_length_478_cov_336.139842	206	286	397	1	80	0.0125000
NODE_46828_length_478_cov_336.139842	206	286	400	1	80	0.0125000
NODE_46828_length_478_cov_336.139842	206	286	402	1	80	0.0125000
NODE_46828_length_478_cov_336.139842	206	286	403	2	80	0.0250000
NODE_46828_length_478_cov_336.139842	206	286	407	2	80	0.0250000
NODE_46828_length_478_cov_336.139842	206	286	408	1	80	0.0125000
NODE_46828_length_478_cov_336.139842	206	286	409	3	80	0.0375000
NODE_46828_length_478_cov_336.139842	206	286	410	2	80	0.0250000
NODE_46828_length_478_cov_336.139842	206	286	411	4	80	0.0500000
NODE_46828_length_478_cov_336.139842	206	286	412	2	80	0.0250000
NODE_46828_length_478_cov_336.139842	206	286	413	3	80	0.0375000
NODE_46828_length_478_cov_336.139842	206	286	414	1	80	0.0125000
NODE_46828_length_478_cov_336.139842	206	286	415	2	80	0.0250000
NODE_46828_length_478_cov_336.139842	206	286	416	1	80	0.0125000
NODE_46828_length_478_cov_336.139842	206	286	417	1	80	0.0125000
NODE_46828_length_478_cov_336.139842	206	286	420	2	80	0.0250000
NODE_46828_length_478_cov_336.139842	206	286	422	1	80	0.0125000
NODE_46846_length_478_cov_4.448549	150	230	0	80	80	1.0000000
NODE_46846_length_478_cov_4.448549	203	284	0	81	81	1.0000000
NODE_46874_length_478_cov_2.627968	228	278	0	7	50	0.1400000
NODE_46874_length_478_cov_2.627968	228	278	2	21	50	0.4200000
NODE_46874_length_478_cov_2.627968	228	278	4	22	50	0.4400000
NODE_47128_length_477_cov_36.230159	225	305	0	80	80	1.0000000
NODE_47128_length_477_cov_36.230159	278	358	0	80	80	1.0000000
NODE_47129_length_477_cov_33.111111	307	387	12	25	80	0.3125000
NODE_47129_length_477_cov_33.111111	307	387	16	11	80	0.1375000
NODE_47129_length_477_cov_33.111111	307	387	18	44	80	0.5500000
NODE_47129_length_477_cov_33.111111	360	440	0	22	80	0.2750000
NODE_47129_length_477_cov_33.111111	360	440	2	1	80	0.0125000
NODE_47129_length_477_cov_33.111111	360	440	5	1	80	0.0125000
NODE_47129_length_477_cov_33.111111	360	440	6	1	80	0.0125000
NODE_47129_length_477_cov_33.111111	360	440	9	1	80	0.0125000
NODE_47129_length_477_cov_33.111111	360	440	10	15	80	0.1875000
NODE_47129_length_477_cov_33.111111	360	440	12	37	80	0.4625000
NODE_47129_length_477_cov_33.111111	360	440	18	2	80	0.0250000
NODE_47133_length_477_cov_11.235450	119	199	0	52	80	0.6500000
NODE_47133_length_477_cov_11.235450	119	199	2	28	80	0.3500000
NODE_47133_length_477_cov_11.235450	172	247	0	15	75	0.2000000
NODE_47133_length_477_cov_11.235450	172	247	2	60	75	0.8000000
NODE_47135_length_477_cov_9.359788	221	301	0	2	80	0.0250000
NODE_47135_length_477_cov_9.359788	221	301	4	6	80	0.0750000
NODE_47135_length_477_cov_9.359788	221	301	8	4	80	0.0500000
NODE_47135_length_477_cov_9.359788	221	301	10	68	80	0.8500000
NODE_47135_length_477_cov_9.359788	274	354	0	55	80	0.6875000
NODE_47135_length_477_cov_9.359788	274	354	4	6	80	0.0750000
NODE_47135_length_477_cov_9.359788	274	354	8	4	80	0.0500000
NODE_47135_length_477_cov_9.359788	274	354	10	15	80	0.1875000
NODE_47139_length_477_cov_7.436508	230	304	14	4	74	0.0540541
NODE_47139_length_477_cov_7.436508	230	304	18	26	74	0.3513514
NODE_47139_length_477_cov_7.436508	230	304	20	4	74	0.0540541
NODE_47139_length_477_cov_7.436508	230	304	21	1	74	0.0135135
NODE_47139_length_477_cov_7.436508	230	304	22	1	74	0.0135135
NODE_47139_length_477_cov_7.436508	230	304	28	2	74	0.0270270
NODE_47139_length_477_cov_7.436508	230	304	30	24	74	0.3243243
NODE_47139_length_477_cov_7.436508	230	304	32	12	74	0.1621622
NODE_47140_length_477_cov_7.433862	43	123	0	16	80	0.2000000
NODE_47140_length_477_cov_7.433862	43	123	4	60	80	0.7500000
NODE_47140_length_477_cov_7.433862	43	123	7	1	80	0.0125000
NODE_47140_length_477_cov_7.433862	43	123	8	3	80	0.0375000
NODE_47140_length_477_cov_7.433862	96	176	4	24	80	0.3000000
NODE_47140_length_477_cov_7.433862	96	176	7	1	80	0.0125000
NODE_47140_length_477_cov_7.433862	96	176	8	55	80	0.6875000
NODE_47143_length_477_cov_6.846561	163	243	0	80	80	1.0000000
NODE_47143_length_477_cov_6.846561	216	296	0	80	80	1.0000000
NODE_47147_length_477_cov_5.677249	150	228	0	20	78	0.2564103
NODE_47147_length_477_cov_5.677249	150	228	2	58	78	0.7435898
NODE_47148_length_477_cov_5.084656	227	288	0	61	61	1.0000000
NODE_47253_length_477_cov_1.629630	115	171	2	3	56	0.0535714
NODE_47253_length_477_cov_1.629630	115	171	8	30	56	0.5357143
NODE_47253_length_477_cov_1.629630	115	171	12	6	56	0.1071429
NODE_47253_length_477_cov_1.629630	115	171	14	17	56	0.3035714
NODE_47253_length_477_cov_1.629630	167	224	8	1	57	0.0175439
NODE_47253_length_477_cov_1.629630	167	224	10	1	57	0.0175439
NODE_47253_length_477_cov_1.629630	167	224	14	55	57	0.9649123
NODE_47375_length_477_cov_0.859788	445	477	0	32	32	1.0000000
NODE_47427_length_476_cov_7.533156	221	301	2	15	80	0.1875000
NODE_47427_length_476_cov_7.533156	221	301	4	63	80	0.7875000
NODE_47427_length_476_cov_7.533156	221	301	6	2	80	0.0250000
NODE_47427_length_476_cov_7.533156	274	354	2	7	80	0.0875000
NODE_47427_length_476_cov_7.533156	274	354	4	73	80	0.9125000
NODE_47529_length_476_cov_1.618037	385	444	2	59	59	1.0000000
NODE_47601_length_476_cov_1.129973	15	34	0	11	19	0.5789474
NODE_47601_length_476_cov_1.129973	15	34	4	8	19	0.4210526
NODE_47620_length_476_cov_1.037135	180	243	0	63	63	1.0000000
NODE_47620_length_476_cov_1.037135	237	296	0	54	59	0.9152542
NODE_47620_length_476_cov_1.037135	237	296	2	5	59	0.0847458
NODE_47693_length_475_cov_34.460106	270	350	0	80	80	1.0000000
NODE_47693_length_475_cov_34.460106	323	403	0	80	80	1.0000000
NODE_47694_length_475_cov_30.087766	273	353	1	6	80	0.0750000
NODE_47694_length_475_cov_30.087766	273	353	3	49	80	0.6125000
NODE_47694_length_475_cov_30.087766	273	353	4	25	80	0.3125000
NODE_47694_length_475_cov_30.087766	326	406	1	31	80	0.3875000
NODE_47694_length_475_cov_30.087766	326	406	3	48	80	0.6000000
NODE_47694_length_475_cov_30.087766	326	406	4	1	80	0.0125000
NODE_47695_length_475_cov_10.247340	42	122	0	80	80	1.0000000
NODE_47701_length_475_cov_8.393617	9	89	0	80	80	1.0000000
NODE_47701_length_475_cov_8.393617	62	142	0	80	80	1.0000000
NODE_47828_length_475_cov_1.531915	272	352	2	24	80	0.3000000
NODE_47828_length_475_cov_1.531915	272	352	4	56	80	0.7000000
NODE_47839_length_475_cov_1.457447	50	93	0	4	43	0.0930233
NODE_47839_length_475_cov_1.457447	50	93	4	39	43	0.9069768
NODE_47979_length_474_cov_49.453333	392	472	49	1	80	0.0125000
NODE_47979_length_474_cov_49.453333	392	472	50	1	80	0.0125000
NODE_47979_length_474_cov_49.453333	392	472	53	2	80	0.0250000
NODE_47979_length_474_cov_49.453333	392	472	57	1	80	0.0125000
NODE_47979_length_474_cov_49.453333	392	472	62	1	80	0.0125000
NODE_47979_length_474_cov_49.453333	392	472	63	1	80	0.0125000
NODE_47979_length_474_cov_49.453333	392	472	74	2	80	0.0250000
NODE_47979_length_474_cov_49.453333	392	472	80	1	80	0.0125000
NODE_47979_length_474_cov_49.453333	392	472	84	1	80	0.0125000
NODE_47979_length_474_cov_49.453333	392	472	87	1	80	0.0125000
NODE_47979_length_474_cov_49.453333	392	472	88	1	80	0.0125000
NODE_47979_length_474_cov_49.453333	392	472	90	1	80	0.0125000
NODE_47979_length_474_cov_49.453333	392	472	94	1	80	0.0125000
NODE_47979_length_474_cov_49.453333	392	472	98	1	80	0.0125000
NODE_47979_length_474_cov_49.453333	392	472	104	1	80	0.0125000
NODE_47979_length_474_cov_49.453333	392	472	112	2	80	0.0250000
NODE_47979_length_474_cov_49.453333	392	472	114	3	80	0.0375000
NODE_47979_length_474_cov_49.453333	392	472	118	2	80	0.0250000
NODE_47979_length_474_cov_49.453333	392	472	123	2	80	0.0250000
NODE_47979_length_474_cov_49.453333	392	472	131	1	80	0.0125000
NODE_47979_length_474_cov_49.453333	392	472	132	1	80	0.0125000
NODE_47979_length_474_cov_49.453333	392	472	143	2	80	0.0250000
NODE_47979_length_474_cov_49.453333	392	472	145	1	80	0.0125000
NODE_47979_length_474_cov_49.453333	392	472	152	1	80	0.0125000
NODE_47979_length_474_cov_49.453333	392	472	153	1	80	0.0125000
NODE_47979_length_474_cov_49.453333	392	472	156	1	80	0.0125000
NODE_47979_length_474_cov_49.453333	392	472	161	2	80	0.0250000
NODE_47979_length_474_cov_49.453333	392	472	163	2	80	0.0250000
NODE_47979_length_474_cov_49.453333	392	472	166	1	80	0.0125000
NODE_47979_length_474_cov_49.453333	392	472	168	1	80	0.0125000
NODE_47979_length_474_cov_49.453333	392	472	172	1	80	0.0125000
NODE_47979_length_474_cov_49.453333	392	472	174	1	80	0.0125000
NODE_47979_length_474_cov_49.453333	392	472	176	1	80	0.0125000
NODE_47979_length_474_cov_49.453333	392	472	182	1	80	0.0125000
NODE_47979_length_474_cov_49.453333	392	472	183	1	80	0.0125000
NODE_47979_length_474_cov_49.453333	392	472	185	1	80	0.0125000
NODE_47979_length_474_cov_49.453333	392	472	188	1	80	0.0125000
NODE_47979_length_474_cov_49.453333	392	472	189	1	80	0.0125000
NODE_47979_length_474_cov_49.453333	392	472	194	1	80	0.0125000
NODE_47979_length_474_cov_49.453333	392	472	195	1	80	0.0125000
NODE_47979_length_474_cov_49.453333	392	472	196	1	80	0.0125000
NODE_47979_length_474_cov_49.453333	392	472	203	1	80	0.0125000
NODE_47979_length_474_cov_49.453333	392	472	205	1	80	0.0125000
NODE_47979_length_474_cov_49.453333	392	472	210	2	80	0.0250000
NODE_47979_length_474_cov_49.453333	392	472	215	3	80	0.0375000
NODE_47979_length_474_cov_49.453333	392	472	219	2	80	0.0250000
NODE_47979_length_474_cov_49.453333	392	472	225	1	80	0.0125000
NODE_47979_length_474_cov_49.453333	392	472	230	1	80	0.0125000
NODE_47979_length_474_cov_49.453333	392	472	232	2	80	0.0250000
NODE_47979_length_474_cov_49.453333	392	472	238	1	80	0.0125000
NODE_47979_length_474_cov_49.453333	392	472	240	1	80	0.0125000
NODE_47979_length_474_cov_49.453333	392	472	241	1	80	0.0125000
NODE_47979_length_474_cov_49.453333	392	472	243	2	80	0.0250000
NODE_47979_length_474_cov_49.453333	392	472	248	1	80	0.0125000
NODE_47979_length_474_cov_49.453333	392	472	254	1	80	0.0125000
NODE_47979_length_474_cov_49.453333	392	472	256	1	80	0.0125000
NODE_47979_length_474_cov_49.453333	392	472	259	2	80	0.0250000
NODE_47979_length_474_cov_49.453333	392	472	262	1	80	0.0125000
NODE_47979_length_474_cov_49.453333	392	472	274	1	80	0.0125000
NODE_47979_length_474_cov_49.453333	392	472	280	1	80	0.0125000
NODE_47979_length_474_cov_49.453333	392	472	281	1	80	0.0125000
NODE_47979_length_474_cov_49.453333	392	472	287	1	80	0.0125000
NODE_47979_length_474_cov_49.453333	392	472	291	1	80	0.0125000
NODE_47979_length_474_cov_49.453333	445	474	37	1	29	0.0344828
NODE_47979_length_474_cov_49.453333	445	474	38	1	29	0.0344828
NODE_47979_length_474_cov_49.453333	445	474	49	1	29	0.0344828
NODE_47979_length_474_cov_49.453333	445	474	50	1	29	0.0344828
NODE_47979_length_474_cov_49.453333	445	474	53	2	29	0.0689655
NODE_47979_length_474_cov_49.453333	445	474	57	1	29	0.0344828
NODE_47979_length_474_cov_49.453333	445	474	62	1	29	0.0344828
NODE_47979_length_474_cov_49.453333	445	474	63	1	29	0.0344828
NODE_47979_length_474_cov_49.453333	445	474	74	2	29	0.0689655
NODE_47979_length_474_cov_49.453333	445	474	80	1	29	0.0344828
NODE_47979_length_474_cov_49.453333	445	474	84	1	29	0.0344828
NODE_47979_length_474_cov_49.453333	445	474	87	1	29	0.0344828
NODE_47979_length_474_cov_49.453333	445	474	88	1	29	0.0344828
NODE_47979_length_474_cov_49.453333	445	474	90	1	29	0.0344828
NODE_47979_length_474_cov_49.453333	445	474	94	1	29	0.0344828
NODE_47979_length_474_cov_49.453333	445	474	98	1	29	0.0344828
NODE_47979_length_474_cov_49.453333	445	474	104	1	29	0.0344828
NODE_47979_length_474_cov_49.453333	445	474	112	2	29	0.0689655
NODE_47979_length_474_cov_49.453333	445	474	114	3	29	0.1034483
NODE_47979_length_474_cov_49.453333	445	474	118	2	29	0.0689655
NODE_47979_length_474_cov_49.453333	445	474	123	2	29	0.0689655
NODE_47979_length_474_cov_49.453333	445	474	131	1	29	0.0344828
NODE_47981_length_474_cov_24.930667	287	367	0	15	80	0.1875000
NODE_47981_length_474_cov_24.930667	287	367	2	65	80	0.8125000
NODE_47981_length_474_cov_24.930667	340	420	0	2	80	0.0250000
NODE_47981_length_474_cov_24.930667	340	420	2	78	80	0.9750000
NODE_47982_length_474_cov_15.952000	258	338	0	80	80	1.0000000
NODE_47982_length_474_cov_15.952000	311	391	0	80	80	1.0000000
NODE_48003_length_474_cov_3.986667	172	252	4	2	80	0.0250000
NODE_48003_length_474_cov_3.986667	172	252	6	11	80	0.1375000
NODE_48003_length_474_cov_3.986667	172	252	12	25	80	0.3125000
NODE_48003_length_474_cov_3.986667	172	252	14	23	80	0.2875000
NODE_48003_length_474_cov_3.986667	172	252	16	19	80	0.2375000
NODE_48015_length_474_cov_3.496000	163	243	12	7	80	0.0875000
NODE_48015_length_474_cov_3.496000	163	243	14	9	80	0.1125000
NODE_48015_length_474_cov_3.496000	163	243	16	15	80	0.1875000
NODE_48015_length_474_cov_3.496000	163	243	17	1	80	0.0125000
NODE_48015_length_474_cov_3.496000	163	243	18	24	80	0.3000000
NODE_48015_length_474_cov_3.496000	163	243	19	2	80	0.0250000
NODE_48015_length_474_cov_3.496000	163	243	20	22	80	0.2750000
NODE_48038_length_474_cov_2.784000	259	300	16	37	41	0.9024390
NODE_48038_length_474_cov_2.784000	259	300	18	4	41	0.0975610
NODE_48116_length_474_cov_1.538667	41	62	0	21	21	1.0000000
NODE_48181_length_474_cov_1.085333	0	50	0	50	50	1.0000000
NODE_48184_length_474_cov_1.056000	95	133	0	38	38	1.0000000
NODE_48266_length_473_cov_82.374332	123	203	0	3	80	0.0375000
NODE_48266_length_473_cov_82.374332	123	203	8	77	80	0.9625000
NODE_48266_length_473_cov_82.374332	176	256	0	56	80	0.7000000
NODE_48266_length_473_cov_82.374332	176	256	8	24	80	0.3000000
NODE_48267_length_473_cov_54.882353	199	279	0	80	80	1.0000000
NODE_48267_length_473_cov_54.882353	252	332	0	80	80	1.0000000
NODE_48268_length_473_cov_48.997326	119	194	19	2	75	0.0266667
NODE_48268_length_473_cov_48.997326	119	194	27	7	75	0.0933333
NODE_48268_length_473_cov_48.997326	119	194	28	3	75	0.0400000
NODE_48268_length_473_cov_48.997326	119	194	30	4	75	0.0533333
NODE_48268_length_473_cov_48.997326	119	194	31	5	75	0.0666667
NODE_48268_length_473_cov_48.997326	119	194	32	10	75	0.1333333
NODE_48268_length_473_cov_48.997326	119	194	34	2	75	0.0266667
NODE_48268_length_473_cov_48.997326	119	194	38	7	75	0.0933333
NODE_48268_length_473_cov_48.997326	119	194	40	35	75	0.4666667
NODE_48268_length_473_cov_48.997326	119	194	19	2	75	0.0266667
NODE_48268_length_473_cov_48.997326	119	194	27	7	75	0.0933333
NODE_48268_length_473_cov_48.997326	119	194	28	3	75	0.0400000
NODE_48268_length_473_cov_48.997326	119	194	30	4	75	0.0533333
NODE_48268_length_473_cov_48.997326	119	194	31	5	75	0.0666667
NODE_48268_length_473_cov_48.997326	119	194	32	10	75	0.1333333
NODE_48268_length_473_cov_48.997326	119	194	34	2	75	0.0266667
NODE_48268_length_473_cov_48.997326	119	194	38	7	75	0.0933333
NODE_48268_length_473_cov_48.997326	119	194	40	35	75	0.4666667
NODE_48268_length_473_cov_48.997326	167	247	10	32	80	0.4000000
NODE_48268_length_473_cov_48.997326	167	247	12	2	80	0.0250000
NODE_48268_length_473_cov_48.997326	167	247	16	5	80	0.0625000
NODE_48268_length_473_cov_48.997326	167	247	19	2	80	0.0250000
NODE_48268_length_473_cov_48.997326	167	247	22	8	80	0.1000000
NODE_48268_length_473_cov_48.997326	167	247	27	7	80	0.0875000
NODE_48268_length_473_cov_48.997326	167	247	28	9	80	0.1125000
NODE_48268_length_473_cov_48.997326	167	247	30	4	80	0.0500000
NODE_48268_length_473_cov_48.997326	167	247	31	5	80	0.0625000
NODE_48268_length_473_cov_48.997326	167	247	38	6	80	0.0750000
NODE_48269_length_473_cov_30.679144	174	254	8	11	80	0.1375000
NODE_48269_length_473_cov_30.679144	174	254	10	20	80	0.2500000
NODE_48269_length_473_cov_30.679144	174	254	12	3	80	0.0375000
NODE_48269_length_473_cov_30.679144	174	254	24	7	80	0.0875000
NODE_48269_length_473_cov_30.679144	174	254	26	1	80	0.0125000
NODE_48269_length_473_cov_30.679144	174	254	28	11	80	0.1375000
NODE_48269_length_473_cov_30.679144	174	254	29	6	80	0.0750000
NODE_48269_length_473_cov_30.679144	174	254	35	2	80	0.0250000
NODE_48269_length_473_cov_30.679144	174	254	36	1	80	0.0125000
NODE_48269_length_473_cov_30.679144	174	254	37	3	80	0.0375000
NODE_48269_length_473_cov_30.679144	174	254	38	6	80	0.0750000
NODE_48269_length_473_cov_30.679144	174	254	39	5	80	0.0625000
NODE_48269_length_473_cov_30.679144	174	254	40	2	80	0.0250000
NODE_48269_length_473_cov_30.679144	174	254	43	2	80	0.0250000
NODE_48269_length_473_cov_30.679144	226	307	2	33	81	0.4074074
NODE_48269_length_473_cov_30.679144	226	307	6	3	81	0.0370370
NODE_48269_length_473_cov_30.679144	226	307	8	28	81	0.3456790
NODE_48269_length_473_cov_30.679144	226	307	10	17	81	0.2098765
NODE_48269_length_473_cov_30.679144	227	307	2	33	80	0.4125000
NODE_48269_length_473_cov_30.679144	227	307	6	3	80	0.0375000
NODE_48269_length_473_cov_30.679144	227	307	8	28	80	0.3500000
NODE_48269_length_473_cov_30.679144	227	307	10	16	80	0.2000000
NODE_48270_length_473_cov_24.967914	295	370	0	75	75	1.0000000
NODE_48270_length_473_cov_24.967914	343	423	0	80	80	1.0000000
NODE_48271_length_473_cov_18.540107	168	248	2	47	80	0.5875000
NODE_48271_length_473_cov_18.540107	168	248	4	33	80	0.4125000
NODE_48271_length_473_cov_18.540107	221	301	0	35	80	0.4375000
NODE_48271_length_473_cov_18.540107	221	301	2	45	80	0.5625000
NODE_48272_length_473_cov_15.871658	143	223	0	80	80	1.0000000
NODE_48272_length_473_cov_15.871658	196	276	0	80	80	1.0000000
NODE_48291_length_473_cov_4.363636	160	240	0	80	80	1.0000000
NODE_48291_length_473_cov_4.363636	213	293	0	80	80	1.0000000
NODE_48320_length_473_cov_2.959893	199	267	0	68	68	1.0000000
NODE_48325_length_473_cov_2.804813	207	269	0	56	62	0.9032258
NODE_48325_length_473_cov_2.804813	207	269	2	6	62	0.0967742
NODE_48350_length_473_cov_2.251337	48	128	0	8	80	0.1000000
NODE_48350_length_473_cov_2.251337	48	128	2	37	80	0.4625000
NODE_48350_length_473_cov_2.251337	48	128	4	35	80	0.4375000
NODE_48350_length_473_cov_2.251337	101	181	0	61	80	0.7625000
NODE_48350_length_473_cov_2.251337	101	181	2	19	80	0.2375000
NODE_48568_length_472_cov_50.077748	1	81	44	2	80	0.0250000
NODE_48568_length_472_cov_50.077748	1	81	48	2	80	0.0250000
NODE_48568_length_472_cov_50.077748	1	81	49	11	80	0.1375000
NODE_48568_length_472_cov_50.077748	1	81	50	16	80	0.2000000
NODE_48568_length_472_cov_50.077748	1	81	52	12	80	0.1500000
NODE_48568_length_472_cov_50.077748	1	81	53	3	80	0.0375000
NODE_48568_length_472_cov_50.077748	1	81	57	1	80	0.0125000
NODE_48568_length_472_cov_50.077748	1	81	61	3	80	0.0375000
NODE_48568_length_472_cov_50.077748	1	81	62	1	80	0.0125000
NODE_48568_length_472_cov_50.077748	1	81	63	10	80	0.1250000
NODE_48568_length_472_cov_50.077748	1	81	66	2	80	0.0250000
NODE_48568_length_472_cov_50.077748	1	81	67	3	80	0.0375000
NODE_48568_length_472_cov_50.077748	1	81	73	6	80	0.0750000
NODE_48568_length_472_cov_50.077748	1	81	77	8	80	0.1000000
NODE_48568_length_472_cov_50.077748	1	81	44	2	80	0.0250000
NODE_48568_length_472_cov_50.077748	1	81	48	2	80	0.0250000
NODE_48568_length_472_cov_50.077748	1	81	49	11	80	0.1375000
NODE_48568_length_472_cov_50.077748	1	81	50	16	80	0.2000000
NODE_48568_length_472_cov_50.077748	1	81	52	12	80	0.1500000
NODE_48568_length_472_cov_50.077748	1	81	53	3	80	0.0375000
NODE_48568_length_472_cov_50.077748	1	81	57	1	80	0.0125000
NODE_48568_length_472_cov_50.077748	1	81	61	3	80	0.0375000
NODE_48568_length_472_cov_50.077748	1	81	62	1	80	0.0125000
NODE_48568_length_472_cov_50.077748	1	81	63	10	80	0.1250000
NODE_48568_length_472_cov_50.077748	1	81	66	2	80	0.0250000
NODE_48568_length_472_cov_50.077748	1	81	67	3	80	0.0375000
NODE_48568_length_472_cov_50.077748	1	81	73	6	80	0.0750000
NODE_48568_length_472_cov_50.077748	1	81	77	8	80	0.1000000
NODE_48568_length_472_cov_50.077748	1	81	44	2	80	0.0250000
NODE_48568_length_472_cov_50.077748	1	81	48	2	80	0.0250000
NODE_48568_length_472_cov_50.077748	1	81	49	11	80	0.1375000
NODE_48568_length_472_cov_50.077748	1	81	50	16	80	0.2000000
NODE_48568_length_472_cov_50.077748	1	81	52	12	80	0.1500000
NODE_48568_length_472_cov_50.077748	1	81	53	3	80	0.0375000
NODE_48568_length_472_cov_50.077748	1	81	57	1	80	0.0125000
NODE_48568_length_472_cov_50.077748	1	81	61	3	80	0.0375000
NODE_48568_length_472_cov_50.077748	1	81	62	1	80	0.0125000
NODE_48568_length_472_cov_50.077748	1	81	63	10	80	0.1250000
NODE_48568_length_472_cov_50.077748	1	81	66	2	80	0.0250000
NODE_48568_length_472_cov_50.077748	1	81	67	3	80	0.0375000
NODE_48568_length_472_cov_50.077748	1	81	73	6	80	0.0750000
NODE_48568_length_472_cov_50.077748	1	81	77	8	80	0.1000000
NODE_48568_length_472_cov_50.077748	1	81	44	2	80	0.0250000
NODE_48568_length_472_cov_50.077748	1	81	48	2	80	0.0250000
NODE_48568_length_472_cov_50.077748	1	81	49	11	80	0.1375000
NODE_48568_length_472_cov_50.077748	1	81	50	16	80	0.2000000
NODE_48568_length_472_cov_50.077748	1	81	52	12	80	0.1500000
NODE_48568_length_472_cov_50.077748	1	81	53	3	80	0.0375000
NODE_48568_length_472_cov_50.077748	1	81	57	1	80	0.0125000
NODE_48568_length_472_cov_50.077748	1	81	61	3	80	0.0375000
NODE_48568_length_472_cov_50.077748	1	81	62	1	80	0.0125000
NODE_48568_length_472_cov_50.077748	1	81	63	10	80	0.1250000
NODE_48568_length_472_cov_50.077748	1	81	66	2	80	0.0250000
NODE_48568_length_472_cov_50.077748	1	81	67	3	80	0.0375000
NODE_48568_length_472_cov_50.077748	1	81	73	6	80	0.0750000
NODE_48568_length_472_cov_50.077748	1	81	77	8	80	0.1000000
NODE_48568_length_472_cov_50.077748	1	81	44	2	80	0.0250000
NODE_48568_length_472_cov_50.077748	1	81	48	2	80	0.0250000
NODE_48568_length_472_cov_50.077748	1	81	49	11	80	0.1375000
NODE_48568_length_472_cov_50.077748	1	81	50	16	80	0.2000000
NODE_48568_length_472_cov_50.077748	1	81	52	12	80	0.1500000
NODE_48568_length_472_cov_50.077748	1	81	53	3	80	0.0375000
NODE_48568_length_472_cov_50.077748	1	81	57	1	80	0.0125000
NODE_48568_length_472_cov_50.077748	1	81	61	3	80	0.0375000
NODE_48568_length_472_cov_50.077748	1	81	62	1	80	0.0125000
NODE_48568_length_472_cov_50.077748	1	81	63	10	80	0.1250000
NODE_48568_length_472_cov_50.077748	1	81	66	2	80	0.0250000
NODE_48568_length_472_cov_50.077748	1	81	67	3	80	0.0375000
NODE_48568_length_472_cov_50.077748	1	81	73	6	80	0.0750000
NODE_48568_length_472_cov_50.077748	1	81	77	8	80	0.1000000
NODE_48568_length_472_cov_50.077748	10	81	49	6	71	0.0845070
NODE_48568_length_472_cov_50.077748	10	81	50	16	71	0.2253521
NODE_48568_length_472_cov_50.077748	10	81	52	12	71	0.1690141
NODE_48568_length_472_cov_50.077748	10	81	53	3	71	0.0422535
NODE_48568_length_472_cov_50.077748	10	81	57	1	71	0.0140845
NODE_48568_length_472_cov_50.077748	10	81	61	3	71	0.0422535
NODE_48568_length_472_cov_50.077748	10	81	62	1	71	0.0140845
NODE_48568_length_472_cov_50.077748	10	81	63	10	71	0.1408451
NODE_48568_length_472_cov_50.077748	10	81	66	2	71	0.0281690
NODE_48568_length_472_cov_50.077748	10	81	67	3	71	0.0422535
NODE_48568_length_472_cov_50.077748	10	81	73	6	71	0.0845070
NODE_48568_length_472_cov_50.077748	10	81	77	8	71	0.1126761
NODE_48568_length_472_cov_50.077748	54	131	63	8	77	0.1038961
NODE_48568_length_472_cov_50.077748	54	131	66	2	77	0.0259740
NODE_48568_length_472_cov_50.077748	54	131	67	3	77	0.0389610
NODE_48568_length_472_cov_50.077748	54	131	73	15	77	0.1948052
NODE_48568_length_472_cov_50.077748	54	131	77	49	77	0.6363636
NODE_48568_length_472_cov_50.077748	54	131	63	8	77	0.1038961
NODE_48568_length_472_cov_50.077748	54	131	66	2	77	0.0259740
NODE_48568_length_472_cov_50.077748	54	131	67	3	77	0.0389610
NODE_48568_length_472_cov_50.077748	54	131	73	15	77	0.1948052
NODE_48568_length_472_cov_50.077748	54	131	77	49	77	0.6363636
NODE_48568_length_472_cov_50.077748	54	131	63	8	77	0.1038961
NODE_48568_length_472_cov_50.077748	54	131	66	2	77	0.0259740
NODE_48568_length_472_cov_50.077748	54	131	67	3	77	0.0389610
NODE_48568_length_472_cov_50.077748	54	131	73	15	77	0.1948052
NODE_48568_length_472_cov_50.077748	54	131	77	49	77	0.6363636
NODE_48568_length_472_cov_50.077748	130	204	10	3	74	0.0405405
NODE_48568_length_472_cov_50.077748	130	204	12	4	74	0.0540541
NODE_48568_length_472_cov_50.077748	130	204	15	2	74	0.0270270
NODE_48568_length_472_cov_50.077748	130	204	16	1	74	0.0135135
NODE_48568_length_472_cov_50.077748	130	204	17	12	74	0.1621622
NODE_48568_length_472_cov_50.077748	130	204	18	1	74	0.0135135
NODE_48568_length_472_cov_50.077748	130	204	19	24	74	0.3243243
NODE_48568_length_472_cov_50.077748	130	204	21	1	74	0.0135135
NODE_48568_length_472_cov_50.077748	130	204	22	3	74	0.0405405
NODE_48568_length_472_cov_50.077748	130	204	24	1	74	0.0135135
NODE_48568_length_472_cov_50.077748	130	204	26	5	74	0.0675676
NODE_48568_length_472_cov_50.077748	130	204	27	1	74	0.0135135
NODE_48568_length_472_cov_50.077748	130	204	28	6	74	0.0810811
NODE_48568_length_472_cov_50.077748	130	204	73	10	74	0.1351351
NODE_48569_length_472_cov_10.469169	294	374	0	60	80	0.7500000
NODE_48569_length_472_cov_10.469169	294	374	2	20	80	0.2500000
NODE_48569_length_472_cov_10.469169	347	427	0	7	80	0.0875000
NODE_48569_length_472_cov_10.469169	347	427	2	73	80	0.9125000
NODE_48570_length_472_cov_10.195710	143	223	0	80	80	1.0000000
NODE_48570_length_472_cov_10.195710	196	276	0	80	80	1.0000000
NODE_48593_length_472_cov_4.375335	165	245	0	80	80	1.0000000
NODE_48593_length_472_cov_4.375335	218	251	0	33	33	1.0000000
NODE_48614_length_472_cov_3.495979	305	349	0	44	44	1.0000000
NODE_48620_length_472_cov_3.093834	220	295	0	75	75	1.0000000
NODE_48638_length_472_cov_2.592493	431	471	0	23	40	0.5750000
NODE_48638_length_472_cov_2.592493	431	471	2	5	40	0.1250000
NODE_48638_length_472_cov_2.592493	431	471	4	12	40	0.3000000
NODE_48745_length_472_cov_1.294906	43	98	0	26	55	0.4727273
NODE_48745_length_472_cov_1.294906	43	98	2	29	55	0.5272727
NODE_48745_length_472_cov_1.294906	71	151	0	1	80	0.0125000
NODE_48745_length_472_cov_1.294906	71	151	2	79	80	0.9875000
NODE_48768_length_472_cov_1.211796	106	126	0	20	20	1.0000000
NODE_48873_length_471_cov_39.319892	119	193	0	65	74	0.8783784
NODE_48873_length_471_cov_39.319892	119	193	1	6	74	0.0810811
NODE_48873_length_471_cov_39.319892	119	193	3	1	74	0.0135135
NODE_48873_length_471_cov_39.319892	119	193	6	1	74	0.0135135
NODE_48873_length_471_cov_39.319892	119	193	33	1	74	0.0135135
NODE_48874_length_471_cov_24.279570	185	265	0	4	80	0.0500000
NODE_48874_length_471_cov_24.279570	185	265	2	76	80	0.9500000
NODE_48874_length_471_cov_24.279570	238	318	0	57	80	0.7125000
NODE_48874_length_471_cov_24.279570	238	318	2	23	80	0.2875000
NODE_48875_length_471_cov_19.669355	83	163	0	16	80	0.2000000
NODE_48875_length_471_cov_19.669355	83	163	2	64	80	0.8000000
NODE_48875_length_471_cov_19.669355	136	216	0	69	80	0.8625000
NODE_48875_length_471_cov_19.669355	136	216	2	11	80	0.1375000
NODE_48876_length_471_cov_14.387097	198	278	0	61	80	0.7625000
NODE_48876_length_471_cov_14.387097	198	278	2	19	80	0.2375000
NODE_48876_length_471_cov_14.387097	251	331	0	80	80	1.0000000
NODE_48881_length_471_cov_6.948925	186	213	4	2	27	0.0740741
NODE_48881_length_471_cov_6.948925	186	213	6	25	27	0.9259259
NODE_48881_length_471_cov_6.948925	204	284	4	60	80	0.7500000
NODE_48881_length_471_cov_6.948925	204	284	6	20	80	0.2500000
NODE_48881_length_471_cov_6.948925	244	275	4	31	31	1.0000000
NODE_48881_length_471_cov_6.948925	257	337	0	13	80	0.1625000
NODE_48881_length_471_cov_6.948925	257	337	2	5	80	0.0625000
NODE_48881_length_471_cov_6.948925	257	337	4	62	80	0.7750000
NODE_48881_length_471_cov_6.948925	268	337	0	13	69	0.1884058
NODE_48881_length_471_cov_6.948925	268	337	2	5	69	0.0724638
NODE_48881_length_471_cov_6.948925	268	337	4	51	69	0.7391304
NODE_48902_length_471_cov_3.803763	83	162	0	54	79	0.6835443
NODE_48902_length_471_cov_3.803763	83	162	2	25	79	0.3164557
NODE_48902_length_471_cov_3.803763	135	215	0	36	80	0.4500000
NODE_48902_length_471_cov_3.803763	135	215	2	44	80	0.5500000
NODE_48924_length_471_cov_2.954301	284	315	11	1	31	0.0322581
NODE_48924_length_471_cov_2.954301	284	315	15	9	31	0.2903226
NODE_48924_length_471_cov_2.954301	284	315	16	20	31	0.6451613
NODE_48924_length_471_cov_2.954301	284	315	18	1	31	0.0322581
NODE_48957_length_471_cov_2.287634	133	200	4	4	67	0.0597015
NODE_48957_length_471_cov_2.287634	133	200	6	2	67	0.0298507
NODE_48957_length_471_cov_2.287634	133	200	7	1	67	0.0149254
NODE_48957_length_471_cov_2.287634	133	200	8	13	67	0.1940299
NODE_48957_length_471_cov_2.287634	133	200	10	6	67	0.0895522
NODE_48957_length_471_cov_2.287634	133	200	12	2	67	0.0298507
NODE_48957_length_471_cov_2.287634	133	200	16	1	67	0.0149254
NODE_48957_length_471_cov_2.287634	133	200	18	6	67	0.0895522
NODE_48957_length_471_cov_2.287634	133	200	20	11	67	0.1641791
NODE_48957_length_471_cov_2.287634	133	200	24	2	67	0.0298507
NODE_48957_length_471_cov_2.287634	133	200	26	1	67	0.0149254
NODE_48957_length_471_cov_2.287634	133	200	28	18	67	0.2686567
NODE_49186_length_470_cov_57.078167	184	264	2	12	80	0.1500000
NODE_49186_length_470_cov_57.078167	184	264	8	64	80	0.8000000
NODE_49186_length_470_cov_57.078167	184	264	10	4	80	0.0500000
NODE_49186_length_470_cov_57.078167	237	317	8	69	80	0.8625000
NODE_49186_length_470_cov_57.078167	237	317	10	4	80	0.0500000
NODE_49186_length_470_cov_57.078167	237	317	17	1	80	0.0125000
NODE_49186_length_470_cov_57.078167	237	317	18	6	80	0.0750000
NODE_49186_length_470_cov_57.078167	313	393	16	11	80	0.1375000
NODE_49186_length_470_cov_57.078167	313	393	18	6	80	0.0750000
NODE_49186_length_470_cov_57.078167	313	393	22	60	80	0.7500000
NODE_49186_length_470_cov_57.078167	313	393	24	3	80	0.0375000
NODE_49186_length_470_cov_57.078167	366	446	0	8	80	0.1000000
NODE_49186_length_470_cov_57.078167	366	446	8	15	80	0.1875000
NODE_49186_length_470_cov_57.078167	366	446	12	15	80	0.1875000
NODE_49186_length_470_cov_57.078167	366	446	22	42	80	0.5250000
NODE_49187_length_470_cov_34.035040	228	308	0	80	80	1.0000000
NODE_49187_length_470_cov_34.035040	281	361	0	80	80	1.0000000
NODE_49187_length_470_cov_34.035040	357	437	0	80	80	1.0000000
NODE_49187_length_470_cov_34.035040	410	470	0	60	60	1.0000000
NODE_49188_length_470_cov_15.539084	142	222	0	80	80	1.0000000
NODE_49188_length_470_cov_15.539084	195	275	0	80	80	1.0000000
NODE_49193_length_470_cov_6.070081	272	330	90	1	58	0.0172414
NODE_49193_length_470_cov_6.070081	272	330	93	4	58	0.0689655
NODE_49193_length_470_cov_6.070081	272	330	94	2	58	0.0344828
NODE_49193_length_470_cov_6.070081	272	330	97	3	58	0.0517241
NODE_49193_length_470_cov_6.070081	272	330	98	9	58	0.1551724
NODE_49193_length_470_cov_6.070081	272	330	99	2	58	0.0344828
NODE_49193_length_470_cov_6.070081	272	330	101	1	58	0.0172414
NODE_49193_length_470_cov_6.070081	272	330	103	2	58	0.0344828
NODE_49193_length_470_cov_6.070081	272	330	105	1	58	0.0172414
NODE_49193_length_470_cov_6.070081	272	330	108	1	58	0.0172414
NODE_49193_length_470_cov_6.070081	272	330	109	6	58	0.1034483
NODE_49193_length_470_cov_6.070081	272	330	113	3	58	0.0517241
NODE_49193_length_470_cov_6.070081	272	330	114	7	58	0.1206897
NODE_49193_length_470_cov_6.070081	272	330	115	3	58	0.0517241
NODE_49193_length_470_cov_6.070081	272	330	116	2	58	0.0344828
NODE_49193_length_470_cov_6.070081	272	330	117	11	58	0.1896552
NODE_49193_length_470_cov_6.070081	325	383	4	1	58	0.0172414
NODE_49193_length_470_cov_6.070081	325	383	6	1	58	0.0172414
NODE_49193_length_470_cov_6.070081	325	383	8	2	58	0.0344828
NODE_49193_length_470_cov_6.070081	325	383	12	1	58	0.0172414
NODE_49193_length_470_cov_6.070081	325	383	14	2	58	0.0344828
NODE_49193_length_470_cov_6.070081	325	383	16	1	58	0.0172414
NODE_49193_length_470_cov_6.070081	325	383	17	3	58	0.0517241
NODE_49193_length_470_cov_6.070081	325	383	19	3	58	0.0517241
NODE_49193_length_470_cov_6.070081	325	383	26	7	58	0.1206897
NODE_49193_length_470_cov_6.070081	325	383	30	1	58	0.0172414
NODE_49193_length_470_cov_6.070081	325	383	31	2	58	0.0344828
NODE_49193_length_470_cov_6.070081	325	383	34	1	58	0.0172414
NODE_49193_length_470_cov_6.070081	325	383	35	1	58	0.0172414
NODE_49193_length_470_cov_6.070081	325	383	40	4	58	0.0689655
NODE_49193_length_470_cov_6.070081	325	383	46	5	58	0.0862069
NODE_49193_length_470_cov_6.070081	325	383	48	2	58	0.0344828
NODE_49193_length_470_cov_6.070081	325	383	61	1	58	0.0172414
NODE_49193_length_470_cov_6.070081	325	383	65	2	58	0.0344828
NODE_49193_length_470_cov_6.070081	325	383	67	1	58	0.0172414
NODE_49193_length_470_cov_6.070081	325	383	70	1	58	0.0172414
NODE_49193_length_470_cov_6.070081	325	383	71	1	58	0.0172414
NODE_49193_length_470_cov_6.070081	325	383	78	1	58	0.0172414
NODE_49193_length_470_cov_6.070081	325	383	81	1	58	0.0172414
NODE_49193_length_470_cov_6.070081	325	383	83	1	58	0.0172414
NODE_49193_length_470_cov_6.070081	325	383	85	3	58	0.0517241
NODE_49193_length_470_cov_6.070081	325	383	86	1	58	0.0172414
NODE_49193_length_470_cov_6.070081	325	383	88	1	58	0.0172414
NODE_49193_length_470_cov_6.070081	325	383	89	2	58	0.0344828
NODE_49193_length_470_cov_6.070081	325	383	90	1	58	0.0172414
NODE_49193_length_470_cov_6.070081	325	383	93	4	58	0.0689655
NODE_49215_length_470_cov_3.735849	194	251	0	57	57	1.0000000
NODE_49260_length_470_cov_2.363881	403	422	4	16	19	0.8421053
NODE_49260_length_470_cov_2.363881	403	422	6	3	19	0.1578947
NODE_49260_length_470_cov_2.363881	403	422	4	16	19	0.8421053
NODE_49260_length_470_cov_2.363881	403	422	6	3	19	0.1578947
NODE_49389_length_470_cov_1.142857	414	470	0	56	56	1.0000000
NODE_49502_length_469_cov_221.024324	150	228	390	1	78	0.0128205
NODE_49502_length_469_cov_221.024324	150	228	401	1	78	0.0128205
NODE_49502_length_469_cov_221.024324	150	228	418	1	78	0.0128205
NODE_49502_length_469_cov_221.024324	150	228	424	1	78	0.0128205
NODE_49502_length_469_cov_221.024324	150	228	426	1	78	0.0128205
NODE_49502_length_469_cov_221.024324	150	228	439	1	78	0.0128205
NODE_49502_length_469_cov_221.024324	150	228	468	1	78	0.0128205
NODE_49502_length_469_cov_221.024324	150	228	483	1	78	0.0128205
NODE_49502_length_469_cov_221.024324	150	228	495	1	78	0.0128205
NODE_49502_length_469_cov_221.024324	150	228	499	1	78	0.0128205
NODE_49502_length_469_cov_221.024324	150	228	501	1	78	0.0128205
NODE_49502_length_469_cov_221.024324	150	228	509	1	78	0.0128205
NODE_49502_length_469_cov_221.024324	150	228	510	2	78	0.0256410
NODE_49502_length_469_cov_221.024324	150	228	511	3	78	0.0384615
NODE_49502_length_469_cov_221.024324	150	228	512	2	78	0.0256410
NODE_49502_length_469_cov_221.024324	150	228	517	2	78	0.0256410
NODE_49502_length_469_cov_221.024324	150	228	520	3	78	0.0384615
NODE_49502_length_469_cov_221.024324	150	228	521	2	78	0.0256410
NODE_49502_length_469_cov_221.024324	150	228	525	2	78	0.0256410
NODE_49502_length_469_cov_221.024324	150	228	528	1	78	0.0128205
NODE_49502_length_469_cov_221.024324	150	228	529	2	78	0.0256410
NODE_49502_length_469_cov_221.024324	150	228	530	1	78	0.0128205
NODE_49502_length_469_cov_221.024324	150	228	531	2	78	0.0256410
NODE_49502_length_469_cov_221.024324	150	228	532	3	78	0.0384615
NODE_49502_length_469_cov_221.024324	150	228	534	1	78	0.0128205
NODE_49502_length_469_cov_221.024324	150	228	535	1	78	0.0128205
NODE_49502_length_469_cov_221.024324	150	228	539	1	78	0.0128205
NODE_49502_length_469_cov_221.024324	150	228	540	1	78	0.0128205
NODE_49502_length_469_cov_221.024324	150	228	541	1	78	0.0128205
NODE_49502_length_469_cov_221.024324	150	228	542	2	78	0.0256410
NODE_49502_length_469_cov_221.024324	150	228	549	4	78	0.0512821
NODE_49502_length_469_cov_221.024324	150	228	550	3	78	0.0384615
NODE_49502_length_469_cov_221.024324	150	228	551	5	78	0.0641026
NODE_49502_length_469_cov_221.024324	150	228	552	5	78	0.0641026
NODE_49502_length_469_cov_221.024324	150	228	553	1	78	0.0128205
NODE_49502_length_469_cov_221.024324	150	228	554	2	78	0.0256410
NODE_49502_length_469_cov_221.024324	150	228	557	1	78	0.0128205
NODE_49502_length_469_cov_221.024324	150	228	558	1	78	0.0128205
NODE_49502_length_469_cov_221.024324	150	228	559	1	78	0.0128205
NODE_49502_length_469_cov_221.024324	150	228	563	1	78	0.0128205
NODE_49502_length_469_cov_221.024324	150	228	566	1	78	0.0128205
NODE_49502_length_469_cov_221.024324	150	228	569	1	78	0.0128205
NODE_49502_length_469_cov_221.024324	150	228	570	1	78	0.0128205
NODE_49502_length_469_cov_221.024324	150	228	576	1	78	0.0128205
NODE_49502_length_469_cov_221.024324	150	228	578	1	78	0.0128205
NODE_49502_length_469_cov_221.024324	150	228	579	1	78	0.0128205
NODE_49502_length_469_cov_221.024324	150	228	580	1	78	0.0128205
NODE_49502_length_469_cov_221.024324	150	228	582	1	78	0.0128205
NODE_49502_length_469_cov_221.024324	150	228	584	2	78	0.0256410
NODE_49502_length_469_cov_221.024324	150	228	390	1	78	0.0128205
NODE_49502_length_469_cov_221.024324	150	228	401	1	78	0.0128205
NODE_49502_length_469_cov_221.024324	150	228	418	1	78	0.0128205
NODE_49502_length_469_cov_221.024324	150	228	424	1	78	0.0128205
NODE_49502_length_469_cov_221.024324	150	228	426	1	78	0.0128205
NODE_49502_length_469_cov_221.024324	150	228	439	1	78	0.0128205
NODE_49502_length_469_cov_221.024324	150	228	468	1	78	0.0128205
NODE_49502_length_469_cov_221.024324	150	228	483	1	78	0.0128205
NODE_49502_length_469_cov_221.024324	150	228	495	1	78	0.0128205
NODE_49502_length_469_cov_221.024324	150	228	499	1	78	0.0128205
NODE_49502_length_469_cov_221.024324	150	228	501	1	78	0.0128205
NODE_49502_length_469_cov_221.024324	150	228	509	1	78	0.0128205
NODE_49502_length_469_cov_221.024324	150	228	510	2	78	0.0256410
NODE_49502_length_469_cov_221.024324	150	228	511	3	78	0.0384615
NODE_49502_length_469_cov_221.024324	150	228	512	2	78	0.0256410
NODE_49502_length_469_cov_221.024324	150	228	517	2	78	0.0256410
NODE_49502_length_469_cov_221.024324	150	228	520	3	78	0.0384615
NODE_49502_length_469_cov_221.024324	150	228	521	2	78	0.0256410
NODE_49502_length_469_cov_221.024324	150	228	525	2	78	0.0256410
NODE_49502_length_469_cov_221.024324	150	228	528	1	78	0.0128205
NODE_49502_length_469_cov_221.024324	150	228	529	2	78	0.0256410
NODE_49502_length_469_cov_221.024324	150	228	530	1	78	0.0128205
NODE_49502_length_469_cov_221.024324	150	228	531	2	78	0.0256410
NODE_49502_length_469_cov_221.024324	150	228	532	3	78	0.0384615
NODE_49502_length_469_cov_221.024324	150	228	534	1	78	0.0128205
NODE_49502_length_469_cov_221.024324	150	228	535	1	78	0.0128205
NODE_49502_length_469_cov_221.024324	150	228	539	1	78	0.0128205
NODE_49502_length_469_cov_221.024324	150	228	540	1	78	0.0128205
NODE_49502_length_469_cov_221.024324	150	228	541	1	78	0.0128205
NODE_49502_length_469_cov_221.024324	150	228	542	2	78	0.0256410
NODE_49502_length_469_cov_221.024324	150	228	549	4	78	0.0512821
NODE_49502_length_469_cov_221.024324	150	228	550	3	78	0.0384615
NODE_49502_length_469_cov_221.024324	150	228	551	5	78	0.0641026
NODE_49502_length_469_cov_221.024324	150	228	552	5	78	0.0641026
NODE_49502_length_469_cov_221.024324	150	228	553	1	78	0.0128205
NODE_49502_length_469_cov_221.024324	150	228	554	2	78	0.0256410
NODE_49502_length_469_cov_221.024324	150	228	557	1	78	0.0128205
NODE_49502_length_469_cov_221.024324	150	228	558	1	78	0.0128205
NODE_49502_length_469_cov_221.024324	150	228	559	1	78	0.0128205
NODE_49502_length_469_cov_221.024324	150	228	563	1	78	0.0128205
NODE_49502_length_469_cov_221.024324	150	228	566	1	78	0.0128205
NODE_49502_length_469_cov_221.024324	150	228	569	1	78	0.0128205
NODE_49502_length_469_cov_221.024324	150	228	570	1	78	0.0128205
NODE_49502_length_469_cov_221.024324	150	228	576	1	78	0.0128205
NODE_49502_length_469_cov_221.024324	150	228	578	1	78	0.0128205
NODE_49502_length_469_cov_221.024324	150	228	579	1	78	0.0128205
NODE_49502_length_469_cov_221.024324	150	228	580	1	78	0.0128205
NODE_49502_length_469_cov_221.024324	150	228	582	1	78	0.0128205
NODE_49502_length_469_cov_221.024324	150	228	584	2	78	0.0256410
NODE_49502_length_469_cov_221.024324	150	219	499	1	69	0.0144928
NODE_49502_length_469_cov_221.024324	150	219	501	1	69	0.0144928
NODE_49502_length_469_cov_221.024324	150	219	509	1	69	0.0144928
NODE_49502_length_469_cov_221.024324	150	219	510	2	69	0.0289855
NODE_49502_length_469_cov_221.024324	150	219	511	3	69	0.0434783
NODE_49502_length_469_cov_221.024324	150	219	512	2	69	0.0289855
NODE_49502_length_469_cov_221.024324	150	219	517	2	69	0.0289855
NODE_49502_length_469_cov_221.024324	150	219	520	3	69	0.0434783
NODE_49502_length_469_cov_221.024324	150	219	521	2	69	0.0289855
NODE_49502_length_469_cov_221.024324	150	219	525	2	69	0.0289855
NODE_49502_length_469_cov_221.024324	150	219	528	1	69	0.0144928
NODE_49502_length_469_cov_221.024324	150	219	529	2	69	0.0289855
NODE_49502_length_469_cov_221.024324	150	219	530	1	69	0.0144928
NODE_49502_length_469_cov_221.024324	150	219	531	2	69	0.0289855
NODE_49502_length_469_cov_221.024324	150	219	532	3	69	0.0434783
NODE_49502_length_469_cov_221.024324	150	219	534	1	69	0.0144928
NODE_49502_length_469_cov_221.024324	150	219	535	1	69	0.0144928
NODE_49502_length_469_cov_221.024324	150	219	539	1	69	0.0144928
NODE_49502_length_469_cov_221.024324	150	219	540	1	69	0.0144928
NODE_49502_length_469_cov_221.024324	150	219	541	1	69	0.0144928
NODE_49502_length_469_cov_221.024324	150	219	542	2	69	0.0289855
NODE_49502_length_469_cov_221.024324	150	219	549	4	69	0.0579710
NODE_49502_length_469_cov_221.024324	150	219	550	3	69	0.0434783
NODE_49502_length_469_cov_221.024324	150	219	551	5	69	0.0724638
NODE_49502_length_469_cov_221.024324	150	219	552	5	69	0.0724638
NODE_49502_length_469_cov_221.024324	150	219	553	1	69	0.0144928
NODE_49502_length_469_cov_221.024324	150	219	554	2	69	0.0289855
NODE_49502_length_469_cov_221.024324	150	219	557	1	69	0.0144928
NODE_49502_length_469_cov_221.024324	150	219	558	1	69	0.0144928
NODE_49502_length_469_cov_221.024324	150	219	559	1	69	0.0144928
NODE_49502_length_469_cov_221.024324	150	219	563	1	69	0.0144928
NODE_49502_length_469_cov_221.024324	150	219	566	1	69	0.0144928
NODE_49502_length_469_cov_221.024324	150	219	569	1	69	0.0144928
NODE_49502_length_469_cov_221.024324	150	219	570	1	69	0.0144928
NODE_49502_length_469_cov_221.024324	150	219	576	1	69	0.0144928
NODE_49502_length_469_cov_221.024324	150	219	578	1	69	0.0144928
NODE_49502_length_469_cov_221.024324	150	219	579	1	69	0.0144928
NODE_49502_length_469_cov_221.024324	150	219	580	1	69	0.0144928
NODE_49502_length_469_cov_221.024324	150	219	582	1	69	0.0144928
NODE_49502_length_469_cov_221.024324	150	219	584	2	69	0.0289855
NODE_49557_length_469_cov_2.686486	263	343	0	80	80	1.0000000
NODE_49561_length_469_cov_2.521622	237	289	0	52	52	1.0000000
NODE_49579_length_469_cov_2.224324	279	331	1	5	52	0.0961538
NODE_49579_length_469_cov_2.224324	279	331	2	47	52	0.9038461
NODE_49796_length_468_cov_8.043360	190	250	0	60	60	1.0000000
NODE_49796_length_468_cov_8.043360	223	303	0	44	80	0.5500000
NODE_49796_length_468_cov_8.043360	223	303	2	4	80	0.0500000
NODE_49796_length_468_cov_8.043360	223	303	4	32	80	0.4000000
NODE_49800_length_468_cov_6.046070	152	232	0	80	80	1.0000000
NODE_49800_length_468_cov_6.046070	205	285	0	80	80	1.0000000
NODE_49801_length_468_cov_5.997290	81	161	2	45	80	0.5625000
NODE_49801_length_468_cov_5.997290	81	161	3	1	80	0.0125000
NODE_49801_length_468_cov_5.997290	81	161	4	34	80	0.4250000
NODE_49801_length_468_cov_5.997290	134	214	2	80	80	1.0000000
NODE_49801_length_468_cov_5.997290	210	270	0	37	60	0.6166667
NODE_49801_length_468_cov_5.997290	210	270	1	1	60	0.0166667
NODE_49801_length_468_cov_5.997290	210	270	2	22	60	0.3666667
NODE_49803_length_468_cov_5.872629	133	201	6	10	68	0.1470588
NODE_49803_length_468_cov_5.872629	133	201	8	18	68	0.2647059
NODE_49803_length_468_cov_5.872629	133	201	12	38	68	0.5588235
NODE_49803_length_468_cov_5.872629	133	201	14	2	68	0.0294118
NODE_49807_length_468_cov_5.384824	305	356	2	29	51	0.5686275
NODE_49807_length_468_cov_5.384824	305	356	4	22	51	0.4313726
NODE_49894_length_468_cov_2.067751	45	96	6	1	51	0.0196078
NODE_49894_length_468_cov_2.067751	45	96	8	24	51	0.4705882
NODE_49894_length_468_cov_2.067751	45	96	10	12	51	0.2352941
NODE_49894_length_468_cov_2.067751	45	96	12	14	51	0.2745098
NODE_49913_length_468_cov_1.891599	4	63	0	59	59	1.0000000
NODE_49928_length_468_cov_1.758808	140	218	0	78	78	1.0000000
NODE_49928_length_468_cov_1.758808	191	257	0	66	66	1.0000000
NODE_49974_length_468_cov_1.390244	291	310	4	19	19	1.0000000
NODE_49974_length_468_cov_1.390244	369	405	6	1	36	0.0277778
NODE_49974_length_468_cov_1.390244	369	405	8	30	36	0.8333333
NODE_49974_length_468_cov_1.390244	369	405	10	5	36	0.1388889
NODE_50133_length_467_cov_14.100543	176	256	0	80	80	1.0000000
NODE_50134_length_467_cov_11.902174	193	236	0	43	43	1.0000000
NODE_50135_length_467_cov_10.875000	226	306	0	49	80	0.6125000
NODE_50135_length_467_cov_10.875000	226	306	2	31	80	0.3875000
NODE_50135_length_467_cov_10.875000	279	359	0	55	80	0.6875000
NODE_50135_length_467_cov_10.875000	279	359	2	25	80	0.3125000
NODE_50144_length_467_cov_6.625000	206	275	0	12	69	0.1739130
NODE_50144_length_467_cov_6.625000	206	275	4	19	69	0.2753623
NODE_50144_length_467_cov_6.625000	206	275	8	20	69	0.2898551
NODE_50144_length_467_cov_6.625000	206	275	10	18	69	0.2608696
NODE_50144_length_467_cov_6.625000	257	328	2	6	71	0.0845070
NODE_50144_length_467_cov_6.625000	257	328	10	65	71	0.9154930
NODE_50197_length_467_cov_2.709239	247	327	0	80	80	1.0000000
NODE_50215_length_467_cov_2.296196	284	329	0	45	45	1.0000000
NODE_50238_length_467_cov_2.027174	218	269	0	51	51	1.0000000
NODE_50252_length_467_cov_1.836957	55	118	0	63	63	1.0000000
NODE_50267_length_467_cov_1.603261	92	141	2	49	49	1.0000000
NODE_50283_length_467_cov_1.426630	135	183	0	6	48	0.1250000
NODE_50283_length_467_cov_1.426630	135	183	2	11	48	0.2291667
NODE_50283_length_467_cov_1.426630	135	183	4	3	48	0.0625000
NODE_50283_length_467_cov_1.426630	135	183	6	28	48	0.5833333
NODE_50447_length_466_cov_42.839237	0	47	0	47	47	1.0000000
NODE_50447_length_466_cov_42.839237	20	100	0	75	80	0.9375000
NODE_50447_length_466_cov_42.839237	20	100	2	5	80	0.0625000
NODE_50447_length_466_cov_42.839237	96	176	2	20	80	0.2500000
NODE_50447_length_466_cov_42.839237	96	176	4	13	80	0.1625000
NODE_50447_length_466_cov_42.839237	96	176	6	36	80	0.4500000
NODE_50447_length_466_cov_42.839237	96	176	8	11	80	0.1375000
NODE_50447_length_466_cov_42.839237	149	229	6	47	80	0.5875000
NODE_50447_length_466_cov_42.839237	149	229	8	33	80	0.4125000
NODE_50448_length_466_cov_36.901907	85	165	0	43	80	0.5375000
NODE_50448_length_466_cov_36.901907	85	165	2	37	80	0.4625000
NODE_50448_length_466_cov_36.901907	138	218	0	3	80	0.0375000
NODE_50448_length_466_cov_36.901907	138	218	2	77	80	0.9625000
NODE_50448_length_466_cov_36.901907	214	294	0	30	80	0.3750000
NODE_50448_length_466_cov_36.901907	214	294	2	50	80	0.6250000
NODE_50448_length_466_cov_36.901907	267	347	2	80	80	1.0000000
NODE_50457_length_466_cov_5.122616	275	316	4	41	41	1.0000000
NODE_50457_length_466_cov_5.122616	276	316	4	40	40	1.0000000
NODE_50457_length_466_cov_5.122616	289	338	0	16	49	0.3265306
NODE_50457_length_466_cov_5.122616	289	338	4	33	49	0.6734694
NODE_50515_length_466_cov_2.602180	9	90	0	3	81	0.0370370
NODE_50515_length_466_cov_2.602180	9	90	2	4	81	0.0493827
NODE_50515_length_466_cov_2.602180	9	90	4	2	81	0.0246914
NODE_50515_length_466_cov_2.602180	9	90	8	16	81	0.1975309
NODE_50515_length_466_cov_2.602180	9	90	10	56	81	0.6913580
NODE_50515_length_466_cov_2.602180	312	341	2	13	29	0.4482759
NODE_50515_length_466_cov_2.602180	312	341	4	16	29	0.5517241
NODE_50549_length_466_cov_2.108992	130	182	2	52	52	1.0000000
NODE_50562_length_466_cov_1.980926	183	265	0	49	82	0.5975610
NODE_50562_length_466_cov_1.980926	183	265	2	33	82	0.4024390
NODE_50787_length_465_cov_13.019126	170	250	2	32	80	0.4000000
NODE_50787_length_465_cov_13.019126	170	250	4	48	80	0.6000000
NODE_50787_length_465_cov_13.019126	223	301	2	20	78	0.2564103
NODE_50787_length_465_cov_13.019126	223	301	4	58	78	0.7435898
NODE_50799_length_465_cov_5.363388	316	393	0	77	77	1.0000000
NODE_50800_length_465_cov_4.898907	376	406	0	30	30	1.0000000
NODE_50869_length_465_cov_2.366120	147	227	0	80	80	1.0000000
NODE_50869_length_465_cov_2.366120	200	271	0	71	71	1.0000000
NODE_50911_length_465_cov_1.737705	338	383	2	26	45	0.5777778
NODE_50911_length_465_cov_1.737705	338	383	6	19	45	0.4222222
NODE_51100_length_464_cov_8.473973	209	289	0	80	80	1.0000000
NODE_51100_length_464_cov_8.473973	262	342	0	80	80	1.0000000
NODE_51148_length_464_cov_2.528767	136	199	0	63	63	1.0000000
NODE_51167_length_464_cov_2.134247	130	203	0	40	73	0.5479452
NODE_51167_length_464_cov_2.134247	130	203	2	23	73	0.3150685
NODE_51167_length_464_cov_2.134247	130	203	6	10	73	0.1369863
NODE_51186_length_464_cov_1.901370	58	138	0	69	80	0.8625000
NODE_51186_length_464_cov_1.901370	58	138	2	11	80	0.1375000
NODE_51203_length_464_cov_1.706849	186	265	0	22	79	0.2784810
NODE_51203_length_464_cov_1.706849	186	265	2	57	79	0.7215190
NODE_51377_length_463_cov_64.420330	375	455	0	57	80	0.7125000
NODE_51377_length_463_cov_64.420330	375	455	6	23	80	0.2875000
NODE_51377_length_463_cov_64.420330	375	455	0	57	80	0.7125000
NODE_51377_length_463_cov_64.420330	375	455	6	23	80	0.2875000
NODE_51377_length_463_cov_64.420330	375	455	0	57	80	0.7125000
NODE_51377_length_463_cov_64.420330	375	455	6	23	80	0.2875000
NODE_51377_length_463_cov_64.420330	375	455	0	57	80	0.7125000
NODE_51377_length_463_cov_64.420330	375	455	6	23	80	0.2875000
NODE_51377_length_463_cov_64.420330	375	455	0	57	80	0.7125000
NODE_51377_length_463_cov_64.420330	375	455	6	23	80	0.2875000
NODE_51378_length_463_cov_49.673077	0	71	6	26	71	0.3661972
NODE_51378_length_463_cov_49.673077	0	71	8	38	71	0.5352113
NODE_51378_length_463_cov_49.673077	0	71	10	7	71	0.0985916
NODE_51378_length_463_cov_49.673077	44	121	8	20	77	0.2597403
NODE_51378_length_463_cov_49.673077	44	121	10	8	77	0.1038961
NODE_51378_length_463_cov_49.673077	44	121	12	7	77	0.0909091
NODE_51378_length_463_cov_49.673077	44	121	14	11	77	0.1428571
NODE_51378_length_463_cov_49.673077	44	121	16	20	77	0.2597403
NODE_51378_length_463_cov_49.673077	44	121	18	11	77	0.1428571
NODE_51379_length_463_cov_41.005495	8	88	0	80	80	1.0000000
NODE_51379_length_463_cov_41.005495	61	141	0	80	80	1.0000000
NODE_51380_length_463_cov_30.626374	318	398	2	80	80	1.0000000
NODE_51380_length_463_cov_30.626374	371	451	0	31	80	0.3875000
NODE_51380_length_463_cov_30.626374	371	451	2	49	80	0.6125000
NODE_51381_length_463_cov_27.475275	211	291	2	13	80	0.1625000
NODE_51381_length_463_cov_27.475275	211	291	4	67	80	0.8375000
NODE_51381_length_463_cov_27.475275	264	344	4	80	80	1.0000000
NODE_51383_length_463_cov_11.211538	304	377	0	73	73	1.0000000
NODE_51383_length_463_cov_11.211538	350	430	0	80	80	1.0000000
NODE_51391_length_463_cov_5.711538	181	261	0	80	80	1.0000000
NODE_51391_length_463_cov_5.711538	234	314	0	80	80	1.0000000
NODE_51399_length_463_cov_4.398352	119	169	0	50	50	1.0000000
NODE_51402_length_463_cov_4.186813	175	233	16	3	58	0.0517241
NODE_51402_length_463_cov_4.186813	175	233	18	9	58	0.1551724
NODE_51402_length_463_cov_4.186813	175	233	20	46	58	0.7931035
NODE_51402_length_463_cov_4.186813	206	251	16	3	45	0.0666667
NODE_51402_length_463_cov_4.186813	206	251	20	42	45	0.9333333
NODE_51408_length_463_cov_3.846154	235	268	4	1	33	0.0303030
NODE_51408_length_463_cov_3.846154	235	268	6	26	33	0.7878788
NODE_51408_length_463_cov_3.846154	235	268	8	6	33	0.1818182
NODE_51421_length_463_cov_3.063187	193	248	0	55	55	1.0000000
NODE_51421_length_463_cov_3.063187	222	301	0	79	79	1.0000000
NODE_51680_length_462_cov_21.876033	93	173	0	80	80	1.0000000
NODE_51680_length_462_cov_21.876033	146	226	0	80	80	1.0000000
NODE_51687_length_462_cov_5.033058	93	154	0	11	61	0.1803279
NODE_51687_length_462_cov_5.033058	93	154	1	1	61	0.0163934
NODE_51687_length_462_cov_5.033058	93	154	2	49	61	0.8032787
NODE_51687_length_462_cov_5.033058	159	209	0	41	50	0.8200000
NODE_51687_length_462_cov_5.033058	159	209	2	9	50	0.1800000
NODE_51699_length_462_cov_4.101928	168	246	0	78	78	1.0000000
NODE_51699_length_462_cov_4.101928	184	208	0	24	24	1.0000000
NODE_51699_length_462_cov_4.101928	219	299	0	80	80	1.0000000
NODE_51708_length_462_cov_3.630854	149	194	0	45	45	1.0000000
NODE_51720_length_462_cov_3.079890	103	147	0	3	44	0.0681818
NODE_51720_length_462_cov_3.079890	103	147	2	21	44	0.4772727
NODE_51720_length_462_cov_3.079890	103	147	4	4	44	0.0909091
NODE_51720_length_462_cov_3.079890	103	147	6	16	44	0.3636364
NODE_51735_length_462_cov_2.677686	78	118	0	40	40	1.0000000
NODE_51763_length_462_cov_2.209366	18	58	0	40	40	1.0000000
NODE_51817_length_462_cov_1.570248	68	113	0	45	45	1.0000000
NODE_51995_length_461_cov_35.116022	0	79	0	79	79	1.0000000
NODE_51995_length_461_cov_35.116022	52	132	0	80	80	1.0000000
NODE_51996_length_461_cov_11.124309	77	157	0	26	80	0.3250000
NODE_51996_length_461_cov_11.124309	77	157	2	54	80	0.6750000
NODE_51996_length_461_cov_11.124309	130	210	0	27	80	0.3375000
NODE_51996_length_461_cov_11.124309	130	210	2	53	80	0.6625000
NODE_52010_length_461_cov_5.361878	246	322	4	7	76	0.0921053
NODE_52010_length_461_cov_5.361878	246	322	6	69	76	0.9078947
NODE_52018_length_461_cov_4.472376	268	333	0	4	65	0.0615385
NODE_52018_length_461_cov_4.472376	268	333	1	56	65	0.8615385
NODE_52018_length_461_cov_4.472376	268	333	2	5	65	0.0769231
NODE_52021_length_461_cov_4.168508	159	234	6	24	75	0.3200000
NODE_52021_length_461_cov_4.168508	159	234	8	25	75	0.3333333
NODE_52021_length_461_cov_4.168508	159	234	9	1	75	0.0133333
NODE_52021_length_461_cov_4.168508	159	234	10	25	75	0.3333333
NODE_52047_length_461_cov_2.892265	233	312	0	79	79	1.0000000
NODE_52073_length_461_cov_2.392265	186	223	0	6	37	0.1621622
NODE_52073_length_461_cov_2.392265	186	223	2	6	37	0.1621622
NODE_52073_length_461_cov_2.392265	186	223	4	25	37	0.6756757
NODE_52154_length_461_cov_1.389503	283	349	6	66	66	1.0000000
NODE_52292_length_460_cov_172.986150	0	68	18	1	68	0.0147059
NODE_52292_length_460_cov_172.986150	0	68	30	1	68	0.0147059
NODE_52292_length_460_cov_172.986150	0	68	35	1	68	0.0147059
NODE_52292_length_460_cov_172.986150	0	68	44	1	68	0.0147059
NODE_52292_length_460_cov_172.986150	0	68	49	1	68	0.0147059
NODE_52292_length_460_cov_172.986150	0	68	53	1	68	0.0147059
NODE_52292_length_460_cov_172.986150	0	68	72	2	68	0.0294118
NODE_52292_length_460_cov_172.986150	0	68	75	1	68	0.0147059
NODE_52292_length_460_cov_172.986150	0	68	91	1	68	0.0147059
NODE_52292_length_460_cov_172.986150	0	68	103	1	68	0.0147059
NODE_52292_length_460_cov_172.986150	0	68	108	1	68	0.0147059
NODE_52292_length_460_cov_172.986150	0	68	135	1	68	0.0147059
NODE_52292_length_460_cov_172.986150	0	68	144	1	68	0.0147059
NODE_52292_length_460_cov_172.986150	0	68	152	1	68	0.0147059
NODE_52292_length_460_cov_172.986150	0	68	160	1	68	0.0147059
NODE_52292_length_460_cov_172.986150	0	68	172	1	68	0.0147059
NODE_52292_length_460_cov_172.986150	0	68	197	1	68	0.0147059
NODE_52292_length_460_cov_172.986150	0	68	209	1	68	0.0147059
NODE_52292_length_460_cov_172.986150	0	68	226	1	68	0.0147059
NODE_52292_length_460_cov_172.986150	0	68	243	1	68	0.0147059
NODE_52292_length_460_cov_172.986150	0	68	245	1	68	0.0147059
NODE_52292_length_460_cov_172.986150	0	68	255	1	68	0.0147059
NODE_52292_length_460_cov_172.986150	0	68	274	1	68	0.0147059
NODE_52292_length_460_cov_172.986150	0	68	298	1	68	0.0147059
NODE_52292_length_460_cov_172.986150	0	68	312	1	68	0.0147059
NODE_52292_length_460_cov_172.986150	0	68	316	1	68	0.0147059
NODE_52292_length_460_cov_172.986150	0	68	320	1	68	0.0147059
NODE_52292_length_460_cov_172.986150	0	68	324	1	68	0.0147059
NODE_52292_length_460_cov_172.986150	0	68	331	1	68	0.0147059
NODE_52292_length_460_cov_172.986150	0	68	336	2	68	0.0294118
NODE_52292_length_460_cov_172.986150	0	68	340	2	68	0.0294118
NODE_52292_length_460_cov_172.986150	0	68	342	1	68	0.0147059
NODE_52292_length_460_cov_172.986150	0	68	344	2	68	0.0294118
NODE_52292_length_460_cov_172.986150	0	68	354	1	68	0.0147059
NODE_52292_length_460_cov_172.986150	0	68	355	2	68	0.0294118
NODE_52292_length_460_cov_172.986150	0	68	357	1	68	0.0147059
NODE_52292_length_460_cov_172.986150	0	68	358	1	68	0.0147059
NODE_52292_length_460_cov_172.986150	0	68	365	1	68	0.0147059
NODE_52292_length_460_cov_172.986150	0	68	370	1	68	0.0147059
NODE_52292_length_460_cov_172.986150	0	68	374	1	68	0.0147059
NODE_52292_length_460_cov_172.986150	0	68	380	3	68	0.0441176
NODE_52292_length_460_cov_172.986150	0	68	388	1	68	0.0147059
NODE_52292_length_460_cov_172.986150	0	68	394	1	68	0.0147059
NODE_52292_length_460_cov_172.986150	0	68	403	1	68	0.0147059
NODE_52292_length_460_cov_172.986150	0	68	414	1	68	0.0147059
NODE_52292_length_460_cov_172.986150	0	68	422	2	68	0.0294118
NODE_52292_length_460_cov_172.986150	0	68	426	1	68	0.0147059
NODE_52292_length_460_cov_172.986150	0	68	431	1	68	0.0147059
NODE_52292_length_460_cov_172.986150	0	68	437	2	68	0.0294118
NODE_52292_length_460_cov_172.986150	0	68	441	2	68	0.0294118
NODE_52292_length_460_cov_172.986150	0	68	443	1	68	0.0147059
NODE_52292_length_460_cov_172.986150	0	68	451	2	68	0.0294118
NODE_52292_length_460_cov_172.986150	0	68	454	3	68	0.0441176
NODE_52292_length_460_cov_172.986150	0	68	456	2	68	0.0294118
NODE_52292_length_460_cov_172.986150	41	121	358	1	80	0.0125000
NODE_52292_length_460_cov_172.986150	41	121	365	1	80	0.0125000
NODE_52292_length_460_cov_172.986150	41	121	370	1	80	0.0125000
NODE_52292_length_460_cov_172.986150	41	121	374	1	80	0.0125000
NODE_52292_length_460_cov_172.986150	41	121	380	3	80	0.0375000
NODE_52292_length_460_cov_172.986150	41	121	388	1	80	0.0125000
NODE_52292_length_460_cov_172.986150	41	121	394	1	80	0.0125000
NODE_52292_length_460_cov_172.986150	41	121	403	1	80	0.0125000
NODE_52292_length_460_cov_172.986150	41	121	414	1	80	0.0125000
NODE_52292_length_460_cov_172.986150	41	121	422	2	80	0.0250000
NODE_52292_length_460_cov_172.986150	41	121	426	1	80	0.0125000
NODE_52292_length_460_cov_172.986150	41	121	431	1	80	0.0125000
NODE_52292_length_460_cov_172.986150	41	121	437	2	80	0.0250000
NODE_52292_length_460_cov_172.986150	41	121	441	2	80	0.0250000
NODE_52292_length_460_cov_172.986150	41	121	443	1	80	0.0125000
NODE_52292_length_460_cov_172.986150	41	121	451	2	80	0.0250000
NODE_52292_length_460_cov_172.986150	41	121	454	3	80	0.0375000
NODE_52292_length_460_cov_172.986150	41	121	456	2	80	0.0250000
NODE_52292_length_460_cov_172.986150	41	121	458	1	80	0.0125000
NODE_52292_length_460_cov_172.986150	41	121	460	1	80	0.0125000
NODE_52292_length_460_cov_172.986150	41	121	462	1	80	0.0125000
NODE_52292_length_460_cov_172.986150	41	121	463	3	80	0.0375000
NODE_52292_length_460_cov_172.986150	41	121	464	2	80	0.0250000
NODE_52292_length_460_cov_172.986150	41	121	474	1	80	0.0125000
NODE_52292_length_460_cov_172.986150	41	121	476	1	80	0.0125000
NODE_52292_length_460_cov_172.986150	41	121	478	1	80	0.0125000
NODE_52292_length_460_cov_172.986150	41	121	482	1	80	0.0125000
NODE_52292_length_460_cov_172.986150	41	121	489	1	80	0.0125000
NODE_52292_length_460_cov_172.986150	41	121	491	1	80	0.0125000
NODE_52292_length_460_cov_172.986150	41	121	493	2	80	0.0250000
NODE_52292_length_460_cov_172.986150	41	121	499	1	80	0.0125000
NODE_52292_length_460_cov_172.986150	41	121	502	1	80	0.0125000
NODE_52292_length_460_cov_172.986150	41	121	504	1	80	0.0125000
NODE_52292_length_460_cov_172.986150	41	121	507	1	80	0.0125000
NODE_52292_length_460_cov_172.986150	41	121	513	2	80	0.0250000
NODE_52292_length_460_cov_172.986150	41	121	515	2	80	0.0250000
NODE_52292_length_460_cov_172.986150	41	121	517	1	80	0.0125000
NODE_52292_length_460_cov_172.986150	41	121	520	1	80	0.0125000
NODE_52292_length_460_cov_172.986150	41	121	522	1	80	0.0125000
NODE_52292_length_460_cov_172.986150	41	121	523	1	80	0.0125000
NODE_52292_length_460_cov_172.986150	41	121	530	1	80	0.0125000
NODE_52292_length_460_cov_172.986150	41	121	539	1	80	0.0125000
NODE_52292_length_460_cov_172.986150	41	121	540	1	80	0.0125000
NODE_52292_length_460_cov_172.986150	41	121	541	2	80	0.0250000
NODE_52292_length_460_cov_172.986150	41	121	542	1	80	0.0125000
NODE_52292_length_460_cov_172.986150	41	121	543	3	80	0.0375000
NODE_52292_length_460_cov_172.986150	41	121	546	1	80	0.0125000
NODE_52292_length_460_cov_172.986150	41	121	547	1	80	0.0125000
NODE_52292_length_460_cov_172.986150	41	121	553	1	80	0.0125000
NODE_52292_length_460_cov_172.986150	41	121	557	2	80	0.0250000
NODE_52292_length_460_cov_172.986150	41	121	561	1	80	0.0125000
NODE_52292_length_460_cov_172.986150	41	121	562	1	80	0.0125000
NODE_52292_length_460_cov_172.986150	41	121	563	2	80	0.0250000
NODE_52292_length_460_cov_172.986150	41	121	568	1	80	0.0125000
NODE_52292_length_460_cov_172.986150	41	121	579	1	80	0.0125000
NODE_52292_length_460_cov_172.986150	41	121	588	1	80	0.0125000
NODE_52292_length_460_cov_172.986150	41	121	592	3	80	0.0375000
NODE_52292_length_460_cov_172.986150	41	121	596	1	80	0.0125000
NODE_52293_length_460_cov_62.512465	9	48	2	7	39	0.1794872
NODE_52293_length_460_cov_62.512465	9	48	4	6	39	0.1538462
NODE_52293_length_460_cov_62.512465	9	48	5	5	39	0.1282051
NODE_52293_length_460_cov_62.512465	9	48	6	10	39	0.2564103
NODE_52293_length_460_cov_62.512465	9	48	8	11	39	0.2820513
NODE_52294_length_460_cov_33.146814	0	47	0	47	47	1.0000000
NODE_52294_length_460_cov_33.146814	43	115	0	72	72	1.0000000
NODE_52294_length_460_cov_33.146814	96	165	0	69	69	1.0000000
NODE_52295_length_460_cov_26.049861	0	63	7	5	63	0.0793651
NODE_52295_length_460_cov_26.049861	0	63	10	2	63	0.0317460
NODE_52295_length_460_cov_26.049861	0	63	17	1	63	0.0158730
NODE_52295_length_460_cov_26.049861	0	63	18	10	63	0.1587302
NODE_52295_length_460_cov_26.049861	0	63	20	11	63	0.1746032
NODE_52295_length_460_cov_26.049861	0	63	22	8	63	0.1269841
NODE_52295_length_460_cov_26.049861	0	63	26	7	63	0.1111111
NODE_52295_length_460_cov_26.049861	0	63	29	3	63	0.0476190
NODE_52295_length_460_cov_26.049861	0	63	35	2	63	0.0317460
NODE_52295_length_460_cov_26.049861	0	63	37	1	63	0.0158730
NODE_52295_length_460_cov_26.049861	0	63	39	1	63	0.0158730
NODE_52295_length_460_cov_26.049861	0	63	41	1	63	0.0158730
NODE_52295_length_460_cov_26.049861	0	63	43	4	63	0.0634921
NODE_52295_length_460_cov_26.049861	0	63	45	1	63	0.0158730
NODE_52295_length_460_cov_26.049861	0	63	49	6	63	0.0952381
NODE_52296_length_460_cov_25.709141	246	326	0	80	80	1.0000000
NODE_52296_length_460_cov_25.709141	299	379	0	80	80	1.0000000
NODE_52297_length_460_cov_11.063712	273	353	0	80	80	1.0000000
NODE_52297_length_460_cov_11.063712	326	406	0	80	80	1.0000000
NODE_52303_length_460_cov_7.285319	172	250	0	40	78	0.5128205
NODE_52303_length_460_cov_7.285319	172	250	1	23	78	0.2948718
NODE_52303_length_460_cov_7.285319	172	250	2	15	78	0.1923077
NODE_52312_length_460_cov_5.163435	120	200	2	7	80	0.0875000
NODE_52312_length_460_cov_5.163435	120	200	7	1	80	0.0125000
NODE_52312_length_460_cov_5.163435	120	200	8	35	80	0.4375000
NODE_52312_length_460_cov_5.163435	120	200	10	37	80	0.4625000
NODE_52312_length_460_cov_5.163435	173	253	6	15	80	0.1875000
NODE_52312_length_460_cov_5.163435	173	253	8	18	80	0.2250000
NODE_52312_length_460_cov_5.163435	173	253	10	47	80	0.5875000
NODE_52333_length_460_cov_3.457064	150	230	0	35	80	0.4375000
NODE_52333_length_460_cov_3.457064	150	230	2	45	80	0.5625000
NODE_52333_length_460_cov_3.457064	203	246	2	43	43	1.0000000
NODE_52339_length_460_cov_3.027701	167	230	0	20	63	0.3174603
NODE_52339_length_460_cov_3.027701	167	230	2	43	63	0.6825397
NODE_52347_length_460_cov_2.819945	195	266	0	9	71	0.1267606
NODE_52347_length_460_cov_2.819945	195	266	2	31	71	0.4366197
NODE_52347_length_460_cov_2.819945	195	266	6	31	71	0.4366197
NODE_52358_length_460_cov_2.626039	223	277	10	1	54	0.0185185
NODE_52358_length_460_cov_2.626039	223	277	12	53	54	0.9814815
NODE_52612_length_459_cov_34.927778	165	239	0	15	74	0.2027027
NODE_52612_length_459_cov_34.927778	165	239	2	10	74	0.1351351
NODE_52612_length_459_cov_34.927778	165	239	6	49	74	0.6621622
NODE_52612_length_459_cov_34.927778	212	292	0	26	80	0.3250000
NODE_52612_length_459_cov_34.927778	212	292	4	26	80	0.3250000
NODE_52612_length_459_cov_34.927778	212	292	6	28	80	0.3500000
NODE_52617_length_459_cov_7.261111	143	189	0	46	46	1.0000000
NODE_52617_length_459_cov_7.261111	162	242	0	80	80	1.0000000
NODE_52635_length_459_cov_4.127778	153	233	0	15	80	0.1875000
NODE_52635_length_459_cov_4.127778	153	233	2	65	80	0.8125000
NODE_52685_length_459_cov_2.158333	219	285	0	26	66	0.3939394
NODE_52685_length_459_cov_2.158333	219	285	2	40	66	0.6060606
NODE_52685_length_459_cov_2.158333	283	342	0	59	59	1.0000000
NODE_52704_length_459_cov_1.722222	280	353	0	6	73	0.0821918
NODE_52704_length_459_cov_1.722222	280	353	2	8	73	0.1095890
NODE_52704_length_459_cov_1.722222	280	353	4	1	73	0.0136986
NODE_52704_length_459_cov_1.722222	280	353	6	17	73	0.2328767
NODE_52704_length_459_cov_1.722222	280	353	8	41	73	0.5616438
NODE_52920_length_458_cov_71.047354	0	51	0	51	51	1.0000000
NODE_52920_length_458_cov_71.047354	24	104	0	80	80	1.0000000
NODE_52920_length_458_cov_71.047354	100	180	0	18	80	0.2250000
NODE_52920_length_458_cov_71.047354	100	180	2	31	80	0.3875000
NODE_52920_length_458_cov_71.047354	100	180	6	31	80	0.3875000
NODE_52920_length_458_cov_71.047354	153	233	2	1	80	0.0125000
NODE_52920_length_458_cov_71.047354	153	233	6	72	80	0.9000000
NODE_52920_length_458_cov_71.047354	153	233	8	7	80	0.0875000
NODE_52921_length_458_cov_47.966574	151	231	0	80	80	1.0000000
NODE_52921_length_458_cov_47.966574	204	284	0	80	80	1.0000000
NODE_52921_length_458_cov_47.966574	280	360	0	80	80	1.0000000
NODE_52921_length_458_cov_47.966574	333	413	0	80	80	1.0000000
NODE_52924_length_458_cov_9.935933	267	347	0	23	80	0.2875000
NODE_52924_length_458_cov_9.935933	267	347	4	57	80	0.7125000
NODE_52924_length_458_cov_9.935933	320	400	0	76	80	0.9500000
NODE_52924_length_458_cov_9.935933	320	400	4	4	80	0.0500000
NODE_52929_length_458_cov_7.598886	87	167	6	14	80	0.1750000
NODE_52929_length_458_cov_7.598886	87	167	8	38	80	0.4750000
NODE_52929_length_458_cov_7.598886	87	167	10	28	80	0.3500000
NODE_52967_length_458_cov_3.061281	62	91	0	29	29	1.0000000
NODE_52967_length_458_cov_3.061281	185	224	2	39	39	1.0000000
NODE_52992_length_458_cov_2.454039	210	251	2	41	41	1.0000000
NODE_53107_length_458_cov_1.139276	242	289	2	47	47	1.0000000
NODE_53107_length_458_cov_1.139276	262	328	0	7	66	0.1060606
NODE_53107_length_458_cov_1.139276	262	328	2	59	66	0.8939394
NODE_53205_length_457_cov_20.754190	123	203	0	80	80	1.0000000
NODE_53205_length_457_cov_20.754190	176	256	0	80	80	1.0000000
NODE_53207_length_457_cov_13.918994	218	298	0	80	80	1.0000000
NODE_53207_length_457_cov_13.918994	218	298	0	80	80	1.0000000
NODE_53207_length_457_cov_13.918994	218	298	0	80	80	1.0000000
NODE_53207_length_457_cov_13.918994	218	298	0	80	80	1.0000000
NODE_53207_length_457_cov_13.918994	271	320	0	49	49	1.0000000
NODE_53207_length_457_cov_13.918994	271	320	0	49	49	1.0000000
NODE_53207_length_457_cov_13.918994	271	320	0	49	49	1.0000000
NODE_53216_length_457_cov_6.050279	264	326	0	30	62	0.4838710
NODE_53216_length_457_cov_6.050279	264	326	2	11	62	0.1774193
NODE_53216_length_457_cov_6.050279	264	326	4	21	62	0.3387097
NODE_53220_length_457_cov_5.078212	71	149	0	78	78	1.0000000
NODE_53220_length_457_cov_5.078212	122	202	0	37	80	0.4625000
NODE_53220_length_457_cov_5.078212	122	202	2	43	80	0.5375000
NODE_53225_length_457_cov_4.530726	193	273	0	18	80	0.2250000
NODE_53225_length_457_cov_4.530726	193	273	2	62	80	0.7750000
NODE_53225_length_457_cov_4.530726	246	315	0	60	69	0.8695652
NODE_53225_length_457_cov_4.530726	246	315	2	9	69	0.1304348
NODE_53230_length_457_cov_3.986034	192	272	0	80	80	1.0000000
NODE_53267_length_457_cov_2.636872	117	197	2	18	80	0.2250000
NODE_53267_length_457_cov_2.636872	117	197	3	12	80	0.1500000
NODE_53267_length_457_cov_2.636872	117	197	4	31	80	0.3875000
NODE_53267_length_457_cov_2.636872	117	197	5	2	80	0.0250000
NODE_53267_length_457_cov_2.636872	117	197	7	17	80	0.2125000
NODE_53462_length_457_cov_0.916201	108	188	0	80	80	1.0000000
NODE_53462_length_457_cov_0.916201	108	188	0	80	80	1.0000000
NODE_53462_length_457_cov_0.916201	161	241	0	80	80	1.0000000
NODE_53462_length_457_cov_0.916201	161	241	0	80	80	1.0000000
NODE_53512_length_456_cov_34.731092	0	63	0	2	63	0.0317460
NODE_53512_length_456_cov_34.731092	0	63	1	61	63	0.9682540
NODE_53512_length_456_cov_34.731092	36	116	1	80	80	1.0000000
NODE_53512_length_456_cov_34.731092	112	194	0	43	82	0.5243902
NODE_53512_length_456_cov_34.731092	112	194	1	39	82	0.4756097
NODE_53532_length_456_cov_4.582633	269	349	0	80	80	1.0000000
NODE_53533_length_456_cov_4.554622	124	206	0	8	82	0.0975610
NODE_53533_length_456_cov_4.554622	124	206	1	2	82	0.0243902
NODE_53533_length_456_cov_4.554622	124	206	2	72	82	0.8780488
NODE_53533_length_456_cov_4.554622	179	263	0	65	84	0.7738096
NODE_53533_length_456_cov_4.554622	179	263	1	2	84	0.0238095
NODE_53533_length_456_cov_4.554622	179	263	2	17	84	0.2023810
NODE_53546_length_456_cov_3.669468	123	186	14	63	63	1.0000000
NODE_53566_length_456_cov_2.921569	302	362	0	60	60	1.0000000
NODE_53859_length_455_cov_113.589888	137	220	1	7	83	0.0843373
NODE_53859_length_455_cov_113.589888	137	220	5	16	83	0.1927711
NODE_53859_length_455_cov_113.589888	137	220	6	4	83	0.0481928
NODE_53859_length_455_cov_113.589888	137	220	7	45	83	0.5421687
NODE_53859_length_455_cov_113.589888	137	220	8	11	83	0.1325301
NODE_53859_length_455_cov_113.589888	198	268	1	51	70	0.7285714
NODE_53859_length_455_cov_113.589888	198	268	2	4	70	0.0571429
NODE_53859_length_455_cov_113.589888	198	268	5	15	70	0.2142857
NODE_53859_length_455_cov_113.589888	269	348	2	29	79	0.3670886
NODE_53859_length_455_cov_113.589888	269	348	3	47	79	0.5949367
NODE_53859_length_455_cov_113.589888	269	348	4	3	79	0.0379747
NODE_53859_length_455_cov_113.589888	321	401	1	37	80	0.4625000
NODE_53859_length_455_cov_113.589888	321	401	3	43	80	0.5375000
NODE_53860_length_455_cov_52.941011	260	340	0	80	80	1.0000000
NODE_53860_length_455_cov_52.941011	313	393	0	80	80	1.0000000
NODE_53863_length_455_cov_8.584270	250	302	0	52	52	1.0000000
NODE_53863_length_455_cov_8.584270	275	355	0	80	80	1.0000000
NODE_53864_length_455_cov_8.084270	146	226	0	20	80	0.2500000
NODE_53864_length_455_cov_8.084270	146	226	2	10	80	0.1250000
NODE_53864_length_455_cov_8.084270	146	226	6	3	80	0.0375000
NODE_53864_length_455_cov_8.084270	146	226	8	8	80	0.1000000
NODE_53864_length_455_cov_8.084270	146	226	10	21	80	0.2625000
NODE_53864_length_455_cov_8.084270	146	226	14	18	80	0.2250000
NODE_53864_length_455_cov_8.084270	199	279	0	73	80	0.9125000
NODE_53864_length_455_cov_8.084270	199	279	2	7	80	0.0875000
NODE_53870_length_455_cov_6.022472	122	203	4	33	81	0.4074074
NODE_53870_length_455_cov_6.022472	122	203	6	48	81	0.5925926
NODE_53872_length_455_cov_5.140449	181	232	0	51	51	1.0000000
NODE_54512_length_453_cov_29.528249	44	124	0	80	80	1.0000000
NODE_54512_length_453_cov_29.528249	97	177	0	80	80	1.0000000
NODE_54512_length_453_cov_29.528249	173	253	0	80	80	1.0000000
NODE_54512_length_453_cov_29.528249	226	301	0	75	75	1.0000000
NODE_54513_length_453_cov_11.146893	95	140	0	45	45	1.0000000
NODE_54513_length_453_cov_11.146893	146	220	0	74	74	1.0000000
NODE_54517_length_453_cov_7.709040	194	252	8	22	58	0.3793103
NODE_54517_length_453_cov_7.709040	194	252	9	2	58	0.0344828
NODE_54517_length_453_cov_7.709040	194	252	10	34	58	0.5862069
NODE_54518_length_453_cov_7.440678	250	319	14	12	69	0.1739130
NODE_54518_length_453_cov_7.440678	250	319	16	15	69	0.2173913
NODE_54518_length_453_cov_7.440678	250	319	20	1	69	0.0144928
NODE_54518_length_453_cov_7.440678	250	319	22	16	69	0.2318841
NODE_54518_length_453_cov_7.440678	250	319	23	1	69	0.0144928
NODE_54518_length_453_cov_7.440678	250	319	29	1	69	0.0144928
NODE_54518_length_453_cov_7.440678	250	319	30	23	69	0.3333333
NODE_54533_length_453_cov_4.282486	190	270	0	80	80	1.0000000
NODE_54533_length_453_cov_4.282486	243	283	0	40	40	1.0000000
NODE_54566_length_453_cov_2.836158	186	266	0	80	80	1.0000000
NODE_54566_length_453_cov_2.836158	239	319	0	80	80	1.0000000
NODE_54592_length_453_cov_2.048023	139	174	2	22	35	0.6285715
NODE_54592_length_453_cov_2.048023	139	174	3	3	35	0.0857143
NODE_54592_length_453_cov_2.048023	139	174	4	10	35	0.2857143
NODE_54600_length_453_cov_2.002825	78	98	0	20	20	1.0000000
NODE_54767_length_453_cov_0.774011	174	195	0	21	21	1.0000000
NODE_54822_length_452_cov_36.028329	0	72	0	58	72	0.8055556
NODE_54822_length_452_cov_36.028329	0	72	4	1	72	0.0138889
NODE_54822_length_452_cov_36.028329	0	72	7	1	72	0.0138889
NODE_54822_length_452_cov_36.028329	0	72	8	12	72	0.1666667
NODE_54822_length_452_cov_36.028329	0	72	0	58	72	0.8055556
NODE_54822_length_452_cov_36.028329	0	72	4	1	72	0.0138889
NODE_54822_length_452_cov_36.028329	0	72	7	1	72	0.0138889
NODE_54822_length_452_cov_36.028329	0	72	8	12	72	0.1666667
NODE_54822_length_452_cov_36.028329	45	99	0	13	54	0.2407407
NODE_54822_length_452_cov_36.028329	45	99	4	1	54	0.0185185
NODE_54822_length_452_cov_36.028329	45	99	7	1	54	0.0185185
NODE_54822_length_452_cov_36.028329	45	99	8	39	54	0.7222222
NODE_54822_length_452_cov_36.028329	45	125	0	13	80	0.1625000
NODE_54822_length_452_cov_36.028329	45	125	4	1	80	0.0125000
NODE_54822_length_452_cov_36.028329	45	125	7	1	80	0.0125000
NODE_54822_length_452_cov_36.028329	45	125	8	65	80	0.8125000
NODE_54823_length_452_cov_17.424929	29	109	0	80	80	1.0000000
NODE_54823_length_452_cov_17.424929	82	162	0	80	80	1.0000000
NODE_54844_length_452_cov_4.317280	141	200	0	59	59	1.0000000
NODE_54886_length_452_cov_2.634561	262	338	0	76	76	1.0000000
NODE_55146_length_451_cov_37.090909	230	310	0	80	80	1.0000000
NODE_55146_length_451_cov_37.090909	283	363	0	80	80	1.0000000
NODE_55147_length_451_cov_16.517045	205	286	0	34	81	0.4197531
NODE_55147_length_451_cov_16.517045	205	286	4	47	81	0.5802469
NODE_55147_length_451_cov_16.517045	259	339	0	38	80	0.4750000
NODE_55147_length_451_cov_16.517045	259	339	4	42	80	0.5250000
NODE_55148_length_451_cov_13.153409	182	262	0	46	80	0.5750000
NODE_55148_length_451_cov_13.153409	182	262	2	34	80	0.4250000
NODE_55148_length_451_cov_13.153409	235	315	0	3	80	0.0375000
NODE_55148_length_451_cov_13.153409	235	315	2	77	80	0.9625000
NODE_55149_length_451_cov_11.926136	141	221	0	80	80	1.0000000
NODE_55149_length_451_cov_11.926136	331	411	0	80	80	1.0000000
NODE_55154_length_451_cov_7.102273	81	143	0	62	62	1.0000000
NODE_55161_length_451_cov_5.610795	1	31	0	30	30	1.0000000
NODE_55161_length_451_cov_5.610795	60	90	9	13	30	0.4333333
NODE_55161_length_451_cov_5.610795	60	90	10	4	30	0.1333333
NODE_55161_length_451_cov_5.610795	60	90	11	13	30	0.4333333
NODE_55166_length_451_cov_5.065341	219	285	4	25	66	0.3787879
NODE_55166_length_451_cov_5.065341	219	285	6	41	66	0.6212121
NODE_55166_length_451_cov_5.065341	272	322	2	10	50	0.2000000
NODE_55166_length_451_cov_5.065341	272	322	4	9	50	0.1800000
NODE_55166_length_451_cov_5.065341	272	322	6	31	50	0.6200000
NODE_55184_length_451_cov_3.696023	253	332	4	2	79	0.0253165
NODE_55184_length_451_cov_3.696023	253	332	6	26	79	0.3291139
NODE_55184_length_451_cov_3.696023	253	332	8	15	79	0.1898734
NODE_55184_length_451_cov_3.696023	253	332	9	1	79	0.0126582
NODE_55184_length_451_cov_3.696023	253	332	10	1	79	0.0126582
NODE_55184_length_451_cov_3.696023	253	332	12	8	79	0.1012658
NODE_55184_length_451_cov_3.696023	253	332	14	26	79	0.3291139
NODE_55188_length_451_cov_3.406250	176	247	2	2	71	0.0281690
NODE_55188_length_451_cov_3.406250	176	247	6	2	71	0.0281690
NODE_55188_length_451_cov_3.406250	176	247	8	2	71	0.0281690
NODE_55188_length_451_cov_3.406250	176	247	10	4	71	0.0563380
NODE_55188_length_451_cov_3.406250	176	247	12	2	71	0.0281690
NODE_55188_length_451_cov_3.406250	176	247	14	1	71	0.0140845
NODE_55188_length_451_cov_3.406250	176	247	16	4	71	0.0563380
NODE_55188_length_451_cov_3.406250	176	247	18	5	71	0.0704225
NODE_55188_length_451_cov_3.406250	176	247	22	24	71	0.3380282
NODE_55188_length_451_cov_3.406250	176	247	24	13	71	0.1830986
NODE_55188_length_451_cov_3.406250	176	247	26	12	71	0.1690141
NODE_55188_length_451_cov_3.406250	220	300	20	12	80	0.1500000
NODE_55188_length_451_cov_3.406250	220	300	22	25	80	0.3125000
NODE_55188_length_451_cov_3.406250	220	300	24	14	80	0.1750000
NODE_55188_length_451_cov_3.406250	220	300	26	21	80	0.2625000
NODE_55188_length_451_cov_3.406250	220	300	28	8	80	0.1000000
NODE_55198_length_451_cov_3.025568	72	148	4	76	76	1.0000000
NODE_55213_length_451_cov_2.607955	84	143	0	59	59	1.0000000
NODE_55213_length_451_cov_2.607955	257	326	0	69	69	1.0000000
NODE_55234_length_451_cov_2.125000	156	224	0	68	68	1.0000000
NODE_55436_length_450_cov_105.723647	317	386	6	67	69	0.9710145
NODE_55436_length_450_cov_105.723647	317	386	12	2	69	0.0289855
NODE_55438_length_450_cov_27.982906	98	120	0	22	22	1.0000000
NODE_55438_length_450_cov_27.982906	225	305	0	80	80	1.0000000
NODE_55438_length_450_cov_27.982906	278	358	0	80	80	1.0000000
NODE_55459_length_450_cov_3.991453	220	290	0	70	70	1.0000000
NODE_55459_length_450_cov_3.991453	223	290	0	67	67	1.0000000
NODE_55459_length_450_cov_3.991453	268	348	0	80	80	1.0000000
NODE_55459_length_450_cov_3.991453	268	348	0	80	80	1.0000000
NODE_55459_length_450_cov_3.991453	278	348	0	70	70	1.0000000
NODE_55459_length_450_cov_3.991453	344	363	0	19	19	1.0000000
NODE_55466_length_450_cov_3.717949	107	177	0	70	70	1.0000000
NODE_55483_length_450_cov_3.162393	99	157	0	50	58	0.8620690
NODE_55483_length_450_cov_3.162393	99	157	2	8	58	0.1379310
NODE_55550_length_450_cov_1.857550	114	172	4	4	58	0.0689655
NODE_55550_length_450_cov_1.857550	114	172	5	4	58	0.0689655
NODE_55550_length_450_cov_1.857550	114	172	6	7	58	0.1206897
NODE_55550_length_450_cov_1.857550	114	172	10	6	58	0.1034483
NODE_55550_length_450_cov_1.857550	114	172	12	10	58	0.1724138
NODE_55550_length_450_cov_1.857550	114	172	14	5	58	0.0862069
NODE_55550_length_450_cov_1.857550	114	172	16	4	58	0.0689655
NODE_55550_length_450_cov_1.857550	114	172	18	5	58	0.0862069
NODE_55550_length_450_cov_1.857550	114	172	20	13	58	0.2241379
NODE_55560_length_450_cov_1.749288	321	376	0	55	55	1.0000000
NODE_55565_length_450_cov_1.723647	101	161	22	4	60	0.0666667
NODE_55565_length_450_cov_1.723647	101	161	26	2	60	0.0333333
NODE_55565_length_450_cov_1.723647	101	161	28	2	60	0.0333333
NODE_55565_length_450_cov_1.723647	101	161	32	5	60	0.0833333
NODE_55565_length_450_cov_1.723647	101	161	34	2	60	0.0333333
NODE_55565_length_450_cov_1.723647	101	161	36	4	60	0.0666667
NODE_55565_length_450_cov_1.723647	101	161	38	10	60	0.1666667
NODE_55565_length_450_cov_1.723647	101	161	40	23	60	0.3833333
NODE_55565_length_450_cov_1.723647	101	161	42	8	60	0.1333333
NODE_55685_length_450_cov_1.017094	116	196	2	80	80	1.0000000
NODE_55761_length_449_cov_46.882857	237	317	1	46	80	0.5750000
NODE_55761_length_449_cov_46.882857	237	317	2	34	80	0.4250000
NODE_55761_length_449_cov_46.882857	290	370	0	4	80	0.0500000
NODE_55761_length_449_cov_46.882857	290	370	1	76	80	0.9500000
NODE_55762_length_449_cov_36.031429	238	318	0	80	80	1.0000000
NODE_55762_length_449_cov_36.031429	291	371	0	80	80	1.0000000
NODE_55783_length_449_cov_4.594286	137	184	0	20	47	0.4255319
NODE_55783_length_449_cov_4.594286	137	184	2	27	47	0.5744681
NODE_55794_length_449_cov_3.797143	204	284	0	4	80	0.0500000
NODE_55794_length_449_cov_3.797143	204	284	2	1	80	0.0125000
NODE_55794_length_449_cov_3.797143	204	284	4	3	80	0.0375000
NODE_55794_length_449_cov_3.797143	204	284	8	10	80	0.1250000
NODE_55794_length_449_cov_3.797143	204	284	10	11	80	0.1375000
NODE_55794_length_449_cov_3.797143	204	284	14	2	80	0.0250000
NODE_55794_length_449_cov_3.797143	204	284	17	1	80	0.0125000
NODE_55794_length_449_cov_3.797143	204	284	26	8	80	0.1000000
NODE_55794_length_449_cov_3.797143	204	284	29	3	80	0.0375000
NODE_55794_length_449_cov_3.797143	204	284	30	37	80	0.4625000
NODE_55844_length_449_cov_2.445714	346	376	0	30	30	1.0000000
NODE_56144_length_448_cov_44.664756	126	206	0	80	80	1.0000000
NODE_56144_length_448_cov_44.664756	179	259	0	80	80	1.0000000
NODE_56145_length_448_cov_36.148997	195	275	0	25	80	0.3125000
NODE_56145_length_448_cov_36.148997	195	275	2	53	80	0.6625000
NODE_56145_length_448_cov_36.148997	195	275	4	2	80	0.0250000
NODE_56145_length_448_cov_36.148997	248	328	0	45	80	0.5625000
NODE_56145_length_448_cov_36.148997	248	328	2	2	80	0.0250000
NODE_56145_length_448_cov_36.148997	248	328	5	1	80	0.0125000
NODE_56145_length_448_cov_36.148997	248	328	6	32	80	0.4000000
NODE_56145_length_448_cov_36.148997	324	404	6	12	80	0.1500000
NODE_56145_length_448_cov_36.148997	324	404	8	68	80	0.8500000
NODE_56145_length_448_cov_36.148997	377	448	0	5	71	0.0704225
NODE_56145_length_448_cov_36.148997	377	448	2	17	71	0.2394366
NODE_56145_length_448_cov_36.148997	377	448	8	49	71	0.6901408
NODE_56146_length_448_cov_31.816619	43	123	2	80	80	1.0000000
NODE_56151_length_448_cov_6.779370	197	277	0	80	80	1.0000000
NODE_56151_length_448_cov_6.779370	250	313	0	36	63	0.5714286
NODE_56151_length_448_cov_6.779370	250	313	1	20	63	0.3174603
NODE_56151_length_448_cov_6.779370	250	313	2	7	63	0.1111111
NODE_56180_length_448_cov_3.664756	148	189	0	5	41	0.1219512
NODE_56180_length_448_cov_3.664756	148	189	2	36	41	0.8780488
NODE_56189_length_448_cov_3.108883	242	324	2	5	82	0.0609756
NODE_56189_length_448_cov_3.108883	242	324	8	10	82	0.1219512
NODE_56189_length_448_cov_3.108883	242	324	10	43	82	0.5243902
NODE_56189_length_448_cov_3.108883	242	324	16	6	82	0.0731707
NODE_56189_length_448_cov_3.108883	242	324	18	18	82	0.2195122
NODE_56233_length_448_cov_2.263610	292	360	2	68	68	1.0000000
NODE_56518_length_447_cov_10.505747	205	234	0	29	29	1.0000000
NODE_56518_length_447_cov_10.505747	267	326	2	11	59	0.1864407
NODE_56518_length_447_cov_10.505747	267	326	3	1	59	0.0169492
NODE_56518_length_447_cov_10.505747	267	326	5	47	59	0.7966102
NODE_56518_length_447_cov_10.505747	299	379	1	6	80	0.0750000
NODE_56518_length_447_cov_10.505747	299	379	3	25	80	0.3125000
NODE_56518_length_447_cov_10.505747	299	379	5	49	80	0.6125000
NODE_56527_length_447_cov_5.767241	176	256	4	69	80	0.8625000
NODE_56527_length_447_cov_5.767241	176	256	6	11	80	0.1375000
NODE_56527_length_447_cov_5.767241	229	309	0	39	80	0.4875000
NODE_56527_length_447_cov_5.767241	229	309	2	2	80	0.0250000
NODE_56527_length_447_cov_5.767241	229	309	4	39	80	0.4875000
NODE_56539_length_447_cov_4.583333	265	289	0	16	24	0.6666667
NODE_56539_length_447_cov_4.583333	265	289	2	8	24	0.3333333
NODE_56545_length_447_cov_4.037356	58	138	0	80	80	1.0000000
NODE_56545_length_447_cov_4.037356	111	191	0	80	80	1.0000000
NODE_56890_length_446_cov_42.527378	239	310	36	29	71	0.4084507
NODE_56890_length_446_cov_42.527378	239	310	37	4	71	0.0563380
NODE_56890_length_446_cov_42.527378	239	310	47	1	71	0.0140845
NODE_56890_length_446_cov_42.527378	239	310	49	2	71	0.0281690
NODE_56890_length_446_cov_42.527378	239	310	50	2	71	0.0281690
NODE_56890_length_446_cov_42.527378	239	310	60	1	71	0.0140845
NODE_56890_length_446_cov_42.527378	239	310	62	14	71	0.1971831
NODE_56890_length_446_cov_42.527378	239	310	63	4	71	0.0563380
NODE_56890_length_446_cov_42.527378	239	310	64	1	71	0.0140845
NODE_56890_length_446_cov_42.527378	239	310	66	5	71	0.0704225
NODE_56890_length_446_cov_42.527378	239	310	67	8	71	0.1126761
NODE_56890_length_446_cov_42.527378	359	433	3	1	74	0.0135135
NODE_56890_length_446_cov_42.527378	359	433	4	1	74	0.0135135
NODE_56890_length_446_cov_42.527378	359	433	6	2	74	0.0270270
NODE_56890_length_446_cov_42.527378	359	433	19	3	74	0.0405405
NODE_56890_length_446_cov_42.527378	359	433	21	2	74	0.0270270
NODE_56890_length_446_cov_42.527378	359	433	22	12	74	0.1621622
NODE_56890_length_446_cov_42.527378	359	433	33	7	74	0.0945946
NODE_56890_length_446_cov_42.527378	359	433	37	16	74	0.2162162
NODE_56890_length_446_cov_42.527378	359	433	38	13	74	0.1756757
NODE_56890_length_446_cov_42.527378	359	433	40	3	74	0.0405405
NODE_56890_length_446_cov_42.527378	359	433	46	4	74	0.0540541
NODE_56890_length_446_cov_42.527378	359	433	50	8	74	0.1081081
NODE_56890_length_446_cov_42.527378	359	433	66	1	74	0.0135135
NODE_56890_length_446_cov_42.527378	359	433	68	1	74	0.0135135
NODE_56891_length_446_cov_12.749280	92	172	4	72	80	0.9000000
NODE_56891_length_446_cov_12.749280	92	172	6	8	80	0.1000000
NODE_56891_length_446_cov_12.749280	145	225	2	16	80	0.2000000
NODE_56891_length_446_cov_12.749280	145	225	4	58	80	0.7250000
NODE_56891_length_446_cov_12.749280	145	225	6	6	80	0.0750000
NODE_56896_length_446_cov_6.902017	175	217	0	42	42	1.0000000
NODE_56902_length_446_cov_5.930836	165	245	0	8	80	0.1000000
NODE_56902_length_446_cov_5.930836	165	245	2	72	80	0.9000000
NODE_56902_length_446_cov_5.930836	165	245	0	8	80	0.1000000
NODE_56902_length_446_cov_5.930836	165	245	2	72	80	0.9000000
NODE_56902_length_446_cov_5.930836	165	235	2	70	70	1.0000000
NODE_56902_length_446_cov_5.930836	218	298	0	61	80	0.7625000
NODE_56902_length_446_cov_5.930836	218	298	2	19	80	0.2375000
NODE_56902_length_446_cov_5.930836	218	297	0	60	79	0.7594936
NODE_56902_length_446_cov_5.930836	218	297	2	19	79	0.2405063
NODE_56919_length_446_cov_3.896254	215	274	8	12	59	0.2033898
NODE_56919_length_446_cov_3.896254	215	274	11	12	59	0.2033898
NODE_56919_length_446_cov_3.896254	215	274	12	35	59	0.5932204
NODE_56934_length_446_cov_3.282421	130	168	0	38	38	1.0000000
NODE_56952_length_446_cov_2.775216	337	417	0	1	80	0.0125000
NODE_56952_length_446_cov_2.775216	337	417	2	20	80	0.2500000
NODE_56952_length_446_cov_2.775216	337	417	4	59	80	0.7375000
NODE_56995_length_446_cov_2.161383	17	97	0	80	80	1.0000000
NODE_57022_length_446_cov_1.907781	196	225	0	6	29	0.2068966
NODE_57022_length_446_cov_1.907781	196	225	2	23	29	0.7931035
NODE_57277_length_445_cov_75.572254	108	188	0	80	80	1.0000000
NODE_57277_length_445_cov_75.572254	161	241	0	80	80	1.0000000
NODE_57277_length_445_cov_75.572254	237	317	0	80	80	1.0000000
NODE_57277_length_445_cov_75.572254	290	370	0	80	80	1.0000000
NODE_57278_length_445_cov_33.973988	83	163	0	25	80	0.3125000
NODE_57278_length_445_cov_33.973988	83	163	2	48	80	0.6000000
NODE_57278_length_445_cov_33.973988	83	163	10	7	80	0.0875000
NODE_57278_length_445_cov_33.973988	136	216	2	20	80	0.2500000
NODE_57278_length_445_cov_33.973988	136	216	8	12	80	0.1500000
NODE_57278_length_445_cov_33.973988	136	216	10	48	80	0.6000000
NODE_57280_length_445_cov_9.323699	78	148	0	70	70	1.0000000
NODE_57280_length_445_cov_9.323699	121	201	0	80	80	1.0000000
NODE_57284_length_445_cov_6.439306	210	282	0	45	72	0.6250000
NODE_57284_length_445_cov_6.439306	210	282	3	12	72	0.1666667
NODE_57284_length_445_cov_6.439306	210	282	4	15	72	0.2083333
NODE_57286_length_445_cov_5.479769	115	184	9	38	69	0.5507246
NODE_57286_length_445_cov_5.479769	115	184	13	3	69	0.0434783
NODE_57286_length_445_cov_5.479769	115	184	15	28	69	0.4057971
NODE_57286_length_445_cov_5.479769	157	237	6	10	80	0.1250000
NODE_57286_length_445_cov_5.479769	157	237	8	27	80	0.3375000
NODE_57286_length_445_cov_5.479769	157	237	13	19	80	0.2375000
NODE_57286_length_445_cov_5.479769	157	237	15	24	80	0.3000000
NODE_57286_length_445_cov_5.479769	233	309	0	21	76	0.2763158
NODE_57286_length_445_cov_5.479769	233	309	2	19	76	0.2500000
NODE_57286_length_445_cov_5.479769	233	309	6	36	76	0.4736842
NODE_57286_length_445_cov_5.479769	286	309	0	4	23	0.1739130
NODE_57286_length_445_cov_5.479769	286	309	2	19	23	0.8260869
NODE_57345_length_445_cov_2.843931	124	199	0	75	75	1.0000000
NODE_57352_length_445_cov_2.682081	202	248	0	46	46	1.0000000
NODE_57400_length_445_cov_1.884393	252	332	0	80	80	1.0000000
NODE_57409_length_445_cov_1.783237	132	203	1	3	71	0.0422535
NODE_57409_length_445_cov_1.783237	132	203	2	68	71	0.9577465
NODE_57409_length_445_cov_1.783237	256	331	0	75	75	1.0000000
NODE_57409_length_445_cov_1.783237	256	278	0	22	22	1.0000000
NODE_57644_length_444_cov_34.075362	243	323	0	80	80	1.0000000
NODE_57644_length_444_cov_34.075362	296	376	0	80	80	1.0000000
NODE_57645_length_444_cov_22.524638	98	178	0	14	80	0.1750000
NODE_57645_length_444_cov_22.524638	98	178	2	66	80	0.8250000
NODE_57645_length_444_cov_22.524638	151	231	0	58	80	0.7250000
NODE_57645_length_444_cov_22.524638	151	231	2	22	80	0.2750000
NODE_57646_length_444_cov_16.544928	263	343	0	80	80	1.0000000
NODE_57646_length_444_cov_16.544928	316	396	0	80	80	1.0000000
NODE_57647_length_444_cov_12.684058	293	373	0	80	80	1.0000000
NODE_57647_length_444_cov_12.684058	346	426	0	80	80	1.0000000
NODE_57649_length_444_cov_9.284058	176	256	0	80	80	1.0000000
NODE_57649_length_444_cov_9.284058	229	309	0	80	80	1.0000000
NODE_57666_length_444_cov_5.159420	170	241	0	71	71	1.0000000
NODE_57668_length_444_cov_5.060870	201	245	12	1	44	0.0227273
NODE_57668_length_444_cov_5.060870	201	245	23	2	44	0.0454545
NODE_57668_length_444_cov_5.060870	201	245	24	1	44	0.0227273
NODE_57668_length_444_cov_5.060870	201	245	25	3	44	0.0681818
NODE_57668_length_444_cov_5.060870	201	245	26	37	44	0.8409091
NODE_57668_length_444_cov_5.060870	218	298	0	6	80	0.0750000
NODE_57668_length_444_cov_5.060870	218	298	8	1	80	0.0125000
NODE_57668_length_444_cov_5.060870	218	298	10	1	80	0.0125000
NODE_57668_length_444_cov_5.060870	218	298	12	10	80	0.1250000
NODE_57668_length_444_cov_5.060870	218	298	25	2	80	0.0250000
NODE_57668_length_444_cov_5.060870	218	298	26	60	80	0.7500000
NODE_57717_length_444_cov_2.744928	73	136	6	6	63	0.0952381
NODE_57717_length_444_cov_2.744928	73	136	8	20	63	0.3174603
NODE_57717_length_444_cov_2.744928	73	136	10	13	63	0.2063492
NODE_57717_length_444_cov_2.744928	73	136	12	3	63	0.0476190
NODE_57717_length_444_cov_2.744928	73	136	14	21	63	0.3333333
NODE_57770_length_444_cov_2.028986	46	113	50	1	67	0.0149254
NODE_57770_length_444_cov_2.028986	46	113	62	1	67	0.0149254
NODE_57770_length_444_cov_2.028986	46	113	63	2	67	0.0298507
NODE_57770_length_444_cov_2.028986	46	113	65	1	67	0.0149254
NODE_57770_length_444_cov_2.028986	46	113	67	1	67	0.0149254
NODE_57770_length_444_cov_2.028986	46	113	69	2	67	0.0298507
NODE_57770_length_444_cov_2.028986	46	113	70	1	67	0.0149254
NODE_57770_length_444_cov_2.028986	46	113	72	1	67	0.0149254
NODE_57770_length_444_cov_2.028986	46	113	78	1	67	0.0149254
NODE_57770_length_444_cov_2.028986	46	113	80	2	67	0.0298507
NODE_57770_length_444_cov_2.028986	46	113	84	2	67	0.0298507
NODE_57770_length_444_cov_2.028986	46	113	86	2	67	0.0298507
NODE_57770_length_444_cov_2.028986	46	113	90	3	67	0.0447761
NODE_57770_length_444_cov_2.028986	46	113	92	2	67	0.0298507
NODE_57770_length_444_cov_2.028986	46	113	96	1	67	0.0149254
NODE_57770_length_444_cov_2.028986	46	113	100	1	67	0.0149254
NODE_57770_length_444_cov_2.028986	46	113	108	1	67	0.0149254
NODE_57770_length_444_cov_2.028986	46	113	110	2	67	0.0298507
NODE_57770_length_444_cov_2.028986	46	113	114	1	67	0.0149254
NODE_57770_length_444_cov_2.028986	46	113	116	1	67	0.0149254
NODE_57770_length_444_cov_2.028986	46	113	124	1	67	0.0149254
NODE_57770_length_444_cov_2.028986	46	113	126	2	67	0.0298507
NODE_57770_length_444_cov_2.028986	46	113	128	1	67	0.0149254
NODE_57770_length_444_cov_2.028986	46	113	130	1	67	0.0149254
NODE_57770_length_444_cov_2.028986	46	113	134	2	67	0.0298507
NODE_57770_length_444_cov_2.028986	46	113	139	2	67	0.0298507
NODE_57770_length_444_cov_2.028986	46	113	142	1	67	0.0149254
NODE_57770_length_444_cov_2.028986	46	113	143	1	67	0.0149254
NODE_57770_length_444_cov_2.028986	46	113	151	1	67	0.0149254
NODE_57770_length_444_cov_2.028986	46	113	157	1	67	0.0149254
NODE_57770_length_444_cov_2.028986	46	113	159	3	67	0.0447761
NODE_57770_length_444_cov_2.028986	46	113	161	2	67	0.0298507
NODE_57770_length_444_cov_2.028986	46	113	167	2	67	0.0298507
NODE_57770_length_444_cov_2.028986	46	113	169	3	67	0.0447761
NODE_57770_length_444_cov_2.028986	46	113	171	1	67	0.0149254
NODE_57770_length_444_cov_2.028986	46	113	173	1	67	0.0149254
NODE_57770_length_444_cov_2.028986	46	113	175	2	67	0.0298507
NODE_57770_length_444_cov_2.028986	46	113	177	1	67	0.0149254
NODE_57770_length_444_cov_2.028986	46	113	180	1	67	0.0149254
NODE_57770_length_444_cov_2.028986	46	113	182	8	67	0.1194030
NODE_57770_length_444_cov_2.028986	46	113	184	1	67	0.0149254
NODE_57770_length_444_cov_2.028986	86	166	102	2	80	0.0250000
NODE_57770_length_444_cov_2.028986	86	166	106	1	80	0.0125000
NODE_57770_length_444_cov_2.028986	86	166	116	1	80	0.0125000
NODE_57770_length_444_cov_2.028986	86	166	124	1	80	0.0125000
NODE_57770_length_444_cov_2.028986	86	166	127	2	80	0.0250000
NODE_57770_length_444_cov_2.028986	86	166	128	1	80	0.0125000
NODE_57770_length_444_cov_2.028986	86	166	130	2	80	0.0250000
NODE_57770_length_444_cov_2.028986	86	166	134	3	80	0.0375000
NODE_57770_length_444_cov_2.028986	86	166	136	1	80	0.0125000
NODE_57770_length_444_cov_2.028986	86	166	141	1	80	0.0125000
NODE_57770_length_444_cov_2.028986	86	166	151	3	80	0.0375000
NODE_57770_length_444_cov_2.028986	86	166	156	1	80	0.0125000
NODE_57770_length_444_cov_2.028986	86	166	157	1	80	0.0125000
NODE_57770_length_444_cov_2.028986	86	166	159	3	80	0.0375000
NODE_57770_length_444_cov_2.028986	86	166	161	4	80	0.0500000
NODE_57770_length_444_cov_2.028986	86	166	162	1	80	0.0125000
NODE_57770_length_444_cov_2.028986	86	166	166	5	80	0.0625000
NODE_57770_length_444_cov_2.028986	86	166	167	2	80	0.0250000
NODE_57770_length_444_cov_2.028986	86	166	168	5	80	0.0625000
NODE_57770_length_444_cov_2.028986	86	166	169	3	80	0.0375000
NODE_57770_length_444_cov_2.028986	86	166	170	2	80	0.0250000
NODE_57770_length_444_cov_2.028986	86	166	171	1	80	0.0125000
NODE_57770_length_444_cov_2.028986	86	166	172	4	80	0.0500000
NODE_57770_length_444_cov_2.028986	86	166	173	1	80	0.0125000
NODE_57770_length_444_cov_2.028986	86	166	174	3	80	0.0375000
NODE_57770_length_444_cov_2.028986	86	166	175	2	80	0.0250000
NODE_57770_length_444_cov_2.028986	86	166	176	5	80	0.0625000
NODE_57770_length_444_cov_2.028986	86	166	177	1	80	0.0125000
NODE_57770_length_444_cov_2.028986	86	166	178	8	80	0.1000000
NODE_57770_length_444_cov_2.028986	86	166	180	1	80	0.0125000
NODE_57770_length_444_cov_2.028986	86	166	182	8	80	0.1000000
NODE_57770_length_444_cov_2.028986	86	166	184	1	80	0.0125000
NODE_57873_length_444_cov_1.234783	335	407	0	72	72	1.0000000
NODE_57892_length_444_cov_1.173913	7	87	6	80	80	1.0000000
NODE_58026_length_443_cov_71.284884	209	289	4	6	80	0.0750000
NODE_58026_length_443_cov_71.284884	209	289	6	26	80	0.3250000
NODE_58026_length_443_cov_71.284884	209	289	8	3	80	0.0375000
NODE_58026_length_443_cov_71.284884	209	289	10	45	80	0.5625000
NODE_58026_length_443_cov_71.284884	262	342	2	43	80	0.5375000
NODE_58026_length_443_cov_71.284884	262	342	4	16	80	0.2000000
NODE_58026_length_443_cov_71.284884	262	342	6	21	80	0.2625000
NODE_58026_length_443_cov_71.284884	338	418	0	66	80	0.8250000
NODE_58026_length_443_cov_71.284884	338	418	2	14	80	0.1750000
NODE_58026_length_443_cov_71.284884	391	443	0	52	52	1.0000000
NODE_58027_length_443_cov_68.973837	314	394	0	2	80	0.0250000
NODE_58027_length_443_cov_68.973837	314	394	4	78	80	0.9750000
NODE_58027_length_443_cov_68.973837	367	443	0	38	76	0.5000000
NODE_58027_length_443_cov_68.973837	367	443	2	1	76	0.0131579
NODE_58027_length_443_cov_68.973837	367	443	4	37	76	0.4868421
NODE_58028_length_443_cov_61.116279	34	114	0	18	80	0.2250000
NODE_58028_length_443_cov_61.116279	34	114	2	62	80	0.7750000
NODE_58028_length_443_cov_61.116279	87	167	2	80	80	1.0000000
NODE_58041_length_443_cov_4.895349	127	207	0	4	80	0.0500000
NODE_58041_length_443_cov_4.895349	127	207	3	57	80	0.7125000
NODE_58041_length_443_cov_4.895349	127	207	5	12	80	0.1500000
NODE_58041_length_443_cov_4.895349	127	207	6	7	80	0.0875000
NODE_58086_length_443_cov_2.581395	121	195	0	3	74	0.0405405
NODE_58086_length_443_cov_2.581395	121	195	2	7	74	0.0945946
NODE_58086_length_443_cov_2.581395	121	195	4	62	74	0.8378378
NODE_58086_length_443_cov_2.581395	121	195	8	2	74	0.0270270
NODE_58088_length_443_cov_2.508721	297	347	0	50	50	1.0000000
NODE_58088_length_443_cov_2.508721	320	395	0	75	75	1.0000000
NODE_58091_length_443_cov_2.456395	114	192	0	78	78	1.0000000
NODE_58091_length_443_cov_2.456395	118	141	0	23	23	1.0000000
NODE_58237_length_443_cov_1.151163	144	224	10	16	80	0.2000000
NODE_58237_length_443_cov_1.151163	144	224	14	6	80	0.0750000
NODE_58237_length_443_cov_1.151163	144	224	16	6	80	0.0750000
NODE_58237_length_443_cov_1.151163	144	224	19	20	80	0.2500000
NODE_58237_length_443_cov_1.151163	144	224	21	32	80	0.4000000
NODE_58321_length_443_cov_0.715116	52	104	2	17	52	0.3269231
NODE_58321_length_443_cov_0.715116	52	104	4	35	52	0.6730769
NODE_58321_length_443_cov_0.715116	105	146	2	16	41	0.3902439
NODE_58321_length_443_cov_0.715116	105	146	4	2	41	0.0487805
NODE_58321_length_443_cov_0.715116	105	146	6	23	41	0.5609756
NODE_58346_length_442_cov_42.956268	290	375	47	4	85	0.0470588
NODE_58346_length_442_cov_42.956268	290	375	50	7	85	0.0823529
NODE_58346_length_442_cov_42.956268	290	375	57	6	85	0.0705882
NODE_58346_length_442_cov_42.956268	290	375	58	3	85	0.0352941
NODE_58346_length_442_cov_42.956268	290	375	59	3	85	0.0352941
NODE_58346_length_442_cov_42.956268	290	375	60	3	85	0.0352941
NODE_58346_length_442_cov_42.956268	290	375	61	1	85	0.0117647
NODE_58346_length_442_cov_42.956268	290	375	63	1	85	0.0117647
NODE_58346_length_442_cov_42.956268	290	375	67	2	85	0.0235294
NODE_58346_length_442_cov_42.956268	290	375	69	15	85	0.1764706
NODE_58346_length_442_cov_42.956268	290	375	71	40	85	0.4705882
NODE_58346_length_442_cov_42.956268	290	375	47	4	85	0.0470588
NODE_58346_length_442_cov_42.956268	290	375	50	7	85	0.0823529
NODE_58346_length_442_cov_42.956268	290	375	57	6	85	0.0705882
NODE_58346_length_442_cov_42.956268	290	375	58	3	85	0.0352941
NODE_58346_length_442_cov_42.956268	290	375	59	3	85	0.0352941
NODE_58346_length_442_cov_42.956268	290	375	60	3	85	0.0352941
NODE_58346_length_442_cov_42.956268	290	375	61	1	85	0.0117647
NODE_58346_length_442_cov_42.956268	290	375	63	1	85	0.0117647
NODE_58346_length_442_cov_42.956268	290	375	67	2	85	0.0235294
NODE_58346_length_442_cov_42.956268	290	375	69	15	85	0.1764706
NODE_58346_length_442_cov_42.956268	290	375	71	40	85	0.4705882
NODE_58347_length_442_cov_24.093294	225	305	4	13	80	0.1625000
NODE_58347_length_442_cov_24.093294	225	305	5	1	80	0.0125000
NODE_58347_length_442_cov_24.093294	225	305	6	66	80	0.8250000
NODE_58347_length_442_cov_24.093294	278	358	1	2	80	0.0250000
NODE_58347_length_442_cov_24.093294	278	358	2	39	80	0.4875000
NODE_58347_length_442_cov_24.093294	278	358	6	39	80	0.4875000
NODE_58348_length_442_cov_8.956268	173	192	0	19	19	1.0000000
NODE_58361_length_442_cov_5.052478	213	293	0	26	80	0.3250000
NODE_58361_length_442_cov_5.052478	213	293	2	44	80	0.5500000
NODE_58361_length_442_cov_5.052478	213	293	6	10	80	0.1250000
NODE_58361_length_442_cov_5.052478	266	346	2	17	80	0.2125000
NODE_58361_length_442_cov_5.052478	266	346	4	32	80	0.4000000
NODE_58361_length_442_cov_5.052478	266	346	6	31	80	0.3875000
NODE_58376_length_442_cov_3.871720	297	372	13	2	75	0.0266667
NODE_58376_length_442_cov_3.871720	297	372	14	1	75	0.0133333
NODE_58376_length_442_cov_3.871720	297	372	16	5	75	0.0666667
NODE_58376_length_442_cov_3.871720	297	372	17	2	75	0.0266667
NODE_58376_length_442_cov_3.871720	297	372	18	57	75	0.7600000
NODE_58376_length_442_cov_3.871720	297	372	19	8	75	0.1066667
NODE_58376_length_442_cov_3.871720	360	413	11	17	53	0.3207547
NODE_58376_length_442_cov_3.871720	360	413	13	5	53	0.0943396
NODE_58376_length_442_cov_3.871720	360	413	15	4	53	0.0754717
NODE_58376_length_442_cov_3.871720	360	413	17	8	53	0.1509434
NODE_58376_length_442_cov_3.871720	360	413	18	2	53	0.0377358
NODE_58376_length_442_cov_3.871720	360	413	19	17	53	0.3207547
NODE_58378_length_442_cov_3.804665	211	244	0	30	33	0.9090909
NODE_58378_length_442_cov_3.804665	211	244	2	2	33	0.0606061
NODE_58378_length_442_cov_3.804665	211	244	6	1	33	0.0303030
NODE_58405_length_442_cov_3.206997	149	217	8	4	68	0.0588235
NODE_58405_length_442_cov_3.206997	149	217	10	1	68	0.0147059
NODE_58405_length_442_cov_3.206997	149	217	12	6	68	0.0882353
NODE_58405_length_442_cov_3.206997	149	217	14	9	68	0.1323529
NODE_58405_length_442_cov_3.206997	149	217	16	14	68	0.2058824
NODE_58405_length_442_cov_3.206997	149	217	17	10	68	0.1470588
NODE_58405_length_442_cov_3.206997	149	217	19	1	68	0.0147059
NODE_58405_length_442_cov_3.206997	149	217	20	10	68	0.1470588
NODE_58405_length_442_cov_3.206997	149	217	22	3	68	0.0441176
NODE_58405_length_442_cov_3.206997	149	217	24	10	68	0.1470588
NODE_58438_length_442_cov_2.434402	203	274	45	30	71	0.4225352
NODE_58438_length_442_cov_2.434402	203	274	46	36	71	0.5070422
NODE_58438_length_442_cov_2.434402	203	274	48	2	71	0.0281690
NODE_58438_length_442_cov_2.434402	203	274	50	1	71	0.0140845
NODE_58438_length_442_cov_2.434402	203	274	57	2	71	0.0281690
NODE_58438_length_442_cov_2.434402	247	327	42	1	80	0.0125000
NODE_58438_length_442_cov_2.434402	247	327	44	1	80	0.0125000
NODE_58438_length_442_cov_2.434402	247	327	46	22	80	0.2750000
NODE_58438_length_442_cov_2.434402	247	327	48	2	80	0.0250000
NODE_58438_length_442_cov_2.434402	247	327	50	2	80	0.0250000
NODE_58438_length_442_cov_2.434402	247	327	52	1	80	0.0125000
NODE_58438_length_442_cov_2.434402	247	327	54	4	80	0.0500000
NODE_58438_length_442_cov_2.434402	247	327	56	3	80	0.0375000
NODE_58438_length_442_cov_2.434402	247	327	57	2	80	0.0250000
NODE_58438_length_442_cov_2.434402	247	327	58	1	80	0.0125000
NODE_58438_length_442_cov_2.434402	247	327	59	11	80	0.1375000
NODE_58438_length_442_cov_2.434402	247	327	61	18	80	0.2250000
NODE_58438_length_442_cov_2.434402	247	327	63	2	80	0.0250000
NODE_58438_length_442_cov_2.434402	247	327	64	10	80	0.1250000
NODE_58503_length_442_cov_1.746356	95	161	0	43	66	0.6515151
NODE_58503_length_442_cov_1.746356	95	161	2	2	66	0.0303030
NODE_58503_length_442_cov_1.746356	95	161	4	4	66	0.0606061
NODE_58503_length_442_cov_1.746356	95	161	6	5	66	0.0757576
NODE_58503_length_442_cov_1.746356	95	161	8	4	66	0.0606061
NODE_58503_length_442_cov_1.746356	95	161	10	8	66	0.1212121
NODE_58503_length_442_cov_1.746356	95	122	0	25	27	0.9259259
NODE_58503_length_442_cov_1.746356	95	122	2	2	27	0.0740741
NODE_58759_length_441_cov_21.877193	28	108	0	68	80	0.8500000
NODE_58759_length_441_cov_21.877193	28	108	2	12	80	0.1500000
NODE_58759_length_441_cov_21.877193	81	161	0	15	80	0.1875000
NODE_58759_length_441_cov_21.877193	81	161	2	65	80	0.8125000
NODE_58760_length_441_cov_13.546784	152	232	2	13	80	0.1625000
NODE_58760_length_441_cov_13.546784	152	232	3	1	80	0.0125000
NODE_58760_length_441_cov_13.546784	152	232	4	66	80	0.8250000
NODE_58760_length_441_cov_13.546784	205	285	2	43	80	0.5375000
NODE_58760_length_441_cov_13.546784	205	285	4	28	80	0.3500000
NODE_58760_length_441_cov_13.546784	205	285	6	9	80	0.1125000
NODE_58771_length_441_cov_5.710526	200	280	0	80	80	1.0000000
NODE_58771_length_441_cov_5.710526	253	333	0	80	80	1.0000000
NODE_58817_length_441_cov_3.096491	240	324	0	82	84	0.9761904
NODE_58817_length_441_cov_3.096491	240	324	2	2	84	0.0238095
NODE_58820_length_441_cov_3.023392	105	163	4	4	58	0.0689655
NODE_58820_length_441_cov_3.023392	105	163	5	1	58	0.0172414
NODE_58820_length_441_cov_3.023392	105	163	6	2	58	0.0344828
NODE_58820_length_441_cov_3.023392	105	163	10	5	58	0.0862069
NODE_58820_length_441_cov_3.023392	105	163	12	3	58	0.0517241
NODE_58820_length_441_cov_3.023392	105	163	14	31	58	0.5344828
NODE_58820_length_441_cov_3.023392	105	163	16	12	58	0.2068966
NODE_58852_length_441_cov_2.438596	19	99	0	80	80	1.0000000
NODE_58852_length_441_cov_2.438596	72	126	0	54	54	1.0000000
NODE_58970_length_441_cov_1.435673	105	156	0	51	51	1.0000000
NODE_59142_length_440_cov_43.131965	122	202	2	41	80	0.5125000
NODE_59142_length_440_cov_43.131965	122	202	4	39	80	0.4875000
NODE_59142_length_440_cov_43.131965	175	255	0	31	80	0.3875000
NODE_59142_length_440_cov_43.131965	175	255	2	24	80	0.3000000
NODE_59142_length_440_cov_43.131965	175	255	4	25	80	0.3125000
NODE_59142_length_440_cov_43.131965	251	331	0	19	80	0.2375000
NODE_59142_length_440_cov_43.131965	251	331	2	61	80	0.7625000
NODE_59142_length_440_cov_43.131965	304	384	0	45	80	0.5625000
NODE_59142_length_440_cov_43.131965	304	384	2	35	80	0.4375000
NODE_59143_length_440_cov_42.929619	116	196	0	80	80	1.0000000
NODE_59143_length_440_cov_42.929619	169	249	0	80	80	1.0000000
NODE_59147_length_440_cov_8.164223	45	125	0	6	80	0.0750000
NODE_59147_length_440_cov_8.164223	45	125	2	10	80	0.1250000
NODE_59147_length_440_cov_8.164223	45	125	4	64	80	0.8000000
NODE_59147_length_440_cov_8.164223	98	178	0	17	80	0.2125000
NODE_59147_length_440_cov_8.164223	98	178	2	5	80	0.0625000
NODE_59147_length_440_cov_8.164223	98	178	4	58	80	0.7250000
NODE_59157_length_440_cov_5.193548	146	210	2	12	64	0.1875000
NODE_59157_length_440_cov_5.193548	146	210	4	19	64	0.2968750
NODE_59157_length_440_cov_5.193548	146	210	6	33	64	0.5156250
NODE_59157_length_440_cov_5.193548	146	210	2	12	64	0.1875000
NODE_59157_length_440_cov_5.193548	146	210	4	19	64	0.2968750
NODE_59157_length_440_cov_5.193548	146	210	6	33	64	0.5156250
NODE_59157_length_440_cov_5.193548	146	210	2	12	64	0.1875000
NODE_59157_length_440_cov_5.193548	146	210	4	19	64	0.2968750
NODE_59157_length_440_cov_5.193548	146	210	6	33	64	0.5156250
NODE_59164_length_440_cov_4.595308	153	233	4	74	80	0.9250000
NODE_59164_length_440_cov_4.595308	153	233	6	6	80	0.0750000
NODE_59164_length_440_cov_4.595308	153	180	4	21	27	0.7777778
NODE_59164_length_440_cov_4.595308	153	180	6	6	27	0.2222222
NODE_59188_length_440_cov_3.431085	84	150	8	1	66	0.0151515
NODE_59188_length_440_cov_3.431085	84	150	10	65	66	0.9848485
NODE_59191_length_440_cov_3.331378	139	195	0	55	56	0.9821429
NODE_59191_length_440_cov_3.331378	139	195	4	1	56	0.0178571
NODE_59517_length_439_cov_76.552941	0	68	0	5	68	0.0735294
NODE_59517_length_439_cov_76.552941	0	68	4	63	68	0.9264706
NODE_59517_length_439_cov_76.552941	0	68	0	5	68	0.0735294
NODE_59517_length_439_cov_76.552941	0	68	4	63	68	0.9264706
NODE_59517_length_439_cov_76.552941	0	68	0	5	68	0.0735294
NODE_59517_length_439_cov_76.552941	0	68	4	63	68	0.9264706
NODE_59517_length_439_cov_76.552941	1	68	0	4	67	0.0597015
NODE_59517_length_439_cov_76.552941	1	68	4	63	67	0.9402985
NODE_59517_length_439_cov_76.552941	64	144	4	15	80	0.1875000
NODE_59517_length_439_cov_76.552941	64	144	8	18	80	0.2250000
NODE_59517_length_439_cov_76.552941	64	144	10	45	80	0.5625000
NODE_59517_length_439_cov_76.552941	64	144	12	2	80	0.0250000
NODE_59517_length_439_cov_76.552941	64	144	4	15	80	0.1875000
NODE_59517_length_439_cov_76.552941	64	144	8	18	80	0.2250000
NODE_59517_length_439_cov_76.552941	64	144	10	45	80	0.5625000
NODE_59517_length_439_cov_76.552941	64	144	12	2	80	0.0250000
NODE_59517_length_439_cov_76.552941	117	197	8	18	80	0.2250000
NODE_59517_length_439_cov_76.552941	117	197	10	53	80	0.6625000
NODE_59517_length_439_cov_76.552941	117	197	12	9	80	0.1125000
NODE_59517_length_439_cov_76.552941	117	195	8	18	78	0.2307692
NODE_59517_length_439_cov_76.552941	117	195	10	53	78	0.6794872
NODE_59517_length_439_cov_76.552941	117	195	12	7	78	0.0897436
NODE_59533_length_439_cov_4.408824	174	238	2	47	64	0.7343750
NODE_59533_length_439_cov_4.408824	174	238	4	17	64	0.2656250
NODE_59536_length_439_cov_4.255882	258	318	2	14	60	0.2333333
NODE_59536_length_439_cov_4.255882	258	318	4	46	60	0.7666667
NODE_59560_length_439_cov_3.011765	57	128	50	5	71	0.0704225
NODE_59560_length_439_cov_3.011765	57	128	52	3	71	0.0422535
NODE_59560_length_439_cov_3.011765	57	128	53	8	71	0.1126761
NODE_59560_length_439_cov_3.011765	57	128	54	11	71	0.1549296
NODE_59560_length_439_cov_3.011765	57	128	55	5	71	0.0704225
NODE_59560_length_439_cov_3.011765	57	128	56	9	71	0.1267606
NODE_59560_length_439_cov_3.011765	57	128	58	5	71	0.0704225
NODE_59560_length_439_cov_3.011765	57	128	59	3	71	0.0422535
NODE_59560_length_439_cov_3.011765	57	128	60	8	71	0.1126761
NODE_59560_length_439_cov_3.011765	57	128	63	2	71	0.0281690
NODE_59560_length_439_cov_3.011765	57	128	64	10	71	0.1408451
NODE_59560_length_439_cov_3.011765	57	128	66	2	71	0.0281690
NODE_59560_length_439_cov_3.011765	101	140	58	2	39	0.0512821
NODE_59560_length_439_cov_3.011765	101	140	59	3	39	0.0769231
NODE_59560_length_439_cov_3.011765	101	140	60	8	39	0.2051282
NODE_59560_length_439_cov_3.011765	101	140	63	13	39	0.3333333
NODE_59560_length_439_cov_3.011765	101	140	64	11	39	0.2820513
NODE_59560_length_439_cov_3.011765	101	140	66	2	39	0.0512821
NODE_59592_length_439_cov_2.252941	227	269	6	42	42	1.0000000
NODE_59599_length_439_cov_2.135294	116	179	2	30	63	0.4761905
NODE_59599_length_439_cov_2.135294	116	179	3	20	63	0.3174603
NODE_59599_length_439_cov_2.135294	116	179	4	13	63	0.2063492
NODE_59617_length_439_cov_1.929412	388	439	0	51	51	1.0000000
NODE_59897_length_438_cov_29.952802	196	276	0	80	80	1.0000000
NODE_59897_length_438_cov_29.952802	249	329	0	80	80	1.0000000
NODE_59898_length_438_cov_16.330383	225	305	0	15	80	0.1875000
NODE_59898_length_438_cov_16.330383	225	305	2	30	80	0.3750000
NODE_59898_length_438_cov_16.330383	225	305	4	35	80	0.4375000
NODE_59898_length_438_cov_16.330383	278	358	2	29	80	0.3625000
NODE_59898_length_438_cov_16.330383	278	358	4	51	80	0.6375000
NODE_59899_length_438_cov_15.436578	74	154	0	5	80	0.0625000
NODE_59899_length_438_cov_15.436578	74	154	4	75	80	0.9375000
NODE_59899_length_438_cov_15.436578	127	207	0	58	80	0.7250000
NODE_59899_length_438_cov_15.436578	127	207	4	22	80	0.2750000
NODE_59901_length_438_cov_9.306785	256	309	0	6	53	0.1132075
NODE_59901_length_438_cov_9.306785	256	309	1	6	53	0.1132075
NODE_59901_length_438_cov_9.306785	256	309	2	33	53	0.6226415
NODE_59901_length_438_cov_9.306785	256	309	4	8	53	0.1509434
NODE_59901_length_438_cov_9.306785	282	327	2	19	45	0.4222222
NODE_59901_length_438_cov_9.306785	282	327	4	26	45	0.5777778
NODE_59916_length_438_cov_4.808260	46	133	0	34	87	0.3908046
NODE_59916_length_438_cov_4.808260	46	133	4	7	87	0.0804598
NODE_59916_length_438_cov_4.808260	46	133	6	46	87	0.5287356
NODE_59916_length_438_cov_4.808260	106	186	6	80	80	1.0000000
NODE_59920_length_438_cov_4.622419	135	184	2	49	49	1.0000000
NODE_59936_length_438_cov_3.651917	86	166	0	20	80	0.2500000
NODE_59936_length_438_cov_3.651917	86	166	2	60	80	0.7500000
NODE_59936_length_438_cov_3.651917	139	219	0	1	80	0.0125000
NODE_59936_length_438_cov_3.651917	139	219	2	79	80	0.9875000
NODE_59952_length_438_cov_3.109145	215	273	0	58	58	1.0000000
NODE_59957_length_438_cov_3.005900	175	258	0	83	83	1.0000000
NODE_60317_length_437_cov_57.260355	272	352	0	80	80	1.0000000
NODE_60317_length_437_cov_57.260355	325	405	0	80	80	1.0000000
NODE_60318_length_437_cov_40.964497	0	73	0	73	73	1.0000000
NODE_60318_length_437_cov_40.964497	46	126	0	38	80	0.4750000
NODE_60318_length_437_cov_40.964497	46	126	2	42	80	0.5250000
NODE_60319_length_437_cov_30.843195	140	220	0	80	80	1.0000000
NODE_60319_length_437_cov_30.843195	193	273	0	80	80	1.0000000
NODE_60320_length_437_cov_14.736686	164	244	0	80	80	1.0000000
NODE_60320_length_437_cov_14.736686	217	297	0	80	80	1.0000000
NODE_60331_length_437_cov_6.032544	249	320	0	71	71	1.0000000
NODE_60332_length_437_cov_6.020710	272	352	4	51	80	0.6375000
NODE_60332_length_437_cov_6.020710	272	352	6	29	80	0.3625000
NODE_60332_length_437_cov_6.020710	325	405	2	33	80	0.4125000
NODE_60332_length_437_cov_6.020710	325	405	6	47	80	0.5875000
NODE_60336_length_437_cov_5.526627	129	209	0	80	80	1.0000000
NODE_60336_length_437_cov_5.526627	182	262	0	80	80	1.0000000
NODE_60348_length_437_cov_4.505917	247	327	0	33	80	0.4125000
NODE_60348_length_437_cov_4.505917	247	327	1	30	80	0.3750000
NODE_60348_length_437_cov_4.505917	247	327	3	17	80	0.2125000
NODE_60361_length_437_cov_3.470414	204	259	0	55	55	1.0000000
NODE_60369_length_437_cov_3.301775	95	149	0	6	54	0.1111111
NODE_60369_length_437_cov_3.301775	95	149	2	48	54	0.8888889
NODE_60381_length_437_cov_2.911243	91	171	0	10	80	0.1250000
NODE_60381_length_437_cov_2.911243	91	171	2	22	80	0.2750000
NODE_60381_length_437_cov_2.911243	91	171	4	9	80	0.1125000
NODE_60381_length_437_cov_2.911243	91	171	6	1	80	0.0125000
NODE_60381_length_437_cov_2.911243	91	171	8	11	80	0.1375000
NODE_60381_length_437_cov_2.911243	91	171	10	1	80	0.0125000
NODE_60381_length_437_cov_2.911243	91	171	12	8	80	0.1000000
NODE_60381_length_437_cov_2.911243	91	171	14	18	80	0.2250000
NODE_60400_length_437_cov_2.650888	190	239	0	49	49	1.0000000
NODE_60400_length_437_cov_2.650888	212	292	0	69	80	0.8625000
NODE_60400_length_437_cov_2.650888	212	292	2	11	80	0.1375000
NODE_60411_length_437_cov_2.514793	292	333	0	41	41	1.0000000
NODE_60509_length_437_cov_1.473373	252	324	4	13	72	0.1805556
NODE_60509_length_437_cov_1.473373	252	324	6	59	72	0.8194444
NODE_60709_length_436_cov_125.940653	204	284	8	5	80	0.0625000
NODE_60709_length_436_cov_125.940653	204	284	10	26	80	0.3250000
NODE_60709_length_436_cov_125.940653	204	284	12	1	80	0.0125000
NODE_60709_length_436_cov_125.940653	204	284	14	8	80	0.1000000
NODE_60709_length_436_cov_125.940653	204	284	18	4	80	0.0500000
NODE_60709_length_436_cov_125.940653	204	284	20	2	80	0.0250000
NODE_60709_length_436_cov_125.940653	204	284	32	4	80	0.0500000
NODE_60709_length_436_cov_125.940653	204	284	34	1	80	0.0125000
NODE_60709_length_436_cov_125.940653	204	284	38	2	80	0.0250000
NODE_60709_length_436_cov_125.940653	204	284	43	4	80	0.0500000
NODE_60709_length_436_cov_125.940653	204	284	45	1	80	0.0125000
NODE_60709_length_436_cov_125.940653	204	284	49	3	80	0.0375000
NODE_60709_length_436_cov_125.940653	204	284	50	1	80	0.0125000
NODE_60709_length_436_cov_125.940653	204	284	53	11	80	0.1375000
NODE_60709_length_436_cov_125.940653	204	284	55	2	80	0.0250000
NODE_60709_length_436_cov_125.940653	204	284	56	3	80	0.0375000
NODE_60709_length_436_cov_125.940653	204	284	58	1	80	0.0125000
NODE_60709_length_436_cov_125.940653	204	284	60	1	80	0.0125000
NODE_60709_length_436_cov_125.940653	255	301	2	15	46	0.3260870
NODE_60709_length_436_cov_125.940653	255	301	4	2	46	0.0434783
NODE_60709_length_436_cov_125.940653	255	301	8	5	46	0.1086956
NODE_60709_length_436_cov_125.940653	255	301	10	24	46	0.5217391
NODE_60709_length_436_cov_125.940653	257	337	2	27	80	0.3375000
NODE_60709_length_436_cov_125.940653	257	337	4	26	80	0.3250000
NODE_60709_length_436_cov_125.940653	257	337	8	5	80	0.0625000
NODE_60709_length_436_cov_125.940653	257	337	10	22	80	0.2750000
NODE_60709_length_436_cov_125.940653	333	413	2	80	80	1.0000000
NODE_60709_length_436_cov_125.940653	386	436	0	23	50	0.4600000
NODE_60709_length_436_cov_125.940653	386	436	2	27	50	0.5400000
NODE_60712_length_436_cov_45.459941	166	246	0	5	80	0.0625000
NODE_60712_length_436_cov_45.459941	166	246	4	1	80	0.0125000
NODE_60712_length_436_cov_45.459941	166	246	6	5	80	0.0625000
NODE_60712_length_436_cov_45.459941	166	246	10	3	80	0.0375000
NODE_60712_length_436_cov_45.459941	166	246	12	66	80	0.8250000
NODE_60712_length_436_cov_45.459941	219	299	4	14	80	0.1750000
NODE_60712_length_436_cov_45.459941	219	299	6	5	80	0.0625000
NODE_60712_length_436_cov_45.459941	219	299	8	32	80	0.4000000
NODE_60712_length_436_cov_45.459941	219	299	12	29	80	0.3625000
NODE_60712_length_436_cov_45.459941	295	375	0	74	80	0.9250000
NODE_60712_length_436_cov_45.459941	295	375	4	6	80	0.0750000
NODE_60712_length_436_cov_45.459941	348	428	0	80	80	1.0000000
NODE_60713_length_436_cov_10.560831	74	154	0	80	80	1.0000000
NODE_60713_length_436_cov_10.560831	127	207	0	80	80	1.0000000
NODE_60716_length_436_cov_8.317507	51	127	0	4	76	0.0526316
NODE_60716_length_436_cov_8.317507	51	127	1	55	76	0.7236842
NODE_60716_length_436_cov_8.317507	51	127	2	17	76	0.2236842
NODE_60716_length_436_cov_8.317507	104	182	1	6	78	0.0769231
NODE_60716_length_436_cov_8.317507	104	182	2	72	78	0.9230769
NODE_60760_length_436_cov_3.109792	153	205	0	52	52	1.0000000
NODE_60786_length_436_cov_2.551929	182	258	0	76	76	1.0000000
NODE_60786_length_436_cov_2.551929	235	315	0	37	80	0.4625000
NODE_60786_length_436_cov_2.551929	235	315	2	43	80	0.5375000
NODE_60934_length_436_cov_1.207715	105	181	2	76	76	1.0000000
NODE_61088_length_435_cov_17.401786	55	135	0	68	80	0.8500000
NODE_61088_length_435_cov_17.401786	55	135	2	12	80	0.1500000
NODE_61088_length_435_cov_17.401786	108	188	0	15	80	0.1875000
NODE_61088_length_435_cov_17.401786	108	188	2	65	80	0.8125000
NODE_61094_length_435_cov_6.910714	113	193	2	8	80	0.1000000
NODE_61094_length_435_cov_6.910714	113	193	3	29	80	0.3625000
NODE_61094_length_435_cov_6.910714	113	193	4	17	80	0.2125000
NODE_61094_length_435_cov_6.910714	113	193	6	26	80	0.3250000
NODE_61094_length_435_cov_6.910714	147	194	2	9	47	0.1914894
NODE_61094_length_435_cov_6.910714	147	194	3	29	47	0.6170213
NODE_61094_length_435_cov_6.910714	147	194	4	9	47	0.1914894
NODE_61094_length_435_cov_6.910714	149	184	3	28	35	0.8000000
NODE_61094_length_435_cov_6.910714	149	184	4	7	35	0.2000000
NODE_61094_length_435_cov_6.910714	151	193	2	8	42	0.1904762
NODE_61094_length_435_cov_6.910714	151	193	3	29	42	0.6904762
NODE_61094_length_435_cov_6.910714	151	193	4	5	42	0.1190476
NODE_61094_length_435_cov_6.910714	166	251	0	38	85	0.4470588
NODE_61094_length_435_cov_6.910714	166	251	2	28	85	0.3294118
NODE_61094_length_435_cov_6.910714	166	251	3	19	85	0.2235294
NODE_61094_length_435_cov_6.910714	167	251	0	38	84	0.4523810
NODE_61094_length_435_cov_6.910714	167	251	2	28	84	0.3333333
NODE_61094_length_435_cov_6.910714	167	251	3	18	84	0.2142857
NODE_61102_length_435_cov_5.630952	159	217	0	58	58	1.0000000
NODE_61102_length_435_cov_5.630952	190	270	0	80	80	1.0000000
NODE_61112_length_435_cov_4.601190	271	309	6	38	38	1.0000000
NODE_61112_length_435_cov_4.601190	282	344	4	3	62	0.0483871
NODE_61112_length_435_cov_4.601190	282	344	6	59	62	0.9516129
NODE_61122_length_435_cov_3.770833	209	240	0	23	31	0.7419355
NODE_61122_length_435_cov_3.770833	209	240	3	8	31	0.2580645
NODE_61137_length_435_cov_2.836310	113	194	14	38	81	0.4691358
NODE_61137_length_435_cov_2.836310	113	194	16	43	81	0.5308642
NODE_61357_length_435_cov_0.988095	286	322	0	36	36	1.0000000
NODE_61451_length_434_cov_136.483582	0	58	19	1	58	0.0172414
NODE_61451_length_434_cov_136.483582	0	58	23	1	58	0.0172414
NODE_61451_length_434_cov_136.483582	0	58	27	1	58	0.0172414
NODE_61451_length_434_cov_136.483582	0	58	44	1	58	0.0172414
NODE_61451_length_434_cov_136.483582	0	58	47	1	58	0.0172414
NODE_61451_length_434_cov_136.483582	0	58	51	1	58	0.0172414
NODE_61451_length_434_cov_136.483582	0	58	53	1	58	0.0172414
NODE_61451_length_434_cov_136.483582	0	58	59	1	58	0.0172414
NODE_61451_length_434_cov_136.483582	0	58	74	1	58	0.0172414
NODE_61451_length_434_cov_136.483582	0	58	82	1	58	0.0172414
NODE_61451_length_434_cov_136.483582	0	58	86	1	58	0.0172414
NODE_61451_length_434_cov_136.483582	0	58	101	2	58	0.0344828
NODE_61451_length_434_cov_136.483582	0	58	105	1	58	0.0172414
NODE_61451_length_434_cov_136.483582	0	58	108	2	58	0.0344828
NODE_61451_length_434_cov_136.483582	0	58	118	1	58	0.0172414
NODE_61451_length_434_cov_136.483582	0	58	120	1	58	0.0172414
NODE_61451_length_434_cov_136.483582	0	58	123	1	58	0.0172414
NODE_61451_length_434_cov_136.483582	0	58	132	2	58	0.0344828
NODE_61451_length_434_cov_136.483582	0	58	136	1	58	0.0172414
NODE_61451_length_434_cov_136.483582	0	58	148	1	58	0.0172414
NODE_61451_length_434_cov_136.483582	0	58	151	2	58	0.0344828
NODE_61451_length_434_cov_136.483582	0	58	153	2	58	0.0344828
NODE_61451_length_434_cov_136.483582	0	58	158	1	58	0.0172414
NODE_61451_length_434_cov_136.483582	0	58	162	1	58	0.0172414
NODE_61451_length_434_cov_136.483582	0	58	164	7	58	0.1206897
NODE_61451_length_434_cov_136.483582	0	58	169	4	58	0.0689655
NODE_61451_length_434_cov_136.483582	0	58	171	13	58	0.2241379
NODE_61451_length_434_cov_136.483582	0	58	173	4	58	0.0689655
NODE_61451_length_434_cov_136.483582	0	58	175	1	58	0.0172414
NODE_61451_length_434_cov_136.483582	31	111	164	5	80	0.0625000
NODE_61451_length_434_cov_136.483582	31	111	169	4	80	0.0500000
NODE_61451_length_434_cov_136.483582	31	111	171	13	80	0.1625000
NODE_61451_length_434_cov_136.483582	31	111	173	4	80	0.0500000
NODE_61451_length_434_cov_136.483582	31	111	175	1	80	0.0125000
NODE_61451_length_434_cov_136.483582	31	111	179	4	80	0.0500000
NODE_61451_length_434_cov_136.483582	31	111	184	1	80	0.0125000
NODE_61451_length_434_cov_136.483582	31	111	186	1	80	0.0125000
NODE_61451_length_434_cov_136.483582	31	111	187	2	80	0.0250000
NODE_61451_length_434_cov_136.483582	31	111	189	3	80	0.0375000
NODE_61451_length_434_cov_136.483582	31	111	191	1	80	0.0125000
NODE_61451_length_434_cov_136.483582	31	111	193	1	80	0.0125000
NODE_61451_length_434_cov_136.483582	31	111	195	1	80	0.0125000
NODE_61451_length_434_cov_136.483582	31	111	203	4	80	0.0500000
NODE_61451_length_434_cov_136.483582	31	111	204	1	80	0.0125000
NODE_61451_length_434_cov_136.483582	31	111	206	8	80	0.1000000
NODE_61451_length_434_cov_136.483582	31	111	208	1	80	0.0125000
NODE_61451_length_434_cov_136.483582	31	111	209	1	80	0.0125000
NODE_61451_length_434_cov_136.483582	31	111	210	2	80	0.0250000
NODE_61451_length_434_cov_136.483582	31	111	211	4	80	0.0500000
NODE_61451_length_434_cov_136.483582	31	111	213	2	80	0.0250000
NODE_61451_length_434_cov_136.483582	31	111	215	3	80	0.0375000
NODE_61451_length_434_cov_136.483582	31	111	217	1	80	0.0125000
NODE_61451_length_434_cov_136.483582	31	111	221	2	80	0.0250000
NODE_61451_length_434_cov_136.483582	31	111	223	4	80	0.0500000
NODE_61451_length_434_cov_136.483582	31	111	225	6	80	0.0750000
NODE_61452_length_434_cov_43.214925	291	366	0	75	75	1.0000000
NODE_61452_length_434_cov_43.214925	344	424	0	80	80	1.0000000
NODE_61452_length_434_cov_43.214925	344	424	0	80	80	1.0000000
NODE_61453_length_434_cov_22.373134	80	160	0	80	80	1.0000000
NODE_61453_length_434_cov_22.373134	133	213	0	80	80	1.0000000
NODE_61455_length_434_cov_11.549254	74	145	0	71	71	1.0000000
NODE_61455_length_434_cov_11.549254	118	198	0	80	80	1.0000000
NODE_61477_length_434_cov_4.125373	191	233	4	42	42	1.0000000
NODE_61477_length_434_cov_4.125373	200	235	4	35	35	1.0000000
NODE_61497_length_434_cov_3.104478	191	263	0	1	72	0.0138889
NODE_61497_length_434_cov_3.104478	191	263	4	1	72	0.0138889
NODE_61497_length_434_cov_3.104478	191	263	8	11	72	0.1527778
NODE_61497_length_434_cov_3.104478	191	263	10	10	72	0.1388889
NODE_61497_length_434_cov_3.104478	191	263	12	49	72	0.6805556
NODE_61528_length_434_cov_2.197015	129	168	0	39	39	1.0000000
NODE_61563_length_434_cov_1.883582	88	133	6	20	45	0.4444444
NODE_61563_length_434_cov_1.883582	88	133	8	25	45	0.5555556
NODE_61563_length_434_cov_1.883582	141	182	4	4	41	0.0975610
NODE_61563_length_434_cov_1.883582	141	182	8	11	41	0.2682927
NODE_61563_length_434_cov_1.883582	141	182	10	24	41	0.5853658
NODE_61563_length_434_cov_1.883582	141	182	12	2	41	0.0487805
NODE_61603_length_434_cov_1.626866	163	243	10	11	80	0.1375000
NODE_61603_length_434_cov_1.626866	163	243	12	2	80	0.0250000
NODE_61603_length_434_cov_1.626866	163	243	22	2	80	0.0250000
NODE_61603_length_434_cov_1.626866	163	243	24	2	80	0.0250000
NODE_61603_length_434_cov_1.626866	163	243	26	28	80	0.3500000
NODE_61603_length_434_cov_1.626866	163	243	30	35	80	0.4375000
NODE_61676_length_434_cov_1.220896	118	198	148	2	80	0.0250000
NODE_61676_length_434_cov_1.220896	118	198	150	2	80	0.0250000
NODE_61676_length_434_cov_1.220896	118	198	152	1	80	0.0125000
NODE_61676_length_434_cov_1.220896	118	198	154	1	80	0.0125000
NODE_61676_length_434_cov_1.220896	118	198	157	1	80	0.0125000
NODE_61676_length_434_cov_1.220896	118	198	159	1	80	0.0125000
NODE_61676_length_434_cov_1.220896	118	198	167	1	80	0.0125000
NODE_61676_length_434_cov_1.220896	118	198	170	1	80	0.0125000
NODE_61676_length_434_cov_1.220896	118	198	172	2	80	0.0250000
NODE_61676_length_434_cov_1.220896	118	198	181	1	80	0.0125000
NODE_61676_length_434_cov_1.220896	118	198	184	1	80	0.0125000
NODE_61676_length_434_cov_1.220896	118	198	189	1	80	0.0125000
NODE_61676_length_434_cov_1.220896	118	198	193	1	80	0.0125000
NODE_61676_length_434_cov_1.220896	118	198	198	1	80	0.0125000
NODE_61676_length_434_cov_1.220896	118	198	200	2	80	0.0250000
NODE_61676_length_434_cov_1.220896	118	198	202	1	80	0.0125000
NODE_61676_length_434_cov_1.220896	118	198	204	1	80	0.0125000
NODE_61676_length_434_cov_1.220896	118	198	208	1	80	0.0125000
NODE_61676_length_434_cov_1.220896	118	198	213	1	80	0.0125000
NODE_61676_length_434_cov_1.220896	118	198	218	1	80	0.0125000
NODE_61676_length_434_cov_1.220896	118	198	219	1	80	0.0125000
NODE_61676_length_434_cov_1.220896	118	198	220	1	80	0.0125000
NODE_61676_length_434_cov_1.220896	118	198	225	1	80	0.0125000
NODE_61676_length_434_cov_1.220896	118	198	229	1	80	0.0125000
NODE_61676_length_434_cov_1.220896	118	198	235	1	80	0.0125000
NODE_61676_length_434_cov_1.220896	118	198	237	2	80	0.0250000
NODE_61676_length_434_cov_1.220896	118	198	238	1	80	0.0125000
NODE_61676_length_434_cov_1.220896	118	198	240	2	80	0.0250000
NODE_61676_length_434_cov_1.220896	118	198	242	2	80	0.0250000
NODE_61676_length_434_cov_1.220896	118	198	245	2	80	0.0250000
NODE_61676_length_434_cov_1.220896	118	198	248	1	80	0.0125000
NODE_61676_length_434_cov_1.220896	118	198	249	1	80	0.0125000
NODE_61676_length_434_cov_1.220896	118	198	250	1	80	0.0125000
NODE_61676_length_434_cov_1.220896	118	198	252	2	80	0.0250000
NODE_61676_length_434_cov_1.220896	118	198	254	7	80	0.0875000
NODE_61676_length_434_cov_1.220896	118	198	258	1	80	0.0125000
NODE_61676_length_434_cov_1.220896	118	198	260	6	80	0.0750000
NODE_61676_length_434_cov_1.220896	118	198	262	8	80	0.1000000
NODE_61676_length_434_cov_1.220896	118	198	264	2	80	0.0250000
NODE_61676_length_434_cov_1.220896	118	198	265	2	80	0.0250000
NODE_61676_length_434_cov_1.220896	118	198	266	1	80	0.0125000
NODE_61676_length_434_cov_1.220896	118	198	268	4	80	0.0500000
NODE_61676_length_434_cov_1.220896	118	198	270	2	80	0.0250000
NODE_61676_length_434_cov_1.220896	118	198	271	1	80	0.0125000
NODE_61676_length_434_cov_1.220896	118	198	273	3	80	0.0375000
NODE_61727_length_434_cov_1.002985	245	286	8	3	41	0.0731707
NODE_61727_length_434_cov_1.002985	245	286	12	1	41	0.0243902
NODE_61727_length_434_cov_1.002985	245	286	14	12	41	0.2926829
NODE_61727_length_434_cov_1.002985	245	286	18	16	41	0.3902439
NODE_61727_length_434_cov_1.002985	245	286	20	9	41	0.2195122
NODE_61727_length_434_cov_1.002985	258	339	14	34	81	0.4197531
NODE_61727_length_434_cov_1.002985	258	339	16	6	81	0.0740741
NODE_61727_length_434_cov_1.002985	258	339	18	32	81	0.3950617
NODE_61727_length_434_cov_1.002985	258	339	20	9	81	0.1111111
NODE_61826_length_433_cov_51.392216	2	82	0	46	80	0.5750000
NODE_61826_length_433_cov_51.392216	2	82	2	14	80	0.1750000
NODE_61826_length_433_cov_51.392216	2	82	6	20	80	0.2500000
NODE_61826_length_433_cov_51.392216	55	135	2	7	80	0.0875000
NODE_61826_length_433_cov_51.392216	55	135	4	21	80	0.2625000
NODE_61826_length_433_cov_51.392216	55	135	6	52	80	0.6500000
NODE_61826_length_433_cov_51.392216	131	213	0	55	82	0.6707317
NODE_61826_length_433_cov_51.392216	131	213	4	27	82	0.3292683
NODE_61826_length_433_cov_51.392216	189	266	0	77	77	1.0000000
NODE_61827_length_433_cov_46.344311	248	328	0	80	80	1.0000000
NODE_61827_length_433_cov_46.344311	301	381	0	80	80	1.0000000
NODE_61828_length_433_cov_41.808383	92	172	0	80	80	1.0000000
NODE_61828_length_433_cov_41.808383	145	225	0	80	80	1.0000000
NODE_61835_length_433_cov_6.227545	157	237	0	80	80	1.0000000
NODE_61836_length_433_cov_6.080838	164	244	4	80	80	1.0000000
NODE_61838_length_433_cov_5.547904	10	80	0	9	70	0.1285714
NODE_61838_length_433_cov_5.547904	10	80	2	2	70	0.0285714
NODE_61838_length_433_cov_5.547904	10	80	4	35	70	0.5000000
NODE_61838_length_433_cov_5.547904	10	80	6	24	70	0.3428572
NODE_61838_length_433_cov_5.547904	51	133	0	1	82	0.0121951
NODE_61838_length_433_cov_5.547904	51	133	2	5	82	0.0609756
NODE_61838_length_433_cov_5.547904	51	133	4	7	82	0.0853659
NODE_61838_length_433_cov_5.547904	51	133	6	69	82	0.8414634
NODE_61839_length_433_cov_5.476048	81	141	2	5	60	0.0833333
NODE_61839_length_433_cov_5.476048	81	141	4	55	60	0.9166667
NODE_61855_length_433_cov_3.907186	77	107	0	9	30	0.3000000
NODE_61855_length_433_cov_3.907186	77	107	2	21	30	0.7000000
NODE_61862_length_433_cov_3.595808	231	316	4	3	85	0.0352941
NODE_61862_length_433_cov_3.595808	231	316	5	6	85	0.0705882
NODE_61862_length_433_cov_3.595808	231	316	14	8	85	0.0941176
NODE_61862_length_433_cov_3.595808	231	316	16	2	85	0.0235294
NODE_61862_length_433_cov_3.595808	231	316	17	31	85	0.3647059
NODE_61862_length_433_cov_3.595808	231	316	19	28	85	0.3294118
NODE_61862_length_433_cov_3.595808	231	316	21	7	85	0.0823529
NODE_61864_length_433_cov_3.526946	107	178	4	22	71	0.3098592
NODE_61864_length_433_cov_3.526946	107	178	6	8	71	0.1126761
NODE_61864_length_433_cov_3.526946	107	178	8	41	71	0.5774648
NODE_61931_length_433_cov_2.137725	123	203	0	27	80	0.3375000
NODE_61931_length_433_cov_2.137725	123	203	3	4	80	0.0500000
NODE_61931_length_433_cov_2.137725	123	203	4	49	80	0.6125000
NODE_62258_length_432_cov_17.540541	150	230	0	80	80	1.0000000
NODE_62258_length_432_cov_17.540541	203	288	0	85	85	1.0000000
NODE_62264_length_432_cov_6.555556	52	82	0	30	30	1.0000000
NODE_62268_length_432_cov_5.720721	77	157	0	80	80	1.0000000
NODE_62268_length_432_cov_5.720721	130	202	0	72	72	1.0000000
NODE_62269_length_432_cov_5.387387	65	95	0	30	30	1.0000000
NODE_62270_length_432_cov_5.345345	271	324	4	1	53	0.0188679
NODE_62270_length_432_cov_5.345345	271	324	8	5	53	0.0943396
NODE_62270_length_432_cov_5.345345	271	324	10	47	53	0.8867925
NODE_62293_length_432_cov_3.678679	78	121	2	43	43	1.0000000
NODE_62304_length_432_cov_3.246246	87	128	26	13	41	0.3170732
NODE_62304_length_432_cov_3.246246	87	128	28	1	41	0.0243902
NODE_62304_length_432_cov_3.246246	87	128	30	3	41	0.0731707
NODE_62304_length_432_cov_3.246246	87	128	36	2	41	0.0487805
NODE_62304_length_432_cov_3.246246	87	128	38	4	41	0.0975610
NODE_62304_length_432_cov_3.246246	87	128	40	10	41	0.2439024
NODE_62304_length_432_cov_3.246246	87	128	42	4	41	0.0975610
NODE_62304_length_432_cov_3.246246	87	128	44	4	41	0.0975610
NODE_62304_length_432_cov_3.246246	101	167	30	3	66	0.0454545
NODE_62304_length_432_cov_3.246246	101	167	36	2	66	0.0303030
NODE_62304_length_432_cov_3.246246	101	167	38	4	66	0.0606061
NODE_62304_length_432_cov_3.246246	101	167	40	10	66	0.1515152
NODE_62304_length_432_cov_3.246246	101	167	42	4	66	0.0606061
NODE_62304_length_432_cov_3.246246	101	167	44	4	66	0.0606061
NODE_62304_length_432_cov_3.246246	101	167	46	3	66	0.0454545
NODE_62304_length_432_cov_3.246246	101	167	48	2	66	0.0303030
NODE_62304_length_432_cov_3.246246	101	167	50	20	66	0.3030303
NODE_62304_length_432_cov_3.246246	101	167	52	13	66	0.1969697
NODE_62304_length_432_cov_3.246246	101	167	54	1	66	0.0151515
NODE_62396_length_432_cov_1.762763	4	71	0	6	67	0.0895522
NODE_62396_length_432_cov_1.762763	4	71	2	2	67	0.0298507
NODE_62396_length_432_cov_1.762763	4	71	3	28	67	0.4179105
NODE_62396_length_432_cov_1.762763	4	71	5	20	67	0.2985075
NODE_62396_length_432_cov_1.762763	4	71	6	11	67	0.1641791
NODE_62544_length_432_cov_1.027027	44	68	0	24	24	1.0000000
NODE_62650_length_431_cov_35.355422	202	284	0	82	82	1.0000000
NODE_62650_length_431_cov_35.355422	257	333	0	76	76	1.0000000
NODE_62652_length_431_cov_11.207831	185	265	0	80	80	1.0000000
NODE_62652_length_431_cov_11.207831	238	318	0	80	80	1.0000000
NODE_62657_length_431_cov_7.018072	110	190	0	80	80	1.0000000
NODE_62657_length_431_cov_7.018072	163	243	0	80	80	1.0000000
NODE_62661_length_431_cov_6.292169	123	203	0	15	80	0.1875000
NODE_62661_length_431_cov_6.292169	123	203	1	65	80	0.8125000
NODE_62668_length_431_cov_5.608434	170	241	5	24	71	0.3380282
NODE_62668_length_431_cov_5.608434	170	241	6	47	71	0.6619718
NODE_62681_length_431_cov_4.250000	146	216	0	70	70	1.0000000
NODE_62684_length_431_cov_3.993976	210	290	6	50	80	0.6250000
NODE_62684_length_431_cov_3.993976	210	290	8	13	80	0.1625000
NODE_62684_length_431_cov_3.993976	210	290	10	17	80	0.2125000
NODE_62794_length_431_cov_1.695783	76	156	16	11	80	0.1375000
NODE_62794_length_431_cov_1.695783	76	156	18	32	80	0.4000000
NODE_62794_length_431_cov_1.695783	76	156	20	11	80	0.1375000
NODE_62794_length_431_cov_1.695783	76	156	22	6	80	0.0750000
NODE_62794_length_431_cov_1.695783	76	156	24	20	80	0.2500000
NODE_62794_length_431_cov_1.695783	129	199	14	6	70	0.0857143
NODE_62794_length_431_cov_1.695783	129	199	16	15	70	0.2142857
NODE_62794_length_431_cov_1.695783	129	199	18	15	70	0.2142857
NODE_62794_length_431_cov_1.695783	129	199	20	14	70	0.2000000
NODE_62794_length_431_cov_1.695783	129	199	22	10	70	0.1428571
NODE_62794_length_431_cov_1.695783	129	199	24	10	70	0.1428571
NODE_63043_length_430_cov_49.791541	319	399	52	1	80	0.0125000
NODE_63043_length_430_cov_49.791541	319	399	54	6	80	0.0750000
NODE_63043_length_430_cov_49.791541	319	399	58	1	80	0.0125000
NODE_63043_length_430_cov_49.791541	319	399	62	1	80	0.0125000
NODE_63043_length_430_cov_49.791541	319	399	64	3	80	0.0375000
NODE_63043_length_430_cov_49.791541	319	399	66	5	80	0.0625000
NODE_63043_length_430_cov_49.791541	319	399	70	1	80	0.0125000
NODE_63043_length_430_cov_49.791541	319	399	74	1	80	0.0125000
NODE_63043_length_430_cov_49.791541	319	399	77	3	80	0.0375000
NODE_63043_length_430_cov_49.791541	319	399	79	4	80	0.0500000
NODE_63043_length_430_cov_49.791541	319	399	82	1	80	0.0125000
NODE_63043_length_430_cov_49.791541	319	399	86	2	80	0.0250000
NODE_63043_length_430_cov_49.791541	319	399	88	1	80	0.0125000
NODE_63043_length_430_cov_49.791541	319	399	91	1	80	0.0125000
NODE_63043_length_430_cov_49.791541	319	399	100	1	80	0.0125000
NODE_63043_length_430_cov_49.791541	319	399	102	1	80	0.0125000
NODE_63043_length_430_cov_49.791541	319	399	104	1	80	0.0125000
NODE_63043_length_430_cov_49.791541	319	399	105	3	80	0.0375000
NODE_63043_length_430_cov_49.791541	319	399	106	1	80	0.0125000
NODE_63043_length_430_cov_49.791541	319	399	110	5	80	0.0625000
NODE_63043_length_430_cov_49.791541	319	399	113	3	80	0.0375000
NODE_63043_length_430_cov_49.791541	319	399	115	1	80	0.0125000
NODE_63043_length_430_cov_49.791541	319	399	117	1	80	0.0125000
NODE_63043_length_430_cov_49.791541	319	399	119	1	80	0.0125000
NODE_63043_length_430_cov_49.791541	319	399	121	1	80	0.0125000
NODE_63043_length_430_cov_49.791541	319	399	125	5	80	0.0625000
NODE_63043_length_430_cov_49.791541	319	399	130	1	80	0.0125000
NODE_63043_length_430_cov_49.791541	319	399	135	1	80	0.0125000
NODE_63043_length_430_cov_49.791541	319	399	137	1	80	0.0125000
NODE_63043_length_430_cov_49.791541	319	399	140	1	80	0.0125000
NODE_63043_length_430_cov_49.791541	319	399	148	5	80	0.0625000
NODE_63043_length_430_cov_49.791541	319	399	150	1	80	0.0125000
NODE_63043_length_430_cov_49.791541	319	399	151	5	80	0.0625000
NODE_63043_length_430_cov_49.791541	319	399	155	2	80	0.0250000
NODE_63043_length_430_cov_49.791541	319	399	157	2	80	0.0250000
NODE_63043_length_430_cov_49.791541	319	399	159	1	80	0.0125000
NODE_63043_length_430_cov_49.791541	319	399	161	5	80	0.0625000
NODE_63043_length_430_cov_49.791541	372	430	6	3	58	0.0517241
NODE_63043_length_430_cov_49.791541	372	430	15	2	58	0.0344828
NODE_63043_length_430_cov_49.791541	372	430	24	1	58	0.0172414
NODE_63043_length_430_cov_49.791541	372	430	26	1	58	0.0172414
NODE_63043_length_430_cov_49.791541	372	430	28	1	58	0.0172414
NODE_63043_length_430_cov_49.791541	372	430	34	3	58	0.0517241
NODE_63043_length_430_cov_49.791541	372	430	38	7	58	0.1206897
NODE_63043_length_430_cov_49.791541	372	430	44	4	58	0.0689655
NODE_63043_length_430_cov_49.791541	372	430	46	1	58	0.0172414
NODE_63043_length_430_cov_49.791541	372	430	48	2	58	0.0344828
NODE_63043_length_430_cov_49.791541	372	430	50	1	58	0.0172414
NODE_63043_length_430_cov_49.791541	372	430	52	6	58	0.1034483
NODE_63043_length_430_cov_49.791541	372	430	54	6	58	0.1034483
NODE_63043_length_430_cov_49.791541	372	430	58	1	58	0.0172414
NODE_63043_length_430_cov_49.791541	372	430	62	1	58	0.0172414
NODE_63043_length_430_cov_49.791541	372	430	64	3	58	0.0517241
NODE_63043_length_430_cov_49.791541	372	430	66	5	58	0.0862069
NODE_63043_length_430_cov_49.791541	372	430	70	1	58	0.0172414
NODE_63043_length_430_cov_49.791541	372	430	74	1	58	0.0172414
NODE_63043_length_430_cov_49.791541	372	430	77	3	58	0.0517241
NODE_63043_length_430_cov_49.791541	372	430	79	4	58	0.0689655
NODE_63043_length_430_cov_49.791541	372	430	82	1	58	0.0172414
NODE_63044_length_430_cov_44.365559	109	189	0	80	80	1.0000000
NODE_63044_length_430_cov_44.365559	162	242	0	32	80	0.4000000
NODE_63044_length_430_cov_44.365559	162	242	2	48	80	0.6000000
NODE_63045_length_430_cov_16.746224	92	172	0	80	80	1.0000000
NODE_63045_length_430_cov_16.746224	145	225	0	80	80	1.0000000
NODE_63048_length_430_cov_7.737160	180	263	4	23	83	0.2771084
NODE_63048_length_430_cov_7.737160	180	263	6	17	83	0.2048193
NODE_63048_length_430_cov_7.737160	180	263	8	11	83	0.1325301
NODE_63048_length_430_cov_7.737160	180	263	12	32	83	0.3855422
NODE_63050_length_430_cov_6.163142	135	197	0	62	62	1.0000000
NODE_63051_length_430_cov_5.873112	7	90	2	83	83	1.0000000
NODE_63051_length_430_cov_5.873112	60	126	0	1	66	0.0151515
NODE_63051_length_430_cov_5.873112	60	126	2	65	66	0.9848485
NODE_63066_length_430_cov_4.323263	18	90	0	72	72	1.0000000
NODE_63161_length_430_cov_1.945619	153	233	0	80	80	1.0000000
NODE_63401_length_430_cov_0.664653	391	430	0	39	39	1.0000000
NODE_63437_length_429_cov_10.424242	78	158	0	80	80	1.0000000
NODE_63437_length_429_cov_10.424242	207	287	2	3	80	0.0375000
NODE_63437_length_429_cov_10.424242	207	287	4	12	80	0.1500000
NODE_63437_length_429_cov_10.424242	207	287	6	27	80	0.3375000
NODE_63437_length_429_cov_10.424242	207	287	8	38	80	0.4750000
NODE_63437_length_429_cov_10.424242	260	340	0	15	80	0.1875000
NODE_63437_length_429_cov_10.424242	260	340	2	14	80	0.1750000
NODE_63437_length_429_cov_10.424242	260	340	4	23	80	0.2875000
NODE_63437_length_429_cov_10.424242	260	340	6	2	80	0.0250000
NODE_63437_length_429_cov_10.424242	260	340	8	26	80	0.3250000
NODE_63439_length_429_cov_8.957576	213	293	0	80	80	1.0000000
NODE_63439_length_429_cov_8.957576	266	346	0	80	80	1.0000000
NODE_63441_length_429_cov_6.772727	337	366	0	29	29	1.0000000
NODE_63485_length_429_cov_3.003030	173	251	6	78	78	1.0000000
NODE_63516_length_429_cov_2.433333	220	300	2	1	80	0.0125000
NODE_63516_length_429_cov_2.433333	220	300	4	11	80	0.1375000
NODE_63516_length_429_cov_2.433333	220	300	6	7	80	0.0875000
NODE_63516_length_429_cov_2.433333	220	300	7	4	80	0.0500000
NODE_63516_length_429_cov_2.433333	220	300	8	31	80	0.3875000
NODE_63516_length_429_cov_2.433333	220	300	9	6	80	0.0750000
NODE_63516_length_429_cov_2.433333	220	300	10	20	80	0.2500000
NODE_63519_length_429_cov_2.360606	24	85	0	61	61	1.0000000
NODE_63527_length_429_cov_2.224242	115	195	0	80	80	1.0000000
NODE_63547_length_429_cov_2.051515	114	143	0	29	29	1.0000000
NODE_63547_length_429_cov_2.051515	286	348	0	62	62	1.0000000
NODE_63864_length_428_cov_40.449848	217	297	0	80	80	1.0000000
NODE_63864_length_428_cov_40.449848	270	350	0	80	80	1.0000000
NODE_63864_length_428_cov_40.449848	346	426	0	80	80	1.0000000
NODE_63865_length_428_cov_31.066869	249	325	0	45	76	0.5921053
NODE_63865_length_428_cov_31.066869	249	325	2	12	76	0.1578947
NODE_63865_length_428_cov_31.066869	249	325	4	3	76	0.0394737
NODE_63865_length_428_cov_31.066869	249	325	6	16	76	0.2105263
NODE_63865_length_428_cov_31.066869	297	378	0	81	81	1.0000000
NODE_63866_length_428_cov_11.799392	62	142	0	17	80	0.2125000
NODE_63866_length_428_cov_11.799392	62	142	2	63	80	0.7875000
NODE_63866_length_428_cov_11.799392	115	195	0	2	80	0.0250000
NODE_63866_length_428_cov_11.799392	115	195	2	78	80	0.9750000
NODE_63867_length_428_cov_10.595745	227	307	0	80	80	1.0000000
NODE_63870_length_428_cov_6.784195	344	374	0	30	30	1.0000000
NODE_63871_length_428_cov_6.768997	131	194	0	7	63	0.1111111
NODE_63871_length_428_cov_6.768997	131	194	2	11	63	0.1746032
NODE_63871_length_428_cov_6.768997	131	194	4	2	63	0.0317460
NODE_63871_length_428_cov_6.768997	131	194	6	16	63	0.2539683
NODE_63871_length_428_cov_6.768997	131	194	8	27	63	0.4285714
NODE_63895_length_428_cov_4.206687	224	304	0	30	80	0.3750000
NODE_63895_length_428_cov_4.206687	224	304	2	50	80	0.6250000
NODE_63905_length_428_cov_3.525836	168	236	0	68	68	1.0000000
NODE_63905_length_428_cov_3.525836	209	244	0	35	35	1.0000000
NODE_63959_length_428_cov_2.322188	1	42	0	41	41	1.0000000
NODE_63977_length_428_cov_2.124620	228	308	0	40	80	0.5000000
NODE_63977_length_428_cov_2.124620	228	308	2	40	80	0.5000000
NODE_64011_length_428_cov_1.848024	178	260	6	3	82	0.0365854
NODE_64011_length_428_cov_1.848024	178	260	8	7	82	0.0853659
NODE_64011_length_428_cov_1.848024	178	260	9	9	82	0.1097561
NODE_64011_length_428_cov_1.848024	178	260	10	2	82	0.0243902
NODE_64011_length_428_cov_1.848024	178	260	11	4	82	0.0487805
NODE_64011_length_428_cov_1.848024	178	260	12	7	82	0.0853659
NODE_64011_length_428_cov_1.848024	178	260	13	50	82	0.6097561
NODE_64027_length_428_cov_1.772036	187	255	0	30	68	0.4411765
NODE_64027_length_428_cov_1.772036	187	255	2	2	68	0.0294118
NODE_64027_length_428_cov_1.772036	187	255	3	1	68	0.0147059
NODE_64027_length_428_cov_1.772036	187	255	4	35	68	0.5147059
NODE_64245_length_428_cov_0.790274	275	308	0	33	33	1.0000000
NODE_64245_length_428_cov_0.790274	276	302	0	26	26	1.0000000
NODE_64310_length_427_cov_29.628049	312	392	2	17	80	0.2125000
NODE_64310_length_427_cov_29.628049	312	392	6	4	80	0.0500000
NODE_64310_length_427_cov_29.628049	312	392	8	12	80	0.1500000
NODE_64310_length_427_cov_29.628049	312	392	10	19	80	0.2375000
NODE_64310_length_427_cov_29.628049	312	392	12	26	80	0.3250000
NODE_64310_length_427_cov_29.628049	312	392	14	2	80	0.0250000
NODE_64310_length_427_cov_29.628049	365	427	0	3	62	0.0483871
NODE_64310_length_427_cov_29.628049	365	427	2	49	62	0.7903226
NODE_64310_length_427_cov_29.628049	365	427	6	4	62	0.0645161
NODE_64310_length_427_cov_29.628049	365	427	8	6	62	0.0967742
NODE_64310_length_427_cov_29.628049	365	427	0	3	62	0.0483871
NODE_64310_length_427_cov_29.628049	365	427	2	49	62	0.7903226
NODE_64310_length_427_cov_29.628049	365	427	6	4	62	0.0645161
NODE_64310_length_427_cov_29.628049	365	427	8	6	62	0.0967742
NODE_64312_length_427_cov_9.371951	184	239	0	5	55	0.0909091
NODE_64312_length_427_cov_9.371951	184	239	2	50	55	0.9090909
NODE_64313_length_427_cov_9.359756	11	82	0	71	71	1.0000000
NODE_64313_length_427_cov_9.359756	70	149	0	79	79	1.0000000
NODE_64313_length_427_cov_9.359756	145	225	0	80	80	1.0000000
NODE_64313_length_427_cov_9.359756	198	278	0	80	80	1.0000000
NODE_64321_length_427_cov_5.929878	405	424	0	19	19	1.0000000
NODE_64324_length_427_cov_5.088415	257	332	0	75	75	1.0000000
NODE_64345_length_427_cov_3.884146	212	260	2	25	48	0.5208333
NODE_64345_length_427_cov_3.884146	212	260	4	23	48	0.4791667
NODE_64383_length_427_cov_2.765244	312	363	4	51	51	1.0000000
NODE_64409_length_427_cov_2.362805	142	177	0	35	35	1.0000000
NODE_64537_length_427_cov_1.359756	56	139	0	27	83	0.3253012
NODE_64537_length_427_cov_1.359756	56	139	4	56	83	0.6746988
NODE_64728_length_426_cov_21.837920	178	258	4	18	80	0.2250000
NODE_64728_length_426_cov_21.837920	178	258	6	48	80	0.6000000
NODE_64728_length_426_cov_21.837920	178	258	8	14	80	0.1750000
NODE_64729_length_426_cov_16.850153	76	156	0	71	80	0.8875000
NODE_64729_length_426_cov_16.850153	76	156	2	9	80	0.1125000
NODE_64729_length_426_cov_16.850153	129	209	0	18	80	0.2250000
NODE_64729_length_426_cov_16.850153	129	209	2	62	80	0.7750000
NODE_64731_length_426_cov_9.033639	152	232	0	80	80	1.0000000
NODE_64731_length_426_cov_9.033639	205	285	0	80	80	1.0000000
NODE_64734_length_426_cov_8.314985	133	213	0	80	80	1.0000000
NODE_64734_length_426_cov_8.314985	186	266	0	80	80	1.0000000
NODE_64735_length_426_cov_8.278287	132	212	0	80	80	1.0000000
NODE_64735_length_426_cov_8.278287	185	265	0	80	80	1.0000000
NODE_64752_length_426_cov_4.926606	116	196	0	80	80	1.0000000
NODE_64754_length_426_cov_4.743119	119	199	0	4	80	0.0500000
NODE_64754_length_426_cov_4.743119	119	199	2	9	80	0.1125000
NODE_64754_length_426_cov_4.743119	119	199	4	16	80	0.2000000
NODE_64754_length_426_cov_4.743119	119	199	6	51	80	0.6375000
NODE_64754_length_426_cov_4.743119	172	252	0	21	80	0.2625000
NODE_64754_length_426_cov_4.743119	172	252	2	6	80	0.0750000
NODE_64754_length_426_cov_4.743119	172	252	4	4	80	0.0500000
NODE_64754_length_426_cov_4.743119	172	252	6	49	80	0.6125000
NODE_64833_length_426_cov_2.278287	92	132	0	40	40	1.0000000
NODE_64833_length_426_cov_2.278287	139	205	0	66	66	1.0000000
NODE_64865_length_426_cov_1.896024	80	154	2	4	74	0.0540541
NODE_64865_length_426_cov_1.896024	80	154	6	56	74	0.7567568
NODE_64865_length_426_cov_1.896024	80	154	8	14	74	0.1891892
NODE_64948_length_426_cov_1.397554	240	290	0	50	50	1.0000000
NODE_65135_length_426_cov_0.602446	127	158	2	31	31	1.0000000
NODE_65152_length_425_cov_63.938650	0	61	0	61	61	1.0000000
NODE_65152_length_425_cov_63.938650	34	114	0	80	80	1.0000000
NODE_65164_length_425_cov_4.877301	171	229	15	2	58	0.0344828
NODE_65164_length_425_cov_4.877301	171	229	19	2	58	0.0344828
NODE_65164_length_425_cov_4.877301	171	229	21	29	58	0.5000000
NODE_65164_length_425_cov_4.877301	171	229	22	25	58	0.4310345
NODE_65165_length_425_cov_4.822086	295	377	2	18	82	0.2195122
NODE_65165_length_425_cov_4.822086	295	377	4	29	82	0.3536585
NODE_65165_length_425_cov_4.822086	295	377	6	20	82	0.2439024
NODE_65165_length_425_cov_4.822086	295	377	8	14	82	0.1707317
NODE_65165_length_425_cov_4.822086	295	377	10	1	82	0.0121951
NODE_65218_length_425_cov_2.809816	38	118	2	19	80	0.2375000
NODE_65218_length_425_cov_2.809816	38	118	4	61	80	0.7625000
NODE_65278_length_425_cov_1.935583	93	138	0	24	45	0.5333334
NODE_65278_length_425_cov_1.935583	93	138	2	21	45	0.4666667
NODE_65278_length_425_cov_1.935583	170	225	0	18	55	0.3272727
NODE_65278_length_425_cov_1.935583	170	225	2	37	55	0.6727273
NODE_65278_length_425_cov_1.935583	312	355	12	19	43	0.4418605
NODE_65278_length_425_cov_1.935583	312	355	14	24	43	0.5581396
NODE_65565_length_425_cov_0.628834	104	131	0	27	27	1.0000000
NODE_65602_length_424_cov_5.295385	224	270	0	46	46	1.0000000
NODE_65634_length_424_cov_3.255385	266	329	0	30	63	0.4761905
NODE_65634_length_424_cov_3.255385	266	329	2	33	63	0.5238096
NODE_65669_length_424_cov_2.578462	403	422	0	5	19	0.2631579
NODE_65669_length_424_cov_2.578462	403	422	1	1	19	0.0526316
NODE_65669_length_424_cov_2.578462	403	422	2	13	19	0.6842105
NODE_65670_length_424_cov_2.578462	122	144	0	22	22	1.0000000
NODE_66111_length_423_cov_2.728395	150	229	0	38	79	0.4810127
NODE_66111_length_423_cov_2.728395	150	229	2	13	79	0.1645570
NODE_66111_length_423_cov_2.728395	150	229	4	28	79	0.3544304
NODE_66181_length_423_cov_1.879630	94	142	0	48	48	1.0000000
NODE_66222_length_423_cov_1.580247	128	208	3	80	80	1.0000000
NODE_66258_length_423_cov_1.410494	206	286	0	57	80	0.7125000
NODE_66258_length_423_cov_1.410494	206	286	2	23	80	0.2875000
NODE_66459_length_422_cov_12.021672	201	236	0	35	35	1.0000000
NODE_66459_length_422_cov_12.021672	247	289	0	7	42	0.1666667
NODE_66459_length_422_cov_12.021672	247	289	4	29	42	0.6904762
NODE_66459_length_422_cov_12.021672	247	289	6	6	42	0.1428571
NODE_66460_length_422_cov_10.712074	62	140	0	50	78	0.6410257
NODE_66460_length_422_cov_10.712074	62	140	2	28	78	0.3589744
NODE_66460_length_422_cov_10.712074	115	195	0	20	80	0.2500000
NODE_66460_length_422_cov_10.712074	115	195	2	60	80	0.7500000
NODE_66468_length_422_cov_6.281734	37	117	2	80	80	1.0000000
NODE_66468_length_422_cov_6.281734	90	170	0	28	80	0.3500000
NODE_66468_length_422_cov_6.281734	90	170	2	52	80	0.6500000
NODE_66474_length_422_cov_5.266254	176	256	0	30	80	0.3750000
NODE_66474_length_422_cov_5.266254	176	256	2	50	80	0.6250000
NODE_66485_length_422_cov_4.148607	159	224	0	65	65	1.0000000
NODE_66485_length_422_cov_4.148607	197	277	0	80	80	1.0000000
NODE_66488_length_422_cov_4.003096	146	226	2	1	80	0.0125000
NODE_66488_length_422_cov_4.003096	146	226	4	2	80	0.0250000
NODE_66488_length_422_cov_4.003096	146	226	5	3	80	0.0375000
NODE_66488_length_422_cov_4.003096	146	226	6	34	80	0.4250000
NODE_66488_length_422_cov_4.003096	146	226	8	40	80	0.5000000
NODE_66488_length_422_cov_4.003096	199	279	6	13	80	0.1625000
NODE_66488_length_422_cov_4.003096	199	279	8	37	80	0.4625000
NODE_66488_length_422_cov_4.003096	199	279	10	30	80	0.3750000
NODE_66512_length_422_cov_3.130031	93	173	2	17	80	0.2125000
NODE_66512_length_422_cov_3.130031	93	173	4	63	80	0.7875000
NODE_66512_length_422_cov_3.130031	146	226	0	47	80	0.5875000
NODE_66512_length_422_cov_3.130031	146	226	2	15	80	0.1875000
NODE_66512_length_422_cov_3.130031	146	226	4	18	80	0.2250000
NODE_66515_length_422_cov_3.077399	291	359	18	1	68	0.0147059
NODE_66515_length_422_cov_3.077399	291	359	22	3	68	0.0441176
NODE_66515_length_422_cov_3.077399	291	359	24	1	68	0.0147059
NODE_66515_length_422_cov_3.077399	291	359	28	5	68	0.0735294
NODE_66515_length_422_cov_3.077399	291	359	30	4	68	0.0588235
NODE_66515_length_422_cov_3.077399	291	359	32	5	68	0.0735294
NODE_66515_length_422_cov_3.077399	291	359	34	3	68	0.0441176
NODE_66515_length_422_cov_3.077399	291	359	36	3	68	0.0441176
NODE_66515_length_422_cov_3.077399	291	359	37	21	68	0.3088235
NODE_66515_length_422_cov_3.077399	291	359	38	8	68	0.1176471
NODE_66515_length_422_cov_3.077399	291	359	39	14	68	0.2058824
NODE_66550_length_422_cov_2.191950	5	24	0	8	19	0.4210526
NODE_66550_length_422_cov_2.191950	5	24	2	8	19	0.4210526
NODE_66550_length_422_cov_2.191950	5	24	4	3	19	0.1578947
NODE_66560_length_422_cov_2.108359	97	177	0	60	80	0.7500000
NODE_66560_length_422_cov_2.108359	97	177	4	3	80	0.0375000
NODE_66560_length_422_cov_2.108359	97	177	6	12	80	0.1500000
NODE_66560_length_422_cov_2.108359	97	177	10	2	80	0.0250000
NODE_66560_length_422_cov_2.108359	97	177	14	3	80	0.0375000
NODE_66560_length_422_cov_2.108359	150	189	0	39	39	1.0000000
NODE_66560_length_422_cov_2.108359	249	289	10	19	40	0.4750000
NODE_66560_length_422_cov_2.108359	249	289	12	6	40	0.1500000
NODE_66560_length_422_cov_2.108359	249	289	14	15	40	0.3750000
NODE_66806_length_422_cov_0.845201	2	76	2	3	74	0.0405405
NODE_66806_length_422_cov_0.845201	2	76	4	24	74	0.3243243
NODE_66806_length_422_cov_0.845201	2	76	6	47	74	0.6351351
NODE_66869_length_421_cov_10.664596	178	256	2	78	78	1.0000000
NODE_66869_length_421_cov_10.664596	229	309	1	38	80	0.4750000
NODE_66869_length_421_cov_10.664596	229	309	2	42	80	0.5250000
NODE_66874_length_421_cov_7.552795	325	407	0	80	82	0.9756098
NODE_66874_length_421_cov_7.552795	325	407	4	1	82	0.0121951
NODE_66874_length_421_cov_7.552795	325	407	6	1	82	0.0121951
NODE_66874_length_421_cov_7.552795	380	421	0	41	41	1.0000000
NODE_66875_length_421_cov_7.431677	96	118	0	22	22	1.0000000
NODE_66883_length_421_cov_5.279503	245	310	10	6	65	0.0923077
NODE_66883_length_421_cov_5.279503	245	310	12	59	65	0.9076923
NODE_66884_length_421_cov_5.158385	68	145	0	28	77	0.3636364
NODE_66884_length_421_cov_5.158385	68	145	2	34	77	0.4415585
NODE_66884_length_421_cov_5.158385	68	145	4	15	77	0.1948052
NODE_66897_length_421_cov_4.114907	221	287	0	66	66	1.0000000
NODE_66898_length_421_cov_4.102484	202	277	0	75	75	1.0000000
NODE_66899_length_421_cov_4.040373	192	272	0	80	80	1.0000000
NODE_66899_length_421_cov_4.040373	245	314	0	69	69	1.0000000
NODE_66923_length_421_cov_3.319876	0	57	0	57	57	1.0000000
NODE_66955_length_421_cov_2.708075	95	118	4	23	23	1.0000000
NODE_66955_length_421_cov_2.708075	109	189	2	15	80	0.1875000
NODE_66955_length_421_cov_2.708075	109	189	4	32	80	0.4000000
NODE_66955_length_421_cov_2.708075	109	189	6	33	80	0.4125000
NODE_66955_length_421_cov_2.708075	248	300	0	10	52	0.1923077
NODE_66955_length_421_cov_2.708075	248	300	2	42	52	0.8076923
NODE_67073_length_421_cov_1.559006	240	309	0	58	69	0.8405797
NODE_67073_length_421_cov_1.559006	240	309	2	11	69	0.1594203
NODE_67073_length_421_cov_1.559006	240	310	0	59	70	0.8428571
NODE_67073_length_421_cov_1.559006	240	310	2	11	70	0.1571429
NODE_67077_length_421_cov_1.537267	305	383	0	78	78	1.0000000
NODE_67098_length_421_cov_1.413043	254	303	0	49	49	1.0000000
NODE_67283_length_421_cov_0.633540	132	156	2	24	24	1.0000000
NODE_67317_length_420_cov_80.766355	90	170	0	80	80	1.0000000
NODE_67317_length_420_cov_80.766355	143	223	0	65	80	0.8125000
NODE_67317_length_420_cov_80.766355	143	223	2	15	80	0.1875000
NODE_67319_length_420_cov_51.473520	171	250	0	79	79	1.0000000
NODE_67319_length_420_cov_51.473520	223	307	0	84	84	1.0000000
NODE_67319_length_420_cov_51.473520	303	383	0	80	80	1.0000000
NODE_67319_length_420_cov_51.473520	356	420	0	64	64	1.0000000
NODE_67330_length_420_cov_5.071651	230	310	0	8	80	0.1000000
NODE_67330_length_420_cov_5.071651	230	310	1	2	80	0.0250000
NODE_67330_length_420_cov_5.071651	230	310	2	2	80	0.0250000
NODE_67330_length_420_cov_5.071651	230	310	8	15	80	0.1875000
NODE_67330_length_420_cov_5.071651	230	310	12	1	80	0.0125000
NODE_67330_length_420_cov_5.071651	230	310	14	2	80	0.0250000
NODE_67330_length_420_cov_5.071651	230	310	16	50	80	0.6250000
NODE_67334_length_420_cov_4.775701	177	221	6	44	44	1.0000000
NODE_67345_length_420_cov_4.037383	161	240	0	4	79	0.0506329
NODE_67345_length_420_cov_4.037383	161	240	2	75	79	0.9493671
NODE_67358_length_420_cov_3.657321	291	373	0	82	82	1.0000000
NODE_67398_length_420_cov_2.542056	96	176	0	80	80	1.0000000
NODE_67398_length_420_cov_2.542056	148	202	0	54	54	1.0000000
NODE_67398_length_420_cov_2.542056	149	195	0	46	46	1.0000000
NODE_67414_length_420_cov_2.323988	89	108	0	19	19	1.0000000
NODE_67506_length_420_cov_1.641745	277	312	0	35	35	1.0000000
NODE_67547_length_420_cov_1.429907	15	68	0	24	53	0.4528302
NODE_67547_length_420_cov_1.429907	15	68	4	4	53	0.0754717
NODE_67547_length_420_cov_1.429907	15	68	5	1	53	0.0188679
NODE_67547_length_420_cov_1.429907	15	68	6	2	53	0.0377358
NODE_67547_length_420_cov_1.429907	15	68	8	22	53	0.4150943
NODE_67547_length_420_cov_1.429907	69	111	8	6	42	0.1428571
NODE_67547_length_420_cov_1.429907	69	111	9	21	42	0.5000000
NODE_67547_length_420_cov_1.429907	69	111	11	12	42	0.2857143
NODE_67547_length_420_cov_1.429907	69	111	12	2	42	0.0476190
NODE_67547_length_420_cov_1.429907	69	111	14	1	42	0.0238095
NODE_67770_length_419_cov_491.015625	0	67	6	3	67	0.0447761
NODE_67770_length_419_cov_491.015625	0	67	8	2	67	0.0298507
NODE_67770_length_419_cov_491.015625	0	67	9	4	67	0.0597015
NODE_67770_length_419_cov_491.015625	0	67	10	11	67	0.1641791
NODE_67770_length_419_cov_491.015625	0	67	20	1	67	0.0149254
NODE_67770_length_419_cov_491.015625	0	67	21	8	67	0.1194030
NODE_67770_length_419_cov_491.015625	0	67	23	16	67	0.2388060
NODE_67770_length_419_cov_491.015625	0	67	34	16	67	0.2388060
NODE_67770_length_419_cov_491.015625	0	67	36	2	67	0.0298507
NODE_67770_length_419_cov_491.015625	0	67	47	4	67	0.0597015
NODE_67770_length_419_cov_491.015625	0	67	6	3	67	0.0447761
NODE_67770_length_419_cov_491.015625	0	67	8	2	67	0.0298507
NODE_67770_length_419_cov_491.015625	0	67	9	4	67	0.0597015
NODE_67770_length_419_cov_491.015625	0	67	10	11	67	0.1641791
NODE_67770_length_419_cov_491.015625	0	67	20	1	67	0.0149254
NODE_67770_length_419_cov_491.015625	0	67	21	8	67	0.1194030
NODE_67770_length_419_cov_491.015625	0	67	23	16	67	0.2388060
NODE_67770_length_419_cov_491.015625	0	67	34	16	67	0.2388060
NODE_67770_length_419_cov_491.015625	0	67	36	2	67	0.0298507
NODE_67770_length_419_cov_491.015625	0	67	47	4	67	0.0597015
NODE_67770_length_419_cov_491.015625	0	67	6	3	67	0.0447761
NODE_67770_length_419_cov_491.015625	0	67	8	2	67	0.0298507
NODE_67770_length_419_cov_491.015625	0	67	9	4	67	0.0597015
NODE_67770_length_419_cov_491.015625	0	67	10	11	67	0.1641791
NODE_67770_length_419_cov_491.015625	0	67	20	1	67	0.0149254
NODE_67770_length_419_cov_491.015625	0	67	21	8	67	0.1194030
NODE_67770_length_419_cov_491.015625	0	67	23	16	67	0.2388060
NODE_67770_length_419_cov_491.015625	0	67	34	16	67	0.2388060
NODE_67770_length_419_cov_491.015625	0	67	36	2	67	0.0298507
NODE_67770_length_419_cov_491.015625	0	67	47	4	67	0.0597015
NODE_67770_length_419_cov_491.015625	0	67	6	3	67	0.0447761
NODE_67770_length_419_cov_491.015625	0	67	8	2	67	0.0298507
NODE_67770_length_419_cov_491.015625	0	67	9	4	67	0.0597015
NODE_67770_length_419_cov_491.015625	0	67	10	11	67	0.1641791
NODE_67770_length_419_cov_491.015625	0	67	20	1	67	0.0149254
NODE_67770_length_419_cov_491.015625	0	67	21	8	67	0.1194030
NODE_67770_length_419_cov_491.015625	0	67	23	16	67	0.2388060
NODE_67770_length_419_cov_491.015625	0	67	34	16	67	0.2388060
NODE_67770_length_419_cov_491.015625	0	67	36	2	67	0.0298507
NODE_67770_length_419_cov_491.015625	0	67	47	4	67	0.0597015
NODE_67770_length_419_cov_491.015625	63	143	47	7	80	0.0875000
NODE_67770_length_419_cov_491.015625	63	143	52	12	80	0.1500000
NODE_67770_length_419_cov_491.015625	63	143	55	5	80	0.0625000
NODE_67770_length_419_cov_491.015625	63	143	57	3	80	0.0375000
NODE_67770_length_419_cov_491.015625	63	143	59	1	80	0.0125000
NODE_67770_length_419_cov_491.015625	63	143	63	9	80	0.1125000
NODE_67770_length_419_cov_491.015625	63	143	69	1	80	0.0125000
NODE_67770_length_419_cov_491.015625	63	143	79	4	80	0.0500000
NODE_67770_length_419_cov_491.015625	63	143	86	4	80	0.0500000
NODE_67770_length_419_cov_491.015625	63	143	89	14	80	0.1750000
NODE_67770_length_419_cov_491.015625	63	143	91	5	80	0.0625000
NODE_67770_length_419_cov_491.015625	63	143	93	5	80	0.0625000
NODE_67770_length_419_cov_491.015625	63	143	95	10	80	0.1250000
NODE_67770_length_419_cov_491.015625	63	143	47	7	80	0.0875000
NODE_67770_length_419_cov_491.015625	63	143	52	12	80	0.1500000
NODE_67770_length_419_cov_491.015625	63	143	55	5	80	0.0625000
NODE_67770_length_419_cov_491.015625	63	143	57	3	80	0.0375000
NODE_67770_length_419_cov_491.015625	63	143	59	1	80	0.0125000
NODE_67770_length_419_cov_491.015625	63	143	63	9	80	0.1125000
NODE_67770_length_419_cov_491.015625	63	143	69	1	80	0.0125000
NODE_67770_length_419_cov_491.015625	63	143	79	4	80	0.0500000
NODE_67770_length_419_cov_491.015625	63	143	86	4	80	0.0500000
NODE_67770_length_419_cov_491.015625	63	143	89	14	80	0.1750000
NODE_67770_length_419_cov_491.015625	63	143	91	5	80	0.0625000
NODE_67770_length_419_cov_491.015625	63	143	93	5	80	0.0625000
NODE_67770_length_419_cov_491.015625	63	143	95	10	80	0.1250000
NODE_67770_length_419_cov_491.015625	63	143	47	7	80	0.0875000
NODE_67770_length_419_cov_491.015625	63	143	52	12	80	0.1500000
NODE_67770_length_419_cov_491.015625	63	143	55	5	80	0.0625000
NODE_67770_length_419_cov_491.015625	63	143	57	3	80	0.0375000
NODE_67770_length_419_cov_491.015625	63	143	59	1	80	0.0125000
NODE_67770_length_419_cov_491.015625	63	143	63	9	80	0.1125000
NODE_67770_length_419_cov_491.015625	63	143	69	1	80	0.0125000
NODE_67770_length_419_cov_491.015625	63	143	79	4	80	0.0500000
NODE_67770_length_419_cov_491.015625	63	143	86	4	80	0.0500000
NODE_67770_length_419_cov_491.015625	63	143	89	14	80	0.1750000
NODE_67770_length_419_cov_491.015625	63	143	91	5	80	0.0625000
NODE_67770_length_419_cov_491.015625	63	143	93	5	80	0.0625000
NODE_67770_length_419_cov_491.015625	63	143	95	10	80	0.1250000
NODE_67770_length_419_cov_491.015625	116	196	89	17	80	0.2125000
NODE_67770_length_419_cov_491.015625	116	196	93	9	80	0.1125000
NODE_67770_length_419_cov_491.015625	116	196	95	21	80	0.2625000
NODE_67770_length_419_cov_491.015625	116	196	96	3	80	0.0375000
NODE_67770_length_419_cov_491.015625	116	196	97	2	80	0.0250000
NODE_67770_length_419_cov_491.015625	116	196	98	10	80	0.1250000
NODE_67770_length_419_cov_491.015625	116	196	99	6	80	0.0750000
NODE_67770_length_419_cov_491.015625	116	196	100	3	80	0.0375000
NODE_67770_length_419_cov_491.015625	116	196	102	5	80	0.0625000
NODE_67770_length_419_cov_491.015625	116	196	104	2	80	0.0250000
NODE_67770_length_419_cov_491.015625	116	196	107	2	80	0.0250000
NODE_67770_length_419_cov_491.015625	116	196	89	17	80	0.2125000
NODE_67770_length_419_cov_491.015625	116	196	93	9	80	0.1125000
NODE_67770_length_419_cov_491.015625	116	196	95	21	80	0.2625000
NODE_67770_length_419_cov_491.015625	116	196	96	3	80	0.0375000
NODE_67770_length_419_cov_491.015625	116	196	97	2	80	0.0250000
NODE_67770_length_419_cov_491.015625	116	196	98	10	80	0.1250000
NODE_67770_length_419_cov_491.015625	116	196	99	6	80	0.0750000
NODE_67770_length_419_cov_491.015625	116	196	100	3	80	0.0375000
NODE_67770_length_419_cov_491.015625	116	196	102	5	80	0.0625000
NODE_67770_length_419_cov_491.015625	116	196	104	2	80	0.0250000
NODE_67770_length_419_cov_491.015625	116	196	107	2	80	0.0250000
NODE_67770_length_419_cov_491.015625	116	196	89	17	80	0.2125000
NODE_67770_length_419_cov_491.015625	116	196	93	9	80	0.1125000
NODE_67770_length_419_cov_491.015625	116	196	95	21	80	0.2625000
NODE_67770_length_419_cov_491.015625	116	196	96	3	80	0.0375000
NODE_67770_length_419_cov_491.015625	116	196	97	2	80	0.0250000
NODE_67770_length_419_cov_491.015625	116	196	98	10	80	0.1250000
NODE_67770_length_419_cov_491.015625	116	196	99	6	80	0.0750000
NODE_67770_length_419_cov_491.015625	116	196	100	3	80	0.0375000
NODE_67770_length_419_cov_491.015625	116	196	102	5	80	0.0625000
NODE_67770_length_419_cov_491.015625	116	196	104	2	80	0.0250000
NODE_67770_length_419_cov_491.015625	116	196	107	2	80	0.0250000
NODE_67770_length_419_cov_491.015625	116	196	89	17	80	0.2125000
NODE_67770_length_419_cov_491.015625	116	196	93	9	80	0.1125000
NODE_67770_length_419_cov_491.015625	116	196	95	21	80	0.2625000
NODE_67770_length_419_cov_491.015625	116	196	96	3	80	0.0375000
NODE_67770_length_419_cov_491.015625	116	196	97	2	80	0.0250000
NODE_67770_length_419_cov_491.015625	116	196	98	10	80	0.1250000
NODE_67770_length_419_cov_491.015625	116	196	99	6	80	0.0750000
NODE_67770_length_419_cov_491.015625	116	196	100	3	80	0.0375000
NODE_67770_length_419_cov_491.015625	116	196	102	5	80	0.0625000
NODE_67770_length_419_cov_491.015625	116	196	104	2	80	0.0250000
NODE_67770_length_419_cov_491.015625	116	196	107	2	80	0.0250000
NODE_67770_length_419_cov_491.015625	116	196	89	17	80	0.2125000
NODE_67770_length_419_cov_491.015625	116	196	93	9	80	0.1125000
NODE_67770_length_419_cov_491.015625	116	196	95	21	80	0.2625000
NODE_67770_length_419_cov_491.015625	116	196	96	3	80	0.0375000
NODE_67770_length_419_cov_491.015625	116	196	97	2	80	0.0250000
NODE_67770_length_419_cov_491.015625	116	196	98	10	80	0.1250000
NODE_67770_length_419_cov_491.015625	116	196	99	6	80	0.0750000
NODE_67770_length_419_cov_491.015625	116	196	100	3	80	0.0375000
NODE_67770_length_419_cov_491.015625	116	196	102	5	80	0.0625000
NODE_67770_length_419_cov_491.015625	116	196	104	2	80	0.0250000
NODE_67770_length_419_cov_491.015625	116	196	107	2	80	0.0250000
NODE_67772_length_419_cov_31.725000	12	92	0	80	80	1.0000000
NODE_67772_length_419_cov_31.725000	65	145	0	80	80	1.0000000
NODE_67789_length_419_cov_4.862500	47	103	0	56	56	1.0000000
NODE_67789_length_419_cov_4.862500	258	327	2	35	69	0.5072464
NODE_67789_length_419_cov_4.862500	258	327	4	34	69	0.4927536
NODE_67789_length_419_cov_4.862500	284	328	0	1	44	0.0227273
NODE_67789_length_419_cov_4.862500	284	328	2	35	44	0.7954546
NODE_67789_length_419_cov_4.862500	284	328	4	8	44	0.1818182
NODE_67803_length_419_cov_4.193750	215	262	10	8	47	0.1702128
NODE_67803_length_419_cov_4.193750	215	262	16	39	47	0.8297873
NODE_67803_length_419_cov_4.193750	235	275	14	2	40	0.0500000
NODE_67803_length_419_cov_4.193750	235	275	16	38	40	0.9500000
NODE_67817_length_419_cov_3.696875	165	215	0	50	50	1.0000000
NODE_67854_length_419_cov_2.628125	234	314	0	62	80	0.7750000
NODE_67854_length_419_cov_2.628125	234	314	2	18	80	0.2250000
NODE_67856_length_419_cov_2.603125	154	196	0	42	42	1.0000000
NODE_67878_length_419_cov_2.350000	156	220	9	13	64	0.2031250
NODE_67878_length_419_cov_2.350000	156	220	11	3	64	0.0468750
NODE_67878_length_419_cov_2.350000	156	220	12	4	64	0.0625000
NODE_67878_length_419_cov_2.350000	156	220	18	2	64	0.0312500
NODE_67878_length_419_cov_2.350000	156	220	20	3	64	0.0468750
NODE_67878_length_419_cov_2.350000	156	220	22	21	64	0.3281250
NODE_67878_length_419_cov_2.350000	156	220	24	3	64	0.0468750
NODE_67878_length_419_cov_2.350000	156	220	25	8	64	0.1250000
NODE_67878_length_419_cov_2.350000	156	220	27	7	64	0.1093750
NODE_67961_length_419_cov_1.593750	339	358	0	19	19	1.0000000
NODE_68250_length_418_cov_63.059561	105	186	0	81	81	1.0000000
NODE_68250_length_418_cov_63.059561	159	239	0	80	80	1.0000000
NODE_68251_length_418_cov_49.796238	325	405	13	3	80	0.0375000
NODE_68251_length_418_cov_49.796238	325	405	15	1	80	0.0125000
NODE_68251_length_418_cov_49.796238	325	405	21	11	80	0.1375000
NODE_68251_length_418_cov_49.796238	325	405	23	2	80	0.0250000
NODE_68251_length_418_cov_49.796238	325	405	25	7	80	0.0875000
NODE_68251_length_418_cov_49.796238	325	405	28	2	80	0.0250000
NODE_68251_length_418_cov_49.796238	325	405	33	1	80	0.0125000
NODE_68251_length_418_cov_49.796238	325	405	35	1	80	0.0125000
NODE_68251_length_418_cov_49.796238	325	405	37	4	80	0.0500000
NODE_68251_length_418_cov_49.796238	325	405	41	2	80	0.0250000
NODE_68251_length_418_cov_49.796238	325	405	43	5	80	0.0625000
NODE_68251_length_418_cov_49.796238	325	405	44	2	80	0.0250000
NODE_68251_length_418_cov_49.796238	325	405	45	4	80	0.0500000
NODE_68251_length_418_cov_49.796238	325	405	47	2	80	0.0250000
NODE_68251_length_418_cov_49.796238	325	405	48	1	80	0.0125000
NODE_68251_length_418_cov_49.796238	325	405	51	3	80	0.0375000
NODE_68251_length_418_cov_49.796238	325	405	52	1	80	0.0125000
NODE_68251_length_418_cov_49.796238	325	405	54	1	80	0.0125000
NODE_68251_length_418_cov_49.796238	325	405	60	1	80	0.0125000
NODE_68251_length_418_cov_49.796238	325	405	62	1	80	0.0125000
NODE_68251_length_418_cov_49.796238	325	405	63	1	80	0.0125000
NODE_68251_length_418_cov_49.796238	325	405	67	2	80	0.0250000
NODE_68251_length_418_cov_49.796238	325	405	68	4	80	0.0500000
NODE_68251_length_418_cov_49.796238	325	405	69	3	80	0.0375000
NODE_68251_length_418_cov_49.796238	325	405	71	3	80	0.0375000
NODE_68251_length_418_cov_49.796238	325	405	73	1	80	0.0125000
NODE_68251_length_418_cov_49.796238	325	405	75	1	80	0.0125000
NODE_68251_length_418_cov_49.796238	325	405	77	9	80	0.1125000
NODE_68251_length_418_cov_49.796238	325	405	79	1	80	0.0125000
NODE_68251_length_418_cov_49.796238	378	415	1	4	37	0.1081081
NODE_68251_length_418_cov_49.796238	378	415	2	5	37	0.1351351
NODE_68251_length_418_cov_49.796238	378	415	8	1	37	0.0270270
NODE_68251_length_418_cov_49.796238	378	415	13	3	37	0.0810811
NODE_68251_length_418_cov_49.796238	378	415	15	1	37	0.0270270
NODE_68251_length_418_cov_49.796238	378	415	21	11	37	0.2972973
NODE_68251_length_418_cov_49.796238	378	415	23	2	37	0.0540541
NODE_68251_length_418_cov_49.796238	378	415	25	7	37	0.1891892
NODE_68251_length_418_cov_49.796238	378	415	28	2	37	0.0540541
NODE_68251_length_418_cov_49.796238	378	415	33	1	37	0.0270270
NODE_68252_length_418_cov_42.764890	119	196	0	77	77	1.0000000
NODE_68252_length_418_cov_42.764890	172	250	0	78	78	1.0000000
NODE_68253_length_418_cov_23.830721	73	153	0	80	80	1.0000000
NODE_68253_length_418_cov_23.830721	126	200	0	74	74	1.0000000
NODE_68255_length_418_cov_7.216301	211	291	2	77	80	0.9625000
NODE_68255_length_418_cov_7.216301	211	291	4	3	80	0.0375000
NODE_68265_length_418_cov_5.382445	134	215	0	81	81	1.0000000
NODE_68265_length_418_cov_5.382445	187	268	0	81	81	1.0000000
NODE_68275_length_418_cov_4.463950	191	272	0	19	81	0.2345679
NODE_68275_length_418_cov_4.463950	191	272	2	62	81	0.7654321
NODE_68280_length_418_cov_4.216301	148	230	0	14	82	0.1707317
NODE_68280_length_418_cov_4.216301	148	230	4	68	82	0.8292683
NODE_68281_length_418_cov_4.065831	211	280	2	50	69	0.7246377
NODE_68281_length_418_cov_4.065831	211	280	4	19	69	0.2753623
NODE_68284_length_418_cov_3.909091	95	175	0	5	80	0.0625000
NODE_68284_length_418_cov_3.909091	95	175	2	10	80	0.1250000
NODE_68284_length_418_cov_3.909091	95	175	4	7	80	0.0875000
NODE_68284_length_418_cov_3.909091	95	175	6	3	80	0.0375000
NODE_68284_length_418_cov_3.909091	95	175	10	1	80	0.0125000
NODE_68284_length_418_cov_3.909091	95	175	12	7	80	0.0875000
NODE_68284_length_418_cov_3.909091	95	175	13	1	80	0.0125000
NODE_68284_length_418_cov_3.909091	95	175	15	2	80	0.0250000
NODE_68284_length_418_cov_3.909091	95	175	17	3	80	0.0375000
NODE_68284_length_418_cov_3.909091	95	175	19	1	80	0.0125000
NODE_68284_length_418_cov_3.909091	95	175	21	6	80	0.0750000
NODE_68284_length_418_cov_3.909091	95	175	23	5	80	0.0625000
NODE_68284_length_418_cov_3.909091	95	175	25	1	80	0.0125000
NODE_68284_length_418_cov_3.909091	95	175	27	7	80	0.0875000
NODE_68284_length_418_cov_3.909091	95	175	29	4	80	0.0500000
NODE_68284_length_418_cov_3.909091	95	175	31	1	80	0.0125000
NODE_68284_length_418_cov_3.909091	95	175	33	3	80	0.0375000
NODE_68284_length_418_cov_3.909091	95	175	35	12	80	0.1500000
NODE_68284_length_418_cov_3.909091	95	175	37	1	80	0.0125000
NODE_68284_length_418_cov_3.909091	148	224	0	6	76	0.0789474
NODE_68284_length_418_cov_3.909091	148	224	1	4	76	0.0526316
NODE_68284_length_418_cov_3.909091	148	224	2	10	76	0.1315790
NODE_68284_length_418_cov_3.909091	148	224	3	8	76	0.1052632
NODE_68284_length_418_cov_3.909091	148	224	4	11	76	0.1447368
NODE_68284_length_418_cov_3.909091	148	224	6	4	76	0.0526316
NODE_68284_length_418_cov_3.909091	148	224	7	6	76	0.0789474
NODE_68284_length_418_cov_3.909091	148	224	8	1	76	0.0131579
NODE_68284_length_418_cov_3.909091	148	224	10	1	76	0.0131579
NODE_68284_length_418_cov_3.909091	148	224	12	3	76	0.0394737
NODE_68284_length_418_cov_3.909091	148	224	13	2	76	0.0263158
NODE_68284_length_418_cov_3.909091	148	224	15	3	76	0.0394737
NODE_68284_length_418_cov_3.909091	148	224	18	1	76	0.0131579
NODE_68284_length_418_cov_3.909091	148	224	20	13	76	0.1710526
NODE_68284_length_418_cov_3.909091	148	224	21	1	76	0.0131579
NODE_68284_length_418_cov_3.909091	148	224	23	2	76	0.0263158
NODE_68288_length_418_cov_3.749216	181	247	0	66	66	1.0000000
NODE_68289_length_418_cov_3.711599	249	313	6	27	64	0.4218750
NODE_68289_length_418_cov_3.711599	249	313	8	37	64	0.5781250
NODE_68307_length_418_cov_3.012539	101	181	0	80	80	1.0000000
NODE_68354_length_418_cov_2.376176	95	115	0	20	20	1.0000000
NODE_68436_length_418_cov_1.623824	47	128	0	81	81	1.0000000
NODE_68436_length_418_cov_1.623824	239	268	16	23	29	0.7931035
NODE_68436_length_418_cov_1.623824	239	268	18	5	29	0.1724138
NODE_68436_length_418_cov_1.623824	239	268	22	1	29	0.0344828
NODE_68682_length_418_cov_0.626959	255	299	0	44	44	1.0000000
NODE_68708_length_417_cov_45.267296	212	292	0	80	80	1.0000000
NODE_68708_length_417_cov_45.267296	265	345	0	80	80	1.0000000
NODE_68708_length_417_cov_45.267296	341	417	0	76	76	1.0000000
NODE_68709_length_417_cov_36.006289	159	239	6	80	80	1.0000000
NODE_68711_length_417_cov_12.886792	193	273	0	16	80	0.2000000
NODE_68711_length_417_cov_12.886792	193	273	2	20	80	0.2500000
NODE_68711_length_417_cov_12.886792	193	273	8	44	80	0.5500000
NODE_68711_length_417_cov_12.886792	246	326	0	18	80	0.2250000
NODE_68711_length_417_cov_12.886792	246	326	6	18	80	0.2250000
NODE_68711_length_417_cov_12.886792	246	326	8	44	80	0.5500000
NODE_68717_length_417_cov_7.056604	210	271	0	61	61	1.0000000
NODE_68717_length_417_cov_7.056604	263	315	0	52	52	1.0000000
NODE_68718_length_417_cov_6.669811	194	264	4	68	70	0.9714286
NODE_68718_length_417_cov_6.669811	194	264	6	2	70	0.0285714
NODE_68779_length_417_cov_2.795597	20	91	0	53	71	0.7464789
NODE_68779_length_417_cov_2.795597	20	91	1	18	71	0.2535211
NODE_69163_length_416_cov_115.782334	174	259	18	19	85	0.2235294
NODE_69163_length_416_cov_115.782334	174	259	22	13	85	0.1529412
NODE_69163_length_416_cov_115.782334	174	259	24	25	85	0.2941177
NODE_69163_length_416_cov_115.782334	174	259	26	3	85	0.0352941
NODE_69163_length_416_cov_115.782334	174	259	30	25	85	0.2941177
NODE_69164_length_416_cov_70.678233	180	244	16	1	64	0.0156250
NODE_69164_length_416_cov_70.678233	180	244	20	4	64	0.0625000
NODE_69164_length_416_cov_70.678233	180	244	22	12	64	0.1875000
NODE_69164_length_416_cov_70.678233	180	244	24	3	64	0.0468750
NODE_69164_length_416_cov_70.678233	180	244	30	2	64	0.0312500
NODE_69164_length_416_cov_70.678233	180	244	36	4	64	0.0625000
NODE_69164_length_416_cov_70.678233	180	244	40	5	64	0.0781250
NODE_69164_length_416_cov_70.678233	180	244	42	2	64	0.0312500
NODE_69164_length_416_cov_70.678233	180	244	48	1	64	0.0156250
NODE_69164_length_416_cov_70.678233	180	244	50	1	64	0.0156250
NODE_69164_length_416_cov_70.678233	180	244	51	1	64	0.0156250
NODE_69164_length_416_cov_70.678233	180	244	54	1	64	0.0156250
NODE_69164_length_416_cov_70.678233	180	244	56	5	64	0.0781250
NODE_69164_length_416_cov_70.678233	180	244	62	9	64	0.1406250
NODE_69164_length_416_cov_70.678233	180	244	66	2	64	0.0312500
NODE_69164_length_416_cov_70.678233	180	244	68	2	64	0.0312500
NODE_69164_length_416_cov_70.678233	180	244	71	7	64	0.1093750
NODE_69164_length_416_cov_70.678233	180	244	73	2	64	0.0312500
NODE_69166_length_416_cov_39.933754	288	368	0	80	80	1.0000000
NODE_69166_length_416_cov_39.933754	341	416	0	75	75	1.0000000
NODE_69167_length_416_cov_37.334385	158	238	0	21	80	0.2625000
NODE_69167_length_416_cov_37.334385	158	238	2	59	80	0.7375000
NODE_69167_length_416_cov_37.334385	211	291	0	74	80	0.9250000
NODE_69167_length_416_cov_37.334385	211	291	2	6	80	0.0750000
NODE_69167_length_416_cov_37.334385	287	367	0	80	80	1.0000000
NODE_69167_length_416_cov_37.334385	340	416	0	76	76	1.0000000
NODE_69179_length_416_cov_5.242902	89	169	0	80	80	1.0000000
NODE_69179_length_416_cov_5.242902	142	222	0	80	80	1.0000000
NODE_69184_length_416_cov_4.892744	79	145	0	15	66	0.2272727
NODE_69184_length_416_cov_4.892744	79	145	2	51	66	0.7727273
NODE_69184_length_416_cov_4.892744	194	272	2	78	78	1.0000000
NODE_69184_length_416_cov_4.892744	247	272	2	25	25	1.0000000
NODE_69204_length_416_cov_3.886435	79	136	11	5	57	0.0877193
NODE_69204_length_416_cov_3.886435	79	136	12	8	57	0.1403509
NODE_69204_length_416_cov_3.886435	79	136	13	44	57	0.7719298
NODE_69279_length_416_cov_2.230284	10	90	0	55	80	0.6875000
NODE_69279_length_416_cov_2.230284	10	90	2	25	80	0.3125000
NODE_69399_length_416_cov_1.520505	198	244	2	28	46	0.6086956
NODE_69399_length_416_cov_1.520505	198	244	3	4	46	0.0869565
NODE_69399_length_416_cov_1.520505	198	244	4	1	46	0.0217391
NODE_69399_length_416_cov_1.520505	198	244	6	2	46	0.0434783
NODE_69399_length_416_cov_1.520505	198	244	8	2	46	0.0434783
NODE_69399_length_416_cov_1.520505	198	244	9	9	46	0.1956522
NODE_69399_length_416_cov_1.520505	261	328	20	13	67	0.1940299
NODE_69399_length_416_cov_1.520505	261	328	22	11	67	0.1641791
NODE_69399_length_416_cov_1.520505	261	328	24	7	67	0.1044776
NODE_69399_length_416_cov_1.520505	261	328	26	3	67	0.0447761
NODE_69399_length_416_cov_1.520505	261	328	28	6	67	0.0895522
NODE_69399_length_416_cov_1.520505	261	328	30	14	67	0.2089552
NODE_69399_length_416_cov_1.520505	261	328	32	7	67	0.1044776
NODE_69399_length_416_cov_1.520505	261	328	34	6	67	0.0895522
NODE_69673_length_415_cov_35.924051	260	339	2	52	79	0.6582279
NODE_69673_length_415_cov_35.924051	260	339	4	27	79	0.3417721
NODE_69673_length_415_cov_35.924051	316	392	0	24	76	0.3157895
NODE_69673_length_415_cov_35.924051	316	392	2	52	76	0.6842105
NODE_69679_length_415_cov_6.376582	117	197	4	9	80	0.1125000
NODE_69679_length_415_cov_6.376582	117	197	6	71	80	0.8875000
NODE_69679_length_415_cov_6.376582	254	334	0	80	80	1.0000000
NODE_69774_length_415_cov_2.224684	144	224	2	30	80	0.3750000
NODE_69774_length_415_cov_2.224684	144	224	4	50	80	0.6250000
NODE_69795_length_415_cov_2.069620	207	273	0	58	66	0.8787879
NODE_69795_length_415_cov_2.069620	207	273	2	8	66	0.1212121
NODE_69817_length_415_cov_1.832278	225	283	4	26	58	0.4482759
NODE_69817_length_415_cov_1.832278	225	283	6	4	58	0.0689655
NODE_69817_length_415_cov_1.832278	225	283	8	3	58	0.0517241
NODE_69817_length_415_cov_1.832278	225	283	10	4	58	0.0689655
NODE_69817_length_415_cov_1.832278	225	283	12	8	58	0.1379310
NODE_69817_length_415_cov_1.832278	225	283	14	13	58	0.2241379
NODE_69845_length_415_cov_1.610759	90	170	26	3	80	0.0375000
NODE_69845_length_415_cov_1.610759	90	170	28	7	80	0.0875000
NODE_69845_length_415_cov_1.610759	90	170	31	2	80	0.0250000
NODE_69845_length_415_cov_1.610759	90	170	36	2	80	0.0250000
NODE_69845_length_415_cov_1.610759	90	170	40	1	80	0.0125000
NODE_69845_length_415_cov_1.610759	90	170	44	1	80	0.0125000
NODE_69845_length_415_cov_1.610759	90	170	46	2	80	0.0250000
NODE_69845_length_415_cov_1.610759	90	170	50	3	80	0.0375000
NODE_69845_length_415_cov_1.610759	90	170	54	1	80	0.0125000
NODE_69845_length_415_cov_1.610759	90	170	56	1	80	0.0125000
NODE_69845_length_415_cov_1.610759	90	170	58	2	80	0.0250000
NODE_69845_length_415_cov_1.610759	90	170	62	11	80	0.1375000
NODE_69845_length_415_cov_1.610759	90	170	64	2	80	0.0250000
NODE_69845_length_415_cov_1.610759	90	170	66	1	80	0.0125000
NODE_69845_length_415_cov_1.610759	90	170	68	1	80	0.0125000
NODE_69845_length_415_cov_1.610759	90	170	72	4	80	0.0500000
NODE_69845_length_415_cov_1.610759	90	170	74	4	80	0.0500000
NODE_69845_length_415_cov_1.610759	90	170	75	1	80	0.0125000
NODE_69845_length_415_cov_1.610759	90	170	76	6	80	0.0750000
NODE_69845_length_415_cov_1.610759	90	170	78	5	80	0.0625000
NODE_69845_length_415_cov_1.610759	90	170	79	11	80	0.1375000
NODE_69845_length_415_cov_1.610759	90	170	80	9	80	0.1125000
NODE_69845_length_415_cov_1.610759	335	376	0	36	41	0.8780488
NODE_69845_length_415_cov_1.610759	335	376	2	5	41	0.1219512
NODE_70175_length_414_cov_46.263492	0	49	0	49	49	1.0000000
NODE_70175_length_414_cov_46.263492	22	102	0	80	80	1.0000000
NODE_70183_length_414_cov_7.460317	167	247	0	80	80	1.0000000
NODE_70183_length_414_cov_7.460317	220	300	0	80	80	1.0000000
NODE_70192_length_414_cov_5.676190	54	134	0	80	80	1.0000000
NODE_70192_length_414_cov_5.676190	107	187	0	80	80	1.0000000
NODE_70222_length_414_cov_4.130159	257	303	4	46	46	1.0000000
NODE_70222_length_414_cov_4.130159	276	356	0	2	80	0.0250000
NODE_70222_length_414_cov_4.130159	276	356	2	46	80	0.5750000
NODE_70222_length_414_cov_4.130159	276	356	4	32	80	0.4000000
NODE_70254_length_414_cov_2.996825	75	135	12	26	60	0.4333333
NODE_70254_length_414_cov_2.996825	75	135	14	6	60	0.1000000
NODE_70254_length_414_cov_2.996825	75	135	16	28	60	0.4666667
NODE_70271_length_414_cov_2.631746	68	145	0	77	77	1.0000000
NODE_70284_length_414_cov_2.473016	164	197	0	33	33	1.0000000
NODE_70284_length_414_cov_2.473016	170	255	0	85	85	1.0000000
NODE_70305_length_414_cov_2.222222	185	260	4	15	75	0.2000000
NODE_70305_length_414_cov_2.222222	185	260	6	2	75	0.0266667
NODE_70305_length_414_cov_2.222222	185	260	12	11	75	0.1466667
NODE_70305_length_414_cov_2.222222	185	260	13	1	75	0.0133333
NODE_70305_length_414_cov_2.222222	185	260	14	43	75	0.5733333
NODE_70305_length_414_cov_2.222222	185	260	16	3	75	0.0400000
NODE_70305_length_414_cov_2.222222	233	304	8	10	71	0.1408451
NODE_70305_length_414_cov_2.222222	233	304	10	5	71	0.0704225
NODE_70305_length_414_cov_2.222222	233	304	14	56	71	0.7887324
NODE_70307_length_414_cov_2.206349	88	163	0	75	75	1.0000000
NODE_70326_length_414_cov_2.047619	298	349	0	51	51	1.0000000
NODE_70486_length_414_cov_1.177778	106	190	4	11	84	0.1309524
NODE_70486_length_414_cov_1.177778	106	190	6	19	84	0.2261905
NODE_70486_length_414_cov_1.177778	106	190	8	54	84	0.6428571
NODE_70494_length_414_cov_1.155556	0	23	0	23	23	1.0000000
NODE_70690_length_413_cov_41.471338	35	115	0	80	80	1.0000000
NODE_70690_length_413_cov_41.471338	35	115	0	80	80	1.0000000
NODE_70690_length_413_cov_41.471338	88	168	0	80	80	1.0000000
NODE_70690_length_413_cov_41.471338	88	168	0	80	80	1.0000000
NODE_70691_length_413_cov_16.687898	222	302	0	41	80	0.5125000
NODE_70691_length_413_cov_16.687898	222	302	2	39	80	0.4875000
NODE_70691_length_413_cov_16.687898	275	355	0	80	80	1.0000000
NODE_70699_length_413_cov_7.057325	170	250	0	4	80	0.0500000
NODE_70699_length_413_cov_7.057325	170	250	2	28	80	0.3500000
NODE_70699_length_413_cov_7.057325	170	250	4	4	80	0.0500000
NODE_70699_length_413_cov_7.057325	170	250	6	8	80	0.1000000
NODE_70699_length_413_cov_7.057325	170	250	8	36	80	0.4500000
NODE_70699_length_413_cov_7.057325	223	300	2	4	77	0.0519481
NODE_70699_length_413_cov_7.057325	223	300	4	14	77	0.1818182
NODE_70699_length_413_cov_7.057325	223	300	6	32	77	0.4155844
NODE_70699_length_413_cov_7.057325	223	300	8	27	77	0.3506494
NODE_70703_length_413_cov_5.665605	125	182	0	2	57	0.0350877
NODE_70703_length_413_cov_5.665605	125	182	5	6	57	0.1052632
NODE_70703_length_413_cov_5.665605	125	182	6	49	57	0.8596491
NODE_70712_length_413_cov_4.754777	140	184	0	44	44	1.0000000
NODE_70743_length_413_cov_3.506369	113	193	10	70	80	0.8750000
NODE_70743_length_413_cov_3.506369	113	193	12	10	80	0.1250000
NODE_70749_length_413_cov_3.235669	251	331	0	80	80	1.0000000
NODE_70749_length_413_cov_3.235669	304	356	0	52	52	1.0000000
NODE_70792_length_413_cov_2.484076	209	257	4	48	48	1.0000000
NODE_70835_length_413_cov_1.949045	224	296	0	72	72	1.0000000
NODE_71196_length_412_cov_9.996805	172	244	0	72	72	1.0000000
NODE_71218_length_412_cov_4.686901	112	167	0	55	55	1.0000000
NODE_71253_length_412_cov_3.204473	44	124	0	80	80	1.0000000
NODE_71276_length_412_cov_2.824281	225	305	0	80	80	1.0000000
NODE_71371_length_412_cov_1.782748	262	342	2	80	80	1.0000000
NODE_71398_length_412_cov_1.603834	143	182	6	8	39	0.2051282
NODE_71398_length_412_cov_1.603834	143	182	10	1	39	0.0256410
NODE_71398_length_412_cov_1.603834	143	182	14	1	39	0.0256410
NODE_71398_length_412_cov_1.603834	143	182	16	2	39	0.0512821
NODE_71398_length_412_cov_1.603834	143	182	18	1	39	0.0256410
NODE_71398_length_412_cov_1.603834	143	182	21	1	39	0.0256410
NODE_71398_length_412_cov_1.603834	143	182	22	5	39	0.1282051
NODE_71398_length_412_cov_1.603834	143	182	25	1	39	0.0256410
NODE_71398_length_412_cov_1.603834	143	182	26	2	39	0.0512821
NODE_71398_length_412_cov_1.603834	143	182	28	2	39	0.0512821
NODE_71398_length_412_cov_1.603834	143	182	30	4	39	0.1025641
NODE_71398_length_412_cov_1.603834	143	182	31	1	39	0.0256410
NODE_71398_length_412_cov_1.603834	143	182	32	2	39	0.0512821
NODE_71398_length_412_cov_1.603834	143	182	36	3	39	0.0769231
NODE_71398_length_412_cov_1.603834	143	182	40	5	39	0.1282051
NODE_71665_length_411_cov_44.701923	4	72	0	9	68	0.1323529
NODE_71665_length_411_cov_44.701923	4	72	1	9	68	0.1323529
NODE_71665_length_411_cov_44.701923	4	72	2	50	68	0.7352941
NODE_71665_length_411_cov_44.701923	35	116	2	38	81	0.4691358
NODE_71665_length_411_cov_44.701923	35	116	4	43	81	0.5308642
NODE_71665_length_411_cov_44.701923	161	242	0	29	81	0.3580247
NODE_71665_length_411_cov_44.701923	161	242	2	41	81	0.5061728
NODE_71665_length_411_cov_44.701923	161	242	3	9	81	0.1111111
NODE_71665_length_411_cov_44.701923	161	242	4	2	81	0.0246914
NODE_71665_length_411_cov_44.701923	293	374	0	81	81	1.0000000
NODE_71665_length_411_cov_44.701923	337	411	0	74	74	1.0000000
NODE_71666_length_411_cov_43.144231	102	183	0	4	81	0.0493827
NODE_71666_length_411_cov_43.144231	102	183	2	18	81	0.2222222
NODE_71666_length_411_cov_43.144231	102	183	4	59	81	0.7283950
NODE_71666_length_411_cov_43.144231	156	236	0	4	80	0.0500000
NODE_71666_length_411_cov_43.144231	156	236	4	76	80	0.9500000
NODE_71666_length_411_cov_43.144231	232	312	0	58	80	0.7250000
NODE_71666_length_411_cov_43.144231	232	312	2	22	80	0.2750000
NODE_71666_length_411_cov_43.144231	285	365	0	5	80	0.0625000
NODE_71666_length_411_cov_43.144231	285	365	2	75	80	0.9375000
NODE_71672_length_411_cov_8.471154	133	213	0	80	80	1.0000000
NODE_71672_length_411_cov_8.471154	186	266	0	80	80	1.0000000
NODE_71673_length_411_cov_8.407051	133	220	12	12	87	0.1379310
NODE_71673_length_411_cov_8.407051	133	220	14	4	87	0.0459770
NODE_71673_length_411_cov_8.407051	133	220	16	17	87	0.1954023
NODE_71673_length_411_cov_8.407051	133	220	17	1	87	0.0114943
NODE_71673_length_411_cov_8.407051	133	220	18	25	87	0.2873563
NODE_71673_length_411_cov_8.407051	133	220	20	2	87	0.0229885
NODE_71673_length_411_cov_8.407051	133	220	22	26	87	0.2988506
NODE_71675_length_411_cov_6.455128	249	316	0	67	67	1.0000000
NODE_71675_length_411_cov_6.455128	292	344	0	52	52	1.0000000
NODE_71687_length_411_cov_4.782051	98	178	0	80	80	1.0000000
NODE_71687_length_411_cov_4.782051	151	228	0	40	77	0.5194805
NODE_71687_length_411_cov_4.782051	151	228	2	37	77	0.4805195
NODE_71705_length_411_cov_3.698718	282	347	0	65	65	1.0000000
NODE_71713_length_411_cov_3.378205	88	148	6	4	60	0.0666667
NODE_71713_length_411_cov_3.378205	88	148	10	6	60	0.1000000
NODE_71713_length_411_cov_3.378205	88	148	12	12	60	0.2000000
NODE_71713_length_411_cov_3.378205	88	148	14	38	60	0.6333333
NODE_71714_length_411_cov_3.371795	145	225	2	71	80	0.8875000
NODE_71714_length_411_cov_3.371795	145	225	4	9	80	0.1125000
NODE_71714_length_411_cov_3.371795	198	274	2	66	76	0.8684211
NODE_71714_length_411_cov_3.371795	198	274	4	10	76	0.1315790
NODE_72163_length_410_cov_49.331190	320	400	0	80	80	1.0000000
NODE_72163_length_410_cov_49.331190	320	400	0	80	80	1.0000000
NODE_72163_length_410_cov_49.331190	320	400	0	80	80	1.0000000
NODE_72163_length_410_cov_49.331190	320	400	0	80	80	1.0000000
NODE_72163_length_410_cov_49.331190	320	400	0	80	80	1.0000000
NODE_72163_length_410_cov_49.331190	329	400	0	71	71	1.0000000
NODE_72169_length_410_cov_6.797428	179	259	0	80	80	1.0000000
NODE_72169_length_410_cov_6.797428	232	312	0	80	80	1.0000000
NODE_72184_length_410_cov_5.102894	153	222	0	69	69	1.0000000
NODE_72186_length_410_cov_4.884244	101	179	0	78	78	1.0000000
NODE_72187_length_410_cov_4.787781	287	344	0	57	57	1.0000000
NODE_72187_length_410_cov_4.787781	340	397	0	57	57	1.0000000
NODE_72194_length_410_cov_4.591640	245	303	23	1	58	0.0172414
NODE_72194_length_410_cov_4.591640	245	303	31	1	58	0.0172414
NODE_72194_length_410_cov_4.591640	245	303	33	1	58	0.0172414
NODE_72194_length_410_cov_4.591640	245	303	37	5	58	0.0862069
NODE_72194_length_410_cov_4.591640	245	303	39	1	58	0.0172414
NODE_72194_length_410_cov_4.591640	245	303	43	5	58	0.0862069
NODE_72194_length_410_cov_4.591640	245	303	45	2	58	0.0344828
NODE_72194_length_410_cov_4.591640	245	303	49	3	58	0.0517241
NODE_72194_length_410_cov_4.591640	245	303	50	1	58	0.0172414
NODE_72194_length_410_cov_4.591640	245	303	56	2	58	0.0344828
NODE_72194_length_410_cov_4.591640	245	303	58	8	58	0.1379310
NODE_72194_length_410_cov_4.591640	245	303	59	1	58	0.0172414
NODE_72194_length_410_cov_4.591640	245	303	61	2	58	0.0344828
NODE_72194_length_410_cov_4.591640	245	303	65	1	58	0.0172414
NODE_72194_length_410_cov_4.591640	245	303	66	3	58	0.0517241
NODE_72194_length_410_cov_4.591640	245	303	70	7	58	0.1206897
NODE_72194_length_410_cov_4.591640	245	303	72	6	58	0.1034483
NODE_72194_length_410_cov_4.591640	245	303	74	8	58	0.1379310
NODE_72194_length_410_cov_4.591640	298	356	44	3	58	0.0517241
NODE_72194_length_410_cov_4.591640	298	356	49	6	58	0.1034483
NODE_72194_length_410_cov_4.591640	298	356	51	1	58	0.0172414
NODE_72194_length_410_cov_4.591640	298	356	53	1	58	0.0172414
NODE_72194_length_410_cov_4.591640	298	356	55	2	58	0.0344828
NODE_72194_length_410_cov_4.591640	298	356	57	6	58	0.1034483
NODE_72194_length_410_cov_4.591640	298	356	59	1	58	0.0172414
NODE_72194_length_410_cov_4.591640	298	356	62	3	58	0.0517241
NODE_72194_length_410_cov_4.591640	298	356	64	1	58	0.0172414
NODE_72194_length_410_cov_4.591640	298	356	70	2	58	0.0344828
NODE_72194_length_410_cov_4.591640	298	356	72	3	58	0.0517241
NODE_72194_length_410_cov_4.591640	298	356	74	29	58	0.5000000
NODE_72230_length_410_cov_3.215434	32	112	0	80	80	1.0000000
NODE_72230_length_410_cov_3.215434	85	165	0	80	80	1.0000000
NODE_72327_length_410_cov_1.913183	227	285	2	4	58	0.0689655
NODE_72327_length_410_cov_1.913183	227	285	4	27	58	0.4655173
NODE_72327_length_410_cov_1.913183	227	285	6	27	58	0.4655173
NODE_72526_length_410_cov_1.038585	272	316	0	10	44	0.2272727
NODE_72526_length_410_cov_1.038585	272	316	6	34	44	0.7727273
NODE_72688_length_409_cov_11.506452	56	136	0	25	80	0.3125000
NODE_72688_length_409_cov_11.506452	56	136	2	4	80	0.0500000
NODE_72688_length_409_cov_11.506452	56	136	4	51	80	0.6375000
NODE_72688_length_409_cov_11.506452	109	189	2	17	80	0.2125000
NODE_72688_length_409_cov_11.506452	109	189	4	63	80	0.7875000
NODE_72689_length_409_cov_10.329032	131	186	0	13	55	0.2363636
NODE_72689_length_409_cov_10.329032	131	186	2	42	55	0.7636364
NODE_72690_length_409_cov_9.625806	62	142	0	62	80	0.7750000
NODE_72690_length_409_cov_9.625806	62	142	6	10	80	0.1250000
NODE_72690_length_409_cov_9.625806	62	142	8	8	80	0.1000000
NODE_72690_length_409_cov_9.625806	115	195	0	9	80	0.1125000
NODE_72690_length_409_cov_9.625806	115	195	6	10	80	0.1250000
NODE_72690_length_409_cov_9.625806	115	195	8	61	80	0.7625000
NODE_72697_length_409_cov_6.867742	41	71	0	30	30	1.0000000
NODE_72730_length_409_cov_3.822581	103	158	0	55	55	1.0000000
NODE_72730_length_409_cov_3.822581	151	232	0	52	81	0.6419753
NODE_72730_length_409_cov_3.822581	151	232	2	29	81	0.3580247
NODE_72754_length_409_cov_2.987097	240	287	0	47	47	1.0000000
NODE_72951_length_409_cov_1.319355	49	131	0	5	82	0.0609756
NODE_72951_length_409_cov_1.319355	49	131	1	20	82	0.2439024
NODE_72951_length_409_cov_1.319355	49	131	2	29	82	0.3536585
NODE_72951_length_409_cov_1.319355	49	131	4	16	82	0.1951219
NODE_72951_length_409_cov_1.319355	49	131	6	12	82	0.1463415
NODE_72951_length_409_cov_1.319355	104	161	4	15	57	0.2631579
NODE_72951_length_409_cov_1.319355	104	161	6	42	57	0.7368421
NODE_73196_length_408_cov_8.585761	57	137	0	25	80	0.3125000
NODE_73196_length_408_cov_8.585761	57	137	2	55	80	0.6875000
NODE_73196_length_408_cov_8.585761	110	190	2	66	80	0.8250000
NODE_73196_length_408_cov_8.585761	110	190	4	14	80	0.1750000
NODE_73198_length_408_cov_6.948220	71	151	4	80	80	1.0000000
NODE_73198_length_408_cov_6.948220	124	204	2	20	80	0.2500000
NODE_73198_length_408_cov_6.948220	124	204	4	52	80	0.6500000
NODE_73198_length_408_cov_6.948220	124	204	6	8	80	0.1000000
NODE_73219_length_408_cov_3.957929	83	132	4	33	49	0.6734694
NODE_73219_length_408_cov_3.957929	83	132	6	5	49	0.1020408
NODE_73219_length_408_cov_3.957929	83	132	8	11	49	0.2244898
NODE_73226_length_408_cov_3.511327	40	97	2	57	57	1.0000000
NODE_73226_length_408_cov_3.511327	357	398	0	35	41	0.8536586
NODE_73226_length_408_cov_3.511327	357	398	2	6	41	0.1463415
NODE_73262_length_408_cov_2.724919	128	180	2	28	52	0.5384616
NODE_73262_length_408_cov_2.724919	128	180	4	24	52	0.4615385
NODE_73269_length_408_cov_2.563107	164	241	0	71	77	0.9220779
NODE_73269_length_408_cov_2.563107	164	241	2	1	77	0.0129870
NODE_73269_length_408_cov_2.563107	164	241	4	1	77	0.0129870
NODE_73269_length_408_cov_2.563107	164	241	10	1	77	0.0129870
NODE_73269_length_408_cov_2.563107	164	241	12	3	77	0.0389610
NODE_73271_length_408_cov_2.456311	314	379	2	65	65	1.0000000
NODE_73271_length_408_cov_2.456311	352	408	0	18	56	0.3214286
NODE_73271_length_408_cov_2.456311	352	408	2	38	56	0.6785714
NODE_73690_length_407_cov_6.191558	144	208	2	37	64	0.5781250
NODE_73690_length_407_cov_6.191558	144	208	4	27	64	0.4218750
NODE_73698_length_407_cov_4.961039	212	291	4	12	79	0.1518987
NODE_73698_length_407_cov_4.961039	212	291	6	8	79	0.1012658
NODE_73698_length_407_cov_4.961039	212	291	8	25	79	0.3164557
NODE_73698_length_407_cov_4.961039	212	291	9	3	79	0.0379747
NODE_73698_length_407_cov_4.961039	212	291	10	31	79	0.3924051
NODE_73719_length_407_cov_3.681818	314	375	0	61	61	1.0000000
NODE_73732_length_407_cov_3.344156	199	247	0	48	48	1.0000000
NODE_73736_length_407_cov_3.250000	142	223	0	3	81	0.0370370
NODE_73736_length_407_cov_3.250000	142	223	10	3	81	0.0370370
NODE_73736_length_407_cov_3.250000	142	223	12	75	81	0.9259259
NODE_73762_length_407_cov_2.594156	194	257	0	25	63	0.3968254
NODE_73762_length_407_cov_2.594156	194	257	2	38	63	0.6031746
NODE_73769_length_407_cov_2.538961	34	114	2	19	80	0.2375000
NODE_73769_length_407_cov_2.538961	34	114	4	11	80	0.1375000
NODE_73769_length_407_cov_2.538961	34	114	6	50	80	0.6250000
NODE_73853_length_407_cov_1.737013	208	264	0	56	56	1.0000000
NODE_74200_length_406_cov_176.856678	200	271	151	1	71	0.0140845
NODE_74200_length_406_cov_176.856678	200	271	155	2	71	0.0281690
NODE_74200_length_406_cov_176.856678	200	271	165	1	71	0.0140845
NODE_74200_length_406_cov_176.856678	200	271	173	1	71	0.0140845
NODE_74200_length_406_cov_176.856678	200	271	175	2	71	0.0281690
NODE_74200_length_406_cov_176.856678	200	271	176	1	71	0.0140845
NODE_74200_length_406_cov_176.856678	200	271	177	5	71	0.0704225
NODE_74200_length_406_cov_176.856678	200	271	179	1	71	0.0140845
NODE_74200_length_406_cov_176.856678	200	271	182	1	71	0.0140845
NODE_74200_length_406_cov_176.856678	200	271	183	2	71	0.0281690
NODE_74200_length_406_cov_176.856678	200	271	184	2	71	0.0281690
NODE_74200_length_406_cov_176.856678	200	271	185	2	71	0.0281690
NODE_74200_length_406_cov_176.856678	200	271	189	5	71	0.0704225
NODE_74200_length_406_cov_176.856678	200	271	191	1	71	0.0140845
NODE_74200_length_406_cov_176.856678	200	271	198	3	71	0.0422535
NODE_74200_length_406_cov_176.856678	200	271	199	2	71	0.0281690
NODE_74200_length_406_cov_176.856678	200	271	203	1	71	0.0140845
NODE_74200_length_406_cov_176.856678	200	271	204	1	71	0.0140845
NODE_74200_length_406_cov_176.856678	200	271	205	2	71	0.0281690
NODE_74200_length_406_cov_176.856678	200	271	206	2	71	0.0281690
NODE_74200_length_406_cov_176.856678	200	271	207	6	71	0.0845070
NODE_74200_length_406_cov_176.856678	200	271	208	1	71	0.0140845
NODE_74200_length_406_cov_176.856678	200	271	209	3	71	0.0422535
NODE_74200_length_406_cov_176.856678	200	271	213	2	71	0.0281690
NODE_74200_length_406_cov_176.856678	200	271	216	1	71	0.0140845
NODE_74200_length_406_cov_176.856678	200	271	217	1	71	0.0140845
NODE_74200_length_406_cov_176.856678	200	271	218	1	71	0.0140845
NODE_74200_length_406_cov_176.856678	200	271	220	2	71	0.0281690
NODE_74200_length_406_cov_176.856678	200	271	221	1	71	0.0140845
NODE_74200_length_406_cov_176.856678	200	271	222	2	71	0.0281690
NODE_74200_length_406_cov_176.856678	200	271	223	1	71	0.0140845
NODE_74200_length_406_cov_176.856678	200	271	225	5	71	0.0704225
NODE_74200_length_406_cov_176.856678	200	271	227	1	71	0.0140845
NODE_74200_length_406_cov_176.856678	200	271	230	2	71	0.0281690
NODE_74200_length_406_cov_176.856678	200	271	231	2	71	0.0281690
NODE_74200_length_406_cov_176.856678	200	271	232	1	71	0.0140845
NODE_74200_length_406_cov_176.856678	200	271	235	1	71	0.0140845
NODE_74200_length_406_cov_176.856678	244	321	165	7	77	0.0909091
NODE_74200_length_406_cov_176.856678	244	321	166	3	77	0.0389610
NODE_74200_length_406_cov_176.856678	244	321	168	2	77	0.0259740
NODE_74200_length_406_cov_176.856678	244	321	170	2	77	0.0259740
NODE_74200_length_406_cov_176.856678	244	321	171	2	77	0.0259740
NODE_74200_length_406_cov_176.856678	244	321	172	2	77	0.0259740
NODE_74200_length_406_cov_176.856678	244	321	176	1	77	0.0129870
NODE_74200_length_406_cov_176.856678	244	321	178	2	77	0.0259740
NODE_74200_length_406_cov_176.856678	244	321	180	1	77	0.0129870
NODE_74200_length_406_cov_176.856678	244	321	182	1	77	0.0129870
NODE_74200_length_406_cov_176.856678	244	321	190	1	77	0.0129870
NODE_74200_length_406_cov_176.856678	244	321	195	1	77	0.0129870
NODE_74200_length_406_cov_176.856678	244	321	199	6	77	0.0779221
NODE_74200_length_406_cov_176.856678	244	321	200	2	77	0.0259740
NODE_74200_length_406_cov_176.856678	244	321	202	2	77	0.0259740
NODE_74200_length_406_cov_176.856678	244	321	203	1	77	0.0129870
NODE_74200_length_406_cov_176.856678	244	321	204	1	77	0.0129870
NODE_74200_length_406_cov_176.856678	244	321	205	1	77	0.0129870
NODE_74200_length_406_cov_176.856678	244	321	206	4	77	0.0519481
NODE_74200_length_406_cov_176.856678	244	321	207	14	77	0.1818182
NODE_74200_length_406_cov_176.856678	244	321	208	1	77	0.0129870
NODE_74200_length_406_cov_176.856678	244	321	209	4	77	0.0519481
NODE_74200_length_406_cov_176.856678	244	321	211	1	77	0.0129870
NODE_74200_length_406_cov_176.856678	244	321	220	1	77	0.0129870
NODE_74200_length_406_cov_176.856678	244	321	222	1	77	0.0129870
NODE_74200_length_406_cov_176.856678	244	321	223	1	77	0.0129870
NODE_74200_length_406_cov_176.856678	244	321	225	5	77	0.0649351
NODE_74200_length_406_cov_176.856678	244	321	227	1	77	0.0129870
NODE_74200_length_406_cov_176.856678	244	321	230	2	77	0.0259740
NODE_74200_length_406_cov_176.856678	244	321	231	2	77	0.0259740
NODE_74200_length_406_cov_176.856678	244	321	232	1	77	0.0129870
NODE_74200_length_406_cov_176.856678	244	321	235	1	77	0.0129870
NODE_74203_length_406_cov_37.723127	15	95	0	73	80	0.9125000
NODE_74203_length_406_cov_37.723127	15	95	2	3	80	0.0375000
NODE_74203_length_406_cov_37.723127	15	95	4	1	80	0.0125000
NODE_74203_length_406_cov_37.723127	15	95	7	1	80	0.0125000
NODE_74203_length_406_cov_37.723127	15	95	15	1	80	0.0125000
NODE_74203_length_406_cov_37.723127	15	95	34	1	80	0.0125000
NODE_74219_length_406_cov_4.960912	268	327	0	59	59	1.0000000
NODE_74253_length_406_cov_3.087948	261	302	2	10	41	0.2439024
NODE_74253_length_406_cov_3.087948	261	302	4	31	41	0.7560976
NODE_74284_length_406_cov_2.475570	220	270	0	50	50	1.0000000
NODE_74332_length_406_cov_1.986971	238	276	0	38	38	1.0000000
NODE_74368_length_406_cov_1.778502	159	195	3	1	36	0.0277778
NODE_74368_length_406_cov_1.778502	159	195	4	4	36	0.1111111
NODE_74368_length_406_cov_1.778502	159	195	5	18	36	0.5000000
NODE_74368_length_406_cov_1.778502	159	195	9	13	36	0.3611111
NODE_74368_length_406_cov_1.778502	234	294	14	15	60	0.2500000
NODE_74368_length_406_cov_1.778502	234	294	16	5	60	0.0833333
NODE_74368_length_406_cov_1.778502	234	294	17	10	60	0.1666667
NODE_74368_length_406_cov_1.778502	234	294	19	30	60	0.5000000
NODE_74368_length_406_cov_1.778502	267	347	1	9	80	0.1125000
NODE_74368_length_406_cov_1.778502	267	347	2	15	80	0.1875000
NODE_74368_length_406_cov_1.778502	267	347	3	8	80	0.1000000
NODE_74368_length_406_cov_1.778502	267	347	5	1	80	0.0125000
NODE_74368_length_406_cov_1.778502	267	347	9	5	80	0.0625000
NODE_74368_length_406_cov_1.778502	267	347	10	1	80	0.0125000
NODE_74368_length_406_cov_1.778502	267	347	12	1	80	0.0125000
NODE_74368_length_406_cov_1.778502	267	347	14	28	80	0.3500000
NODE_74368_length_406_cov_1.778502	267	347	16	5	80	0.0625000
NODE_74368_length_406_cov_1.778502	267	347	17	1	80	0.0125000
NODE_74368_length_406_cov_1.778502	267	347	19	6	80	0.0750000
NODE_74427_length_406_cov_1.495114	173	212	0	3	39	0.0769231
NODE_74427_length_406_cov_1.495114	173	212	4	14	39	0.3589744
NODE_74427_length_406_cov_1.495114	173	212	6	22	39	0.5641026
NODE_74476_length_406_cov_1.325733	367	398	0	31	31	1.0000000
NODE_74588_length_406_cov_0.934853	1	32	0	31	31	1.0000000
NODE_74588_length_406_cov_0.934853	5	85	0	62	80	0.7750000
NODE_74588_length_406_cov_0.934853	5	85	2	18	80	0.2250000
NODE_74696_length_405_cov_5.107843	332	380	4	23	48	0.4791667
NODE_74696_length_405_cov_5.107843	332	380	6	25	48	0.5208333
NODE_74697_length_405_cov_4.915033	15	46	2	31	31	1.0000000
NODE_74727_length_405_cov_3.346405	195	240	0	11	45	0.2444444
NODE_74727_length_405_cov_3.346405	195	240	2	15	45	0.3333333
NODE_74727_length_405_cov_3.346405	195	240	8	19	45	0.4222222
NODE_74727_length_405_cov_3.346405	274	329	0	2	55	0.0363636
NODE_74727_length_405_cov_3.346405	274	329	6	9	55	0.1636364
NODE_74727_length_405_cov_3.346405	274	329	8	44	55	0.8000000
NODE_74737_length_405_cov_3.124183	210	260	0	38	50	0.7600000
NODE_74737_length_405_cov_3.124183	210	260	2	5	50	0.1000000
NODE_74737_length_405_cov_3.124183	210	260	6	7	50	0.1400000
NODE_74737_length_405_cov_3.124183	240	286	0	46	46	1.0000000
NODE_74737_length_405_cov_3.124183	260	339	0	41	79	0.5189874
NODE_74737_length_405_cov_3.124183	260	339	2	38	79	0.4810127
NODE_74737_length_405_cov_3.124183	272	339	0	29	67	0.4328358
NODE_74737_length_405_cov_3.124183	272	339	2	38	67	0.5671642
NODE_74780_length_405_cov_2.503268	352	399	0	17	47	0.3617021
NODE_74780_length_405_cov_2.503268	352	399	8	30	47	0.6382979
NODE_74787_length_405_cov_2.460784	0	73	0	73	73	1.0000000
NODE_75145_length_405_cov_0.666667	207	268	0	61	61	1.0000000
NODE_75196_length_404_cov_40.937705	40	120	0	48	80	0.6000000
NODE_75196_length_404_cov_40.937705	40	120	2	32	80	0.4000000
NODE_75196_length_404_cov_40.937705	93	173	0	21	80	0.2625000
NODE_75196_length_404_cov_40.937705	93	173	2	59	80	0.7375000
NODE_75197_length_404_cov_32.940984	46	126	0	80	80	1.0000000
NODE_75197_length_404_cov_32.940984	99	179	0	80	80	1.0000000
NODE_75197_length_404_cov_32.940984	175	255	0	80	80	1.0000000
NODE_75197_length_404_cov_32.940984	228	308	0	80	80	1.0000000
NODE_75198_length_404_cov_11.731148	130	210	0	13	80	0.1625000
NODE_75198_length_404_cov_11.731148	130	210	2	58	80	0.7250000
NODE_75198_length_404_cov_11.731148	130	210	4	9	80	0.1125000
NODE_75198_length_404_cov_11.731148	183	263	2	51	80	0.6375000
NODE_75198_length_404_cov_11.731148	183	263	4	29	80	0.3625000
NODE_75200_length_404_cov_9.170492	201	257	0	56	56	1.0000000
NODE_75236_length_404_cov_3.613115	323	385	0	19	62	0.3064516
NODE_75236_length_404_cov_3.613115	323	385	2	43	62	0.6935484
NODE_75259_length_404_cov_2.914754	181	261	0	10	80	0.1250000
NODE_75259_length_404_cov_2.914754	181	261	2	70	80	0.8750000
NODE_75345_length_404_cov_2.085246	245	325	0	22	80	0.2750000
NODE_75345_length_404_cov_2.085246	245	325	2	58	80	0.7250000
NODE_75357_length_404_cov_1.993443	95	148	0	53	53	1.0000000
NODE_75399_length_404_cov_1.672131	32	106	0	74	74	1.0000000
NODE_75440_length_404_cov_1.498361	94	174	4	8	80	0.1000000
NODE_75440_length_404_cov_1.498361	94	174	6	72	80	0.9000000
NODE_75446_length_404_cov_1.485246	234	282	8	1	48	0.0208333
NODE_75446_length_404_cov_1.485246	234	282	10	19	48	0.3958333
NODE_75446_length_404_cov_1.485246	234	282	12	28	48	0.5833333
NODE_75545_length_404_cov_1.121311	114	194	4	11	80	0.1375000
NODE_75545_length_404_cov_1.121311	114	194	6	5	80	0.0625000
NODE_75545_length_404_cov_1.121311	114	194	8	8	80	0.1000000
NODE_75545_length_404_cov_1.121311	114	194	10	56	80	0.7000000
NODE_75750_length_403_cov_7.325658	80	146	2	2	66	0.0303030
NODE_75750_length_403_cov_7.325658	80	146	4	64	66	0.9696970
NODE_75750_length_403_cov_7.325658	165	234	0	49	69	0.7101449
NODE_75750_length_403_cov_7.325658	165	234	2	20	69	0.2898551
NODE_75750_length_403_cov_7.325658	215	255	0	40	40	1.0000000
NODE_75751_length_403_cov_7.217105	207	284	0	77	77	1.0000000
NODE_75751_length_403_cov_7.217105	257	334	0	77	77	1.0000000
NODE_75752_length_403_cov_6.776316	192	250	0	1	58	0.0172414
NODE_75752_length_403_cov_6.776316	192	250	2	57	58	0.9827586
NODE_75788_length_403_cov_3.710526	327	373	0	46	46	1.0000000
NODE_75788_length_403_cov_3.710526	346	403	0	57	57	1.0000000
NODE_75793_length_403_cov_3.611842	283	363	11	10	80	0.1250000
NODE_75793_length_403_cov_3.611842	283	363	13	33	80	0.4125000
NODE_75793_length_403_cov_3.611842	283	363	15	6	80	0.0750000
NODE_75793_length_403_cov_3.611842	283	363	16	31	80	0.3875000
NODE_75824_length_403_cov_2.822368	201	282	6	7	81	0.0864198
NODE_75824_length_403_cov_2.822368	201	282	8	35	81	0.4320988
NODE_75824_length_403_cov_2.822368	201	282	10	12	81	0.1481481
NODE_75824_length_403_cov_2.822368	201	282	12	9	81	0.1111111
NODE_75824_length_403_cov_2.822368	201	282	14	13	81	0.1604938
NODE_75824_length_403_cov_2.822368	201	282	15	5	81	0.0617284
NODE_75871_length_403_cov_2.082237	102	145	0	43	43	1.0000000
NODE_75908_length_403_cov_1.871711	130	166	2	36	36	1.0000000
NODE_75993_length_403_cov_1.398026	79	116	0	37	37	1.0000000
NODE_76029_length_403_cov_1.269737	82	111	1	13	29	0.4482759
NODE_76029_length_403_cov_1.269737	82	111	3	16	29	0.5517241
NODE_76239_length_402_cov_6.293729	217	297	0	6	80	0.0750000
NODE_76239_length_402_cov_6.293729	217	297	2	74	80	0.9250000
NODE_76239_length_402_cov_6.293729	270	350	0	59	80	0.7375000
NODE_76239_length_402_cov_6.293729	270	350	2	21	80	0.2625000
NODE_76246_length_402_cov_5.227723	176	236	18	12	60	0.2000000
NODE_76246_length_402_cov_5.227723	176	236	19	3	60	0.0500000
NODE_76246_length_402_cov_5.227723	176	236	20	17	60	0.2833333
NODE_76246_length_402_cov_5.227723	176	236	21	18	60	0.3000000
NODE_76246_length_402_cov_5.227723	176	236	23	10	60	0.1666667
NODE_76261_length_402_cov_4.356436	44	123	0	53	79	0.6708861
NODE_76261_length_402_cov_4.356436	44	123	2	26	79	0.3291139
NODE_76261_length_402_cov_4.356436	119	199	0	67	80	0.8375000
NODE_76261_length_402_cov_4.356436	119	199	1	2	80	0.0250000
NODE_76261_length_402_cov_4.356436	119	199	2	2	80	0.0250000
NODE_76261_length_402_cov_4.356436	119	199	3	4	80	0.0500000
NODE_76261_length_402_cov_4.356436	119	199	5	5	80	0.0625000
NODE_76261_length_402_cov_4.356436	172	252	0	14	80	0.1750000
NODE_76261_length_402_cov_4.356436	172	252	1	2	80	0.0250000
NODE_76261_length_402_cov_4.356436	172	252	2	2	80	0.0250000
NODE_76261_length_402_cov_4.356436	172	252	3	4	80	0.0500000
NODE_76261_length_402_cov_4.356436	172	252	5	11	80	0.1375000
NODE_76261_length_402_cov_4.356436	172	252	8	2	80	0.0250000
NODE_76261_length_402_cov_4.356436	172	252	10	45	80	0.5625000
NODE_76276_length_402_cov_3.564356	197	257	0	3	60	0.0500000
NODE_76276_length_402_cov_3.564356	197	257	2	16	60	0.2666667
NODE_76276_length_402_cov_3.564356	197	257	6	41	60	0.6833333
NODE_76276_length_402_cov_3.564356	230	310	4	3	80	0.0375000
NODE_76276_length_402_cov_3.564356	230	310	6	77	80	0.9625000
NODE_76328_length_402_cov_2.633663	335	402	0	67	67	1.0000000
NODE_76336_length_402_cov_2.514851	82	162	1	2	80	0.0250000
NODE_76336_length_402_cov_2.514851	82	162	3	1	80	0.0125000
NODE_76336_length_402_cov_2.514851	82	162	5	10	80	0.1250000
NODE_76336_length_402_cov_2.514851	82	162	7	14	80	0.1750000
NODE_76336_length_402_cov_2.514851	82	162	9	1	80	0.0125000
NODE_76336_length_402_cov_2.514851	82	162	11	1	80	0.0125000
NODE_76336_length_402_cov_2.514851	82	162	13	4	80	0.0500000
NODE_76336_length_402_cov_2.514851	82	162	15	3	80	0.0375000
NODE_76336_length_402_cov_2.514851	82	162	19	3	80	0.0375000
NODE_76336_length_402_cov_2.514851	82	162	21	1	80	0.0125000
NODE_76336_length_402_cov_2.514851	82	162	23	2	80	0.0250000
NODE_76336_length_402_cov_2.514851	82	162	26	3	80	0.0375000
NODE_76336_length_402_cov_2.514851	82	162	28	35	80	0.4375000
NODE_76336_length_402_cov_2.514851	135	200	0	16	65	0.2461538
NODE_76336_length_402_cov_2.514851	135	200	1	14	65	0.2153846
NODE_76336_length_402_cov_2.514851	135	200	2	10	65	0.1538462
NODE_76336_length_402_cov_2.514851	135	200	3	1	65	0.0153846
NODE_76336_length_402_cov_2.514851	135	200	5	10	65	0.1538462
NODE_76336_length_402_cov_2.514851	135	200	7	14	65	0.2153846
NODE_76380_length_402_cov_2.102310	114	165	6	1	51	0.0196078
NODE_76380_length_402_cov_2.102310	114	165	8	6	51	0.1176471
NODE_76380_length_402_cov_2.102310	114	165	10	44	51	0.8627451
NODE_76380_length_402_cov_2.102310	138	195	6	31	57	0.5438597
NODE_76380_length_402_cov_2.102310	138	195	8	6	57	0.1052632
NODE_76380_length_402_cov_2.102310	138	195	10	20	57	0.3508772
NODE_76560_length_402_cov_1.214521	0	33	0	33	33	1.0000000
NODE_76646_length_402_cov_1.000000	119	188	8	15	69	0.2173913
NODE_76646_length_402_cov_1.000000	119	188	10	2	69	0.0289855
NODE_76646_length_402_cov_1.000000	119	188	11	11	69	0.1594203
NODE_76646_length_402_cov_1.000000	119	188	12	41	69	0.5942029
NODE_76752_length_402_cov_0.663366	0	46	0	46	46	1.0000000
NODE_76780_length_401_cov_43.675497	285	343	22	58	58	1.0000000
NODE_76801_length_401_cov_4.377483	309	389	0	80	80	1.0000000
NODE_76804_length_401_cov_4.241722	125	180	2	55	55	1.0000000
NODE_76808_length_401_cov_4.132450	195	275	0	31	80	0.3875000
NODE_76808_length_401_cov_4.132450	195	275	2	27	80	0.3375000
NODE_76808_length_401_cov_4.132450	195	275	4	22	80	0.2750000
NODE_76811_length_401_cov_3.973510	138	181	4	35	43	0.8139535
NODE_76811_length_401_cov_3.973510	138	181	6	8	43	0.1860465
NODE_76828_length_401_cov_3.370861	141	221	2	48	80	0.6000000
NODE_76828_length_401_cov_3.370861	141	221	4	32	80	0.4000000
NODE_76828_length_401_cov_3.370861	194	273	0	33	79	0.4177215
NODE_76828_length_401_cov_3.370861	194	273	2	46	79	0.5822785
NODE_76830_length_401_cov_3.317881	67	147	0	40	80	0.5000000
NODE_76830_length_401_cov_3.317881	67	147	2	40	80	0.5000000
NODE_76918_length_401_cov_1.937086	160	239	5	6	79	0.0759494
NODE_76918_length_401_cov_1.937086	160	239	8	15	79	0.1898734
NODE_76918_length_401_cov_1.937086	160	239	10	7	79	0.0886076
NODE_76918_length_401_cov_1.937086	160	239	12	25	79	0.3164557
NODE_76918_length_401_cov_1.937086	160	239	14	26	79	0.3291139
NODE_76978_length_401_cov_1.615894	205	269	12	4	64	0.0625000
NODE_76978_length_401_cov_1.615894	205	269	14	1	64	0.0156250
NODE_76978_length_401_cov_1.615894	205	269	16	1	64	0.0156250
NODE_76978_length_401_cov_1.615894	205	269	18	4	64	0.0625000
NODE_76978_length_401_cov_1.615894	205	269	24	3	64	0.0468750
NODE_76978_length_401_cov_1.615894	205	269	25	2	64	0.0312500
NODE_76978_length_401_cov_1.615894	205	269	26	1	64	0.0156250
NODE_76978_length_401_cov_1.615894	205	269	29	1	64	0.0156250
NODE_76978_length_401_cov_1.615894	205	269	31	1	64	0.0156250
NODE_76978_length_401_cov_1.615894	205	269	33	1	64	0.0156250
NODE_76978_length_401_cov_1.615894	205	269	35	1	64	0.0156250
NODE_76978_length_401_cov_1.615894	205	269	39	1	64	0.0156250
NODE_76978_length_401_cov_1.615894	205	269	44	3	64	0.0468750
NODE_76978_length_401_cov_1.615894	205	269	47	1	64	0.0156250
NODE_76978_length_401_cov_1.615894	205	269	56	1	64	0.0156250
NODE_76978_length_401_cov_1.615894	205	269	58	1	64	0.0156250
NODE_76978_length_401_cov_1.615894	205	269	60	2	64	0.0312500
NODE_76978_length_401_cov_1.615894	205	269	62	1	64	0.0156250
NODE_76978_length_401_cov_1.615894	205	269	64	1	64	0.0156250
NODE_76978_length_401_cov_1.615894	205	269	66	1	64	0.0156250
NODE_76978_length_401_cov_1.615894	205	269	74	2	64	0.0312500
NODE_76978_length_401_cov_1.615894	205	269	76	1	64	0.0156250
NODE_76978_length_401_cov_1.615894	205	269	78	1	64	0.0156250
NODE_76978_length_401_cov_1.615894	205	269	86	3	64	0.0468750
NODE_76978_length_401_cov_1.615894	205	269	90	3	64	0.0468750
NODE_76978_length_401_cov_1.615894	205	269	92	2	64	0.0312500
NODE_76978_length_401_cov_1.615894	205	269	94	4	64	0.0625000
NODE_76978_length_401_cov_1.615894	205	269	96	1	64	0.0156250
NODE_76978_length_401_cov_1.615894	205	269	98	1	64	0.0156250
NODE_76978_length_401_cov_1.615894	205	269	102	2	64	0.0312500
NODE_76978_length_401_cov_1.615894	205	269	104	1	64	0.0156250
NODE_76978_length_401_cov_1.615894	205	269	112	1	64	0.0156250
NODE_76978_length_401_cov_1.615894	205	269	116	4	64	0.0625000
NODE_76978_length_401_cov_1.615894	205	269	118	4	64	0.0625000
NODE_76978_length_401_cov_1.615894	205	269	120	2	64	0.0312500
NODE_77017_length_401_cov_1.407285	23	92	0	69	69	1.0000000
NODE_77017_length_401_cov_1.407285	76	122	0	46	46	1.0000000
NODE_77236_length_401_cov_0.675497	292	372	0	80	80	1.0000000
NODE_77236_length_401_cov_0.675497	345	401	0	56	56	1.0000000
NODE_77284_length_400_cov_40.584718	205	281	0	76	76	1.0000000
NODE_77284_length_400_cov_40.584718	254	334	0	80	80	1.0000000
NODE_77289_length_400_cov_8.631229	307	372	0	62	65	0.9538462
NODE_77289_length_400_cov_8.631229	307	372	1	3	65	0.0461538
NODE_77292_length_400_cov_6.850498	281	329	0	48	48	1.0000000
NODE_77322_length_400_cov_4.000000	82	140	2	7	58	0.1206897
NODE_77322_length_400_cov_4.000000	82	140	3	5	58	0.0862069
NODE_77322_length_400_cov_4.000000	82	140	4	16	58	0.2758621
NODE_77322_length_400_cov_4.000000	82	140	5	16	58	0.2758621
NODE_77322_length_400_cov_4.000000	82	140	6	9	58	0.1551724
NODE_77322_length_400_cov_4.000000	82	140	7	5	58	0.0862069
NODE_77358_length_400_cov_3.029900	204	284	0	80	80	1.0000000
NODE_77358_length_400_cov_3.029900	205	231	0	26	26	1.0000000
NODE_77362_length_400_cov_3.009967	146	220	17	31	74	0.4189189
NODE_77362_length_400_cov_3.009967	146	220	18	1	74	0.0135135
NODE_77362_length_400_cov_3.009967	146	220	20	4	74	0.0540541
NODE_77362_length_400_cov_3.009967	146	220	21	17	74	0.2297297
NODE_77362_length_400_cov_3.009967	146	220	22	1	74	0.0135135
NODE_77362_length_400_cov_3.009967	146	220	23	20	74	0.2702703
NODE_77362_length_400_cov_3.009967	195	261	11	2	66	0.0303030
NODE_77362_length_400_cov_3.009967	195	261	13	8	66	0.1212121
NODE_77362_length_400_cov_3.009967	195	261	14	3	66	0.0454545
NODE_77362_length_400_cov_3.009967	195	261	15	4	66	0.0606061
NODE_77362_length_400_cov_3.009967	195	261	16	17	66	0.2575758
NODE_77362_length_400_cov_3.009967	195	261	17	32	66	0.4848485
NODE_77363_length_400_cov_2.990033	253	332	75	1	79	0.0126582
NODE_77363_length_400_cov_2.990033	253	332	77	6	79	0.0759494
NODE_77363_length_400_cov_2.990033	253	332	79	2	79	0.0253165
NODE_77363_length_400_cov_2.990033	253	332	81	16	79	0.2025317
NODE_77363_length_400_cov_2.990033	253	332	82	1	79	0.0126582
NODE_77363_length_400_cov_2.990033	253	332	83	12	79	0.1518987
NODE_77363_length_400_cov_2.990033	253	332	85	8	79	0.1012658
NODE_77363_length_400_cov_2.990033	253	332	86	1	79	0.0126582
NODE_77363_length_400_cov_2.990033	253	332	87	10	79	0.1265823
NODE_77363_length_400_cov_2.990033	253	332	89	1	79	0.0126582
NODE_77363_length_400_cov_2.990033	253	332	90	3	79	0.0379747
NODE_77363_length_400_cov_2.990033	253	332	91	4	79	0.0506329
NODE_77363_length_400_cov_2.990033	253	332	92	6	79	0.0759494
NODE_77363_length_400_cov_2.990033	253	332	96	8	79	0.1012658
NODE_77363_length_400_cov_2.990033	306	385	40	20	79	0.2531646
NODE_77363_length_400_cov_2.990033	306	385	42	1	79	0.0126582
NODE_77363_length_400_cov_2.990033	306	385	43	3	79	0.0379747
NODE_77363_length_400_cov_2.990033	306	385	47	1	79	0.0126582
NODE_77363_length_400_cov_2.990033	306	385	48	1	79	0.0126582
NODE_77363_length_400_cov_2.990033	306	385	49	2	79	0.0253165
NODE_77363_length_400_cov_2.990033	306	385	52	1	79	0.0126582
NODE_77363_length_400_cov_2.990033	306	385	53	6	79	0.0759494
NODE_77363_length_400_cov_2.990033	306	385	55	6	79	0.0759494
NODE_77363_length_400_cov_2.990033	306	385	63	1	79	0.0126582
NODE_77363_length_400_cov_2.990033	306	385	66	2	79	0.0253165
NODE_77363_length_400_cov_2.990033	306	385	67	1	79	0.0126582
NODE_77363_length_400_cov_2.990033	306	385	71	3	79	0.0379747
NODE_77363_length_400_cov_2.990033	306	385	75	4	79	0.0506329
NODE_77363_length_400_cov_2.990033	306	385	77	8	79	0.1012658
NODE_77363_length_400_cov_2.990033	306	385	79	2	79	0.0253165
NODE_77363_length_400_cov_2.990033	306	385	81	3	79	0.0379747
NODE_77363_length_400_cov_2.990033	306	385	82	1	79	0.0126582
NODE_77363_length_400_cov_2.990033	306	385	83	9	79	0.1139240
NODE_77363_length_400_cov_2.990033	306	385	85	4	79	0.0506329
NODE_77368_length_400_cov_2.860465	365	400	0	35	35	1.0000000
NODE_77371_length_400_cov_2.797342	324	372	0	48	48	1.0000000
NODE_77380_length_400_cov_2.581395	192	254	2	56	62	0.9032258
NODE_77380_length_400_cov_2.581395	192	254	4	6	62	0.0967742
NODE_77460_length_400_cov_1.940199	225	268	2	23	43	0.5348837
NODE_77460_length_400_cov_1.940199	225	268	4	20	43	0.4651163
NODE_77460_length_400_cov_1.940199	293	374	6	48	81	0.5925926
NODE_77460_length_400_cov_1.940199	293	374	8	33	81	0.4074074
NODE_77821_length_399_cov_71.493333	215	295	0	80	80	1.0000000
NODE_77821_length_399_cov_71.493333	268	348	0	80	80	1.0000000
NODE_77823_length_399_cov_7.510000	229	309	0	80	80	1.0000000
NODE_77823_length_399_cov_7.510000	282	362	0	80	80	1.0000000
NODE_77825_length_399_cov_7.310000	125	187	0	12	62	0.1935484
NODE_77825_length_399_cov_7.310000	125	187	2	50	62	0.8064516
NODE_77854_length_399_cov_4.293333	86	164	2	5	78	0.0641026
NODE_77854_length_399_cov_4.293333	86	164	4	13	78	0.1666667
NODE_77854_length_399_cov_4.293333	86	164	6	7	78	0.0897436
NODE_77854_length_399_cov_4.293333	86	164	8	53	78	0.6794872
NODE_77877_length_399_cov_3.406667	51	124	0	73	73	1.0000000
NODE_77933_length_399_cov_2.286667	310	390	4	19	80	0.2375000
NODE_77933_length_399_cov_2.286667	310	390	10	8	80	0.1000000
NODE_77933_length_399_cov_2.286667	310	390	12	53	80	0.6625000
NODE_77966_length_399_cov_1.916667	76	136	4	17	60	0.2833333
NODE_77966_length_399_cov_1.916667	76	136	5	6	60	0.1000000
NODE_77966_length_399_cov_1.916667	76	136	6	2	60	0.0333333
NODE_77966_length_399_cov_1.916667	76	136	7	35	60	0.5833333
NODE_77966_length_399_cov_1.916667	123	189	3	10	66	0.1515152
NODE_77966_length_399_cov_1.916667	123	189	5	5	66	0.0757576
NODE_77966_length_399_cov_1.916667	123	189	7	51	66	0.7727273
NODE_78276_length_399_cov_0.710000	313	392	0	25	79	0.3164557
NODE_78276_length_399_cov_0.710000	313	392	2	54	79	0.6835443
NODE_78354_length_398_cov_9.688963	1	81	0	80	80	1.0000000
NODE_78354_length_398_cov_9.688963	247	327	0	80	80	1.0000000
NODE_78354_length_398_cov_9.688963	300	380	0	80	80	1.0000000
NODE_78360_length_398_cov_6.488294	130	210	0	54	80	0.6750000
NODE_78360_length_398_cov_6.488294	130	210	14	14	80	0.1750000
NODE_78360_length_398_cov_6.488294	130	210	16	12	80	0.1500000
NODE_78364_length_398_cov_5.765886	253	333	6	17	80	0.2125000
NODE_78364_length_398_cov_5.765886	253	333	10	5	80	0.0625000
NODE_78364_length_398_cov_5.765886	253	333	14	26	80	0.3250000
NODE_78364_length_398_cov_5.765886	253	333	16	32	80	0.4000000
NODE_78372_length_398_cov_5.244147	248	312	4	18	64	0.2812500
NODE_78372_length_398_cov_5.244147	248	312	6	46	64	0.7187500
NODE_78376_length_398_cov_5.006689	116	196	0	80	80	1.0000000
NODE_78376_length_398_cov_5.006689	169	251	0	82	82	1.0000000
NODE_78383_length_398_cov_4.284281	63	117	0	54	54	1.0000000
NODE_78383_length_398_cov_4.284281	135	160	0	25	25	1.0000000
NODE_78420_length_398_cov_2.993311	229	309	0	23	80	0.2875000
NODE_78420_length_398_cov_2.993311	229	309	2	57	80	0.7125000
NODE_78429_length_398_cov_2.822742	236	271	0	35	35	1.0000000
NODE_78891_length_397_cov_52.855705	124	204	0	5	80	0.0625000
NODE_78891_length_397_cov_52.855705	124	204	2	28	80	0.3500000
NODE_78891_length_397_cov_52.855705	124	204	8	7	80	0.0875000
NODE_78891_length_397_cov_52.855705	124	204	10	40	80	0.5000000
NODE_78891_length_397_cov_52.855705	177	257	0	4	80	0.0500000
NODE_78891_length_397_cov_52.855705	177	257	8	56	80	0.7000000
NODE_78891_length_397_cov_52.855705	177	257	10	20	80	0.2500000
NODE_78894_length_397_cov_35.036913	173	253	0	4	80	0.0500000
NODE_78894_length_397_cov_35.036913	173	253	4	76	80	0.9500000
NODE_78895_length_397_cov_13.667785	94	174	0	80	80	1.0000000
NODE_78895_length_397_cov_13.667785	147	227	0	80	80	1.0000000
NODE_78897_length_397_cov_7.496644	192	272	0	80	80	1.0000000
NODE_78897_length_397_cov_7.496644	245	325	0	80	80	1.0000000
NODE_78898_length_397_cov_6.828859	127	173	2	46	46	1.0000000
NODE_78913_length_397_cov_4.902685	293	364	0	26	71	0.3661972
NODE_78913_length_397_cov_4.902685	293	364	2	45	71	0.6338028
NODE_78933_length_397_cov_3.765101	164	244	0	80	80	1.0000000
NODE_78951_length_397_cov_3.325503	107	187	4	11	80	0.1375000
NODE_78951_length_397_cov_3.325503	107	187	6	22	80	0.2750000
NODE_78951_length_397_cov_3.325503	107	187	8	33	80	0.4125000
NODE_78951_length_397_cov_3.325503	107	187	10	1	80	0.0125000
NODE_78951_length_397_cov_3.325503	107	187	13	13	80	0.1625000
NODE_78951_length_397_cov_3.325503	163	236	8	15	73	0.2054795
NODE_78951_length_397_cov_3.325503	163	236	9	3	73	0.0410959
NODE_78951_length_397_cov_3.325503	163	236	10	8	73	0.1095890
NODE_78951_length_397_cov_3.325503	163	236	12	18	73	0.2465753
NODE_78951_length_397_cov_3.325503	163	236	13	29	73	0.3972603
NODE_78999_length_397_cov_2.530201	269	312	2	43	43	1.0000000
NODE_79047_length_397_cov_1.959732	154	193	0	39	39	1.0000000
NODE_79072_length_397_cov_1.791946	218	283	2	7	65	0.1076923
NODE_79072_length_397_cov_1.791946	218	283	4	16	65	0.2461538
NODE_79072_length_397_cov_1.791946	218	283	6	1	65	0.0153846
NODE_79072_length_397_cov_1.791946	218	283	10	2	65	0.0307692
NODE_79072_length_397_cov_1.791946	218	283	12	1	65	0.0153846
NODE_79072_length_397_cov_1.791946	218	283	14	8	65	0.1230769
NODE_79072_length_397_cov_1.791946	218	283	16	2	65	0.0307692
NODE_79072_length_397_cov_1.791946	218	283	18	1	65	0.0153846
NODE_79072_length_397_cov_1.791946	218	283	19	2	65	0.0307692
NODE_79072_length_397_cov_1.791946	218	283	20	10	65	0.1538462
NODE_79072_length_397_cov_1.791946	218	283	22	15	65	0.2307692
NODE_79127_length_397_cov_1.560403	183	240	0	14	57	0.2456140
NODE_79127_length_397_cov_1.560403	183	240	2	43	57	0.7543859
NODE_79456_length_396_cov_11.632997	162	242	0	80	80	1.0000000
NODE_79456_length_396_cov_11.632997	215	295	0	80	80	1.0000000
NODE_79460_length_396_cov_7.053872	71	101	0	30	30	1.0000000
NODE_79464_length_396_cov_6.097643	229	309	0	80	80	1.0000000
NODE_79464_length_396_cov_6.097643	282	362	0	80	80	1.0000000
NODE_79471_length_396_cov_5.484848	125	205	2	30	80	0.3750000
NODE_79471_length_396_cov_5.484848	125	205	4	2	80	0.0250000
NODE_79471_length_396_cov_5.484848	125	205	8	1	80	0.0125000
NODE_79471_length_396_cov_5.484848	125	205	14	47	80	0.5875000
NODE_79471_length_396_cov_5.484848	178	259	10	38	81	0.4691358
NODE_79471_length_396_cov_5.484848	178	259	12	15	81	0.1851852
NODE_79471_length_396_cov_5.484848	178	259	14	28	81	0.3456790
NODE_79473_length_396_cov_5.434343	224	275	0	50	51	0.9803922
NODE_79473_length_396_cov_5.434343	224	275	2	1	51	0.0196078
NODE_79473_length_396_cov_5.434343	272	331	0	18	59	0.3050847
NODE_79473_length_396_cov_5.434343	272	331	2	13	59	0.2203390
NODE_79473_length_396_cov_5.434343	272	331	4	28	59	0.4745763
NODE_79483_length_396_cov_4.414141	189	264	0	60	75	0.8000000
NODE_79483_length_396_cov_4.414141	189	264	2	15	75	0.2000000
NODE_79483_length_396_cov_4.414141	241	317	0	8	76	0.1052632
NODE_79483_length_396_cov_4.414141	241	317	2	68	76	0.8947368
NODE_79493_length_396_cov_4.010101	163	205	0	42	42	1.0000000
NODE_79522_length_396_cov_3.080808	95	161	0	66	66	1.0000000
NODE_79524_length_396_cov_3.067340	252	316	0	64	64	1.0000000
NODE_79535_length_396_cov_2.892256	136	217	6	38	81	0.4691358
NODE_79535_length_396_cov_2.892256	136	217	8	43	81	0.5308642
NODE_79557_length_396_cov_2.710438	88	168	12	14	80	0.1750000
NODE_79557_length_396_cov_2.710438	88	168	14	1	80	0.0125000
NODE_79557_length_396_cov_2.710438	88	168	16	1	80	0.0125000
NODE_79557_length_396_cov_2.710438	88	168	20	13	80	0.1625000
NODE_79557_length_396_cov_2.710438	88	168	21	2	80	0.0250000
NODE_79557_length_396_cov_2.710438	88	168	26	1	80	0.0125000
NODE_79557_length_396_cov_2.710438	88	168	28	15	80	0.1875000
NODE_79557_length_396_cov_2.710438	88	168	30	15	80	0.1875000
NODE_79557_length_396_cov_2.710438	88	168	32	12	80	0.1500000
NODE_79557_length_396_cov_2.710438	88	168	34	6	80	0.0750000
NODE_79561_length_396_cov_2.680135	297	335	0	38	38	1.0000000
NODE_79562_length_396_cov_2.659933	68	148	0	80	80	1.0000000
NODE_79562_length_396_cov_2.659933	121	168	0	47	47	1.0000000
NODE_79616_length_396_cov_2.060606	308	388	0	80	80	1.0000000
NODE_79643_length_396_cov_1.939394	63	142	3	5	79	0.0632911
NODE_79643_length_396_cov_1.939394	63	142	5	1	79	0.0126582
NODE_79643_length_396_cov_1.939394	63	142	7	3	79	0.0379747
NODE_79643_length_396_cov_1.939394	63	142	9	3	79	0.0379747
NODE_79643_length_396_cov_1.939394	63	142	13	1	79	0.0126582
NODE_79643_length_396_cov_1.939394	63	142	15	8	79	0.1012658
NODE_79643_length_396_cov_1.939394	63	142	17	3	79	0.0379747
NODE_79643_length_396_cov_1.939394	63	142	19	3	79	0.0379747
NODE_79643_length_396_cov_1.939394	63	142	23	6	79	0.0759494
NODE_79643_length_396_cov_1.939394	63	142	24	5	79	0.0632911
NODE_79643_length_396_cov_1.939394	63	142	26	28	79	0.3544304
NODE_79643_length_396_cov_1.939394	63	142	28	13	79	0.1645570
NODE_79643_length_396_cov_1.939394	115	164	24	5	49	0.1020408
NODE_79643_length_396_cov_1.939394	115	164	26	23	49	0.4693878
NODE_79643_length_396_cov_1.939394	115	164	28	13	49	0.2653061
NODE_79643_length_396_cov_1.939394	115	164	30	8	49	0.1632653
NODE_79683_length_396_cov_1.811448	82	162	0	5	80	0.0625000
NODE_79683_length_396_cov_1.811448	82	162	2	75	80	0.9375000
NODE_79692_length_396_cov_1.734007	88	119	0	31	31	1.0000000
NODE_79930_length_396_cov_0.905724	101	151	14	1	50	0.0200000
NODE_79930_length_396_cov_0.905724	101	151	16	7	50	0.1400000
NODE_79930_length_396_cov_0.905724	101	151	18	42	50	0.8400000
NODE_80057_length_395_cov_449.327703	0	79	45	1	79	0.0126582
NODE_80057_length_395_cov_449.327703	0	79	55	1	79	0.0126582
NODE_80057_length_395_cov_449.327703	0	79	61	1	79	0.0126582
NODE_80057_length_395_cov_449.327703	0	79	63	1	79	0.0126582
NODE_80057_length_395_cov_449.327703	0	79	77	1	79	0.0126582
NODE_80057_length_395_cov_449.327703	0	79	100	1	79	0.0126582
NODE_80057_length_395_cov_449.327703	0	79	105	2	79	0.0253165
NODE_80057_length_395_cov_449.327703	0	79	106	1	79	0.0126582
NODE_80057_length_395_cov_449.327703	0	79	108	1	79	0.0126582
NODE_80057_length_395_cov_449.327703	0	79	117	1	79	0.0126582
NODE_80057_length_395_cov_449.327703	0	79	118	1	79	0.0126582
NODE_80057_length_395_cov_449.327703	0	79	126	1	79	0.0126582
NODE_80057_length_395_cov_449.327703	0	79	129	1	79	0.0126582
NODE_80057_length_395_cov_449.327703	0	79	131	1	79	0.0126582
NODE_80057_length_395_cov_449.327703	0	79	135	1	79	0.0126582
NODE_80057_length_395_cov_449.327703	0	79	143	1	79	0.0126582
NODE_80057_length_395_cov_449.327703	0	79	146	1	79	0.0126582
NODE_80057_length_395_cov_449.327703	0	79	157	1	79	0.0126582
NODE_80057_length_395_cov_449.327703	0	79	161	1	79	0.0126582
NODE_80057_length_395_cov_449.327703	0	79	163	1	79	0.0126582
NODE_80057_length_395_cov_449.327703	0	79	182	1	79	0.0126582
NODE_80057_length_395_cov_449.327703	0	79	197	1	79	0.0126582
NODE_80057_length_395_cov_449.327703	0	79	211	1	79	0.0126582
NODE_80057_length_395_cov_449.327703	0	79	212	1	79	0.0126582
NODE_80057_length_395_cov_449.327703	0	79	222	1	79	0.0126582
NODE_80057_length_395_cov_449.327703	0	79	224	1	79	0.0126582
NODE_80057_length_395_cov_449.327703	0	79	237	1	79	0.0126582
NODE_80057_length_395_cov_449.327703	0	79	243	1	79	0.0126582
NODE_80057_length_395_cov_449.327703	0	79	249	1	79	0.0126582
NODE_80057_length_395_cov_449.327703	0	79	255	1	79	0.0126582
NODE_80057_length_395_cov_449.327703	0	79	260	1	79	0.0126582
NODE_80057_length_395_cov_449.327703	0	79	268	1	79	0.0126582
NODE_80057_length_395_cov_449.327703	0	79	283	1	79	0.0126582
NODE_80057_length_395_cov_449.327703	0	79	289	1	79	0.0126582
NODE_80057_length_395_cov_449.327703	0	79	290	1	79	0.0126582
NODE_80057_length_395_cov_449.327703	0	79	295	1	79	0.0126582
NODE_80057_length_395_cov_449.327703	0	79	306	2	79	0.0253165
NODE_80057_length_395_cov_449.327703	0	79	319	1	79	0.0126582
NODE_80057_length_395_cov_449.327703	0	79	328	1	79	0.0126582
NODE_80057_length_395_cov_449.327703	0	79	334	2	79	0.0253165
NODE_80057_length_395_cov_449.327703	0	79	347	2	79	0.0253165
NODE_80057_length_395_cov_449.327703	0	79	349	1	79	0.0126582
NODE_80057_length_395_cov_449.327703	0	79	351	1	79	0.0126582
NODE_80057_length_395_cov_449.327703	0	79	359	1	79	0.0126582
NODE_80057_length_395_cov_449.327703	0	79	369	1	79	0.0126582
NODE_80057_length_395_cov_449.327703	0	79	372	1	79	0.0126582
NODE_80057_length_395_cov_449.327703	0	79	382	2	79	0.0253165
NODE_80057_length_395_cov_449.327703	0	79	387	1	79	0.0126582
NODE_80057_length_395_cov_449.327703	0	79	391	1	79	0.0126582
NODE_80057_length_395_cov_449.327703	0	79	396	1	79	0.0126582
NODE_80057_length_395_cov_449.327703	0	79	400	1	79	0.0126582
NODE_80057_length_395_cov_449.327703	0	79	403	2	79	0.0253165
NODE_80057_length_395_cov_449.327703	0	79	406	1	79	0.0126582
NODE_80057_length_395_cov_449.327703	0	79	409	1	79	0.0126582
NODE_80057_length_395_cov_449.327703	0	79	411	1	79	0.0126582
NODE_80057_length_395_cov_449.327703	0	79	420	3	79	0.0379747
NODE_80057_length_395_cov_449.327703	0	79	422	1	79	0.0126582
NODE_80057_length_395_cov_449.327703	0	79	428	2	79	0.0253165
NODE_80057_length_395_cov_449.327703	0	79	432	2	79	0.0253165
NODE_80057_length_395_cov_449.327703	0	79	434	3	79	0.0379747
NODE_80057_length_395_cov_449.327703	0	79	435	1	79	0.0126582
NODE_80057_length_395_cov_449.327703	0	79	441	1	79	0.0126582
NODE_80057_length_395_cov_449.327703	0	79	442	1	79	0.0126582
NODE_80057_length_395_cov_449.327703	0	79	451	1	79	0.0126582
NODE_80057_length_395_cov_449.327703	0	79	455	1	79	0.0126582
NODE_80057_length_395_cov_449.327703	0	79	456	1	79	0.0126582
NODE_80057_length_395_cov_449.327703	0	79	460	1	79	0.0126582
NODE_80058_length_395_cov_13.695946	113	193	0	80	80	1.0000000
NODE_80058_length_395_cov_13.695946	166	246	0	80	80	1.0000000
NODE_80086_length_395_cov_4.179054	152	232	0	17	80	0.2125000
NODE_80086_length_395_cov_4.179054	152	232	4	13	80	0.1625000
NODE_80086_length_395_cov_4.179054	152	232	5	17	80	0.2125000
NODE_80086_length_395_cov_4.179054	152	232	6	33	80	0.4125000
NODE_80116_length_395_cov_2.962838	118	198	3	3	80	0.0375000
NODE_80116_length_395_cov_2.962838	118	198	7	5	80	0.0625000
NODE_80116_length_395_cov_2.962838	118	198	8	2	80	0.0250000
NODE_80116_length_395_cov_2.962838	118	198	9	6	80	0.0750000
NODE_80116_length_395_cov_2.962838	118	198	10	8	80	0.1000000
NODE_80116_length_395_cov_2.962838	118	198	11	56	80	0.7000000
NODE_80116_length_395_cov_2.962838	171	237	1	36	66	0.5454546
NODE_80116_length_395_cov_2.962838	171	237	3	6	66	0.0909091
NODE_80116_length_395_cov_2.962838	171	237	7	5	66	0.0757576
NODE_80116_length_395_cov_2.962838	171	237	9	6	66	0.0909091
NODE_80116_length_395_cov_2.962838	171	237	11	13	66	0.1969697
NODE_80121_length_395_cov_2.878378	261	301	0	4	40	0.1000000
NODE_80121_length_395_cov_2.878378	261	301	2	36	40	0.9000000
NODE_80139_length_395_cov_2.587838	111	188	0	58	77	0.7532467
NODE_80139_length_395_cov_2.587838	111	188	4	19	77	0.2467532
NODE_80139_length_395_cov_2.587838	232	301	0	15	69	0.2173913
NODE_80139_length_395_cov_2.587838	232	301	2	54	69	0.7826087
NODE_80139_length_395_cov_2.587838	258	302	2	44	44	1.0000000
NODE_80141_length_395_cov_2.560811	123	187	0	64	64	1.0000000
NODE_80146_length_395_cov_2.527027	194	274	0	28	80	0.3500000
NODE_80146_length_395_cov_2.527027	194	274	2	52	80	0.6500000
NODE_80146_length_395_cov_2.527027	247	327	0	29	80	0.3625000
NODE_80146_length_395_cov_2.527027	247	327	2	51	80	0.6375000
NODE_80439_length_395_cov_1.033784	103	151	0	24	48	0.5000000
NODE_80439_length_395_cov_1.033784	103	151	2	12	48	0.2500000
NODE_80439_length_395_cov_1.033784	103	151	3	12	48	0.2500000
NODE_80448_length_395_cov_1.010135	85	105	0	20	20	1.0000000
NODE_80639_length_394_cov_9.464407	211	291	0	36	80	0.4500000
NODE_80639_length_394_cov_9.464407	211	291	4	44	80	0.5500000
NODE_80639_length_394_cov_9.464407	264	344	4	80	80	1.0000000
NODE_80643_length_394_cov_7.437288	221	301	6	80	80	1.0000000
NODE_80643_length_394_cov_7.437288	274	331	0	28	57	0.4912281
NODE_80643_length_394_cov_7.437288	274	331	6	29	57	0.5087720
NODE_80647_length_394_cov_6.444068	187	267	0	11	80	0.1375000
NODE_80647_length_394_cov_6.444068	187	267	1	1	80	0.0125000
NODE_80647_length_394_cov_6.444068	187	267	2	68	80	0.8500000
NODE_80647_length_394_cov_6.444068	240	320	0	64	80	0.8000000
NODE_80647_length_394_cov_6.444068	240	320	1	1	80	0.0125000
NODE_80647_length_394_cov_6.444068	240	320	2	15	80	0.1875000
NODE_80709_length_394_cov_2.932203	119	140	0	21	21	1.0000000
NODE_80710_length_394_cov_2.894915	79	135	8	56	56	1.0000000
NODE_80710_length_394_cov_2.894915	166	202	0	13	36	0.3611111
NODE_80710_length_394_cov_2.894915	166	202	2	23	36	0.6388889
NODE_81216_length_393_cov_4.261905	201	267	0	57	66	0.8636364
NODE_81216_length_393_cov_4.261905	201	267	2	9	66	0.1363636
NODE_81216_length_393_cov_4.261905	240	282	0	42	42	1.0000000
NODE_81240_length_393_cov_3.503401	121	201	0	80	80	1.0000000
NODE_81240_length_393_cov_3.503401	174	246	0	72	72	1.0000000
NODE_81277_length_393_cov_2.704082	198	271	0	73	73	1.0000000
NODE_81289_length_393_cov_2.493197	136	216	0	80	80	1.0000000
NODE_81289_length_393_cov_2.493197	189	269	0	80	80	1.0000000
NODE_81296_length_393_cov_2.360544	195	252	0	57	57	1.0000000
NODE_81416_length_393_cov_1.608844	207	270	0	63	63	1.0000000
NODE_81778_length_392_cov_7.873720	161	241	0	80	80	1.0000000
NODE_81778_length_392_cov_7.873720	214	294	0	80	80	1.0000000
NODE_81790_length_392_cov_5.262799	218	248	0	30	30	1.0000000
NODE_81805_length_392_cov_3.655290	109	157	0	48	48	1.0000000
NODE_81805_length_392_cov_3.655290	306	386	0	80	80	1.0000000
NODE_81823_length_392_cov_3.197952	102	171	0	58	69	0.8405797
NODE_81823_length_392_cov_3.197952	102	171	4	2	69	0.0289855
NODE_81823_length_392_cov_3.197952	102	171	6	9	69	0.1304348
NODE_81823_length_392_cov_3.197952	233	314	0	81	81	1.0000000
NODE_81857_length_392_cov_2.511945	67	133	66	1	66	0.0151515
NODE_81857_length_392_cov_2.511945	67	133	75	1	66	0.0151515
NODE_81857_length_392_cov_2.511945	67	133	80	4	66	0.0606061
NODE_81857_length_392_cov_2.511945	67	133	82	1	66	0.0151515
NODE_81857_length_392_cov_2.511945	67	133	83	1	66	0.0151515
NODE_81857_length_392_cov_2.511945	67	133	85	2	66	0.0303030
NODE_81857_length_392_cov_2.511945	67	133	88	1	66	0.0151515
NODE_81857_length_392_cov_2.511945	67	133	89	1	66	0.0151515
NODE_81857_length_392_cov_2.511945	67	133	91	1	66	0.0151515
NODE_81857_length_392_cov_2.511945	67	133	93	1	66	0.0151515
NODE_81857_length_392_cov_2.511945	67	133	94	3	66	0.0454545
NODE_81857_length_392_cov_2.511945	67	133	96	4	66	0.0606061
NODE_81857_length_392_cov_2.511945	67	133	98	3	66	0.0454545
NODE_81857_length_392_cov_2.511945	67	133	108	3	66	0.0454545
NODE_81857_length_392_cov_2.511945	67	133	110	1	66	0.0151515
NODE_81857_length_392_cov_2.511945	67	133	113	1	66	0.0151515
NODE_81857_length_392_cov_2.511945	67	133	116	3	66	0.0454545
NODE_81857_length_392_cov_2.511945	67	133	120	3	66	0.0454545
NODE_81857_length_392_cov_2.511945	67	133	122	1	66	0.0151515
NODE_81857_length_392_cov_2.511945	67	133	130	1	66	0.0151515
NODE_81857_length_392_cov_2.511945	67	133	133	1	66	0.0151515
NODE_81857_length_392_cov_2.511945	67	133	134	1	66	0.0151515
NODE_81857_length_392_cov_2.511945	67	133	142	5	66	0.0757576
NODE_81857_length_392_cov_2.511945	67	133	143	5	66	0.0757576
NODE_81857_length_392_cov_2.511945	67	133	146	7	66	0.1060606
NODE_81857_length_392_cov_2.511945	67	133	147	1	66	0.0151515
NODE_81857_length_392_cov_2.511945	67	133	148	5	66	0.0757576
NODE_81857_length_392_cov_2.511945	67	133	152	1	66	0.0151515
NODE_81857_length_392_cov_2.511945	67	133	155	1	66	0.0151515
NODE_81857_length_392_cov_2.511945	67	133	157	1	66	0.0151515
NODE_81857_length_392_cov_2.511945	67	133	161	1	66	0.0151515
NODE_81857_length_392_cov_2.511945	120	206	107	3	86	0.0348837
NODE_81857_length_392_cov_2.511945	120	206	109	1	86	0.0116279
NODE_81857_length_392_cov_2.511945	120	206	111	1	86	0.0116279
NODE_81857_length_392_cov_2.511945	120	206	112	1	86	0.0116279
NODE_81857_length_392_cov_2.511945	120	206	114	1	86	0.0116279
NODE_81857_length_392_cov_2.511945	120	206	118	2	86	0.0232558
NODE_81857_length_392_cov_2.511945	120	206	121	1	86	0.0116279
NODE_81857_length_392_cov_2.511945	120	206	123	1	86	0.0116279
NODE_81857_length_392_cov_2.511945	120	206	124	1	86	0.0116279
NODE_81857_length_392_cov_2.511945	120	206	128	11	86	0.1279070
NODE_81857_length_392_cov_2.511945	120	206	130	1	86	0.0116279
NODE_81857_length_392_cov_2.511945	120	206	132	1	86	0.0116279
NODE_81857_length_392_cov_2.511945	120	206	134	1	86	0.0116279
NODE_81857_length_392_cov_2.511945	120	206	135	3	86	0.0348837
NODE_81857_length_392_cov_2.511945	120	206	139	1	86	0.0116279
NODE_81857_length_392_cov_2.511945	120	206	146	7	86	0.0813954
NODE_81857_length_392_cov_2.511945	120	206	147	2	86	0.0232558
NODE_81857_length_392_cov_2.511945	120	206	148	2	86	0.0232558
NODE_81857_length_392_cov_2.511945	120	206	149	4	86	0.0465116
NODE_81857_length_392_cov_2.511945	120	206	151	1	86	0.0116279
NODE_81857_length_392_cov_2.511945	120	206	152	1	86	0.0116279
NODE_81857_length_392_cov_2.511945	120	206	153	1	86	0.0116279
NODE_81857_length_392_cov_2.511945	120	206	154	1	86	0.0116279
NODE_81857_length_392_cov_2.511945	120	206	155	3	86	0.0348837
NODE_81857_length_392_cov_2.511945	120	206	156	1	86	0.0116279
NODE_81857_length_392_cov_2.511945	120	206	157	3	86	0.0348837
NODE_81857_length_392_cov_2.511945	120	206	158	1	86	0.0116279
NODE_81857_length_392_cov_2.511945	120	206	160	3	86	0.0348837
NODE_81857_length_392_cov_2.511945	120	206	161	1	86	0.0116279
NODE_81857_length_392_cov_2.511945	120	206	163	2	86	0.0232558
NODE_81857_length_392_cov_2.511945	120	206	168	4	86	0.0465116
NODE_81857_length_392_cov_2.511945	120	206	169	5	86	0.0581395
NODE_81857_length_392_cov_2.511945	120	206	170	3	86	0.0348837
NODE_81857_length_392_cov_2.511945	120	206	172	7	86	0.0813954
NODE_81857_length_392_cov_2.511945	120	206	174	4	86	0.0465116
NODE_81914_length_392_cov_2.075085	268	349	8	27	81	0.3333333
NODE_81914_length_392_cov_2.075085	268	349	10	54	81	0.6666667
NODE_81914_length_392_cov_2.075085	322	387	6	38	65	0.5846154
NODE_81914_length_392_cov_2.075085	322	387	8	26	65	0.4000000
NODE_81914_length_392_cov_2.075085	322	387	10	1	65	0.0153846
NODE_81928_length_392_cov_1.955631	11	56	0	45	45	1.0000000
NODE_81929_length_392_cov_1.952218	40	59	0	19	19	1.0000000
NODE_81940_length_392_cov_1.911263	238	315	0	32	77	0.4155844
NODE_81940_length_392_cov_1.911263	238	315	2	45	77	0.5844156
NODE_81994_length_392_cov_1.631399	114	139	16	6	25	0.2400000
NODE_81994_length_392_cov_1.631399	114	139	17	4	25	0.1600000
NODE_81994_length_392_cov_1.631399	114	139	19	2	25	0.0800000
NODE_81994_length_392_cov_1.631399	114	139	21	2	25	0.0800000
NODE_81994_length_392_cov_1.631399	114	139	23	1	25	0.0400000
NODE_81994_length_392_cov_1.631399	114	139	25	6	25	0.2400000
NODE_81994_length_392_cov_1.631399	114	139	27	4	25	0.1600000
NODE_82008_length_392_cov_1.559727	83	163	6	1	80	0.0125000
NODE_82008_length_392_cov_1.559727	83	163	7	4	80	0.0500000
NODE_82008_length_392_cov_1.559727	83	163	8	2	80	0.0250000
NODE_82008_length_392_cov_1.559727	83	163	9	7	80	0.0875000
NODE_82008_length_392_cov_1.559727	83	163	10	13	80	0.1625000
NODE_82008_length_392_cov_1.559727	83	163	11	4	80	0.0500000
NODE_82008_length_392_cov_1.559727	83	163	12	49	80	0.6125000
NODE_82015_length_392_cov_1.552901	32	52	0	20	20	1.0000000
NODE_82390_length_391_cov_69.510274	9	89	82	1	80	0.0125000
NODE_82390_length_391_cov_69.510274	9	89	88	1	80	0.0125000
NODE_82390_length_391_cov_69.510274	9	89	94	1	80	0.0125000
NODE_82390_length_391_cov_69.510274	9	89	101	1	80	0.0125000
NODE_82390_length_391_cov_69.510274	9	89	104	1	80	0.0125000
NODE_82390_length_391_cov_69.510274	9	89	108	1	80	0.0125000
NODE_82390_length_391_cov_69.510274	9	89	122	2	80	0.0250000
NODE_82390_length_391_cov_69.510274	9	89	124	1	80	0.0125000
NODE_82390_length_391_cov_69.510274	9	89	130	2	80	0.0250000
NODE_82390_length_391_cov_69.510274	9	89	136	1	80	0.0125000
NODE_82390_length_391_cov_69.510274	9	89	140	2	80	0.0250000
NODE_82390_length_391_cov_69.510274	9	89	142	1	80	0.0125000
NODE_82390_length_391_cov_69.510274	9	89	150	1	80	0.0125000
NODE_82390_length_391_cov_69.510274	9	89	155	1	80	0.0125000
NODE_82390_length_391_cov_69.510274	9	89	162	1	80	0.0125000
NODE_82390_length_391_cov_69.510274	9	89	164	3	80	0.0375000
NODE_82390_length_391_cov_69.510274	9	89	169	1	80	0.0125000
NODE_82390_length_391_cov_69.510274	9	89	186	1	80	0.0125000
NODE_82390_length_391_cov_69.510274	9	89	188	1	80	0.0125000
NODE_82390_length_391_cov_69.510274	9	89	197	2	80	0.0250000
NODE_82390_length_391_cov_69.510274	9	89	209	1	80	0.0125000
NODE_82390_length_391_cov_69.510274	9	89	215	1	80	0.0125000
NODE_82390_length_391_cov_69.510274	9	89	223	1	80	0.0125000
NODE_82390_length_391_cov_69.510274	9	89	225	1	80	0.0125000
NODE_82390_length_391_cov_69.510274	9	89	229	1	80	0.0125000
NODE_82390_length_391_cov_69.510274	9	89	237	1	80	0.0125000
NODE_82390_length_391_cov_69.510274	9	89	241	1	80	0.0125000
NODE_82390_length_391_cov_69.510274	9	89	248	1	80	0.0125000
NODE_82390_length_391_cov_69.510274	9	89	255	1	80	0.0125000
NODE_82390_length_391_cov_69.510274	9	89	259	1	80	0.0125000
NODE_82390_length_391_cov_69.510274	9	89	261	1	80	0.0125000
NODE_82390_length_391_cov_69.510274	9	89	263	1	80	0.0125000
NODE_82390_length_391_cov_69.510274	9	89	267	2	80	0.0250000
NODE_82390_length_391_cov_69.510274	9	89	275	1	80	0.0125000
NODE_82390_length_391_cov_69.510274	9	89	277	1	80	0.0125000
NODE_82390_length_391_cov_69.510274	9	89	288	2	80	0.0250000
NODE_82390_length_391_cov_69.510274	9	89	302	3	80	0.0375000
NODE_82390_length_391_cov_69.510274	9	89	306	1	80	0.0125000
NODE_82390_length_391_cov_69.510274	9	89	308	2	80	0.0250000
NODE_82390_length_391_cov_69.510274	9	89	309	2	80	0.0250000
NODE_82390_length_391_cov_69.510274	9	89	310	1	80	0.0125000
NODE_82390_length_391_cov_69.510274	9	89	312	1	80	0.0125000
NODE_82390_length_391_cov_69.510274	9	89	316	1	80	0.0125000
NODE_82390_length_391_cov_69.510274	9	89	322	1	80	0.0125000
NODE_82390_length_391_cov_69.510274	9	89	324	2	80	0.0250000
NODE_82390_length_391_cov_69.510274	9	89	326	1	80	0.0125000
NODE_82390_length_391_cov_69.510274	9	89	328	3	80	0.0375000
NODE_82390_length_391_cov_69.510274	9	89	332	3	80	0.0375000
NODE_82390_length_391_cov_69.510274	9	89	334	1	80	0.0125000
NODE_82390_length_391_cov_69.510274	9	89	336	2	80	0.0250000
NODE_82390_length_391_cov_69.510274	9	89	340	2	80	0.0250000
NODE_82390_length_391_cov_69.510274	9	89	342	3	80	0.0375000
NODE_82390_length_391_cov_69.510274	9	89	344	2	80	0.0250000
NODE_82390_length_391_cov_69.510274	9	89	349	1	80	0.0125000
NODE_82390_length_391_cov_69.510274	9	89	357	4	80	0.0500000
NODE_82391_length_391_cov_39.414384	0	66	11	1	66	0.0151515
NODE_82391_length_391_cov_39.414384	0	66	13	3	66	0.0454545
NODE_82391_length_391_cov_39.414384	0	66	15	24	66	0.3636364
NODE_82391_length_391_cov_39.414384	0	66	17	10	66	0.1515152
NODE_82391_length_391_cov_39.414384	0	66	22	6	66	0.0909091
NODE_82391_length_391_cov_39.414384	0	66	26	8	66	0.1212121
NODE_82391_length_391_cov_39.414384	0	66	28	3	66	0.0454545
NODE_82391_length_391_cov_39.414384	0	66	31	1	66	0.0151515
NODE_82391_length_391_cov_39.414384	0	66	34	10	66	0.1515152
NODE_82391_length_391_cov_39.414384	0	71	11	1	71	0.0140845
NODE_82391_length_391_cov_39.414384	0	71	13	3	71	0.0422535
NODE_82391_length_391_cov_39.414384	0	71	15	24	71	0.3380282
NODE_82391_length_391_cov_39.414384	0	71	17	10	71	0.1408451
NODE_82391_length_391_cov_39.414384	0	71	22	6	71	0.0845070
NODE_82391_length_391_cov_39.414384	0	71	26	8	71	0.1126761
NODE_82391_length_391_cov_39.414384	0	71	28	3	71	0.0422535
NODE_82391_length_391_cov_39.414384	0	71	31	1	71	0.0140845
NODE_82391_length_391_cov_39.414384	0	71	34	15	71	0.2112676
NODE_82391_length_391_cov_39.414384	44	124	26	8	80	0.1000000
NODE_82391_length_391_cov_39.414384	44	124	28	3	80	0.0375000
NODE_82391_length_391_cov_39.414384	44	124	31	7	80	0.0875000
NODE_82391_length_391_cov_39.414384	44	124	34	27	80	0.3375000
NODE_82391_length_391_cov_39.414384	44	124	37	9	80	0.1125000
NODE_82391_length_391_cov_39.414384	44	124	38	7	80	0.0875000
NODE_82391_length_391_cov_39.414384	44	124	39	4	80	0.0500000
NODE_82391_length_391_cov_39.414384	44	124	41	15	80	0.1875000
NODE_82394_length_391_cov_10.352740	156	235	0	79	79	1.0000000
NODE_82415_length_391_cov_5.030822	85	166	6	3	81	0.0370370
NODE_82415_length_391_cov_5.030822	85	166	8	1	81	0.0123457
NODE_82415_length_391_cov_5.030822	85	166	9	1	81	0.0123457
NODE_82415_length_391_cov_5.030822	85	166	10	7	81	0.0864198
NODE_82415_length_391_cov_5.030822	85	166	13	1	81	0.0123457
NODE_82415_length_391_cov_5.030822	85	166	15	4	81	0.0493827
NODE_82415_length_391_cov_5.030822	85	166	22	1	81	0.0123457
NODE_82415_length_391_cov_5.030822	85	166	24	35	81	0.4320988
NODE_82415_length_391_cov_5.030822	85	166	25	5	81	0.0617284
NODE_82415_length_391_cov_5.030822	85	166	26	23	81	0.2839506
NODE_82498_length_391_cov_2.660959	267	343	10	39	76	0.5131579
NODE_82498_length_391_cov_2.660959	267	343	12	14	76	0.1842105
NODE_82498_length_391_cov_2.660959	267	343	14	8	76	0.1052632
NODE_82498_length_391_cov_2.660959	267	343	16	15	76	0.1973684
NODE_82552_length_391_cov_2.089041	176	256	12	51	80	0.6375000
NODE_82552_length_391_cov_2.089041	176	256	14	29	80	0.3625000
NODE_82552_length_391_cov_2.089041	229	280	1	4	51	0.0784314
NODE_82552_length_391_cov_2.089041	229	280	3	1	51	0.0196078
NODE_82552_length_391_cov_2.089041	229	280	4	16	51	0.3137255
NODE_82552_length_391_cov_2.089041	229	280	8	2	51	0.0392157
NODE_82552_length_391_cov_2.089041	229	280	12	28	51	0.5490196
NODE_82574_length_391_cov_1.907534	200	257	0	46	57	0.8070176
NODE_82574_length_391_cov_1.907534	200	257	1	11	57	0.1929825
NODE_82597_length_391_cov_1.773973	160	190	0	30	30	1.0000000
NODE_82632_length_391_cov_1.647260	298	378	0	2	80	0.0250000
NODE_82632_length_391_cov_1.647260	298	378	2	3	80	0.0375000
NODE_82632_length_391_cov_1.647260	298	378	4	75	80	0.9375000
NODE_82662_length_391_cov_1.561644	241	261	0	20	20	1.0000000
NODE_83015_length_390_cov_29.030928	86	166	3	5	80	0.0625000
NODE_83015_length_390_cov_29.030928	86	166	6	16	80	0.2000000
NODE_83015_length_390_cov_29.030928	86	166	7	6	80	0.0750000
NODE_83015_length_390_cov_29.030928	86	166	8	9	80	0.1125000
NODE_83015_length_390_cov_29.030928	86	166	9	20	80	0.2500000
NODE_83015_length_390_cov_29.030928	86	166	10	24	80	0.3000000
NODE_83015_length_390_cov_29.030928	139	219	7	22	80	0.2750000
NODE_83015_length_390_cov_29.030928	139	219	9	48	80	0.6000000
NODE_83015_length_390_cov_29.030928	139	219	10	8	80	0.1000000
NODE_83015_length_390_cov_29.030928	139	219	11	2	80	0.0250000
NODE_83016_length_390_cov_22.319588	118	198	0	80	80	1.0000000
NODE_83016_length_390_cov_22.319588	171	251	0	80	80	1.0000000
NODE_83044_length_390_cov_4.481100	208	277	0	28	69	0.4057971
NODE_83044_length_390_cov_4.481100	208	277	2	41	69	0.5942029
NODE_83044_length_390_cov_4.481100	286	327	0	1	41	0.0243902
NODE_83044_length_390_cov_4.481100	286	327	2	40	41	0.9756098
NODE_83045_length_390_cov_4.481100	93	171	0	48	78	0.6153846
NODE_83045_length_390_cov_4.481100	93	171	2	30	78	0.3846154
NODE_83045_length_390_cov_4.481100	144	210	0	66	66	1.0000000
NODE_83060_length_390_cov_3.814433	66	99	0	33	33	1.0000000
NODE_83061_length_390_cov_3.783505	188	268	0	80	80	1.0000000
NODE_83061_length_390_cov_3.783505	241	321	0	80	80	1.0000000
NODE_83066_length_390_cov_3.560137	304	367	0	56	63	0.8888889
NODE_83066_length_390_cov_3.560137	304	367	2	7	63	0.1111111
NODE_83066_length_390_cov_3.560137	340	381	0	41	41	1.0000000
NODE_83169_length_390_cov_2.127148	242	322	0	6	80	0.0750000
NODE_83169_length_390_cov_2.127148	242	322	4	63	80	0.7875000
NODE_83169_length_390_cov_2.127148	242	322	6	11	80	0.1375000
NODE_83171_length_390_cov_2.123711	133	177	8	6	44	0.1363636
NODE_83171_length_390_cov_2.123711	133	177	12	3	44	0.0681818
NODE_83171_length_390_cov_2.123711	133	177	13	8	44	0.1818182
NODE_83171_length_390_cov_2.123711	133	177	15	2	44	0.0454545
NODE_83171_length_390_cov_2.123711	133	177	16	2	44	0.0454545
NODE_83171_length_390_cov_2.123711	133	177	20	1	44	0.0227273
NODE_83171_length_390_cov_2.123711	133	177	22	18	44	0.4090909
NODE_83171_length_390_cov_2.123711	133	177	24	1	44	0.0227273
NODE_83171_length_390_cov_2.123711	133	177	26	3	44	0.0681818
NODE_83171_length_390_cov_2.123711	157	237	22	16	80	0.2000000
NODE_83171_length_390_cov_2.123711	157	237	24	1	80	0.0125000
NODE_83171_length_390_cov_2.123711	157	237	26	4	80	0.0500000
NODE_83171_length_390_cov_2.123711	157	237	28	5	80	0.0625000
NODE_83171_length_390_cov_2.123711	157	237	30	20	80	0.2500000
NODE_83171_length_390_cov_2.123711	157	237	32	2	80	0.0250000
NODE_83171_length_390_cov_2.123711	157	237	34	15	80	0.1875000
NODE_83171_length_390_cov_2.123711	157	237	38	17	80	0.2125000
NODE_83288_length_390_cov_1.536082	223	276	0	53	53	1.0000000
NODE_83338_length_390_cov_1.398625	49	110	47	1	61	0.0163934
NODE_83338_length_390_cov_1.398625	49	110	51	1	61	0.0163934
NODE_83338_length_390_cov_1.398625	49	110	55	1	61	0.0163934
NODE_83338_length_390_cov_1.398625	49	110	59	1	61	0.0163934
NODE_83338_length_390_cov_1.398625	49	110	60	1	61	0.0163934
NODE_83338_length_390_cov_1.398625	49	110	62	1	61	0.0163934
NODE_83338_length_390_cov_1.398625	49	110	72	1	61	0.0163934
NODE_83338_length_390_cov_1.398625	49	110	74	2	61	0.0327869
NODE_83338_length_390_cov_1.398625	49	110	80	1	61	0.0163934
NODE_83338_length_390_cov_1.398625	49	110	82	1	61	0.0163934
NODE_83338_length_390_cov_1.398625	49	110	84	1	61	0.0163934
NODE_83338_length_390_cov_1.398625	49	110	88	1	61	0.0163934
NODE_83338_length_390_cov_1.398625	49	110	89	1	61	0.0163934
NODE_83338_length_390_cov_1.398625	49	110	105	3	61	0.0491803
NODE_83338_length_390_cov_1.398625	49	110	111	2	61	0.0327869
NODE_83338_length_390_cov_1.398625	49	110	113	5	61	0.0819672
NODE_83338_length_390_cov_1.398625	49	110	120	5	61	0.0819672
NODE_83338_length_390_cov_1.398625	49	110	122	12	61	0.1967213
NODE_83338_length_390_cov_1.398625	49	110	124	3	61	0.0491803
NODE_83338_length_390_cov_1.398625	49	110	126	11	61	0.1803279
NODE_83338_length_390_cov_1.398625	49	110	128	6	61	0.0983607
NODE_83463_length_390_cov_1.034364	78	158	0	80	80	1.0000000
NODE_83633_length_389_cov_63.710345	32	112	0	80	80	1.0000000
NODE_83633_length_389_cov_63.710345	85	165	0	80	80	1.0000000
NODE_83633_length_389_cov_63.710345	161	241	0	80	80	1.0000000
NODE_83633_length_389_cov_63.710345	214	294	0	80	80	1.0000000
NODE_83650_length_389_cov_5.382759	154	234	0	80	80	1.0000000
NODE_83662_length_389_cov_4.468966	199	269	0	70	70	1.0000000
NODE_83663_length_389_cov_4.424138	68	148	54	1	80	0.0125000
NODE_83663_length_389_cov_4.424138	68	148	56	2	80	0.0250000
NODE_83663_length_389_cov_4.424138	68	148	62	2	80	0.0250000
NODE_83663_length_389_cov_4.424138	68	148	64	2	80	0.0250000
NODE_83663_length_389_cov_4.424138	68	148	66	1	80	0.0125000
NODE_83663_length_389_cov_4.424138	68	148	68	6	80	0.0750000
NODE_83663_length_389_cov_4.424138	68	148	70	4	80	0.0500000
NODE_83663_length_389_cov_4.424138	68	148	74	7	80	0.0875000
NODE_83663_length_389_cov_4.424138	68	148	76	1	80	0.0125000
NODE_83663_length_389_cov_4.424138	68	148	78	17	80	0.2125000
NODE_83663_length_389_cov_4.424138	68	148	80	14	80	0.1750000
NODE_83663_length_389_cov_4.424138	68	148	82	7	80	0.0875000
NODE_83663_length_389_cov_4.424138	68	148	84	16	80	0.2000000
NODE_83685_length_389_cov_3.782759	194	225	8	31	31	1.0000000
NODE_83689_length_389_cov_3.555172	107	153	0	28	46	0.6086956
NODE_83689_length_389_cov_3.555172	107	153	2	15	46	0.3260870
NODE_83689_length_389_cov_3.555172	107	153	4	3	46	0.0652174
NODE_83695_length_389_cov_3.251724	120	163	0	1	43	0.0232558
NODE_83695_length_389_cov_3.251724	120	163	6	42	43	0.9767442
NODE_83695_length_389_cov_3.251724	136	206	6	42	70	0.6000000
NODE_83695_length_389_cov_3.251724	136	206	8	28	70	0.4000000
NODE_83816_length_389_cov_1.951724	68	148	0	32	80	0.4000000
NODE_83816_length_389_cov_1.951724	68	148	2	48	80	0.6000000
NODE_83819_length_389_cov_1.937931	53	82	2	29	29	1.0000000
NODE_83819_length_389_cov_1.937931	153	233	23	1	80	0.0125000
NODE_83819_length_389_cov_1.937931	153	233	25	9	80	0.1125000
NODE_83819_length_389_cov_1.937931	153	233	27	2	80	0.0250000
NODE_83819_length_389_cov_1.937931	153	233	29	4	80	0.0500000
NODE_83819_length_389_cov_1.937931	153	233	30	20	80	0.2500000
NODE_83819_length_389_cov_1.937931	153	233	31	7	80	0.0875000
NODE_83819_length_389_cov_1.937931	153	233	33	14	80	0.1750000
NODE_83819_length_389_cov_1.937931	153	233	34	13	80	0.1625000
NODE_83819_length_389_cov_1.937931	153	233	35	10	80	0.1250000
NODE_83829_length_389_cov_1.920690	296	365	4	68	69	0.9855072
NODE_83829_length_389_cov_1.920690	296	365	6	1	69	0.0144928
NODE_84182_length_389_cov_0.720690	294	374	0	7	80	0.0875000
NODE_84182_length_389_cov_0.720690	294	374	2	73	80	0.9125000
NODE_84267_length_388_cov_9.179931	47	127	0	80	80	1.0000000
NODE_84267_length_388_cov_9.179931	100	180	0	80	80	1.0000000
NODE_84270_length_388_cov_7.249135	171	251	0	80	80	1.0000000
NODE_84270_length_388_cov_7.249135	224	304	0	80	80	1.0000000
NODE_84305_length_388_cov_3.913495	151	231	6	4	80	0.0500000
NODE_84305_length_388_cov_3.913495	151	231	8	30	80	0.3750000
NODE_84305_length_388_cov_3.913495	151	231	9	3	80	0.0375000
NODE_84305_length_388_cov_3.913495	151	231	11	23	80	0.2875000
NODE_84305_length_388_cov_3.913495	151	231	12	11	80	0.1375000
NODE_84305_length_388_cov_3.913495	151	231	13	9	80	0.1125000
NODE_84308_length_388_cov_3.809689	233	277	0	44	44	1.0000000
NODE_84332_length_388_cov_3.103806	101	166	0	3	65	0.0461538
NODE_84332_length_388_cov_3.103806	101	166	2	62	65	0.9538462
NODE_84332_length_388_cov_3.103806	147	227	0	22	80	0.2750000
NODE_84332_length_388_cov_3.103806	147	227	2	58	80	0.7250000
NODE_84334_length_388_cov_3.041522	48	128	0	80	80	1.0000000
NODE_84410_length_388_cov_2.114187	82	141	2	59	59	1.0000000
NODE_84410_length_388_cov_2.114187	135	194	0	26	59	0.4406780
NODE_84410_length_388_cov_2.114187	135	194	2	33	59	0.5593221
NODE_84423_length_388_cov_2.017301	99	151	2	5	52	0.0961538
NODE_84423_length_388_cov_2.017301	99	151	8	47	52	0.9038461
NODE_84427_length_388_cov_1.989619	0	76	0	76	76	1.0000000
NODE_84427_length_388_cov_1.989619	49	114	0	65	65	1.0000000
NODE_84587_length_388_cov_1.352941	172	247	0	75	75	1.0000000
NODE_84631_length_388_cov_1.228374	308	339	0	31	31	1.0000000
NODE_84885_length_387_cov_33.052083	194	274	0	80	80	1.0000000
NODE_84885_length_387_cov_33.052083	247	327	0	80	80	1.0000000
NODE_84890_length_387_cov_6.871528	26	106	0	13	80	0.1625000
NODE_84890_length_387_cov_6.871528	26	106	2	4	80	0.0500000
NODE_84890_length_387_cov_6.871528	26	106	4	63	80	0.7875000
NODE_84890_length_387_cov_6.871528	79	159	0	4	80	0.0500000
NODE_84890_length_387_cov_6.871528	79	159	2	43	80	0.5375000
NODE_84890_length_387_cov_6.871528	79	159	4	33	80	0.4125000
NODE_84902_length_387_cov_5.420139	286	341	0	55	55	1.0000000
NODE_84946_length_387_cov_3.364583	287	367	0	80	80	1.0000000
NODE_85007_length_387_cov_2.260417	140	210	0	1	70	0.0142857
NODE_85007_length_387_cov_2.260417	140	210	2	2	70	0.0285714
NODE_85007_length_387_cov_2.260417	140	210	4	67	70	0.9571428
NODE_85019_length_387_cov_2.128472	220	286	0	66	66	1.0000000
NODE_85019_length_387_cov_2.128472	273	329	0	56	56	1.0000000
NODE_85032_length_387_cov_2.090278	318	352	1	1	34	0.0294118
NODE_85032_length_387_cov_2.090278	318	352	2	33	34	0.9705882
NODE_85037_length_387_cov_2.055556	23	45	0	22	22	1.0000000
NODE_85047_length_387_cov_1.979167	259	316	0	57	57	1.0000000
NODE_85047_length_387_cov_1.979167	312	369	0	57	57	1.0000000
NODE_85091_length_387_cov_1.770833	315	361	0	15	46	0.3260870
NODE_85091_length_387_cov_1.770833	315	361	2	3	46	0.0652174
NODE_85091_length_387_cov_1.770833	315	361	4	7	46	0.1521739
NODE_85091_length_387_cov_1.770833	315	361	6	1	46	0.0217391
NODE_85091_length_387_cov_1.770833	315	361	8	2	46	0.0434783
NODE_85091_length_387_cov_1.770833	315	361	10	1	46	0.0217391
NODE_85091_length_387_cov_1.770833	315	361	12	15	46	0.3260870
NODE_85091_length_387_cov_1.770833	315	361	14	2	46	0.0434783
NODE_85528_length_386_cov_9.979094	38	118	0	12	80	0.1500000
NODE_85528_length_386_cov_9.979094	38	118	2	68	80	0.8500000
NODE_85528_length_386_cov_9.979094	91	174	0	52	83	0.6265060
NODE_85528_length_386_cov_9.979094	91	174	2	31	83	0.3734940
NODE_85546_length_386_cov_4.428571	197	249	2	26	52	0.5000000
NODE_85546_length_386_cov_4.428571	197	249	4	26	52	0.5000000
NODE_85570_length_386_cov_3.355401	151	231	0	13	80	0.1625000
NODE_85570_length_386_cov_3.355401	151	231	2	67	80	0.8375000
NODE_85570_length_386_cov_3.355401	204	265	0	39	61	0.6393443
NODE_85570_length_386_cov_3.355401	204	265	2	22	61	0.3606557
NODE_85602_length_386_cov_2.686411	293	325	4	32	32	1.0000000
NODE_85602_length_386_cov_2.686411	349	379	2	30	30	1.0000000
NODE_85629_length_386_cov_2.442509	55	135	2	52	80	0.6500000
NODE_85629_length_386_cov_2.442509	55	135	4	18	80	0.2250000
NODE_85629_length_386_cov_2.442509	55	135	5	1	80	0.0125000
NODE_85629_length_386_cov_2.442509	55	135	6	9	80	0.1125000
NODE_85629_length_386_cov_2.442509	108	164	4	47	56	0.8392857
NODE_85629_length_386_cov_2.442509	108	164	6	9	56	0.1607143
NODE_85793_length_386_cov_1.494774	79	121	4	42	42	1.0000000
NODE_85793_length_386_cov_1.494774	93	156	2	25	63	0.3968254
NODE_85793_length_386_cov_1.494774	93	156	4	37	63	0.5873016
NODE_85793_length_386_cov_1.494774	93	156	6	1	63	0.0158730
NODE_85816_length_386_cov_1.421603	160	236	8	76	76	1.0000000
NODE_85845_length_386_cov_1.372822	62	142	0	75	80	0.9375000
NODE_85845_length_386_cov_1.372822	62	142	2	5	80	0.0625000
NODE_85845_length_386_cov_1.372822	115	195	0	22	80	0.2750000
NODE_85845_length_386_cov_1.372822	115	195	2	26	80	0.3250000
NODE_85845_length_386_cov_1.372822	115	195	4	26	80	0.3250000
NODE_85845_length_386_cov_1.372822	115	195	6	4	80	0.0500000
NODE_85845_length_386_cov_1.372822	115	195	7	2	80	0.0250000
NODE_85858_length_386_cov_1.317073	124	161	12	3	37	0.0810811
NODE_85858_length_386_cov_1.317073	124	161	13	1	37	0.0270270
NODE_85858_length_386_cov_1.317073	124	161	14	6	37	0.1621622
NODE_85858_length_386_cov_1.317073	124	161	16	5	37	0.1351351
NODE_85858_length_386_cov_1.317073	124	161	18	22	37	0.5945946
NODE_85902_length_386_cov_1.170732	260	308	4	6	48	0.1250000
NODE_85902_length_386_cov_1.170732	260	308	6	10	48	0.2083333
NODE_85902_length_386_cov_1.170732	260	308	8	21	48	0.4375000
NODE_85902_length_386_cov_1.170732	260	308	12	1	48	0.0208333
NODE_85902_length_386_cov_1.170732	260	308	14	4	48	0.0833333
NODE_85902_length_386_cov_1.170732	260	308	18	6	48	0.1250000
NODE_86143_length_385_cov_167.877622	103	164	214	1	61	0.0163934
NODE_86143_length_385_cov_167.877622	103	164	215	1	61	0.0163934
NODE_86143_length_385_cov_167.877622	103	164	219	1	61	0.0163934
NODE_86143_length_385_cov_167.877622	103	164	225	2	61	0.0327869
NODE_86143_length_385_cov_167.877622	103	164	231	1	61	0.0163934
NODE_86143_length_385_cov_167.877622	103	164	232	1	61	0.0163934
NODE_86143_length_385_cov_167.877622	103	164	234	4	61	0.0655738
NODE_86143_length_385_cov_167.877622	103	164	235	2	61	0.0327869
NODE_86143_length_385_cov_167.877622	103	164	236	1	61	0.0163934
NODE_86143_length_385_cov_167.877622	103	164	238	1	61	0.0163934
NODE_86143_length_385_cov_167.877622	103	164	239	2	61	0.0327869
NODE_86143_length_385_cov_167.877622	103	164	244	1	61	0.0163934
NODE_86143_length_385_cov_167.877622	103	164	245	2	61	0.0327869
NODE_86143_length_385_cov_167.877622	103	164	256	1	61	0.0163934
NODE_86143_length_385_cov_167.877622	103	164	259	1	61	0.0163934
NODE_86143_length_385_cov_167.877622	103	164	265	1	61	0.0163934
NODE_86143_length_385_cov_167.877622	103	164	271	2	61	0.0327869
NODE_86143_length_385_cov_167.877622	103	164	272	1	61	0.0163934
NODE_86143_length_385_cov_167.877622	103	164	273	1	61	0.0163934
NODE_86143_length_385_cov_167.877622	103	164	285	1	61	0.0163934
NODE_86143_length_385_cov_167.877622	103	164	291	1	61	0.0163934
NODE_86143_length_385_cov_167.877622	103	164	294	2	61	0.0327869
NODE_86143_length_385_cov_167.877622	103	164	296	1	61	0.0163934
NODE_86143_length_385_cov_167.877622	103	164	297	2	61	0.0327869
NODE_86143_length_385_cov_167.877622	103	164	298	2	61	0.0327869
NODE_86143_length_385_cov_167.877622	103	164	299	1	61	0.0163934
NODE_86143_length_385_cov_167.877622	103	164	300	1	61	0.0163934
NODE_86143_length_385_cov_167.877622	103	164	301	1	61	0.0163934
NODE_86143_length_385_cov_167.877622	103	164	303	4	61	0.0655738
NODE_86143_length_385_cov_167.877622	103	164	304	1	61	0.0163934
NODE_86143_length_385_cov_167.877622	103	164	311	1	61	0.0163934
NODE_86143_length_385_cov_167.877622	103	164	321	1	61	0.0163934
NODE_86143_length_385_cov_167.877622	103	164	323	1	61	0.0163934
NODE_86143_length_385_cov_167.877622	103	164	325	3	61	0.0491803
NODE_86143_length_385_cov_167.877622	103	164	326	1	61	0.0163934
NODE_86143_length_385_cov_167.877622	103	164	327	4	61	0.0655738
NODE_86143_length_385_cov_167.877622	103	164	329	2	61	0.0327869
NODE_86143_length_385_cov_167.877622	103	164	333	3	61	0.0491803
NODE_86143_length_385_cov_167.877622	103	164	337	1	61	0.0163934
NODE_86144_length_385_cov_38.695804	164	244	0	41	80	0.5125000
NODE_86144_length_385_cov_38.695804	164	244	4	39	80	0.4875000
NODE_86144_length_385_cov_38.695804	217	297	0	4	80	0.0500000
NODE_86144_length_385_cov_38.695804	217	297	4	76	80	0.9500000
NODE_86169_length_385_cov_4.335664	173	250	0	47	77	0.6103896
NODE_86169_length_385_cov_4.335664	173	250	2	4	77	0.0519481
NODE_86169_length_385_cov_4.335664	173	250	4	1	77	0.0129870
NODE_86169_length_385_cov_4.335664	173	250	6	11	77	0.1428571
NODE_86169_length_385_cov_4.335664	173	250	12	14	77	0.1818182
NODE_86185_length_385_cov_3.793706	215	297	0	1	82	0.0121951
NODE_86185_length_385_cov_3.793706	215	297	2	33	82	0.4024390
NODE_86185_length_385_cov_3.793706	215	297	4	34	82	0.4146341
NODE_86185_length_385_cov_3.793706	215	297	6	14	82	0.1707317
NODE_86230_length_385_cov_2.786713	99	179	2	9	80	0.1125000
NODE_86230_length_385_cov_2.786713	99	179	4	52	80	0.6500000
NODE_86230_length_385_cov_2.786713	99	179	6	19	80	0.2375000
NODE_86230_length_385_cov_2.786713	152	232	4	80	80	1.0000000
NODE_86230_length_385_cov_2.786713	281	362	0	81	81	1.0000000
NODE_86448_length_385_cov_1.381119	71	145	0	17	74	0.2297297
NODE_86448_length_385_cov_1.381119	71	145	3	11	74	0.1486486
NODE_86448_length_385_cov_1.381119	71	145	7	2	74	0.0270270
NODE_86448_length_385_cov_1.381119	71	145	9	3	74	0.0405405
NODE_86448_length_385_cov_1.381119	71	145	12	4	74	0.0540541
NODE_86448_length_385_cov_1.381119	71	145	13	1	74	0.0135135
NODE_86448_length_385_cov_1.381119	71	145	15	3	74	0.0405405
NODE_86448_length_385_cov_1.381119	71	145	17	8	74	0.1081081
NODE_86448_length_385_cov_1.381119	71	145	18	3	74	0.0405405
NODE_86448_length_385_cov_1.381119	71	145	20	10	74	0.1351351
NODE_86448_length_385_cov_1.381119	71	145	24	8	74	0.1081081
NODE_86448_length_385_cov_1.381119	71	145	26	4	74	0.0540541
NODE_86448_length_385_cov_1.381119	118	198	17	2	80	0.0250000
NODE_86448_length_385_cov_1.381119	118	198	18	3	80	0.0375000
NODE_86448_length_385_cov_1.381119	118	198	20	10	80	0.1250000
NODE_86448_length_385_cov_1.381119	118	198	24	8	80	0.1000000
NODE_86448_length_385_cov_1.381119	118	198	26	15	80	0.1875000
NODE_86448_length_385_cov_1.381119	118	198	27	7	80	0.0875000
NODE_86448_length_385_cov_1.381119	118	198	28	4	80	0.0500000
NODE_86448_length_385_cov_1.381119	118	198	29	3	80	0.0375000
NODE_86448_length_385_cov_1.381119	118	198	30	22	80	0.2750000
NODE_86448_length_385_cov_1.381119	118	198	31	6	80	0.0750000
NODE_86798_length_384_cov_3.996491	135	217	0	82	82	1.0000000
NODE_86809_length_384_cov_3.729825	181	228	0	47	47	1.0000000
NODE_86812_length_384_cov_3.715789	145	221	6	56	76	0.7368421
NODE_86812_length_384_cov_3.715789	145	221	8	12	76	0.1578947
NODE_86812_length_384_cov_3.715789	145	221	12	3	76	0.0394737
NODE_86812_length_384_cov_3.715789	145	221	16	5	76	0.0657895
NODE_86841_length_384_cov_2.996491	147	227	4	24	80	0.3000000
NODE_86841_length_384_cov_2.996491	147	227	8	6	80	0.0750000
NODE_86841_length_384_cov_2.996491	147	227	10	14	80	0.1750000
NODE_86841_length_384_cov_2.996491	147	227	12	8	80	0.1000000
NODE_86841_length_384_cov_2.996491	147	227	14	8	80	0.1000000
NODE_86841_length_384_cov_2.996491	147	227	16	20	80	0.2500000
NODE_86847_length_384_cov_2.835088	65	145	12	4	80	0.0500000
NODE_86847_length_384_cov_2.835088	65	145	14	11	80	0.1375000
NODE_86847_length_384_cov_2.835088	65	145	15	6	80	0.0750000
NODE_86847_length_384_cov_2.835088	65	145	16	2	80	0.0250000
NODE_86847_length_384_cov_2.835088	65	145	17	3	80	0.0375000
NODE_86847_length_384_cov_2.835088	65	145	18	4	80	0.0500000
NODE_86847_length_384_cov_2.835088	65	145	19	4	80	0.0500000
NODE_86847_length_384_cov_2.835088	65	145	20	46	80	0.5750000
NODE_86866_length_384_cov_2.575439	151	224	18	13	73	0.1780822
NODE_86866_length_384_cov_2.575439	151	224	20	20	73	0.2739726
NODE_86866_length_384_cov_2.575439	151	224	21	3	73	0.0410959
NODE_86866_length_384_cov_2.575439	151	224	22	28	73	0.3835616
NODE_86866_length_384_cov_2.575439	151	224	23	9	73	0.1232877
NODE_86866_length_384_cov_2.575439	197	281	3	9	84	0.1071429
NODE_86866_length_384_cov_2.575439	197	281	5	2	84	0.0238095
NODE_86866_length_384_cov_2.575439	197	281	7	3	84	0.0357143
NODE_86866_length_384_cov_2.575439	197	281	11	4	84	0.0476190
NODE_86866_length_384_cov_2.575439	197	281	13	13	84	0.1547619
NODE_86866_length_384_cov_2.575439	197	281	14	14	84	0.1666667
NODE_86866_length_384_cov_2.575439	197	281	16	10	84	0.1190476
NODE_86866_length_384_cov_2.575439	197	281	18	15	84	0.1785714
NODE_86866_length_384_cov_2.575439	197	281	20	14	84	0.1666667
NODE_86907_length_384_cov_2.231579	78	153	0	75	75	1.0000000
NODE_86942_length_384_cov_1.940351	73	153	0	80	80	1.0000000
NODE_87431_length_383_cov_4.869718	117	197	0	80	80	1.0000000
NODE_87431_length_383_cov_4.869718	170	250	0	80	80	1.0000000
NODE_87432_length_383_cov_4.841549	121	180	0	59	59	1.0000000
NODE_87438_length_383_cov_4.559859	33	109	0	76	76	1.0000000
NODE_87487_length_383_cov_2.940141	185	265	0	74	80	0.9250000
NODE_87487_length_383_cov_2.940141	185	265	2	6	80	0.0750000
NODE_87495_length_383_cov_2.760563	123	203	149	2	80	0.0250000
NODE_87495_length_383_cov_2.760563	123	203	150	1	80	0.0125000
NODE_87495_length_383_cov_2.760563	123	203	152	1	80	0.0125000
NODE_87495_length_383_cov_2.760563	123	203	158	1	80	0.0125000
NODE_87495_length_383_cov_2.760563	123	203	159	1	80	0.0125000
NODE_87495_length_383_cov_2.760563	123	203	164	1	80	0.0125000
NODE_87495_length_383_cov_2.760563	123	203	166	2	80	0.0250000
NODE_87495_length_383_cov_2.760563	123	203	168	1	80	0.0125000
NODE_87495_length_383_cov_2.760563	123	203	175	4	80	0.0500000
NODE_87495_length_383_cov_2.760563	123	203	178	3	80	0.0375000
NODE_87495_length_383_cov_2.760563	123	203	181	1	80	0.0125000
NODE_87495_length_383_cov_2.760563	123	203	185	2	80	0.0250000
NODE_87495_length_383_cov_2.760563	123	203	186	3	80	0.0375000
NODE_87495_length_383_cov_2.760563	123	203	188	3	80	0.0375000
NODE_87495_length_383_cov_2.760563	123	203	191	2	80	0.0250000
NODE_87495_length_383_cov_2.760563	123	203	192	1	80	0.0125000
NODE_87495_length_383_cov_2.760563	123	203	193	1	80	0.0125000
NODE_87495_length_383_cov_2.760563	123	203	194	3	80	0.0375000
NODE_87495_length_383_cov_2.760563	123	203	196	1	80	0.0125000
NODE_87495_length_383_cov_2.760563	123	203	197	2	80	0.0250000
NODE_87495_length_383_cov_2.760563	123	203	198	1	80	0.0125000
NODE_87495_length_383_cov_2.760563	123	203	201	2	80	0.0250000
NODE_87495_length_383_cov_2.760563	123	203	202	1	80	0.0125000
NODE_87495_length_383_cov_2.760563	123	203	203	1	80	0.0125000
NODE_87495_length_383_cov_2.760563	123	203	204	1	80	0.0125000
NODE_87495_length_383_cov_2.760563	123	203	205	6	80	0.0750000
NODE_87495_length_383_cov_2.760563	123	203	206	4	80	0.0500000
NODE_87495_length_383_cov_2.760563	123	203	207	3	80	0.0375000
NODE_87495_length_383_cov_2.760563	123	203	208	1	80	0.0125000
NODE_87495_length_383_cov_2.760563	123	203	209	2	80	0.0250000
NODE_87495_length_383_cov_2.760563	123	203	211	1	80	0.0125000
NODE_87495_length_383_cov_2.760563	123	203	216	2	80	0.0250000
NODE_87495_length_383_cov_2.760563	123	203	218	1	80	0.0125000
NODE_87495_length_383_cov_2.760563	123	203	219	5	80	0.0625000
NODE_87495_length_383_cov_2.760563	123	203	220	1	80	0.0125000
NODE_87495_length_383_cov_2.760563	123	203	221	1	80	0.0125000
NODE_87495_length_383_cov_2.760563	123	203	222	6	80	0.0750000
NODE_87495_length_383_cov_2.760563	123	203	224	2	80	0.0250000
NODE_87495_length_383_cov_2.760563	123	203	226	3	80	0.0375000
NODE_87495_length_383_cov_2.760563	169	249	73	1	80	0.0125000
NODE_87495_length_383_cov_2.760563	169	249	75	3	80	0.0375000
NODE_87495_length_383_cov_2.760563	169	249	81	1	80	0.0125000
NODE_87495_length_383_cov_2.760563	169	249	83	1	80	0.0125000
NODE_87495_length_383_cov_2.760563	169	249	85	3	80	0.0375000
NODE_87495_length_383_cov_2.760563	169	249	87	1	80	0.0125000
NODE_87495_length_383_cov_2.760563	169	249	91	3	80	0.0375000
NODE_87495_length_383_cov_2.760563	169	249	92	1	80	0.0125000
NODE_87495_length_383_cov_2.760563	169	249	94	2	80	0.0250000
NODE_87495_length_383_cov_2.760563	169	249	95	1	80	0.0125000
NODE_87495_length_383_cov_2.760563	169	249	97	2	80	0.0250000
NODE_87495_length_383_cov_2.760563	169	249	99	2	80	0.0250000
NODE_87495_length_383_cov_2.760563	169	249	105	1	80	0.0125000
NODE_87495_length_383_cov_2.760563	169	249	109	3	80	0.0375000
NODE_87495_length_383_cov_2.760563	169	249	111	1	80	0.0125000
NODE_87495_length_383_cov_2.760563	169	249	120	6	80	0.0750000
NODE_87495_length_383_cov_2.760563	169	249	122	2	80	0.0250000
NODE_87495_length_383_cov_2.760563	169	249	124	2	80	0.0250000
NODE_87495_length_383_cov_2.760563	169	249	128	2	80	0.0250000
NODE_87495_length_383_cov_2.760563	169	249	130	1	80	0.0125000
NODE_87495_length_383_cov_2.760563	169	249	132	1	80	0.0125000
NODE_87495_length_383_cov_2.760563	169	249	134	1	80	0.0125000
NODE_87495_length_383_cov_2.760563	169	249	136	1	80	0.0125000
NODE_87495_length_383_cov_2.760563	169	249	138	1	80	0.0125000
NODE_87495_length_383_cov_2.760563	169	249	144	1	80	0.0125000
NODE_87495_length_383_cov_2.760563	169	249	146	1	80	0.0125000
NODE_87495_length_383_cov_2.760563	169	249	147	1	80	0.0125000
NODE_87495_length_383_cov_2.760563	169	249	149	2	80	0.0250000
NODE_87495_length_383_cov_2.760563	169	249	150	1	80	0.0125000
NODE_87495_length_383_cov_2.760563	169	249	152	1	80	0.0125000
NODE_87495_length_383_cov_2.760563	169	249	158	1	80	0.0125000
NODE_87495_length_383_cov_2.760563	169	249	159	1	80	0.0125000
NODE_87495_length_383_cov_2.760563	169	249	164	1	80	0.0125000
NODE_87495_length_383_cov_2.760563	169	249	166	2	80	0.0250000
NODE_87495_length_383_cov_2.760563	169	249	168	1	80	0.0125000
NODE_87495_length_383_cov_2.760563	169	249	175	4	80	0.0500000
NODE_87495_length_383_cov_2.760563	169	249	181	1	80	0.0125000
NODE_87495_length_383_cov_2.760563	169	249	185	2	80	0.0250000
NODE_87495_length_383_cov_2.760563	169	249	191	2	80	0.0250000
NODE_87495_length_383_cov_2.760563	169	249	193	1	80	0.0125000
NODE_87495_length_383_cov_2.760563	169	249	194	1	80	0.0125000
NODE_87495_length_383_cov_2.760563	169	249	197	2	80	0.0250000
NODE_87495_length_383_cov_2.760563	169	249	203	1	80	0.0125000
NODE_87495_length_383_cov_2.760563	169	249	207	2	80	0.0250000
NODE_87495_length_383_cov_2.760563	169	249	209	1	80	0.0125000
NODE_87495_length_383_cov_2.760563	169	249	211	1	80	0.0125000
NODE_87495_length_383_cov_2.760563	169	249	219	5	80	0.0625000
NODE_87495_length_383_cov_2.760563	169	249	220	1	80	0.0125000
NODE_87495_length_383_cov_2.760563	222	302	0	22	80	0.2750000
NODE_87495_length_383_cov_2.760563	222	302	6	2	80	0.0250000
NODE_87495_length_383_cov_2.760563	222	302	8	1	80	0.0125000
NODE_87495_length_383_cov_2.760563	222	302	10	1	80	0.0125000
NODE_87495_length_383_cov_2.760563	222	302	11	3	80	0.0375000
NODE_87495_length_383_cov_2.760563	222	302	13	3	80	0.0375000
NODE_87495_length_383_cov_2.760563	222	302	20	6	80	0.0750000
NODE_87495_length_383_cov_2.760563	222	302	22	1	80	0.0125000
NODE_87495_length_383_cov_2.760563	222	302	24	1	80	0.0125000
NODE_87495_length_383_cov_2.760563	222	302	46	4	80	0.0500000
NODE_87495_length_383_cov_2.760563	222	302	48	1	80	0.0125000
NODE_87495_length_383_cov_2.760563	222	302	50	3	80	0.0375000
NODE_87495_length_383_cov_2.760563	222	302	51	1	80	0.0125000
NODE_87495_length_383_cov_2.760563	222	302	52	1	80	0.0125000
NODE_87495_length_383_cov_2.760563	222	302	56	1	80	0.0125000
NODE_87495_length_383_cov_2.760563	222	302	58	2	80	0.0250000
NODE_87495_length_383_cov_2.760563	222	302	73	1	80	0.0125000
NODE_87495_length_383_cov_2.760563	222	302	75	3	80	0.0375000
NODE_87495_length_383_cov_2.760563	222	302	81	1	80	0.0125000
NODE_87495_length_383_cov_2.760563	222	302	83	1	80	0.0125000
NODE_87495_length_383_cov_2.760563	222	302	85	3	80	0.0375000
NODE_87495_length_383_cov_2.760563	222	302	87	1	80	0.0125000
NODE_87495_length_383_cov_2.760563	222	302	91	3	80	0.0375000
NODE_87495_length_383_cov_2.760563	222	302	92	1	80	0.0125000
NODE_87495_length_383_cov_2.760563	222	302	94	2	80	0.0250000
NODE_87495_length_383_cov_2.760563	222	302	95	1	80	0.0125000
NODE_87495_length_383_cov_2.760563	222	302	97	2	80	0.0250000
NODE_87495_length_383_cov_2.760563	222	302	99	2	80	0.0250000
NODE_87495_length_383_cov_2.760563	222	302	105	1	80	0.0125000
NODE_87495_length_383_cov_2.760563	222	302	109	3	80	0.0375000
NODE_87495_length_383_cov_2.760563	222	302	111	1	80	0.0125000
NODE_87495_length_383_cov_2.760563	222	302	120	1	80	0.0125000
NODE_87566_length_383_cov_2.123239	29	94	0	65	65	1.0000000
NODE_87566_length_383_cov_2.123239	93	173	0	80	80	1.0000000
NODE_87566_length_383_cov_2.123239	146	193	0	47	47	1.0000000
NODE_87634_length_383_cov_1.728873	196	257	9	5	61	0.0819672
NODE_87634_length_383_cov_1.728873	196	257	13	2	61	0.0327869
NODE_87634_length_383_cov_1.728873	196	257	14	1	61	0.0163934
NODE_87634_length_383_cov_1.728873	196	257	15	4	61	0.0655738
NODE_87634_length_383_cov_1.728873	196	257	17	17	61	0.2786885
NODE_87634_length_383_cov_1.728873	196	257	19	7	61	0.1147541
NODE_87634_length_383_cov_1.728873	196	257	20	12	61	0.1967213
NODE_87634_length_383_cov_1.728873	196	257	22	10	61	0.1639344
NODE_87634_length_383_cov_1.728873	196	257	24	3	61	0.0491803
NODE_87634_length_383_cov_1.728873	239	310	14	19	71	0.2676056
NODE_87634_length_383_cov_1.728873	239	310	16	1	71	0.0140845
NODE_87634_length_383_cov_1.728873	239	310	17	8	71	0.1126761
NODE_87634_length_383_cov_1.728873	239	310	18	13	71	0.1830986
NODE_87634_length_383_cov_1.728873	239	310	20	9	71	0.1267606
NODE_87634_length_383_cov_1.728873	239	310	21	3	71	0.0422535
NODE_87634_length_383_cov_1.728873	239	310	22	15	71	0.2112676
NODE_87634_length_383_cov_1.728873	239	310	24	3	71	0.0422535
NODE_88039_length_382_cov_43.724382	245	325	0	76	80	0.9500000
NODE_88039_length_382_cov_43.724382	245	325	2	4	80	0.0500000
NODE_88039_length_382_cov_43.724382	298	378	0	80	80	1.0000000
NODE_88040_length_382_cov_35.908127	163	243	0	80	80	1.0000000
NODE_88040_length_382_cov_35.908127	216	296	0	80	80	1.0000000
NODE_88040_length_382_cov_35.908127	292	372	0	80	80	1.0000000
NODE_88041_length_382_cov_26.240283	57	137	0	21	80	0.2625000
NODE_88041_length_382_cov_26.240283	57	137	2	9	80	0.1125000
NODE_88041_length_382_cov_26.240283	57	137	4	50	80	0.6250000
NODE_88041_length_382_cov_26.240283	110	190	2	15	80	0.1875000
NODE_88041_length_382_cov_26.240283	110	190	4	65	80	0.8125000
NODE_88054_length_382_cov_5.583039	63	143	0	80	80	1.0000000
NODE_88054_length_382_cov_5.583039	116	196	0	80	80	1.0000000
NODE_88063_length_382_cov_4.837456	19	78	0	59	59	1.0000000
NODE_88067_length_382_cov_4.618375	0	55	0	48	55	0.8727273
NODE_88067_length_382_cov_4.618375	0	55	4	7	55	0.1272727
NODE_88067_length_382_cov_4.618375	104	184	10	11	80	0.1375000
NODE_88067_length_382_cov_4.618375	104	184	12	14	80	0.1750000
NODE_88067_length_382_cov_4.618375	104	184	14	16	80	0.2000000
NODE_88067_length_382_cov_4.618375	104	184	16	2	80	0.0250000
NODE_88067_length_382_cov_4.618375	104	184	18	4	80	0.0500000
NODE_88067_length_382_cov_4.618375	104	184	20	2	80	0.0250000
NODE_88067_length_382_cov_4.618375	104	184	24	2	80	0.0250000
NODE_88067_length_382_cov_4.618375	104	184	26	5	80	0.0625000
NODE_88067_length_382_cov_4.618375	104	184	29	6	80	0.0750000
NODE_88067_length_382_cov_4.618375	104	184	31	5	80	0.0625000
NODE_88067_length_382_cov_4.618375	104	184	32	13	80	0.1625000
NODE_88067_length_382_cov_4.618375	157	237	12	4	80	0.0500000
NODE_88067_length_382_cov_4.618375	157	237	14	6	80	0.0750000
NODE_88067_length_382_cov_4.618375	157	237	16	3	80	0.0375000
NODE_88067_length_382_cov_4.618375	157	237	18	2	80	0.0250000
NODE_88067_length_382_cov_4.618375	157	237	20	6	80	0.0750000
NODE_88067_length_382_cov_4.618375	157	237	22	2	80	0.0250000
NODE_88067_length_382_cov_4.618375	157	237	24	3	80	0.0375000
NODE_88067_length_382_cov_4.618375	157	237	26	22	80	0.2750000
NODE_88067_length_382_cov_4.618375	157	237	29	6	80	0.0750000
NODE_88067_length_382_cov_4.618375	157	237	30	4	80	0.0500000
NODE_88067_length_382_cov_4.618375	157	237	31	5	80	0.0625000
NODE_88067_length_382_cov_4.618375	157	237	32	17	80	0.2125000
NODE_88075_length_382_cov_4.268551	71	152	0	81	81	1.0000000
NODE_88075_length_382_cov_4.268551	124	205	0	81	81	1.0000000
NODE_88080_length_382_cov_4.091873	30	92	0	62	62	1.0000000
NODE_88121_length_382_cov_3.031802	173	253	0	18	80	0.2250000
NODE_88121_length_382_cov_3.031802	173	253	2	2	80	0.0250000
NODE_88121_length_382_cov_3.031802	173	253	4	1	80	0.0125000
NODE_88121_length_382_cov_3.031802	173	253	10	5	80	0.0625000
NODE_88121_length_382_cov_3.031802	173	253	12	12	80	0.1500000
NODE_88121_length_382_cov_3.031802	173	253	14	4	80	0.0500000
NODE_88121_length_382_cov_3.031802	173	253	18	11	80	0.1375000
NODE_88121_length_382_cov_3.031802	173	253	20	4	80	0.0500000
NODE_88121_length_382_cov_3.031802	173	253	22	12	80	0.1500000
NODE_88121_length_382_cov_3.031802	173	253	24	11	80	0.1375000
NODE_88121_length_382_cov_3.031802	226	295	20	4	69	0.0579710
NODE_88121_length_382_cov_3.031802	226	295	22	17	69	0.2463768
NODE_88121_length_382_cov_3.031802	226	295	24	48	69	0.6956522
NODE_88135_length_382_cov_2.798587	231	293	0	6	62	0.0967742
NODE_88135_length_382_cov_2.798587	231	293	1	2	62	0.0322581
NODE_88135_length_382_cov_2.798587	231	293	2	54	62	0.8709677
NODE_88136_length_382_cov_2.791519	195	244	6	49	49	1.0000000
NODE_88136_length_382_cov_2.791519	217	297	4	9	80	0.1125000
NODE_88136_length_382_cov_2.791519	217	297	6	71	80	0.8875000
NODE_88164_length_382_cov_2.611307	301	368	0	67	67	1.0000000
NODE_88276_length_382_cov_1.802120	0	60	0	60	60	1.0000000
NODE_88660_length_382_cov_0.738516	48	95	16	47	47	1.0000000
NODE_88660_length_382_cov_0.738516	68	148	16	80	80	1.0000000
NODE_88758_length_381_cov_12.010638	195	274	0	27	79	0.3417721
NODE_88758_length_381_cov_12.010638	195	274	2	52	79	0.6582279
NODE_88865_length_381_cov_2.606383	68	98	0	30	30	1.0000000
NODE_88867_length_381_cov_2.570922	115	175	0	59	60	0.9833333
NODE_88867_length_381_cov_2.570922	115	175	2	1	60	0.0166667
NODE_88872_length_381_cov_2.514184	225	307	6	22	82	0.2682927
NODE_88872_length_381_cov_2.514184	225	307	8	44	82	0.5365854
NODE_88872_length_381_cov_2.514184	225	307	10	16	82	0.1951219
NODE_88900_length_381_cov_2.198582	193	276	0	29	83	0.3493976
NODE_88900_length_381_cov_2.198582	193	276	2	7	83	0.0843373
NODE_88900_length_381_cov_2.198582	193	276	4	47	83	0.5662650
NODE_88935_length_381_cov_1.989362	279	325	0	46	46	1.0000000
NODE_89009_length_381_cov_1.663121	51	128	0	31	77	0.4025974
NODE_89009_length_381_cov_1.663121	51	128	2	8	77	0.1038961
NODE_89009_length_381_cov_1.663121	51	128	4	38	77	0.4935065
NODE_89009_length_381_cov_1.663121	101	181	4	64	80	0.8000000
NODE_89009_length_381_cov_1.663121	101	181	6	16	80	0.2000000
NODE_89090_length_381_cov_1.400709	254	334	0	38	80	0.4750000
NODE_89090_length_381_cov_1.400709	254	334	2	42	80	0.5250000
NODE_89090_length_381_cov_1.400709	254	334	0	38	80	0.4750000
NODE_89090_length_381_cov_1.400709	254	334	2	42	80	0.5250000
NODE_89090_length_381_cov_1.400709	309	373	0	5	64	0.0781250
NODE_89090_length_381_cov_1.400709	309	373	2	59	64	0.9218750
NODE_89482_length_380_cov_57.604982	196	276	0	42	80	0.5250000
NODE_89482_length_380_cov_57.604982	196	276	2	38	80	0.4750000
NODE_89482_length_380_cov_57.604982	249	329	0	21	80	0.2625000
NODE_89482_length_380_cov_57.604982	249	329	2	59	80	0.7375000
NODE_89482_length_380_cov_57.604982	325	359	2	34	34	1.0000000
NODE_89483_length_380_cov_11.185053	79	161	0	38	82	0.4634146
NODE_89483_length_380_cov_11.185053	79	161	2	44	82	0.5365854
NODE_89483_length_380_cov_11.185053	134	214	0	80	80	1.0000000
NODE_89491_length_380_cov_5.811388	100	156	2	18	56	0.3214286
NODE_89491_length_380_cov_5.811388	100	156	4	38	56	0.6785714
NODE_89491_length_380_cov_5.811388	177	213	2	36	36	1.0000000
NODE_89495_length_380_cov_5.377224	242	271	60	7	29	0.2413793
NODE_89495_length_380_cov_5.377224	242	271	62	6	29	0.2068966
NODE_89495_length_380_cov_5.377224	242	271	64	8	29	0.2758621
NODE_89495_length_380_cov_5.377224	242	271	66	8	29	0.2758621
NODE_89508_length_380_cov_4.185053	158	230	0	72	72	1.0000000
NODE_89508_length_380_cov_4.185053	159	229	0	70	70	1.0000000
NODE_89508_length_380_cov_4.185053	203	283	0	80	80	1.0000000
NODE_89508_length_380_cov_4.185053	203	283	0	80	80	1.0000000
NODE_89527_length_380_cov_3.423488	164	233	2	6	69	0.0869565
NODE_89527_length_380_cov_3.423488	164	233	4	63	69	0.9130435
NODE_89540_length_380_cov_3.153025	188	260	2	12	72	0.1666667
NODE_89540_length_380_cov_3.153025	188	260	4	22	72	0.3055556
NODE_89540_length_380_cov_3.153025	188	260	6	38	72	0.5277778
NODE_89568_length_380_cov_2.718861	51	131	2	6	80	0.0750000
NODE_89568_length_380_cov_2.718861	51	131	4	67	80	0.8375000
NODE_89568_length_380_cov_2.718861	51	131	6	7	80	0.0875000
NODE_89568_length_380_cov_2.718861	104	184	2	29	80	0.3625000
NODE_89568_length_380_cov_2.718861	104	184	4	14	80	0.1750000
NODE_89568_length_380_cov_2.718861	104	184	5	30	80	0.3750000
NODE_89568_length_380_cov_2.718861	104	184	6	7	80	0.0875000
NODE_89658_length_380_cov_1.943060	22	56	2	3	34	0.0882353
NODE_89658_length_380_cov_1.943060	22	56	6	4	34	0.1176471
NODE_89658_length_380_cov_1.943060	22	56	8	1	34	0.0294118
NODE_89658_length_380_cov_1.943060	22	56	10	26	34	0.7647059
NODE_89750_length_380_cov_1.601423	292	332	34	3	40	0.0750000
NODE_89750_length_380_cov_1.601423	292	332	37	1	40	0.0250000
NODE_89750_length_380_cov_1.601423	292	332	39	3	40	0.0750000
NODE_89750_length_380_cov_1.601423	292	332	41	1	40	0.0250000
NODE_89750_length_380_cov_1.601423	292	332	43	4	40	0.1000000
NODE_89750_length_380_cov_1.601423	292	332	44	2	40	0.0500000
NODE_89750_length_380_cov_1.601423	292	332	46	2	40	0.0500000
NODE_89750_length_380_cov_1.601423	292	332	48	4	40	0.1000000
NODE_89750_length_380_cov_1.601423	292	332	52	1	40	0.0250000
NODE_89750_length_380_cov_1.601423	292	332	55	2	40	0.0500000
NODE_89750_length_380_cov_1.601423	292	332	60	1	40	0.0250000
NODE_89750_length_380_cov_1.601423	292	332	64	1	40	0.0250000
NODE_89750_length_380_cov_1.601423	292	332	66	1	40	0.0250000
NODE_89750_length_380_cov_1.601423	292	332	69	2	40	0.0500000
NODE_89750_length_380_cov_1.601423	292	332	73	2	40	0.0500000
NODE_89750_length_380_cov_1.601423	292	332	74	2	40	0.0500000
NODE_89750_length_380_cov_1.601423	292	332	76	1	40	0.0250000
NODE_89750_length_380_cov_1.601423	292	332	78	2	40	0.0500000
NODE_89750_length_380_cov_1.601423	292	332	85	1	40	0.0250000
NODE_89750_length_380_cov_1.601423	292	332	87	2	40	0.0500000
NODE_89750_length_380_cov_1.601423	292	332	97	1	40	0.0250000
NODE_89750_length_380_cov_1.601423	292	332	103	1	40	0.0250000
NODE_89911_length_380_cov_1.088968	312	353	0	41	41	1.0000000
NODE_89911_length_380_cov_1.088968	326	380	0	54	54	1.0000000
NODE_90152_length_379_cov_42.339286	10	90	0	80	80	1.0000000
NODE_90152_length_379_cov_42.339286	86	166	0	80	80	1.0000000
NODE_90152_length_379_cov_42.339286	139	219	0	80	80	1.0000000
NODE_90153_length_379_cov_32.075000	0	62	0	62	62	1.0000000
NODE_90165_length_379_cov_5.607143	279	338	0	59	59	1.0000000
NODE_90180_length_379_cov_4.432143	219	243	0	24	24	1.0000000
NODE_90193_length_379_cov_3.778571	271	300	0	29	29	1.0000000
NODE_90198_length_379_cov_3.585714	128	152	0	22	24	0.9166667
NODE_90198_length_379_cov_3.585714	128	152	2	2	24	0.0833333
NODE_90198_length_379_cov_3.585714	169	249	2	77	80	0.9625000
NODE_90198_length_379_cov_3.585714	169	249	4	3	80	0.0375000
NODE_90203_length_379_cov_3.375000	19	43	0	24	24	1.0000000
NODE_90247_length_379_cov_2.692857	121	201	2	80	80	1.0000000
NODE_90247_length_379_cov_2.692857	174	221	2	47	47	1.0000000
NODE_90789_length_378_cov_53.039427	147	227	0	80	80	1.0000000
NODE_90789_length_378_cov_53.039427	200	280	0	80	80	1.0000000
NODE_90789_length_378_cov_53.039427	276	356	0	80	80	1.0000000
NODE_90789_length_378_cov_53.039427	329	378	0	49	49	1.0000000
NODE_90794_length_378_cov_6.569892	223	304	0	4	81	0.0493827
NODE_90794_length_378_cov_6.569892	223	304	4	11	81	0.1358025
NODE_90794_length_378_cov_6.569892	223	304	9	1	81	0.0123457
NODE_90794_length_378_cov_6.569892	223	304	10	40	81	0.4938272
NODE_90794_length_378_cov_6.569892	223	304	12	18	81	0.2222222
NODE_90794_length_378_cov_6.569892	223	304	14	3	81	0.0370370
NODE_90794_length_378_cov_6.569892	223	304	16	3	81	0.0370370
NODE_90794_length_378_cov_6.569892	223	304	18	1	81	0.0123457
NODE_90795_length_378_cov_6.444444	217	297	0	43	80	0.5375000
NODE_90795_length_378_cov_6.444444	217	297	2	37	80	0.4625000
NODE_90795_length_378_cov_6.444444	270	350	0	20	80	0.2500000
NODE_90795_length_378_cov_6.444444	270	350	2	60	80	0.7500000
NODE_90808_length_378_cov_4.899642	135	191	0	56	56	1.0000000
NODE_90855_length_378_cov_3.236559	143	212	6	69	69	1.0000000
NODE_90859_length_378_cov_3.132616	238	280	0	42	42	1.0000000
NODE_90898_length_378_cov_2.534050	203	243	0	29	40	0.7250000
NODE_90898_length_378_cov_2.534050	203	243	1	1	40	0.0250000
NODE_90898_length_378_cov_2.534050	203	243	2	10	40	0.2500000
NODE_90898_length_378_cov_2.534050	271	347	0	76	76	1.0000000
NODE_90898_length_378_cov_2.534050	331	360	0	29	29	1.0000000
NODE_90948_length_378_cov_2.093190	179	250	0	63	71	0.8873239
NODE_90948_length_378_cov_2.093190	179	250	2	8	71	0.1126761
NODE_90948_length_378_cov_2.093190	183	219	0	36	36	1.0000000
NODE_91002_length_378_cov_1.813620	36	89	0	53	53	1.0000000
NODE_91475_length_377_cov_71.723022	19	99	0	14	80	0.1750000
NODE_91475_length_377_cov_71.723022	19	99	4	8	80	0.1000000
NODE_91475_length_377_cov_71.723022	19	99	6	9	80	0.1125000
NODE_91475_length_377_cov_71.723022	19	99	12	46	80	0.5750000
NODE_91475_length_377_cov_71.723022	19	99	14	3	80	0.0375000
NODE_91475_length_377_cov_71.723022	72	152	12	45	80	0.5625000
NODE_91475_length_377_cov_71.723022	72	152	14	18	80	0.2250000
NODE_91475_length_377_cov_71.723022	72	152	16	17	80	0.2125000
NODE_91475_length_377_cov_71.723022	148	228	10	49	80	0.6125000
NODE_91475_length_377_cov_71.723022	148	228	12	19	80	0.2375000
NODE_91475_length_377_cov_71.723022	148	228	16	3	80	0.0375000
NODE_91475_length_377_cov_71.723022	148	228	18	4	80	0.0500000
NODE_91475_length_377_cov_71.723022	148	228	20	5	80	0.0625000
NODE_91475_length_377_cov_71.723022	201	281	6	11	80	0.1375000
NODE_91475_length_377_cov_71.723022	201	281	8	30	80	0.3750000
NODE_91475_length_377_cov_71.723022	201	281	9	9	80	0.1125000
NODE_91475_length_377_cov_71.723022	201	281	10	30	80	0.3750000
NODE_91477_length_377_cov_41.787770	210	290	0	7	80	0.0875000
NODE_91477_length_377_cov_41.787770	210	290	1	1	80	0.0125000
NODE_91477_length_377_cov_41.787770	210	290	2	8	80	0.1000000
NODE_91477_length_377_cov_41.787770	210	290	6	64	80	0.8000000
NODE_91477_length_377_cov_41.787770	263	343	0	60	80	0.7500000
NODE_91477_length_377_cov_41.787770	263	343	1	1	80	0.0125000
NODE_91477_length_377_cov_41.787770	263	343	2	8	80	0.1000000
NODE_91477_length_377_cov_41.787770	263	343	6	11	80	0.1375000
NODE_91478_length_377_cov_9.982014	32	83	0	16	51	0.3137255
NODE_91478_length_377_cov_9.982014	32	83	2	12	51	0.2352941
NODE_91478_length_377_cov_9.982014	32	83	4	23	51	0.4509804
NODE_91486_length_377_cov_6.244604	101	177	2	34	76	0.4473684
NODE_91486_length_377_cov_6.244604	101	177	4	15	76	0.1973684
NODE_91486_length_377_cov_6.244604	101	177	6	27	76	0.3552631
NODE_91494_length_377_cov_5.183453	169	224	0	55	55	1.0000000
NODE_91499_length_377_cov_4.586331	186	266	0	80	80	1.0000000
NODE_91499_length_377_cov_4.586331	239	319	0	80	80	1.0000000
NODE_91500_length_377_cov_4.431655	139	216	0	77	77	1.0000000
NODE_91502_length_377_cov_4.330935	134	214	0	28	80	0.3500000
NODE_91502_length_377_cov_4.330935	134	214	1	1	80	0.0125000
NODE_91502_length_377_cov_4.330935	134	214	2	51	80	0.6375000
NODE_91502_length_377_cov_4.330935	187	267	0	80	80	1.0000000
NODE_91506_length_377_cov_4.032374	124	181	4	57	57	1.0000000
NODE_91506_length_377_cov_4.032374	154	201	2	16	47	0.3404255
NODE_91506_length_377_cov_4.032374	154	201	4	31	47	0.6595744
NODE_91526_length_377_cov_3.615108	82	140	0	58	58	1.0000000
NODE_91526_length_377_cov_3.615108	82	140	0	58	58	1.0000000
NODE_91526_length_377_cov_3.615108	113	193	0	80	80	1.0000000
NODE_91526_length_377_cov_3.615108	113	193	0	80	80	1.0000000
NODE_91526_length_377_cov_3.615108	189	258	0	69	69	1.0000000
NODE_91526_length_377_cov_3.615108	243	313	0	70	70	1.0000000
NODE_91553_length_377_cov_2.913669	38	61	0	23	23	1.0000000
NODE_91553_length_377_cov_2.913669	167	228	0	61	61	1.0000000
NODE_91619_length_377_cov_2.104317	137	188	0	1	51	0.0196078
NODE_91619_length_377_cov_2.104317	137	188	2	1	51	0.0196078
NODE_91619_length_377_cov_2.104317	137	188	4	49	51	0.9607843
NODE_91619_length_377_cov_2.104317	168	211	4	43	43	1.0000000
NODE_91619_length_377_cov_2.104317	190	241	4	22	51	0.4313726
NODE_91619_length_377_cov_2.104317	190	241	6	29	51	0.5686275
NODE_91727_length_377_cov_1.622302	123	181	4	46	58	0.7931035
NODE_91727_length_377_cov_1.622302	123	181	6	12	58	0.2068966
NODE_91727_length_377_cov_1.622302	176	234	2	18	58	0.3103448
NODE_91727_length_377_cov_1.622302	176	234	4	40	58	0.6896552
NODE_91749_length_377_cov_1.539568	230	310	0	80	80	1.0000000
NODE_91749_length_377_cov_1.539568	230	310	0	80	80	1.0000000
NODE_91749_length_377_cov_1.539568	306	377	0	71	71	1.0000000
NODE_91749_length_377_cov_1.539568	327	351	0	24	24	1.0000000
NODE_91765_length_377_cov_1.471223	118	198	6	8	80	0.1000000
NODE_91765_length_377_cov_1.471223	118	198	8	19	80	0.2375000
NODE_91765_length_377_cov_1.471223	118	198	10	15	80	0.1875000
NODE_91765_length_377_cov_1.471223	118	198	12	8	80	0.1000000
NODE_91765_length_377_cov_1.471223	118	198	14	30	80	0.3750000
NODE_91790_length_377_cov_1.456835	177	257	0	80	80	1.0000000
NODE_91790_length_377_cov_1.456835	230	310	0	80	80	1.0000000
NODE_91817_length_377_cov_1.330935	0	44	0	4	44	0.0909091
NODE_91817_length_377_cov_1.330935	0	44	2	12	44	0.2727273
NODE_91817_length_377_cov_1.330935	0	44	4	28	44	0.6363636
NODE_91817_length_377_cov_1.330935	45	117	0	11	72	0.1527778
NODE_91817_length_377_cov_1.330935	45	117	2	39	72	0.5416667
NODE_91817_length_377_cov_1.330935	45	117	4	22	72	0.3055556
NODE_92046_length_377_cov_0.762590	299	330	0	31	31	1.0000000
NODE_92166_length_376_cov_6.938628	0	63	10	2	63	0.0317460
NODE_92166_length_376_cov_6.938628	0	63	13	11	63	0.1746032
NODE_92166_length_376_cov_6.938628	0	63	15	6	63	0.0952381
NODE_92166_length_376_cov_6.938628	0	63	19	2	63	0.0317460
NODE_92166_length_376_cov_6.938628	0	63	21	1	63	0.0158730
NODE_92166_length_376_cov_6.938628	0	63	23	6	63	0.0952381
NODE_92166_length_376_cov_6.938628	0	63	29	6	63	0.0952381
NODE_92166_length_376_cov_6.938628	0	63	36	1	63	0.0158730
NODE_92166_length_376_cov_6.938628	0	63	38	2	63	0.0317460
NODE_92166_length_376_cov_6.938628	0	63	40	4	63	0.0634921
NODE_92166_length_376_cov_6.938628	0	63	41	5	63	0.0793651
NODE_92166_length_376_cov_6.938628	0	63	42	1	63	0.0158730
NODE_92166_length_376_cov_6.938628	0	63	44	1	63	0.0158730
NODE_92166_length_376_cov_6.938628	0	63	48	3	63	0.0476190
NODE_92166_length_376_cov_6.938628	0	63	50	1	63	0.0158730
NODE_92166_length_376_cov_6.938628	0	63	52	5	63	0.0793651
NODE_92166_length_376_cov_6.938628	0	63	60	1	63	0.0158730
NODE_92166_length_376_cov_6.938628	0	63	62	1	63	0.0158730
NODE_92166_length_376_cov_6.938628	0	63	64	4	63	0.0634921
NODE_92166_length_376_cov_6.938628	269	340	18	6	71	0.0845070
NODE_92166_length_376_cov_6.938628	269	340	20	9	71	0.1267606
NODE_92166_length_376_cov_6.938628	269	340	22	3	71	0.0422535
NODE_92166_length_376_cov_6.938628	269	340	24	28	71	0.3943662
NODE_92166_length_376_cov_6.938628	269	340	26	1	71	0.0140845
NODE_92166_length_376_cov_6.938628	269	340	28	16	71	0.2253521
NODE_92166_length_376_cov_6.938628	269	340	30	8	71	0.1126761
NODE_92168_length_376_cov_6.415162	177	257	12	13	80	0.1625000
NODE_92168_length_376_cov_6.415162	177	257	14	67	80	0.8375000
NODE_92168_length_376_cov_6.415162	230	310	0	34	80	0.4250000
NODE_92168_length_376_cov_6.415162	230	310	6	4	80	0.0500000
NODE_92168_length_376_cov_6.415162	230	310	10	4	80	0.0500000
NODE_92168_length_376_cov_6.415162	230	310	14	38	80	0.4750000
NODE_92173_length_376_cov_5.722022	100	171	5	2	71	0.0281690
NODE_92173_length_376_cov_5.722022	100	171	7	38	71	0.5352113
NODE_92173_length_376_cov_5.722022	100	171	9	31	71	0.4366197
NODE_92173_length_376_cov_5.722022	155	192	4	8	37	0.2162162
NODE_92173_length_376_cov_5.722022	155	192	7	6	37	0.1621622
NODE_92173_length_376_cov_5.722022	155	192	8	8	37	0.2162162
NODE_92173_length_376_cov_5.722022	155	192	9	15	37	0.4054054
NODE_92191_length_376_cov_4.148014	300	330	2	30	30	1.0000000
NODE_92196_length_376_cov_3.859206	168	236	6	39	68	0.5735294
NODE_92196_length_376_cov_3.859206	168	236	7	4	68	0.0588235
NODE_92196_length_376_cov_3.859206	168	236	8	25	68	0.3676471
NODE_92219_length_376_cov_3.140794	122	188	2	66	66	1.0000000
NODE_92442_length_376_cov_1.516245	57	106	2	1	49	0.0204082
NODE_92442_length_376_cov_1.516245	57	106	4	5	49	0.1020408
NODE_92442_length_376_cov_1.516245	57	106	6	21	49	0.4285714
NODE_92442_length_376_cov_1.516245	57	106	8	5	49	0.1020408
NODE_92442_length_376_cov_1.516245	57	106	10	17	49	0.3469388
NODE_92879_length_375_cov_4.217391	321	350	0	29	29	1.0000000
NODE_92897_length_375_cov_3.699275	287	367	0	80	80	1.0000000
NODE_92911_length_375_cov_3.376812	70	136	0	33	66	0.5000000
NODE_92911_length_375_cov_3.376812	70	136	2	33	66	0.5000000
NODE_93031_length_375_cov_2.032609	162	224	3	2	62	0.0322581
NODE_93031_length_375_cov_2.032609	162	224	6	2	62	0.0322581
NODE_93031_length_375_cov_2.032609	162	224	8	7	62	0.1129032
NODE_93031_length_375_cov_2.032609	162	224	16	51	62	0.8225806
NODE_93031_length_375_cov_2.032609	215	272	16	18	57	0.3157895
NODE_93031_length_375_cov_2.032609	215	272	18	32	57	0.5614035
NODE_93031_length_375_cov_2.032609	215	272	20	7	57	0.1228070
NODE_93050_length_375_cov_1.967391	131	190	4	2	59	0.0338983
NODE_93050_length_375_cov_1.967391	131	190	8	57	59	0.9661017
NODE_93050_length_375_cov_1.967391	184	235	0	11	51	0.2156863
NODE_93050_length_375_cov_1.967391	184	235	4	1	51	0.0196078
NODE_93050_length_375_cov_1.967391	184	235	8	39	51	0.7647059
NODE_93081_length_375_cov_1.840580	195	276	0	2	81	0.0246914
NODE_93081_length_375_cov_1.840580	195	276	2	56	81	0.6913580
NODE_93081_length_375_cov_1.840580	195	276	4	23	81	0.2839506
NODE_93386_length_375_cov_1.000000	320	375	0	55	55	1.0000000
NODE_93609_length_374_cov_4.563636	93	160	0	37	67	0.5522388
NODE_93609_length_374_cov_4.563636	93	160	1	10	67	0.1492537
NODE_93609_length_374_cov_4.563636	93	160	2	15	67	0.2238806
NODE_93609_length_374_cov_4.563636	93	160	5	5	67	0.0746269
NODE_93609_length_374_cov_4.563636	146	213	2	61	67	0.9104478
NODE_93609_length_374_cov_4.563636	146	213	4	4	67	0.0597015
NODE_93609_length_374_cov_4.563636	146	213	6	2	67	0.0298507
NODE_93612_length_374_cov_4.523636	23	101	2	78	78	1.0000000
NODE_93612_length_374_cov_4.523636	81	154	0	49	73	0.6712329
NODE_93612_length_374_cov_4.523636	81	154	2	24	73	0.3287671
NODE_93628_length_374_cov_3.810909	130	189	4	1	59	0.0169492
NODE_93628_length_374_cov_3.810909	130	189	6	1	59	0.0169492
NODE_93628_length_374_cov_3.810909	130	189	14	1	59	0.0169492
NODE_93628_length_374_cov_3.810909	130	189	16	1	59	0.0169492
NODE_93628_length_374_cov_3.810909	130	189	18	11	59	0.1864407
NODE_93628_length_374_cov_3.810909	130	189	22	8	59	0.1355932
NODE_93628_length_374_cov_3.810909	130	189	24	14	59	0.2372881
NODE_93628_length_374_cov_3.810909	130	189	28	1	59	0.0169492
NODE_93628_length_374_cov_3.810909	130	189	30	21	59	0.3559322
NODE_93628_length_374_cov_3.810909	162	242	14	6	80	0.0750000
NODE_93628_length_374_cov_3.810909	162	242	16	3	80	0.0375000
NODE_93628_length_374_cov_3.810909	162	242	20	2	80	0.0250000
NODE_93628_length_374_cov_3.810909	162	242	24	7	80	0.0875000
NODE_93628_length_374_cov_3.810909	162	242	26	9	80	0.1125000
NODE_93628_length_374_cov_3.810909	162	242	28	2	80	0.0250000
NODE_93628_length_374_cov_3.810909	162	242	30	44	80	0.5500000
NODE_93628_length_374_cov_3.810909	162	242	32	7	80	0.0875000
NODE_93630_length_374_cov_3.789091	236	271	3	9	35	0.2571429
NODE_93630_length_374_cov_3.789091	236	271	4	26	35	0.7428572
NODE_93630_length_374_cov_3.789091	238	280	2	8	42	0.1904762
NODE_93630_length_374_cov_3.789091	238	280	3	10	42	0.2380952
NODE_93630_length_374_cov_3.789091	238	280	4	24	42	0.5714286
NODE_93637_length_374_cov_3.458182	190	248	2	54	58	0.9310345
NODE_93637_length_374_cov_3.458182	190	248	4	4	58	0.0689655
NODE_93688_length_374_cov_2.600000	142	217	0	29	75	0.3866667
NODE_93688_length_374_cov_2.600000	142	217	2	46	75	0.6133333
NODE_93688_length_374_cov_2.600000	190	270	0	11	80	0.1375000
NODE_93688_length_374_cov_2.600000	190	270	2	69	80	0.8625000
NODE_93718_length_374_cov_2.330909	40	120	0	8	80	0.1000000
NODE_93718_length_374_cov_2.330909	40	120	2	72	80	0.9000000
NODE_93769_length_374_cov_2.010909	40	105	0	65	65	1.0000000
NODE_93821_length_374_cov_1.796364	254	288	6	34	34	1.0000000
NODE_93852_length_374_cov_1.661818	95	157	0	62	62	1.0000000
NODE_93859_length_374_cov_1.621818	202	254	0	52	52	1.0000000
NODE_93936_length_374_cov_1.360000	211	291	2	28	80	0.3500000
NODE_93936_length_374_cov_1.360000	211	291	6	28	80	0.3500000
NODE_93936_length_374_cov_1.360000	211	291	8	1	80	0.0125000
NODE_93936_length_374_cov_1.360000	211	291	10	2	80	0.0250000
NODE_93936_length_374_cov_1.360000	211	291	13	16	80	0.2000000
NODE_93936_length_374_cov_1.360000	211	291	14	5	80	0.0625000
NODE_93981_length_374_cov_1.236364	263	336	0	13	73	0.1780822
NODE_93981_length_374_cov_1.236364	263	336	2	60	73	0.8219178
NODE_94321_length_373_cov_31.302920	0	53	2	2	53	0.0377358
NODE_94321_length_373_cov_31.302920	0	53	8	4	53	0.0754717
NODE_94321_length_373_cov_31.302920	0	53	10	1	53	0.0188679
NODE_94321_length_373_cov_31.302920	0	53	14	20	53	0.3773585
NODE_94321_length_373_cov_31.302920	0	53	16	6	53	0.1132075
NODE_94321_length_373_cov_31.302920	0	53	18	3	53	0.0566038
NODE_94321_length_373_cov_31.302920	0	53	20	5	53	0.0943396
NODE_94321_length_373_cov_31.302920	0	53	22	10	53	0.1886792
NODE_94321_length_373_cov_31.302920	0	53	24	2	53	0.0377358
NODE_94321_length_373_cov_31.302920	0	53	2	2	53	0.0377358
NODE_94321_length_373_cov_31.302920	0	53	8	4	53	0.0754717
NODE_94321_length_373_cov_31.302920	0	53	10	1	53	0.0188679
NODE_94321_length_373_cov_31.302920	0	53	14	20	53	0.3773585
NODE_94321_length_373_cov_31.302920	0	53	16	6	53	0.1132075
NODE_94321_length_373_cov_31.302920	0	53	18	3	53	0.0566038
NODE_94321_length_373_cov_31.302920	0	53	20	5	53	0.0943396
NODE_94321_length_373_cov_31.302920	0	53	22	10	53	0.1886792
NODE_94321_length_373_cov_31.302920	0	53	24	2	53	0.0377358
NODE_94321_length_373_cov_31.302920	0	53	2	2	53	0.0377358
NODE_94321_length_373_cov_31.302920	0	53	8	4	53	0.0754717
NODE_94321_length_373_cov_31.302920	0	53	10	1	53	0.0188679
NODE_94321_length_373_cov_31.302920	0	53	14	20	53	0.3773585
NODE_94321_length_373_cov_31.302920	0	53	16	6	53	0.1132075
NODE_94321_length_373_cov_31.302920	0	53	18	3	53	0.0566038
NODE_94321_length_373_cov_31.302920	0	53	20	5	53	0.0943396
NODE_94321_length_373_cov_31.302920	0	53	22	10	53	0.1886792
NODE_94321_length_373_cov_31.302920	0	53	24	2	53	0.0377358
NODE_94321_length_373_cov_31.302920	26	106	14	1	80	0.0125000
NODE_94321_length_373_cov_31.302920	26	106	16	6	80	0.0750000
NODE_94321_length_373_cov_31.302920	26	106	18	3	80	0.0375000
NODE_94321_length_373_cov_31.302920	26	106	20	5	80	0.0625000
NODE_94321_length_373_cov_31.302920	26	106	22	10	80	0.1250000
NODE_94321_length_373_cov_31.302920	26	106	24	10	80	0.1250000
NODE_94321_length_373_cov_31.302920	26	106	26	2	80	0.0250000
NODE_94321_length_373_cov_31.302920	26	106	28	43	80	0.5375000
NODE_94340_length_373_cov_4.671533	76	142	6	47	66	0.7121212
NODE_94340_length_373_cov_4.671533	76	142	8	19	66	0.2878788
NODE_94340_length_373_cov_4.671533	115	195	2	14	80	0.1750000
NODE_94340_length_373_cov_4.671533	115	195	4	6	80	0.0750000
NODE_94340_length_373_cov_4.671533	115	195	6	31	80	0.3875000
NODE_94340_length_373_cov_4.671533	115	195	8	29	80	0.3625000
NODE_94340_length_373_cov_4.671533	115	195	2	14	80	0.1750000
NODE_94340_length_373_cov_4.671533	115	195	4	6	80	0.0750000
NODE_94340_length_373_cov_4.671533	115	195	6	31	80	0.3875000
NODE_94340_length_373_cov_4.671533	115	195	8	29	80	0.3625000
NODE_94340_length_373_cov_4.671533	288	368	0	80	80	1.0000000
NODE_94352_length_373_cov_4.080292	109	189	2	61	80	0.7625000
NODE_94352_length_373_cov_4.080292	109	189	4	19	80	0.2375000
NODE_94352_length_373_cov_4.080292	162	220	2	8	58	0.1379310
NODE_94352_length_373_cov_4.080292	162	220	4	34	58	0.5862069
NODE_94352_length_373_cov_4.080292	162	220	5	7	58	0.1206897
NODE_94352_length_373_cov_4.080292	162	220	6	1	58	0.0172414
NODE_94352_length_373_cov_4.080292	162	220	7	8	58	0.1379310
NODE_94380_length_373_cov_3.167883	131	210	0	79	79	1.0000000
NODE_94414_length_373_cov_2.751825	80	151	0	50	71	0.7042254
NODE_94414_length_373_cov_2.751825	80	151	2	21	71	0.2957746
NODE_94414_length_373_cov_2.751825	124	162	0	6	38	0.1578947
NODE_94414_length_373_cov_2.751825	124	162	2	30	38	0.7894737
NODE_94414_length_373_cov_2.751825	124	162	4	2	38	0.0526316
NODE_94493_length_373_cov_2.036496	248	326	0	53	78	0.6794872
NODE_94493_length_373_cov_2.036496	248	326	1	7	78	0.0897436
NODE_94493_length_373_cov_2.036496	248	326	3	7	78	0.0897436
NODE_94493_length_373_cov_2.036496	248	326	7	6	78	0.0769231
NODE_94493_length_373_cov_2.036496	248	326	17	5	78	0.0641026
NODE_94493_length_373_cov_2.036496	299	359	0	60	60	1.0000000
NODE_94500_length_373_cov_2.003650	150	194	0	44	44	1.0000000
NODE_94937_length_373_cov_0.759124	62	114	0	52	52	1.0000000
NODE_95051_length_372_cov_30.135531	111	191	0	80	80	1.0000000
NODE_95051_length_372_cov_30.135531	159	222	0	63	63	1.0000000
NODE_95051_length_372_cov_30.135531	164	239	0	75	75	1.0000000
NODE_95051_length_372_cov_30.135531	182	253	0	71	71	1.0000000
NODE_95051_length_372_cov_30.135531	195	275	0	80	80	1.0000000
NODE_95051_length_372_cov_30.135531	213	276	0	63	63	1.0000000
NODE_95053_length_372_cov_9.091575	150	230	0	80	80	1.0000000
NODE_95053_length_372_cov_9.091575	203	283	0	80	80	1.0000000
NODE_95063_length_372_cov_5.706960	168	208	0	40	40	1.0000000
NODE_95067_length_372_cov_5.124542	146	211	0	5	65	0.0769231
NODE_95067_length_372_cov_5.124542	146	211	2	3	65	0.0461538
NODE_95067_length_372_cov_5.124542	146	211	4	57	65	0.8769231
NODE_95067_length_372_cov_5.124542	189	264	4	22	75	0.2933333
NODE_95067_length_372_cov_5.124542	189	264	6	53	75	0.7066666
NODE_95090_length_372_cov_3.761905	177	221	0	29	44	0.6590909
NODE_95090_length_372_cov_3.761905	177	221	4	15	44	0.3409091
NODE_95109_length_372_cov_3.186813	137	218	0	81	81	1.0000000
NODE_95159_length_372_cov_2.582418	167	239	13	3	72	0.0416667
NODE_95159_length_372_cov_2.582418	167	239	17	3	72	0.0416667
NODE_95159_length_372_cov_2.582418	167	239	19	1	72	0.0138889
NODE_95159_length_372_cov_2.582418	167	239	21	1	72	0.0138889
NODE_95159_length_372_cov_2.582418	167	239	22	1	72	0.0138889
NODE_95159_length_372_cov_2.582418	167	239	25	11	72	0.1527778
NODE_95159_length_372_cov_2.582418	167	239	27	4	72	0.0555556
NODE_95159_length_372_cov_2.582418	167	239	31	34	72	0.4722222
NODE_95159_length_372_cov_2.582418	167	239	33	14	72	0.1944444
NODE_95159_length_372_cov_2.582418	212	292	5	7	80	0.0875000
NODE_95159_length_372_cov_2.582418	212	292	8	6	80	0.0750000
NODE_95159_length_372_cov_2.582418	212	292	11	1	80	0.0125000
NODE_95159_length_372_cov_2.582418	212	292	13	4	80	0.0500000
NODE_95159_length_372_cov_2.582418	212	292	15	1	80	0.0125000
NODE_95159_length_372_cov_2.582418	212	292	19	1	80	0.0125000
NODE_95159_length_372_cov_2.582418	212	292	21	2	80	0.0250000
NODE_95159_length_372_cov_2.582418	212	292	23	4	80	0.0500000
NODE_95159_length_372_cov_2.582418	212	292	24	1	80	0.0125000
NODE_95159_length_372_cov_2.582418	212	292	25	3	80	0.0375000
NODE_95159_length_372_cov_2.582418	212	292	27	6	80	0.0750000
NODE_95159_length_372_cov_2.582418	212	292	29	6	80	0.0750000
NODE_95159_length_372_cov_2.582418	212	292	31	13	80	0.1625000
NODE_95159_length_372_cov_2.582418	212	292	33	25	80	0.3125000
NODE_95183_length_372_cov_2.347985	97	141	4	44	44	1.0000000
NODE_95183_length_372_cov_2.347985	98	133	4	35	35	1.0000000
NODE_95183_length_372_cov_2.347985	178	243	2	65	65	1.0000000
NODE_95303_length_372_cov_1.699634	195	276	2	5	81	0.0617284
NODE_95303_length_372_cov_1.699634	195	276	6	9	81	0.1111111
NODE_95303_length_372_cov_1.699634	195	276	8	3	81	0.0370370
NODE_95303_length_372_cov_1.699634	195	276	10	64	81	0.7901235
NODE_95453_length_372_cov_1.223443	264	334	0	70	70	1.0000000
NODE_95784_length_371_cov_52.040441	104	184	0	74	80	0.9250000
NODE_95784_length_371_cov_52.040441	104	184	1	3	80	0.0375000
NODE_95784_length_371_cov_52.040441	104	184	3	3	80	0.0375000
NODE_95784_length_371_cov_52.040441	157	237	0	21	80	0.2625000
NODE_95784_length_371_cov_52.040441	157	237	1	3	80	0.0375000
NODE_95784_length_371_cov_52.040441	157	237	3	27	80	0.3375000
NODE_95784_length_371_cov_52.040441	157	237	4	8	80	0.1000000
NODE_95784_length_371_cov_52.040441	157	237	6	3	80	0.0375000
NODE_95784_length_371_cov_52.040441	157	237	8	3	80	0.0375000
NODE_95784_length_371_cov_52.040441	157	237	10	1	80	0.0125000
NODE_95784_length_371_cov_52.040441	157	237	12	14	80	0.1750000
NODE_95784_length_371_cov_52.040441	180	232	1	1	52	0.0192308
NODE_95784_length_371_cov_52.040441	180	232	3	27	52	0.5192308
NODE_95784_length_371_cov_52.040441	180	232	4	8	52	0.1538462
NODE_95784_length_371_cov_52.040441	180	232	6	3	52	0.0576923
NODE_95784_length_371_cov_52.040441	180	232	8	3	52	0.0576923
NODE_95784_length_371_cov_52.040441	180	232	10	1	52	0.0192308
NODE_95784_length_371_cov_52.040441	180	232	12	9	52	0.1730769
NODE_95785_length_371_cov_24.878676	91	171	2	16	80	0.2000000
NODE_95785_length_371_cov_24.878676	91	171	3	1	80	0.0125000
NODE_95785_length_371_cov_24.878676	91	171	4	1	80	0.0125000
NODE_95785_length_371_cov_24.878676	91	171	8	62	80	0.7750000
NODE_95785_length_371_cov_24.878676	144	224	0	37	80	0.4625000
NODE_95785_length_371_cov_24.878676	144	224	2	32	80	0.4000000
NODE_95785_length_371_cov_24.878676	144	224	3	1	80	0.0125000
NODE_95785_length_371_cov_24.878676	144	224	4	1	80	0.0125000
NODE_95785_length_371_cov_24.878676	144	224	8	9	80	0.1125000
NODE_95797_length_371_cov_5.738971	170	245	2	3	75	0.0400000
NODE_95797_length_371_cov_5.738971	170	245	4	1	75	0.0133333
NODE_95797_length_371_cov_5.738971	170	245	5	5	75	0.0666667
NODE_95797_length_371_cov_5.738971	170	245	8	2	75	0.0266667
NODE_95797_length_371_cov_5.738971	170	245	14	26	75	0.3466667
NODE_95797_length_371_cov_5.738971	170	245	20	6	75	0.0800000
NODE_95797_length_371_cov_5.738971	170	245	22	10	75	0.1333333
NODE_95797_length_371_cov_5.738971	170	245	24	16	75	0.2133333
NODE_95797_length_371_cov_5.738971	170	245	26	6	75	0.0800000
NODE_95797_length_371_cov_5.738971	218	298	22	5	80	0.0625000
NODE_95797_length_371_cov_5.738971	218	298	24	16	80	0.2000000
NODE_95797_length_371_cov_5.738971	218	298	26	6	80	0.0750000
NODE_95797_length_371_cov_5.738971	218	298	28	4	80	0.0500000
NODE_95797_length_371_cov_5.738971	218	298	29	4	80	0.0500000
NODE_95797_length_371_cov_5.738971	218	298	30	9	80	0.1125000
NODE_95797_length_371_cov_5.738971	218	298	31	36	80	0.4500000
NODE_95807_length_371_cov_4.452206	65	145	0	80	80	1.0000000
NODE_95807_length_371_cov_4.452206	118	198	0	80	80	1.0000000
NODE_95863_length_371_cov_2.841912	288	350	0	59	62	0.9516129
NODE_95863_length_371_cov_2.841912	288	350	3	1	62	0.0161290
NODE_95863_length_371_cov_2.841912	288	350	9	2	62	0.0322581
NODE_96013_length_371_cov_1.790441	188	235	0	47	47	1.0000000
NODE_96105_length_371_cov_1.422794	199	287	0	88	88	1.0000000
NODE_96500_length_370_cov_50.380074	144	224	0	80	80	1.0000000
NODE_96500_length_370_cov_50.380074	197	277	0	80	80	1.0000000
NODE_96504_length_370_cov_7.553506	105	162	6	17	57	0.2982456
NODE_96504_length_370_cov_7.553506	105	162	8	2	57	0.0350877
NODE_96504_length_370_cov_7.553506	105	162	10	38	57	0.6666667
NODE_96510_length_370_cov_5.811808	153	221	0	68	68	1.0000000
NODE_96510_length_370_cov_5.811808	206	286	0	80	80	1.0000000
NODE_96522_length_370_cov_4.915129	157	207	14	21	50	0.4200000
NODE_96522_length_370_cov_4.915129	157	207	16	29	50	0.5800000
NODE_96528_length_370_cov_4.535055	141	221	0	28	80	0.3500000
NODE_96528_length_370_cov_4.535055	141	221	2	52	80	0.6500000
NODE_96528_length_370_cov_4.535055	194	274	0	80	80	1.0000000
NODE_96532_length_370_cov_4.199262	230	275	6	8	45	0.1777778
NODE_96532_length_370_cov_4.199262	230	275	8	2	45	0.0444444
NODE_96532_length_370_cov_4.199262	230	275	10	30	45	0.6666667
NODE_96532_length_370_cov_4.199262	230	275	12	5	45	0.1111111
NODE_96533_length_370_cov_4.151292	142	209	4	6	67	0.0895522
NODE_96533_length_370_cov_4.151292	142	209	6	61	67	0.9104478
NODE_96542_length_370_cov_3.719557	214	251	19	1	37	0.0270270
NODE_96542_length_370_cov_3.719557	214	251	20	2	37	0.0540541
NODE_96542_length_370_cov_3.719557	214	251	22	22	37	0.5945946
NODE_96542_length_370_cov_3.719557	214	251	24	1	37	0.0270270
NODE_96542_length_370_cov_3.719557	214	251	25	5	37	0.1351351
NODE_96542_length_370_cov_3.719557	214	251	26	6	37	0.1621622
NODE_96581_length_370_cov_2.822878	126	173	0	47	47	1.0000000
NODE_96668_length_370_cov_2.081181	0	52	3	6	52	0.1153846
NODE_96668_length_370_cov_2.081181	0	52	4	1	52	0.0192308
NODE_96668_length_370_cov_2.081181	0	52	5	4	52	0.0769231
NODE_96668_length_370_cov_2.081181	0	52	7	2	52	0.0384615
NODE_96668_length_370_cov_2.081181	0	52	9	1	52	0.0192308
NODE_96668_length_370_cov_2.081181	0	52	11	1	52	0.0192308
NODE_96668_length_370_cov_2.081181	0	52	13	6	52	0.1153846
NODE_96668_length_370_cov_2.081181	0	52	15	2	52	0.0384615
NODE_96668_length_370_cov_2.081181	0	52	21	1	52	0.0192308
NODE_96668_length_370_cov_2.081181	0	52	22	5	52	0.0961538
NODE_96668_length_370_cov_2.081181	0	52	26	1	52	0.0192308
NODE_96668_length_370_cov_2.081181	0	52	29	5	52	0.0961538
NODE_96668_length_370_cov_2.081181	0	52	33	1	52	0.0192308
NODE_96668_length_370_cov_2.081181	0	52	35	6	52	0.1153846
NODE_96668_length_370_cov_2.081181	0	52	36	10	52	0.1923077
NODE_97207_length_369_cov_36.811111	273	358	0	19	85	0.2235294
NODE_97207_length_369_cov_36.811111	273	358	4	66	85	0.7764706
NODE_97207_length_369_cov_36.811111	273	358	0	19	85	0.2235294
NODE_97207_length_369_cov_36.811111	273	358	4	66	85	0.7764706
NODE_97207_length_369_cov_36.811111	273	358	0	19	85	0.2235294
NODE_97207_length_369_cov_36.811111	273	358	4	66	85	0.7764706
NODE_97211_length_369_cov_8.751852	107	187	6	16	80	0.2000000
NODE_97211_length_369_cov_8.751852	107	187	8	41	80	0.5125000
NODE_97211_length_369_cov_8.751852	107	187	10	12	80	0.1500000
NODE_97211_length_369_cov_8.751852	107	187	12	11	80	0.1375000
NODE_97226_length_369_cov_6.677778	189	269	0	14	80	0.1750000
NODE_97226_length_369_cov_6.677778	189	269	2	66	80	0.8250000
NODE_97226_length_369_cov_6.677778	242	323	0	45	81	0.5555556
NODE_97226_length_369_cov_6.677778	242	323	2	36	81	0.4444444
NODE_97236_length_369_cov_5.337037	199	264	4	65	65	1.0000000
NODE_97249_length_369_cov_4.459259	89	157	0	68	68	1.0000000
NODE_97249_length_369_cov_4.459259	130	210	0	80	80	1.0000000
NODE_97255_length_369_cov_4.111111	216	279	6	16	63	0.2539683
NODE_97255_length_369_cov_4.111111	216	279	8	5	63	0.0793651
NODE_97255_length_369_cov_4.111111	216	279	9	6	63	0.0952381
NODE_97255_length_369_cov_4.111111	216	279	10	36	63	0.5714286
NODE_97265_length_369_cov_3.837037	205	238	0	33	33	1.0000000
NODE_97265_length_369_cov_3.837037	211	291	0	80	80	1.0000000
NODE_97265_length_369_cov_3.837037	287	316	0	29	29	1.0000000
NODE_97346_length_369_cov_2.355556	62	142	0	13	80	0.1625000
NODE_97346_length_369_cov_2.355556	62	142	4	59	80	0.7375000
NODE_97346_length_369_cov_2.355556	62	142	6	8	80	0.1000000
NODE_97346_length_369_cov_2.355556	114	195	2	13	81	0.1604938
NODE_97346_length_369_cov_2.355556	114	195	4	20	81	0.2469136
NODE_97346_length_369_cov_2.355556	114	195	5	1	81	0.0123457
NODE_97346_length_369_cov_2.355556	114	195	6	47	81	0.5802469
NODE_97440_length_369_cov_1.803704	170	235	0	65	65	1.0000000
NODE_97936_length_368_cov_42.208178	231	311	2	24	80	0.3000000
NODE_97936_length_368_cov_42.208178	231	311	4	15	80	0.1875000
NODE_97936_length_368_cov_42.208178	231	311	6	41	80	0.5125000
NODE_97936_length_368_cov_42.208178	284	364	0	7	80	0.0875000
NODE_97936_length_368_cov_42.208178	284	364	4	61	80	0.7625000
NODE_97936_length_368_cov_42.208178	284	364	6	12	80	0.1500000
NODE_97939_length_368_cov_11.988848	47	127	0	80	80	1.0000000
NODE_97939_length_368_cov_11.988848	100	180	0	80	80	1.0000000
NODE_97945_length_368_cov_6.267658	133	213	0	80	80	1.0000000
NODE_97945_length_368_cov_6.267658	186	266	0	80	80	1.0000000
NODE_97997_length_368_cov_3.486989	127	207	2	31	80	0.3875000
NODE_97997_length_368_cov_3.486989	127	207	4	28	80	0.3500000
NODE_97997_length_368_cov_3.486989	127	207	6	21	80	0.2625000
NODE_98008_length_368_cov_3.282528	182	255	0	39	73	0.5342466
NODE_98008_length_368_cov_3.282528	182	255	2	15	73	0.2054795
NODE_98008_length_368_cov_3.282528	182	255	3	11	73	0.1506849
NODE_98008_length_368_cov_3.282528	182	255	5	7	73	0.0958904
NODE_98008_length_368_cov_3.282528	182	255	6	1	73	0.0136986
NODE_98058_length_368_cov_2.605948	192	246	0	10	54	0.1851852
NODE_98058_length_368_cov_2.605948	192	246	2	44	54	0.8148148
NODE_98123_length_368_cov_2.182156	85	145	0	60	60	1.0000000
NODE_98129_length_368_cov_2.137546	66	107	13	2	41	0.0487805
NODE_98129_length_368_cov_2.137546	66	107	15	3	41	0.0731707
NODE_98129_length_368_cov_2.137546	66	107	17	20	41	0.4878049
NODE_98129_length_368_cov_2.137546	66	107	21	4	41	0.0975610
NODE_98129_length_368_cov_2.137546	66	107	26	1	41	0.0243902
NODE_98129_length_368_cov_2.137546	66	107	27	11	41	0.2682927
NODE_98157_length_368_cov_1.944238	192	272	2	15	80	0.1875000
NODE_98157_length_368_cov_1.944238	192	272	4	65	80	0.8125000
NODE_98723_length_367_cov_7.156716	174	254	0	80	80	1.0000000
NODE_98723_length_367_cov_7.156716	227	307	0	80	80	1.0000000
NODE_98734_length_367_cov_5.313433	148	206	0	7	58	0.1206897
NODE_98734_length_367_cov_5.313433	148	206	6	26	58	0.4482759
NODE_98734_length_367_cov_5.313433	148	206	8	3	58	0.0517241
NODE_98734_length_367_cov_5.313433	148	206	10	3	58	0.0517241
NODE_98734_length_367_cov_5.313433	148	206	12	11	58	0.1896552
NODE_98734_length_367_cov_5.313433	148	206	14	8	58	0.1379310
NODE_98737_length_367_cov_5.138060	58	138	0	80	80	1.0000000
NODE_98737_length_367_cov_5.138060	111	191	0	80	80	1.0000000
NODE_98796_length_367_cov_3.059701	110	154	0	44	44	1.0000000
NODE_98796_length_367_cov_3.059701	111	146	0	35	35	1.0000000
NODE_98843_length_367_cov_2.384328	246	326	4	12	80	0.1500000
NODE_98843_length_367_cov_2.384328	246	326	6	27	80	0.3375000
NODE_98843_length_367_cov_2.384328	246	326	8	41	80	0.5125000
NODE_98843_length_367_cov_2.384328	299	367	0	1	68	0.0147059
NODE_98843_length_367_cov_2.384328	299	367	2	4	68	0.0588235
NODE_98843_length_367_cov_2.384328	299	367	3	4	68	0.0588235
NODE_98843_length_367_cov_2.384328	299	367	4	3	68	0.0441176
NODE_98843_length_367_cov_2.384328	299	367	6	1	68	0.0147059
NODE_98843_length_367_cov_2.384328	299	367	8	55	68	0.8088235
NODE_98849_length_367_cov_2.332090	127	207	6	15	80	0.1875000
NODE_98849_length_367_cov_2.332090	127	207	8	65	80	0.8125000
NODE_98909_length_367_cov_1.944030	91	156	0	35	65	0.5384616
NODE_98909_length_367_cov_1.944030	91	156	4	30	65	0.4615385
NODE_98980_length_367_cov_1.679104	173	252	2	19	79	0.2405063
NODE_98980_length_367_cov_1.679104	173	252	4	18	79	0.2278481
NODE_98980_length_367_cov_1.679104	173	252	6	26	79	0.3291139
NODE_98980_length_367_cov_1.679104	173	252	8	16	79	0.2025317
NODE_99005_length_367_cov_1.552239	148	200	2	52	52	1.0000000
NODE_99138_length_367_cov_1.201493	79	159	0	80	80	1.0000000
NODE_99138_length_367_cov_1.201493	136	179	0	37	43	0.8604651
NODE_99138_length_367_cov_1.201493	136	179	2	6	43	0.1395349
NODE_99318_length_367_cov_0.761194	288	357	0	69	69	1.0000000
NODE_99451_length_366_cov_5.239700	193	253	2	60	60	1.0000000
NODE_99472_length_366_cov_4.168539	302	355	0	53	53	1.0000000
NODE_99478_length_366_cov_3.913858	183	229	2	46	46	1.0000000
NODE_99478_length_366_cov_3.913858	203	282	0	11	79	0.1392405
NODE_99478_length_366_cov_3.913858	203	282	2	68	79	0.8607595
NODE_99496_length_366_cov_3.168539	88	160	0	35	72	0.4861111
NODE_99496_length_366_cov_3.168539	88	160	2	35	72	0.4861111
NODE_99496_length_366_cov_3.168539	88	160	4	2	72	0.0277778
NODE_99496_length_366_cov_3.168539	133	193	2	25	60	0.4166667
NODE_99496_length_366_cov_3.168539	133	193	4	35	60	0.5833333
NODE_100137_length_365_cov_140.101504	40	107	132	1	67	0.0149254
NODE_100137_length_365_cov_140.101504	40	107	134	1	67	0.0149254
NODE_100137_length_365_cov_140.101504	40	107	148	2	67	0.0298507
NODE_100137_length_365_cov_140.101504	40	107	150	3	67	0.0447761
NODE_100137_length_365_cov_140.101504	40	107	162	2	67	0.0298507
NODE_100137_length_365_cov_140.101504	40	107	166	1	67	0.0149254
NODE_100137_length_365_cov_140.101504	40	107	168	1	67	0.0149254
NODE_100137_length_365_cov_140.101504	40	107	174	2	67	0.0298507
NODE_100137_length_365_cov_140.101504	40	107	180	1	67	0.0149254
NODE_100137_length_365_cov_140.101504	40	107	191	2	67	0.0298507
NODE_100137_length_365_cov_140.101504	40	107	197	1	67	0.0149254
NODE_100137_length_365_cov_140.101504	40	107	201	2	67	0.0298507
NODE_100137_length_365_cov_140.101504	40	107	203	1	67	0.0149254
NODE_100137_length_365_cov_140.101504	40	107	209	1	67	0.0149254
NODE_100137_length_365_cov_140.101504	40	107	213	4	67	0.0597015
NODE_100137_length_365_cov_140.101504	40	107	215	1	67	0.0149254
NODE_100137_length_365_cov_140.101504	40	107	221	3	67	0.0447761
NODE_100137_length_365_cov_140.101504	40	107	233	1	67	0.0149254
NODE_100137_length_365_cov_140.101504	40	107	239	3	67	0.0447761
NODE_100137_length_365_cov_140.101504	40	107	241	4	67	0.0597015
NODE_100137_length_365_cov_140.101504	40	107	243	1	67	0.0149254
NODE_100137_length_365_cov_140.101504	40	107	245	2	67	0.0298507
NODE_100137_length_365_cov_140.101504	40	107	247	2	67	0.0298507
NODE_100137_length_365_cov_140.101504	40	107	249	1	67	0.0149254
NODE_100137_length_365_cov_140.101504	40	107	251	2	67	0.0298507
NODE_100137_length_365_cov_140.101504	40	107	253	3	67	0.0447761
NODE_100137_length_365_cov_140.101504	40	107	255	2	67	0.0298507
NODE_100137_length_365_cov_140.101504	40	107	257	1	67	0.0149254
NODE_100137_length_365_cov_140.101504	40	107	259	16	67	0.2388060
NODE_100138_length_365_cov_45.815789	0	38	0	38	38	1.0000000
NODE_100138_length_365_cov_45.815789	11	91	0	80	80	1.0000000
NODE_100140_length_365_cov_8.169173	191	244	12	2	53	0.0377358
NODE_100140_length_365_cov_8.169173	191	244	14	21	53	0.3962264
NODE_100140_length_365_cov_8.169173	191	244	16	16	53	0.3018868
NODE_100140_length_365_cov_8.169173	191	244	18	14	53	0.2641509
NODE_100140_length_365_cov_8.169173	217	297	4	18	80	0.2250000
NODE_100140_length_365_cov_8.169173	217	297	8	3	80	0.0375000
NODE_100140_length_365_cov_8.169173	217	297	14	14	80	0.1750000
NODE_100140_length_365_cov_8.169173	217	297	16	31	80	0.3875000
NODE_100140_length_365_cov_8.169173	217	297	18	14	80	0.1750000
NODE_100145_length_365_cov_5.954887	136	216	2	3	80	0.0375000
NODE_100145_length_365_cov_5.954887	136	216	4	77	80	0.9625000
NODE_100145_length_365_cov_5.954887	189	269	0	10	80	0.1250000
NODE_100145_length_365_cov_5.954887	189	269	2	33	80	0.4125000
NODE_100145_length_365_cov_5.954887	189	269	4	37	80	0.4625000
NODE_100147_length_365_cov_5.721805	37	78	0	41	41	1.0000000
NODE_100168_length_365_cov_4.195489	269	329	12	14	60	0.2333333
NODE_100168_length_365_cov_4.195489	269	329	14	34	60	0.5666667
NODE_100168_length_365_cov_4.195489	269	329	16	12	60	0.2000000
NODE_100172_length_365_cov_4.071429	106	186	0	80	80	1.0000000
NODE_100172_length_365_cov_4.071429	159	239	0	80	80	1.0000000
NODE_100180_length_365_cov_3.879699	131	187	29	3	56	0.0535714
NODE_100180_length_365_cov_3.879699	131	187	30	6	56	0.1071429
NODE_100180_length_365_cov_3.879699	131	187	31	15	56	0.2678571
NODE_100180_length_365_cov_3.879699	131	187	34	12	56	0.2142857
NODE_100180_length_365_cov_3.879699	131	187	36	20	56	0.3571429
NODE_100206_length_365_cov_3.270677	211	280	5	50	69	0.7246377
NODE_100206_length_365_cov_3.270677	211	280	7	19	69	0.2753623
NODE_100253_length_365_cov_2.601504	189	265	0	12	76	0.1578947
NODE_100253_length_365_cov_2.601504	189	265	2	4	76	0.0526316
NODE_100253_length_365_cov_2.601504	189	265	4	60	76	0.7894737
NODE_100293_length_365_cov_2.289474	169	249	0	32	80	0.4000000
NODE_100293_length_365_cov_2.289474	169	249	2	42	80	0.5250000
NODE_100293_length_365_cov_2.289474	169	249	4	6	80	0.0750000
NODE_100407_length_365_cov_1.635338	156	235	0	16	79	0.2025317
NODE_100407_length_365_cov_1.635338	156	235	2	4	79	0.0506329
NODE_100407_length_365_cov_1.635338	156	235	4	5	79	0.0632911
NODE_100407_length_365_cov_1.635338	156	235	6	5	79	0.0632911
NODE_100407_length_365_cov_1.635338	156	235	8	1	79	0.0126582
NODE_100407_length_365_cov_1.635338	156	235	10	2	79	0.0253165
NODE_100407_length_365_cov_1.635338	156	235	12	17	79	0.2151899
NODE_100407_length_365_cov_1.635338	156	235	14	28	79	0.3544304
NODE_100407_length_365_cov_1.635338	156	235	16	1	79	0.0126582
NODE_100485_length_365_cov_1.421053	228	309	0	81	81	1.0000000
NODE_100570_length_365_cov_1.169173	57	137	0	53	80	0.6625000
NODE_100570_length_365_cov_1.169173	57	137	2	27	80	0.3375000
NODE_100570_length_365_cov_1.169173	65	145	0	45	80	0.5625000
NODE_100570_length_365_cov_1.169173	65	145	2	35	80	0.4375000
NODE_100570_length_365_cov_1.169173	194	274	10	34	80	0.4250000
NODE_100570_length_365_cov_1.169173	194	274	12	31	80	0.3875000
NODE_100570_length_365_cov_1.169173	194	274	14	15	80	0.1875000
NODE_100893_length_364_cov_24.600000	101	181	0	80	80	1.0000000
NODE_100893_length_364_cov_24.600000	154	234	0	80	80	1.0000000
NODE_100896_length_364_cov_7.377358	0	50	0	50	50	1.0000000
NODE_100933_length_364_cov_3.988679	122	168	0	20	46	0.4347826
NODE_100933_length_364_cov_3.988679	122	168	2	26	46	0.5652174
NODE_100935_length_364_cov_3.913208	151	208	0	29	57	0.5087720
NODE_100935_length_364_cov_3.913208	151	208	4	8	57	0.1403509
NODE_100935_length_364_cov_3.913208	151	208	8	5	57	0.0877193
NODE_100935_length_364_cov_3.913208	151	208	10	1	57	0.0175439
NODE_100935_length_364_cov_3.913208	151	208	11	14	57	0.2456140
NODE_100959_length_364_cov_3.305660	296	358	0	62	62	1.0000000
NODE_100966_length_364_cov_3.181132	78	138	2	60	60	1.0000000
NODE_100975_length_364_cov_3.041509	264	321	0	57	57	1.0000000
NODE_100975_length_364_cov_3.041509	294	359	0	65	65	1.0000000
NODE_100978_length_364_cov_3.015094	238	274	0	32	36	0.8888889
NODE_100978_length_364_cov_3.015094	238	274	2	4	36	0.1111111
NODE_101087_length_364_cov_1.977358	126	201	0	52	75	0.6933333
NODE_101087_length_364_cov_1.977358	126	201	4	10	75	0.1333333
NODE_101087_length_364_cov_1.977358	126	201	6	13	75	0.1733333
NODE_101141_length_364_cov_1.811321	209	256	0	47	47	1.0000000
NODE_101148_length_364_cov_1.781132	130	203	0	47	73	0.6438356
NODE_101148_length_364_cov_1.781132	130	203	2	11	73	0.1506849
NODE_101148_length_364_cov_1.781132	130	203	4	1	73	0.0136986
NODE_101148_length_364_cov_1.781132	130	203	6	5	73	0.0684932
NODE_101148_length_364_cov_1.781132	130	203	8	9	73	0.1232877
NODE_101148_length_364_cov_1.781132	183	203	0	20	20	1.0000000
NODE_101720_length_363_cov_7.791667	121	200	0	31	79	0.3924051
NODE_101720_length_363_cov_7.791667	121	200	2	3	79	0.0379747
NODE_101720_length_363_cov_7.791667	121	200	4	23	79	0.2911392
NODE_101720_length_363_cov_7.791667	121	200	6	11	79	0.1392405
NODE_101720_length_363_cov_7.791667	121	200	12	8	79	0.1012658
NODE_101720_length_363_cov_7.791667	121	200	14	3	79	0.0379747
NODE_101725_length_363_cov_6.484848	33	90	8	15	57	0.2631579
NODE_101725_length_363_cov_6.484848	33	90	10	7	57	0.1228070
NODE_101725_length_363_cov_6.484848	33	90	15	1	57	0.0175439
NODE_101725_length_363_cov_6.484848	33	90	16	34	57	0.5964912
NODE_101725_length_363_cov_6.484848	93	146	10	24	53	0.4528302
NODE_101725_length_363_cov_6.484848	93	146	12	6	53	0.1132075
NODE_101725_length_363_cov_6.484848	93	146	14	6	53	0.1132075
NODE_101725_length_363_cov_6.484848	93	146	16	17	53	0.3207547
NODE_101734_length_363_cov_4.825758	154	215	2	61	61	1.0000000
NODE_101760_length_363_cov_3.950758	112	183	16	13	71	0.1830986
NODE_101760_length_363_cov_3.950758	112	183	18	57	71	0.8028169
NODE_101760_length_363_cov_3.950758	112	183	20	1	71	0.0140845
NODE_101760_length_363_cov_3.950758	156	236	14	17	80	0.2125000
NODE_101760_length_363_cov_3.950758	156	236	16	49	80	0.6125000
NODE_101760_length_363_cov_3.950758	156	236	18	14	80	0.1750000
NODE_101769_length_363_cov_3.617424	16	79	0	4	63	0.0634921
NODE_101769_length_363_cov_3.617424	16	79	1	14	63	0.2222222
NODE_101769_length_363_cov_3.617424	16	79	2	45	63	0.7142857
NODE_101774_length_363_cov_3.409091	241	267	0	26	26	1.0000000
NODE_101791_length_363_cov_3.087121	228	308	16	7	80	0.0875000
NODE_101791_length_363_cov_3.087121	228	308	18	11	80	0.1375000
NODE_101791_length_363_cov_3.087121	228	308	20	27	80	0.3375000
NODE_101791_length_363_cov_3.087121	228	308	21	32	80	0.4000000
NODE_101791_length_363_cov_3.087121	228	308	22	3	80	0.0375000
NODE_101809_length_363_cov_2.795455	240	320	13	4	80	0.0500000
NODE_101809_length_363_cov_2.795455	240	320	15	1	80	0.0125000
NODE_101809_length_363_cov_2.795455	240	320	19	3	80	0.0375000
NODE_101809_length_363_cov_2.795455	240	320	20	1	80	0.0125000
NODE_101809_length_363_cov_2.795455	240	320	22	1	80	0.0125000
NODE_101809_length_363_cov_2.795455	240	320	26	1	80	0.0125000
NODE_101809_length_363_cov_2.795455	240	320	28	1	80	0.0125000
NODE_101809_length_363_cov_2.795455	240	320	30	2	80	0.0250000
NODE_101809_length_363_cov_2.795455	240	320	40	1	80	0.0125000
NODE_101809_length_363_cov_2.795455	240	320	43	2	80	0.0250000
NODE_101809_length_363_cov_2.795455	240	320	47	1	80	0.0125000
NODE_101809_length_363_cov_2.795455	240	320	50	4	80	0.0500000
NODE_101809_length_363_cov_2.795455	240	320	54	1	80	0.0125000
NODE_101809_length_363_cov_2.795455	240	320	56	2	80	0.0250000
NODE_101809_length_363_cov_2.795455	240	320	58	3	80	0.0375000
NODE_101809_length_363_cov_2.795455	240	320	60	6	80	0.0750000
NODE_101809_length_363_cov_2.795455	240	320	62	3	80	0.0375000
NODE_101809_length_363_cov_2.795455	240	320	64	1	80	0.0125000
NODE_101809_length_363_cov_2.795455	240	320	66	2	80	0.0250000
NODE_101809_length_363_cov_2.795455	240	320	69	1	80	0.0125000
NODE_101809_length_363_cov_2.795455	240	320	71	1	80	0.0125000
NODE_101809_length_363_cov_2.795455	240	320	72	1	80	0.0125000
NODE_101809_length_363_cov_2.795455	240	320	74	3	80	0.0375000
NODE_101809_length_363_cov_2.795455	240	320	76	13	80	0.1625000
NODE_101809_length_363_cov_2.795455	240	320	78	7	80	0.0875000
NODE_101809_length_363_cov_2.795455	240	320	80	6	80	0.0750000
NODE_101809_length_363_cov_2.795455	240	320	81	1	80	0.0125000
NODE_101809_length_363_cov_2.795455	240	320	83	2	80	0.0250000
NODE_101809_length_363_cov_2.795455	240	320	84	1	80	0.0125000
NODE_101809_length_363_cov_2.795455	240	320	86	4	80	0.0500000
NODE_101822_length_363_cov_2.481061	86	166	0	57	80	0.7125000
NODE_101822_length_363_cov_2.481061	86	166	2	2	80	0.0250000
NODE_101822_length_363_cov_2.481061	86	166	4	21	80	0.2625000
NODE_101822_length_363_cov_2.481061	139	219	0	80	80	1.0000000
NODE_101879_length_363_cov_2.034091	46	126	0	80	80	1.0000000
NODE_101879_length_363_cov_2.034091	99	153	0	54	54	1.0000000
NODE_101992_length_363_cov_1.541667	235	315	2	15	80	0.1875000
NODE_101992_length_363_cov_1.541667	235	315	6	65	80	0.8125000
NODE_102022_length_363_cov_1.477273	141	202	2	5	61	0.0819672
NODE_102022_length_363_cov_1.477273	141	202	4	1	61	0.0163934
NODE_102022_length_363_cov_1.477273	141	202	10	2	61	0.0327869
NODE_102022_length_363_cov_1.477273	141	202	12	5	61	0.0819672
NODE_102022_length_363_cov_1.477273	141	202	14	6	61	0.0983607
NODE_102022_length_363_cov_1.477273	141	202	16	6	61	0.0983607
NODE_102022_length_363_cov_1.477273	141	202	18	13	61	0.2131148
NODE_102022_length_363_cov_1.477273	141	202	20	1	61	0.0163934
NODE_102022_length_363_cov_1.477273	141	202	22	22	61	0.3606557
NODE_102022_length_363_cov_1.477273	153	210	12	1	57	0.0175439
NODE_102022_length_363_cov_1.477273	153	210	14	6	57	0.1052632
NODE_102022_length_363_cov_1.477273	153	210	16	6	57	0.1052632
NODE_102022_length_363_cov_1.477273	153	210	18	13	57	0.2280702
NODE_102022_length_363_cov_1.477273	153	210	20	1	57	0.0175439
NODE_102022_length_363_cov_1.477273	153	210	22	30	57	0.5263158
NODE_102187_length_363_cov_1.113636	245	316	2	4	71	0.0563380
NODE_102187_length_363_cov_1.113636	245	316	4	27	71	0.3802817
NODE_102187_length_363_cov_1.113636	245	316	6	40	71	0.5633803
NODE_102464_length_362_cov_54.927757	52	116	0	64	64	1.0000000
NODE_102465_length_362_cov_29.273764	86	166	0	12	80	0.1500000
NODE_102465_length_362_cov_29.273764	86	166	2	2	80	0.0250000
NODE_102465_length_362_cov_29.273764	86	166	3	20	80	0.2500000
NODE_102465_length_362_cov_29.273764	86	166	4	46	80	0.5750000
NODE_102465_length_362_cov_29.273764	139	219	0	65	80	0.8125000
NODE_102465_length_362_cov_29.273764	139	219	2	2	80	0.0250000
NODE_102465_length_362_cov_29.273764	139	219	3	13	80	0.1625000
NODE_102467_length_362_cov_14.847909	130	210	0	80	80	1.0000000
NODE_102467_length_362_cov_14.847909	183	263	0	80	80	1.0000000
NODE_102633_length_362_cov_2.159696	133	216	0	83	83	1.0000000
NODE_103259_length_361_cov_4.641221	249	312	0	63	63	1.0000000
NODE_103280_length_361_cov_3.717557	185	265	2	3	80	0.0375000
NODE_103280_length_361_cov_3.717557	185	265	4	29	80	0.3625000
NODE_103280_length_361_cov_3.717557	185	265	6	48	80	0.6000000
NODE_103280_length_361_cov_3.717557	238	265	4	16	27	0.5925926
NODE_103280_length_361_cov_3.717557	238	265	6	11	27	0.4074074
NODE_103314_length_361_cov_2.988550	121	201	2	2	80	0.0250000
NODE_103314_length_361_cov_2.988550	121	201	4	4	80	0.0500000
NODE_103314_length_361_cov_2.988550	121	201	6	9	80	0.1125000
NODE_103314_length_361_cov_2.988550	121	201	8	7	80	0.0875000
NODE_103314_length_361_cov_2.988550	121	201	10	51	80	0.6375000
NODE_103314_length_361_cov_2.988550	121	201	12	7	80	0.0875000
NODE_103314_length_361_cov_2.988550	174	216	6	4	42	0.0952381
NODE_103314_length_361_cov_2.988550	174	216	8	2	42	0.0476190
NODE_103314_length_361_cov_2.988550	174	216	10	26	42	0.6190476
NODE_103314_length_361_cov_2.988550	174	216	12	10	42	0.2380952
NODE_103338_length_361_cov_2.641221	4	33	6	29	29	1.0000000
NODE_103338_length_361_cov_2.641221	101	182	0	8	81	0.0987654
NODE_103338_length_361_cov_2.641221	101	182	1	1	81	0.0123457
NODE_103338_length_361_cov_2.641221	101	182	2	72	81	0.8888889
NODE_103391_length_361_cov_2.137405	138	194	0	56	56	1.0000000
NODE_103396_length_361_cov_2.106870	192	256	0	64	64	1.0000000
NODE_103418_length_361_cov_1.969466	137	198	4	61	61	1.0000000
NODE_103632_length_361_cov_1.343511	171	250	0	79	79	1.0000000
NODE_103802_length_361_cov_1.000000	60	123	0	63	63	1.0000000
NODE_104057_length_360_cov_8.191571	171	242	0	2	71	0.0281690
NODE_104057_length_360_cov_8.191571	171	242	2	20	71	0.2816902
NODE_104057_length_360_cov_8.191571	171	242	4	4	71	0.0563380
NODE_104057_length_360_cov_8.191571	171	242	6	9	71	0.1267606
NODE_104057_length_360_cov_8.191571	171	242	8	36	71	0.5070422
NODE_104057_length_360_cov_8.191571	176	242	2	17	66	0.2575758
NODE_104057_length_360_cov_8.191571	176	242	4	4	66	0.0606061
NODE_104057_length_360_cov_8.191571	176	242	6	9	66	0.1363636
NODE_104057_length_360_cov_8.191571	176	242	8	36	66	0.5454546
NODE_104057_length_360_cov_8.191571	215	279	6	1	64	0.0156250
NODE_104057_length_360_cov_8.191571	215	279	8	63	64	0.9843750
NODE_104057_length_360_cov_8.191571	215	279	6	1	64	0.0156250
NODE_104057_length_360_cov_8.191571	215	279	8	63	64	0.9843750
NODE_104079_length_360_cov_5.003831	86	166	5	11	80	0.1375000
NODE_104079_length_360_cov_5.003831	86	166	9	1	80	0.0125000
NODE_104079_length_360_cov_5.003831	86	166	10	68	80	0.8500000
NODE_104091_length_360_cov_4.111111	158	238	75	1	80	0.0125000
NODE_104091_length_360_cov_4.111111	158	238	78	1	80	0.0125000
NODE_104091_length_360_cov_4.111111	158	238	80	1	80	0.0125000
NODE_104091_length_360_cov_4.111111	158	238	82	4	80	0.0500000
NODE_104091_length_360_cov_4.111111	158	238	84	3	80	0.0375000
NODE_104091_length_360_cov_4.111111	158	238	88	2	80	0.0250000
NODE_104091_length_360_cov_4.111111	158	238	92	2	80	0.0250000
NODE_104091_length_360_cov_4.111111	158	238	93	1	80	0.0125000
NODE_104091_length_360_cov_4.111111	158	238	95	2	80	0.0250000
NODE_104091_length_360_cov_4.111111	158	238	97	3	80	0.0375000
NODE_104091_length_360_cov_4.111111	158	238	98	2	80	0.0250000
NODE_104091_length_360_cov_4.111111	158	238	99	2	80	0.0250000
NODE_104091_length_360_cov_4.111111	158	238	101	1	80	0.0125000
NODE_104091_length_360_cov_4.111111	158	238	102	2	80	0.0250000
NODE_104091_length_360_cov_4.111111	158	238	103	7	80	0.0875000
NODE_104091_length_360_cov_4.111111	158	238	104	9	80	0.1125000
NODE_104091_length_360_cov_4.111111	158	238	105	1	80	0.0125000
NODE_104091_length_360_cov_4.111111	158	238	106	22	80	0.2750000
NODE_104091_length_360_cov_4.111111	158	238	108	7	80	0.0875000
NODE_104091_length_360_cov_4.111111	158	238	110	3	80	0.0375000
NODE_104091_length_360_cov_4.111111	158	238	112	4	80	0.0500000
NODE_104102_length_360_cov_3.613027	123	203	0	73	80	0.9125000
NODE_104102_length_360_cov_3.613027	123	203	2	3	80	0.0375000
NODE_104102_length_360_cov_3.613027	123	203	4	4	80	0.0500000
NODE_104102_length_360_cov_3.613027	176	256	0	80	80	1.0000000
NODE_104129_length_360_cov_3.080460	48	70	0	22	22	1.0000000
NODE_104162_length_360_cov_2.689655	118	198	14	5	80	0.0625000
NODE_104162_length_360_cov_2.689655	118	198	16	7	80	0.0875000
NODE_104162_length_360_cov_2.689655	118	198	18	68	80	0.8500000
NODE_104261_length_360_cov_1.977011	235	286	4	13	51	0.2549020
NODE_104261_length_360_cov_1.977011	235	286	6	38	51	0.7450981
NODE_104572_length_360_cov_1.149425	273	353	0	20	80	0.2500000
NODE_104572_length_360_cov_1.149425	273	353	2	60	80	0.7500000
NODE_104669_length_360_cov_0.965517	119	175	0	37	56	0.6607143
NODE_104669_length_360_cov_0.965517	119	175	2	19	56	0.3392857
NODE_104671_length_360_cov_0.957854	140	186	0	46	46	1.0000000
NODE_104858_length_359_cov_45.519231	140	220	0	80	80	1.0000000
NODE_104858_length_359_cov_45.519231	193	273	0	80	80	1.0000000
NODE_104932_length_359_cov_3.296154	67	147	2	15	80	0.1875000
NODE_104932_length_359_cov_3.296154	67	147	4	18	80	0.2250000
NODE_104932_length_359_cov_3.296154	67	147	6	3	80	0.0375000
NODE_104932_length_359_cov_3.296154	67	147	10	28	80	0.3500000
NODE_104932_length_359_cov_3.296154	67	147	12	1	80	0.0125000
NODE_104932_length_359_cov_3.296154	67	147	14	7	80	0.0875000
NODE_104932_length_359_cov_3.296154	67	147	16	8	80	0.1000000
NODE_104932_length_359_cov_3.296154	120	177	10	11	57	0.1929825
NODE_104932_length_359_cov_3.296154	120	177	12	1	57	0.0175439
NODE_104932_length_359_cov_3.296154	120	177	14	7	57	0.1228070
NODE_104932_length_359_cov_3.296154	120	177	16	38	57	0.6666667
NODE_104932_length_359_cov_3.296154	201	256	0	14	55	0.2545455
NODE_104932_length_359_cov_3.296154	201	256	4	23	55	0.4181818
NODE_104932_length_359_cov_3.296154	201	256	6	5	55	0.0909091
NODE_104932_length_359_cov_3.296154	201	256	8	5	55	0.0909091
NODE_104932_length_359_cov_3.296154	201	256	10	2	55	0.0363636
NODE_104932_length_359_cov_3.296154	201	256	12	3	55	0.0545455
NODE_104932_length_359_cov_3.296154	201	256	14	3	55	0.0545455
NODE_104936_length_359_cov_3.276923	5	95	0	41	90	0.4555556
NODE_104936_length_359_cov_3.276923	5	95	2	49	90	0.5444444
NODE_104954_length_359_cov_3.007692	156	212	8	12	56	0.2142857
NODE_104954_length_359_cov_3.007692	156	212	10	42	56	0.7500000
NODE_104954_length_359_cov_3.007692	156	212	12	2	56	0.0357143
NODE_104998_length_359_cov_2.523077	148	228	0	27	80	0.3375000
NODE_104998_length_359_cov_2.523077	148	228	2	53	80	0.6625000
NODE_104998_length_359_cov_2.523077	201	278	2	63	77	0.8181818
NODE_104998_length_359_cov_2.523077	201	278	4	14	77	0.1818182
NODE_105002_length_359_cov_2.419231	106	186	0	18	80	0.2250000
NODE_105002_length_359_cov_2.419231	106	186	2	62	80	0.7750000
NODE_105002_length_359_cov_2.419231	159	211	0	20	52	0.3846154
NODE_105002_length_359_cov_2.419231	159	211	2	30	52	0.5769231
NODE_105002_length_359_cov_2.419231	159	211	24	1	52	0.0192308
NODE_105002_length_359_cov_2.419231	159	211	28	1	52	0.0192308
NODE_105006_length_359_cov_2.353846	172	243	0	71	71	1.0000000
NODE_105006_length_359_cov_2.353846	216	296	0	80	80	1.0000000
NODE_105026_length_359_cov_2.257692	211	270	0	59	59	1.0000000
NODE_105063_length_359_cov_2.003846	8	88	0	80	80	1.0000000
NODE_105063_length_359_cov_2.003846	61	139	0	78	78	1.0000000
NODE_105106_length_359_cov_1.815385	126	207	0	81	81	1.0000000
NODE_105106_length_359_cov_1.815385	180	227	0	47	47	1.0000000
NODE_105142_length_359_cov_1.692308	88	116	4	28	28	1.0000000
NODE_105373_length_359_cov_1.096154	64	89	0	25	25	1.0000000
NODE_105599_length_359_cov_0.711538	222	248	0	26	26	1.0000000
NODE_105600_length_359_cov_0.707692	10	90	0	80	80	1.0000000
NODE_105600_length_359_cov_0.707692	10	90	0	80	80	1.0000000
NODE_105600_length_359_cov_0.707692	63	143	0	80	80	1.0000000
NODE_105678_length_358_cov_19.760618	213	293	0	80	80	1.0000000
NODE_105678_length_358_cov_19.760618	266	346	0	80	80	1.0000000
NODE_105679_length_358_cov_18.455598	303	358	0	5	55	0.0909091
NODE_105679_length_358_cov_18.455598	303	358	2	3	55	0.0545455
NODE_105679_length_358_cov_18.455598	303	358	16	7	55	0.1272727
NODE_105679_length_358_cov_18.455598	303	358	18	17	55	0.3090909
NODE_105679_length_358_cov_18.455598	303	358	20	1	55	0.0181818
NODE_105679_length_358_cov_18.455598	303	358	22	22	55	0.4000000
NODE_105680_length_358_cov_17.023166	0	63	6	11	63	0.1746032
NODE_105680_length_358_cov_17.023166	0	63	7	1	63	0.0158730
NODE_105680_length_358_cov_17.023166	0	63	8	5	63	0.0793651
NODE_105680_length_358_cov_17.023166	0	63	11	1	63	0.0158730
NODE_105680_length_358_cov_17.023166	0	63	12	19	63	0.3015873
NODE_105680_length_358_cov_17.023166	0	63	28	3	63	0.0476190
NODE_105680_length_358_cov_17.023166	0	63	29	15	63	0.2380952
NODE_105680_length_358_cov_17.023166	0	63	33	8	63	0.1269841
NODE_105680_length_358_cov_17.023166	0	63	6	11	63	0.1746032
NODE_105680_length_358_cov_17.023166	0	63	7	1	63	0.0158730
NODE_105680_length_358_cov_17.023166	0	63	8	5	63	0.0793651
NODE_105680_length_358_cov_17.023166	0	63	11	1	63	0.0158730
NODE_105680_length_358_cov_17.023166	0	63	12	19	63	0.3015873
NODE_105680_length_358_cov_17.023166	0	63	28	3	63	0.0476190
NODE_105680_length_358_cov_17.023166	0	63	29	15	63	0.2380952
NODE_105680_length_358_cov_17.023166	0	63	33	8	63	0.1269841
NODE_105680_length_358_cov_17.023166	0	63	6	11	63	0.1746032
NODE_105680_length_358_cov_17.023166	0	63	7	1	63	0.0158730
NODE_105680_length_358_cov_17.023166	0	63	8	5	63	0.0793651
NODE_105680_length_358_cov_17.023166	0	63	11	1	63	0.0158730
NODE_105680_length_358_cov_17.023166	0	63	12	19	63	0.3015873
NODE_105680_length_358_cov_17.023166	0	63	28	3	63	0.0476190
NODE_105680_length_358_cov_17.023166	0	63	29	15	63	0.2380952
NODE_105680_length_358_cov_17.023166	0	63	33	8	63	0.1269841
NODE_105680_length_358_cov_17.023166	36	116	12	1	80	0.0125000
NODE_105680_length_358_cov_17.023166	36	116	28	3	80	0.0375000
NODE_105680_length_358_cov_17.023166	36	116	29	15	80	0.1875000
NODE_105680_length_358_cov_17.023166	36	116	33	9	80	0.1125000
NODE_105680_length_358_cov_17.023166	36	116	34	4	80	0.0500000
NODE_105680_length_358_cov_17.023166	36	116	35	2	80	0.0250000
NODE_105680_length_358_cov_17.023166	36	116	37	1	80	0.0125000
NODE_105680_length_358_cov_17.023166	36	116	38	10	80	0.1250000
NODE_105680_length_358_cov_17.023166	36	116	39	4	80	0.0500000
NODE_105680_length_358_cov_17.023166	36	116	40	31	80	0.3875000
NODE_105680_length_358_cov_17.023166	53	115	29	2	62	0.0322581
NODE_105680_length_358_cov_17.023166	53	115	33	9	62	0.1451613
NODE_105680_length_358_cov_17.023166	53	115	34	3	62	0.0483871
NODE_105680_length_358_cov_17.023166	53	115	35	2	62	0.0322581
NODE_105680_length_358_cov_17.023166	53	115	37	1	62	0.0161290
NODE_105680_length_358_cov_17.023166	53	115	38	10	62	0.1612903
NODE_105680_length_358_cov_17.023166	53	115	39	4	62	0.0645161
NODE_105680_length_358_cov_17.023166	53	115	40	31	62	0.5000000
NODE_105686_length_358_cov_6.509653	109	155	2	46	46	1.0000000
NODE_105710_length_358_cov_4.239382	114	143	2	4	29	0.1379310
NODE_105710_length_358_cov_4.239382	114	143	4	2	29	0.0689655
NODE_105710_length_358_cov_4.239382	114	143	6	11	29	0.3793103
NODE_105710_length_358_cov_4.239382	114	143	12	3	29	0.1034483
NODE_105710_length_358_cov_4.239382	114	143	13	1	29	0.0344828
NODE_105710_length_358_cov_4.239382	114	143	15	7	29	0.2413793
NODE_105710_length_358_cov_4.239382	114	143	16	1	29	0.0344828
NODE_105710_length_358_cov_4.239382	180	245	22	1	65	0.0153846
NODE_105710_length_358_cov_4.239382	180	245	24	2	65	0.0307692
NODE_105710_length_358_cov_4.239382	180	245	26	38	65	0.5846154
NODE_105710_length_358_cov_4.239382	180	245	28	20	65	0.3076923
NODE_105710_length_358_cov_4.239382	180	245	30	4	65	0.0615385
NODE_105710_length_358_cov_4.239382	218	298	8	2	80	0.0250000
NODE_105710_length_358_cov_4.239382	218	298	10	1	80	0.0125000
NODE_105710_length_358_cov_4.239382	218	298	11	17	80	0.2125000
NODE_105710_length_358_cov_4.239382	218	298	12	4	80	0.0500000
NODE_105710_length_358_cov_4.239382	218	298	14	10	80	0.1250000
NODE_105710_length_358_cov_4.239382	218	298	18	9	80	0.1125000
NODE_105710_length_358_cov_4.239382	218	298	20	1	80	0.0125000
NODE_105710_length_358_cov_4.239382	218	298	22	10	80	0.1250000
NODE_105710_length_358_cov_4.239382	218	298	24	2	80	0.0250000
NODE_105710_length_358_cov_4.239382	218	298	26	14	80	0.1750000
NODE_105710_length_358_cov_4.239382	218	298	28	9	80	0.1125000
NODE_105710_length_358_cov_4.239382	218	298	30	1	80	0.0125000
NODE_105846_length_358_cov_2.162162	229	305	0	37	76	0.4868421
NODE_105846_length_358_cov_2.162162	229	305	2	2	76	0.0263158
NODE_105846_length_358_cov_2.162162	229	305	6	37	76	0.4868421
NODE_105902_length_358_cov_1.926641	290	358	0	13	68	0.1911765
NODE_105902_length_358_cov_1.926641	290	358	2	55	68	0.8088235
NODE_105910_length_358_cov_1.884170	250	317	0	5	67	0.0746269
NODE_105910_length_358_cov_1.884170	250	317	2	62	67	0.9253731
NODE_105923_length_358_cov_1.841699	189	269	11	1	80	0.0125000
NODE_105923_length_358_cov_1.841699	189	269	13	4	80	0.0500000
NODE_105923_length_358_cov_1.841699	189	269	15	2	80	0.0250000
NODE_105923_length_358_cov_1.841699	189	269	17	4	80	0.0500000
NODE_105923_length_358_cov_1.841699	189	269	19	1	80	0.0125000
NODE_105923_length_358_cov_1.841699	189	269	21	12	80	0.1500000
NODE_105923_length_358_cov_1.841699	189	269	23	9	80	0.1125000
NODE_105923_length_358_cov_1.841699	189	269	25	6	80	0.0750000
NODE_105923_length_358_cov_1.841699	189	269	29	5	80	0.0625000
NODE_105923_length_358_cov_1.841699	189	269	31	22	80	0.2750000
NODE_105923_length_358_cov_1.841699	189	269	33	14	80	0.1750000
NODE_106096_length_358_cov_1.235521	99	179	22	3	80	0.0375000
NODE_106096_length_358_cov_1.235521	99	179	25	5	80	0.0625000
NODE_106096_length_358_cov_1.235521	99	179	28	4	80	0.0500000
NODE_106096_length_358_cov_1.235521	99	179	30	3	80	0.0375000
NODE_106096_length_358_cov_1.235521	99	179	32	11	80	0.1375000
NODE_106096_length_358_cov_1.235521	99	179	34	6	80	0.0750000
NODE_106096_length_358_cov_1.235521	99	179	36	7	80	0.0875000
NODE_106096_length_358_cov_1.235521	99	179	38	14	80	0.1750000
NODE_106096_length_358_cov_1.235521	99	179	39	1	80	0.0125000
NODE_106096_length_358_cov_1.235521	99	179	40	13	80	0.1625000
NODE_106096_length_358_cov_1.235521	99	179	42	6	80	0.0750000
NODE_106096_length_358_cov_1.235521	99	179	44	7	80	0.0875000
NODE_106096_length_358_cov_1.235521	152	222	3	2	70	0.0285714
NODE_106096_length_358_cov_1.235521	152	222	4	18	70	0.2571429
NODE_106096_length_358_cov_1.235521	152	222	5	4	70	0.0571429
NODE_106096_length_358_cov_1.235521	152	222	7	1	70	0.0142857
NODE_106096_length_358_cov_1.235521	152	222	10	1	70	0.0142857
NODE_106096_length_358_cov_1.235521	152	222	12	1	70	0.0142857
NODE_106096_length_358_cov_1.235521	152	222	20	3	70	0.0428571
NODE_106096_length_358_cov_1.235521	152	222	22	16	70	0.2285714
NODE_106096_length_358_cov_1.235521	152	222	25	5	70	0.0714286
NODE_106096_length_358_cov_1.235521	152	222	28	4	70	0.0571429
NODE_106096_length_358_cov_1.235521	152	222	30	3	70	0.0428571
NODE_106096_length_358_cov_1.235521	152	222	32	11	70	0.1571429
NODE_106096_length_358_cov_1.235521	152	222	34	1	70	0.0142857
NODE_106189_length_358_cov_1.096525	148	228	4	80	80	1.0000000
NODE_106233_length_358_cov_0.984556	193	265	0	72	72	1.0000000
NODE_106489_length_357_cov_381.833333	244	324	90	6	80	0.0750000
NODE_106489_length_357_cov_381.833333	244	324	92	1	80	0.0125000
NODE_106489_length_357_cov_381.833333	244	324	94	4	80	0.0500000
NODE_106489_length_357_cov_381.833333	244	324	100	1	80	0.0125000
NODE_106489_length_357_cov_381.833333	244	324	101	2	80	0.0250000
NODE_106489_length_357_cov_381.833333	244	324	102	5	80	0.0625000
NODE_106489_length_357_cov_381.833333	244	324	103	2	80	0.0250000
NODE_106489_length_357_cov_381.833333	244	324	104	1	80	0.0125000
NODE_106489_length_357_cov_381.833333	244	324	105	5	80	0.0625000
NODE_106489_length_357_cov_381.833333	244	324	106	1	80	0.0125000
NODE_106489_length_357_cov_381.833333	244	324	109	1	80	0.0125000
NODE_106489_length_357_cov_381.833333	244	324	111	12	80	0.1500000
NODE_106489_length_357_cov_381.833333	244	324	112	16	80	0.2000000
NODE_106489_length_357_cov_381.833333	244	324	113	12	80	0.1500000
NODE_106489_length_357_cov_381.833333	244	324	114	11	80	0.1375000
NODE_106493_length_357_cov_7.643411	45	125	0	12	80	0.1500000
NODE_106493_length_357_cov_7.643411	45	125	2	68	80	0.8500000
NODE_106493_length_357_cov_7.643411	98	178	0	35	80	0.4375000
NODE_106493_length_357_cov_7.643411	98	178	1	9	80	0.1125000
NODE_106493_length_357_cov_7.643411	98	178	2	36	80	0.4500000
NODE_106495_length_357_cov_7.027132	157	237	2	45	80	0.5625000
NODE_106495_length_357_cov_7.027132	157	237	3	5	80	0.0625000
NODE_106495_length_357_cov_7.027132	157	237	4	30	80	0.3750000
NODE_106495_length_357_cov_7.027132	210	252	2	18	42	0.4285714
NODE_106495_length_357_cov_7.027132	210	252	3	5	42	0.1190476
NODE_106495_length_357_cov_7.027132	210	252	4	19	42	0.4523810
NODE_106496_length_357_cov_6.732558	183	263	14	2	80	0.0250000
NODE_106496_length_357_cov_6.732558	183	263	15	9	80	0.1125000
NODE_106496_length_357_cov_6.732558	183	263	16	9	80	0.1125000
NODE_106496_length_357_cov_6.732558	183	263	18	14	80	0.1750000
NODE_106496_length_357_cov_6.732558	183	263	19	11	80	0.1375000
NODE_106496_length_357_cov_6.732558	183	263	22	4	80	0.0500000
NODE_106496_length_357_cov_6.732558	183	263	23	9	80	0.1125000
NODE_106496_length_357_cov_6.732558	183	263	24	7	80	0.0875000
NODE_106496_length_357_cov_6.732558	183	263	25	4	80	0.0500000
NODE_106496_length_357_cov_6.732558	183	263	27	11	80	0.1375000
NODE_106529_length_357_cov_4.081395	145	225	0	80	80	1.0000000
NODE_106529_length_357_cov_4.081395	198	271	0	73	73	1.0000000
NODE_106542_length_357_cov_3.724806	192	265	2	7	73	0.0958904
NODE_106542_length_357_cov_3.724806	192	265	4	32	73	0.4383562
NODE_106542_length_357_cov_3.724806	192	265	6	34	73	0.4657534
NODE_106558_length_357_cov_3.341085	205	285	0	80	80	1.0000000
NODE_106558_length_357_cov_3.341085	258	338	0	80	80	1.0000000
NODE_106625_length_357_cov_2.414729	245	302	2	57	57	1.0000000
NODE_106625_length_357_cov_2.414729	275	355	0	23	80	0.2875000
NODE_106625_length_357_cov_2.414729	275	355	2	57	80	0.7125000
NODE_106661_length_357_cov_2.174419	250	330	0	80	80	1.0000000
NODE_106666_length_357_cov_2.166667	103	133	2	30	30	1.0000000
NODE_106666_length_357_cov_2.166667	112	133	2	21	21	1.0000000
NODE_106702_length_357_cov_1.961240	150	169	2	19	19	1.0000000
NODE_106708_length_357_cov_1.918605	173	253	22	1	80	0.0125000
NODE_106708_length_357_cov_1.918605	173	253	24	28	80	0.3500000
NODE_106708_length_357_cov_1.918605	173	253	26	4	80	0.0500000
NODE_106708_length_357_cov_1.918605	173	253	28	4	80	0.0500000
NODE_106708_length_357_cov_1.918605	173	253	30	29	80	0.3625000
NODE_106708_length_357_cov_1.918605	173	253	32	8	80	0.1000000
NODE_106708_length_357_cov_1.918605	173	253	35	4	80	0.0500000
NODE_106708_length_357_cov_1.918605	173	253	37	2	80	0.0250000
NODE_106737_length_357_cov_1.782946	73	142	0	16	69	0.2318841
NODE_106737_length_357_cov_1.782946	73	142	2	53	69	0.7681159
NODE_106737_length_357_cov_1.782946	115	195	0	32	80	0.4000000
NODE_106737_length_357_cov_1.782946	115	195	2	48	80	0.6000000
NODE_107002_length_357_cov_1.127907	98	129	4	11	31	0.3548387
NODE_107002_length_357_cov_1.127907	98	129	6	20	31	0.6451613
NODE_107306_length_356_cov_5.299611	140	200	10	7	60	0.1166667
NODE_107306_length_356_cov_5.299611	140	200	12	1	60	0.0166667
NODE_107306_length_356_cov_5.299611	140	200	14	47	60	0.7833334
NODE_107306_length_356_cov_5.299611	140	200	15	1	60	0.0166667
NODE_107306_length_356_cov_5.299611	140	200	16	4	60	0.0666667
NODE_107347_length_356_cov_3.400778	255	317	6	5	62	0.0806452
NODE_107347_length_356_cov_3.400778	255	317	8	1	62	0.0161290
NODE_107347_length_356_cov_3.400778	255	317	10	12	62	0.1935484
NODE_107347_length_356_cov_3.400778	255	317	12	44	62	0.7096774
NODE_107347_length_356_cov_3.400778	308	353	2	11	45	0.2444444
NODE_107347_length_356_cov_3.400778	308	353	4	18	45	0.4000000
NODE_107347_length_356_cov_3.400778	308	353	6	12	45	0.2666667
NODE_107347_length_356_cov_3.400778	308	353	8	1	45	0.0222222
NODE_107347_length_356_cov_3.400778	308	353	10	3	45	0.0666667
NODE_107402_length_356_cov_2.657588	256	298	70	13	42	0.3095238
NODE_107402_length_356_cov_2.657588	256	298	72	8	42	0.1904762
NODE_107402_length_356_cov_2.657588	256	298	74	20	42	0.4761905
NODE_107402_length_356_cov_2.657588	256	298	75	1	42	0.0238095
NODE_107402_length_356_cov_2.657588	265	338	26	1	73	0.0136986
NODE_107402_length_356_cov_2.657588	265	338	30	1	73	0.0136986
NODE_107402_length_356_cov_2.657588	265	338	31	1	73	0.0136986
NODE_107402_length_356_cov_2.657588	265	338	32	2	73	0.0273973
NODE_107402_length_356_cov_2.657588	265	338	33	1	73	0.0136986
NODE_107402_length_356_cov_2.657588	265	338	35	2	73	0.0273973
NODE_107402_length_356_cov_2.657588	265	338	37	1	73	0.0136986
NODE_107402_length_356_cov_2.657588	265	338	42	1	73	0.0136986
NODE_107402_length_356_cov_2.657588	265	338	46	1	73	0.0136986
NODE_107402_length_356_cov_2.657588	265	338	47	1	73	0.0136986
NODE_107402_length_356_cov_2.657588	265	338	48	1	73	0.0136986
NODE_107402_length_356_cov_2.657588	265	338	50	1	73	0.0136986
NODE_107402_length_356_cov_2.657588	265	338	54	1	73	0.0136986
NODE_107402_length_356_cov_2.657588	265	338	55	2	73	0.0273973
NODE_107402_length_356_cov_2.657588	265	338	56	1	73	0.0136986
NODE_107402_length_356_cov_2.657588	265	338	59	1	73	0.0136986
NODE_107402_length_356_cov_2.657588	265	338	60	1	73	0.0136986
NODE_107402_length_356_cov_2.657588	265	338	62	2	73	0.0273973
NODE_107402_length_356_cov_2.657588	265	338	64	7	73	0.0958904
NODE_107402_length_356_cov_2.657588	265	338	66	4	73	0.0547945
NODE_107402_length_356_cov_2.657588	265	338	67	1	73	0.0136986
NODE_107402_length_356_cov_2.657588	265	338	68	2	73	0.0273973
NODE_107402_length_356_cov_2.657588	265	338	70	17	73	0.2328767
NODE_107402_length_356_cov_2.657588	265	338	72	8	73	0.1095890
NODE_107402_length_356_cov_2.657588	265	338	74	12	73	0.1643836
NODE_107402_length_356_cov_2.657588	299	351	6	1	52	0.0192308
NODE_107402_length_356_cov_2.657588	299	351	7	3	52	0.0576923
NODE_107402_length_356_cov_2.657588	299	351	9	1	52	0.0192308
NODE_107402_length_356_cov_2.657588	299	351	12	2	52	0.0384615
NODE_107402_length_356_cov_2.657588	299	351	14	1	52	0.0192308
NODE_107402_length_356_cov_2.657588	299	351	17	2	52	0.0384615
NODE_107402_length_356_cov_2.657588	299	351	19	2	52	0.0384615
NODE_107402_length_356_cov_2.657588	299	351	21	1	52	0.0192308
NODE_107402_length_356_cov_2.657588	299	351	26	1	52	0.0192308
NODE_107402_length_356_cov_2.657588	299	351	30	1	52	0.0192308
NODE_107402_length_356_cov_2.657588	299	351	31	1	52	0.0192308
NODE_107402_length_356_cov_2.657588	299	351	32	2	52	0.0384615
NODE_107402_length_356_cov_2.657588	299	351	33	1	52	0.0192308
NODE_107402_length_356_cov_2.657588	299	351	35	2	52	0.0384615
NODE_107402_length_356_cov_2.657588	299	351	37	1	52	0.0192308
NODE_107402_length_356_cov_2.657588	299	351	42	1	52	0.0192308
NODE_107402_length_356_cov_2.657588	299	351	46	1	52	0.0192308
NODE_107402_length_356_cov_2.657588	299	351	47	1	52	0.0192308
NODE_107402_length_356_cov_2.657588	299	351	48	1	52	0.0192308
NODE_107402_length_356_cov_2.657588	299	351	50	1	52	0.0192308
NODE_107402_length_356_cov_2.657588	299	351	54	1	52	0.0192308
NODE_107402_length_356_cov_2.657588	299	351	55	2	52	0.0384615
NODE_107402_length_356_cov_2.657588	299	351	56	1	52	0.0192308
NODE_107402_length_356_cov_2.657588	299	351	59	1	52	0.0192308
NODE_107402_length_356_cov_2.657588	299	351	60	1	52	0.0192308
NODE_107402_length_356_cov_2.657588	299	351	62	2	52	0.0384615
NODE_107402_length_356_cov_2.657588	299	351	64	7	52	0.1346154
NODE_107402_length_356_cov_2.657588	299	351	66	4	52	0.0769231
NODE_107402_length_356_cov_2.657588	299	351	67	1	52	0.0192308
NODE_107402_length_356_cov_2.657588	299	351	68	2	52	0.0384615
NODE_107402_length_356_cov_2.657588	299	351	70	3	52	0.0576923
NODE_107452_length_356_cov_2.237354	90	135	12	5	45	0.1111111
NODE_107452_length_356_cov_2.237354	90	135	14	11	45	0.2444444
NODE_107452_length_356_cov_2.237354	90	135	16	23	45	0.5111111
NODE_107452_length_356_cov_2.237354	90	135	18	6	45	0.1333333
NODE_107475_length_356_cov_1.996109	127	194	0	38	67	0.5671642
NODE_107475_length_356_cov_1.996109	127	194	2	18	67	0.2686567
NODE_107475_length_356_cov_1.996109	127	194	4	11	67	0.1641791
NODE_107521_length_356_cov_1.813230	296	341	0	45	45	1.0000000
NODE_107606_length_356_cov_1.560311	192	272	0	38	80	0.4750000
NODE_107606_length_356_cov_1.560311	192	272	1	1	80	0.0125000
NODE_107606_length_356_cov_1.560311	192	272	2	41	80	0.5125000
NODE_107606_length_356_cov_1.560311	245	319	0	74	74	1.0000000
NODE_108122_length_355_cov_6.796875	127	173	0	5	46	0.1086956
NODE_108122_length_355_cov_6.796875	127	173	2	41	46	0.8913044
NODE_108210_length_355_cov_2.734375	111	162	0	51	51	1.0000000
NODE_108210_length_355_cov_2.734375	142	222	0	80	80	1.0000000
NODE_108215_length_355_cov_2.707031	277	314	2	10	37	0.2702703
NODE_108215_length_355_cov_2.707031	277	314	4	27	37	0.7297297
NODE_108215_length_355_cov_2.707031	287	353	0	31	66	0.4696970
NODE_108215_length_355_cov_2.707031	287	353	2	18	66	0.2727273
NODE_108215_length_355_cov_2.707031	287	353	4	17	66	0.2575758
NODE_108239_length_355_cov_2.500000	38	82	0	44	44	1.0000000
NODE_108278_length_355_cov_2.207031	258	308	0	50	50	1.0000000
NODE_108284_length_355_cov_2.179688	153	233	4	16	80	0.2000000
NODE_108284_length_355_cov_2.179688	153	233	6	27	80	0.3375000
NODE_108284_length_355_cov_2.179688	153	233	8	37	80	0.4625000
NODE_108284_length_355_cov_2.179688	206	286	0	6	80	0.0750000
NODE_108284_length_355_cov_2.179688	206	286	4	37	80	0.4625000
NODE_108284_length_355_cov_2.179688	206	286	6	37	80	0.4625000
NODE_108291_length_355_cov_2.132812	261	334	0	73	73	1.0000000
NODE_108291_length_355_cov_2.132812	301	342	0	41	41	1.0000000
NODE_108315_length_355_cov_2.007812	281	347	0	66	66	1.0000000
NODE_108395_length_355_cov_1.765625	186	247	4	3	61	0.0491803
NODE_108395_length_355_cov_1.765625	186	247	6	8	61	0.1311475
NODE_108395_length_355_cov_1.765625	186	247	8	7	61	0.1147541
NODE_108395_length_355_cov_1.765625	186	247	10	43	61	0.7049180
NODE_108395_length_355_cov_1.765625	220	300	4	10	80	0.1250000
NODE_108395_length_355_cov_1.765625	220	300	6	2	80	0.0250000
NODE_108395_length_355_cov_1.765625	220	300	10	42	80	0.5250000
NODE_108395_length_355_cov_1.765625	220	300	12	26	80	0.3250000
NODE_109015_length_354_cov_6.843137	53	132	0	79	79	1.0000000
NODE_109015_length_354_cov_6.843137	53	132	0	79	79	1.0000000
NODE_109015_length_354_cov_6.843137	105	185	0	80	80	1.0000000
NODE_109015_length_354_cov_6.843137	105	185	0	80	80	1.0000000
NODE_109033_length_354_cov_4.823529	208	255	0	1	47	0.0212766
NODE_109033_length_354_cov_4.823529	208	255	2	46	47	0.9787234
NODE_109054_length_354_cov_3.956863	145	208	0	63	63	1.0000000
NODE_109054_length_354_cov_3.956863	181	261	0	80	80	1.0000000
NODE_109057_length_354_cov_3.878431	198	244	0	46	46	1.0000000
NODE_109089_length_354_cov_3.207843	130	199	0	69	69	1.0000000
NODE_109126_length_354_cov_2.725490	179	259	0	50	80	0.6250000
NODE_109126_length_354_cov_2.725490	179	259	4	5	80	0.0625000
NODE_109126_length_354_cov_2.725490	179	259	6	1	80	0.0125000
NODE_109126_length_354_cov_2.725490	179	259	12	1	80	0.0125000
NODE_109126_length_354_cov_2.725490	179	259	13	5	80	0.0625000
NODE_109126_length_354_cov_2.725490	179	259	19	2	80	0.0250000
NODE_109126_length_354_cov_2.725490	179	259	21	5	80	0.0625000
NODE_109126_length_354_cov_2.725490	179	259	23	11	80	0.1375000
NODE_109126_length_354_cov_2.725490	235	312	12	1	77	0.0129870
NODE_109126_length_354_cov_2.725490	235	312	13	5	77	0.0649351
NODE_109126_length_354_cov_2.725490	235	312	19	2	77	0.0259740
NODE_109126_length_354_cov_2.725490	235	312	21	5	77	0.0649351
NODE_109126_length_354_cov_2.725490	235	312	23	27	77	0.3506494
NODE_109126_length_354_cov_2.725490	235	312	26	37	77	0.4805195
NODE_109128_length_354_cov_2.713725	16	76	0	60	60	1.0000000
NODE_109128_length_354_cov_2.713725	90	149	0	59	59	1.0000000
NODE_109140_length_354_cov_2.580392	176	234	0	16	58	0.2758621
NODE_109140_length_354_cov_2.580392	176	234	2	42	58	0.7241379
NODE_109140_length_354_cov_2.580392	207	251	2	44	44	1.0000000
NODE_109237_length_354_cov_1.996078	79	145	0	66	66	1.0000000
NODE_109237_length_354_cov_1.996078	118	200	0	82	82	1.0000000
NODE_109244_length_354_cov_1.988235	7	77	0	46	70	0.6571429
NODE_109244_length_354_cov_1.988235	7	77	2	18	70	0.2571429
NODE_109244_length_354_cov_1.988235	7	77	4	6	70	0.0857143
NODE_109244_length_354_cov_1.988235	64	130	2	7	66	0.1060606
NODE_109244_length_354_cov_1.988235	64	130	4	24	66	0.3636364
NODE_109244_length_354_cov_1.988235	64	130	6	35	66	0.5303030
NODE_109321_length_354_cov_1.682353	99	171	2	72	72	1.0000000
NODE_109321_length_354_cov_1.682353	144	224	2	80	80	1.0000000
NODE_109852_length_353_cov_11.169291	14	90	0	51	76	0.6710526
NODE_109852_length_353_cov_11.169291	14	90	2	25	76	0.3289474
NODE_109852_length_353_cov_11.169291	67	143	2	76	76	1.0000000
NODE_109911_length_353_cov_3.874016	220	256	0	36	36	1.0000000
NODE_109911_length_353_cov_3.874016	265	334	0	69	69	1.0000000
NODE_109928_length_353_cov_3.488189	200	282	7	1	82	0.0121951
NODE_109928_length_353_cov_3.488189	200	282	8	1	82	0.0121951
NODE_109928_length_353_cov_3.488189	200	282	9	4	82	0.0487805
NODE_109928_length_353_cov_3.488189	200	282	10	22	82	0.2682927
NODE_109928_length_353_cov_3.488189	200	282	12	54	82	0.6585366
NODE_109976_length_353_cov_2.826772	8	88	0	20	80	0.2500000
NODE_109976_length_353_cov_2.826772	8	88	1	1	80	0.0125000
NODE_109976_length_353_cov_2.826772	8	88	2	59	80	0.7375000
NODE_109976_length_353_cov_2.826772	61	120	2	59	59	1.0000000
NODE_110022_length_353_cov_2.417323	260	336	0	76	76	1.0000000
NODE_110610_length_353_cov_0.744094	299	318	0	19	19	1.0000000
NODE_110708_length_352_cov_34.691700	110	203	0	91	93	0.9784946
NODE_110708_length_352_cov_34.691700	110	203	16	1	93	0.0107527
NODE_110708_length_352_cov_34.691700	110	203	26	1	93	0.0107527
NODE_110710_length_352_cov_17.944664	20	100	0	80	80	1.0000000
NODE_110710_length_352_cov_17.944664	73	153	0	80	80	1.0000000
NODE_110710_length_352_cov_17.944664	273	352	0	5	79	0.0632911
NODE_110710_length_352_cov_17.944664	273	352	1	74	79	0.9367089
NODE_110735_length_352_cov_4.707510	157	237	2	21	80	0.2625000
NODE_110735_length_352_cov_4.707510	157	237	4	2	80	0.0250000
NODE_110735_length_352_cov_4.707510	157	237	8	2	80	0.0250000
NODE_110735_length_352_cov_4.707510	157	237	10	11	80	0.1375000
NODE_110735_length_352_cov_4.707510	157	237	13	1	80	0.0125000
NODE_110735_length_352_cov_4.707510	157	237	15	1	80	0.0125000
NODE_110735_length_352_cov_4.707510	157	237	16	9	80	0.1125000
NODE_110735_length_352_cov_4.707510	157	237	20	7	80	0.0875000
NODE_110735_length_352_cov_4.707510	157	237	21	10	80	0.1250000
NODE_110735_length_352_cov_4.707510	157	237	22	16	80	0.2000000
NODE_110749_length_352_cov_4.221344	144	205	0	61	61	1.0000000
NODE_110749_length_352_cov_4.221344	178	259	0	81	81	1.0000000
NODE_110754_length_352_cov_4.011858	98	143	0	31	45	0.6888889
NODE_110754_length_352_cov_4.011858	98	143	2	14	45	0.3111111
NODE_110754_length_352_cov_4.011858	151	228	2	70	77	0.9090909
NODE_110754_length_352_cov_4.011858	151	228	4	7	77	0.0909091
NODE_110798_length_352_cov_2.849802	74	154	0	2	80	0.0250000
NODE_110798_length_352_cov_2.849802	74	154	2	78	80	0.9750000
NODE_110798_length_352_cov_2.849802	127	198	0	28	71	0.3943662
NODE_110798_length_352_cov_2.849802	127	198	2	43	71	0.6056338
NODE_110820_length_352_cov_2.683794	0	77	2	43	77	0.5584416
NODE_110820_length_352_cov_2.683794	0	77	4	2	77	0.0259740
NODE_110820_length_352_cov_2.683794	0	77	6	2	77	0.0259740
NODE_110820_length_352_cov_2.683794	0	77	8	16	77	0.2077922
NODE_110820_length_352_cov_2.683794	0	77	10	14	77	0.1818182
NODE_110820_length_352_cov_2.683794	50	130	8	13	80	0.1625000
NODE_110820_length_352_cov_2.683794	50	130	10	27	80	0.3375000
NODE_110820_length_352_cov_2.683794	50	130	12	28	80	0.3500000
NODE_110820_length_352_cov_2.683794	50	130	14	12	80	0.1500000
NODE_110832_length_352_cov_2.608696	90	136	0	46	46	1.0000000
NODE_110832_length_352_cov_2.608696	144	189	0	45	45	1.0000000
NODE_110838_length_352_cov_2.577075	111	191	0	78	80	0.9750000
NODE_110838_length_352_cov_2.577075	111	191	2	2	80	0.0250000
NODE_110876_length_352_cov_2.264822	171	251	0	80	80	1.0000000
NODE_110938_length_352_cov_2.007905	277	326	0	49	49	1.0000000
NODE_111439_length_352_cov_0.806324	165	238	48	2	73	0.0273973
NODE_111439_length_352_cov_0.806324	165	238	51	1	73	0.0136986
NODE_111439_length_352_cov_0.806324	165	238	57	1	73	0.0136986
NODE_111439_length_352_cov_0.806324	165	238	59	1	73	0.0136986
NODE_111439_length_352_cov_0.806324	165	238	64	1	73	0.0136986
NODE_111439_length_352_cov_0.806324	165	238	66	1	73	0.0136986
NODE_111439_length_352_cov_0.806324	165	238	70	2	73	0.0273973
NODE_111439_length_352_cov_0.806324	165	238	72	1	73	0.0136986
NODE_111439_length_352_cov_0.806324	165	238	76	3	73	0.0410959
NODE_111439_length_352_cov_0.806324	165	238	78	1	73	0.0136986
NODE_111439_length_352_cov_0.806324	165	238	80	1	73	0.0136986
NODE_111439_length_352_cov_0.806324	165	238	81	1	73	0.0136986
NODE_111439_length_352_cov_0.806324	165	238	89	1	73	0.0136986
NODE_111439_length_352_cov_0.806324	165	238	90	1	73	0.0136986
NODE_111439_length_352_cov_0.806324	165	238	92	1	73	0.0136986
NODE_111439_length_352_cov_0.806324	165	238	93	4	73	0.0547945
NODE_111439_length_352_cov_0.806324	165	238	98	1	73	0.0136986
NODE_111439_length_352_cov_0.806324	165	238	100	3	73	0.0410959
NODE_111439_length_352_cov_0.806324	165	238	104	1	73	0.0136986
NODE_111439_length_352_cov_0.806324	165	238	108	1	73	0.0136986
NODE_111439_length_352_cov_0.806324	165	238	109	1	73	0.0136986
NODE_111439_length_352_cov_0.806324	165	238	119	1	73	0.0136986
NODE_111439_length_352_cov_0.806324	165	238	120	1	73	0.0136986
NODE_111439_length_352_cov_0.806324	165	238	122	2	73	0.0273973
NODE_111439_length_352_cov_0.806324	165	238	124	2	73	0.0273973
NODE_111439_length_352_cov_0.806324	165	238	130	1	73	0.0136986
NODE_111439_length_352_cov_0.806324	165	238	132	3	73	0.0410959
NODE_111439_length_352_cov_0.806324	165	238	134	2	73	0.0273973
NODE_111439_length_352_cov_0.806324	165	238	136	2	73	0.0273973
NODE_111439_length_352_cov_0.806324	165	238	140	2	73	0.0273973
NODE_111439_length_352_cov_0.806324	165	238	142	3	73	0.0410959
NODE_111439_length_352_cov_0.806324	165	238	144	1	73	0.0136986
NODE_111439_length_352_cov_0.806324	165	238	150	4	73	0.0547945
NODE_111439_length_352_cov_0.806324	165	238	156	8	73	0.1095890
NODE_111439_length_352_cov_0.806324	165	238	158	2	73	0.0273973
NODE_111439_length_352_cov_0.806324	165	238	163	1	73	0.0136986
NODE_111439_length_352_cov_0.806324	165	238	164	3	73	0.0410959
NODE_111439_length_352_cov_0.806324	165	238	168	1	73	0.0136986
NODE_111439_length_352_cov_0.806324	165	238	169	4	73	0.0547945
NODE_111593_length_351_cov_5.003968	115	195	0	80	80	1.0000000
NODE_111662_length_351_cov_2.900794	289	320	0	31	31	1.0000000
NODE_111738_length_351_cov_2.376984	79	159	2	7	80	0.0875000
NODE_111738_length_351_cov_2.376984	79	159	4	16	80	0.2000000
NODE_111738_length_351_cov_2.376984	79	159	10	14	80	0.1750000
NODE_111738_length_351_cov_2.376984	79	159	12	24	80	0.3000000
NODE_111738_length_351_cov_2.376984	79	159	14	6	80	0.0750000
NODE_111738_length_351_cov_2.376984	79	159	16	4	80	0.0500000
NODE_111738_length_351_cov_2.376984	79	159	20	9	80	0.1125000
NODE_111759_length_351_cov_2.226190	116	170	34	1	54	0.0185185
NODE_111759_length_351_cov_2.226190	116	170	36	5	54	0.0925926
NODE_111759_length_351_cov_2.226190	116	170	38	4	54	0.0740741
NODE_111759_length_351_cov_2.226190	116	170	40	5	54	0.0925926
NODE_111759_length_351_cov_2.226190	116	170	42	3	54	0.0555556
NODE_111759_length_351_cov_2.226190	116	170	44	36	54	0.6666667
NODE_111769_length_351_cov_2.186508	198	277	4	10	79	0.1265823
NODE_111769_length_351_cov_2.186508	198	277	6	15	79	0.1898734
NODE_111769_length_351_cov_2.186508	198	277	8	54	79	0.6835443
NODE_111861_length_351_cov_1.809524	276	309	0	33	33	1.0000000
NODE_111969_length_351_cov_1.515873	228	299	0	71	71	1.0000000
NODE_112493_length_350_cov_232.529880	25	92	69	1	67	0.0149254
NODE_112493_length_350_cov_232.529880	25	92	79	1	67	0.0149254
NODE_112493_length_350_cov_232.529880	25	92	86	2	67	0.0298507
NODE_112493_length_350_cov_232.529880	25	92	93	2	67	0.0298507
NODE_112493_length_350_cov_232.529880	25	92	95	1	67	0.0149254
NODE_112493_length_350_cov_232.529880	25	92	109	3	67	0.0447761
NODE_112493_length_350_cov_232.529880	25	92	117	1	67	0.0149254
NODE_112493_length_350_cov_232.529880	25	92	119	1	67	0.0149254
NODE_112493_length_350_cov_232.529880	25	92	121	1	67	0.0149254
NODE_112493_length_350_cov_232.529880	25	92	127	1	67	0.0149254
NODE_112493_length_350_cov_232.529880	25	92	130	1	67	0.0149254
NODE_112493_length_350_cov_232.529880	25	92	136	1	67	0.0149254
NODE_112493_length_350_cov_232.529880	25	92	152	4	67	0.0597015
NODE_112493_length_350_cov_232.529880	25	92	158	2	67	0.0298507
NODE_112493_length_350_cov_232.529880	25	92	162	1	67	0.0149254
NODE_112493_length_350_cov_232.529880	25	92	164	2	67	0.0298507
NODE_112493_length_350_cov_232.529880	25	92	168	1	67	0.0149254
NODE_112493_length_350_cov_232.529880	25	92	170	1	67	0.0149254
NODE_112493_length_350_cov_232.529880	25	92	179	1	67	0.0149254
NODE_112493_length_350_cov_232.529880	25	92	181	1	67	0.0149254
NODE_112493_length_350_cov_232.529880	25	92	187	1	67	0.0149254
NODE_112493_length_350_cov_232.529880	25	92	194	1	67	0.0149254
NODE_112493_length_350_cov_232.529880	25	92	201	1	67	0.0149254
NODE_112493_length_350_cov_232.529880	25	92	205	1	67	0.0149254
NODE_112493_length_350_cov_232.529880	25	92	207	1	67	0.0149254
NODE_112493_length_350_cov_232.529880	25	92	213	1	67	0.0149254
NODE_112493_length_350_cov_232.529880	25	92	217	7	67	0.1044776
NODE_112493_length_350_cov_232.529880	25	92	221	2	67	0.0298507
NODE_112493_length_350_cov_232.529880	25	92	223	2	67	0.0298507
NODE_112493_length_350_cov_232.529880	25	92	228	1	67	0.0149254
NODE_112493_length_350_cov_232.529880	25	92	230	1	67	0.0149254
NODE_112493_length_350_cov_232.529880	25	92	232	2	67	0.0298507
NODE_112493_length_350_cov_232.529880	25	92	234	2	67	0.0298507
NODE_112493_length_350_cov_232.529880	25	92	238	4	67	0.0597015
NODE_112493_length_350_cov_232.529880	25	92	244	8	67	0.1194030
NODE_112493_length_350_cov_232.529880	25	92	246	1	67	0.0149254
NODE_112493_length_350_cov_232.529880	25	92	250	2	67	0.0298507
NODE_112494_length_350_cov_40.677291	181	246	129	3	65	0.0461538
NODE_112494_length_350_cov_40.677291	181	246	131	3	65	0.0461538
NODE_112494_length_350_cov_40.677291	181	246	133	2	65	0.0307692
NODE_112494_length_350_cov_40.677291	181	246	135	1	65	0.0153846
NODE_112494_length_350_cov_40.677291	181	246	136	2	65	0.0307692
NODE_112494_length_350_cov_40.677291	181	246	137	2	65	0.0307692
NODE_112494_length_350_cov_40.677291	181	246	138	1	65	0.0153846
NODE_112494_length_350_cov_40.677291	181	246	139	1	65	0.0153846
NODE_112494_length_350_cov_40.677291	181	246	144	3	65	0.0461538
NODE_112494_length_350_cov_40.677291	181	246	152	1	65	0.0153846
NODE_112494_length_350_cov_40.677291	181	246	157	1	65	0.0153846
NODE_112494_length_350_cov_40.677291	181	246	158	1	65	0.0153846
NODE_112494_length_350_cov_40.677291	181	246	159	3	65	0.0461538
NODE_112494_length_350_cov_40.677291	181	246	163	1	65	0.0153846
NODE_112494_length_350_cov_40.677291	181	246	165	1	65	0.0153846
NODE_112494_length_350_cov_40.677291	181	246	170	1	65	0.0153846
NODE_112494_length_350_cov_40.677291	181	246	172	4	65	0.0615385
NODE_112494_length_350_cov_40.677291	181	246	175	6	65	0.0923077
NODE_112494_length_350_cov_40.677291	181	246	176	1	65	0.0153846
NODE_112494_length_350_cov_40.677291	181	246	177	4	65	0.0615385
NODE_112494_length_350_cov_40.677291	181	246	178	2	65	0.0307692
NODE_112494_length_350_cov_40.677291	181	246	179	4	65	0.0615385
NODE_112494_length_350_cov_40.677291	181	246	180	1	65	0.0153846
NODE_112494_length_350_cov_40.677291	181	246	181	1	65	0.0153846
NODE_112494_length_350_cov_40.677291	181	246	187	1	65	0.0153846
NODE_112494_length_350_cov_40.677291	181	246	191	2	65	0.0307692
NODE_112494_length_350_cov_40.677291	181	246	197	1	65	0.0153846
NODE_112494_length_350_cov_40.677291	181	246	200	1	65	0.0153846
NODE_112494_length_350_cov_40.677291	181	246	201	5	65	0.0769231
NODE_112494_length_350_cov_40.677291	181	246	202	2	65	0.0307692
NODE_112494_length_350_cov_40.677291	181	246	203	1	65	0.0153846
NODE_112494_length_350_cov_40.677291	181	246	204	1	65	0.0153846
NODE_112494_length_350_cov_40.677291	181	246	207	1	65	0.0153846
NODE_112535_length_350_cov_4.179283	114	194	2	10	80	0.1250000
NODE_112535_length_350_cov_4.179283	114	194	4	70	80	0.8750000
NODE_112535_length_350_cov_4.179283	167	244	0	6	77	0.0779221
NODE_112535_length_350_cov_4.179283	167	244	2	13	77	0.1688312
NODE_112535_length_350_cov_4.179283	167	244	3	8	77	0.1038961
NODE_112535_length_350_cov_4.179283	167	244	4	17	77	0.2207792
NODE_112535_length_350_cov_4.179283	167	244	5	3	77	0.0389610
NODE_112535_length_350_cov_4.179283	167	244	9	3	77	0.0389610
NODE_112535_length_350_cov_4.179283	167	244	12	10	77	0.1298701
NODE_112535_length_350_cov_4.179283	167	244	13	10	77	0.1298701
NODE_112535_length_350_cov_4.179283	167	244	14	7	77	0.0909091
NODE_112554_length_350_cov_3.573705	128	202	8	2	74	0.0270270
NODE_112554_length_350_cov_3.573705	128	202	12	2	74	0.0270270
NODE_112554_length_350_cov_3.573705	128	202	14	4	74	0.0540541
NODE_112554_length_350_cov_3.573705	128	202	16	25	74	0.3378378
NODE_112554_length_350_cov_3.573705	128	202	42	1	74	0.0135135
NODE_112554_length_350_cov_3.573705	128	202	44	1	74	0.0135135
NODE_112554_length_350_cov_3.573705	128	202	46	1	74	0.0135135
NODE_112554_length_350_cov_3.573705	128	202	50	2	74	0.0270270
NODE_112554_length_350_cov_3.573705	128	202	54	1	74	0.0135135
NODE_112554_length_350_cov_3.573705	128	202	56	28	74	0.3783784
NODE_112554_length_350_cov_3.573705	128	202	58	7	74	0.0945946
NODE_112554_length_350_cov_3.573705	178	241	1	14	63	0.2222222
NODE_112554_length_350_cov_3.573705	178	241	2	20	63	0.3174603
NODE_112554_length_350_cov_3.573705	178	241	3	5	63	0.0793651
NODE_112554_length_350_cov_3.573705	178	241	8	2	63	0.0317460
NODE_112554_length_350_cov_3.573705	178	241	12	2	63	0.0317460
NODE_112554_length_350_cov_3.573705	178	241	14	4	63	0.0634921
NODE_112554_length_350_cov_3.573705	178	241	16	16	63	0.2539683
NODE_112627_length_350_cov_2.478088	266	297	0	31	31	1.0000000
NODE_112647_length_350_cov_2.346614	97	148	86	4	51	0.0784314
NODE_112647_length_350_cov_2.346614	97	148	88	6	51	0.1176471
NODE_112647_length_350_cov_2.346614	97	148	90	6	51	0.1176471
NODE_112647_length_350_cov_2.346614	97	148	91	2	51	0.0392157
NODE_112647_length_350_cov_2.346614	97	148	92	13	51	0.2549020
NODE_112647_length_350_cov_2.346614	97	148	94	3	51	0.0588235
NODE_112647_length_350_cov_2.346614	97	148	95	1	51	0.0196078
NODE_112647_length_350_cov_2.346614	97	148	97	3	51	0.0588235
NODE_112647_length_350_cov_2.346614	97	148	99	3	51	0.0588235
NODE_112647_length_350_cov_2.346614	97	148	100	3	51	0.0588235
NODE_112647_length_350_cov_2.346614	97	148	101	5	51	0.0980392
NODE_112647_length_350_cov_2.346614	97	148	103	1	51	0.0196078
NODE_112647_length_350_cov_2.346614	97	148	105	1	51	0.0196078
NODE_112714_length_350_cov_2.031873	181	238	19	8	57	0.1403509
NODE_112714_length_350_cov_2.031873	181	238	22	2	57	0.0350877
NODE_112714_length_350_cov_2.031873	181	238	26	2	57	0.0350877
NODE_112714_length_350_cov_2.031873	181	238	27	2	57	0.0350877
NODE_112714_length_350_cov_2.031873	181	238	28	1	57	0.0175439
NODE_112714_length_350_cov_2.031873	181	238	30	4	57	0.0701754
NODE_112714_length_350_cov_2.031873	181	238	31	38	57	0.6666667
NODE_112997_length_350_cov_1.223108	202	275	0	37	73	0.5068493
NODE_112997_length_350_cov_1.223108	202	275	16	11	73	0.1506849
NODE_112997_length_350_cov_1.223108	202	275	18	1	73	0.0136986
NODE_112997_length_350_cov_1.223108	202	275	20	7	73	0.0958904
NODE_112997_length_350_cov_1.223108	202	275	23	1	73	0.0136986
NODE_112997_length_350_cov_1.223108	202	275	25	1	73	0.0136986
NODE_112997_length_350_cov_1.223108	202	275	26	2	73	0.0273973
NODE_112997_length_350_cov_1.223108	202	275	28	1	73	0.0136986
NODE_112997_length_350_cov_1.223108	202	275	30	1	73	0.0136986
NODE_112997_length_350_cov_1.223108	202	275	36	3	73	0.0410959
NODE_112997_length_350_cov_1.223108	202	275	39	6	73	0.0821918
NODE_112997_length_350_cov_1.223108	202	275	43	2	73	0.0273973
NODE_113450_length_349_cov_4.268000	83	163	4	43	80	0.5375000
NODE_113450_length_349_cov_4.268000	83	163	8	18	80	0.2250000
NODE_113450_length_349_cov_4.268000	83	163	10	19	80	0.2375000
NODE_113450_length_349_cov_4.268000	83	163	4	43	80	0.5375000
NODE_113450_length_349_cov_4.268000	83	163	8	18	80	0.2250000
NODE_113450_length_349_cov_4.268000	83	163	10	19	80	0.2375000
NODE_113450_length_349_cov_4.268000	136	216	0	4	80	0.0500000
NODE_113450_length_349_cov_4.268000	136	216	6	8	80	0.1000000
NODE_113450_length_349_cov_4.268000	136	216	8	59	80	0.7375000
NODE_113450_length_349_cov_4.268000	136	216	10	9	80	0.1125000
NODE_113450_length_349_cov_4.268000	145	180	8	35	35	1.0000000
NODE_113473_length_349_cov_3.648000	219	300	0	31	81	0.3827161
NODE_113473_length_349_cov_3.648000	219	300	2	5	81	0.0617284
NODE_113473_length_349_cov_3.648000	219	300	7	4	81	0.0493827
NODE_113473_length_349_cov_3.648000	219	300	9	2	81	0.0246914
NODE_113473_length_349_cov_3.648000	219	300	12	1	81	0.0123457
NODE_113473_length_349_cov_3.648000	219	300	13	2	81	0.0246914
NODE_113473_length_349_cov_3.648000	219	300	14	9	81	0.1111111
NODE_113473_length_349_cov_3.648000	219	300	16	3	81	0.0370370
NODE_113473_length_349_cov_3.648000	219	300	20	22	81	0.2716049
NODE_113473_length_349_cov_3.648000	219	300	22	2	81	0.0246914
NODE_113480_length_349_cov_3.484000	196	276	2	8	80	0.1000000
NODE_113480_length_349_cov_3.484000	196	276	4	6	80	0.0750000
NODE_113480_length_349_cov_3.484000	196	276	5	1	80	0.0125000
NODE_113480_length_349_cov_3.484000	196	276	6	5	80	0.0625000
NODE_113480_length_349_cov_3.484000	196	276	8	2	80	0.0250000
NODE_113480_length_349_cov_3.484000	196	276	9	17	80	0.2125000
NODE_113480_length_349_cov_3.484000	196	276	11	7	80	0.0875000
NODE_113480_length_349_cov_3.484000	196	276	12	6	80	0.0750000
NODE_113480_length_349_cov_3.484000	196	276	14	3	80	0.0375000
NODE_113480_length_349_cov_3.484000	196	276	16	21	80	0.2625000
NODE_113480_length_349_cov_3.484000	196	276	18	4	80	0.0500000
NODE_113486_length_349_cov_3.364000	219	284	0	27	65	0.4153846
NODE_113486_length_349_cov_3.364000	219	284	2	8	65	0.1230769
NODE_113486_length_349_cov_3.364000	219	284	4	1	65	0.0153846
NODE_113486_length_349_cov_3.364000	219	284	6	29	65	0.4461538
NODE_113511_length_349_cov_2.916000	94	189	0	68	95	0.7157895
NODE_113511_length_349_cov_2.916000	94	189	2	27	95	0.2842105
NODE_113571_length_349_cov_2.420000	35	54	1	19	19	1.0000000
NODE_113647_length_349_cov_1.964000	32	63	0	31	31	1.0000000
NODE_113654_length_349_cov_1.928000	9	77	0	68	68	1.0000000
NODE_113654_length_349_cov_1.928000	62	115	0	53	53	1.0000000
NODE_113710_length_349_cov_1.684000	225	265	8	25	40	0.6250000
NODE_113710_length_349_cov_1.684000	225	265	10	7	40	0.1750000
NODE_113710_length_349_cov_1.684000	225	265	12	5	40	0.1250000
NODE_113710_length_349_cov_1.684000	225	265	14	3	40	0.0750000
NODE_113825_length_349_cov_1.392000	32	95	0	63	63	1.0000000
NODE_113961_length_349_cov_1.056000	316	339	0	23	23	1.0000000
NODE_114002_length_349_cov_1.020000	177	257	1	17	80	0.2125000
NODE_114002_length_349_cov_1.020000	177	257	2	63	80	0.7875000
NODE_114263_length_348_cov_34.867470	156	236	0	28	80	0.3500000
NODE_114263_length_348_cov_34.867470	156	236	2	52	80	0.6500000
NODE_114263_length_348_cov_34.867470	209	289	0	35	80	0.4375000
NODE_114263_length_348_cov_34.867470	209	289	2	45	80	0.5625000
NODE_114296_length_348_cov_4.180723	106	186	0	80	80	1.0000000
NODE_114296_length_348_cov_4.180723	159	239	0	80	80	1.0000000
NODE_114330_length_348_cov_3.277108	83	137	0	32	54	0.5925926
NODE_114330_length_348_cov_3.277108	83	137	2	22	54	0.4074074
NODE_114330_length_348_cov_3.277108	145	197	2	47	52	0.9038461
NODE_114330_length_348_cov_3.277108	145	197	4	5	52	0.0961538
NODE_114424_length_348_cov_2.305221	204	273	3	19	69	0.2753623
NODE_114424_length_348_cov_2.305221	204	273	4	6	69	0.0869565
NODE_114424_length_348_cov_2.305221	204	273	5	44	69	0.6376812
NODE_114448_length_348_cov_2.216867	103	152	2	2	49	0.0408163
NODE_114448_length_348_cov_2.216867	103	152	6	31	49	0.6326531
NODE_114448_length_348_cov_2.216867	103	152	8	16	49	0.3265306
NODE_114505_length_348_cov_1.995984	170	239	0	69	69	1.0000000
NODE_114591_length_348_cov_1.638554	309	346	0	35	37	0.9459459
NODE_114591_length_348_cov_1.638554	309	346	2	2	37	0.0540541
NODE_114643_length_348_cov_1.485944	9	60	0	51	51	1.0000000
NODE_115147_length_347_cov_15.100806	57	137	0	80	80	1.0000000
NODE_115147_length_347_cov_15.100806	110	152	0	42	42	1.0000000
NODE_115147_length_347_cov_15.100806	182	209	0	27	27	1.0000000
NODE_115147_length_347_cov_15.100806	290	317	0	27	27	1.0000000
NODE_115161_length_347_cov_5.967742	110	173	0	10	63	0.1587302
NODE_115161_length_347_cov_5.967742	110	173	4	19	63	0.3015873
NODE_115161_length_347_cov_5.967742	110	173	6	34	63	0.5396826
NODE_115195_length_347_cov_4.028226	260	329	0	69	69	1.0000000
NODE_115321_length_347_cov_2.463710	99	141	0	42	42	1.0000000
NODE_115321_length_347_cov_2.463710	108	143	0	35	35	1.0000000
NODE_115331_length_347_cov_2.391129	35	70	0	35	35	1.0000000
NODE_115331_length_347_cov_2.391129	37	79	0	42	42	1.0000000
NODE_115331_length_347_cov_2.391129	77	105	0	28	28	1.0000000
NODE_115397_length_347_cov_2.048387	15	34	0	19	19	1.0000000
NODE_115417_length_347_cov_1.967742	205	268	0	63	63	1.0000000
NODE_115450_length_347_cov_1.818548	109	156	0	47	47	1.0000000
NODE_115771_length_347_cov_1.028226	230	255	4	25	25	1.0000000
NODE_116114_length_346_cov_74.433198	10	90	0	80	80	1.0000000
NODE_116114_length_346_cov_74.433198	19	90	0	71	71	1.0000000
NODE_116114_length_346_cov_74.433198	192	272	8	13	80	0.1625000
NODE_116114_length_346_cov_74.433198	192	272	10	67	80	0.8375000
NODE_116115_length_346_cov_67.834008	133	213	0	80	80	1.0000000
NODE_116115_length_346_cov_67.834008	186	266	0	80	80	1.0000000
NODE_116117_length_346_cov_10.299595	190	270	0	80	80	1.0000000
NODE_116117_length_346_cov_10.299595	243	323	0	80	80	1.0000000
NODE_116119_length_346_cov_9.566802	159	239	0	31	80	0.3875000
NODE_116119_length_346_cov_9.566802	159	239	2	5	80	0.0625000
NODE_116119_length_346_cov_9.566802	159	239	3	43	80	0.5375000
NODE_116119_length_346_cov_9.566802	159	239	4	1	80	0.0125000
NODE_116119_length_346_cov_9.566802	212	292	0	80	80	1.0000000
NODE_116134_length_346_cov_5.506073	157	238	8	7	81	0.0864198
NODE_116134_length_346_cov_5.506073	157	238	10	3	81	0.0370370
NODE_116134_length_346_cov_5.506073	157	238	12	21	81	0.2592593
NODE_116134_length_346_cov_5.506073	157	238	14	4	81	0.0493827
NODE_116134_length_346_cov_5.506073	157	238	16	43	81	0.5308642
NODE_116134_length_346_cov_5.506073	157	238	18	3	81	0.0370370
NODE_116155_length_346_cov_4.368421	205	264	0	59	59	1.0000000
NODE_116159_length_346_cov_4.032389	121	141	0	20	20	1.0000000
NODE_116184_length_346_cov_3.400810	194	253	0	59	59	1.0000000
NODE_116212_length_346_cov_3.008097	183	263	0	80	80	1.0000000
NODE_116257_length_346_cov_2.538462	47	102	0	55	55	1.0000000
NODE_116257_length_346_cov_2.538462	118	173	0	55	55	1.0000000
NODE_116439_length_346_cov_1.700405	71	107	0	36	36	1.0000000
NODE_117035_length_345_cov_47.699187	0	66	0	66	66	1.0000000
NODE_117035_length_345_cov_47.699187	39	119	0	80	80	1.0000000
NODE_117035_length_345_cov_47.699187	115	182	0	67	67	1.0000000
NODE_117035_length_345_cov_47.699187	246	311	2	5	65	0.0769231
NODE_117035_length_345_cov_47.699187	246	311	4	60	65	0.9230769
NODE_117036_length_345_cov_13.439024	28	108	0	80	80	1.0000000
NODE_117036_length_345_cov_13.439024	81	161	0	80	80	1.0000000
NODE_117037_length_345_cov_9.906504	224	283	0	59	59	1.0000000
NODE_117051_length_345_cov_5.475610	52	132	4	1	80	0.0125000
NODE_117051_length_345_cov_5.475610	52	132	6	11	80	0.1375000
NODE_117051_length_345_cov_5.475610	52	132	8	7	80	0.0875000
NODE_117051_length_345_cov_5.475610	52	132	10	3	80	0.0375000
NODE_117051_length_345_cov_5.475610	52	132	15	2	80	0.0250000
NODE_117051_length_345_cov_5.475610	52	132	16	4	80	0.0500000
NODE_117051_length_345_cov_5.475610	52	132	17	5	80	0.0625000
NODE_117051_length_345_cov_5.475610	52	132	20	18	80	0.2250000
NODE_117051_length_345_cov_5.475610	52	132	22	5	80	0.0625000
NODE_117051_length_345_cov_5.475610	52	132	23	7	80	0.0875000
NODE_117051_length_345_cov_5.475610	52	132	24	17	80	0.2125000
NODE_117051_length_345_cov_5.475610	105	185	2	9	80	0.1125000
NODE_117051_length_345_cov_5.475610	105	185	3	1	80	0.0125000
NODE_117051_length_345_cov_5.475610	105	185	4	44	80	0.5500000
NODE_117051_length_345_cov_5.475610	105	185	6	11	80	0.1375000
NODE_117051_length_345_cov_5.475610	105	185	8	7	80	0.0875000
NODE_117051_length_345_cov_5.475610	105	185	10	3	80	0.0375000
NODE_117051_length_345_cov_5.475610	105	185	17	5	80	0.0625000
NODE_117055_length_345_cov_5.321138	104	152	0	48	48	1.0000000
NODE_117065_length_345_cov_4.524390	205	269	0	64	64	1.0000000
NODE_117075_length_345_cov_4.109756	95	157	2	6	62	0.0967742
NODE_117075_length_345_cov_4.109756	95	157	4	33	62	0.5322581
NODE_117075_length_345_cov_4.109756	95	157	6	1	62	0.0161290
NODE_117075_length_345_cov_4.109756	95	157	7	7	62	0.1129032
NODE_117075_length_345_cov_4.109756	95	157	8	15	62	0.2419355
NODE_117075_length_345_cov_4.109756	162	204	4	19	42	0.4523810
NODE_117075_length_345_cov_4.109756	162	204	6	2	42	0.0476190
NODE_117075_length_345_cov_4.109756	162	204	8	21	42	0.5000000
NODE_117076_length_345_cov_4.073171	251	326	0	75	75	1.0000000
NODE_117084_length_345_cov_3.776423	199	273	0	37	74	0.5000000
NODE_117084_length_345_cov_3.776423	199	273	2	37	74	0.5000000
NODE_117084_length_345_cov_3.776423	246	326	0	18	80	0.2250000
NODE_117084_length_345_cov_3.776423	246	326	2	62	80	0.7750000
NODE_117148_length_345_cov_2.821138	61	141	6	1	80	0.0125000
NODE_117148_length_345_cov_2.821138	61	141	10	20	80	0.2500000
NODE_117148_length_345_cov_2.821138	61	141	12	14	80	0.1750000
NODE_117148_length_345_cov_2.821138	61	141	14	45	80	0.5625000
NODE_117205_length_345_cov_2.333333	47	90	6	4	43	0.0930233
NODE_117205_length_345_cov_2.333333	47	90	9	4	43	0.0930233
NODE_117205_length_345_cov_2.333333	47	90	13	2	43	0.0465116
NODE_117205_length_345_cov_2.333333	47	90	15	2	43	0.0465116
NODE_117205_length_345_cov_2.333333	47	90	17	3	43	0.0697674
NODE_117205_length_345_cov_2.333333	47	90	18	2	43	0.0465116
NODE_117205_length_345_cov_2.333333	47	90	20	3	43	0.0697674
NODE_117205_length_345_cov_2.333333	47	90	22	2	43	0.0465116
NODE_117205_length_345_cov_2.333333	47	90	24	1	43	0.0232558
NODE_117205_length_345_cov_2.333333	47	90	26	2	43	0.0465116
NODE_117205_length_345_cov_2.333333	47	90	28	4	43	0.0930233
NODE_117205_length_345_cov_2.333333	47	90	36	2	43	0.0465116
NODE_117205_length_345_cov_2.333333	47	90	38	1	43	0.0232558
NODE_117205_length_345_cov_2.333333	47	90	40	4	43	0.0930233
NODE_117205_length_345_cov_2.333333	47	90	42	2	43	0.0465116
NODE_117205_length_345_cov_2.333333	47	90	46	3	43	0.0697674
NODE_117205_length_345_cov_2.333333	47	90	48	2	43	0.0465116
NODE_117205_length_345_cov_2.333333	63	147	18	1	84	0.0119048
NODE_117205_length_345_cov_2.333333	63	147	20	3	84	0.0357143
NODE_117205_length_345_cov_2.333333	63	147	22	2	84	0.0238095
NODE_117205_length_345_cov_2.333333	63	147	24	1	84	0.0119048
NODE_117205_length_345_cov_2.333333	63	147	26	2	84	0.0238095
NODE_117205_length_345_cov_2.333333	63	147	28	4	84	0.0476190
NODE_117205_length_345_cov_2.333333	63	147	36	2	84	0.0238095
NODE_117205_length_345_cov_2.333333	63	147	38	1	84	0.0119048
NODE_117205_length_345_cov_2.333333	63	147	40	4	84	0.0476190
NODE_117205_length_345_cov_2.333333	63	147	42	2	84	0.0238095
NODE_117205_length_345_cov_2.333333	63	147	46	3	84	0.0357143
NODE_117205_length_345_cov_2.333333	63	147	48	6	84	0.0714286
NODE_117205_length_345_cov_2.333333	63	147	50	12	84	0.1428571
NODE_117205_length_345_cov_2.333333	63	147	52	4	84	0.0476190
NODE_117205_length_345_cov_2.333333	63	147	54	3	84	0.0357143
NODE_117205_length_345_cov_2.333333	63	147	56	6	84	0.0714286
NODE_117205_length_345_cov_2.333333	63	147	58	28	84	0.3333333
NODE_117219_length_345_cov_2.239837	0	81	2	2	81	0.0246914
NODE_117219_length_345_cov_2.239837	0	81	8	1	81	0.0123457
NODE_117219_length_345_cov_2.239837	0	81	11	2	81	0.0246914
NODE_117219_length_345_cov_2.239837	0	81	15	2	81	0.0246914
NODE_117219_length_345_cov_2.239837	0	81	19	2	81	0.0246914
NODE_117219_length_345_cov_2.239837	0	81	21	1	81	0.0123457
NODE_117219_length_345_cov_2.239837	0	81	23	2	81	0.0246914
NODE_117219_length_345_cov_2.239837	0	81	25	2	81	0.0246914
NODE_117219_length_345_cov_2.239837	0	81	27	1	81	0.0123457
NODE_117219_length_345_cov_2.239837	0	81	29	3	81	0.0370370
NODE_117219_length_345_cov_2.239837	0	81	31	1	81	0.0123457
NODE_117219_length_345_cov_2.239837	0	81	33	8	81	0.0987654
NODE_117219_length_345_cov_2.239837	0	81	35	1	81	0.0123457
NODE_117219_length_345_cov_2.239837	0	81	36	2	81	0.0246914
NODE_117219_length_345_cov_2.239837	0	81	38	1	81	0.0123457
NODE_117219_length_345_cov_2.239837	0	81	40	1	81	0.0123457
NODE_117219_length_345_cov_2.239837	0	81	42	2	81	0.0246914
NODE_117219_length_345_cov_2.239837	0	81	44	10	81	0.1234568
NODE_117219_length_345_cov_2.239837	0	81	48	8	81	0.0987654
NODE_117219_length_345_cov_2.239837	0	81	50	6	81	0.0740741
NODE_117219_length_345_cov_2.239837	0	81	52	19	81	0.2345679
NODE_117219_length_345_cov_2.239837	0	81	54	4	81	0.0493827
NODE_117669_length_345_cov_1.040650	6	73	5	10	67	0.1492537
NODE_117669_length_345_cov_1.040650	6	73	6	3	67	0.0447761
NODE_117669_length_345_cov_1.040650	6	73	8	54	67	0.8059701
NODE_117989_length_344_cov_54.020408	6	55	0	20	49	0.4081633
NODE_117989_length_344_cov_54.020408	6	55	2	15	49	0.3061225
NODE_117989_length_344_cov_54.020408	6	55	4	7	49	0.1428571
NODE_117989_length_344_cov_54.020408	6	55	7	7	49	0.1428571
NODE_117989_length_344_cov_54.020408	28	105	2	13	77	0.1688312
NODE_117989_length_344_cov_54.020408	28	105	4	7	77	0.0909091
NODE_117989_length_344_cov_54.020408	28	105	7	15	77	0.1948052
NODE_117989_length_344_cov_54.020408	28	105	9	1	77	0.0129870
NODE_117989_length_344_cov_54.020408	28	105	12	41	77	0.5324675
NODE_117989_length_344_cov_54.020408	28	105	2	13	77	0.1688312
NODE_117989_length_344_cov_54.020408	28	105	4	7	77	0.0909091
NODE_117989_length_344_cov_54.020408	28	105	7	15	77	0.1948052
NODE_117989_length_344_cov_54.020408	28	105	9	1	77	0.0129870
NODE_117989_length_344_cov_54.020408	28	105	12	41	77	0.5324675
NODE_117989_length_344_cov_54.020408	112	178	6	25	66	0.3787879
NODE_117989_length_344_cov_54.020408	112	178	8	16	66	0.2424242
NODE_117989_length_344_cov_54.020408	112	178	10	7	66	0.1060606
NODE_117989_length_344_cov_54.020408	112	178	12	18	66	0.2727273
NODE_118009_length_344_cov_5.016327	72	125	9	4	53	0.0754717
NODE_118009_length_344_cov_5.016327	72	125	11	2	53	0.0377358
NODE_118009_length_344_cov_5.016327	72	125	13	2	53	0.0377358
NODE_118009_length_344_cov_5.016327	72	125	15	1	53	0.0188679
NODE_118009_length_344_cov_5.016327	72	125	17	4	53	0.0754717
NODE_118009_length_344_cov_5.016327	72	125	19	1	53	0.0188679
NODE_118009_length_344_cov_5.016327	72	125	21	1	53	0.0188679
NODE_118009_length_344_cov_5.016327	72	125	25	3	53	0.0566038
NODE_118009_length_344_cov_5.016327	72	125	26	15	53	0.2830189
NODE_118009_length_344_cov_5.016327	72	125	27	11	53	0.2075472
NODE_118009_length_344_cov_5.016327	72	125	28	9	53	0.1698113
NODE_118009_length_344_cov_5.016327	136	203	6	9	67	0.1343284
NODE_118009_length_344_cov_5.016327	136	203	8	1	67	0.0149254
NODE_118009_length_344_cov_5.016327	136	203	10	5	67	0.0746269
NODE_118009_length_344_cov_5.016327	136	203	12	2	67	0.0298507
NODE_118009_length_344_cov_5.016327	136	203	14	4	67	0.0597015
NODE_118009_length_344_cov_5.016327	136	203	16	4	67	0.0597015
NODE_118009_length_344_cov_5.016327	136	203	18	1	67	0.0149254
NODE_118009_length_344_cov_5.016327	136	203	19	3	67	0.0447761
NODE_118009_length_344_cov_5.016327	136	203	21	2	67	0.0298507
NODE_118009_length_344_cov_5.016327	136	203	23	11	67	0.1641791
NODE_118009_length_344_cov_5.016327	136	203	25	8	67	0.1194030
NODE_118009_length_344_cov_5.016327	136	203	26	17	67	0.2537313
NODE_118017_length_344_cov_4.579592	172	254	0	10	82	0.1219512
NODE_118017_length_344_cov_4.579592	172	254	2	72	82	0.8780488
NODE_118045_length_344_cov_3.840816	197	240	0	43	43	1.0000000
NODE_118074_length_344_cov_3.293878	149	189	4	27	40	0.6750000
NODE_118074_length_344_cov_3.293878	149	189	8	13	40	0.3250000
NODE_118074_length_344_cov_3.293878	162	229	4	14	67	0.2089552
NODE_118074_length_344_cov_3.293878	162	229	6	23	67	0.3432836
NODE_118074_length_344_cov_3.293878	162	229	8	30	67	0.4477612
NODE_118111_length_344_cov_2.751020	24	87	2	3	63	0.0476190
NODE_118111_length_344_cov_2.751020	24	87	4	60	63	0.9523810
NODE_118179_length_344_cov_2.126531	274	305	2	31	31	1.0000000
NODE_118243_length_344_cov_1.914286	114	194	0	42	80	0.5250000
NODE_118243_length_344_cov_1.914286	114	194	2	38	80	0.4750000
NODE_118243_length_344_cov_1.914286	167	247	0	80	80	1.0000000
NODE_118297_length_344_cov_1.685714	180	220	4	19	40	0.4750000
NODE_118297_length_344_cov_1.685714	180	220	6	17	40	0.4250000
NODE_118297_length_344_cov_1.685714	180	220	8	4	40	0.1000000
NODE_118393_length_344_cov_1.457143	160	240	24	9	80	0.1125000
NODE_118393_length_344_cov_1.457143	160	240	26	4	80	0.0500000
NODE_118393_length_344_cov_1.457143	160	240	28	11	80	0.1375000
NODE_118393_length_344_cov_1.457143	160	240	30	12	80	0.1500000
NODE_118393_length_344_cov_1.457143	160	240	32	44	80	0.5500000
NODE_118393_length_344_cov_1.457143	213	273	6	3	60	0.0500000
NODE_118393_length_344_cov_1.457143	213	273	8	1	60	0.0166667
NODE_118393_length_344_cov_1.457143	213	273	10	3	60	0.0500000
NODE_118393_length_344_cov_1.457143	213	273	12	4	60	0.0666667
NODE_118393_length_344_cov_1.457143	213	273	14	6	60	0.1000000
NODE_118393_length_344_cov_1.457143	213	273	16	2	60	0.0333333
NODE_118393_length_344_cov_1.457143	213	273	18	2	60	0.0333333
NODE_118393_length_344_cov_1.457143	213	273	20	1	60	0.0166667
NODE_118393_length_344_cov_1.457143	213	273	24	20	60	0.3333333
NODE_118393_length_344_cov_1.457143	213	273	26	4	60	0.0666667
NODE_118393_length_344_cov_1.457143	213	273	28	3	60	0.0500000
NODE_118393_length_344_cov_1.457143	213	273	30	1	60	0.0166667
NODE_118393_length_344_cov_1.457143	213	273	32	10	60	0.1666667
NODE_118743_length_344_cov_0.800000	123	163	4	40	40	1.0000000
NODE_118899_length_343_cov_3.770492	2	60	0	58	58	1.0000000
NODE_118905_length_343_cov_3.598361	97	170	2	6	73	0.0821918
NODE_118905_length_343_cov_3.598361	97	170	4	45	73	0.6164383
NODE_118905_length_343_cov_3.598361	97	170	6	22	73	0.3013699
NODE_118905_length_343_cov_3.598361	150	223	0	12	73	0.1643836
NODE_118905_length_343_cov_3.598361	150	223	2	47	73	0.6438356
NODE_118905_length_343_cov_3.598361	150	223	4	14	73	0.1917808
NODE_118911_length_343_cov_3.401639	48	128	16	2	80	0.0250000
NODE_118911_length_343_cov_3.401639	48	128	18	1	80	0.0125000
NODE_118911_length_343_cov_3.401639	48	128	20	1	80	0.0125000
NODE_118911_length_343_cov_3.401639	48	128	21	1	80	0.0125000
NODE_118911_length_343_cov_3.401639	48	128	24	6	80	0.0750000
NODE_118911_length_343_cov_3.401639	48	128	26	4	80	0.0500000
NODE_118911_length_343_cov_3.401639	48	128	28	5	80	0.0625000
NODE_118911_length_343_cov_3.401639	48	128	30	2	80	0.0250000
NODE_118911_length_343_cov_3.401639	48	128	34	6	80	0.0750000
NODE_118911_length_343_cov_3.401639	48	128	36	1	80	0.0125000
NODE_118911_length_343_cov_3.401639	48	128	43	1	80	0.0125000
NODE_118911_length_343_cov_3.401639	48	128	47	7	80	0.0875000
NODE_118911_length_343_cov_3.401639	48	128	51	11	80	0.1375000
NODE_118911_length_343_cov_3.401639	48	128	53	1	80	0.0125000
NODE_118911_length_343_cov_3.401639	48	128	55	1	80	0.0125000
NODE_118911_length_343_cov_3.401639	48	128	58	1	80	0.0125000
NODE_118911_length_343_cov_3.401639	48	128	60	2	80	0.0250000
NODE_118911_length_343_cov_3.401639	48	128	61	7	80	0.0875000
NODE_118911_length_343_cov_3.401639	48	128	62	6	80	0.0750000
NODE_118911_length_343_cov_3.401639	48	128	64	12	80	0.1500000
NODE_118911_length_343_cov_3.401639	48	128	66	2	80	0.0250000
NODE_118941_length_343_cov_3.049180	12	62	0	50	50	1.0000000
NODE_118941_length_343_cov_3.049180	82	111	0	5	29	0.1724138
NODE_118941_length_343_cov_3.049180	82	111	2	24	29	0.8275862
NODE_118941_length_343_cov_3.049180	133	205	4	48	72	0.6666667
NODE_118941_length_343_cov_3.049180	133	205	6	6	72	0.0833333
NODE_118941_length_343_cov_3.049180	133	205	10	1	72	0.0138889
NODE_118941_length_343_cov_3.049180	133	205	12	1	72	0.0138889
NODE_118941_length_343_cov_3.049180	133	205	15	5	72	0.0694444
NODE_118941_length_343_cov_3.049180	133	205	17	7	72	0.0972222
NODE_118941_length_343_cov_3.049180	133	205	19	4	72	0.0555556
NODE_118957_length_343_cov_2.770492	236	316	8	7	80	0.0875000
NODE_118957_length_343_cov_2.770492	236	316	15	14	80	0.1750000
NODE_118957_length_343_cov_2.770492	236	316	19	1	80	0.0125000
NODE_118957_length_343_cov_2.770492	236	316	20	3	80	0.0375000
NODE_118957_length_343_cov_2.770492	236	316	22	4	80	0.0500000
NODE_118957_length_343_cov_2.770492	236	316	24	1	80	0.0125000
NODE_118957_length_343_cov_2.770492	236	316	30	2	80	0.0250000
NODE_118957_length_343_cov_2.770492	236	316	32	2	80	0.0250000
NODE_118957_length_343_cov_2.770492	236	316	34	1	80	0.0125000
NODE_118957_length_343_cov_2.770492	236	316	38	1	80	0.0125000
NODE_118957_length_343_cov_2.770492	236	316	42	2	80	0.0250000
NODE_118957_length_343_cov_2.770492	236	316	46	6	80	0.0750000
NODE_118957_length_343_cov_2.770492	236	316	50	2	80	0.0250000
NODE_118957_length_343_cov_2.770492	236	316	54	5	80	0.0625000
NODE_118957_length_343_cov_2.770492	236	316	56	4	80	0.0500000
NODE_118957_length_343_cov_2.770492	236	316	58	3	80	0.0375000
NODE_118957_length_343_cov_2.770492	236	316	61	2	80	0.0250000
NODE_118957_length_343_cov_2.770492	236	316	63	1	80	0.0125000
NODE_118957_length_343_cov_2.770492	236	316	65	3	80	0.0375000
NODE_118957_length_343_cov_2.770492	236	316	67	2	80	0.0250000
NODE_118957_length_343_cov_2.770492	236	316	68	6	80	0.0750000
NODE_118957_length_343_cov_2.770492	236	316	70	1	80	0.0125000
NODE_118957_length_343_cov_2.770492	236	316	76	3	80	0.0375000
NODE_118957_length_343_cov_2.770492	236	316	84	3	80	0.0375000
NODE_118957_length_343_cov_2.770492	236	316	86	1	80	0.0125000
NODE_118978_length_343_cov_2.590164	167	225	0	4	58	0.0689655
NODE_118978_length_343_cov_2.590164	167	225	1	1	58	0.0172414
NODE_118978_length_343_cov_2.590164	167	225	2	9	58	0.1551724
NODE_118978_length_343_cov_2.590164	167	225	4	4	58	0.0689655
NODE_118978_length_343_cov_2.590164	167	225	6	10	58	0.1724138
NODE_118978_length_343_cov_2.590164	167	225	8	12	58	0.2068966
NODE_118978_length_343_cov_2.590164	167	225	9	1	58	0.0172414
NODE_118978_length_343_cov_2.590164	167	225	10	1	58	0.0172414
NODE_118978_length_343_cov_2.590164	167	225	13	16	58	0.2758621
NODE_118998_length_343_cov_2.430328	208	274	8	66	66	1.0000000
NODE_119040_length_343_cov_2.209016	32	111	0	79	79	1.0000000
NODE_119067_length_343_cov_2.081967	95	177	0	82	82	1.0000000
NODE_119067_length_343_cov_2.081967	150	199	0	49	49	1.0000000
NODE_119202_length_343_cov_1.635246	0	52	0	38	52	0.7307692
NODE_119202_length_343_cov_1.635246	0	52	2	14	52	0.2692308
NODE_119439_length_343_cov_1.143443	60	120	0	42	60	0.7000000
NODE_119439_length_343_cov_1.143443	60	120	2	18	60	0.3000000
NODE_119834_length_342_cov_3.872428	136	216	2	8	80	0.1000000
NODE_119834_length_342_cov_3.872428	136	216	3	6	80	0.0750000
NODE_119834_length_342_cov_3.872428	136	216	4	29	80	0.3625000
NODE_119834_length_342_cov_3.872428	136	216	5	3	80	0.0375000
NODE_119834_length_342_cov_3.872428	136	216	6	24	80	0.3000000
NODE_119834_length_342_cov_3.872428	136	216	8	10	80	0.1250000
NODE_119834_length_342_cov_3.872428	189	259	4	3	70	0.0428571
NODE_119834_length_342_cov_3.872428	189	259	6	67	70	0.9571428
NODE_119840_length_342_cov_3.769547	146	212	0	66	66	1.0000000
NODE_119841_length_342_cov_3.740741	113	146	0	33	33	1.0000000
NODE_119846_length_342_cov_3.674897	20	100	0	29	80	0.3625000
NODE_119846_length_342_cov_3.674897	20	100	6	51	80	0.6375000
NODE_119846_length_342_cov_3.674897	73	153	0	80	80	1.0000000
NODE_119847_length_342_cov_3.588477	117	197	4	80	80	1.0000000
NODE_119849_length_342_cov_3.530864	72	151	0	79	79	1.0000000
NODE_119852_length_342_cov_3.423868	172	252	2	1	80	0.0125000
NODE_119852_length_342_cov_3.423868	172	252	4	79	80	0.9875000
NODE_119852_length_342_cov_3.423868	225	283	0	5	58	0.0862069
NODE_119852_length_342_cov_3.423868	225	283	2	27	58	0.4655173
NODE_119852_length_342_cov_3.423868	225	283	4	26	58	0.4482759
NODE_119922_length_342_cov_2.432099	16	81	0	5	65	0.0769231
NODE_119922_length_342_cov_2.432099	16	81	6	60	65	0.9230769
NODE_119993_length_342_cov_2.049383	249	317	0	11	68	0.1617647
NODE_119993_length_342_cov_2.049383	249	317	2	57	68	0.8382353
NODE_120047_length_342_cov_1.864198	138	190	8	8	52	0.1538462
NODE_120047_length_342_cov_1.864198	138	190	10	16	52	0.3076923
NODE_120047_length_342_cov_1.864198	138	190	11	1	52	0.0192308
NODE_120047_length_342_cov_1.864198	138	190	12	7	52	0.1346154
NODE_120047_length_342_cov_1.864198	138	190	14	2	52	0.0384615
NODE_120047_length_342_cov_1.864198	138	190	16	12	52	0.2307692
NODE_120047_length_342_cov_1.864198	138	190	18	6	52	0.1153846
NODE_120047_length_342_cov_1.864198	183	243	14	7	60	0.1166667
NODE_120047_length_342_cov_1.864198	183	243	16	44	60	0.7333333
NODE_120047_length_342_cov_1.864198	183	243	18	9	60	0.1500000
NODE_120073_length_342_cov_1.720165	91	147	10	4	56	0.0714286
NODE_120073_length_342_cov_1.720165	91	147	11	14	56	0.2500000
NODE_120073_length_342_cov_1.720165	91	147	12	38	56	0.6785714
NODE_120284_length_342_cov_1.271605	201	240	2	4	39	0.1025641
NODE_120284_length_342_cov_1.271605	201	240	4	15	39	0.3846154
NODE_120284_length_342_cov_1.271605	201	240	6	20	39	0.5128205
NODE_120755_length_341_cov_15.896694	50	130	0	80	80	1.0000000
NODE_120755_length_341_cov_15.896694	103	183	0	80	80	1.0000000
NODE_120757_length_341_cov_9.756198	117	196	0	79	79	1.0000000
NODE_120770_length_341_cov_5.404959	141	220	1	6	79	0.0759494
NODE_120770_length_341_cov_5.404959	141	220	2	63	79	0.7974684
NODE_120770_length_341_cov_5.404959	141	220	3	6	79	0.0759494
NODE_120770_length_341_cov_5.404959	141	220	4	4	79	0.0506329
NODE_120780_length_341_cov_4.669421	301	320	0	19	19	1.0000000
NODE_120783_length_341_cov_4.438017	57	132	2	22	75	0.2933333
NODE_120783_length_341_cov_4.438017	57	132	4	16	75	0.2133333
NODE_120783_length_341_cov_4.438017	57	132	10	3	75	0.0400000
NODE_120783_length_341_cov_4.438017	57	132	11	1	75	0.0133333
NODE_120783_length_341_cov_4.438017	57	132	12	33	75	0.4400000
NODE_120783_length_341_cov_4.438017	110	185	10	18	75	0.2400000
NODE_120783_length_341_cov_4.438017	110	185	11	1	75	0.0133333
NODE_120783_length_341_cov_4.438017	110	185	12	18	75	0.2400000
NODE_120783_length_341_cov_4.438017	110	185	14	38	75	0.5066667
NODE_120785_length_341_cov_4.400826	164	244	0	80	80	1.0000000
NODE_120785_length_341_cov_4.400826	224	297	0	73	73	1.0000000
NODE_120797_length_341_cov_3.896694	58	122	14	8	64	0.1250000
NODE_120797_length_341_cov_3.896694	58	122	18	4	64	0.0625000
NODE_120797_length_341_cov_3.896694	58	122	20	4	64	0.0625000
NODE_120797_length_341_cov_3.896694	58	122	22	3	64	0.0468750
NODE_120797_length_341_cov_3.896694	58	122	24	4	64	0.0625000
NODE_120797_length_341_cov_3.896694	58	122	25	7	64	0.1093750
NODE_120797_length_341_cov_3.896694	58	122	26	12	64	0.1875000
NODE_120797_length_341_cov_3.896694	58	122	27	7	64	0.1093750
NODE_120797_length_341_cov_3.896694	58	122	28	3	64	0.0468750
NODE_120797_length_341_cov_3.896694	58	122	29	4	64	0.0625000
NODE_120797_length_341_cov_3.896694	58	122	31	1	64	0.0156250
NODE_120797_length_341_cov_3.896694	58	122	32	7	64	0.1093750
NODE_120805_length_341_cov_3.727273	191	273	12	54	82	0.6585366
NODE_120805_length_341_cov_3.727273	191	273	13	6	82	0.0731707
NODE_120805_length_341_cov_3.727273	191	273	14	22	82	0.2682927
NODE_120805_length_341_cov_3.727273	253	326	2	13	73	0.1780822
NODE_120805_length_341_cov_3.727273	253	326	4	2	73	0.0273973
NODE_120805_length_341_cov_3.727273	253	326	5	6	73	0.0821918
NODE_120805_length_341_cov_3.727273	253	326	6	12	73	0.1643836
NODE_120805_length_341_cov_3.727273	253	326	8	2	73	0.0273973
NODE_120805_length_341_cov_3.727273	253	326	10	11	73	0.1506849
NODE_120805_length_341_cov_3.727273	253	326	12	27	73	0.3698630
NODE_120839_length_341_cov_3.000000	91	161	0	1	70	0.0142857
NODE_120839_length_341_cov_3.000000	91	161	2	69	70	0.9857143
NODE_120839_length_341_cov_3.000000	146	215	0	55	69	0.7971014
NODE_120839_length_341_cov_3.000000	146	215	2	14	69	0.2028985
NODE_120840_length_341_cov_3.000000	127	207	0	52	80	0.6500000
NODE_120840_length_341_cov_3.000000	127	207	4	28	80	0.3500000
NODE_120892_length_341_cov_2.533058	92	172	4	26	80	0.3250000
NODE_120892_length_341_cov_2.533058	92	172	6	54	80	0.6750000
NODE_120901_length_341_cov_2.495868	8	89	2	80	81	0.9876543
NODE_120901_length_341_cov_2.495868	8	89	3	1	81	0.0123457
NODE_120946_length_341_cov_2.235537	10	90	0	48	80	0.6000000
NODE_120946_length_341_cov_2.235537	10	90	2	7	80	0.0875000
NODE_120946_length_341_cov_2.235537	10	90	4	25	80	0.3125000
NODE_120972_length_341_cov_2.103306	46	125	0	74	79	0.9367089
NODE_120972_length_341_cov_2.103306	46	125	4	5	79	0.0632911
NODE_120994_length_341_cov_2.066116	147	184	6	1	37	0.0270270
NODE_120994_length_341_cov_2.066116	147	184	12	2	37	0.0540541
NODE_120994_length_341_cov_2.066116	147	184	14	4	37	0.1081081
NODE_120994_length_341_cov_2.066116	147	184	16	4	37	0.1081081
NODE_120994_length_341_cov_2.066116	147	184	18	9	37	0.2432432
NODE_120994_length_341_cov_2.066116	147	184	20	17	37	0.4594595
NODE_121052_length_341_cov_1.772727	179	250	0	71	71	1.0000000
NODE_121064_length_341_cov_1.727273	105	185	0	80	80	1.0000000
NODE_121160_length_341_cov_1.475207	120	185	6	65	65	1.0000000
NODE_121160_length_341_cov_1.475207	158	238	2	13	80	0.1625000
NODE_121160_length_341_cov_1.475207	158	238	4	33	80	0.4125000
NODE_121160_length_341_cov_1.475207	158	238	6	34	80	0.4250000
NODE_121173_length_341_cov_1.471074	186	266	4	5	80	0.0625000
NODE_121173_length_341_cov_1.471074	186	266	10	25	80	0.3125000
NODE_121173_length_341_cov_1.471074	186	266	14	50	80	0.6250000
NODE_121173_length_341_cov_1.471074	239	319	0	30	80	0.3750000
NODE_121173_length_341_cov_1.471074	239	319	4	28	80	0.3500000
NODE_121173_length_341_cov_1.471074	239	319	14	22	80	0.2750000
NODE_121211_length_341_cov_1.342975	284	322	0	38	38	1.0000000
NODE_121431_length_341_cov_0.991736	36	89	2	53	53	1.0000000
NODE_121693_length_340_cov_541.348548	86	144	528	1	58	0.0172414
NODE_121693_length_340_cov_541.348548	86	144	532	1	58	0.0172414
NODE_121693_length_340_cov_541.348548	86	144	548	1	58	0.0172414
NODE_121693_length_340_cov_541.348548	86	144	551	1	58	0.0172414
NODE_121693_length_340_cov_541.348548	86	144	555	1	58	0.0172414
NODE_121693_length_340_cov_541.348548	86	144	567	1	58	0.0172414
NODE_121693_length_340_cov_541.348548	86	144	582	1	58	0.0172414
NODE_121693_length_340_cov_541.348548	86	144	585	1	58	0.0172414
NODE_121693_length_340_cov_541.348548	86	144	595	1	58	0.0172414
NODE_121693_length_340_cov_541.348548	86	144	628	1	58	0.0172414
NODE_121693_length_340_cov_541.348548	86	144	643	1	58	0.0172414
NODE_121693_length_340_cov_541.348548	86	144	648	1	58	0.0172414
NODE_121693_length_340_cov_541.348548	86	144	658	1	58	0.0172414
NODE_121693_length_340_cov_541.348548	86	144	682	1	58	0.0172414
NODE_121693_length_340_cov_541.348548	86	144	695	1	58	0.0172414
NODE_121693_length_340_cov_541.348548	86	144	701	1	58	0.0172414
NODE_121693_length_340_cov_541.348548	86	144	717	1	58	0.0172414
NODE_121693_length_340_cov_541.348548	86	144	723	1	58	0.0172414
NODE_121693_length_340_cov_541.348548	86	144	731	1	58	0.0172414
NODE_121693_length_340_cov_541.348548	86	144	743	1	58	0.0172414
NODE_121693_length_340_cov_541.348548	86	144	758	1	58	0.0172414
NODE_121693_length_340_cov_541.348548	86	144	783	2	58	0.0344828
NODE_121693_length_340_cov_541.348548	86	144	790	1	58	0.0172414
NODE_121693_length_340_cov_541.348548	86	144	798	1	58	0.0172414
NODE_121693_length_340_cov_541.348548	86	144	804	1	58	0.0172414
NODE_121693_length_340_cov_541.348548	86	144	828	1	58	0.0172414
NODE_121693_length_340_cov_541.348548	86	144	832	1	58	0.0172414
NODE_121693_length_340_cov_541.348548	86	144	834	1	58	0.0172414
NODE_121693_length_340_cov_541.348548	86	144	850	1	58	0.0172414
NODE_121693_length_340_cov_541.348548	86	144	870	1	58	0.0172414
NODE_121693_length_340_cov_541.348548	86	144	872	1	58	0.0172414
NODE_121693_length_340_cov_541.348548	86	144	874	1	58	0.0172414
NODE_121693_length_340_cov_541.348548	86	144	891	1	58	0.0172414
NODE_121693_length_340_cov_541.348548	86	144	912	1	58	0.0172414
NODE_121693_length_340_cov_541.348548	86	144	923	1	58	0.0172414
NODE_121693_length_340_cov_541.348548	86	144	926	1	58	0.0172414
NODE_121693_length_340_cov_541.348548	86	144	935	1	58	0.0172414
NODE_121693_length_340_cov_541.348548	86	144	938	1	58	0.0172414
NODE_121693_length_340_cov_541.348548	86	144	959	1	58	0.0172414
NODE_121693_length_340_cov_541.348548	86	144	961	1	58	0.0172414
NODE_121693_length_340_cov_541.348548	86	144	985	1	58	0.0172414
NODE_121693_length_340_cov_541.348548	86	144	987	1	58	0.0172414
NODE_121693_length_340_cov_541.348548	86	144	1009	1	58	0.0172414
NODE_121693_length_340_cov_541.348548	86	144	1013	1	58	0.0172414
NODE_121693_length_340_cov_541.348548	86	144	1045	1	58	0.0172414
NODE_121693_length_340_cov_541.348548	86	144	1061	1	58	0.0172414
NODE_121693_length_340_cov_541.348548	86	144	1077	2	58	0.0344828
NODE_121693_length_340_cov_541.348548	86	144	1090	1	58	0.0172414
NODE_121693_length_340_cov_541.348548	86	144	1112	1	58	0.0172414
NODE_121693_length_340_cov_541.348548	86	144	1137	1	58	0.0172414
NODE_121693_length_340_cov_541.348548	86	144	1154	1	58	0.0172414
NODE_121693_length_340_cov_541.348548	86	144	1173	1	58	0.0172414
NODE_121693_length_340_cov_541.348548	86	144	1194	1	58	0.0172414
NODE_121693_length_340_cov_541.348548	86	144	1206	1	58	0.0172414
NODE_121693_length_340_cov_541.348548	86	144	1234	1	58	0.0172414
NODE_121693_length_340_cov_541.348548	86	144	1263	1	58	0.0172414
NODE_121693_length_340_cov_541.348548	86	154	528	1	68	0.0147059
NODE_121693_length_340_cov_541.348548	86	154	532	1	68	0.0147059
NODE_121693_length_340_cov_541.348548	86	154	548	1	68	0.0147059
NODE_121693_length_340_cov_541.348548	86	154	551	1	68	0.0147059
NODE_121693_length_340_cov_541.348548	86	154	555	1	68	0.0147059
NODE_121693_length_340_cov_541.348548	86	154	567	1	68	0.0147059
NODE_121693_length_340_cov_541.348548	86	154	582	1	68	0.0147059
NODE_121693_length_340_cov_541.348548	86	154	585	1	68	0.0147059
NODE_121693_length_340_cov_541.348548	86	154	595	1	68	0.0147059
NODE_121693_length_340_cov_541.348548	86	154	628	1	68	0.0147059
NODE_121693_length_340_cov_541.348548	86	154	643	1	68	0.0147059
NODE_121693_length_340_cov_541.348548	86	154	648	1	68	0.0147059
NODE_121693_length_340_cov_541.348548	86	154	658	1	68	0.0147059
NODE_121693_length_340_cov_541.348548	86	154	682	1	68	0.0147059
NODE_121693_length_340_cov_541.348548	86	154	695	1	68	0.0147059
NODE_121693_length_340_cov_541.348548	86	154	701	1	68	0.0147059
NODE_121693_length_340_cov_541.348548	86	154	717	1	68	0.0147059
NODE_121693_length_340_cov_541.348548	86	154	723	1	68	0.0147059
NODE_121693_length_340_cov_541.348548	86	154	731	1	68	0.0147059
NODE_121693_length_340_cov_541.348548	86	154	743	1	68	0.0147059
NODE_121693_length_340_cov_541.348548	86	154	758	1	68	0.0147059
NODE_121693_length_340_cov_541.348548	86	154	783	2	68	0.0294118
NODE_121693_length_340_cov_541.348548	86	154	790	1	68	0.0147059
NODE_121693_length_340_cov_541.348548	86	154	798	1	68	0.0147059
NODE_121693_length_340_cov_541.348548	86	154	804	1	68	0.0147059
NODE_121693_length_340_cov_541.348548	86	154	828	1	68	0.0147059
NODE_121693_length_340_cov_541.348548	86	154	832	1	68	0.0147059
NODE_121693_length_340_cov_541.348548	86	154	834	1	68	0.0147059
NODE_121693_length_340_cov_541.348548	86	154	850	1	68	0.0147059
NODE_121693_length_340_cov_541.348548	86	154	870	1	68	0.0147059
NODE_121693_length_340_cov_541.348548	86	154	872	1	68	0.0147059
NODE_121693_length_340_cov_541.348548	86	154	874	1	68	0.0147059
NODE_121693_length_340_cov_541.348548	86	154	891	1	68	0.0147059
NODE_121693_length_340_cov_541.348548	86	154	912	1	68	0.0147059
NODE_121693_length_340_cov_541.348548	86	154	923	1	68	0.0147059
NODE_121693_length_340_cov_541.348548	86	154	926	1	68	0.0147059
NODE_121693_length_340_cov_541.348548	86	154	935	1	68	0.0147059
NODE_121693_length_340_cov_541.348548	86	154	938	1	68	0.0147059
NODE_121693_length_340_cov_541.348548	86	154	959	1	68	0.0147059
NODE_121693_length_340_cov_541.348548	86	154	961	1	68	0.0147059
NODE_121693_length_340_cov_541.348548	86	154	985	1	68	0.0147059
NODE_121693_length_340_cov_541.348548	86	154	987	1	68	0.0147059
NODE_121693_length_340_cov_541.348548	86	154	1009	1	68	0.0147059
NODE_121693_length_340_cov_541.348548	86	154	1013	1	68	0.0147059
NODE_121693_length_340_cov_541.348548	86	154	1045	1	68	0.0147059
NODE_121693_length_340_cov_541.348548	86	154	1061	1	68	0.0147059
NODE_121693_length_340_cov_541.348548	86	154	1077	2	68	0.0294118
NODE_121693_length_340_cov_541.348548	86	154	1090	1	68	0.0147059
NODE_121693_length_340_cov_541.348548	86	154	1112	1	68	0.0147059
NODE_121693_length_340_cov_541.348548	86	154	1137	1	68	0.0147059
NODE_121693_length_340_cov_541.348548	86	154	1154	1	68	0.0147059
NODE_121693_length_340_cov_541.348548	86	154	1173	1	68	0.0147059
NODE_121693_length_340_cov_541.348548	86	154	1194	1	68	0.0147059
NODE_121693_length_340_cov_541.348548	86	154	1206	1	68	0.0147059
NODE_121693_length_340_cov_541.348548	86	154	1234	1	68	0.0147059
NODE_121693_length_340_cov_541.348548	86	154	1256	1	68	0.0147059
NODE_121693_length_340_cov_541.348548	86	154	1260	1	68	0.0147059
NODE_121693_length_340_cov_541.348548	86	154	1263	1	68	0.0147059
NODE_121693_length_340_cov_541.348548	86	154	1266	1	68	0.0147059
NODE_121693_length_340_cov_541.348548	86	154	1268	1	68	0.0147059
NODE_121693_length_340_cov_541.348548	86	154	1270	1	68	0.0147059
NODE_121693_length_340_cov_541.348548	86	154	1271	2	68	0.0294118
NODE_121693_length_340_cov_541.348548	86	154	1281	2	68	0.0294118
NODE_121693_length_340_cov_541.348548	86	154	1322	1	68	0.0147059
NODE_121693_length_340_cov_541.348548	86	107	528	1	21	0.0476190
NODE_121693_length_340_cov_541.348548	86	107	532	1	21	0.0476190
NODE_121693_length_340_cov_541.348548	86	107	548	1	21	0.0476190
NODE_121693_length_340_cov_541.348548	86	107	551	1	21	0.0476190
NODE_121693_length_340_cov_541.348548	86	107	555	1	21	0.0476190
NODE_121693_length_340_cov_541.348548	86	107	567	1	21	0.0476190
NODE_121693_length_340_cov_541.348548	86	107	582	1	21	0.0476190
NODE_121693_length_340_cov_541.348548	86	107	585	1	21	0.0476190
NODE_121693_length_340_cov_541.348548	86	107	595	1	21	0.0476190
NODE_121693_length_340_cov_541.348548	86	107	628	1	21	0.0476190
NODE_121693_length_340_cov_541.348548	86	107	643	1	21	0.0476190
NODE_121693_length_340_cov_541.348548	86	107	648	1	21	0.0476190
NODE_121693_length_340_cov_541.348548	86	107	658	1	21	0.0476190
NODE_121693_length_340_cov_541.348548	86	107	682	1	21	0.0476190
NODE_121693_length_340_cov_541.348548	86	107	695	1	21	0.0476190
NODE_121693_length_340_cov_541.348548	86	107	701	1	21	0.0476190
NODE_121693_length_340_cov_541.348548	86	107	717	1	21	0.0476190
NODE_121693_length_340_cov_541.348548	86	107	723	1	21	0.0476190
NODE_121693_length_340_cov_541.348548	86	107	731	1	21	0.0476190
NODE_121693_length_340_cov_541.348548	86	107	743	1	21	0.0476190
NODE_121693_length_340_cov_541.348548	86	107	758	1	21	0.0476190
NODE_121694_length_340_cov_50.755187	196	266	24	14	70	0.2000000
NODE_121694_length_340_cov_50.755187	196	266	26	23	70	0.3285714
NODE_121694_length_340_cov_50.755187	196	266	28	23	70	0.3285714
NODE_121694_length_340_cov_50.755187	196	266	30	10	70	0.1428571
NODE_121696_length_340_cov_8.917012	240	270	0	2	30	0.0666667
NODE_121696_length_340_cov_8.917012	240	270	2	28	30	0.9333333
NODE_121696_length_340_cov_8.917012	243	315	0	47	72	0.6527778
NODE_121696_length_340_cov_8.917012	243	315	2	25	72	0.3472222
NODE_121702_length_340_cov_6.439834	175	255	0	80	80	1.0000000
NODE_121702_length_340_cov_6.439834	228	310	0	82	82	1.0000000
NODE_121708_length_340_cov_5.883817	72	121	2	2	49	0.0408163
NODE_121708_length_340_cov_5.883817	72	121	4	3	49	0.0612245
NODE_121708_length_340_cov_5.883817	72	121	10	1	49	0.0204082
NODE_121708_length_340_cov_5.883817	72	121	14	1	49	0.0204082
NODE_121708_length_340_cov_5.883817	72	121	16	4	49	0.0816327
NODE_121708_length_340_cov_5.883817	72	121	18	38	49	0.7755102
NODE_121708_length_340_cov_5.883817	82	113	16	3	31	0.0967742
NODE_121708_length_340_cov_5.883817	82	113	18	28	31	0.9032258
NODE_121714_length_340_cov_5.228216	116	186	0	38	70	0.5428572
NODE_121714_length_340_cov_5.228216	116	186	4	10	70	0.1428571
NODE_121714_length_340_cov_5.228216	116	186	8	22	70	0.3142857
NODE_121714_length_340_cov_5.228216	159	201	4	5	42	0.1190476
NODE_121714_length_340_cov_5.228216	159	201	8	37	42	0.8809524
NODE_121730_length_340_cov_4.497925	136	184	0	48	48	1.0000000
NODE_121752_length_340_cov_3.759336	88	169	0	2	81	0.0246914
NODE_121752_length_340_cov_3.759336	88	169	2	46	81	0.5679013
NODE_121752_length_340_cov_3.759336	88	169	4	16	81	0.1975309
NODE_121752_length_340_cov_3.759336	88	169	6	17	81	0.2098765
NODE_121849_length_340_cov_2.506224	68	114	0	46	46	1.0000000
NODE_121951_length_340_cov_1.995851	29	101	0	26	72	0.3611111
NODE_121951_length_340_cov_1.995851	29	101	2	7	72	0.0972222
NODE_121951_length_340_cov_1.995851	29	101	6	17	72	0.2361111
NODE_121951_length_340_cov_1.995851	29	101	10	1	72	0.0138889
NODE_121951_length_340_cov_1.995851	29	101	12	4	72	0.0555556
NODE_121951_length_340_cov_1.995851	29	101	14	16	72	0.2222222
NODE_121951_length_340_cov_1.995851	29	101	17	1	72	0.0138889
NODE_121951_length_340_cov_1.995851	96	143	14	4	47	0.0851064
NODE_121951_length_340_cov_1.995851	96	143	17	12	47	0.2553191
NODE_121951_length_340_cov_1.995851	96	143	19	5	47	0.1063830
NODE_121951_length_340_cov_1.995851	96	143	20	7	47	0.1489362
NODE_121951_length_340_cov_1.995851	96	143	22	2	47	0.0425532
NODE_121951_length_340_cov_1.995851	96	143	24	6	47	0.1276596
NODE_121951_length_340_cov_1.995851	96	143	28	7	47	0.1489362
NODE_121951_length_340_cov_1.995851	96	143	30	4	47	0.0851064
NODE_122154_length_340_cov_1.427386	244	274	0	30	30	1.0000000
NODE_122218_length_340_cov_1.282158	71	135	2	34	64	0.5312500
NODE_122218_length_340_cov_1.282158	71	135	4	12	64	0.1875000
NODE_122218_length_340_cov_1.282158	71	135	6	18	64	0.2812500
NODE_122218_length_340_cov_1.282158	128	188	4	26	60	0.4333333
NODE_122218_length_340_cov_1.282158	128	188	6	34	60	0.5666667
NODE_122218_length_340_cov_1.282158	142	189	4	27	47	0.5744681
NODE_122218_length_340_cov_1.282158	142	189	6	20	47	0.4255319
NODE_122220_length_340_cov_1.278008	51	102	2	38	51	0.7450981
NODE_122220_length_340_cov_1.278008	51	102	4	13	51	0.2549020
NODE_122321_length_340_cov_1.199170	98	160	0	11	62	0.1774193
NODE_122321_length_340_cov_1.199170	98	160	4	51	62	0.8225806
NODE_122381_length_340_cov_1.070539	32	65	0	33	33	1.0000000
NODE_122429_length_340_cov_1.020747	209	228	0	19	19	1.0000000
NODE_122686_length_339_cov_87.841667	149	227	89	2	78	0.0256410
NODE_122686_length_339_cov_87.841667	149	227	95	3	78	0.0384615
NODE_122686_length_339_cov_87.841667	149	227	97	1	78	0.0128205
NODE_122686_length_339_cov_87.841667	149	227	99	1	78	0.0128205
NODE_122686_length_339_cov_87.841667	149	227	107	1	78	0.0128205
NODE_122686_length_339_cov_87.841667	149	227	109	1	78	0.0128205
NODE_122686_length_339_cov_87.841667	149	227	111	1	78	0.0128205
NODE_122686_length_339_cov_87.841667	149	227	113	1	78	0.0128205
NODE_122686_length_339_cov_87.841667	149	227	117	1	78	0.0128205
NODE_122686_length_339_cov_87.841667	149	227	122	1	78	0.0128205
NODE_122686_length_339_cov_87.841667	149	227	123	1	78	0.0128205
NODE_122686_length_339_cov_87.841667	149	227	124	1	78	0.0128205
NODE_122686_length_339_cov_87.841667	149	227	132	2	78	0.0256410
NODE_122686_length_339_cov_87.841667	149	227	134	1	78	0.0128205
NODE_122686_length_339_cov_87.841667	149	227	135	1	78	0.0128205
NODE_122686_length_339_cov_87.841667	149	227	137	1	78	0.0128205
NODE_122686_length_339_cov_87.841667	149	227	139	2	78	0.0256410
NODE_122686_length_339_cov_87.841667	149	227	140	1	78	0.0128205
NODE_122686_length_339_cov_87.841667	149	227	145	3	78	0.0384615
NODE_122686_length_339_cov_87.841667	149	227	153	1	78	0.0128205
NODE_122686_length_339_cov_87.841667	149	227	156	2	78	0.0256410
NODE_122686_length_339_cov_87.841667	149	227	157	2	78	0.0256410
NODE_122686_length_339_cov_87.841667	149	227	158	1	78	0.0128205
NODE_122686_length_339_cov_87.841667	149	227	159	1	78	0.0128205
NODE_122686_length_339_cov_87.841667	149	227	160	1	78	0.0128205
NODE_122686_length_339_cov_87.841667	149	227	167	1	78	0.0128205
NODE_122686_length_339_cov_87.841667	149	227	170	1	78	0.0128205
NODE_122686_length_339_cov_87.841667	149	227	172	1	78	0.0128205
NODE_122686_length_339_cov_87.841667	149	227	174	3	78	0.0384615
NODE_122686_length_339_cov_87.841667	149	227	176	1	78	0.0128205
NODE_122686_length_339_cov_87.841667	149	227	178	3	78	0.0384615
NODE_122686_length_339_cov_87.841667	149	227	179	1	78	0.0128205
NODE_122686_length_339_cov_87.841667	149	227	181	1	78	0.0128205
NODE_122686_length_339_cov_87.841667	149	227	182	1	78	0.0128205
NODE_122686_length_339_cov_87.841667	149	227	183	3	78	0.0384615
NODE_122686_length_339_cov_87.841667	149	227	185	1	78	0.0128205
NODE_122686_length_339_cov_87.841667	149	227	187	3	78	0.0384615
NODE_122686_length_339_cov_87.841667	149	227	188	1	78	0.0128205
NODE_122686_length_339_cov_87.841667	149	227	192	1	78	0.0128205
NODE_122686_length_339_cov_87.841667	149	227	194	1	78	0.0128205
NODE_122686_length_339_cov_87.841667	149	227	196	1	78	0.0128205
NODE_122686_length_339_cov_87.841667	149	227	200	1	78	0.0128205
NODE_122686_length_339_cov_87.841667	149	227	210	1	78	0.0128205
NODE_122686_length_339_cov_87.841667	149	227	212	1	78	0.0128205
NODE_122686_length_339_cov_87.841667	149	227	215	2	78	0.0256410
NODE_122686_length_339_cov_87.841667	149	227	216	2	78	0.0256410
NODE_122686_length_339_cov_87.841667	149	227	217	2	78	0.0256410
NODE_122686_length_339_cov_87.841667	149	227	219	2	78	0.0256410
NODE_122686_length_339_cov_87.841667	149	227	220	1	78	0.0128205
NODE_122686_length_339_cov_87.841667	149	227	221	3	78	0.0384615
NODE_122686_length_339_cov_87.841667	149	227	229	1	78	0.0128205
NODE_122686_length_339_cov_87.841667	149	227	231	1	78	0.0128205
NODE_122686_length_339_cov_87.841667	149	227	233	1	78	0.0128205
NODE_122686_length_339_cov_87.841667	149	227	237	1	78	0.0128205
NODE_122686_length_339_cov_87.841667	149	227	240	1	78	0.0128205
NODE_122687_length_339_cov_14.304167	69	138	0	44	69	0.6376812
NODE_122687_length_339_cov_14.304167	69	138	2	25	69	0.3623188
NODE_122687_length_339_cov_14.304167	69	138	0	44	69	0.6376812
NODE_122687_length_339_cov_14.304167	69	138	2	25	69	0.3623188
NODE_122687_length_339_cov_14.304167	69	138	0	44	69	0.6376812
NODE_122687_length_339_cov_14.304167	69	138	2	25	69	0.3623188
NODE_122687_length_339_cov_14.304167	88	138	0	25	50	0.5000000
NODE_122687_length_339_cov_14.304167	88	138	2	25	50	0.5000000
NODE_122687_length_339_cov_14.304167	111	160	0	2	49	0.0408163
NODE_122687_length_339_cov_14.304167	111	160	2	47	49	0.9591837
NODE_122727_length_339_cov_4.320833	187	267	0	80	80	1.0000000
NODE_122804_length_339_cov_2.754167	45	125	0	44	80	0.5500000
NODE_122804_length_339_cov_2.754167	45	125	2	36	80	0.4500000
NODE_122971_length_339_cov_1.841667	265	312	0	47	47	1.0000000
NODE_123041_length_339_cov_1.662500	10	57	0	47	47	1.0000000
NODE_123182_length_339_cov_1.275000	247	312	0	65	65	1.0000000
NODE_123285_length_339_cov_1.070833	147	169	0	22	22	1.0000000
NODE_123633_length_338_cov_57.163180	59	120	0	61	61	1.0000000
NODE_123633_length_338_cov_57.163180	102	176	0	74	74	1.0000000
NODE_123674_length_338_cov_4.263598	113	165	2	52	52	1.0000000
NODE_123679_length_338_cov_4.079498	96	151	4	9	55	0.1636364
NODE_123679_length_338_cov_4.079498	96	151	8	46	55	0.8363636
NODE_123689_length_338_cov_3.841004	122	149	0	27	27	1.0000000
NODE_123793_length_338_cov_2.393305	216	288	2	72	72	1.0000000
NODE_123795_length_338_cov_2.380753	29	93	0	64	64	1.0000000
NODE_123919_length_338_cov_1.878661	146	232	18	1	86	0.0116279
NODE_123919_length_338_cov_1.878661	146	232	20	6	86	0.0697674
NODE_123919_length_338_cov_1.878661	146	232	22	15	86	0.1744186
NODE_123919_length_338_cov_1.878661	146	232	24	9	86	0.1046512
NODE_123919_length_338_cov_1.878661	146	232	26	2	86	0.0232558
NODE_123919_length_338_cov_1.878661	146	232	28	8	86	0.0930233
NODE_123919_length_338_cov_1.878661	146	232	30	14	86	0.1627907
NODE_123919_length_338_cov_1.878661	146	232	32	4	86	0.0465116
NODE_123919_length_338_cov_1.878661	146	232	41	1	86	0.0116279
NODE_123919_length_338_cov_1.878661	146	232	42	5	86	0.0581395
NODE_123919_length_338_cov_1.878661	146	232	44	4	86	0.0465116
NODE_123919_length_338_cov_1.878661	146	232	46	1	86	0.0116279
NODE_123919_length_338_cov_1.878661	146	232	48	4	86	0.0465116
NODE_123919_length_338_cov_1.878661	146	232	50	7	86	0.0813954
NODE_123919_length_338_cov_1.878661	146	232	54	2	86	0.0232558
NODE_123919_length_338_cov_1.878661	146	232	56	3	86	0.0348837
NODE_123944_length_338_cov_1.740586	79	159	0	80	80	1.0000000
NODE_123946_length_338_cov_1.732218	216	257	0	41	41	1.0000000
NODE_124046_length_338_cov_1.493724	14	90	0	27	76	0.3552631
NODE_124046_length_338_cov_1.493724	14	90	2	49	76	0.6447368
NODE_124247_length_338_cov_1.100418	265	333	0	68	68	1.0000000
NODE_124456_length_338_cov_0.849372	281	338	0	57	57	1.0000000
NODE_124533_length_338_cov_0.711297	188	263	0	75	75	1.0000000
NODE_124625_length_337_cov_468.180672	107	187	60	4	80	0.0500000
NODE_124625_length_337_cov_468.180672	107	187	62	1	80	0.0125000
NODE_124625_length_337_cov_468.180672	107	187	64	1	80	0.0125000
NODE_124625_length_337_cov_468.180672	107	187	65	1	80	0.0125000
NODE_124625_length_337_cov_468.180672	107	187	67	2	80	0.0250000
NODE_124625_length_337_cov_468.180672	107	187	68	2	80	0.0250000
NODE_124625_length_337_cov_468.180672	107	187	70	4	80	0.0500000
NODE_124625_length_337_cov_468.180672	107	187	72	2	80	0.0250000
NODE_124625_length_337_cov_468.180672	107	187	78	1	80	0.0125000
NODE_124625_length_337_cov_468.180672	107	187	80	2	80	0.0250000
NODE_124625_length_337_cov_468.180672	107	187	84	2	80	0.0250000
NODE_124625_length_337_cov_468.180672	107	187	85	5	80	0.0625000
NODE_124625_length_337_cov_468.180672	107	187	86	3	80	0.0375000
NODE_124625_length_337_cov_468.180672	107	187	87	17	80	0.2125000
NODE_124625_length_337_cov_468.180672	107	187	89	16	80	0.2000000
NODE_124625_length_337_cov_468.180672	107	187	90	1	80	0.0125000
NODE_124625_length_337_cov_468.180672	107	187	91	12	80	0.1500000
NODE_124625_length_337_cov_468.180672	107	187	93	1	80	0.0125000
NODE_124625_length_337_cov_468.180672	107	187	95	3	80	0.0375000
NODE_124625_length_337_cov_468.180672	160	230	3	3	70	0.0428571
NODE_124625_length_337_cov_468.180672	160	230	6	1	70	0.0142857
NODE_124625_length_337_cov_468.180672	160	230	7	2	70	0.0285714
NODE_124625_length_337_cov_468.180672	160	230	9	5	70	0.0714286
NODE_124625_length_337_cov_468.180672	160	230	11	1	70	0.0142857
NODE_124625_length_337_cov_468.180672	160	230	13	6	70	0.0857143
NODE_124625_length_337_cov_468.180672	160	230	15	4	70	0.0571429
NODE_124625_length_337_cov_468.180672	160	230	17	2	70	0.0285714
NODE_124625_length_337_cov_468.180672	160	230	22	1	70	0.0142857
NODE_124625_length_337_cov_468.180672	160	230	24	2	70	0.0285714
NODE_124625_length_337_cov_468.180672	160	230	25	2	70	0.0285714
NODE_124625_length_337_cov_468.180672	160	230	30	1	70	0.0142857
NODE_124625_length_337_cov_468.180672	160	230	32	2	70	0.0285714
NODE_124625_length_337_cov_468.180672	160	230	40	1	70	0.0142857
NODE_124625_length_337_cov_468.180672	160	230	41	2	70	0.0285714
NODE_124625_length_337_cov_468.180672	160	230	42	1	70	0.0142857
NODE_124625_length_337_cov_468.180672	160	230	48	1	70	0.0142857
NODE_124625_length_337_cov_468.180672	160	230	50	2	70	0.0285714
NODE_124625_length_337_cov_468.180672	160	230	54	2	70	0.0285714
NODE_124625_length_337_cov_468.180672	160	230	57	1	70	0.0142857
NODE_124625_length_337_cov_468.180672	160	230	59	1	70	0.0142857
NODE_124625_length_337_cov_468.180672	160	230	60	4	70	0.0571429
NODE_124625_length_337_cov_468.180672	160	230	62	1	70	0.0142857
NODE_124625_length_337_cov_468.180672	160	230	64	1	70	0.0142857
NODE_124625_length_337_cov_468.180672	160	230	65	1	70	0.0142857
NODE_124625_length_337_cov_468.180672	160	230	67	2	70	0.0285714
NODE_124625_length_337_cov_468.180672	160	230	68	2	70	0.0285714
NODE_124625_length_337_cov_468.180672	160	230	70	4	70	0.0571429
NODE_124625_length_337_cov_468.180672	160	230	72	2	70	0.0285714
NODE_124625_length_337_cov_468.180672	160	230	78	1	70	0.0142857
NODE_124625_length_337_cov_468.180672	160	230	80	2	70	0.0285714
NODE_124625_length_337_cov_468.180672	160	230	84	2	70	0.0285714
NODE_124625_length_337_cov_468.180672	160	230	85	2	70	0.0285714
NODE_124625_length_337_cov_468.180672	160	230	86	3	70	0.0428571
NODE_124625_length_337_cov_468.180672	226	306	18	7	80	0.0875000
NODE_124625_length_337_cov_468.180672	226	306	20	2	80	0.0250000
NODE_124625_length_337_cov_468.180672	226	306	22	3	80	0.0375000
NODE_124625_length_337_cov_468.180672	226	306	24	6	80	0.0750000
NODE_124625_length_337_cov_468.180672	226	306	25	2	80	0.0250000
NODE_124625_length_337_cov_468.180672	226	306	26	60	80	0.7500000
NODE_124625_length_337_cov_468.180672	279	337	4	2	58	0.0344828
NODE_124625_length_337_cov_468.180672	279	337	6	17	58	0.2931035
NODE_124625_length_337_cov_468.180672	279	337	14	5	58	0.0862069
NODE_124625_length_337_cov_468.180672	279	337	16	7	58	0.1206897
NODE_124625_length_337_cov_468.180672	279	337	18	7	58	0.1206897
NODE_124625_length_337_cov_468.180672	279	337	20	2	58	0.0344828
NODE_124625_length_337_cov_468.180672	279	337	22	3	58	0.0517241
NODE_124625_length_337_cov_468.180672	279	337	24	3	58	0.0517241
NODE_124625_length_337_cov_468.180672	279	337	26	12	58	0.2068966
NODE_124626_length_337_cov_91.344538	1	50	10	6	49	0.1224490
NODE_124626_length_337_cov_91.344538	1	50	14	1	49	0.0204082
NODE_124626_length_337_cov_91.344538	1	50	20	3	49	0.0612245
NODE_124626_length_337_cov_91.344538	1	50	22	2	49	0.0408163
NODE_124626_length_337_cov_91.344538	1	50	30	2	49	0.0408163
NODE_124626_length_337_cov_91.344538	1	50	41	1	49	0.0204082
NODE_124626_length_337_cov_91.344538	1	50	43	1	49	0.0204082
NODE_124626_length_337_cov_91.344538	1	50	50	4	49	0.0816327
NODE_124626_length_337_cov_91.344538	1	50	58	1	49	0.0204082
NODE_124626_length_337_cov_91.344538	1	50	64	6	49	0.1224490
NODE_124626_length_337_cov_91.344538	1	50	72	2	49	0.0408163
NODE_124626_length_337_cov_91.344538	1	50	75	4	49	0.0816327
NODE_124626_length_337_cov_91.344538	1	50	82	2	49	0.0408163
NODE_124626_length_337_cov_91.344538	1	50	83	1	49	0.0204082
NODE_124626_length_337_cov_91.344538	1	50	84	1	49	0.0204082
NODE_124626_length_337_cov_91.344538	1	50	88	2	49	0.0408163
NODE_124626_length_337_cov_91.344538	1	50	93	3	49	0.0612245
NODE_124626_length_337_cov_91.344538	1	50	97	1	49	0.0204082
NODE_124626_length_337_cov_91.344538	1	50	98	1	49	0.0204082
NODE_124626_length_337_cov_91.344538	1	50	102	1	49	0.0204082
NODE_124626_length_337_cov_91.344538	1	50	104	1	49	0.0204082
NODE_124626_length_337_cov_91.344538	1	50	107	1	49	0.0204082
NODE_124626_length_337_cov_91.344538	1	50	109	2	49	0.0408163
NODE_124626_length_337_cov_91.344538	23	103	64	5	80	0.0625000
NODE_124626_length_337_cov_91.344538	23	103	72	2	80	0.0250000
NODE_124626_length_337_cov_91.344538	23	103	75	4	80	0.0500000
NODE_124626_length_337_cov_91.344538	23	103	82	2	80	0.0250000
NODE_124626_length_337_cov_91.344538	23	103	83	1	80	0.0125000
NODE_124626_length_337_cov_91.344538	23	103	84	1	80	0.0125000
NODE_124626_length_337_cov_91.344538	23	103	88	2	80	0.0250000
NODE_124626_length_337_cov_91.344538	23	103	93	3	80	0.0375000
NODE_124626_length_337_cov_91.344538	23	103	97	1	80	0.0125000
NODE_124626_length_337_cov_91.344538	23	103	98	1	80	0.0125000
NODE_124626_length_337_cov_91.344538	23	103	102	1	80	0.0125000
NODE_124626_length_337_cov_91.344538	23	103	104	1	80	0.0125000
NODE_124626_length_337_cov_91.344538	23	103	107	1	80	0.0125000
NODE_124626_length_337_cov_91.344538	23	103	109	2	80	0.0250000
NODE_124626_length_337_cov_91.344538	23	103	111	1	80	0.0125000
NODE_124626_length_337_cov_91.344538	23	103	112	4	80	0.0500000
NODE_124626_length_337_cov_91.344538	23	103	114	3	80	0.0375000
NODE_124626_length_337_cov_91.344538	23	103	124	2	80	0.0250000
NODE_124626_length_337_cov_91.344538	23	103	130	2	80	0.0250000
NODE_124626_length_337_cov_91.344538	23	103	132	4	80	0.0500000
NODE_124626_length_337_cov_91.344538	23	103	133	2	80	0.0250000
NODE_124626_length_337_cov_91.344538	23	103	137	2	80	0.0250000
NODE_124626_length_337_cov_91.344538	23	103	140	4	80	0.0500000
NODE_124626_length_337_cov_91.344538	23	103	142	2	80	0.0250000
NODE_124626_length_337_cov_91.344538	23	103	144	4	80	0.0500000
NODE_124626_length_337_cov_91.344538	23	103	146	8	80	0.1000000
NODE_124626_length_337_cov_91.344538	23	103	148	4	80	0.0500000
NODE_124626_length_337_cov_91.344538	23	103	152	1	80	0.0125000
NODE_124626_length_337_cov_91.344538	23	103	154	3	80	0.0375000
NODE_124626_length_337_cov_91.344538	23	103	157	1	80	0.0125000
NODE_124626_length_337_cov_91.344538	23	103	158	3	80	0.0375000
NODE_124626_length_337_cov_91.344538	23	103	160	1	80	0.0125000
NODE_124626_length_337_cov_91.344538	23	103	161	1	80	0.0125000
NODE_124626_length_337_cov_91.344538	23	103	162	1	80	0.0125000
NODE_124627_length_337_cov_73.352941	71	151	0	80	80	1.0000000
NODE_124627_length_337_cov_73.352941	124	204	0	44	80	0.5500000
NODE_124627_length_337_cov_73.352941	124	204	4	2	80	0.0250000
NODE_124627_length_337_cov_73.352941	124	204	8	9	80	0.1125000
NODE_124627_length_337_cov_73.352941	124	204	10	25	80	0.3125000
NODE_124629_length_337_cov_46.978992	220	305	0	3	85	0.0352941
NODE_124629_length_337_cov_46.978992	220	305	4	1	85	0.0117647
NODE_124629_length_337_cov_46.978992	220	305	12	9	85	0.1058824
NODE_124629_length_337_cov_46.978992	220	305	14	9	85	0.1058824
NODE_124629_length_337_cov_46.978992	220	305	19	1	85	0.0117647
NODE_124629_length_337_cov_46.978992	220	305	24	62	85	0.7294118
NODE_124629_length_337_cov_46.978992	220	305	0	3	85	0.0352941
NODE_124629_length_337_cov_46.978992	220	305	4	1	85	0.0117647
NODE_124629_length_337_cov_46.978992	220	305	12	9	85	0.1058824
NODE_124629_length_337_cov_46.978992	220	305	14	9	85	0.1058824
NODE_124629_length_337_cov_46.978992	220	305	19	1	85	0.0117647
NODE_124629_length_337_cov_46.978992	220	305	24	62	85	0.7294118
NODE_124629_length_337_cov_46.978992	220	305	0	3	85	0.0352941
NODE_124629_length_337_cov_46.978992	220	305	4	1	85	0.0117647
NODE_124629_length_337_cov_46.978992	220	305	12	9	85	0.1058824
NODE_124629_length_337_cov_46.978992	220	305	14	9	85	0.1058824
NODE_124629_length_337_cov_46.978992	220	305	19	1	85	0.0117647
NODE_124629_length_337_cov_46.978992	220	305	24	62	85	0.7294118
NODE_124629_length_337_cov_46.978992	278	327	0	25	49	0.5102041
NODE_124629_length_337_cov_46.978992	278	327	4	1	49	0.0204082
NODE_124629_length_337_cov_46.978992	278	327	12	9	49	0.1836735
NODE_124629_length_337_cov_46.978992	278	327	14	9	49	0.1836735
NODE_124629_length_337_cov_46.978992	278	327	19	1	49	0.0204082
NODE_124629_length_337_cov_46.978992	278	327	24	4	49	0.0816327
NODE_124629_length_337_cov_46.978992	278	337	0	35	59	0.5932204
NODE_124629_length_337_cov_46.978992	278	337	4	1	59	0.0169492
NODE_124629_length_337_cov_46.978992	278	337	12	9	59	0.1525424
NODE_124629_length_337_cov_46.978992	278	337	14	9	59	0.1525424
NODE_124629_length_337_cov_46.978992	278	337	19	1	59	0.0169492
NODE_124629_length_337_cov_46.978992	278	337	24	4	59	0.0677966
NODE_124629_length_337_cov_46.978992	283	337	0	35	54	0.6481481
NODE_124629_length_337_cov_46.978992	283	337	4	1	54	0.0185185
NODE_124629_length_337_cov_46.978992	283	337	12	9	54	0.1666667
NODE_124629_length_337_cov_46.978992	283	337	14	9	54	0.1666667
NODE_124640_length_337_cov_6.214286	52	95	0	43	43	1.0000000
NODE_124669_length_337_cov_4.298319	5	58	0	53	53	1.0000000
NODE_124703_length_337_cov_3.478992	179	259	45	8	80	0.1000000
NODE_124703_length_337_cov_3.478992	179	259	48	4	80	0.0500000
NODE_124703_length_337_cov_3.478992	179	259	54	1	80	0.0125000
NODE_124703_length_337_cov_3.478992	179	259	61	5	80	0.0625000
NODE_124703_length_337_cov_3.478992	179	259	63	3	80	0.0375000
NODE_124703_length_337_cov_3.478992	179	259	64	2	80	0.0250000
NODE_124703_length_337_cov_3.478992	179	259	65	3	80	0.0375000
NODE_124703_length_337_cov_3.478992	179	259	69	4	80	0.0500000
NODE_124703_length_337_cov_3.478992	179	259	70	8	80	0.1000000
NODE_124703_length_337_cov_3.478992	179	259	71	2	80	0.0250000
NODE_124703_length_337_cov_3.478992	179	259	72	5	80	0.0625000
NODE_124703_length_337_cov_3.478992	179	259	73	11	80	0.1375000
NODE_124703_length_337_cov_3.478992	179	259	74	5	80	0.0625000
NODE_124703_length_337_cov_3.478992	179	259	75	5	80	0.0625000
NODE_124703_length_337_cov_3.478992	179	259	76	2	80	0.0250000
NODE_124703_length_337_cov_3.478992	179	259	77	2	80	0.0250000
NODE_124703_length_337_cov_3.478992	179	259	78	1	80	0.0125000
NODE_124703_length_337_cov_3.478992	179	259	79	4	80	0.0500000
NODE_124703_length_337_cov_3.478992	179	259	80	2	80	0.0250000
NODE_124703_length_337_cov_3.478992	179	259	81	2	80	0.0250000
NODE_124703_length_337_cov_3.478992	179	259	82	1	80	0.0125000
NODE_124703_length_337_cov_3.478992	232	307	6	1	75	0.0133333
NODE_124703_length_337_cov_3.478992	232	307	14	8	75	0.1066667
NODE_124703_length_337_cov_3.478992	232	307	18	5	75	0.0666667
NODE_124703_length_337_cov_3.478992	232	307	20	2	75	0.0266667
NODE_124703_length_337_cov_3.478992	232	307	22	2	75	0.0266667
NODE_124703_length_337_cov_3.478992	232	307	24	3	75	0.0400000
NODE_124703_length_337_cov_3.478992	232	307	26	4	75	0.0533333
NODE_124703_length_337_cov_3.478992	232	307	28	4	75	0.0533333
NODE_124703_length_337_cov_3.478992	232	307	35	2	75	0.0266667
NODE_124703_length_337_cov_3.478992	232	307	37	12	75	0.1600000
NODE_124703_length_337_cov_3.478992	232	307	45	13	75	0.1733333
NODE_124703_length_337_cov_3.478992	232	307	48	4	75	0.0533333
NODE_124703_length_337_cov_3.478992	232	307	54	1	75	0.0133333
NODE_124703_length_337_cov_3.478992	232	307	61	5	75	0.0666667
NODE_124703_length_337_cov_3.478992	232	307	63	3	75	0.0400000
NODE_124703_length_337_cov_3.478992	232	307	64	2	75	0.0266667
NODE_124703_length_337_cov_3.478992	232	307	70	4	75	0.0533333
NODE_124759_length_337_cov_2.647059	80	146	0	66	66	1.0000000
NODE_124858_length_337_cov_2.121849	23	103	0	2	80	0.0250000
NODE_124858_length_337_cov_2.121849	23	103	2	2	80	0.0250000
NODE_124858_length_337_cov_2.121849	23	103	4	76	80	0.9500000
NODE_124858_length_337_cov_2.121849	76	141	4	64	65	0.9846154
NODE_124858_length_337_cov_2.121849	76	141	6	1	65	0.0153846
NODE_125001_length_337_cov_1.689076	138	218	0	80	80	1.0000000
NODE_125024_length_337_cov_1.592437	109	151	0	42	42	1.0000000
NODE_125024_length_337_cov_1.592437	126	204	0	78	78	1.0000000
NODE_125074_length_337_cov_1.466387	266	332	0	66	66	1.0000000
NODE_125271_length_337_cov_1.071429	279	319	0	40	40	1.0000000
NODE_125332_length_337_cov_0.978992	227	272	0	38	45	0.8444445
NODE_125332_length_337_cov_0.978992	227	272	2	7	45	0.1555556
NODE_125633_length_336_cov_7.843882	151	231	0	80	80	1.0000000
NODE_125645_length_336_cov_5.578059	159	220	2	61	61	1.0000000
NODE_125645_length_336_cov_5.578059	212	273	0	11	61	0.1803279
NODE_125645_length_336_cov_5.578059	212	273	1	10	61	0.1639344
NODE_125645_length_336_cov_5.578059	212	273	2	40	61	0.6557377
NODE_125663_length_336_cov_4.481013	129	207	0	31	78	0.3974359
NODE_125663_length_336_cov_4.481013	129	207	2	1	78	0.0128205
NODE_125663_length_336_cov_4.481013	129	207	4	4	78	0.0512821
NODE_125663_length_336_cov_4.481013	129	207	8	12	78	0.1538462
NODE_125663_length_336_cov_4.481013	129	207	10	30	78	0.3846154
NODE_125752_length_336_cov_2.755274	83	112	2	13	29	0.4482759
NODE_125752_length_336_cov_2.755274	83	112	4	16	29	0.5517241
NODE_125752_length_336_cov_2.755274	187	268	4	40	81	0.4938272
NODE_125752_length_336_cov_2.755274	187	268	6	12	81	0.1481481
NODE_125752_length_336_cov_2.755274	187	268	8	7	81	0.0864198
NODE_125752_length_336_cov_2.755274	187	268	10	22	81	0.2716049
NODE_125806_length_336_cov_2.358650	60	133	7	5	73	0.0684932
NODE_125806_length_336_cov_2.358650	60	133	8	28	73	0.3835616
NODE_125806_length_336_cov_2.358650	60	133	9	40	73	0.5479452
NODE_125811_length_336_cov_2.337553	93	173	4	10	80	0.1250000
NODE_125811_length_336_cov_2.337553	93	173	6	20	80	0.2500000
NODE_125811_length_336_cov_2.337553	93	173	8	50	80	0.6250000
NODE_125965_length_336_cov_1.729958	78	141	0	63	63	1.0000000
NODE_125965_length_336_cov_1.729958	131	194	0	63	63	1.0000000
NODE_126134_length_336_cov_1.333333	34	114	0	42	80	0.5250000
NODE_126134_length_336_cov_1.333333	34	114	2	38	80	0.4750000
NODE_126134_length_336_cov_1.333333	87	124	0	37	37	1.0000000
NODE_126134_length_336_cov_1.333333	182	213	6	19	31	0.6129032
NODE_126134_length_336_cov_1.333333	182	213	8	5	31	0.1612903
NODE_126134_length_336_cov_1.333333	182	213	14	7	31	0.2258064
NODE_126216_length_336_cov_1.244726	222	276	2	34	54	0.6296296
NODE_126216_length_336_cov_1.244726	222	276	4	6	54	0.1111111
NODE_126216_length_336_cov_1.244726	222	276	6	14	54	0.2592593
NODE_126216_length_336_cov_1.244726	288	312	2	24	24	1.0000000
NODE_126260_length_336_cov_1.143460	129	154	0	25	25	1.0000000
NODE_126545_length_336_cov_0.670886	259	288	2	17	29	0.5862069
NODE_126545_length_336_cov_0.670886	259	288	4	12	29	0.4137931
NODE_126606_length_335_cov_16.114407	162	242	0	80	80	1.0000000
NODE_126606_length_335_cov_16.114407	215	295	0	80	80	1.0000000
NODE_126609_length_335_cov_9.258475	177	250	0	73	73	1.0000000
NODE_126614_length_335_cov_7.207627	29	109	0	32	80	0.4000000
NODE_126614_length_335_cov_7.207627	29	109	2	48	80	0.6000000
NODE_126614_length_335_cov_7.207627	82	162	0	28	80	0.3500000
NODE_126614_length_335_cov_7.207627	82	162	2	52	80	0.6500000
NODE_126636_length_335_cov_5.046610	182	263	0	81	81	1.0000000
NODE_126639_length_335_cov_4.995763	144	215	0	71	71	1.0000000
NODE_126665_length_335_cov_3.923729	163	231	0	4	68	0.0588235
NODE_126665_length_335_cov_3.923729	163	231	4	64	68	0.9411765
NODE_126787_length_335_cov_2.411017	230	294	2	1	64	0.0156250
NODE_126787_length_335_cov_2.411017	230	294	4	55	64	0.8593750
NODE_126787_length_335_cov_2.411017	230	294	6	1	64	0.0156250
NODE_126787_length_335_cov_2.411017	230	294	9	4	64	0.0625000
NODE_126787_length_335_cov_2.411017	230	294	10	2	64	0.0312500
NODE_126787_length_335_cov_2.411017	230	294	11	1	64	0.0156250
NODE_126791_length_335_cov_2.402542	164	240	2	2	76	0.0263158
NODE_126791_length_335_cov_2.402542	164	240	4	9	76	0.1184211
NODE_126791_length_335_cov_2.402542	164	240	6	13	76	0.1710526
NODE_126791_length_335_cov_2.402542	164	240	8	10	76	0.1315790
NODE_126791_length_335_cov_2.402542	164	240	11	1	76	0.0131579
NODE_126791_length_335_cov_2.402542	164	240	12	2	76	0.0263158
NODE_126791_length_335_cov_2.402542	164	240	14	1	76	0.0131579
NODE_126791_length_335_cov_2.402542	164	240	16	2	76	0.0263158
NODE_126791_length_335_cov_2.402542	164	240	18	10	76	0.1315790
NODE_126791_length_335_cov_2.402542	164	240	20	10	76	0.1315790
NODE_126791_length_335_cov_2.402542	164	240	22	11	76	0.1447368
NODE_126791_length_335_cov_2.402542	164	240	24	5	76	0.0657895
NODE_126792_length_335_cov_2.398305	116	179	2	63	63	1.0000000
NODE_126826_length_335_cov_2.161017	82	141	0	1	59	0.0169492
NODE_126826_length_335_cov_2.161017	82	141	2	17	59	0.2881356
NODE_126826_length_335_cov_2.161017	82	141	4	41	59	0.6949152
NODE_126835_length_335_cov_2.152542	61	134	0	1	73	0.0136986
NODE_126835_length_335_cov_2.152542	61	134	2	72	73	0.9863014
NODE_126835_length_335_cov_2.152542	114	134	2	20	20	1.0000000
NODE_126920_length_335_cov_1.766949	257	330	4	5	73	0.0684932
NODE_126920_length_335_cov_1.766949	257	330	5	1	73	0.0136986
NODE_126920_length_335_cov_1.766949	257	330	6	27	73	0.3698630
NODE_126920_length_335_cov_1.766949	257	330	8	40	73	0.5479452
NODE_126920_length_335_cov_1.766949	297	335	0	2	38	0.0526316
NODE_126920_length_335_cov_1.766949	297	335	2	3	38	0.0789474
NODE_126920_length_335_cov_1.766949	297	335	4	5	38	0.1315790
NODE_126920_length_335_cov_1.766949	297	335	5	1	38	0.0263158
NODE_126920_length_335_cov_1.766949	297	335	6	26	38	0.6842105
NODE_126920_length_335_cov_1.766949	297	335	8	1	38	0.0263158
NODE_127022_length_335_cov_1.529661	255	320	0	65	65	1.0000000
NODE_127023_length_335_cov_1.525424	222	266	0	39	44	0.8863636
NODE_127023_length_335_cov_1.525424	222	266	2	5	44	0.1136364
NODE_127062_length_335_cov_1.457627	38	87	0	49	49	1.0000000
NODE_127130_length_335_cov_1.296610	291	311	0	20	20	1.0000000
NODE_127130_length_335_cov_1.296610	291	311	0	20	20	1.0000000
NODE_127143_length_335_cov_1.292373	202	232	4	14	30	0.4666667
NODE_127143_length_335_cov_1.292373	202	232	6	16	30	0.5333334
NODE_127200_length_335_cov_1.194915	75	156	15	1	81	0.0123457
NODE_127200_length_335_cov_1.194915	75	156	17	2	81	0.0246914
NODE_127200_length_335_cov_1.194915	75	156	18	3	81	0.0370370
NODE_127200_length_335_cov_1.194915	75	156	20	1	81	0.0123457
NODE_127200_length_335_cov_1.194915	75	156	22	2	81	0.0246914
NODE_127200_length_335_cov_1.194915	75	156	24	8	81	0.0987654
NODE_127200_length_335_cov_1.194915	75	156	26	31	81	0.3827161
NODE_127200_length_335_cov_1.194915	75	156	28	13	81	0.1604938
NODE_127200_length_335_cov_1.194915	75	156	36	13	81	0.1604938
NODE_127200_length_335_cov_1.194915	75	156	38	7	81	0.0864198
NODE_127200_length_335_cov_1.194915	129	195	14	1	66	0.0151515
NODE_127200_length_335_cov_1.194915	129	195	15	2	66	0.0303030
NODE_127200_length_335_cov_1.194915	129	195	16	9	66	0.1363636
NODE_127200_length_335_cov_1.194915	129	195	17	9	66	0.1363636
NODE_127200_length_335_cov_1.194915	129	195	18	10	66	0.1515152
NODE_127200_length_335_cov_1.194915	129	195	19	5	66	0.0757576
NODE_127200_length_335_cov_1.194915	129	195	20	4	66	0.0606061
NODE_127200_length_335_cov_1.194915	129	195	21	5	66	0.0757576
NODE_127200_length_335_cov_1.194915	129	195	22	3	66	0.0454545
NODE_127200_length_335_cov_1.194915	129	195	24	8	66	0.1212121
NODE_127200_length_335_cov_1.194915	129	195	26	10	66	0.1515152
NODE_127310_length_335_cov_0.983051	96	117	0	21	21	1.0000000
NODE_127585_length_334_cov_275.425532	135	215	100	3	80	0.0375000
NODE_127585_length_334_cov_275.425532	135	215	102	2	80	0.0250000
NODE_127585_length_334_cov_275.425532	135	215	103	1	80	0.0125000
NODE_127585_length_334_cov_275.425532	135	215	105	5	80	0.0625000
NODE_127585_length_334_cov_275.425532	135	215	107	3	80	0.0375000
NODE_127585_length_334_cov_275.425532	135	215	109	1	80	0.0125000
NODE_127585_length_334_cov_275.425532	135	215	111	8	80	0.1000000
NODE_127585_length_334_cov_275.425532	135	215	113	3	80	0.0375000
NODE_127585_length_334_cov_275.425532	135	215	114	1	80	0.0125000
NODE_127585_length_334_cov_275.425532	135	215	119	1	80	0.0125000
NODE_127585_length_334_cov_275.425532	135	215	121	1	80	0.0125000
NODE_127585_length_334_cov_275.425532	135	215	122	1	80	0.0125000
NODE_127585_length_334_cov_275.425532	135	215	123	6	80	0.0750000
NODE_127585_length_334_cov_275.425532	135	215	124	1	80	0.0125000
NODE_127585_length_334_cov_275.425532	135	215	125	2	80	0.0250000
NODE_127585_length_334_cov_275.425532	135	215	126	5	80	0.0625000
NODE_127585_length_334_cov_275.425532	135	215	127	3	80	0.0375000
NODE_127585_length_334_cov_275.425532	135	215	128	7	80	0.0875000
NODE_127585_length_334_cov_275.425532	135	215	129	1	80	0.0125000
NODE_127585_length_334_cov_275.425532	135	215	130	3	80	0.0375000
NODE_127585_length_334_cov_275.425532	135	215	131	1	80	0.0125000
NODE_127585_length_334_cov_275.425532	135	215	132	6	80	0.0750000
NODE_127585_length_334_cov_275.425532	135	215	133	8	80	0.1000000
NODE_127585_length_334_cov_275.425532	135	215	134	3	80	0.0375000
NODE_127585_length_334_cov_275.425532	135	215	137	3	80	0.0375000
NODE_127585_length_334_cov_275.425532	135	215	138	1	80	0.0125000
NODE_127585_length_334_cov_275.425532	188	269	48	21	81	0.2592593
NODE_127585_length_334_cov_275.425532	188	269	50	5	81	0.0617284
NODE_127585_length_334_cov_275.425532	188	269	52	3	81	0.0370370
NODE_127585_length_334_cov_275.425532	188	269	62	1	81	0.0123457
NODE_127585_length_334_cov_275.425532	188	269	64	5	81	0.0617284
NODE_127585_length_334_cov_275.425532	188	269	67	1	81	0.0123457
NODE_127585_length_334_cov_275.425532	188	269	71	5	81	0.0617284
NODE_127585_length_334_cov_275.425532	188	269	78	1	81	0.0123457
NODE_127585_length_334_cov_275.425532	188	269	79	1	81	0.0123457
NODE_127585_length_334_cov_275.425532	188	269	80	1	81	0.0123457
NODE_127585_length_334_cov_275.425532	188	269	81	1	81	0.0123457
NODE_127585_length_334_cov_275.425532	188	269	83	1	81	0.0123457
NODE_127585_length_334_cov_275.425532	188	269	85	1	81	0.0123457
NODE_127585_length_334_cov_275.425532	188	269	87	1	81	0.0123457
NODE_127585_length_334_cov_275.425532	188	269	95	4	81	0.0493827
NODE_127585_length_334_cov_275.425532	188	269	97	1	81	0.0123457
NODE_127585_length_334_cov_275.425532	188	269	99	1	81	0.0123457
NODE_127585_length_334_cov_275.425532	188	269	100	3	81	0.0370370
NODE_127585_length_334_cov_275.425532	188	269	102	2	81	0.0246914
NODE_127585_length_334_cov_275.425532	188	269	103	1	81	0.0123457
NODE_127585_length_334_cov_275.425532	188	269	105	5	81	0.0617284
NODE_127585_length_334_cov_275.425532	188	269	107	3	81	0.0370370
NODE_127585_length_334_cov_275.425532	188	269	109	1	81	0.0123457
NODE_127585_length_334_cov_275.425532	188	269	111	8	81	0.0987654
NODE_127585_length_334_cov_275.425532	188	269	113	3	81	0.0370370
NODE_127585_length_334_cov_275.425532	188	269	114	1	81	0.0123457
NODE_127586_length_334_cov_14.753191	135	215	0	80	80	1.0000000
NODE_127586_length_334_cov_14.753191	188	268	0	80	80	1.0000000
NODE_127610_length_334_cov_4.829787	92	174	2	82	82	1.0000000
NODE_127610_length_334_cov_4.829787	151	237	0	54	86	0.6279070
NODE_127610_length_334_cov_4.829787	151	237	2	32	86	0.3720930
NODE_127612_length_334_cov_4.817021	179	231	0	52	52	1.0000000
NODE_127626_length_334_cov_4.438298	121	201	16	16	80	0.2000000
NODE_127626_length_334_cov_4.438298	121	201	17	10	80	0.1250000
NODE_127626_length_334_cov_4.438298	121	201	19	16	80	0.2000000
NODE_127626_length_334_cov_4.438298	121	201	20	34	80	0.4250000
NODE_127626_length_334_cov_4.438298	121	201	21	3	80	0.0375000
NODE_127626_length_334_cov_4.438298	121	201	22	1	80	0.0125000
NODE_127672_length_334_cov_3.604255	248	314	0	1	66	0.0151515
NODE_127672_length_334_cov_3.604255	248	314	2	65	66	0.9848485
NODE_127672_length_334_cov_3.604255	287	334	0	1	47	0.0212766
NODE_127672_length_334_cov_3.604255	287	334	2	46	47	0.9787234
NODE_127844_length_334_cov_2.165957	0	48	0	48	48	1.0000000
NODE_128026_length_334_cov_1.595745	253	328	0	4	75	0.0533333
NODE_128026_length_334_cov_1.595745	253	328	2	71	75	0.9466667
NODE_128258_length_334_cov_1.157447	146	177	0	25	31	0.8064516
NODE_128258_length_334_cov_1.157447	146	177	2	6	31	0.1935484
NODE_128665_length_333_cov_5.423077	172	242	0	68	70	0.9714286
NODE_128665_length_333_cov_5.423077	172	242	2	2	70	0.0285714
NODE_128673_length_333_cov_4.867521	122	172	0	31	50	0.6200000
NODE_128673_length_333_cov_4.867521	122	172	2	13	50	0.2600000
NODE_128673_length_333_cov_4.867521	122	172	4	6	50	0.1200000
NODE_128673_length_333_cov_4.867521	175	255	0	20	80	0.2500000
NODE_128673_length_333_cov_4.867521	175	255	2	3	80	0.0375000
NODE_128673_length_333_cov_4.867521	175	255	4	57	80	0.7125000
NODE_128673_length_333_cov_4.867521	194	219	4	25	25	1.0000000
NODE_128717_length_333_cov_3.717949	49	129	0	53	80	0.6625000
NODE_128717_length_333_cov_3.717949	49	129	2	27	80	0.3375000
NODE_128717_length_333_cov_3.717949	102	182	2	54	80	0.6750000
NODE_128717_length_333_cov_3.717949	102	182	4	26	80	0.3250000
NODE_128767_length_333_cov_2.897436	59	139	1	11	80	0.1375000
NODE_128767_length_333_cov_2.897436	59	139	5	3	80	0.0375000
NODE_128767_length_333_cov_2.897436	59	139	7	2	80	0.0250000
NODE_128767_length_333_cov_2.897436	59	139	9	3	80	0.0375000
NODE_128767_length_333_cov_2.897436	59	139	11	1	80	0.0125000
NODE_128767_length_333_cov_2.897436	59	139	17	9	80	0.1125000
NODE_128767_length_333_cov_2.897436	59	139	19	20	80	0.2500000
NODE_128767_length_333_cov_2.897436	59	139	21	3	80	0.0375000
NODE_128767_length_333_cov_2.897436	59	139	23	6	80	0.0750000
NODE_128767_length_333_cov_2.897436	59	139	24	22	80	0.2750000
NODE_128850_length_333_cov_2.307692	68	148	0	80	80	1.0000000
NODE_128933_length_333_cov_1.940171	135	215	0	5	80	0.0625000
NODE_128933_length_333_cov_1.940171	135	215	2	75	80	0.9375000
NODE_129252_length_333_cov_1.200855	0	80	2	2	80	0.0250000
NODE_129252_length_333_cov_1.200855	0	80	4	49	80	0.6125000
NODE_129252_length_333_cov_1.200855	0	80	5	13	80	0.1625000
NODE_129252_length_333_cov_1.200855	0	80	6	16	80	0.2000000
NODE_129263_length_333_cov_1.170940	146	193	0	4	47	0.0851064
NODE_129263_length_333_cov_1.170940	146	193	2	43	47	0.9148936
NODE_129263_length_333_cov_1.170940	203	243	0	21	40	0.5250000
NODE_129263_length_333_cov_1.170940	203	243	2	19	40	0.4750000
NODE_129303_length_333_cov_1.089744	241	306	0	20	65	0.3076923
NODE_129303_length_333_cov_1.089744	241	306	4	45	65	0.6923077
NODE_129310_length_333_cov_1.089744	206	226	0	20	20	1.0000000
NODE_129665_length_332_cov_5.386266	101	167	0	66	66	1.0000000
NODE_129680_length_332_cov_4.768240	221	250	2	14	29	0.4827586
NODE_129680_length_332_cov_4.768240	221	250	6	5	29	0.1724138
NODE_129680_length_332_cov_4.768240	221	250	8	10	29	0.3448276
NODE_129695_length_332_cov_4.343348	130	179	0	49	49	1.0000000
NODE_129698_length_332_cov_4.201717	191	237	6	21	46	0.4565217
NODE_129698_length_332_cov_4.201717	191	237	8	5	46	0.1086956
NODE_129698_length_332_cov_4.201717	191	237	9	5	46	0.1086956
NODE_129698_length_332_cov_4.201717	191	237	10	15	46	0.3260870
NODE_129698_length_332_cov_4.201717	211	290	4	2	79	0.0253165
NODE_129698_length_332_cov_4.201717	211	290	6	72	79	0.9113924
NODE_129698_length_332_cov_4.201717	211	290	8	5	79	0.0632911
NODE_129879_length_332_cov_2.274678	187	227	26	13	40	0.3250000
NODE_129879_length_332_cov_2.274678	187	227	33	1	40	0.0250000
NODE_129879_length_332_cov_2.274678	187	227	36	1	40	0.0250000
NODE_129879_length_332_cov_2.274678	187	227	38	3	40	0.0750000
NODE_129879_length_332_cov_2.274678	187	227	40	3	40	0.0750000
NODE_129879_length_332_cov_2.274678	187	227	46	4	40	0.1000000
NODE_129879_length_332_cov_2.274678	187	227	48	1	40	0.0250000
NODE_129879_length_332_cov_2.274678	187	227	50	1	40	0.0250000
NODE_129879_length_332_cov_2.274678	187	227	54	1	40	0.0250000
NODE_129879_length_332_cov_2.274678	187	227	60	3	40	0.0750000
NODE_129879_length_332_cov_2.274678	187	227	62	5	40	0.1250000
NODE_129879_length_332_cov_2.274678	187	227	66	1	40	0.0250000
NODE_129879_length_332_cov_2.274678	187	227	68	3	40	0.0750000
NODE_129901_length_332_cov_2.184549	194	258	0	64	64	1.0000000
NODE_130053_length_332_cov_1.682403	241	316	0	21	75	0.2800000
NODE_130053_length_332_cov_1.682403	241	316	2	54	75	0.7200000
NODE_130055_length_332_cov_1.673820	157	220	0	63	63	1.0000000
NODE_130183_length_332_cov_1.364807	132	212	2	23	80	0.2875000
NODE_130183_length_332_cov_1.364807	132	212	4	14	80	0.1750000
NODE_130183_length_332_cov_1.364807	132	212	6	7	80	0.0875000
NODE_130183_length_332_cov_1.364807	132	212	12	36	80	0.4500000
NODE_130187_length_332_cov_1.356223	276	332	0	13	56	0.2321429
NODE_130187_length_332_cov_1.356223	276	332	6	43	56	0.7678571
NODE_130312_length_332_cov_1.210300	120	176	0	56	56	1.0000000
NODE_130757_length_331_cov_5.254310	141	221	0	80	80	1.0000000
NODE_130757_length_331_cov_5.254310	194	274	0	80	80	1.0000000
NODE_130781_length_331_cov_4.323276	26	108	0	11	82	0.1341463
NODE_130781_length_331_cov_4.323276	26	108	2	7	82	0.0853659
NODE_130781_length_331_cov_4.323276	26	108	4	19	82	0.2317073
NODE_130781_length_331_cov_4.323276	26	108	6	5	82	0.0609756
NODE_130781_length_331_cov_4.323276	26	108	8	11	82	0.1341463
NODE_130781_length_331_cov_4.323276	26	108	10	8	82	0.0975610
NODE_130781_length_331_cov_4.323276	26	108	12	2	82	0.0243902
NODE_130781_length_331_cov_4.323276	26	108	14	18	82	0.2195122
NODE_130781_length_331_cov_4.323276	26	108	18	1	82	0.0121951
NODE_130902_length_331_cov_2.603448	128	181	2	51	53	0.9622642
NODE_130902_length_331_cov_2.603448	128	181	4	2	53	0.0377358
NODE_131036_length_331_cov_1.965517	183	216	2	28	33	0.8484849
NODE_131036_length_331_cov_1.965517	183	216	3	1	33	0.0303030
NODE_131036_length_331_cov_1.965517	183	216	4	4	33	0.1212121
NODE_131054_length_331_cov_1.896552	266	331	0	11	65	0.1692308
NODE_131054_length_331_cov_1.896552	266	331	2	45	65	0.6923077
NODE_131054_length_331_cov_1.896552	266	331	4	9	65	0.1384615
NODE_131817_length_330_cov_14.731602	209	280	9	1	71	0.0140845
NODE_131817_length_330_cov_14.731602	209	280	10	70	71	0.9859155
NODE_131840_length_330_cov_4.935065	16	97	2	6	81	0.0740741
NODE_131840_length_330_cov_4.935065	16	97	4	4	81	0.0493827
NODE_131840_length_330_cov_4.935065	16	97	7	1	81	0.0123457
NODE_131840_length_330_cov_4.935065	16	97	8	10	81	0.1234568
NODE_131840_length_330_cov_4.935065	16	97	10	60	81	0.7407407
NODE_131840_length_330_cov_4.935065	81	149	6	30	68	0.4411765
NODE_131840_length_330_cov_4.935065	81	149	8	32	68	0.4705882
NODE_131840_length_330_cov_4.935065	81	149	10	6	68	0.0882353
NODE_131841_length_330_cov_4.891775	177	255	2	26	78	0.3333333
NODE_131841_length_330_cov_4.891775	177	255	4	31	78	0.3974359
NODE_131841_length_330_cov_4.891775	177	255	6	14	78	0.1794872
NODE_131841_length_330_cov_4.891775	177	255	8	7	78	0.0897436
NODE_131845_length_330_cov_4.740260	134	209	0	45	75	0.6000000
NODE_131845_length_330_cov_4.740260	134	209	2	30	75	0.4000000
NODE_131892_length_330_cov_3.467532	161	225	14	6	64	0.0937500
NODE_131892_length_330_cov_3.467532	161	225	16	58	64	0.9062500
NODE_131969_length_330_cov_2.601732	8	88	0	58	80	0.7250000
NODE_131969_length_330_cov_2.601732	8	88	2	22	80	0.2750000
NODE_132188_length_330_cov_1.623377	154	200	0	46	46	1.0000000
NODE_132238_length_330_cov_1.541126	98	156	0	58	58	1.0000000
NODE_132268_length_330_cov_1.467532	234	287	0	53	53	1.0000000
NODE_132268_length_330_cov_1.467532	242	283	0	41	41	1.0000000
NODE_132306_length_330_cov_1.346320	230	296	1	33	66	0.5000000
NODE_132306_length_330_cov_1.346320	230	296	2	33	66	0.5000000
NODE_132306_length_330_cov_1.346320	230	257	2	27	27	1.0000000
NODE_132410_length_330_cov_1.220779	249	272	2	23	23	1.0000000
NODE_132478_length_330_cov_1.103896	189	227	2	38	38	1.0000000
NODE_132542_length_330_cov_1.038961	219	297	18	1	78	0.0128205
NODE_132542_length_330_cov_1.038961	219	297	20	3	78	0.0384615
NODE_132542_length_330_cov_1.038961	219	297	25	4	78	0.0512821
NODE_132542_length_330_cov_1.038961	219	297	27	3	78	0.0384615
NODE_132542_length_330_cov_1.038961	219	297	34	3	78	0.0384615
NODE_132542_length_330_cov_1.038961	219	297	35	1	78	0.0128205
NODE_132542_length_330_cov_1.038961	219	297	37	8	78	0.1025641
NODE_132542_length_330_cov_1.038961	219	297	38	2	78	0.0256410
NODE_132542_length_330_cov_1.038961	219	297	42	1	78	0.0128205
NODE_132542_length_330_cov_1.038961	219	297	43	3	78	0.0384615
NODE_132542_length_330_cov_1.038961	219	297	44	7	78	0.0897436
NODE_132542_length_330_cov_1.038961	219	297	48	5	78	0.0641026
NODE_132542_length_330_cov_1.038961	219	297	50	2	78	0.0256410
NODE_132542_length_330_cov_1.038961	219	297	52	1	78	0.0128205
NODE_132542_length_330_cov_1.038961	219	297	58	3	78	0.0384615
NODE_132542_length_330_cov_1.038961	219	297	62	5	78	0.0641026
NODE_132542_length_330_cov_1.038961	219	297	65	1	78	0.0128205
NODE_132542_length_330_cov_1.038961	219	297	69	1	78	0.0128205
NODE_132542_length_330_cov_1.038961	219	297	78	1	78	0.0128205
NODE_132542_length_330_cov_1.038961	219	297	80	5	78	0.0641026
NODE_132542_length_330_cov_1.038961	219	297	83	4	78	0.0512821
NODE_132542_length_330_cov_1.038961	219	297	87	2	78	0.0256410
NODE_132542_length_330_cov_1.038961	219	297	91	1	78	0.0128205
NODE_132542_length_330_cov_1.038961	219	297	97	3	78	0.0384615
NODE_132542_length_330_cov_1.038961	219	297	113	1	78	0.0128205
NODE_132542_length_330_cov_1.038961	219	297	116	1	78	0.0128205
NODE_132542_length_330_cov_1.038961	219	297	120	1	78	0.0128205
NODE_132542_length_330_cov_1.038961	219	297	124	1	78	0.0128205
NODE_132542_length_330_cov_1.038961	219	297	128	1	78	0.0128205
NODE_132542_length_330_cov_1.038961	219	297	131	1	78	0.0128205
NODE_132542_length_330_cov_1.038961	219	297	139	2	78	0.0256410
NODE_132688_length_330_cov_0.883117	284	330	0	46	46	1.0000000
NODE_132873_length_329_cov_110.178261	138	167	31	1	29	0.0344828
NODE_132873_length_329_cov_110.178261	138	167	32	1	29	0.0344828
NODE_132873_length_329_cov_110.178261	138	167	33	3	29	0.1034483
NODE_132873_length_329_cov_110.178261	138	167	34	1	29	0.0344828
NODE_132873_length_329_cov_110.178261	138	167	35	4	29	0.1379310
NODE_132873_length_329_cov_110.178261	138	167	36	4	29	0.1379310
NODE_132873_length_329_cov_110.178261	138	167	38	1	29	0.0344828
NODE_132873_length_329_cov_110.178261	138	167	39	3	29	0.1034483
NODE_132873_length_329_cov_110.178261	138	167	40	8	29	0.2758621
NODE_132873_length_329_cov_110.178261	138	167	42	3	29	0.1034483
NODE_132873_length_329_cov_110.178261	189	269	47	1	80	0.0125000
NODE_132873_length_329_cov_110.178261	189	269	48	1	80	0.0125000
NODE_132873_length_329_cov_110.178261	189	269	49	1	80	0.0125000
NODE_132873_length_329_cov_110.178261	189	269	50	1	80	0.0125000
NODE_132873_length_329_cov_110.178261	189	269	51	1	80	0.0125000
NODE_132873_length_329_cov_110.178261	189	269	53	1	80	0.0125000
NODE_132873_length_329_cov_110.178261	189	269	54	2	80	0.0250000
NODE_132873_length_329_cov_110.178261	189	269	55	1	80	0.0125000
NODE_132873_length_329_cov_110.178261	189	269	57	4	80	0.0500000
NODE_132873_length_329_cov_110.178261	189	269	59	3	80	0.0375000
NODE_132873_length_329_cov_110.178261	189	269	61	5	80	0.0625000
NODE_132873_length_329_cov_110.178261	189	269	63	17	80	0.2125000
NODE_132873_length_329_cov_110.178261	189	269	64	4	80	0.0500000
NODE_132873_length_329_cov_110.178261	189	269	65	19	80	0.2375000
NODE_132873_length_329_cov_110.178261	189	269	66	1	80	0.0125000
NODE_132873_length_329_cov_110.178261	189	269	67	6	80	0.0750000
NODE_132873_length_329_cov_110.178261	189	269	68	4	80	0.0500000
NODE_132873_length_329_cov_110.178261	189	269	69	8	80	0.1000000
NODE_132873_length_329_cov_110.178261	242	322	16	2	80	0.0250000
NODE_132873_length_329_cov_110.178261	242	322	18	2	80	0.0250000
NODE_132873_length_329_cov_110.178261	242	322	20	5	80	0.0625000
NODE_132873_length_329_cov_110.178261	242	322	21	1	80	0.0125000
NODE_132873_length_329_cov_110.178261	242	322	22	3	80	0.0375000
NODE_132873_length_329_cov_110.178261	242	322	26	3	80	0.0375000
NODE_132873_length_329_cov_110.178261	242	322	30	1	80	0.0125000
NODE_132873_length_329_cov_110.178261	242	322	32	1	80	0.0125000
NODE_132873_length_329_cov_110.178261	242	322	33	1	80	0.0125000
NODE_132873_length_329_cov_110.178261	242	322	34	6	80	0.0750000
NODE_132873_length_329_cov_110.178261	242	322	35	1	80	0.0125000
NODE_132873_length_329_cov_110.178261	242	322	37	6	80	0.0750000
NODE_132873_length_329_cov_110.178261	242	322	39	1	80	0.0125000
NODE_132873_length_329_cov_110.178261	242	322	41	3	80	0.0375000
NODE_132873_length_329_cov_110.178261	242	322	43	1	80	0.0125000
NODE_132873_length_329_cov_110.178261	242	322	44	3	80	0.0375000
NODE_132873_length_329_cov_110.178261	242	322	46	13	80	0.1625000
NODE_132873_length_329_cov_110.178261	242	322	47	1	80	0.0125000
NODE_132873_length_329_cov_110.178261	242	322	49	1	80	0.0125000
NODE_132873_length_329_cov_110.178261	242	322	51	1	80	0.0125000
NODE_132873_length_329_cov_110.178261	242	322	53	1	80	0.0125000
NODE_132873_length_329_cov_110.178261	242	322	55	1	80	0.0125000
NODE_132873_length_329_cov_110.178261	242	322	57	3	80	0.0375000
NODE_132873_length_329_cov_110.178261	242	322	59	3	80	0.0375000
NODE_132873_length_329_cov_110.178261	242	322	61	2	80	0.0250000
NODE_132873_length_329_cov_110.178261	242	322	63	1	80	0.0125000
NODE_132873_length_329_cov_110.178261	242	322	65	13	80	0.1625000
NODE_132879_length_329_cov_8.882609	61	141	0	80	80	1.0000000
NODE_132879_length_329_cov_8.882609	114	194	0	80	80	1.0000000
NODE_132885_length_329_cov_6.586957	166	207	0	41	41	1.0000000
NODE_132908_length_329_cov_4.617391	175	229	4	54	54	1.0000000
NODE_132970_length_329_cov_3.160870	59	139	0	80	80	1.0000000
NODE_133003_length_329_cov_2.821739	164	209	0	36	45	0.8000000
NODE_133003_length_329_cov_2.821739	164	209	2	9	45	0.2000000
NODE_133003_length_329_cov_2.821739	184	262	0	78	78	1.0000000
NODE_133033_length_329_cov_2.560870	139	201	10	62	62	1.0000000
NODE_133036_length_329_cov_2.543478	145	206	4	10	61	0.1639344
NODE_133036_length_329_cov_2.543478	145	206	6	3	61	0.0491803
NODE_133036_length_329_cov_2.543478	145	206	8	20	61	0.3278688
NODE_133036_length_329_cov_2.543478	145	206	10	28	61	0.4590164
NODE_133123_length_329_cov_2.143478	39	119	15	3	80	0.0375000
NODE_133123_length_329_cov_2.143478	39	119	16	18	80	0.2250000
NODE_133123_length_329_cov_2.143478	39	119	18	5	80	0.0625000
NODE_133123_length_329_cov_2.143478	39	119	20	8	80	0.1000000
NODE_133123_length_329_cov_2.143478	39	119	22	4	80	0.0500000
NODE_133123_length_329_cov_2.143478	39	119	24	4	80	0.0500000
NODE_133123_length_329_cov_2.143478	39	119	25	1	80	0.0125000
NODE_133123_length_329_cov_2.143478	39	119	26	17	80	0.2125000
NODE_133123_length_329_cov_2.143478	39	119	28	8	80	0.1000000
NODE_133123_length_329_cov_2.143478	39	119	29	6	80	0.0750000
NODE_133123_length_329_cov_2.143478	39	119	30	6	80	0.0750000
NODE_133123_length_329_cov_2.143478	92	158	21	11	66	0.1666667
NODE_133123_length_329_cov_2.143478	92	158	22	11	66	0.1666667
NODE_133123_length_329_cov_2.143478	92	158	24	23	66	0.3484848
NODE_133123_length_329_cov_2.143478	92	158	26	11	66	0.1666667
NODE_133123_length_329_cov_2.143478	92	158	28	5	66	0.0757576
NODE_133123_length_329_cov_2.143478	92	158	29	5	66	0.0757576
NODE_133184_length_329_cov_1.865217	182	252	4	5	70	0.0714286
NODE_133184_length_329_cov_1.865217	182	252	6	3	70	0.0428571
NODE_133184_length_329_cov_1.865217	182	252	8	13	70	0.1857143
NODE_133184_length_329_cov_1.865217	182	252	9	1	70	0.0142857
NODE_133184_length_329_cov_1.865217	182	252	10	8	70	0.1142857
NODE_133184_length_329_cov_1.865217	182	252	12	28	70	0.4000000
NODE_133184_length_329_cov_1.865217	182	252	14	5	70	0.0714286
NODE_133184_length_329_cov_1.865217	182	252	16	6	70	0.0857143
NODE_133184_length_329_cov_1.865217	182	252	18	1	70	0.0142857
NODE_133200_length_329_cov_1.791304	50	84	0	34	34	1.0000000
NODE_133200_length_329_cov_1.791304	92	149	8	36	57	0.6315789
NODE_133200_length_329_cov_1.791304	92	149	10	5	57	0.0877193
NODE_133200_length_329_cov_1.791304	92	149	12	16	57	0.2807018
NODE_133200_length_329_cov_1.791304	145	203	6	15	58	0.2586207
NODE_133200_length_329_cov_1.791304	145	203	12	43	58	0.7413793
NODE_133332_length_329_cov_1.508696	261	323	2	62	62	1.0000000
NODE_133348_length_329_cov_1.469565	168	237	0	36	69	0.5217391
NODE_133348_length_329_cov_1.469565	168	237	2	33	69	0.4782609
NODE_133376_length_329_cov_1.391304	275	307	26	23	32	0.7187500
NODE_133376_length_329_cov_1.391304	275	307	28	7	32	0.2187500
NODE_133376_length_329_cov_1.391304	275	307	30	2	32	0.0625000
NODE_133547_length_329_cov_1.165217	199	242	0	43	43	1.0000000
NODE_133768_length_329_cov_0.878261	221	296	0	75	75	1.0000000
NODE_133970_length_328_cov_4.484716	95	175	4	8	80	0.1000000
NODE_133970_length_328_cov_4.484716	95	175	6	26	80	0.3250000
NODE_133970_length_328_cov_4.484716	95	175	8	46	80	0.5750000
NODE_133989_length_328_cov_4.087336	79	159	4	15	80	0.1875000
NODE_133989_length_328_cov_4.087336	79	159	6	23	80	0.2875000
NODE_133989_length_328_cov_4.087336	79	159	8	1	80	0.0125000
NODE_133989_length_328_cov_4.087336	79	159	10	8	80	0.1000000
NODE_133989_length_328_cov_4.087336	79	159	12	1	80	0.0125000
NODE_133989_length_328_cov_4.087336	79	159	14	32	80	0.4000000
NODE_133989_length_328_cov_4.087336	132	207	0	47	75	0.6266667
NODE_133989_length_328_cov_4.087336	132	207	4	16	75	0.2133333
NODE_133989_length_328_cov_4.087336	132	207	6	12	75	0.1600000
NODE_133993_length_328_cov_3.895197	110	190	2	5	80	0.0625000
NODE_133993_length_328_cov_3.895197	110	190	4	38	80	0.4750000
NODE_133993_length_328_cov_3.895197	110	190	6	37	80	0.4625000
NODE_134019_length_328_cov_3.393013	30	78	0	48	48	1.0000000
NODE_134144_length_328_cov_2.161572	103	134	12	1	31	0.0322581
NODE_134144_length_328_cov_2.161572	103	134	14	30	31	0.9677419
NODE_134247_length_328_cov_1.781659	16	44	0	28	28	1.0000000
NODE_134335_length_328_cov_1.567686	0	76	0	5	76	0.0657895
NODE_134335_length_328_cov_1.567686	0	76	2	1	76	0.0131579
NODE_134335_length_328_cov_1.567686	0	76	4	11	76	0.1447368
NODE_134335_length_328_cov_1.567686	0	76	6	15	76	0.1973684
NODE_134335_length_328_cov_1.567686	0	76	8	44	76	0.5789474
NODE_134335_length_328_cov_1.567686	49	94	8	45	45	1.0000000
NODE_134452_length_328_cov_1.336245	0	73	0	73	73	1.0000000
NODE_134508_length_328_cov_1.266376	78	158	6	2	80	0.0250000
NODE_134508_length_328_cov_1.266376	78	158	10	22	80	0.2750000
NODE_134508_length_328_cov_1.266376	78	158	12	42	80	0.5250000
NODE_134508_length_328_cov_1.266376	78	158	13	13	80	0.1625000
NODE_134508_length_328_cov_1.266376	78	158	14	1	80	0.0125000
NODE_135002_length_327_cov_4.934211	170	250	0	80	80	1.0000000
NODE_135009_length_327_cov_4.701754	225	305	0	4	80	0.0500000
NODE_135009_length_327_cov_4.701754	225	305	1	14	80	0.1750000
NODE_135009_length_327_cov_4.701754	225	305	2	62	80	0.7750000
NODE_135018_length_327_cov_4.241228	97	173	16	2	76	0.0263158
NODE_135018_length_327_cov_4.241228	97	173	18	2	76	0.0263158
NODE_135018_length_327_cov_4.241228	97	173	20	3	76	0.0394737
NODE_135018_length_327_cov_4.241228	97	173	22	4	76	0.0526316
NODE_135018_length_327_cov_4.241228	97	173	24	65	76	0.8552632
NODE_135037_length_327_cov_3.719298	70	150	0	42	80	0.5250000
NODE_135037_length_327_cov_3.719298	70	150	2	38	80	0.4750000
NODE_135063_length_327_cov_3.350877	156	227	0	71	71	1.0000000
NODE_135328_length_327_cov_1.780702	191	271	20	1	80	0.0125000
NODE_135328_length_327_cov_1.780702	191	271	22	14	80	0.1750000
NODE_135328_length_327_cov_1.780702	191	271	24	2	80	0.0250000
NODE_135328_length_327_cov_1.780702	191	271	28	6	80	0.0750000
NODE_135328_length_327_cov_1.780702	191	271	30	2	80	0.0250000
NODE_135328_length_327_cov_1.780702	191	271	32	15	80	0.1875000
NODE_135328_length_327_cov_1.780702	191	271	34	1	80	0.0125000
NODE_135328_length_327_cov_1.780702	191	271	35	1	80	0.0125000
NODE_135328_length_327_cov_1.780702	191	271	36	38	80	0.4750000
NODE_136081_length_326_cov_3.964758	178	228	0	50	50	1.0000000
NODE_136100_length_326_cov_3.502203	211	253	2	42	42	1.0000000
NODE_136100_length_326_cov_3.502203	220	255	2	35	35	1.0000000
NODE_136116_length_326_cov_3.202643	149	203	2	1	54	0.0185185
NODE_136116_length_326_cov_3.202643	149	203	7	1	54	0.0185185
NODE_136116_length_326_cov_3.202643	149	203	9	1	54	0.0185185
NODE_136116_length_326_cov_3.202643	149	203	15	4	54	0.0740741
NODE_136116_length_326_cov_3.202643	149	203	17	8	54	0.1481481
NODE_136116_length_326_cov_3.202643	149	203	19	11	54	0.2037037
NODE_136116_length_326_cov_3.202643	149	203	22	3	54	0.0555556
NODE_136116_length_326_cov_3.202643	149	203	24	13	54	0.2407407
NODE_136116_length_326_cov_3.202643	149	203	26	12	54	0.2222222
NODE_136130_length_326_cov_3.057269	107	126	0	19	19	1.0000000
NODE_136176_length_326_cov_2.594714	125	196	0	71	71	1.0000000
NODE_136283_length_326_cov_2.123348	184	244	2	56	60	0.9333333
NODE_136283_length_326_cov_2.123348	184	244	4	4	60	0.0666667
NODE_136496_length_326_cov_1.515419	86	166	0	80	80	1.0000000
NODE_137182_length_325_cov_4.893805	142	222	58	3	80	0.0375000
NODE_137182_length_325_cov_4.893805	142	222	59	8	80	0.1000000
NODE_137182_length_325_cov_4.893805	142	222	60	1	80	0.0125000
NODE_137182_length_325_cov_4.893805	142	222	61	3	80	0.0375000
NODE_137182_length_325_cov_4.893805	142	222	63	1	80	0.0125000
NODE_137182_length_325_cov_4.893805	142	222	64	1	80	0.0125000
NODE_137182_length_325_cov_4.893805	142	222	65	15	80	0.1875000
NODE_137182_length_325_cov_4.893805	142	222	66	7	80	0.0875000
NODE_137182_length_325_cov_4.893805	142	222	67	2	80	0.0250000
NODE_137182_length_325_cov_4.893805	142	222	68	17	80	0.2125000
NODE_137182_length_325_cov_4.893805	142	222	69	14	80	0.1750000
NODE_137182_length_325_cov_4.893805	142	222	70	2	80	0.0250000
NODE_137182_length_325_cov_4.893805	142	222	73	1	80	0.0125000
NODE_137182_length_325_cov_4.893805	142	222	74	5	80	0.0625000
NODE_137182_length_325_cov_4.893805	195	275	16	1	80	0.0125000
NODE_137182_length_325_cov_4.893805	195	275	22	9	80	0.1125000
NODE_137182_length_325_cov_4.893805	195	275	24	3	80	0.0375000
NODE_137182_length_325_cov_4.893805	195	275	25	4	80	0.0500000
NODE_137182_length_325_cov_4.893805	195	275	26	2	80	0.0250000
NODE_137182_length_325_cov_4.893805	195	275	27	10	80	0.1250000
NODE_137182_length_325_cov_4.893805	195	275	32	3	80	0.0375000
NODE_137182_length_325_cov_4.893805	195	275	34	6	80	0.0750000
NODE_137182_length_325_cov_4.893805	195	275	36	2	80	0.0250000
NODE_137182_length_325_cov_4.893805	195	275	38	3	80	0.0375000
NODE_137182_length_325_cov_4.893805	195	275	40	1	80	0.0125000
NODE_137182_length_325_cov_4.893805	195	275	51	1	80	0.0125000
NODE_137182_length_325_cov_4.893805	195	275	52	3	80	0.0375000
NODE_137182_length_325_cov_4.893805	195	275	54	1	80	0.0125000
NODE_137182_length_325_cov_4.893805	195	275	56	4	80	0.0500000
NODE_137182_length_325_cov_4.893805	195	275	58	3	80	0.0375000
NODE_137182_length_325_cov_4.893805	195	275	60	1	80	0.0125000
NODE_137182_length_325_cov_4.893805	195	275	64	1	80	0.0125000
NODE_137182_length_325_cov_4.893805	195	275	66	7	80	0.0875000
NODE_137182_length_325_cov_4.893805	195	275	67	1	80	0.0125000
NODE_137182_length_325_cov_4.893805	195	275	68	14	80	0.1750000
NODE_137199_length_325_cov_4.000000	134	198	0	38	64	0.5937500
NODE_137199_length_325_cov_4.000000	134	198	2	26	64	0.4062500
NODE_137221_length_325_cov_3.513274	191	266	6	2	75	0.0266667
NODE_137221_length_325_cov_3.513274	191	266	8	73	75	0.9733334
NODE_137221_length_325_cov_3.513274	240	319	2	5	79	0.0632911
NODE_137221_length_325_cov_3.513274	240	319	4	16	79	0.2025317
NODE_137221_length_325_cov_3.513274	240	319	5	1	79	0.0126582
NODE_137221_length_325_cov_3.513274	240	319	8	57	79	0.7215190
NODE_137223_length_325_cov_3.469027	216	278	0	62	62	1.0000000
NODE_137224_length_325_cov_3.429204	178	224	0	46	46	1.0000000
NODE_137243_length_325_cov_3.168142	188	274	0	24	86	0.2790698
NODE_137243_length_325_cov_3.168142	188	274	2	62	86	0.7209302
NODE_137268_length_325_cov_2.880531	72	152	0	7	80	0.0875000
NODE_137268_length_325_cov_2.880531	72	152	4	1	80	0.0125000
NODE_137268_length_325_cov_2.880531	72	152	12	1	80	0.0125000
NODE_137268_length_325_cov_2.880531	72	152	16	11	80	0.1375000
NODE_137268_length_325_cov_2.880531	72	152	18	5	80	0.0625000
NODE_137268_length_325_cov_2.880531	72	152	20	12	80	0.1500000
NODE_137268_length_325_cov_2.880531	72	152	22	20	80	0.2500000
NODE_137268_length_325_cov_2.880531	72	152	24	23	80	0.2875000
NODE_137268_length_325_cov_2.880531	125	205	12	1	80	0.0125000
NODE_137268_length_325_cov_2.880531	125	205	14	39	80	0.4875000
NODE_137268_length_325_cov_2.880531	125	205	15	1	80	0.0125000
NODE_137268_length_325_cov_2.880531	125	205	16	5	80	0.0625000
NODE_137268_length_325_cov_2.880531	125	205	18	5	80	0.0625000
NODE_137268_length_325_cov_2.880531	125	205	20	8	80	0.1000000
NODE_137268_length_325_cov_2.880531	125	205	24	21	80	0.2625000
NODE_137291_length_325_cov_2.707965	203	261	0	58	58	1.0000000
NODE_137296_length_325_cov_2.703540	68	148	2	8	80	0.1000000
NODE_137296_length_325_cov_2.703540	68	148	6	3	80	0.0375000
NODE_137296_length_325_cov_2.703540	68	148	8	1	80	0.0125000
NODE_137296_length_325_cov_2.703540	68	148	10	68	80	0.8500000
NODE_137330_length_325_cov_2.500000	0	42	0	42	42	1.0000000
NODE_137407_length_325_cov_2.048673	122	202	14	10	80	0.1250000
NODE_137407_length_325_cov_2.048673	122	202	16	7	80	0.0875000
NODE_137407_length_325_cov_2.048673	122	202	20	1	80	0.0125000
NODE_137407_length_325_cov_2.048673	122	202	22	13	80	0.1625000
NODE_137407_length_325_cov_2.048673	122	202	24	3	80	0.0375000
NODE_137407_length_325_cov_2.048673	122	202	26	1	80	0.0125000
NODE_137407_length_325_cov_2.048673	122	202	28	18	80	0.2250000
NODE_137407_length_325_cov_2.048673	122	202	30	27	80	0.3375000
NODE_137409_length_325_cov_2.035398	83	154	2	19	71	0.2676056
NODE_137409_length_325_cov_2.035398	83	154	4	52	71	0.7323943
NODE_137642_length_325_cov_1.464602	153	224	0	71	71	1.0000000
NODE_137939_length_325_cov_1.017699	103	134	2	11	31	0.3548387
NODE_137939_length_325_cov_1.017699	103	134	4	16	31	0.5161290
NODE_137939_length_325_cov_1.017699	103	134	5	1	31	0.0322581
NODE_137939_length_325_cov_1.017699	103	134	6	3	31	0.0967742
NODE_138113_length_325_cov_0.827434	258	308	10	3	50	0.0600000
NODE_138113_length_325_cov_0.827434	258	308	12	47	50	0.9400000
NODE_138309_length_324_cov_4.737778	113	160	0	36	47	0.7659575
NODE_138309_length_324_cov_4.737778	113	160	5	1	47	0.0212766
NODE_138309_length_324_cov_4.737778	113	160	6	10	47	0.2127660
NODE_138309_length_324_cov_4.737778	142	213	0	7	71	0.0985916
NODE_138309_length_324_cov_4.737778	142	213	5	1	71	0.0140845
NODE_138309_length_324_cov_4.737778	142	213	6	63	71	0.8873239
NODE_138358_length_324_cov_3.626667	218	273	2	55	55	1.0000000
NODE_138396_length_324_cov_3.124444	101	181	0	80	80	1.0000000
NODE_138396_length_324_cov_3.124444	256	285	0	29	29	1.0000000
NODE_138416_length_324_cov_2.924444	114	198	0	20	84	0.2380952
NODE_138416_length_324_cov_2.924444	114	198	2	2	84	0.0238095
NODE_138416_length_324_cov_2.924444	114	198	5	2	84	0.0238095
NODE_138416_length_324_cov_2.924444	114	198	7	1	84	0.0119048
NODE_138416_length_324_cov_2.924444	114	198	8	2	84	0.0238095
NODE_138416_length_324_cov_2.924444	114	198	12	20	84	0.2380952
NODE_138416_length_324_cov_2.924444	114	198	13	14	84	0.1666667
NODE_138416_length_324_cov_2.924444	114	198	15	1	84	0.0119048
NODE_138416_length_324_cov_2.924444	114	198	16	22	84	0.2619048
NODE_138416_length_324_cov_2.924444	178	237	14	14	59	0.2372881
NODE_138416_length_324_cov_2.924444	178	237	16	45	59	0.7627119
NODE_138418_length_324_cov_2.915556	141	221	0	10	80	0.1250000
NODE_138418_length_324_cov_2.915556	141	221	2	70	80	0.8750000
NODE_138434_length_324_cov_2.715556	4	51	2	47	47	1.0000000
NODE_138434_length_324_cov_2.715556	24	104	0	24	80	0.3000000
NODE_138434_length_324_cov_2.715556	24	104	2	56	80	0.7000000
NODE_138463_length_324_cov_2.506667	270	306	0	36	36	1.0000000
NODE_138483_length_324_cov_2.448889	187	238	0	21	51	0.4117647
NODE_138483_length_324_cov_2.448889	187	238	2	30	51	0.5882353
NODE_138527_length_324_cov_2.248889	30	96	0	66	66	1.0000000
NODE_138778_length_324_cov_1.502222	10	90	2	5	80	0.0625000
NODE_138778_length_324_cov_1.502222	10	90	4	48	80	0.6000000
NODE_138778_length_324_cov_1.502222	10	90	6	27	80	0.3375000
NODE_138792_length_324_cov_1.457778	0	45	0	30	45	0.6666667
NODE_138792_length_324_cov_1.457778	0	45	2	15	45	0.3333333
NODE_138792_length_324_cov_1.457778	18	75	0	12	57	0.2105263
NODE_138792_length_324_cov_1.457778	18	75	2	38	57	0.6666667
NODE_138792_length_324_cov_1.457778	18	75	3	1	57	0.0175439
NODE_138792_length_324_cov_1.457778	18	75	4	5	57	0.0877193
NODE_138792_length_324_cov_1.457778	18	75	6	1	57	0.0175439
NODE_138808_length_324_cov_1.382222	263	304	0	41	41	1.0000000
NODE_139129_length_324_cov_1.017778	0	59	0	59	59	1.0000000
NODE_139497_length_323_cov_6.669643	215	286	0	49	71	0.6901408
NODE_139497_length_323_cov_6.669643	215	286	2	22	71	0.3098592
NODE_139497_length_323_cov_6.669643	268	315	0	47	47	1.0000000
NODE_139511_length_323_cov_5.089286	224	290	4	66	66	1.0000000
NODE_139511_length_323_cov_5.089286	263	319	0	11	56	0.1964286
NODE_139511_length_323_cov_5.089286	263	319	4	45	56	0.8035714
NODE_139572_length_323_cov_3.276786	189	269	7	5	80	0.0625000
NODE_139572_length_323_cov_3.276786	189	269	11	8	80	0.1000000
NODE_139572_length_323_cov_3.276786	189	269	12	5	80	0.0625000
NODE_139572_length_323_cov_3.276786	189	269	13	5	80	0.0625000
NODE_139572_length_323_cov_3.276786	189	269	17	11	80	0.1375000
NODE_139572_length_323_cov_3.276786	189	269	22	4	80	0.0500000
NODE_139572_length_323_cov_3.276786	189	269	24	9	80	0.1125000
NODE_139572_length_323_cov_3.276786	189	269	27	3	80	0.0375000
NODE_139572_length_323_cov_3.276786	189	269	28	1	80	0.0125000
NODE_139572_length_323_cov_3.276786	189	269	29	3	80	0.0375000
NODE_139572_length_323_cov_3.276786	189	269	30	17	80	0.2125000
NODE_139572_length_323_cov_3.276786	189	269	31	7	80	0.0875000
NODE_139572_length_323_cov_3.276786	189	269	33	2	80	0.0250000
NODE_139575_length_323_cov_3.263393	101	181	2	51	80	0.6375000
NODE_139575_length_323_cov_3.263393	101	181	4	2	80	0.0250000
NODE_139575_length_323_cov_3.263393	101	181	6	9	80	0.1125000
NODE_139575_length_323_cov_3.263393	101	181	8	18	80	0.2250000
NODE_139591_length_323_cov_3.089286	128	208	2	4	80	0.0500000
NODE_139591_length_323_cov_3.089286	128	208	4	23	80	0.2875000
NODE_139591_length_323_cov_3.089286	128	208	6	3	80	0.0375000
NODE_139591_length_323_cov_3.089286	128	208	8	50	80	0.6250000
NODE_139591_length_323_cov_3.089286	166	208	2	4	42	0.0952381
NODE_139591_length_323_cov_3.089286	166	208	4	23	42	0.5476190
NODE_139591_length_323_cov_3.089286	166	208	6	3	42	0.0714286
NODE_139591_length_323_cov_3.089286	166	208	8	12	42	0.2857143
NODE_139591_length_323_cov_3.089286	181	261	0	41	80	0.5125000
NODE_139591_length_323_cov_3.089286	181	261	2	16	80	0.2000000
NODE_139591_length_323_cov_3.089286	181	261	4	23	80	0.2875000
NODE_139591_length_323_cov_3.089286	181	261	0	41	80	0.5125000
NODE_139591_length_323_cov_3.089286	181	261	2	16	80	0.2000000
NODE_139591_length_323_cov_3.089286	181	261	4	23	80	0.2875000
NODE_139629_length_323_cov_2.683036	144	215	4	4	71	0.0563380
NODE_139629_length_323_cov_2.683036	144	215	6	24	71	0.3380282
NODE_139629_length_323_cov_2.683036	144	215	8	43	71	0.6056338
NODE_139746_length_323_cov_2.089286	64	144	4	80	80	1.0000000
NODE_139797_length_323_cov_1.888393	148	207	2	8	59	0.1355932
NODE_139797_length_323_cov_1.888393	148	207	4	51	59	0.8644068
NODE_139901_length_323_cov_1.705357	195	262	0	22	67	0.3283582
NODE_139901_length_323_cov_1.705357	195	262	2	45	67	0.6716418
NODE_139901_length_323_cov_1.705357	235	315	0	25	80	0.3125000
NODE_139901_length_323_cov_1.705357	235	315	2	55	80	0.6875000
NODE_140651_length_322_cov_5.475336	56	136	0	80	80	1.0000000
NODE_140651_length_322_cov_5.475336	113	189	0	76	76	1.0000000
NODE_140692_length_322_cov_3.753363	63	133	0	70	70	1.0000000
NODE_140692_length_322_cov_3.753363	116	190	0	74	74	1.0000000
NODE_140693_length_322_cov_3.735426	60	86	0	26	26	1.0000000
NODE_140693_length_322_cov_3.735426	99	139	0	40	40	1.0000000
NODE_140701_length_322_cov_3.605381	73	116	2	3	43	0.0697674
NODE_140701_length_322_cov_3.605381	73	116	4	40	43	0.9302326
NODE_140702_length_322_cov_3.600897	75	145	0	50	70	0.7142857
NODE_140702_length_322_cov_3.600897	75	145	2	10	70	0.1428571
NODE_140702_length_322_cov_3.600897	75	145	4	10	70	0.1428571
NODE_140820_length_322_cov_2.304933	182	213	2	31	31	1.0000000
NODE_141738_length_321_cov_8.527027	176	240	4	11	64	0.1718750
NODE_141738_length_321_cov_8.527027	176	240	8	5	64	0.0781250
NODE_141738_length_321_cov_8.527027	176	240	10	48	64	0.7500000
NODE_141786_length_321_cov_4.094595	196	266	0	70	70	1.0000000
NODE_141811_length_321_cov_3.563063	59	131	2	4	72	0.0555556
NODE_141811_length_321_cov_3.563063	59	131	4	9	72	0.1250000
NODE_141811_length_321_cov_3.563063	59	131	6	47	72	0.6527778
NODE_141811_length_321_cov_3.563063	59	131	8	12	72	0.1666667
NODE_141811_length_321_cov_3.563063	112	183	2	13	71	0.1830986
NODE_141811_length_321_cov_3.563063	112	183	4	35	71	0.4929577
NODE_141811_length_321_cov_3.563063	112	183	6	17	71	0.2394366
NODE_141811_length_321_cov_3.563063	112	183	8	6	71	0.0845070
NODE_141813_length_321_cov_3.540541	112	141	10	29	29	1.0000000
NODE_141833_length_321_cov_3.049550	65	115	67	14	50	0.2800000
NODE_141833_length_321_cov_3.049550	65	115	69	18	50	0.3600000
NODE_141833_length_321_cov_3.049550	65	115	71	18	50	0.3600000
NODE_141833_length_321_cov_3.049550	95	138	58	8	43	0.1860465
NODE_141833_length_321_cov_3.049550	95	138	60	3	43	0.0697674
NODE_141833_length_321_cov_3.049550	95	138	62	1	43	0.0232558
NODE_141833_length_321_cov_3.049550	95	138	63	2	43	0.0465116
NODE_141833_length_321_cov_3.049550	95	138	64	1	43	0.0232558
NODE_141833_length_321_cov_3.049550	95	138	67	2	43	0.0465116
NODE_141833_length_321_cov_3.049550	95	138	68	3	43	0.0697674
NODE_141833_length_321_cov_3.049550	95	138	69	5	43	0.1162791
NODE_141833_length_321_cov_3.049550	95	138	70	1	43	0.0232558
NODE_141833_length_321_cov_3.049550	95	138	71	17	43	0.3953488
NODE_141833_length_321_cov_3.049550	118	168	4	1	50	0.0200000
NODE_141833_length_321_cov_3.049550	118	168	6	1	50	0.0200000
NODE_141833_length_321_cov_3.049550	118	168	16	1	50	0.0200000
NODE_141833_length_321_cov_3.049550	118	168	18	1	50	0.0200000
NODE_141833_length_321_cov_3.049550	118	168	20	1	50	0.0200000
NODE_141833_length_321_cov_3.049550	118	168	25	1	50	0.0200000
NODE_141833_length_321_cov_3.049550	118	168	29	1	50	0.0200000
NODE_141833_length_321_cov_3.049550	118	168	31	1	50	0.0200000
NODE_141833_length_321_cov_3.049550	118	168	35	3	50	0.0600000
NODE_141833_length_321_cov_3.049550	118	168	39	1	50	0.0200000
NODE_141833_length_321_cov_3.049550	118	168	41	1	50	0.0200000
NODE_141833_length_321_cov_3.049550	118	168	43	3	50	0.0600000
NODE_141833_length_321_cov_3.049550	118	168	49	4	50	0.0800000
NODE_141833_length_321_cov_3.049550	118	168	51	3	50	0.0600000
NODE_141833_length_321_cov_3.049550	118	168	55	3	50	0.0600000
NODE_141833_length_321_cov_3.049550	118	168	57	4	50	0.0800000
NODE_141833_length_321_cov_3.049550	118	168	58	8	50	0.1600000
NODE_141833_length_321_cov_3.049550	118	168	60	3	50	0.0600000
NODE_141833_length_321_cov_3.049550	118	168	62	1	50	0.0200000
NODE_141833_length_321_cov_3.049550	118	168	63	2	50	0.0400000
NODE_141833_length_321_cov_3.049550	118	168	64	1	50	0.0200000
NODE_141833_length_321_cov_3.049550	118	168	67	2	50	0.0400000
NODE_141833_length_321_cov_3.049550	118	168	68	3	50	0.0600000
NODE_141837_length_321_cov_2.995495	146	220	0	74	74	1.0000000
NODE_141842_length_321_cov_2.981982	251	304	0	53	53	1.0000000
NODE_141876_length_321_cov_2.734234	239	306	0	67	67	1.0000000
NODE_141910_length_321_cov_2.427928	221	265	0	44	44	1.0000000
NODE_141922_length_321_cov_2.315315	22	65	0	43	43	1.0000000
NODE_141951_length_321_cov_2.270270	43	105	8	18	62	0.2903226
NODE_141951_length_321_cov_2.270270	43	105	10	1	62	0.0161290
NODE_141951_length_321_cov_2.270270	43	105	12	11	62	0.1774193
NODE_141951_length_321_cov_2.270270	43	105	14	2	62	0.0322581
NODE_141951_length_321_cov_2.270270	43	105	16	16	62	0.2580645
NODE_141951_length_321_cov_2.270270	43	105	18	14	62	0.2258064
NODE_141951_length_321_cov_2.270270	120	203	6	4	83	0.0481928
NODE_141951_length_321_cov_2.270270	120	203	7	22	83	0.2650602
NODE_141951_length_321_cov_2.270270	120	203	9	7	83	0.0843373
NODE_141951_length_321_cov_2.270270	120	203	10	23	83	0.2771084
NODE_141951_length_321_cov_2.270270	120	203	12	1	83	0.0120482
NODE_141951_length_321_cov_2.270270	120	203	16	1	83	0.0120482
NODE_141951_length_321_cov_2.270270	120	203	18	17	83	0.2048193
NODE_141951_length_321_cov_2.270270	120	203	20	8	83	0.0963855
NODE_141951_length_321_cov_2.270270	127	208	6	9	81	0.1111111
NODE_141951_length_321_cov_2.270270	127	208	7	22	81	0.2716049
NODE_141951_length_321_cov_2.270270	127	208	9	7	81	0.0864198
NODE_141951_length_321_cov_2.270270	127	208	10	23	81	0.2839506
NODE_141951_length_321_cov_2.270270	127	208	12	1	81	0.0123457
NODE_141951_length_321_cov_2.270270	127	208	16	1	81	0.0123457
NODE_141951_length_321_cov_2.270270	127	208	18	17	81	0.2098765
NODE_141951_length_321_cov_2.270270	127	208	20	1	81	0.0123457
NODE_142200_length_321_cov_1.576577	241	321	0	80	80	1.0000000
NODE_142363_length_321_cov_1.319820	253	304	2	51	51	1.0000000
NODE_142484_length_321_cov_1.130631	0	43	0	43	43	1.0000000
NODE_142700_length_321_cov_0.869369	248	294	0	46	46	1.0000000
NODE_142885_length_320_cov_200.484163	264	320	0	1	56	0.0178571
NODE_142885_length_320_cov_200.484163	264	320	4	4	56	0.0714286
NODE_142885_length_320_cov_200.484163	264	320	6	1	56	0.0178571
NODE_142885_length_320_cov_200.484163	264	320	7	7	56	0.1250000
NODE_142885_length_320_cov_200.484163	264	320	9	1	56	0.0178571
NODE_142885_length_320_cov_200.484163	264	320	13	1	56	0.0178571
NODE_142885_length_320_cov_200.484163	264	320	19	2	56	0.0357143
NODE_142885_length_320_cov_200.484163	264	320	21	2	56	0.0357143
NODE_142885_length_320_cov_200.484163	264	320	23	2	56	0.0357143
NODE_142885_length_320_cov_200.484163	264	320	24	25	56	0.4464286
NODE_142885_length_320_cov_200.484163	264	320	26	2	56	0.0357143
NODE_142885_length_320_cov_200.484163	264	320	28	8	56	0.1428571
NODE_142886_length_320_cov_73.357466	51	97	0	46	46	1.0000000
NODE_142886_length_320_cov_73.357466	108	154	0	46	46	1.0000000
NODE_142886_length_320_cov_73.357466	165	245	0	80	80	1.0000000
NODE_142886_length_320_cov_73.357466	218	296	0	78	78	1.0000000
NODE_142887_length_320_cov_35.787330	212	292	0	10	80	0.1250000
NODE_142887_length_320_cov_35.787330	212	292	2	2	80	0.0250000
NODE_142887_length_320_cov_35.787330	212	292	4	19	80	0.2375000
NODE_142887_length_320_cov_35.787330	212	292	6	49	80	0.6125000
NODE_142887_length_320_cov_35.787330	212	292	0	10	80	0.1250000
NODE_142887_length_320_cov_35.787330	212	292	2	2	80	0.0250000
NODE_142887_length_320_cov_35.787330	212	292	4	19	80	0.2375000
NODE_142887_length_320_cov_35.787330	212	292	6	49	80	0.6125000
NODE_142887_length_320_cov_35.787330	212	292	0	10	80	0.1250000
NODE_142887_length_320_cov_35.787330	212	292	2	2	80	0.0250000
NODE_142887_length_320_cov_35.787330	212	292	4	19	80	0.2375000
NODE_142887_length_320_cov_35.787330	212	292	6	49	80	0.6125000
NODE_142887_length_320_cov_35.787330	212	292	0	10	80	0.1250000
NODE_142887_length_320_cov_35.787330	212	292	2	2	80	0.0250000
NODE_142887_length_320_cov_35.787330	212	292	4	19	80	0.2375000
NODE_142887_length_320_cov_35.787330	212	292	6	49	80	0.6125000
NODE_142887_length_320_cov_35.787330	212	292	0	10	80	0.1250000
NODE_142887_length_320_cov_35.787330	212	292	2	2	80	0.0250000
NODE_142887_length_320_cov_35.787330	212	292	4	19	80	0.2375000
NODE_142887_length_320_cov_35.787330	212	292	6	49	80	0.6125000
NODE_142887_length_320_cov_35.787330	265	314	0	32	49	0.6530612
NODE_142887_length_320_cov_35.787330	265	314	2	2	49	0.0408163
NODE_142887_length_320_cov_35.787330	265	314	4	15	49	0.3061225
NODE_142887_length_320_cov_35.787330	265	320	0	38	55	0.6909091
NODE_142887_length_320_cov_35.787330	265	320	2	2	55	0.0363636
NODE_142887_length_320_cov_35.787330	265	320	4	15	55	0.2727273
NODE_142887_length_320_cov_35.787330	265	320	0	38	55	0.6909091
NODE_142887_length_320_cov_35.787330	265	320	2	2	55	0.0363636
NODE_142887_length_320_cov_35.787330	265	320	4	15	55	0.2727273
NODE_142887_length_320_cov_35.787330	268	320	0	38	52	0.7307692
NODE_142887_length_320_cov_35.787330	268	320	2	2	52	0.0384615
NODE_142887_length_320_cov_35.787330	268	320	4	12	52	0.2307692
NODE_142887_length_320_cov_35.787330	270	320	0	38	50	0.7600000
NODE_142887_length_320_cov_35.787330	270	320	2	2	50	0.0400000
NODE_142887_length_320_cov_35.787330	270	320	4	10	50	0.2000000
NODE_142900_length_320_cov_5.841629	115	172	2	57	57	1.0000000
NODE_142900_length_320_cov_5.841629	168	225	0	49	57	0.8596491
NODE_142900_length_320_cov_5.841629	168	225	2	8	57	0.1403509
NODE_142934_length_320_cov_4.153846	134	200	0	66	66	1.0000000
NODE_142958_length_320_cov_3.733032	5	40	0	35	35	1.0000000
NODE_142985_length_320_cov_3.402715	142	222	0	18	80	0.2250000
NODE_142985_length_320_cov_3.402715	142	222	2	62	80	0.7750000
NODE_143076_length_320_cov_2.475113	120	187	2	17	67	0.2537313
NODE_143076_length_320_cov_2.475113	120	187	4	4	67	0.0597015
NODE_143076_length_320_cov_2.475113	120	187	6	19	67	0.2835821
NODE_143076_length_320_cov_2.475113	120	187	10	1	67	0.0149254
NODE_143076_length_320_cov_2.475113	120	187	14	2	67	0.0298507
NODE_143076_length_320_cov_2.475113	120	187	16	13	67	0.1940299
NODE_143076_length_320_cov_2.475113	120	187	18	1	67	0.0149254
NODE_143076_length_320_cov_2.475113	120	187	20	1	67	0.0149254
NODE_143076_length_320_cov_2.475113	120	187	24	1	67	0.0149254
NODE_143076_length_320_cov_2.475113	120	187	28	1	67	0.0149254
NODE_143076_length_320_cov_2.475113	120	187	30	2	67	0.0298507
NODE_143076_length_320_cov_2.475113	120	187	32	1	67	0.0149254
NODE_143076_length_320_cov_2.475113	120	187	34	4	67	0.0597015
NODE_143142_length_320_cov_2.171946	16	96	0	7	80	0.0875000
NODE_143142_length_320_cov_2.171946	16	96	1	2	80	0.0250000
NODE_143142_length_320_cov_2.171946	16	96	3	2	80	0.0250000
NODE_143142_length_320_cov_2.171946	16	96	5	1	80	0.0125000
NODE_143142_length_320_cov_2.171946	16	96	7	15	80	0.1875000
NODE_143142_length_320_cov_2.171946	16	96	8	1	80	0.0125000
NODE_143142_length_320_cov_2.171946	16	96	10	4	80	0.0500000
NODE_143142_length_320_cov_2.171946	16	96	16	3	80	0.0375000
NODE_143142_length_320_cov_2.171946	16	96	18	5	80	0.0625000
NODE_143142_length_320_cov_2.171946	16	96	19	3	80	0.0375000
NODE_143142_length_320_cov_2.171946	16	96	20	6	80	0.0750000
NODE_143142_length_320_cov_2.171946	16	96	21	28	80	0.3500000
NODE_143142_length_320_cov_2.171946	16	96	23	3	80	0.0375000
NODE_143142_length_320_cov_2.171946	69	149	21	24	80	0.3000000
NODE_143142_length_320_cov_2.171946	69	149	23	9	80	0.1125000
NODE_143142_length_320_cov_2.171946	69	149	25	1	80	0.0125000
NODE_143142_length_320_cov_2.171946	69	149	27	4	80	0.0500000
NODE_143142_length_320_cov_2.171946	69	149	29	6	80	0.0750000
NODE_143142_length_320_cov_2.171946	69	149	31	15	80	0.1875000
NODE_143142_length_320_cov_2.171946	69	149	32	21	80	0.2625000
NODE_143207_length_320_cov_1.900452	37	117	10	20	80	0.2500000
NODE_143207_length_320_cov_1.900452	37	117	12	3	80	0.0375000
NODE_143207_length_320_cov_1.900452	37	117	14	57	80	0.7125000
NODE_143207_length_320_cov_1.900452	90	164	0	29	74	0.3918919
NODE_143207_length_320_cov_1.900452	90	164	4	10	74	0.1351351
NODE_143207_length_320_cov_1.900452	90	164	10	17	74	0.2297297
NODE_143207_length_320_cov_1.900452	90	164	12	3	74	0.0405405
NODE_143207_length_320_cov_1.900452	90	164	14	15	74	0.2027027
NODE_143230_length_320_cov_1.846154	188	220	0	32	32	1.0000000
NODE_143309_length_320_cov_1.665158	144	198	2	18	54	0.3333333
NODE_143309_length_320_cov_1.665158	144	198	4	36	54	0.6666667
NODE_143309_length_320_cov_1.665158	198	251	1	21	53	0.3962264
NODE_143309_length_320_cov_1.665158	198	251	2	27	53	0.5094340
NODE_143309_length_320_cov_1.665158	198	251	4	5	53	0.0943396
NODE_143351_length_320_cov_1.601810	157	181	2	24	24	1.0000000
NODE_143351_length_320_cov_1.601810	231	290	2	27	59	0.4576271
NODE_143351_length_320_cov_1.601810	231	290	4	32	59	0.5423729
NODE_143366_length_320_cov_1.556561	0	39	0	13	39	0.3333333
NODE_143366_length_320_cov_1.556561	0	39	1	3	39	0.0769231
NODE_143366_length_320_cov_1.556561	0	39	2	3	39	0.0769231
NODE_143366_length_320_cov_1.556561	0	39	8	13	39	0.3333333
NODE_143366_length_320_cov_1.556561	0	39	10	5	39	0.1282051
NODE_143366_length_320_cov_1.556561	0	39	12	1	39	0.0256410
NODE_143366_length_320_cov_1.556561	0	39	14	1	39	0.0256410
NODE_143442_length_320_cov_1.384615	18	98	0	43	80	0.5375000
NODE_143442_length_320_cov_1.384615	18	98	1	4	80	0.0500000
NODE_143442_length_320_cov_1.384615	18	98	3	33	80	0.4125000
NODE_143442_length_320_cov_1.384615	71	145	3	74	74	1.0000000
NODE_143521_length_320_cov_1.312217	117	170	0	24	53	0.4528302
NODE_143521_length_320_cov_1.312217	117	170	2	29	53	0.5471698
NODE_143670_length_320_cov_1.117647	58	109	4	11	51	0.2156863
NODE_143670_length_320_cov_1.117647	58	109	6	1	51	0.0196078
NODE_143670_length_320_cov_1.117647	58	109	8	5	51	0.0980392
NODE_143670_length_320_cov_1.117647	58	109	10	34	51	0.6666667
NODE_144091_length_319_cov_5.940909	122	202	3	9	80	0.1125000
NODE_144091_length_319_cov_5.940909	122	202	5	1	80	0.0125000
NODE_144091_length_319_cov_5.940909	122	202	7	28	80	0.3500000
NODE_144091_length_319_cov_5.940909	122	202	8	4	80	0.0500000
NODE_144091_length_319_cov_5.940909	122	202	10	20	80	0.2500000
NODE_144091_length_319_cov_5.940909	122	202	11	18	80	0.2250000
NODE_144107_length_319_cov_4.700000	16	47	0	31	31	1.0000000
NODE_144137_length_319_cov_4.068182	5	36	0	31	31	1.0000000
NODE_144162_length_319_cov_3.568182	149	229	12	2	80	0.0250000
NODE_144162_length_319_cov_3.568182	149	229	14	6	80	0.0750000
NODE_144162_length_319_cov_3.568182	149	229	22	1	80	0.0125000
NODE_144162_length_319_cov_3.568182	149	229	23	8	80	0.1000000
NODE_144162_length_319_cov_3.568182	149	229	24	16	80	0.2000000
NODE_144162_length_319_cov_3.568182	149	229	25	3	80	0.0375000
NODE_144162_length_319_cov_3.568182	149	229	26	44	80	0.5500000
NODE_144206_length_319_cov_3.036364	112	174	2	8	62	0.1290323
NODE_144206_length_319_cov_3.036364	112	174	4	22	62	0.3548387
NODE_144206_length_319_cov_3.036364	112	174	8	32	62	0.5161290
NODE_144226_length_319_cov_2.800000	25	106	0	6	81	0.0740741
NODE_144226_length_319_cov_2.800000	25	106	8	1	81	0.0123457
NODE_144226_length_319_cov_2.800000	25	106	16	2	81	0.0246914
NODE_144226_length_319_cov_2.800000	25	106	25	1	81	0.0123457
NODE_144226_length_319_cov_2.800000	25	106	35	1	81	0.0123457
NODE_144226_length_319_cov_2.800000	25	106	37	1	81	0.0123457
NODE_144226_length_319_cov_2.800000	25	106	38	2	81	0.0246914
NODE_144226_length_319_cov_2.800000	25	106	42	1	81	0.0123457
NODE_144226_length_319_cov_2.800000	25	106	47	1	81	0.0123457
NODE_144226_length_319_cov_2.800000	25	106	48	2	81	0.0246914
NODE_144226_length_319_cov_2.800000	25	106	49	1	81	0.0123457
NODE_144226_length_319_cov_2.800000	25	106	50	2	81	0.0246914
NODE_144226_length_319_cov_2.800000	25	106	55	2	81	0.0246914
NODE_144226_length_319_cov_2.800000	25	106	61	3	81	0.0370370
NODE_144226_length_319_cov_2.800000	25	106	67	1	81	0.0123457
NODE_144226_length_319_cov_2.800000	25	106	68	3	81	0.0370370
NODE_144226_length_319_cov_2.800000	25	106	72	1	81	0.0123457
NODE_144226_length_319_cov_2.800000	25	106	73	1	81	0.0123457
NODE_144226_length_319_cov_2.800000	25	106	74	2	81	0.0246914
NODE_144226_length_319_cov_2.800000	25	106	75	1	81	0.0123457
NODE_144226_length_319_cov_2.800000	25	106	77	2	81	0.0246914
NODE_144226_length_319_cov_2.800000	25	106	85	1	81	0.0123457
NODE_144226_length_319_cov_2.800000	25	106	93	1	81	0.0123457
NODE_144226_length_319_cov_2.800000	25	106	99	1	81	0.0123457
NODE_144226_length_319_cov_2.800000	25	106	104	1	81	0.0123457
NODE_144226_length_319_cov_2.800000	25	106	108	1	81	0.0123457
NODE_144226_length_319_cov_2.800000	25	106	112	1	81	0.0123457
NODE_144226_length_319_cov_2.800000	25	106	122	8	81	0.0987654
NODE_144226_length_319_cov_2.800000	25	106	126	2	81	0.0246914
NODE_144226_length_319_cov_2.800000	25	106	128	1	81	0.0123457
NODE_144226_length_319_cov_2.800000	25	106	142	1	81	0.0123457
NODE_144226_length_319_cov_2.800000	25	106	148	1	81	0.0123457
NODE_144226_length_319_cov_2.800000	25	106	150	2	81	0.0246914
NODE_144226_length_319_cov_2.800000	25	106	156	1	81	0.0123457
NODE_144226_length_319_cov_2.800000	25	106	157	1	81	0.0123457
NODE_144226_length_319_cov_2.800000	25	106	161	2	81	0.0246914
NODE_144226_length_319_cov_2.800000	25	106	172	1	81	0.0123457
NODE_144226_length_319_cov_2.800000	25	106	179	1	81	0.0123457
NODE_144226_length_319_cov_2.800000	25	106	181	2	81	0.0246914
NODE_144226_length_319_cov_2.800000	25	106	189	4	81	0.0493827
NODE_144226_length_319_cov_2.800000	25	106	190	7	81	0.0864198
NODE_144226_length_319_cov_2.800000	25	106	191	4	81	0.0493827
NODE_144226_length_319_cov_2.800000	79	158	142	1	79	0.0126582
NODE_144226_length_319_cov_2.800000	79	158	148	1	79	0.0126582
NODE_144226_length_319_cov_2.800000	79	158	150	2	79	0.0253165
NODE_144226_length_319_cov_2.800000	79	158	156	1	79	0.0126582
NODE_144226_length_319_cov_2.800000	79	158	157	1	79	0.0126582
NODE_144226_length_319_cov_2.800000	79	158	161	2	79	0.0253165
NODE_144226_length_319_cov_2.800000	79	158	172	1	79	0.0126582
NODE_144226_length_319_cov_2.800000	79	158	179	1	79	0.0126582
NODE_144226_length_319_cov_2.800000	79	158	180	1	79	0.0126582
NODE_144226_length_319_cov_2.800000	79	158	181	2	79	0.0253165
NODE_144226_length_319_cov_2.800000	79	158	182	6	79	0.0759494
NODE_144226_length_319_cov_2.800000	79	158	183	4	79	0.0506329
NODE_144226_length_319_cov_2.800000	79	158	184	7	79	0.0886076
NODE_144226_length_319_cov_2.800000	79	158	185	2	79	0.0253165
NODE_144226_length_319_cov_2.800000	79	158	189	5	79	0.0632911
NODE_144226_length_319_cov_2.800000	79	158	190	27	79	0.3417721
NODE_144226_length_319_cov_2.800000	79	158	191	4	79	0.0506329
NODE_144226_length_319_cov_2.800000	79	158	192	8	79	0.1012658
NODE_144226_length_319_cov_2.800000	79	158	193	1	79	0.0126582
NODE_144226_length_319_cov_2.800000	79	158	194	2	79	0.0253165
NODE_144237_length_319_cov_2.740909	67	147	27	1	80	0.0125000
NODE_144237_length_319_cov_2.740909	67	147	31	1	80	0.0125000
NODE_144237_length_319_cov_2.740909	67	147	34	1	80	0.0125000
NODE_144237_length_319_cov_2.740909	67	147	35	13	80	0.1625000
NODE_144237_length_319_cov_2.740909	67	147	36	16	80	0.2000000
NODE_144237_length_319_cov_2.740909	67	147	43	2	80	0.0250000
NODE_144237_length_319_cov_2.740909	67	147	44	16	80	0.2000000
NODE_144237_length_319_cov_2.740909	67	147	46	12	80	0.1500000
NODE_144237_length_319_cov_2.740909	67	147	48	18	80	0.2250000
NODE_144252_length_319_cov_2.586364	247	319	0	72	72	1.0000000
NODE_144272_length_319_cov_2.463636	90	153	2	1	63	0.0158730
NODE_144272_length_319_cov_2.463636	90	153	4	62	63	0.9841270
NODE_144272_length_319_cov_2.463636	163	216	2	43	53	0.8113208
NODE_144272_length_319_cov_2.463636	163	216	4	10	53	0.1886792
NODE_144316_length_319_cov_2.259091	146	212	0	11	66	0.1666667
NODE_144316_length_319_cov_2.259091	146	212	2	39	66	0.5909091
NODE_144316_length_319_cov_2.259091	146	212	4	16	66	0.2424242
NODE_144340_length_319_cov_2.163636	213	275	0	62	62	1.0000000
NODE_144390_length_319_cov_1.968182	120	200	0	80	80	1.0000000
NODE_144616_length_319_cov_1.431818	111	157	10	10	46	0.2173913
NODE_144616_length_319_cov_1.431818	111	157	12	36	46	0.7826087
NODE_144629_length_319_cov_1.395455	129	179	2	50	50	1.0000000
NODE_144788_length_319_cov_1.190909	119	182	0	3	63	0.0476190
NODE_144788_length_319_cov_1.190909	119	182	1	5	63	0.0793651
NODE_144788_length_319_cov_1.190909	119	182	3	14	63	0.2222222
NODE_144788_length_319_cov_1.190909	119	182	4	41	63	0.6507937
NODE_144788_length_319_cov_1.190909	197	232	0	23	35	0.6571429
NODE_144788_length_319_cov_1.190909	197	232	2	12	35	0.3428572
NODE_145289_length_318_cov_232.639269	169	198	340	1	29	0.0344828
NODE_145289_length_318_cov_232.639269	169	198	342	1	29	0.0344828
NODE_145289_length_318_cov_232.639269	169	198	343	1	29	0.0344828
NODE_145289_length_318_cov_232.639269	169	198	345	1	29	0.0344828
NODE_145289_length_318_cov_232.639269	169	198	347	1	29	0.0344828
NODE_145289_length_318_cov_232.639269	169	198	354	1	29	0.0344828
NODE_145289_length_318_cov_232.639269	169	198	355	1	29	0.0344828
NODE_145289_length_318_cov_232.639269	169	198	361	1	29	0.0344828
NODE_145289_length_318_cov_232.639269	169	198	364	1	29	0.0344828
NODE_145289_length_318_cov_232.639269	169	198	365	3	29	0.1034483
NODE_145289_length_318_cov_232.639269	169	198	366	1	29	0.0344828
NODE_145289_length_318_cov_232.639269	169	198	371	1	29	0.0344828
NODE_145289_length_318_cov_232.639269	169	198	376	1	29	0.0344828
NODE_145289_length_318_cov_232.639269	169	198	377	4	29	0.1379310
NODE_145289_length_318_cov_232.639269	169	198	379	3	29	0.1034483
NODE_145289_length_318_cov_232.639269	169	198	380	1	29	0.0344828
NODE_145289_length_318_cov_232.639269	169	198	381	2	29	0.0689655
NODE_145289_length_318_cov_232.639269	169	198	387	4	29	0.1379310
NODE_145289_length_318_cov_232.639269	171	246	323	2	75	0.0266667
NODE_145289_length_318_cov_232.639269	171	246	327	2	75	0.0266667
NODE_145289_length_318_cov_232.639269	171	246	332	1	75	0.0133333
NODE_145289_length_318_cov_232.639269	171	246	337	1	75	0.0133333
NODE_145289_length_318_cov_232.639269	171	246	339	1	75	0.0133333
NODE_145289_length_318_cov_232.639269	171	246	343	2	75	0.0266667
NODE_145289_length_318_cov_232.639269	171	246	345	1	75	0.0133333
NODE_145289_length_318_cov_232.639269	171	246	347	1	75	0.0133333
NODE_145289_length_318_cov_232.639269	171	246	350	1	75	0.0133333
NODE_145289_length_318_cov_232.639269	171	246	351	1	75	0.0133333
NODE_145289_length_318_cov_232.639269	171	246	354	1	75	0.0133333
NODE_145289_length_318_cov_232.639269	171	246	355	1	75	0.0133333
NODE_145289_length_318_cov_232.639269	171	246	358	1	75	0.0133333
NODE_145289_length_318_cov_232.639269	171	246	361	3	75	0.0400000
NODE_145289_length_318_cov_232.639269	171	246	364	2	75	0.0266667
NODE_145289_length_318_cov_232.639269	171	246	365	3	75	0.0400000
NODE_145289_length_318_cov_232.639269	171	246	366	1	75	0.0133333
NODE_145289_length_318_cov_232.639269	171	246	368	2	75	0.0266667
NODE_145289_length_318_cov_232.639269	171	246	371	1	75	0.0133333
NODE_145289_length_318_cov_232.639269	171	246	376	1	75	0.0133333
NODE_145289_length_318_cov_232.639269	171	246	377	4	75	0.0533333
NODE_145289_length_318_cov_232.639269	171	246	379	3	75	0.0400000
NODE_145289_length_318_cov_232.639269	171	246	380	1	75	0.0133333
NODE_145289_length_318_cov_232.639269	171	246	381	3	75	0.0400000
NODE_145289_length_318_cov_232.639269	171	246	383	3	75	0.0400000
NODE_145289_length_318_cov_232.639269	171	246	385	1	75	0.0133333
NODE_145289_length_318_cov_232.639269	171	246	387	4	75	0.0533333
NODE_145289_length_318_cov_232.639269	171	246	389	6	75	0.0800000
NODE_145289_length_318_cov_232.639269	171	246	390	1	75	0.0133333
NODE_145289_length_318_cov_232.639269	171	246	393	1	75	0.0133333
NODE_145289_length_318_cov_232.639269	171	246	398	1	75	0.0133333
NODE_145289_length_318_cov_232.639269	171	246	399	2	75	0.0266667
NODE_145289_length_318_cov_232.639269	171	246	400	1	75	0.0133333
NODE_145289_length_318_cov_232.639269	171	246	401	2	75	0.0266667
NODE_145289_length_318_cov_232.639269	171	246	403	2	75	0.0266667
NODE_145289_length_318_cov_232.639269	171	246	404	3	75	0.0400000
NODE_145289_length_318_cov_232.639269	171	246	405	2	75	0.0266667
NODE_145289_length_318_cov_232.639269	171	246	406	2	75	0.0266667
NODE_145289_length_318_cov_232.639269	171	246	410	3	75	0.0400000
NODE_145289_length_318_cov_232.639269	171	246	412	1	75	0.0133333
NODE_145333_length_318_cov_4.237443	222	294	6	30	72	0.4166667
NODE_145333_length_318_cov_4.237443	222	294	8	2	72	0.0277778
NODE_145333_length_318_cov_4.237443	222	294	10	40	72	0.5555556
NODE_145348_length_318_cov_3.721461	98	148	0	50	50	1.0000000
NODE_145362_length_318_cov_3.515982	60	129	0	69	69	1.0000000
NODE_145362_length_318_cov_3.515982	60	140	0	80	80	1.0000000
NODE_145362_length_318_cov_3.515982	60	140	0	80	80	1.0000000
NODE_145362_length_318_cov_3.515982	113	153	0	40	40	1.0000000
NODE_145362_length_318_cov_3.515982	122	153	0	31	31	1.0000000
NODE_145465_length_318_cov_2.557078	205	247	11	15	42	0.3571429
NODE_145465_length_318_cov_2.557078	205	247	12	8	42	0.1904762
NODE_145465_length_318_cov_2.557078	205	247	15	19	42	0.4523810
NODE_145551_length_318_cov_2.109589	70	150	4	10	80	0.1250000
NODE_145551_length_318_cov_2.109589	70	150	6	41	80	0.5125000
NODE_145551_length_318_cov_2.109589	70	150	8	23	80	0.2875000
NODE_145551_length_318_cov_2.109589	70	150	10	6	80	0.0750000
NODE_145619_length_318_cov_1.945205	229	286	0	57	57	1.0000000
NODE_145709_length_318_cov_1.739726	242	308	2	66	66	1.0000000
NODE_145725_length_318_cov_1.684932	49	80	6	31	31	1.0000000
NODE_145787_length_318_cov_1.561644	99	158	10	1	59	0.0169492
NODE_145787_length_318_cov_1.561644	99	158	12	3	59	0.0508475
NODE_145787_length_318_cov_1.561644	99	158	14	32	59	0.5423729
NODE_145787_length_318_cov_1.561644	99	158	16	23	59	0.3898305
NODE_145807_length_318_cov_1.493151	151	195	0	44	44	1.0000000
NODE_145807_length_318_cov_1.493151	199	258	0	59	59	1.0000000
NODE_145968_length_318_cov_1.301370	91	141	0	2	50	0.0400000
NODE_145968_length_318_cov_1.301370	91	141	2	48	50	0.9600000
NODE_146017_length_318_cov_1.173516	83	150	2	5	67	0.0746269
NODE_146017_length_318_cov_1.173516	83	150	4	11	67	0.1641791
NODE_146017_length_318_cov_1.173516	83	150	8	23	67	0.3432836
NODE_146017_length_318_cov_1.173516	83	150	12	28	67	0.4179105
NODE_146065_length_318_cov_1.127854	24	51	0	27	27	1.0000000
NODE_146065_length_318_cov_1.127854	24	60	0	36	36	1.0000000
NODE_146467_length_317_cov_55.467890	172	243	44	1	71	0.0140845
NODE_146467_length_317_cov_55.467890	172	243	48	2	71	0.0281690
NODE_146467_length_317_cov_55.467890	172	243	50	2	71	0.0281690
NODE_146467_length_317_cov_55.467890	172	243	52	3	71	0.0422535
NODE_146467_length_317_cov_55.467890	172	243	54	1	71	0.0140845
NODE_146467_length_317_cov_55.467890	172	243	56	1	71	0.0140845
NODE_146467_length_317_cov_55.467890	172	243	58	1	71	0.0140845
NODE_146467_length_317_cov_55.467890	172	243	62	1	71	0.0140845
NODE_146467_length_317_cov_55.467890	172	243	64	3	71	0.0422535
NODE_146467_length_317_cov_55.467890	172	243	66	1	71	0.0140845
NODE_146467_length_317_cov_55.467890	172	243	70	8	71	0.1126761
NODE_146467_length_317_cov_55.467890	172	243	72	3	71	0.0422535
NODE_146467_length_317_cov_55.467890	172	243	76	1	71	0.0140845
NODE_146467_length_317_cov_55.467890	172	243	78	10	71	0.1408451
NODE_146467_length_317_cov_55.467890	172	243	80	2	71	0.0281690
NODE_146467_length_317_cov_55.467890	172	243	82	6	71	0.0845070
NODE_146467_length_317_cov_55.467890	172	243	86	4	71	0.0563380
NODE_146467_length_317_cov_55.467890	172	243	87	2	71	0.0281690
NODE_146467_length_317_cov_55.467890	172	243	88	10	71	0.1408451
NODE_146467_length_317_cov_55.467890	172	243	89	1	71	0.0140845
NODE_146467_length_317_cov_55.467890	172	243	91	8	71	0.1126761
NODE_146487_length_317_cov_5.252294	247	307	0	60	60	1.0000000
NODE_146503_length_317_cov_4.467890	105	185	0	66	80	0.8250000
NODE_146503_length_317_cov_4.467890	105	185	2	14	80	0.1750000
NODE_146503_length_317_cov_4.467890	113	193	0	58	80	0.7250000
NODE_146503_length_317_cov_4.467890	113	193	2	22	80	0.2750000
NODE_146554_length_317_cov_3.298165	146	206	4	8	60	0.1333333
NODE_146554_length_317_cov_3.298165	146	206	6	10	60	0.1666667
NODE_146554_length_317_cov_3.298165	146	206	7	42	60	0.7000000
NODE_146562_length_317_cov_3.266055	111	191	0	23	80	0.2875000
NODE_146562_length_317_cov_3.266055	111	191	2	1	80	0.0125000
NODE_146562_length_317_cov_3.266055	111	191	4	15	80	0.1875000
NODE_146562_length_317_cov_3.266055	111	191	6	23	80	0.2875000
NODE_146562_length_317_cov_3.266055	111	191	8	18	80	0.2250000
NODE_146562_length_317_cov_3.266055	164	244	0	76	80	0.9500000
NODE_146562_length_317_cov_3.266055	164	244	2	1	80	0.0125000
NODE_146562_length_317_cov_3.266055	164	244	4	3	80	0.0375000
NODE_146585_length_317_cov_3.036697	3	79	2	76	76	1.0000000
NODE_146601_length_317_cov_2.825688	14	94	0	80	80	1.0000000
NODE_146601_length_317_cov_2.825688	67	147	0	39	80	0.4875000
NODE_146601_length_317_cov_2.825688	67	147	2	41	80	0.5125000
NODE_146602_length_317_cov_2.821101	142	208	4	7	66	0.1060606
NODE_146602_length_317_cov_2.821101	142	208	6	59	66	0.8939394
NODE_146604_length_317_cov_2.816514	121	201	0	80	80	1.0000000
NODE_146612_length_317_cov_2.779817	67	138	6	1	71	0.0140845
NODE_146612_length_317_cov_2.779817	67	138	8	37	71	0.5211267
NODE_146612_length_317_cov_2.779817	67	138	10	9	71	0.1267606
NODE_146612_length_317_cov_2.779817	67	138	12	24	71	0.3380282
NODE_147046_length_317_cov_1.353211	166	239	4	5	73	0.0684932
NODE_147046_length_317_cov_1.353211	166	239	6	12	73	0.1643836
NODE_147046_length_317_cov_1.353211	166	239	8	11	73	0.1506849
NODE_147046_length_317_cov_1.353211	166	239	12	45	73	0.6164383
NODE_147046_length_317_cov_1.353211	212	292	4	7	80	0.0875000
NODE_147046_length_317_cov_1.353211	212	292	6	23	80	0.2875000
NODE_147046_length_317_cov_1.353211	212	292	8	11	80	0.1375000
NODE_147046_length_317_cov_1.353211	212	292	10	8	80	0.1000000
NODE_147046_length_317_cov_1.353211	212	292	12	31	80	0.3875000
NODE_147172_length_317_cov_1.160550	58	117	4	27	59	0.4576271
NODE_147172_length_317_cov_1.160550	58	117	6	31	59	0.5254237
NODE_147172_length_317_cov_1.160550	58	117	7	1	59	0.0169492
NODE_147172_length_317_cov_1.160550	90	170	6	26	80	0.3250000
NODE_147172_length_317_cov_1.160550	90	170	7	9	80	0.1125000
NODE_147172_length_317_cov_1.160550	90	170	8	7	80	0.0875000
NODE_147172_length_317_cov_1.160550	90	170	9	3	80	0.0375000
NODE_147172_length_317_cov_1.160550	90	170	10	28	80	0.3500000
NODE_147172_length_317_cov_1.160550	90	170	12	7	80	0.0875000
NODE_147187_length_317_cov_1.137615	245	313	0	39	68	0.5735294
NODE_147187_length_317_cov_1.137615	245	313	1	16	68	0.2352941
NODE_147187_length_317_cov_1.137615	245	313	3	12	68	0.1764706
NODE_147187_length_317_cov_1.137615	245	313	4	1	68	0.0147059
NODE_147259_length_317_cov_0.967890	170	211	0	41	41	1.0000000
NODE_147373_length_317_cov_0.926606	194	232	0	38	38	1.0000000
NODE_147383_length_317_cov_0.912844	186	244	0	58	58	1.0000000
NODE_147595_length_316_cov_31.502304	96	174	0	5	78	0.0641026
NODE_147595_length_316_cov_31.502304	96	174	4	4	78	0.0512821
NODE_147595_length_316_cov_31.502304	96	174	7	12	78	0.1538462
NODE_147595_length_316_cov_31.502304	96	174	9	3	78	0.0384615
NODE_147595_length_316_cov_31.502304	96	174	10	2	78	0.0256410
NODE_147595_length_316_cov_31.502304	96	174	16	1	78	0.0128205
NODE_147595_length_316_cov_31.502304	96	174	18	1	78	0.0128205
NODE_147595_length_316_cov_31.502304	96	174	20	2	78	0.0256410
NODE_147595_length_316_cov_31.502304	96	174	26	2	78	0.0256410
NODE_147595_length_316_cov_31.502304	96	174	30	8	78	0.1025641
NODE_147595_length_316_cov_31.502304	96	174	31	1	78	0.0128205
NODE_147595_length_316_cov_31.502304	96	174	35	3	78	0.0384615
NODE_147595_length_316_cov_31.502304	96	174	36	3	78	0.0384615
NODE_147595_length_316_cov_31.502304	96	174	38	1	78	0.0128205
NODE_147595_length_316_cov_31.502304	96	174	42	8	78	0.1025641
NODE_147595_length_316_cov_31.502304	96	174	44	1	78	0.0128205
NODE_147595_length_316_cov_31.502304	96	174	47	1	78	0.0128205
NODE_147595_length_316_cov_31.502304	96	174	48	1	78	0.0128205
NODE_147595_length_316_cov_31.502304	96	174	50	8	78	0.1025641
NODE_147595_length_316_cov_31.502304	96	174	51	1	78	0.0128205
NODE_147595_length_316_cov_31.502304	96	174	52	1	78	0.0128205
NODE_147595_length_316_cov_31.502304	96	174	54	1	78	0.0128205
NODE_147595_length_316_cov_31.502304	96	174	56	2	78	0.0256410
NODE_147595_length_316_cov_31.502304	96	174	57	1	78	0.0128205
NODE_147595_length_316_cov_31.502304	96	174	60	1	78	0.0128205
NODE_147595_length_316_cov_31.502304	96	174	62	1	78	0.0128205
NODE_147595_length_316_cov_31.502304	96	174	65	1	78	0.0128205
NODE_147595_length_316_cov_31.502304	96	174	70	2	78	0.0256410
NODE_147595_length_316_cov_31.502304	96	121	0	5	25	0.2000000
NODE_147595_length_316_cov_31.502304	96	121	4	4	25	0.1600000
NODE_147595_length_316_cov_31.502304	96	121	7	12	25	0.4800000
NODE_147595_length_316_cov_31.502304	96	121	9	3	25	0.1200000
NODE_147595_length_316_cov_31.502304	96	121	10	1	25	0.0400000
NODE_147609_length_316_cov_6.179724	225	278	0	53	53	1.0000000
NODE_147623_length_316_cov_5.539171	91	171	2	29	80	0.3625000
NODE_147623_length_316_cov_5.539171	91	171	4	51	80	0.6375000
NODE_147668_length_316_cov_3.732719	128	208	0	21	80	0.2625000
NODE_147668_length_316_cov_3.732719	128	208	1	14	80	0.1750000
NODE_147668_length_316_cov_3.732719	128	208	2	45	80	0.5625000
NODE_147668_length_316_cov_3.732719	181	257	2	76	76	1.0000000
NODE_147680_length_316_cov_3.589862	185	247	0	20	62	0.3225806
NODE_147680_length_316_cov_3.589862	185	247	2	42	62	0.6774194
NODE_147684_length_316_cov_3.520737	101	143	0	42	42	1.0000000
NODE_147702_length_316_cov_3.221198	108	184	0	10	76	0.1315790
NODE_147702_length_316_cov_3.221198	108	184	2	21	76	0.2763158
NODE_147702_length_316_cov_3.221198	108	184	4	45	76	0.5921053
NODE_147734_length_316_cov_2.824885	274	311	0	37	37	1.0000000
NODE_147736_length_316_cov_2.820276	200	280	0	80	80	1.0000000
NODE_147757_length_316_cov_2.672811	23	80	0	57	57	1.0000000
NODE_147796_length_316_cov_2.456221	104	144	4	40	40	1.0000000
NODE_147985_length_316_cov_1.751152	73	122	0	16	49	0.3265306
NODE_147985_length_316_cov_1.751152	73	122	2	15	49	0.3061225
NODE_147985_length_316_cov_1.751152	73	122	4	3	49	0.0612245
NODE_147985_length_316_cov_1.751152	73	122	6	15	49	0.3061225
NODE_148030_length_316_cov_1.640553	218	300	0	82	82	1.0000000
NODE_148042_length_316_cov_1.631336	180	233	0	12	53	0.2264151
NODE_148042_length_316_cov_1.631336	180	233	2	41	53	0.7735849
NODE_148042_length_316_cov_1.631336	180	215	0	12	35	0.3428572
NODE_148042_length_316_cov_1.631336	180	215	2	23	35	0.6571429
NODE_148080_length_316_cov_1.520737	194	275	0	81	81	1.0000000
NODE_148080_length_316_cov_1.520737	248	302	0	54	54	1.0000000
NODE_148086_length_316_cov_1.493088	64	144	5	3	80	0.0375000
NODE_148086_length_316_cov_1.493088	64	144	7	30	80	0.3750000
NODE_148086_length_316_cov_1.493088	64	144	8	25	80	0.3125000
NODE_148086_length_316_cov_1.493088	64	144	9	5	80	0.0625000
NODE_148086_length_316_cov_1.493088	64	144	10	17	80	0.2125000
NODE_148193_length_316_cov_1.377880	22	64	2	42	42	1.0000000
NODE_148204_length_316_cov_1.350230	74	117	0	43	43	1.0000000
NODE_148204_length_316_cov_1.350230	90	140	0	50	50	1.0000000
NODE_148533_length_316_cov_0.940092	104	180	0	33	76	0.4342105
NODE_148533_length_316_cov_0.940092	104	180	2	7	76	0.0921053
NODE_148533_length_316_cov_0.940092	104	180	4	36	76	0.4736842
NODE_148533_length_316_cov_0.940092	155	234	2	12	79	0.1518987
NODE_148533_length_316_cov_0.940092	155	234	4	39	79	0.4936709
NODE_148533_length_316_cov_0.940092	155	234	5	4	79	0.0506329
NODE_148533_length_316_cov_0.940092	155	234	6	24	79	0.3037975
NODE_148693_length_316_cov_0.695853	232	267	0	12	35	0.3428572
NODE_148693_length_316_cov_0.695853	232	267	2	23	35	0.6571429
NODE_148778_length_315_cov_6.967593	127	191	2	22	64	0.3437500
NODE_148778_length_315_cov_6.967593	127	191	4	42	64	0.6562500
NODE_148786_length_315_cov_6.300926	67	147	0	80	80	1.0000000
NODE_148786_length_315_cov_6.300926	120	200	0	80	80	1.0000000
NODE_148812_length_315_cov_4.449074	125	205	0	80	80	1.0000000
NODE_148812_length_315_cov_4.449074	178	225	0	47	47	1.0000000
NODE_148834_length_315_cov_4.009259	0	61	0	61	61	1.0000000
NODE_148834_length_315_cov_4.009259	42	61	0	19	19	1.0000000
NODE_148872_length_315_cov_3.421296	37	120	21	4	83	0.0481928
NODE_148872_length_315_cov_3.421296	37	120	22	21	83	0.2530121
NODE_148872_length_315_cov_3.421296	37	120	23	2	83	0.0240964
NODE_148872_length_315_cov_3.421296	37	120	24	7	83	0.0843373
NODE_148872_length_315_cov_3.421296	37	120	26	9	83	0.1084337
NODE_148872_length_315_cov_3.421296	37	120	28	6	83	0.0722892
NODE_148872_length_315_cov_3.421296	37	120	30	4	83	0.0481928
NODE_148872_length_315_cov_3.421296	37	120	31	2	83	0.0240964
NODE_148872_length_315_cov_3.421296	37	120	35	6	83	0.0722892
NODE_148872_length_315_cov_3.421296	37	120	36	22	83	0.2650602
NODE_148915_length_315_cov_2.847222	0	74	0	74	74	1.0000000
NODE_148915_length_315_cov_2.847222	47	127	0	80	80	1.0000000
NODE_148921_length_315_cov_2.833333	186	253	0	67	67	1.0000000
NODE_148921_length_315_cov_2.833333	186	253	0	67	67	1.0000000
NODE_148991_length_315_cov_2.416667	44	117	11	4	73	0.0547945
NODE_148991_length_315_cov_2.416667	44	117	13	1	73	0.0136986
NODE_148991_length_315_cov_2.416667	44	117	14	4	73	0.0547945
NODE_148991_length_315_cov_2.416667	44	117	16	3	73	0.0410959
NODE_148991_length_315_cov_2.416667	44	117	28	1	73	0.0136986
NODE_148991_length_315_cov_2.416667	44	117	32	2	73	0.0273973
NODE_148991_length_315_cov_2.416667	44	117	36	1	73	0.0136986
NODE_148991_length_315_cov_2.416667	44	117	50	4	73	0.0547945
NODE_148991_length_315_cov_2.416667	44	117	55	4	73	0.0547945
NODE_148991_length_315_cov_2.416667	44	117	59	1	73	0.0136986
NODE_148991_length_315_cov_2.416667	44	117	61	1	73	0.0136986
NODE_148991_length_315_cov_2.416667	44	117	68	1	73	0.0136986
NODE_148991_length_315_cov_2.416667	44	117	70	1	73	0.0136986
NODE_148991_length_315_cov_2.416667	44	117	71	1	73	0.0136986
NODE_148991_length_315_cov_2.416667	44	117	73	7	73	0.0958904
NODE_148991_length_315_cov_2.416667	44	117	79	3	73	0.0410959
NODE_148991_length_315_cov_2.416667	44	117	80	2	73	0.0273973
NODE_148991_length_315_cov_2.416667	44	117	88	1	73	0.0136986
NODE_148991_length_315_cov_2.416667	44	117	89	1	73	0.0136986
NODE_148991_length_315_cov_2.416667	44	117	99	2	73	0.0273973
NODE_148991_length_315_cov_2.416667	44	117	101	1	73	0.0136986
NODE_148991_length_315_cov_2.416667	44	117	115	2	73	0.0273973
NODE_148991_length_315_cov_2.416667	44	117	116	3	73	0.0410959
NODE_148991_length_315_cov_2.416667	44	117	118	2	73	0.0273973
NODE_148991_length_315_cov_2.416667	44	117	119	1	73	0.0136986
NODE_148991_length_315_cov_2.416667	44	117	127	1	73	0.0136986
NODE_148991_length_315_cov_2.416667	44	117	132	1	73	0.0136986
NODE_148991_length_315_cov_2.416667	44	117	134	3	73	0.0410959
NODE_148991_length_315_cov_2.416667	44	117	135	7	73	0.0958904
NODE_148991_length_315_cov_2.416667	44	117	136	4	73	0.0547945
NODE_148991_length_315_cov_2.416667	44	117	137	3	73	0.0410959
NODE_149074_length_315_cov_2.115741	128	193	2	65	65	1.0000000
NODE_149095_length_315_cov_2.004630	270	315	0	45	45	1.0000000
NODE_149201_length_315_cov_1.731481	125	202	0	36	77	0.4675325
NODE_149201_length_315_cov_1.731481	125	202	2	8	77	0.1038961
NODE_149201_length_315_cov_1.731481	125	202	4	17	77	0.2207792
NODE_149201_length_315_cov_1.731481	125	202	6	16	77	0.2077922
NODE_149391_length_315_cov_1.384259	183	233	0	3	50	0.0600000
NODE_149391_length_315_cov_1.384259	183	233	2	43	50	0.8600000
NODE_149391_length_315_cov_1.384259	183	233	4	4	50	0.0800000
NODE_149935_length_315_cov_0.430556	125	145	0	2	20	0.1000000
NODE_149935_length_315_cov_0.430556	125	145	2	18	20	0.9000000
NODE_149943_length_314_cov_108.139535	151	213	111	1	62	0.0161290
NODE_149943_length_314_cov_108.139535	151	213	117	1	62	0.0161290
NODE_149943_length_314_cov_108.139535	151	213	118	5	62	0.0806452
NODE_149943_length_314_cov_108.139535	151	213	119	1	62	0.0161290
NODE_149943_length_314_cov_108.139535	151	213	120	1	62	0.0161290
NODE_149943_length_314_cov_108.139535	151	213	121	3	62	0.0483871
NODE_149943_length_314_cov_108.139535	151	213	123	3	62	0.0483871
NODE_149943_length_314_cov_108.139535	151	213	124	2	62	0.0322581
NODE_149943_length_314_cov_108.139535	151	213	125	2	62	0.0322581
NODE_149943_length_314_cov_108.139535	151	213	126	1	62	0.0161290
NODE_149943_length_314_cov_108.139535	151	213	127	1	62	0.0161290
NODE_149943_length_314_cov_108.139535	151	213	128	3	62	0.0483871
NODE_149943_length_314_cov_108.139535	151	213	129	5	62	0.0806452
NODE_149943_length_314_cov_108.139535	151	213	130	3	62	0.0483871
NODE_149943_length_314_cov_108.139535	151	213	131	8	62	0.1290323
NODE_149943_length_314_cov_108.139535	151	213	132	2	62	0.0322581
NODE_149943_length_314_cov_108.139535	151	213	133	7	62	0.1129032
NODE_149943_length_314_cov_108.139535	151	213	134	1	62	0.0161290
NODE_149943_length_314_cov_108.139535	151	213	135	4	62	0.0645161
NODE_149943_length_314_cov_108.139535	151	213	136	1	62	0.0161290
NODE_149943_length_314_cov_108.139535	151	213	137	1	62	0.0161290
NODE_149943_length_314_cov_108.139535	151	213	138	1	62	0.0161290
NODE_149943_length_314_cov_108.139535	151	213	139	1	62	0.0161290
NODE_149943_length_314_cov_108.139535	151	213	141	4	62	0.0645161
NODE_149943_length_314_cov_108.139535	160	213	111	1	53	0.0188679
NODE_149943_length_314_cov_108.139535	160	213	119	1	53	0.0188679
NODE_149943_length_314_cov_108.139535	160	213	121	3	53	0.0566038
NODE_149943_length_314_cov_108.139535	160	213	123	3	53	0.0566038
NODE_149943_length_314_cov_108.139535	160	213	124	2	53	0.0377358
NODE_149943_length_314_cov_108.139535	160	213	125	1	53	0.0188679
NODE_149943_length_314_cov_108.139535	160	213	126	1	53	0.0188679
NODE_149943_length_314_cov_108.139535	160	213	128	3	53	0.0566038
NODE_149943_length_314_cov_108.139535	160	213	129	5	53	0.0943396
NODE_149943_length_314_cov_108.139535	160	213	130	3	53	0.0566038
NODE_149943_length_314_cov_108.139535	160	213	131	8	53	0.1509434
NODE_149943_length_314_cov_108.139535	160	213	132	2	53	0.0377358
NODE_149943_length_314_cov_108.139535	160	213	133	7	53	0.1320755
NODE_149943_length_314_cov_108.139535	160	213	134	1	53	0.0188679
NODE_149943_length_314_cov_108.139535	160	213	135	4	53	0.0754717
NODE_149943_length_314_cov_108.139535	160	213	136	1	53	0.0188679
NODE_149943_length_314_cov_108.139535	160	213	137	1	53	0.0188679
NODE_149943_length_314_cov_108.139535	160	213	138	1	53	0.0188679
NODE_149943_length_314_cov_108.139535	160	213	139	1	53	0.0188679
NODE_149943_length_314_cov_108.139535	160	213	141	4	53	0.0754717
NODE_149944_length_314_cov_48.134884	245	314	0	69	69	1.0000000
NODE_149946_length_314_cov_9.097674	149	206	0	57	57	1.0000000
NODE_149967_length_314_cov_4.897674	109	189	18	80	80	1.0000000
NODE_150004_length_314_cov_3.823256	119	199	0	15	80	0.1875000
NODE_150004_length_314_cov_3.823256	119	199	2	57	80	0.7125000
NODE_150004_length_314_cov_3.823256	119	199	4	8	80	0.1000000
NODE_150020_length_314_cov_3.558140	32	92	0	8	60	0.1333333
NODE_150020_length_314_cov_3.558140	32	92	2	2	60	0.0333333
NODE_150020_length_314_cov_3.558140	32	92	4	6	60	0.1000000
NODE_150020_length_314_cov_3.558140	32	92	6	10	60	0.1666667
NODE_150020_length_314_cov_3.558140	32	92	8	34	60	0.5666667
NODE_150035_length_314_cov_3.316279	84	126	18	1	42	0.0238095
NODE_150035_length_314_cov_3.316279	84	126	20	13	42	0.3095238
NODE_150035_length_314_cov_3.316279	84	126	22	9	42	0.2142857
NODE_150035_length_314_cov_3.316279	84	126	24	2	42	0.0476190
NODE_150035_length_314_cov_3.316279	84	126	26	1	42	0.0238095
NODE_150035_length_314_cov_3.316279	84	126	28	2	42	0.0476190
NODE_150035_length_314_cov_3.316279	84	126	30	9	42	0.2142857
NODE_150035_length_314_cov_3.316279	84	126	32	5	42	0.1190476
NODE_150035_length_314_cov_3.316279	127	180	2	1	53	0.0188679
NODE_150035_length_314_cov_3.316279	127	180	3	7	53	0.1320755
NODE_150035_length_314_cov_3.316279	127	180	5	12	53	0.2264151
NODE_150035_length_314_cov_3.316279	127	180	7	1	53	0.0188679
NODE_150035_length_314_cov_3.316279	127	180	8	7	53	0.1320755
NODE_150035_length_314_cov_3.316279	127	180	12	4	53	0.0754717
NODE_150035_length_314_cov_3.316279	127	180	14	9	53	0.1698113
NODE_150035_length_314_cov_3.316279	127	180	15	1	53	0.0188679
NODE_150035_length_314_cov_3.316279	127	180	16	8	53	0.1509434
NODE_150035_length_314_cov_3.316279	127	180	18	3	53	0.0566038
NODE_150035_length_314_cov_3.316279	128	148	14	9	20	0.4500000
NODE_150035_length_314_cov_3.316279	128	148	15	1	20	0.0500000
NODE_150035_length_314_cov_3.316279	128	148	16	8	20	0.4000000
NODE_150035_length_314_cov_3.316279	128	148	18	2	20	0.1000000
NODE_150066_length_314_cov_3.032558	252	308	0	2	56	0.0357143
NODE_150066_length_314_cov_3.032558	252	308	2	14	56	0.2500000
NODE_150066_length_314_cov_3.032558	252	308	4	40	56	0.7142857
NODE_150141_length_314_cov_2.520930	0	61	0	14	61	0.2295082
NODE_150141_length_314_cov_2.520930	0	61	2	47	61	0.7704918
NODE_150141_length_314_cov_2.520930	34	93	2	59	59	1.0000000
NODE_150153_length_314_cov_2.441860	48	84	0	36	36	1.0000000
NODE_150159_length_314_cov_2.395349	62	112	2	50	50	1.0000000
NODE_150200_length_314_cov_2.265116	7	53	4	14	46	0.3043478
NODE_150200_length_314_cov_2.265116	7	53	6	3	46	0.0652174
NODE_150200_length_314_cov_2.265116	7	53	10	29	46	0.6304348
NODE_150220_length_314_cov_2.144186	224	264	0	40	40	1.0000000
NODE_150257_length_314_cov_2.004651	68	148	0	19	80	0.2375000
NODE_150257_length_314_cov_2.004651	68	148	2	61	80	0.7625000
NODE_150257_length_314_cov_2.004651	121	201	0	19	80	0.2375000
NODE_150257_length_314_cov_2.004651	121	201	2	61	80	0.7625000
NODE_150385_length_314_cov_1.665116	204	242	0	38	38	1.0000000
NODE_150385_length_314_cov_1.665116	215	295	0	80	80	1.0000000
NODE_150647_length_314_cov_1.223256	7	87	2	16	80	0.2000000
NODE_150647_length_314_cov_1.223256	7	87	4	64	80	0.8000000
NODE_150709_length_314_cov_1.167442	1	69	0	68	68	1.0000000
NODE_151193_length_313_cov_156.051402	177	254	9	6	77	0.0779221
NODE_151193_length_313_cov_156.051402	177	254	11	2	77	0.0259740
NODE_151193_length_313_cov_156.051402	177	254	13	12	77	0.1558442
NODE_151193_length_313_cov_156.051402	177	254	17	5	77	0.0649351
NODE_151193_length_313_cov_156.051402	177	254	27	2	77	0.0259740
NODE_151193_length_313_cov_156.051402	177	254	29	4	77	0.0519481
NODE_151193_length_313_cov_156.051402	177	254	31	5	77	0.0649351
NODE_151193_length_313_cov_156.051402	177	254	33	38	77	0.4935065
NODE_151193_length_313_cov_156.051402	177	254	34	3	77	0.0389610
NODE_151193_length_313_cov_156.051402	177	254	9	6	77	0.0779221
NODE_151193_length_313_cov_156.051402	177	254	11	2	77	0.0259740
NODE_151193_length_313_cov_156.051402	177	254	13	12	77	0.1558442
NODE_151193_length_313_cov_156.051402	177	254	17	5	77	0.0649351
NODE_151193_length_313_cov_156.051402	177	254	27	2	77	0.0259740
NODE_151193_length_313_cov_156.051402	177	254	29	4	77	0.0519481
NODE_151193_length_313_cov_156.051402	177	254	31	5	77	0.0649351
NODE_151193_length_313_cov_156.051402	177	254	33	38	77	0.4935065
NODE_151193_length_313_cov_156.051402	177	254	34	3	77	0.0389610
NODE_151214_length_313_cov_5.359813	135	196	0	61	61	1.0000000
NODE_151214_length_313_cov_5.359813	169	241	0	72	72	1.0000000
NODE_151230_length_313_cov_4.794393	126	206	8	57	80	0.7125000
NODE_151230_length_313_cov_4.794393	126	206	10	23	80	0.2875000
NODE_151230_length_313_cov_4.794393	179	259	0	19	80	0.2375000
NODE_151230_length_313_cov_4.794393	179	259	2	22	80	0.2750000
NODE_151230_length_313_cov_4.794393	179	259	8	39	80	0.4875000
NODE_151232_length_313_cov_4.761682	104	162	0	58	58	1.0000000
NODE_151232_length_313_cov_4.761682	135	215	0	80	80	1.0000000
NODE_151277_length_313_cov_3.560748	106	186	6	1	80	0.0125000
NODE_151277_length_313_cov_3.560748	106	186	8	13	80	0.1625000
NODE_151277_length_313_cov_3.560748	106	186	10	66	80	0.8250000
NODE_151331_length_313_cov_2.953271	92	153	0	61	61	1.0000000
NODE_151364_length_313_cov_2.640187	110	182	0	72	72	1.0000000
NODE_151364_length_313_cov_2.640187	113	184	0	71	71	1.0000000
NODE_151409_length_313_cov_2.383178	58	137	0	79	79	1.0000000
NODE_151409_length_313_cov_2.383178	110	190	0	72	80	0.9000000
NODE_151409_length_313_cov_2.383178	110	190	2	6	80	0.0750000
NODE_151409_length_313_cov_2.383178	110	190	11	1	80	0.0125000
NODE_151409_length_313_cov_2.383178	110	190	13	1	80	0.0125000
NODE_151474_length_313_cov_2.107477	153	221	0	6	68	0.0882353
NODE_151474_length_313_cov_2.107477	153	221	4	32	68	0.4705882
NODE_151474_length_313_cov_2.107477	153	221	8	30	68	0.4411765
NODE_151510_length_313_cov_1.934579	107	187	2	8	80	0.1000000
NODE_151510_length_313_cov_1.934579	107	187	4	6	80	0.0750000
NODE_151510_length_313_cov_1.934579	107	187	8	8	80	0.1000000
NODE_151510_length_313_cov_1.934579	107	187	10	4	80	0.0500000
NODE_151510_length_313_cov_1.934579	107	187	11	1	80	0.0125000
NODE_151510_length_313_cov_1.934579	107	187	12	1	80	0.0125000
NODE_151510_length_313_cov_1.934579	107	187	14	3	80	0.0375000
NODE_151510_length_313_cov_1.934579	107	187	18	2	80	0.0250000
NODE_151510_length_313_cov_1.934579	107	187	25	1	80	0.0125000
NODE_151510_length_313_cov_1.934579	107	187	26	2	80	0.0250000
NODE_151510_length_313_cov_1.934579	107	187	29	1	80	0.0125000
NODE_151510_length_313_cov_1.934579	107	187	33	2	80	0.0250000
NODE_151510_length_313_cov_1.934579	107	187	37	1	80	0.0125000
NODE_151510_length_313_cov_1.934579	107	187	41	6	80	0.0750000
NODE_151510_length_313_cov_1.934579	107	187	52	1	80	0.0125000
NODE_151510_length_313_cov_1.934579	107	187	54	2	80	0.0250000
NODE_151510_length_313_cov_1.934579	107	187	56	2	80	0.0250000
NODE_151510_length_313_cov_1.934579	107	187	58	1	80	0.0125000
NODE_151510_length_313_cov_1.934579	107	187	60	1	80	0.0125000
NODE_151510_length_313_cov_1.934579	107	187	66	1	80	0.0125000
NODE_151510_length_313_cov_1.934579	107	187	72	1	80	0.0125000
NODE_151510_length_313_cov_1.934579	107	187	73	2	80	0.0250000
NODE_151510_length_313_cov_1.934579	107	187	78	1	80	0.0125000
NODE_151510_length_313_cov_1.934579	107	187	82	1	80	0.0125000
NODE_151510_length_313_cov_1.934579	107	187	86	1	80	0.0125000
NODE_151510_length_313_cov_1.934579	107	187	88	1	80	0.0125000
NODE_151510_length_313_cov_1.934579	107	187	93	3	80	0.0375000
NODE_151510_length_313_cov_1.934579	107	187	97	2	80	0.0250000
NODE_151510_length_313_cov_1.934579	107	187	99	3	80	0.0375000
NODE_151510_length_313_cov_1.934579	107	187	100	2	80	0.0250000
NODE_151510_length_313_cov_1.934579	107	187	102	1	80	0.0125000
NODE_151510_length_313_cov_1.934579	107	187	104	1	80	0.0125000
NODE_151510_length_313_cov_1.934579	107	187	110	4	80	0.0500000
NODE_151510_length_313_cov_1.934579	107	187	112	3	80	0.0375000
NODE_151510_length_313_cov_1.934579	160	240	66	1	80	0.0125000
NODE_151510_length_313_cov_1.934579	160	240	72	1	80	0.0125000
NODE_151510_length_313_cov_1.934579	160	240	73	2	80	0.0250000
NODE_151510_length_313_cov_1.934579	160	240	78	1	80	0.0125000
NODE_151510_length_313_cov_1.934579	160	240	82	1	80	0.0125000
NODE_151510_length_313_cov_1.934579	160	240	86	1	80	0.0125000
NODE_151510_length_313_cov_1.934579	160	240	88	1	80	0.0125000
NODE_151510_length_313_cov_1.934579	160	240	93	3	80	0.0375000
NODE_151510_length_313_cov_1.934579	160	240	97	2	80	0.0250000
NODE_151510_length_313_cov_1.934579	160	240	98	2	80	0.0250000
NODE_151510_length_313_cov_1.934579	160	240	99	3	80	0.0375000
NODE_151510_length_313_cov_1.934579	160	240	100	4	80	0.0500000
NODE_151510_length_313_cov_1.934579	160	240	102	4	80	0.0500000
NODE_151510_length_313_cov_1.934579	160	240	104	8	80	0.1000000
NODE_151510_length_313_cov_1.934579	160	240	106	3	80	0.0375000
NODE_151510_length_313_cov_1.934579	160	240	108	4	80	0.0500000
NODE_151510_length_313_cov_1.934579	160	240	110	10	80	0.1250000
NODE_151510_length_313_cov_1.934579	160	240	112	27	80	0.3375000
NODE_151510_length_313_cov_1.934579	160	240	114	1	80	0.0125000
NODE_151510_length_313_cov_1.934579	160	240	116	1	80	0.0125000
NODE_151576_length_313_cov_1.780374	236	296	2	60	60	1.0000000
NODE_151623_length_313_cov_1.663551	58	135	0	77	77	1.0000000
NODE_151703_length_313_cov_1.439252	0	64	0	64	64	1.0000000
NODE_151703_length_313_cov_1.439252	37	82	0	45	45	1.0000000
NODE_151753_length_313_cov_1.429907	74	111	6	3	37	0.0810811
NODE_151753_length_313_cov_1.429907	74	111	8	1	37	0.0270270
NODE_151753_length_313_cov_1.429907	74	111	10	33	37	0.8918919
NODE_151753_length_313_cov_1.429907	109	172	4	5	63	0.0793651
NODE_151753_length_313_cov_1.429907	109	172	6	8	63	0.1269841
NODE_151753_length_313_cov_1.429907	109	172	8	1	63	0.0158730
NODE_151753_length_313_cov_1.429907	109	172	10	13	63	0.2063492
NODE_151753_length_313_cov_1.429907	109	172	12	36	63	0.5714286
NODE_151953_length_313_cov_1.172897	106	161	0	23	55	0.4181818
NODE_151953_length_313_cov_1.172897	106	161	2	32	55	0.5818182
NODE_151953_length_313_cov_1.172897	149	214	2	29	65	0.4461538
NODE_151953_length_313_cov_1.172897	149	214	4	1	65	0.0153846
NODE_151953_length_313_cov_1.172897	149	214	6	4	65	0.0615385
NODE_151953_length_313_cov_1.172897	149	214	8	8	65	0.1230769
NODE_151953_length_313_cov_1.172897	149	214	12	2	65	0.0307692
NODE_151953_length_313_cov_1.172897	149	214	14	21	65	0.3230769
NODE_152525_length_312_cov_3.723005	178	238	0	6	60	0.1000000
NODE_152525_length_312_cov_3.723005	178	238	2	54	60	0.9000000
NODE_152525_length_312_cov_3.723005	231	291	0	20	60	0.3333333
NODE_152525_length_312_cov_3.723005	231	291	2	40	60	0.6666667
NODE_152609_length_312_cov_2.723005	34	96	0	62	62	1.0000000
NODE_152609_length_312_cov_2.723005	87	149	0	62	62	1.0000000
NODE_152680_length_312_cov_2.333333	6	70	0	64	64	1.0000000
NODE_152680_length_312_cov_2.333333	43	123	0	31	80	0.3875000
NODE_152680_length_312_cov_2.333333	43	123	2	49	80	0.6125000
NODE_152686_length_312_cov_2.267606	176	208	0	23	32	0.7187500
NODE_152686_length_312_cov_2.267606	176	208	2	9	32	0.2812500
NODE_152697_length_312_cov_2.234742	108	169	2	56	61	0.9180328
NODE_152697_length_312_cov_2.234742	108	169	5	5	61	0.0819672
NODE_152751_length_312_cov_2.014085	141	205	2	9	64	0.1406250
NODE_152751_length_312_cov_2.014085	141	205	4	55	64	0.8593750
NODE_152751_length_312_cov_2.014085	178	258	2	43	80	0.5375000
NODE_152751_length_312_cov_2.014085	178	258	4	37	80	0.4625000
NODE_152827_length_312_cov_1.835681	176	221	0	45	45	1.0000000
NODE_152827_length_312_cov_1.835681	194	269	0	75	75	1.0000000
NODE_153222_length_312_cov_1.173709	87	133	1	3	46	0.0652174
NODE_153222_length_312_cov_1.173709	87	133	3	15	46	0.3260870
NODE_153222_length_312_cov_1.173709	87	133	7	1	46	0.0217391
NODE_153222_length_312_cov_1.173709	87	133	9	1	46	0.0217391
NODE_153222_length_312_cov_1.173709	87	133	11	1	46	0.0217391
NODE_153222_length_312_cov_1.173709	87	133	12	1	46	0.0217391
NODE_153222_length_312_cov_1.173709	87	133	13	6	46	0.1304348
NODE_153222_length_312_cov_1.173709	87	133	15	2	46	0.0434783
NODE_153222_length_312_cov_1.173709	87	133	16	1	46	0.0217391
NODE_153222_length_312_cov_1.173709	87	133	17	10	46	0.2173913
NODE_153222_length_312_cov_1.173709	87	133	18	3	46	0.0652174
NODE_153222_length_312_cov_1.173709	87	133	19	2	46	0.0434783
NODE_153222_length_312_cov_1.173709	150	217	30	1	67	0.0149254
NODE_153222_length_312_cov_1.173709	150	217	32	9	67	0.1343284
NODE_153222_length_312_cov_1.173709	150	217	34	21	67	0.3134328
NODE_153222_length_312_cov_1.173709	150	217	36	31	67	0.4626866
NODE_153222_length_312_cov_1.173709	150	217	38	1	67	0.0149254
NODE_153222_length_312_cov_1.173709	150	217	40	4	67	0.0597015
NODE_153532_length_312_cov_0.788732	49	110	0	61	61	1.0000000
NODE_153532_length_312_cov_0.788732	102	163	0	20	61	0.3278688
NODE_153532_length_312_cov_0.788732	102	163	2	41	61	0.6721311
NODE_153708_length_311_cov_5.179245	155	235	0	80	80	1.0000000
NODE_153721_length_311_cov_4.589623	133	200	1	35	67	0.5223880
NODE_153721_length_311_cov_4.589623	133	200	2	32	67	0.4776119
NODE_153730_length_311_cov_4.358491	199	263	0	49	64	0.7656250
NODE_153730_length_311_cov_4.358491	199	263	2	15	64	0.2343750
NODE_153743_length_311_cov_3.929245	91	127	0	20	36	0.5555556
NODE_153743_length_311_cov_3.929245	91	127	1	1	36	0.0277778
NODE_153743_length_311_cov_3.929245	91	127	6	1	36	0.0277778
NODE_153743_length_311_cov_3.929245	91	127	8	14	36	0.3888889
NODE_153755_length_311_cov_3.825472	224	304	2	15	80	0.1875000
NODE_153755_length_311_cov_3.825472	224	304	4	27	80	0.3375000
NODE_153755_length_311_cov_3.825472	224	304	6	1	80	0.0125000
NODE_153755_length_311_cov_3.825472	224	304	7	6	80	0.0750000
NODE_153755_length_311_cov_3.825472	224	304	8	1	80	0.0125000
NODE_153755_length_311_cov_3.825472	224	304	9	3	80	0.0375000
NODE_153755_length_311_cov_3.825472	224	304	10	27	80	0.3375000
NODE_153773_length_311_cov_3.466981	106	186	0	80	80	1.0000000
NODE_153796_length_311_cov_3.188679	39	96	0	57	57	1.0000000
NODE_153846_length_311_cov_2.702830	144	193	2	49	49	1.0000000
NODE_153850_length_311_cov_2.665094	43	113	0	24	70	0.3428572
NODE_153850_length_311_cov_2.665094	43	113	2	45	70	0.6428571
NODE_153850_length_311_cov_2.665094	43	113	6	1	70	0.0142857
NODE_153859_length_311_cov_2.617925	206	284	0	78	78	1.0000000
NODE_153859_length_311_cov_2.617925	257	301	0	44	44	1.0000000
NODE_153913_length_311_cov_2.349057	177	204	0	27	27	1.0000000
NODE_153919_length_311_cov_2.325472	74	138	0	48	64	0.7500000
NODE_153919_length_311_cov_2.325472	74	138	2	16	64	0.2500000
NODE_153947_length_311_cov_2.188679	21	92	0	71	71	1.0000000
NODE_154014_length_311_cov_1.924528	46	65	0	19	19	1.0000000
NODE_154056_length_311_cov_1.891509	122	180	2	58	58	1.0000000
NODE_154188_length_311_cov_1.594340	0	35	0	35	35	1.0000000
NODE_154190_length_311_cov_1.589623	96	151	1	11	55	0.2000000
NODE_154190_length_311_cov_1.589623	96	151	4	11	55	0.2000000
NODE_154190_length_311_cov_1.589623	96	151	6	5	55	0.0909091
NODE_154190_length_311_cov_1.589623	96	151	9	5	55	0.0909091
NODE_154190_length_311_cov_1.589623	96	151	10	8	55	0.1454545
NODE_154190_length_311_cov_1.589623	96	151	12	10	55	0.1818182
NODE_154190_length_311_cov_1.589623	96	151	14	5	55	0.0909091
NODE_154194_length_311_cov_1.570755	125	145	0	20	20	1.0000000
NODE_154957_length_311_cov_0.613208	136	216	0	80	80	1.0000000
NODE_154957_length_311_cov_0.613208	189	264	0	75	75	1.0000000
NODE_154996_length_310_cov_96.995261	211	249	80	2	38	0.0526316
NODE_154996_length_310_cov_96.995261	211	249	82	1	38	0.0263158
NODE_154996_length_310_cov_96.995261	211	249	87	1	38	0.0263158
NODE_154996_length_310_cov_96.995261	211	249	88	1	38	0.0263158
NODE_154996_length_310_cov_96.995261	211	249	90	3	38	0.0789474
NODE_154996_length_310_cov_96.995261	211	249	91	1	38	0.0263158
NODE_154996_length_310_cov_96.995261	211	249	92	1	38	0.0263158
NODE_154996_length_310_cov_96.995261	211	249	94	3	38	0.0789474
NODE_154996_length_310_cov_96.995261	211	249	96	1	38	0.0263158
NODE_154996_length_310_cov_96.995261	211	249	97	1	38	0.0263158
NODE_154996_length_310_cov_96.995261	211	249	100	6	38	0.1578947
NODE_154996_length_310_cov_96.995261	211	249	102	4	38	0.1052632
NODE_154996_length_310_cov_96.995261	211	249	104	2	38	0.0526316
NODE_154996_length_310_cov_96.995261	211	249	106	2	38	0.0526316
NODE_154996_length_310_cov_96.995261	211	249	108	5	38	0.1315790
NODE_154996_length_310_cov_96.995261	211	249	110	2	38	0.0526316
NODE_154996_length_310_cov_96.995261	211	249	112	2	38	0.0526316
NODE_155001_length_310_cov_7.767773	80	151	0	71	71	1.0000000
NODE_155001_length_310_cov_7.767773	134	189	0	55	55	1.0000000
NODE_155017_length_310_cov_5.914692	84	134	0	47	50	0.9400000
NODE_155017_length_310_cov_5.914692	84	134	2	1	50	0.0200000
NODE_155017_length_310_cov_5.914692	84	134	4	2	50	0.0400000
NODE_155017_length_310_cov_5.914692	113	134	0	21	21	1.0000000
NODE_155017_length_310_cov_5.914692	113	188	0	75	75	1.0000000
NODE_155066_length_310_cov_3.777251	146	226	6	22	80	0.2750000
NODE_155066_length_310_cov_3.777251	146	226	8	32	80	0.4000000
NODE_155066_length_310_cov_3.777251	146	226	10	26	80	0.3250000
NODE_155115_length_310_cov_3.180095	137	211	0	10	74	0.1351351
NODE_155115_length_310_cov_3.180095	137	211	2	4	74	0.0540541
NODE_155115_length_310_cov_3.180095	137	211	4	19	74	0.2567568
NODE_155115_length_310_cov_3.180095	137	211	6	8	74	0.1081081
NODE_155115_length_310_cov_3.180095	137	211	8	25	74	0.3378378
NODE_155115_length_310_cov_3.180095	137	211	10	8	74	0.1081081
NODE_155179_length_310_cov_2.630332	122	174	0	2	52	0.0384615
NODE_155179_length_310_cov_2.630332	122	174	2	4	52	0.0769231
NODE_155179_length_310_cov_2.630332	122	174	8	4	52	0.0769231
NODE_155179_length_310_cov_2.630332	122	174	10	42	52	0.8076923
NODE_155179_length_310_cov_2.630332	175	222	2	3	47	0.0638298
NODE_155179_length_310_cov_2.630332	175	222	8	17	47	0.3617021
NODE_155179_length_310_cov_2.630332	175	222	10	27	47	0.5744681
NODE_155180_length_310_cov_2.625592	258	301	0	43	43	1.0000000
NODE_155195_length_310_cov_2.563981	149	196	8	10	47	0.2127660
NODE_155195_length_310_cov_2.563981	149	196	10	11	47	0.2340426
NODE_155195_length_310_cov_2.563981	149	196	13	1	47	0.0212766
NODE_155195_length_310_cov_2.563981	149	196	15	1	47	0.0212766
NODE_155195_length_310_cov_2.563981	149	196	16	5	47	0.1063830
NODE_155195_length_310_cov_2.563981	149	196	18	3	47	0.0638298
NODE_155195_length_310_cov_2.563981	149	196	19	8	47	0.1702128
NODE_155195_length_310_cov_2.563981	149	196	21	2	47	0.0425532
NODE_155195_length_310_cov_2.563981	149	196	23	4	47	0.0851064
NODE_155195_length_310_cov_2.563981	149	196	25	2	47	0.0425532
NODE_155195_length_310_cov_2.563981	169	249	0	18	80	0.2250000
NODE_155195_length_310_cov_2.563981	169	249	6	33	80	0.4125000
NODE_155195_length_310_cov_2.563981	169	249	8	12	80	0.1500000
NODE_155195_length_310_cov_2.563981	169	249	10	11	80	0.1375000
NODE_155195_length_310_cov_2.563981	169	249	13	1	80	0.0125000
NODE_155195_length_310_cov_2.563981	169	249	15	1	80	0.0125000
NODE_155195_length_310_cov_2.563981	169	249	16	4	80	0.0500000
NODE_155261_length_310_cov_2.298578	213	259	2	46	46	1.0000000
NODE_155334_length_310_cov_2.009479	223	303	0	48	80	0.6000000
NODE_155334_length_310_cov_2.009479	223	303	2	32	80	0.4000000
NODE_155439_length_310_cov_1.729858	53	91	0	38	38	1.0000000
NODE_155768_length_310_cov_1.222749	181	244	0	38	63	0.6031746
NODE_155768_length_310_cov_1.222749	181	244	3	1	63	0.0158730
NODE_155768_length_310_cov_1.222749	181	244	4	24	63	0.3809524
NODE_155864_length_310_cov_1.142180	65	135	4	1	70	0.0142857
NODE_155864_length_310_cov_1.142180	65	135	6	3	70	0.0428571
NODE_155864_length_310_cov_1.142180	65	135	8	5	70	0.0714286
NODE_155864_length_310_cov_1.142180	65	135	10	13	70	0.1857143
NODE_155864_length_310_cov_1.142180	65	135	12	41	70	0.5857143
NODE_155864_length_310_cov_1.142180	65	135	14	7	70	0.1000000
NODE_155937_length_310_cov_0.966825	131	212	0	81	81	1.0000000
NODE_155937_length_310_cov_0.966825	193	256	0	63	63	1.0000000
NODE_156078_length_310_cov_0.924171	180	222	2	42	42	1.0000000
NODE_156174_length_310_cov_0.739336	208	288	0	80	80	1.0000000
NODE_156332_length_309_cov_8.552381	154	234	0	80	80	1.0000000
NODE_156340_length_309_cov_6.147619	20	83	0	1	63	0.0158730
NODE_156340_length_309_cov_6.147619	20	83	4	2	63	0.0317460
NODE_156340_length_309_cov_6.147619	20	83	6	60	63	0.9523810
NODE_156349_length_309_cov_5.147619	213	291	0	78	78	1.0000000
NODE_156364_length_309_cov_4.585714	15	95	0	6	80	0.0750000
NODE_156364_length_309_cov_4.585714	15	95	2	74	80	0.9250000
NODE_156472_length_309_cov_3.028571	0	47	0	47	47	1.0000000
NODE_156472_length_309_cov_3.028571	20	101	0	81	81	1.0000000
NODE_156563_length_309_cov_2.304762	179	218	2	13	39	0.3333333
NODE_156563_length_309_cov_2.304762	179	218	4	19	39	0.4871795
NODE_156563_length_309_cov_2.304762	179	218	6	5	39	0.1282051
NODE_156563_length_309_cov_2.304762	179	218	8	2	39	0.0512821
NODE_156615_length_309_cov_2.095238	55	85	2	30	30	1.0000000
NODE_156678_length_309_cov_1.938095	2	73	0	71	71	1.0000000
NODE_156950_length_309_cov_1.414286	189	231	0	42	42	1.0000000
NODE_156978_length_309_cov_1.376190	94	168	2	16	74	0.2162162
NODE_156978_length_309_cov_1.376190	94	168	4	58	74	0.7837838
NODE_157334_length_309_cov_0.966667	134	153	0	19	19	1.0000000
NODE_157469_length_309_cov_0.738095	150	215	8	8	65	0.1230769
NODE_157469_length_309_cov_0.738095	150	215	10	5	65	0.0769231
NODE_157469_length_309_cov_0.738095	150	215	14	8	65	0.1230769
NODE_157469_length_309_cov_0.738095	150	215	16	44	65	0.6769231
NODE_157661_length_308_cov_4.775120	137	174	0	37	37	1.0000000
NODE_157690_length_308_cov_3.966507	126	206	0	31	80	0.3875000
NODE_157690_length_308_cov_3.966507	126	206	2	9	80	0.1125000
NODE_157690_length_308_cov_3.966507	126	206	4	7	80	0.0875000
NODE_157690_length_308_cov_3.966507	126	206	8	10	80	0.1250000
NODE_157690_length_308_cov_3.966507	126	206	10	5	80	0.0625000
NODE_157690_length_308_cov_3.966507	126	206	12	4	80	0.0500000
NODE_157690_length_308_cov_3.966507	126	206	14	14	80	0.1750000
NODE_157705_length_308_cov_3.665072	11	75	0	64	64	1.0000000
NODE_157819_length_308_cov_2.593301	137	193	0	56	56	1.0000000
NODE_157852_length_308_cov_2.435407	14	58	4	8	44	0.1818182
NODE_157852_length_308_cov_2.435407	14	58	6	36	44	0.8181818
NODE_157852_length_308_cov_2.435407	31	111	0	4	80	0.0500000
NODE_157852_length_308_cov_2.435407	31	111	2	14	80	0.1750000
NODE_157852_length_308_cov_2.435407	31	111	6	62	80	0.7750000
NODE_157898_length_308_cov_2.191388	14	80	0	66	66	1.0000000
NODE_157903_length_308_cov_2.191388	236	296	0	60	60	1.0000000
NODE_157969_length_308_cov_1.952153	251	296	0	45	45	1.0000000
NODE_158083_length_308_cov_1.708134	102	148	4	6	46	0.1304348
NODE_158083_length_308_cov_1.708134	102	148	6	40	46	0.8695652
NODE_158276_length_308_cov_1.435407	196	276	0	80	80	1.0000000
NODE_158439_length_308_cov_1.162679	260	300	0	40	40	1.0000000
NODE_158439_length_308_cov_1.162679	273	307	0	34	34	1.0000000
NODE_158447_length_308_cov_1.148325	35	83	0	48	48	1.0000000
NODE_158448_length_308_cov_1.148325	253	308	0	55	55	1.0000000
NODE_158510_length_308_cov_1.038278	147	202	2	55	55	1.0000000
NODE_158811_length_308_cov_0.684211	196	275	0	79	79	1.0000000
NODE_158821_length_308_cov_0.660287	109	157	6	3	48	0.0625000
NODE_158821_length_308_cov_0.660287	109	157	8	36	48	0.7500000
NODE_158821_length_308_cov_0.660287	109	157	10	9	48	0.1875000
NODE_158821_length_308_cov_0.660287	130	210	6	27	80	0.3375000
NODE_158821_length_308_cov_0.660287	130	210	8	42	80	0.5250000
NODE_158821_length_308_cov_0.660287	130	210	10	11	80	0.1375000
NODE_158905_length_307_cov_30.725962	0	73	0	73	73	1.0000000
NODE_158905_length_307_cov_30.725962	46	99	0	53	53	1.0000000
NODE_158906_length_307_cov_25.096154	84	164	0	80	80	1.0000000
NODE_158906_length_307_cov_25.096154	137	217	0	80	80	1.0000000
NODE_158933_length_307_cov_5.524038	150	221	1	55	71	0.7746479
NODE_158933_length_307_cov_5.524038	150	221	2	16	71	0.2253521
NODE_158983_length_307_cov_3.730769	172	252	0	55	80	0.6875000
NODE_158983_length_307_cov_3.730769	172	252	2	25	80	0.3125000
NODE_158983_length_307_cov_3.730769	225	305	0	80	80	1.0000000
NODE_158999_length_307_cov_3.322115	20	100	0	27	80	0.3375000
NODE_158999_length_307_cov_3.322115	20	100	2	36	80	0.4500000
NODE_158999_length_307_cov_3.322115	20	100	4	17	80	0.2125000
NODE_158999_length_307_cov_3.322115	78	153	2	5	75	0.0666667
NODE_158999_length_307_cov_3.322115	78	153	4	25	75	0.3333333
NODE_158999_length_307_cov_3.322115	78	153	6	38	75	0.5066667
NODE_158999_length_307_cov_3.322115	78	153	8	7	75	0.0933333
NODE_159000_length_307_cov_3.317308	12	94	0	29	82	0.3536585
NODE_159000_length_307_cov_3.317308	12	94	2	53	82	0.6463414
NODE_159000_length_307_cov_3.317308	76	134	0	19	58	0.3275862
NODE_159000_length_307_cov_3.317308	76	134	2	39	58	0.6724138
NODE_159053_length_307_cov_2.870192	43	108	0	65	65	1.0000000
NODE_159084_length_307_cov_2.653846	117	177	26	11	60	0.1833333
NODE_159084_length_307_cov_2.653846	117	177	28	41	60	0.6833333
NODE_159084_length_307_cov_2.653846	117	177	30	8	60	0.1333333
NODE_159142_length_307_cov_2.346154	54	105	0	8	51	0.1568628
NODE_159142_length_307_cov_2.346154	54	105	2	43	51	0.8431373
NODE_159351_length_307_cov_1.716346	124	165	0	21	41	0.5121951
NODE_159351_length_307_cov_1.716346	124	165	2	20	41	0.4878049
NODE_159362_length_307_cov_1.716346	30	93	4	25	63	0.3968254
NODE_159362_length_307_cov_1.716346	30	93	8	16	63	0.2539683
NODE_159362_length_307_cov_1.716346	30	93	10	22	63	0.3492064
NODE_159407_length_307_cov_1.600962	221	269	0	17	48	0.3541667
NODE_159407_length_307_cov_1.600962	221	269	1	1	48	0.0208333
NODE_159407_length_307_cov_1.600962	221	269	2	30	48	0.6250000
NODE_159407_length_307_cov_1.600962	242	307	0	55	65	0.8461539
NODE_159407_length_307_cov_1.600962	242	307	1	1	65	0.0153846
NODE_159407_length_307_cov_1.600962	242	307	2	9	65	0.1384615
NODE_159447_length_307_cov_1.475962	252	307	0	13	55	0.2363636
NODE_159447_length_307_cov_1.475962	252	307	2	42	55	0.7636364
NODE_159585_length_307_cov_1.326923	96	142	8	8	46	0.1739130
NODE_159585_length_307_cov_1.326923	96	142	10	30	46	0.6521739
NODE_159585_length_307_cov_1.326923	96	142	12	8	46	0.1739130
NODE_159585_length_307_cov_1.326923	115	195	4	8	80	0.1000000
NODE_159585_length_307_cov_1.326923	115	195	6	44	80	0.5500000
NODE_159585_length_307_cov_1.326923	115	195	8	1	80	0.0125000
NODE_159585_length_307_cov_1.326923	115	195	10	19	80	0.2375000
NODE_159585_length_307_cov_1.326923	115	195	12	8	80	0.1000000
NODE_159618_length_307_cov_1.264423	13	61	0	48	48	1.0000000
NODE_159618_length_307_cov_1.264423	23	54	0	31	31	1.0000000
NODE_159696_length_307_cov_1.197115	92	121	0	5	29	0.1724138
NODE_159696_length_307_cov_1.197115	92	121	2	24	29	0.8275862
NODE_159787_length_307_cov_1.000000	132	168	0	36	36	1.0000000
NODE_160213_length_306_cov_74.526570	68	136	0	17	68	0.2500000
NODE_160213_length_306_cov_74.526570	68	136	2	39	68	0.5735294
NODE_160213_length_306_cov_74.526570	68	136	4	8	68	0.1176471
NODE_160213_length_306_cov_74.526570	68	136	8	4	68	0.0588235
NODE_160213_length_306_cov_74.526570	68	148	0	17	80	0.2125000
NODE_160213_length_306_cov_74.526570	68	148	2	39	80	0.4875000
NODE_160213_length_306_cov_74.526570	68	148	4	8	80	0.1000000
NODE_160213_length_306_cov_74.526570	68	148	8	16	80	0.2000000
NODE_160213_length_306_cov_74.526570	121	201	2	3	80	0.0375000
NODE_160213_length_306_cov_74.526570	121	201	4	8	80	0.1000000
NODE_160213_length_306_cov_74.526570	121	201	8	39	80	0.4875000
NODE_160213_length_306_cov_74.526570	121	201	10	30	80	0.3750000
NODE_160213_length_306_cov_74.526570	121	201	2	3	80	0.0375000
NODE_160213_length_306_cov_74.526570	121	201	4	8	80	0.1000000
NODE_160213_length_306_cov_74.526570	121	201	8	39	80	0.4875000
NODE_160213_length_306_cov_74.526570	121	201	10	30	80	0.3750000
NODE_160213_length_306_cov_74.526570	197	277	0	19	80	0.2375000
NODE_160213_length_306_cov_74.526570	197	277	2	45	80	0.5625000
NODE_160213_length_306_cov_74.526570	197	277	6	11	80	0.1375000
NODE_160213_length_306_cov_74.526570	197	277	8	5	80	0.0625000
NODE_160213_length_306_cov_74.526570	197	277	0	19	80	0.2375000
NODE_160213_length_306_cov_74.526570	197	277	2	45	80	0.5625000
NODE_160213_length_306_cov_74.526570	197	277	6	11	80	0.1375000
NODE_160213_length_306_cov_74.526570	197	277	8	5	80	0.0625000
NODE_160213_length_306_cov_74.526570	197	277	0	19	80	0.2375000
NODE_160213_length_306_cov_74.526570	197	277	2	45	80	0.5625000
NODE_160213_length_306_cov_74.526570	197	277	6	11	80	0.1375000
NODE_160213_length_306_cov_74.526570	197	277	8	5	80	0.0625000
NODE_160213_length_306_cov_74.526570	250	299	0	41	49	0.8367347
NODE_160213_length_306_cov_74.526570	250	299	2	8	49	0.1632653
NODE_160213_length_306_cov_74.526570	250	306	0	48	56	0.8571429
NODE_160213_length_306_cov_74.526570	250	306	2	8	56	0.1428571
NODE_160213_length_306_cov_74.526570	255	306	0	48	51	0.9411765
NODE_160213_length_306_cov_74.526570	255	306	2	3	51	0.0588235
NODE_160217_length_306_cov_7.396135	23	117	0	94	94	1.0000000
NODE_160217_length_306_cov_7.396135	90	170	0	80	80	1.0000000
NODE_160261_length_306_cov_4.275362	67	147	6	25	80	0.3125000
NODE_160261_length_306_cov_4.275362	67	147	8	46	80	0.5750000
NODE_160261_length_306_cov_4.275362	67	147	10	9	80	0.1125000
NODE_160275_length_306_cov_3.937198	104	176	0	72	72	1.0000000
NODE_160300_length_306_cov_3.444444	130	206	0	76	76	1.0000000
NODE_160323_length_306_cov_3.217391	198	278	0	7	80	0.0875000
NODE_160323_length_306_cov_3.217391	198	278	2	21	80	0.2625000
NODE_160323_length_306_cov_3.217391	198	278	4	20	80	0.2500000
NODE_160323_length_306_cov_3.217391	198	278	6	10	80	0.1250000
NODE_160323_length_306_cov_3.217391	198	278	8	5	80	0.0625000
NODE_160323_length_306_cov_3.217391	198	278	12	1	80	0.0125000
NODE_160323_length_306_cov_3.217391	198	278	18	7	80	0.0875000
NODE_160323_length_306_cov_3.217391	198	278	20	9	80	0.1125000
NODE_160333_length_306_cov_3.043478	90	171	6	19	81	0.2345679
NODE_160333_length_306_cov_3.043478	90	171	8	3	81	0.0370370
NODE_160333_length_306_cov_3.043478	90	171	12	18	81	0.2222222
NODE_160333_length_306_cov_3.043478	90	171	14	41	81	0.5061728
NODE_160333_length_306_cov_3.043478	144	202	4	3	58	0.0517241
NODE_160333_length_306_cov_3.043478	144	202	6	3	58	0.0517241
NODE_160333_length_306_cov_3.043478	144	202	8	6	58	0.1034483
NODE_160333_length_306_cov_3.043478	144	202	9	6	58	0.1034483
NODE_160333_length_306_cov_3.043478	144	202	11	5	58	0.0862069
NODE_160333_length_306_cov_3.043478	144	202	12	19	58	0.3275862
NODE_160333_length_306_cov_3.043478	144	202	14	16	58	0.2758621
NODE_160340_length_306_cov_2.956522	242	273	0	31	31	1.0000000
NODE_160355_length_306_cov_2.884058	173	243	0	70	70	1.0000000
NODE_160403_length_306_cov_2.574879	122	203	6	61	81	0.7530864
NODE_160403_length_306_cov_2.574879	122	203	8	20	81	0.2469136
NODE_160403_length_306_cov_2.574879	176	254	0	15	78	0.1923077
NODE_160403_length_306_cov_2.574879	176	254	2	15	78	0.1923077
NODE_160403_length_306_cov_2.574879	176	254	4	19	78	0.2435897
NODE_160403_length_306_cov_2.574879	176	254	6	13	78	0.1666667
NODE_160403_length_306_cov_2.574879	176	254	8	16	78	0.2051282
NODE_160475_length_306_cov_2.265700	223	278	2	17	55	0.3090909
NODE_160475_length_306_cov_2.265700	223	278	4	38	55	0.6909091
NODE_160512_length_306_cov_2.106280	73	149	2	3	76	0.0394737
NODE_160512_length_306_cov_2.106280	73	149	3	2	76	0.0263158
NODE_160512_length_306_cov_2.106280	73	149	5	8	76	0.1052632
NODE_160512_length_306_cov_2.106280	73	149	6	28	76	0.3684210
NODE_160512_length_306_cov_2.106280	73	149	8	35	76	0.4605263
NODE_160512_length_306_cov_2.106280	125	205	2	41	80	0.5125000
NODE_160512_length_306_cov_2.106280	125	205	3	2	80	0.0250000
NODE_160512_length_306_cov_2.106280	125	205	4	18	80	0.2250000
NODE_160512_length_306_cov_2.106280	125	205	5	8	80	0.1000000
NODE_160512_length_306_cov_2.106280	125	205	6	11	80	0.1375000
NODE_160608_length_306_cov_1.879227	165	196	9	31	31	1.0000000
NODE_160752_length_306_cov_1.478261	206	237	2	31	31	1.0000000
NODE_160761_length_306_cov_1.478261	157	220	0	63	63	1.0000000
NODE_160833_length_306_cov_1.434783	40	88	0	48	48	1.0000000
NODE_160875_length_306_cov_1.357488	128	171	2	37	43	0.8604651
NODE_160875_length_306_cov_1.357488	128	171	4	6	43	0.1395349
NODE_160992_length_306_cov_1.222222	216	252	0	36	36	1.0000000
NODE_160992_length_306_cov_1.222222	230	305	0	75	75	1.0000000
NODE_161018_length_306_cov_1.188406	79	159	0	80	80	1.0000000
NODE_161042_length_306_cov_1.130435	122	202	0	80	80	1.0000000
NODE_161042_length_306_cov_1.130435	175	255	0	80	80	1.0000000
NODE_161078_length_306_cov_1.067633	156	188	2	32	32	1.0000000
NODE_161234_length_306_cov_0.975845	219	247	0	28	28	1.0000000
NODE_161246_length_306_cov_0.956522	206	284	0	78	78	1.0000000
NODE_161550_length_305_cov_5.718447	177	243	0	66	66	1.0000000
NODE_161566_length_305_cov_4.854369	55	135	0	51	80	0.6375000
NODE_161566_length_305_cov_4.854369	55	135	2	4	80	0.0500000
NODE_161566_length_305_cov_4.854369	55	135	4	25	80	0.3125000
NODE_161584_length_305_cov_4.266990	186	266	0	80	80	1.0000000
NODE_161723_length_305_cov_2.616505	220	263	0	43	43	1.0000000
NODE_161723_length_305_cov_2.616505	236	305	0	69	69	1.0000000
NODE_161726_length_305_cov_2.597087	171	256	201	1	85	0.0117647
NODE_161726_length_305_cov_2.597087	171	256	203	2	85	0.0235294
NODE_161726_length_305_cov_2.597087	171	256	204	3	85	0.0352941
NODE_161726_length_305_cov_2.597087	171	256	205	1	85	0.0117647
NODE_161726_length_305_cov_2.597087	171	256	208	2	85	0.0235294
NODE_161726_length_305_cov_2.597087	171	256	212	1	85	0.0117647
NODE_161726_length_305_cov_2.597087	171	256	216	1	85	0.0117647
NODE_161726_length_305_cov_2.597087	171	256	228	3	85	0.0352941
NODE_161726_length_305_cov_2.597087	171	256	230	1	85	0.0117647
NODE_161726_length_305_cov_2.597087	171	256	233	1	85	0.0117647
NODE_161726_length_305_cov_2.597087	171	256	236	1	85	0.0117647
NODE_161726_length_305_cov_2.597087	171	256	238	1	85	0.0117647
NODE_161726_length_305_cov_2.597087	171	256	244	2	85	0.0235294
NODE_161726_length_305_cov_2.597087	171	256	248	1	85	0.0117647
NODE_161726_length_305_cov_2.597087	171	256	250	1	85	0.0117647
NODE_161726_length_305_cov_2.597087	171	256	265	1	85	0.0117647
NODE_161726_length_305_cov_2.597087	171	256	272	2	85	0.0235294
NODE_161726_length_305_cov_2.597087	171	256	279	1	85	0.0117647
NODE_161726_length_305_cov_2.597087	171	256	284	1	85	0.0117647
NODE_161726_length_305_cov_2.597087	171	256	288	2	85	0.0235294
NODE_161726_length_305_cov_2.597087	171	256	294	2	85	0.0235294
NODE_161726_length_305_cov_2.597087	171	256	300	1	85	0.0117647
NODE_161726_length_305_cov_2.597087	171	256	317	1	85	0.0117647
NODE_161726_length_305_cov_2.597087	171	256	320	2	85	0.0235294
NODE_161726_length_305_cov_2.597087	171	256	321	3	85	0.0352941
NODE_161726_length_305_cov_2.597087	171	256	327	2	85	0.0235294
NODE_161726_length_305_cov_2.597087	171	256	333	1	85	0.0117647
NODE_161726_length_305_cov_2.597087	171	256	340	2	85	0.0235294
NODE_161726_length_305_cov_2.597087	171	256	350	3	85	0.0352941
NODE_161726_length_305_cov_2.597087	171	256	360	1	85	0.0117647
NODE_161726_length_305_cov_2.597087	171	256	368	1	85	0.0117647
NODE_161726_length_305_cov_2.597087	171	256	369	1	85	0.0117647
NODE_161726_length_305_cov_2.597087	171	256	373	1	85	0.0117647
NODE_161726_length_305_cov_2.597087	171	256	375	1	85	0.0117647
NODE_161726_length_305_cov_2.597087	171	256	379	2	85	0.0235294
NODE_161726_length_305_cov_2.597087	171	256	390	1	85	0.0117647
NODE_161726_length_305_cov_2.597087	171	256	391	16	85	0.1882353
NODE_161726_length_305_cov_2.597087	171	256	392	4	85	0.0470588
NODE_161726_length_305_cov_2.597087	171	256	393	1	85	0.0117647
NODE_161726_length_305_cov_2.597087	171	256	394	10	85	0.1176471
NODE_161732_length_305_cov_2.533981	3	57	9	33	54	0.6111111
NODE_161732_length_305_cov_2.533981	3	57	10	21	54	0.3888889
NODE_161775_length_305_cov_2.339806	149	237	16	2	88	0.0227273
NODE_161775_length_305_cov_2.339806	149	237	18	2	88	0.0227273
NODE_161775_length_305_cov_2.339806	149	237	20	7	88	0.0795455
NODE_161775_length_305_cov_2.339806	149	237	22	5	88	0.0568182
NODE_161775_length_305_cov_2.339806	149	237	24	1	88	0.0113636
NODE_161775_length_305_cov_2.339806	149	237	28	2	88	0.0227273
NODE_161775_length_305_cov_2.339806	149	237	30	1	88	0.0113636
NODE_161775_length_305_cov_2.339806	149	237	32	2	88	0.0227273
NODE_161775_length_305_cov_2.339806	149	237	34	6	88	0.0681818
NODE_161775_length_305_cov_2.339806	149	237	35	2	88	0.0227273
NODE_161775_length_305_cov_2.339806	149	237	36	2	88	0.0227273
NODE_161775_length_305_cov_2.339806	149	237	38	41	88	0.4659091
NODE_161775_length_305_cov_2.339806	149	237	40	15	88	0.1704545
NODE_161795_length_305_cov_2.228155	194	274	0	80	80	1.0000000
NODE_161795_length_305_cov_2.228155	247	300	0	53	53	1.0000000
NODE_161877_length_305_cov_1.975728	44	116	0	8	72	0.1111111
NODE_161877_length_305_cov_1.975728	44	116	2	1	72	0.0138889
NODE_161877_length_305_cov_1.975728	44	116	6	63	72	0.8750000
NODE_161908_length_305_cov_1.883495	135	172	45	1	37	0.0270270
NODE_161908_length_305_cov_1.883495	135	172	46	1	37	0.0270270
NODE_161908_length_305_cov_1.883495	135	172	48	3	37	0.0810811
NODE_161908_length_305_cov_1.883495	135	172	50	4	37	0.1081081
NODE_161908_length_305_cov_1.883495	135	172	51	5	37	0.1351351
NODE_161908_length_305_cov_1.883495	135	172	52	3	37	0.0810811
NODE_161908_length_305_cov_1.883495	135	172	53	6	37	0.1621622
NODE_161908_length_305_cov_1.883495	135	172	55	8	37	0.2162162
NODE_161908_length_305_cov_1.883495	135	172	57	6	37	0.1621622
NODE_161990_length_305_cov_1.674757	14	80	3	41	66	0.6212121
NODE_161990_length_305_cov_1.674757	14	80	5	3	66	0.0454545
NODE_161990_length_305_cov_1.674757	14	80	6	22	66	0.3333333
NODE_161990_length_305_cov_1.674757	53	133	2	17	80	0.2125000
NODE_161990_length_305_cov_1.674757	53	133	3	2	80	0.0250000
NODE_161990_length_305_cov_1.674757	53	133	4	15	80	0.1875000
NODE_161990_length_305_cov_1.674757	53	133	5	4	80	0.0500000
NODE_161990_length_305_cov_1.674757	53	133	6	42	80	0.5250000
NODE_161996_length_305_cov_1.655340	110	179	4	8	69	0.1159420
NODE_161996_length_305_cov_1.655340	110	179	8	28	69	0.4057971
NODE_161996_length_305_cov_1.655340	110	179	10	33	69	0.4782609
NODE_162123_length_305_cov_1.466019	153	238	6	14	85	0.1647059
NODE_162123_length_305_cov_1.466019	153	238	7	4	85	0.0470588
NODE_162123_length_305_cov_1.466019	153	238	11	17	85	0.2000000
NODE_162123_length_305_cov_1.466019	153	238	13	1	85	0.0117647
NODE_162123_length_305_cov_1.466019	153	238	15	6	85	0.0705882
NODE_162123_length_305_cov_1.466019	153	238	17	4	85	0.0470588
NODE_162123_length_305_cov_1.466019	153	238	19	3	85	0.0352941
NODE_162123_length_305_cov_1.466019	153	238	20	2	85	0.0235294
NODE_162123_length_305_cov_1.466019	153	238	21	3	85	0.0352941
NODE_162123_length_305_cov_1.466019	153	238	23	4	85	0.0470588
NODE_162123_length_305_cov_1.466019	153	238	24	7	85	0.0823529
NODE_162123_length_305_cov_1.466019	153	238	26	4	85	0.0470588
NODE_162123_length_305_cov_1.466019	153	238	28	6	85	0.0705882
NODE_162123_length_305_cov_1.466019	153	238	33	1	85	0.0117647
NODE_162123_length_305_cov_1.466019	153	238	37	9	85	0.1058824
NODE_162123_length_305_cov_1.466019	222	284	28	12	62	0.1935484
NODE_162123_length_305_cov_1.466019	222	284	30	3	62	0.0483871
NODE_162123_length_305_cov_1.466019	222	284	32	6	62	0.0967742
NODE_162123_length_305_cov_1.466019	222	284	33	15	62	0.2419355
NODE_162123_length_305_cov_1.466019	222	284	34	3	62	0.0483871
NODE_162123_length_305_cov_1.466019	222	284	35	13	62	0.2096774
NODE_162123_length_305_cov_1.466019	222	284	37	10	62	0.1612903
NODE_162169_length_305_cov_1.398058	28	75	0	47	47	1.0000000
NODE_162198_length_305_cov_1.330097	212	292	9	1	80	0.0125000
NODE_162198_length_305_cov_1.330097	212	292	11	5	80	0.0625000
NODE_162198_length_305_cov_1.330097	212	292	13	4	80	0.0500000
NODE_162198_length_305_cov_1.330097	212	292	20	5	80	0.0625000
NODE_162198_length_305_cov_1.330097	212	292	22	1	80	0.0125000
NODE_162198_length_305_cov_1.330097	212	292	28	1	80	0.0125000
NODE_162198_length_305_cov_1.330097	212	292	32	6	80	0.0750000
NODE_162198_length_305_cov_1.330097	212	292	34	5	80	0.0625000
NODE_162198_length_305_cov_1.330097	212	292	36	1	80	0.0125000
NODE_162198_length_305_cov_1.330097	212	292	38	1	80	0.0125000
NODE_162198_length_305_cov_1.330097	212	292	42	3	80	0.0375000
NODE_162198_length_305_cov_1.330097	212	292	44	4	80	0.0500000
NODE_162198_length_305_cov_1.330097	212	292	46	5	80	0.0625000
NODE_162198_length_305_cov_1.330097	212	292	58	2	80	0.0250000
NODE_162198_length_305_cov_1.330097	212	292	60	1	80	0.0125000
NODE_162198_length_305_cov_1.330097	212	292	62	1	80	0.0125000
NODE_162198_length_305_cov_1.330097	212	292	64	2	80	0.0250000
NODE_162198_length_305_cov_1.330097	212	292	68	1	80	0.0125000
NODE_162198_length_305_cov_1.330097	212	292	78	3	80	0.0375000
NODE_162198_length_305_cov_1.330097	212	292	82	2	80	0.0250000
NODE_162198_length_305_cov_1.330097	212	292	86	2	80	0.0250000
NODE_162198_length_305_cov_1.330097	212	292	88	3	80	0.0375000
NODE_162198_length_305_cov_1.330097	212	292	90	4	80	0.0500000
NODE_162198_length_305_cov_1.330097	212	292	92	4	80	0.0500000
NODE_162198_length_305_cov_1.330097	212	292	94	4	80	0.0500000
NODE_162198_length_305_cov_1.330097	212	292	96	7	80	0.0875000
NODE_162198_length_305_cov_1.330097	212	292	98	2	80	0.0250000
NODE_162198_length_305_cov_1.330097	265	305	0	2	40	0.0500000
NODE_162198_length_305_cov_1.330097	265	305	2	1	40	0.0250000
NODE_162198_length_305_cov_1.330097	265	305	3	1	40	0.0250000
NODE_162198_length_305_cov_1.330097	265	305	6	2	40	0.0500000
NODE_162198_length_305_cov_1.330097	265	305	8	6	40	0.1500000
NODE_162198_length_305_cov_1.330097	265	305	9	2	40	0.0500000
NODE_162198_length_305_cov_1.330097	265	305	11	5	40	0.1250000
NODE_162198_length_305_cov_1.330097	265	305	13	4	40	0.1000000
NODE_162198_length_305_cov_1.330097	265	305	20	5	40	0.1250000
NODE_162198_length_305_cov_1.330097	265	305	22	1	40	0.0250000
NODE_162198_length_305_cov_1.330097	265	305	28	1	40	0.0250000
NODE_162198_length_305_cov_1.330097	265	305	32	6	40	0.1500000
NODE_162198_length_305_cov_1.330097	265	305	34	4	40	0.1000000
NODE_162359_length_305_cov_1.111650	245	275	0	30	30	1.0000000
NODE_162411_length_305_cov_0.990291	46	126	0	80	80	1.0000000
NODE_162593_length_305_cov_0.873786	73	109	0	36	36	1.0000000
NODE_162782_length_305_cov_0.631068	86	166	0	80	80	1.0000000
NODE_162782_length_305_cov_0.631068	139	186	0	47	47	1.0000000
NODE_162854_length_304_cov_44.482927	61	102	136	3	41	0.0731707
NODE_162854_length_304_cov_44.482927	61	102	138	1	41	0.0243902
NODE_162854_length_304_cov_44.482927	61	102	140	5	41	0.1219512
NODE_162854_length_304_cov_44.482927	61	102	142	5	41	0.1219512
NODE_162854_length_304_cov_44.482927	61	102	144	12	41	0.2926829
NODE_162854_length_304_cov_44.482927	61	102	145	1	41	0.0243902
NODE_162854_length_304_cov_44.482927	61	102	146	1	41	0.0243902
NODE_162854_length_304_cov_44.482927	61	102	147	12	41	0.2926829
NODE_162854_length_304_cov_44.482927	61	102	148	1	41	0.0243902
NODE_162855_length_304_cov_30.678049	205	281	0	76	76	1.0000000
NODE_162855_length_304_cov_30.678049	254	304	0	50	50	1.0000000
NODE_162886_length_304_cov_4.956098	72	152	2	11	80	0.1375000
NODE_162886_length_304_cov_4.956098	72	152	4	30	80	0.3750000
NODE_162886_length_304_cov_4.956098	72	152	6	39	80	0.4875000
NODE_162919_length_304_cov_3.980488	46	126	2	80	80	1.0000000
NODE_162919_length_304_cov_3.980488	99	179	0	29	80	0.3625000
NODE_162919_length_304_cov_3.980488	99	179	2	51	80	0.6375000
NODE_162932_length_304_cov_3.809756	108	156	2	20	48	0.4166667
NODE_162932_length_304_cov_3.809756	108	156	3	17	48	0.3541667
NODE_162932_length_304_cov_3.809756	108	156	4	2	48	0.0416667
NODE_162932_length_304_cov_3.809756	108	156	5	5	48	0.1041667
NODE_162932_length_304_cov_3.809756	108	156	6	4	48	0.0833333
NODE_162955_length_304_cov_3.424390	67	129	2	8	62	0.1290323
NODE_162955_length_304_cov_3.424390	67	129	4	54	62	0.8709677
NODE_162955_length_304_cov_3.424390	120	182	4	18	62	0.2903226
NODE_162955_length_304_cov_3.424390	120	182	6	44	62	0.7096774
NODE_162997_length_304_cov_2.980488	105	126	0	21	21	1.0000000
NODE_163048_length_304_cov_2.629268	106	186	5	4	80	0.0500000
NODE_163048_length_304_cov_2.629268	106	186	6	59	80	0.7375000
NODE_163048_length_304_cov_2.629268	106	186	8	17	80	0.2125000
NODE_163048_length_304_cov_2.629268	159	209	4	5	50	0.1000000
NODE_163048_length_304_cov_2.629268	159	209	5	20	50	0.4000000
NODE_163048_length_304_cov_2.629268	159	209	6	25	50	0.5000000
NODE_163116_length_304_cov_2.239024	57	137	0	80	80	1.0000000
NODE_163116_length_304_cov_2.239024	110	152	0	42	42	1.0000000
NODE_163148_length_304_cov_2.170732	112	145	0	3	33	0.0909091
NODE_163148_length_304_cov_2.170732	112	145	4	30	33	0.9090909
NODE_163148_length_304_cov_2.170732	146	198	4	52	52	1.0000000
NODE_163333_length_304_cov_1.687805	219	288	0	57	69	0.8260869
NODE_163333_length_304_cov_1.687805	219	288	2	1	69	0.0144928
NODE_163333_length_304_cov_1.687805	219	288	3	4	69	0.0579710
NODE_163333_length_304_cov_1.687805	219	288	5	7	69	0.1014493
NODE_163432_length_304_cov_1.492683	190	238	4	26	48	0.5416667
NODE_163432_length_304_cov_1.492683	190	238	6	22	48	0.4583333
NODE_163559_length_304_cov_1.287805	99	165	13	4	66	0.0606061
NODE_163559_length_304_cov_1.287805	99	165	15	31	66	0.4696970
NODE_163559_length_304_cov_1.287805	99	165	16	15	66	0.2272727
NODE_163559_length_304_cov_1.287805	99	165	17	6	66	0.0909091
NODE_163559_length_304_cov_1.287805	99	165	18	3	66	0.0454545
NODE_163559_length_304_cov_1.287805	99	165	19	7	66	0.1060606
NODE_163670_length_304_cov_1.175610	0	30	0	12	30	0.4000000
NODE_163670_length_304_cov_1.175610	0	30	2	18	30	0.6000000
NODE_163895_length_304_cov_0.951220	70	150	12	3	80	0.0375000
NODE_163895_length_304_cov_0.951220	70	150	14	16	80	0.2000000
NODE_163895_length_304_cov_0.951220	70	150	16	19	80	0.2375000
NODE_163895_length_304_cov_0.951220	70	150	18	19	80	0.2375000
NODE_163895_length_304_cov_0.951220	70	150	20	23	80	0.2875000
NODE_164171_length_303_cov_30.843137	46	97	0	51	51	1.0000000
NODE_164194_length_303_cov_5.401961	33	79	0	46	46	1.0000000
NODE_164224_length_303_cov_4.210784	136	205	14	9	69	0.1304348
NODE_164224_length_303_cov_4.210784	136	205	17	1	69	0.0144928
NODE_164224_length_303_cov_4.210784	136	205	19	1	69	0.0144928
NODE_164224_length_303_cov_4.210784	136	205	21	3	69	0.0434783
NODE_164224_length_303_cov_4.210784	136	205	24	16	69	0.2318841
NODE_164224_length_303_cov_4.210784	136	205	26	35	69	0.5072464
NODE_164224_length_303_cov_4.210784	136	205	28	4	69	0.0579710
NODE_164224_length_303_cov_4.210784	178	259	0	34	81	0.4197531
NODE_164224_length_303_cov_4.210784	178	259	2	15	81	0.1851852
NODE_164224_length_303_cov_4.210784	178	259	8	1	81	0.0123457
NODE_164224_length_303_cov_4.210784	178	259	12	3	81	0.0370370
NODE_164224_length_303_cov_4.210784	178	259	14	10	81	0.1234568
NODE_164224_length_303_cov_4.210784	178	259	17	1	81	0.0123457
NODE_164224_length_303_cov_4.210784	178	259	19	1	81	0.0123457
NODE_164224_length_303_cov_4.210784	178	259	21	3	81	0.0370370
NODE_164224_length_303_cov_4.210784	178	259	24	13	81	0.1604938
NODE_164251_length_303_cov_3.671569	9	75	0	20	66	0.3030303
NODE_164251_length_303_cov_3.671569	9	75	2	10	66	0.1515152
NODE_164251_length_303_cov_3.671569	9	75	4	36	66	0.5454546
NODE_164251_length_303_cov_3.671569	48	128	2	11	80	0.1375000
NODE_164251_length_303_cov_3.671569	48	128	4	69	80	0.8625000
NODE_164251_length_303_cov_3.671569	48	128	2	11	80	0.1375000
NODE_164251_length_303_cov_3.671569	48	128	4	69	80	0.8625000
NODE_164251_length_303_cov_3.671569	220	300	0	80	80	1.0000000
NODE_164267_length_303_cov_3.500000	55	123	0	9	68	0.1323529
NODE_164267_length_303_cov_3.500000	55	123	2	59	68	0.8676471
NODE_164272_length_303_cov_3.460784	0	67	0	1	67	0.0149254
NODE_164272_length_303_cov_3.460784	0	67	1	3	67	0.0447761
NODE_164272_length_303_cov_3.460784	0	67	2	1	67	0.0149254
NODE_164272_length_303_cov_3.460784	0	67	4	1	67	0.0149254
NODE_164272_length_303_cov_3.460784	0	67	6	1	67	0.0149254
NODE_164272_length_303_cov_3.460784	0	67	8	1	67	0.0149254
NODE_164272_length_303_cov_3.460784	0	67	9	1	67	0.0149254
NODE_164272_length_303_cov_3.460784	0	67	11	5	67	0.0746269
NODE_164272_length_303_cov_3.460784	0	67	13	1	67	0.0149254
NODE_164272_length_303_cov_3.460784	0	67	14	1	67	0.0149254
NODE_164272_length_303_cov_3.460784	0	67	21	1	67	0.0149254
NODE_164272_length_303_cov_3.460784	0	67	24	7	67	0.1044776
NODE_164272_length_303_cov_3.460784	0	67	26	1	67	0.0149254
NODE_164272_length_303_cov_3.460784	0	67	30	3	67	0.0447761
NODE_164272_length_303_cov_3.460784	0	67	31	1	67	0.0149254
NODE_164272_length_303_cov_3.460784	0	67	33	1	67	0.0149254
NODE_164272_length_303_cov_3.460784	0	67	37	1	67	0.0149254
NODE_164272_length_303_cov_3.460784	0	67	48	1	67	0.0149254
NODE_164272_length_303_cov_3.460784	0	67	50	1	67	0.0149254
NODE_164272_length_303_cov_3.460784	0	67	55	1	67	0.0149254
NODE_164272_length_303_cov_3.460784	0	67	57	3	67	0.0447761
NODE_164272_length_303_cov_3.460784	0	67	60	1	67	0.0149254
NODE_164272_length_303_cov_3.460784	0	67	62	1	67	0.0149254
NODE_164272_length_303_cov_3.460784	0	67	83	1	67	0.0149254
NODE_164272_length_303_cov_3.460784	0	67	86	1	67	0.0149254
NODE_164272_length_303_cov_3.460784	0	67	87	1	67	0.0149254
NODE_164272_length_303_cov_3.460784	0	67	88	1	67	0.0149254
NODE_164272_length_303_cov_3.460784	0	67	93	2	67	0.0298507
NODE_164272_length_303_cov_3.460784	0	67	94	1	67	0.0149254
NODE_164272_length_303_cov_3.460784	0	67	103	3	67	0.0447761
NODE_164272_length_303_cov_3.460784	0	67	105	1	67	0.0149254
NODE_164272_length_303_cov_3.460784	0	67	108	2	67	0.0298507
NODE_164272_length_303_cov_3.460784	0	67	110	2	67	0.0298507
NODE_164272_length_303_cov_3.460784	0	67	114	2	67	0.0298507
NODE_164272_length_303_cov_3.460784	0	67	116	1	67	0.0149254
NODE_164272_length_303_cov_3.460784	0	67	120	1	67	0.0149254
NODE_164272_length_303_cov_3.460784	0	67	125	4	67	0.0597015
NODE_164272_length_303_cov_3.460784	0	67	128	1	67	0.0149254
NODE_164272_length_303_cov_3.460784	0	67	130	4	67	0.0597015
NODE_164272_length_303_cov_3.460784	98	178	217	1	80	0.0125000
NODE_164272_length_303_cov_3.460784	98	178	220	1	80	0.0125000
NODE_164272_length_303_cov_3.460784	98	178	224	1	80	0.0125000
NODE_164272_length_303_cov_3.460784	98	178	226	1	80	0.0125000
NODE_164272_length_303_cov_3.460784	98	178	233	1	80	0.0125000
NODE_164272_length_303_cov_3.460784	98	178	237	2	80	0.0250000
NODE_164272_length_303_cov_3.460784	98	178	239	1	80	0.0125000
NODE_164272_length_303_cov_3.460784	98	178	246	1	80	0.0125000
NODE_164272_length_303_cov_3.460784	98	178	250	1	80	0.0125000
NODE_164272_length_303_cov_3.460784	98	178	251	1	80	0.0125000
NODE_164272_length_303_cov_3.460784	98	178	252	1	80	0.0125000
NODE_164272_length_303_cov_3.460784	98	178	256	1	80	0.0125000
NODE_164272_length_303_cov_3.460784	98	178	265	1	80	0.0125000
NODE_164272_length_303_cov_3.460784	98	178	269	1	80	0.0125000
NODE_164272_length_303_cov_3.460784	98	178	283	1	80	0.0125000
NODE_164272_length_303_cov_3.460784	98	178	291	1	80	0.0125000
NODE_164272_length_303_cov_3.460784	98	178	293	2	80	0.0250000
NODE_164272_length_303_cov_3.460784	98	178	299	2	80	0.0250000
NODE_164272_length_303_cov_3.460784	98	178	301	1	80	0.0125000
NODE_164272_length_303_cov_3.460784	98	178	303	1	80	0.0125000
NODE_164272_length_303_cov_3.460784	98	178	305	1	80	0.0125000
NODE_164272_length_303_cov_3.460784	98	178	306	2	80	0.0250000
NODE_164272_length_303_cov_3.460784	98	178	307	2	80	0.0250000
NODE_164272_length_303_cov_3.460784	98	178	311	1	80	0.0125000
NODE_164272_length_303_cov_3.460784	98	178	313	1	80	0.0125000
NODE_164272_length_303_cov_3.460784	98	178	319	1	80	0.0125000
NODE_164272_length_303_cov_3.460784	98	178	321	1	80	0.0125000
NODE_164272_length_303_cov_3.460784	98	178	332	1	80	0.0125000
NODE_164272_length_303_cov_3.460784	98	178	336	1	80	0.0125000
NODE_164272_length_303_cov_3.460784	98	178	338	2	80	0.0250000
NODE_164272_length_303_cov_3.460784	98	178	342	3	80	0.0375000
NODE_164272_length_303_cov_3.460784	98	178	347	2	80	0.0250000
NODE_164272_length_303_cov_3.460784	98	178	350	1	80	0.0125000
NODE_164272_length_303_cov_3.460784	98	178	355	1	80	0.0125000
NODE_164272_length_303_cov_3.460784	98	178	359	1	80	0.0125000
NODE_164272_length_303_cov_3.460784	98	178	361	2	80	0.0250000
NODE_164272_length_303_cov_3.460784	98	178	362	2	80	0.0250000
NODE_164272_length_303_cov_3.460784	98	178	363	1	80	0.0125000
NODE_164272_length_303_cov_3.460784	98	178	364	3	80	0.0375000
NODE_164272_length_303_cov_3.460784	98	178	365	1	80	0.0125000
NODE_164272_length_303_cov_3.460784	98	178	366	10	80	0.1250000
NODE_164272_length_303_cov_3.460784	98	178	367	3	80	0.0375000
NODE_164272_length_303_cov_3.460784	98	178	368	3	80	0.0375000
NODE_164272_length_303_cov_3.460784	98	178	370	1	80	0.0125000
NODE_164272_length_303_cov_3.460784	98	178	372	2	80	0.0250000
NODE_164272_length_303_cov_3.460784	98	178	373	2	80	0.0250000
NODE_164272_length_303_cov_3.460784	98	178	375	2	80	0.0250000
NODE_164272_length_303_cov_3.460784	98	178	379	1	80	0.0125000
NODE_164272_length_303_cov_3.460784	98	178	381	1	80	0.0125000
NODE_164272_length_303_cov_3.460784	98	178	385	2	80	0.0250000
NODE_164272_length_303_cov_3.460784	151	191	347	2	40	0.0500000
NODE_164272_length_303_cov_3.460784	151	191	359	1	40	0.0250000
NODE_164272_length_303_cov_3.460784	151	191	362	2	40	0.0500000
NODE_164272_length_303_cov_3.460784	151	191	363	2	40	0.0500000
NODE_164272_length_303_cov_3.460784	151	191	364	2	40	0.0500000
NODE_164272_length_303_cov_3.460784	151	191	365	3	40	0.0750000
NODE_164272_length_303_cov_3.460784	151	191	366	6	40	0.1500000
NODE_164272_length_303_cov_3.460784	151	191	367	1	40	0.0250000
NODE_164272_length_303_cov_3.460784	151	191	368	3	40	0.0750000
NODE_164272_length_303_cov_3.460784	151	191	369	2	40	0.0500000
NODE_164272_length_303_cov_3.460784	151	191	370	3	40	0.0750000
NODE_164272_length_303_cov_3.460784	151	191	371	1	40	0.0250000
NODE_164272_length_303_cov_3.460784	151	191	372	1	40	0.0250000
NODE_164272_length_303_cov_3.460784	151	191	373	2	40	0.0500000
NODE_164272_length_303_cov_3.460784	151	191	375	3	40	0.0750000
NODE_164272_length_303_cov_3.460784	151	191	379	1	40	0.0250000
NODE_164272_length_303_cov_3.460784	151	191	381	1	40	0.0250000
NODE_164272_length_303_cov_3.460784	151	191	383	1	40	0.0250000
NODE_164272_length_303_cov_3.460784	151	191	384	1	40	0.0250000
NODE_164272_length_303_cov_3.460784	151	191	385	2	40	0.0500000
NODE_164283_length_303_cov_3.352941	77	146	0	50	69	0.7246377
NODE_164283_length_303_cov_3.352941	77	146	2	3	69	0.0434783
NODE_164283_length_303_cov_3.352941	77	146	4	16	69	0.2318841
NODE_164433_length_303_cov_2.284314	78	158	0	53	80	0.6625000
NODE_164433_length_303_cov_2.284314	78	158	2	27	80	0.3375000
NODE_164433_length_303_cov_2.284314	215	295	0	67	80	0.8375000
NODE_164433_length_303_cov_2.284314	215	295	2	13	80	0.1625000
NODE_164581_length_303_cov_1.848039	90	170	0	80	80	1.0000000
NODE_164581_length_303_cov_1.848039	143	223	0	80	80	1.0000000
NODE_164581_length_303_cov_1.848039	212	235	0	23	23	1.0000000
NODE_164668_length_303_cov_1.686275	62	88	0	26	26	1.0000000
NODE_164695_length_303_cov_1.583333	206	270	0	64	64	1.0000000
NODE_164800_length_303_cov_1.475490	155	221	0	66	66	1.0000000
NODE_164846_length_303_cov_1.392157	135	213	8	3	78	0.0384615
NODE_164846_length_303_cov_1.392157	135	213	10	75	78	0.9615384
NODE_164878_length_303_cov_1.318627	0	75	0	75	75	1.0000000
NODE_164974_length_303_cov_1.215686	278	297	0	19	19	1.0000000
NODE_165498_length_302_cov_10.852217	266	300	0	9	34	0.2647059
NODE_165498_length_302_cov_10.852217	266	300	4	21	34	0.6176471
NODE_165498_length_302_cov_10.852217	266	300	10	1	34	0.0294118
NODE_165498_length_302_cov_10.852217	266	300	11	3	34	0.0882353
NODE_165502_length_302_cov_7.896552	46	131	0	85	85	1.0000000
NODE_165502_length_302_cov_7.896552	104	160	0	56	56	1.0000000
NODE_165505_length_302_cov_7.266010	135	191	0	56	56	1.0000000
NODE_165507_length_302_cov_7.216749	93	149	2	28	56	0.5000000
NODE_165507_length_302_cov_7.216749	93	149	4	28	56	0.5000000
NODE_165507_length_302_cov_7.216749	155	226	2	45	71	0.6338028
NODE_165507_length_302_cov_7.216749	155	226	4	26	71	0.3661972
NODE_165517_length_302_cov_6.172414	179	243	0	10	64	0.1562500
NODE_165517_length_302_cov_6.172414	179	243	1	27	64	0.4218750
NODE_165517_length_302_cov_6.172414	179	243	2	27	64	0.4218750
NODE_165517_length_302_cov_6.172414	232	287	2	55	55	1.0000000
NODE_165528_length_302_cov_5.586207	221	293	2	9	72	0.1250000
NODE_165528_length_302_cov_5.586207	221	293	4	4	72	0.0555556
NODE_165528_length_302_cov_5.586207	221	293	6	17	72	0.2361111
NODE_165528_length_302_cov_5.586207	221	293	8	2	72	0.0277778
NODE_165528_length_302_cov_5.586207	221	293	10	4	72	0.0555556
NODE_165528_length_302_cov_5.586207	221	293	12	3	72	0.0416667
NODE_165528_length_302_cov_5.586207	221	293	16	1	72	0.0138889
NODE_165528_length_302_cov_5.586207	221	293	18	4	72	0.0555556
NODE_165528_length_302_cov_5.586207	221	293	20	3	72	0.0416667
NODE_165528_length_302_cov_5.586207	221	293	22	5	72	0.0694444
NODE_165528_length_302_cov_5.586207	221	293	24	8	72	0.1111111
NODE_165528_length_302_cov_5.586207	221	293	26	4	72	0.0555556
NODE_165528_length_302_cov_5.586207	221	293	28	7	72	0.0972222
NODE_165528_length_302_cov_5.586207	221	293	30	1	72	0.0138889
NODE_165641_length_302_cov_2.985222	104	186	7	1	82	0.0121951
NODE_165641_length_302_cov_2.985222	104	186	9	11	82	0.1341463
NODE_165641_length_302_cov_2.985222	104	186	11	36	82	0.4390244
NODE_165641_length_302_cov_2.985222	104	186	13	4	82	0.0487805
NODE_165641_length_302_cov_2.985222	104	186	15	30	82	0.3658537
NODE_165848_length_302_cov_2.009852	12	34	2	22	22	1.0000000
NODE_165934_length_302_cov_1.758621	98	152	0	5	54	0.0925926
NODE_165934_length_302_cov_1.758621	98	152	2	48	54	0.8888889
NODE_165934_length_302_cov_1.758621	98	152	3	1	54	0.0185185
NODE_165945_length_302_cov_1.758621	230	294	0	64	64	1.0000000
NODE_166007_length_302_cov_1.620690	172	232	4	20	60	0.3333333
NODE_166007_length_302_cov_1.620690	172	232	6	35	60	0.5833333
NODE_166007_length_302_cov_1.620690	172	232	8	1	60	0.0166667
NODE_166007_length_302_cov_1.620690	172	232	12	4	60	0.0666667
NODE_166007_length_302_cov_1.620690	225	277	2	3	52	0.0576923
NODE_166007_length_302_cov_1.620690	225	277	4	49	52	0.9423077
NODE_166320_length_302_cov_1.172414	34	103	0	69	69	1.0000000
NODE_166381_length_302_cov_1.044335	54	130	0	20	76	0.2631579
NODE_166381_length_302_cov_1.044335	54	130	2	56	76	0.7368421
NODE_166617_length_302_cov_0.847291	94	172	28	2	78	0.0256410
NODE_166617_length_302_cov_0.847291	94	172	29	2	78	0.0256410
NODE_166617_length_302_cov_0.847291	94	172	32	6	78	0.0769231
NODE_166617_length_302_cov_0.847291	94	172	37	2	78	0.0256410
NODE_166617_length_302_cov_0.847291	94	172	39	1	78	0.0128205
NODE_166617_length_302_cov_0.847291	94	172	41	7	78	0.0897436
NODE_166617_length_302_cov_0.847291	94	172	42	1	78	0.0128205
NODE_166617_length_302_cov_0.847291	94	172	44	1	78	0.0128205
NODE_166617_length_302_cov_0.847291	94	172	46	10	78	0.1282051
NODE_166617_length_302_cov_0.847291	94	172	48	7	78	0.0897436
NODE_166617_length_302_cov_0.847291	94	172	51	5	78	0.0641026
NODE_166617_length_302_cov_0.847291	94	172	57	3	78	0.0384615
NODE_166617_length_302_cov_0.847291	94	172	59	2	78	0.0256410
NODE_166617_length_302_cov_0.847291	94	172	63	3	78	0.0384615
NODE_166617_length_302_cov_0.847291	94	172	65	1	78	0.0128205
NODE_166617_length_302_cov_0.847291	94	172	67	7	78	0.0897436
NODE_166617_length_302_cov_0.847291	94	172	69	1	78	0.0128205
NODE_166617_length_302_cov_0.847291	94	172	72	3	78	0.0384615
NODE_166617_length_302_cov_0.847291	94	172	74	3	78	0.0384615
NODE_166617_length_302_cov_0.847291	94	172	76	1	78	0.0128205
NODE_166617_length_302_cov_0.847291	94	172	77	3	78	0.0384615
NODE_166617_length_302_cov_0.847291	94	172	80	1	78	0.0128205
NODE_166617_length_302_cov_0.847291	94	172	82	6	78	0.0769231
NODE_166617_length_302_cov_0.847291	94	172	28	2	78	0.0256410
NODE_166617_length_302_cov_0.847291	94	172	29	2	78	0.0256410
NODE_166617_length_302_cov_0.847291	94	172	32	6	78	0.0769231
NODE_166617_length_302_cov_0.847291	94	172	37	2	78	0.0256410
NODE_166617_length_302_cov_0.847291	94	172	39	1	78	0.0128205
NODE_166617_length_302_cov_0.847291	94	172	41	7	78	0.0897436
NODE_166617_length_302_cov_0.847291	94	172	42	1	78	0.0128205
NODE_166617_length_302_cov_0.847291	94	172	44	1	78	0.0128205
NODE_166617_length_302_cov_0.847291	94	172	46	10	78	0.1282051
NODE_166617_length_302_cov_0.847291	94	172	48	7	78	0.0897436
NODE_166617_length_302_cov_0.847291	94	172	51	5	78	0.0641026
NODE_166617_length_302_cov_0.847291	94	172	57	3	78	0.0384615
NODE_166617_length_302_cov_0.847291	94	172	59	2	78	0.0256410
NODE_166617_length_302_cov_0.847291	94	172	63	3	78	0.0384615
NODE_166617_length_302_cov_0.847291	94	172	65	1	78	0.0128205
NODE_166617_length_302_cov_0.847291	94	172	67	7	78	0.0897436
NODE_166617_length_302_cov_0.847291	94	172	69	1	78	0.0128205
NODE_166617_length_302_cov_0.847291	94	172	72	3	78	0.0384615
NODE_166617_length_302_cov_0.847291	94	172	74	3	78	0.0384615
NODE_166617_length_302_cov_0.847291	94	172	76	1	78	0.0128205
NODE_166617_length_302_cov_0.847291	94	172	77	3	78	0.0384615
NODE_166617_length_302_cov_0.847291	94	172	80	1	78	0.0128205
NODE_166617_length_302_cov_0.847291	94	172	82	6	78	0.0769231
NODE_166617_length_302_cov_0.847291	103	172	32	1	69	0.0144928
NODE_166617_length_302_cov_0.847291	103	172	37	2	69	0.0289855
NODE_166617_length_302_cov_0.847291	103	172	39	1	69	0.0144928
NODE_166617_length_302_cov_0.847291	103	172	41	7	69	0.1014493
NODE_166617_length_302_cov_0.847291	103	172	42	1	69	0.0144928
NODE_166617_length_302_cov_0.847291	103	172	44	1	69	0.0144928
NODE_166617_length_302_cov_0.847291	103	172	46	10	69	0.1449275
NODE_166617_length_302_cov_0.847291	103	172	48	7	69	0.1014493
NODE_166617_length_302_cov_0.847291	103	172	51	5	69	0.0724638
NODE_166617_length_302_cov_0.847291	103	172	57	3	69	0.0434783
NODE_166617_length_302_cov_0.847291	103	172	59	2	69	0.0289855
NODE_166617_length_302_cov_0.847291	103	172	63	3	69	0.0434783
NODE_166617_length_302_cov_0.847291	103	172	65	1	69	0.0144928
NODE_166617_length_302_cov_0.847291	103	172	67	7	69	0.1014493
NODE_166617_length_302_cov_0.847291	103	172	69	1	69	0.0144928
NODE_166617_length_302_cov_0.847291	103	172	72	3	69	0.0434783
NODE_166617_length_302_cov_0.847291	103	172	74	3	69	0.0434783
NODE_166617_length_302_cov_0.847291	103	172	76	1	69	0.0144928
NODE_166617_length_302_cov_0.847291	103	172	77	3	69	0.0434783
NODE_166617_length_302_cov_0.847291	103	172	80	1	69	0.0144928
NODE_166617_length_302_cov_0.847291	103	172	82	6	69	0.0869565
NODE_166638_length_302_cov_0.807882	97	177	0	80	80	1.0000000
NODE_166819_length_301_cov_6.960396	268	299	0	31	31	1.0000000
NODE_166827_length_301_cov_6.148515	214	283	0	69	69	1.0000000
NODE_166889_length_301_cov_3.747525	116	196	0	4	80	0.0500000
NODE_166889_length_301_cov_3.747525	116	196	2	36	80	0.4500000
NODE_166889_length_301_cov_3.747525	116	196	4	40	80	0.5000000
NODE_166904_length_301_cov_3.509901	217	277	2	1	60	0.0166667
NODE_166904_length_301_cov_3.509901	217	277	7	7	60	0.1166667
NODE_166904_length_301_cov_3.509901	217	277	9	4	60	0.0666667
NODE_166904_length_301_cov_3.509901	217	277	11	1	60	0.0166667
NODE_166904_length_301_cov_3.509901	217	277	12	1	60	0.0166667
NODE_166904_length_301_cov_3.509901	217	277	14	5	60	0.0833333
NODE_166904_length_301_cov_3.509901	217	277	16	1	60	0.0166667
NODE_166904_length_301_cov_3.509901	217	277	20	2	60	0.0333333
NODE_166904_length_301_cov_3.509901	217	277	22	5	60	0.0833333
NODE_166904_length_301_cov_3.509901	217	277	26	3	60	0.0500000
NODE_166904_length_301_cov_3.509901	217	277	27	3	60	0.0500000
NODE_166904_length_301_cov_3.509901	217	277	29	5	60	0.0833333
NODE_166904_length_301_cov_3.509901	217	277	30	3	60	0.0500000
NODE_166904_length_301_cov_3.509901	217	277	32	3	60	0.0500000
NODE_166904_length_301_cov_3.509901	217	277	36	1	60	0.0166667
NODE_166904_length_301_cov_3.509901	217	277	40	1	60	0.0166667
NODE_166904_length_301_cov_3.509901	217	277	42	2	60	0.0333333
NODE_166904_length_301_cov_3.509901	217	277	44	3	60	0.0500000
NODE_166904_length_301_cov_3.509901	217	277	48	1	60	0.0166667
NODE_166904_length_301_cov_3.509901	217	277	52	1	60	0.0166667
NODE_166904_length_301_cov_3.509901	217	277	59	1	60	0.0166667
NODE_166904_length_301_cov_3.509901	217	277	65	1	60	0.0166667
NODE_166904_length_301_cov_3.509901	217	277	71	1	60	0.0166667
NODE_166904_length_301_cov_3.509901	217	277	77	1	60	0.0166667
NODE_166904_length_301_cov_3.509901	217	277	79	2	60	0.0333333
NODE_166904_length_301_cov_3.509901	217	277	80	1	60	0.0166667
NODE_166993_length_301_cov_2.653465	133	213	0	53	80	0.6625000
NODE_166993_length_301_cov_2.653465	133	213	2	27	80	0.3375000
NODE_167126_length_301_cov_2.084158	178	258	52	1	80	0.0125000
NODE_167126_length_301_cov_2.084158	178	258	54	4	80	0.0500000
NODE_167126_length_301_cov_2.084158	178	258	56	1	80	0.0125000
NODE_167126_length_301_cov_2.084158	178	258	58	2	80	0.0250000
NODE_167126_length_301_cov_2.084158	178	258	60	1	80	0.0125000
NODE_167126_length_301_cov_2.084158	178	258	62	3	80	0.0375000
NODE_167126_length_301_cov_2.084158	178	258	66	1	80	0.0125000
NODE_167126_length_301_cov_2.084158	178	258	68	1	80	0.0125000
NODE_167126_length_301_cov_2.084158	178	258	70	3	80	0.0375000
NODE_167126_length_301_cov_2.084158	178	258	74	1	80	0.0125000
NODE_167126_length_301_cov_2.084158	178	258	78	1	80	0.0125000
NODE_167126_length_301_cov_2.084158	178	258	80	2	80	0.0250000
NODE_167126_length_301_cov_2.084158	178	258	84	2	80	0.0250000
NODE_167126_length_301_cov_2.084158	178	258	86	1	80	0.0125000
NODE_167126_length_301_cov_2.084158	178	258	88	3	80	0.0375000
NODE_167126_length_301_cov_2.084158	178	258	90	1	80	0.0125000
NODE_167126_length_301_cov_2.084158	178	258	92	12	80	0.1500000
NODE_167126_length_301_cov_2.084158	178	258	93	10	80	0.1250000
NODE_167126_length_301_cov_2.084158	178	258	94	1	80	0.0125000
NODE_167126_length_301_cov_2.084158	178	258	95	3	80	0.0375000
NODE_167126_length_301_cov_2.084158	178	258	97	7	80	0.0875000
NODE_167126_length_301_cov_2.084158	178	258	99	10	80	0.1250000
NODE_167126_length_301_cov_2.084158	178	258	101	9	80	0.1125000
NODE_167215_length_301_cov_1.831683	111	175	0	64	64	1.0000000
NODE_167215_length_301_cov_1.831683	164	228	0	64	64	1.0000000
NODE_167308_length_301_cov_1.603960	173	233	0	60	60	1.0000000
NODE_167313_length_301_cov_1.584158	30	108	0	47	78	0.6025641
NODE_167313_length_301_cov_1.584158	30	108	2	31	78	0.3974359
NODE_167434_length_301_cov_1.470297	90	165	0	75	75	1.0000000
NODE_167508_length_301_cov_1.326733	175	247	0	1	72	0.0138889
NODE_167508_length_301_cov_1.326733	175	247	2	6	72	0.0833333
NODE_167508_length_301_cov_1.326733	175	247	4	6	72	0.0833333
NODE_167508_length_301_cov_1.326733	175	247	6	16	72	0.2222222
NODE_167508_length_301_cov_1.326733	175	247	8	43	72	0.5972222
NODE_167612_length_301_cov_1.247525	29	73	0	44	44	1.0000000
NODE_167642_length_301_cov_1.183168	123	203	2	5	80	0.0625000
NODE_167642_length_301_cov_1.183168	123	203	4	11	80	0.1375000
NODE_167642_length_301_cov_1.183168	123	203	6	4	80	0.0500000
NODE_167642_length_301_cov_1.183168	123	203	8	5	80	0.0625000
NODE_167642_length_301_cov_1.183168	123	203	10	11	80	0.1375000
NODE_167642_length_301_cov_1.183168	123	203	14	1	80	0.0125000
NODE_167642_length_301_cov_1.183168	123	203	20	8	80	0.1000000
NODE_167642_length_301_cov_1.183168	123	203	24	4	80	0.0500000
NODE_167642_length_301_cov_1.183168	123	203	26	4	80	0.0500000
NODE_167642_length_301_cov_1.183168	123	203	32	2	80	0.0250000
NODE_167642_length_301_cov_1.183168	123	203	36	5	80	0.0625000
NODE_167642_length_301_cov_1.183168	123	203	38	1	80	0.0125000
NODE_167642_length_301_cov_1.183168	123	203	40	5	80	0.0625000
NODE_167642_length_301_cov_1.183168	123	203	42	14	80	0.1750000
NODE_167659_length_301_cov_1.163366	10	83	0	73	73	1.0000000
NODE_167659_length_301_cov_1.163366	91	121	0	30	30	1.0000000
NODE_167668_length_301_cov_1.148515	161	209	2	48	48	1.0000000
NODE_167880_length_301_cov_0.980198	242	297	0	55	55	1.0000000
NODE_167891_length_301_cov_0.960396	22	63	0	3	41	0.0731707
NODE_167891_length_301_cov_0.960396	22	63	2	38	41	0.9268293
NODE_168253_length_300_cov_3.402985	44	124	2	43	80	0.5375000
NODE_168253_length_300_cov_3.402985	44	124	4	17	80	0.2125000
NODE_168253_length_300_cov_3.402985	44	124	6	20	80	0.2500000
NODE_168253_length_300_cov_3.402985	97	177	2	13	80	0.1625000
NODE_168253_length_300_cov_3.402985	97	177	4	10	80	0.1250000
NODE_168253_length_300_cov_3.402985	97	177	6	57	80	0.7125000
NODE_168253_length_300_cov_3.402985	173	254	2	6	81	0.0740741
NODE_168253_length_300_cov_3.402985	173	254	4	39	81	0.4814815
NODE_168253_length_300_cov_3.402985	173	254	6	36	81	0.4444444
NODE_168253_length_300_cov_3.402985	233	300	2	11	67	0.1641791
NODE_168253_length_300_cov_3.402985	233	300	4	46	67	0.6865672
NODE_168253_length_300_cov_3.402985	233	300	6	10	67	0.1492537
NODE_168265_length_300_cov_3.298507	18	98	0	80	80	1.0000000
NODE_168360_length_300_cov_2.597015	110	182	16	3	72	0.0416667
NODE_168360_length_300_cov_2.597015	110	182	20	1	72	0.0138889
NODE_168360_length_300_cov_2.597015	110	182	24	68	72	0.9444444
NODE_168363_length_300_cov_2.572139	28	102	2	9	74	0.1216216
NODE_168363_length_300_cov_2.572139	28	102	3	4	74	0.0540541
NODE_168363_length_300_cov_2.572139	28	102	4	2	74	0.0270270
NODE_168363_length_300_cov_2.572139	28	102	5	4	74	0.0540541
NODE_168363_length_300_cov_2.572139	28	102	7	5	74	0.0675676
NODE_168363_length_300_cov_2.572139	28	102	9	4	74	0.0540541
NODE_168363_length_300_cov_2.572139	28	102	10	23	74	0.3108108
NODE_168363_length_300_cov_2.572139	28	102	12	4	74	0.0540541
NODE_168363_length_300_cov_2.572139	28	102	14	2	74	0.0270270
NODE_168363_length_300_cov_2.572139	28	102	16	4	74	0.0540541
NODE_168363_length_300_cov_2.572139	28	102	18	5	74	0.0675676
NODE_168363_length_300_cov_2.572139	28	102	20	8	74	0.1081081
NODE_168363_length_300_cov_2.572139	75	141	10	4	66	0.0606061
NODE_168363_length_300_cov_2.572139	75	141	12	4	66	0.0606061
NODE_168363_length_300_cov_2.572139	75	141	14	2	66	0.0303030
NODE_168363_length_300_cov_2.572139	75	141	16	4	66	0.0606061
NODE_168363_length_300_cov_2.572139	75	141	18	5	66	0.0757576
NODE_168363_length_300_cov_2.572139	75	141	20	8	66	0.1212121
NODE_168363_length_300_cov_2.572139	75	141	22	4	66	0.0606061
NODE_168363_length_300_cov_2.572139	75	141	24	1	66	0.0151515
NODE_168363_length_300_cov_2.572139	75	141	26	3	66	0.0454545
NODE_168363_length_300_cov_2.572139	75	141	28	31	66	0.4696970
NODE_168402_length_300_cov_2.417910	0	44	0	44	44	1.0000000
NODE_168459_length_300_cov_2.174129	117	197	0	31	80	0.3875000
NODE_168459_length_300_cov_2.174129	117	197	2	4	80	0.0500000
NODE_168459_length_300_cov_2.174129	117	197	4	6	80	0.0750000
NODE_168459_length_300_cov_2.174129	117	197	6	20	80	0.2500000
NODE_168459_length_300_cov_2.174129	117	197	8	16	80	0.2000000
NODE_168459_length_300_cov_2.174129	117	197	10	1	80	0.0125000
NODE_168459_length_300_cov_2.174129	117	197	12	2	80	0.0250000
NODE_168459_length_300_cov_2.174129	170	250	6	8	80	0.1000000
NODE_168459_length_300_cov_2.174129	170	250	8	16	80	0.2000000
NODE_168459_length_300_cov_2.174129	170	250	10	1	80	0.0125000
NODE_168459_length_300_cov_2.174129	170	250	12	16	80	0.2000000
NODE_168459_length_300_cov_2.174129	170	250	14	1	80	0.0125000
NODE_168459_length_300_cov_2.174129	170	250	16	1	80	0.0125000
NODE_168459_length_300_cov_2.174129	170	250	22	1	80	0.0125000
NODE_168459_length_300_cov_2.174129	170	250	24	1	80	0.0125000
NODE_168459_length_300_cov_2.174129	170	250	26	3	80	0.0375000
NODE_168459_length_300_cov_2.174129	170	250	28	1	80	0.0125000
NODE_168459_length_300_cov_2.174129	170	250	32	2	80	0.0250000
NODE_168459_length_300_cov_2.174129	170	250	34	7	80	0.0875000
NODE_168459_length_300_cov_2.174129	170	250	36	22	80	0.2750000
NODE_168459_length_300_cov_2.174129	216	296	26	3	80	0.0375000
NODE_168459_length_300_cov_2.174129	216	296	28	2	80	0.0250000
NODE_168459_length_300_cov_2.174129	216	296	32	2	80	0.0250000
NODE_168459_length_300_cov_2.174129	216	296	34	12	80	0.1500000
NODE_168459_length_300_cov_2.174129	216	296	36	61	80	0.7625000
NODE_168462_length_300_cov_2.164179	122	141	0	19	19	1.0000000
NODE_168479_length_300_cov_2.079602	127	207	0	8	80	0.1000000
NODE_168479_length_300_cov_2.079602	127	207	2	6	80	0.0750000
NODE_168479_length_300_cov_2.079602	127	207	4	66	80	0.8250000
NODE_168479_length_300_cov_2.079602	203	273	0	28	70	0.4000000
NODE_168479_length_300_cov_2.079602	203	273	2	13	70	0.1857143
NODE_168479_length_300_cov_2.079602	203	273	4	29	70	0.4142857
NODE_168541_length_300_cov_1.965174	15	86	0	71	71	1.0000000
NODE_168656_length_300_cov_1.731343	31	88	16	17	57	0.2982456
NODE_168656_length_300_cov_1.731343	31	88	18	40	57	0.7017544
NODE_168906_length_300_cov_1.268657	62	98	0	36	36	1.0000000
NODE_168906_length_300_cov_1.268657	151	186	0	35	35	1.0000000
NODE_169014_length_300_cov_1.104478	86	165	10	5	79	0.0632911
NODE_169014_length_300_cov_1.104478	86	165	12	13	79	0.1645570
NODE_169014_length_300_cov_1.104478	86	165	17	5	79	0.0632911
NODE_169014_length_300_cov_1.104478	86	165	18	26	79	0.3291139
NODE_169014_length_300_cov_1.104478	86	165	20	30	79	0.3797468
NODE_169053_length_300_cov_1.029851	110	177	3	1	67	0.0149254
NODE_169053_length_300_cov_1.029851	110	177	4	8	67	0.1194030
NODE_169053_length_300_cov_1.029851	110	177	6	9	67	0.1343284
NODE_169053_length_300_cov_1.029851	110	177	8	2	67	0.0298507
NODE_169053_length_300_cov_1.029851	110	177	10	47	67	0.7014925
NODE_169053_length_300_cov_1.029851	120	177	3	1	57	0.0175439
NODE_169053_length_300_cov_1.029851	120	177	4	8	57	0.1403509
NODE_169053_length_300_cov_1.029851	120	177	6	9	57	0.1578947
NODE_169053_length_300_cov_1.029851	120	177	8	2	57	0.0350877
NODE_169053_length_300_cov_1.029851	120	177	10	37	57	0.6491228
NODE_169378_length_300_cov_0.716418	191	210	0	19	19	1.0000000
NODE_169528_length_299_cov_4.435000	48	128	0	3	80	0.0375000
NODE_169528_length_299_cov_4.435000	48	128	2	8	80	0.1000000
NODE_169528_length_299_cov_4.435000	48	128	4	13	80	0.1625000
NODE_169528_length_299_cov_4.435000	48	128	6	29	80	0.3625000
NODE_169528_length_299_cov_4.435000	48	128	8	27	80	0.3375000
NODE_169528_length_299_cov_4.435000	101	167	6	21	66	0.3181818
NODE_169528_length_299_cov_4.435000	101	167	8	45	66	0.6818182
NODE_169567_length_299_cov_3.780000	114	181	0	67	67	1.0000000
NODE_169631_length_299_cov_3.095000	0	73	0	73	73	1.0000000
NODE_169631_length_299_cov_3.095000	0	20	0	20	20	1.0000000
NODE_169725_length_299_cov_2.495000	46	126	0	80	80	1.0000000
NODE_169725_length_299_cov_2.495000	99	179	0	80	80	1.0000000
NODE_169769_length_299_cov_2.275000	127	192	0	27	65	0.4153846
NODE_169769_length_299_cov_2.275000	127	192	4	38	65	0.5846154
NODE_169781_length_299_cov_2.250000	72	135	2	63	63	1.0000000
NODE_169781_length_299_cov_2.250000	108	188	0	41	80	0.5125000
NODE_169781_length_299_cov_2.250000	108	188	2	39	80	0.4875000
NODE_169811_length_299_cov_2.090000	25	105	0	1	80	0.0125000
NODE_169811_length_299_cov_2.090000	25	105	4	79	80	0.9875000
NODE_169888_length_299_cov_1.955000	173	214	16	15	41	0.3658537
NODE_169888_length_299_cov_1.955000	173	214	18	13	41	0.3170732
NODE_169888_length_299_cov_1.955000	173	214	21	4	41	0.0975610
NODE_169888_length_299_cov_1.955000	173	214	22	8	41	0.1951219
NODE_169888_length_299_cov_1.955000	173	214	24	1	41	0.0243902
NODE_169888_length_299_cov_1.955000	187	227	16	5	40	0.1250000
NODE_169888_length_299_cov_1.955000	187	227	18	11	40	0.2750000
NODE_169888_length_299_cov_1.955000	187	227	21	4	40	0.1000000
NODE_169888_length_299_cov_1.955000	187	227	22	7	40	0.1750000
NODE_169888_length_299_cov_1.955000	187	227	24	9	40	0.2250000
NODE_169888_length_299_cov_1.955000	187	227	26	4	40	0.1000000
NODE_169916_length_299_cov_1.885000	29	109	0	7	80	0.0875000
NODE_169916_length_299_cov_1.885000	29	109	2	6	80	0.0750000
NODE_169916_length_299_cov_1.885000	29	109	4	14	80	0.1750000
NODE_169916_length_299_cov_1.885000	29	109	6	3	80	0.0375000
NODE_169916_length_299_cov_1.885000	29	109	8	2	80	0.0250000
NODE_169916_length_299_cov_1.885000	29	109	10	12	80	0.1500000
NODE_169916_length_299_cov_1.885000	29	109	12	36	80	0.4500000
NODE_169920_length_299_cov_1.880000	204	236	0	32	32	1.0000000
NODE_169938_length_299_cov_1.840000	154	190	0	36	36	1.0000000
NODE_169995_length_299_cov_1.710000	211	291	0	80	80	1.0000000
NODE_170048_length_299_cov_1.550000	174	205	0	31	31	1.0000000
NODE_170501_length_299_cov_1.020000	42	115	0	73	73	1.0000000
NODE_170546_length_299_cov_1.020000	132	175	4	43	43	1.0000000
NODE_170620_length_299_cov_0.935000	173	216	8	43	43	1.0000000
NODE_170691_length_299_cov_0.765000	86	128	0	42	42	1.0000000
NODE_170887_length_298_cov_20.894472	70	150	0	80	80	1.0000000
NODE_170887_length_298_cov_20.894472	123	203	0	80	80	1.0000000
NODE_170888_length_298_cov_13.859296	228	298	0	1	70	0.0142857
NODE_170888_length_298_cov_13.859296	228	298	2	6	70	0.0857143
NODE_170888_length_298_cov_13.859296	228	298	3	20	70	0.2857143
NODE_170888_length_298_cov_13.859296	228	298	7	2	70	0.0285714
NODE_170888_length_298_cov_13.859296	228	298	9	7	70	0.1000000
NODE_170888_length_298_cov_13.859296	228	298	15	9	70	0.1285714
NODE_170888_length_298_cov_13.859296	228	298	17	25	70	0.3571429
NODE_170909_length_298_cov_5.859296	1	65	4	8	64	0.1250000
NODE_170909_length_298_cov_5.859296	1	65	6	7	64	0.1093750
NODE_170909_length_298_cov_5.859296	1	65	8	22	64	0.3437500
NODE_170909_length_298_cov_5.859296	1	65	9	27	64	0.4218750
NODE_170909_length_298_cov_5.859296	38	118	5	29	80	0.3625000
NODE_170909_length_298_cov_5.859296	38	118	7	1	80	0.0125000
NODE_170909_length_298_cov_5.859296	38	118	9	36	80	0.4500000
NODE_170909_length_298_cov_5.859296	38	118	11	14	80	0.1750000
NODE_170909_length_298_cov_5.859296	114	194	2	6	80	0.0750000
NODE_170909_length_298_cov_5.859296	114	194	3	1	80	0.0125000
NODE_170909_length_298_cov_5.859296	114	194	4	17	80	0.2125000
NODE_170909_length_298_cov_5.859296	114	194	5	9	80	0.1125000
NODE_170909_length_298_cov_5.859296	114	194	6	1	80	0.0125000
NODE_170909_length_298_cov_5.859296	114	194	8	17	80	0.2125000
NODE_170909_length_298_cov_5.859296	114	194	12	16	80	0.2000000
NODE_170909_length_298_cov_5.859296	114	194	16	12	80	0.1500000
NODE_170909_length_298_cov_5.859296	114	194	18	1	80	0.0125000
NODE_170909_length_298_cov_5.859296	167	238	12	14	71	0.1971831
NODE_170909_length_298_cov_5.859296	167	238	16	12	71	0.1690141
NODE_170909_length_298_cov_5.859296	167	238	18	7	71	0.0985916
NODE_170909_length_298_cov_5.859296	167	238	19	1	71	0.0140845
NODE_170909_length_298_cov_5.859296	167	238	20	37	71	0.5211267
NODE_170964_length_298_cov_3.829146	80	160	40	1	80	0.0125000
NODE_170964_length_298_cov_3.829146	80	160	42	4	80	0.0500000
NODE_170964_length_298_cov_3.829146	80	160	44	7	80	0.0875000
NODE_170964_length_298_cov_3.829146	80	160	49	2	80	0.0250000
NODE_170964_length_298_cov_3.829146	80	160	50	4	80	0.0500000
NODE_170964_length_298_cov_3.829146	80	160	51	1	80	0.0125000
NODE_170964_length_298_cov_3.829146	80	160	52	7	80	0.0875000
NODE_170964_length_298_cov_3.829146	80	160	53	1	80	0.0125000
NODE_170964_length_298_cov_3.829146	80	160	54	2	80	0.0250000
NODE_170964_length_298_cov_3.829146	80	160	62	5	80	0.0625000
NODE_170964_length_298_cov_3.829146	80	160	63	17	80	0.2125000
NODE_170964_length_298_cov_3.829146	80	160	65	2	80	0.0250000
NODE_170964_length_298_cov_3.829146	80	160	67	1	80	0.0125000
NODE_170964_length_298_cov_3.829146	80	160	68	3	80	0.0375000
NODE_170964_length_298_cov_3.829146	80	160	70	12	80	0.1500000
NODE_170964_length_298_cov_3.829146	80	160	72	6	80	0.0750000
NODE_170964_length_298_cov_3.829146	80	160	74	5	80	0.0625000
NODE_170964_length_298_cov_3.829146	133	213	25	1	80	0.0125000
NODE_170964_length_298_cov_3.829146	133	213	26	4	80	0.0500000
NODE_170964_length_298_cov_3.829146	133	213	28	15	80	0.1875000
NODE_170964_length_298_cov_3.829146	133	213	30	6	80	0.0750000
NODE_170964_length_298_cov_3.829146	133	213	31	1	80	0.0125000
NODE_170964_length_298_cov_3.829146	133	213	32	2	80	0.0250000
NODE_170964_length_298_cov_3.829146	133	213	36	1	80	0.0125000
NODE_170964_length_298_cov_3.829146	133	213	40	3	80	0.0375000
NODE_170964_length_298_cov_3.829146	133	213	42	6	80	0.0750000
NODE_170964_length_298_cov_3.829146	133	213	44	10	80	0.1250000
NODE_170964_length_298_cov_3.829146	133	213	46	4	80	0.0500000
NODE_170964_length_298_cov_3.829146	133	213	48	1	80	0.0125000
NODE_170964_length_298_cov_3.829146	133	213	49	2	80	0.0250000
NODE_170964_length_298_cov_3.829146	133	213	50	4	80	0.0500000
NODE_170964_length_298_cov_3.829146	133	213	51	1	80	0.0125000
NODE_170964_length_298_cov_3.829146	133	213	52	9	80	0.1125000
NODE_170964_length_298_cov_3.829146	133	213	53	7	80	0.0875000
NODE_170964_length_298_cov_3.829146	133	213	54	1	80	0.0125000
NODE_170964_length_298_cov_3.829146	133	213	55	1	80	0.0125000
NODE_170964_length_298_cov_3.829146	133	213	56	1	80	0.0125000
NODE_170968_length_298_cov_3.733668	203	283	0	32	80	0.4000000
NODE_170968_length_298_cov_3.733668	203	283	2	48	80	0.6000000
NODE_170972_length_298_cov_3.673367	117	175	2	26	58	0.4482759
NODE_170972_length_298_cov_3.673367	117	175	4	4	58	0.0689655
NODE_170972_length_298_cov_3.673367	117	175	12	2	58	0.0344828
NODE_170972_length_298_cov_3.673367	117	175	14	26	58	0.4482759
NODE_171043_length_298_cov_2.924623	159	239	2	66	80	0.8250000
NODE_171043_length_298_cov_2.924623	159	239	6	3	80	0.0375000
NODE_171043_length_298_cov_2.924623	159	239	10	2	80	0.0250000
NODE_171043_length_298_cov_2.924623	159	239	12	1	80	0.0125000
NODE_171043_length_298_cov_2.924623	159	239	14	2	80	0.0250000
NODE_171043_length_298_cov_2.924623	159	239	15	3	80	0.0375000
NODE_171043_length_298_cov_2.924623	159	239	17	3	80	0.0375000
NODE_171043_length_298_cov_2.924623	212	265	0	16	53	0.3018868
NODE_171043_length_298_cov_2.924623	212	265	2	37	53	0.6981132
NODE_171047_length_298_cov_2.854271	50	120	0	70	70	1.0000000
NODE_171082_length_298_cov_2.663317	87	167	0	80	80	1.0000000
NODE_171082_length_298_cov_2.663317	140	192	0	52	52	1.0000000
NODE_171191_length_298_cov_2.201005	112	166	0	54	54	1.0000000
NODE_171210_length_298_cov_2.120603	135	166	0	31	31	1.0000000
NODE_171226_length_298_cov_2.055276	69	132	0	9	63	0.1428571
NODE_171226_length_298_cov_2.055276	69	132	2	26	63	0.4126984
NODE_171226_length_298_cov_2.055276	69	132	4	12	63	0.1904762
NODE_171226_length_298_cov_2.055276	69	132	5	15	63	0.2380952
NODE_171226_length_298_cov_2.055276	69	132	6	1	63	0.0158730
NODE_171286_length_298_cov_2.025126	21	92	0	71	71	1.0000000
NODE_171356_length_298_cov_1.798995	0	67	2	14	67	0.2089552
NODE_171356_length_298_cov_1.798995	0	67	4	21	67	0.3134328
NODE_171356_length_298_cov_1.798995	0	67	8	2	67	0.0298507
NODE_171356_length_298_cov_1.798995	0	67	10	30	67	0.4477612
NODE_171356_length_298_cov_1.798995	40	106	6	1	66	0.0151515
NODE_171356_length_298_cov_1.798995	40	106	8	34	66	0.5151515
NODE_171356_length_298_cov_1.798995	40	106	10	31	66	0.4696970
NODE_171391_length_298_cov_1.788945	140	197	0	57	57	1.0000000
NODE_171415_length_298_cov_1.733668	56	91	12	2	35	0.0571429
NODE_171415_length_298_cov_1.733668	56	91	16	15	35	0.4285714
NODE_171415_length_298_cov_1.733668	56	91	18	7	35	0.2000000
NODE_171415_length_298_cov_1.733668	56	91	20	4	35	0.1142857
NODE_171415_length_298_cov_1.733668	56	91	24	7	35	0.2000000
NODE_171415_length_298_cov_1.733668	118	172	4	4	54	0.0740741
NODE_171415_length_298_cov_1.733668	118	172	6	5	54	0.0925926
NODE_171415_length_298_cov_1.733668	118	172	8	22	54	0.4074074
NODE_171415_length_298_cov_1.733668	118	172	12	2	54	0.0370370
NODE_171415_length_298_cov_1.733668	118	172	16	8	54	0.1481481
NODE_171415_length_298_cov_1.733668	118	172	18	10	54	0.1851852
NODE_171415_length_298_cov_1.733668	118	172	20	3	54	0.0555556
NODE_171505_length_298_cov_1.537688	101	154	0	53	53	1.0000000
NODE_172083_length_298_cov_0.829146	34	96	0	62	62	1.0000000
NODE_172330_length_297_cov_6.525253	100	122	0	22	22	1.0000000
NODE_172352_length_297_cov_4.888889	150	218	4	5	68	0.0735294
NODE_172352_length_297_cov_4.888889	150	218	5	2	68	0.0294118
NODE_172352_length_297_cov_4.888889	150	218	6	4	68	0.0588235
NODE_172352_length_297_cov_4.888889	150	218	8	2	68	0.0294118
NODE_172352_length_297_cov_4.888889	150	218	10	4	68	0.0588235
NODE_172352_length_297_cov_4.888889	150	218	11	1	68	0.0147059
NODE_172352_length_297_cov_4.888889	150	218	12	47	68	0.6911765
NODE_172352_length_297_cov_4.888889	150	218	14	3	68	0.0441176
NODE_172356_length_297_cov_4.671717	56	120	0	64	64	1.0000000
NODE_172422_length_297_cov_3.338384	96	176	0	16	80	0.2000000
NODE_172422_length_297_cov_3.338384	96	176	4	64	80	0.8000000
NODE_172422_length_297_cov_3.338384	149	198	0	38	49	0.7755102
NODE_172422_length_297_cov_3.338384	149	198	4	11	49	0.2244898
NODE_172447_length_297_cov_3.040404	0	55	0	55	55	1.0000000
NODE_172447_length_297_cov_3.040404	14	55	0	41	41	1.0000000
NODE_172447_length_297_cov_3.040404	65	119	0	54	54	1.0000000
NODE_172574_length_297_cov_2.308081	8	70	0	62	62	1.0000000
NODE_172606_length_297_cov_2.196970	219	259	99	2	40	0.0500000
NODE_172606_length_297_cov_2.196970	219	259	101	5	40	0.1250000
NODE_172606_length_297_cov_2.196970	219	259	107	2	40	0.0500000
NODE_172606_length_297_cov_2.196970	219	259	113	2	40	0.0500000
NODE_172606_length_297_cov_2.196970	219	259	119	1	40	0.0250000
NODE_172606_length_297_cov_2.196970	219	259	122	2	40	0.0500000
NODE_172606_length_297_cov_2.196970	219	259	124	3	40	0.0750000
NODE_172606_length_297_cov_2.196970	219	259	130	1	40	0.0250000
NODE_172606_length_297_cov_2.196970	219	259	136	1	40	0.0250000
NODE_172606_length_297_cov_2.196970	219	259	140	1	40	0.0250000
NODE_172606_length_297_cov_2.196970	219	259	144	2	40	0.0500000
NODE_172606_length_297_cov_2.196970	219	259	146	2	40	0.0500000
NODE_172606_length_297_cov_2.196970	219	259	149	1	40	0.0250000
NODE_172606_length_297_cov_2.196970	219	259	151	1	40	0.0250000
NODE_172606_length_297_cov_2.196970	219	259	153	1	40	0.0250000
NODE_172606_length_297_cov_2.196970	219	259	155	1	40	0.0250000
NODE_172606_length_297_cov_2.196970	219	259	161	4	40	0.1000000
NODE_172606_length_297_cov_2.196970	219	259	164	6	40	0.1500000
NODE_172606_length_297_cov_2.196970	219	259	168	2	40	0.0500000
NODE_172629_length_297_cov_2.106061	81	161	6	28	80	0.3500000
NODE_172629_length_297_cov_2.106061	81	161	8	52	80	0.6500000
NODE_172629_length_297_cov_2.106061	134	178	4	13	44	0.2954545
NODE_172629_length_297_cov_2.106061	134	178	6	26	44	0.5909091
NODE_172629_length_297_cov_2.106061	134	178	8	5	44	0.1136364
NODE_172668_length_297_cov_2.060606	46	76	0	30	30	1.0000000
NODE_172697_length_297_cov_2.010101	9	85	4	2	76	0.0263158
NODE_172697_length_297_cov_2.010101	9	85	6	34	76	0.4473684
NODE_172697_length_297_cov_2.010101	9	85	8	7	76	0.0921053
NODE_172697_length_297_cov_2.010101	9	85	10	27	76	0.3552631
NODE_172697_length_297_cov_2.010101	9	85	12	6	76	0.0789474
NODE_172783_length_297_cov_1.777778	168	208	7	7	40	0.1750000
NODE_172783_length_297_cov_1.777778	168	208	8	2	40	0.0500000
NODE_172783_length_297_cov_1.777778	168	208	9	8	40	0.2000000
NODE_172783_length_297_cov_1.777778	168	208	10	23	40	0.5750000
NODE_172855_length_297_cov_1.595960	175	255	11	5	80	0.0625000
NODE_172855_length_297_cov_1.595960	175	255	13	1	80	0.0125000
NODE_172855_length_297_cov_1.595960	175	255	15	7	80	0.0875000
NODE_172855_length_297_cov_1.595960	175	255	17	1	80	0.0125000
NODE_172855_length_297_cov_1.595960	175	255	18	1	80	0.0125000
NODE_172855_length_297_cov_1.595960	175	255	20	2	80	0.0250000
NODE_172855_length_297_cov_1.595960	175	255	22	3	80	0.0375000
NODE_172855_length_297_cov_1.595960	175	255	24	2	80	0.0250000
NODE_172855_length_297_cov_1.595960	175	255	26	11	80	0.1375000
NODE_172855_length_297_cov_1.595960	175	255	28	4	80	0.0500000
NODE_172855_length_297_cov_1.595960	175	255	30	10	80	0.1250000
NODE_172855_length_297_cov_1.595960	175	255	32	4	80	0.0500000
NODE_172855_length_297_cov_1.595960	175	255	35	3	80	0.0375000
NODE_172855_length_297_cov_1.595960	175	255	39	3	80	0.0375000
NODE_172855_length_297_cov_1.595960	175	255	41	1	80	0.0125000
NODE_172855_length_297_cov_1.595960	175	255	45	2	80	0.0250000
NODE_172855_length_297_cov_1.595960	175	255	47	6	80	0.0750000
NODE_172855_length_297_cov_1.595960	175	255	49	14	80	0.1750000
NODE_172862_length_297_cov_1.570707	100	177	2	43	77	0.5584416
NODE_172862_length_297_cov_1.570707	100	177	4	34	77	0.4415585
NODE_172863_length_297_cov_1.570707	194	275	0	81	81	1.0000000
NODE_173063_length_297_cov_1.338384	140	199	0	59	59	1.0000000
NODE_173136_length_297_cov_1.277778	39	115	0	76	76	1.0000000
NODE_173176_length_297_cov_1.196970	7	87	0	80	80	1.0000000
NODE_173176_length_297_cov_1.196970	60	116	0	56	56	1.0000000
NODE_173345_length_297_cov_1.030303	0	33	0	19	33	0.5757576
NODE_173345_length_297_cov_1.030303	0	33	2	14	33	0.4242424
NODE_173467_length_297_cov_0.888889	109	172	0	63	63	1.0000000
NODE_173520_length_297_cov_0.782828	24	104	0	4	80	0.0500000
NODE_173520_length_297_cov_0.782828	24	104	2	11	80	0.1375000
NODE_173520_length_297_cov_0.782828	24	104	4	65	80	0.8125000
NODE_173708_length_296_cov_41.390863	189	260	18	3	71	0.0422535
NODE_173708_length_296_cov_41.390863	189	260	19	3	71	0.0422535
NODE_173708_length_296_cov_41.390863	189	260	21	5	71	0.0704225
NODE_173708_length_296_cov_41.390863	189	260	22	2	71	0.0281690
NODE_173708_length_296_cov_41.390863	189	260	24	6	71	0.0845070
NODE_173708_length_296_cov_41.390863	189	260	25	13	71	0.1830986
NODE_173708_length_296_cov_41.390863	189	260	26	2	71	0.0281690
NODE_173708_length_296_cov_41.390863	189	260	28	12	71	0.1690141
NODE_173708_length_296_cov_41.390863	189	260	30	2	71	0.0281690
NODE_173708_length_296_cov_41.390863	189	260	32	23	71	0.3239437
NODE_173709_length_296_cov_34.776650	214	294	0	80	80	1.0000000
NODE_173758_length_296_cov_4.243655	14	54	4	40	40	1.0000000
NODE_173773_length_296_cov_3.954315	120	200	0	80	80	1.0000000
NODE_173787_length_296_cov_3.736041	6	46	0	40	40	1.0000000
NODE_173797_length_296_cov_3.619289	193	251	0	58	58	1.0000000
NODE_173797_length_296_cov_3.619289	246	296	0	50	50	1.0000000
NODE_173859_length_296_cov_3.015228	177	257	0	67	80	0.8375000
NODE_173859_length_296_cov_3.015228	177	257	2	13	80	0.1625000
NODE_173992_length_296_cov_2.309645	5	77	3	1	72	0.0138889
NODE_173992_length_296_cov_2.309645	5	77	4	1	72	0.0138889
NODE_173992_length_296_cov_2.309645	5	77	8	4	72	0.0555556
NODE_173992_length_296_cov_2.309645	5	77	12	1	72	0.0138889
NODE_173992_length_296_cov_2.309645	5	77	14	2	72	0.0277778
NODE_173992_length_296_cov_2.309645	5	77	16	3	72	0.0416667
NODE_173992_length_296_cov_2.309645	5	77	20	1	72	0.0138889
NODE_173992_length_296_cov_2.309645	5	77	24	4	72	0.0555556
NODE_173992_length_296_cov_2.309645	5	77	26	4	72	0.0555556
NODE_173992_length_296_cov_2.309645	5	77	27	1	72	0.0138889
NODE_173992_length_296_cov_2.309645	5	77	29	3	72	0.0416667
NODE_173992_length_296_cov_2.309645	5	77	31	3	72	0.0416667
NODE_173992_length_296_cov_2.309645	5	77	33	2	72	0.0277778
NODE_173992_length_296_cov_2.309645	5	77	35	6	72	0.0833333
NODE_173992_length_296_cov_2.309645	5	77	37	9	72	0.1250000
NODE_173992_length_296_cov_2.309645	5	77	39	1	72	0.0138889
NODE_173992_length_296_cov_2.309645	5	77	40	23	72	0.3194444
NODE_173992_length_296_cov_2.309645	5	77	42	3	72	0.0416667
NODE_173992_length_296_cov_2.309645	50	130	39	1	80	0.0125000
NODE_173992_length_296_cov_2.309645	50	130	40	31	80	0.3875000
NODE_173992_length_296_cov_2.309645	50	130	42	13	80	0.1625000
NODE_173992_length_296_cov_2.309645	50	130	46	2	80	0.0250000
NODE_173992_length_296_cov_2.309645	50	130	48	13	80	0.1625000
NODE_173992_length_296_cov_2.309645	50	130	50	1	80	0.0125000
NODE_173992_length_296_cov_2.309645	50	130	54	16	80	0.2000000
NODE_173992_length_296_cov_2.309645	50	130	56	3	80	0.0375000
NODE_174040_length_296_cov_2.081218	90	139	2	48	49	0.9795918
NODE_174040_length_296_cov_2.081218	90	139	4	1	49	0.0204082
NODE_174167_length_296_cov_1.807107	199	246	0	47	47	1.0000000
NODE_174167_length_296_cov_1.807107	219	296	0	77	77	1.0000000
NODE_174213_length_296_cov_1.670051	28	103	4	11	75	0.1466667
NODE_174213_length_296_cov_1.670051	28	103	6	9	75	0.1200000
NODE_174213_length_296_cov_1.670051	28	103	8	21	75	0.2800000
NODE_174213_length_296_cov_1.670051	28	103	10	34	75	0.4533333
NODE_174274_length_296_cov_1.553299	102	179	0	68	77	0.8831169
NODE_174274_length_296_cov_1.553299	102	179	2	9	77	0.1168831
NODE_174274_length_296_cov_1.553299	160	179	0	10	19	0.5263158
NODE_174274_length_296_cov_1.553299	160	179	2	9	19	0.4736842
NODE_174438_length_296_cov_1.319797	82	162	4	52	80	0.6500000
NODE_174438_length_296_cov_1.319797	82	162	6	28	80	0.3500000
NODE_174438_length_296_cov_1.319797	135	205	2	18	70	0.2571429
NODE_174438_length_296_cov_1.319797	135	205	4	52	70	0.7428572
NODE_174545_length_296_cov_1.258883	222	280	0	58	58	1.0000000
NODE_174554_length_296_cov_1.238579	90	147	8	12	57	0.2105263
NODE_174554_length_296_cov_1.238579	90	147	10	37	57	0.6491228
NODE_174554_length_296_cov_1.238579	90	147	12	8	57	0.1403509
NODE_174614_length_296_cov_1.116751	130	169	6	15	39	0.3846154
NODE_174614_length_296_cov_1.116751	130	169	8	6	39	0.1538462
NODE_174614_length_296_cov_1.116751	130	169	10	1	39	0.0256410
NODE_174614_length_296_cov_1.116751	130	169	14	3	39	0.0769231
NODE_174614_length_296_cov_1.116751	130	169	18	14	39	0.3589744
NODE_175210_length_295_cov_4.290816	2	70	0	68	68	1.0000000
NODE_175210_length_295_cov_4.290816	55	123	0	68	68	1.0000000
NODE_175220_length_295_cov_4.040816	119	165	0	10	46	0.2173913
NODE_175220_length_295_cov_4.040816	119	165	2	36	46	0.7826087
NODE_175258_length_295_cov_3.576531	130	198	0	68	68	1.0000000
NODE_175324_length_295_cov_2.918367	0	77	0	77	77	1.0000000
NODE_175416_length_295_cov_2.454082	216	277	5	61	61	1.0000000
NODE_175475_length_295_cov_2.224490	11	91	8	1	80	0.0125000
NODE_175475_length_295_cov_2.224490	11	91	10	1	80	0.0125000
NODE_175475_length_295_cov_2.224490	11	91	12	16	80	0.2000000
NODE_175475_length_295_cov_2.224490	11	91	14	2	80	0.0250000
NODE_175475_length_295_cov_2.224490	11	91	16	60	80	0.7500000
NODE_175483_length_295_cov_2.183673	93	151	0	2	58	0.0344828
NODE_175483_length_295_cov_2.183673	93	151	2	5	58	0.0862069
NODE_175483_length_295_cov_2.183673	93	151	3	2	58	0.0344828
NODE_175483_length_295_cov_2.183673	93	151	5	4	58	0.0689655
NODE_175483_length_295_cov_2.183673	93	151	7	1	58	0.0172414
NODE_175483_length_295_cov_2.183673	93	151	10	2	58	0.0344828
NODE_175483_length_295_cov_2.183673	93	151	11	4	58	0.0689655
NODE_175483_length_295_cov_2.183673	93	151	12	6	58	0.1034483
NODE_175483_length_295_cov_2.183673	93	151	18	3	58	0.0517241
NODE_175483_length_295_cov_2.183673	93	151	19	2	58	0.0344828
NODE_175483_length_295_cov_2.183673	93	151	23	12	58	0.2068966
NODE_175483_length_295_cov_2.183673	93	151	26	1	58	0.0172414
NODE_175483_length_295_cov_2.183673	93	151	28	14	58	0.2413793
NODE_175483_length_295_cov_2.183673	124	204	23	12	80	0.1500000
NODE_175483_length_295_cov_2.183673	124	204	26	1	80	0.0125000
NODE_175483_length_295_cov_2.183673	124	204	28	23	80	0.2875000
NODE_175483_length_295_cov_2.183673	124	204	30	18	80	0.2250000
NODE_175483_length_295_cov_2.183673	124	204	31	11	80	0.1375000
NODE_175483_length_295_cov_2.183673	124	204	32	15	80	0.1875000
NODE_175597_length_295_cov_1.867347	191	239	14	1	48	0.0208333
NODE_175597_length_295_cov_1.867347	191	239	16	47	48	0.9791667
NODE_175598_length_295_cov_1.862245	225	285	0	60	60	1.0000000
NODE_175721_length_295_cov_1.596939	173	254	8	32	81	0.3950617
NODE_175721_length_295_cov_1.596939	173	254	10	7	81	0.0864198
NODE_175721_length_295_cov_1.596939	173	254	12	2	81	0.0246914
NODE_175721_length_295_cov_1.596939	173	254	14	40	81	0.4938272
NODE_175804_length_295_cov_1.520408	217	282	0	6	65	0.0923077
NODE_175804_length_295_cov_1.520408	217	282	2	10	65	0.1538462
NODE_175804_length_295_cov_1.520408	217	282	3	28	65	0.4307692
NODE_175804_length_295_cov_1.520408	217	282	4	21	65	0.3230769
NODE_175930_length_295_cov_1.301020	99	121	0	22	22	1.0000000
NODE_176250_length_295_cov_0.938776	200	247	2	35	47	0.7446808
NODE_176250_length_295_cov_0.938776	200	247	3	12	47	0.2553191
NODE_176367_length_295_cov_0.780612	24	44	0	20	20	1.0000000
NODE_176436_length_295_cov_0.724490	6	87	0	81	81	1.0000000
NODE_176436_length_295_cov_0.724490	83	163	0	11	80	0.1375000
NODE_176436_length_295_cov_0.724490	83	163	2	69	80	0.8625000
NODE_176436_length_295_cov_0.724490	136	216	0	48	80	0.6000000
NODE_176436_length_295_cov_0.724490	136	216	2	32	80	0.4000000
NODE_176547_length_294_cov_83.882051	143	173	0	30	30	1.0000000
NODE_176547_length_294_cov_83.882051	209	239	0	30	30	1.0000000
NODE_176549_length_294_cov_50.589744	187	258	35	3	71	0.0422535
NODE_176549_length_294_cov_50.589744	187	258	37	2	71	0.0281690
NODE_176549_length_294_cov_50.589744	187	258	39	1	71	0.0140845
NODE_176549_length_294_cov_50.589744	187	258	41	2	71	0.0281690
NODE_176549_length_294_cov_50.589744	187	258	42	1	71	0.0140845
NODE_176549_length_294_cov_50.589744	187	258	43	6	71	0.0845070
NODE_176549_length_294_cov_50.589744	187	258	69	3	71	0.0422535
NODE_176549_length_294_cov_50.589744	187	258	73	1	71	0.0140845
NODE_176549_length_294_cov_50.589744	187	258	78	3	71	0.0422535
NODE_176549_length_294_cov_50.589744	187	258	84	4	71	0.0563380
NODE_176549_length_294_cov_50.589744	187	258	86	1	71	0.0140845
NODE_176549_length_294_cov_50.589744	187	258	92	1	71	0.0140845
NODE_176549_length_294_cov_50.589744	187	258	94	1	71	0.0140845
NODE_176549_length_294_cov_50.589744	187	258	97	7	71	0.0985916
NODE_176549_length_294_cov_50.589744	187	258	99	1	71	0.0140845
NODE_176549_length_294_cov_50.589744	187	258	101	1	71	0.0140845
NODE_176549_length_294_cov_50.589744	187	258	102	1	71	0.0140845
NODE_176549_length_294_cov_50.589744	187	258	103	2	71	0.0281690
NODE_176549_length_294_cov_50.589744	187	258	105	1	71	0.0140845
NODE_176549_length_294_cov_50.589744	187	258	110	1	71	0.0140845
NODE_176549_length_294_cov_50.589744	187	258	112	2	71	0.0281690
NODE_176549_length_294_cov_50.589744	187	258	114	2	71	0.0281690
NODE_176549_length_294_cov_50.589744	187	258	118	1	71	0.0140845
NODE_176549_length_294_cov_50.589744	187	258	120	2	71	0.0281690
NODE_176549_length_294_cov_50.589744	187	258	122	1	71	0.0140845
NODE_176549_length_294_cov_50.589744	187	258	127	1	71	0.0140845
NODE_176549_length_294_cov_50.589744	187	258	133	1	71	0.0140845
NODE_176549_length_294_cov_50.589744	187	258	135	3	71	0.0422535
NODE_176549_length_294_cov_50.589744	187	258	141	1	71	0.0140845
NODE_176549_length_294_cov_50.589744	187	258	144	1	71	0.0140845
NODE_176549_length_294_cov_50.589744	187	258	153	2	71	0.0281690
NODE_176549_length_294_cov_50.589744	187	258	155	2	71	0.0281690
NODE_176549_length_294_cov_50.589744	187	258	156	1	71	0.0140845
NODE_176549_length_294_cov_50.589744	187	258	158	1	71	0.0140845
NODE_176549_length_294_cov_50.589744	187	258	159	1	71	0.0140845
NODE_176549_length_294_cov_50.589744	187	258	161	2	71	0.0281690
NODE_176549_length_294_cov_50.589744	187	258	168	1	71	0.0140845
NODE_176549_length_294_cov_50.589744	187	258	169	1	71	0.0140845
NODE_176549_length_294_cov_50.589744	187	258	173	2	71	0.0281690
NODE_176561_length_294_cov_6.676923	61	138	0	77	77	1.0000000
NODE_176596_length_294_cov_4.538462	127	214	4	22	87	0.2528736
NODE_176596_length_294_cov_4.538462	127	214	6	36	87	0.4137931
NODE_176596_length_294_cov_4.538462	127	214	8	29	87	0.3333333
NODE_176598_length_294_cov_4.512821	218	248	0	30	30	1.0000000
NODE_176600_length_294_cov_4.497436	159	200	0	41	41	1.0000000
NODE_176697_length_294_cov_2.953846	114	194	2	6	80	0.0750000
NODE_176697_length_294_cov_2.953846	114	194	4	16	80	0.2000000
NODE_176697_length_294_cov_2.953846	114	194	6	15	80	0.1875000
NODE_176697_length_294_cov_2.953846	114	194	8	10	80	0.1250000
NODE_176697_length_294_cov_2.953846	114	194	10	33	80	0.4125000
NODE_176727_length_294_cov_2.764103	103	183	4	67	80	0.8375000
NODE_176727_length_294_cov_2.764103	103	183	6	13	80	0.1625000
NODE_176727_length_294_cov_2.764103	156	236	2	38	80	0.4750000
NODE_176727_length_294_cov_2.764103	156	236	4	27	80	0.3375000
NODE_176727_length_294_cov_2.764103	156	236	6	15	80	0.1875000
NODE_176728_length_294_cov_2.764103	224	282	0	22	58	0.3793103
NODE_176728_length_294_cov_2.764103	224	282	2	32	58	0.5517241
NODE_176728_length_294_cov_2.764103	224	282	3	1	58	0.0172414
NODE_176728_length_294_cov_2.764103	224	282	5	1	58	0.0172414
NODE_176728_length_294_cov_2.764103	224	282	7	2	58	0.0344828
NODE_176728_length_294_cov_2.764103	225	277	0	17	52	0.3269231
NODE_176728_length_294_cov_2.764103	225	277	2	32	52	0.6153846
NODE_176728_length_294_cov_2.764103	225	277	3	1	52	0.0192308
NODE_176728_length_294_cov_2.764103	225	277	5	1	52	0.0192308
NODE_176728_length_294_cov_2.764103	225	277	7	1	52	0.0192308
NODE_176735_length_294_cov_2.697436	204	261	4	57	57	1.0000000
NODE_176735_length_294_cov_2.697436	234	294	0	3	60	0.0500000
NODE_176735_length_294_cov_2.697436	234	294	2	17	60	0.2833333
NODE_176735_length_294_cov_2.697436	234	294	4	40	60	0.6666667
NODE_176779_length_294_cov_2.517949	23	85	14	21	62	0.3387097
NODE_176779_length_294_cov_2.517949	23	85	16	4	62	0.0645161
NODE_176779_length_294_cov_2.517949	23	85	18	37	62	0.5967742
NODE_176816_length_294_cov_2.353846	129	167	14	9	38	0.2368421
NODE_176816_length_294_cov_2.353846	129	167	16	29	38	0.7631579
NODE_176833_length_294_cov_2.338462	133	213	6	19	80	0.2375000
NODE_176833_length_294_cov_2.338462	133	213	7	1	80	0.0125000
NODE_176833_length_294_cov_2.338462	133	213	8	12	80	0.1500000
NODE_176833_length_294_cov_2.338462	133	213	10	4	80	0.0500000
NODE_176833_length_294_cov_2.338462	133	213	12	5	80	0.0625000
NODE_176833_length_294_cov_2.338462	133	213	14	2	80	0.0250000
NODE_176833_length_294_cov_2.338462	133	213	16	24	80	0.3000000
NODE_176833_length_294_cov_2.338462	133	213	17	9	80	0.1125000
NODE_176833_length_294_cov_2.338462	133	213	18	4	80	0.0500000
NODE_176943_length_294_cov_2.046154	219	269	0	50	50	1.0000000
NODE_176957_length_294_cov_2.010256	191	235	0	44	44	1.0000000
NODE_176999_length_294_cov_1.902564	52	83	4	14	31	0.4516129
NODE_176999_length_294_cov_1.902564	52	83	6	17	31	0.5483871
NODE_177102_length_294_cov_1.692308	46	112	2	63	66	0.9545454
NODE_177102_length_294_cov_1.692308	46	112	4	3	66	0.0454545
NODE_177187_length_294_cov_1.569231	49	95	2	46	46	1.0000000
NODE_177252_length_294_cov_1.482051	28	108	2	80	80	1.0000000
NODE_177252_length_294_cov_1.482051	201	281	8	80	80	1.0000000
NODE_177252_length_294_cov_1.482051	201	281	8	80	80	1.0000000
NODE_177298_length_294_cov_1.420513	216	262	0	46	46	1.0000000
NODE_177298_length_294_cov_1.420513	235	294	0	59	59	1.0000000
NODE_177972_length_294_cov_0.666667	245	293	0	48	48	1.0000000
NODE_178066_length_293_cov_6.257732	167	247	2	80	80	1.0000000
NODE_178161_length_293_cov_3.567010	50	130	4	71	80	0.8875000
NODE_178161_length_293_cov_3.567010	50	130	6	9	80	0.1125000
NODE_178226_length_293_cov_2.907216	218	281	0	12	63	0.1904762
NODE_178226_length_293_cov_2.907216	218	281	6	51	63	0.8095238
NODE_178246_length_293_cov_2.768041	95	175	0	80	80	1.0000000
NODE_178246_length_293_cov_2.768041	148	228	0	80	80	1.0000000
NODE_178268_length_293_cov_2.628866	207	266	0	59	59	1.0000000
NODE_178277_length_293_cov_2.623711	182	223	6	12	41	0.2926829
NODE_178277_length_293_cov_2.623711	182	223	8	24	41	0.5853658
NODE_178277_length_293_cov_2.623711	182	223	10	5	41	0.1219512
NODE_178299_length_293_cov_2.561856	139	192	6	3	53	0.0566038
NODE_178299_length_293_cov_2.561856	139	192	8	35	53	0.6603774
NODE_178299_length_293_cov_2.561856	139	192	12	1	53	0.0188679
NODE_178299_length_293_cov_2.561856	139	192	14	3	53	0.0566038
NODE_178299_length_293_cov_2.561856	139	192	16	11	53	0.2075472
NODE_178299_length_293_cov_2.561856	177	223	12	1	46	0.0217391
NODE_178299_length_293_cov_2.561856	177	223	14	3	46	0.0652174
NODE_178299_length_293_cov_2.561856	177	223	16	42	46	0.9130435
NODE_178317_length_293_cov_2.448454	98	158	0	60	60	1.0000000
NODE_178351_length_293_cov_2.335052	62	91	2	29	29	1.0000000
NODE_178357_length_293_cov_2.314433	35	89	0	36	54	0.6666667
NODE_178357_length_293_cov_2.314433	35	89	2	8	54	0.1481481
NODE_178357_length_293_cov_2.314433	35	89	4	5	54	0.0925926
NODE_178357_length_293_cov_2.314433	35	89	6	5	54	0.0925926
NODE_178523_length_293_cov_1.840206	27	107	0	3	80	0.0375000
NODE_178523_length_293_cov_1.840206	27	107	2	77	80	0.9625000
NODE_178523_length_293_cov_1.840206	80	160	2	80	80	1.0000000
NODE_178560_length_293_cov_1.804124	144	173	14	2	29	0.0689655
NODE_178560_length_293_cov_1.804124	144	173	16	6	29	0.2068966
NODE_178560_length_293_cov_1.804124	144	173	22	1	29	0.0344828
NODE_178560_length_293_cov_1.804124	144	173	24	20	29	0.6896552
NODE_178570_length_293_cov_1.778351	224	258	0	34	34	1.0000000
NODE_178646_length_293_cov_1.577320	158	177	0	19	19	1.0000000
NODE_178692_length_293_cov_1.577320	161	225	4	5	64	0.0781250
NODE_178692_length_293_cov_1.577320	161	225	6	59	64	0.9218750
NODE_178693_length_293_cov_1.577320	15	55	0	40	40	1.0000000
NODE_178788_length_293_cov_1.402062	3	72	0	69	69	1.0000000
NODE_178822_length_293_cov_1.319588	202	268	0	66	66	1.0000000
NODE_178927_length_293_cov_1.226804	84	141	0	57	57	1.0000000
NODE_179542_length_292_cov_4.523316	240	290	0	50	50	1.0000000
NODE_179552_length_292_cov_4.145078	106	186	0	10	80	0.1250000
NODE_179552_length_292_cov_4.145078	106	186	2	19	80	0.2375000
NODE_179552_length_292_cov_4.145078	106	186	8	15	80	0.1875000
NODE_179552_length_292_cov_4.145078	106	186	15	2	80	0.0250000
NODE_179552_length_292_cov_4.145078	106	186	16	34	80	0.4250000
NODE_179604_length_292_cov_3.502591	129	205	2	6	76	0.0789474
NODE_179604_length_292_cov_3.502591	129	205	3	4	76	0.0526316
NODE_179604_length_292_cov_3.502591	129	205	5	2	76	0.0263158
NODE_179604_length_292_cov_3.502591	129	205	7	13	76	0.1710526
NODE_179604_length_292_cov_3.502591	129	205	8	23	76	0.3026316
NODE_179604_length_292_cov_3.502591	129	205	10	28	76	0.3684210
NODE_179613_length_292_cov_3.435233	176	200	2	24	24	1.0000000
NODE_179621_length_292_cov_3.341969	70	150	4	80	80	1.0000000
NODE_179621_length_292_cov_3.341969	118	175	1	1	57	0.0175439
NODE_179621_length_292_cov_3.341969	118	175	2	23	57	0.4035088
NODE_179621_length_292_cov_3.341969	118	175	4	33	57	0.5789474
NODE_179627_length_292_cov_3.222798	47	127	0	80	80	1.0000000
NODE_179627_length_292_cov_3.222798	100	129	0	29	29	1.0000000
NODE_179819_length_292_cov_2.238342	211	290	0	5	79	0.0632911
NODE_179819_length_292_cov_2.238342	211	290	2	74	79	0.9367089
NODE_179943_length_292_cov_1.865285	34	114	18	1	80	0.0125000
NODE_179943_length_292_cov_1.865285	34	114	20	38	80	0.4750000
NODE_179943_length_292_cov_1.865285	34	114	22	41	80	0.5125000
NODE_179943_length_292_cov_1.865285	87	167	10	10	80	0.1250000
NODE_179943_length_292_cov_1.865285	87	167	11	1	80	0.0125000
NODE_179943_length_292_cov_1.865285	87	167	12	3	80	0.0375000
NODE_179943_length_292_cov_1.865285	87	167	13	7	80	0.0875000
NODE_179943_length_292_cov_1.865285	87	167	15	4	80	0.0500000
NODE_179943_length_292_cov_1.865285	87	167	16	4	80	0.0500000
NODE_179943_length_292_cov_1.865285	87	167	18	2	80	0.0250000
NODE_179943_length_292_cov_1.865285	87	167	20	33	80	0.4125000
NODE_179943_length_292_cov_1.865285	87	167	22	13	80	0.1625000
NODE_179943_length_292_cov_1.865285	87	167	24	3	80	0.0375000
NODE_180013_length_292_cov_1.761658	174	254	0	80	80	1.0000000
NODE_180029_length_292_cov_1.699482	0	80	0	52	80	0.6500000
NODE_180029_length_292_cov_1.699482	0	80	2	5	80	0.0625000
NODE_180029_length_292_cov_1.699482	0	80	4	21	80	0.2625000
NODE_180029_length_292_cov_1.699482	0	80	6	2	80	0.0250000
NODE_180068_length_292_cov_1.611399	89	157	2	68	68	1.0000000
NODE_180210_length_292_cov_1.455959	72	115	4	43	43	1.0000000
NODE_180210_length_292_cov_1.455959	203	265	0	62	62	1.0000000
NODE_180302_length_292_cov_1.321244	102	182	0	48	80	0.6000000
NODE_180302_length_292_cov_1.321244	102	182	2	32	80	0.4000000
NODE_180302_length_292_cov_1.321244	155	217	0	62	62	1.0000000
NODE_180968_length_291_cov_45.031250	71	145	18	6	74	0.0810811
NODE_180968_length_291_cov_45.031250	71	145	20	15	74	0.2027027
NODE_180968_length_291_cov_45.031250	71	145	24	10	74	0.1351351
NODE_180968_length_291_cov_45.031250	71	145	28	15	74	0.2027027
NODE_180968_length_291_cov_45.031250	71	145	30	28	74	0.3783784
NODE_180968_length_291_cov_45.031250	71	145	18	6	74	0.0810811
NODE_180968_length_291_cov_45.031250	71	145	20	15	74	0.2027027
NODE_180968_length_291_cov_45.031250	71	145	24	10	74	0.1351351
NODE_180968_length_291_cov_45.031250	71	145	28	15	74	0.2027027
NODE_180968_length_291_cov_45.031250	71	145	30	28	74	0.3783784
NODE_180968_length_291_cov_45.031250	118	184	14	4	66	0.0606061
NODE_180968_length_291_cov_45.031250	118	184	15	8	66	0.1212121
NODE_180968_length_291_cov_45.031250	118	184	16	10	66	0.1515152
NODE_180968_length_291_cov_45.031250	118	184	17	13	66	0.1969697
NODE_180968_length_291_cov_45.031250	118	184	18	6	66	0.0909091
NODE_180968_length_291_cov_45.031250	118	184	20	15	66	0.2272727
NODE_180968_length_291_cov_45.031250	118	184	23	3	66	0.0454545
NODE_180968_length_291_cov_45.031250	118	184	24	6	66	0.0909091
NODE_180968_length_291_cov_45.031250	118	184	25	1	66	0.0151515
NODE_180969_length_291_cov_14.791667	125	205	0	80	80	1.0000000
NODE_180969_length_291_cov_14.791667	178	258	0	80	80	1.0000000
NODE_180983_length_291_cov_5.536458	97	169	0	72	72	1.0000000
NODE_180986_length_291_cov_5.401042	77	130	0	10	53	0.1886792
NODE_180986_length_291_cov_5.401042	77	130	4	43	53	0.8113208
NODE_180998_length_291_cov_4.859375	185	257	2	2	72	0.0277778
NODE_180998_length_291_cov_4.859375	185	257	4	17	72	0.2361111
NODE_180998_length_291_cov_4.859375	185	257	8	18	72	0.2500000
NODE_180998_length_291_cov_4.859375	185	257	10	35	72	0.4861111
NODE_181043_length_291_cov_3.723958	196	276	0	80	80	1.0000000
NODE_181057_length_291_cov_3.531250	129	152	6	23	23	1.0000000
NODE_181191_length_291_cov_2.390625	18	80	0	62	62	1.0000000
NODE_181272_length_291_cov_2.125000	70	117	0	1	47	0.0212766
NODE_181272_length_291_cov_2.125000	70	117	6	46	47	0.9787234
NODE_181391_length_291_cov_1.859375	197	228	0	31	31	1.0000000
NODE_181497_length_291_cov_1.593750	144	175	4	31	31	1.0000000
NODE_181530_length_291_cov_1.593750	206	281	0	75	75	1.0000000
NODE_181599_length_291_cov_1.552083	189	269	2	8	80	0.1000000
NODE_181599_length_291_cov_1.552083	189	269	4	12	80	0.1500000
NODE_181599_length_291_cov_1.552083	189	269	6	60	80	0.7500000
NODE_181615_length_291_cov_1.520833	180	258	0	63	78	0.8076923
NODE_181615_length_291_cov_1.520833	180	258	2	15	78	0.1923077
NODE_181623_length_291_cov_1.510417	245	291	0	46	46	1.0000000
NODE_181696_length_291_cov_1.385417	80	120	0	40	40	1.0000000
NODE_181791_length_291_cov_1.322917	70	96	0	26	26	1.0000000
NODE_181799_length_291_cov_1.307292	108	188	2	36	80	0.4500000
NODE_181799_length_291_cov_1.307292	108	188	4	5	80	0.0625000
NODE_181799_length_291_cov_1.307292	108	188	6	3	80	0.0375000
NODE_181799_length_291_cov_1.307292	108	188	10	4	80	0.0500000
NODE_181799_length_291_cov_1.307292	108	188	12	1	80	0.0125000
NODE_181799_length_291_cov_1.307292	108	188	18	2	80	0.0250000
NODE_181799_length_291_cov_1.307292	108	188	22	2	80	0.0250000
NODE_181799_length_291_cov_1.307292	108	188	26	15	80	0.1875000
NODE_181799_length_291_cov_1.307292	108	188	28	6	80	0.0750000
NODE_181799_length_291_cov_1.307292	108	188	30	6	80	0.0750000
NODE_181907_length_291_cov_1.114583	79	174	36	2	95	0.0210526
NODE_181907_length_291_cov_1.114583	79	174	38	1	95	0.0105263
NODE_181907_length_291_cov_1.114583	79	174	40	2	95	0.0210526
NODE_181907_length_291_cov_1.114583	79	174	44	3	95	0.0315789
NODE_181907_length_291_cov_1.114583	79	174	47	1	95	0.0105263
NODE_181907_length_291_cov_1.114583	79	174	48	1	95	0.0105263
NODE_181907_length_291_cov_1.114583	79	174	52	6	95	0.0631579
NODE_181907_length_291_cov_1.114583	79	174	54	4	95	0.0421053
NODE_181907_length_291_cov_1.114583	79	174	56	4	95	0.0421053
NODE_181907_length_291_cov_1.114583	79	174	58	5	95	0.0526316
NODE_181907_length_291_cov_1.114583	79	174	59	1	95	0.0105263
NODE_181907_length_291_cov_1.114583	79	174	60	4	95	0.0421053
NODE_181907_length_291_cov_1.114583	79	174	62	20	95	0.2105263
NODE_181907_length_291_cov_1.114583	79	174	64	17	95	0.1789474
NODE_181907_length_291_cov_1.114583	79	174	66	20	95	0.2105263
NODE_181907_length_291_cov_1.114583	79	174	68	4	95	0.0421053
NODE_181930_length_291_cov_1.078125	4	85	1	4	81	0.0493827
NODE_181930_length_291_cov_1.078125	4	85	3	16	81	0.1975309
NODE_181930_length_291_cov_1.078125	4	85	5	5	81	0.0617284
NODE_181930_length_291_cov_1.078125	4	85	7	56	81	0.6913580
NODE_182112_length_291_cov_1.031250	5	50	0	31	45	0.6888889
NODE_182112_length_291_cov_1.031250	5	50	2	14	45	0.3111111
NODE_182205_length_291_cov_0.890625	0	55	0	4	55	0.0727273
NODE_182205_length_291_cov_0.890625	0	55	2	14	55	0.2545455
NODE_182205_length_291_cov_0.890625	0	55	4	37	55	0.6727273
NODE_182252_length_291_cov_0.802083	80	160	2	5	80	0.0625000
NODE_182252_length_291_cov_0.802083	80	160	4	38	80	0.4750000
NODE_182252_length_291_cov_0.802083	80	160	6	12	80	0.1500000
NODE_182252_length_291_cov_0.802083	80	160	8	16	80	0.2000000
NODE_182252_length_291_cov_0.802083	80	160	14	1	80	0.0125000
NODE_182252_length_291_cov_0.802083	80	160	16	8	80	0.1000000
NODE_182491_length_290_cov_96.963351	44	124	0	80	80	1.0000000
NODE_182491_length_290_cov_96.963351	97	177	0	80	80	1.0000000
NODE_182512_length_290_cov_5.968586	89	150	1	7	61	0.1147541
NODE_182512_length_290_cov_5.968586	89	150	2	4	61	0.0655738
NODE_182512_length_290_cov_5.968586	89	150	4	13	61	0.2131148
NODE_182512_length_290_cov_5.968586	89	150	5	11	61	0.1803279
NODE_182512_length_290_cov_5.968586	89	150	6	13	61	0.2131148
NODE_182512_length_290_cov_5.968586	89	150	7	3	61	0.0491803
NODE_182512_length_290_cov_5.968586	89	150	9	10	61	0.1639344
NODE_182512_length_290_cov_5.968586	142	203	9	10	61	0.1639344
NODE_182512_length_290_cov_5.968586	142	203	11	8	61	0.1311475
NODE_182512_length_290_cov_5.968586	142	203	19	12	61	0.1967213
NODE_182512_length_290_cov_5.968586	142	203	21	8	61	0.1311475
NODE_182512_length_290_cov_5.968586	142	203	22	9	61	0.1475410
NODE_182512_length_290_cov_5.968586	142	203	23	14	61	0.2295082
NODE_182535_length_290_cov_4.968586	32	52	0	20	20	1.0000000
NODE_182535_length_290_cov_4.968586	73	93	0	20	20	1.0000000
NODE_182547_length_290_cov_4.670157	63	139	2	1	76	0.0131579
NODE_182547_length_290_cov_4.670157	63	139	4	75	76	0.9868421
NODE_182550_length_290_cov_4.575916	110	153	2	27	43	0.6279070
NODE_182550_length_290_cov_4.575916	110	153	4	16	43	0.3720930
NODE_182589_length_290_cov_3.816754	113	186	0	73	73	1.0000000
NODE_182607_length_290_cov_3.612565	114	181	2	29	67	0.4328358
NODE_182607_length_290_cov_3.612565	114	181	4	38	67	0.5671642
NODE_182622_length_290_cov_3.445026	91	150	0	59	59	1.0000000
NODE_182772_length_290_cov_2.596859	189	218	2	29	29	1.0000000
NODE_182844_length_290_cov_2.319372	45	74	0	29	29	1.0000000
NODE_182973_length_290_cov_2.041885	59	139	8	6	80	0.0750000
NODE_182973_length_290_cov_2.041885	59	139	10	3	80	0.0375000
NODE_182973_length_290_cov_2.041885	59	139	16	71	80	0.8875000
NODE_182995_length_290_cov_1.979058	229	271	12	29	42	0.6904762
NODE_182995_length_290_cov_1.979058	229	271	14	1	42	0.0238095
NODE_182995_length_290_cov_1.979058	229	271	16	12	42	0.2857143
NODE_183288_length_290_cov_1.602094	16	68	0	52	52	1.0000000
NODE_183347_length_290_cov_1.575916	173	250	0	77	77	1.0000000
NODE_183373_length_290_cov_1.544503	151	203	0	52	52	1.0000000
NODE_183403_length_290_cov_1.513089	22	107	0	5	85	0.0588235
NODE_183403_length_290_cov_1.513089	22	107	2	24	85	0.2823530
NODE_183403_length_290_cov_1.513089	22	107	4	56	85	0.6588235
NODE_183436_length_290_cov_1.460733	11	91	2	80	80	1.0000000
NODE_183546_length_290_cov_1.335079	91	163	0	58	72	0.8055556
NODE_183546_length_290_cov_1.335079	91	163	2	12	72	0.1666667
NODE_183546_length_290_cov_1.335079	91	163	3	2	72	0.0277778
NODE_183546_length_290_cov_1.335079	144	216	0	5	72	0.0694444
NODE_183546_length_290_cov_1.335079	144	216	2	12	72	0.1666667
NODE_183546_length_290_cov_1.335079	144	216	3	2	72	0.0277778
NODE_183546_length_290_cov_1.335079	144	216	4	53	72	0.7361111
NODE_183642_length_290_cov_1.314136	0	80	0	41	80	0.5125000
NODE_183642_length_290_cov_1.314136	0	80	2	39	80	0.4875000
NODE_183663_length_290_cov_1.287958	17	97	2	80	80	1.0000000
NODE_183946_length_290_cov_1.068063	0	60	0	60	60	1.0000000
NODE_183946_length_290_cov_1.068063	33	113	0	80	80	1.0000000
NODE_184119_length_290_cov_1.000000	198	254	44	1	56	0.0178571
NODE_184119_length_290_cov_1.000000	198	254	48	6	56	0.1071429
NODE_184119_length_290_cov_1.000000	198	254	50	6	56	0.1071429
NODE_184119_length_290_cov_1.000000	198	254	52	6	56	0.1071429
NODE_184119_length_290_cov_1.000000	198	254	54	7	56	0.1250000
NODE_184119_length_290_cov_1.000000	198	254	56	24	56	0.4285714
NODE_184119_length_290_cov_1.000000	198	254	58	6	56	0.1071429
NODE_184326_length_290_cov_0.832461	154	236	4	66	82	0.8048781
NODE_184326_length_290_cov_0.832461	154	236	5	16	82	0.1951219
NODE_184585_length_290_cov_0.701571	201	281	0	80	80	1.0000000
NODE_184716_length_289_cov_554.947368	45	125	282	1	80	0.0125000
NODE_184716_length_289_cov_554.947368	45	125	290	1	80	0.0125000
NODE_184716_length_289_cov_554.947368	45	125	294	1	80	0.0125000
NODE_184716_length_289_cov_554.947368	45	125	300	2	80	0.0250000
NODE_184716_length_289_cov_554.947368	45	125	302	2	80	0.0250000
NODE_184716_length_289_cov_554.947368	45	125	305	1	80	0.0125000
NODE_184716_length_289_cov_554.947368	45	125	306	2	80	0.0250000
NODE_184716_length_289_cov_554.947368	45	125	308	1	80	0.0125000
NODE_184716_length_289_cov_554.947368	45	125	312	1	80	0.0125000
NODE_184716_length_289_cov_554.947368	45	125	320	1	80	0.0125000
NODE_184716_length_289_cov_554.947368	45	125	322	1	80	0.0125000
NODE_184716_length_289_cov_554.947368	45	125	326	1	80	0.0125000
NODE_184716_length_289_cov_554.947368	45	125	327	2	80	0.0250000
NODE_184716_length_289_cov_554.947368	45	125	328	1	80	0.0125000
NODE_184716_length_289_cov_554.947368	45	125	330	2	80	0.0250000
NODE_184716_length_289_cov_554.947368	45	125	334	3	80	0.0375000
NODE_184716_length_289_cov_554.947368	45	125	336	2	80	0.0250000
NODE_184716_length_289_cov_554.947368	45	125	338	1	80	0.0125000
NODE_184716_length_289_cov_554.947368	45	125	340	2	80	0.0250000
NODE_184716_length_289_cov_554.947368	45	125	342	3	80	0.0375000
NODE_184716_length_289_cov_554.947368	45	125	344	1	80	0.0125000
NODE_184716_length_289_cov_554.947368	45	125	345	2	80	0.0250000
NODE_184716_length_289_cov_554.947368	45	125	348	3	80	0.0375000
NODE_184716_length_289_cov_554.947368	45	125	350	4	80	0.0500000
NODE_184716_length_289_cov_554.947368	45	125	352	3	80	0.0375000
NODE_184716_length_289_cov_554.947368	45	125	354	2	80	0.0250000
NODE_184716_length_289_cov_554.947368	45	125	356	1	80	0.0125000
NODE_184716_length_289_cov_554.947368	45	125	357	1	80	0.0125000
NODE_184716_length_289_cov_554.947368	45	125	358	17	80	0.2125000
NODE_184716_length_289_cov_554.947368	45	125	360	4	80	0.0500000
NODE_184716_length_289_cov_554.947368	45	125	362	11	80	0.1375000
NODE_184729_length_289_cov_7.436842	181	229	8	48	48	1.0000000
NODE_184745_length_289_cov_5.789474	35	100	0	65	65	1.0000000
NODE_184745_length_289_cov_5.789474	85	153	0	68	68	1.0000000
NODE_184745_length_289_cov_5.789474	146	181	0	35	35	1.0000000
NODE_184781_length_289_cov_4.515789	192	254	0	62	62	1.0000000
NODE_184806_length_289_cov_4.136842	101	148	0	47	47	1.0000000
NODE_184892_length_289_cov_2.973684	38	83	0	45	45	1.0000000
NODE_184960_length_289_cov_2.678947	105	168	2	23	63	0.3650794
NODE_184960_length_289_cov_2.678947	105	168	3	12	63	0.1904762
NODE_184960_length_289_cov_2.678947	105	168	4	28	63	0.4444444
NODE_184960_length_289_cov_2.678947	158	204	2	31	46	0.6739131
NODE_184960_length_289_cov_2.678947	158	204	4	15	46	0.3260870
NODE_184963_length_289_cov_2.673684	216	263	0	47	47	1.0000000
NODE_185036_length_289_cov_2.378947	233	289	0	55	56	0.9821429
NODE_185036_length_289_cov_2.378947	233	289	1	1	56	0.0178571
NODE_185152_length_289_cov_2.089474	26	91	0	65	65	1.0000000
NODE_185213_length_289_cov_1.921053	0	54	0	21	54	0.3888889
NODE_185213_length_289_cov_1.921053	0	54	1	33	54	0.6111111
NODE_185383_length_289_cov_1.642105	58	123	0	65	65	1.0000000
NODE_185570_length_289_cov_1.547368	81	124	5	6	43	0.1395349
NODE_185570_length_289_cov_1.547368	81	124	7	22	43	0.5116279
NODE_185570_length_289_cov_1.547368	81	124	9	15	43	0.3488372
NODE_185617_length_289_cov_1.489474	192	274	0	3	82	0.0365854
NODE_185617_length_289_cov_1.489474	192	274	2	79	82	0.9634146
NODE_185622_length_289_cov_1.484211	50	69	0	10	19	0.5263158
NODE_185622_length_289_cov_1.484211	50	69	2	9	19	0.4736842
NODE_185708_length_289_cov_1.357895	31	74	0	41	43	0.9534883
NODE_185708_length_289_cov_1.357895	31	74	2	2	43	0.0465116
NODE_185852_length_289_cov_1.278947	239	270	0	31	31	1.0000000
NODE_185864_length_289_cov_1.252632	23	66	8	43	43	1.0000000
NODE_185926_length_289_cov_1.168421	40	100	0	44	60	0.7333333
NODE_185926_length_289_cov_1.168421	40	100	4	16	60	0.2666667
NODE_185937_length_289_cov_1.152632	0	50	0	50	50	1.0000000
NODE_185937_length_289_cov_1.152632	41	103	0	62	62	1.0000000
NODE_186095_length_289_cov_1.073684	152	198	0	46	46	1.0000000
NODE_186491_length_289_cov_0.878947	113	193	0	2	80	0.0250000
NODE_186491_length_289_cov_0.878947	113	193	2	4	80	0.0500000
NODE_186491_length_289_cov_0.878947	113	193	4	1	80	0.0125000
NODE_186491_length_289_cov_0.878947	113	193	6	10	80	0.1250000
NODE_186491_length_289_cov_0.878947	113	193	8	26	80	0.3250000
NODE_186491_length_289_cov_0.878947	113	193	10	37	80	0.4625000
NODE_186491_length_289_cov_0.878947	166	246	0	1	80	0.0125000
NODE_186491_length_289_cov_0.878947	166	246	2	8	80	0.1000000
NODE_186491_length_289_cov_0.878947	166	246	4	5	80	0.0625000
NODE_186491_length_289_cov_0.878947	166	246	6	2	80	0.0250000
NODE_186491_length_289_cov_0.878947	166	246	8	4	80	0.0500000
NODE_186491_length_289_cov_0.878947	166	246	10	60	80	0.7500000
NODE_186507_length_289_cov_0.863158	116	211	2	9	95	0.0947368
NODE_186507_length_289_cov_0.863158	116	211	4	1	95	0.0105263
NODE_186507_length_289_cov_0.863158	116	211	8	8	95	0.0842105
NODE_186507_length_289_cov_0.863158	116	211	10	24	95	0.2526316
NODE_186507_length_289_cov_0.863158	116	211	12	11	95	0.1157895
NODE_186507_length_289_cov_0.863158	116	211	13	1	95	0.0105263
NODE_186507_length_289_cov_0.863158	116	211	14	16	95	0.1684211
NODE_186507_length_289_cov_0.863158	116	211	16	25	95	0.2631579
NODE_186515_length_289_cov_0.857895	6	75	0	69	69	1.0000000
NODE_186547_length_289_cov_0.831579	230	289	0	2	59	0.0338983
NODE_186547_length_289_cov_0.831579	230	289	2	12	59	0.2033898
NODE_186547_length_289_cov_0.831579	230	289	4	2	59	0.0338983
NODE_186547_length_289_cov_0.831579	230	289	6	2	59	0.0338983
NODE_186547_length_289_cov_0.831579	230	289	8	6	59	0.1016949
NODE_186547_length_289_cov_0.831579	230	289	12	1	59	0.0169492
NODE_186547_length_289_cov_0.831579	230	289	14	6	59	0.1016949
NODE_186547_length_289_cov_0.831579	230	289	15	13	59	0.2203390
NODE_186547_length_289_cov_0.831579	230	289	17	1	59	0.0169492
NODE_186547_length_289_cov_0.831579	230	289	19	1	59	0.0169492
NODE_186547_length_289_cov_0.831579	230	289	21	2	59	0.0338983
NODE_186547_length_289_cov_0.831579	230	289	25	2	59	0.0338983
NODE_186547_length_289_cov_0.831579	230	289	27	2	59	0.0338983
NODE_186547_length_289_cov_0.831579	230	289	29	1	59	0.0169492
NODE_186547_length_289_cov_0.831579	230	289	30	1	59	0.0169492
NODE_186547_length_289_cov_0.831579	230	289	32	5	59	0.0847458
NODE_186631_length_289_cov_0.805263	98	159	0	61	61	1.0000000
NODE_186865_length_289_cov_0.568421	141	213	0	14	72	0.1944444
NODE_186865_length_289_cov_0.568421	141	213	2	18	72	0.2500000
NODE_186865_length_289_cov_0.568421	141	213	4	40	72	0.5555556
NODE_186934_length_288_cov_11.089947	135	195	12	11	60	0.1833333
NODE_186934_length_288_cov_11.089947	135	195	13	30	60	0.5000000
NODE_186934_length_288_cov_11.089947	135	195	14	19	60	0.3166667
NODE_187025_length_288_cov_3.587302	108	188	0	8	80	0.1000000
NODE_187025_length_288_cov_3.587302	108	188	2	72	80	0.9000000
NODE_187049_length_288_cov_3.296296	61	125	0	32	64	0.5000000
NODE_187049_length_288_cov_3.296296	61	125	2	5	64	0.0781250
NODE_187049_length_288_cov_3.296296	61	125	4	27	64	0.4218750
NODE_187049_length_288_cov_3.296296	102	178	0	1	76	0.0131579
NODE_187049_length_288_cov_3.296296	102	178	2	26	76	0.3421053
NODE_187049_length_288_cov_3.296296	102	178	4	49	76	0.6447368
NODE_187062_length_288_cov_3.206349	149	202	0	53	53	1.0000000
NODE_187170_length_288_cov_2.539683	4	68	22	1	64	0.0156250
NODE_187170_length_288_cov_2.539683	4	68	26	1	64	0.0156250
NODE_187170_length_288_cov_2.539683	4	68	32	1	64	0.0156250
NODE_187170_length_288_cov_2.539683	4	68	40	1	64	0.0156250
NODE_187170_length_288_cov_2.539683	4	68	42	1	64	0.0156250
NODE_187170_length_288_cov_2.539683	4	68	44	1	64	0.0156250
NODE_187170_length_288_cov_2.539683	4	68	46	5	64	0.0781250
NODE_187170_length_288_cov_2.539683	4	68	48	1	64	0.0156250
NODE_187170_length_288_cov_2.539683	4	68	50	4	64	0.0625000
NODE_187170_length_288_cov_2.539683	4	68	52	3	64	0.0468750
NODE_187170_length_288_cov_2.539683	4	68	54	3	64	0.0468750
NODE_187170_length_288_cov_2.539683	4	68	56	5	64	0.0781250
NODE_187170_length_288_cov_2.539683	4	68	58	10	64	0.1562500
NODE_187170_length_288_cov_2.539683	4	68	60	11	64	0.1718750
NODE_187170_length_288_cov_2.539683	4	68	62	14	64	0.2187500
NODE_187170_length_288_cov_2.539683	4	68	64	2	64	0.0312500
NODE_187187_length_288_cov_2.465608	137	182	4	45	45	1.0000000
NODE_187191_length_288_cov_2.449735	216	278	0	9	62	0.1451613
NODE_187191_length_288_cov_2.449735	216	278	4	53	62	0.8548387
NODE_187191_length_288_cov_2.449735	237	273	0	4	36	0.1111111
NODE_187191_length_288_cov_2.449735	237	273	4	32	36	0.8888889
NODE_187248_length_288_cov_2.275132	10	46	4	36	36	1.0000000
NODE_187248_length_288_cov_2.275132	13	86	4	73	73	1.0000000
NODE_187248_length_288_cov_2.275132	47	100	2	4	53	0.0754717
NODE_187248_length_288_cov_2.275132	47	100	4	49	53	0.9245283
NODE_187318_length_288_cov_2.153439	50	81	0	31	31	1.0000000
NODE_187431_length_288_cov_1.915344	0	75	0	75	75	1.0000000
NODE_187443_length_288_cov_1.888889	49	125	0	76	76	1.0000000
NODE_187484_length_288_cov_1.878307	0	42	0	42	42	1.0000000
NODE_187484_length_288_cov_1.878307	15	63	0	48	48	1.0000000
NODE_187810_length_288_cov_1.492063	0	42	0	42	42	1.0000000
NODE_188135_length_288_cov_1.158730	213	288	0	75	75	1.0000000
NODE_188161_length_288_cov_1.100529	256	288	0	32	32	1.0000000
NODE_188169_length_288_cov_1.079365	10	74	0	20	64	0.3125000
NODE_188169_length_288_cov_1.079365	10	74	1	9	64	0.1406250
NODE_188169_length_288_cov_1.079365	10	74	2	24	64	0.3750000
NODE_188169_length_288_cov_1.079365	10	74	4	1	64	0.0156250
NODE_188169_length_288_cov_1.079365	10	74	6	10	64	0.1562500
NODE_188169_length_288_cov_1.079365	65	110	6	39	45	0.8666667
NODE_188169_length_288_cov_1.079365	65	110	8	6	45	0.1333333
NODE_188760_length_288_cov_0.809524	141	170	2	9	29	0.3103448
NODE_188760_length_288_cov_0.809524	141	170	4	20	29	0.6896552
NODE_189068_length_287_cov_7.632979	117	184	28	2	67	0.0298507
NODE_189068_length_287_cov_7.632979	117	184	30	3	67	0.0447761
NODE_189068_length_287_cov_7.632979	117	184	35	3	67	0.0447761
NODE_189068_length_287_cov_7.632979	117	184	38	5	67	0.0746269
NODE_189068_length_287_cov_7.632979	117	184	39	9	67	0.1343284
NODE_189068_length_287_cov_7.632979	117	184	41	45	67	0.6716418
NODE_189079_length_287_cov_6.510638	20	100	0	80	80	1.0000000
NODE_189097_length_287_cov_5.781915	164	246	0	15	82	0.1829268
NODE_189097_length_287_cov_5.781915	164	246	2	1	82	0.0121951
NODE_189097_length_287_cov_5.781915	164	246	6	66	82	0.8048781
NODE_189182_length_287_cov_3.590426	114	194	0	5	80	0.0625000
NODE_189182_length_287_cov_3.590426	114	194	2	75	80	0.9375000
NODE_189192_length_287_cov_3.452128	0	52	0	52	52	1.0000000
NODE_189208_length_287_cov_3.281915	263	286	2	5	23	0.2173913
NODE_189208_length_287_cov_3.281915	263	286	4	9	23	0.3913043
NODE_189208_length_287_cov_3.281915	263	286	6	3	23	0.1304348
NODE_189208_length_287_cov_3.281915	263	286	8	6	23	0.2608696
NODE_189266_length_287_cov_2.936170	41	110	0	69	69	1.0000000
NODE_189266_length_287_cov_2.936170	41	111	0	70	70	1.0000000
NODE_189266_length_287_cov_2.936170	94	167	0	73	73	1.0000000
NODE_189266_length_287_cov_2.936170	156	179	0	23	23	1.0000000
NODE_189330_length_287_cov_2.638298	22	86	0	64	64	1.0000000
NODE_189381_length_287_cov_2.436170	182	262	0	1	80	0.0125000
NODE_189381_length_287_cov_2.436170	182	262	2	5	80	0.0625000
NODE_189381_length_287_cov_2.436170	182	262	4	3	80	0.0375000
NODE_189381_length_287_cov_2.436170	182	262	6	71	80	0.8875000
NODE_189582_length_287_cov_1.984043	137	166	10	9	29	0.3103448
NODE_189582_length_287_cov_1.984043	137	166	12	1	29	0.0344828
NODE_189582_length_287_cov_1.984043	137	166	14	19	29	0.6551724
NODE_189594_length_287_cov_1.941489	56	123	0	37	67	0.5522388
NODE_189594_length_287_cov_1.941489	56	123	2	30	67	0.4477612
NODE_189614_length_287_cov_1.904255	8	51	2	25	43	0.5813953
NODE_189614_length_287_cov_1.904255	8	51	4	14	43	0.3255814
NODE_189614_length_287_cov_1.904255	8	51	6	4	43	0.0930233
NODE_189710_length_287_cov_1.803191	146	217	0	71	71	1.0000000
NODE_189843_length_287_cov_1.627660	113	175	22	17	62	0.2741936
NODE_189843_length_287_cov_1.627660	113	175	24	38	62	0.6129032
NODE_189843_length_287_cov_1.627660	113	175	26	3	62	0.0483871
NODE_189843_length_287_cov_1.627660	113	175	28	4	62	0.0645161
NODE_189843_length_287_cov_1.627660	148	228	12	27	80	0.3375000
NODE_189843_length_287_cov_1.627660	148	228	14	1	80	0.0125000
NODE_189843_length_287_cov_1.627660	148	228	18	1	80	0.0125000
NODE_189843_length_287_cov_1.627660	148	228	19	1	80	0.0125000
NODE_189843_length_287_cov_1.627660	148	228	20	19	80	0.2375000
NODE_189843_length_287_cov_1.627660	148	228	22	11	80	0.1375000
NODE_189843_length_287_cov_1.627660	148	228	24	20	80	0.2500000
NODE_189864_length_287_cov_1.627660	14	59	0	45	45	1.0000000
NODE_189864_length_287_cov_1.627660	41	112	0	71	71	1.0000000
NODE_189949_length_287_cov_1.574468	150	220	0	22	70	0.3142857
NODE_189949_length_287_cov_1.574468	150	220	2	7	70	0.1000000
NODE_189949_length_287_cov_1.574468	150	220	4	41	70	0.5857143
NODE_189985_length_287_cov_1.531915	123	154	0	31	31	1.0000000
NODE_190122_length_287_cov_1.356383	93	147	0	54	54	1.0000000
NODE_190142_length_287_cov_1.356383	135	199	0	64	64	1.0000000
NODE_190189_length_287_cov_1.335106	149	201	0	47	52	0.9038461
NODE_190189_length_287_cov_1.335106	149	201	2	5	52	0.0961538
NODE_190654_length_287_cov_1.037234	23	44	0	21	21	1.0000000
NODE_190701_length_287_cov_0.994681	206	225	2	19	19	1.0000000
NODE_190802_length_287_cov_0.898936	0	57	2	3	57	0.0526316
NODE_190802_length_287_cov_0.898936	0	57	3	16	57	0.2807018
NODE_190802_length_287_cov_0.898936	0	57	4	13	57	0.2280702
NODE_190802_length_287_cov_0.898936	0	57	6	2	57	0.0350877
NODE_190802_length_287_cov_0.898936	0	57	8	1	57	0.0175439
NODE_190802_length_287_cov_0.898936	0	57	11	3	57	0.0526316
NODE_190802_length_287_cov_0.898936	0	57	12	6	57	0.1052632
NODE_190802_length_287_cov_0.898936	0	57	14	2	57	0.0350877
NODE_190802_length_287_cov_0.898936	0	57	16	9	57	0.1578947
NODE_190802_length_287_cov_0.898936	0	57	18	2	57	0.0350877
NODE_190873_length_287_cov_0.840426	46	121	0	75	75	1.0000000
NODE_191306_length_286_cov_141.540107	4	63	0	59	59	1.0000000
NODE_191389_length_286_cov_3.935829	79	123	4	44	44	1.0000000
NODE_191391_length_286_cov_3.871658	45	121	2	2	76	0.0263158
NODE_191391_length_286_cov_3.871658	45	121	6	48	76	0.6315789
NODE_191391_length_286_cov_3.871658	45	121	8	26	76	0.3421053
NODE_191391_length_286_cov_3.871658	102	169	0	30	67	0.4477612
NODE_191391_length_286_cov_3.871658	102	169	2	20	67	0.2985075
NODE_191391_length_286_cov_3.871658	102	169	6	1	67	0.0149254
NODE_191391_length_286_cov_3.871658	102	169	8	16	67	0.2388060
NODE_191393_length_286_cov_3.812834	62	142	2	26	80	0.3250000
NODE_191393_length_286_cov_3.812834	62	142	4	54	80	0.6750000
NODE_191430_length_286_cov_3.352941	63	143	0	80	80	1.0000000
NODE_191430_length_286_cov_3.352941	116	196	0	80	80	1.0000000
NODE_191466_length_286_cov_3.101604	217	271	0	39	54	0.7222222
NODE_191466_length_286_cov_3.101604	217	271	2	15	54	0.2777778
NODE_191509_length_286_cov_2.823529	56	122	10	1	66	0.0151515
NODE_191509_length_286_cov_2.823529	56	122	12	8	66	0.1212121
NODE_191509_length_286_cov_2.823529	56	122	18	5	66	0.0757576
NODE_191509_length_286_cov_2.823529	56	122	26	3	66	0.0454545
NODE_191509_length_286_cov_2.823529	56	122	28	2	66	0.0303030
NODE_191509_length_286_cov_2.823529	56	122	32	2	66	0.0303030
NODE_191509_length_286_cov_2.823529	56	122	34	1	66	0.0151515
NODE_191509_length_286_cov_2.823529	56	122	38	1	66	0.0151515
NODE_191509_length_286_cov_2.823529	56	122	40	1	66	0.0151515
NODE_191509_length_286_cov_2.823529	56	122	44	1	66	0.0151515
NODE_191509_length_286_cov_2.823529	56	122	46	1	66	0.0151515
NODE_191509_length_286_cov_2.823529	56	122	52	4	66	0.0606061
NODE_191509_length_286_cov_2.823529	56	122	58	6	66	0.0909091
NODE_191509_length_286_cov_2.823529	56	122	60	1	66	0.0151515
NODE_191509_length_286_cov_2.823529	56	122	62	1	66	0.0151515
NODE_191509_length_286_cov_2.823529	56	122	64	6	66	0.0909091
NODE_191509_length_286_cov_2.823529	56	122	68	6	66	0.0909091
NODE_191509_length_286_cov_2.823529	56	122	70	2	66	0.0303030
NODE_191509_length_286_cov_2.823529	56	122	72	13	66	0.1969697
NODE_191509_length_286_cov_2.823529	56	122	74	1	66	0.0151515
NODE_191598_length_286_cov_2.438503	151	218	0	15	67	0.2238806
NODE_191598_length_286_cov_2.438503	151	218	2	52	67	0.7761194
NODE_191754_length_286_cov_2.037433	57	138	0	16	81	0.1975309
NODE_191754_length_286_cov_2.037433	57	138	1	5	81	0.0617284
NODE_191754_length_286_cov_2.037433	57	138	2	18	81	0.2222222
NODE_191754_length_286_cov_2.037433	57	138	3	42	81	0.5185185
NODE_191892_length_286_cov_1.807487	186	232	0	46	46	1.0000000
NODE_191892_length_286_cov_1.807487	239	285	0	46	46	1.0000000
NODE_192100_length_286_cov_1.566845	112	160	6	7	48	0.1458333
NODE_192100_length_286_cov_1.566845	112	160	8	41	48	0.8541667
NODE_192100_length_286_cov_1.566845	165	213	2	12	48	0.2500000
NODE_192100_length_286_cov_1.566845	165	213	4	36	48	0.7500000
NODE_192150_length_286_cov_1.497326	107	160	10	6	53	0.1132075
NODE_192150_length_286_cov_1.497326	107	160	12	47	53	0.8867925
NODE_192233_length_286_cov_1.363636	20	87	0	8	67	0.1194030
NODE_192233_length_286_cov_1.363636	20	87	2	59	67	0.8805970
NODE_192302_length_286_cov_1.358289	218	262	2	29	44	0.6590909
NODE_192302_length_286_cov_1.358289	218	262	4	13	44	0.2954545
NODE_192302_length_286_cov_1.358289	218	262	6	2	44	0.0454545
NODE_192357_length_286_cov_1.304813	147	205	10	3	58	0.0517241
NODE_192357_length_286_cov_1.304813	147	205	14	6	58	0.1034483
NODE_192357_length_286_cov_1.304813	147	205	16	23	58	0.3965517
NODE_192357_length_286_cov_1.304813	147	205	18	26	58	0.4482759
NODE_192427_length_286_cov_1.203209	30	76	0	46	46	1.0000000
NODE_192427_length_286_cov_1.203209	49	129	0	80	80	1.0000000
NODE_192757_length_286_cov_1.074866	160	220	0	30	60	0.5000000
NODE_192757_length_286_cov_1.074866	160	220	1	30	60	0.5000000
NODE_193023_length_286_cov_0.871658	218	279	0	61	61	1.0000000
NODE_193038_length_286_cov_0.855615	224	281	0	22	57	0.3859649
NODE_193038_length_286_cov_0.855615	224	281	2	1	57	0.0175439
NODE_193038_length_286_cov_0.855615	224	281	4	13	57	0.2280702
NODE_193038_length_286_cov_0.855615	224	281	6	2	57	0.0350877
NODE_193038_length_286_cov_0.855615	224	281	8	1	57	0.0175439
NODE_193038_length_286_cov_0.855615	224	281	10	3	57	0.0526316
NODE_193038_length_286_cov_0.855615	224	281	14	7	57	0.1228070
NODE_193038_length_286_cov_0.855615	224	281	15	6	57	0.1052632
NODE_193038_length_286_cov_0.855615	224	281	17	2	57	0.0350877
NODE_193362_length_286_cov_0.625668	110	190	0	30	80	0.3750000
NODE_193362_length_286_cov_0.625668	110	190	2	1	80	0.0125000
NODE_193362_length_286_cov_0.625668	110	190	4	49	80	0.6125000
NODE_193362_length_286_cov_0.625668	163	240	0	77	77	1.0000000
NODE_193481_length_285_cov_7.392473	91	152	0	61	61	1.0000000
NODE_193481_length_285_cov_7.392473	150	184	0	34	34	1.0000000
NODE_193513_length_285_cov_4.650538	0	74	0	74	74	1.0000000
NODE_193513_length_285_cov_4.650538	47	127	0	80	80	1.0000000
NODE_193513_length_285_cov_4.650538	123	203	0	80	80	1.0000000
NODE_193513_length_285_cov_4.650538	176	256	0	80	80	1.0000000
NODE_193532_length_285_cov_4.091398	91	154	0	33	63	0.5238096
NODE_193532_length_285_cov_4.091398	91	154	2	30	63	0.4761905
NODE_193538_length_285_cov_4.010753	120	201	0	81	81	1.0000000
NODE_193547_length_285_cov_3.854839	97	151	0	54	54	1.0000000
NODE_193547_length_285_cov_3.854839	106	153	0	45	47	0.9574468
NODE_193547_length_285_cov_3.854839	106	153	2	1	47	0.0212766
NODE_193547_length_285_cov_3.854839	106	153	4	1	47	0.0212766
NODE_193566_length_285_cov_3.607527	197	258	0	15	61	0.2459016
NODE_193566_length_285_cov_3.607527	197	258	2	6	61	0.0983607
NODE_193566_length_285_cov_3.607527	197	258	4	9	61	0.1475410
NODE_193566_length_285_cov_3.607527	197	258	6	5	61	0.0819672
NODE_193566_length_285_cov_3.607527	197	258	8	4	61	0.0655738
NODE_193566_length_285_cov_3.607527	197	258	10	7	61	0.1147541
NODE_193566_length_285_cov_3.607527	197	258	14	10	61	0.1639344
NODE_193566_length_285_cov_3.607527	197	258	16	5	61	0.0819672
NODE_193624_length_285_cov_3.037634	190	272	0	82	82	1.0000000
NODE_193660_length_285_cov_2.806452	215	279	0	1	64	0.0156250
NODE_193660_length_285_cov_2.806452	215	279	2	63	64	0.9843750
NODE_193688_length_285_cov_2.736559	106	173	2	67	67	1.0000000
NODE_193784_length_285_cov_2.311828	220	262	0	42	42	1.0000000
NODE_193883_length_285_cov_2.043011	77	150	0	73	73	1.0000000
NODE_193883_length_285_cov_2.043011	155	197	0	42	42	1.0000000
NODE_193978_length_285_cov_1.876344	67	110	2	43	43	1.0000000
NODE_194150_length_285_cov_1.645161	112	160	2	5	48	0.1041667
NODE_194150_length_285_cov_1.645161	112	160	4	3	48	0.0625000
NODE_194150_length_285_cov_1.645161	112	160	6	40	48	0.8333333
NODE_194260_length_285_cov_1.548387	124	172	4	12	48	0.2500000
NODE_194260_length_285_cov_1.548387	124	172	8	33	48	0.6875000
NODE_194260_length_285_cov_1.548387	124	172	10	3	48	0.0625000
NODE_194332_length_285_cov_1.456989	210	277	0	67	67	1.0000000
NODE_194499_length_285_cov_1.327957	114	191	1	21	77	0.2727273
NODE_194499_length_285_cov_1.327957	114	191	3	1	77	0.0129870
NODE_194499_length_285_cov_1.327957	114	191	5	3	77	0.0389610
NODE_194499_length_285_cov_1.327957	114	191	7	29	77	0.3766234
NODE_194499_length_285_cov_1.327957	114	191	8	18	77	0.2337662
NODE_194499_length_285_cov_1.327957	114	191	9	5	77	0.0649351
NODE_194865_length_285_cov_1.096774	175	229	1	54	54	1.0000000
NODE_194865_length_285_cov_1.096774	230	271	0	10	41	0.2439024
NODE_194865_length_285_cov_1.096774	230	271	1	31	41	0.7560976
NODE_195109_length_285_cov_0.924731	128	208	0	49	80	0.6125000
NODE_195109_length_285_cov_0.924731	128	208	2	31	80	0.3875000
NODE_195115_length_285_cov_0.919355	5	65	0	60	60	1.0000000
NODE_195124_length_285_cov_0.913978	6	80	0	23	74	0.3108108
NODE_195124_length_285_cov_0.913978	6	80	2	51	74	0.6891892
NODE_195124_length_285_cov_0.913978	58	133	0	58	75	0.7733333
NODE_195124_length_285_cov_0.913978	58	133	2	11	75	0.1466667
NODE_195124_length_285_cov_0.913978	58	133	4	6	75	0.0800000
NODE_195642_length_284_cov_7.967568	143	207	2	64	64	1.0000000
NODE_195667_length_284_cov_5.016216	115	169	2	5	54	0.0925926
NODE_195667_length_284_cov_5.016216	115	169	4	23	54	0.4259259
NODE_195667_length_284_cov_5.016216	115	169	7	12	54	0.2222222
NODE_195667_length_284_cov_5.016216	115	169	9	14	54	0.2592593
NODE_195715_length_284_cov_3.913514	26	82	0	56	56	1.0000000
NODE_195760_length_284_cov_3.405405	209	283	0	74	74	1.0000000
NODE_195863_length_284_cov_2.718919	138	162	0	4	24	0.1666667
NODE_195863_length_284_cov_2.718919	138	162	2	1	24	0.0416667
NODE_195863_length_284_cov_2.718919	138	162	8	7	24	0.2916667
NODE_195863_length_284_cov_2.718919	138	162	10	12	24	0.5000000
NODE_195863_length_284_cov_2.718919	138	215	0	4	77	0.0519481
NODE_195863_length_284_cov_2.718919	138	215	2	1	77	0.0129870
NODE_195863_length_284_cov_2.718919	138	215	8	7	77	0.0909091
NODE_195863_length_284_cov_2.718919	138	215	10	65	77	0.8441558
NODE_196090_length_284_cov_2.097297	46	122	0	46	76	0.6052632
NODE_196090_length_284_cov_2.097297	46	122	6	30	76	0.3947369
NODE_196253_length_284_cov_1.756757	27	100	0	6	73	0.0821918
NODE_196253_length_284_cov_1.756757	27	100	2	67	73	0.9178082
NODE_196253_length_284_cov_1.756757	97	153	0	24	56	0.4285714
NODE_196253_length_284_cov_1.756757	97	153	2	32	56	0.5714286
NODE_196273_length_284_cov_1.713514	24	59	0	35	35	1.0000000
NODE_196372_length_284_cov_1.654054	207	251	0	21	44	0.4772727
NODE_196372_length_284_cov_1.654054	207	251	2	7	44	0.1590909
NODE_196372_length_284_cov_1.654054	207	251	4	11	44	0.2500000
NODE_196372_length_284_cov_1.654054	207	251	6	5	44	0.1136364
NODE_196426_length_284_cov_1.643243	180	239	0	59	59	1.0000000
NODE_196505_length_284_cov_1.540541	148	186	27	1	38	0.0263158
NODE_196505_length_284_cov_1.540541	148	186	31	1	38	0.0263158
NODE_196505_length_284_cov_1.540541	148	186	33	1	38	0.0263158
NODE_196505_length_284_cov_1.540541	148	186	35	1	38	0.0263158
NODE_196505_length_284_cov_1.540541	148	186	38	1	38	0.0263158
NODE_196505_length_284_cov_1.540541	148	186	40	1	38	0.0263158
NODE_196505_length_284_cov_1.540541	148	186	44	3	38	0.0789474
NODE_196505_length_284_cov_1.540541	148	186	46	2	38	0.0526316
NODE_196505_length_284_cov_1.540541	148	186	48	3	38	0.0789474
NODE_196505_length_284_cov_1.540541	148	186	54	5	38	0.1315790
NODE_196505_length_284_cov_1.540541	148	186	56	7	38	0.1842105
NODE_196505_length_284_cov_1.540541	148	186	58	12	38	0.3157895
NODE_196670_length_284_cov_1.378378	65	145	6	2	80	0.0250000
NODE_196670_length_284_cov_1.378378	65	145	8	8	80	0.1000000
NODE_196670_length_284_cov_1.378378	65	145	12	4	80	0.0500000
NODE_196670_length_284_cov_1.378378	65	145	16	6	80	0.0750000
NODE_196670_length_284_cov_1.378378	65	145	17	1	80	0.0125000
NODE_196670_length_284_cov_1.378378	65	145	18	4	80	0.0500000
NODE_196670_length_284_cov_1.378378	65	145	20	30	80	0.3750000
NODE_196670_length_284_cov_1.378378	65	145	22	7	80	0.0875000
NODE_196670_length_284_cov_1.378378	65	145	26	11	80	0.1375000
NODE_196670_length_284_cov_1.378378	65	145	30	1	80	0.0125000
NODE_196670_length_284_cov_1.378378	65	145	32	6	80	0.0750000
NODE_196670_length_284_cov_1.378378	118	165	20	2	47	0.0425532
NODE_196670_length_284_cov_1.378378	118	165	22	7	47	0.1489362
NODE_196670_length_284_cov_1.378378	118	165	26	11	47	0.2340426
NODE_196670_length_284_cov_1.378378	118	165	30	1	47	0.0212766
NODE_196670_length_284_cov_1.378378	118	165	32	10	47	0.2127660
NODE_196670_length_284_cov_1.378378	118	165	34	7	47	0.1489362
NODE_196670_length_284_cov_1.378378	118	165	36	9	47	0.1914894
NODE_196733_length_284_cov_1.329730	114	170	0	3	56	0.0535714
NODE_196733_length_284_cov_1.329730	114	170	4	4	56	0.0714286
NODE_196733_length_284_cov_1.329730	114	170	8	49	56	0.8750000
NODE_197755_length_284_cov_0.686486	13	94	0	81	81	1.0000000
NODE_197755_length_284_cov_0.686486	13	94	0	81	81	1.0000000
NODE_197755_length_284_cov_0.686486	13	94	0	81	81	1.0000000
NODE_197835_length_284_cov_0.551351	167	219	2	52	52	1.0000000
NODE_197936_length_283_cov_4.434783	81	137	48	4	56	0.0714286
NODE_197936_length_283_cov_4.434783	81	137	52	4	56	0.0714286
NODE_197936_length_283_cov_4.434783	81	137	54	3	56	0.0535714
NODE_197936_length_283_cov_4.434783	81	137	56	5	56	0.0892857
NODE_197936_length_283_cov_4.434783	81	137	58	4	56	0.0714286
NODE_197936_length_283_cov_4.434783	81	137	60	5	56	0.0892857
NODE_197936_length_283_cov_4.434783	81	137	64	11	56	0.1964286
NODE_197936_length_283_cov_4.434783	81	137	66	4	56	0.0714286
NODE_197936_length_283_cov_4.434783	81	137	68	1	56	0.0178571
NODE_197936_length_283_cov_4.434783	81	137	70	4	56	0.0714286
NODE_197936_length_283_cov_4.434783	81	137	72	1	56	0.0178571
NODE_197936_length_283_cov_4.434783	81	137	74	10	56	0.1785714
NODE_197936_length_283_cov_4.434783	114	190	3	1	76	0.0131579
NODE_197936_length_283_cov_4.434783	114	190	6	8	76	0.1052632
NODE_197936_length_283_cov_4.434783	114	190	8	6	76	0.0789474
NODE_197936_length_283_cov_4.434783	114	190	12	1	76	0.0131579
NODE_197936_length_283_cov_4.434783	114	190	15	2	76	0.0263158
NODE_197936_length_283_cov_4.434783	114	190	17	6	76	0.0789474
NODE_197936_length_283_cov_4.434783	114	190	18	1	76	0.0131579
NODE_197936_length_283_cov_4.434783	114	190	21	1	76	0.0131579
NODE_197936_length_283_cov_4.434783	114	190	22	1	76	0.0131579
NODE_197936_length_283_cov_4.434783	114	190	23	11	76	0.1447368
NODE_197936_length_283_cov_4.434783	114	190	27	1	76	0.0131579
NODE_197936_length_283_cov_4.434783	114	190	29	4	76	0.0526316
NODE_197936_length_283_cov_4.434783	114	190	31	1	76	0.0131579
NODE_197936_length_283_cov_4.434783	114	190	32	1	76	0.0131579
NODE_197936_length_283_cov_4.434783	114	190	40	4	76	0.0526316
NODE_197936_length_283_cov_4.434783	114	190	42	2	76	0.0263158
NODE_197936_length_283_cov_4.434783	114	190	46	2	76	0.0263158
NODE_197936_length_283_cov_4.434783	114	190	48	4	76	0.0526316
NODE_197936_length_283_cov_4.434783	114	190	52	4	76	0.0526316
NODE_197936_length_283_cov_4.434783	114	190	54	3	76	0.0394737
NODE_197936_length_283_cov_4.434783	114	190	56	5	76	0.0657895
NODE_197936_length_283_cov_4.434783	114	190	58	4	76	0.0526316
NODE_197936_length_283_cov_4.434783	114	190	60	3	76	0.0394737
NODE_197936_length_283_cov_4.434783	190	270	3	6	80	0.0750000
NODE_197936_length_283_cov_4.434783	190	270	5	6	80	0.0750000
NODE_197936_length_283_cov_4.434783	190	270	7	11	80	0.1375000
NODE_197936_length_283_cov_4.434783	190	270	8	1	80	0.0125000
NODE_197936_length_283_cov_4.434783	190	270	9	56	80	0.7000000
NODE_197937_length_283_cov_4.429348	104	168	12	6	64	0.0937500
NODE_197937_length_283_cov_4.429348	104	168	14	1	64	0.0156250
NODE_197937_length_283_cov_4.429348	104	168	16	50	64	0.7812500
NODE_197937_length_283_cov_4.429348	104	168	18	7	64	0.1093750
NODE_197937_length_283_cov_4.429348	104	168	12	6	64	0.0937500
NODE_197937_length_283_cov_4.429348	104	168	14	1	64	0.0156250
NODE_197937_length_283_cov_4.429348	104	168	16	50	64	0.7812500
NODE_197937_length_283_cov_4.429348	104	168	18	7	64	0.1093750
NODE_197937_length_283_cov_4.429348	141	207	4	16	66	0.2424242
NODE_197937_length_283_cov_4.429348	141	207	6	2	66	0.0303030
NODE_197937_length_283_cov_4.429348	141	207	8	5	66	0.0757576
NODE_197937_length_283_cov_4.429348	141	207	12	12	66	0.1818182
NODE_197937_length_283_cov_4.429348	141	207	14	4	66	0.0606061
NODE_197937_length_283_cov_4.429348	141	207	16	27	66	0.4090909
NODE_197937_length_283_cov_4.429348	141	221	3	1	80	0.0125000
NODE_197937_length_283_cov_4.429348	141	221	4	29	80	0.3625000
NODE_197937_length_283_cov_4.429348	141	221	6	2	80	0.0250000
NODE_197937_length_283_cov_4.429348	141	221	8	5	80	0.0625000
NODE_197937_length_283_cov_4.429348	141	221	12	12	80	0.1500000
NODE_197937_length_283_cov_4.429348	141	221	14	4	80	0.0500000
NODE_197937_length_283_cov_4.429348	141	221	16	27	80	0.3375000
NODE_198007_length_283_cov_3.369565	0	35	0	35	35	1.0000000
NODE_198022_length_283_cov_3.309783	47	91	0	44	44	1.0000000
NODE_198081_length_283_cov_2.923913	95	137	0	42	42	1.0000000
NODE_198081_length_283_cov_2.923913	110	190	0	29	80	0.3625000
NODE_198081_length_283_cov_2.923913	110	190	2	51	80	0.6375000
NODE_198098_length_283_cov_2.782609	120	200	0	80	80	1.0000000
NODE_198109_length_283_cov_2.771739	29	72	0	43	43	1.0000000
NODE_198171_length_283_cov_2.494565	186	229	0	43	43	1.0000000
NODE_198176_length_283_cov_2.494565	181	238	0	57	57	1.0000000
NODE_198271_length_283_cov_2.217391	222	281	0	15	59	0.2542373
NODE_198271_length_283_cov_2.217391	222	281	1	38	59	0.6440678
NODE_198271_length_283_cov_2.217391	222	281	2	6	59	0.1016949
NODE_198518_length_283_cov_1.777174	40	120	0	80	80	1.0000000
NODE_198745_length_283_cov_1.543478	125	161	6	2	36	0.0555556
NODE_198745_length_283_cov_1.543478	125	161	7	1	36	0.0277778
NODE_198745_length_283_cov_1.543478	125	161	15	1	36	0.0277778
NODE_198745_length_283_cov_1.543478	125	161	17	1	36	0.0277778
NODE_198745_length_283_cov_1.543478	125	161	19	1	36	0.0277778
NODE_198745_length_283_cov_1.543478	125	161	23	1	36	0.0277778
NODE_198745_length_283_cov_1.543478	125	161	25	1	36	0.0277778
NODE_198745_length_283_cov_1.543478	125	161	29	3	36	0.0833333
NODE_198745_length_283_cov_1.543478	125	161	32	2	36	0.0555556
NODE_198745_length_283_cov_1.543478	125	161	36	2	36	0.0555556
NODE_198745_length_283_cov_1.543478	125	161	38	3	36	0.0833333
NODE_198745_length_283_cov_1.543478	125	161	40	3	36	0.0833333
NODE_198745_length_283_cov_1.543478	125	161	42	5	36	0.1388889
NODE_198745_length_283_cov_1.543478	125	161	44	3	36	0.0833333
NODE_198745_length_283_cov_1.543478	125	161	46	7	36	0.1944444
NODE_198751_length_283_cov_1.538043	182	203	0	21	21	1.0000000
NODE_198986_length_283_cov_1.304348	208	270	6	1	62	0.0161290
NODE_198986_length_283_cov_1.304348	208	270	8	61	62	0.9838710
NODE_199042_length_283_cov_1.211957	157	234	2	15	77	0.1948052
NODE_199042_length_283_cov_1.211957	157	234	4	62	77	0.8051948
NODE_199070_length_283_cov_1.168478	183	250	10	17	67	0.2537313
NODE_199070_length_283_cov_1.168478	183	250	14	50	67	0.7462686
NODE_199606_length_283_cov_0.918478	146	226	4	2	80	0.0250000
NODE_199606_length_283_cov_0.918478	146	226	6	5	80	0.0625000
NODE_199606_length_283_cov_0.918478	146	226	8	4	80	0.0500000
NODE_199606_length_283_cov_0.918478	146	226	10	28	80	0.3500000
NODE_199606_length_283_cov_0.918478	146	226	12	41	80	0.5125000
NODE_199606_length_283_cov_0.918478	199	279	4	7	80	0.0875000
NODE_199606_length_283_cov_0.918478	199	279	6	27	80	0.3375000
NODE_199606_length_283_cov_0.918478	199	279	8	1	80	0.0125000
NODE_199606_length_283_cov_0.918478	199	279	10	8	80	0.1000000
NODE_199606_length_283_cov_0.918478	199	279	12	37	80	0.4625000
NODE_199641_length_283_cov_0.885870	143	205	0	62	62	1.0000000
NODE_199958_length_283_cov_0.706522	119	159	1	11	40	0.2750000
NODE_199958_length_283_cov_0.706522	119	159	2	28	40	0.7000000
NODE_199958_length_283_cov_0.706522	119	159	3	1	40	0.0250000
NODE_200085_length_282_cov_51.027322	219	280	0	61	61	1.0000000
NODE_200085_length_282_cov_51.027322	219	282	0	63	63	1.0000000
NODE_200166_length_282_cov_3.901639	38	118	0	80	80	1.0000000
NODE_200166_length_282_cov_3.901639	91	171	0	80	80	1.0000000
NODE_200171_length_282_cov_3.874317	96	116	0	20	20	1.0000000
NODE_200201_length_282_cov_3.562842	224	279	0	55	55	1.0000000
NODE_200270_length_282_cov_2.890710	41	123	0	12	82	0.1463415
NODE_200270_length_282_cov_2.890710	41	123	2	65	82	0.7926829
NODE_200270_length_282_cov_2.890710	41	123	4	5	82	0.0609756
NODE_200276_length_282_cov_2.846995	26	47	0	21	21	1.0000000
NODE_200304_length_282_cov_2.770492	145	225	2	11	80	0.1375000
NODE_200304_length_282_cov_2.770492	145	225	4	18	80	0.2250000
NODE_200304_length_282_cov_2.770492	145	225	6	51	80	0.6375000
NODE_200304_length_282_cov_2.770492	198	278	0	12	80	0.1500000
NODE_200304_length_282_cov_2.770492	198	278	2	35	80	0.4375000
NODE_200304_length_282_cov_2.770492	198	278	4	1	80	0.0125000
NODE_200304_length_282_cov_2.770492	198	278	6	32	80	0.4000000
NODE_200329_length_282_cov_2.655738	46	119	0	73	73	1.0000000
NODE_200329_length_282_cov_2.655738	100	159	0	59	59	1.0000000
NODE_200335_length_282_cov_2.622951	0	36	0	35	36	0.9722222
NODE_200335_length_282_cov_2.622951	0	36	2	1	36	0.0277778
NODE_200335_length_282_cov_2.622951	9	89	0	26	80	0.3250000
NODE_200335_length_282_cov_2.622951	9	89	2	12	80	0.1500000
NODE_200335_length_282_cov_2.622951	9	89	3	14	80	0.1750000
NODE_200335_length_282_cov_2.622951	9	89	4	28	80	0.3500000
NODE_200336_length_282_cov_2.622951	38	111	0	12	73	0.1643836
NODE_200336_length_282_cov_2.622951	38	111	2	7	73	0.0958904
NODE_200336_length_282_cov_2.622951	38	111	4	40	73	0.5479452
NODE_200336_length_282_cov_2.622951	38	111	6	14	73	0.1917808
NODE_200336_length_282_cov_2.622951	98	144	6	46	46	1.0000000
NODE_200367_length_282_cov_2.508197	138	186	0	1	48	0.0208333
NODE_200367_length_282_cov_2.508197	138	186	2	47	48	0.9791667
NODE_200367_length_282_cov_2.508197	191	234	2	43	43	1.0000000
NODE_200425_length_282_cov_2.289617	68	137	0	4	69	0.0579710
NODE_200425_length_282_cov_2.289617	68	137	2	65	69	0.9420290
NODE_200443_length_282_cov_2.229508	169	249	2	7	80	0.0875000
NODE_200443_length_282_cov_2.229508	169	249	4	58	80	0.7250000
NODE_200443_length_282_cov_2.229508	169	249	6	15	80	0.1875000
NODE_200501_length_282_cov_2.163934	138	192	0	6	54	0.1111111
NODE_200501_length_282_cov_2.163934	138	192	4	48	54	0.8888889
NODE_200634_length_282_cov_1.901639	149	216	10	5	67	0.0746269
NODE_200634_length_282_cov_1.901639	149	216	12	13	67	0.1940299
NODE_200634_length_282_cov_1.901639	149	216	14	13	67	0.1940299
NODE_200634_length_282_cov_1.901639	149	216	16	12	67	0.1791045
NODE_200634_length_282_cov_1.901639	149	216	18	24	67	0.3582090
NODE_200924_length_282_cov_1.612022	123	162	0	39	39	1.0000000
NODE_201084_length_282_cov_1.393443	158	225	2	7	67	0.1044776
NODE_201084_length_282_cov_1.393443	158	225	4	60	67	0.8955224
NODE_201219_length_282_cov_1.273224	91	140	0	5	49	0.1020408
NODE_201219_length_282_cov_1.273224	91	140	2	44	49	0.8979592
NODE_201413_length_282_cov_1.114754	5	53	2	48	48	1.0000000
NODE_202284_length_281_cov_7.895604	165	210	6	2	45	0.0444444
NODE_202284_length_281_cov_7.895604	165	210	10	2	45	0.0444444
NODE_202284_length_281_cov_7.895604	165	210	14	4	45	0.0888889
NODE_202284_length_281_cov_7.895604	165	210	16	1	45	0.0222222
NODE_202284_length_281_cov_7.895604	165	210	18	36	45	0.8000000
NODE_202284_length_281_cov_7.895604	183	263	12	3	80	0.0375000
NODE_202284_length_281_cov_7.895604	183	263	14	14	80	0.1750000
NODE_202284_length_281_cov_7.895604	183	263	16	12	80	0.1500000
NODE_202284_length_281_cov_7.895604	183	263	18	51	80	0.6375000
NODE_202294_length_281_cov_6.379121	151	231	0	80	80	1.0000000
NODE_202333_length_281_cov_4.565934	71	127	0	56	56	1.0000000
NODE_202337_length_281_cov_4.494505	211	261	2	50	50	1.0000000
NODE_202356_length_281_cov_4.219780	85	135	0	50	50	1.0000000
NODE_202356_length_281_cov_4.219780	145	188	0	43	43	1.0000000
NODE_202401_length_281_cov_3.620879	245	281	0	36	36	1.0000000
NODE_202421_length_281_cov_3.324176	104	161	0	2	57	0.0350877
NODE_202421_length_281_cov_3.324176	104	161	2	2	57	0.0350877
NODE_202421_length_281_cov_3.324176	104	161	4	53	57	0.9298246
NODE_202421_length_281_cov_3.324176	112	192	4	80	80	1.0000000
NODE_202436_length_281_cov_3.197802	6	80	0	74	74	1.0000000
NODE_202473_length_281_cov_2.923077	92	150	0	58	58	1.0000000
NODE_202650_length_281_cov_2.241758	5	58	0	53	53	1.0000000
NODE_202712_length_281_cov_2.120879	56	136	0	20	80	0.2500000
NODE_202712_length_281_cov_2.120879	56	136	2	31	80	0.3875000
NODE_202712_length_281_cov_2.120879	56	136	4	29	80	0.3625000
NODE_202788_length_281_cov_1.961538	199	270	0	4	71	0.0563380
NODE_202788_length_281_cov_1.961538	199	270	1	10	71	0.1408451
NODE_202788_length_281_cov_1.961538	199	270	3	8	71	0.1126761
NODE_202788_length_281_cov_1.961538	199	270	4	49	71	0.6901408
NODE_203008_length_281_cov_1.675824	147	199	6	14	52	0.2692308
NODE_203008_length_281_cov_1.675824	147	199	8	38	52	0.7307692
NODE_203008_length_281_cov_1.675824	178	198	6	13	20	0.6500000
NODE_203008_length_281_cov_1.675824	178	198	8	7	20	0.3500000
NODE_203008_length_281_cov_1.675824	200	241	0	13	41	0.3170732
NODE_203008_length_281_cov_1.675824	200	241	1	1	41	0.0243902
NODE_203008_length_281_cov_1.675824	200	241	2	14	41	0.3414634
NODE_203008_length_281_cov_1.675824	200	241	4	6	41	0.1463415
NODE_203008_length_281_cov_1.675824	200	241	6	7	41	0.1707317
NODE_203065_length_281_cov_1.653846	29	65	0	36	36	1.0000000
NODE_203168_length_281_cov_1.483516	85	135	0	50	50	1.0000000
NODE_203168_length_281_cov_1.483516	86	166	0	80	80	1.0000000
NODE_203168_length_281_cov_1.483516	139	184	0	45	45	1.0000000
NODE_203183_length_281_cov_1.461538	223	276	0	18	53	0.3396226
NODE_203183_length_281_cov_1.461538	223	276	1	1	53	0.0188679
NODE_203183_length_281_cov_1.461538	223	276	2	14	53	0.2641509
NODE_203183_length_281_cov_1.461538	223	276	3	20	53	0.3773585
NODE_203262_length_281_cov_1.401099	237	281	0	44	44	1.0000000
NODE_203281_length_281_cov_1.401099	150	214	0	25	64	0.3906250
NODE_203281_length_281_cov_1.401099	150	214	5	1	64	0.0156250
NODE_203281_length_281_cov_1.401099	150	214	8	38	64	0.5937500
NODE_203281_length_281_cov_1.401099	187	267	0	78	80	0.9750000
NODE_203281_length_281_cov_1.401099	187	267	5	1	80	0.0125000
NODE_203281_length_281_cov_1.401099	187	267	8	1	80	0.0125000
NODE_203292_length_281_cov_1.401099	31	111	0	80	80	1.0000000
NODE_203440_length_281_cov_1.186813	0	79	0	49	79	0.6202531
NODE_203440_length_281_cov_1.186813	0	79	4	13	79	0.1645570
NODE_203440_length_281_cov_1.186813	0	79	8	5	79	0.0632911
NODE_203440_length_281_cov_1.186813	0	79	10	1	79	0.0126582
NODE_203440_length_281_cov_1.186813	0	79	12	1	79	0.0126582
NODE_203440_length_281_cov_1.186813	0	79	14	1	79	0.0126582
NODE_203440_length_281_cov_1.186813	0	79	16	9	79	0.1139240
NODE_203440_length_281_cov_1.186813	52	132	4	10	80	0.1250000
NODE_203440_length_281_cov_1.186813	52	132	8	5	80	0.0625000
NODE_203440_length_281_cov_1.186813	52	132	10	1	80	0.0125000
NODE_203440_length_281_cov_1.186813	52	132	12	1	80	0.0125000
NODE_203440_length_281_cov_1.186813	52	132	14	1	80	0.0125000
NODE_203440_length_281_cov_1.186813	52	132	16	11	80	0.1375000
NODE_203440_length_281_cov_1.186813	52	132	18	4	80	0.0500000
NODE_203440_length_281_cov_1.186813	52	132	20	1	80	0.0125000
NODE_203440_length_281_cov_1.186813	52	132	22	1	80	0.0125000
NODE_203440_length_281_cov_1.186813	52	132	24	32	80	0.4000000
NODE_203440_length_281_cov_1.186813	52	132	26	13	80	0.1625000
NODE_203516_length_281_cov_1.120879	47	82	0	35	35	1.0000000
NODE_203534_length_281_cov_1.120879	243	276	1	33	33	1.0000000
NODE_203544_length_281_cov_1.120879	216	281	0	25	65	0.3846154
NODE_203544_length_281_cov_1.120879	216	281	2	25	65	0.3846154
NODE_203544_length_281_cov_1.120879	216	281	4	15	65	0.2307692
NODE_203785_length_281_cov_1.060440	139	179	31	14	40	0.3500000
NODE_203785_length_281_cov_1.060440	139	179	33	5	40	0.1250000
NODE_203785_length_281_cov_1.060440	139	179	35	8	40	0.2000000
NODE_203785_length_281_cov_1.060440	139	179	37	1	40	0.0250000
NODE_203785_length_281_cov_1.060440	139	179	41	2	40	0.0500000
NODE_203785_length_281_cov_1.060440	139	179	42	6	40	0.1500000
NODE_203785_length_281_cov_1.060440	139	179	44	4	40	0.1000000
NODE_204094_length_281_cov_0.840659	72	138	0	66	66	1.0000000
NODE_204094_length_281_cov_0.840659	111	191	0	51	80	0.6375000
NODE_204094_length_281_cov_0.840659	111	191	2	29	80	0.3625000
NODE_204467_length_280_cov_39.320442	118	198	0	39	80	0.4875000
NODE_204467_length_280_cov_39.320442	118	198	2	41	80	0.5125000
NODE_204467_length_280_cov_39.320442	181	251	0	70	70	1.0000000
NODE_204468_length_280_cov_34.259669	97	137	0	2	40	0.0500000
NODE_204468_length_280_cov_34.259669	97	137	6	18	40	0.4500000
NODE_204468_length_280_cov_34.259669	97	137	26	4	40	0.1000000
NODE_204468_length_280_cov_34.259669	97	137	28	4	40	0.1000000
NODE_204468_length_280_cov_34.259669	97	137	30	2	40	0.0500000
NODE_204468_length_280_cov_34.259669	97	137	32	6	40	0.1500000
NODE_204468_length_280_cov_34.259669	97	137	34	1	40	0.0250000
NODE_204468_length_280_cov_34.259669	97	137	38	2	40	0.0500000
NODE_204468_length_280_cov_34.259669	97	137	40	1	40	0.0250000
NODE_204532_length_280_cov_4.287293	53	100	2	14	47	0.2978723
NODE_204532_length_280_cov_4.287293	53	100	4	33	47	0.7021276
NODE_204532_length_280_cov_4.287293	129	186	4	51	57	0.8947368
NODE_204532_length_280_cov_4.287293	129	186	6	6	57	0.1052632
NODE_204596_length_280_cov_3.436464	34	103	28	1	69	0.0144928
NODE_204596_length_280_cov_3.436464	34	103	31	1	69	0.0144928
NODE_204596_length_280_cov_3.436464	34	103	32	4	69	0.0579710
NODE_204596_length_280_cov_3.436464	34	103	46	2	69	0.0289855
NODE_204596_length_280_cov_3.436464	34	103	52	2	69	0.0289855
NODE_204596_length_280_cov_3.436464	34	103	60	5	69	0.0724638
NODE_204596_length_280_cov_3.436464	34	103	62	1	69	0.0144928
NODE_204596_length_280_cov_3.436464	34	103	66	2	69	0.0289855
NODE_204596_length_280_cov_3.436464	34	103	68	1	69	0.0144928
NODE_204596_length_280_cov_3.436464	34	103	72	1	69	0.0144928
NODE_204596_length_280_cov_3.436464	34	103	76	1	69	0.0144928
NODE_204596_length_280_cov_3.436464	34	103	82	1	69	0.0144928
NODE_204596_length_280_cov_3.436464	34	103	86	1	69	0.0144928
NODE_204596_length_280_cov_3.436464	34	103	92	1	69	0.0144928
NODE_204596_length_280_cov_3.436464	34	103	96	2	69	0.0289855
NODE_204596_length_280_cov_3.436464	34	103	104	1	69	0.0144928
NODE_204596_length_280_cov_3.436464	34	103	108	3	69	0.0434783
NODE_204596_length_280_cov_3.436464	34	103	110	6	69	0.0869565
NODE_204596_length_280_cov_3.436464	34	103	112	1	69	0.0144928
NODE_204596_length_280_cov_3.436464	34	103	117	1	69	0.0144928
NODE_204596_length_280_cov_3.436464	34	103	119	9	69	0.1304348
NODE_204596_length_280_cov_3.436464	34	103	120	22	69	0.3188406
NODE_204597_length_280_cov_3.430939	17	97	0	1	80	0.0125000
NODE_204597_length_280_cov_3.430939	17	97	2	8	80	0.1000000
NODE_204597_length_280_cov_3.430939	17	97	3	9	80	0.1125000
NODE_204597_length_280_cov_3.430939	17	97	4	19	80	0.2375000
NODE_204597_length_280_cov_3.430939	17	97	5	30	80	0.3750000
NODE_204597_length_280_cov_3.430939	17	97	6	13	80	0.1625000
NODE_204597_length_280_cov_3.430939	27	97	3	8	70	0.1142857
NODE_204597_length_280_cov_3.430939	27	97	4	19	70	0.2714286
NODE_204597_length_280_cov_3.430939	27	97	5	30	70	0.4285714
NODE_204597_length_280_cov_3.430939	27	97	6	13	70	0.1857143
NODE_204674_length_280_cov_2.988950	118	164	0	46	46	1.0000000
NODE_204938_length_280_cov_2.165746	2	48	0	46	46	1.0000000
NODE_204938_length_280_cov_2.165746	6	48	0	42	42	1.0000000
NODE_204938_length_280_cov_2.165746	21	101	0	80	80	1.0000000
NODE_204938_length_280_cov_2.165746	22	101	0	79	79	1.0000000
NODE_204938_length_280_cov_2.165746	32	101	0	69	69	1.0000000
NODE_204976_length_280_cov_2.022099	105	148	2	43	43	1.0000000
NODE_204976_length_280_cov_2.022099	121	148	2	27	27	1.0000000
NODE_205044_length_280_cov_1.889503	50	132	0	9	82	0.1097561
NODE_205044_length_280_cov_1.889503	50	132	2	1	82	0.0121951
NODE_205044_length_280_cov_1.889503	50	132	5	31	82	0.3780488
NODE_205044_length_280_cov_1.889503	50	132	6	41	82	0.5000000
NODE_205062_length_280_cov_1.828729	45	75	36	16	30	0.5333334
NODE_205062_length_280_cov_1.828729	45	75	38	14	30	0.4666667
NODE_205410_length_280_cov_1.425414	17	50	0	33	33	1.0000000
NODE_205410_length_280_cov_1.425414	70	112	0	42	42	1.0000000
NODE_205416_length_280_cov_1.414365	37	97	0	13	60	0.2166667
NODE_205416_length_280_cov_1.414365	37	97	2	47	60	0.7833334
NODE_205633_length_280_cov_1.187845	56	136	0	80	80	1.0000000
NODE_205635_length_280_cov_1.182320	154	234	2	18	80	0.2250000
NODE_205635_length_280_cov_1.182320	154	234	4	7	80	0.0875000
NODE_205635_length_280_cov_1.182320	154	234	8	13	80	0.1625000
NODE_205635_length_280_cov_1.182320	154	234	12	6	80	0.0750000
NODE_205635_length_280_cov_1.182320	154	234	13	9	80	0.1125000
NODE_205635_length_280_cov_1.182320	154	234	14	27	80	0.3375000
NODE_205635_length_280_cov_1.182320	207	280	0	46	73	0.6301370
NODE_205635_length_280_cov_1.182320	207	280	2	18	73	0.2465753
NODE_205635_length_280_cov_1.182320	207	280	4	7	73	0.0958904
NODE_205635_length_280_cov_1.182320	207	280	8	2	73	0.0273973
NODE_205701_length_280_cov_1.127072	204	265	0	1	61	0.0163934
NODE_205701_length_280_cov_1.127072	204	265	2	60	61	0.9836066
NODE_205794_length_280_cov_1.127072	0	39	0	17	39	0.4358974
NODE_205794_length_280_cov_1.127072	0	39	2	22	39	0.5641026
NODE_205801_length_280_cov_1.127072	218	253	0	35	35	1.0000000
NODE_205894_length_280_cov_1.127072	0	59	1	59	59	1.0000000
NODE_206211_length_280_cov_0.911602	176	256	0	58	80	0.7250000
NODE_206211_length_280_cov_0.911602	176	256	2	22	80	0.2750000
NODE_206211_length_280_cov_0.911602	229	280	0	51	51	1.0000000
NODE_206319_length_280_cov_0.845304	211	268	0	57	57	1.0000000
NODE_206531_length_280_cov_0.779006	129	203	16	6	74	0.0810811
NODE_206531_length_280_cov_0.779006	129	203	22	9	74	0.1216216
NODE_206531_length_280_cov_0.779006	129	203	24	9	74	0.1216216
NODE_206531_length_280_cov_0.779006	129	203	26	50	74	0.6756757
NODE_206721_length_279_cov_50.005556	51	130	22	15	79	0.1898734
NODE_206721_length_279_cov_50.005556	51	130	24	21	79	0.2658228
NODE_206721_length_279_cov_50.005556	51	130	26	20	79	0.2531646
NODE_206721_length_279_cov_50.005556	51	130	28	7	79	0.0886076
NODE_206721_length_279_cov_50.005556	51	130	30	16	79	0.2025317
NODE_206721_length_279_cov_50.005556	103	179	0	8	76	0.1052632
NODE_206721_length_279_cov_50.005556	103	179	4	9	76	0.1184211
NODE_206721_length_279_cov_50.005556	103	179	12	5	76	0.0657895
NODE_206721_length_279_cov_50.005556	103	179	14	3	76	0.0394737
NODE_206721_length_279_cov_50.005556	103	179	16	2	76	0.0263158
NODE_206721_length_279_cov_50.005556	103	179	18	10	76	0.1315790
NODE_206721_length_279_cov_50.005556	103	179	20	9	76	0.1184211
NODE_206721_length_279_cov_50.005556	103	179	22	18	76	0.2368421
NODE_206721_length_279_cov_50.005556	103	179	24	1	76	0.0131579
NODE_206721_length_279_cov_50.005556	103	179	26	2	76	0.0263158
NODE_206721_length_279_cov_50.005556	103	179	28	7	76	0.0921053
NODE_206721_length_279_cov_50.005556	103	179	30	2	76	0.0263158
NODE_206744_length_279_cov_6.055556	196	228	0	32	32	1.0000000
NODE_206762_length_279_cov_5.166667	197	277	0	80	80	1.0000000
NODE_206788_length_279_cov_4.427778	107	187	6	16	80	0.2000000
NODE_206788_length_279_cov_4.427778	107	187	8	12	80	0.1500000
NODE_206788_length_279_cov_4.427778	107	187	10	51	80	0.6375000
NODE_206788_length_279_cov_4.427778	107	187	12	1	80	0.0125000
NODE_206879_length_279_cov_3.200000	205	225	0	20	20	1.0000000
NODE_206886_length_279_cov_3.116667	115	195	0	80	80	1.0000000
NODE_206886_length_279_cov_3.116667	168	248	0	33	80	0.4125000
NODE_206886_length_279_cov_3.116667	168	248	2	47	80	0.5875000
NODE_206972_length_279_cov_2.600000	67	147	0	80	80	1.0000000
NODE_206972_length_279_cov_2.600000	120	199	0	79	79	1.0000000
NODE_207023_length_279_cov_2.427778	155	199	6	44	44	1.0000000
NODE_207052_length_279_cov_2.283333	168	240	0	72	72	1.0000000
NODE_207054_length_279_cov_2.277778	190	265	0	75	75	1.0000000
NODE_207086_length_279_cov_2.266667	66	109	4	7	43	0.1627907
NODE_207086_length_279_cov_2.266667	66	109	6	36	43	0.8372093
NODE_207115_length_279_cov_2.255556	115	176	0	19	61	0.3114754
NODE_207115_length_279_cov_2.255556	115	176	2	42	61	0.6885246
NODE_207115_length_279_cov_2.255556	168	222	0	3	54	0.0555556
NODE_207115_length_279_cov_2.255556	168	222	2	51	54	0.9444444
NODE_207155_length_279_cov_2.200000	57	104	0	13	47	0.2765957
NODE_207155_length_279_cov_2.200000	57	104	2	1	47	0.0212766
NODE_207155_length_279_cov_2.200000	57	104	5	33	47	0.7021276
NODE_207269_length_279_cov_1.977778	0	62	0	62	62	1.0000000
NODE_207293_length_279_cov_1.944444	63	105	0	42	42	1.0000000
NODE_207306_length_279_cov_1.916667	182	262	0	80	80	1.0000000
NODE_207318_length_279_cov_1.866667	63	143	0	33	80	0.4125000
NODE_207318_length_279_cov_1.866667	63	143	2	47	80	0.5875000
NODE_207387_length_279_cov_1.700000	8	37	0	29	29	1.0000000
NODE_207389_length_279_cov_1.700000	10	42	0	32	32	1.0000000
NODE_207534_length_279_cov_1.672222	103	183	0	80	80	1.0000000
NODE_207641_length_279_cov_1.433333	51	110	4	34	59	0.5762712
NODE_207641_length_279_cov_1.433333	51	110	6	25	59	0.4237288
NODE_207641_length_279_cov_1.433333	83	119	4	2	36	0.0555556
NODE_207641_length_279_cov_1.433333	83	119	6	34	36	0.9444444
NODE_207929_length_279_cov_1.144444	146	211	0	65	65	1.0000000
NODE_207929_length_279_cov_1.144444	184	266	0	82	82	1.0000000
NODE_207931_length_279_cov_1.138889	125	188	12	2	63	0.0317460
NODE_207931_length_279_cov_1.138889	125	188	13	1	63	0.0158730
NODE_207931_length_279_cov_1.138889	125	188	14	6	63	0.0952381
NODE_207931_length_279_cov_1.138889	125	188	15	3	63	0.0476190
NODE_207931_length_279_cov_1.138889	125	188	16	7	63	0.1111111
NODE_207931_length_279_cov_1.138889	125	188	17	16	63	0.2539683
NODE_207931_length_279_cov_1.138889	125	188	18	21	63	0.3333333
NODE_207931_length_279_cov_1.138889	125	188	19	5	63	0.0793651
NODE_207931_length_279_cov_1.138889	125	188	20	2	63	0.0317460
NODE_207932_length_279_cov_1.138889	111	191	0	80	80	1.0000000
NODE_207948_length_279_cov_1.133333	231	271	0	40	40	1.0000000
NODE_208183_length_279_cov_1.116667	15	92	0	6	77	0.0779221
NODE_208183_length_279_cov_1.116667	15	92	2	71	77	0.9220779
NODE_208334_length_279_cov_0.988889	181	261	0	30	80	0.3750000
NODE_208334_length_279_cov_0.988889	181	261	2	28	80	0.3500000
NODE_208334_length_279_cov_0.988889	181	261	4	22	80	0.2750000
NODE_208410_length_279_cov_0.927778	50	69	2	19	19	1.0000000
NODE_208410_length_279_cov_0.927778	50	69	2	19	19	1.0000000
NODE_208664_length_279_cov_0.844444	35	70	0	35	35	1.0000000
NODE_209293_length_278_cov_44.882682	158	210	2	6	52	0.1153846
NODE_209293_length_278_cov_44.882682	158	210	6	14	52	0.2692308
NODE_209293_length_278_cov_44.882682	158	210	8	5	52	0.0961538
NODE_209293_length_278_cov_44.882682	158	210	12	8	52	0.1538462
NODE_209293_length_278_cov_44.882682	158	210	14	5	52	0.0961538
NODE_209293_length_278_cov_44.882682	158	210	15	2	52	0.0384615
NODE_209293_length_278_cov_44.882682	158	210	19	8	52	0.1538462
NODE_209293_length_278_cov_44.882682	158	210	23	1	52	0.0192308
NODE_209293_length_278_cov_44.882682	158	210	24	2	52	0.0384615
NODE_209293_length_278_cov_44.882682	158	210	25	1	52	0.0192308
NODE_209293_length_278_cov_44.882682	206	232	0	18	26	0.6923077
NODE_209293_length_278_cov_44.882682	206	232	2	8	26	0.3076923
NODE_209293_length_278_cov_44.882682	206	265	0	51	59	0.8644068
NODE_209293_length_278_cov_44.882682	206	265	2	8	59	0.1355932
NODE_209294_length_278_cov_37.474860	0	52	0	52	52	1.0000000
NODE_209294_length_278_cov_37.474860	48	128	0	56	80	0.7000000
NODE_209294_length_278_cov_37.474860	48	128	2	24	80	0.3000000
NODE_209294_length_278_cov_37.474860	101	181	0	3	80	0.0375000
NODE_209294_length_278_cov_37.474860	101	181	2	77	80	0.9625000
NODE_209295_length_278_cov_21.340782	84	164	0	47	80	0.5875000
NODE_209295_length_278_cov_21.340782	84	164	2	10	80	0.1250000
NODE_209295_length_278_cov_21.340782	84	164	6	23	80	0.2875000
NODE_209295_length_278_cov_21.340782	137	217	2	4	80	0.0500000
NODE_209295_length_278_cov_21.340782	137	217	4	4	80	0.0500000
NODE_209295_length_278_cov_21.340782	137	217	6	72	80	0.9000000
NODE_209360_length_278_cov_4.156425	132	210	9	5	78	0.0641026
NODE_209360_length_278_cov_4.156425	132	210	10	9	78	0.1153846
NODE_209360_length_278_cov_4.156425	132	210	12	29	78	0.3717949
NODE_209360_length_278_cov_4.156425	132	210	13	27	78	0.3461539
NODE_209360_length_278_cov_4.156425	132	210	14	7	78	0.0897436
NODE_209360_length_278_cov_4.156425	132	210	18	1	78	0.0128205
NODE_209360_length_278_cov_4.156425	193	263	4	26	70	0.3714286
NODE_209360_length_278_cov_4.156425	193	263	6	10	70	0.1428571
NODE_209360_length_278_cov_4.156425	193	263	7	17	70	0.2428571
NODE_209360_length_278_cov_4.156425	193	263	13	17	70	0.2428571
NODE_209372_length_278_cov_3.977654	142	221	0	8	79	0.1012658
NODE_209372_length_278_cov_3.977654	142	221	2	71	79	0.8987342
NODE_209378_length_278_cov_3.865922	168	210	0	42	42	1.0000000
NODE_209552_length_278_cov_2.558659	93	123	0	30	30	1.0000000
NODE_209565_length_278_cov_2.513966	54	106	0	52	52	1.0000000
NODE_209565_length_278_cov_2.513966	79	158	0	78	79	0.9873418
NODE_209565_length_278_cov_2.513966	79	158	2	1	79	0.0126582
NODE_209605_length_278_cov_2.296089	127	207	1	36	80	0.4500000
NODE_209605_length_278_cov_2.296089	127	207	2	17	80	0.2125000
NODE_209605_length_278_cov_2.296089	127	207	4	16	80	0.2000000
NODE_209605_length_278_cov_2.296089	127	207	6	11	80	0.1375000
NODE_209883_length_278_cov_1.731844	145	194	39	2	49	0.0408163
NODE_209883_length_278_cov_1.731844	145	194	43	4	49	0.0816327
NODE_209883_length_278_cov_1.731844	145	194	45	2	49	0.0408163
NODE_209883_length_278_cov_1.731844	145	194	46	3	49	0.0612245
NODE_209883_length_278_cov_1.731844	145	194	50	3	49	0.0612245
NODE_209883_length_278_cov_1.731844	145	194	52	3	49	0.0612245
NODE_209883_length_278_cov_1.731844	145	194	54	3	49	0.0612245
NODE_209883_length_278_cov_1.731844	145	194	56	1	49	0.0204082
NODE_209883_length_278_cov_1.731844	145	194	60	1	49	0.0204082
NODE_209883_length_278_cov_1.731844	145	194	62	6	49	0.1224490
NODE_209883_length_278_cov_1.731844	145	194	64	21	49	0.4285714
NODE_210038_length_278_cov_1.681564	129	184	0	27	55	0.4909091
NODE_210038_length_278_cov_1.681564	129	184	4	28	55	0.5090909
NODE_210068_length_278_cov_1.636872	13	41	4	2	28	0.0714286
NODE_210068_length_278_cov_1.636872	13	41	18	3	28	0.1071429
NODE_210068_length_278_cov_1.636872	13	41	20	1	28	0.0357143
NODE_210068_length_278_cov_1.636872	13	41	22	1	28	0.0357143
NODE_210068_length_278_cov_1.636872	13	41	24	21	28	0.7500000
NODE_210373_length_278_cov_1.290503	3	67	7	6	64	0.0937500
NODE_210373_length_278_cov_1.290503	3	67	10	2	64	0.0312500
NODE_210373_length_278_cov_1.290503	3	67	11	4	64	0.0625000
NODE_210373_length_278_cov_1.290503	3	67	13	2	64	0.0312500
NODE_210373_length_278_cov_1.290503	3	67	15	2	64	0.0312500
NODE_210373_length_278_cov_1.290503	3	67	16	1	64	0.0156250
NODE_210373_length_278_cov_1.290503	3	67	21	3	64	0.0468750
NODE_210373_length_278_cov_1.290503	3	67	22	2	64	0.0312500
NODE_210373_length_278_cov_1.290503	3	67	30	2	64	0.0312500
NODE_210373_length_278_cov_1.290503	3	67	36	9	64	0.1406250
NODE_210373_length_278_cov_1.290503	3	67	38	1	64	0.0156250
NODE_210373_length_278_cov_1.290503	3	67	40	1	64	0.0156250
NODE_210373_length_278_cov_1.290503	3	67	42	2	64	0.0312500
NODE_210373_length_278_cov_1.290503	3	67	43	2	64	0.0312500
NODE_210373_length_278_cov_1.290503	3	67	49	17	64	0.2656250
NODE_210373_length_278_cov_1.290503	3	67	50	3	64	0.0468750
NODE_210373_length_278_cov_1.290503	3	67	51	1	64	0.0156250
NODE_210373_length_278_cov_1.290503	3	67	52	4	64	0.0625000
NODE_210373_length_278_cov_1.290503	3	67	7	6	64	0.0937500
NODE_210373_length_278_cov_1.290503	3	67	10	2	64	0.0312500
NODE_210373_length_278_cov_1.290503	3	67	11	4	64	0.0625000
NODE_210373_length_278_cov_1.290503	3	67	13	2	64	0.0312500
NODE_210373_length_278_cov_1.290503	3	67	15	2	64	0.0312500
NODE_210373_length_278_cov_1.290503	3	67	16	1	64	0.0156250
NODE_210373_length_278_cov_1.290503	3	67	21	3	64	0.0468750
NODE_210373_length_278_cov_1.290503	3	67	22	2	64	0.0312500
NODE_210373_length_278_cov_1.290503	3	67	30	2	64	0.0312500
NODE_210373_length_278_cov_1.290503	3	67	36	9	64	0.1406250
NODE_210373_length_278_cov_1.290503	3	67	38	1	64	0.0156250
NODE_210373_length_278_cov_1.290503	3	67	40	1	64	0.0156250
NODE_210373_length_278_cov_1.290503	3	67	42	2	64	0.0312500
NODE_210373_length_278_cov_1.290503	3	67	43	2	64	0.0312500
NODE_210373_length_278_cov_1.290503	3	67	49	17	64	0.2656250
NODE_210373_length_278_cov_1.290503	3	67	50	3	64	0.0468750
NODE_210373_length_278_cov_1.290503	3	67	51	1	64	0.0156250
NODE_210373_length_278_cov_1.290503	3	67	52	4	64	0.0625000
NODE_210373_length_278_cov_1.290503	3	67	7	6	64	0.0937500
NODE_210373_length_278_cov_1.290503	3	67	10	2	64	0.0312500
NODE_210373_length_278_cov_1.290503	3	67	11	4	64	0.0625000
NODE_210373_length_278_cov_1.290503	3	67	13	2	64	0.0312500
NODE_210373_length_278_cov_1.290503	3	67	15	2	64	0.0312500
NODE_210373_length_278_cov_1.290503	3	67	16	1	64	0.0156250
NODE_210373_length_278_cov_1.290503	3	67	21	3	64	0.0468750
NODE_210373_length_278_cov_1.290503	3	67	22	2	64	0.0312500
NODE_210373_length_278_cov_1.290503	3	67	30	2	64	0.0312500
NODE_210373_length_278_cov_1.290503	3	67	36	9	64	0.1406250
NODE_210373_length_278_cov_1.290503	3	67	38	1	64	0.0156250
NODE_210373_length_278_cov_1.290503	3	67	40	1	64	0.0156250
NODE_210373_length_278_cov_1.290503	3	67	42	2	64	0.0312500
NODE_210373_length_278_cov_1.290503	3	67	43	2	64	0.0312500
NODE_210373_length_278_cov_1.290503	3	67	49	17	64	0.2656250
NODE_210373_length_278_cov_1.290503	3	67	50	3	64	0.0468750
NODE_210373_length_278_cov_1.290503	3	67	51	1	64	0.0156250
NODE_210373_length_278_cov_1.290503	3	67	52	4	64	0.0625000
NODE_210463_length_278_cov_1.150838	52	76	2	24	24	1.0000000
NODE_210463_length_278_cov_1.150838	58	84	0	4	26	0.1538462
NODE_210463_length_278_cov_1.150838	58	84	2	22	26	0.8461539
NODE_210559_length_278_cov_1.139665	108	187	0	25	79	0.3164557
NODE_210559_length_278_cov_1.139665	108	187	1	5	79	0.0632911
NODE_210559_length_278_cov_1.139665	108	187	2	49	79	0.6202531
NODE_210612_length_278_cov_1.139665	232	278	0	46	46	1.0000000
NODE_210691_length_278_cov_1.139665	210	278	0	68	68	1.0000000
NODE_212166_length_277_cov_2.691011	0	60	0	60	60	1.0000000
NODE_212166_length_277_cov_2.691011	33	113	0	80	80	1.0000000
NODE_212175_length_277_cov_2.617978	85	127	0	12	42	0.2857143
NODE_212175_length_277_cov_2.617978	85	127	2	30	42	0.7142857
NODE_212233_length_277_cov_2.438202	137	218	4	18	81	0.2222222
NODE_212233_length_277_cov_2.438202	137	218	6	63	81	0.7777778
NODE_212357_length_277_cov_2.140449	234	276	0	42	42	1.0000000
NODE_212377_length_277_cov_2.095506	41	114	0	73	73	1.0000000
NODE_212377_length_277_cov_2.095506	41	114	0	73	73	1.0000000
NODE_212377_length_277_cov_2.095506	94	161	0	53	67	0.7910448
NODE_212377_length_277_cov_2.095506	94	161	2	14	67	0.2089552
NODE_212525_length_277_cov_1.837079	92	172	6	7	80	0.0875000
NODE_212525_length_277_cov_1.837079	92	172	8	50	80	0.6250000
NODE_212525_length_277_cov_1.837079	92	172	10	23	80	0.2875000
NODE_212558_length_277_cov_1.764045	115	155	0	25	40	0.6250000
NODE_212558_length_277_cov_1.764045	115	155	3	1	40	0.0250000
NODE_212558_length_277_cov_1.764045	115	155	4	8	40	0.2000000
NODE_212558_length_277_cov_1.764045	115	155	6	2	40	0.0500000
NODE_212558_length_277_cov_1.764045	115	155	8	4	40	0.1000000
NODE_212605_length_277_cov_1.719101	150	215	0	20	65	0.3076923
NODE_212605_length_277_cov_1.719101	150	215	2	45	65	0.6923077
NODE_212845_length_277_cov_1.505618	0	47	0	47	47	1.0000000
NODE_212845_length_277_cov_1.505618	20	100	0	80	80	1.0000000
NODE_212970_length_277_cov_1.426966	113	191	0	28	78	0.3589744
NODE_212970_length_277_cov_1.426966	113	191	1	1	78	0.0128205
NODE_212970_length_277_cov_1.426966	113	191	2	38	78	0.4871795
NODE_212970_length_277_cov_1.426966	113	191	4	11	78	0.1410256
NODE_213057_length_277_cov_1.314607	127	176	0	49	49	1.0000000
NODE_213091_length_277_cov_1.258427	141	222	0	81	81	1.0000000
NODE_213223_length_277_cov_1.146067	19	95	6	3	76	0.0394737
NODE_213223_length_277_cov_1.146067	19	95	7	4	76	0.0526316
NODE_213223_length_277_cov_1.146067	19	95	8	5	76	0.0657895
NODE_213223_length_277_cov_1.146067	19	95	9	14	76	0.1842105
NODE_213223_length_277_cov_1.146067	19	95	11	15	76	0.1973684
NODE_213223_length_277_cov_1.146067	19	95	12	1	76	0.0131579
NODE_213223_length_277_cov_1.146067	19	95	13	20	76	0.2631579
NODE_213223_length_277_cov_1.146067	19	95	15	6	76	0.0789474
NODE_213223_length_277_cov_1.146067	19	95	19	4	76	0.0526316
NODE_213223_length_277_cov_1.146067	19	95	20	4	76	0.0526316
NODE_213490_length_277_cov_1.061798	67	105	0	13	38	0.3421053
NODE_213490_length_277_cov_1.061798	67	105	2	25	38	0.6578947
NODE_213505_length_277_cov_1.044944	19	77	0	58	58	1.0000000
NODE_214572_length_276_cov_31.774011	91	153	29	1	62	0.0161290
NODE_214572_length_276_cov_31.774011	91	153	30	2	62	0.0322581
NODE_214572_length_276_cov_31.774011	91	153	34	1	62	0.0161290
NODE_214572_length_276_cov_31.774011	91	153	36	3	62	0.0483871
NODE_214572_length_276_cov_31.774011	91	153	38	1	62	0.0161290
NODE_214572_length_276_cov_31.774011	91	153	40	3	62	0.0483871
NODE_214572_length_276_cov_31.774011	91	153	41	3	62	0.0483871
NODE_214572_length_276_cov_31.774011	91	153	43	2	62	0.0322581
NODE_214572_length_276_cov_31.774011	91	153	47	2	62	0.0322581
NODE_214572_length_276_cov_31.774011	91	153	50	2	62	0.0322581
NODE_214572_length_276_cov_31.774011	91	153	54	3	62	0.0483871
NODE_214572_length_276_cov_31.774011	91	153	58	1	62	0.0161290
NODE_214572_length_276_cov_31.774011	91	153	61	2	62	0.0322581
NODE_214572_length_276_cov_31.774011	91	153	62	1	62	0.0161290
NODE_214572_length_276_cov_31.774011	91	153	63	1	62	0.0161290
NODE_214572_length_276_cov_31.774011	91	153	65	1	62	0.0161290
NODE_214572_length_276_cov_31.774011	91	153	76	1	62	0.0161290
NODE_214572_length_276_cov_31.774011	91	153	80	1	62	0.0161290
NODE_214572_length_276_cov_31.774011	91	153	84	1	62	0.0161290
NODE_214572_length_276_cov_31.774011	91	153	89	1	62	0.0161290
NODE_214572_length_276_cov_31.774011	91	153	94	1	62	0.0161290
NODE_214572_length_276_cov_31.774011	91	153	100	1	62	0.0161290
NODE_214572_length_276_cov_31.774011	91	153	101	1	62	0.0161290
NODE_214572_length_276_cov_31.774011	91	153	103	1	62	0.0161290
NODE_214572_length_276_cov_31.774011	91	153	106	2	62	0.0322581
NODE_214572_length_276_cov_31.774011	91	153	110	1	62	0.0161290
NODE_214572_length_276_cov_31.774011	91	153	120	1	62	0.0161290
NODE_214572_length_276_cov_31.774011	91	153	125	1	62	0.0161290
NODE_214572_length_276_cov_31.774011	91	153	129	2	62	0.0322581
NODE_214572_length_276_cov_31.774011	91	153	141	1	62	0.0161290
NODE_214572_length_276_cov_31.774011	91	153	143	2	62	0.0322581
NODE_214572_length_276_cov_31.774011	91	153	152	1	62	0.0161290
NODE_214572_length_276_cov_31.774011	91	153	165	1	62	0.0161290
NODE_214572_length_276_cov_31.774011	91	153	167	3	62	0.0483871
NODE_214572_length_276_cov_31.774011	91	153	171	1	62	0.0161290
NODE_214572_length_276_cov_31.774011	91	153	175	1	62	0.0161290
NODE_214572_length_276_cov_31.774011	91	153	179	1	62	0.0161290
NODE_214572_length_276_cov_31.774011	91	153	180	1	62	0.0161290
NODE_214572_length_276_cov_31.774011	91	153	182	1	62	0.0161290
NODE_214572_length_276_cov_31.774011	91	153	183	2	62	0.0322581
NODE_214572_length_276_cov_31.774011	91	153	186	2	62	0.0322581
NODE_214572_length_276_cov_31.774011	91	153	190	1	62	0.0161290
NODE_214576_length_276_cov_10.056497	66	146	0	56	80	0.7000000
NODE_214576_length_276_cov_10.056497	66	146	4	7	80	0.0875000
NODE_214576_length_276_cov_10.056497	66	146	8	17	80	0.2125000
NODE_214698_length_276_cov_3.564972	176	256	2	7	80	0.0875000
NODE_214698_length_276_cov_3.564972	176	256	4	34	80	0.4250000
NODE_214698_length_276_cov_3.564972	176	256	6	10	80	0.1250000
NODE_214698_length_276_cov_3.564972	176	256	8	26	80	0.3250000
NODE_214698_length_276_cov_3.564972	176	256	10	3	80	0.0375000
NODE_214785_length_276_cov_2.920904	203	260	0	57	57	1.0000000
NODE_214785_length_276_cov_2.920904	233	276	0	43	43	1.0000000
NODE_214883_length_276_cov_2.542373	164	204	28	3	40	0.0750000
NODE_214883_length_276_cov_2.542373	164	204	30	12	40	0.3000000
NODE_214883_length_276_cov_2.542373	164	204	31	2	40	0.0500000
NODE_214883_length_276_cov_2.542373	164	204	32	5	40	0.1250000
NODE_214883_length_276_cov_2.542373	164	204	33	3	40	0.0750000
NODE_214883_length_276_cov_2.542373	164	204	34	1	40	0.0250000
NODE_214883_length_276_cov_2.542373	164	204	35	6	40	0.1500000
NODE_214883_length_276_cov_2.542373	164	204	36	4	40	0.1000000
NODE_214883_length_276_cov_2.542373	164	204	38	4	40	0.1000000
NODE_215016_length_276_cov_2.197740	64	144	2	71	80	0.8875000
NODE_215016_length_276_cov_2.197740	64	144	4	9	80	0.1125000
NODE_215086_length_276_cov_2.022599	136	193	8	3	57	0.0526316
NODE_215086_length_276_cov_2.022599	136	193	10	5	57	0.0877193
NODE_215086_length_276_cov_2.022599	136	193	18	9	57	0.1578947
NODE_215086_length_276_cov_2.022599	136	193	20	31	57	0.5438597
NODE_215086_length_276_cov_2.022599	136	193	22	9	57	0.1578947
NODE_215105_length_276_cov_2.016949	97	138	0	41	41	1.0000000
NODE_215139_length_276_cov_2.005650	82	153	0	28	71	0.3943662
NODE_215139_length_276_cov_2.005650	82	153	2	25	71	0.3521127
NODE_215139_length_276_cov_2.005650	82	153	4	18	71	0.2535211
NODE_215234_length_276_cov_1.734463	102	182	16	1	80	0.0125000
NODE_215234_length_276_cov_1.734463	102	182	18	6	80	0.0750000
NODE_215234_length_276_cov_1.734463	102	182	20	1	80	0.0125000
NODE_215234_length_276_cov_1.734463	102	182	22	11	80	0.1375000
NODE_215234_length_276_cov_1.734463	102	182	24	10	80	0.1250000
NODE_215234_length_276_cov_1.734463	102	182	25	1	80	0.0125000
NODE_215234_length_276_cov_1.734463	102	182	26	7	80	0.0875000
NODE_215234_length_276_cov_1.734463	102	182	28	2	80	0.0250000
NODE_215234_length_276_cov_1.734463	102	182	32	16	80	0.2000000
NODE_215234_length_276_cov_1.734463	102	182	33	1	80	0.0125000
NODE_215234_length_276_cov_1.734463	102	182	34	17	80	0.2125000
NODE_215234_length_276_cov_1.734463	102	182	35	7	80	0.0875000
NODE_215516_length_276_cov_1.525424	70	116	0	5	46	0.1086956
NODE_215516_length_276_cov_1.525424	70	116	2	41	46	0.8913044
NODE_215516_length_276_cov_1.525424	123	169	0	14	46	0.3043478
NODE_215516_length_276_cov_1.525424	123	169	2	32	46	0.6956522
NODE_215519_length_276_cov_1.514124	115	155	46	15	40	0.3750000
NODE_215519_length_276_cov_1.514124	115	155	48	17	40	0.4250000
NODE_215519_length_276_cov_1.514124	115	155	50	8	40	0.2000000
NODE_215748_length_276_cov_1.288136	114	154	6	16	40	0.4000000
NODE_215748_length_276_cov_1.288136	114	154	8	24	40	0.6000000
NODE_216141_length_276_cov_1.124294	122	170	0	48	48	1.0000000
NODE_216141_length_276_cov_1.124294	132	163	0	31	31	1.0000000
NODE_216220_length_276_cov_1.039548	7	68	1	32	61	0.5245901
NODE_216220_length_276_cov_1.039548	7	68	2	3	61	0.0491803
NODE_216220_length_276_cov_1.039548	7	68	4	26	61	0.4262295
NODE_216220_length_276_cov_1.039548	7	70	1	32	63	0.5079365
NODE_216220_length_276_cov_1.039548	7	70	2	3	63	0.0476190
NODE_216220_length_276_cov_1.039548	7	70	4	28	63	0.4444444
NODE_216220_length_276_cov_1.039548	7	70	1	32	63	0.5079365
NODE_216220_length_276_cov_1.039548	7	70	2	3	63	0.0476190
NODE_216220_length_276_cov_1.039548	7	70	4	28	63	0.4444444
NODE_216220_length_276_cov_1.039548	7	70	1	32	63	0.5079365
NODE_216220_length_276_cov_1.039548	7	70	2	3	63	0.0476190
NODE_216220_length_276_cov_1.039548	7	70	4	28	63	0.4444444
NODE_216269_length_276_cov_1.000000	48	89	0	12	41	0.2926829
NODE_216269_length_276_cov_1.000000	48	89	4	29	41	0.7073171
NODE_216269_length_276_cov_1.000000	62	106	0	29	44	0.6590909
NODE_216269_length_276_cov_1.000000	62	106	4	15	44	0.3409091
NODE_216414_length_276_cov_0.898305	54	105	0	51	51	1.0000000
NODE_217265_length_275_cov_85.085227	94	174	2	8	80	0.1000000
NODE_217265_length_275_cov_85.085227	94	174	4	11	80	0.1375000
NODE_217265_length_275_cov_85.085227	94	174	6	61	80	0.7625000
NODE_217265_length_275_cov_85.085227	147	227	2	27	80	0.3375000
NODE_217265_length_275_cov_85.085227	147	227	4	7	80	0.0875000
NODE_217265_length_275_cov_85.085227	147	227	6	46	80	0.5750000
NODE_217287_length_275_cov_5.818182	0	44	0	44	44	1.0000000
NODE_217355_length_275_cov_3.857955	0	67	0	67	67	1.0000000
NODE_217396_length_275_cov_3.306818	199	275	0	76	76	1.0000000
NODE_217402_length_275_cov_3.284091	127	175	0	48	48	1.0000000
NODE_217433_length_275_cov_2.977273	95	145	10	1	50	0.0200000
NODE_217433_length_275_cov_2.977273	95	145	12	13	50	0.2600000
NODE_217433_length_275_cov_2.977273	95	145	14	5	50	0.1000000
NODE_217433_length_275_cov_2.977273	95	145	16	4	50	0.0800000
NODE_217433_length_275_cov_2.977273	95	145	18	2	50	0.0400000
NODE_217433_length_275_cov_2.977273	95	145	20	25	50	0.5000000
NODE_217531_length_275_cov_2.585227	85	122	146	3	37	0.0810811
NODE_217531_length_275_cov_2.585227	85	122	148	1	37	0.0270270
NODE_217531_length_275_cov_2.585227	85	122	150	1	37	0.0270270
NODE_217531_length_275_cov_2.585227	85	122	152	3	37	0.0810811
NODE_217531_length_275_cov_2.585227	85	122	156	4	37	0.1081081
NODE_217531_length_275_cov_2.585227	85	122	158	3	37	0.0810811
NODE_217531_length_275_cov_2.585227	85	122	160	8	37	0.2162162
NODE_217531_length_275_cov_2.585227	85	122	162	5	37	0.1351351
NODE_217531_length_275_cov_2.585227	85	122	164	9	37	0.2432432
NODE_217714_length_275_cov_2.090909	0	47	0	39	47	0.8297873
NODE_217714_length_275_cov_2.090909	0	47	2	8	47	0.1702128
NODE_217714_length_275_cov_2.090909	20	91	0	19	71	0.2676056
NODE_217714_length_275_cov_2.090909	20	91	2	52	71	0.7323943
NODE_217801_length_275_cov_1.960227	198	251	0	13	53	0.2452830
NODE_217801_length_275_cov_1.960227	198	251	2	40	53	0.7547170
NODE_217835_length_275_cov_1.875000	190	247	2	57	57	1.0000000
NODE_217839_length_275_cov_1.857955	52	119	0	31	67	0.4626866
NODE_217839_length_275_cov_1.857955	52	119	4	30	67	0.4477612
NODE_217839_length_275_cov_1.857955	52	119	6	6	67	0.0895522
NODE_217839_length_275_cov_1.857955	136	182	4	5	46	0.1086956
NODE_217839_length_275_cov_1.857955	136	182	5	8	46	0.1739130
NODE_217839_length_275_cov_1.857955	136	182	6	33	46	0.7173913
NODE_217885_length_275_cov_1.755682	21	76	2	55	55	1.0000000
NODE_217912_length_275_cov_1.738636	225	256	0	31	31	1.0000000
NODE_217967_length_275_cov_1.738636	161	241	0	52	80	0.6500000
NODE_217967_length_275_cov_1.738636	161	241	2	28	80	0.3500000
NODE_218257_length_275_cov_1.448864	123	155	10	32	32	1.0000000
NODE_218402_length_275_cov_1.301136	132	196	1	10	64	0.1562500
NODE_218402_length_275_cov_1.301136	132	196	2	54	64	0.8437500
NODE_218706_length_275_cov_1.159091	13	93	0	20	80	0.2500000
NODE_218706_length_275_cov_1.159091	13	93	2	5	80	0.0625000
NODE_218706_length_275_cov_1.159091	13	93	4	20	80	0.2500000
NODE_218706_length_275_cov_1.159091	13	93	6	35	80	0.4375000
NODE_218734_length_275_cov_1.153409	11	91	0	25	80	0.3125000
NODE_218734_length_275_cov_1.153409	11	91	2	55	80	0.6875000
NODE_219031_length_275_cov_0.937500	13	49	22	6	36	0.1666667
NODE_219031_length_275_cov_0.937500	13	49	24	2	36	0.0555556
NODE_219031_length_275_cov_0.937500	13	49	30	3	36	0.0833333
NODE_219031_length_275_cov_0.937500	13	49	32	1	36	0.0277778
NODE_219031_length_275_cov_0.937500	13	49	33	3	36	0.0833333
NODE_219031_length_275_cov_0.937500	13	49	35	6	36	0.1666667
NODE_219031_length_275_cov_0.937500	13	49	39	5	36	0.1388889
NODE_219031_length_275_cov_0.937500	13	49	42	1	36	0.0277778
NODE_219031_length_275_cov_0.937500	13	49	44	1	36	0.0277778
NODE_219031_length_275_cov_0.937500	13	49	45	2	36	0.0555556
NODE_219031_length_275_cov_0.937500	13	49	49	1	36	0.0277778
NODE_219031_length_275_cov_0.937500	13	49	51	1	36	0.0277778
NODE_219031_length_275_cov_0.937500	13	49	53	2	36	0.0555556
NODE_219031_length_275_cov_0.937500	13	49	55	2	36	0.0555556
NODE_219031_length_275_cov_0.937500	22	86	30	2	64	0.0312500
NODE_219031_length_275_cov_0.937500	22	86	32	1	64	0.0156250
NODE_219031_length_275_cov_0.937500	22	86	33	3	64	0.0468750
NODE_219031_length_275_cov_0.937500	22	86	35	6	64	0.0937500
NODE_219031_length_275_cov_0.937500	22	86	39	5	64	0.0781250
NODE_219031_length_275_cov_0.937500	22	86	42	1	64	0.0156250
NODE_219031_length_275_cov_0.937500	22	86	44	1	64	0.0156250
NODE_219031_length_275_cov_0.937500	22	86	45	2	64	0.0312500
NODE_219031_length_275_cov_0.937500	22	86	49	1	64	0.0156250
NODE_219031_length_275_cov_0.937500	22	86	51	1	64	0.0156250
NODE_219031_length_275_cov_0.937500	22	86	53	2	64	0.0312500
NODE_219031_length_275_cov_0.937500	22	86	55	2	64	0.0312500
NODE_219031_length_275_cov_0.937500	22	86	56	8	64	0.1250000
NODE_219031_length_275_cov_0.937500	22	86	58	1	64	0.0156250
NODE_219031_length_275_cov_0.937500	22	86	62	16	64	0.2500000
NODE_219031_length_275_cov_0.937500	22	86	64	5	64	0.0781250
NODE_219031_length_275_cov_0.937500	22	86	66	1	64	0.0156250
NODE_219031_length_275_cov_0.937500	22	86	77	1	64	0.0156250
NODE_219031_length_275_cov_0.937500	22	86	79	2	64	0.0312500
NODE_219031_length_275_cov_0.937500	22	86	83	3	64	0.0468750
NODE_219220_length_275_cov_0.869318	67	126	0	37	59	0.6271186
NODE_219220_length_275_cov_0.869318	67	126	2	22	59	0.3728814
NODE_219655_length_275_cov_0.579545	40	70	0	30	30	1.0000000
NODE_220021_length_274_cov_6.074286	141	175	0	34	34	1.0000000
NODE_220047_length_274_cov_4.845714	48	105	0	6	57	0.1052632
NODE_220047_length_274_cov_4.845714	48	105	2	51	57	0.8947368
NODE_220047_length_274_cov_4.845714	113	175	0	48	62	0.7741935
NODE_220047_length_274_cov_4.845714	113	175	2	14	62	0.2258064
NODE_220078_length_274_cov_4.080000	210	274	0	22	64	0.3437500
NODE_220078_length_274_cov_4.080000	210	274	2	42	64	0.6562500
NODE_220215_length_274_cov_2.988571	104	161	0	57	57	1.0000000
NODE_220221_length_274_cov_2.937143	199	234	0	35	35	1.0000000
NODE_220293_length_274_cov_2.622857	29	76	1	2	47	0.0425532
NODE_220293_length_274_cov_2.622857	29	76	2	43	47	0.9148936
NODE_220293_length_274_cov_2.622857	29	76	3	2	47	0.0425532
NODE_220293_length_274_cov_2.622857	82	157	2	52	75	0.6933333
NODE_220293_length_274_cov_2.622857	82	157	4	23	75	0.3066667
NODE_220413_length_274_cov_2.308571	51	130	3	2	79	0.0253165
NODE_220413_length_274_cov_2.308571	51	130	5	1	79	0.0126582
NODE_220413_length_274_cov_2.308571	51	130	11	5	79	0.0632911
NODE_220413_length_274_cov_2.308571	51	130	13	1	79	0.0126582
NODE_220413_length_274_cov_2.308571	51	130	20	2	79	0.0253165
NODE_220413_length_274_cov_2.308571	51	130	22	2	79	0.0253165
NODE_220413_length_274_cov_2.308571	51	130	24	1	79	0.0126582
NODE_220413_length_274_cov_2.308571	51	130	26	6	79	0.0759494
NODE_220413_length_274_cov_2.308571	51	130	28	3	79	0.0379747
NODE_220413_length_274_cov_2.308571	51	130	30	1	79	0.0126582
NODE_220413_length_274_cov_2.308571	51	130	32	2	79	0.0253165
NODE_220413_length_274_cov_2.308571	51	130	36	1	79	0.0126582
NODE_220413_length_274_cov_2.308571	51	130	38	1	79	0.0126582
NODE_220413_length_274_cov_2.308571	51	130	42	1	79	0.0126582
NODE_220413_length_274_cov_2.308571	51	130	44	2	79	0.0253165
NODE_220413_length_274_cov_2.308571	51	130	46	2	79	0.0253165
NODE_220413_length_274_cov_2.308571	51	130	48	1	79	0.0126582
NODE_220413_length_274_cov_2.308571	51	130	50	1	79	0.0126582
NODE_220413_length_274_cov_2.308571	51	130	54	1	79	0.0126582
NODE_220413_length_274_cov_2.308571	51	130	58	1	79	0.0126582
NODE_220413_length_274_cov_2.308571	51	130	60	1	79	0.0126582
NODE_220413_length_274_cov_2.308571	51	130	61	2	79	0.0253165
NODE_220413_length_274_cov_2.308571	51	130	63	1	79	0.0126582
NODE_220413_length_274_cov_2.308571	51	130	65	2	79	0.0253165
NODE_220413_length_274_cov_2.308571	51	130	67	1	79	0.0126582
NODE_220413_length_274_cov_2.308571	51	130	69	6	79	0.0759494
NODE_220413_length_274_cov_2.308571	51	130	75	1	79	0.0126582
NODE_220413_length_274_cov_2.308571	51	130	77	1	79	0.0126582
NODE_220413_length_274_cov_2.308571	51	130	87	8	79	0.1012658
NODE_220413_length_274_cov_2.308571	51	130	90	2	79	0.0253165
NODE_220413_length_274_cov_2.308571	51	130	92	1	79	0.0126582
NODE_220413_length_274_cov_2.308571	51	130	94	3	79	0.0379747
NODE_220413_length_274_cov_2.308571	51	130	95	2	79	0.0253165
NODE_220413_length_274_cov_2.308571	51	130	96	4	79	0.0506329
NODE_220413_length_274_cov_2.308571	51	130	97	6	79	0.0759494
NODE_220413_length_274_cov_2.308571	51	130	101	1	79	0.0126582
NODE_220504_length_274_cov_2.062857	172	242	0	62	70	0.8857143
NODE_220504_length_274_cov_2.062857	172	242	2	8	70	0.1142857
NODE_220504_length_274_cov_2.062857	215	256	0	41	41	1.0000000
NODE_220662_length_274_cov_1.754286	219	259	0	40	40	1.0000000
NODE_220681_length_274_cov_1.748571	168	231	4	61	63	0.9682540
NODE_220681_length_274_cov_1.748571	168	231	6	2	63	0.0317460
NODE_220806_length_274_cov_1.737143	134	172	2	38	38	1.0000000
NODE_220847_length_274_cov_1.685714	132	189	2	4	57	0.0701754
NODE_220847_length_274_cov_1.685714	132	189	4	53	57	0.9298246
NODE_220847_length_274_cov_1.685714	141	199	0	4	58	0.0689655
NODE_220847_length_274_cov_1.685714	141	199	2	10	58	0.1724138
NODE_220847_length_274_cov_1.685714	141	199	4	44	58	0.7586207
NODE_220966_length_274_cov_1.502857	170	232	0	62	62	1.0000000
NODE_220966_length_274_cov_1.502857	223	274	0	51	51	1.0000000
NODE_221005_length_274_cov_1.457143	118	147	0	15	29	0.5172414
NODE_221005_length_274_cov_1.457143	118	147	2	14	29	0.4827586
NODE_221101_length_274_cov_1.434286	25	69	0	37	44	0.8409091
NODE_221101_length_274_cov_1.434286	25	69	2	7	44	0.1590909
NODE_221211_length_274_cov_1.285714	84	156	0	11	72	0.1527778
NODE_221211_length_274_cov_1.285714	84	156	2	61	72	0.8472222
NODE_221612_length_274_cov_1.131429	205	251	0	5	46	0.1086956
NODE_221612_length_274_cov_1.131429	205	251	2	11	46	0.2391304
NODE_221612_length_274_cov_1.131429	205	251	4	28	46	0.6086956
NODE_221612_length_274_cov_1.131429	205	251	6	2	46	0.0434783
NODE_221764_length_274_cov_0.994286	219	260	0	41	41	1.0000000
NODE_222849_length_273_cov_4.948276	204	262	0	17	58	0.2931035
NODE_222849_length_273_cov_4.948276	204	262	2	41	58	0.7068965
NODE_222849_length_273_cov_4.948276	204	258	0	13	54	0.2407407
NODE_222849_length_273_cov_4.948276	204	258	2	41	54	0.7592593
NODE_222914_length_273_cov_3.712644	103	183	0	1	80	0.0125000
NODE_222914_length_273_cov_3.712644	103	183	2	1	80	0.0125000
NODE_222914_length_273_cov_3.712644	103	183	6	1	80	0.0125000
NODE_222914_length_273_cov_3.712644	103	183	8	3	80	0.0375000
NODE_222914_length_273_cov_3.712644	103	183	10	1	80	0.0125000
NODE_222914_length_273_cov_3.712644	103	183	14	2	80	0.0250000
NODE_222914_length_273_cov_3.712644	103	183	16	16	80	0.2000000
NODE_222914_length_273_cov_3.712644	103	183	18	11	80	0.1375000
NODE_222914_length_273_cov_3.712644	103	183	20	16	80	0.2000000
NODE_222914_length_273_cov_3.712644	103	183	22	28	80	0.3500000
NODE_222955_length_273_cov_3.298851	69	100	0	31	31	1.0000000
NODE_222955_length_273_cov_3.298851	73	153	0	80	80	1.0000000
NODE_222974_length_273_cov_3.195402	122	189	0	67	67	1.0000000
NODE_222991_length_273_cov_3.063218	76	151	17	5	75	0.0666667
NODE_222991_length_273_cov_3.063218	76	151	19	4	75	0.0533333
NODE_222991_length_273_cov_3.063218	76	151	21	5	75	0.0666667
NODE_222991_length_273_cov_3.063218	76	151	23	2	75	0.0266667
NODE_222991_length_273_cov_3.063218	76	151	35	1	75	0.0133333
NODE_222991_length_273_cov_3.063218	76	151	37	1	75	0.0133333
NODE_222991_length_273_cov_3.063218	76	151	39	5	75	0.0666667
NODE_222991_length_273_cov_3.063218	76	151	43	12	75	0.1600000
NODE_222991_length_273_cov_3.063218	76	151	45	4	75	0.0533333
NODE_222991_length_273_cov_3.063218	76	151	49	1	75	0.0133333
NODE_222991_length_273_cov_3.063218	76	151	51	7	75	0.0933333
NODE_222991_length_273_cov_3.063218	76	151	55	1	75	0.0133333
NODE_222991_length_273_cov_3.063218	76	151	57	17	75	0.2266667
NODE_222991_length_273_cov_3.063218	76	151	61	10	75	0.1333333
NODE_222991_length_273_cov_3.063218	135	191	4	7	56	0.1250000
NODE_222991_length_273_cov_3.063218	135	191	6	11	56	0.1964286
NODE_222991_length_273_cov_3.063218	135	191	8	10	56	0.1785714
NODE_222991_length_273_cov_3.063218	135	191	11	5	56	0.0892857
NODE_222991_length_273_cov_3.063218	135	191	13	5	56	0.0892857
NODE_222991_length_273_cov_3.063218	135	191	16	1	56	0.0178571
NODE_222991_length_273_cov_3.063218	135	191	17	6	56	0.1071429
NODE_222991_length_273_cov_3.063218	135	191	19	4	56	0.0714286
NODE_222991_length_273_cov_3.063218	135	191	21	5	56	0.0892857
NODE_222991_length_273_cov_3.063218	135	191	23	2	56	0.0357143
NODE_223066_length_273_cov_2.706897	11	45	0	34	34	1.0000000
NODE_223203_length_273_cov_2.339080	69	145	2	11	76	0.1447368
NODE_223203_length_273_cov_2.339080	69	145	4	4	76	0.0526316
NODE_223203_length_273_cov_2.339080	69	145	5	1	76	0.0131579
NODE_223203_length_273_cov_2.339080	69	145	7	8	76	0.1052632
NODE_223203_length_273_cov_2.339080	69	145	8	12	76	0.1578947
NODE_223203_length_273_cov_2.339080	69	145	10	1	76	0.0131579
NODE_223203_length_273_cov_2.339080	69	145	12	39	76	0.5131579
NODE_223353_length_273_cov_2.051724	31	74	0	43	43	1.0000000
NODE_223377_length_273_cov_2.034483	81	161	13	4	80	0.0500000
NODE_223377_length_273_cov_2.034483	81	161	15	11	80	0.1375000
NODE_223377_length_273_cov_2.034483	81	161	17	1	80	0.0125000
NODE_223377_length_273_cov_2.034483	81	161	18	17	80	0.2125000
NODE_223377_length_273_cov_2.034483	81	161	19	7	80	0.0875000
NODE_223377_length_273_cov_2.034483	81	161	20	22	80	0.2750000
NODE_223377_length_273_cov_2.034483	81	161	22	18	80	0.2250000
NODE_223377_length_273_cov_2.034483	213	263	0	4	50	0.0800000
NODE_223377_length_273_cov_2.034483	213	263	1	14	50	0.2800000
NODE_223377_length_273_cov_2.034483	213	263	2	1	50	0.0200000
NODE_223377_length_273_cov_2.034483	213	263	3	1	50	0.0200000
NODE_223377_length_273_cov_2.034483	213	263	4	6	50	0.1200000
NODE_223377_length_273_cov_2.034483	213	263	8	17	50	0.3400000
NODE_223377_length_273_cov_2.034483	213	263	10	5	50	0.1000000
NODE_223377_length_273_cov_2.034483	213	263	14	2	50	0.0400000
NODE_223680_length_273_cov_1.706897	181	238	0	57	57	1.0000000
NODE_223913_length_273_cov_1.442529	5	47	4	42	42	1.0000000
NODE_224023_length_273_cov_1.281609	167	247	0	80	80	1.0000000
NODE_224082_length_273_cov_1.189655	120	156	0	36	36	1.0000000
NODE_224082_length_273_cov_1.189655	129	160	0	31	31	1.0000000
NODE_224165_length_273_cov_1.172414	94	130	2	22	36	0.6111111
NODE_224165_length_273_cov_1.172414	94	130	4	14	36	0.3888889
NODE_224254_length_273_cov_1.172414	8	58	0	50	50	1.0000000
NODE_224367_length_273_cov_1.166667	74	93	4	19	19	1.0000000
NODE_224441_length_273_cov_1.091954	6	42	0	7	36	0.1944444
NODE_224441_length_273_cov_1.091954	6	42	2	12	36	0.3333333
NODE_224441_length_273_cov_1.091954	6	42	4	17	36	0.4722222
NODE_224441_length_273_cov_1.091954	43	95	4	52	52	1.0000000
NODE_224587_length_273_cov_0.971264	188	235	0	47	47	1.0000000
NODE_225303_length_273_cov_0.586207	27	88	0	61	61	1.0000000
NODE_225344_length_273_cov_0.586207	24	79	0	55	55	1.0000000
NODE_225344_length_273_cov_0.586207	81	113	0	20	32	0.6250000
NODE_225344_length_273_cov_0.586207	81	113	2	12	32	0.3750000
NODE_225592_length_272_cov_6.190751	172	236	2	64	64	1.0000000
NODE_225607_length_272_cov_5.335260	193	272	0	79	79	1.0000000
NODE_225633_length_272_cov_4.716763	228	257	0	29	29	1.0000000
NODE_225656_length_272_cov_4.219653	93	166	2	19	73	0.2602740
NODE_225656_length_272_cov_4.219653	93	166	4	43	73	0.5890411
NODE_225656_length_272_cov_4.219653	93	166	6	11	73	0.1506849
NODE_225656_length_272_cov_4.219653	146	219	4	9	73	0.1232877
NODE_225656_length_272_cov_4.219653	146	219	6	64	73	0.8767123
NODE_225658_length_272_cov_4.184971	75	128	0	53	53	1.0000000
NODE_225739_length_272_cov_3.352601	154	199	2	38	45	0.8444445
NODE_225739_length_272_cov_3.352601	154	199	4	7	45	0.1555556
NODE_225872_length_272_cov_2.664740	106	186	2	80	80	1.0000000
NODE_226010_length_272_cov_2.335260	33	103	0	56	70	0.8000000
NODE_226010_length_272_cov_2.335260	33	103	2	14	70	0.2000000
NODE_226029_length_272_cov_2.277457	219	256	0	25	37	0.6756757
NODE_226029_length_272_cov_2.277457	219	256	2	12	37	0.3243243
NODE_226045_length_272_cov_2.236994	104	184	2	4	80	0.0500000
NODE_226045_length_272_cov_2.236994	104	184	4	17	80	0.2125000
NODE_226045_length_272_cov_2.236994	104	184	6	3	80	0.0375000
NODE_226045_length_272_cov_2.236994	104	184	8	15	80	0.1875000
NODE_226045_length_272_cov_2.236994	104	184	12	7	80	0.0875000
NODE_226045_length_272_cov_2.236994	104	184	14	13	80	0.1625000
NODE_226045_length_272_cov_2.236994	104	184	16	3	80	0.0375000
NODE_226045_length_272_cov_2.236994	104	184	18	2	80	0.0250000
NODE_226045_length_272_cov_2.236994	104	184	20	16	80	0.2000000
NODE_226169_length_272_cov_1.982659	172	252	4	35	80	0.4375000
NODE_226169_length_272_cov_1.982659	172	252	6	45	80	0.5625000
NODE_226245_length_272_cov_1.780347	37	99	0	36	62	0.5806451
NODE_226245_length_272_cov_1.780347	37	99	3	26	62	0.4193548
NODE_226245_length_272_cov_1.780347	90	152	3	10	62	0.1612903
NODE_226245_length_272_cov_1.780347	90	152	4	52	62	0.8387097
NODE_226248_length_272_cov_1.768786	12	45	0	33	33	1.0000000
NODE_226461_length_272_cov_1.618497	97	160	6	1	63	0.0158730
NODE_226461_length_272_cov_1.618497	97	160	9	5	63	0.0793651
NODE_226461_length_272_cov_1.618497	97	160	10	4	63	0.0634921
NODE_226461_length_272_cov_1.618497	97	160	11	7	63	0.1111111
NODE_226461_length_272_cov_1.618497	97	160	13	4	63	0.0634921
NODE_226461_length_272_cov_1.618497	97	160	14	3	63	0.0476190
NODE_226461_length_272_cov_1.618497	97	160	15	17	63	0.2698413
NODE_226461_length_272_cov_1.618497	97	160	19	7	63	0.1111111
NODE_226461_length_272_cov_1.618497	97	160	20	5	63	0.0793651
NODE_226461_length_272_cov_1.618497	97	160	22	1	63	0.0158730
NODE_226461_length_272_cov_1.618497	97	160	28	6	63	0.0952381
NODE_226461_length_272_cov_1.618497	97	160	34	2	63	0.0317460
NODE_226461_length_272_cov_1.618497	97	160	36	1	63	0.0158730
NODE_226508_length_272_cov_1.543353	69	137	0	67	68	0.9852941
NODE_226508_length_272_cov_1.543353	69	137	2	1	68	0.0147059
NODE_227037_length_272_cov_1.173410	147	203	2	27	56	0.4821429
NODE_227037_length_272_cov_1.173410	147	203	4	29	56	0.5178571
NODE_227265_length_272_cov_0.988439	169	215	4	46	46	1.0000000
NODE_227444_length_272_cov_0.884393	126	163	0	37	37	1.0000000
NODE_228332_length_271_cov_5.238372	103	183	0	80	80	1.0000000
NODE_228423_length_271_cov_3.546512	102	165	0	63	63	1.0000000
NODE_228429_length_271_cov_3.476744	62	93	4	31	31	1.0000000
NODE_228494_length_271_cov_2.959302	96	176	0	80	80	1.0000000
NODE_228494_length_271_cov_2.959302	149	229	0	80	80	1.0000000
NODE_228554_length_271_cov_2.715116	160	241	0	81	81	1.0000000
NODE_228593_length_271_cov_2.622093	180	253	0	73	73	1.0000000
NODE_228623_length_271_cov_2.465116	45	75	0	30	30	1.0000000
NODE_228731_length_271_cov_2.284884	95	158	4	16	63	0.2539683
NODE_228731_length_271_cov_2.284884	95	158	6	6	63	0.0952381
NODE_228731_length_271_cov_2.284884	95	158	8	41	63	0.6507937
NODE_228731_length_271_cov_2.284884	131	211	6	50	80	0.6250000
NODE_228731_length_271_cov_2.284884	131	211	8	30	80	0.3750000
NODE_228737_length_271_cov_2.273256	163	219	0	56	56	1.0000000
NODE_228830_length_271_cov_2.069767	130	212	6	27	82	0.3292683
NODE_228830_length_271_cov_2.069767	130	212	8	11	82	0.1341463
NODE_228830_length_271_cov_2.069767	130	212	10	44	82	0.5365854
NODE_228932_length_271_cov_1.784884	135	183	0	48	48	1.0000000
NODE_228937_length_271_cov_1.779070	204	268	0	64	64	1.0000000
NODE_229085_length_271_cov_1.755814	119	199	0	6	80	0.0750000
NODE_229085_length_271_cov_1.755814	119	199	2	2	80	0.0250000
NODE_229085_length_271_cov_1.755814	119	199	4	1	80	0.0125000
NODE_229085_length_271_cov_1.755814	119	199	10	7	80	0.0875000
NODE_229085_length_271_cov_1.755814	119	199	12	38	80	0.4750000
NODE_229085_length_271_cov_1.755814	119	199	14	26	80	0.3250000
NODE_229242_length_271_cov_1.523256	122	183	0	34	61	0.5573770
NODE_229242_length_271_cov_1.523256	122	183	2	27	61	0.4426230
NODE_229254_length_271_cov_1.511628	106	186	26	2	80	0.0250000
NODE_229254_length_271_cov_1.511628	106	186	28	2	80	0.0250000
NODE_229254_length_271_cov_1.511628	106	186	30	3	80	0.0375000
NODE_229254_length_271_cov_1.511628	106	186	32	5	80	0.0625000
NODE_229254_length_271_cov_1.511628	106	186	34	6	80	0.0750000
NODE_229254_length_271_cov_1.511628	106	186	36	3	80	0.0375000
NODE_229254_length_271_cov_1.511628	106	186	38	3	80	0.0375000
NODE_229254_length_271_cov_1.511628	106	186	40	5	80	0.0625000
NODE_229254_length_271_cov_1.511628	106	186	42	11	80	0.1375000
NODE_229254_length_271_cov_1.511628	106	186	44	4	80	0.0500000
NODE_229254_length_271_cov_1.511628	106	186	46	7	80	0.0875000
NODE_229254_length_271_cov_1.511628	106	186	48	16	80	0.2000000
NODE_229254_length_271_cov_1.511628	106	186	50	13	80	0.1625000
NODE_229525_length_271_cov_1.226744	119	184	2	65	65	1.0000000
NODE_229541_length_271_cov_1.197674	88	145	1	38	57	0.6666667
NODE_229541_length_271_cov_1.197674	88	145	3	19	57	0.3333333
NODE_229541_length_271_cov_1.197674	118	192	1	74	74	1.0000000
NODE_230154_length_271_cov_0.918605	155	227	0	72	72	1.0000000
NODE_230255_length_271_cov_0.889535	101	148	0	46	47	0.9787234
NODE_230255_length_271_cov_0.889535	101	148	2	1	47	0.0212766
NODE_230318_length_271_cov_0.889535	127	188	0	1	61	0.0163934
NODE_230318_length_271_cov_0.889535	127	188	4	3	61	0.0491803
NODE_230318_length_271_cov_0.889535	127	188	6	6	61	0.0983607
NODE_230318_length_271_cov_0.889535	127	188	8	27	61	0.4426230
NODE_230318_length_271_cov_0.889535	127	188	10	24	61	0.3934426
NODE_231165_length_270_cov_4.818713	72	118	0	46	46	1.0000000
NODE_231187_length_270_cov_4.327485	5	82	0	77	77	1.0000000
NODE_231240_length_270_cov_3.666667	87	154	4	13	67	0.1940299
NODE_231240_length_270_cov_3.666667	87	154	6	54	67	0.8059701
NODE_231240_length_270_cov_3.666667	140	207	6	33	67	0.4925373
NODE_231240_length_270_cov_3.666667	140	207	8	34	67	0.5074627
NODE_231263_length_270_cov_3.491228	186	270	0	47	84	0.5595238
NODE_231263_length_270_cov_3.491228	186	270	2	37	84	0.4404762
NODE_231310_length_270_cov_3.105263	43	90	6	9	47	0.1914894
NODE_231310_length_270_cov_3.105263	43	90	8	9	47	0.1914894
NODE_231310_length_270_cov_3.105263	43	90	10	29	47	0.6170213
NODE_231316_length_270_cov_3.046784	64	135	0	15	71	0.2112676
NODE_231316_length_270_cov_3.046784	64	135	6	56	71	0.7887324
NODE_231439_length_270_cov_2.649123	210	270	0	60	60	1.0000000
NODE_231655_length_270_cov_2.087719	16	55	0	39	39	1.0000000
NODE_231655_length_270_cov_2.087719	78	108	0	30	30	1.0000000
NODE_231714_length_270_cov_2.040936	103	159	30	1	56	0.0178571
NODE_231714_length_270_cov_2.040936	103	159	40	2	56	0.0357143
NODE_231714_length_270_cov_2.040936	103	159	43	1	56	0.0178571
NODE_231714_length_270_cov_2.040936	103	159	45	1	56	0.0178571
NODE_231714_length_270_cov_2.040936	103	159	57	2	56	0.0357143
NODE_231714_length_270_cov_2.040936	103	159	59	2	56	0.0357143
NODE_231714_length_270_cov_2.040936	103	159	63	2	56	0.0357143
NODE_231714_length_270_cov_2.040936	103	159	67	1	56	0.0178571
NODE_231714_length_270_cov_2.040936	103	159	71	1	56	0.0178571
NODE_231714_length_270_cov_2.040936	103	159	74	1	56	0.0178571
NODE_231714_length_270_cov_2.040936	103	159	81	1	56	0.0178571
NODE_231714_length_270_cov_2.040936	103	159	85	2	56	0.0357143
NODE_231714_length_270_cov_2.040936	103	159	87	1	56	0.0178571
NODE_231714_length_270_cov_2.040936	103	159	90	1	56	0.0178571
NODE_231714_length_270_cov_2.040936	103	159	94	1	56	0.0178571
NODE_231714_length_270_cov_2.040936	103	159	100	1	56	0.0178571
NODE_231714_length_270_cov_2.040936	103	159	102	2	56	0.0357143
NODE_231714_length_270_cov_2.040936	103	159	104	2	56	0.0357143
NODE_231714_length_270_cov_2.040936	103	159	110	3	56	0.0535714
NODE_231714_length_270_cov_2.040936	103	159	112	2	56	0.0357143
NODE_231714_length_270_cov_2.040936	103	159	116	1	56	0.0178571
NODE_231714_length_270_cov_2.040936	103	159	120	1	56	0.0178571
NODE_231714_length_270_cov_2.040936	103	159	128	1	56	0.0178571
NODE_231714_length_270_cov_2.040936	103	159	132	1	56	0.0178571
NODE_231714_length_270_cov_2.040936	103	159	134	1	56	0.0178571
NODE_231714_length_270_cov_2.040936	103	159	140	5	56	0.0892857
NODE_231714_length_270_cov_2.040936	103	159	144	4	56	0.0714286
NODE_231714_length_270_cov_2.040936	103	159	146	1	56	0.0178571
NODE_231714_length_270_cov_2.040936	103	159	148	1	56	0.0178571
NODE_231714_length_270_cov_2.040936	103	159	150	1	56	0.0178571
NODE_231714_length_270_cov_2.040936	103	159	152	4	56	0.0714286
NODE_231714_length_270_cov_2.040936	103	159	154	5	56	0.0892857
NODE_231726_length_270_cov_2.017544	1	48	2	47	47	1.0000000
NODE_231820_length_270_cov_1.789474	146	228	0	82	82	1.0000000
NODE_232008_length_270_cov_1.678363	178	246	0	68	68	1.0000000
NODE_232021_length_270_cov_1.666667	127	191	16	12	64	0.1875000
NODE_232021_length_270_cov_1.666667	127	191	18	10	64	0.1562500
NODE_232021_length_270_cov_1.666667	127	191	20	2	64	0.0312500
NODE_232021_length_270_cov_1.666667	127	191	22	1	64	0.0156250
NODE_232021_length_270_cov_1.666667	127	191	24	6	64	0.0937500
NODE_232021_length_270_cov_1.666667	127	191	28	2	64	0.0312500
NODE_232021_length_270_cov_1.666667	127	191	30	15	64	0.2343750
NODE_232021_length_270_cov_1.666667	127	191	32	3	64	0.0468750
NODE_232021_length_270_cov_1.666667	127	191	34	10	64	0.1562500
NODE_232021_length_270_cov_1.666667	127	191	38	3	64	0.0468750
NODE_232021_length_270_cov_1.666667	180	227	11	16	47	0.3404255
NODE_232021_length_270_cov_1.666667	180	227	12	11	47	0.2340426
NODE_232021_length_270_cov_1.666667	180	227	16	20	47	0.4255319
NODE_232087_length_270_cov_1.555556	138	218	0	17	80	0.2125000
NODE_232087_length_270_cov_1.555556	138	218	2	2	80	0.0250000
NODE_232087_length_270_cov_1.555556	138	218	5	20	80	0.2500000
NODE_232087_length_270_cov_1.555556	138	218	6	1	80	0.0125000
NODE_232087_length_270_cov_1.555556	138	218	8	34	80	0.4250000
NODE_232087_length_270_cov_1.555556	138	218	10	6	80	0.0750000
NODE_232331_length_270_cov_1.280702	4	75	0	9	71	0.1267606
NODE_232331_length_270_cov_1.280702	4	75	1	9	71	0.1267606
NODE_232331_length_270_cov_1.280702	4	75	2	53	71	0.7464789
NODE_232331_length_270_cov_1.280702	57	137	2	72	80	0.9000000
NODE_232331_length_270_cov_1.280702	57	137	4	8	80	0.1000000
NODE_232331_length_270_cov_1.280702	65	120	2	55	55	1.0000000
NODE_232331_length_270_cov_1.280702	125	198	2	4	73	0.0547945
NODE_232331_length_270_cov_1.280702	125	198	4	52	73	0.7123288
NODE_232331_length_270_cov_1.280702	125	198	5	9	73	0.1232877
NODE_232331_length_270_cov_1.280702	125	198	6	8	73	0.1095890
NODE_232440_length_270_cov_1.192982	146	194	2	48	48	1.0000000
NODE_232583_length_270_cov_1.192982	61	141	0	80	80	1.0000000
NODE_233290_length_270_cov_0.847953	53	128	0	2	75	0.0266667
NODE_233290_length_270_cov_0.847953	53	128	2	4	75	0.0533333
NODE_233290_length_270_cov_0.847953	53	128	4	14	75	0.1866667
NODE_233290_length_270_cov_0.847953	53	128	6	55	75	0.7333333
NODE_234072_length_269_cov_3.894118	30	110	0	80	80	1.0000000
NODE_234072_length_269_cov_3.894118	83	163	0	80	80	1.0000000
NODE_234100_length_269_cov_3.605882	175	205	0	30	30	1.0000000
NODE_234116_length_269_cov_3.523529	192	233	6	9	41	0.2195122
NODE_234116_length_269_cov_3.523529	192	233	8	3	41	0.0731707
NODE_234116_length_269_cov_3.523529	192	233	10	3	41	0.0731707
NODE_234116_length_269_cov_3.523529	192	233	12	25	41	0.6097561
NODE_234116_length_269_cov_3.523529	192	233	13	1	41	0.0243902
NODE_234116_length_269_cov_3.523529	206	268	0	4	62	0.0645161
NODE_234116_length_269_cov_3.523529	206	268	2	1	62	0.0161290
NODE_234116_length_269_cov_3.523529	206	268	4	5	62	0.0806452
NODE_234116_length_269_cov_3.523529	206	268	5	21	62	0.3387097
NODE_234116_length_269_cov_3.523529	206	268	6	13	62	0.2096774
NODE_234116_length_269_cov_3.523529	206	268	8	3	62	0.0483871
NODE_234116_length_269_cov_3.523529	206	268	10	3	62	0.0483871
NODE_234116_length_269_cov_3.523529	206	268	12	12	62	0.1935484
NODE_234118_length_269_cov_3.505882	13	93	0	36	80	0.4500000
NODE_234118_length_269_cov_3.505882	13	93	1	25	80	0.3125000
NODE_234118_length_269_cov_3.505882	13	93	3	6	80	0.0750000
NODE_234118_length_269_cov_3.505882	13	93	4	13	80	0.1625000
NODE_234118_length_269_cov_3.505882	66	145	1	8	79	0.1012658
NODE_234118_length_269_cov_3.505882	66	145	3	6	79	0.0759494
NODE_234118_length_269_cov_3.505882	66	145	4	65	79	0.8227848
NODE_234162_length_269_cov_3.147059	134	174	2	40	40	1.0000000
NODE_234167_length_269_cov_3.111765	39	119	0	80	80	1.0000000
NODE_234167_length_269_cov_3.111765	92	169	0	77	77	1.0000000
NODE_234178_length_269_cov_3.000000	166	233	0	39	67	0.5820895
NODE_234178_length_269_cov_3.000000	166	233	6	19	67	0.2835821
NODE_234178_length_269_cov_3.000000	166	233	10	9	67	0.1343284
NODE_234205_length_269_cov_2.947059	55	123	0	68	68	1.0000000
NODE_234224_length_269_cov_2.858824	9	89	0	80	80	1.0000000
NODE_234224_length_269_cov_2.858824	62	91	0	29	29	1.0000000
NODE_234228_length_269_cov_2.823529	0	73	0	3	73	0.0410959
NODE_234228_length_269_cov_2.823529	0	73	2	13	73	0.1780822
NODE_234228_length_269_cov_2.823529	0	73	4	11	73	0.1506849
NODE_234228_length_269_cov_2.823529	0	73	6	11	73	0.1506849
NODE_234228_length_269_cov_2.823529	0	73	8	33	73	0.4520548
NODE_234228_length_269_cov_2.823529	0	73	12	2	73	0.0273973
NODE_234228_length_269_cov_2.823529	46	77	8	25	31	0.8064516
NODE_234228_length_269_cov_2.823529	46	77	12	6	31	0.1935484
NODE_234431_length_269_cov_2.311765	111	157	0	46	46	1.0000000
NODE_234431_length_269_cov_2.311765	130	209	0	79	79	1.0000000
NODE_234606_length_269_cov_1.958824	176	248	0	17	72	0.2361111
NODE_234606_length_269_cov_1.958824	176	248	2	55	72	0.7638889
NODE_234647_length_269_cov_1.847059	72	99	0	27	27	1.0000000
NODE_234657_length_269_cov_1.823529	30	81	7	2	51	0.0392157
NODE_234657_length_269_cov_1.823529	30	81	9	9	51	0.1764706
NODE_234657_length_269_cov_1.823529	30	81	10	1	51	0.0196078
NODE_234657_length_269_cov_1.823529	30	81	14	3	51	0.0588235
NODE_234657_length_269_cov_1.823529	30	81	16	36	51	0.7058824
NODE_234758_length_269_cov_1.800000	0	42	0	1	42	0.0238095
NODE_234758_length_269_cov_1.800000	0	42	2	38	42	0.9047619
NODE_234758_length_269_cov_1.800000	0	42	4	3	42	0.0714286
NODE_234978_length_269_cov_1.552941	90	170	0	80	80	1.0000000
NODE_235157_length_269_cov_1.400000	139	219	2	1	80	0.0125000
NODE_235157_length_269_cov_1.400000	139	219	4	1	80	0.0125000
NODE_235157_length_269_cov_1.400000	139	219	6	3	80	0.0375000
NODE_235157_length_269_cov_1.400000	139	219	8	3	80	0.0375000
NODE_235157_length_269_cov_1.400000	139	219	14	2	80	0.0250000
NODE_235157_length_269_cov_1.400000	139	219	16	8	80	0.1000000
NODE_235157_length_269_cov_1.400000	139	219	18	5	80	0.0625000
NODE_235157_length_269_cov_1.400000	139	219	20	6	80	0.0750000
NODE_235157_length_269_cov_1.400000	139	219	22	6	80	0.0750000
NODE_235157_length_269_cov_1.400000	139	219	24	19	80	0.2375000
NODE_235157_length_269_cov_1.400000	139	219	26	14	80	0.1750000
NODE_235157_length_269_cov_1.400000	139	219	28	12	80	0.1500000
NODE_235168_length_269_cov_1.388235	185	252	0	67	67	1.0000000
NODE_235239_length_269_cov_1.288235	150	179	4	10	29	0.3448276
NODE_235239_length_269_cov_1.288235	150	179	6	18	29	0.6206896
NODE_235239_length_269_cov_1.288235	150	179	10	1	29	0.0344828
NODE_235292_length_269_cov_1.217647	141	221	2	31	80	0.3875000
NODE_235292_length_269_cov_1.217647	141	221	4	49	80	0.6125000
NODE_235561_length_269_cov_1.194118	107	170	2	38	63	0.6031746
NODE_235561_length_269_cov_1.194118	107	170	3	25	63	0.3968254
NODE_235561_length_269_cov_1.194118	143	221	2	78	78	1.0000000
NODE_235714_length_269_cov_1.094118	38	72	0	34	34	1.0000000
NODE_235780_length_269_cov_1.035294	6	36	0	30	30	1.0000000
NODE_235780_length_269_cov_1.035294	96	150	0	6	54	0.1111111
NODE_235780_length_269_cov_1.035294	96	150	2	48	54	0.8888889
NODE_235930_length_269_cov_0.917647	4	79	0	75	75	1.0000000
NODE_235930_length_269_cov_0.917647	57	93	0	36	36	1.0000000
NODE_236243_length_269_cov_0.782353	2	52	2	3	50	0.0600000
NODE_236243_length_269_cov_0.782353	2	52	6	3	50	0.0600000
NODE_236243_length_269_cov_0.782353	2	52	8	3	50	0.0600000
NODE_236243_length_269_cov_0.782353	2	52	10	27	50	0.5400000
NODE_236243_length_269_cov_0.782353	2	52	12	8	50	0.1600000
NODE_236243_length_269_cov_0.782353	2	52	14	6	50	0.1200000
NODE_236243_length_269_cov_0.782353	76	132	22	3	56	0.0535714
NODE_236243_length_269_cov_0.782353	76	132	24	11	56	0.1964286
NODE_236243_length_269_cov_0.782353	76	132	26	5	56	0.0892857
NODE_236243_length_269_cov_0.782353	76	132	28	29	56	0.5178571
NODE_236243_length_269_cov_0.782353	76	132	30	5	56	0.0892857
NODE_236243_length_269_cov_0.782353	76	132	32	3	56	0.0535714
NODE_236856_length_268_cov_223.165680	161	188	2	27	27	1.0000000
NODE_236856_length_268_cov_223.165680	161	241	2	80	80	1.0000000
NODE_236878_length_268_cov_6.266272	29	111	0	5	82	0.0609756
NODE_236878_length_268_cov_6.266272	29	111	2	77	82	0.9390244
NODE_236909_length_268_cov_5.053254	137	217	0	56	80	0.7000000
NODE_236909_length_268_cov_5.053254	137	217	4	24	80	0.3000000
NODE_236909_length_268_cov_5.053254	190	253	0	3	63	0.0476190
NODE_236909_length_268_cov_5.053254	190	253	4	60	63	0.9523810
NODE_236911_length_268_cov_4.994083	92	168	0	76	76	1.0000000
NODE_236972_length_268_cov_3.905325	1	61	0	60	60	1.0000000
NODE_237107_length_268_cov_2.982249	95	175	12	4	80	0.0500000
NODE_237107_length_268_cov_2.982249	95	175	16	4	80	0.0500000
NODE_237107_length_268_cov_2.982249	95	175	17	5	80	0.0625000
NODE_237107_length_268_cov_2.982249	95	175	19	2	80	0.0250000
NODE_237107_length_268_cov_2.982249	95	175	21	1	80	0.0125000
NODE_237107_length_268_cov_2.982249	95	175	23	4	80	0.0500000
NODE_237107_length_268_cov_2.982249	95	175	26	1	80	0.0125000
NODE_237107_length_268_cov_2.982249	95	175	27	6	80	0.0750000
NODE_237107_length_268_cov_2.982249	95	175	28	5	80	0.0625000
NODE_237107_length_268_cov_2.982249	95	175	30	15	80	0.1875000
NODE_237107_length_268_cov_2.982249	95	175	32	33	80	0.4125000
NODE_237115_length_268_cov_2.940828	28	97	0	55	69	0.7971014
NODE_237115_length_268_cov_2.940828	28	97	2	14	69	0.2028985
NODE_237185_length_268_cov_2.668639	57	110	0	5	53	0.0943396
NODE_237185_length_268_cov_2.668639	57	110	2	48	53	0.9056604
NODE_237190_length_268_cov_2.621302	149	176	0	27	27	1.0000000
NODE_237325_length_268_cov_2.289941	87	127	5	3	40	0.0750000
NODE_237325_length_268_cov_2.289941	87	127	6	1	40	0.0250000
NODE_237325_length_268_cov_2.289941	87	127	7	1	40	0.0250000
NODE_237325_length_268_cov_2.289941	87	127	10	14	40	0.3500000
NODE_237325_length_268_cov_2.289941	87	127	12	2	40	0.0500000
NODE_237325_length_268_cov_2.289941	87	127	14	7	40	0.1750000
NODE_237325_length_268_cov_2.289941	87	127	16	10	40	0.2500000
NODE_237325_length_268_cov_2.289941	87	127	18	2	40	0.0500000
NODE_237345_length_268_cov_2.224852	96	176	0	80	80	1.0000000
NODE_237345_length_268_cov_2.224852	149	229	0	80	80	1.0000000
NODE_237457_length_268_cov_2.005917	97	162	0	65	65	1.0000000
NODE_237502_length_268_cov_1.840237	80	155	0	75	75	1.0000000
NODE_237572_length_268_cov_1.810651	8	84	0	4	76	0.0526316
NODE_237572_length_268_cov_1.810651	8	84	2	72	76	0.9473684
NODE_237831_length_268_cov_1.532544	186	257	10	1	71	0.0140845
NODE_237831_length_268_cov_1.532544	186	257	12	3	71	0.0422535
NODE_237831_length_268_cov_1.532544	186	257	14	2	71	0.0281690
NODE_237831_length_268_cov_1.532544	186	257	16	5	71	0.0704225
NODE_237831_length_268_cov_1.532544	186	257	19	4	71	0.0563380
NODE_237831_length_268_cov_1.532544	186	257	27	4	71	0.0563380
NODE_237831_length_268_cov_1.532544	186	257	29	3	71	0.0422535
NODE_237831_length_268_cov_1.532544	186	257	34	4	71	0.0563380
NODE_237831_length_268_cov_1.532544	186	257	35	1	71	0.0140845
NODE_237831_length_268_cov_1.532544	186	257	37	2	71	0.0281690
NODE_237831_length_268_cov_1.532544	186	257	38	10	71	0.1408451
NODE_237831_length_268_cov_1.532544	186	257	40	6	71	0.0845070
NODE_237831_length_268_cov_1.532544	186	257	41	1	71	0.0140845
NODE_237831_length_268_cov_1.532544	186	257	43	3	71	0.0422535
NODE_237831_length_268_cov_1.532544	186	257	45	1	71	0.0140845
NODE_237831_length_268_cov_1.532544	186	257	47	8	71	0.1126761
NODE_237831_length_268_cov_1.532544	186	257	50	3	71	0.0422535
NODE_237831_length_268_cov_1.532544	186	257	51	2	71	0.0281690
NODE_237831_length_268_cov_1.532544	186	257	52	6	71	0.0845070
NODE_237831_length_268_cov_1.532544	186	257	53	2	71	0.0281690
NODE_237906_length_268_cov_1.508876	52	131	0	79	79	1.0000000
NODE_238009_length_268_cov_1.384615	0	46	2	46	46	1.0000000
NODE_238070_length_268_cov_1.278107	100	175	0	75	75	1.0000000
NODE_238153_length_268_cov_1.207101	187	209	0	22	22	1.0000000
NODE_238478_length_268_cov_1.153846	135	195	7	18	60	0.3000000
NODE_238478_length_268_cov_1.153846	135	195	11	17	60	0.2833333
NODE_238478_length_268_cov_1.153846	135	195	14	25	60	0.4166667
NODE_239018_length_268_cov_0.852071	59	119	14	16	60	0.2666667
NODE_239018_length_268_cov_0.852071	59	119	15	1	60	0.0166667
NODE_239018_length_268_cov_0.852071	59	119	16	43	60	0.7166666
NODE_239805_length_267_cov_4.297619	0	52	0	52	52	1.0000000
NODE_239817_length_267_cov_4.119048	41	87	0	46	46	1.0000000
NODE_239845_length_267_cov_3.785714	96	163	0	14	67	0.2089552
NODE_239845_length_267_cov_3.785714	96	163	2	53	67	0.7910448
NODE_239845_length_267_cov_3.785714	136	178	0	29	42	0.6904762
NODE_239845_length_267_cov_3.785714	136	178	2	13	42	0.3095238
NODE_239873_length_267_cov_3.535714	40	101	0	15	61	0.2459016
NODE_239873_length_267_cov_3.535714	40	101	2	40	61	0.6557377
NODE_239873_length_267_cov_3.535714	40	101	4	6	61	0.0983607
NODE_239873_length_267_cov_3.535714	74	154	2	43	80	0.5375000
NODE_239873_length_267_cov_3.535714	74	154	4	37	80	0.4625000
NODE_239958_length_267_cov_3.005952	216	267	0	51	51	1.0000000
NODE_239959_length_267_cov_3.000000	87	144	0	1	57	0.0175439
NODE_239959_length_267_cov_3.000000	87	144	2	4	57	0.0701754
NODE_239959_length_267_cov_3.000000	87	144	4	7	57	0.1228070
NODE_239959_length_267_cov_3.000000	87	144	6	1	57	0.0175439
NODE_239959_length_267_cov_3.000000	87	144	10	1	57	0.0175439
NODE_239959_length_267_cov_3.000000	87	144	12	11	57	0.1929825
NODE_239959_length_267_cov_3.000000	87	144	17	1	57	0.0175439
NODE_239959_length_267_cov_3.000000	87	144	18	10	57	0.1754386
NODE_239959_length_267_cov_3.000000	87	144	20	21	57	0.3684210
NODE_240007_length_267_cov_2.726190	177	220	6	33	43	0.7674419
NODE_240007_length_267_cov_2.726190	177	220	8	4	43	0.0930233
NODE_240007_length_267_cov_2.726190	177	220	10	6	43	0.1395349
NODE_240024_length_267_cov_2.690476	117	170	26	2	53	0.0377358
NODE_240024_length_267_cov_2.690476	117	170	28	6	53	0.1132075
NODE_240024_length_267_cov_2.690476	117	170	30	6	53	0.1132075
NODE_240024_length_267_cov_2.690476	117	170	31	9	53	0.1698113
NODE_240024_length_267_cov_2.690476	117	170	32	8	53	0.1509434
NODE_240024_length_267_cov_2.690476	117	170	34	9	53	0.1698113
NODE_240024_length_267_cov_2.690476	117	170	36	13	53	0.2452830
NODE_240029_length_267_cov_2.666667	198	267	0	69	69	1.0000000
NODE_240114_length_267_cov_2.428571	189	254	0	60	65	0.9230769
NODE_240114_length_267_cov_2.428571	189	254	2	1	65	0.0153846
NODE_240114_length_267_cov_2.428571	189	254	3	1	65	0.0153846
NODE_240114_length_267_cov_2.428571	189	254	10	1	65	0.0153846
NODE_240114_length_267_cov_2.428571	189	254	22	1	65	0.0153846
NODE_240114_length_267_cov_2.428571	189	254	23	1	65	0.0153846
NODE_240207_length_267_cov_2.208333	45	103	0	58	58	1.0000000
NODE_240246_length_267_cov_2.125000	124	175	10	6	51	0.1176471
NODE_240246_length_267_cov_2.125000	124	175	12	6	51	0.1176471
NODE_240246_length_267_cov_2.125000	124	175	14	39	51	0.7647059
NODE_240303_length_267_cov_2.077381	65	146	12	54	81	0.6666667
NODE_240303_length_267_cov_2.077381	65	146	14	27	81	0.3333333
NODE_240303_length_267_cov_2.077381	229	264	0	35	35	1.0000000
NODE_240331_length_267_cov_2.005952	147	228	2	5	81	0.0617284
NODE_240331_length_267_cov_2.005952	147	228	4	24	81	0.2962963
NODE_240331_length_267_cov_2.005952	147	228	5	14	81	0.1728395
NODE_240331_length_267_cov_2.005952	147	228	6	1	81	0.0123457
NODE_240331_length_267_cov_2.005952	147	228	7	1	81	0.0123457
NODE_240331_length_267_cov_2.005952	147	228	8	12	81	0.1481481
NODE_240331_length_267_cov_2.005952	147	228	10	2	81	0.0246914
NODE_240331_length_267_cov_2.005952	147	228	12	1	81	0.0123457
NODE_240331_length_267_cov_2.005952	147	228	14	5	81	0.0617284
NODE_240331_length_267_cov_2.005952	147	228	15	4	81	0.0493827
NODE_240331_length_267_cov_2.005952	147	228	16	12	81	0.1481481
NODE_240331_length_267_cov_2.005952	201	267	0	14	66	0.2121212
NODE_240331_length_267_cov_2.005952	201	267	2	30	66	0.4545455
NODE_240331_length_267_cov_2.005952	201	267	4	22	66	0.3333333
NODE_240336_length_267_cov_1.988095	77	157	0	80	80	1.0000000
NODE_240336_length_267_cov_1.988095	130	210	0	80	80	1.0000000
NODE_240620_length_267_cov_1.755952	119	199	2	3	80	0.0375000
NODE_240620_length_267_cov_1.755952	119	199	6	4	80	0.0500000
NODE_240620_length_267_cov_1.755952	119	199	10	48	80	0.6000000
NODE_240620_length_267_cov_1.755952	119	199	11	25	80	0.3125000
NODE_240624_length_267_cov_1.750000	23	104	14	3	81	0.0370370
NODE_240624_length_267_cov_1.750000	23	104	16	2	81	0.0246914
NODE_240624_length_267_cov_1.750000	23	104	18	2	81	0.0246914
NODE_240624_length_267_cov_1.750000	23	104	20	8	81	0.0987654
NODE_240624_length_267_cov_1.750000	23	104	25	2	81	0.0246914
NODE_240624_length_267_cov_1.750000	23	104	27	5	81	0.0617284
NODE_240624_length_267_cov_1.750000	23	104	28	12	81	0.1481481
NODE_240624_length_267_cov_1.750000	23	104	30	12	81	0.1481481
NODE_240624_length_267_cov_1.750000	23	104	33	2	81	0.0246914
NODE_240624_length_267_cov_1.750000	23	104	34	1	81	0.0123457
NODE_240624_length_267_cov_1.750000	23	104	38	32	81	0.3950617
NODE_240624_length_267_cov_1.750000	179	208	0	4	29	0.1379310
NODE_240624_length_267_cov_1.750000	179	208	4	9	29	0.3103448
NODE_240624_length_267_cov_1.750000	179	208	9	1	29	0.0344828
NODE_240624_length_267_cov_1.750000	179	208	10	3	29	0.1034483
NODE_240624_length_267_cov_1.750000	179	208	11	3	29	0.1034483
NODE_240624_length_267_cov_1.750000	179	208	12	9	29	0.3103448
NODE_240653_length_267_cov_1.690476	18	90	0	72	72	1.0000000
NODE_240790_length_267_cov_1.517857	6	43	0	37	37	1.0000000
NODE_241075_length_267_cov_1.214286	37	91	0	54	54	1.0000000
NODE_241240_length_267_cov_1.214286	89	126	0	37	37	1.0000000
NODE_241352_length_267_cov_1.208333	124	164	2	21	40	0.5250000
NODE_241352_length_267_cov_1.208333	124	164	4	19	40	0.4750000
NODE_241484_length_267_cov_1.125000	57	103	0	46	46	1.0000000
NODE_241512_length_267_cov_1.089286	119	196	0	77	77	1.0000000
NODE_241512_length_267_cov_1.089286	169	249	0	80	80	1.0000000
NODE_241517_length_267_cov_1.083333	133	152	24	8	19	0.4210526
NODE_241517_length_267_cov_1.083333	133	152	26	11	19	0.5789474
NODE_241517_length_267_cov_1.083333	183	264	0	1	81	0.0123457
NODE_241517_length_267_cov_1.083333	183	264	2	5	81	0.0617284
NODE_241517_length_267_cov_1.083333	183	264	4	3	81	0.0370370
NODE_241517_length_267_cov_1.083333	183	264	6	33	81	0.4074074
NODE_241517_length_267_cov_1.083333	183	264	8	5	81	0.0617284
NODE_241517_length_267_cov_1.083333	183	264	10	6	81	0.0740741
NODE_241517_length_267_cov_1.083333	183	264	12	5	81	0.0617284
NODE_241517_length_267_cov_1.083333	183	264	14	13	81	0.1604938
NODE_241517_length_267_cov_1.083333	183	264	16	1	81	0.0123457
NODE_241517_length_267_cov_1.083333	183	264	18	9	81	0.1111111
NODE_241588_length_267_cov_1.017857	205	267	0	62	62	1.0000000
NODE_241633_length_267_cov_0.982143	4	75	0	71	71	1.0000000
NODE_242999_length_266_cov_5.706587	120	199	0	79	79	1.0000000
NODE_242999_length_266_cov_5.706587	172	239	0	67	67	1.0000000
NODE_243010_length_266_cov_5.107784	68	150	0	30	82	0.3658537
NODE_243010_length_266_cov_5.107784	68	150	1	7	82	0.0853659
NODE_243010_length_266_cov_5.107784	68	150	6	45	82	0.5487805
NODE_243064_length_266_cov_4.125749	99	168	16	2	69	0.0289855
NODE_243064_length_266_cov_4.125749	99	168	18	2	69	0.0289855
NODE_243064_length_266_cov_4.125749	99	168	22	1	69	0.0144928
NODE_243064_length_266_cov_4.125749	99	168	25	4	69	0.0579710
NODE_243064_length_266_cov_4.125749	99	168	27	18	69	0.2608696
NODE_243064_length_266_cov_4.125749	99	168	28	17	69	0.2463768
NODE_243064_length_266_cov_4.125749	99	168	29	11	69	0.1594203
NODE_243064_length_266_cov_4.125749	99	168	30	9	69	0.1304348
NODE_243064_length_266_cov_4.125749	99	168	33	5	69	0.0724638
NODE_243079_length_266_cov_3.958084	40	120	0	80	80	1.0000000
NODE_243079_length_266_cov_3.958084	93	159	0	66	66	1.0000000
NODE_243136_length_266_cov_3.419162	68	130	2	49	62	0.7903226
NODE_243136_length_266_cov_3.419162	68	130	4	13	62	0.2096774
NODE_243136_length_266_cov_3.419162	116	183	2	27	67	0.4029851
NODE_243136_length_266_cov_3.419162	116	183	4	40	67	0.5970149
NODE_243168_length_266_cov_3.137725	6	86	0	80	80	1.0000000
NODE_243168_length_266_cov_3.137725	59	120	0	61	61	1.0000000
NODE_243174_length_266_cov_3.107784	166	232	8	1	66	0.0151515
NODE_243174_length_266_cov_3.107784	166	232	10	4	66	0.0606061
NODE_243174_length_266_cov_3.107784	166	232	12	5	66	0.0757576
NODE_243174_length_266_cov_3.107784	166	232	14	18	66	0.2727273
NODE_243174_length_266_cov_3.107784	166	232	15	1	66	0.0151515
NODE_243174_length_266_cov_3.107784	166	232	17	9	66	0.1363636
NODE_243174_length_266_cov_3.107784	166	232	18	1	66	0.0151515
NODE_243174_length_266_cov_3.107784	166	232	19	5	66	0.0757576
NODE_243174_length_266_cov_3.107784	166	232	20	8	66	0.1212121
NODE_243174_length_266_cov_3.107784	166	232	21	1	66	0.0151515
NODE_243174_length_266_cov_3.107784	166	232	22	4	66	0.0606061
NODE_243174_length_266_cov_3.107784	166	232	28	2	66	0.0303030
NODE_243174_length_266_cov_3.107784	166	232	30	1	66	0.0151515
NODE_243174_length_266_cov_3.107784	166	232	32	3	66	0.0454545
NODE_243174_length_266_cov_3.107784	166	232	34	1	66	0.0151515
NODE_243174_length_266_cov_3.107784	166	232	36	2	66	0.0303030
NODE_243475_length_266_cov_2.179641	110	191	11	2	81	0.0246914
NODE_243475_length_266_cov_2.179641	110	191	13	21	81	0.2592593
NODE_243475_length_266_cov_2.179641	110	191	15	3	81	0.0370370
NODE_243475_length_266_cov_2.179641	110	191	19	10	81	0.1234568
NODE_243475_length_266_cov_2.179641	110	191	22	2	81	0.0246914
NODE_243475_length_266_cov_2.179641	110	191	23	4	81	0.0493827
NODE_243475_length_266_cov_2.179641	110	191	26	3	81	0.0370370
NODE_243475_length_266_cov_2.179641	110	191	27	4	81	0.0493827
NODE_243475_length_266_cov_2.179641	110	191	29	20	81	0.2469136
NODE_243475_length_266_cov_2.179641	110	191	31	12	81	0.1481481
NODE_243497_length_266_cov_2.137725	156	236	5	1	80	0.0125000
NODE_243497_length_266_cov_2.137725	156	236	6	22	80	0.2750000
NODE_243497_length_266_cov_2.137725	156	236	8	24	80	0.3000000
NODE_243497_length_266_cov_2.137725	156	236	10	33	80	0.4125000
NODE_243570_length_266_cov_2.023952	47	123	0	76	76	1.0000000
NODE_243972_length_266_cov_1.532934	155	235	0	66	80	0.8250000
NODE_243972_length_266_cov_1.532934	155	235	2	14	80	0.1750000
NODE_244681_length_266_cov_1.113772	70	97	0	27	27	1.0000000
NODE_244760_length_266_cov_1.023952	144	201	0	4	57	0.0701754
NODE_244760_length_266_cov_1.023952	144	201	2	53	57	0.9298246
NODE_244760_length_266_cov_1.023952	199	265	0	62	66	0.9393939
NODE_244760_length_266_cov_1.023952	199	265	2	4	66	0.0606061
NODE_245049_length_266_cov_0.916168	51	122	0	71	71	1.0000000
NODE_245280_length_266_cov_0.730539	132	158	0	19	26	0.7307692
NODE_245280_length_266_cov_0.730539	132	158	2	7	26	0.2692308
NODE_245538_length_266_cov_0.610778	99	139	0	40	40	1.0000000
NODE_245538_length_266_cov_0.610778	112	156	0	44	44	1.0000000
NODE_246087_length_265_cov_7.843373	128	208	4	2	80	0.0250000
NODE_246087_length_265_cov_7.843373	128	208	5	2	80	0.0250000
NODE_246087_length_265_cov_7.843373	128	208	6	13	80	0.1625000
NODE_246087_length_265_cov_7.843373	128	208	8	47	80	0.5875000
NODE_246087_length_265_cov_7.843373	128	208	11	3	80	0.0375000
NODE_246087_length_265_cov_7.843373	128	208	12	2	80	0.0250000
NODE_246087_length_265_cov_7.843373	128	208	13	3	80	0.0375000
NODE_246087_length_265_cov_7.843373	128	208	14	1	80	0.0125000
NODE_246087_length_265_cov_7.843373	128	208	15	7	80	0.0875000
NODE_246192_length_265_cov_4.054217	65	145	0	80	80	1.0000000
NODE_246192_length_265_cov_4.054217	118	198	0	80	80	1.0000000
NODE_246198_length_265_cov_3.993976	195	231	0	36	36	1.0000000
NODE_246284_length_265_cov_3.150602	183	263	0	80	80	1.0000000
NODE_246374_length_265_cov_2.789157	177	238	2	61	61	1.0000000
NODE_246409_length_265_cov_2.734940	167	247	0	80	80	1.0000000
NODE_246432_length_265_cov_2.608434	188	259	0	71	71	1.0000000
NODE_246606_length_265_cov_2.156627	197	237	31	11	40	0.2750000
NODE_246606_length_265_cov_2.156627	197	237	37	14	40	0.3500000
NODE_246606_length_265_cov_2.156627	197	237	47	13	40	0.3250000
NODE_246606_length_265_cov_2.156627	197	237	49	1	40	0.0250000
NODE_246606_length_265_cov_2.156627	197	237	51	1	40	0.0250000
NODE_246624_length_265_cov_2.150602	169	218	2	15	49	0.3061225
NODE_246624_length_265_cov_2.150602	169	218	4	34	49	0.6938776
NODE_246692_length_265_cov_1.975904	15	44	0	29	29	1.0000000
NODE_246811_length_265_cov_1.843373	195	265	2	70	70	1.0000000
NODE_247028_length_265_cov_1.620482	115	186	0	18	71	0.2535211
NODE_247028_length_265_cov_1.620482	115	186	2	38	71	0.5352113
NODE_247028_length_265_cov_1.620482	115	186	4	15	71	0.2112676
NODE_247028_length_265_cov_1.620482	117	171	0	3	54	0.0555556
NODE_247028_length_265_cov_1.620482	117	171	2	38	54	0.7037037
NODE_247028_length_265_cov_1.620482	117	171	4	13	54	0.2407407
NODE_247031_length_265_cov_1.614458	53	113	8	2	60	0.0333333
NODE_247031_length_265_cov_1.614458	53	113	10	7	60	0.1166667
NODE_247031_length_265_cov_1.614458	53	113	12	7	60	0.1166667
NODE_247031_length_265_cov_1.614458	53	113	14	1	60	0.0166667
NODE_247031_length_265_cov_1.614458	53	113	16	3	60	0.0500000
NODE_247031_length_265_cov_1.614458	53	113	18	2	60	0.0333333
NODE_247031_length_265_cov_1.614458	53	113	20	2	60	0.0333333
NODE_247031_length_265_cov_1.614458	53	113	22	1	60	0.0166667
NODE_247031_length_265_cov_1.614458	53	113	24	2	60	0.0333333
NODE_247031_length_265_cov_1.614458	53	113	26	2	60	0.0333333
NODE_247031_length_265_cov_1.614458	53	113	28	2	60	0.0333333
NODE_247031_length_265_cov_1.614458	53	113	39	2	60	0.0333333
NODE_247031_length_265_cov_1.614458	53	113	41	3	60	0.0500000
NODE_247031_length_265_cov_1.614458	53	113	44	16	60	0.2666667
NODE_247031_length_265_cov_1.614458	53	113	45	1	60	0.0166667
NODE_247031_length_265_cov_1.614458	53	113	46	7	60	0.1166667
NODE_247031_length_265_cov_1.614458	86	166	41	3	80	0.0375000
NODE_247031_length_265_cov_1.614458	86	166	44	26	80	0.3250000
NODE_247031_length_265_cov_1.614458	86	166	45	1	80	0.0125000
NODE_247031_length_265_cov_1.614458	86	166	46	9	80	0.1125000
NODE_247031_length_265_cov_1.614458	86	166	48	3	80	0.0375000
NODE_247031_length_265_cov_1.614458	86	166	50	13	80	0.1625000
NODE_247031_length_265_cov_1.614458	86	166	52	7	80	0.0875000
NODE_247031_length_265_cov_1.614458	86	166	54	16	80	0.2000000
NODE_247031_length_265_cov_1.614458	86	166	58	2	80	0.0250000
NODE_247314_length_265_cov_1.337349	107	168	4	17	61	0.2786885
NODE_247314_length_265_cov_1.337349	107	168	6	1	61	0.0163934
NODE_247314_length_265_cov_1.337349	107	168	8	29	61	0.4754098
NODE_247314_length_265_cov_1.337349	107	168	10	14	61	0.2295082
NODE_247952_length_265_cov_1.000000	187	251	0	64	64	1.0000000
NODE_247972_length_265_cov_0.987952	44	63	0	19	19	1.0000000
NODE_249395_length_264_cov_4.018182	141	178	0	33	37	0.8918919
NODE_249395_length_264_cov_4.018182	141	178	2	4	37	0.1081081
NODE_249404_length_264_cov_3.957576	59	132	2	34	73	0.4657534
NODE_249404_length_264_cov_3.957576	59	132	4	12	73	0.1643836
NODE_249404_length_264_cov_3.957576	59	132	6	27	73	0.3698630
NODE_249404_length_264_cov_3.957576	112	192	0	19	80	0.2375000
NODE_249404_length_264_cov_3.957576	112	192	2	61	80	0.7625000
NODE_249415_length_264_cov_3.824242	178	220	0	42	42	1.0000000
NODE_249452_length_264_cov_3.400000	73	125	0	52	52	1.0000000
NODE_249452_length_264_cov_3.400000	124	165	0	41	41	1.0000000
NODE_249485_length_264_cov_3.133333	119	186	0	67	67	1.0000000
NODE_249530_length_264_cov_3.012121	122	198	0	63	76	0.8289474
NODE_249530_length_264_cov_3.012121	122	198	2	6	76	0.0789474
NODE_249530_length_264_cov_3.012121	122	198	6	4	76	0.0526316
NODE_249530_length_264_cov_3.012121	122	198	8	3	76	0.0394737
NODE_249904_length_264_cov_2.048485	32	98	2	33	66	0.5000000
NODE_249904_length_264_cov_2.048485	32	98	5	2	66	0.0303030
NODE_249904_length_264_cov_2.048485	32	98	6	17	66	0.2575758
NODE_249904_length_264_cov_2.048485	32	98	8	3	66	0.0454545
NODE_249904_length_264_cov_2.048485	32	98	10	2	66	0.0303030
NODE_249904_length_264_cov_2.048485	32	98	12	1	66	0.0151515
NODE_249904_length_264_cov_2.048485	32	98	18	1	66	0.0151515
NODE_249904_length_264_cov_2.048485	32	98	20	4	66	0.0606061
NODE_249904_length_264_cov_2.048485	32	98	22	3	66	0.0454545
NODE_249905_length_264_cov_2.048485	133	176	0	43	43	1.0000000
NODE_249912_length_264_cov_2.012121	20	84	0	64	64	1.0000000
NODE_249931_length_264_cov_1.951515	178	211	0	4	33	0.1212121
NODE_249931_length_264_cov_1.951515	178	211	2	29	33	0.8787879
NODE_249982_length_264_cov_1.854545	130	161	0	31	31	1.0000000
NODE_250202_length_264_cov_1.745455	26	81	0	55	55	1.0000000
NODE_250202_length_264_cov_1.745455	86	153	0	67	67	1.0000000
NODE_250203_length_264_cov_1.745455	90	169	24	5	79	0.0632911
NODE_250203_length_264_cov_1.745455	90	169	28	2	79	0.0253165
NODE_250203_length_264_cov_1.745455	90	169	30	4	79	0.0506329
NODE_250203_length_264_cov_1.745455	90	169	32	3	79	0.0379747
NODE_250203_length_264_cov_1.745455	90	169	33	1	79	0.0126582
NODE_250203_length_264_cov_1.745455	90	169	41	1	79	0.0126582
NODE_250203_length_264_cov_1.745455	90	169	43	9	79	0.1139240
NODE_250203_length_264_cov_1.745455	90	169	49	2	79	0.0253165
NODE_250203_length_264_cov_1.745455	90	169	50	4	79	0.0506329
NODE_250203_length_264_cov_1.745455	90	169	53	1	79	0.0126582
NODE_250203_length_264_cov_1.745455	90	169	62	1	79	0.0126582
NODE_250203_length_264_cov_1.745455	90	169	71	3	79	0.0379747
NODE_250203_length_264_cov_1.745455	90	169	73	1	79	0.0126582
NODE_250203_length_264_cov_1.745455	90	169	74	2	79	0.0253165
NODE_250203_length_264_cov_1.745455	90	169	76	14	79	0.1772152
NODE_250203_length_264_cov_1.745455	90	169	78	15	79	0.1898734
NODE_250203_length_264_cov_1.745455	90	169	80	8	79	0.1012658
NODE_250203_length_264_cov_1.745455	90	169	82	3	79	0.0379747
NODE_250203_length_264_cov_1.745455	143	207	56	6	64	0.0937500
NODE_250203_length_264_cov_1.745455	143	207	59	1	64	0.0156250
NODE_250203_length_264_cov_1.745455	143	207	71	1	64	0.0156250
NODE_250203_length_264_cov_1.745455	143	207	74	4	64	0.0625000
NODE_250203_length_264_cov_1.745455	143	207	76	2	64	0.0312500
NODE_250203_length_264_cov_1.745455	143	207	78	18	64	0.2812500
NODE_250203_length_264_cov_1.745455	143	207	80	11	64	0.1718750
NODE_250203_length_264_cov_1.745455	143	207	82	16	64	0.2500000
NODE_250203_length_264_cov_1.745455	143	207	84	5	64	0.0781250
NODE_250297_length_264_cov_1.569697	173	236	0	33	63	0.5238096
NODE_250297_length_264_cov_1.569697	173	236	1	30	63	0.4761905
NODE_250314_length_264_cov_1.545455	206	255	2	49	49	1.0000000
NODE_250381_length_264_cov_1.545455	35	66	0	31	31	1.0000000
NODE_250446_length_264_cov_1.503030	0	63	0	63	63	1.0000000
NODE_250513_length_264_cov_1.406061	149	230	0	81	81	1.0000000
NODE_250513_length_264_cov_1.406061	225	260	0	35	35	1.0000000
NODE_250635_length_264_cov_1.236364	2	63	0	8	61	0.1311475
NODE_250635_length_264_cov_1.236364	2	63	2	3	61	0.0491803
NODE_250635_length_264_cov_1.236364	2	63	4	50	61	0.8196721
NODE_251015_length_264_cov_1.151515	11	68	0	57	57	1.0000000
NODE_251529_length_264_cov_0.921212	49	85	0	36	36	1.0000000
NODE_251703_length_264_cov_0.721212	233	252	0	19	19	1.0000000
NODE_252559_length_263_cov_5.115854	132	219	26	2	87	0.0229885
NODE_252559_length_263_cov_5.115854	132	219	33	3	87	0.0344828
NODE_252559_length_263_cov_5.115854	132	219	37	5	87	0.0574713
NODE_252559_length_263_cov_5.115854	132	219	39	1	87	0.0114943
NODE_252559_length_263_cov_5.115854	132	219	45	1	87	0.0114943
NODE_252559_length_263_cov_5.115854	132	219	47	4	87	0.0459770
NODE_252559_length_263_cov_5.115854	132	219	49	7	87	0.0804598
NODE_252559_length_263_cov_5.115854	132	219	51	18	87	0.2068966
NODE_252559_length_263_cov_5.115854	132	219	52	46	87	0.5287356
NODE_252563_length_263_cov_4.914634	45	117	6	1	72	0.0138889
NODE_252563_length_263_cov_4.914634	45	117	8	5	72	0.0694444
NODE_252563_length_263_cov_4.914634	45	117	10	14	72	0.1944444
NODE_252563_length_263_cov_4.914634	45	117	12	3	72	0.0416667
NODE_252563_length_263_cov_4.914634	45	117	14	32	72	0.4444444
NODE_252563_length_263_cov_4.914634	45	117	16	17	72	0.2361111
NODE_252595_length_263_cov_4.225610	67	124	16	4	57	0.0701754
NODE_252595_length_263_cov_4.225610	67	124	18	53	57	0.9298246
NODE_252663_length_263_cov_3.518293	104	176	0	34	72	0.4722222
NODE_252663_length_263_cov_3.518293	104	176	2	16	72	0.2222222
NODE_252663_length_263_cov_3.518293	104	176	4	21	72	0.2916667
NODE_252663_length_263_cov_3.518293	104	176	6	1	72	0.0138889
NODE_252766_length_263_cov_2.908537	7	93	0	74	86	0.8604651
NODE_252766_length_263_cov_2.908537	7	93	4	7	86	0.0813954
NODE_252766_length_263_cov_2.908537	7	93	6	1	86	0.0116279
NODE_252766_length_263_cov_2.908537	7	93	8	4	86	0.0465116
NODE_252778_length_263_cov_2.798780	67	146	6	5	79	0.0632911
NODE_252778_length_263_cov_2.798780	67	146	8	33	79	0.4177215
NODE_252778_length_263_cov_2.798780	67	146	10	41	79	0.5189874
NODE_252932_length_263_cov_2.396341	207	238	0	31	31	1.0000000
NODE_253261_length_263_cov_1.865854	51	81	12	9	30	0.3000000
NODE_253261_length_263_cov_1.865854	51	81	14	4	30	0.1333333
NODE_253261_length_263_cov_1.865854	51	81	16	1	30	0.0333333
NODE_253261_length_263_cov_1.865854	51	81	18	3	30	0.1000000
NODE_253261_length_263_cov_1.865854	51	81	20	13	30	0.4333333
NODE_253310_length_263_cov_1.847561	113	189	2	21	76	0.2763158
NODE_253310_length_263_cov_1.847561	113	189	4	55	76	0.7236842
NODE_253379_length_263_cov_1.750000	151	231	4	5	80	0.0625000
NODE_253379_length_263_cov_1.750000	151	231	6	16	80	0.2000000
NODE_253379_length_263_cov_1.750000	151	231	8	59	80	0.7375000
NODE_253468_length_263_cov_1.579268	32	95	38	2	63	0.0317460
NODE_253468_length_263_cov_1.579268	32	95	42	2	63	0.0317460
NODE_253468_length_263_cov_1.579268	32	95	44	4	63	0.0634921
NODE_253468_length_263_cov_1.579268	32	95	46	5	63	0.0793651
NODE_253468_length_263_cov_1.579268	32	95	48	13	63	0.2063492
NODE_253468_length_263_cov_1.579268	32	95	50	5	63	0.0793651
NODE_253468_length_263_cov_1.579268	32	95	52	3	63	0.0476190
NODE_253468_length_263_cov_1.579268	32	95	54	17	63	0.2698413
NODE_253468_length_263_cov_1.579268	32	95	56	1	63	0.0158730
NODE_253468_length_263_cov_1.579268	32	95	58	11	63	0.1746032
NODE_253477_length_263_cov_1.567073	98	155	0	57	57	1.0000000
NODE_253619_length_263_cov_1.506098	157	217	0	60	60	1.0000000
NODE_253620_length_263_cov_1.506098	84	113	10	3	29	0.1034483
NODE_253620_length_263_cov_1.506098	84	113	12	16	29	0.5517241
NODE_253620_length_263_cov_1.506098	84	113	14	10	29	0.3448276
NODE_253753_length_263_cov_1.286585	143	223	0	3	80	0.0375000
NODE_253753_length_263_cov_1.286585	143	223	4	1	80	0.0125000
NODE_253753_length_263_cov_1.286585	143	223	6	16	80	0.2000000
NODE_253753_length_263_cov_1.286585	143	223	8	1	80	0.0125000
NODE_253753_length_263_cov_1.286585	143	223	10	17	80	0.2125000
NODE_253753_length_263_cov_1.286585	143	223	18	1	80	0.0125000
NODE_253753_length_263_cov_1.286585	143	223	22	1	80	0.0125000
NODE_253753_length_263_cov_1.286585	143	223	23	1	80	0.0125000
NODE_253753_length_263_cov_1.286585	143	223	24	1	80	0.0125000
NODE_253753_length_263_cov_1.286585	143	223	26	6	80	0.0750000
NODE_253753_length_263_cov_1.286585	143	223	30	10	80	0.1250000
NODE_253753_length_263_cov_1.286585	143	223	32	11	80	0.1375000
NODE_253753_length_263_cov_1.286585	143	223	34	11	80	0.1375000
NODE_253788_length_263_cov_1.243902	206	263	0	57	57	1.0000000
NODE_254174_length_263_cov_1.170732	12	66	0	54	54	1.0000000
NODE_254174_length_263_cov_1.170732	39	119	0	80	80	1.0000000
NODE_254301_length_263_cov_1.067073	137	202	2	2	65	0.0307692
NODE_254301_length_263_cov_1.067073	137	202	4	37	65	0.5692308
NODE_254301_length_263_cov_1.067073	137	202	5	1	65	0.0153846
NODE_254301_length_263_cov_1.067073	137	202	6	25	65	0.3846154
NODE_254301_length_263_cov_1.067073	175	255	2	12	80	0.1500000
NODE_254301_length_263_cov_1.067073	175	255	4	56	80	0.7000000
NODE_254301_length_263_cov_1.067073	175	255	6	12	80	0.1500000
NODE_254783_length_263_cov_0.810976	163	245	98	1	82	0.0121951
NODE_254783_length_263_cov_0.810976	163	245	108	1	82	0.0121951
NODE_254783_length_263_cov_0.810976	163	245	116	1	82	0.0121951
NODE_254783_length_263_cov_0.810976	163	245	122	1	82	0.0121951
NODE_254783_length_263_cov_0.810976	163	245	130	1	82	0.0121951
NODE_254783_length_263_cov_0.810976	163	245	141	1	82	0.0121951
NODE_254783_length_263_cov_0.810976	163	245	145	1	82	0.0121951
NODE_254783_length_263_cov_0.810976	163	245	155	1	82	0.0121951
NODE_254783_length_263_cov_0.810976	163	245	160	1	82	0.0121951
NODE_254783_length_263_cov_0.810976	163	245	173	1	82	0.0121951
NODE_254783_length_263_cov_0.810976	163	245	178	1	82	0.0121951
NODE_254783_length_263_cov_0.810976	163	245	180	1	82	0.0121951
NODE_254783_length_263_cov_0.810976	163	245	183	1	82	0.0121951
NODE_254783_length_263_cov_0.810976	163	245	186	1	82	0.0121951
NODE_254783_length_263_cov_0.810976	163	245	196	1	82	0.0121951
NODE_254783_length_263_cov_0.810976	163	245	204	2	82	0.0243902
NODE_254783_length_263_cov_0.810976	163	245	212	2	82	0.0243902
NODE_254783_length_263_cov_0.810976	163	245	221	1	82	0.0121951
NODE_254783_length_263_cov_0.810976	163	245	248	1	82	0.0121951
NODE_254783_length_263_cov_0.810976	163	245	251	1	82	0.0121951
NODE_254783_length_263_cov_0.810976	163	245	254	1	82	0.0121951
NODE_254783_length_263_cov_0.810976	163	245	260	1	82	0.0121951
NODE_254783_length_263_cov_0.810976	163	245	263	1	82	0.0121951
NODE_254783_length_263_cov_0.810976	163	245	264	1	82	0.0121951
NODE_254783_length_263_cov_0.810976	163	245	266	1	82	0.0121951
NODE_254783_length_263_cov_0.810976	163	245	274	2	82	0.0243902
NODE_254783_length_263_cov_0.810976	163	245	277	1	82	0.0121951
NODE_254783_length_263_cov_0.810976	163	245	284	1	82	0.0121951
NODE_254783_length_263_cov_0.810976	163	245	298	1	82	0.0121951
NODE_254783_length_263_cov_0.810976	163	245	301	1	82	0.0121951
NODE_254783_length_263_cov_0.810976	163	245	306	1	82	0.0121951
NODE_254783_length_263_cov_0.810976	163	245	322	1	82	0.0121951
NODE_254783_length_263_cov_0.810976	163	245	324	1	82	0.0121951
NODE_254783_length_263_cov_0.810976	163	245	326	1	82	0.0121951
NODE_254783_length_263_cov_0.810976	163	245	341	1	82	0.0121951
NODE_254783_length_263_cov_0.810976	163	245	347	1	82	0.0121951
NODE_254783_length_263_cov_0.810976	163	245	359	1	82	0.0121951
NODE_254783_length_263_cov_0.810976	163	245	373	1	82	0.0121951
NODE_254783_length_263_cov_0.810976	163	245	389	1	82	0.0121951
NODE_254783_length_263_cov_0.810976	163	245	396	1	82	0.0121951
NODE_254783_length_263_cov_0.810976	163	245	402	1	82	0.0121951
NODE_254783_length_263_cov_0.810976	163	245	406	1	82	0.0121951
NODE_254783_length_263_cov_0.810976	163	245	419	1	82	0.0121951
NODE_254783_length_263_cov_0.810976	163	245	431	1	82	0.0121951
NODE_254783_length_263_cov_0.810976	163	245	433	1	82	0.0121951
NODE_254783_length_263_cov_0.810976	163	245	437	1	82	0.0121951
NODE_254783_length_263_cov_0.810976	163	245	442	1	82	0.0121951
NODE_254783_length_263_cov_0.810976	163	245	449	3	82	0.0365854
NODE_254783_length_263_cov_0.810976	163	245	454	1	82	0.0121951
NODE_254783_length_263_cov_0.810976	163	245	457	1	82	0.0121951
NODE_254783_length_263_cov_0.810976	163	245	465	1	82	0.0121951
NODE_254783_length_263_cov_0.810976	163	245	471	1	82	0.0121951
NODE_254783_length_263_cov_0.810976	163	245	477	1	82	0.0121951
NODE_254783_length_263_cov_0.810976	163	245	481	1	82	0.0121951
NODE_254783_length_263_cov_0.810976	163	245	487	1	82	0.0121951
NODE_254783_length_263_cov_0.810976	163	245	491	1	82	0.0121951
NODE_254783_length_263_cov_0.810976	163	245	497	1	82	0.0121951
NODE_254783_length_263_cov_0.810976	163	245	501	1	82	0.0121951
NODE_254783_length_263_cov_0.810976	163	245	503	1	82	0.0121951
NODE_254783_length_263_cov_0.810976	163	245	513	2	82	0.0243902
NODE_254783_length_263_cov_0.810976	163	245	519	1	82	0.0121951
NODE_254783_length_263_cov_0.810976	163	245	522	1	82	0.0121951
NODE_254783_length_263_cov_0.810976	163	245	526	1	82	0.0121951
NODE_254783_length_263_cov_0.810976	163	245	546	1	82	0.0121951
NODE_254783_length_263_cov_0.810976	163	245	548	2	82	0.0243902
NODE_254783_length_263_cov_0.810976	163	245	549	1	82	0.0121951
NODE_254783_length_263_cov_0.810976	163	245	553	1	82	0.0121951
NODE_254783_length_263_cov_0.810976	163	245	562	1	82	0.0121951
NODE_254783_length_263_cov_0.810976	163	245	569	1	82	0.0121951
NODE_254783_length_263_cov_0.810976	163	245	574	1	82	0.0121951
NODE_254783_length_263_cov_0.810976	163	245	576	4	82	0.0487805
NODE_254783_length_263_cov_0.810976	163	245	578	1	82	0.0121951
NODE_255446_length_263_cov_0.621951	212	258	0	46	46	1.0000000
NODE_255524_length_263_cov_0.621951	131	151	0	20	20	1.0000000
NODE_255559_length_263_cov_0.621951	67	86	0	19	19	1.0000000
NODE_255727_length_262_cov_5.312883	20	82	0	62	62	1.0000000
NODE_255769_length_262_cov_4.447853	102	155	0	53	53	1.0000000
NODE_255821_length_262_cov_3.766871	48	89	0	41	41	1.0000000
NODE_255860_length_262_cov_3.435583	158	235	2	30	77	0.3896104
NODE_255860_length_262_cov_3.435583	158	235	4	47	77	0.6103896
NODE_255945_length_262_cov_2.938650	142	222	0	20	80	0.2500000
NODE_255945_length_262_cov_2.938650	142	222	2	60	80	0.7500000
NODE_256009_length_262_cov_2.723926	103	183	0	80	80	1.0000000
NODE_256049_length_262_cov_2.509202	88	148	10	34	60	0.5666667
NODE_256049_length_262_cov_2.509202	88	148	12	25	60	0.4166667
NODE_256049_length_262_cov_2.509202	88	148	14	1	60	0.0166667
NODE_256050_length_262_cov_2.509202	0	61	0	61	61	1.0000000
NODE_256050_length_262_cov_2.509202	107	171	2	64	64	1.0000000
NODE_256050_length_262_cov_2.509202	144	224	0	15	80	0.1875000
NODE_256050_length_262_cov_2.509202	144	224	2	65	80	0.8125000
NODE_256129_length_262_cov_2.429448	14	87	0	11	73	0.1506849
NODE_256129_length_262_cov_2.429448	14	87	4	1	73	0.0136986
NODE_256129_length_262_cov_2.429448	14	87	6	61	73	0.8356164
NODE_256129_length_262_cov_2.429448	62	149	0	73	87	0.8390805
NODE_256129_length_262_cov_2.429448	62	149	4	1	87	0.0114943
NODE_256129_length_262_cov_2.429448	62	149	6	13	87	0.1494253
NODE_256176_length_262_cov_2.226994	2	79	2	77	77	1.0000000
NODE_256187_length_262_cov_2.202454	61	81	0	20	20	1.0000000
NODE_256199_length_262_cov_2.190184	172	235	34	3	63	0.0476190
NODE_256199_length_262_cov_2.190184	172	235	36	1	63	0.0158730
NODE_256199_length_262_cov_2.190184	172	235	40	2	63	0.0317460
NODE_256199_length_262_cov_2.190184	172	235	43	5	63	0.0793651
NODE_256199_length_262_cov_2.190184	172	235	47	3	63	0.0476190
NODE_256199_length_262_cov_2.190184	172	235	49	8	63	0.1269841
NODE_256199_length_262_cov_2.190184	172	235	50	9	63	0.1428571
NODE_256199_length_262_cov_2.190184	172	235	52	32	63	0.5079365
NODE_256239_length_262_cov_2.177914	133	189	4	36	56	0.6428571
NODE_256239_length_262_cov_2.177914	133	189	6	20	56	0.3571429
NODE_256265_length_262_cov_2.122699	96	157	4	20	61	0.3278688
NODE_256265_length_262_cov_2.122699	96	157	6	13	61	0.2131148
NODE_256265_length_262_cov_2.122699	96	157	9	1	61	0.0163934
NODE_256265_length_262_cov_2.122699	96	157	10	27	61	0.4426230
NODE_256386_length_262_cov_1.877301	0	77	0	77	77	1.0000000
NODE_256390_length_262_cov_1.877301	77	124	12	2	47	0.0425532
NODE_256390_length_262_cov_1.877301	77	124	14	8	47	0.1702128
NODE_256390_length_262_cov_1.877301	77	124	16	37	47	0.7872341
NODE_256481_length_262_cov_1.871166	192	252	0	60	60	1.0000000
NODE_256596_length_262_cov_1.736196	149	208	0	59	59	1.0000000
NODE_256630_length_262_cov_1.680982	2	82	3	4	80	0.0500000
NODE_256630_length_262_cov_1.680982	2	82	4	76	80	0.9500000
NODE_256650_length_262_cov_1.656442	135	166	4	31	31	1.0000000
NODE_256659_length_262_cov_1.638037	111	142	10	2	31	0.0645161
NODE_256659_length_262_cov_1.638037	111	142	12	1	31	0.0322581
NODE_256659_length_262_cov_1.638037	111	142	14	18	31	0.5806451
NODE_256659_length_262_cov_1.638037	111	142	16	5	31	0.1612903
NODE_256659_length_262_cov_1.638037	111	142	18	5	31	0.1612903
NODE_256704_length_262_cov_1.576687	102	182	2	20	80	0.2500000
NODE_256704_length_262_cov_1.576687	102	182	4	60	80	0.7500000
NODE_256704_length_262_cov_1.576687	155	221	0	38	66	0.5757576
NODE_256704_length_262_cov_1.576687	155	221	2	21	66	0.3181818
NODE_256704_length_262_cov_1.576687	155	221	4	7	66	0.1060606
NODE_256742_length_262_cov_1.564417	69	124	0	27	55	0.4909091
NODE_256742_length_262_cov_1.564417	69	124	4	18	55	0.3272727
NODE_256742_length_262_cov_1.564417	69	124	6	5	55	0.0909091
NODE_256742_length_262_cov_1.564417	69	124	8	5	55	0.0909091
NODE_256742_length_262_cov_1.564417	106	177	4	8	71	0.1126761
NODE_256742_length_262_cov_1.564417	106	177	6	5	71	0.0704225
NODE_256742_length_262_cov_1.564417	106	177	8	19	71	0.2676056
NODE_256742_length_262_cov_1.564417	106	177	10	39	71	0.5492958
NODE_256933_length_262_cov_1.349693	52	102	2	3	50	0.0600000
NODE_256933_length_262_cov_1.349693	52	102	4	47	50	0.9400000
NODE_256933_length_262_cov_1.349693	83	149	0	46	66	0.6969697
NODE_256933_length_262_cov_1.349693	83	149	2	4	66	0.0606061
NODE_256933_length_262_cov_1.349693	83	149	4	16	66	0.2424242
NODE_257199_length_262_cov_1.251534	44	124	2	11	80	0.1375000
NODE_257199_length_262_cov_1.251534	44	124	4	69	80	0.8625000
NODE_257199_length_262_cov_1.251534	97	171	2	1	74	0.0135135
NODE_257199_length_262_cov_1.251534	97	171	4	73	74	0.9864865
NODE_258876_length_261_cov_31.913580	32	112	0	80	80	1.0000000
NODE_258876_length_261_cov_31.913580	85	171	0	86	86	1.0000000
NODE_258901_length_261_cov_6.376543	126	201	0	75	75	1.0000000
NODE_258901_length_261_cov_6.376543	179	254	0	75	75	1.0000000
NODE_258929_length_261_cov_5.469136	56	132	2	76	76	1.0000000
NODE_259329_length_261_cov_2.425926	53	134	0	81	81	1.0000000
NODE_259361_length_261_cov_2.333333	41	136	0	2	95	0.0210526
NODE_259361_length_261_cov_2.333333	41	136	2	4	95	0.0421053
NODE_259361_length_261_cov_2.333333	41	136	4	62	95	0.6526316
NODE_259361_length_261_cov_2.333333	41	136	6	27	95	0.2842105
NODE_259435_length_261_cov_2.191358	86	122	0	20	36	0.5555556
NODE_259435_length_261_cov_2.191358	86	122	4	16	36	0.4444444
NODE_259495_length_261_cov_1.993827	134	214	0	37	80	0.4625000
NODE_259495_length_261_cov_1.993827	134	214	1	43	80	0.5375000
NODE_259672_length_261_cov_1.882716	51	105	8	2	54	0.0370370
NODE_259672_length_261_cov_1.882716	51	105	10	5	54	0.0925926
NODE_259672_length_261_cov_1.882716	51	105	12	2	54	0.0370370
NODE_259672_length_261_cov_1.882716	51	105	13	4	54	0.0740741
NODE_259672_length_261_cov_1.882716	51	105	14	3	54	0.0555556
NODE_259672_length_261_cov_1.882716	51	105	16	5	54	0.0925926
NODE_259672_length_261_cov_1.882716	51	105	18	1	54	0.0185185
NODE_259672_length_261_cov_1.882716	51	105	20	5	54	0.0925926
NODE_259672_length_261_cov_1.882716	51	105	22	27	54	0.5000000
NODE_259740_length_261_cov_1.839506	118	197	0	11	79	0.1392405
NODE_259740_length_261_cov_1.839506	118	197	2	5	79	0.0632911
NODE_259740_length_261_cov_1.839506	118	197	4	48	79	0.6075949
NODE_259740_length_261_cov_1.839506	118	197	8	1	79	0.0126582
NODE_259740_length_261_cov_1.839506	118	197	12	14	79	0.1772152
NODE_259769_length_261_cov_1.783951	69	141	3	15	72	0.2083333
NODE_259769_length_261_cov_1.783951	69	141	5	16	72	0.2222222
NODE_259769_length_261_cov_1.783951	69	141	8	16	72	0.2222222
NODE_259769_length_261_cov_1.783951	69	141	10	25	72	0.3472222
NODE_260089_length_261_cov_1.388889	202	247	0	44	45	0.9777778
NODE_260089_length_261_cov_1.388889	202	247	2	1	45	0.0222222
NODE_260090_length_261_cov_1.382716	14	61	0	23	47	0.4893617
NODE_260090_length_261_cov_1.382716	14	61	2	24	47	0.5106383
NODE_260428_length_261_cov_1.253086	100	138	12	38	38	1.0000000
NODE_260738_length_261_cov_1.030864	122	205	0	15	83	0.1807229
NODE_260738_length_261_cov_1.030864	122	205	4	6	83	0.0722892
NODE_260738_length_261_cov_1.030864	122	205	6	20	83	0.2409639
NODE_260738_length_261_cov_1.030864	122	205	8	42	83	0.5060241
NODE_260738_length_261_cov_1.030864	129	210	0	8	81	0.0987654
NODE_260738_length_261_cov_1.030864	129	210	4	6	81	0.0740741
NODE_260738_length_261_cov_1.030864	129	210	6	20	81	0.2469136
NODE_260738_length_261_cov_1.030864	129	210	8	47	81	0.5802469
NODE_260738_length_261_cov_1.030864	129	184	0	8	55	0.1454545
NODE_260738_length_261_cov_1.030864	129	184	4	6	55	0.1090909
NODE_260738_length_261_cov_1.030864	129	184	6	20	55	0.3636364
NODE_260738_length_261_cov_1.030864	129	184	8	21	55	0.3818182
NODE_260738_length_261_cov_1.030864	187	248	2	3	61	0.0491803
NODE_260738_length_261_cov_1.030864	187	248	6	5	61	0.0819672
NODE_260738_length_261_cov_1.030864	187	248	8	53	61	0.8688524
NODE_260767_length_261_cov_1.006173	3	45	0	5	42	0.1190476
NODE_260767_length_261_cov_1.006173	3	45	2	12	42	0.2857143
NODE_260767_length_261_cov_1.006173	3	45	4	25	42	0.5952381
NODE_260767_length_261_cov_1.006173	46	98	2	34	52	0.6538461
NODE_260767_length_261_cov_1.006173	46	98	4	18	52	0.3461539
NODE_262062_length_261_cov_0.580247	11	31	0	20	20	1.0000000
NODE_262121_length_260_cov_8.844720	74	138	0	64	64	1.0000000
NODE_262123_length_260_cov_8.447205	30	110	0	19	80	0.2375000
NODE_262123_length_260_cov_8.447205	30	110	6	61	80	0.7625000
NODE_262123_length_260_cov_8.447205	83	167	0	26	84	0.3095238
NODE_262123_length_260_cov_8.447205	83	167	6	58	84	0.6904762
NODE_262123_length_260_cov_8.447205	163	243	0	80	80	1.0000000
NODE_262149_length_260_cov_5.807453	38	118	0	80	80	1.0000000
NODE_262149_length_260_cov_5.807453	91	171	0	80	80	1.0000000
NODE_262264_length_260_cov_3.645963	5	57	0	1	52	0.0192308
NODE_262264_length_260_cov_3.645963	5	57	2	9	52	0.1730769
NODE_262264_length_260_cov_3.645963	5	57	4	42	52	0.8076923
NODE_262329_length_260_cov_3.167702	91	163	0	3	72	0.0416667
NODE_262329_length_260_cov_3.167702	91	163	2	10	72	0.1388889
NODE_262329_length_260_cov_3.167702	91	163	8	59	72	0.8194444
NODE_262378_length_260_cov_2.981366	58	127	0	26	69	0.3768116
NODE_262378_length_260_cov_2.981366	58	127	2	43	69	0.6231884
NODE_262384_length_260_cov_2.913043	10	90	0	80	80	1.0000000
NODE_262708_length_260_cov_2.161491	174	251	0	77	77	1.0000000
NODE_262733_length_260_cov_2.080745	188	258	0	70	70	1.0000000
NODE_262788_length_260_cov_1.950311	27	85	4	3	58	0.0517241
NODE_262788_length_260_cov_1.950311	27	85	8	55	58	0.9482759
NODE_262930_length_260_cov_1.900621	14	50	0	36	36	1.0000000
NODE_263117_length_260_cov_1.683230	50	130	0	80	80	1.0000000
NODE_263428_length_260_cov_1.347826	38	118	0	80	80	1.0000000
NODE_263533_length_260_cov_1.267081	114	199	0	85	85	1.0000000
NODE_263556_length_260_cov_1.267081	198	244	0	46	46	1.0000000
NODE_263568_length_260_cov_1.267081	145	189	6	31	44	0.7045454
NODE_263568_length_260_cov_1.267081	145	189	7	4	44	0.0909091
NODE_263568_length_260_cov_1.267081	145	189	8	9	44	0.2045455
NODE_265483_length_259_cov_4.800000	35	95	0	12	60	0.2000000
NODE_265483_length_259_cov_4.800000	35	95	8	7	60	0.1166667
NODE_265483_length_259_cov_4.800000	35	95	10	41	60	0.6833333
NODE_265584_length_259_cov_3.675000	119	161	0	42	42	1.0000000
NODE_265584_length_259_cov_3.675000	134	214	0	80	80	1.0000000
NODE_265592_length_259_cov_3.593750	100	143	0	43	43	1.0000000
NODE_265611_length_259_cov_3.475000	198	259	0	61	61	1.0000000
NODE_265625_length_259_cov_3.331250	72	118	0	46	46	1.0000000
NODE_265636_length_259_cov_3.237500	103	160	4	5	57	0.0877193
NODE_265636_length_259_cov_3.237500	103	160	6	16	57	0.2807018
NODE_265636_length_259_cov_3.237500	103	160	7	24	57	0.4210526
NODE_265636_length_259_cov_3.237500	103	160	8	12	57	0.2105263
NODE_265704_length_259_cov_2.937500	209	233	2	10	24	0.4166667
NODE_265704_length_259_cov_2.937500	209	233	6	5	24	0.2083333
NODE_265704_length_259_cov_2.937500	209	233	7	8	24	0.3333333
NODE_265704_length_259_cov_2.937500	209	233	17	1	24	0.0416667
NODE_265735_length_259_cov_2.850000	0	41	0	41	41	1.0000000
NODE_265735_length_259_cov_2.850000	14	94	0	80	80	1.0000000
NODE_265818_length_259_cov_2.550000	9	82	0	33	73	0.4520548
NODE_265818_length_259_cov_2.550000	9	82	2	40	73	0.5479452
NODE_265942_length_259_cov_2.287500	147	225	2	78	78	1.0000000
NODE_265942_length_259_cov_2.287500	198	241	0	8	43	0.1860465
NODE_265942_length_259_cov_2.287500	198	241	2	35	43	0.8139535
NODE_266032_length_259_cov_2.156250	0	72	0	72	72	1.0000000
NODE_266080_length_259_cov_2.012500	8	73	0	62	65	0.9538462
NODE_266080_length_259_cov_2.012500	8	73	2	3	65	0.0461538
NODE_266080_length_259_cov_2.012500	53	126	0	17	73	0.2328767
NODE_266080_length_259_cov_2.012500	53	126	2	56	73	0.7671233
NODE_266101_length_259_cov_1.962500	108	189	0	20	81	0.2469136
NODE_266101_length_259_cov_1.962500	108	189	4	61	81	0.7530864
NODE_266117_length_259_cov_1.918750	49	120	0	71	71	1.0000000
NODE_266183_length_259_cov_1.912500	114	177	0	63	63	1.0000000
NODE_266365_length_259_cov_1.837500	180	252	6	17	72	0.2361111
NODE_266365_length_259_cov_1.837500	180	252	8	38	72	0.5277778
NODE_266365_length_259_cov_1.837500	180	252	10	17	72	0.2361111
NODE_266609_length_259_cov_1.593750	27	67	0	37	40	0.9250000
NODE_266609_length_259_cov_1.593750	27	67	2	3	40	0.0750000
NODE_266746_length_259_cov_1.400000	117	164	0	47	47	1.0000000
NODE_266746_length_259_cov_1.400000	137	217	0	80	80	1.0000000
NODE_268816_length_258_cov_6.415094	129	209	0	75	80	0.9375000
NODE_268816_length_258_cov_6.415094	129	209	2	5	80	0.0625000
NODE_268816_length_258_cov_6.415094	182	258	0	22	76	0.2894737
NODE_268816_length_258_cov_6.415094	182	258	2	54	76	0.7105263
NODE_268823_length_258_cov_6.157233	1	81	0	80	80	1.0000000
NODE_268823_length_258_cov_6.157233	9	64	0	55	55	1.0000000
NODE_268852_length_258_cov_4.798742	83	163	0	80	80	1.0000000
NODE_268870_length_258_cov_4.396226	0	44	0	44	44	1.0000000
NODE_268870_length_258_cov_4.396226	24	97	0	73	73	1.0000000
NODE_268880_length_258_cov_4.301887	0	54	0	54	54	1.0000000
NODE_268942_length_258_cov_3.616352	29	58	0	29	29	1.0000000
NODE_268982_length_258_cov_3.352201	47	127	34	5	80	0.0625000
NODE_268982_length_258_cov_3.352201	47	127	36	1	80	0.0125000
NODE_268982_length_258_cov_3.352201	47	127	38	21	80	0.2625000
NODE_268982_length_258_cov_3.352201	47	127	40	3	80	0.0375000
NODE_268982_length_258_cov_3.352201	47	127	42	11	80	0.1375000
NODE_268982_length_258_cov_3.352201	47	127	43	1	80	0.0125000
NODE_268982_length_258_cov_3.352201	47	127	44	2	80	0.0250000
NODE_268982_length_258_cov_3.352201	47	127	46	13	80	0.1625000
NODE_268982_length_258_cov_3.352201	47	127	48	23	80	0.2875000
NODE_269086_length_258_cov_2.886792	102	121	0	19	19	1.0000000
NODE_269091_length_258_cov_2.880503	92	172	0	80	80	1.0000000
NODE_269102_length_258_cov_2.855346	96	138	38	7	42	0.1666667
NODE_269102_length_258_cov_2.855346	96	138	44	3	42	0.0714286
NODE_269102_length_258_cov_2.855346	96	138	46	3	42	0.0714286
NODE_269102_length_258_cov_2.855346	96	138	50	3	42	0.0714286
NODE_269102_length_258_cov_2.855346	96	138	51	1	42	0.0238095
NODE_269102_length_258_cov_2.855346	96	138	52	4	42	0.0952381
NODE_269102_length_258_cov_2.855346	96	138	54	2	42	0.0476190
NODE_269102_length_258_cov_2.855346	96	138	56	2	42	0.0476190
NODE_269102_length_258_cov_2.855346	96	138	58	17	42	0.4047619
NODE_269102_length_258_cov_2.855346	148	191	5	3	43	0.0697674
NODE_269102_length_258_cov_2.855346	148	191	6	4	43	0.0930233
NODE_269102_length_258_cov_2.855346	148	191	12	1	43	0.0232558
NODE_269102_length_258_cov_2.855346	148	191	14	3	43	0.0697674
NODE_269102_length_258_cov_2.855346	148	191	20	21	43	0.4883721
NODE_269102_length_258_cov_2.855346	148	191	22	1	43	0.0232558
NODE_269102_length_258_cov_2.855346	148	191	24	7	43	0.1627907
NODE_269102_length_258_cov_2.855346	148	191	26	3	43	0.0697674
NODE_269113_length_258_cov_2.817610	10	58	0	45	48	0.9375000
NODE_269113_length_258_cov_2.817610	10	58	2	2	48	0.0416667
NODE_269113_length_258_cov_2.817610	10	58	4	1	48	0.0208333
NODE_269264_length_258_cov_2.383648	48	128	2	7	80	0.0875000
NODE_269264_length_258_cov_2.383648	48	128	4	1	80	0.0125000
NODE_269264_length_258_cov_2.383648	48	128	6	72	80	0.9000000
NODE_269264_length_258_cov_2.383648	101	182	0	2	81	0.0246914
NODE_269264_length_258_cov_2.383648	101	182	4	53	81	0.6543210
NODE_269264_length_258_cov_2.383648	101	182	6	26	81	0.3209876
NODE_269338_length_258_cov_2.238994	61	141	0	80	80	1.0000000
NODE_269615_length_258_cov_1.918239	0	51	0	51	51	1.0000000
NODE_269682_length_258_cov_1.855346	26	47	0	21	21	1.0000000
NODE_269682_length_258_cov_1.855346	71	104	2	33	33	1.0000000
NODE_269682_length_258_cov_1.855346	81	156	2	30	75	0.4000000
NODE_269682_length_258_cov_1.855346	81	156	4	8	75	0.1066667
NODE_269682_length_258_cov_1.855346	81	156	6	1	75	0.0133333
NODE_269682_length_258_cov_1.855346	81	156	8	36	75	0.4800000
NODE_269749_length_258_cov_1.735849	105	176	2	28	71	0.3943662
NODE_269749_length_258_cov_1.735849	105	176	4	29	71	0.4084507
NODE_269749_length_258_cov_1.735849	105	176	6	14	71	0.1971831
NODE_269767_length_258_cov_1.710692	8	49	0	3	41	0.0731707
NODE_269767_length_258_cov_1.710692	8	49	2	38	41	0.9268293
NODE_270191_length_258_cov_1.283019	127	191	0	8	64	0.1250000
NODE_270191_length_258_cov_1.283019	127	191	2	56	64	0.8750000
NODE_270191_length_258_cov_1.283019	164	227	2	63	63	1.0000000
NODE_270465_length_258_cov_1.270440	4	55	1	4	51	0.0784314
NODE_270465_length_258_cov_1.270440	4	55	2	47	51	0.9215686
NODE_270504_length_258_cov_1.232704	90	166	10	6	76	0.0789474
NODE_270504_length_258_cov_1.232704	90	166	12	2	76	0.0263158
NODE_270504_length_258_cov_1.232704	90	166	14	10	76	0.1315790
NODE_270504_length_258_cov_1.232704	90	166	16	22	76	0.2894737
NODE_270504_length_258_cov_1.232704	90	166	20	9	76	0.1184211
NODE_270504_length_258_cov_1.232704	90	166	22	13	76	0.1710526
NODE_270504_length_258_cov_1.232704	90	166	24	14	76	0.1842105
NODE_270547_length_258_cov_1.201258	49	98	0	49	49	1.0000000
NODE_270876_length_258_cov_0.962264	186	258	0	72	72	1.0000000
NODE_270970_length_258_cov_0.962264	69	124	0	11	55	0.2000000
NODE_270970_length_258_cov_0.962264	69	124	2	44	55	0.8000000
NODE_272169_length_257_cov_71.158228	81	165	131	1	84	0.0119048
NODE_272169_length_257_cov_71.158228	81	165	137	1	84	0.0119048
NODE_272169_length_257_cov_71.158228	81	165	141	1	84	0.0119048
NODE_272169_length_257_cov_71.158228	81	165	143	2	84	0.0238095
NODE_272169_length_257_cov_71.158228	81	165	145	3	84	0.0357143
NODE_272169_length_257_cov_71.158228	81	165	147	1	84	0.0119048
NODE_272169_length_257_cov_71.158228	81	165	148	1	84	0.0119048
NODE_272169_length_257_cov_71.158228	81	165	152	1	84	0.0119048
NODE_272169_length_257_cov_71.158228	81	165	154	1	84	0.0119048
NODE_272169_length_257_cov_71.158228	81	165	162	2	84	0.0238095
NODE_272169_length_257_cov_71.158228	81	165	166	1	84	0.0119048
NODE_272169_length_257_cov_71.158228	81	165	170	3	84	0.0357143
NODE_272169_length_257_cov_71.158228	81	165	176	3	84	0.0357143
NODE_272169_length_257_cov_71.158228	81	165	177	3	84	0.0357143
NODE_272169_length_257_cov_71.158228	81	165	178	2	84	0.0238095
NODE_272169_length_257_cov_71.158228	81	165	180	1	84	0.0119048
NODE_272169_length_257_cov_71.158228	81	165	181	3	84	0.0357143
NODE_272169_length_257_cov_71.158228	81	165	184	1	84	0.0119048
NODE_272169_length_257_cov_71.158228	81	165	185	4	84	0.0476190
NODE_272169_length_257_cov_71.158228	81	165	187	6	84	0.0714286
NODE_272169_length_257_cov_71.158228	81	165	189	3	84	0.0357143
NODE_272169_length_257_cov_71.158228	81	165	190	4	84	0.0476190
NODE_272169_length_257_cov_71.158228	81	165	191	3	84	0.0357143
NODE_272169_length_257_cov_71.158228	81	165	194	4	84	0.0476190
NODE_272169_length_257_cov_71.158228	81	165	195	2	84	0.0238095
NODE_272169_length_257_cov_71.158228	81	165	196	3	84	0.0357143
NODE_272169_length_257_cov_71.158228	81	165	197	1	84	0.0119048
NODE_272169_length_257_cov_71.158228	81	165	198	7	84	0.0833333
NODE_272169_length_257_cov_71.158228	81	165	200	3	84	0.0357143
NODE_272169_length_257_cov_71.158228	81	165	202	5	84	0.0595238
NODE_272169_length_257_cov_71.158228	81	165	203	4	84	0.0476190
NODE_272169_length_257_cov_71.158228	81	165	204	1	84	0.0119048
NODE_272169_length_257_cov_71.158228	81	165	205	2	84	0.0238095
NODE_272169_length_257_cov_71.158228	81	165	206	1	84	0.0119048
NODE_272169_length_257_cov_71.158228	145	218	46	3	73	0.0410959
NODE_272169_length_257_cov_71.158228	145	218	47	2	73	0.0273973
NODE_272169_length_257_cov_71.158228	145	218	49	3	73	0.0410959
NODE_272169_length_257_cov_71.158228	145	218	57	1	73	0.0136986
NODE_272169_length_257_cov_71.158228	145	218	61	3	73	0.0410959
NODE_272169_length_257_cov_71.158228	145	218	63	3	73	0.0410959
NODE_272169_length_257_cov_71.158228	145	218	65	1	73	0.0136986
NODE_272169_length_257_cov_71.158228	145	218	67	1	73	0.0136986
NODE_272169_length_257_cov_71.158228	145	218	70	4	73	0.0547945
NODE_272169_length_257_cov_71.158228	145	218	79	2	73	0.0273973
NODE_272169_length_257_cov_71.158228	145	218	81	1	73	0.0136986
NODE_272169_length_257_cov_71.158228	145	218	82	2	73	0.0273973
NODE_272169_length_257_cov_71.158228	145	218	86	3	73	0.0410959
NODE_272169_length_257_cov_71.158228	145	218	87	1	73	0.0136986
NODE_272169_length_257_cov_71.158228	145	218	89	1	73	0.0136986
NODE_272169_length_257_cov_71.158228	145	218	91	2	73	0.0273973
NODE_272169_length_257_cov_71.158228	145	218	93	2	73	0.0273973
NODE_272169_length_257_cov_71.158228	145	218	95	1	73	0.0136986
NODE_272169_length_257_cov_71.158228	145	218	97	5	73	0.0684932
NODE_272169_length_257_cov_71.158228	145	218	99	2	73	0.0273973
NODE_272169_length_257_cov_71.158228	145	218	101	2	73	0.0273973
NODE_272169_length_257_cov_71.158228	145	218	113	3	73	0.0410959
NODE_272169_length_257_cov_71.158228	145	218	119	1	73	0.0136986
NODE_272169_length_257_cov_71.158228	145	218	121	1	73	0.0136986
NODE_272169_length_257_cov_71.158228	145	218	125	2	73	0.0273973
NODE_272169_length_257_cov_71.158228	145	218	127	1	73	0.0136986
NODE_272169_length_257_cov_71.158228	145	218	131	1	73	0.0136986
NODE_272169_length_257_cov_71.158228	145	218	137	1	73	0.0136986
NODE_272169_length_257_cov_71.158228	145	218	141	1	73	0.0136986
NODE_272169_length_257_cov_71.158228	145	218	143	2	73	0.0273973
NODE_272169_length_257_cov_71.158228	145	218	145	3	73	0.0410959
NODE_272169_length_257_cov_71.158228	145	218	147	1	73	0.0136986
NODE_272169_length_257_cov_71.158228	145	218	148	1	73	0.0136986
NODE_272169_length_257_cov_71.158228	145	218	152	1	73	0.0136986
NODE_272169_length_257_cov_71.158228	145	218	154	1	73	0.0136986
NODE_272169_length_257_cov_71.158228	145	218	162	2	73	0.0273973
NODE_272169_length_257_cov_71.158228	145	218	166	1	73	0.0136986
NODE_272169_length_257_cov_71.158228	145	218	170	1	73	0.0136986
NODE_272169_length_257_cov_71.158228	145	218	177	3	73	0.0410959
NODE_272169_length_257_cov_71.158228	145	218	185	1	73	0.0136986
NODE_272194_length_257_cov_6.329114	15	93	2	1	78	0.0128205
NODE_272194_length_257_cov_6.329114	15	93	4	4	78	0.0512821
NODE_272194_length_257_cov_6.329114	15	93	6	23	78	0.2948718
NODE_272194_length_257_cov_6.329114	15	93	8	3	78	0.0384615
NODE_272194_length_257_cov_6.329114	15	93	9	1	78	0.0128205
NODE_272194_length_257_cov_6.329114	15	93	10	46	78	0.5897436
NODE_272275_length_257_cov_4.177215	25	86	2	58	61	0.9508197
NODE_272275_length_257_cov_4.177215	25	86	4	3	61	0.0491803
NODE_272291_length_257_cov_3.987342	55	107	0	1	52	0.0192308
NODE_272291_length_257_cov_3.987342	55	107	2	23	52	0.4423077
NODE_272291_length_257_cov_3.987342	55	107	4	3	52	0.0576923
NODE_272291_length_257_cov_3.987342	55	107	6	25	52	0.4807692
NODE_272304_length_257_cov_3.873418	145	225	0	80	80	1.0000000
NODE_272304_length_257_cov_3.873418	198	254	0	56	56	1.0000000
NODE_272322_length_257_cov_3.740506	133	199	8	3	66	0.0454545
NODE_272322_length_257_cov_3.740506	133	199	10	3	66	0.0454545
NODE_272322_length_257_cov_3.740506	133	199	12	10	66	0.1515152
NODE_272322_length_257_cov_3.740506	133	199	18	1	66	0.0151515
NODE_272322_length_257_cov_3.740506	133	199	19	8	66	0.1212121
NODE_272322_length_257_cov_3.740506	133	199	21	2	66	0.0303030
NODE_272322_length_257_cov_3.740506	133	199	23	3	66	0.0454545
NODE_272322_length_257_cov_3.740506	133	199	27	1	66	0.0151515
NODE_272322_length_257_cov_3.740506	133	199	29	2	66	0.0303030
NODE_272322_length_257_cov_3.740506	133	199	33	2	66	0.0303030
NODE_272322_length_257_cov_3.740506	133	199	35	1	66	0.0151515
NODE_272322_length_257_cov_3.740506	133	199	37	1	66	0.0151515
NODE_272322_length_257_cov_3.740506	133	199	41	2	66	0.0303030
NODE_272322_length_257_cov_3.740506	133	199	43	1	66	0.0151515
NODE_272322_length_257_cov_3.740506	133	199	45	5	66	0.0757576
NODE_272322_length_257_cov_3.740506	133	199	46	8	66	0.1212121
NODE_272322_length_257_cov_3.740506	133	199	47	1	66	0.0151515
NODE_272322_length_257_cov_3.740506	133	199	50	4	66	0.0606061
NODE_272322_length_257_cov_3.740506	133	199	52	2	66	0.0303030
NODE_272322_length_257_cov_3.740506	133	199	54	1	66	0.0151515
NODE_272322_length_257_cov_3.740506	133	199	56	1	66	0.0151515
NODE_272322_length_257_cov_3.740506	133	199	58	2	66	0.0303030
NODE_272322_length_257_cov_3.740506	133	199	62	1	66	0.0151515
NODE_272322_length_257_cov_3.740506	133	199	68	1	66	0.0151515
NODE_272322_length_257_cov_3.740506	177	256	0	25	79	0.3164557
NODE_272322_length_257_cov_3.740506	177	256	2	26	79	0.3291139
NODE_272322_length_257_cov_3.740506	177	256	6	5	79	0.0632911
NODE_272322_length_257_cov_3.740506	177	256	8	4	79	0.0506329
NODE_272322_length_257_cov_3.740506	177	256	10	3	79	0.0379747
NODE_272322_length_257_cov_3.740506	177	256	12	10	79	0.1265823
NODE_272322_length_257_cov_3.740506	177	256	18	1	79	0.0126582
NODE_272322_length_257_cov_3.740506	177	256	19	5	79	0.0632911
NODE_272486_length_257_cov_2.734177	1	65	0	64	64	1.0000000
NODE_272491_length_257_cov_2.677215	170	250	0	2	80	0.0250000
NODE_272491_length_257_cov_2.677215	170	250	2	26	80	0.3250000
NODE_272491_length_257_cov_2.677215	170	250	4	4	80	0.0500000
NODE_272491_length_257_cov_2.677215	170	250	8	2	80	0.0250000
NODE_272491_length_257_cov_2.677215	170	250	10	2	80	0.0250000
NODE_272491_length_257_cov_2.677215	170	250	12	8	80	0.1000000
NODE_272491_length_257_cov_2.677215	170	250	14	1	80	0.0125000
NODE_272491_length_257_cov_2.677215	170	250	16	2	80	0.0250000
NODE_272491_length_257_cov_2.677215	170	250	18	1	80	0.0125000
NODE_272491_length_257_cov_2.677215	170	250	24	18	80	0.2250000
NODE_272491_length_257_cov_2.677215	170	250	26	1	80	0.0125000
NODE_272491_length_257_cov_2.677215	170	250	28	2	80	0.0250000
NODE_272491_length_257_cov_2.677215	170	250	32	2	80	0.0250000
NODE_272491_length_257_cov_2.677215	170	250	36	3	80	0.0375000
NODE_272491_length_257_cov_2.677215	170	250	38	3	80	0.0375000
NODE_272491_length_257_cov_2.677215	170	250	40	3	80	0.0375000
NODE_272580_length_257_cov_2.537975	60	137	2	3	77	0.0389610
NODE_272580_length_257_cov_2.537975	60	137	4	3	77	0.0389610
NODE_272580_length_257_cov_2.537975	60	137	6	71	77	0.9220779
NODE_272596_length_257_cov_2.487342	95	172	0	50	77	0.6493506
NODE_272596_length_257_cov_2.487342	95	172	4	27	77	0.3506494
NODE_272625_length_257_cov_2.379747	106	186	12	1	80	0.0125000
NODE_272625_length_257_cov_2.379747	106	186	16	39	80	0.4875000
NODE_272625_length_257_cov_2.379747	106	186	18	40	80	0.5000000
NODE_272625_length_257_cov_2.379747	159	207	6	8	48	0.1666667
NODE_272625_length_257_cov_2.379747	159	207	8	9	48	0.1875000
NODE_272625_length_257_cov_2.379747	159	207	10	2	48	0.0416667
NODE_272625_length_257_cov_2.379747	159	207	12	3	48	0.0625000
NODE_272625_length_257_cov_2.379747	159	207	16	14	48	0.2916667
NODE_272625_length_257_cov_2.379747	159	207	18	12	48	0.2500000
NODE_272724_length_257_cov_2.221519	163	240	0	77	77	1.0000000
NODE_272729_length_257_cov_2.202532	16	97	10	57	81	0.7037037
NODE_272729_length_257_cov_2.202532	16	97	11	9	81	0.1111111
NODE_272729_length_257_cov_2.202532	16	97	13	12	81	0.1481481
NODE_272729_length_257_cov_2.202532	16	97	15	3	81	0.0370370
NODE_273151_length_257_cov_1.664557	220	239	0	13	19	0.6842105
NODE_273151_length_257_cov_1.664557	220	239	2	6	19	0.3157895
NODE_273357_length_257_cov_1.500000	85	166	3	1	81	0.0123457
NODE_273357_length_257_cov_1.500000	85	166	4	13	81	0.1604938
NODE_273357_length_257_cov_1.500000	85	166	6	6	81	0.0740741
NODE_273357_length_257_cov_1.500000	85	166	8	7	81	0.0864198
NODE_273357_length_257_cov_1.500000	85	166	10	54	81	0.6666667
NODE_273462_length_257_cov_1.329114	120	186	0	66	66	1.0000000
NODE_273533_length_257_cov_1.291139	13	53	0	40	40	1.0000000
NODE_273697_length_257_cov_1.291139	205	257	0	52	52	1.0000000
NODE_273894_length_257_cov_1.221519	10	74	0	64	64	1.0000000
NODE_273917_length_257_cov_1.196203	70	150	0	41	80	0.5125000
NODE_273917_length_257_cov_1.196203	70	150	2	39	80	0.4875000
NODE_273917_length_257_cov_1.196203	123	204	0	81	81	1.0000000
NODE_275399_length_257_cov_0.645570	138	158	0	20	20	1.0000000
NODE_275419_length_257_cov_0.645570	181	241	0	58	60	0.9666666
NODE_275419_length_257_cov_0.645570	181	241	8	2	60	0.0333333
NODE_275598_length_256_cov_5.235669	30	77	0	47	47	1.0000000
NODE_275624_length_256_cov_4.598726	100	180	0	24	80	0.3000000
NODE_275624_length_256_cov_4.598726	100	180	2	56	80	0.7000000
NODE_275624_length_256_cov_4.598726	160	211	0	51	51	1.0000000
NODE_275682_length_256_cov_3.866242	112	166	0	7	54	0.1296296
NODE_275682_length_256_cov_3.866242	112	166	2	6	54	0.1111111
NODE_275682_length_256_cov_3.866242	112	166	4	2	54	0.0370370
NODE_275682_length_256_cov_3.866242	112	166	8	2	54	0.0370370
NODE_275682_length_256_cov_3.866242	112	166	12	37	54	0.6851852
NODE_275840_length_256_cov_2.878981	79	159	0	80	80	1.0000000
NODE_275840_length_256_cov_2.878981	132	212	0	80	80	1.0000000
NODE_275909_length_256_cov_2.598726	157	222	0	65	65	1.0000000
NODE_275909_length_256_cov_2.598726	195	249	0	54	54	1.0000000
NODE_275981_length_256_cov_2.445860	104	183	0	79	79	1.0000000
NODE_276082_length_256_cov_2.229299	0	58	0	41	58	0.7068965
NODE_276082_length_256_cov_2.229299	0	58	2	17	58	0.2931035
NODE_276082_length_256_cov_2.229299	17	68	0	24	51	0.4705882
NODE_276082_length_256_cov_2.229299	17	68	2	27	51	0.5294118
NODE_276082_length_256_cov_2.229299	41	88	2	47	47	1.0000000
NODE_276082_length_256_cov_2.229299	42	122	2	80	80	1.0000000
NODE_276098_length_256_cov_2.184713	192	246	0	54	54	1.0000000
NODE_276119_length_256_cov_2.121019	150	236	0	8	86	0.0930233
NODE_276119_length_256_cov_2.121019	150	236	2	7	86	0.0813954
NODE_276119_length_256_cov_2.121019	150	236	4	11	86	0.1279070
NODE_276119_length_256_cov_2.121019	150	236	6	60	86	0.6976744
NODE_276174_length_256_cov_1.974522	130	174	2	44	44	1.0000000
NODE_276471_length_256_cov_1.707006	39	92	4	1	53	0.0188679
NODE_276471_length_256_cov_1.707006	39	92	6	7	53	0.1320755
NODE_276471_length_256_cov_1.707006	39	92	8	8	53	0.1509434
NODE_276471_length_256_cov_1.707006	39	92	10	11	53	0.2075472
NODE_276471_length_256_cov_1.707006	39	92	11	5	53	0.0943396
NODE_276471_length_256_cov_1.707006	39	92	13	13	53	0.2452830
NODE_276471_length_256_cov_1.707006	39	92	15	1	53	0.0188679
NODE_276471_length_256_cov_1.707006	39	92	20	1	53	0.0188679
NODE_276471_length_256_cov_1.707006	39	92	21	1	53	0.0188679
NODE_276471_length_256_cov_1.707006	39	92	23	1	53	0.0188679
NODE_276471_length_256_cov_1.707006	39	92	24	1	53	0.0188679
NODE_276471_length_256_cov_1.707006	39	92	26	3	53	0.0566038
NODE_276471_length_256_cov_1.707006	93	135	26	7	42	0.1666667
NODE_276471_length_256_cov_1.707006	93	135	28	10	42	0.2380952
NODE_276471_length_256_cov_1.707006	93	135	30	18	42	0.4285714
NODE_276471_length_256_cov_1.707006	93	135	31	5	42	0.1190476
NODE_276471_length_256_cov_1.707006	93	135	32	2	42	0.0476190
NODE_276484_length_256_cov_1.700637	107	129	0	22	22	1.0000000
NODE_276495_length_256_cov_1.675159	52	98	0	46	46	1.0000000
NODE_276654_length_256_cov_1.598726	125	202	0	8	77	0.1038961
NODE_276654_length_256_cov_1.598726	125	202	2	12	77	0.1558442
NODE_276654_length_256_cov_1.598726	125	202	4	1	77	0.0129870
NODE_276654_length_256_cov_1.598726	125	202	6	56	77	0.7272727
NODE_276654_length_256_cov_1.598726	178	256	0	36	78	0.4615385
NODE_276654_length_256_cov_1.598726	178	256	4	2	78	0.0256410
NODE_276654_length_256_cov_1.598726	178	256	6	40	78	0.5128205
NODE_276672_length_256_cov_1.579618	110	172	8	42	62	0.6774194
NODE_276672_length_256_cov_1.579618	110	172	10	9	62	0.1451613
NODE_276672_length_256_cov_1.579618	110	172	12	11	62	0.1774193
NODE_276672_length_256_cov_1.579618	194	239	5	32	45	0.7111111
NODE_276672_length_256_cov_1.579618	194	239	6	3	45	0.0666667
NODE_276672_length_256_cov_1.579618	194	239	8	10	45	0.2222222
NODE_276742_length_256_cov_1.464968	112	135	0	18	23	0.7826087
NODE_276742_length_256_cov_1.464968	112	135	2	5	23	0.2173913
NODE_276826_length_256_cov_1.331210	138	209	6	71	71	1.0000000
NODE_276826_length_256_cov_1.331210	182	240	0	18	58	0.3103448
NODE_276826_length_256_cov_1.331210	182	240	2	8	58	0.1379310
NODE_276826_length_256_cov_1.331210	182	240	6	32	58	0.5517241
NODE_277113_length_256_cov_1.299363	88	160	4	8	72	0.1111111
NODE_277113_length_256_cov_1.299363	88	160	14	16	72	0.2222222
NODE_277113_length_256_cov_1.299363	88	160	16	17	72	0.2361111
NODE_277113_length_256_cov_1.299363	88	160	17	20	72	0.2777778
NODE_277113_length_256_cov_1.299363	88	160	19	1	72	0.0138889
NODE_277113_length_256_cov_1.299363	88	160	20	10	72	0.1388889
NODE_277305_length_256_cov_1.203822	3	43	4	3	40	0.0750000
NODE_277305_length_256_cov_1.203822	3	43	6	5	40	0.1250000
NODE_277305_length_256_cov_1.203822	3	43	12	4	40	0.1000000
NODE_277305_length_256_cov_1.203822	3	43	20	2	40	0.0500000
NODE_277305_length_256_cov_1.203822	3	43	23	1	40	0.0250000
NODE_277305_length_256_cov_1.203822	3	43	24	3	40	0.0750000
NODE_277305_length_256_cov_1.203822	3	43	26	3	40	0.0750000
NODE_277305_length_256_cov_1.203822	3	43	32	4	40	0.1000000
NODE_277305_length_256_cov_1.203822	3	43	34	8	40	0.2000000
NODE_277305_length_256_cov_1.203822	3	43	36	7	40	0.1750000
NODE_277305_length_256_cov_1.203822	16	96	20	1	80	0.0125000
NODE_277305_length_256_cov_1.203822	16	96	23	1	80	0.0125000
NODE_277305_length_256_cov_1.203822	16	96	24	3	80	0.0375000
NODE_277305_length_256_cov_1.203822	16	96	26	3	80	0.0375000
NODE_277305_length_256_cov_1.203822	16	96	28	12	80	0.1500000
NODE_277305_length_256_cov_1.203822	16	96	30	3	80	0.0375000
NODE_277305_length_256_cov_1.203822	16	96	32	7	80	0.0875000
NODE_277305_length_256_cov_1.203822	16	96	34	13	80	0.1625000
NODE_277305_length_256_cov_1.203822	16	96	36	37	80	0.4625000
NODE_278934_length_255_cov_73.756410	52	99	0	47	47	1.0000000
NODE_278934_length_255_cov_73.756410	133	184	0	51	51	1.0000000
NODE_278934_length_255_cov_73.756410	157	237	0	80	80	1.0000000
NODE_278937_length_255_cov_15.538462	219	255	0	36	36	1.0000000
NODE_279003_length_255_cov_4.884615	157	230	0	73	73	1.0000000
NODE_279003_length_255_cov_4.884615	203	248	0	45	45	1.0000000
NODE_279058_length_255_cov_4.012821	68	148	22	4	80	0.0500000
NODE_279058_length_255_cov_4.012821	68	148	24	36	80	0.4500000
NODE_279058_length_255_cov_4.012821	68	148	26	40	80	0.5000000
NODE_279075_length_255_cov_3.826923	16	80	2	6	64	0.0937500
NODE_279075_length_255_cov_3.826923	16	80	4	2	64	0.0312500
NODE_279075_length_255_cov_3.826923	16	80	6	6	64	0.0937500
NODE_279075_length_255_cov_3.826923	16	80	8	21	64	0.3281250
NODE_279075_length_255_cov_3.826923	16	80	10	29	64	0.4531250
NODE_279102_length_255_cov_3.596154	30	60	0	30	30	1.0000000
NODE_279134_length_255_cov_3.423077	64	109	7	6	45	0.1333333
NODE_279134_length_255_cov_3.423077	64	109	8	2	45	0.0444444
NODE_279134_length_255_cov_3.423077	64	109	9	32	45	0.7111111
NODE_279134_length_255_cov_3.423077	64	109	10	5	45	0.1111111
NODE_279166_length_255_cov_3.262821	0	48	0	36	48	0.7500000
NODE_279166_length_255_cov_3.262821	0	48	2	12	48	0.2500000
NODE_279166_length_255_cov_3.262821	66	113	2	47	47	1.0000000
NODE_279241_length_255_cov_2.942308	157	176	0	19	19	1.0000000
NODE_279320_length_255_cov_2.621795	227	254	0	27	27	1.0000000
NODE_279379_length_255_cov_2.602564	131	185	6	25	54	0.4629630
NODE_279379_length_255_cov_2.602564	131	185	9	29	54	0.5370370
NODE_279427_length_255_cov_2.487179	43	119	4	5	76	0.0657895
NODE_279427_length_255_cov_2.487179	43	119	6	3	76	0.0394737
NODE_279427_length_255_cov_2.487179	43	119	8	4	76	0.0526316
NODE_279427_length_255_cov_2.487179	43	119	10	16	76	0.2105263
NODE_279427_length_255_cov_2.487179	43	119	12	48	76	0.6315789
NODE_279447_length_255_cov_2.435897	0	58	0	58	58	1.0000000
NODE_279462_length_255_cov_2.391026	189	255	0	66	66	1.0000000
NODE_279507_length_255_cov_2.288462	0	60	0	60	60	1.0000000
NODE_279510_length_255_cov_2.288462	0	74	0	74	74	1.0000000
NODE_279620_length_255_cov_2.089744	105	145	4	40	40	1.0000000
NODE_279649_length_255_cov_1.987179	0	72	0	72	72	1.0000000
NODE_279842_length_255_cov_1.910256	198	255	0	56	57	0.9824561
NODE_279842_length_255_cov_1.910256	198	255	2	1	57	0.0175439
NODE_279871_length_255_cov_1.871795	16	68	0	52	52	1.0000000
NODE_279892_length_255_cov_1.826923	146	218	0	72	72	1.0000000
NODE_279956_length_255_cov_1.705128	0	45	0	3	45	0.0666667
NODE_279956_length_255_cov_1.705128	0	45	4	17	45	0.3777778
NODE_279956_length_255_cov_1.705128	0	45	8	25	45	0.5555556
NODE_279956_length_255_cov_1.705128	41	121	8	18	80	0.2250000
NODE_279956_length_255_cov_1.705128	41	121	10	62	80	0.7750000
NODE_279956_length_255_cov_1.705128	94	174	0	4	80	0.0500000
NODE_279956_length_255_cov_1.705128	94	174	4	12	80	0.1500000
NODE_279956_length_255_cov_1.705128	94	174	6	5	80	0.0625000
NODE_279956_length_255_cov_1.705128	94	174	10	59	80	0.7375000
NODE_280153_length_255_cov_1.576923	43	117	13	3	74	0.0405405
NODE_280153_length_255_cov_1.576923	43	117	15	7	74	0.0945946
NODE_280153_length_255_cov_1.576923	43	117	17	14	74	0.1891892
NODE_280153_length_255_cov_1.576923	43	117	19	5	74	0.0675676
NODE_280153_length_255_cov_1.576923	43	117	20	11	74	0.1486486
NODE_280153_length_255_cov_1.576923	43	117	21	11	74	0.1486486
NODE_280153_length_255_cov_1.576923	43	117	23	6	74	0.0810811
NODE_280153_length_255_cov_1.576923	43	117	25	17	74	0.2297297
NODE_280153_length_255_cov_1.576923	90	175	17	3	85	0.0352941
NODE_280153_length_255_cov_1.576923	90	175	20	1	85	0.0117647
NODE_280153_length_255_cov_1.576923	90	175	23	6	85	0.0705882
NODE_280153_length_255_cov_1.576923	90	175	24	6	85	0.0705882
NODE_280153_length_255_cov_1.576923	90	175	25	21	85	0.2470588
NODE_280153_length_255_cov_1.576923	90	175	26	14	85	0.1647059
NODE_280153_length_255_cov_1.576923	90	175	27	9	85	0.1058824
NODE_280153_length_255_cov_1.576923	90	175	29	2	85	0.0235294
NODE_280153_length_255_cov_1.576923	90	175	31	21	85	0.2470588
NODE_280153_length_255_cov_1.576923	90	175	33	2	85	0.0235294
NODE_280168_length_255_cov_1.557692	62	125	0	63	63	1.0000000
NODE_280297_length_255_cov_1.358974	178	246	0	68	68	1.0000000
NODE_280904_length_255_cov_1.128205	183	219	0	36	36	1.0000000
NODE_281094_length_255_cov_0.987179	220	241	0	21	21	1.0000000
NODE_281380_length_255_cov_0.955128	119	171	0	52	52	1.0000000
NODE_281384_length_255_cov_0.955128	12	92	10	1	80	0.0125000
NODE_281384_length_255_cov_0.955128	12	92	12	19	80	0.2375000
NODE_281384_length_255_cov_0.955128	12	92	14	2	80	0.0250000
NODE_281384_length_255_cov_0.955128	12	92	16	18	80	0.2250000
NODE_281384_length_255_cov_0.955128	12	92	18	40	80	0.5000000
NODE_282137_length_255_cov_0.653846	87	106	2	19	19	1.0000000
NODE_282534_length_254_cov_4.935484	144	189	0	45	45	1.0000000
NODE_282534_length_254_cov_4.935484	164	242	0	78	78	1.0000000
NODE_282548_length_254_cov_4.722581	44	85	20	2	41	0.0487805
NODE_282548_length_254_cov_4.722581	44	85	22	39	41	0.9512195
NODE_282576_length_254_cov_4.296774	149	174	0	25	25	1.0000000
NODE_282576_length_254_cov_4.296774	149	223	0	74	74	1.0000000
NODE_282590_length_254_cov_4.206452	57	86	24	6	29	0.2068966
NODE_282590_length_254_cov_4.206452	57	86	25	2	29	0.0689655
NODE_282590_length_254_cov_4.206452	57	86	26	2	29	0.0689655
NODE_282590_length_254_cov_4.206452	57	86	27	6	29	0.2068966
NODE_282590_length_254_cov_4.206452	57	86	29	2	29	0.0689655
NODE_282590_length_254_cov_4.206452	57	86	33	1	29	0.0344828
NODE_282590_length_254_cov_4.206452	57	86	34	2	29	0.0689655
NODE_282590_length_254_cov_4.206452	57	86	36	8	29	0.2758621
NODE_282626_length_254_cov_3.677419	7	64	0	3	57	0.0526316
NODE_282626_length_254_cov_3.677419	7	64	2	4	57	0.0701754
NODE_282626_length_254_cov_3.677419	7	64	4	10	57	0.1754386
NODE_282626_length_254_cov_3.677419	7	64	5	1	57	0.0175439
NODE_282626_length_254_cov_3.677419	7	64	6	4	57	0.0701754
NODE_282626_length_254_cov_3.677419	7	64	7	1	57	0.0175439
NODE_282626_length_254_cov_3.677419	7	64	8	1	57	0.0175439
NODE_282626_length_254_cov_3.677419	7	64	10	2	57	0.0350877
NODE_282626_length_254_cov_3.677419	7	64	16	31	57	0.5438597
NODE_282626_length_254_cov_3.677419	60	117	12	7	57	0.1228070
NODE_282626_length_254_cov_3.677419	60	117	14	12	57	0.2105263
NODE_282626_length_254_cov_3.677419	60	117	16	38	57	0.6666667
NODE_282642_length_254_cov_3.593548	154	197	0	43	43	1.0000000
NODE_282659_length_254_cov_3.438710	82	129	0	44	47	0.9361702
NODE_282659_length_254_cov_3.438710	82	129	6	3	47	0.0638298
NODE_282659_length_254_cov_3.438710	102	182	0	48	80	0.6000000
NODE_282659_length_254_cov_3.438710	102	182	2	1	80	0.0125000
NODE_282659_length_254_cov_3.438710	102	182	6	31	80	0.3875000
NODE_282736_length_254_cov_2.961290	5	79	0	55	74	0.7432432
NODE_282736_length_254_cov_2.961290	5	79	2	19	74	0.2567568
NODE_282736_length_254_cov_2.961290	52	118	0	8	66	0.1212121
NODE_282736_length_254_cov_2.961290	52	118	2	58	66	0.8787879
NODE_282771_length_254_cov_2.780645	169	252	0	1	83	0.0120482
NODE_282771_length_254_cov_2.780645	169	252	1	1	83	0.0120482
NODE_282771_length_254_cov_2.780645	169	252	2	3	83	0.0361446
NODE_282771_length_254_cov_2.780645	169	252	6	13	83	0.1566265
NODE_282771_length_254_cov_2.780645	169	252	8	4	83	0.0481928
NODE_282771_length_254_cov_2.780645	169	252	10	21	83	0.2530121
NODE_282771_length_254_cov_2.780645	169	252	12	2	83	0.0240964
NODE_282771_length_254_cov_2.780645	169	252	14	1	83	0.0120482
NODE_282771_length_254_cov_2.780645	169	252	16	3	83	0.0361446
NODE_282771_length_254_cov_2.780645	169	252	18	1	83	0.0120482
NODE_282771_length_254_cov_2.780645	169	252	20	6	83	0.0722892
NODE_282771_length_254_cov_2.780645	169	252	28	1	83	0.0120482
NODE_282771_length_254_cov_2.780645	169	252	30	1	83	0.0120482
NODE_282771_length_254_cov_2.780645	169	252	32	1	83	0.0120482
NODE_282771_length_254_cov_2.780645	169	252	34	2	83	0.0240964
NODE_282771_length_254_cov_2.780645	169	252	38	1	83	0.0120482
NODE_282771_length_254_cov_2.780645	169	252	40	1	83	0.0120482
NODE_282771_length_254_cov_2.780645	169	252	42	4	83	0.0481928
NODE_282771_length_254_cov_2.780645	169	252	44	4	83	0.0481928
NODE_282771_length_254_cov_2.780645	169	252	46	4	83	0.0481928
NODE_282771_length_254_cov_2.780645	169	252	47	3	83	0.0361446
NODE_282771_length_254_cov_2.780645	169	252	51	3	83	0.0361446
NODE_282771_length_254_cov_2.780645	169	252	53	2	83	0.0240964
NODE_282947_length_254_cov_2.341935	167	201	0	34	34	1.0000000
NODE_283082_length_254_cov_2.161290	14	74	0	60	60	1.0000000
NODE_283244_length_254_cov_1.974194	156	204	0	36	48	0.7500000
NODE_283244_length_254_cov_1.974194	156	204	2	12	48	0.2500000
NODE_283440_length_254_cov_1.780645	79	126	6	6	47	0.1276596
NODE_283440_length_254_cov_1.780645	79	126	8	7	47	0.1489362
NODE_283440_length_254_cov_1.780645	79	126	10	34	47	0.7234042
NODE_283952_length_254_cov_1.316129	23	87	8	64	64	1.0000000
NODE_284013_length_254_cov_1.316129	193	215	0	22	22	1.0000000
NODE_284256_length_254_cov_1.258065	181	249	1	9	68	0.1323529
NODE_284256_length_254_cov_1.258065	181	249	2	59	68	0.8676471
NODE_284275_length_254_cov_1.238710	9	82	0	73	73	1.0000000
NODE_284275_length_254_cov_1.238710	62	82	0	20	20	1.0000000
NODE_284277_length_254_cov_1.238710	54	73	0	19	19	1.0000000
NODE_284301_length_254_cov_1.219355	98	157	0	59	59	1.0000000
NODE_284638_length_254_cov_0.987097	139	193	0	54	54	1.0000000
NODE_284638_length_254_cov_0.987097	205	254	0	49	49	1.0000000
NODE_284796_length_254_cov_0.987097	121	152	0	31	31	1.0000000
NODE_285963_length_253_cov_60.311688	137	202	8	1	65	0.0153846
NODE_285963_length_253_cov_60.311688	137	202	26	7	65	0.1076923
NODE_285963_length_253_cov_60.311688	137	202	30	2	65	0.0307692
NODE_285963_length_253_cov_60.311688	137	202	36	55	65	0.8461539
NODE_285963_length_253_cov_60.311688	175	253	2	3	78	0.0384615
NODE_285963_length_253_cov_60.311688	175	253	4	2	78	0.0256410
NODE_285963_length_253_cov_60.311688	175	253	6	1	78	0.0128205
NODE_285963_length_253_cov_60.311688	175	253	10	1	78	0.0128205
NODE_285963_length_253_cov_60.311688	175	253	12	1	78	0.0128205
NODE_285963_length_253_cov_60.311688	175	253	18	1	78	0.0128205
NODE_285963_length_253_cov_60.311688	175	253	20	2	78	0.0256410
NODE_285963_length_253_cov_60.311688	175	253	22	2	78	0.0256410
NODE_285963_length_253_cov_60.311688	175	253	24	1	78	0.0128205
NODE_285963_length_253_cov_60.311688	175	253	30	1	78	0.0128205
NODE_285963_length_253_cov_60.311688	175	253	32	1	78	0.0128205
NODE_285963_length_253_cov_60.311688	175	253	34	1	78	0.0128205
NODE_285963_length_253_cov_60.311688	175	253	36	61	78	0.7820513
NODE_285965_length_253_cov_41.519481	0	68	0	2	68	0.0294118
NODE_285965_length_253_cov_41.519481	0	68	8	6	68	0.0882353
NODE_285965_length_253_cov_41.519481	0	68	12	3	68	0.0441176
NODE_285965_length_253_cov_41.519481	0	68	20	4	68	0.0588235
NODE_285965_length_253_cov_41.519481	0	68	24	5	68	0.0735294
NODE_285965_length_253_cov_41.519481	0	68	28	5	68	0.0735294
NODE_285965_length_253_cov_41.519481	0	68	37	1	68	0.0147059
NODE_285965_length_253_cov_41.519481	0	68	38	4	68	0.0588235
NODE_285965_length_253_cov_41.519481	0	68	48	10	68	0.1470588
NODE_285965_length_253_cov_41.519481	0	68	52	6	68	0.0882353
NODE_285965_length_253_cov_41.519481	0	68	57	1	68	0.0147059
NODE_285965_length_253_cov_41.519481	0	68	58	11	68	0.1617647
NODE_285965_length_253_cov_41.519481	0	68	60	8	68	0.1176471
NODE_285965_length_253_cov_41.519481	0	68	62	2	68	0.0294118
NODE_285965_length_253_cov_41.519481	0	70	0	2	70	0.0285714
NODE_285965_length_253_cov_41.519481	0	70	8	6	70	0.0857143
NODE_285965_length_253_cov_41.519481	0	70	12	3	70	0.0428571
NODE_285965_length_253_cov_41.519481	0	70	20	4	70	0.0571429
NODE_285965_length_253_cov_41.519481	0	70	24	5	70	0.0714286
NODE_285965_length_253_cov_41.519481	0	70	28	5	70	0.0714286
NODE_285965_length_253_cov_41.519481	0	70	37	1	70	0.0142857
NODE_285965_length_253_cov_41.519481	0	70	38	4	70	0.0571429
NODE_285965_length_253_cov_41.519481	0	70	48	10	70	0.1428571
NODE_285965_length_253_cov_41.519481	0	70	52	6	70	0.0857143
NODE_285965_length_253_cov_41.519481	0	70	57	1	70	0.0142857
NODE_285965_length_253_cov_41.519481	0	70	58	11	70	0.1571429
NODE_285965_length_253_cov_41.519481	0	70	60	8	70	0.1142857
NODE_285965_length_253_cov_41.519481	0	70	62	4	70	0.0571429
NODE_285965_length_253_cov_41.519481	2	73	8	6	71	0.0845070
NODE_285965_length_253_cov_41.519481	2	73	12	3	71	0.0422535
NODE_285965_length_253_cov_41.519481	2	73	20	4	71	0.0563380
NODE_285965_length_253_cov_41.519481	2	73	24	5	71	0.0704225
NODE_285965_length_253_cov_41.519481	2	73	28	5	71	0.0704225
NODE_285965_length_253_cov_41.519481	2	73	37	1	71	0.0140845
NODE_285965_length_253_cov_41.519481	2	73	38	4	71	0.0563380
NODE_285965_length_253_cov_41.519481	2	73	48	10	71	0.1408451
NODE_285965_length_253_cov_41.519481	2	73	52	6	71	0.0845070
NODE_285965_length_253_cov_41.519481	2	73	57	1	71	0.0140845
NODE_285965_length_253_cov_41.519481	2	73	58	11	71	0.1549296
NODE_285965_length_253_cov_41.519481	2	73	60	8	71	0.1126761
NODE_285965_length_253_cov_41.519481	2	73	62	4	71	0.0563380
NODE_285965_length_253_cov_41.519481	2	73	64	3	71	0.0422535
NODE_285965_length_253_cov_41.519481	7	73	8	1	66	0.0151515
NODE_285965_length_253_cov_41.519481	7	73	12	3	66	0.0454545
NODE_285965_length_253_cov_41.519481	7	73	20	4	66	0.0606061
NODE_285965_length_253_cov_41.519481	7	73	24	5	66	0.0757576
NODE_285965_length_253_cov_41.519481	7	73	28	5	66	0.0757576
NODE_285965_length_253_cov_41.519481	7	73	37	1	66	0.0151515
NODE_285965_length_253_cov_41.519481	7	73	38	4	66	0.0606061
NODE_285965_length_253_cov_41.519481	7	73	48	10	66	0.1515152
NODE_285965_length_253_cov_41.519481	7	73	52	6	66	0.0909091
NODE_285965_length_253_cov_41.519481	7	73	57	1	66	0.0151515
NODE_285965_length_253_cov_41.519481	7	73	58	11	66	0.1666667
NODE_285965_length_253_cov_41.519481	7	73	60	8	66	0.1212121
NODE_285965_length_253_cov_41.519481	7	73	62	4	66	0.0606061
NODE_285965_length_253_cov_41.519481	7	73	64	3	66	0.0454545
NODE_285965_length_253_cov_41.519481	46	123	40	1	77	0.0129870
NODE_285965_length_253_cov_41.519481	46	123	47	1	77	0.0129870
NODE_285965_length_253_cov_41.519481	46	123	48	4	77	0.0519481
NODE_285965_length_253_cov_41.519481	46	123	51	1	77	0.0129870
NODE_285965_length_253_cov_41.519481	46	123	52	4	77	0.0519481
NODE_285965_length_253_cov_41.519481	46	123	55	8	77	0.1038961
NODE_285965_length_253_cov_41.519481	46	123	57	1	77	0.0129870
NODE_285965_length_253_cov_41.519481	46	123	58	11	77	0.1428571
NODE_285965_length_253_cov_41.519481	46	123	60	8	77	0.1038961
NODE_285965_length_253_cov_41.519481	46	123	62	4	77	0.0519481
NODE_285965_length_253_cov_41.519481	46	123	63	4	77	0.0519481
NODE_285965_length_253_cov_41.519481	46	123	64	29	77	0.3766234
NODE_285965_length_253_cov_41.519481	46	123	67	1	77	0.0129870
NODE_285965_length_253_cov_41.519481	46	123	40	1	77	0.0129870
NODE_285965_length_253_cov_41.519481	46	123	47	1	77	0.0129870
NODE_285965_length_253_cov_41.519481	46	123	48	4	77	0.0519481
NODE_285965_length_253_cov_41.519481	46	123	51	1	77	0.0129870
NODE_285965_length_253_cov_41.519481	46	123	52	4	77	0.0519481
NODE_285965_length_253_cov_41.519481	46	123	55	8	77	0.1038961
NODE_285965_length_253_cov_41.519481	46	123	57	1	77	0.0129870
NODE_285965_length_253_cov_41.519481	46	123	58	11	77	0.1428571
NODE_285965_length_253_cov_41.519481	46	123	60	8	77	0.1038961
NODE_285965_length_253_cov_41.519481	46	123	62	4	77	0.0519481
NODE_285965_length_253_cov_41.519481	46	123	63	4	77	0.0519481
NODE_285965_length_253_cov_41.519481	46	123	64	29	77	0.3766234
NODE_285965_length_253_cov_41.519481	46	123	67	1	77	0.0129870
NODE_285965_length_253_cov_41.519481	46	123	40	1	77	0.0129870
NODE_285965_length_253_cov_41.519481	46	123	47	1	77	0.0129870
NODE_285965_length_253_cov_41.519481	46	123	48	4	77	0.0519481
NODE_285965_length_253_cov_41.519481	46	123	51	1	77	0.0129870
NODE_285965_length_253_cov_41.519481	46	123	52	4	77	0.0519481
NODE_285965_length_253_cov_41.519481	46	123	55	8	77	0.1038961
NODE_285965_length_253_cov_41.519481	46	123	57	1	77	0.0129870
NODE_285965_length_253_cov_41.519481	46	123	58	11	77	0.1428571
NODE_285965_length_253_cov_41.519481	46	123	60	8	77	0.1038961
NODE_285965_length_253_cov_41.519481	46	123	62	4	77	0.0519481
NODE_285965_length_253_cov_41.519481	46	123	63	4	77	0.0519481
NODE_285965_length_253_cov_41.519481	46	123	64	29	77	0.3766234
NODE_285965_length_253_cov_41.519481	46	123	67	1	77	0.0129870
NODE_285967_length_253_cov_13.967532	25	105	0	80	80	1.0000000
NODE_285967_length_253_cov_13.967532	78	158	0	80	80	1.0000000
NODE_285969_length_253_cov_12.259740	0	54	0	54	54	1.0000000
NODE_285969_length_253_cov_12.259740	27	62	0	35	35	1.0000000
NODE_285969_length_253_cov_12.259740	51	131	0	80	80	1.0000000
NODE_285969_length_253_cov_12.259740	104	139	0	35	35	1.0000000
NODE_285969_length_253_cov_12.259740	128	208	0	80	80	1.0000000
NODE_285969_length_253_cov_12.259740	181	216	0	35	35	1.0000000
NODE_285987_length_253_cov_7.279221	184	250	2	66	66	1.0000000
NODE_286022_length_253_cov_5.376623	66	147	0	4	81	0.0493827
NODE_286022_length_253_cov_5.376623	66	147	2	27	81	0.3333333
NODE_286022_length_253_cov_5.376623	66	147	6	38	81	0.4691358
NODE_286022_length_253_cov_5.376623	66	147	8	12	81	0.1481481
NODE_286022_length_253_cov_5.376623	120	185	6	53	65	0.8153846
NODE_286022_length_253_cov_5.376623	120	185	8	12	65	0.1846154
NODE_286042_length_253_cov_4.896104	102	182	63	1	80	0.0125000
NODE_286042_length_253_cov_4.896104	102	182	65	1	80	0.0125000
NODE_286042_length_253_cov_4.896104	102	182	67	2	80	0.0250000
NODE_286042_length_253_cov_4.896104	102	182	69	1	80	0.0125000
NODE_286042_length_253_cov_4.896104	102	182	71	1	80	0.0125000
NODE_286042_length_253_cov_4.896104	102	182	72	5	80	0.0625000
NODE_286042_length_253_cov_4.896104	102	182	80	4	80	0.0500000
NODE_286042_length_253_cov_4.896104	102	182	81	1	80	0.0125000
NODE_286042_length_253_cov_4.896104	102	182	90	1	80	0.0125000
NODE_286042_length_253_cov_4.896104	102	182	91	4	80	0.0500000
NODE_286042_length_253_cov_4.896104	102	182	96	1	80	0.0125000
NODE_286042_length_253_cov_4.896104	102	182	97	1	80	0.0125000
NODE_286042_length_253_cov_4.896104	102	182	98	3	80	0.0375000
NODE_286042_length_253_cov_4.896104	102	182	99	3	80	0.0375000
NODE_286042_length_253_cov_4.896104	102	182	101	2	80	0.0250000
NODE_286042_length_253_cov_4.896104	102	182	102	1	80	0.0125000
NODE_286042_length_253_cov_4.896104	102	182	104	1	80	0.0125000
NODE_286042_length_253_cov_4.896104	102	182	106	2	80	0.0250000
NODE_286042_length_253_cov_4.896104	102	182	107	5	80	0.0625000
NODE_286042_length_253_cov_4.896104	102	182	108	5	80	0.0625000
NODE_286042_length_253_cov_4.896104	102	182	116	6	80	0.0750000
NODE_286042_length_253_cov_4.896104	102	182	118	1	80	0.0125000
NODE_286042_length_253_cov_4.896104	102	182	120	6	80	0.0750000
NODE_286042_length_253_cov_4.896104	102	182	121	1	80	0.0125000
NODE_286042_length_253_cov_4.896104	102	182	122	12	80	0.1500000
NODE_286042_length_253_cov_4.896104	102	182	123	2	80	0.0250000
NODE_286042_length_253_cov_4.896104	102	182	126	7	80	0.0875000
NODE_286046_length_253_cov_4.798701	199	253	0	54	54	1.0000000
NODE_286069_length_253_cov_4.487013	85	126	2	41	41	1.0000000
NODE_286151_length_253_cov_3.500000	44	105	2	1	61	0.0163934
NODE_286151_length_253_cov_3.500000	44	105	4	60	61	0.9836066
NODE_286151_length_253_cov_3.500000	90	158	0	52	68	0.7647059
NODE_286151_length_253_cov_3.500000	90	158	2	2	68	0.0294118
NODE_286151_length_253_cov_3.500000	90	158	4	14	68	0.2058824
NODE_286259_length_253_cov_2.987013	85	165	2	80	80	1.0000000
NODE_286259_length_253_cov_2.987013	138	169	2	31	31	1.0000000
NODE_286275_length_253_cov_2.954545	100	148	0	48	48	1.0000000
NODE_286281_length_253_cov_2.909091	34	99	4	2	65	0.0307692
NODE_286281_length_253_cov_2.909091	34	99	6	5	65	0.0769231
NODE_286281_length_253_cov_2.909091	34	99	8	9	65	0.1384615
NODE_286281_length_253_cov_2.909091	34	99	10	9	65	0.1384615
NODE_286281_length_253_cov_2.909091	34	99	12	2	65	0.0307692
NODE_286281_length_253_cov_2.909091	34	99	13	4	65	0.0615385
NODE_286281_length_253_cov_2.909091	34	99	15	4	65	0.0615385
NODE_286281_length_253_cov_2.909091	34	99	17	4	65	0.0615385
NODE_286281_length_253_cov_2.909091	34	99	19	3	65	0.0461538
NODE_286281_length_253_cov_2.909091	34	99	20	23	65	0.3538462
NODE_286288_length_253_cov_2.889610	129	200	24	7	71	0.0985916
NODE_286288_length_253_cov_2.889610	129	200	25	1	71	0.0140845
NODE_286288_length_253_cov_2.889610	129	200	26	8	71	0.1126761
NODE_286288_length_253_cov_2.889610	129	200	27	3	71	0.0422535
NODE_286288_length_253_cov_2.889610	129	200	28	4	71	0.0563380
NODE_286288_length_253_cov_2.889610	129	200	29	5	71	0.0704225
NODE_286288_length_253_cov_2.889610	129	200	30	1	71	0.0140845
NODE_286288_length_253_cov_2.889610	129	200	31	4	71	0.0563380
NODE_286288_length_253_cov_2.889610	129	200	32	11	71	0.1549296
NODE_286288_length_253_cov_2.889610	129	200	33	6	71	0.0845070
NODE_286288_length_253_cov_2.889610	129	200	34	21	71	0.2957746
NODE_286288_length_253_cov_2.889610	173	253	2	3	80	0.0375000
NODE_286288_length_253_cov_2.889610	173	253	4	1	80	0.0125000
NODE_286288_length_253_cov_2.889610	173	253	12	2	80	0.0250000
NODE_286288_length_253_cov_2.889610	173	253	15	6	80	0.0750000
NODE_286288_length_253_cov_2.889610	173	253	19	8	80	0.1000000
NODE_286288_length_253_cov_2.889610	173	253	23	2	80	0.0250000
NODE_286288_length_253_cov_2.889610	173	253	26	26	80	0.3250000
NODE_286288_length_253_cov_2.889610	173	253	29	3	80	0.0375000
NODE_286288_length_253_cov_2.889610	173	253	31	5	80	0.0625000
NODE_286288_length_253_cov_2.889610	173	253	32	6	80	0.0750000
NODE_286288_length_253_cov_2.889610	173	253	33	5	80	0.0625000
NODE_286288_length_253_cov_2.889610	173	253	34	13	80	0.1625000
NODE_286289_length_253_cov_2.889610	21	76	0	55	55	1.0000000
NODE_286289_length_253_cov_2.889610	149	229	0	25	80	0.3125000
NODE_286289_length_253_cov_2.889610	149	229	2	55	80	0.6875000
NODE_286379_length_253_cov_2.610390	113	193	0	80	80	1.0000000
NODE_286386_length_253_cov_2.584416	97	154	2	56	57	0.9824561
NODE_286386_length_253_cov_2.584416	97	154	4	1	57	0.0175439
NODE_286545_length_253_cov_2.240260	185	250	0	65	65	1.0000000
NODE_286667_length_253_cov_1.987013	157	237	0	80	80	1.0000000
NODE_286667_length_253_cov_1.987013	210	253	0	43	43	1.0000000
NODE_286685_length_253_cov_1.987013	18	60	4	42	42	1.0000000
NODE_286829_length_253_cov_1.961039	186	232	4	46	46	1.0000000
NODE_286837_length_253_cov_1.948052	68	120	0	52	52	1.0000000
NODE_286838_length_253_cov_1.948052	63	114	0	51	51	1.0000000
NODE_286947_length_253_cov_1.746753	164	193	0	29	29	1.0000000
NODE_287031_length_253_cov_1.655844	40	120	0	1	80	0.0125000
NODE_287031_length_253_cov_1.655844	40	120	2	79	80	0.9875000
NODE_287031_length_253_cov_1.655844	93	152	0	33	59	0.5593221
NODE_287031_length_253_cov_1.655844	93	152	2	26	59	0.4406780
NODE_287133_length_253_cov_1.590909	102	148	0	46	46	1.0000000
NODE_287156_length_253_cov_1.558442	67	149	0	18	82	0.2195122
NODE_287156_length_253_cov_1.558442	67	149	2	25	82	0.3048781
NODE_287156_length_253_cov_1.558442	67	149	4	39	82	0.4756097
NODE_287230_length_253_cov_1.441558	49	113	0	64	64	1.0000000
NODE_287230_length_253_cov_1.441558	102	166	0	64	64	1.0000000
NODE_287232_length_253_cov_1.441558	121	185	0	64	64	1.0000000
NODE_287234_length_253_cov_1.435065	50	81	4	31	31	1.0000000
NODE_287584_length_253_cov_1.324675	193	239	4	13	46	0.2826087
NODE_287584_length_253_cov_1.324675	193	239	6	33	46	0.7173913
NODE_287599_length_253_cov_1.324675	90	132	36	10	42	0.2380952
NODE_287599_length_253_cov_1.324675	90	132	38	10	42	0.2380952
NODE_287599_length_253_cov_1.324675	90	132	40	22	42	0.5238096
NODE_287599_length_253_cov_1.324675	133	185	16	2	52	0.0384615
NODE_287599_length_253_cov_1.324675	133	185	18	2	52	0.0384615
NODE_287599_length_253_cov_1.324675	133	185	20	1	52	0.0192308
NODE_287599_length_253_cov_1.324675	133	185	24	2	52	0.0384615
NODE_287599_length_253_cov_1.324675	133	185	28	8	52	0.1538462
NODE_287599_length_253_cov_1.324675	133	185	32	9	52	0.1730769
NODE_287599_length_253_cov_1.324675	133	185	34	6	52	0.1153846
NODE_287599_length_253_cov_1.324675	133	185	36	1	52	0.0192308
NODE_287599_length_253_cov_1.324675	133	185	38	21	52	0.4038461
NODE_287721_length_253_cov_1.285714	87	125	2	20	38	0.5263158
NODE_287721_length_253_cov_1.285714	87	125	4	4	38	0.1052632
NODE_287721_length_253_cov_1.285714	87	125	6	14	38	0.3684210
NODE_287794_length_253_cov_1.214286	99	148	0	49	49	1.0000000
NODE_287845_length_253_cov_1.181818	185	247	0	62	62	1.0000000
NODE_287845_length_253_cov_1.181818	185	247	0	62	62	1.0000000
NODE_287989_length_253_cov_1.064935	83	159	4	1	76	0.0131579
NODE_287989_length_253_cov_1.064935	83	159	6	4	76	0.0526316
NODE_287989_length_253_cov_1.064935	83	159	10	6	76	0.0789474
NODE_287989_length_253_cov_1.064935	83	159	14	1	76	0.0131579
NODE_287989_length_253_cov_1.064935	83	159	16	7	76	0.0921053
NODE_287989_length_253_cov_1.064935	83	159	18	9	76	0.1184211
NODE_287989_length_253_cov_1.064935	83	159	20	33	76	0.4342105
NODE_287989_length_253_cov_1.064935	83	159	22	15	76	0.1973684
NODE_288099_length_253_cov_0.993506	0	44	0	44	44	1.0000000
NODE_288465_length_253_cov_0.870130	17	46	4	29	29	1.0000000
NODE_288478_length_253_cov_0.850649	0	89	0	89	89	1.0000000
NODE_289563_length_252_cov_4.771242	94	148	0	9	54	0.1666667
NODE_289563_length_252_cov_4.771242	94	148	2	45	54	0.8333333
NODE_289574_length_252_cov_4.614379	16	37	0	21	21	1.0000000
NODE_289624_length_252_cov_3.960784	7	85	0	41	78	0.5256410
NODE_289624_length_252_cov_3.960784	7	85	2	37	78	0.4743590
NODE_289624_length_252_cov_3.960784	63	136	0	73	73	1.0000000
NODE_289663_length_252_cov_3.549020	89	157	0	68	68	1.0000000
NODE_289672_length_252_cov_3.405229	26	107	8	5	81	0.0617284
NODE_289672_length_252_cov_3.405229	26	107	10	31	81	0.3827161
NODE_289672_length_252_cov_3.405229	26	107	12	34	81	0.4197531
NODE_289672_length_252_cov_3.405229	26	107	14	11	81	0.1358025
NODE_289705_length_252_cov_3.307190	91	141	0	50	50	1.0000000
NODE_289742_length_252_cov_3.032680	135	212	2	7	77	0.0909091
NODE_289742_length_252_cov_3.032680	135	212	4	25	77	0.3246753
NODE_289742_length_252_cov_3.032680	135	212	6	45	77	0.5844156
NODE_289775_length_252_cov_2.928105	0	57	0	57	57	1.0000000
NODE_289799_length_252_cov_2.803922	41	121	0	67	80	0.8375000
NODE_289799_length_252_cov_2.803922	41	121	2	13	80	0.1625000
NODE_290032_length_252_cov_2.320261	0	64	0	59	64	0.9218750
NODE_290032_length_252_cov_2.320261	0	64	1	5	64	0.0781250
NODE_290046_length_252_cov_2.281046	120	170	2	7	50	0.1400000
NODE_290046_length_252_cov_2.281046	120	170	6	2	50	0.0400000
NODE_290046_length_252_cov_2.281046	120	170	8	41	50	0.8200000
NODE_290066_length_252_cov_2.215686	137	175	52	1	38	0.0263158
NODE_290066_length_252_cov_2.215686	137	175	54	1	38	0.0263158
NODE_290066_length_252_cov_2.215686	137	175	56	26	38	0.6842105
NODE_290066_length_252_cov_2.215686	137	175	58	8	38	0.2105263
NODE_290066_length_252_cov_2.215686	137	175	60	2	38	0.0526316
NODE_290103_length_252_cov_2.052288	18	39	0	21	21	1.0000000
NODE_290238_length_252_cov_1.993464	80	139	4	27	59	0.4576271
NODE_290238_length_252_cov_1.993464	80	139	6	23	59	0.3898305
NODE_290238_length_252_cov_1.993464	80	139	8	9	59	0.1525424
NODE_290385_length_252_cov_1.810458	3	49	0	46	46	1.0000000
NODE_290623_length_252_cov_1.594771	103	156	0	52	53	0.9811321
NODE_290623_length_252_cov_1.594771	103	156	2	1	53	0.0188679
NODE_290623_length_252_cov_1.594771	152	192	0	3	40	0.0750000
NODE_290623_length_252_cov_1.594771	152	192	2	37	40	0.9250000
NODE_290638_length_252_cov_1.568627	1	68	0	4	67	0.0597015
NODE_290638_length_252_cov_1.568627	1	68	2	42	67	0.6268657
NODE_290638_length_252_cov_1.568627	1	68	6	21	67	0.3134328
NODE_290767_length_252_cov_1.359477	26	93	0	67	67	1.0000000
NODE_290790_length_252_cov_1.333333	179	232	0	3	53	0.0566038
NODE_290790_length_252_cov_1.333333	179	232	2	6	53	0.1132075
NODE_290790_length_252_cov_1.333333	179	232	4	44	53	0.8301887
NODE_290850_length_252_cov_1.333333	187	222	2	35	35	1.0000000
NODE_291072_length_252_cov_1.333333	31	111	0	80	80	1.0000000
NODE_291076_length_252_cov_1.333333	90	140	0	4	50	0.0800000
NODE_291076_length_252_cov_1.333333	90	140	2	2	50	0.0400000
NODE_291076_length_252_cov_1.333333	90	140	4	3	50	0.0600000
NODE_291076_length_252_cov_1.333333	90	140	10	41	50	0.8200000
NODE_291118_length_252_cov_1.326797	112	143	0	31	31	1.0000000
NODE_291351_length_252_cov_1.156863	1	32	0	31	31	1.0000000
NODE_291650_length_252_cov_1.000000	49	79	0	30	30	1.0000000
NODE_291911_length_252_cov_0.836601	125	172	0	1	47	0.0212766
NODE_291911_length_252_cov_0.836601	125	172	2	20	47	0.4255319
NODE_291911_length_252_cov_0.836601	125	172	4	26	47	0.5531915
NODE_293004_length_251_cov_5.032895	0	62	0	62	62	1.0000000
NODE_293005_length_251_cov_5.026316	84	164	0	80	80	1.0000000
NODE_293165_length_251_cov_3.302632	187	249	0	62	62	1.0000000
NODE_293195_length_251_cov_3.131579	96	148	0	52	52	1.0000000
NODE_293238_length_251_cov_2.980263	11	38	12	6	27	0.2222222
NODE_293238_length_251_cov_2.980263	11	38	17	1	27	0.0370370
NODE_293238_length_251_cov_2.980263	11	38	18	3	27	0.1111111
NODE_293238_length_251_cov_2.980263	11	38	20	13	27	0.4814815
NODE_293238_length_251_cov_2.980263	11	38	22	4	27	0.1481481
NODE_293238_length_251_cov_2.980263	11	91	12	6	80	0.0750000
NODE_293238_length_251_cov_2.980263	11	91	17	1	80	0.0125000
NODE_293238_length_251_cov_2.980263	11	91	18	3	80	0.0375000
NODE_293238_length_251_cov_2.980263	11	91	20	13	80	0.1625000
NODE_293238_length_251_cov_2.980263	11	91	22	6	80	0.0750000
NODE_293238_length_251_cov_2.980263	11	91	24	5	80	0.0625000
NODE_293238_length_251_cov_2.980263	11	91	26	19	80	0.2375000
NODE_293238_length_251_cov_2.980263	11	91	28	24	80	0.3000000
NODE_293238_length_251_cov_2.980263	11	91	29	1	80	0.0125000
NODE_293238_length_251_cov_2.980263	11	91	30	2	80	0.0250000
NODE_293259_length_251_cov_2.842105	170	198	0	3	28	0.1071429
NODE_293259_length_251_cov_2.842105	170	198	1	7	28	0.2500000
NODE_293259_length_251_cov_2.842105	170	198	3	18	28	0.6428571
NODE_293279_length_251_cov_2.743421	181	232	0	51	51	1.0000000
NODE_293335_length_251_cov_2.677632	35	54	0	19	19	1.0000000
NODE_293454_length_251_cov_2.348684	196	251	0	55	55	1.0000000
NODE_293502_length_251_cov_2.328947	86	149	2	59	63	0.9365079
NODE_293502_length_251_cov_2.328947	86	149	4	4	63	0.0634921
NODE_293516_length_251_cov_2.296053	91	171	10	80	80	1.0000000
NODE_293516_length_251_cov_2.296053	144	224	0	16	80	0.2000000
NODE_293516_length_251_cov_2.296053	144	224	4	1	80	0.0125000
NODE_293516_length_251_cov_2.296053	144	224	10	63	80	0.7875000
NODE_293591_length_251_cov_2.065789	7	52	0	45	45	1.0000000
NODE_293698_length_251_cov_2.013158	96	179	0	83	83	1.0000000
NODE_293698_length_251_cov_2.013158	96	179	0	83	83	1.0000000
NODE_293698_length_251_cov_2.013158	152	203	0	51	51	1.0000000
NODE_293698_length_251_cov_2.013158	152	201	0	49	49	1.0000000
NODE_293919_length_251_cov_1.710526	135	194	0	59	59	1.0000000
NODE_294028_length_251_cov_1.671053	94	127	0	33	33	1.0000000
NODE_294063_length_251_cov_1.644737	135	164	0	9	29	0.3103448
NODE_294063_length_251_cov_1.644737	135	164	1	7	29	0.2413793
NODE_294063_length_251_cov_1.644737	135	164	2	13	29	0.4482759
NODE_294147_length_251_cov_1.473684	137	202	0	1	65	0.0153846
NODE_294147_length_251_cov_1.473684	137	202	2	64	65	0.9846154
NODE_294153_length_251_cov_1.460526	17	78	0	61	61	1.0000000
NODE_294190_length_251_cov_1.407895	182	246	2	14	64	0.2187500
NODE_294190_length_251_cov_1.407895	182	246	4	50	64	0.7812500
NODE_294393_length_251_cov_1.342105	9	89	0	79	80	0.9875000
NODE_294393_length_251_cov_1.342105	9	89	2	1	80	0.0125000
NODE_294393_length_251_cov_1.342105	62	91	0	26	29	0.8965517
NODE_294393_length_251_cov_1.342105	62	91	2	3	29	0.1034483
NODE_294624_length_251_cov_1.296053	7	47	0	40	40	1.0000000
NODE_294624_length_251_cov_1.296053	24	47	0	23	23	1.0000000
NODE_295165_length_251_cov_1.006579	4	50	0	46	46	1.0000000
NODE_296033_length_251_cov_0.671053	184	204	0	20	20	1.0000000
NODE_296386_length_251_cov_0.572368	54	74	0	20	20	1.0000000
NODE_296437_length_250_cov_35.662252	33	99	0	66	66	1.0000000
NODE_296437_length_250_cov_35.662252	143	223	0	10	80	0.1250000
NODE_296437_length_250_cov_35.662252	143	223	2	70	80	0.8750000
NODE_296456_length_250_cov_6.503311	186	250	0	64	64	1.0000000
NODE_296467_length_250_cov_5.867550	99	120	4	12	21	0.5714286
NODE_296467_length_250_cov_5.867550	99	120	6	9	21	0.4285714
NODE_296520_length_250_cov_4.662252	143	187	0	44	44	1.0000000
NODE_296520_length_250_cov_4.662252	160	227	0	67	67	1.0000000
NODE_296598_length_250_cov_3.715232	37	90	0	13	53	0.2452830
NODE_296598_length_250_cov_3.715232	37	90	2	40	53	0.7547170
NODE_296633_length_250_cov_3.417219	113	193	6	4	80	0.0500000
NODE_296633_length_250_cov_3.417219	113	193	8	35	80	0.4375000
NODE_296633_length_250_cov_3.417219	113	193	10	37	80	0.4625000
NODE_296633_length_250_cov_3.417219	113	193	12	4	80	0.0500000
NODE_296633_length_250_cov_3.417219	166	246	0	19	80	0.2375000
NODE_296633_length_250_cov_3.417219	166	246	2	11	80	0.1375000
NODE_296633_length_250_cov_3.417219	166	246	4	6	80	0.0750000
NODE_296633_length_250_cov_3.417219	166	246	8	35	80	0.4375000
NODE_296633_length_250_cov_3.417219	166	246	10	9	80	0.1125000
NODE_296653_length_250_cov_3.364238	0	61	2	3	61	0.0491803
NODE_296653_length_250_cov_3.364238	0	61	4	1	61	0.0163934
NODE_296653_length_250_cov_3.364238	0	61	6	12	61	0.1967213
NODE_296653_length_250_cov_3.364238	0	61	8	3	61	0.0491803
NODE_296653_length_250_cov_3.364238	0	61	10	10	61	0.1639344
NODE_296653_length_250_cov_3.364238	0	61	14	32	61	0.5245901
NODE_296653_length_250_cov_3.364238	34	94	14	60	60	1.0000000
NODE_296680_length_250_cov_3.225166	157	209	0	52	52	1.0000000
NODE_296680_length_250_cov_3.225166	182	250	0	68	68	1.0000000
NODE_296699_length_250_cov_3.086093	33	67	0	34	34	1.0000000
NODE_296703_length_250_cov_3.052980	29	94	2	15	65	0.2307692
NODE_296703_length_250_cov_3.052980	29	94	4	50	65	0.7692308
NODE_296707_length_250_cov_3.039735	51	106	0	55	55	1.0000000
NODE_296737_length_250_cov_2.986755	124	185	4	14	61	0.2295082
NODE_296737_length_250_cov_2.986755	124	185	6	47	61	0.7704918
NODE_296737_length_250_cov_2.986755	172	243	2	8	71	0.1126761
NODE_296737_length_250_cov_2.986755	172	243	4	13	71	0.1830986
NODE_296737_length_250_cov_2.986755	172	243	6	50	71	0.7042254
NODE_296885_length_250_cov_2.516556	0	49	0	49	49	1.0000000
NODE_296893_length_250_cov_2.476821	94	174	0	80	80	1.0000000
NODE_296893_length_250_cov_2.476821	147	227	0	80	80	1.0000000
NODE_296897_length_250_cov_2.470199	166	212	0	13	46	0.2826087
NODE_296897_length_250_cov_2.470199	166	212	2	33	46	0.7173913
NODE_297070_length_250_cov_2.059603	150	207	0	57	57	1.0000000
NODE_297211_length_250_cov_2.019868	74	141	12	32	67	0.4776119
NODE_297211_length_250_cov_2.019868	74	141	14	4	67	0.0597015
NODE_297211_length_250_cov_2.019868	74	141	16	15	67	0.2238806
NODE_297211_length_250_cov_2.019868	74	141	18	16	67	0.2388060
NODE_297211_length_250_cov_2.019868	158	204	6	4	46	0.0869565
NODE_297211_length_250_cov_2.019868	158	204	8	4	46	0.0869565
NODE_297211_length_250_cov_2.019868	158	204	14	3	46	0.0652174
NODE_297211_length_250_cov_2.019868	158	204	16	22	46	0.4782609
NODE_297211_length_250_cov_2.019868	158	204	18	13	46	0.2826087
NODE_297550_length_250_cov_1.688742	6	42	0	36	36	1.0000000
NODE_297624_length_250_cov_1.635762	150	191	4	7	41	0.1707317
NODE_297624_length_250_cov_1.635762	150	191	8	34	41	0.8292683
NODE_297679_length_250_cov_1.529801	59	108	0	37	49	0.7551020
NODE_297679_length_250_cov_1.529801	59	108	2	11	49	0.2244898
NODE_297679_length_250_cov_1.529801	59	108	4	1	49	0.0204082
NODE_297679_length_250_cov_1.529801	81	161	0	15	80	0.1875000
NODE_297679_length_250_cov_1.529801	81	161	2	11	80	0.1375000
NODE_297679_length_250_cov_1.529801	81	161	4	54	80	0.6750000
NODE_297693_length_250_cov_1.516556	124	184	0	23	60	0.3833333
NODE_297693_length_250_cov_1.516556	124	184	2	12	60	0.2000000
NODE_297693_length_250_cov_1.516556	124	184	4	25	60	0.4166667
NODE_297693_length_250_cov_1.516556	166	237	2	4	71	0.0563380
NODE_297693_length_250_cov_1.516556	166	237	4	67	71	0.9436620
NODE_297762_length_250_cov_1.377483	0	80	0	80	80	1.0000000
NODE_297963_length_250_cov_1.350993	40	98	0	58	58	1.0000000
NODE_298213_length_250_cov_1.291391	116	196	4	6	80	0.0750000
NODE_298213_length_250_cov_1.291391	116	196	10	74	80	0.9250000
NODE_298719_length_250_cov_1.013245	126	163	0	37	37	1.0000000
NODE_298794_length_250_cov_1.006623	129	148	0	19	19	1.0000000
NODE_298900_length_250_cov_0.920530	126	178	22	8	52	0.1538462
NODE_298900_length_250_cov_0.920530	126	178	24	27	52	0.5192308
NODE_298900_length_250_cov_0.920530	126	178	26	17	52	0.3269231
NODE_299979_length_249_cov_55.413333	97	172	0	75	75	1.0000000
NODE_299979_length_249_cov_55.413333	150	225	0	75	75	1.0000000
NODE_300012_length_247_cov_51.243243	172	247	0	75	75	1.0000000
NODE_300014_length_247_cov_37.614865	156	239	0	83	83	1.0000000
NODE_300056_length_245_cov_40.876712	138	202	63	1	64	0.0156250
NODE_300056_length_245_cov_40.876712	138	202	77	6	64	0.0937500
NODE_300056_length_245_cov_40.876712	138	202	85	1	64	0.0156250
NODE_300056_length_245_cov_40.876712	138	202	95	2	64	0.0312500
NODE_300056_length_245_cov_40.876712	138	202	97	4	64	0.0625000
NODE_300056_length_245_cov_40.876712	138	202	98	5	64	0.0781250
NODE_300056_length_245_cov_40.876712	138	202	99	1	64	0.0156250
NODE_300056_length_245_cov_40.876712	138	202	102	3	64	0.0468750
NODE_300056_length_245_cov_40.876712	138	202	103	2	64	0.0312500
NODE_300056_length_245_cov_40.876712	138	202	104	1	64	0.0156250
NODE_300056_length_245_cov_40.876712	138	202	105	1	64	0.0156250
NODE_300056_length_245_cov_40.876712	138	202	106	1	64	0.0156250
NODE_300056_length_245_cov_40.876712	138	202	108	6	64	0.0937500
NODE_300056_length_245_cov_40.876712	138	202	110	1	64	0.0156250
NODE_300056_length_245_cov_40.876712	138	202	112	2	64	0.0312500
NODE_300056_length_245_cov_40.876712	138	202	113	11	64	0.1718750
NODE_300056_length_245_cov_40.876712	138	202	119	4	64	0.0625000
NODE_300056_length_245_cov_40.876712	138	202	120	1	64	0.0156250
NODE_300056_length_245_cov_40.876712	138	202	121	1	64	0.0156250
NODE_300056_length_245_cov_40.876712	138	202	124	1	64	0.0156250
NODE_300056_length_245_cov_40.876712	138	202	127	1	64	0.0156250
NODE_300056_length_245_cov_40.876712	138	202	128	1	64	0.0156250
NODE_300056_length_245_cov_40.876712	138	202	129	2	64	0.0312500
NODE_300056_length_245_cov_40.876712	138	202	131	5	64	0.0781250
NODE_300056_length_245_cov_40.876712	138	202	63	1	64	0.0156250
NODE_300056_length_245_cov_40.876712	138	202	77	6	64	0.0937500
NODE_300056_length_245_cov_40.876712	138	202	85	1	64	0.0156250
NODE_300056_length_245_cov_40.876712	138	202	95	2	64	0.0312500
NODE_300056_length_245_cov_40.876712	138	202	97	4	64	0.0625000
NODE_300056_length_245_cov_40.876712	138	202	98	5	64	0.0781250
NODE_300056_length_245_cov_40.876712	138	202	99	1	64	0.0156250
NODE_300056_length_245_cov_40.876712	138	202	102	3	64	0.0468750
NODE_300056_length_245_cov_40.876712	138	202	103	2	64	0.0312500
NODE_300056_length_245_cov_40.876712	138	202	104	1	64	0.0156250
NODE_300056_length_245_cov_40.876712	138	202	105	1	64	0.0156250
NODE_300056_length_245_cov_40.876712	138	202	106	1	64	0.0156250
NODE_300056_length_245_cov_40.876712	138	202	108	6	64	0.0937500
NODE_300056_length_245_cov_40.876712	138	202	110	1	64	0.0156250
NODE_300056_length_245_cov_40.876712	138	202	112	2	64	0.0312500
NODE_300056_length_245_cov_40.876712	138	202	113	11	64	0.1718750
NODE_300056_length_245_cov_40.876712	138	202	119	4	64	0.0625000
NODE_300056_length_245_cov_40.876712	138	202	120	1	64	0.0156250
NODE_300056_length_245_cov_40.876712	138	202	121	1	64	0.0156250
NODE_300056_length_245_cov_40.876712	138	202	124	1	64	0.0156250
NODE_300056_length_245_cov_40.876712	138	202	127	1	64	0.0156250
NODE_300056_length_245_cov_40.876712	138	202	128	1	64	0.0156250
NODE_300056_length_245_cov_40.876712	138	202	129	2	64	0.0312500
NODE_300056_length_245_cov_40.876712	138	202	131	5	64	0.0781250
NODE_300056_length_245_cov_40.876712	138	202	63	1	64	0.0156250
NODE_300056_length_245_cov_40.876712	138	202	77	6	64	0.0937500
NODE_300056_length_245_cov_40.876712	138	202	85	1	64	0.0156250
NODE_300056_length_245_cov_40.876712	138	202	95	2	64	0.0312500
NODE_300056_length_245_cov_40.876712	138	202	97	4	64	0.0625000
NODE_300056_length_245_cov_40.876712	138	202	98	5	64	0.0781250
NODE_300056_length_245_cov_40.876712	138	202	99	1	64	0.0156250
NODE_300056_length_245_cov_40.876712	138	202	102	3	64	0.0468750
NODE_300056_length_245_cov_40.876712	138	202	103	2	64	0.0312500
NODE_300056_length_245_cov_40.876712	138	202	104	1	64	0.0156250
NODE_300056_length_245_cov_40.876712	138	202	105	1	64	0.0156250
NODE_300056_length_245_cov_40.876712	138	202	106	1	64	0.0156250
NODE_300056_length_245_cov_40.876712	138	202	108	6	64	0.0937500
NODE_300056_length_245_cov_40.876712	138	202	110	1	64	0.0156250
NODE_300056_length_245_cov_40.876712	138	202	112	2	64	0.0312500
NODE_300056_length_245_cov_40.876712	138	202	113	11	64	0.1718750
NODE_300056_length_245_cov_40.876712	138	202	119	4	64	0.0625000
NODE_300056_length_245_cov_40.876712	138	202	120	1	64	0.0156250
NODE_300056_length_245_cov_40.876712	138	202	121	1	64	0.0156250
NODE_300056_length_245_cov_40.876712	138	202	124	1	64	0.0156250
NODE_300056_length_245_cov_40.876712	138	202	127	1	64	0.0156250
NODE_300056_length_245_cov_40.876712	138	202	128	1	64	0.0156250
NODE_300056_length_245_cov_40.876712	138	202	129	2	64	0.0312500
NODE_300056_length_245_cov_40.876712	138	202	131	5	64	0.0781250
NODE_300056_length_245_cov_40.876712	175	241	5	5	66	0.0757576
NODE_300056_length_245_cov_40.876712	175	241	19	2	66	0.0303030
NODE_300056_length_245_cov_40.876712	175	241	21	1	66	0.0151515
NODE_300056_length_245_cov_40.876712	175	241	25	4	66	0.0606061
NODE_300056_length_245_cov_40.876712	175	241	28	1	66	0.0151515
NODE_300056_length_245_cov_40.876712	175	241	30	1	66	0.0151515
NODE_300056_length_245_cov_40.876712	175	241	33	4	66	0.0606061
NODE_300056_length_245_cov_40.876712	175	241	36	1	66	0.0151515
NODE_300056_length_245_cov_40.876712	175	241	38	2	66	0.0303030
NODE_300056_length_245_cov_40.876712	175	241	40	1	66	0.0151515
NODE_300056_length_245_cov_40.876712	175	241	42	2	66	0.0303030
NODE_300056_length_245_cov_40.876712	175	241	46	4	66	0.0606061
NODE_300056_length_245_cov_40.876712	175	241	47	1	66	0.0151515
NODE_300056_length_245_cov_40.876712	175	241	50	5	66	0.0757576
NODE_300056_length_245_cov_40.876712	175	241	54	1	66	0.0151515
NODE_300056_length_245_cov_40.876712	175	241	57	2	66	0.0303030
NODE_300056_length_245_cov_40.876712	175	241	61	1	66	0.0151515
NODE_300056_length_245_cov_40.876712	175	241	63	2	66	0.0303030
NODE_300056_length_245_cov_40.876712	175	241	77	6	66	0.0909091
NODE_300056_length_245_cov_40.876712	175	241	85	1	66	0.0151515
NODE_300056_length_245_cov_40.876712	175	241	95	2	66	0.0303030
NODE_300056_length_245_cov_40.876712	175	241	97	4	66	0.0606061
NODE_300056_length_245_cov_40.876712	175	241	98	5	66	0.0757576
NODE_300056_length_245_cov_40.876712	175	241	99	1	66	0.0151515
NODE_300056_length_245_cov_40.876712	175	241	102	3	66	0.0454545
NODE_300056_length_245_cov_40.876712	175	241	103	2	66	0.0303030
NODE_300056_length_245_cov_40.876712	175	241	104	1	66	0.0151515
NODE_300056_length_245_cov_40.876712	175	241	105	1	66	0.0151515
NODE_300147_length_240_cov_80.744681	167	238	0	58	71	0.8169014
NODE_300147_length_240_cov_80.744681	167	238	6	13	71	0.1830986
NODE_300148_length_240_cov_38.035461	31	82	2	3	51	0.0588235
NODE_300148_length_240_cov_38.035461	31	82	6	5	51	0.0980392
NODE_300148_length_240_cov_38.035461	31	82	8	12	51	0.2352941
NODE_300148_length_240_cov_38.035461	31	82	10	6	51	0.1176471
NODE_300148_length_240_cov_38.035461	31	82	12	3	51	0.0588235
NODE_300148_length_240_cov_38.035461	31	82	16	6	51	0.1176471
NODE_300148_length_240_cov_38.035461	31	82	18	16	51	0.3137255
NODE_300165_length_239_cov_72.878571	0	48	0	34	48	0.7083333
NODE_300165_length_239_cov_72.878571	0	48	2	14	48	0.2916667
NODE_300165_length_239_cov_72.878571	21	101	0	13	80	0.1625000
NODE_300165_length_239_cov_72.878571	21	101	2	67	80	0.8375000
NODE_300165_length_239_cov_72.878571	150	230	0	22	80	0.2750000
NODE_300165_length_239_cov_72.878571	150	230	2	17	80	0.2125000
NODE_300165_length_239_cov_72.878571	150	230	4	4	80	0.0500000
NODE_300165_length_239_cov_72.878571	150	230	11	1	80	0.0125000
NODE_300165_length_239_cov_72.878571	150	230	12	3	80	0.0375000
NODE_300165_length_239_cov_72.878571	150	230	14	33	80	0.4125000
NODE_300165_length_239_cov_72.878571	150	230	0	22	80	0.2750000
NODE_300165_length_239_cov_72.878571	150	230	2	17	80	0.2125000
NODE_300165_length_239_cov_72.878571	150	230	4	4	80	0.0500000
NODE_300165_length_239_cov_72.878571	150	230	11	1	80	0.0125000
NODE_300165_length_239_cov_72.878571	150	230	12	3	80	0.0375000
NODE_300165_length_239_cov_72.878571	150	230	14	33	80	0.4125000
NODE_300165_length_239_cov_72.878571	150	212	0	4	62	0.0645161
NODE_300165_length_239_cov_72.878571	150	212	2	17	62	0.2741936
NODE_300165_length_239_cov_72.878571	150	212	4	4	62	0.0645161
NODE_300165_length_239_cov_72.878571	150	212	11	1	62	0.0161290
NODE_300165_length_239_cov_72.878571	150	212	12	3	62	0.0483871
NODE_300165_length_239_cov_72.878571	150	212	14	33	62	0.5322581
NODE_300165_length_239_cov_72.878571	150	221	0	13	71	0.1830986
NODE_300165_length_239_cov_72.878571	150	221	2	17	71	0.2394366
NODE_300165_length_239_cov_72.878571	150	221	4	4	71	0.0563380
NODE_300165_length_239_cov_72.878571	150	221	11	1	71	0.0140845
NODE_300165_length_239_cov_72.878571	150	221	12	3	71	0.0422535
NODE_300165_length_239_cov_72.878571	150	221	14	33	71	0.4647887
NODE_300208_length_238_cov_385.683453	35	104	56	4	69	0.0579710
NODE_300208_length_238_cov_385.683453	35	104	59	4	69	0.0579710
NODE_300208_length_238_cov_385.683453	35	104	61	2	69	0.0289855
NODE_300208_length_238_cov_385.683453	35	104	64	2	69	0.0289855
NODE_300208_length_238_cov_385.683453	35	104	66	1	69	0.0144928
NODE_300208_length_238_cov_385.683453	35	104	67	5	69	0.0724638
NODE_300208_length_238_cov_385.683453	35	104	69	4	69	0.0579710
NODE_300208_length_238_cov_385.683453	35	104	74	2	69	0.0289855
NODE_300208_length_238_cov_385.683453	35	104	76	2	69	0.0289855
NODE_300208_length_238_cov_385.683453	35	104	78	1	69	0.0144928
NODE_300208_length_238_cov_385.683453	35	104	82	13	69	0.1884058
NODE_300208_length_238_cov_385.683453	35	104	84	4	69	0.0579710
NODE_300208_length_238_cov_385.683453	35	104	85	4	69	0.0579710
NODE_300208_length_238_cov_385.683453	35	104	86	9	69	0.1304348
NODE_300208_length_238_cov_385.683453	35	104	88	1	69	0.0144928
NODE_300208_length_238_cov_385.683453	35	104	91	1	69	0.0144928
NODE_300208_length_238_cov_385.683453	35	104	97	10	69	0.1449275
NODE_300225_length_237_cov_101.543478	83	163	2	5	80	0.0625000
NODE_300225_length_237_cov_101.543478	83	163	4	3	80	0.0375000
NODE_300225_length_237_cov_101.543478	83	163	6	2	80	0.0250000
NODE_300225_length_237_cov_101.543478	83	163	14	17	80	0.2125000
NODE_300225_length_237_cov_101.543478	83	163	20	43	80	0.5375000
NODE_300225_length_237_cov_101.543478	83	163	22	10	80	0.1250000
NODE_300225_length_237_cov_101.543478	83	163	2	5	80	0.0625000
NODE_300225_length_237_cov_101.543478	83	163	4	3	80	0.0375000
NODE_300225_length_237_cov_101.543478	83	163	6	2	80	0.0250000
NODE_300225_length_237_cov_101.543478	83	163	14	17	80	0.2125000
NODE_300225_length_237_cov_101.543478	83	163	20	43	80	0.5375000
NODE_300225_length_237_cov_101.543478	83	163	22	10	80	0.1250000
NODE_300225_length_237_cov_101.543478	83	163	2	5	80	0.0625000
NODE_300225_length_237_cov_101.543478	83	163	4	3	80	0.0375000
NODE_300225_length_237_cov_101.543478	83	163	6	2	80	0.0250000
NODE_300225_length_237_cov_101.543478	83	163	14	17	80	0.2125000
NODE_300225_length_237_cov_101.543478	83	163	20	43	80	0.5375000
NODE_300225_length_237_cov_101.543478	83	163	22	10	80	0.1250000
NODE_300225_length_237_cov_101.543478	83	163	2	5	80	0.0625000
NODE_300225_length_237_cov_101.543478	83	163	4	3	80	0.0375000
NODE_300225_length_237_cov_101.543478	83	163	6	2	80	0.0250000
NODE_300225_length_237_cov_101.543478	83	163	14	17	80	0.2125000
NODE_300225_length_237_cov_101.543478	83	163	20	43	80	0.5375000
NODE_300225_length_237_cov_101.543478	83	163	22	10	80	0.1250000
NODE_300225_length_237_cov_101.543478	136	216	10	2	80	0.0250000
NODE_300225_length_237_cov_101.543478	136	216	16	18	80	0.2250000
NODE_300225_length_237_cov_101.543478	136	216	18	31	80	0.3875000
NODE_300225_length_237_cov_101.543478	136	216	20	29	80	0.3625000
NODE_300225_length_237_cov_101.543478	136	216	10	2	80	0.0250000
NODE_300225_length_237_cov_101.543478	136	216	16	18	80	0.2250000
NODE_300225_length_237_cov_101.543478	136	216	18	31	80	0.3875000
NODE_300225_length_237_cov_101.543478	136	216	20	29	80	0.3625000
NODE_300225_length_237_cov_101.543478	136	216	10	2	80	0.0250000
NODE_300225_length_237_cov_101.543478	136	216	16	18	80	0.2250000
NODE_300225_length_237_cov_101.543478	136	216	18	31	80	0.3875000
NODE_300225_length_237_cov_101.543478	136	216	20	29	80	0.3625000
NODE_300225_length_237_cov_101.543478	138	216	10	2	78	0.0256410
NODE_300225_length_237_cov_101.543478	138	216	16	18	78	0.2307692
NODE_300225_length_237_cov_101.543478	138	216	18	31	78	0.3974359
NODE_300225_length_237_cov_101.543478	138	216	20	27	78	0.3461539
NODE_300225_length_237_cov_101.543478	138	216	10	2	78	0.0256410
NODE_300225_length_237_cov_101.543478	138	216	16	18	78	0.2307692
NODE_300225_length_237_cov_101.543478	138	216	18	31	78	0.3974359
NODE_300225_length_237_cov_101.543478	138	216	20	27	78	0.3461539
NODE_300227_length_237_cov_49.623188	13	88	0	75	75	1.0000000
NODE_300227_length_237_cov_49.623188	73	153	0	80	80	1.0000000
NODE_300227_length_237_cov_49.623188	126	206	0	80	80	1.0000000
NODE_300289_length_235_cov_67.904412	0	62	0	24	62	0.3870968
NODE_300289_length_235_cov_67.904412	0	62	4	38	62	0.6129032
NODE_300289_length_235_cov_67.904412	25	111	4	86	86	1.0000000
NODE_300289_length_235_cov_67.904412	69	150	0	38	81	0.4691358
NODE_300289_length_235_cov_67.904412	69	150	4	43	81	0.5308642
NODE_300289_length_235_cov_67.904412	113	194	0	81	81	1.0000000
NODE_300289_length_235_cov_67.904412	157	235	0	78	78	1.0000000
NODE_300322_length_234_cov_76.496296	0	76	0	26	76	0.3421053
NODE_300322_length_234_cov_76.496296	0	76	2	50	76	0.6578947
NODE_300322_length_234_cov_76.496296	0	76	0	26	76	0.3421053
NODE_300322_length_234_cov_76.496296	0	76	2	50	76	0.6578947
NODE_300322_length_234_cov_76.496296	0	76	0	26	76	0.3421053
NODE_300322_length_234_cov_76.496296	0	76	2	50	76	0.6578947
NODE_300322_length_234_cov_76.496296	0	76	0	26	76	0.3421053
NODE_300322_length_234_cov_76.496296	0	76	2	50	76	0.6578947
NODE_300322_length_234_cov_76.496296	49	128	2	56	79	0.7088608
NODE_300322_length_234_cov_76.496296	49	128	4	2	79	0.0253165
NODE_300322_length_234_cov_76.496296	49	128	11	1	79	0.0126582
NODE_300322_length_234_cov_76.496296	49	128	12	14	79	0.1772152
NODE_300322_length_234_cov_76.496296	49	128	16	2	79	0.0253165
NODE_300322_length_234_cov_76.496296	49	128	24	4	79	0.0506329
NODE_300322_length_234_cov_76.496296	49	128	2	56	79	0.7088608
NODE_300322_length_234_cov_76.496296	49	128	4	2	79	0.0253165
NODE_300322_length_234_cov_76.496296	49	128	11	1	79	0.0126582
NODE_300322_length_234_cov_76.496296	49	128	12	14	79	0.1772152
NODE_300322_length_234_cov_76.496296	49	128	16	2	79	0.0253165
NODE_300322_length_234_cov_76.496296	49	128	24	4	79	0.0506329
NODE_300322_length_234_cov_76.496296	124	204	22	11	80	0.1375000
NODE_300322_length_234_cov_76.496296	124	204	24	4	80	0.0500000
NODE_300322_length_234_cov_76.496296	124	204	26	1	80	0.0125000
NODE_300322_length_234_cov_76.496296	124	204	27	1	80	0.0125000
NODE_300322_length_234_cov_76.496296	124	204	28	63	80	0.7875000
NODE_300322_length_234_cov_76.496296	124	204	22	11	80	0.1375000
NODE_300322_length_234_cov_76.496296	124	204	24	4	80	0.0500000
NODE_300322_length_234_cov_76.496296	124	204	26	1	80	0.0125000
NODE_300322_length_234_cov_76.496296	124	204	27	1	80	0.0125000
NODE_300322_length_234_cov_76.496296	124	204	28	63	80	0.7875000
NODE_300322_length_234_cov_76.496296	124	204	22	11	80	0.1375000
NODE_300322_length_234_cov_76.496296	124	204	24	4	80	0.0500000
NODE_300322_length_234_cov_76.496296	124	204	26	1	80	0.0125000
NODE_300322_length_234_cov_76.496296	124	204	27	1	80	0.0125000
NODE_300322_length_234_cov_76.496296	124	204	28	63	80	0.7875000
NODE_300322_length_234_cov_76.496296	177	226	0	6	49	0.1224490
NODE_300322_length_234_cov_76.496296	177	226	12	2	49	0.0408163
NODE_300322_length_234_cov_76.496296	177	226	16	4	49	0.0816327
NODE_300322_length_234_cov_76.496296	177	226	21	1	49	0.0204082
NODE_300322_length_234_cov_76.496296	177	226	22	17	49	0.3469388
NODE_300322_length_234_cov_76.496296	177	226	26	1	49	0.0204082
NODE_300322_length_234_cov_76.496296	177	226	28	18	49	0.3673469
NODE_300322_length_234_cov_76.496296	177	234	0	14	57	0.2456140
NODE_300322_length_234_cov_76.496296	177	234	12	2	57	0.0350877
NODE_300322_length_234_cov_76.496296	177	234	16	4	57	0.0701754
NODE_300322_length_234_cov_76.496296	177	234	21	1	57	0.0175439
NODE_300322_length_234_cov_76.496296	177	234	22	17	57	0.2982456
NODE_300322_length_234_cov_76.496296	177	234	26	1	57	0.0175439
NODE_300322_length_234_cov_76.496296	177	234	28	18	57	0.3157895
NODE_300322_length_234_cov_76.496296	182	234	0	14	52	0.2692308
NODE_300322_length_234_cov_76.496296	182	234	12	2	52	0.0384615
NODE_300322_length_234_cov_76.496296	182	234	16	4	52	0.0769231
NODE_300322_length_234_cov_76.496296	182	234	21	1	52	0.0192308
NODE_300322_length_234_cov_76.496296	182	234	22	17	52	0.3269231
NODE_300322_length_234_cov_76.496296	182	234	26	1	52	0.0192308
NODE_300322_length_234_cov_76.496296	182	234	28	13	52	0.2500000
NODE_300323_length_234_cov_71.548148	90	162	15	3	72	0.0416667
NODE_300323_length_234_cov_71.548148	90	162	16	45	72	0.6250000
NODE_300323_length_234_cov_71.548148	90	162	18	24	72	0.3333333
NODE_300323_length_234_cov_71.548148	90	162	15	3	72	0.0416667
NODE_300323_length_234_cov_71.548148	90	162	16	45	72	0.6250000
NODE_300323_length_234_cov_71.548148	90	162	18	24	72	0.3333333
NODE_300323_length_234_cov_71.548148	135	215	0	5	80	0.0625000
NODE_300323_length_234_cov_71.548148	135	215	2	16	80	0.2000000
NODE_300323_length_234_cov_71.548148	135	215	13	27	80	0.3375000
NODE_300323_length_234_cov_71.548148	135	215	15	8	80	0.1000000
NODE_300323_length_234_cov_71.548148	135	215	16	24	80	0.3000000
NODE_300323_length_234_cov_71.548148	135	215	0	5	80	0.0625000
NODE_300323_length_234_cov_71.548148	135	215	2	16	80	0.2000000
NODE_300323_length_234_cov_71.548148	135	215	13	27	80	0.3375000
NODE_300323_length_234_cov_71.548148	135	215	15	8	80	0.1000000
NODE_300323_length_234_cov_71.548148	135	215	16	24	80	0.3000000
NODE_300357_length_233_cov_180.701493	0	65	0	32	65	0.4923077
NODE_300357_length_233_cov_180.701493	0	65	2	11	65	0.1692308
NODE_300357_length_233_cov_180.701493	0	65	6	2	65	0.0307692
NODE_300357_length_233_cov_180.701493	0	65	7	11	65	0.1692308
NODE_300357_length_233_cov_180.701493	0	65	8	1	65	0.0153846
NODE_300357_length_233_cov_180.701493	0	65	9	8	65	0.1230769
NODE_300357_length_233_cov_180.701493	38	118	2	5	80	0.0625000
NODE_300357_length_233_cov_180.701493	38	118	6	2	80	0.0250000
NODE_300357_length_233_cov_180.701493	38	118	7	18	80	0.2250000
NODE_300357_length_233_cov_180.701493	38	118	8	1	80	0.0125000
NODE_300357_length_233_cov_180.701493	38	118	9	54	80	0.6750000
NODE_300392_length_232_cov_132.045113	53	133	2	25	80	0.3125000
NODE_300392_length_232_cov_132.045113	53	133	4	55	80	0.6875000
NODE_300392_length_232_cov_132.045113	106	186	0	51	80	0.6375000
NODE_300392_length_232_cov_132.045113	106	186	2	27	80	0.3375000
NODE_300392_length_232_cov_132.045113	106	186	4	2	80	0.0250000
NODE_300471_length_230_cov_34.427481	0	59	0	59	59	1.0000000
NODE_300471_length_230_cov_34.427481	0	59	0	59	59	1.0000000
NODE_300471_length_230_cov_34.427481	10	59	0	49	49	1.0000000
NODE_300487_length_229_cov_76.907692	94	176	37	7	82	0.0853659
NODE_300487_length_229_cov_76.907692	94	176	38	4	82	0.0487805
NODE_300487_length_229_cov_76.907692	94	176	40	4	82	0.0487805
NODE_300487_length_229_cov_76.907692	94	176	42	4	82	0.0487805
NODE_300487_length_229_cov_76.907692	94	176	44	1	82	0.0121951
NODE_300487_length_229_cov_76.907692	94	176	46	15	82	0.1829268
NODE_300487_length_229_cov_76.907692	94	176	48	3	82	0.0365854
NODE_300487_length_229_cov_76.907692	94	176	50	10	82	0.1219512
NODE_300487_length_229_cov_76.907692	94	176	52	6	82	0.0731707
NODE_300487_length_229_cov_76.907692	94	176	54	6	82	0.0731707
NODE_300487_length_229_cov_76.907692	94	176	56	7	82	0.0853659
NODE_300487_length_229_cov_76.907692	94	176	58	4	82	0.0487805
NODE_300487_length_229_cov_76.907692	94	176	62	11	82	0.1341463
NODE_300523_length_228_cov_127.131783	0	76	0	76	76	1.0000000
NODE_300523_length_228_cov_127.131783	5	76	0	71	71	1.0000000
NODE_300523_length_228_cov_127.131783	10	76	0	66	66	1.0000000
NODE_300523_length_228_cov_127.131783	49	129	0	80	80	1.0000000
NODE_300523_length_228_cov_127.131783	49	129	0	80	80	1.0000000
NODE_300523_length_228_cov_127.131783	49	129	0	80	80	1.0000000
NODE_300523_length_228_cov_127.131783	125	205	0	80	80	1.0000000
NODE_300523_length_228_cov_127.131783	125	205	0	80	80	1.0000000
NODE_300523_length_228_cov_127.131783	125	205	0	80	80	1.0000000
NODE_300523_length_228_cov_127.131783	178	228	0	50	50	1.0000000
NODE_300523_length_228_cov_127.131783	178	228	0	50	50	1.0000000
NODE_300523_length_228_cov_127.131783	178	228	0	50	50	1.0000000
NODE_300524_length_228_cov_94.255814	34	99	22	3	65	0.0461538
NODE_300524_length_228_cov_94.255814	34	99	23	11	65	0.1692308
NODE_300524_length_228_cov_94.255814	34	99	24	21	65	0.3230769
NODE_300524_length_228_cov_94.255814	34	99	36	30	65	0.4615385
NODE_300524_length_228_cov_94.255814	34	114	22	3	80	0.0375000
NODE_300524_length_228_cov_94.255814	34	114	23	11	80	0.1375000
NODE_300524_length_228_cov_94.255814	34	114	24	21	80	0.2625000
NODE_300524_length_228_cov_94.255814	34	114	36	35	80	0.4375000
NODE_300524_length_228_cov_94.255814	34	114	38	10	80	0.1250000
NODE_300524_length_228_cov_94.255814	41	111	23	7	70	0.1000000
NODE_300524_length_228_cov_94.255814	41	111	24	21	70	0.3000000
NODE_300524_length_228_cov_94.255814	41	111	36	35	70	0.5000000
NODE_300524_length_228_cov_94.255814	41	111	38	7	70	0.1000000
NODE_300524_length_228_cov_94.255814	43	114	23	5	71	0.0704225
NODE_300524_length_228_cov_94.255814	43	114	24	21	71	0.2957746
NODE_300524_length_228_cov_94.255814	43	114	36	35	71	0.4929577
NODE_300524_length_228_cov_94.255814	43	114	38	10	71	0.1408451
NODE_300524_length_228_cov_94.255814	87	167	26	11	80	0.1375000
NODE_300524_length_228_cov_94.255814	87	167	36	17	80	0.2125000
NODE_300524_length_228_cov_94.255814	87	167	38	52	80	0.6500000
NODE_300524_length_228_cov_94.255814	87	167	26	11	80	0.1375000
NODE_300524_length_228_cov_94.255814	87	167	36	17	80	0.2125000
NODE_300524_length_228_cov_94.255814	87	167	38	52	80	0.6500000
NODE_300524_length_228_cov_94.255814	87	167	26	11	80	0.1375000
NODE_300524_length_228_cov_94.255814	87	167	36	17	80	0.2125000
NODE_300524_length_228_cov_94.255814	87	167	38	52	80	0.6500000
NODE_300524_length_228_cov_94.255814	87	167	26	11	80	0.1375000
NODE_300524_length_228_cov_94.255814	87	167	36	17	80	0.2125000
NODE_300524_length_228_cov_94.255814	87	167	38	52	80	0.6500000
NODE_300547_length_228_cov_0.395349	27	107	0	80	80	1.0000000
NODE_300547_length_228_cov_0.395349	70	150	0	80	80	1.0000000
NODE_300556_length_227_cov_37.429688	40	111	2	8	71	0.1126761
NODE_300556_length_227_cov_37.429688	40	111	4	18	71	0.2535211
NODE_300556_length_227_cov_37.429688	40	111	6	44	71	0.6197183
NODE_300556_length_227_cov_37.429688	40	111	17	1	71	0.0140845
NODE_300556_length_227_cov_37.429688	49	112	4	17	63	0.2698413
NODE_300556_length_227_cov_37.429688	49	112	6	44	63	0.6984127
NODE_300556_length_227_cov_37.429688	49	112	17	1	63	0.0158730
NODE_300556_length_227_cov_37.429688	49	112	18	1	63	0.0158730
NODE_300556_length_227_cov_37.429688	93	172	6	17	79	0.2151899
NODE_300556_length_227_cov_37.429688	93	172	14	7	79	0.0886076
NODE_300556_length_227_cov_37.429688	93	172	16	5	79	0.0632911
NODE_300556_length_227_cov_37.429688	93	172	17	1	79	0.0126582
NODE_300556_length_227_cov_37.429688	93	172	18	5	79	0.0632911
NODE_300556_length_227_cov_37.429688	93	172	20	44	79	0.5569620
NODE_300556_length_227_cov_37.429688	168	227	11	1	59	0.0169492
NODE_300556_length_227_cov_37.429688	168	227	12	18	59	0.3050847
NODE_300556_length_227_cov_37.429688	168	227	14	40	59	0.6779661
NODE_300556_length_227_cov_37.429688	168	227	11	1	59	0.0169492
NODE_300556_length_227_cov_37.429688	168	227	12	18	59	0.3050847
NODE_300556_length_227_cov_37.429688	168	227	14	40	59	0.6779661
NODE_300595_length_226_cov_547.629921	82	162	831	1	80	0.0125000
NODE_300595_length_226_cov_547.629921	82	162	858	1	80	0.0125000
NODE_300595_length_226_cov_547.629921	82	162	867	1	80	0.0125000
NODE_300595_length_226_cov_547.629921	82	162	871	1	80	0.0125000
NODE_300595_length_226_cov_547.629921	82	162	882	1	80	0.0125000
NODE_300595_length_226_cov_547.629921	82	162	884	1	80	0.0125000
NODE_300595_length_226_cov_547.629921	82	162	887	1	80	0.0125000
NODE_300595_length_226_cov_547.629921	82	162	889	1	80	0.0125000
NODE_300595_length_226_cov_547.629921	82	162	891	1	80	0.0125000
NODE_300595_length_226_cov_547.629921	82	162	898	1	80	0.0125000
NODE_300595_length_226_cov_547.629921	82	162	902	1	80	0.0125000
NODE_300595_length_226_cov_547.629921	82	162	907	1	80	0.0125000
NODE_300595_length_226_cov_547.629921	82	162	912	1	80	0.0125000
NODE_300595_length_226_cov_547.629921	82	162	915	1	80	0.0125000
NODE_300595_length_226_cov_547.629921	82	162	923	1	80	0.0125000
NODE_300595_length_226_cov_547.629921	82	162	927	1	80	0.0125000
NODE_300595_length_226_cov_547.629921	82	162	933	1	80	0.0125000
NODE_300595_length_226_cov_547.629921	82	162	935	1	80	0.0125000
NODE_300595_length_226_cov_547.629921	82	162	939	2	80	0.0250000
NODE_300595_length_226_cov_547.629921	82	162	942	2	80	0.0250000
NODE_300595_length_226_cov_547.629921	82	162	943	1	80	0.0125000
NODE_300595_length_226_cov_547.629921	82	162	945	1	80	0.0125000
NODE_300595_length_226_cov_547.629921	82	162	950	1	80	0.0125000
NODE_300595_length_226_cov_547.629921	82	162	960	1	80	0.0125000
NODE_300595_length_226_cov_547.629921	82	162	961	1	80	0.0125000
NODE_300595_length_226_cov_547.629921	82	162	985	2	80	0.0250000
NODE_300595_length_226_cov_547.629921	82	162	988	2	80	0.0250000
NODE_300595_length_226_cov_547.629921	82	162	1001	1	80	0.0125000
NODE_300595_length_226_cov_547.629921	82	162	1005	1	80	0.0125000
NODE_300595_length_226_cov_547.629921	82	162	1008	1	80	0.0125000
NODE_300595_length_226_cov_547.629921	82	162	1016	1	80	0.0125000
NODE_300595_length_226_cov_547.629921	82	162	1018	1	80	0.0125000
NODE_300595_length_226_cov_547.629921	82	162	1030	1	80	0.0125000
NODE_300595_length_226_cov_547.629921	82	162	1033	4	80	0.0500000
NODE_300595_length_226_cov_547.629921	82	162	1038	1	80	0.0125000
NODE_300595_length_226_cov_547.629921	82	162	1044	1	80	0.0125000
NODE_300595_length_226_cov_547.629921	82	162	1045	2	80	0.0250000
NODE_300595_length_226_cov_547.629921	82	162	1048	1	80	0.0125000
NODE_300595_length_226_cov_547.629921	82	162	1056	1	80	0.0125000
NODE_300595_length_226_cov_547.629921	82	162	1058	1	80	0.0125000
NODE_300595_length_226_cov_547.629921	82	162	1060	1	80	0.0125000
NODE_300595_length_226_cov_547.629921	82	162	1062	1	80	0.0125000
NODE_300595_length_226_cov_547.629921	82	162	1063	1	80	0.0125000
NODE_300595_length_226_cov_547.629921	82	162	1078	1	80	0.0125000
NODE_300595_length_226_cov_547.629921	82	162	1079	1	80	0.0125000
NODE_300595_length_226_cov_547.629921	82	162	1085	1	80	0.0125000
NODE_300595_length_226_cov_547.629921	82	162	1087	2	80	0.0250000
NODE_300595_length_226_cov_547.629921	82	162	1089	2	80	0.0250000
NODE_300595_length_226_cov_547.629921	82	162	1098	1	80	0.0125000
NODE_300595_length_226_cov_547.629921	82	162	1099	1	80	0.0125000
NODE_300595_length_226_cov_547.629921	82	162	1103	1	80	0.0125000
NODE_300595_length_226_cov_547.629921	82	162	1109	1	80	0.0125000
NODE_300595_length_226_cov_547.629921	82	162	1111	1	80	0.0125000
NODE_300595_length_226_cov_547.629921	82	162	1114	1	80	0.0125000
NODE_300595_length_226_cov_547.629921	82	162	1115	1	80	0.0125000
NODE_300595_length_226_cov_547.629921	82	162	1116	2	80	0.0250000
NODE_300595_length_226_cov_547.629921	82	162	1118	1	80	0.0125000
NODE_300595_length_226_cov_547.629921	82	162	1121	3	80	0.0375000
NODE_300595_length_226_cov_547.629921	82	162	1124	1	80	0.0125000
NODE_300595_length_226_cov_547.629921	82	162	1125	1	80	0.0125000
NODE_300595_length_226_cov_547.629921	82	162	1127	1	80	0.0125000
NODE_300595_length_226_cov_547.629921	82	162	1129	1	80	0.0125000
NODE_300595_length_226_cov_547.629921	82	162	1131	2	80	0.0250000
NODE_300595_length_226_cov_547.629921	82	162	1133	1	80	0.0125000
NODE_300595_length_226_cov_547.629921	82	162	1135	2	80	0.0250000
NODE_300617_length_225_cov_41.269841	81	165	16	4	84	0.0476190
NODE_300617_length_225_cov_41.269841	81	165	18	10	84	0.1190476
NODE_300617_length_225_cov_41.269841	81	165	20	2	84	0.0238095
NODE_300617_length_225_cov_41.269841	81	165	24	2	84	0.0238095
NODE_300617_length_225_cov_41.269841	81	165	25	1	84	0.0119048
NODE_300617_length_225_cov_41.269841	81	165	27	3	84	0.0357143
NODE_300617_length_225_cov_41.269841	81	165	29	1	84	0.0119048
NODE_300617_length_225_cov_41.269841	81	165	31	2	84	0.0238095
NODE_300617_length_225_cov_41.269841	81	165	35	1	84	0.0119048
NODE_300617_length_225_cov_41.269841	81	165	39	1	84	0.0119048
NODE_300617_length_225_cov_41.269841	81	165	41	1	84	0.0119048
NODE_300617_length_225_cov_41.269841	81	165	43	1	84	0.0119048
NODE_300617_length_225_cov_41.269841	81	165	46	3	84	0.0357143
NODE_300617_length_225_cov_41.269841	81	165	52	4	84	0.0476190
NODE_300617_length_225_cov_41.269841	81	165	54	6	84	0.0714286
NODE_300617_length_225_cov_41.269841	81	165	56	21	84	0.2500000
NODE_300617_length_225_cov_41.269841	81	165	58	5	84	0.0595238
NODE_300617_length_225_cov_41.269841	81	165	60	16	84	0.1904762
NODE_300617_length_225_cov_41.269841	134	218	2	8	84	0.0952381
NODE_300617_length_225_cov_41.269841	134	218	5	13	84	0.1547619
NODE_300617_length_225_cov_41.269841	134	218	7	4	84	0.0476190
NODE_300617_length_225_cov_41.269841	134	218	8	4	84	0.0476190
NODE_300617_length_225_cov_41.269841	134	218	10	6	84	0.0714286
NODE_300617_length_225_cov_41.269841	134	218	12	15	84	0.1785714
NODE_300617_length_225_cov_41.269841	134	218	14	1	84	0.0119048
NODE_300617_length_225_cov_41.269841	134	218	16	6	84	0.0714286
NODE_300617_length_225_cov_41.269841	134	218	18	10	84	0.1190476
NODE_300617_length_225_cov_41.269841	134	218	20	2	84	0.0238095
NODE_300617_length_225_cov_41.269841	134	218	24	2	84	0.0238095
NODE_300617_length_225_cov_41.269841	134	218	25	1	84	0.0119048
NODE_300617_length_225_cov_41.269841	134	218	27	3	84	0.0357143
NODE_300617_length_225_cov_41.269841	134	218	29	1	84	0.0119048
NODE_300617_length_225_cov_41.269841	134	218	31	2	84	0.0238095
NODE_300617_length_225_cov_41.269841	134	218	35	1	84	0.0119048
NODE_300617_length_225_cov_41.269841	134	218	39	1	84	0.0119048
NODE_300617_length_225_cov_41.269841	134	218	41	1	84	0.0119048
NODE_300617_length_225_cov_41.269841	134	218	43	1	84	0.0119048
NODE_300617_length_225_cov_41.269841	134	218	46	2	84	0.0238095
NODE_300661_length_224_cov_209.528000	12	84	8	7	72	0.0972222
NODE_300661_length_224_cov_209.528000	12	84	10	4	72	0.0555556
NODE_300661_length_224_cov_209.528000	12	84	18	5	72	0.0694444
NODE_300661_length_224_cov_209.528000	12	84	19	6	72	0.0833333
NODE_300661_length_224_cov_209.528000	12	84	21	9	72	0.1250000
NODE_300661_length_224_cov_209.528000	12	84	22	12	72	0.1666667
NODE_300661_length_224_cov_209.528000	12	84	24	6	72	0.0833333
NODE_300661_length_224_cov_209.528000	12	84	26	4	72	0.0555556
NODE_300661_length_224_cov_209.528000	12	84	30	2	72	0.0277778
NODE_300661_length_224_cov_209.528000	12	84	34	12	72	0.1666667
NODE_300661_length_224_cov_209.528000	12	84	36	5	72	0.0694444
NODE_300663_length_224_cov_146.568000	13	72	12	8	59	0.1355932
NODE_300663_length_224_cov_146.568000	13	72	18	5	59	0.0847458
NODE_300663_length_224_cov_146.568000	13	72	20	1	59	0.0169492
NODE_300663_length_224_cov_146.568000	13	72	22	2	59	0.0338983
NODE_300663_length_224_cov_146.568000	13	72	24	2	59	0.0338983
NODE_300663_length_224_cov_146.568000	13	72	26	2	59	0.0338983
NODE_300663_length_224_cov_146.568000	13	72	28	2	59	0.0338983
NODE_300663_length_224_cov_146.568000	13	72	30	3	59	0.0508475
NODE_300663_length_224_cov_146.568000	13	72	38	1	59	0.0169492
NODE_300663_length_224_cov_146.568000	13	72	42	4	59	0.0677966
NODE_300663_length_224_cov_146.568000	13	72	44	1	59	0.0169492
NODE_300663_length_224_cov_146.568000	13	72	46	4	59	0.0677966
NODE_300663_length_224_cov_146.568000	13	72	47	3	59	0.0508475
NODE_300663_length_224_cov_146.568000	13	72	48	1	59	0.0169492
NODE_300663_length_224_cov_146.568000	13	72	49	3	59	0.0508475
NODE_300663_length_224_cov_146.568000	13	72	50	5	59	0.0847458
NODE_300663_length_224_cov_146.568000	13	72	54	4	59	0.0677966
NODE_300663_length_224_cov_146.568000	13	72	55	2	59	0.0338983
NODE_300663_length_224_cov_146.568000	13	72	63	1	59	0.0169492
NODE_300663_length_224_cov_146.568000	13	72	65	1	59	0.0169492
NODE_300663_length_224_cov_146.568000	13	72	67	1	59	0.0169492
NODE_300663_length_224_cov_146.568000	13	72	69	3	59	0.0508475
NODE_300663_length_224_cov_146.568000	46	72	46	2	26	0.0769231
NODE_300663_length_224_cov_146.568000	46	72	47	3	26	0.1153846
NODE_300663_length_224_cov_146.568000	46	72	48	1	26	0.0384615
NODE_300663_length_224_cov_146.568000	46	72	49	3	26	0.1153846
NODE_300663_length_224_cov_146.568000	46	72	50	5	26	0.1923077
NODE_300663_length_224_cov_146.568000	46	72	54	4	26	0.1538462
NODE_300663_length_224_cov_146.568000	46	72	55	2	26	0.0769231
NODE_300663_length_224_cov_146.568000	46	72	63	1	26	0.0384615
NODE_300663_length_224_cov_146.568000	46	72	65	1	26	0.0384615
NODE_300663_length_224_cov_146.568000	46	72	67	1	26	0.0384615
NODE_300663_length_224_cov_146.568000	46	72	69	3	26	0.1153846
NODE_300663_length_224_cov_146.568000	68	120	67	1	52	0.0192308
NODE_300663_length_224_cov_146.568000	68	120	69	3	52	0.0576923
NODE_300663_length_224_cov_146.568000	68	120	71	2	52	0.0384615
NODE_300663_length_224_cov_146.568000	68	120	74	2	52	0.0384615
NODE_300663_length_224_cov_146.568000	68	120	76	1	52	0.0192308
NODE_300663_length_224_cov_146.568000	68	120	80	1	52	0.0192308
NODE_300663_length_224_cov_146.568000	68	120	84	1	52	0.0192308
NODE_300663_length_224_cov_146.568000	68	120	86	2	52	0.0384615
NODE_300663_length_224_cov_146.568000	68	120	88	2	52	0.0384615
NODE_300663_length_224_cov_146.568000	68	120	90	1	52	0.0192308
NODE_300663_length_224_cov_146.568000	68	120	94	2	52	0.0384615
NODE_300663_length_224_cov_146.568000	68	120	98	4	52	0.0769231
NODE_300663_length_224_cov_146.568000	68	120	100	5	52	0.0961538
NODE_300663_length_224_cov_146.568000	68	120	102	3	52	0.0576923
NODE_300663_length_224_cov_146.568000	68	120	106	1	52	0.0192308
NODE_300663_length_224_cov_146.568000	68	120	108	3	52	0.0576923
NODE_300663_length_224_cov_146.568000	68	120	110	1	52	0.0192308
NODE_300663_length_224_cov_146.568000	68	120	112	1	52	0.0192308
NODE_300663_length_224_cov_146.568000	68	120	114	2	52	0.0384615
NODE_300663_length_224_cov_146.568000	68	120	117	3	52	0.0576923
NODE_300663_length_224_cov_146.568000	68	120	125	3	52	0.0576923
NODE_300663_length_224_cov_146.568000	68	120	127	4	52	0.0769231
NODE_300663_length_224_cov_146.568000	68	120	130	2	52	0.0384615
NODE_300663_length_224_cov_146.568000	68	120	131	1	52	0.0192308
NODE_300663_length_224_cov_146.568000	68	120	133	1	52	0.0192308
NODE_300665_length_224_cov_59.088000	98	178	8	10	80	0.1250000
NODE_300665_length_224_cov_59.088000	98	178	18	2	80	0.0250000
NODE_300665_length_224_cov_59.088000	98	178	20	68	80	0.8500000
NODE_300665_length_224_cov_59.088000	98	178	8	10	80	0.1250000
NODE_300665_length_224_cov_59.088000	98	178	18	2	80	0.0250000
NODE_300665_length_224_cov_59.088000	98	178	20	68	80	0.8500000
NODE_300665_length_224_cov_59.088000	98	178	8	10	80	0.1250000
NODE_300665_length_224_cov_59.088000	98	178	18	2	80	0.0250000
NODE_300665_length_224_cov_59.088000	98	178	20	68	80	0.8500000
NODE_300665_length_224_cov_59.088000	151	217	0	24	66	0.3636364
NODE_300665_length_224_cov_59.088000	151	217	7	2	66	0.0303030
NODE_300665_length_224_cov_59.088000	151	217	8	23	66	0.3484848
NODE_300665_length_224_cov_59.088000	151	217	18	2	66	0.0303030
NODE_300665_length_224_cov_59.088000	151	217	20	15	66	0.2272727
NODE_300665_length_224_cov_59.088000	151	224	0	31	73	0.4246575
NODE_300665_length_224_cov_59.088000	151	224	7	2	73	0.0273973
NODE_300665_length_224_cov_59.088000	151	224	8	23	73	0.3150685
NODE_300665_length_224_cov_59.088000	151	224	18	2	73	0.0273973
NODE_300665_length_224_cov_59.088000	151	224	20	15	73	0.2054795
NODE_300667_length_224_cov_43.640000	98	157	5	4	59	0.0677966
NODE_300667_length_224_cov_43.640000	98	157	6	55	59	0.9322034
NODE_300667_length_224_cov_43.640000	98	157	5	4	59	0.0677966
NODE_300667_length_224_cov_43.640000	98	157	6	55	59	0.9322034
NODE_300667_length_224_cov_43.640000	106	157	6	51	51	1.0000000
NODE_300669_length_224_cov_36.224000	100	171	28	71	71	1.0000000
NODE_300669_length_224_cov_36.224000	151	224	10	4	73	0.0547945
NODE_300669_length_224_cov_36.224000	151	224	14	6	73	0.0821918
NODE_300669_length_224_cov_36.224000	151	224	21	5	73	0.0684932
NODE_300669_length_224_cov_36.224000	151	224	23	3	73	0.0410959
NODE_300669_length_224_cov_36.224000	151	224	24	5	73	0.0684932
NODE_300669_length_224_cov_36.224000	151	224	25	17	73	0.2328767
NODE_300669_length_224_cov_36.224000	151	224	27	12	73	0.1643836
NODE_300669_length_224_cov_36.224000	151	224	28	21	73	0.2876712
NODE_300696_length_223_cov_35.814516	0	54	2	54	54	1.0000000
NODE_300696_length_223_cov_35.814516	30	107	2	26	77	0.3376623
NODE_300696_length_223_cov_35.814516	30	107	4	51	77	0.6623377
NODE_300768_length_221_cov_71.319672	14	94	12	1	80	0.0125000
NODE_300768_length_221_cov_71.319672	14	94	18	1	80	0.0125000
NODE_300768_length_221_cov_71.319672	14	94	20	4	80	0.0500000
NODE_300768_length_221_cov_71.319672	14	94	32	4	80	0.0500000
NODE_300768_length_221_cov_71.319672	14	94	34	1	80	0.0125000
NODE_300768_length_221_cov_71.319672	14	94	36	1	80	0.0125000
NODE_300768_length_221_cov_71.319672	14	94	38	6	80	0.0750000
NODE_300768_length_221_cov_71.319672	14	94	44	2	80	0.0250000
NODE_300768_length_221_cov_71.319672	14	94	46	1	80	0.0125000
NODE_300768_length_221_cov_71.319672	14	94	52	4	80	0.0500000
NODE_300768_length_221_cov_71.319672	14	94	56	1	80	0.0125000
NODE_300768_length_221_cov_71.319672	14	94	59	1	80	0.0125000
NODE_300768_length_221_cov_71.319672	14	94	61	1	80	0.0125000
NODE_300768_length_221_cov_71.319672	14	94	77	9	80	0.1125000
NODE_300768_length_221_cov_71.319672	14	94	78	1	80	0.0125000
NODE_300768_length_221_cov_71.319672	14	94	88	3	80	0.0375000
NODE_300768_length_221_cov_71.319672	14	94	90	7	80	0.0875000
NODE_300768_length_221_cov_71.319672	14	94	94	3	80	0.0375000
NODE_300768_length_221_cov_71.319672	14	94	95	2	80	0.0250000
NODE_300768_length_221_cov_71.319672	14	94	96	27	80	0.3375000
NODE_300800_length_220_cov_42.206612	3	74	14	6	71	0.0845070
NODE_300800_length_220_cov_42.206612	3	74	16	3	71	0.0422535
NODE_300800_length_220_cov_42.206612	3	74	20	14	71	0.1971831
NODE_300800_length_220_cov_42.206612	3	74	23	1	71	0.0140845
NODE_300800_length_220_cov_42.206612	3	74	25	1	71	0.0140845
NODE_300800_length_220_cov_42.206612	3	74	29	3	71	0.0422535
NODE_300800_length_220_cov_42.206612	3	74	30	1	71	0.0140845
NODE_300800_length_220_cov_42.206612	3	74	31	1	71	0.0140845
NODE_300800_length_220_cov_42.206612	3	74	33	7	71	0.0985916
NODE_300800_length_220_cov_42.206612	3	74	34	3	71	0.0422535
NODE_300800_length_220_cov_42.206612	3	74	35	4	71	0.0563380
NODE_300800_length_220_cov_42.206612	3	74	49	1	71	0.0140845
NODE_300800_length_220_cov_42.206612	3	74	50	3	71	0.0422535
NODE_300800_length_220_cov_42.206612	3	74	52	1	71	0.0140845
NODE_300800_length_220_cov_42.206612	3	74	54	1	71	0.0140845
NODE_300800_length_220_cov_42.206612	3	74	56	1	71	0.0140845
NODE_300800_length_220_cov_42.206612	3	74	57	4	71	0.0563380
NODE_300800_length_220_cov_42.206612	3	74	61	1	71	0.0140845
NODE_300800_length_220_cov_42.206612	3	74	65	15	71	0.2112676
NODE_300800_length_220_cov_42.206612	8	74	14	1	66	0.0151515
NODE_300800_length_220_cov_42.206612	8	74	16	3	66	0.0454545
NODE_300800_length_220_cov_42.206612	8	74	20	14	66	0.2121212
NODE_300800_length_220_cov_42.206612	8	74	23	1	66	0.0151515
NODE_300800_length_220_cov_42.206612	8	74	25	1	66	0.0151515
NODE_300800_length_220_cov_42.206612	8	74	29	3	66	0.0454545
NODE_300800_length_220_cov_42.206612	8	74	30	1	66	0.0151515
NODE_300800_length_220_cov_42.206612	8	74	31	1	66	0.0151515
NODE_300800_length_220_cov_42.206612	8	74	33	7	66	0.1060606
NODE_300800_length_220_cov_42.206612	8	74	34	3	66	0.0454545
NODE_300800_length_220_cov_42.206612	8	74	35	4	66	0.0606061
NODE_300800_length_220_cov_42.206612	8	74	49	1	66	0.0151515
NODE_300800_length_220_cov_42.206612	8	74	50	3	66	0.0454545
NODE_300800_length_220_cov_42.206612	8	74	52	1	66	0.0151515
NODE_300800_length_220_cov_42.206612	8	74	54	1	66	0.0151515
NODE_300800_length_220_cov_42.206612	8	74	56	1	66	0.0151515
NODE_300800_length_220_cov_42.206612	8	74	57	4	66	0.0606061
NODE_300800_length_220_cov_42.206612	8	74	61	1	66	0.0151515
NODE_300800_length_220_cov_42.206612	8	74	65	15	66	0.2272727
NODE_300800_length_220_cov_42.206612	47	98	49	1	51	0.0196078
NODE_300800_length_220_cov_42.206612	47	98	50	3	51	0.0588235
NODE_300800_length_220_cov_42.206612	47	98	52	1	51	0.0196078
NODE_300800_length_220_cov_42.206612	47	98	54	1	51	0.0196078
NODE_300800_length_220_cov_42.206612	47	98	56	1	51	0.0196078
NODE_300800_length_220_cov_42.206612	47	98	57	4	51	0.0784314
NODE_300800_length_220_cov_42.206612	47	98	61	1	51	0.0196078
NODE_300800_length_220_cov_42.206612	47	98	65	22	51	0.4313726
NODE_300800_length_220_cov_42.206612	47	98	67	17	51	0.3333333
NODE_300800_length_220_cov_42.206612	47	98	49	1	51	0.0196078
NODE_300800_length_220_cov_42.206612	47	98	50	3	51	0.0588235
NODE_300800_length_220_cov_42.206612	47	98	52	1	51	0.0196078
NODE_300800_length_220_cov_42.206612	47	98	54	1	51	0.0196078
NODE_300800_length_220_cov_42.206612	47	98	56	1	51	0.0196078
NODE_300800_length_220_cov_42.206612	47	98	57	4	51	0.0784314
NODE_300800_length_220_cov_42.206612	47	98	61	1	51	0.0196078
NODE_300800_length_220_cov_42.206612	47	98	65	22	51	0.4313726
NODE_300800_length_220_cov_42.206612	47	98	67	17	51	0.3333333
NODE_300800_length_220_cov_42.206612	47	98	49	1	51	0.0196078
NODE_300800_length_220_cov_42.206612	47	98	50	3	51	0.0588235
NODE_300800_length_220_cov_42.206612	47	98	52	1	51	0.0196078
NODE_300800_length_220_cov_42.206612	47	98	54	1	51	0.0196078
NODE_300800_length_220_cov_42.206612	47	98	56	1	51	0.0196078
NODE_300800_length_220_cov_42.206612	47	98	57	4	51	0.0784314
NODE_300800_length_220_cov_42.206612	47	98	61	1	51	0.0196078
NODE_300800_length_220_cov_42.206612	47	98	65	22	51	0.4313726
NODE_300800_length_220_cov_42.206612	47	98	67	17	51	0.3333333
NODE_300874_length_218_cov_244.773109	128	203	36	1	75	0.0133333
NODE_300874_length_218_cov_244.773109	128	203	38	10	75	0.1333333
NODE_300874_length_218_cov_244.773109	128	203	41	1	75	0.0133333
NODE_300874_length_218_cov_244.773109	128	203	43	4	75	0.0533333
NODE_300874_length_218_cov_244.773109	128	203	47	1	75	0.0133333
NODE_300874_length_218_cov_244.773109	128	203	49	3	75	0.0400000
NODE_300874_length_218_cov_244.773109	128	203	51	4	75	0.0533333
NODE_300874_length_218_cov_244.773109	128	203	52	1	75	0.0133333
NODE_300874_length_218_cov_244.773109	128	203	53	1	75	0.0133333
NODE_300874_length_218_cov_244.773109	128	203	55	5	75	0.0666667
NODE_300874_length_218_cov_244.773109	128	203	57	3	75	0.0400000
NODE_300874_length_218_cov_244.773109	128	203	58	4	75	0.0533333
NODE_300874_length_218_cov_244.773109	128	203	60	1	75	0.0133333
NODE_300874_length_218_cov_244.773109	128	203	61	4	75	0.0533333
NODE_300874_length_218_cov_244.773109	128	203	66	1	75	0.0133333
NODE_300874_length_218_cov_244.773109	128	203	70	1	75	0.0133333
NODE_300874_length_218_cov_244.773109	128	203	74	3	75	0.0400000
NODE_300874_length_218_cov_244.773109	128	203	82	2	75	0.0266667
NODE_300874_length_218_cov_244.773109	128	203	89	6	75	0.0800000
NODE_300874_length_218_cov_244.773109	128	203	91	3	75	0.0400000
NODE_300874_length_218_cov_244.773109	128	203	93	3	75	0.0400000
NODE_300874_length_218_cov_244.773109	128	203	95	1	75	0.0133333
NODE_300874_length_218_cov_244.773109	128	203	97	1	75	0.0133333
NODE_300874_length_218_cov_244.773109	128	203	101	8	75	0.1066667
NODE_300874_length_218_cov_244.773109	128	203	103	2	75	0.0266667
NODE_300874_length_218_cov_244.773109	128	203	105	1	75	0.0133333
NODE_300874_length_218_cov_244.773109	176	218	6	1	42	0.0238095
NODE_300874_length_218_cov_244.773109	176	218	14	1	42	0.0238095
NODE_300874_length_218_cov_244.773109	176	218	18	1	42	0.0238095
NODE_300874_length_218_cov_244.773109	176	218	21	2	42	0.0476190
NODE_300874_length_218_cov_244.773109	176	218	24	2	42	0.0476190
NODE_300874_length_218_cov_244.773109	176	218	27	6	42	0.1428571
NODE_300874_length_218_cov_244.773109	176	218	32	1	42	0.0238095
NODE_300874_length_218_cov_244.773109	176	218	34	1	42	0.0238095
NODE_300874_length_218_cov_244.773109	176	218	36	1	42	0.0238095
NODE_300874_length_218_cov_244.773109	176	218	38	10	42	0.2380952
NODE_300874_length_218_cov_244.773109	176	218	41	1	42	0.0238095
NODE_300874_length_218_cov_244.773109	176	218	43	4	42	0.0952381
NODE_300874_length_218_cov_244.773109	176	218	47	1	42	0.0238095
NODE_300874_length_218_cov_244.773109	176	218	49	3	42	0.0714286
NODE_300874_length_218_cov_244.773109	176	218	51	4	42	0.0952381
NODE_300874_length_218_cov_244.773109	176	218	52	1	42	0.0238095
NODE_300874_length_218_cov_244.773109	176	218	53	1	42	0.0238095
NODE_300874_length_218_cov_244.773109	176	218	55	1	42	0.0238095
NODE_300915_length_217_cov_2.144068	14	49	0	35	35	1.0000000
NODE_300915_length_217_cov_2.144068	132	167	0	35	35	1.0000000
NODE_300924_length_216_cov_215.410256	0	63	2	10	63	0.1587302
NODE_300924_length_216_cov_215.410256	0	63	4	11	63	0.1746032
NODE_300924_length_216_cov_215.410256	0	63	6	6	63	0.0952381
NODE_300924_length_216_cov_215.410256	0	63	10	9	63	0.1428571
NODE_300924_length_216_cov_215.410256	0	63	12	10	63	0.1587302
NODE_300924_length_216_cov_215.410256	0	63	16	15	63	0.2380952
NODE_300924_length_216_cov_215.410256	0	63	18	2	63	0.0317460
NODE_300924_length_216_cov_215.410256	36	102	12	10	66	0.1515152
NODE_300924_length_216_cov_215.410256	36	102	16	15	66	0.2272727
NODE_300924_length_216_cov_215.410256	36	102	18	41	66	0.6212121
NODE_300925_length_216_cov_51.940171	164	216	0	52	52	1.0000000
NODE_300953_length_215_cov_14.784483	0	50	0	50	50	1.0000000
NODE_300953_length_215_cov_14.784483	23	103	0	80	80	1.0000000
NODE_300984_length_214_cov_144.165217	0	62	0	2	62	0.0322581
NODE_300984_length_214_cov_144.165217	0	62	3	8	62	0.1290323
NODE_300984_length_214_cov_144.165217	0	62	6	26	62	0.4193548
NODE_300984_length_214_cov_144.165217	0	62	10	9	62	0.1451613
NODE_300984_length_214_cov_144.165217	0	62	19	9	62	0.1451613
NODE_300984_length_214_cov_144.165217	0	62	21	1	62	0.0161290
NODE_300984_length_214_cov_144.165217	0	62	23	7	62	0.1129032
NODE_300984_length_214_cov_144.165217	0	62	0	2	62	0.0322581
NODE_300984_length_214_cov_144.165217	0	62	3	8	62	0.1290323
NODE_300984_length_214_cov_144.165217	0	62	6	26	62	0.4193548
NODE_300984_length_214_cov_144.165217	0	62	10	9	62	0.1451613
NODE_300984_length_214_cov_144.165217	0	62	19	9	62	0.1451613
NODE_300984_length_214_cov_144.165217	0	62	21	1	62	0.0161290
NODE_300984_length_214_cov_144.165217	0	62	23	7	62	0.1129032
NODE_300984_length_214_cov_144.165217	35	115	6	1	80	0.0125000
NODE_300984_length_214_cov_144.165217	35	115	10	9	80	0.1125000
NODE_300984_length_214_cov_144.165217	35	115	19	9	80	0.1125000
NODE_300984_length_214_cov_144.165217	35	115	21	1	80	0.0125000
NODE_300984_length_214_cov_144.165217	35	115	23	15	80	0.1875000
NODE_300984_length_214_cov_144.165217	35	115	25	25	80	0.3125000
NODE_300984_length_214_cov_144.165217	35	115	27	3	80	0.0375000
NODE_300984_length_214_cov_144.165217	35	115	29	2	80	0.0250000
NODE_300984_length_214_cov_144.165217	35	115	30	15	80	0.1875000
NODE_300984_length_214_cov_144.165217	35	115	6	1	80	0.0125000
NODE_300984_length_214_cov_144.165217	35	115	10	9	80	0.1125000
NODE_300984_length_214_cov_144.165217	35	115	19	9	80	0.1125000
NODE_300984_length_214_cov_144.165217	35	115	21	1	80	0.0125000
NODE_300984_length_214_cov_144.165217	35	115	23	15	80	0.1875000
NODE_300984_length_214_cov_144.165217	35	115	25	25	80	0.3125000
NODE_300984_length_214_cov_144.165217	35	115	27	3	80	0.0375000
NODE_300984_length_214_cov_144.165217	35	115	29	2	80	0.0250000
NODE_300984_length_214_cov_144.165217	35	115	30	15	80	0.1875000
NODE_300984_length_214_cov_144.165217	35	115	6	1	80	0.0125000
NODE_300984_length_214_cov_144.165217	35	115	10	9	80	0.1125000
NODE_300984_length_214_cov_144.165217	35	115	19	9	80	0.1125000
NODE_300984_length_214_cov_144.165217	35	115	21	1	80	0.0125000
NODE_300984_length_214_cov_144.165217	35	115	23	15	80	0.1875000
NODE_300984_length_214_cov_144.165217	35	115	25	25	80	0.3125000
NODE_300984_length_214_cov_144.165217	35	115	27	3	80	0.0375000
NODE_300984_length_214_cov_144.165217	35	115	29	2	80	0.0250000
NODE_300984_length_214_cov_144.165217	35	115	30	15	80	0.1875000
NODE_300984_length_214_cov_144.165217	111	191	0	2	80	0.0250000
NODE_300984_length_214_cov_144.165217	111	191	2	8	80	0.1000000
NODE_300984_length_214_cov_144.165217	111	191	4	2	80	0.0250000
NODE_300984_length_214_cov_144.165217	111	191	6	19	80	0.2375000
NODE_300984_length_214_cov_144.165217	111	191	8	1	80	0.0125000
NODE_300984_length_214_cov_144.165217	111	191	11	17	80	0.2125000
NODE_300984_length_214_cov_144.165217	111	191	21	2	80	0.0250000
NODE_300984_length_214_cov_144.165217	111	191	23	1	80	0.0125000
NODE_300984_length_214_cov_144.165217	111	191	24	2	80	0.0250000
NODE_300984_length_214_cov_144.165217	111	191	26	2	80	0.0250000
NODE_300984_length_214_cov_144.165217	111	191	30	24	80	0.3000000
NODE_300984_length_214_cov_144.165217	111	191	0	2	80	0.0250000
NODE_300984_length_214_cov_144.165217	111	191	2	8	80	0.1000000
NODE_300984_length_214_cov_144.165217	111	191	4	2	80	0.0250000
NODE_300984_length_214_cov_144.165217	111	191	6	19	80	0.2375000
NODE_300984_length_214_cov_144.165217	111	191	8	1	80	0.0125000
NODE_300984_length_214_cov_144.165217	111	191	11	17	80	0.2125000
NODE_300984_length_214_cov_144.165217	111	191	21	2	80	0.0250000
NODE_300984_length_214_cov_144.165217	111	191	23	1	80	0.0125000
NODE_300984_length_214_cov_144.165217	111	191	24	2	80	0.0250000
NODE_300984_length_214_cov_144.165217	111	191	26	2	80	0.0250000
NODE_300984_length_214_cov_144.165217	111	191	30	24	80	0.3000000
NODE_300984_length_214_cov_144.165217	111	191	0	2	80	0.0250000
NODE_300984_length_214_cov_144.165217	111	191	2	8	80	0.1000000
NODE_300984_length_214_cov_144.165217	111	191	4	2	80	0.0250000
NODE_300984_length_214_cov_144.165217	111	191	6	19	80	0.2375000
NODE_300984_length_214_cov_144.165217	111	191	8	1	80	0.0125000
NODE_300984_length_214_cov_144.165217	111	191	11	17	80	0.2125000
NODE_300984_length_214_cov_144.165217	111	191	21	2	80	0.0250000
NODE_300984_length_214_cov_144.165217	111	191	23	1	80	0.0125000
NODE_300984_length_214_cov_144.165217	111	191	24	2	80	0.0250000
NODE_300984_length_214_cov_144.165217	111	191	26	2	80	0.0250000
NODE_300984_length_214_cov_144.165217	111	191	30	24	80	0.3000000
NODE_300984_length_214_cov_144.165217	164	214	0	25	50	0.5000000
NODE_300984_length_214_cov_144.165217	164	214	2	8	50	0.1600000
NODE_300984_length_214_cov_144.165217	164	214	4	2	50	0.0400000
NODE_300984_length_214_cov_144.165217	164	214	6	15	50	0.3000000
NODE_300984_length_214_cov_144.165217	164	214	0	25	50	0.5000000
NODE_300984_length_214_cov_144.165217	164	214	2	8	50	0.1600000
NODE_300984_length_214_cov_144.165217	164	214	4	2	50	0.0400000
NODE_300984_length_214_cov_144.165217	164	214	6	15	50	0.3000000
NODE_300984_length_214_cov_144.165217	164	214	0	25	50	0.5000000
NODE_300984_length_214_cov_144.165217	164	214	2	8	50	0.1600000
NODE_300984_length_214_cov_144.165217	164	214	4	2	50	0.0400000
NODE_300984_length_214_cov_144.165217	164	214	6	15	50	0.3000000
NODE_301068_length_211_cov_39.571429	4	84	0	10	80	0.1250000
NODE_301068_length_211_cov_39.571429	4	84	12	2	80	0.0250000
NODE_301068_length_211_cov_39.571429	4	84	16	25	80	0.3125000
NODE_301068_length_211_cov_39.571429	4	84	18	43	80	0.5375000
NODE_301169_length_208_cov_45.238532	3	59	0	12	56	0.2142857
NODE_301169_length_208_cov_45.238532	3	59	6	9	56	0.1607143
NODE_301169_length_208_cov_45.238532	3	59	10	35	56	0.6250000
NODE_301169_length_208_cov_45.238532	35	112	10	77	77	1.0000000
NODE_301170_length_208_cov_35.229358	76	156	0	2	80	0.0250000
NODE_301170_length_208_cov_35.229358	76	156	6	1	80	0.0125000
NODE_301170_length_208_cov_35.229358	76	156	8	5	80	0.0625000
NODE_301170_length_208_cov_35.229358	76	156	10	72	80	0.9000000
NODE_301179_length_207_cov_341.324074	33	113	0	80	80	1.0000000
NODE_301179_length_207_cov_341.324074	86	166	0	80	80	1.0000000
NODE_301248_length_205_cov_64.179245	6	77	6	8	71	0.1126761
NODE_301248_length_205_cov_64.179245	6	77	7	15	71	0.2112676
NODE_301248_length_205_cov_64.179245	6	77	8	6	71	0.0845070
NODE_301248_length_205_cov_64.179245	6	77	10	2	71	0.0281690
NODE_301248_length_205_cov_64.179245	6	77	11	1	71	0.0140845
NODE_301248_length_205_cov_64.179245	6	77	15	3	71	0.0422535
NODE_301248_length_205_cov_64.179245	6	77	19	9	71	0.1267606
NODE_301248_length_205_cov_64.179245	6	77	23	1	71	0.0140845
NODE_301248_length_205_cov_64.179245	6	77	24	4	71	0.0563380
NODE_301248_length_205_cov_64.179245	6	77	28	5	71	0.0704225
NODE_301248_length_205_cov_64.179245	6	77	29	1	71	0.0140845
NODE_301248_length_205_cov_64.179245	6	77	30	2	71	0.0281690
NODE_301248_length_205_cov_64.179245	6	77	31	4	71	0.0563380
NODE_301248_length_205_cov_64.179245	6	77	33	10	71	0.1408451
NODE_301248_length_205_cov_64.179245	11	77	6	3	66	0.0454545
NODE_301248_length_205_cov_64.179245	11	77	7	15	66	0.2272727
NODE_301248_length_205_cov_64.179245	11	77	8	6	66	0.0909091
NODE_301248_length_205_cov_64.179245	11	77	10	2	66	0.0303030
NODE_301248_length_205_cov_64.179245	11	77	11	1	66	0.0151515
NODE_301248_length_205_cov_64.179245	11	77	15	3	66	0.0454545
NODE_301248_length_205_cov_64.179245	11	77	19	9	66	0.1363636
NODE_301248_length_205_cov_64.179245	11	77	23	1	66	0.0151515
NODE_301248_length_205_cov_64.179245	11	77	24	4	66	0.0606061
NODE_301248_length_205_cov_64.179245	11	77	28	5	66	0.0757576
NODE_301248_length_205_cov_64.179245	11	77	29	1	66	0.0151515
NODE_301248_length_205_cov_64.179245	11	77	30	2	66	0.0303030
NODE_301248_length_205_cov_64.179245	11	77	31	4	66	0.0606061
NODE_301248_length_205_cov_64.179245	11	77	33	10	66	0.1515152
NODE_301248_length_205_cov_64.179245	50	98	23	1	48	0.0208333
NODE_301248_length_205_cov_64.179245	50	98	24	4	48	0.0833333
NODE_301248_length_205_cov_64.179245	50	98	28	5	48	0.1041667
NODE_301248_length_205_cov_64.179245	50	98	29	1	48	0.0208333
NODE_301248_length_205_cov_64.179245	50	98	30	2	48	0.0416667
NODE_301248_length_205_cov_64.179245	50	98	31	4	48	0.0833333
NODE_301248_length_205_cov_64.179245	50	98	33	11	48	0.2291667
NODE_301248_length_205_cov_64.179245	50	98	35	7	48	0.1458333
NODE_301248_length_205_cov_64.179245	50	98	37	13	48	0.2708333
NODE_301248_length_205_cov_64.179245	50	98	23	1	48	0.0208333
NODE_301248_length_205_cov_64.179245	50	98	24	4	48	0.0833333
NODE_301248_length_205_cov_64.179245	50	98	28	5	48	0.1041667
NODE_301248_length_205_cov_64.179245	50	98	29	1	48	0.0208333
NODE_301248_length_205_cov_64.179245	50	98	30	2	48	0.0416667
NODE_301248_length_205_cov_64.179245	50	98	31	4	48	0.0833333
NODE_301248_length_205_cov_64.179245	50	98	33	11	48	0.2291667
NODE_301248_length_205_cov_64.179245	50	98	35	7	48	0.1458333
NODE_301248_length_205_cov_64.179245	50	98	37	13	48	0.2708333
NODE_301248_length_205_cov_64.179245	50	98	23	1	48	0.0208333
NODE_301248_length_205_cov_64.179245	50	98	24	4	48	0.0833333
NODE_301248_length_205_cov_64.179245	50	98	28	5	48	0.1041667
NODE_301248_length_205_cov_64.179245	50	98	29	1	48	0.0208333
NODE_301248_length_205_cov_64.179245	50	98	30	2	48	0.0416667
NODE_301248_length_205_cov_64.179245	50	98	31	4	48	0.0833333
NODE_301248_length_205_cov_64.179245	50	98	33	11	48	0.2291667
NODE_301248_length_205_cov_64.179245	50	98	35	7	48	0.1458333
NODE_301248_length_205_cov_64.179245	50	98	37	13	48	0.2708333
NODE_301281_length_204_cov_183.390476	119	199	22	4	80	0.0500000
NODE_301281_length_204_cov_183.390476	119	199	24	3	80	0.0375000
NODE_301281_length_204_cov_183.390476	119	199	28	4	80	0.0500000
NODE_301281_length_204_cov_183.390476	119	199	30	4	80	0.0500000
NODE_301281_length_204_cov_183.390476	119	199	31	2	80	0.0250000
NODE_301281_length_204_cov_183.390476	119	199	35	6	80	0.0750000
NODE_301281_length_204_cov_183.390476	119	199	41	3	80	0.0375000
NODE_301281_length_204_cov_183.390476	119	199	43	1	80	0.0125000
NODE_301281_length_204_cov_183.390476	119	199	45	1	80	0.0125000
NODE_301281_length_204_cov_183.390476	119	199	51	1	80	0.0125000
NODE_301281_length_204_cov_183.390476	119	199	55	9	80	0.1125000
NODE_301281_length_204_cov_183.390476	119	199	56	1	80	0.0125000
NODE_301281_length_204_cov_183.390476	119	199	62	5	80	0.0625000
NODE_301281_length_204_cov_183.390476	119	199	66	1	80	0.0125000
NODE_301281_length_204_cov_183.390476	119	199	70	6	80	0.0750000
NODE_301281_length_204_cov_183.390476	119	199	72	2	80	0.0250000
NODE_301281_length_204_cov_183.390476	119	199	73	9	80	0.1125000
NODE_301281_length_204_cov_183.390476	119	199	77	1	80	0.0125000
NODE_301281_length_204_cov_183.390476	119	199	79	3	80	0.0375000
NODE_301281_length_204_cov_183.390476	119	199	80	8	80	0.1000000
NODE_301281_length_204_cov_183.390476	119	199	82	1	80	0.0125000
NODE_301281_length_204_cov_183.390476	119	199	84	5	80	0.0625000
NODE_301281_length_204_cov_183.390476	172	194	24	2	22	0.0909091
NODE_301281_length_204_cov_183.390476	172	194	28	4	22	0.1818182
NODE_301281_length_204_cov_183.390476	172	194	30	4	22	0.1818182
NODE_301281_length_204_cov_183.390476	172	194	31	2	22	0.0909091
NODE_301281_length_204_cov_183.390476	172	194	35	6	22	0.2727273
NODE_301281_length_204_cov_183.390476	172	194	41	3	22	0.1363636
NODE_301281_length_204_cov_183.390476	172	194	43	1	22	0.0454545
NODE_301283_length_204_cov_80.095238	10	90	0	20	80	0.2500000
NODE_301283_length_204_cov_80.095238	10	90	2	60	80	0.7500000
NODE_301283_length_204_cov_80.095238	63	143	2	47	80	0.5875000
NODE_301283_length_204_cov_80.095238	63	143	4	33	80	0.4125000
NODE_301345_length_202_cov_123.184466	0	64	10	1	64	0.0156250
NODE_301345_length_202_cov_123.184466	0	64	19	1	64	0.0156250
NODE_301345_length_202_cov_123.184466	0	64	20	1	64	0.0156250
NODE_301345_length_202_cov_123.184466	0	64	26	1	64	0.0156250
NODE_301345_length_202_cov_123.184466	0	64	29	1	64	0.0156250
NODE_301345_length_202_cov_123.184466	0	64	34	3	64	0.0468750
NODE_301345_length_202_cov_123.184466	0	64	36	1	64	0.0156250
NODE_301345_length_202_cov_123.184466	0	64	38	1	64	0.0156250
NODE_301345_length_202_cov_123.184466	0	64	40	1	64	0.0156250
NODE_301345_length_202_cov_123.184466	0	64	44	1	64	0.0156250
NODE_301345_length_202_cov_123.184466	0	64	51	1	64	0.0156250
NODE_301345_length_202_cov_123.184466	0	64	54	1	64	0.0156250
NODE_301345_length_202_cov_123.184466	0	64	56	2	64	0.0312500
NODE_301345_length_202_cov_123.184466	0	64	59	1	64	0.0156250
NODE_301345_length_202_cov_123.184466	0	64	63	1	64	0.0156250
NODE_301345_length_202_cov_123.184466	0	64	68	1	64	0.0156250
NODE_301345_length_202_cov_123.184466	0	64	70	2	64	0.0312500
NODE_301345_length_202_cov_123.184466	0	64	80	3	64	0.0468750
NODE_301345_length_202_cov_123.184466	0	64	86	1	64	0.0156250
NODE_301345_length_202_cov_123.184466	0	64	88	1	64	0.0156250
NODE_301345_length_202_cov_123.184466	0	64	89	2	64	0.0312500
NODE_301345_length_202_cov_123.184466	0	64	90	2	64	0.0312500
NODE_301345_length_202_cov_123.184466	0	64	94	6	64	0.0937500
NODE_301345_length_202_cov_123.184466	0	64	96	1	64	0.0156250
NODE_301345_length_202_cov_123.184466	0	64	99	2	64	0.0312500
NODE_301345_length_202_cov_123.184466	0	64	101	2	64	0.0312500
NODE_301345_length_202_cov_123.184466	0	64	104	1	64	0.0156250
NODE_301345_length_202_cov_123.184466	0	64	108	1	64	0.0156250
NODE_301345_length_202_cov_123.184466	0	64	110	1	64	0.0156250
NODE_301345_length_202_cov_123.184466	0	64	115	2	64	0.0312500
NODE_301345_length_202_cov_123.184466	0	64	120	2	64	0.0312500
NODE_301345_length_202_cov_123.184466	0	64	124	2	64	0.0312500
NODE_301345_length_202_cov_123.184466	0	64	125	1	64	0.0156250
NODE_301345_length_202_cov_123.184466	0	64	130	1	64	0.0156250
NODE_301345_length_202_cov_123.184466	0	64	145	1	64	0.0156250
NODE_301345_length_202_cov_123.184466	0	64	147	1	64	0.0156250
NODE_301345_length_202_cov_123.184466	0	64	160	1	64	0.0156250
NODE_301345_length_202_cov_123.184466	0	64	167	1	64	0.0156250
NODE_301345_length_202_cov_123.184466	0	64	169	1	64	0.0156250
NODE_301345_length_202_cov_123.184466	0	64	175	1	64	0.0156250
NODE_301345_length_202_cov_123.184466	0	64	177	2	64	0.0312500
NODE_301345_length_202_cov_123.184466	0	64	178	1	64	0.0156250
NODE_301345_length_202_cov_123.184466	0	64	180	1	64	0.0156250
NODE_301345_length_202_cov_123.184466	0	64	182	2	64	0.0312500
NODE_301345_length_202_cov_123.184466	31	72	94	5	41	0.1219512
NODE_301345_length_202_cov_123.184466	31	72	96	1	41	0.0243902
NODE_301345_length_202_cov_123.184466	31	72	99	2	41	0.0487805
NODE_301345_length_202_cov_123.184466	31	72	101	2	41	0.0487805
NODE_301345_length_202_cov_123.184466	31	72	104	1	41	0.0243902
NODE_301345_length_202_cov_123.184466	31	72	108	1	41	0.0243902
NODE_301345_length_202_cov_123.184466	31	72	110	1	41	0.0243902
NODE_301345_length_202_cov_123.184466	31	72	115	2	41	0.0487805
NODE_301345_length_202_cov_123.184466	31	72	120	2	41	0.0487805
NODE_301345_length_202_cov_123.184466	31	72	124	2	41	0.0487805
NODE_301345_length_202_cov_123.184466	31	72	125	1	41	0.0243902
NODE_301345_length_202_cov_123.184466	31	72	130	1	41	0.0243902
NODE_301345_length_202_cov_123.184466	31	72	145	1	41	0.0243902
NODE_301345_length_202_cov_123.184466	31	72	147	1	41	0.0243902
NODE_301345_length_202_cov_123.184466	31	72	160	1	41	0.0243902
NODE_301345_length_202_cov_123.184466	31	72	167	1	41	0.0243902
NODE_301345_length_202_cov_123.184466	31	72	169	1	41	0.0243902
NODE_301345_length_202_cov_123.184466	31	72	175	1	41	0.0243902
NODE_301345_length_202_cov_123.184466	31	72	177	2	41	0.0487805
NODE_301345_length_202_cov_123.184466	31	72	178	1	41	0.0243902
NODE_301345_length_202_cov_123.184466	31	72	180	1	41	0.0243902
NODE_301345_length_202_cov_123.184466	31	72	182	2	41	0.0487805
NODE_301345_length_202_cov_123.184466	31	72	184	1	41	0.0243902
NODE_301345_length_202_cov_123.184466	31	72	189	1	41	0.0243902
NODE_301345_length_202_cov_123.184466	31	72	198	1	41	0.0243902
NODE_301345_length_202_cov_123.184466	31	72	215	1	41	0.0243902
NODE_301345_length_202_cov_123.184466	31	72	219	1	41	0.0243902
NODE_301345_length_202_cov_123.184466	31	72	225	1	41	0.0243902
NODE_301345_length_202_cov_123.184466	31	72	228	1	41	0.0243902
NODE_301345_length_202_cov_123.184466	31	72	236	1	41	0.0243902
NODE_301370_length_201_cov_56.323529	133	201	6	1	68	0.0147059
NODE_301370_length_201_cov_56.323529	133	201	8	1	68	0.0147059
NODE_301370_length_201_cov_56.323529	133	201	10	2	68	0.0294118
NODE_301370_length_201_cov_56.323529	133	201	12	1	68	0.0147059
NODE_301370_length_201_cov_56.323529	133	201	13	5	68	0.0735294
NODE_301370_length_201_cov_56.323529	133	201	15	9	68	0.1323529
NODE_301370_length_201_cov_56.323529	133	201	16	10	68	0.1470588
NODE_301370_length_201_cov_56.323529	133	201	18	5	68	0.0735294
NODE_301370_length_201_cov_56.323529	133	201	20	28	68	0.4117647
NODE_301370_length_201_cov_56.323529	133	201	22	6	68	0.0882353
NODE_301371_length_201_cov_50.647059	44	99	46	3	55	0.0545455
NODE_301371_length_201_cov_50.647059	44	99	61	1	55	0.0181818
NODE_301371_length_201_cov_50.647059	44	99	62	2	55	0.0363636
NODE_301371_length_201_cov_50.647059	44	99	72	1	55	0.0181818
NODE_301371_length_201_cov_50.647059	44	99	76	3	55	0.0545455
NODE_301371_length_201_cov_50.647059	44	99	77	2	55	0.0363636
NODE_301371_length_201_cov_50.647059	44	99	81	1	55	0.0181818
NODE_301371_length_201_cov_50.647059	44	99	83	2	55	0.0363636
NODE_301371_length_201_cov_50.647059	44	99	85	5	55	0.0909091
NODE_301371_length_201_cov_50.647059	44	99	86	1	55	0.0181818
NODE_301371_length_201_cov_50.647059	44	99	88	1	55	0.0181818
NODE_301371_length_201_cov_50.647059	44	99	89	1	55	0.0181818
NODE_301371_length_201_cov_50.647059	44	99	93	22	55	0.4000000
NODE_301371_length_201_cov_50.647059	44	99	95	1	55	0.0181818
NODE_301371_length_201_cov_50.647059	44	99	99	2	55	0.0363636
NODE_301371_length_201_cov_50.647059	44	99	102	1	55	0.0181818
NODE_301371_length_201_cov_50.647059	44	99	103	3	55	0.0545455
NODE_301371_length_201_cov_50.647059	44	99	105	3	55	0.0545455
NODE_301371_length_201_cov_50.647059	136	201	6	1	65	0.0153846
NODE_301371_length_201_cov_50.647059	136	201	7	1	65	0.0153846
NODE_301371_length_201_cov_50.647059	136	201	8	2	65	0.0307692
NODE_301371_length_201_cov_50.647059	136	201	30	1	65	0.0153846
NODE_301371_length_201_cov_50.647059	136	201	33	2	65	0.0307692
NODE_301371_length_201_cov_50.647059	136	201	35	3	65	0.0461538
NODE_301371_length_201_cov_50.647059	136	201	37	3	65	0.0461538
NODE_301371_length_201_cov_50.647059	136	201	40	6	65	0.0923077
NODE_301371_length_201_cov_50.647059	136	201	42	2	65	0.0307692
NODE_301371_length_201_cov_50.647059	136	201	46	2	65	0.0307692
NODE_301371_length_201_cov_50.647059	136	201	55	1	65	0.0153846
NODE_301371_length_201_cov_50.647059	136	201	58	2	65	0.0307692
NODE_301371_length_201_cov_50.647059	136	201	59	1	65	0.0153846
NODE_301371_length_201_cov_50.647059	136	201	64	1	65	0.0153846
NODE_301371_length_201_cov_50.647059	136	201	68	2	65	0.0307692
NODE_301371_length_201_cov_50.647059	136	201	72	2	65	0.0307692
NODE_301371_length_201_cov_50.647059	136	201	74	3	65	0.0461538
NODE_301371_length_201_cov_50.647059	136	201	76	4	65	0.0615385
NODE_301371_length_201_cov_50.647059	136	201	77	18	65	0.2769231
NODE_301371_length_201_cov_50.647059	136	201	79	3	65	0.0461538
NODE_301371_length_201_cov_50.647059	136	201	81	3	65	0.0461538
NODE_301371_length_201_cov_50.647059	136	201	83	2	65	0.0307692
NODE_301371_length_201_cov_50.647059	136	201	6	1	65	0.0153846
NODE_301371_length_201_cov_50.647059	136	201	7	1	65	0.0153846
NODE_301371_length_201_cov_50.647059	136	201	8	2	65	0.0307692
NODE_301371_length_201_cov_50.647059	136	201	30	1	65	0.0153846
NODE_301371_length_201_cov_50.647059	136	201	33	2	65	0.0307692
NODE_301371_length_201_cov_50.647059	136	201	35	3	65	0.0461538
NODE_301371_length_201_cov_50.647059	136	201	37	3	65	0.0461538
NODE_301371_length_201_cov_50.647059	136	201	40	6	65	0.0923077
NODE_301371_length_201_cov_50.647059	136	201	42	2	65	0.0307692
NODE_301371_length_201_cov_50.647059	136	201	46	2	65	0.0307692
NODE_301371_length_201_cov_50.647059	136	201	55	1	65	0.0153846
NODE_301371_length_201_cov_50.647059	136	201	58	2	65	0.0307692
NODE_301371_length_201_cov_50.647059	136	201	59	1	65	0.0153846
NODE_301371_length_201_cov_50.647059	136	201	64	1	65	0.0153846
NODE_301371_length_201_cov_50.647059	136	201	68	2	65	0.0307692
NODE_301371_length_201_cov_50.647059	136	201	72	2	65	0.0307692
NODE_301371_length_201_cov_50.647059	136	201	74	3	65	0.0461538
NODE_301371_length_201_cov_50.647059	136	201	76	4	65	0.0615385
NODE_301371_length_201_cov_50.647059	136	201	77	18	65	0.2769231
NODE_301371_length_201_cov_50.647059	136	201	79	3	65	0.0461538
NODE_301371_length_201_cov_50.647059	136	201	81	3	65	0.0461538
NODE_301371_length_201_cov_50.647059	136	201	83	2	65	0.0307692
NODE_301371_length_201_cov_50.647059	136	201	6	1	65	0.0153846
NODE_301371_length_201_cov_50.647059	136	201	7	1	65	0.0153846
NODE_301371_length_201_cov_50.647059	136	201	8	2	65	0.0307692
NODE_301371_length_201_cov_50.647059	136	201	30	1	65	0.0153846
NODE_301371_length_201_cov_50.647059	136	201	33	2	65	0.0307692
NODE_301371_length_201_cov_50.647059	136	201	35	3	65	0.0461538
NODE_301371_length_201_cov_50.647059	136	201	37	3	65	0.0461538
NODE_301371_length_201_cov_50.647059	136	201	40	6	65	0.0923077
NODE_301371_length_201_cov_50.647059	136	201	42	2	65	0.0307692
NODE_301371_length_201_cov_50.647059	136	201	46	2	65	0.0307692
NODE_301371_length_201_cov_50.647059	136	201	55	1	65	0.0153846
NODE_301371_length_201_cov_50.647059	136	201	58	2	65	0.0307692
NODE_301371_length_201_cov_50.647059	136	201	59	1	65	0.0153846
NODE_301371_length_201_cov_50.647059	136	201	64	1	65	0.0153846
NODE_301371_length_201_cov_50.647059	136	201	68	2	65	0.0307692
NODE_301371_length_201_cov_50.647059	136	201	72	2	65	0.0307692
NODE_301371_length_201_cov_50.647059	136	201	74	3	65	0.0461538
NODE_301371_length_201_cov_50.647059	136	201	76	4	65	0.0615385
NODE_301371_length_201_cov_50.647059	136	201	77	18	65	0.2769231
NODE_301371_length_201_cov_50.647059	136	201	79	3	65	0.0461538
NODE_301371_length_201_cov_50.647059	136	201	81	3	65	0.0461538
NODE_301371_length_201_cov_50.647059	136	201	83	2	65	0.0307692
NODE_301371_length_201_cov_50.647059	136	201	6	1	65	0.0153846
NODE_301371_length_201_cov_50.647059	136	201	7	1	65	0.0153846
NODE_301371_length_201_cov_50.647059	136	201	8	2	65	0.0307692
NODE_301371_length_201_cov_50.647059	136	201	30	1	65	0.0153846
NODE_301371_length_201_cov_50.647059	136	201	33	2	65	0.0307692
NODE_301371_length_201_cov_50.647059	136	201	35	3	65	0.0461538
NODE_301371_length_201_cov_50.647059	136	201	37	3	65	0.0461538
NODE_301371_length_201_cov_50.647059	136	201	40	6	65	0.0923077
NODE_301371_length_201_cov_50.647059	136	201	42	2	65	0.0307692
NODE_301371_length_201_cov_50.647059	136	201	46	2	65	0.0307692
NODE_301371_length_201_cov_50.647059	136	201	55	1	65	0.0153846
NODE_301371_length_201_cov_50.647059	136	201	58	2	65	0.0307692
NODE_301371_length_201_cov_50.647059	136	201	59	1	65	0.0153846
NODE_301371_length_201_cov_50.647059	136	201	64	1	65	0.0153846
NODE_301371_length_201_cov_50.647059	136	201	68	2	65	0.0307692
NODE_301371_length_201_cov_50.647059	136	201	72	2	65	0.0307692
NODE_301371_length_201_cov_50.647059	136	201	74	3	65	0.0461538
NODE_301371_length_201_cov_50.647059	136	201	76	4	65	0.0615385
NODE_301371_length_201_cov_50.647059	136	201	77	18	65	0.2769231
NODE_301371_length_201_cov_50.647059	136	201	79	3	65	0.0461538
NODE_301371_length_201_cov_50.647059	136	201	81	3	65	0.0461538
NODE_301371_length_201_cov_50.647059	136	201	83	2	65	0.0307692
NODE_301405_length_200_cov_29.118812	0	73	8	2	73	0.0273973
NODE_301405_length_200_cov_29.118812	0	73	21	1	73	0.0136986
NODE_301405_length_200_cov_29.118812	0	73	22	1	73	0.0136986
NODE_301405_length_200_cov_29.118812	0	73	23	4	73	0.0547945
NODE_301405_length_200_cov_29.118812	0	73	27	3	73	0.0410959
NODE_301405_length_200_cov_29.118812	0	73	31	1	73	0.0136986
NODE_301405_length_200_cov_29.118812	0	73	35	4	73	0.0547945
NODE_301405_length_200_cov_29.118812	0	73	44	1	73	0.0136986
NODE_301405_length_200_cov_29.118812	0	73	45	1	73	0.0136986
NODE_301405_length_200_cov_29.118812	0	73	49	2	73	0.0273973
NODE_301405_length_200_cov_29.118812	0	73	51	2	73	0.0273973
NODE_301405_length_200_cov_29.118812	0	73	59	3	73	0.0410959
NODE_301405_length_200_cov_29.118812	0	73	61	3	73	0.0410959
NODE_301405_length_200_cov_29.118812	0	73	64	1	73	0.0136986
NODE_301405_length_200_cov_29.118812	0	73	65	1	73	0.0136986
NODE_301405_length_200_cov_29.118812	0	73	68	1	73	0.0136986
NODE_301405_length_200_cov_29.118812	0	73	69	1	73	0.0136986
NODE_301405_length_200_cov_29.118812	0	73	74	2	73	0.0273973
NODE_301405_length_200_cov_29.118812	0	73	76	4	73	0.0547945
NODE_301405_length_200_cov_29.118812	0	73	80	3	73	0.0410959
NODE_301405_length_200_cov_29.118812	0	73	82	6	73	0.0821918
NODE_301405_length_200_cov_29.118812	0	73	84	4	73	0.0547945
NODE_301405_length_200_cov_29.118812	0	73	92	5	73	0.0684932
NODE_301405_length_200_cov_29.118812	0	73	94	17	73	0.2328767
NODE_301419_length_199_cov_768.700000	94	142	417	7	48	0.1458333
NODE_301419_length_199_cov_768.700000	94	142	419	3	48	0.0625000
NODE_301419_length_199_cov_768.700000	94	142	421	3	48	0.0625000
NODE_301419_length_199_cov_768.700000	94	142	423	7	48	0.1458333
NODE_301419_length_199_cov_768.700000	94	142	425	6	48	0.1250000
NODE_301419_length_199_cov_768.700000	94	142	427	2	48	0.0416667
NODE_301419_length_199_cov_768.700000	94	142	429	1	48	0.0208333
NODE_301419_length_199_cov_768.700000	94	142	430	1	48	0.0208333
NODE_301419_length_199_cov_768.700000	94	142	433	1	48	0.0208333
NODE_301419_length_199_cov_768.700000	94	142	437	10	48	0.2083333
NODE_301419_length_199_cov_768.700000	94	142	439	7	48	0.1458333
NODE_301419_length_199_cov_768.700000	115	186	100	1	71	0.0140845
NODE_301419_length_199_cov_768.700000	115	186	117	1	71	0.0140845
NODE_301419_length_199_cov_768.700000	115	186	125	1	71	0.0140845
NODE_301419_length_199_cov_768.700000	115	186	133	1	71	0.0140845
NODE_301419_length_199_cov_768.700000	115	186	147	1	71	0.0140845
NODE_301419_length_199_cov_768.700000	115	186	153	1	71	0.0140845
NODE_301419_length_199_cov_768.700000	115	186	165	1	71	0.0140845
NODE_301419_length_199_cov_768.700000	115	186	171	1	71	0.0140845
NODE_301419_length_199_cov_768.700000	115	186	189	1	71	0.0140845
NODE_301419_length_199_cov_768.700000	115	186	212	1	71	0.0140845
NODE_301419_length_199_cov_768.700000	115	186	224	1	71	0.0140845
NODE_301419_length_199_cov_768.700000	115	186	225	1	71	0.0140845
NODE_301419_length_199_cov_768.700000	115	186	249	1	71	0.0140845
NODE_301419_length_199_cov_768.700000	115	186	255	1	71	0.0140845
NODE_301419_length_199_cov_768.700000	115	186	261	1	71	0.0140845
NODE_301419_length_199_cov_768.700000	115	186	263	1	71	0.0140845
NODE_301419_length_199_cov_768.700000	115	186	270	1	71	0.0140845
NODE_301419_length_199_cov_768.700000	115	186	274	2	71	0.0281690
NODE_301419_length_199_cov_768.700000	115	186	280	1	71	0.0140845
NODE_301419_length_199_cov_768.700000	115	186	283	1	71	0.0140845
NODE_301419_length_199_cov_768.700000	115	186	284	1	71	0.0140845
NODE_301419_length_199_cov_768.700000	115	186	288	1	71	0.0140845
NODE_301419_length_199_cov_768.700000	115	186	296	1	71	0.0140845
NODE_301419_length_199_cov_768.700000	115	186	299	1	71	0.0140845
NODE_301419_length_199_cov_768.700000	115	186	300	1	71	0.0140845
NODE_301419_length_199_cov_768.700000	115	186	306	1	71	0.0140845
NODE_301419_length_199_cov_768.700000	115	186	309	1	71	0.0140845
NODE_301419_length_199_cov_768.700000	115	186	324	1	71	0.0140845
NODE_301419_length_199_cov_768.700000	115	186	333	1	71	0.0140845
NODE_301419_length_199_cov_768.700000	115	186	335	1	71	0.0140845
NODE_301419_length_199_cov_768.700000	115	186	351	4	71	0.0563380
NODE_301419_length_199_cov_768.700000	115	186	360	1	71	0.0140845
NODE_301419_length_199_cov_768.700000	115	186	366	1	71	0.0140845
NODE_301419_length_199_cov_768.700000	115	186	376	1	71	0.0140845
NODE_301419_length_199_cov_768.700000	115	186	384	1	71	0.0140845
NODE_301419_length_199_cov_768.700000	115	186	402	1	71	0.0140845
NODE_301419_length_199_cov_768.700000	115	186	408	1	71	0.0140845
NODE_301419_length_199_cov_768.700000	115	186	410	1	71	0.0140845
NODE_301419_length_199_cov_768.700000	115	186	412	1	71	0.0140845
NODE_301419_length_199_cov_768.700000	115	186	415	1	71	0.0140845
NODE_301419_length_199_cov_768.700000	115	186	417	7	71	0.0985916
NODE_301419_length_199_cov_768.700000	115	186	419	3	71	0.0422535
NODE_301419_length_199_cov_768.700000	115	186	421	3	71	0.0422535
NODE_301419_length_199_cov_768.700000	115	186	423	7	71	0.0985916
NODE_301419_length_199_cov_768.700000	115	186	425	6	71	0.0845070
NODE_301419_length_199_cov_768.700000	115	186	427	1	71	0.0140845
NODE_301420_length_199_cov_702.860000	3	78	64	1	75	0.0133333
NODE_301420_length_199_cov_702.860000	3	78	85	1	75	0.0133333
NODE_301420_length_199_cov_702.860000	3	78	87	1	75	0.0133333
NODE_301420_length_199_cov_702.860000	3	78	100	1	75	0.0133333
NODE_301420_length_199_cov_702.860000	3	78	111	2	75	0.0266667
NODE_301420_length_199_cov_702.860000	3	78	113	4	75	0.0533333
NODE_301420_length_199_cov_702.860000	3	78	117	1	75	0.0133333
NODE_301420_length_199_cov_702.860000	3	78	119	1	75	0.0133333
NODE_301420_length_199_cov_702.860000	3	78	127	1	75	0.0133333
NODE_301420_length_199_cov_702.860000	3	78	151	1	75	0.0133333
NODE_301420_length_199_cov_702.860000	3	78	167	1	75	0.0133333
NODE_301420_length_199_cov_702.860000	3	78	173	1	75	0.0133333
NODE_301420_length_199_cov_702.860000	3	78	175	1	75	0.0133333
NODE_301420_length_199_cov_702.860000	3	78	177	1	75	0.0133333
NODE_301420_length_199_cov_702.860000	3	78	193	1	75	0.0133333
NODE_301420_length_199_cov_702.860000	3	78	201	1	75	0.0133333
NODE_301420_length_199_cov_702.860000	3	78	205	2	75	0.0266667
NODE_301420_length_199_cov_702.860000	3	78	218	1	75	0.0133333
NODE_301420_length_199_cov_702.860000	3	78	232	1	75	0.0133333
NODE_301420_length_199_cov_702.860000	3	78	247	1	75	0.0133333
NODE_301420_length_199_cov_702.860000	3	78	292	1	75	0.0133333
NODE_301420_length_199_cov_702.860000	3	78	296	1	75	0.0133333
NODE_301420_length_199_cov_702.860000	3	78	316	1	75	0.0133333
NODE_301420_length_199_cov_702.860000	3	78	330	1	75	0.0133333
NODE_301420_length_199_cov_702.860000	3	78	346	1	75	0.0133333
NODE_301420_length_199_cov_702.860000	3	78	370	1	75	0.0133333
NODE_301420_length_199_cov_702.860000	3	78	372	2	75	0.0266667
NODE_301420_length_199_cov_702.860000	3	78	386	1	75	0.0133333
NODE_301420_length_199_cov_702.860000	3	78	400	1	75	0.0133333
NODE_301420_length_199_cov_702.860000	3	78	408	1	75	0.0133333
NODE_301420_length_199_cov_702.860000	3	78	412	1	75	0.0133333
NODE_301420_length_199_cov_702.860000	3	78	426	1	75	0.0133333
NODE_301420_length_199_cov_702.860000	3	78	437	1	75	0.0133333
NODE_301420_length_199_cov_702.860000	3	78	449	1	75	0.0133333
NODE_301420_length_199_cov_702.860000	3	78	455	1	75	0.0133333
NODE_301420_length_199_cov_702.860000	3	78	458	1	75	0.0133333
NODE_301420_length_199_cov_702.860000	3	78	459	2	75	0.0266667
NODE_301420_length_199_cov_702.860000	3	78	471	1	75	0.0133333
NODE_301420_length_199_cov_702.860000	3	78	477	1	75	0.0133333
NODE_301420_length_199_cov_702.860000	3	78	508	1	75	0.0133333
NODE_301420_length_199_cov_702.860000	3	78	517	1	75	0.0133333
NODE_301420_length_199_cov_702.860000	3	78	520	1	75	0.0133333
NODE_301420_length_199_cov_702.860000	3	78	534	1	75	0.0133333
NODE_301420_length_199_cov_702.860000	3	78	542	1	75	0.0133333
NODE_301420_length_199_cov_702.860000	3	78	562	1	75	0.0133333
NODE_301420_length_199_cov_702.860000	3	78	572	1	75	0.0133333
NODE_301420_length_199_cov_702.860000	3	78	606	2	75	0.0266667
NODE_301420_length_199_cov_702.860000	3	78	622	1	75	0.0133333
NODE_301420_length_199_cov_702.860000	3	78	624	1	75	0.0133333
NODE_301420_length_199_cov_702.860000	3	78	632	1	75	0.0133333
NODE_301420_length_199_cov_702.860000	3	78	636	1	75	0.0133333
NODE_301420_length_199_cov_702.860000	3	78	654	1	75	0.0133333
NODE_301420_length_199_cov_702.860000	3	78	659	1	75	0.0133333
NODE_301420_length_199_cov_702.860000	3	78	665	1	75	0.0133333
NODE_301420_length_199_cov_702.860000	3	78	667	1	75	0.0133333
NODE_301420_length_199_cov_702.860000	3	78	673	1	75	0.0133333
NODE_301420_length_199_cov_702.860000	3	78	677	1	75	0.0133333
NODE_301420_length_199_cov_702.860000	3	78	678	1	75	0.0133333
NODE_301420_length_199_cov_702.860000	3	78	685	1	75	0.0133333
NODE_301420_length_199_cov_702.860000	3	78	686	1	75	0.0133333
NODE_301420_length_199_cov_702.860000	3	78	694	1	75	0.0133333
NODE_301420_length_199_cov_702.860000	3	78	696	1	75	0.0133333
NODE_301420_length_199_cov_702.860000	3	78	700	1	75	0.0133333
NODE_301420_length_199_cov_702.860000	3	78	705	1	75	0.0133333
NODE_301420_length_199_cov_702.860000	3	78	707	1	75	0.0133333
NODE_301420_length_199_cov_702.860000	3	78	717	1	75	0.0133333
NODE_301420_length_199_cov_702.860000	3	78	719	1	75	0.0133333
NODE_301420_length_199_cov_702.860000	51	131	520	1	80	0.0125000
NODE_301420_length_199_cov_702.860000	51	131	523	1	80	0.0125000
NODE_301420_length_199_cov_702.860000	51	131	527	1	80	0.0125000
NODE_301420_length_199_cov_702.860000	51	131	534	1	80	0.0125000
NODE_301420_length_199_cov_702.860000	51	131	542	1	80	0.0125000
NODE_301420_length_199_cov_702.860000	51	131	544	1	80	0.0125000
NODE_301420_length_199_cov_702.860000	51	131	545	1	80	0.0125000
NODE_301420_length_199_cov_702.860000	51	131	548	1	80	0.0125000
NODE_301420_length_199_cov_702.860000	51	131	556	1	80	0.0125000
NODE_301420_length_199_cov_702.860000	51	131	561	1	80	0.0125000
NODE_301420_length_199_cov_702.860000	51	131	562	1	80	0.0125000
NODE_301420_length_199_cov_702.860000	51	131	572	1	80	0.0125000
NODE_301420_length_199_cov_702.860000	51	131	576	1	80	0.0125000
NODE_301420_length_199_cov_702.860000	51	131	580	1	80	0.0125000
NODE_301420_length_199_cov_702.860000	51	131	593	1	80	0.0125000
NODE_301420_length_199_cov_702.860000	51	131	604	1	80	0.0125000
NODE_301420_length_199_cov_702.860000	51	131	606	2	80	0.0250000
NODE_301420_length_199_cov_702.860000	51	131	622	1	80	0.0125000
NODE_301420_length_199_cov_702.860000	51	131	624	1	80	0.0125000
NODE_301420_length_199_cov_702.860000	51	131	628	1	80	0.0125000
NODE_301420_length_199_cov_702.860000	51	131	632	1	80	0.0125000
NODE_301420_length_199_cov_702.860000	51	131	636	1	80	0.0125000
NODE_301420_length_199_cov_702.860000	51	131	654	1	80	0.0125000
NODE_301420_length_199_cov_702.860000	51	131	658	1	80	0.0125000
NODE_301420_length_199_cov_702.860000	51	131	659	1	80	0.0125000
NODE_301420_length_199_cov_702.860000	51	131	665	1	80	0.0125000
NODE_301420_length_199_cov_702.860000	51	131	667	2	80	0.0250000
NODE_301420_length_199_cov_702.860000	51	131	673	1	80	0.0125000
NODE_301420_length_199_cov_702.860000	51	131	677	1	80	0.0125000
NODE_301420_length_199_cov_702.860000	51	131	678	1	80	0.0125000
NODE_301420_length_199_cov_702.860000	51	131	685	1	80	0.0125000
NODE_301420_length_199_cov_702.860000	51	131	686	1	80	0.0125000
NODE_301420_length_199_cov_702.860000	51	131	688	1	80	0.0125000
NODE_301420_length_199_cov_702.860000	51	131	693	1	80	0.0125000
NODE_301420_length_199_cov_702.860000	51	131	694	1	80	0.0125000
NODE_301420_length_199_cov_702.860000	51	131	696	1	80	0.0125000
NODE_301420_length_199_cov_702.860000	51	131	700	1	80	0.0125000
NODE_301420_length_199_cov_702.860000	51	131	705	1	80	0.0125000
NODE_301420_length_199_cov_702.860000	51	131	707	1	80	0.0125000
NODE_301420_length_199_cov_702.860000	51	131	717	1	80	0.0125000
NODE_301420_length_199_cov_702.860000	51	131	719	1	80	0.0125000
NODE_301420_length_199_cov_702.860000	51	131	721	1	80	0.0125000
NODE_301420_length_199_cov_702.860000	51	131	724	2	80	0.0250000
NODE_301420_length_199_cov_702.860000	51	131	725	1	80	0.0125000
NODE_301420_length_199_cov_702.860000	51	131	730	1	80	0.0125000
NODE_301420_length_199_cov_702.860000	51	131	738	1	80	0.0125000
NODE_301420_length_199_cov_702.860000	51	131	740	1	80	0.0125000
NODE_301420_length_199_cov_702.860000	51	131	753	1	80	0.0125000
NODE_301420_length_199_cov_702.860000	51	131	758	1	80	0.0125000
NODE_301420_length_199_cov_702.860000	51	131	759	1	80	0.0125000
NODE_301420_length_199_cov_702.860000	51	131	762	1	80	0.0125000
NODE_301420_length_199_cov_702.860000	51	131	766	2	80	0.0250000
NODE_301420_length_199_cov_702.860000	51	131	774	2	80	0.0250000
NODE_301420_length_199_cov_702.860000	51	131	775	2	80	0.0250000
NODE_301420_length_199_cov_702.860000	51	131	783	1	80	0.0125000
NODE_301420_length_199_cov_702.860000	51	131	787	2	80	0.0250000
NODE_301420_length_199_cov_702.860000	51	131	791	3	80	0.0375000
NODE_301420_length_199_cov_702.860000	51	131	799	4	80	0.0500000
NODE_301420_length_199_cov_702.860000	51	131	801	1	80	0.0125000
NODE_301420_length_199_cov_702.860000	51	131	802	1	80	0.0125000
NODE_301420_length_199_cov_702.860000	51	131	803	8	80	0.1000000
NODE_301421_length_199_cov_670.570000	22	52	258	1	30	0.0333333
NODE_301421_length_199_cov_670.570000	22	52	263	1	30	0.0333333
NODE_301421_length_199_cov_670.570000	22	52	280	1	30	0.0333333
NODE_301421_length_199_cov_670.570000	22	52	289	1	30	0.0333333
NODE_301421_length_199_cov_670.570000	22	52	299	1	30	0.0333333
NODE_301421_length_199_cov_670.570000	22	52	303	1	30	0.0333333
NODE_301421_length_199_cov_670.570000	22	52	315	1	30	0.0333333
NODE_301421_length_199_cov_670.570000	22	52	318	1	30	0.0333333
NODE_301421_length_199_cov_670.570000	22	52	332	2	30	0.0666667
NODE_301421_length_199_cov_670.570000	22	52	335	1	30	0.0333333
NODE_301421_length_199_cov_670.570000	22	52	336	1	30	0.0333333
NODE_301421_length_199_cov_670.570000	22	52	337	1	30	0.0333333
NODE_301421_length_199_cov_670.570000	22	52	357	1	30	0.0333333
NODE_301421_length_199_cov_670.570000	22	52	366	1	30	0.0333333
NODE_301421_length_199_cov_670.570000	22	52	379	1	30	0.0333333
NODE_301421_length_199_cov_670.570000	22	52	383	1	30	0.0333333
NODE_301421_length_199_cov_670.570000	22	52	386	1	30	0.0333333
NODE_301421_length_199_cov_670.570000	22	52	391	1	30	0.0333333
NODE_301421_length_199_cov_670.570000	22	52	396	1	30	0.0333333
NODE_301421_length_199_cov_670.570000	22	52	398	1	30	0.0333333
NODE_301421_length_199_cov_670.570000	22	52	402	1	30	0.0333333
NODE_301421_length_199_cov_670.570000	22	52	404	1	30	0.0333333
NODE_301421_length_199_cov_670.570000	22	52	410	1	30	0.0333333
NODE_301421_length_199_cov_670.570000	22	52	412	2	30	0.0666667
NODE_301421_length_199_cov_670.570000	22	52	416	1	30	0.0333333
NODE_301421_length_199_cov_670.570000	22	52	418	1	30	0.0333333
NODE_301421_length_199_cov_670.570000	22	52	437	1	30	0.0333333
NODE_301421_length_199_cov_670.570000	22	52	440	1	30	0.0333333
NODE_301421_length_199_cov_670.570000	25	105	289	1	80	0.0125000
NODE_301421_length_199_cov_670.570000	25	105	299	1	80	0.0125000
NODE_301421_length_199_cov_670.570000	25	105	303	1	80	0.0125000
NODE_301421_length_199_cov_670.570000	25	105	315	1	80	0.0125000
NODE_301421_length_199_cov_670.570000	25	105	318	1	80	0.0125000
NODE_301421_length_199_cov_670.570000	25	105	332	2	80	0.0250000
NODE_301421_length_199_cov_670.570000	25	105	335	1	80	0.0125000
NODE_301421_length_199_cov_670.570000	25	105	336	1	80	0.0125000
NODE_301421_length_199_cov_670.570000	25	105	337	1	80	0.0125000
NODE_301421_length_199_cov_670.570000	25	105	357	1	80	0.0125000
NODE_301421_length_199_cov_670.570000	25	105	366	1	80	0.0125000
NODE_301421_length_199_cov_670.570000	25	105	379	1	80	0.0125000
NODE_301421_length_199_cov_670.570000	25	105	383	1	80	0.0125000
NODE_301421_length_199_cov_670.570000	25	105	386	1	80	0.0125000
NODE_301421_length_199_cov_670.570000	25	105	391	1	80	0.0125000
NODE_301421_length_199_cov_670.570000	25	105	396	1	80	0.0125000
NODE_301421_length_199_cov_670.570000	25	105	398	1	80	0.0125000
NODE_301421_length_199_cov_670.570000	25	105	402	1	80	0.0125000
NODE_301421_length_199_cov_670.570000	25	105	404	1	80	0.0125000
NODE_301421_length_199_cov_670.570000	25	105	410	1	80	0.0125000
NODE_301421_length_199_cov_670.570000	25	105	412	2	80	0.0250000
NODE_301421_length_199_cov_670.570000	25	105	416	1	80	0.0125000
NODE_301421_length_199_cov_670.570000	25	105	418	1	80	0.0125000
NODE_301421_length_199_cov_670.570000	25	105	437	1	80	0.0125000
NODE_301421_length_199_cov_670.570000	25	105	440	1	80	0.0125000
NODE_301421_length_199_cov_670.570000	25	105	444	1	80	0.0125000
NODE_301421_length_199_cov_670.570000	25	105	448	1	80	0.0125000
NODE_301421_length_199_cov_670.570000	25	105	457	1	80	0.0125000
NODE_301421_length_199_cov_670.570000	25	105	470	1	80	0.0125000
NODE_301421_length_199_cov_670.570000	25	105	480	1	80	0.0125000
NODE_301421_length_199_cov_670.570000	25	105	482	1	80	0.0125000
NODE_301421_length_199_cov_670.570000	25	105	484	1	80	0.0125000
NODE_301421_length_199_cov_670.570000	25	105	493	4	80	0.0500000
NODE_301421_length_199_cov_670.570000	25	105	498	4	80	0.0500000
NODE_301421_length_199_cov_670.570000	25	105	501	3	80	0.0375000
NODE_301421_length_199_cov_670.570000	25	105	502	1	80	0.0125000
NODE_301421_length_199_cov_670.570000	25	105	505	1	80	0.0125000
NODE_301421_length_199_cov_670.570000	25	105	507	1	80	0.0125000
NODE_301421_length_199_cov_670.570000	25	105	508	1	80	0.0125000
NODE_301421_length_199_cov_670.570000	25	105	509	1	80	0.0125000
NODE_301421_length_199_cov_670.570000	25	105	517	1	80	0.0125000
NODE_301421_length_199_cov_670.570000	25	105	519	1	80	0.0125000
NODE_301421_length_199_cov_670.570000	25	105	521	1	80	0.0125000
NODE_301421_length_199_cov_670.570000	25	105	523	4	80	0.0500000
NODE_301421_length_199_cov_670.570000	25	105	527	3	80	0.0375000
NODE_301421_length_199_cov_670.570000	25	105	531	3	80	0.0375000
NODE_301421_length_199_cov_670.570000	25	105	533	1	80	0.0125000
NODE_301421_length_199_cov_670.570000	25	105	536	1	80	0.0125000
NODE_301421_length_199_cov_670.570000	25	105	539	1	80	0.0125000
NODE_301421_length_199_cov_670.570000	25	105	541	3	80	0.0375000
NODE_301421_length_199_cov_670.570000	25	105	547	11	80	0.1375000
NODE_301430_length_199_cov_215.860000	3	75	10	1	72	0.0138889
NODE_301430_length_199_cov_215.860000	3	75	11	7	72	0.0972222
NODE_301430_length_199_cov_215.860000	3	75	13	5	72	0.0694444
NODE_301430_length_199_cov_215.860000	3	75	15	4	72	0.0555556
NODE_301430_length_199_cov_215.860000	3	75	17	4	72	0.0555556
NODE_301430_length_199_cov_215.860000	3	75	21	1	72	0.0138889
NODE_301430_length_199_cov_215.860000	3	75	22	1	72	0.0138889
NODE_301430_length_199_cov_215.860000	3	75	24	2	72	0.0277778
NODE_301430_length_199_cov_215.860000	3	75	26	5	72	0.0694444
NODE_301430_length_199_cov_215.860000	3	75	29	1	72	0.0138889
NODE_301430_length_199_cov_215.860000	3	75	32	2	72	0.0277778
NODE_301430_length_199_cov_215.860000	3	75	34	1	72	0.0138889
NODE_301430_length_199_cov_215.860000	3	75	36	1	72	0.0138889
NODE_301430_length_199_cov_215.860000	3	75	38	1	72	0.0138889
NODE_301430_length_199_cov_215.860000	3	75	42	3	72	0.0416667
NODE_301430_length_199_cov_215.860000	3	75	46	1	72	0.0138889
NODE_301430_length_199_cov_215.860000	3	75	50	3	72	0.0416667
NODE_301430_length_199_cov_215.860000	3	75	59	1	72	0.0138889
NODE_301430_length_199_cov_215.860000	3	75	64	1	72	0.0138889
NODE_301430_length_199_cov_215.860000	3	75	68	1	72	0.0138889
NODE_301430_length_199_cov_215.860000	3	75	70	1	72	0.0138889
NODE_301430_length_199_cov_215.860000	3	75	72	2	72	0.0277778
NODE_301430_length_199_cov_215.860000	3	75	74	2	72	0.0277778
NODE_301430_length_199_cov_215.860000	3	75	76	2	72	0.0277778
NODE_301430_length_199_cov_215.860000	3	75	78	2	72	0.0277778
NODE_301430_length_199_cov_215.860000	3	75	80	1	72	0.0138889
NODE_301430_length_199_cov_215.860000	3	75	82	5	72	0.0694444
NODE_301430_length_199_cov_215.860000	3	75	88	8	72	0.1111111
NODE_301430_length_199_cov_215.860000	3	75	90	3	72	0.0416667
NODE_301430_length_199_cov_215.860000	48	128	68	1	80	0.0125000
NODE_301430_length_199_cov_215.860000	48	128	70	1	80	0.0125000
NODE_301430_length_199_cov_215.860000	48	128	72	2	80	0.0250000
NODE_301430_length_199_cov_215.860000	48	128	74	2	80	0.0250000
NODE_301430_length_199_cov_215.860000	48	128	76	2	80	0.0250000
NODE_301430_length_199_cov_215.860000	48	128	77	6	80	0.0750000
NODE_301430_length_199_cov_215.860000	48	128	78	2	80	0.0250000
NODE_301430_length_199_cov_215.860000	48	128	79	1	80	0.0125000
NODE_301430_length_199_cov_215.860000	48	128	80	1	80	0.0125000
NODE_301430_length_199_cov_215.860000	48	128	81	3	80	0.0375000
NODE_301430_length_199_cov_215.860000	48	128	82	5	80	0.0625000
NODE_301430_length_199_cov_215.860000	48	128	83	1	80	0.0125000
NODE_301430_length_199_cov_215.860000	48	128	85	2	80	0.0250000
NODE_301430_length_199_cov_215.860000	48	128	87	5	80	0.0625000
NODE_301430_length_199_cov_215.860000	48	128	88	8	80	0.1000000
NODE_301430_length_199_cov_215.860000	48	128	89	5	80	0.0625000
NODE_301430_length_199_cov_215.860000	48	128	90	6	80	0.0750000
NODE_301430_length_199_cov_215.860000	48	128	92	9	80	0.1125000
NODE_301430_length_199_cov_215.860000	48	128	93	1	80	0.0125000
NODE_301430_length_199_cov_215.860000	48	128	94	17	80	0.2125000
NODE_301432_length_199_cov_206.800000	120	199	0	31	79	0.3924051
NODE_301432_length_199_cov_206.800000	120	199	2	48	79	0.6075949
NODE_301441_length_199_cov_131.120000	97	177	0	80	80	1.0000000
NODE_301448_length_199_cov_97.490000	4	77	6	3	73	0.0410959
NODE_301448_length_199_cov_97.490000	4	77	8	1	73	0.0136986
NODE_301448_length_199_cov_97.490000	4	77	12	5	73	0.0684932
NODE_301448_length_199_cov_97.490000	4	77	15	1	73	0.0136986
NODE_301448_length_199_cov_97.490000	4	77	17	2	73	0.0273973
NODE_301448_length_199_cov_97.490000	4	77	21	1	73	0.0136986
NODE_301448_length_199_cov_97.490000	4	77	23	1	73	0.0136986
NODE_301448_length_199_cov_97.490000	4	77	27	3	73	0.0410959
NODE_301448_length_199_cov_97.490000	4	77	31	1	73	0.0136986
NODE_301448_length_199_cov_97.490000	4	77	35	1	73	0.0136986
NODE_301448_length_199_cov_97.490000	4	77	45	2	73	0.0273973
NODE_301448_length_199_cov_97.490000	4	77	47	3	73	0.0410959
NODE_301448_length_199_cov_97.490000	4	77	52	2	73	0.0273973
NODE_301448_length_199_cov_97.490000	4	77	54	1	73	0.0136986
NODE_301448_length_199_cov_97.490000	4	77	55	1	73	0.0136986
NODE_301448_length_199_cov_97.490000	4	77	63	2	73	0.0273973
NODE_301448_length_199_cov_97.490000	4	77	71	2	73	0.0273973
NODE_301448_length_199_cov_97.490000	4	77	77	2	73	0.0273973
NODE_301448_length_199_cov_97.490000	4	77	79	1	73	0.0136986
NODE_301448_length_199_cov_97.490000	4	77	84	3	73	0.0410959
NODE_301448_length_199_cov_97.490000	4	77	86	11	73	0.1506849
NODE_301448_length_199_cov_97.490000	4	77	88	2	73	0.0273973
NODE_301448_length_199_cov_97.490000	4	77	90	2	73	0.0273973
NODE_301448_length_199_cov_97.490000	4	77	92	1	73	0.0136986
NODE_301448_length_199_cov_97.490000	4	77	94	1	73	0.0136986
NODE_301448_length_199_cov_97.490000	4	77	101	2	73	0.0273973
NODE_301448_length_199_cov_97.490000	4	77	108	4	73	0.0547945
NODE_301448_length_199_cov_97.490000	4	77	110	1	73	0.0136986
NODE_301448_length_199_cov_97.490000	4	77	112	4	73	0.0547945
NODE_301448_length_199_cov_97.490000	4	77	114	2	73	0.0273973
NODE_301448_length_199_cov_97.490000	4	77	116	2	73	0.0273973
NODE_301448_length_199_cov_97.490000	4	77	120	1	73	0.0136986
NODE_301448_length_199_cov_97.490000	4	77	124	2	73	0.0273973
NODE_301449_length_199_cov_96.090000	91	171	10	4	80	0.0500000
NODE_301449_length_199_cov_96.090000	91	171	12	2	80	0.0250000
NODE_301449_length_199_cov_96.090000	91	171	14	1	80	0.0125000
NODE_301449_length_199_cov_96.090000	91	171	15	7	80	0.0875000
NODE_301449_length_199_cov_96.090000	91	171	16	5	80	0.0625000
NODE_301449_length_199_cov_96.090000	91	171	17	7	80	0.0875000
NODE_301449_length_199_cov_96.090000	91	171	18	2	80	0.0250000
NODE_301449_length_199_cov_96.090000	91	171	20	2	80	0.0250000
NODE_301449_length_199_cov_96.090000	91	171	24	5	80	0.0625000
NODE_301449_length_199_cov_96.090000	91	171	26	5	80	0.0625000
NODE_301449_length_199_cov_96.090000	91	171	28	1	80	0.0125000
NODE_301449_length_199_cov_96.090000	91	171	30	20	80	0.2500000
NODE_301449_length_199_cov_96.090000	91	171	32	19	80	0.2375000
NODE_301455_length_199_cov_84.060000	44	75	22	1	31	0.0322581
NODE_301455_length_199_cov_84.060000	44	75	24	2	31	0.0645161
NODE_301455_length_199_cov_84.060000	44	75	26	19	31	0.6129032
NODE_301455_length_199_cov_84.060000	44	75	28	9	31	0.2903226
NODE_301456_length_199_cov_83.220000	0	64	0	64	64	1.0000000
NODE_301459_length_199_cov_80.390000	15	98	10	26	83	0.3132530
NODE_301459_length_199_cov_80.390000	15	98	16	57	83	0.6867470
NODE_301469_length_199_cov_63.420000	128	194	0	4	66	0.0606061
NODE_301469_length_199_cov_63.420000	128	194	2	1	66	0.0151515
NODE_301469_length_199_cov_63.420000	128	194	4	1	66	0.0151515
NODE_301469_length_199_cov_63.420000	128	194	6	1	66	0.0151515
NODE_301469_length_199_cov_63.420000	128	194	12	1	66	0.0151515
NODE_301469_length_199_cov_63.420000	128	194	16	1	66	0.0151515
NODE_301469_length_199_cov_63.420000	128	194	18	3	66	0.0454545
NODE_301469_length_199_cov_63.420000	128	194	20	1	66	0.0151515
NODE_301469_length_199_cov_63.420000	128	194	26	3	66	0.0454545
NODE_301469_length_199_cov_63.420000	128	194	28	9	66	0.1363636
NODE_301469_length_199_cov_63.420000	128	194	31	1	66	0.0151515
NODE_301469_length_199_cov_63.420000	128	194	32	1	66	0.0151515
NODE_301469_length_199_cov_63.420000	128	194	40	1	66	0.0151515
NODE_301469_length_199_cov_63.420000	128	194	49	4	66	0.0606061
NODE_301469_length_199_cov_63.420000	128	194	51	1	66	0.0151515
NODE_301469_length_199_cov_63.420000	128	194	56	1	66	0.0151515
NODE_301469_length_199_cov_63.420000	128	194	61	3	66	0.0454545
NODE_301469_length_199_cov_63.420000	128	194	63	1	66	0.0151515
NODE_301469_length_199_cov_63.420000	128	194	66	1	66	0.0151515
NODE_301469_length_199_cov_63.420000	128	194	68	1	66	0.0151515
NODE_301469_length_199_cov_63.420000	128	194	69	2	66	0.0303030
NODE_301469_length_199_cov_63.420000	128	194	74	1	66	0.0151515
NODE_301469_length_199_cov_63.420000	128	194	75	1	66	0.0151515
NODE_301469_length_199_cov_63.420000	128	194	76	1	66	0.0151515
NODE_301469_length_199_cov_63.420000	128	194	80	1	66	0.0151515
NODE_301469_length_199_cov_63.420000	128	194	81	1	66	0.0151515
NODE_301469_length_199_cov_63.420000	128	194	85	1	66	0.0151515
NODE_301469_length_199_cov_63.420000	128	194	87	3	66	0.0454545
NODE_301469_length_199_cov_63.420000	128	194	93	4	66	0.0606061
NODE_301469_length_199_cov_63.420000	128	194	98	1	66	0.0151515
NODE_301469_length_199_cov_63.420000	128	194	103	1	66	0.0151515
NODE_301469_length_199_cov_63.420000	128	194	107	1	66	0.0151515
NODE_301469_length_199_cov_63.420000	128	194	109	1	66	0.0151515
NODE_301469_length_199_cov_63.420000	128	194	111	2	66	0.0303030
NODE_301469_length_199_cov_63.420000	128	194	115	2	66	0.0303030
NODE_301469_length_199_cov_63.420000	128	194	120	2	66	0.0303030
NODE_301469_length_199_cov_63.420000	128	194	122	1	66	0.0151515
NODE_301477_length_199_cov_58.660000	18	85	0	41	67	0.6119403
NODE_301477_length_199_cov_58.660000	18	85	10	26	67	0.3880597
NODE_301484_length_199_cov_50.350000	102	183	0	81	81	1.0000000
NODE_301485_length_199_cov_49.630000	5	47	0	29	42	0.6904762
NODE_301485_length_199_cov_49.630000	5	47	2	8	42	0.1904762
NODE_301485_length_199_cov_49.630000	5	47	4	5	42	0.1190476
NODE_301485_length_199_cov_49.630000	100	163	11	8	63	0.1269841
NODE_301485_length_199_cov_49.630000	100	163	13	7	63	0.1111111
NODE_301485_length_199_cov_49.630000	100	163	14	1	63	0.0158730
NODE_301485_length_199_cov_49.630000	100	163	16	8	63	0.1269841
NODE_301485_length_199_cov_49.630000	100	163	18	39	63	0.6190476
NODE_301485_length_199_cov_49.630000	100	163	11	8	63	0.1269841
NODE_301485_length_199_cov_49.630000	100	163	13	7	63	0.1111111
NODE_301485_length_199_cov_49.630000	100	163	14	1	63	0.0158730
NODE_301485_length_199_cov_49.630000	100	163	16	8	63	0.1269841
NODE_301485_length_199_cov_49.630000	100	163	18	39	63	0.6190476
NODE_301485_length_199_cov_49.630000	100	163	11	8	63	0.1269841
NODE_301485_length_199_cov_49.630000	100	163	13	7	63	0.1111111
NODE_301485_length_199_cov_49.630000	100	163	14	1	63	0.0158730
NODE_301485_length_199_cov_49.630000	100	163	16	8	63	0.1269841
NODE_301485_length_199_cov_49.630000	100	163	18	39	63	0.6190476
NODE_301485_length_199_cov_49.630000	136	185	4	19	49	0.3877551
NODE_301485_length_199_cov_49.630000	136	185	6	3	49	0.0612245
NODE_301485_length_199_cov_49.630000	136	185	11	8	49	0.1632653
NODE_301485_length_199_cov_49.630000	136	185	13	7	49	0.1428571
NODE_301485_length_199_cov_49.630000	136	185	14	1	49	0.0204082
NODE_301485_length_199_cov_49.630000	136	185	16	8	49	0.1632653
NODE_301485_length_199_cov_49.630000	136	185	18	3	49	0.0612245
NODE_301485_length_199_cov_49.630000	153	199	0	14	46	0.3043478
NODE_301485_length_199_cov_49.630000	153	199	4	19	46	0.4130435
NODE_301485_length_199_cov_49.630000	153	199	6	3	46	0.0652174
NODE_301485_length_199_cov_49.630000	153	199	11	8	46	0.1739130
NODE_301485_length_199_cov_49.630000	153	199	13	2	46	0.0434783
NODE_301491_length_199_cov_40.000000	0	66	0	8	66	0.1212121
NODE_301491_length_199_cov_40.000000	0	66	3	17	66	0.2575758
NODE_301491_length_199_cov_40.000000	0	66	7	1	66	0.0151515
NODE_301491_length_199_cov_40.000000	0	66	10	9	66	0.1363636
NODE_301491_length_199_cov_40.000000	0	66	11	6	66	0.0909091
NODE_301491_length_199_cov_40.000000	0	66	13	9	66	0.1363636
NODE_301491_length_199_cov_40.000000	0	66	14	11	66	0.1666667
NODE_301491_length_199_cov_40.000000	0	66	16	5	66	0.0757576
NODE_301491_length_199_cov_40.000000	34	114	10	1	80	0.0125000
NODE_301491_length_199_cov_40.000000	34	114	11	6	80	0.0750000
NODE_301491_length_199_cov_40.000000	34	114	13	9	80	0.1125000
NODE_301491_length_199_cov_40.000000	34	114	14	11	80	0.1375000
NODE_301491_length_199_cov_40.000000	34	114	15	1	80	0.0125000
NODE_301491_length_199_cov_40.000000	34	114	16	31	80	0.3875000
NODE_301491_length_199_cov_40.000000	34	114	18	21	80	0.2625000
NODE_301491_length_199_cov_40.000000	39	61	11	2	22	0.0909091
NODE_301491_length_199_cov_40.000000	39	61	13	9	22	0.4090909
NODE_301491_length_199_cov_40.000000	39	61	14	11	22	0.5000000
NODE_301498_length_199_cov_31.400000	3	77	1	11	74	0.1486486
NODE_301498_length_199_cov_31.400000	3	77	2	4	74	0.0540541
NODE_301498_length_199_cov_31.400000	3	77	3	2	74	0.0270270
NODE_301498_length_199_cov_31.400000	3	77	4	8	74	0.1081081
NODE_301498_length_199_cov_31.400000	3	77	5	17	74	0.2297297
NODE_301498_length_199_cov_31.400000	3	77	6	32	74	0.4324324
NODE_301498_length_199_cov_31.400000	76	153	6	10	77	0.1298701
NODE_301498_length_199_cov_31.400000	76	153	18	3	77	0.0389610
NODE_301498_length_199_cov_31.400000	76	153	21	4	77	0.0519481
NODE_301498_length_199_cov_31.400000	76	153	22	20	77	0.2597403
NODE_301498_length_199_cov_31.400000	76	153	23	1	77	0.0129870
NODE_301498_length_199_cov_31.400000	76	153	24	39	77	0.5064935
NODE_301498_length_199_cov_31.400000	76	153	6	10	77	0.1298701
NODE_301498_length_199_cov_31.400000	76	153	18	3	77	0.0389610
NODE_301498_length_199_cov_31.400000	76	153	21	4	77	0.0519481
NODE_301498_length_199_cov_31.400000	76	153	22	20	77	0.2597403
NODE_301498_length_199_cov_31.400000	76	153	23	1	77	0.0129870
NODE_301498_length_199_cov_31.400000	76	153	24	39	77	0.5064935
NODE_301498_length_199_cov_31.400000	76	153	6	10	77	0.1298701
NODE_301498_length_199_cov_31.400000	76	153	18	3	77	0.0389610
NODE_301498_length_199_cov_31.400000	76	153	21	4	77	0.0519481
NODE_301498_length_199_cov_31.400000	76	153	22	20	77	0.2597403
NODE_301498_length_199_cov_31.400000	76	153	23	1	77	0.0129870
NODE_301498_length_199_cov_31.400000	76	153	24	39	77	0.5064935
NODE_301498_length_199_cov_31.400000	126	192	11	19	66	0.2878788
NODE_301498_length_199_cov_31.400000	126	192	13	2	66	0.0303030
NODE_301498_length_199_cov_31.400000	126	192	14	1	66	0.0151515
NODE_301498_length_199_cov_31.400000	126	192	15	3	66	0.0454545
NODE_301498_length_199_cov_31.400000	126	192	16	3	66	0.0454545
NODE_301498_length_199_cov_31.400000	126	192	17	2	66	0.0303030
NODE_301498_length_199_cov_31.400000	126	192	21	13	66	0.1969697
NODE_301498_length_199_cov_31.400000	126	192	22	16	66	0.2424242
NODE_301498_length_199_cov_31.400000	126	192	23	1	66	0.0151515
NODE_301498_length_199_cov_31.400000	126	192	24	6	66	0.0909091
NODE_301498_length_199_cov_31.400000	129	199	10	4	70	0.0571429
NODE_301498_length_199_cov_31.400000	129	199	11	22	70	0.3142857
NODE_301498_length_199_cov_31.400000	129	199	13	2	70	0.0285714
NODE_301498_length_199_cov_31.400000	129	199	14	1	70	0.0142857
NODE_301498_length_199_cov_31.400000	129	199	15	3	70	0.0428571
NODE_301498_length_199_cov_31.400000	129	199	16	3	70	0.0428571
NODE_301498_length_199_cov_31.400000	129	199	17	2	70	0.0285714
NODE_301498_length_199_cov_31.400000	129	199	21	13	70	0.1857143
NODE_301498_length_199_cov_31.400000	129	199	22	16	70	0.2285714
NODE_301498_length_199_cov_31.400000	129	199	23	1	70	0.0142857
NODE_301498_length_199_cov_31.400000	129	199	24	3	70	0.0428571
NODE_301498_length_199_cov_31.400000	131	199	10	4	68	0.0588235
NODE_301498_length_199_cov_31.400000	131	199	11	22	68	0.3235294
NODE_301498_length_199_cov_31.400000	131	199	13	2	68	0.0294118
NODE_301498_length_199_cov_31.400000	131	199	14	1	68	0.0147059
NODE_301498_length_199_cov_31.400000	131	199	15	3	68	0.0441176
NODE_301498_length_199_cov_31.400000	131	199	16	3	68	0.0441176
NODE_301498_length_199_cov_31.400000	131	199	17	2	68	0.0294118
NODE_301498_length_199_cov_31.400000	131	199	21	13	68	0.1911765
NODE_301498_length_199_cov_31.400000	131	199	22	16	68	0.2352941
NODE_301498_length_199_cov_31.400000	131	199	23	1	68	0.0147059
NODE_301498_length_199_cov_31.400000	131	199	24	1	68	0.0147059
NODE_301500_length_199_cov_30.140000	118	198	0	3	80	0.0375000
NODE_301500_length_199_cov_30.140000	118	198	1	1	80	0.0125000
NODE_301500_length_199_cov_30.140000	118	198	4	1	80	0.0125000
NODE_301500_length_199_cov_30.140000	118	198	8	13	80	0.1625000
NODE_301500_length_199_cov_30.140000	118	198	9	1	80	0.0125000
NODE_301500_length_199_cov_30.140000	118	198	10	8	80	0.1000000
NODE_301500_length_199_cov_30.140000	118	198	11	14	80	0.1750000
NODE_301500_length_199_cov_30.140000	118	198	12	7	80	0.0875000
NODE_301500_length_199_cov_30.140000	118	198	13	32	80	0.4000000
NODE_301500_length_199_cov_30.140000	118	198	0	3	80	0.0375000
NODE_301500_length_199_cov_30.140000	118	198	1	1	80	0.0125000
NODE_301500_length_199_cov_30.140000	118	198	4	1	80	0.0125000
NODE_301500_length_199_cov_30.140000	118	198	8	13	80	0.1625000
NODE_301500_length_199_cov_30.140000	118	198	9	1	80	0.0125000
NODE_301500_length_199_cov_30.140000	118	198	10	8	80	0.1000000
NODE_301500_length_199_cov_30.140000	118	198	11	14	80	0.1750000
NODE_301500_length_199_cov_30.140000	118	198	12	7	80	0.0875000
NODE_301500_length_199_cov_30.140000	118	198	13	32	80	0.4000000
NODE_301500_length_199_cov_30.140000	118	198	0	3	80	0.0375000
NODE_301500_length_199_cov_30.140000	118	198	1	1	80	0.0125000
NODE_301500_length_199_cov_30.140000	118	198	4	1	80	0.0125000
NODE_301500_length_199_cov_30.140000	118	198	8	13	80	0.1625000
NODE_301500_length_199_cov_30.140000	118	198	9	1	80	0.0125000
NODE_301500_length_199_cov_30.140000	118	198	10	8	80	0.1000000
NODE_301500_length_199_cov_30.140000	118	198	11	14	80	0.1750000
NODE_301500_length_199_cov_30.140000	118	198	12	7	80	0.0875000
NODE_301500_length_199_cov_30.140000	118	198	13	32	80	0.4000000
NODE_301500_length_199_cov_30.140000	118	198	0	3	80	0.0375000
NODE_301500_length_199_cov_30.140000	118	198	1	1	80	0.0125000
NODE_301500_length_199_cov_30.140000	118	198	4	1	80	0.0125000
NODE_301500_length_199_cov_30.140000	118	198	8	13	80	0.1625000
NODE_301500_length_199_cov_30.140000	118	198	9	1	80	0.0125000
NODE_301500_length_199_cov_30.140000	118	198	10	8	80	0.1000000
NODE_301500_length_199_cov_30.140000	118	198	11	14	80	0.1750000
NODE_301500_length_199_cov_30.140000	118	198	12	7	80	0.0875000
NODE_301500_length_199_cov_30.140000	118	198	13	32	80	0.4000000
NODE_301500_length_199_cov_30.140000	118	198	0	3	80	0.0375000
NODE_301500_length_199_cov_30.140000	118	198	1	1	80	0.0125000
NODE_301500_length_199_cov_30.140000	118	198	4	1	80	0.0125000
NODE_301500_length_199_cov_30.140000	118	198	8	13	80	0.1625000
NODE_301500_length_199_cov_30.140000	118	198	9	1	80	0.0125000
NODE_301500_length_199_cov_30.140000	118	198	10	8	80	0.1000000
NODE_301500_length_199_cov_30.140000	118	198	11	14	80	0.1750000
NODE_301500_length_199_cov_30.140000	118	198	12	7	80	0.0875000
NODE_301500_length_199_cov_30.140000	118	198	13	32	80	0.4000000
NODE_301500_length_199_cov_30.140000	127	198	0	3	71	0.0422535
NODE_301500_length_199_cov_30.140000	127	198	1	1	71	0.0140845
NODE_301500_length_199_cov_30.140000	127	198	4	1	71	0.0140845
NODE_301500_length_199_cov_30.140000	127	198	8	13	71	0.1830986
NODE_301500_length_199_cov_30.140000	127	198	9	1	71	0.0140845
NODE_301500_length_199_cov_30.140000	127	198	10	8	71	0.1126761
NODE_301500_length_199_cov_30.140000	127	198	11	14	71	0.1971831
NODE_301500_length_199_cov_30.140000	127	198	13	30	71	0.4225352
NODE_301581_length_197_cov_41.265306	0	70	0	70	70	1.0000000
NODE_301611_length_196_cov_101.855670	72	136	124	2	64	0.0312500
NODE_301611_length_196_cov_101.855670	72	136	126	2	64	0.0312500
NODE_301611_length_196_cov_101.855670	72	136	128	2	64	0.0312500
NODE_301611_length_196_cov_101.855670	72	136	132	3	64	0.0468750
NODE_301611_length_196_cov_101.855670	72	136	136	1	64	0.0156250
NODE_301611_length_196_cov_101.855670	72	136	138	2	64	0.0312500
NODE_301611_length_196_cov_101.855670	72	136	140	1	64	0.0156250
NODE_301611_length_196_cov_101.855670	72	136	148	1	64	0.0156250
NODE_301611_length_196_cov_101.855670	72	136	150	4	64	0.0625000
NODE_301611_length_196_cov_101.855670	72	136	153	2	64	0.0312500
NODE_301611_length_196_cov_101.855670	72	136	161	2	64	0.0312500
NODE_301611_length_196_cov_101.855670	72	136	163	1	64	0.0156250
NODE_301611_length_196_cov_101.855670	72	136	166	7	64	0.1093750
NODE_301611_length_196_cov_101.855670	72	136	167	2	64	0.0312500
NODE_301611_length_196_cov_101.855670	72	136	169	3	64	0.0468750
NODE_301611_length_196_cov_101.855670	72	136	171	6	64	0.0937500
NODE_301611_length_196_cov_101.855670	72	136	172	23	64	0.3593750
NODE_301611_length_196_cov_101.855670	72	136	124	2	64	0.0312500
NODE_301611_length_196_cov_101.855670	72	136	126	2	64	0.0312500
NODE_301611_length_196_cov_101.855670	72	136	128	2	64	0.0312500
NODE_301611_length_196_cov_101.855670	72	136	132	3	64	0.0468750
NODE_301611_length_196_cov_101.855670	72	136	136	1	64	0.0156250
NODE_301611_length_196_cov_101.855670	72	136	138	2	64	0.0312500
NODE_301611_length_196_cov_101.855670	72	136	140	1	64	0.0156250
NODE_301611_length_196_cov_101.855670	72	136	148	1	64	0.0156250
NODE_301611_length_196_cov_101.855670	72	136	150	4	64	0.0625000
NODE_301611_length_196_cov_101.855670	72	136	153	2	64	0.0312500
NODE_301611_length_196_cov_101.855670	72	136	161	2	64	0.0312500
NODE_301611_length_196_cov_101.855670	72	136	163	1	64	0.0156250
NODE_301611_length_196_cov_101.855670	72	136	166	7	64	0.1093750
NODE_301611_length_196_cov_101.855670	72	136	167	2	64	0.0312500
NODE_301611_length_196_cov_101.855670	72	136	169	3	64	0.0468750
NODE_301611_length_196_cov_101.855670	72	136	171	6	64	0.0937500
NODE_301611_length_196_cov_101.855670	72	136	172	23	64	0.3593750
NODE_301611_length_196_cov_101.855670	109	169	50	1	60	0.0166667
NODE_301611_length_196_cov_101.855670	109	169	52	3	60	0.0500000
NODE_301611_length_196_cov_101.855670	109	169	58	4	60	0.0666667
NODE_301611_length_196_cov_101.855670	109	169	64	1	60	0.0166667
NODE_301611_length_196_cov_101.855670	109	169	65	1	60	0.0166667
NODE_301611_length_196_cov_101.855670	109	169	68	1	60	0.0166667
NODE_301611_length_196_cov_101.855670	109	169	69	1	60	0.0166667
NODE_301611_length_196_cov_101.855670	109	169	71	1	60	0.0166667
NODE_301611_length_196_cov_101.855670	109	169	72	1	60	0.0166667
NODE_301611_length_196_cov_101.855670	109	169	73	1	60	0.0166667
NODE_301611_length_196_cov_101.855670	109	169	76	3	60	0.0500000
NODE_301611_length_196_cov_101.855670	109	169	79	1	60	0.0166667
NODE_301611_length_196_cov_101.855670	109	169	84	1	60	0.0166667
NODE_301611_length_196_cov_101.855670	109	169	85	1	60	0.0166667
NODE_301611_length_196_cov_101.855670	109	169	90	2	60	0.0333333
NODE_301611_length_196_cov_101.855670	109	169	94	1	60	0.0166667
NODE_301611_length_196_cov_101.855670	109	169	98	1	60	0.0166667
NODE_301611_length_196_cov_101.855670	109	169	101	1	60	0.0166667
NODE_301611_length_196_cov_101.855670	109	169	104	1	60	0.0166667
NODE_301611_length_196_cov_101.855670	109	169	106	1	60	0.0166667
NODE_301611_length_196_cov_101.855670	109	169	108	3	60	0.0500000
NODE_301611_length_196_cov_101.855670	109	169	116	1	60	0.0166667
NODE_301611_length_196_cov_101.855670	109	169	118	1	60	0.0166667
NODE_301611_length_196_cov_101.855670	109	169	124	2	60	0.0333333
NODE_301611_length_196_cov_101.855670	109	169	128	2	60	0.0333333
NODE_301611_length_196_cov_101.855670	109	169	136	1	60	0.0166667
NODE_301611_length_196_cov_101.855670	109	169	138	2	60	0.0333333
NODE_301611_length_196_cov_101.855670	109	169	140	1	60	0.0166667
NODE_301611_length_196_cov_101.855670	109	169	148	1	60	0.0166667
NODE_301611_length_196_cov_101.855670	109	169	150	4	60	0.0666667
NODE_301611_length_196_cov_101.855670	109	169	153	2	60	0.0333333
NODE_301611_length_196_cov_101.855670	109	169	161	2	60	0.0333333
NODE_301611_length_196_cov_101.855670	109	169	163	1	60	0.0166667
NODE_301611_length_196_cov_101.855670	109	169	167	2	60	0.0333333
NODE_301611_length_196_cov_101.855670	109	169	169	3	60	0.0500000
NODE_301611_length_196_cov_101.855670	109	169	171	4	60	0.0666667
NODE_301613_length_196_cov_100.618557	129	196	2	2	67	0.0298507
NODE_301613_length_196_cov_100.618557	129	196	6	12	67	0.1791045
NODE_301613_length_196_cov_100.618557	129	196	7	2	67	0.0298507
NODE_301613_length_196_cov_100.618557	129	196	9	4	67	0.0597015
NODE_301613_length_196_cov_100.618557	129	196	11	5	67	0.0746269
NODE_301613_length_196_cov_100.618557	129	196	14	8	67	0.1194030
NODE_301613_length_196_cov_100.618557	129	196	16	2	67	0.0298507
NODE_301613_length_196_cov_100.618557	129	196	18	2	67	0.0298507
NODE_301613_length_196_cov_100.618557	129	196	22	4	67	0.0597015
NODE_301613_length_196_cov_100.618557	129	196	24	2	67	0.0298507
NODE_301613_length_196_cov_100.618557	129	196	26	5	67	0.0746269
NODE_301613_length_196_cov_100.618557	129	196	28	5	67	0.0746269
NODE_301613_length_196_cov_100.618557	129	196	30	4	67	0.0597015
NODE_301613_length_196_cov_100.618557	129	196	34	2	67	0.0298507
NODE_301613_length_196_cov_100.618557	129	196	36	2	67	0.0298507
NODE_301613_length_196_cov_100.618557	129	196	38	3	67	0.0447761
NODE_301613_length_196_cov_100.618557	129	196	40	3	67	0.0447761
NODE_301618_length_196_cov_67.268041	8	88	17	21	80	0.2625000
NODE_301618_length_196_cov_67.268041	8	88	19	11	80	0.1375000
NODE_301618_length_196_cov_67.268041	8	88	22	1	80	0.0125000
NODE_301618_length_196_cov_67.268041	8	88	24	2	80	0.0250000
NODE_301618_length_196_cov_67.268041	8	88	25	4	80	0.0500000
NODE_301618_length_196_cov_67.268041	8	88	29	2	80	0.0250000
NODE_301618_length_196_cov_67.268041	8	88	33	2	80	0.0250000
NODE_301618_length_196_cov_67.268041	8	88	35	1	80	0.0125000
NODE_301618_length_196_cov_67.268041	8	88	44	1	80	0.0125000
NODE_301618_length_196_cov_67.268041	8	88	45	2	80	0.0250000
NODE_301618_length_196_cov_67.268041	8	88	53	33	80	0.4125000
NODE_301618_length_196_cov_67.268041	61	124	51	5	63	0.0793651
NODE_301618_length_196_cov_67.268041	61	124	53	58	63	0.9206349
NODE_301629_length_196_cov_40.195876	101	184	2	8	83	0.0963855
NODE_301629_length_196_cov_40.195876	101	184	4	24	83	0.2891566
NODE_301629_length_196_cov_40.195876	101	184	12	14	83	0.1686747
NODE_301629_length_196_cov_40.195876	101	184	14	1	83	0.0120482
NODE_301629_length_196_cov_40.195876	101	184	16	2	83	0.0240964
NODE_301629_length_196_cov_40.195876	101	184	18	2	83	0.0240964
NODE_301629_length_196_cov_40.195876	101	184	20	32	83	0.3855422
NODE_301704_length_194_cov_63.252632	12	78	0	8	66	0.1212121
NODE_301704_length_194_cov_63.252632	12	78	5	1	66	0.0151515
NODE_301704_length_194_cov_63.252632	12	78	6	3	66	0.0454545
NODE_301704_length_194_cov_63.252632	12	78	10	6	66	0.0909091
NODE_301704_length_194_cov_63.252632	12	78	14	1	66	0.0151515
NODE_301704_length_194_cov_63.252632	12	78	22	3	66	0.0454545
NODE_301704_length_194_cov_63.252632	12	78	24	1	66	0.0151515
NODE_301704_length_194_cov_63.252632	12	78	26	4	66	0.0606061
NODE_301704_length_194_cov_63.252632	12	78	28	1	66	0.0151515
NODE_301704_length_194_cov_63.252632	12	78	30	7	66	0.1060606
NODE_301704_length_194_cov_63.252632	12	78	38	3	66	0.0454545
NODE_301704_length_194_cov_63.252632	12	78	47	1	66	0.0151515
NODE_301704_length_194_cov_63.252632	12	78	50	1	66	0.0151515
NODE_301704_length_194_cov_63.252632	12	78	52	5	66	0.0757576
NODE_301704_length_194_cov_63.252632	12	78	54	3	66	0.0454545
NODE_301704_length_194_cov_63.252632	12	78	56	1	66	0.0151515
NODE_301704_length_194_cov_63.252632	12	78	62	2	66	0.0303030
NODE_301704_length_194_cov_63.252632	12	78	72	2	66	0.0303030
NODE_301704_length_194_cov_63.252632	12	78	76	2	66	0.0303030
NODE_301704_length_194_cov_63.252632	12	78	80	1	66	0.0151515
NODE_301704_length_194_cov_63.252632	12	78	82	1	66	0.0151515
NODE_301704_length_194_cov_63.252632	12	78	84	2	66	0.0303030
NODE_301704_length_194_cov_63.252632	12	78	86	1	66	0.0151515
NODE_301704_length_194_cov_63.252632	12	78	87	1	66	0.0151515
NODE_301704_length_194_cov_63.252632	12	78	92	3	66	0.0454545
NODE_301704_length_194_cov_63.252632	12	78	94	2	66	0.0303030
NODE_301704_length_194_cov_63.252632	51	112	50	1	61	0.0163934
NODE_301704_length_194_cov_63.252632	51	112	52	5	61	0.0819672
NODE_301704_length_194_cov_63.252632	51	112	54	3	61	0.0491803
NODE_301704_length_194_cov_63.252632	51	112	56	1	61	0.0163934
NODE_301704_length_194_cov_63.252632	51	112	62	2	61	0.0327869
NODE_301704_length_194_cov_63.252632	51	112	72	2	61	0.0327869
NODE_301704_length_194_cov_63.252632	51	112	76	2	61	0.0327869
NODE_301704_length_194_cov_63.252632	51	112	80	1	61	0.0163934
NODE_301704_length_194_cov_63.252632	51	112	82	1	61	0.0163934
NODE_301704_length_194_cov_63.252632	51	112	84	2	61	0.0327869
NODE_301704_length_194_cov_63.252632	51	112	86	1	61	0.0163934
NODE_301704_length_194_cov_63.252632	51	112	87	1	61	0.0163934
NODE_301704_length_194_cov_63.252632	51	112	92	3	61	0.0491803
NODE_301704_length_194_cov_63.252632	51	112	93	23	61	0.3770492
NODE_301704_length_194_cov_63.252632	51	112	94	13	61	0.2131148
NODE_301704_length_194_cov_63.252632	51	99	50	1	48	0.0208333
NODE_301704_length_194_cov_63.252632	51	99	52	5	48	0.1041667
NODE_301704_length_194_cov_63.252632	51	99	54	3	48	0.0625000
NODE_301704_length_194_cov_63.252632	51	99	56	1	48	0.0208333
NODE_301704_length_194_cov_63.252632	51	99	62	2	48	0.0416667
NODE_301704_length_194_cov_63.252632	51	99	72	2	48	0.0416667
NODE_301704_length_194_cov_63.252632	51	99	76	2	48	0.0416667
NODE_301704_length_194_cov_63.252632	51	99	80	1	48	0.0208333
NODE_301704_length_194_cov_63.252632	51	99	82	1	48	0.0208333
NODE_301704_length_194_cov_63.252632	51	99	84	2	48	0.0416667
NODE_301704_length_194_cov_63.252632	51	99	86	1	48	0.0208333
NODE_301704_length_194_cov_63.252632	51	99	87	1	48	0.0208333
NODE_301704_length_194_cov_63.252632	51	99	92	3	48	0.0625000
NODE_301704_length_194_cov_63.252632	51	99	93	10	48	0.2083333
NODE_301704_length_194_cov_63.252632	51	99	94	13	48	0.2708333
NODE_301704_length_194_cov_63.252632	51	112	50	1	61	0.0163934
NODE_301704_length_194_cov_63.252632	51	112	52	5	61	0.0819672
NODE_301704_length_194_cov_63.252632	51	112	54	3	61	0.0491803
NODE_301704_length_194_cov_63.252632	51	112	56	1	61	0.0163934
NODE_301704_length_194_cov_63.252632	51	112	62	2	61	0.0327869
NODE_301704_length_194_cov_63.252632	51	112	72	2	61	0.0327869
NODE_301704_length_194_cov_63.252632	51	112	76	2	61	0.0327869
NODE_301704_length_194_cov_63.252632	51	112	80	1	61	0.0163934
NODE_301704_length_194_cov_63.252632	51	112	82	1	61	0.0163934
NODE_301704_length_194_cov_63.252632	51	112	84	2	61	0.0327869
NODE_301704_length_194_cov_63.252632	51	112	86	1	61	0.0163934
NODE_301704_length_194_cov_63.252632	51	112	87	1	61	0.0163934
NODE_301704_length_194_cov_63.252632	51	112	92	3	61	0.0491803
NODE_301704_length_194_cov_63.252632	51	112	93	23	61	0.3770492
NODE_301704_length_194_cov_63.252632	51	112	94	13	61	0.2131148
NODE_301708_length_194_cov_35.010526	95	162	21	14	67	0.2089552
NODE_301708_length_194_cov_35.010526	95	162	31	5	67	0.0746269
NODE_301708_length_194_cov_35.010526	95	162	35	1	67	0.0149254
NODE_301708_length_194_cov_35.010526	95	162	41	12	67	0.1791045
NODE_301708_length_194_cov_35.010526	95	162	42	35	67	0.5223880
NODE_301708_length_194_cov_35.010526	95	162	21	14	67	0.2089552
NODE_301708_length_194_cov_35.010526	95	162	31	5	67	0.0746269
NODE_301708_length_194_cov_35.010526	95	162	35	1	67	0.0149254
NODE_301708_length_194_cov_35.010526	95	162	41	12	67	0.1791045
NODE_301708_length_194_cov_35.010526	95	162	42	35	67	0.5223880
NODE_301708_length_194_cov_35.010526	135	184	9	12	49	0.2448980
NODE_301708_length_194_cov_35.010526	135	184	19	1	49	0.0204082
NODE_301708_length_194_cov_35.010526	135	184	20	4	49	0.0816327
NODE_301708_length_194_cov_35.010526	135	184	21	19	49	0.3877551
NODE_301708_length_194_cov_35.010526	135	184	31	5	49	0.1020408
NODE_301708_length_194_cov_35.010526	135	184	35	1	49	0.0204082
NODE_301708_length_194_cov_35.010526	135	184	41	7	49	0.1428571
NODE_301714_length_194_cov_9.978947	153	194	0	41	41	1.0000000
NODE_301727_length_193_cov_117.170213	21	93	36	4	72	0.0555556
NODE_301727_length_193_cov_117.170213	21	93	37	1	72	0.0138889
NODE_301727_length_193_cov_117.170213	21	93	38	1	72	0.0138889
NODE_301727_length_193_cov_117.170213	21	93	39	2	72	0.0277778
NODE_301727_length_193_cov_117.170213	21	93	42	2	72	0.0277778
NODE_301727_length_193_cov_117.170213	21	93	46	3	72	0.0416667
NODE_301727_length_193_cov_117.170213	21	93	47	4	72	0.0555556
NODE_301727_length_193_cov_117.170213	21	93	49	3	72	0.0416667
NODE_301727_length_193_cov_117.170213	21	93	53	2	72	0.0277778
NODE_301727_length_193_cov_117.170213	21	93	54	1	72	0.0138889
NODE_301727_length_193_cov_117.170213	21	93	55	1	72	0.0138889
NODE_301727_length_193_cov_117.170213	21	93	58	1	72	0.0138889
NODE_301727_length_193_cov_117.170213	21	93	64	4	72	0.0555556
NODE_301727_length_193_cov_117.170213	21	93	66	1	72	0.0138889
NODE_301727_length_193_cov_117.170213	21	93	70	1	72	0.0138889
NODE_301727_length_193_cov_117.170213	21	93	82	2	72	0.0277778
NODE_301727_length_193_cov_117.170213	21	93	88	6	72	0.0833333
NODE_301727_length_193_cov_117.170213	21	93	90	1	72	0.0138889
NODE_301727_length_193_cov_117.170213	21	93	96	9	72	0.1250000
NODE_301727_length_193_cov_117.170213	21	93	98	2	72	0.0277778
NODE_301727_length_193_cov_117.170213	21	93	100	21	72	0.2916667
NODE_301727_length_193_cov_117.170213	41	121	53	2	80	0.0250000
NODE_301727_length_193_cov_117.170213	41	121	54	1	80	0.0125000
NODE_301727_length_193_cov_117.170213	41	121	55	1	80	0.0125000
NODE_301727_length_193_cov_117.170213	41	121	58	1	80	0.0125000
NODE_301727_length_193_cov_117.170213	41	121	64	4	80	0.0500000
NODE_301727_length_193_cov_117.170213	41	121	66	1	80	0.0125000
NODE_301727_length_193_cov_117.170213	41	121	70	1	80	0.0125000
NODE_301727_length_193_cov_117.170213	41	121	82	2	80	0.0250000
NODE_301727_length_193_cov_117.170213	41	121	86	2	80	0.0250000
NODE_301727_length_193_cov_117.170213	41	121	88	6	80	0.0750000
NODE_301727_length_193_cov_117.170213	41	121	90	1	80	0.0125000
NODE_301727_length_193_cov_117.170213	41	121	92	4	80	0.0500000
NODE_301727_length_193_cov_117.170213	41	121	96	13	80	0.1625000
NODE_301727_length_193_cov_117.170213	41	121	98	2	80	0.0250000
NODE_301727_length_193_cov_117.170213	41	121	100	39	80	0.4875000
NODE_301729_length_193_cov_54.734043	108	188	0	12	80	0.1500000
NODE_301729_length_193_cov_54.734043	108	188	2	19	80	0.2375000
NODE_301729_length_193_cov_54.734043	108	188	6	4	80	0.0500000
NODE_301729_length_193_cov_54.734043	108	188	8	3	80	0.0375000
NODE_301729_length_193_cov_54.734043	108	188	12	1	80	0.0125000
NODE_301729_length_193_cov_54.734043	108	188	14	41	80	0.5125000
NODE_301729_length_193_cov_54.734043	161	183	0	7	22	0.3181818
NODE_301729_length_193_cov_54.734043	161	183	2	15	22	0.6818182
NODE_301735_length_193_cov_30.638298	108	188	42	1	80	0.0125000
NODE_301735_length_193_cov_30.638298	108	188	46	1	80	0.0125000
NODE_301735_length_193_cov_30.638298	108	188	47	1	80	0.0125000
NODE_301735_length_193_cov_30.638298	108	188	48	1	80	0.0125000
NODE_301735_length_193_cov_30.638298	108	188	66	3	80	0.0375000
NODE_301735_length_193_cov_30.638298	108	188	68	2	80	0.0250000
NODE_301735_length_193_cov_30.638298	108	188	70	3	80	0.0375000
NODE_301735_length_193_cov_30.638298	108	188	74	1	80	0.0125000
NODE_301735_length_193_cov_30.638298	108	188	87	1	80	0.0125000
NODE_301735_length_193_cov_30.638298	108	188	94	1	80	0.0125000
NODE_301735_length_193_cov_30.638298	108	188	95	5	80	0.0625000
NODE_301735_length_193_cov_30.638298	108	188	96	3	80	0.0375000
NODE_301735_length_193_cov_30.638298	108	188	98	1	80	0.0125000
NODE_301735_length_193_cov_30.638298	108	188	99	3	80	0.0375000
NODE_301735_length_193_cov_30.638298	108	188	101	1	80	0.0125000
NODE_301735_length_193_cov_30.638298	108	188	103	2	80	0.0250000
NODE_301735_length_193_cov_30.638298	108	188	104	6	80	0.0750000
NODE_301735_length_193_cov_30.638298	108	188	105	2	80	0.0250000
NODE_301735_length_193_cov_30.638298	108	188	106	8	80	0.1000000
NODE_301735_length_193_cov_30.638298	108	188	108	16	80	0.2000000
NODE_301735_length_193_cov_30.638298	108	188	109	4	80	0.0500000
NODE_301735_length_193_cov_30.638298	108	188	110	14	80	0.1750000
NODE_301735_length_193_cov_30.638298	161	183	66	2	22	0.0909091
NODE_301735_length_193_cov_30.638298	161	183	68	2	22	0.0909091
NODE_301735_length_193_cov_30.638298	161	183	70	3	22	0.1363636
NODE_301735_length_193_cov_30.638298	161	183	74	1	22	0.0454545
NODE_301735_length_193_cov_30.638298	161	183	87	1	22	0.0454545
NODE_301735_length_193_cov_30.638298	161	183	94	1	22	0.0454545
NODE_301735_length_193_cov_30.638298	161	183	95	5	22	0.2272727
NODE_301735_length_193_cov_30.638298	161	183	96	3	22	0.1363636
NODE_301735_length_193_cov_30.638298	161	183	98	1	22	0.0454545
NODE_301735_length_193_cov_30.638298	161	183	99	3	22	0.1363636
NODE_301737_length_193_cov_29.968085	0	45	0	2	45	0.0444444
NODE_301737_length_193_cov_29.968085	0	45	2	10	45	0.2222222
NODE_301737_length_193_cov_29.968085	0	45	6	3	45	0.0666667
NODE_301737_length_193_cov_29.968085	0	45	12	6	45	0.1333333
NODE_301737_length_193_cov_29.968085	0	45	18	4	45	0.0888889
NODE_301737_length_193_cov_29.968085	0	45	31	1	45	0.0222222
NODE_301737_length_193_cov_29.968085	0	45	35	1	45	0.0222222
NODE_301737_length_193_cov_29.968085	0	45	36	7	45	0.1555556
NODE_301737_length_193_cov_29.968085	0	45	38	2	45	0.0444444
NODE_301737_length_193_cov_29.968085	0	45	40	9	45	0.2000000
NODE_301737_length_193_cov_29.968085	8	57	2	4	49	0.0816327
NODE_301737_length_193_cov_29.968085	8	57	6	3	49	0.0612245
NODE_301737_length_193_cov_29.968085	8	57	12	6	49	0.1224490
NODE_301737_length_193_cov_29.968085	8	57	18	4	49	0.0816327
NODE_301737_length_193_cov_29.968085	8	57	31	1	49	0.0204082
NODE_301737_length_193_cov_29.968085	8	57	35	1	49	0.0204082
NODE_301737_length_193_cov_29.968085	8	57	36	7	49	0.1428571
NODE_301737_length_193_cov_29.968085	8	57	38	2	49	0.0408163
NODE_301737_length_193_cov_29.968085	8	57	40	11	49	0.2244898
NODE_301737_length_193_cov_29.968085	8	57	52	3	49	0.0612245
NODE_301737_length_193_cov_29.968085	8	57	58	7	49	0.1428571
NODE_301737_length_193_cov_29.968085	30	98	36	4	68	0.0588235
NODE_301737_length_193_cov_29.968085	30	98	38	2	68	0.0294118
NODE_301737_length_193_cov_29.968085	30	98	40	11	68	0.1617647
NODE_301737_length_193_cov_29.968085	30	98	52	3	68	0.0441176
NODE_301737_length_193_cov_29.968085	30	98	58	15	68	0.2205882
NODE_301737_length_193_cov_29.968085	30	98	60	4	68	0.0588235
NODE_301737_length_193_cov_29.968085	30	98	62	1	68	0.0147059
NODE_301737_length_193_cov_29.968085	30	98	64	7	68	0.1029412
NODE_301737_length_193_cov_29.968085	30	98	65	6	68	0.0882353
NODE_301737_length_193_cov_29.968085	30	98	71	15	68	0.2205882
NODE_301737_length_193_cov_29.968085	30	98	36	4	68	0.0588235
NODE_301737_length_193_cov_29.968085	30	98	38	2	68	0.0294118
NODE_301737_length_193_cov_29.968085	30	98	40	11	68	0.1617647
NODE_301737_length_193_cov_29.968085	30	98	52	3	68	0.0441176
NODE_301737_length_193_cov_29.968085	30	98	58	15	68	0.2205882
NODE_301737_length_193_cov_29.968085	30	98	60	4	68	0.0588235
NODE_301737_length_193_cov_29.968085	30	98	62	1	68	0.0147059
NODE_301737_length_193_cov_29.968085	30	98	64	7	68	0.1029412
NODE_301737_length_193_cov_29.968085	30	98	65	6	68	0.0882353
NODE_301737_length_193_cov_29.968085	30	98	71	15	68	0.2205882
NODE_301737_length_193_cov_29.968085	30	98	36	4	68	0.0588235
NODE_301737_length_193_cov_29.968085	30	98	38	2	68	0.0294118
NODE_301737_length_193_cov_29.968085	30	98	40	11	68	0.1617647
NODE_301737_length_193_cov_29.968085	30	98	52	3	68	0.0441176
NODE_301737_length_193_cov_29.968085	30	98	58	15	68	0.2205882
NODE_301737_length_193_cov_29.968085	30	98	60	4	68	0.0588235
NODE_301737_length_193_cov_29.968085	30	98	62	1	68	0.0147059
NODE_301737_length_193_cov_29.968085	30	98	64	7	68	0.1029412
NODE_301737_length_193_cov_29.968085	30	98	65	6	68	0.0882353
NODE_301737_length_193_cov_29.968085	30	98	71	15	68	0.2205882
NODE_301737_length_193_cov_29.968085	146	188	2	6	42	0.1428571
NODE_301737_length_193_cov_29.968085	146	188	8	3	42	0.0714286
NODE_301737_length_193_cov_29.968085	146	188	20	6	42	0.1428571
NODE_301737_length_193_cov_29.968085	146	188	24	1	42	0.0238095
NODE_301737_length_193_cov_29.968085	146	188	26	3	42	0.0714286
NODE_301737_length_193_cov_29.968085	146	188	28	4	42	0.0952381
NODE_301737_length_193_cov_29.968085	146	188	39	1	42	0.0238095
NODE_301737_length_193_cov_29.968085	146	188	40	5	42	0.1190476
NODE_301737_length_193_cov_29.968085	146	188	46	6	42	0.1428571
NODE_301737_length_193_cov_29.968085	146	188	49	7	42	0.1666667
NODE_301776_length_192_cov_160.258065	0	76	5	1	76	0.0131579
NODE_301776_length_192_cov_160.258065	0	76	16	1	76	0.0131579
NODE_301776_length_192_cov_160.258065	0	76	20	1	76	0.0131579
NODE_301776_length_192_cov_160.258065	0	76	22	1	76	0.0131579
NODE_301776_length_192_cov_160.258065	0	76	23	1	76	0.0131579
NODE_301776_length_192_cov_160.258065	0	76	27	1	76	0.0131579
NODE_301776_length_192_cov_160.258065	0	76	29	1	76	0.0131579
NODE_301776_length_192_cov_160.258065	0	76	30	2	76	0.0263158
NODE_301776_length_192_cov_160.258065	0	76	33	1	76	0.0131579
NODE_301776_length_192_cov_160.258065	0	76	37	1	76	0.0131579
NODE_301776_length_192_cov_160.258065	0	76	42	1	76	0.0131579
NODE_301776_length_192_cov_160.258065	0	76	46	2	76	0.0263158
NODE_301776_length_192_cov_160.258065	0	76	48	4	76	0.0526316
NODE_301776_length_192_cov_160.258065	0	76	50	1	76	0.0131579
NODE_301776_length_192_cov_160.258065	0	76	54	1	76	0.0131579
NODE_301776_length_192_cov_160.258065	0	76	56	2	76	0.0263158
NODE_301776_length_192_cov_160.258065	0	76	58	1	76	0.0131579
NODE_301776_length_192_cov_160.258065	0	76	59	1	76	0.0131579
NODE_301776_length_192_cov_160.258065	0	76	60	1	76	0.0131579
NODE_301776_length_192_cov_160.258065	0	76	62	1	76	0.0131579
NODE_301776_length_192_cov_160.258065	0	76	64	1	76	0.0131579
NODE_301776_length_192_cov_160.258065	0	76	66	1	76	0.0131579
NODE_301776_length_192_cov_160.258065	0	76	68	3	76	0.0394737
NODE_301776_length_192_cov_160.258065	0	76	72	5	76	0.0657895
NODE_301776_length_192_cov_160.258065	0	76	74	1	76	0.0131579
NODE_301776_length_192_cov_160.258065	0	76	77	2	76	0.0263158
NODE_301776_length_192_cov_160.258065	0	76	79	1	76	0.0131579
NODE_301776_length_192_cov_160.258065	0	76	80	2	76	0.0263158
NODE_301776_length_192_cov_160.258065	0	76	84	1	76	0.0131579
NODE_301776_length_192_cov_160.258065	0	76	88	1	76	0.0131579
NODE_301776_length_192_cov_160.258065	0	76	91	1	76	0.0131579
NODE_301776_length_192_cov_160.258065	0	76	92	1	76	0.0131579
NODE_301776_length_192_cov_160.258065	0	76	100	1	76	0.0131579
NODE_301776_length_192_cov_160.258065	0	76	102	3	76	0.0394737
NODE_301776_length_192_cov_160.258065	0	76	103	1	76	0.0131579
NODE_301776_length_192_cov_160.258065	0	76	104	1	76	0.0131579
NODE_301776_length_192_cov_160.258065	0	76	108	1	76	0.0131579
NODE_301776_length_192_cov_160.258065	0	76	112	1	76	0.0131579
NODE_301776_length_192_cov_160.258065	0	76	114	2	76	0.0263158
NODE_301776_length_192_cov_160.258065	0	76	116	3	76	0.0394737
NODE_301776_length_192_cov_160.258065	0	76	118	2	76	0.0263158
NODE_301776_length_192_cov_160.258065	0	76	125	1	76	0.0131579
NODE_301776_length_192_cov_160.258065	0	76	131	1	76	0.0131579
NODE_301776_length_192_cov_160.258065	0	76	135	1	76	0.0131579
NODE_301776_length_192_cov_160.258065	0	76	143	1	76	0.0131579
NODE_301776_length_192_cov_160.258065	0	76	145	1	76	0.0131579
NODE_301776_length_192_cov_160.258065	0	76	149	1	76	0.0131579
NODE_301776_length_192_cov_160.258065	0	76	155	1	76	0.0131579
NODE_301776_length_192_cov_160.258065	0	76	157	1	76	0.0131579
NODE_301776_length_192_cov_160.258065	0	76	165	1	76	0.0131579
NODE_301776_length_192_cov_160.258065	0	76	167	1	76	0.0131579
NODE_301776_length_192_cov_160.258065	0	76	181	1	76	0.0131579
NODE_301776_length_192_cov_160.258065	0	76	183	1	76	0.0131579
NODE_301776_length_192_cov_160.258065	0	76	189	2	76	0.0263158
NODE_301776_length_192_cov_160.258065	0	76	190	1	76	0.0131579
NODE_301825_length_191_cov_92.913043	81	144	9	63	63	1.0000000
NODE_301855_length_190_cov_112.285714	8	91	0	83	83	1.0000000
NODE_301859_length_190_cov_41.373626	92	172	21	2	80	0.0250000
NODE_301859_length_190_cov_41.373626	92	172	22	16	80	0.2000000
NODE_301859_length_190_cov_41.373626	92	172	24	2	80	0.0250000
NODE_301859_length_190_cov_41.373626	92	172	28	8	80	0.1000000
NODE_301859_length_190_cov_41.373626	92	172	30	3	80	0.0375000
NODE_301859_length_190_cov_41.373626	92	172	34	2	80	0.0250000
NODE_301859_length_190_cov_41.373626	92	172	36	1	80	0.0125000
NODE_301859_length_190_cov_41.373626	92	172	38	12	80	0.1500000
NODE_301859_length_190_cov_41.373626	92	172	40	1	80	0.0125000
NODE_301859_length_190_cov_41.373626	92	172	42	10	80	0.1250000
NODE_301859_length_190_cov_41.373626	92	172	48	2	80	0.0250000
NODE_301859_length_190_cov_41.373626	92	172	50	21	80	0.2625000
NODE_301859_length_190_cov_41.373626	145	190	0	2	45	0.0444444
NODE_301859_length_190_cov_41.373626	145	190	2	1	45	0.0222222
NODE_301859_length_190_cov_41.373626	145	190	6	4	45	0.0888889
NODE_301859_length_190_cov_41.373626	145	190	8	4	45	0.0888889
NODE_301859_length_190_cov_41.373626	145	190	12	1	45	0.0222222
NODE_301859_length_190_cov_41.373626	145	190	20	6	45	0.1333333
NODE_301859_length_190_cov_41.373626	145	190	21	2	45	0.0444444
NODE_301859_length_190_cov_41.373626	145	190	22	16	45	0.3555556
NODE_301859_length_190_cov_41.373626	145	190	24	2	45	0.0444444
NODE_301859_length_190_cov_41.373626	145	190	28	7	45	0.1555556
NODE_301880_length_189_cov_234.500000	19	88	0	39	69	0.5652174
NODE_301880_length_189_cov_234.500000	19	88	2	30	69	0.4347826
NODE_301882_length_189_cov_192.211111	134	186	5	5	52	0.0961538
NODE_301882_length_189_cov_192.211111	134	186	9	2	52	0.0384615
NODE_301882_length_189_cov_192.211111	134	186	11	2	52	0.0384615
NODE_301882_length_189_cov_192.211111	134	186	15	3	52	0.0576923
NODE_301882_length_189_cov_192.211111	134	186	17	2	52	0.0384615
NODE_301882_length_189_cov_192.211111	134	186	21	4	52	0.0769231
NODE_301882_length_189_cov_192.211111	134	186	23	10	52	0.1923077
NODE_301882_length_189_cov_192.211111	134	186	25	9	52	0.1730769
NODE_301882_length_189_cov_192.211111	134	186	26	12	52	0.2307692
NODE_301882_length_189_cov_192.211111	134	186	28	3	52	0.0576923
NODE_301885_length_189_cov_70.600000	19	88	0	69	69	1.0000000
NODE_301885_length_189_cov_70.600000	72	156	0	84	84	1.0000000
NODE_301886_length_189_cov_63.455556	70	150	189	1	80	0.0125000
NODE_301886_length_189_cov_63.455556	70	150	191	1	80	0.0125000
NODE_301886_length_189_cov_63.455556	70	150	205	2	80	0.0250000
NODE_301886_length_189_cov_63.455556	70	150	207	2	80	0.0250000
NODE_301886_length_189_cov_63.455556	70	150	209	1	80	0.0125000
NODE_301886_length_189_cov_63.455556	70	150	217	1	80	0.0125000
NODE_301886_length_189_cov_63.455556	70	150	231	5	80	0.0625000
NODE_301886_length_189_cov_63.455556	70	150	233	5	80	0.0625000
NODE_301886_length_189_cov_63.455556	70	150	238	1	80	0.0125000
NODE_301886_length_189_cov_63.455556	70	150	242	5	80	0.0625000
NODE_301886_length_189_cov_63.455556	70	150	250	1	80	0.0125000
NODE_301886_length_189_cov_63.455556	70	150	252	2	80	0.0250000
NODE_301886_length_189_cov_63.455556	70	150	254	3	80	0.0375000
NODE_301886_length_189_cov_63.455556	70	150	256	4	80	0.0500000
NODE_301886_length_189_cov_63.455556	70	150	260	1	80	0.0125000
NODE_301886_length_189_cov_63.455556	70	150	261	1	80	0.0125000
NODE_301886_length_189_cov_63.455556	70	150	265	1	80	0.0125000
NODE_301886_length_189_cov_63.455556	70	150	266	1	80	0.0125000
NODE_301886_length_189_cov_63.455556	70	150	267	1	80	0.0125000
NODE_301886_length_189_cov_63.455556	70	150	269	2	80	0.0250000
NODE_301886_length_189_cov_63.455556	70	150	273	2	80	0.0250000
NODE_301886_length_189_cov_63.455556	70	150	274	1	80	0.0125000
NODE_301886_length_189_cov_63.455556	70	150	277	1	80	0.0125000
NODE_301886_length_189_cov_63.455556	70	150	279	1	80	0.0125000
NODE_301886_length_189_cov_63.455556	70	150	280	1	80	0.0125000
NODE_301886_length_189_cov_63.455556	70	150	281	3	80	0.0375000
NODE_301886_length_189_cov_63.455556	70	150	283	1	80	0.0125000
NODE_301886_length_189_cov_63.455556	70	150	287	1	80	0.0125000
NODE_301886_length_189_cov_63.455556	70	150	289	1	80	0.0125000
NODE_301886_length_189_cov_63.455556	70	150	291	1	80	0.0125000
NODE_301886_length_189_cov_63.455556	70	150	293	1	80	0.0125000
NODE_301886_length_189_cov_63.455556	70	150	294	1	80	0.0125000
NODE_301886_length_189_cov_63.455556	70	150	296	2	80	0.0250000
NODE_301886_length_189_cov_63.455556	70	150	297	19	80	0.2375000
NODE_301886_length_189_cov_63.455556	70	150	299	3	80	0.0375000
NODE_301886_length_189_cov_63.455556	70	141	231	4	71	0.0563380
NODE_301886_length_189_cov_63.455556	70	141	233	5	71	0.0704225
NODE_301886_length_189_cov_63.455556	70	141	238	1	71	0.0140845
NODE_301886_length_189_cov_63.455556	70	141	242	5	71	0.0704225
NODE_301886_length_189_cov_63.455556	70	141	250	1	71	0.0140845
NODE_301886_length_189_cov_63.455556	70	141	252	2	71	0.0281690
NODE_301886_length_189_cov_63.455556	70	141	254	3	71	0.0422535
NODE_301886_length_189_cov_63.455556	70	141	256	4	71	0.0563380
NODE_301886_length_189_cov_63.455556	70	141	260	1	71	0.0140845
NODE_301886_length_189_cov_63.455556	70	141	261	1	71	0.0140845
NODE_301886_length_189_cov_63.455556	70	141	265	1	71	0.0140845
NODE_301886_length_189_cov_63.455556	70	141	266	1	71	0.0140845
NODE_301886_length_189_cov_63.455556	70	141	267	1	71	0.0140845
NODE_301886_length_189_cov_63.455556	70	141	269	2	71	0.0281690
NODE_301886_length_189_cov_63.455556	70	141	273	2	71	0.0281690
NODE_301886_length_189_cov_63.455556	70	141	274	1	71	0.0140845
NODE_301886_length_189_cov_63.455556	70	141	277	1	71	0.0140845
NODE_301886_length_189_cov_63.455556	70	141	279	1	71	0.0140845
NODE_301886_length_189_cov_63.455556	70	141	280	1	71	0.0140845
NODE_301886_length_189_cov_63.455556	70	141	281	3	71	0.0422535
NODE_301886_length_189_cov_63.455556	70	141	283	1	71	0.0140845
NODE_301886_length_189_cov_63.455556	70	141	287	1	71	0.0140845
NODE_301886_length_189_cov_63.455556	70	141	289	1	71	0.0140845
NODE_301886_length_189_cov_63.455556	70	141	291	1	71	0.0140845
NODE_301886_length_189_cov_63.455556	70	141	293	1	71	0.0140845
NODE_301886_length_189_cov_63.455556	70	141	294	1	71	0.0140845
NODE_301886_length_189_cov_63.455556	70	141	296	2	71	0.0281690
NODE_301886_length_189_cov_63.455556	70	141	297	19	71	0.2676056
NODE_301886_length_189_cov_63.455556	70	141	299	3	71	0.0422535
NODE_301891_length_189_cov_43.600000	0	73	18	1	73	0.0136986
NODE_301891_length_189_cov_43.600000	0	73	19	1	73	0.0136986
NODE_301891_length_189_cov_43.600000	0	73	28	2	73	0.0273973
NODE_301891_length_189_cov_43.600000	0	73	32	3	73	0.0410959
NODE_301891_length_189_cov_43.600000	0	73	36	1	73	0.0136986
NODE_301891_length_189_cov_43.600000	0	73	37	2	73	0.0273973
NODE_301891_length_189_cov_43.600000	0	73	41	1	73	0.0136986
NODE_301891_length_189_cov_43.600000	0	73	44	3	73	0.0410959
NODE_301891_length_189_cov_43.600000	0	73	46	1	73	0.0136986
NODE_301891_length_189_cov_43.600000	0	73	49	6	73	0.0821918
NODE_301891_length_189_cov_43.600000	0	73	56	1	73	0.0136986
NODE_301891_length_189_cov_43.600000	0	73	58	1	73	0.0136986
NODE_301891_length_189_cov_43.600000	0	73	59	1	73	0.0136986
NODE_301891_length_189_cov_43.600000	0	73	61	2	73	0.0273973
NODE_301891_length_189_cov_43.600000	0	73	63	2	73	0.0273973
NODE_301891_length_189_cov_43.600000	0	73	71	1	73	0.0136986
NODE_301891_length_189_cov_43.600000	0	73	75	1	73	0.0136986
NODE_301891_length_189_cov_43.600000	0	73	79	1	73	0.0136986
NODE_301891_length_189_cov_43.600000	0	73	83	3	73	0.0410959
NODE_301891_length_189_cov_43.600000	0	73	84	2	73	0.0273973
NODE_301891_length_189_cov_43.600000	0	73	86	4	73	0.0547945
NODE_301891_length_189_cov_43.600000	0	73	88	1	73	0.0136986
NODE_301891_length_189_cov_43.600000	0	73	94	4	73	0.0547945
NODE_301891_length_189_cov_43.600000	0	73	96	2	73	0.0273973
NODE_301891_length_189_cov_43.600000	0	73	100	6	73	0.0821918
NODE_301891_length_189_cov_43.600000	0	73	104	1	73	0.0136986
NODE_301891_length_189_cov_43.600000	0	73	105	1	73	0.0136986
NODE_301891_length_189_cov_43.600000	0	73	106	6	73	0.0821918
NODE_301891_length_189_cov_43.600000	0	73	108	1	73	0.0136986
NODE_301891_length_189_cov_43.600000	0	73	110	1	73	0.0136986
NODE_301891_length_189_cov_43.600000	0	73	111	4	73	0.0547945
NODE_301891_length_189_cov_43.600000	0	73	112	6	73	0.0821918
NODE_301940_length_188_cov_2021.561798	108	188	19	1	80	0.0125000
NODE_301940_length_188_cov_2021.561798	108	188	25	1	80	0.0125000
NODE_301940_length_188_cov_2021.561798	108	188	30	1	80	0.0125000
NODE_301940_length_188_cov_2021.561798	108	188	36	1	80	0.0125000
NODE_301940_length_188_cov_2021.561798	108	188	74	2	80	0.0250000
NODE_301940_length_188_cov_2021.561798	108	188	104	1	80	0.0125000
NODE_301940_length_188_cov_2021.561798	108	188	107	1	80	0.0125000
NODE_301940_length_188_cov_2021.561798	108	188	117	1	80	0.0125000
NODE_301940_length_188_cov_2021.561798	108	188	125	1	80	0.0125000
NODE_301940_length_188_cov_2021.561798	108	188	137	1	80	0.0125000
NODE_301940_length_188_cov_2021.561798	108	188	141	1	80	0.0125000
NODE_301940_length_188_cov_2021.561798	108	188	154	1	80	0.0125000
NODE_301940_length_188_cov_2021.561798	108	188	162	1	80	0.0125000
NODE_301940_length_188_cov_2021.561798	108	188	170	1	80	0.0125000
NODE_301940_length_188_cov_2021.561798	108	188	173	3	80	0.0375000
NODE_301940_length_188_cov_2021.561798	108	188	177	1	80	0.0125000
NODE_301940_length_188_cov_2021.561798	108	188	178	4	80	0.0500000
NODE_301940_length_188_cov_2021.561798	108	188	183	1	80	0.0125000
NODE_301940_length_188_cov_2021.561798	108	188	189	1	80	0.0125000
NODE_301940_length_188_cov_2021.561798	108	188	192	1	80	0.0125000
NODE_301940_length_188_cov_2021.561798	108	188	201	1	80	0.0125000
NODE_301940_length_188_cov_2021.561798	108	188	216	1	80	0.0125000
NODE_301940_length_188_cov_2021.561798	108	188	230	1	80	0.0125000
NODE_301940_length_188_cov_2021.561798	108	188	241	1	80	0.0125000
NODE_301940_length_188_cov_2021.561798	108	188	247	1	80	0.0125000
NODE_301940_length_188_cov_2021.561798	108	188	253	2	80	0.0250000
NODE_301940_length_188_cov_2021.561798	108	188	257	1	80	0.0125000
NODE_301940_length_188_cov_2021.561798	108	188	260	1	80	0.0125000
NODE_301940_length_188_cov_2021.561798	108	188	268	1	80	0.0125000
NODE_301940_length_188_cov_2021.561798	108	188	270	1	80	0.0125000
NODE_301940_length_188_cov_2021.561798	108	188	275	1	80	0.0125000
NODE_301940_length_188_cov_2021.561798	108	188	276	1	80	0.0125000
NODE_301940_length_188_cov_2021.561798	108	188	283	1	80	0.0125000
NODE_301940_length_188_cov_2021.561798	108	188	284	1	80	0.0125000
NODE_301940_length_188_cov_2021.561798	108	188	286	2	80	0.0250000
NODE_301940_length_188_cov_2021.561798	108	188	288	3	80	0.0375000
NODE_301940_length_188_cov_2021.561798	108	188	290	2	80	0.0250000
NODE_301940_length_188_cov_2021.561798	108	188	292	1	80	0.0125000
NODE_301940_length_188_cov_2021.561798	108	188	294	2	80	0.0250000
NODE_301940_length_188_cov_2021.561798	108	188	298	2	80	0.0250000
NODE_301940_length_188_cov_2021.561798	108	188	302	2	80	0.0250000
NODE_301940_length_188_cov_2021.561798	108	188	306	2	80	0.0250000
NODE_301940_length_188_cov_2021.561798	108	188	308	1	80	0.0125000
NODE_301940_length_188_cov_2021.561798	108	188	316	1	80	0.0125000
NODE_301940_length_188_cov_2021.561798	108	188	318	1	80	0.0125000
NODE_301940_length_188_cov_2021.561798	108	188	320	1	80	0.0125000
NODE_301940_length_188_cov_2021.561798	108	188	324	2	80	0.0250000
NODE_301940_length_188_cov_2021.561798	108	188	333	1	80	0.0125000
NODE_301940_length_188_cov_2021.561798	108	188	335	2	80	0.0250000
NODE_301940_length_188_cov_2021.561798	108	188	343	4	80	0.0500000
NODE_301940_length_188_cov_2021.561798	108	188	347	1	80	0.0125000
NODE_301940_length_188_cov_2021.561798	108	188	349	1	80	0.0125000
NODE_301940_length_188_cov_2021.561798	108	188	355	1	80	0.0125000
NODE_301940_length_188_cov_2021.561798	108	188	359	7	80	0.0875000
NODE_301940_length_188_cov_2021.561798	161	183	74	1	22	0.0454545
NODE_301940_length_188_cov_2021.561798	161	183	104	1	22	0.0454545
NODE_301940_length_188_cov_2021.561798	161	183	107	1	22	0.0454545
NODE_301940_length_188_cov_2021.561798	161	183	117	1	22	0.0454545
NODE_301940_length_188_cov_2021.561798	161	183	125	1	22	0.0454545
NODE_301940_length_188_cov_2021.561798	161	183	137	1	22	0.0454545
NODE_301940_length_188_cov_2021.561798	161	183	141	1	22	0.0454545
NODE_301940_length_188_cov_2021.561798	161	183	154	1	22	0.0454545
NODE_301940_length_188_cov_2021.561798	161	183	162	1	22	0.0454545
NODE_301940_length_188_cov_2021.561798	161	183	170	1	22	0.0454545
NODE_301940_length_188_cov_2021.561798	161	183	173	3	22	0.1363636
NODE_301940_length_188_cov_2021.561798	161	183	177	1	22	0.0454545
NODE_301940_length_188_cov_2021.561798	161	183	178	4	22	0.1818182
NODE_301940_length_188_cov_2021.561798	161	183	183	1	22	0.0454545
NODE_301940_length_188_cov_2021.561798	161	183	189	1	22	0.0454545
NODE_301940_length_188_cov_2021.561798	161	183	192	1	22	0.0454545
NODE_301940_length_188_cov_2021.561798	161	183	201	1	22	0.0454545
NODE_301952_length_188_cov_37.988764	0	50	3	2	50	0.0400000
NODE_301952_length_188_cov_37.988764	0	50	6	1	50	0.0200000
NODE_301952_length_188_cov_37.988764	0	50	7	1	50	0.0200000
NODE_301952_length_188_cov_37.988764	0	50	8	13	50	0.2600000
NODE_301952_length_188_cov_37.988764	0	50	10	4	50	0.0800000
NODE_301952_length_188_cov_37.988764	0	50	14	19	50	0.3800000
NODE_301952_length_188_cov_37.988764	0	50	16	1	50	0.0200000
NODE_301952_length_188_cov_37.988764	0	50	18	1	50	0.0200000
NODE_301952_length_188_cov_37.988764	0	50	19	3	50	0.0600000
NODE_301952_length_188_cov_37.988764	0	50	21	1	50	0.0200000
NODE_301952_length_188_cov_37.988764	0	50	23	1	50	0.0200000
NODE_301952_length_188_cov_37.988764	0	50	25	1	50	0.0200000
NODE_301952_length_188_cov_37.988764	0	50	27	2	50	0.0400000
NODE_301980_length_187_cov_71.170455	124	155	15	4	31	0.1290323
NODE_301980_length_187_cov_71.170455	124	155	17	10	31	0.3225806
NODE_301980_length_187_cov_71.170455	124	155	20	17	31	0.5483871
NODE_301981_length_187_cov_56.000000	72	136	156	4	64	0.0625000
NODE_301981_length_187_cov_56.000000	72	136	162	2	64	0.0312500
NODE_301981_length_187_cov_56.000000	72	136	164	2	64	0.0312500
NODE_301981_length_187_cov_56.000000	72	136	166	2	64	0.0312500
NODE_301981_length_187_cov_56.000000	72	136	170	1	64	0.0156250
NODE_301981_length_187_cov_56.000000	72	136	172	1	64	0.0156250
NODE_301981_length_187_cov_56.000000	72	136	176	1	64	0.0156250
NODE_301981_length_187_cov_56.000000	72	136	186	1	64	0.0156250
NODE_301981_length_187_cov_56.000000	72	136	188	2	64	0.0312500
NODE_301981_length_187_cov_56.000000	72	136	192	1	64	0.0156250
NODE_301981_length_187_cov_56.000000	72	136	197	3	64	0.0468750
NODE_301981_length_187_cov_56.000000	72	136	201	1	64	0.0156250
NODE_301981_length_187_cov_56.000000	72	136	202	1	64	0.0156250
NODE_301981_length_187_cov_56.000000	72	136	204	2	64	0.0312500
NODE_301981_length_187_cov_56.000000	72	136	206	4	64	0.0625000
NODE_301981_length_187_cov_56.000000	72	136	207	13	64	0.2031250
NODE_301981_length_187_cov_56.000000	72	136	208	23	64	0.3593750
NODE_301981_length_187_cov_56.000000	72	136	156	4	64	0.0625000
NODE_301981_length_187_cov_56.000000	72	136	162	2	64	0.0312500
NODE_301981_length_187_cov_56.000000	72	136	164	2	64	0.0312500
NODE_301981_length_187_cov_56.000000	72	136	166	2	64	0.0312500
NODE_301981_length_187_cov_56.000000	72	136	170	1	64	0.0156250
NODE_301981_length_187_cov_56.000000	72	136	172	1	64	0.0156250
NODE_301981_length_187_cov_56.000000	72	136	176	1	64	0.0156250
NODE_301981_length_187_cov_56.000000	72	136	186	1	64	0.0156250
NODE_301981_length_187_cov_56.000000	72	136	188	2	64	0.0312500
NODE_301981_length_187_cov_56.000000	72	136	192	1	64	0.0156250
NODE_301981_length_187_cov_56.000000	72	136	197	3	64	0.0468750
NODE_301981_length_187_cov_56.000000	72	136	201	1	64	0.0156250
NODE_301981_length_187_cov_56.000000	72	136	202	1	64	0.0156250
NODE_301981_length_187_cov_56.000000	72	136	204	2	64	0.0312500
NODE_301981_length_187_cov_56.000000	72	136	206	4	64	0.0625000
NODE_301981_length_187_cov_56.000000	72	136	207	13	64	0.2031250
NODE_301981_length_187_cov_56.000000	72	136	208	23	64	0.3593750
NODE_301981_length_187_cov_56.000000	109	175	53	3	66	0.0454545
NODE_301981_length_187_cov_56.000000	109	175	57	1	66	0.0151515
NODE_301981_length_187_cov_56.000000	109	175	59	1	66	0.0151515
NODE_301981_length_187_cov_56.000000	109	175	71	2	66	0.0303030
NODE_301981_length_187_cov_56.000000	109	175	75	1	66	0.0151515
NODE_301981_length_187_cov_56.000000	109	175	79	1	66	0.0151515
NODE_301981_length_187_cov_56.000000	109	175	81	1	66	0.0151515
NODE_301981_length_187_cov_56.000000	109	175	86	4	66	0.0606061
NODE_301981_length_187_cov_56.000000	109	175	87	1	66	0.0151515
NODE_301981_length_187_cov_56.000000	109	175	91	1	66	0.0151515
NODE_301981_length_187_cov_56.000000	109	175	93	1	66	0.0151515
NODE_301981_length_187_cov_56.000000	109	175	94	1	66	0.0151515
NODE_301981_length_187_cov_56.000000	109	175	99	2	66	0.0303030
NODE_301981_length_187_cov_56.000000	109	175	101	2	66	0.0303030
NODE_301981_length_187_cov_56.000000	109	175	111	1	66	0.0151515
NODE_301981_length_187_cov_56.000000	109	175	117	2	66	0.0303030
NODE_301981_length_187_cov_56.000000	109	175	118	3	66	0.0454545
NODE_301981_length_187_cov_56.000000	109	175	122	1	66	0.0151515
NODE_301981_length_187_cov_56.000000	109	175	126	1	66	0.0151515
NODE_301981_length_187_cov_56.000000	109	175	132	1	66	0.0151515
NODE_301981_length_187_cov_56.000000	109	175	134	1	66	0.0151515
NODE_301981_length_187_cov_56.000000	109	175	136	2	66	0.0303030
NODE_301981_length_187_cov_56.000000	109	175	140	2	66	0.0303030
NODE_301981_length_187_cov_56.000000	109	175	143	1	66	0.0151515
NODE_301981_length_187_cov_56.000000	109	175	148	1	66	0.0151515
NODE_301981_length_187_cov_56.000000	109	175	152	1	66	0.0151515
NODE_301981_length_187_cov_56.000000	109	175	156	4	66	0.0606061
NODE_301981_length_187_cov_56.000000	109	175	162	2	66	0.0303030
NODE_301981_length_187_cov_56.000000	109	175	164	2	66	0.0303030
NODE_301981_length_187_cov_56.000000	109	175	166	2	66	0.0303030
NODE_301981_length_187_cov_56.000000	109	175	170	1	66	0.0151515
NODE_301981_length_187_cov_56.000000	109	175	172	1	66	0.0151515
NODE_301981_length_187_cov_56.000000	109	175	176	1	66	0.0151515
NODE_301981_length_187_cov_56.000000	109	175	186	1	66	0.0151515
NODE_301981_length_187_cov_56.000000	109	175	188	2	66	0.0303030
NODE_301981_length_187_cov_56.000000	109	175	192	1	66	0.0151515
NODE_301981_length_187_cov_56.000000	109	175	197	3	66	0.0454545
NODE_301981_length_187_cov_56.000000	109	175	201	1	66	0.0151515
NODE_301981_length_187_cov_56.000000	109	175	202	1	66	0.0151515
NODE_301981_length_187_cov_56.000000	109	175	204	2	66	0.0303030
NODE_301981_length_187_cov_56.000000	109	175	206	3	66	0.0454545
NODE_301981_length_187_cov_56.000000	109	180	44	1	71	0.0140845
NODE_301981_length_187_cov_56.000000	109	180	45	1	71	0.0140845
NODE_301981_length_187_cov_56.000000	109	180	49	3	71	0.0422535
NODE_301981_length_187_cov_56.000000	109	180	53	3	71	0.0422535
NODE_301981_length_187_cov_56.000000	109	180	57	1	71	0.0140845
NODE_301981_length_187_cov_56.000000	109	180	59	1	71	0.0140845
NODE_301981_length_187_cov_56.000000	109	180	71	2	71	0.0281690
NODE_301981_length_187_cov_56.000000	109	180	75	1	71	0.0140845
NODE_301981_length_187_cov_56.000000	109	180	79	1	71	0.0140845
NODE_301981_length_187_cov_56.000000	109	180	81	1	71	0.0140845
NODE_301981_length_187_cov_56.000000	109	180	86	4	71	0.0563380
NODE_301981_length_187_cov_56.000000	109	180	87	1	71	0.0140845
NODE_301981_length_187_cov_56.000000	109	180	91	1	71	0.0140845
NODE_301981_length_187_cov_56.000000	109	180	93	1	71	0.0140845
NODE_301981_length_187_cov_56.000000	109	180	94	1	71	0.0140845
NODE_301981_length_187_cov_56.000000	109	180	99	2	71	0.0281690
NODE_301981_length_187_cov_56.000000	109	180	101	2	71	0.0281690
NODE_301981_length_187_cov_56.000000	109	180	111	1	71	0.0140845
NODE_301981_length_187_cov_56.000000	109	180	117	2	71	0.0281690
NODE_301981_length_187_cov_56.000000	109	180	118	3	71	0.0422535
NODE_301981_length_187_cov_56.000000	109	180	122	1	71	0.0140845
NODE_301981_length_187_cov_56.000000	109	180	126	1	71	0.0140845
NODE_301981_length_187_cov_56.000000	109	180	132	1	71	0.0140845
NODE_301981_length_187_cov_56.000000	109	180	134	1	71	0.0140845
NODE_301981_length_187_cov_56.000000	109	180	136	2	71	0.0281690
NODE_301981_length_187_cov_56.000000	109	180	140	2	71	0.0281690
NODE_301981_length_187_cov_56.000000	109	180	143	1	71	0.0140845
NODE_301981_length_187_cov_56.000000	109	180	148	1	71	0.0140845
NODE_301981_length_187_cov_56.000000	109	180	152	1	71	0.0140845
NODE_301981_length_187_cov_56.000000	109	180	156	4	71	0.0563380
NODE_301981_length_187_cov_56.000000	109	180	162	2	71	0.0281690
NODE_301981_length_187_cov_56.000000	109	180	164	2	71	0.0281690
NODE_301981_length_187_cov_56.000000	109	180	166	2	71	0.0281690
NODE_301981_length_187_cov_56.000000	109	180	170	1	71	0.0140845
NODE_301981_length_187_cov_56.000000	109	180	172	1	71	0.0140845
NODE_301981_length_187_cov_56.000000	109	180	176	1	71	0.0140845
NODE_301981_length_187_cov_56.000000	109	180	186	1	71	0.0140845
NODE_301981_length_187_cov_56.000000	109	180	188	2	71	0.0281690
NODE_301981_length_187_cov_56.000000	109	180	192	1	71	0.0140845
NODE_301981_length_187_cov_56.000000	109	180	197	3	71	0.0422535
NODE_301981_length_187_cov_56.000000	109	180	201	1	71	0.0140845
NODE_301981_length_187_cov_56.000000	109	180	202	1	71	0.0140845
NODE_301981_length_187_cov_56.000000	109	180	204	2	71	0.0281690
NODE_301981_length_187_cov_56.000000	109	180	206	3	71	0.0422535
NODE_301986_length_187_cov_37.397727	4	57	6	16	53	0.3018868
NODE_301986_length_187_cov_37.397727	4	57	8	5	53	0.0943396
NODE_301986_length_187_cov_37.397727	4	57	10	5	53	0.0943396
NODE_301986_length_187_cov_37.397727	4	57	12	3	53	0.0566038
NODE_301986_length_187_cov_37.397727	4	57	15	8	53	0.1509434
NODE_301986_length_187_cov_37.397727	4	57	20	1	53	0.0188679
NODE_301986_length_187_cov_37.397727	4	57	21	2	53	0.0377358
NODE_301986_length_187_cov_37.397727	4	57	23	1	53	0.0188679
NODE_301986_length_187_cov_37.397727	4	57	25	4	53	0.0754717
NODE_301986_length_187_cov_37.397727	4	57	27	1	53	0.0188679
NODE_301986_length_187_cov_37.397727	4	57	36	1	53	0.0188679
NODE_301986_length_187_cov_37.397727	4	57	40	5	53	0.0943396
NODE_301986_length_187_cov_37.397727	4	57	42	1	53	0.0188679
NODE_301986_length_187_cov_37.397727	12	78	6	8	66	0.1212121
NODE_301986_length_187_cov_37.397727	12	78	8	5	66	0.0757576
NODE_301986_length_187_cov_37.397727	12	78	10	5	66	0.0757576
NODE_301986_length_187_cov_37.397727	12	78	12	3	66	0.0454545
NODE_301986_length_187_cov_37.397727	12	78	15	8	66	0.1212121
NODE_301986_length_187_cov_37.397727	12	78	20	1	66	0.0151515
NODE_301986_length_187_cov_37.397727	12	78	21	2	66	0.0303030
NODE_301986_length_187_cov_37.397727	12	78	23	1	66	0.0151515
NODE_301986_length_187_cov_37.397727	12	78	25	4	66	0.0606061
NODE_301986_length_187_cov_37.397727	12	78	27	1	66	0.0151515
NODE_301986_length_187_cov_37.397727	12	78	36	1	66	0.0151515
NODE_301986_length_187_cov_37.397727	12	78	40	5	66	0.0757576
NODE_301986_length_187_cov_37.397727	12	78	42	2	66	0.0303030
NODE_301986_length_187_cov_37.397727	12	78	50	3	66	0.0454545
NODE_301986_length_187_cov_37.397727	12	78	56	2	66	0.0303030
NODE_301986_length_187_cov_37.397727	12	78	70	2	66	0.0303030
NODE_301986_length_187_cov_37.397727	12	78	78	3	66	0.0454545
NODE_301986_length_187_cov_37.397727	12	78	84	3	66	0.0454545
NODE_301986_length_187_cov_37.397727	12	78	88	7	66	0.1060606
NODE_301986_length_187_cov_37.397727	51	112	40	5	61	0.0819672
NODE_301986_length_187_cov_37.397727	51	112	42	2	61	0.0327869
NODE_301986_length_187_cov_37.397727	51	112	50	3	61	0.0491803
NODE_301986_length_187_cov_37.397727	51	112	56	2	61	0.0327869
NODE_301986_length_187_cov_37.397727	51	112	70	2	61	0.0327869
NODE_301986_length_187_cov_37.397727	51	112	78	3	61	0.0491803
NODE_301986_length_187_cov_37.397727	51	112	84	6	61	0.0983607
NODE_301986_length_187_cov_37.397727	51	112	86	1	61	0.0163934
NODE_301986_length_187_cov_37.397727	51	112	88	37	61	0.6065574
NODE_301986_length_187_cov_37.397727	51	114	40	5	63	0.0793651
NODE_301986_length_187_cov_37.397727	51	114	42	2	63	0.0317460
NODE_301986_length_187_cov_37.397727	51	114	50	3	63	0.0476190
NODE_301986_length_187_cov_37.397727	51	114	56	2	63	0.0317460
NODE_301986_length_187_cov_37.397727	51	114	70	2	63	0.0317460
NODE_301986_length_187_cov_37.397727	51	114	78	3	63	0.0476190
NODE_301986_length_187_cov_37.397727	51	114	84	8	63	0.1269841
NODE_301986_length_187_cov_37.397727	51	114	86	1	63	0.0158730
NODE_301986_length_187_cov_37.397727	51	114	88	37	63	0.5873016
NODE_302020_length_186_cov_309.620690	20	104	0	4	84	0.0476190
NODE_302020_length_186_cov_309.620690	20	104	1	1	84	0.0119048
NODE_302020_length_186_cov_309.620690	20	104	3	1	84	0.0119048
NODE_302020_length_186_cov_309.620690	20	104	6	78	84	0.9285714
NODE_302021_length_186_cov_295.505747	57	115	103	1	58	0.0172414
NODE_302021_length_186_cov_295.505747	57	115	107	1	58	0.0172414
NODE_302021_length_186_cov_295.505747	57	115	113	2	58	0.0344828
NODE_302021_length_186_cov_295.505747	57	115	118	1	58	0.0172414
NODE_302021_length_186_cov_295.505747	57	115	119	12	58	0.2068966
NODE_302021_length_186_cov_295.505747	57	115	121	4	58	0.0689655
NODE_302021_length_186_cov_295.505747	57	115	123	7	58	0.1206897
NODE_302021_length_186_cov_295.505747	57	115	125	5	58	0.0862069
NODE_302021_length_186_cov_295.505747	57	115	129	2	58	0.0344828
NODE_302021_length_186_cov_295.505747	57	115	131	23	58	0.3965517
NODE_302021_length_186_cov_295.505747	101	168	46	6	67	0.0895522
NODE_302021_length_186_cov_295.505747	101	168	48	1	67	0.0149254
NODE_302021_length_186_cov_295.505747	101	168	52	1	67	0.0149254
NODE_302021_length_186_cov_295.505747	101	168	61	3	67	0.0447761
NODE_302021_length_186_cov_295.505747	101	168	64	4	67	0.0597015
NODE_302021_length_186_cov_295.505747	101	168	68	1	67	0.0149254
NODE_302021_length_186_cov_295.505747	101	168	69	1	67	0.0149254
NODE_302021_length_186_cov_295.505747	101	168	72	1	67	0.0149254
NODE_302021_length_186_cov_295.505747	101	168	78	5	67	0.0746269
NODE_302021_length_186_cov_295.505747	101	168	80	3	67	0.0447761
NODE_302021_length_186_cov_295.505747	101	168	84	3	67	0.0447761
NODE_302021_length_186_cov_295.505747	101	168	90	2	67	0.0298507
NODE_302021_length_186_cov_295.505747	101	168	93	3	67	0.0447761
NODE_302021_length_186_cov_295.505747	101	168	96	2	67	0.0298507
NODE_302021_length_186_cov_295.505747	101	168	100	3	67	0.0447761
NODE_302021_length_186_cov_295.505747	101	168	105	1	67	0.0149254
NODE_302021_length_186_cov_295.505747	101	168	107	4	67	0.0597015
NODE_302021_length_186_cov_295.505747	101	168	109	1	67	0.0149254
NODE_302021_length_186_cov_295.505747	101	168	111	4	67	0.0597015
NODE_302021_length_186_cov_295.505747	101	168	113	1	67	0.0149254
NODE_302021_length_186_cov_295.505747	101	168	117	2	67	0.0298507
NODE_302021_length_186_cov_295.505747	101	168	119	2	67	0.0298507
NODE_302021_length_186_cov_295.505747	101	168	123	7	67	0.1044776
NODE_302021_length_186_cov_295.505747	101	168	125	4	67	0.0597015
NODE_302021_length_186_cov_295.505747	101	168	129	1	67	0.0149254
NODE_302021_length_186_cov_295.505747	101	168	131	1	67	0.0149254
NODE_302025_length_186_cov_61.344828	38	118	38	3	80	0.0375000
NODE_302025_length_186_cov_61.344828	38	118	40	1	80	0.0125000
NODE_302025_length_186_cov_61.344828	38	118	42	2	80	0.0250000
NODE_302025_length_186_cov_61.344828	38	118	44	2	80	0.0250000
NODE_302025_length_186_cov_61.344828	38	118	50	2	80	0.0250000
NODE_302025_length_186_cov_61.344828	38	118	52	1	80	0.0125000
NODE_302025_length_186_cov_61.344828	38	118	60	10	80	0.1250000
NODE_302025_length_186_cov_61.344828	38	118	62	5	80	0.0625000
NODE_302025_length_186_cov_61.344828	38	118	64	3	80	0.0375000
NODE_302025_length_186_cov_61.344828	38	118	68	1	80	0.0125000
NODE_302025_length_186_cov_61.344828	38	118	70	2	80	0.0250000
NODE_302025_length_186_cov_61.344828	38	118	76	1	80	0.0125000
NODE_302025_length_186_cov_61.344828	38	118	78	2	80	0.0250000
NODE_302025_length_186_cov_61.344828	38	118	80	1	80	0.0125000
NODE_302025_length_186_cov_61.344828	38	118	84	9	80	0.1125000
NODE_302025_length_186_cov_61.344828	38	118	86	35	80	0.4375000
NODE_302025_length_186_cov_61.344828	91	171	27	1	80	0.0125000
NODE_302025_length_186_cov_61.344828	91	171	29	2	80	0.0250000
NODE_302025_length_186_cov_61.344828	91	171	31	1	80	0.0125000
NODE_302025_length_186_cov_61.344828	91	171	33	3	80	0.0375000
NODE_302025_length_186_cov_61.344828	91	171	41	1	80	0.0125000
NODE_302025_length_186_cov_61.344828	91	171	45	4	80	0.0500000
NODE_302025_length_186_cov_61.344828	91	171	59	1	80	0.0125000
NODE_302025_length_186_cov_61.344828	91	171	62	2	80	0.0250000
NODE_302025_length_186_cov_61.344828	91	171	64	1	80	0.0125000
NODE_302025_length_186_cov_61.344828	91	171	65	1	80	0.0125000
NODE_302025_length_186_cov_61.344828	91	171	66	1	80	0.0125000
NODE_302025_length_186_cov_61.344828	91	171	68	4	80	0.0500000
NODE_302025_length_186_cov_61.344828	91	171	70	3	80	0.0375000
NODE_302025_length_186_cov_61.344828	91	171	72	7	80	0.0875000
NODE_302025_length_186_cov_61.344828	91	171	74	11	80	0.1375000
NODE_302025_length_186_cov_61.344828	91	171	76	4	80	0.0500000
NODE_302025_length_186_cov_61.344828	91	171	78	2	80	0.0250000
NODE_302025_length_186_cov_61.344828	91	171	80	2	80	0.0250000
NODE_302025_length_186_cov_61.344828	91	171	82	1	80	0.0125000
NODE_302025_length_186_cov_61.344828	91	171	84	2	80	0.0250000
NODE_302025_length_186_cov_61.344828	91	171	86	26	80	0.3250000
NODE_302201_length_182_cov_127.759036	6	52	25	7	46	0.1521739
NODE_302201_length_182_cov_127.759036	6	52	26	1	46	0.0217391
NODE_302201_length_182_cov_127.759036	6	52	28	1	46	0.0217391
NODE_302201_length_182_cov_127.759036	6	52	31	1	46	0.0217391
NODE_302201_length_182_cov_127.759036	6	52	33	3	46	0.0652174
NODE_302201_length_182_cov_127.759036	6	52	41	1	46	0.0217391
NODE_302201_length_182_cov_127.759036	6	52	43	1	46	0.0217391
NODE_302201_length_182_cov_127.759036	6	52	45	2	46	0.0434783
NODE_302201_length_182_cov_127.759036	6	52	55	1	46	0.0217391
NODE_302201_length_182_cov_127.759036	6	52	57	1	46	0.0217391
NODE_302201_length_182_cov_127.759036	6	52	60	1	46	0.0217391
NODE_302201_length_182_cov_127.759036	6	52	66	2	46	0.0434783
NODE_302201_length_182_cov_127.759036	6	52	68	1	46	0.0217391
NODE_302201_length_182_cov_127.759036	6	52	72	1	46	0.0217391
NODE_302201_length_182_cov_127.759036	6	52	74	2	46	0.0434783
NODE_302201_length_182_cov_127.759036	6	52	80	11	46	0.2391304
NODE_302201_length_182_cov_127.759036	6	52	82	2	46	0.0434783
NODE_302201_length_182_cov_127.759036	6	52	84	7	46	0.1521739
NODE_302201_length_182_cov_127.759036	59	105	112	1	46	0.0217391
NODE_302201_length_182_cov_127.759036	59	105	114	1	46	0.0217391
NODE_302201_length_182_cov_127.759036	59	105	115	1	46	0.0217391
NODE_302201_length_182_cov_127.759036	59	105	117	1	46	0.0217391
NODE_302201_length_182_cov_127.759036	59	105	119	9	46	0.1956522
NODE_302201_length_182_cov_127.759036	59	105	121	1	46	0.0217391
NODE_302201_length_182_cov_127.759036	59	105	123	1	46	0.0217391
NODE_302201_length_182_cov_127.759036	59	105	126	1	46	0.0217391
NODE_302201_length_182_cov_127.759036	59	105	129	2	46	0.0434783
NODE_302201_length_182_cov_127.759036	59	105	131	19	46	0.4130435
NODE_302201_length_182_cov_127.759036	59	105	132	9	46	0.1956522
NODE_302214_length_182_cov_29.421687	5	35	2	28	30	0.9333333
NODE_302214_length_182_cov_29.421687	5	35	4	2	30	0.0666667
NODE_302214_length_182_cov_29.421687	8	88	2	25	80	0.3125000
NODE_302214_length_182_cov_29.421687	8	88	4	21	80	0.2625000
NODE_302214_length_182_cov_29.421687	8	88	6	12	80	0.1500000
NODE_302214_length_182_cov_29.421687	8	88	8	22	80	0.2750000
NODE_302236_length_181_cov_141.195122	1	60	0	10	59	0.1694915
NODE_302236_length_181_cov_141.195122	1	60	3	1	59	0.0169492
NODE_302236_length_181_cov_141.195122	1	60	4	1	59	0.0169492
NODE_302236_length_181_cov_141.195122	1	60	6	47	59	0.7966102
NODE_302236_length_181_cov_141.195122	34	60	6	26	26	1.0000000
NODE_302236_length_181_cov_141.195122	114	145	10	31	31	1.0000000
NODE_302285_length_180_cov_102.567901	6	75	30	9	69	0.1304348
NODE_302285_length_180_cov_102.567901	6	75	33	2	69	0.0289855
NODE_302285_length_180_cov_102.567901	6	75	34	1	69	0.0144928
NODE_302285_length_180_cov_102.567901	6	75	45	1	69	0.0144928
NODE_302285_length_180_cov_102.567901	6	75	51	1	69	0.0144928
NODE_302285_length_180_cov_102.567901	6	75	57	1	69	0.0144928
NODE_302285_length_180_cov_102.567901	6	75	59	1	69	0.0144928
NODE_302285_length_180_cov_102.567901	6	75	61	3	69	0.0434783
NODE_302285_length_180_cov_102.567901	6	75	63	3	69	0.0434783
NODE_302285_length_180_cov_102.567901	6	75	69	1	69	0.0144928
NODE_302285_length_180_cov_102.567901	6	75	70	1	69	0.0144928
NODE_302285_length_180_cov_102.567901	6	75	71	1	69	0.0144928
NODE_302285_length_180_cov_102.567901	6	75	77	1	69	0.0144928
NODE_302285_length_180_cov_102.567901	6	75	79	1	69	0.0144928
NODE_302285_length_180_cov_102.567901	6	75	81	1	69	0.0144928
NODE_302285_length_180_cov_102.567901	6	75	86	1	69	0.0144928
NODE_302285_length_180_cov_102.567901	6	75	88	1	69	0.0144928
NODE_302285_length_180_cov_102.567901	6	75	92	1	69	0.0144928
NODE_302285_length_180_cov_102.567901	6	75	95	1	69	0.0144928
NODE_302285_length_180_cov_102.567901	6	75	96	1	69	0.0144928
NODE_302285_length_180_cov_102.567901	6	75	109	1	69	0.0144928
NODE_302285_length_180_cov_102.567901	6	75	121	1	69	0.0144928
NODE_302285_length_180_cov_102.567901	6	75	131	1	69	0.0144928
NODE_302285_length_180_cov_102.567901	6	75	135	1	69	0.0144928
NODE_302285_length_180_cov_102.567901	6	75	137	1	69	0.0144928
NODE_302285_length_180_cov_102.567901	6	75	143	1	69	0.0144928
NODE_302285_length_180_cov_102.567901	6	75	145	2	69	0.0289855
NODE_302285_length_180_cov_102.567901	6	75	155	2	69	0.0289855
NODE_302285_length_180_cov_102.567901	6	75	163	1	69	0.0144928
NODE_302285_length_180_cov_102.567901	6	75	181	4	69	0.0579710
NODE_302285_length_180_cov_102.567901	6	75	183	2	69	0.0289855
NODE_302285_length_180_cov_102.567901	6	75	187	1	69	0.0144928
NODE_302285_length_180_cov_102.567901	6	75	194	1	69	0.0144928
NODE_302285_length_180_cov_102.567901	6	75	200	2	69	0.0289855
NODE_302285_length_180_cov_102.567901	6	75	206	1	69	0.0144928
NODE_302285_length_180_cov_102.567901	6	75	208	1	69	0.0144928
NODE_302285_length_180_cov_102.567901	6	75	210	1	69	0.0144928
NODE_302285_length_180_cov_102.567901	6	75	212	2	69	0.0289855
NODE_302285_length_180_cov_102.567901	6	75	214	2	69	0.0289855
NODE_302285_length_180_cov_102.567901	6	75	216	3	69	0.0434783
NODE_302285_length_180_cov_102.567901	6	75	219	2	69	0.0289855
NODE_302285_length_180_cov_102.567901	6	75	222	3	69	0.0434783
NODE_302363_length_178_cov_93.620253	81	112	50	8	31	0.2580645
NODE_302363_length_178_cov_93.620253	81	112	51	12	31	0.3870968
NODE_302363_length_178_cov_93.620253	81	112	52	11	31	0.3548387
NODE_302365_length_178_cov_62.696203	0	78	0	8	78	0.1025641
NODE_302365_length_178_cov_62.696203	0	78	2	13	78	0.1666667
NODE_302365_length_178_cov_62.696203	0	78	4	5	78	0.0641026
NODE_302365_length_178_cov_62.696203	0	78	6	5	78	0.0641026
NODE_302365_length_178_cov_62.696203	0	78	8	1	78	0.0128205
NODE_302365_length_178_cov_62.696203	0	78	10	4	78	0.0512821
NODE_302365_length_178_cov_62.696203	0	78	12	2	78	0.0256410
NODE_302365_length_178_cov_62.696203	0	78	14	3	78	0.0384615
NODE_302365_length_178_cov_62.696203	0	78	16	1	78	0.0128205
NODE_302365_length_178_cov_62.696203	0	78	18	2	78	0.0256410
NODE_302365_length_178_cov_62.696203	0	78	20	10	78	0.1282051
NODE_302365_length_178_cov_62.696203	0	78	22	4	78	0.0512821
NODE_302365_length_178_cov_62.696203	0	78	24	8	78	0.1025641
NODE_302365_length_178_cov_62.696203	0	78	27	1	78	0.0128205
NODE_302365_length_178_cov_62.696203	0	78	28	4	78	0.0512821
NODE_302365_length_178_cov_62.696203	0	78	30	7	78	0.0897436
NODE_302365_length_178_cov_62.696203	51	131	20	3	80	0.0375000
NODE_302365_length_178_cov_62.696203	51	131	22	9	80	0.1125000
NODE_302365_length_178_cov_62.696203	51	131	24	11	80	0.1375000
NODE_302365_length_178_cov_62.696203	51	131	26	7	80	0.0875000
NODE_302365_length_178_cov_62.696203	51	131	27	1	80	0.0125000
NODE_302365_length_178_cov_62.696203	51	131	28	6	80	0.0750000
NODE_302365_length_178_cov_62.696203	51	131	30	43	80	0.5375000
NODE_302477_length_175_cov_116.684211	42	122	6	10	80	0.1250000
NODE_302477_length_175_cov_116.684211	42	122	8	20	80	0.2500000
NODE_302477_length_175_cov_116.684211	42	122	12	50	80	0.6250000
NODE_302477_length_175_cov_116.684211	95	175	0	4	80	0.0500000
NODE_302477_length_175_cov_116.684211	95	175	2	10	80	0.1250000
NODE_302477_length_175_cov_116.684211	95	175	6	18	80	0.2250000
NODE_302477_length_175_cov_116.684211	95	175	8	23	80	0.2875000
NODE_302477_length_175_cov_116.684211	95	175	12	25	80	0.3125000
NODE_302482_length_175_cov_61.000000	81	121	282	2	40	0.0500000
NODE_302482_length_175_cov_61.000000	81	121	286	1	40	0.0250000
NODE_302482_length_175_cov_61.000000	81	121	292	1	40	0.0250000
NODE_302482_length_175_cov_61.000000	81	121	294	1	40	0.0250000
NODE_302482_length_175_cov_61.000000	81	121	295	1	40	0.0250000
NODE_302482_length_175_cov_61.000000	81	121	299	1	40	0.0250000
NODE_302482_length_175_cov_61.000000	81	121	303	1	40	0.0250000
NODE_302482_length_175_cov_61.000000	81	121	305	1	40	0.0250000
NODE_302482_length_175_cov_61.000000	81	121	317	3	40	0.0750000
NODE_302482_length_175_cov_61.000000	81	121	321	2	40	0.0500000
NODE_302482_length_175_cov_61.000000	81	121	327	2	40	0.0500000
NODE_302482_length_175_cov_61.000000	81	121	329	1	40	0.0250000
NODE_302482_length_175_cov_61.000000	81	121	331	2	40	0.0500000
NODE_302482_length_175_cov_61.000000	81	121	333	21	40	0.5250000
NODE_302538_length_174_cov_173.893333	53	93	235	1	40	0.0250000
NODE_302538_length_174_cov_173.893333	53	93	237	1	40	0.0250000
NODE_302538_length_174_cov_173.893333	53	93	243	1	40	0.0250000
NODE_302538_length_174_cov_173.893333	53	93	245	1	40	0.0250000
NODE_302538_length_174_cov_173.893333	53	93	249	3	40	0.0750000
NODE_302538_length_174_cov_173.893333	53	93	260	1	40	0.0250000
NODE_302538_length_174_cov_173.893333	53	93	265	1	40	0.0250000
NODE_302538_length_174_cov_173.893333	53	93	269	3	40	0.0750000
NODE_302538_length_174_cov_173.893333	53	93	275	5	40	0.1250000
NODE_302538_length_174_cov_173.893333	53	93	283	1	40	0.0250000
NODE_302538_length_174_cov_173.893333	53	93	285	1	40	0.0250000
NODE_302538_length_174_cov_173.893333	53	93	289	21	40	0.5250000
NODE_302543_length_174_cov_50.346667	91	161	30	2	70	0.0285714
NODE_302543_length_174_cov_50.346667	91	161	32	1	70	0.0142857
NODE_302543_length_174_cov_50.346667	91	161	36	1	70	0.0142857
NODE_302543_length_174_cov_50.346667	91	161	38	1	70	0.0142857
NODE_302543_length_174_cov_50.346667	91	161	44	2	70	0.0285714
NODE_302543_length_174_cov_50.346667	91	161	46	1	70	0.0142857
NODE_302543_length_174_cov_50.346667	91	161	48	9	70	0.1285714
NODE_302543_length_174_cov_50.346667	91	161	52	1	70	0.0142857
NODE_302543_length_174_cov_50.346667	91	161	54	2	70	0.0285714
NODE_302543_length_174_cov_50.346667	91	161	56	1	70	0.0142857
NODE_302543_length_174_cov_50.346667	91	161	58	2	70	0.0285714
NODE_302543_length_174_cov_50.346667	91	161	60	1	70	0.0142857
NODE_302543_length_174_cov_50.346667	91	161	62	4	70	0.0571429
NODE_302543_length_174_cov_50.346667	91	161	64	2	70	0.0285714
NODE_302543_length_174_cov_50.346667	91	161	66	1	70	0.0142857
NODE_302543_length_174_cov_50.346667	91	161	68	8	70	0.1142857
NODE_302543_length_174_cov_50.346667	91	161	70	4	70	0.0571429
NODE_302543_length_174_cov_50.346667	91	161	72	1	70	0.0142857
NODE_302543_length_174_cov_50.346667	91	161	78	2	70	0.0285714
NODE_302543_length_174_cov_50.346667	91	161	82	1	70	0.0142857
NODE_302543_length_174_cov_50.346667	91	161	84	1	70	0.0142857
NODE_302543_length_174_cov_50.346667	91	161	88	2	70	0.0285714
NODE_302543_length_174_cov_50.346667	91	161	90	1	70	0.0142857
NODE_302543_length_174_cov_50.346667	91	161	92	2	70	0.0285714
NODE_302543_length_174_cov_50.346667	91	161	94	17	70	0.2428571
NODE_302590_length_173_cov_184.351351	62	126	253	1	64	0.0156250
NODE_302590_length_173_cov_184.351351	62	126	255	1	64	0.0156250
NODE_302590_length_173_cov_184.351351	62	126	266	1	64	0.0156250
NODE_302590_length_173_cov_184.351351	62	126	268	1	64	0.0156250
NODE_302590_length_173_cov_184.351351	62	126	272	1	64	0.0156250
NODE_302590_length_173_cov_184.351351	62	126	273	1	64	0.0156250
NODE_302590_length_173_cov_184.351351	62	126	275	1	64	0.0156250
NODE_302590_length_173_cov_184.351351	62	126	279	1	64	0.0156250
NODE_302590_length_173_cov_184.351351	62	126	285	2	64	0.0312500
NODE_302590_length_173_cov_184.351351	62	126	292	1	64	0.0156250
NODE_302590_length_173_cov_184.351351	62	126	295	1	64	0.0156250
NODE_302590_length_173_cov_184.351351	62	126	301	2	64	0.0312500
NODE_302590_length_173_cov_184.351351	62	126	305	2	64	0.0312500
NODE_302590_length_173_cov_184.351351	62	126	311	1	64	0.0156250
NODE_302590_length_173_cov_184.351351	62	126	316	1	64	0.0156250
NODE_302590_length_173_cov_184.351351	62	126	318	1	64	0.0156250
NODE_302590_length_173_cov_184.351351	62	126	322	1	64	0.0156250
NODE_302590_length_173_cov_184.351351	62	126	324	3	64	0.0468750
NODE_302590_length_173_cov_184.351351	62	126	325	7	64	0.1093750
NODE_302590_length_173_cov_184.351351	62	126	326	21	64	0.3281250
NODE_302590_length_173_cov_184.351351	62	126	327	13	64	0.2031250
NODE_302590_length_173_cov_184.351351	62	126	253	1	64	0.0156250
NODE_302590_length_173_cov_184.351351	62	126	255	1	64	0.0156250
NODE_302590_length_173_cov_184.351351	62	126	266	1	64	0.0156250
NODE_302590_length_173_cov_184.351351	62	126	268	1	64	0.0156250
NODE_302590_length_173_cov_184.351351	62	126	272	1	64	0.0156250
NODE_302590_length_173_cov_184.351351	62	126	273	1	64	0.0156250
NODE_302590_length_173_cov_184.351351	62	126	275	1	64	0.0156250
NODE_302590_length_173_cov_184.351351	62	126	279	1	64	0.0156250
NODE_302590_length_173_cov_184.351351	62	126	285	2	64	0.0312500
NODE_302590_length_173_cov_184.351351	62	126	292	1	64	0.0156250
NODE_302590_length_173_cov_184.351351	62	126	295	1	64	0.0156250
NODE_302590_length_173_cov_184.351351	62	126	301	2	64	0.0312500
NODE_302590_length_173_cov_184.351351	62	126	305	2	64	0.0312500
NODE_302590_length_173_cov_184.351351	62	126	311	1	64	0.0156250
NODE_302590_length_173_cov_184.351351	62	126	316	1	64	0.0156250
NODE_302590_length_173_cov_184.351351	62	126	318	1	64	0.0156250
NODE_302590_length_173_cov_184.351351	62	126	322	1	64	0.0156250
NODE_302590_length_173_cov_184.351351	62	126	324	3	64	0.0468750
NODE_302590_length_173_cov_184.351351	62	126	325	7	64	0.1093750
NODE_302590_length_173_cov_184.351351	62	126	326	21	64	0.3281250
NODE_302590_length_173_cov_184.351351	62	126	327	13	64	0.2031250
NODE_302590_length_173_cov_184.351351	62	126	253	1	64	0.0156250
NODE_302590_length_173_cov_184.351351	62	126	255	1	64	0.0156250
NODE_302590_length_173_cov_184.351351	62	126	266	1	64	0.0156250
NODE_302590_length_173_cov_184.351351	62	126	268	1	64	0.0156250
NODE_302590_length_173_cov_184.351351	62	126	272	1	64	0.0156250
NODE_302590_length_173_cov_184.351351	62	126	273	1	64	0.0156250
NODE_302590_length_173_cov_184.351351	62	126	275	1	64	0.0156250
NODE_302590_length_173_cov_184.351351	62	126	279	1	64	0.0156250
NODE_302590_length_173_cov_184.351351	62	126	285	2	64	0.0312500
NODE_302590_length_173_cov_184.351351	62	126	292	1	64	0.0156250
NODE_302590_length_173_cov_184.351351	62	126	295	1	64	0.0156250
NODE_302590_length_173_cov_184.351351	62	126	301	2	64	0.0312500
NODE_302590_length_173_cov_184.351351	62	126	305	2	64	0.0312500
NODE_302590_length_173_cov_184.351351	62	126	311	1	64	0.0156250
NODE_302590_length_173_cov_184.351351	62	126	316	1	64	0.0156250
NODE_302590_length_173_cov_184.351351	62	126	318	1	64	0.0156250
NODE_302590_length_173_cov_184.351351	62	126	322	1	64	0.0156250
NODE_302590_length_173_cov_184.351351	62	126	324	3	64	0.0468750
NODE_302590_length_173_cov_184.351351	62	126	325	7	64	0.1093750
NODE_302590_length_173_cov_184.351351	62	126	326	21	64	0.3281250
NODE_302590_length_173_cov_184.351351	62	126	327	13	64	0.2031250
NODE_302590_length_173_cov_184.351351	62	126	253	1	64	0.0156250
NODE_302590_length_173_cov_184.351351	62	126	255	1	64	0.0156250
NODE_302590_length_173_cov_184.351351	62	126	266	1	64	0.0156250
NODE_302590_length_173_cov_184.351351	62	126	268	1	64	0.0156250
NODE_302590_length_173_cov_184.351351	62	126	272	1	64	0.0156250
NODE_302590_length_173_cov_184.351351	62	126	273	1	64	0.0156250
NODE_302590_length_173_cov_184.351351	62	126	275	1	64	0.0156250
NODE_302590_length_173_cov_184.351351	62	126	279	1	64	0.0156250
NODE_302590_length_173_cov_184.351351	62	126	285	2	64	0.0312500
NODE_302590_length_173_cov_184.351351	62	126	292	1	64	0.0156250
NODE_302590_length_173_cov_184.351351	62	126	295	1	64	0.0156250
NODE_302590_length_173_cov_184.351351	62	126	301	2	64	0.0312500
NODE_302590_length_173_cov_184.351351	62	126	305	2	64	0.0312500
NODE_302590_length_173_cov_184.351351	62	126	311	1	64	0.0156250
NODE_302590_length_173_cov_184.351351	62	126	316	1	64	0.0156250
NODE_302590_length_173_cov_184.351351	62	126	318	1	64	0.0156250
NODE_302590_length_173_cov_184.351351	62	126	322	1	64	0.0156250
NODE_302590_length_173_cov_184.351351	62	126	324	3	64	0.0468750
NODE_302590_length_173_cov_184.351351	62	126	325	7	64	0.1093750
NODE_302590_length_173_cov_184.351351	62	126	326	21	64	0.3281250
NODE_302590_length_173_cov_184.351351	62	126	327	13	64	0.2031250
NODE_302590_length_173_cov_184.351351	99	165	85	1	66	0.0151515
NODE_302590_length_173_cov_184.351351	99	165	86	1	66	0.0151515
NODE_302590_length_173_cov_184.351351	99	165	87	2	66	0.0303030
NODE_302590_length_173_cov_184.351351	99	165	91	1	66	0.0151515
NODE_302590_length_173_cov_184.351351	99	165	93	1	66	0.0151515
NODE_302590_length_173_cov_184.351351	99	165	101	2	66	0.0303030
NODE_302590_length_173_cov_184.351351	99	165	102	2	66	0.0303030
NODE_302590_length_173_cov_184.351351	99	165	104	2	66	0.0303030
NODE_302590_length_173_cov_184.351351	99	165	109	1	66	0.0151515
NODE_302590_length_173_cov_184.351351	99	165	122	3	66	0.0454545
NODE_302590_length_173_cov_184.351351	99	165	126	1	66	0.0151515
NODE_302590_length_173_cov_184.351351	99	165	135	1	66	0.0151515
NODE_302590_length_173_cov_184.351351	99	165	139	1	66	0.0151515
NODE_302590_length_173_cov_184.351351	99	165	145	1	66	0.0151515
NODE_302590_length_173_cov_184.351351	99	165	147	3	66	0.0454545
NODE_302590_length_173_cov_184.351351	99	165	155	1	66	0.0151515
NODE_302590_length_173_cov_184.351351	99	165	159	1	66	0.0151515
NODE_302590_length_173_cov_184.351351	99	165	169	2	66	0.0303030
NODE_302590_length_173_cov_184.351351	99	165	178	1	66	0.0151515
NODE_302590_length_173_cov_184.351351	99	165	181	1	66	0.0151515
NODE_302590_length_173_cov_184.351351	99	165	195	1	66	0.0151515
NODE_302590_length_173_cov_184.351351	99	165	199	1	66	0.0151515
NODE_302590_length_173_cov_184.351351	99	165	202	2	66	0.0303030
NODE_302590_length_173_cov_184.351351	99	165	205	2	66	0.0303030
NODE_302590_length_173_cov_184.351351	99	165	211	1	66	0.0151515
NODE_302590_length_173_cov_184.351351	99	165	221	1	66	0.0151515
NODE_302590_length_173_cov_184.351351	99	165	226	1	66	0.0151515
NODE_302590_length_173_cov_184.351351	99	165	233	1	66	0.0151515
NODE_302590_length_173_cov_184.351351	99	165	253	1	66	0.0151515
NODE_302590_length_173_cov_184.351351	99	165	255	1	66	0.0151515
NODE_302590_length_173_cov_184.351351	99	165	266	1	66	0.0151515
NODE_302590_length_173_cov_184.351351	99	165	268	1	66	0.0151515
NODE_302590_length_173_cov_184.351351	99	165	272	1	66	0.0151515
NODE_302590_length_173_cov_184.351351	99	165	273	1	66	0.0151515
NODE_302590_length_173_cov_184.351351	99	165	275	1	66	0.0151515
NODE_302590_length_173_cov_184.351351	99	165	279	1	66	0.0151515
NODE_302590_length_173_cov_184.351351	99	165	285	2	66	0.0303030
NODE_302590_length_173_cov_184.351351	99	165	292	1	66	0.0151515
NODE_302590_length_173_cov_184.351351	99	165	295	1	66	0.0151515
NODE_302590_length_173_cov_184.351351	99	165	301	2	66	0.0303030
NODE_302590_length_173_cov_184.351351	99	165	305	2	66	0.0303030
NODE_302590_length_173_cov_184.351351	99	165	311	1	66	0.0151515
NODE_302590_length_173_cov_184.351351	99	165	316	1	66	0.0151515
NODE_302590_length_173_cov_184.351351	99	165	318	1	66	0.0151515
NODE_302590_length_173_cov_184.351351	99	165	322	1	66	0.0151515
NODE_302590_length_173_cov_184.351351	99	165	324	3	66	0.0454545
NODE_302590_length_173_cov_184.351351	99	165	325	2	66	0.0303030
NODE_302590_length_173_cov_184.351351	99	165	326	2	66	0.0303030
NODE_302590_length_173_cov_184.351351	99	170	79	1	71	0.0140845
NODE_302590_length_173_cov_184.351351	99	170	82	3	71	0.0422535
NODE_302590_length_173_cov_184.351351	99	170	84	1	71	0.0140845
NODE_302590_length_173_cov_184.351351	99	170	85	1	71	0.0140845
NODE_302590_length_173_cov_184.351351	99	170	86	1	71	0.0140845
NODE_302590_length_173_cov_184.351351	99	170	87	2	71	0.0281690
NODE_302590_length_173_cov_184.351351	99	170	91	1	71	0.0140845
NODE_302590_length_173_cov_184.351351	99	170	93	1	71	0.0140845
NODE_302590_length_173_cov_184.351351	99	170	101	2	71	0.0281690
NODE_302590_length_173_cov_184.351351	99	170	102	2	71	0.0281690
NODE_302590_length_173_cov_184.351351	99	170	104	2	71	0.0281690
NODE_302590_length_173_cov_184.351351	99	170	109	1	71	0.0140845
NODE_302590_length_173_cov_184.351351	99	170	122	3	71	0.0422535
NODE_302590_length_173_cov_184.351351	99	170	126	1	71	0.0140845
NODE_302590_length_173_cov_184.351351	99	170	135	1	71	0.0140845
NODE_302590_length_173_cov_184.351351	99	170	139	1	71	0.0140845
NODE_302590_length_173_cov_184.351351	99	170	145	1	71	0.0140845
NODE_302590_length_173_cov_184.351351	99	170	147	3	71	0.0422535
NODE_302590_length_173_cov_184.351351	99	170	155	1	71	0.0140845
NODE_302590_length_173_cov_184.351351	99	170	159	1	71	0.0140845
NODE_302590_length_173_cov_184.351351	99	170	169	2	71	0.0281690
NODE_302590_length_173_cov_184.351351	99	170	178	1	71	0.0140845
NODE_302590_length_173_cov_184.351351	99	170	181	1	71	0.0140845
NODE_302590_length_173_cov_184.351351	99	170	195	1	71	0.0140845
NODE_302590_length_173_cov_184.351351	99	170	199	1	71	0.0140845
NODE_302590_length_173_cov_184.351351	99	170	202	2	71	0.0281690
NODE_302590_length_173_cov_184.351351	99	170	205	2	71	0.0281690
NODE_302590_length_173_cov_184.351351	99	170	211	1	71	0.0140845
NODE_302590_length_173_cov_184.351351	99	170	221	1	71	0.0140845
NODE_302590_length_173_cov_184.351351	99	170	226	1	71	0.0140845
NODE_302590_length_173_cov_184.351351	99	170	233	1	71	0.0140845
NODE_302590_length_173_cov_184.351351	99	170	253	1	71	0.0140845
NODE_302590_length_173_cov_184.351351	99	170	255	1	71	0.0140845
NODE_302590_length_173_cov_184.351351	99	170	266	1	71	0.0140845
NODE_302590_length_173_cov_184.351351	99	170	268	1	71	0.0140845
NODE_302590_length_173_cov_184.351351	99	170	272	1	71	0.0140845
NODE_302590_length_173_cov_184.351351	99	170	273	1	71	0.0140845
NODE_302590_length_173_cov_184.351351	99	170	275	1	71	0.0140845
NODE_302590_length_173_cov_184.351351	99	170	279	1	71	0.0140845
NODE_302590_length_173_cov_184.351351	99	170	285	2	71	0.0281690
NODE_302590_length_173_cov_184.351351	99	170	292	1	71	0.0140845
NODE_302590_length_173_cov_184.351351	99	170	295	1	71	0.0140845
NODE_302590_length_173_cov_184.351351	99	170	301	2	71	0.0281690
NODE_302590_length_173_cov_184.351351	99	170	305	2	71	0.0281690
NODE_302590_length_173_cov_184.351351	99	170	311	1	71	0.0140845
NODE_302590_length_173_cov_184.351351	99	170	316	1	71	0.0140845
NODE_302590_length_173_cov_184.351351	99	170	318	1	71	0.0140845
NODE_302590_length_173_cov_184.351351	99	170	322	1	71	0.0140845
NODE_302590_length_173_cov_184.351351	99	170	324	3	71	0.0422535
NODE_302590_length_173_cov_184.351351	99	170	325	2	71	0.0281690
NODE_302590_length_173_cov_184.351351	99	170	326	2	71	0.0281690
NODE_302590_length_173_cov_184.351351	115	173	55	1	58	0.0172414
NODE_302590_length_173_cov_184.351351	115	173	56	1	58	0.0172414
NODE_302590_length_173_cov_184.351351	115	173	70	1	58	0.0172414
NODE_302590_length_173_cov_184.351351	115	173	79	1	58	0.0172414
NODE_302590_length_173_cov_184.351351	115	173	82	3	58	0.0517241
NODE_302590_length_173_cov_184.351351	115	173	84	1	58	0.0172414
NODE_302590_length_173_cov_184.351351	115	173	85	1	58	0.0172414
NODE_302590_length_173_cov_184.351351	115	173	86	1	58	0.0172414
NODE_302590_length_173_cov_184.351351	115	173	87	2	58	0.0344828
NODE_302590_length_173_cov_184.351351	115	173	91	1	58	0.0172414
NODE_302590_length_173_cov_184.351351	115	173	93	1	58	0.0172414
NODE_302590_length_173_cov_184.351351	115	173	101	2	58	0.0344828
NODE_302590_length_173_cov_184.351351	115	173	102	2	58	0.0344828
NODE_302590_length_173_cov_184.351351	115	173	104	2	58	0.0344828
NODE_302590_length_173_cov_184.351351	115	173	109	1	58	0.0172414
NODE_302590_length_173_cov_184.351351	115	173	122	3	58	0.0517241
NODE_302590_length_173_cov_184.351351	115	173	126	1	58	0.0172414
NODE_302590_length_173_cov_184.351351	115	173	135	1	58	0.0172414
NODE_302590_length_173_cov_184.351351	115	173	139	1	58	0.0172414
NODE_302590_length_173_cov_184.351351	115	173	145	1	58	0.0172414
NODE_302590_length_173_cov_184.351351	115	173	147	3	58	0.0517241
NODE_302590_length_173_cov_184.351351	115	173	155	1	58	0.0172414
NODE_302590_length_173_cov_184.351351	115	173	159	1	58	0.0172414
NODE_302590_length_173_cov_184.351351	115	173	169	2	58	0.0344828
NODE_302590_length_173_cov_184.351351	115	173	178	1	58	0.0172414
NODE_302590_length_173_cov_184.351351	115	173	181	1	58	0.0172414
NODE_302590_length_173_cov_184.351351	115	173	195	1	58	0.0172414
NODE_302590_length_173_cov_184.351351	115	173	199	1	58	0.0172414
NODE_302590_length_173_cov_184.351351	115	173	202	2	58	0.0344828
NODE_302590_length_173_cov_184.351351	115	173	205	2	58	0.0344828
NODE_302590_length_173_cov_184.351351	115	173	211	1	58	0.0172414
NODE_302590_length_173_cov_184.351351	115	173	221	1	58	0.0172414
NODE_302590_length_173_cov_184.351351	115	173	226	1	58	0.0172414
NODE_302590_length_173_cov_184.351351	115	173	233	1	58	0.0172414
NODE_302590_length_173_cov_184.351351	115	173	253	1	58	0.0172414
NODE_302590_length_173_cov_184.351351	115	173	255	1	58	0.0172414
NODE_302590_length_173_cov_184.351351	115	173	266	1	58	0.0172414
NODE_302590_length_173_cov_184.351351	115	173	268	1	58	0.0172414
NODE_302590_length_173_cov_184.351351	115	173	272	1	58	0.0172414
NODE_302590_length_173_cov_184.351351	115	173	273	1	58	0.0172414
NODE_302590_length_173_cov_184.351351	115	173	275	1	58	0.0172414
NODE_302590_length_173_cov_184.351351	115	173	279	1	58	0.0172414
NODE_302590_length_173_cov_184.351351	115	173	285	2	58	0.0344828
NODE_302590_length_173_cov_184.351351	115	173	292	1	58	0.0172414
NODE_302596_length_173_cov_58.472973	0	78	0	3	78	0.0384615
NODE_302596_length_173_cov_58.472973	0	78	2	1	78	0.0128205
NODE_302596_length_173_cov_58.472973	0	78	6	1	78	0.0128205
NODE_302596_length_173_cov_58.472973	0	78	8	11	78	0.1410256
NODE_302596_length_173_cov_58.472973	0	78	10	10	78	0.1282051
NODE_302596_length_173_cov_58.472973	0	78	14	9	78	0.1153846
NODE_302596_length_173_cov_58.472973	0	78	16	5	78	0.0641026
NODE_302596_length_173_cov_58.472973	0	78	18	1	78	0.0128205
NODE_302596_length_173_cov_58.472973	0	78	20	4	78	0.0512821
NODE_302596_length_173_cov_58.472973	0	78	22	1	78	0.0128205
NODE_302596_length_173_cov_58.472973	0	78	28	5	78	0.0641026
NODE_302596_length_173_cov_58.472973	0	78	30	1	78	0.0128205
NODE_302596_length_173_cov_58.472973	0	78	32	1	78	0.0128205
NODE_302596_length_173_cov_58.472973	0	78	34	9	78	0.1153846
NODE_302596_length_173_cov_58.472973	0	78	36	1	78	0.0128205
NODE_302596_length_173_cov_58.472973	0	78	40	1	78	0.0128205
NODE_302596_length_173_cov_58.472973	0	78	42	14	78	0.1794872
NODE_302597_length_173_cov_57.148649	101	142	118	1	41	0.0243902
NODE_302597_length_173_cov_57.148649	101	142	120	4	41	0.0975610
NODE_302597_length_173_cov_57.148649	101	142	124	1	41	0.0243902
NODE_302597_length_173_cov_57.148649	101	142	130	1	41	0.0243902
NODE_302597_length_173_cov_57.148649	101	142	134	3	41	0.0731707
NODE_302597_length_173_cov_57.148649	101	142	138	2	41	0.0487805
NODE_302597_length_173_cov_57.148649	101	142	142	1	41	0.0243902
NODE_302597_length_173_cov_57.148649	101	142	150	4	41	0.0975610
NODE_302597_length_173_cov_57.148649	101	142	154	2	41	0.0487805
NODE_302597_length_173_cov_57.148649	101	142	156	1	41	0.0243902
NODE_302597_length_173_cov_57.148649	101	142	158	1	41	0.0243902
NODE_302597_length_173_cov_57.148649	101	142	168	2	41	0.0487805
NODE_302597_length_173_cov_57.148649	101	142	172	2	41	0.0487805
NODE_302597_length_173_cov_57.148649	101	142	174	1	41	0.0243902
NODE_302597_length_173_cov_57.148649	101	142	176	1	41	0.0243902
NODE_302597_length_173_cov_57.148649	101	142	182	1	41	0.0243902
NODE_302597_length_173_cov_57.148649	101	142	184	1	41	0.0243902
NODE_302597_length_173_cov_57.148649	101	142	186	3	41	0.0731707
NODE_302597_length_173_cov_57.148649	101	142	188	1	41	0.0243902
NODE_302597_length_173_cov_57.148649	101	142	190	5	41	0.1219512
NODE_302597_length_173_cov_57.148649	101	142	194	2	41	0.0487805
NODE_302597_length_173_cov_57.148649	101	142	196	1	41	0.0243902
NODE_302597_length_173_cov_57.148649	109	173	25	1	64	0.0156250
NODE_302597_length_173_cov_57.148649	109	173	42	1	64	0.0156250
NODE_302597_length_173_cov_57.148649	109	173	44	1	64	0.0156250
NODE_302597_length_173_cov_57.148649	109	173	46	1	64	0.0156250
NODE_302597_length_173_cov_57.148649	109	173	48	2	64	0.0312500
NODE_302597_length_173_cov_57.148649	109	173	52	2	64	0.0312500
NODE_302597_length_173_cov_57.148649	109	173	58	1	64	0.0156250
NODE_302597_length_173_cov_57.148649	109	173	61	1	64	0.0156250
NODE_302597_length_173_cov_57.148649	109	173	64	2	64	0.0312500
NODE_302597_length_173_cov_57.148649	109	173	67	2	64	0.0312500
NODE_302597_length_173_cov_57.148649	109	173	69	2	64	0.0312500
NODE_302597_length_173_cov_57.148649	109	173	72	1	64	0.0156250
NODE_302597_length_173_cov_57.148649	109	173	77	1	64	0.0156250
NODE_302597_length_173_cov_57.148649	109	173	85	2	64	0.0312500
NODE_302597_length_173_cov_57.148649	109	173	87	2	64	0.0312500
NODE_302597_length_173_cov_57.148649	109	173	96	2	64	0.0312500
NODE_302597_length_173_cov_57.148649	109	173	99	1	64	0.0156250
NODE_302597_length_173_cov_57.148649	109	173	102	1	64	0.0156250
NODE_302597_length_173_cov_57.148649	109	173	109	1	64	0.0156250
NODE_302597_length_173_cov_57.148649	109	173	115	3	64	0.0468750
NODE_302597_length_173_cov_57.148649	109	173	116	1	64	0.0156250
NODE_302597_length_173_cov_57.148649	109	173	118	1	64	0.0156250
NODE_302597_length_173_cov_57.148649	109	173	120	4	64	0.0625000
NODE_302597_length_173_cov_57.148649	109	173	124	1	64	0.0156250
NODE_302597_length_173_cov_57.148649	109	173	130	1	64	0.0156250
NODE_302597_length_173_cov_57.148649	109	173	134	3	64	0.0468750
NODE_302597_length_173_cov_57.148649	109	173	138	2	64	0.0312500
NODE_302597_length_173_cov_57.148649	109	173	142	1	64	0.0156250
NODE_302597_length_173_cov_57.148649	109	173	150	4	64	0.0625000
NODE_302597_length_173_cov_57.148649	109	173	154	2	64	0.0312500
NODE_302597_length_173_cov_57.148649	109	173	156	1	64	0.0156250
NODE_302597_length_173_cov_57.148649	109	173	158	1	64	0.0156250
NODE_302597_length_173_cov_57.148649	109	173	168	2	64	0.0312500
NODE_302597_length_173_cov_57.148649	109	173	172	2	64	0.0312500
NODE_302597_length_173_cov_57.148649	109	173	174	1	64	0.0156250
NODE_302597_length_173_cov_57.148649	109	173	176	1	64	0.0156250
NODE_302597_length_173_cov_57.148649	109	173	182	1	64	0.0156250
NODE_302597_length_173_cov_57.148649	109	173	184	1	64	0.0156250
NODE_302597_length_173_cov_57.148649	109	173	186	3	64	0.0468750
NODE_302597_length_173_cov_57.148649	109	173	188	1	64	0.0156250
NODE_302686_length_171_cov_218.666667	12	90	22	7	78	0.0897436
NODE_302686_length_171_cov_218.666667	12	90	23	1	78	0.0128205
NODE_302686_length_171_cov_218.666667	12	90	32	4	78	0.0512821
NODE_302686_length_171_cov_218.666667	12	90	34	6	78	0.0769231
NODE_302686_length_171_cov_218.666667	12	90	40	1	78	0.0128205
NODE_302686_length_171_cov_218.666667	12	90	44	5	78	0.0641026
NODE_302686_length_171_cov_218.666667	12	90	50	13	78	0.1666667
NODE_302686_length_171_cov_218.666667	12	90	52	41	78	0.5256410
NODE_302686_length_171_cov_218.666667	12	90	22	7	78	0.0897436
NODE_302686_length_171_cov_218.666667	12	90	23	1	78	0.0128205
NODE_302686_length_171_cov_218.666667	12	90	32	4	78	0.0512821
NODE_302686_length_171_cov_218.666667	12	90	34	6	78	0.0769231
NODE_302686_length_171_cov_218.666667	12	90	40	1	78	0.0128205
NODE_302686_length_171_cov_218.666667	12	90	44	5	78	0.0641026
NODE_302686_length_171_cov_218.666667	12	90	50	13	78	0.1666667
NODE_302686_length_171_cov_218.666667	12	90	52	41	78	0.5256410
NODE_302686_length_171_cov_218.666667	21	90	32	3	69	0.0434783
NODE_302686_length_171_cov_218.666667	21	90	34	6	69	0.0869565
NODE_302686_length_171_cov_218.666667	21	90	40	1	69	0.0144928
NODE_302686_length_171_cov_218.666667	21	90	44	5	69	0.0724638
NODE_302686_length_171_cov_218.666667	21	90	50	13	69	0.1884058
NODE_302686_length_171_cov_218.666667	21	90	52	41	69	0.5942029
NODE_302689_length_171_cov_110.194444	81	161	0	8	80	0.1000000
NODE_302689_length_171_cov_110.194444	81	161	7	1	80	0.0125000
NODE_302689_length_171_cov_110.194444	81	161	8	5	80	0.0625000
NODE_302689_length_171_cov_110.194444	81	161	9	25	80	0.3125000
NODE_302689_length_171_cov_110.194444	81	161	11	36	80	0.4500000
NODE_302689_length_171_cov_110.194444	81	161	12	5	80	0.0625000
NODE_302689_length_171_cov_110.194444	81	152	8	5	71	0.0704225
NODE_302689_length_171_cov_110.194444	81	152	9	25	71	0.3521127
NODE_302689_length_171_cov_110.194444	81	152	11	36	71	0.5070422
NODE_302689_length_171_cov_110.194444	81	152	12	5	71	0.0704225
NODE_302691_length_171_cov_86.013889	106	171	0	11	65	0.1692308
NODE_302691_length_171_cov_86.013889	106	171	2	6	65	0.0923077
NODE_302691_length_171_cov_86.013889	106	171	3	1	65	0.0153846
NODE_302691_length_171_cov_86.013889	106	171	8	1	65	0.0153846
NODE_302691_length_171_cov_86.013889	106	171	10	46	65	0.7076923
NODE_302697_length_171_cov_46.430556	0	59	17	1	59	0.0169492
NODE_302697_length_171_cov_46.430556	0	59	24	1	59	0.0169492
NODE_302697_length_171_cov_46.430556	0	59	30	1	59	0.0169492
NODE_302697_length_171_cov_46.430556	0	59	36	1	59	0.0169492
NODE_302697_length_171_cov_46.430556	0	59	42	3	59	0.0508475
NODE_302697_length_171_cov_46.430556	0	59	46	2	59	0.0338983
NODE_302697_length_171_cov_46.430556	0	59	48	1	59	0.0169492
NODE_302697_length_171_cov_46.430556	0	59	52	4	59	0.0677966
NODE_302697_length_171_cov_46.430556	0	59	58	1	59	0.0169492
NODE_302697_length_171_cov_46.430556	0	59	60	3	59	0.0508475
NODE_302697_length_171_cov_46.430556	0	59	63	1	59	0.0169492
NODE_302697_length_171_cov_46.430556	0	59	65	1	59	0.0169492
NODE_302697_length_171_cov_46.430556	0	59	67	2	59	0.0338983
NODE_302697_length_171_cov_46.430556	0	59	71	1	59	0.0169492
NODE_302697_length_171_cov_46.430556	0	59	75	1	59	0.0169492
NODE_302697_length_171_cov_46.430556	0	59	77	2	59	0.0338983
NODE_302697_length_171_cov_46.430556	0	59	87	1	59	0.0169492
NODE_302697_length_171_cov_46.430556	0	59	89	1	59	0.0169492
NODE_302697_length_171_cov_46.430556	0	59	95	2	59	0.0338983
NODE_302697_length_171_cov_46.430556	0	59	99	2	59	0.0338983
NODE_302697_length_171_cov_46.430556	0	59	103	1	59	0.0169492
NODE_302697_length_171_cov_46.430556	0	59	111	1	59	0.0169492
NODE_302697_length_171_cov_46.430556	0	59	113	1	59	0.0169492
NODE_302697_length_171_cov_46.430556	0	59	125	1	59	0.0169492
NODE_302697_length_171_cov_46.430556	0	59	129	2	59	0.0338983
NODE_302697_length_171_cov_46.430556	0	59	131	1	59	0.0169492
NODE_302697_length_171_cov_46.430556	0	59	133	1	59	0.0169492
NODE_302697_length_171_cov_46.430556	0	59	135	1	59	0.0169492
NODE_302697_length_171_cov_46.430556	0	59	137	1	59	0.0169492
NODE_302697_length_171_cov_46.430556	0	59	139	3	59	0.0508475
NODE_302697_length_171_cov_46.430556	0	59	141	3	59	0.0508475
NODE_302697_length_171_cov_46.430556	0	59	143	2	59	0.0338983
NODE_302697_length_171_cov_46.430556	0	59	145	1	59	0.0169492
NODE_302697_length_171_cov_46.430556	0	59	149	3	59	0.0508475
NODE_302697_length_171_cov_46.430556	0	59	151	1	59	0.0169492
NODE_302697_length_171_cov_46.430556	0	59	153	1	59	0.0169492
NODE_302697_length_171_cov_46.430556	0	59	157	1	59	0.0169492
NODE_302697_length_171_cov_46.430556	0	59	161	1	59	0.0169492
NODE_302697_length_171_cov_46.430556	0	59	163	1	59	0.0169492
NODE_302697_length_171_cov_46.430556	32	98	103	1	66	0.0151515
NODE_302697_length_171_cov_46.430556	32	98	111	1	66	0.0151515
NODE_302697_length_171_cov_46.430556	32	98	113	1	66	0.0151515
NODE_302697_length_171_cov_46.430556	32	98	125	1	66	0.0151515
NODE_302697_length_171_cov_46.430556	32	98	129	2	66	0.0303030
NODE_302697_length_171_cov_46.430556	32	98	131	1	66	0.0151515
NODE_302697_length_171_cov_46.430556	32	98	133	1	66	0.0151515
NODE_302697_length_171_cov_46.430556	32	98	135	1	66	0.0151515
NODE_302697_length_171_cov_46.430556	32	98	137	1	66	0.0151515
NODE_302697_length_171_cov_46.430556	32	98	139	3	66	0.0454545
NODE_302697_length_171_cov_46.430556	32	98	141	3	66	0.0454545
NODE_302697_length_171_cov_46.430556	32	98	143	2	66	0.0303030
NODE_302697_length_171_cov_46.430556	32	98	145	1	66	0.0151515
NODE_302697_length_171_cov_46.430556	32	98	149	3	66	0.0454545
NODE_302697_length_171_cov_46.430556	32	98	151	1	66	0.0151515
NODE_302697_length_171_cov_46.430556	32	98	153	1	66	0.0151515
NODE_302697_length_171_cov_46.430556	32	98	157	1	66	0.0151515
NODE_302697_length_171_cov_46.430556	32	98	161	1	66	0.0151515
NODE_302697_length_171_cov_46.430556	32	98	163	1	66	0.0151515
NODE_302697_length_171_cov_46.430556	32	98	165	1	66	0.0151515
NODE_302697_length_171_cov_46.430556	32	98	167	1	66	0.0151515
NODE_302697_length_171_cov_46.430556	32	98	169	13	66	0.1969697
NODE_302697_length_171_cov_46.430556	32	98	170	24	66	0.3636364
NODE_302700_length_171_cov_40.069444	13	87	0	74	74	1.0000000
NODE_302702_length_171_cov_33.319444	84	158	4	6	74	0.0810811
NODE_302702_length_171_cov_33.319444	84	158	5	3	74	0.0405405
NODE_302702_length_171_cov_33.319444	84	158	11	1	74	0.0135135
NODE_302702_length_171_cov_33.319444	84	158	13	11	74	0.1486486
NODE_302702_length_171_cov_33.319444	84	158	15	5	74	0.0675676
NODE_302702_length_171_cov_33.319444	84	158	16	23	74	0.3108108
NODE_302702_length_171_cov_33.319444	84	158	18	25	74	0.3378378
NODE_302764_length_170_cov_217.422535	10	90	40	1	80	0.0125000
NODE_302764_length_170_cov_217.422535	10	90	41	1	80	0.0125000
NODE_302764_length_170_cov_217.422535	10	90	49	1	80	0.0125000
NODE_302764_length_170_cov_217.422535	10	90	51	1	80	0.0125000
NODE_302764_length_170_cov_217.422535	10	90	77	3	80	0.0375000
NODE_302764_length_170_cov_217.422535	10	90	84	1	80	0.0125000
NODE_302764_length_170_cov_217.422535	10	90	88	1	80	0.0125000
NODE_302764_length_170_cov_217.422535	10	90	90	2	80	0.0250000
NODE_302764_length_170_cov_217.422535	10	90	98	4	80	0.0500000
NODE_302764_length_170_cov_217.422535	10	90	108	1	80	0.0125000
NODE_302764_length_170_cov_217.422535	10	90	109	1	80	0.0125000
NODE_302764_length_170_cov_217.422535	10	90	117	1	80	0.0125000
NODE_302764_length_170_cov_217.422535	10	90	122	1	80	0.0125000
NODE_302764_length_170_cov_217.422535	10	90	132	1	80	0.0125000
NODE_302764_length_170_cov_217.422535	10	90	142	1	80	0.0125000
NODE_302764_length_170_cov_217.422535	10	90	147	1	80	0.0125000
NODE_302764_length_170_cov_217.422535	10	90	153	1	80	0.0125000
NODE_302764_length_170_cov_217.422535	10	90	155	4	80	0.0500000
NODE_302764_length_170_cov_217.422535	10	90	157	4	80	0.0500000
NODE_302764_length_170_cov_217.422535	10	90	161	1	80	0.0125000
NODE_302764_length_170_cov_217.422535	10	90	169	1	80	0.0125000
NODE_302764_length_170_cov_217.422535	10	90	171	2	80	0.0250000
NODE_302764_length_170_cov_217.422535	10	90	184	1	80	0.0125000
NODE_302764_length_170_cov_217.422535	10	90	185	1	80	0.0125000
NODE_302764_length_170_cov_217.422535	10	90	191	1	80	0.0125000
NODE_302764_length_170_cov_217.422535	10	90	195	1	80	0.0125000
NODE_302764_length_170_cov_217.422535	10	90	197	3	80	0.0375000
NODE_302764_length_170_cov_217.422535	10	90	208	1	80	0.0125000
NODE_302764_length_170_cov_217.422535	10	90	213	1	80	0.0125000
NODE_302764_length_170_cov_217.422535	10	90	215	1	80	0.0125000
NODE_302764_length_170_cov_217.422535	10	90	219	1	80	0.0125000
NODE_302764_length_170_cov_217.422535	10	90	230	1	80	0.0125000
NODE_302764_length_170_cov_217.422535	10	90	236	1	80	0.0125000
NODE_302764_length_170_cov_217.422535	10	90	240	3	80	0.0375000
NODE_302764_length_170_cov_217.422535	10	90	242	1	80	0.0125000
NODE_302764_length_170_cov_217.422535	10	90	244	1	80	0.0125000
NODE_302764_length_170_cov_217.422535	10	90	250	2	80	0.0250000
NODE_302764_length_170_cov_217.422535	10	90	252	2	80	0.0250000
NODE_302764_length_170_cov_217.422535	10	90	257	8	80	0.1000000
NODE_302764_length_170_cov_217.422535	10	90	258	4	80	0.0500000
NODE_302764_length_170_cov_217.422535	10	90	259	11	80	0.1375000
NODE_302764_length_170_cov_217.422535	10	90	40	1	80	0.0125000
NODE_302764_length_170_cov_217.422535	10	90	41	1	80	0.0125000
NODE_302764_length_170_cov_217.422535	10	90	49	1	80	0.0125000
NODE_302764_length_170_cov_217.422535	10	90	51	1	80	0.0125000
NODE_302764_length_170_cov_217.422535	10	90	77	3	80	0.0375000
NODE_302764_length_170_cov_217.422535	10	90	84	1	80	0.0125000
NODE_302764_length_170_cov_217.422535	10	90	88	1	80	0.0125000
NODE_302764_length_170_cov_217.422535	10	90	90	2	80	0.0250000
NODE_302764_length_170_cov_217.422535	10	90	98	4	80	0.0500000
NODE_302764_length_170_cov_217.422535	10	90	108	1	80	0.0125000
NODE_302764_length_170_cov_217.422535	10	90	109	1	80	0.0125000
NODE_302764_length_170_cov_217.422535	10	90	117	1	80	0.0125000
NODE_302764_length_170_cov_217.422535	10	90	122	1	80	0.0125000
NODE_302764_length_170_cov_217.422535	10	90	132	1	80	0.0125000
NODE_302764_length_170_cov_217.422535	10	90	142	1	80	0.0125000
NODE_302764_length_170_cov_217.422535	10	90	147	1	80	0.0125000
NODE_302764_length_170_cov_217.422535	10	90	153	1	80	0.0125000
NODE_302764_length_170_cov_217.422535	10	90	155	4	80	0.0500000
NODE_302764_length_170_cov_217.422535	10	90	157	4	80	0.0500000
NODE_302764_length_170_cov_217.422535	10	90	161	1	80	0.0125000
NODE_302764_length_170_cov_217.422535	10	90	169	1	80	0.0125000
NODE_302764_length_170_cov_217.422535	10	90	171	2	80	0.0250000
NODE_302764_length_170_cov_217.422535	10	90	184	1	80	0.0125000
NODE_302764_length_170_cov_217.422535	10	90	185	1	80	0.0125000
NODE_302764_length_170_cov_217.422535	10	90	191	1	80	0.0125000
NODE_302764_length_170_cov_217.422535	10	90	195	1	80	0.0125000
NODE_302764_length_170_cov_217.422535	10	90	197	3	80	0.0375000
NODE_302764_length_170_cov_217.422535	10	90	208	1	80	0.0125000
NODE_302764_length_170_cov_217.422535	10	90	213	1	80	0.0125000
NODE_302764_length_170_cov_217.422535	10	90	215	1	80	0.0125000
NODE_302764_length_170_cov_217.422535	10	90	219	1	80	0.0125000
NODE_302764_length_170_cov_217.422535	10	90	230	1	80	0.0125000
NODE_302764_length_170_cov_217.422535	10	90	236	1	80	0.0125000
NODE_302764_length_170_cov_217.422535	10	90	240	3	80	0.0375000
NODE_302764_length_170_cov_217.422535	10	90	242	1	80	0.0125000
NODE_302764_length_170_cov_217.422535	10	90	244	1	80	0.0125000
NODE_302764_length_170_cov_217.422535	10	90	250	2	80	0.0250000
NODE_302764_length_170_cov_217.422535	10	90	252	2	80	0.0250000
NODE_302764_length_170_cov_217.422535	10	90	257	8	80	0.1000000
NODE_302764_length_170_cov_217.422535	10	90	258	4	80	0.0500000
NODE_302764_length_170_cov_217.422535	10	90	259	11	80	0.1375000
NODE_302764_length_170_cov_217.422535	10	90	40	1	80	0.0125000
NODE_302764_length_170_cov_217.422535	10	90	41	1	80	0.0125000
NODE_302764_length_170_cov_217.422535	10	90	49	1	80	0.0125000
NODE_302764_length_170_cov_217.422535	10	90	51	1	80	0.0125000
NODE_302764_length_170_cov_217.422535	10	90	77	3	80	0.0375000
NODE_302764_length_170_cov_217.422535	10	90	84	1	80	0.0125000
NODE_302764_length_170_cov_217.422535	10	90	88	1	80	0.0125000
NODE_302764_length_170_cov_217.422535	10	90	90	2	80	0.0250000
NODE_302764_length_170_cov_217.422535	10	90	98	4	80	0.0500000
NODE_302764_length_170_cov_217.422535	10	90	108	1	80	0.0125000
NODE_302764_length_170_cov_217.422535	10	90	109	1	80	0.0125000
NODE_302764_length_170_cov_217.422535	10	90	117	1	80	0.0125000
NODE_302764_length_170_cov_217.422535	10	90	122	1	80	0.0125000
NODE_302764_length_170_cov_217.422535	10	90	132	1	80	0.0125000
NODE_302764_length_170_cov_217.422535	10	90	142	1	80	0.0125000
NODE_302764_length_170_cov_217.422535	10	90	147	1	80	0.0125000
NODE_302764_length_170_cov_217.422535	10	90	153	1	80	0.0125000
NODE_302764_length_170_cov_217.422535	10	90	155	4	80	0.0500000
NODE_302764_length_170_cov_217.422535	10	90	157	4	80	0.0500000
NODE_302764_length_170_cov_217.422535	10	90	161	1	80	0.0125000
NODE_302764_length_170_cov_217.422535	10	90	169	1	80	0.0125000
NODE_302764_length_170_cov_217.422535	10	90	171	2	80	0.0250000
NODE_302764_length_170_cov_217.422535	10	90	184	1	80	0.0125000
NODE_302764_length_170_cov_217.422535	10	90	185	1	80	0.0125000
NODE_302764_length_170_cov_217.422535	10	90	191	1	80	0.0125000
NODE_302764_length_170_cov_217.422535	10	90	195	1	80	0.0125000
NODE_302764_length_170_cov_217.422535	10	90	197	3	80	0.0375000
NODE_302764_length_170_cov_217.422535	10	90	208	1	80	0.0125000
NODE_302764_length_170_cov_217.422535	10	90	213	1	80	0.0125000
NODE_302764_length_170_cov_217.422535	10	90	215	1	80	0.0125000
NODE_302764_length_170_cov_217.422535	10	90	219	1	80	0.0125000
NODE_302764_length_170_cov_217.422535	10	90	230	1	80	0.0125000
NODE_302764_length_170_cov_217.422535	10	90	236	1	80	0.0125000
NODE_302764_length_170_cov_217.422535	10	90	240	3	80	0.0375000
NODE_302764_length_170_cov_217.422535	10	90	242	1	80	0.0125000
NODE_302764_length_170_cov_217.422535	10	90	244	1	80	0.0125000
NODE_302764_length_170_cov_217.422535	10	90	250	2	80	0.0250000
NODE_302764_length_170_cov_217.422535	10	90	252	2	80	0.0250000
NODE_302764_length_170_cov_217.422535	10	90	257	8	80	0.1000000
NODE_302764_length_170_cov_217.422535	10	90	258	4	80	0.0500000
NODE_302764_length_170_cov_217.422535	10	90	259	11	80	0.1375000
NODE_302764_length_170_cov_217.422535	10	90	40	1	80	0.0125000
NODE_302764_length_170_cov_217.422535	10	90	41	1	80	0.0125000
NODE_302764_length_170_cov_217.422535	10	90	49	1	80	0.0125000
NODE_302764_length_170_cov_217.422535	10	90	51	1	80	0.0125000
NODE_302764_length_170_cov_217.422535	10	90	77	3	80	0.0375000
NODE_302764_length_170_cov_217.422535	10	90	84	1	80	0.0125000
NODE_302764_length_170_cov_217.422535	10	90	88	1	80	0.0125000
NODE_302764_length_170_cov_217.422535	10	90	90	2	80	0.0250000
NODE_302764_length_170_cov_217.422535	10	90	98	4	80	0.0500000
NODE_302764_length_170_cov_217.422535	10	90	108	1	80	0.0125000
NODE_302764_length_170_cov_217.422535	10	90	109	1	80	0.0125000
NODE_302764_length_170_cov_217.422535	10	90	117	1	80	0.0125000
NODE_302764_length_170_cov_217.422535	10	90	122	1	80	0.0125000
NODE_302764_length_170_cov_217.422535	10	90	132	1	80	0.0125000
NODE_302764_length_170_cov_217.422535	10	90	142	1	80	0.0125000
NODE_302764_length_170_cov_217.422535	10	90	147	1	80	0.0125000
NODE_302764_length_170_cov_217.422535	10	90	153	1	80	0.0125000
NODE_302764_length_170_cov_217.422535	10	90	155	4	80	0.0500000
NODE_302764_length_170_cov_217.422535	10	90	157	4	80	0.0500000
NODE_302764_length_170_cov_217.422535	10	90	161	1	80	0.0125000
NODE_302764_length_170_cov_217.422535	10	90	169	1	80	0.0125000
NODE_302764_length_170_cov_217.422535	10	90	171	2	80	0.0250000
NODE_302764_length_170_cov_217.422535	10	90	184	1	80	0.0125000
NODE_302764_length_170_cov_217.422535	10	90	185	1	80	0.0125000
NODE_302764_length_170_cov_217.422535	10	90	191	1	80	0.0125000
NODE_302764_length_170_cov_217.422535	10	90	195	1	80	0.0125000
NODE_302764_length_170_cov_217.422535	10	90	197	3	80	0.0375000
NODE_302764_length_170_cov_217.422535	10	90	208	1	80	0.0125000
NODE_302764_length_170_cov_217.422535	10	90	213	1	80	0.0125000
NODE_302764_length_170_cov_217.422535	10	90	215	1	80	0.0125000
NODE_302764_length_170_cov_217.422535	10	90	219	1	80	0.0125000
NODE_302764_length_170_cov_217.422535	10	90	230	1	80	0.0125000
NODE_302764_length_170_cov_217.422535	10	90	236	1	80	0.0125000
NODE_302764_length_170_cov_217.422535	10	90	240	3	80	0.0375000
NODE_302764_length_170_cov_217.422535	10	90	242	1	80	0.0125000
NODE_302764_length_170_cov_217.422535	10	90	244	1	80	0.0125000
NODE_302764_length_170_cov_217.422535	10	90	250	2	80	0.0250000
NODE_302764_length_170_cov_217.422535	10	90	252	2	80	0.0250000
NODE_302764_length_170_cov_217.422535	10	90	257	8	80	0.1000000
NODE_302764_length_170_cov_217.422535	10	90	258	4	80	0.0500000
NODE_302764_length_170_cov_217.422535	10	90	259	11	80	0.1375000
NODE_302764_length_170_cov_217.422535	10	90	40	1	80	0.0125000
NODE_302764_length_170_cov_217.422535	10	90	41	1	80	0.0125000
NODE_302764_length_170_cov_217.422535	10	90	49	1	80	0.0125000
NODE_302764_length_170_cov_217.422535	10	90	51	1	80	0.0125000
NODE_302764_length_170_cov_217.422535	10	90	77	3	80	0.0375000
NODE_302764_length_170_cov_217.422535	10	90	84	1	80	0.0125000
NODE_302764_length_170_cov_217.422535	10	90	88	1	80	0.0125000
NODE_302764_length_170_cov_217.422535	10	90	90	2	80	0.0250000
NODE_302764_length_170_cov_217.422535	10	90	98	4	80	0.0500000
NODE_302764_length_170_cov_217.422535	10	90	108	1	80	0.0125000
NODE_302764_length_170_cov_217.422535	10	90	109	1	80	0.0125000
NODE_302764_length_170_cov_217.422535	10	90	117	1	80	0.0125000
NODE_302764_length_170_cov_217.422535	10	90	122	1	80	0.0125000
NODE_302764_length_170_cov_217.422535	10	90	132	1	80	0.0125000
NODE_302764_length_170_cov_217.422535	10	90	142	1	80	0.0125000
NODE_302764_length_170_cov_217.422535	10	90	147	1	80	0.0125000
NODE_302764_length_170_cov_217.422535	10	90	153	1	80	0.0125000
NODE_302764_length_170_cov_217.422535	10	90	155	4	80	0.0500000
NODE_302764_length_170_cov_217.422535	10	90	157	4	80	0.0500000
NODE_302764_length_170_cov_217.422535	10	90	161	1	80	0.0125000
NODE_302764_length_170_cov_217.422535	10	90	169	1	80	0.0125000
NODE_302764_length_170_cov_217.422535	10	90	171	2	80	0.0250000
NODE_302764_length_170_cov_217.422535	10	90	184	1	80	0.0125000
NODE_302764_length_170_cov_217.422535	10	90	185	1	80	0.0125000
NODE_302764_length_170_cov_217.422535	10	90	191	1	80	0.0125000
NODE_302764_length_170_cov_217.422535	10	90	195	1	80	0.0125000
NODE_302764_length_170_cov_217.422535	10	90	197	3	80	0.0375000
NODE_302764_length_170_cov_217.422535	10	90	208	1	80	0.0125000
NODE_302764_length_170_cov_217.422535	10	90	213	1	80	0.0125000
NODE_302764_length_170_cov_217.422535	10	90	215	1	80	0.0125000
NODE_302764_length_170_cov_217.422535	10	90	219	1	80	0.0125000
NODE_302764_length_170_cov_217.422535	10	90	230	1	80	0.0125000
NODE_302764_length_170_cov_217.422535	10	90	236	1	80	0.0125000
NODE_302764_length_170_cov_217.422535	10	90	240	3	80	0.0375000
NODE_302764_length_170_cov_217.422535	10	90	242	1	80	0.0125000
NODE_302764_length_170_cov_217.422535	10	90	244	1	80	0.0125000
NODE_302764_length_170_cov_217.422535	10	90	250	2	80	0.0250000
NODE_302764_length_170_cov_217.422535	10	90	252	2	80	0.0250000
NODE_302764_length_170_cov_217.422535	10	90	257	8	80	0.1000000
NODE_302764_length_170_cov_217.422535	10	90	258	4	80	0.0500000
NODE_302764_length_170_cov_217.422535	10	90	259	11	80	0.1375000
NODE_302764_length_170_cov_217.422535	19	90	90	2	71	0.0281690
NODE_302764_length_170_cov_217.422535	19	90	98	4	71	0.0563380
NODE_302764_length_170_cov_217.422535	19	90	108	1	71	0.0140845
NODE_302764_length_170_cov_217.422535	19	90	109	1	71	0.0140845
NODE_302764_length_170_cov_217.422535	19	90	117	1	71	0.0140845
NODE_302764_length_170_cov_217.422535	19	90	122	1	71	0.0140845
NODE_302764_length_170_cov_217.422535	19	90	132	1	71	0.0140845
NODE_302764_length_170_cov_217.422535	19	90	142	1	71	0.0140845
NODE_302764_length_170_cov_217.422535	19	90	147	1	71	0.0140845
NODE_302764_length_170_cov_217.422535	19	90	153	1	71	0.0140845
NODE_302764_length_170_cov_217.422535	19	90	155	4	71	0.0563380
NODE_302764_length_170_cov_217.422535	19	90	157	4	71	0.0563380
NODE_302764_length_170_cov_217.422535	19	90	161	1	71	0.0140845
NODE_302764_length_170_cov_217.422535	19	90	169	1	71	0.0140845
NODE_302764_length_170_cov_217.422535	19	90	171	2	71	0.0281690
NODE_302764_length_170_cov_217.422535	19	90	184	1	71	0.0140845
NODE_302764_length_170_cov_217.422535	19	90	185	1	71	0.0140845
NODE_302764_length_170_cov_217.422535	19	90	191	1	71	0.0140845
NODE_302764_length_170_cov_217.422535	19	90	195	1	71	0.0140845
NODE_302764_length_170_cov_217.422535	19	90	197	3	71	0.0422535
NODE_302764_length_170_cov_217.422535	19	90	208	1	71	0.0140845
NODE_302764_length_170_cov_217.422535	19	90	213	1	71	0.0140845
NODE_302764_length_170_cov_217.422535	19	90	215	1	71	0.0140845
NODE_302764_length_170_cov_217.422535	19	90	219	1	71	0.0140845
NODE_302764_length_170_cov_217.422535	19	90	230	1	71	0.0140845
NODE_302764_length_170_cov_217.422535	19	90	236	1	71	0.0140845
NODE_302764_length_170_cov_217.422535	19	90	240	3	71	0.0422535
NODE_302764_length_170_cov_217.422535	19	90	242	1	71	0.0140845
NODE_302764_length_170_cov_217.422535	19	90	244	1	71	0.0140845
NODE_302764_length_170_cov_217.422535	19	90	250	2	71	0.0281690
NODE_302764_length_170_cov_217.422535	19	90	252	2	71	0.0281690
NODE_302764_length_170_cov_217.422535	19	90	257	8	71	0.1126761
NODE_302764_length_170_cov_217.422535	19	90	258	4	71	0.0563380
NODE_302764_length_170_cov_217.422535	19	90	259	11	71	0.1549296
NODE_302764_length_170_cov_217.422535	63	126	222	1	63	0.0158730
NODE_302764_length_170_cov_217.422535	63	126	224	4	63	0.0634921
NODE_302764_length_170_cov_217.422535	63	126	230	2	63	0.0317460
NODE_302764_length_170_cov_217.422535	63	126	234	1	63	0.0158730
NODE_302764_length_170_cov_217.422535	63	126	236	1	63	0.0158730
NODE_302764_length_170_cov_217.422535	63	126	240	1	63	0.0158730
NODE_302764_length_170_cov_217.422535	63	126	242	1	63	0.0158730
NODE_302764_length_170_cov_217.422535	63	126	245	1	63	0.0158730
NODE_302764_length_170_cov_217.422535	63	126	247	3	63	0.0476190
NODE_302764_length_170_cov_217.422535	63	126	250	3	63	0.0476190
NODE_302764_length_170_cov_217.422535	63	126	251	6	63	0.0952381
NODE_302764_length_170_cov_217.422535	63	126	252	2	63	0.0317460
NODE_302764_length_170_cov_217.422535	63	126	257	9	63	0.1428571
NODE_302764_length_170_cov_217.422535	63	126	258	4	63	0.0634921
NODE_302764_length_170_cov_217.422535	63	126	259	24	63	0.3809524
NODE_302764_length_170_cov_217.422535	63	126	222	1	63	0.0158730
NODE_302764_length_170_cov_217.422535	63	126	224	4	63	0.0634921
NODE_302764_length_170_cov_217.422535	63	126	230	2	63	0.0317460
NODE_302764_length_170_cov_217.422535	63	126	234	1	63	0.0158730
NODE_302764_length_170_cov_217.422535	63	126	236	1	63	0.0158730
NODE_302764_length_170_cov_217.422535	63	126	240	1	63	0.0158730
NODE_302764_length_170_cov_217.422535	63	126	242	1	63	0.0158730
NODE_302764_length_170_cov_217.422535	63	126	245	1	63	0.0158730
NODE_302764_length_170_cov_217.422535	63	126	247	3	63	0.0476190
NODE_302764_length_170_cov_217.422535	63	126	250	3	63	0.0476190
NODE_302764_length_170_cov_217.422535	63	126	251	6	63	0.0952381
NODE_302764_length_170_cov_217.422535	63	126	252	2	63	0.0317460
NODE_302764_length_170_cov_217.422535	63	126	257	9	63	0.1428571
NODE_302764_length_170_cov_217.422535	63	126	258	4	63	0.0634921
NODE_302764_length_170_cov_217.422535	63	126	259	24	63	0.3809524
NODE_302768_length_170_cov_102.816901	23	86	45	1	63	0.0158730
NODE_302768_length_170_cov_102.816901	23	86	46	3	63	0.0476190
NODE_302768_length_170_cov_102.816901	23	86	50	3	63	0.0476190
NODE_302768_length_170_cov_102.816901	23	86	52	9	63	0.1428571
NODE_302768_length_170_cov_102.816901	23	86	56	1	63	0.0158730
NODE_302768_length_170_cov_102.816901	23	86	57	11	63	0.1746032
NODE_302768_length_170_cov_102.816901	23	86	59	1	63	0.0158730
NODE_302768_length_170_cov_102.816901	23	86	61	16	63	0.2539683
NODE_302768_length_170_cov_102.816901	23	86	64	5	63	0.0793651
NODE_302768_length_170_cov_102.816901	23	86	66	13	63	0.2063492
NODE_302806_length_169_cov_47.757143	70	150	70	1	80	0.0125000
NODE_302806_length_169_cov_47.757143	70	150	77	1	80	0.0125000
NODE_302806_length_169_cov_47.757143	70	150	83	1	80	0.0125000
NODE_302806_length_169_cov_47.757143	70	150	109	1	80	0.0125000
NODE_302806_length_169_cov_47.757143	70	150	113	5	80	0.0625000
NODE_302806_length_169_cov_47.757143	70	150	115	1	80	0.0125000
NODE_302806_length_169_cov_47.757143	70	150	117	7	80	0.0875000
NODE_302806_length_169_cov_47.757143	70	150	125	3	80	0.0375000
NODE_302806_length_169_cov_47.757143	70	150	126	4	80	0.0500000
NODE_302806_length_169_cov_47.757143	70	150	134	2	80	0.0250000
NODE_302806_length_169_cov_47.757143	70	150	136	9	80	0.1125000
NODE_302806_length_169_cov_47.757143	70	150	140	1	80	0.0125000
NODE_302806_length_169_cov_47.757143	70	150	144	4	80	0.0500000
NODE_302806_length_169_cov_47.757143	70	150	148	4	80	0.0500000
NODE_302806_length_169_cov_47.757143	70	150	149	29	80	0.3625000
NODE_302806_length_169_cov_47.757143	70	150	150	7	80	0.0875000
NODE_302869_length_168_cov_10.391304	66	99	0	33	33	1.0000000
NODE_302869_length_168_cov_10.391304	135	168	0	33	33	1.0000000
NODE_302966_length_166_cov_401.149254	31	109	139	1	78	0.0128205
NODE_302966_length_166_cov_401.149254	31	109	141	2	78	0.0256410
NODE_302966_length_166_cov_401.149254	31	109	143	1	78	0.0128205
NODE_302966_length_166_cov_401.149254	31	109	152	1	78	0.0128205
NODE_302966_length_166_cov_401.149254	31	109	156	1	78	0.0128205
NODE_302966_length_166_cov_401.149254	31	109	160	1	78	0.0128205
NODE_302966_length_166_cov_401.149254	31	109	183	1	78	0.0128205
NODE_302966_length_166_cov_401.149254	31	109	192	1	78	0.0128205
NODE_302966_length_166_cov_401.149254	31	109	203	1	78	0.0128205
NODE_302966_length_166_cov_401.149254	31	109	213	1	78	0.0128205
NODE_302966_length_166_cov_401.149254	31	109	217	1	78	0.0128205
NODE_302966_length_166_cov_401.149254	31	109	247	1	78	0.0128205
NODE_302966_length_166_cov_401.149254	31	109	251	1	78	0.0128205
NODE_302966_length_166_cov_401.149254	31	109	255	1	78	0.0128205
NODE_302966_length_166_cov_401.149254	31	109	267	1	78	0.0128205
NODE_302966_length_166_cov_401.149254	31	109	280	1	78	0.0128205
NODE_302966_length_166_cov_401.149254	31	109	284	1	78	0.0128205
NODE_302966_length_166_cov_401.149254	31	109	290	1	78	0.0128205
NODE_302966_length_166_cov_401.149254	31	109	296	1	78	0.0128205
NODE_302966_length_166_cov_401.149254	31	109	298	1	78	0.0128205
NODE_302966_length_166_cov_401.149254	31	109	302	2	78	0.0256410
NODE_302966_length_166_cov_401.149254	31	109	304	3	78	0.0384615
NODE_302966_length_166_cov_401.149254	31	109	325	2	78	0.0256410
NODE_302966_length_166_cov_401.149254	31	109	326	3	78	0.0384615
NODE_302966_length_166_cov_401.149254	31	109	332	1	78	0.0128205
NODE_302966_length_166_cov_401.149254	31	109	334	3	78	0.0384615
NODE_302966_length_166_cov_401.149254	31	109	338	2	78	0.0256410
NODE_302966_length_166_cov_401.149254	31	109	341	31	78	0.3974359
NODE_302966_length_166_cov_401.149254	31	109	342	10	78	0.1282051
NODE_302966_length_166_cov_401.149254	82	157	36	2	75	0.0266667
NODE_302966_length_166_cov_401.149254	82	157	37	1	75	0.0133333
NODE_302966_length_166_cov_401.149254	82	157	39	1	75	0.0133333
NODE_302966_length_166_cov_401.149254	82	157	43	1	75	0.0133333
NODE_302966_length_166_cov_401.149254	82	157	49	1	75	0.0133333
NODE_302966_length_166_cov_401.149254	82	157	52	2	75	0.0266667
NODE_302966_length_166_cov_401.149254	82	157	58	1	75	0.0133333
NODE_302966_length_166_cov_401.149254	82	157	74	1	75	0.0133333
NODE_302966_length_166_cov_401.149254	82	157	76	1	75	0.0133333
NODE_302966_length_166_cov_401.149254	82	157	78	1	75	0.0133333
NODE_302966_length_166_cov_401.149254	82	157	80	1	75	0.0133333
NODE_302966_length_166_cov_401.149254	82	157	82	1	75	0.0133333
NODE_302966_length_166_cov_401.149254	82	157	98	1	75	0.0133333
NODE_302966_length_166_cov_401.149254	82	157	100	1	75	0.0133333
NODE_302966_length_166_cov_401.149254	82	157	118	2	75	0.0266667
NODE_302966_length_166_cov_401.149254	82	157	127	1	75	0.0133333
NODE_302966_length_166_cov_401.149254	82	157	135	1	75	0.0133333
NODE_302966_length_166_cov_401.149254	82	157	146	1	75	0.0133333
NODE_302966_length_166_cov_401.149254	82	157	154	1	75	0.0133333
NODE_302966_length_166_cov_401.149254	82	157	161	2	75	0.0266667
NODE_302966_length_166_cov_401.149254	82	157	169	1	75	0.0133333
NODE_302966_length_166_cov_401.149254	82	157	196	1	75	0.0133333
NODE_302966_length_166_cov_401.149254	82	157	198	1	75	0.0133333
NODE_302966_length_166_cov_401.149254	82	157	203	1	75	0.0133333
NODE_302966_length_166_cov_401.149254	82	157	210	1	75	0.0133333
NODE_302966_length_166_cov_401.149254	82	157	220	2	75	0.0266667
NODE_302966_length_166_cov_401.149254	82	157	232	3	75	0.0400000
NODE_302966_length_166_cov_401.149254	82	157	234	1	75	0.0133333
NODE_302966_length_166_cov_401.149254	82	157	240	1	75	0.0133333
NODE_302966_length_166_cov_401.149254	82	157	257	1	75	0.0133333
NODE_302966_length_166_cov_401.149254	82	157	258	1	75	0.0133333
NODE_302966_length_166_cov_401.149254	82	157	272	1	75	0.0133333
NODE_302966_length_166_cov_401.149254	82	157	274	1	75	0.0133333
NODE_302966_length_166_cov_401.149254	82	157	290	1	75	0.0133333
NODE_302966_length_166_cov_401.149254	82	157	292	1	75	0.0133333
NODE_302966_length_166_cov_401.149254	82	157	306	2	75	0.0266667
NODE_302966_length_166_cov_401.149254	82	157	318	1	75	0.0133333
NODE_302966_length_166_cov_401.149254	82	157	322	1	75	0.0133333
NODE_302966_length_166_cov_401.149254	82	157	324	2	75	0.0266667
NODE_302966_length_166_cov_401.149254	82	157	326	3	75	0.0400000
NODE_302966_length_166_cov_401.149254	82	157	334	2	75	0.0266667
NODE_302966_length_166_cov_401.149254	82	157	341	17	75	0.2266667
NODE_302966_length_166_cov_401.149254	82	157	342	5	75	0.0666667
NODE_302974_length_166_cov_123.223881	46	97	8	51	51	1.0000000
NODE_303071_length_164_cov_154.076923	0	75	0	25	75	0.3333333
NODE_303071_length_164_cov_154.076923	0	75	8	3	75	0.0400000
NODE_303071_length_164_cov_154.076923	0	75	10	1	75	0.0133333
NODE_303071_length_164_cov_154.076923	0	75	12	20	75	0.2666667
NODE_303071_length_164_cov_154.076923	0	75	14	7	75	0.0933333
NODE_303071_length_164_cov_154.076923	0	75	20	19	75	0.2533333
NODE_303071_length_164_cov_154.076923	48	128	12	1	80	0.0125000
NODE_303071_length_164_cov_154.076923	48	128	14	7	80	0.0875000
NODE_303071_length_164_cov_154.076923	48	128	20	72	80	0.9000000
NODE_303074_length_164_cov_69.369231	0	64	2	5	64	0.0781250
NODE_303074_length_164_cov_69.369231	0	64	4	1	64	0.0156250
NODE_303074_length_164_cov_69.369231	0	64	10	17	64	0.2656250
NODE_303074_length_164_cov_69.369231	0	64	14	9	64	0.1406250
NODE_303074_length_164_cov_69.369231	0	64	16	3	64	0.0468750
NODE_303074_length_164_cov_69.369231	0	64	18	29	64	0.4531250
NODE_303079_length_164_cov_43.923077	36	100	96	4	64	0.0625000
NODE_303079_length_164_cov_43.923077	36	100	98	1	64	0.0156250
NODE_303079_length_164_cov_43.923077	36	100	100	1	64	0.0156250
NODE_303079_length_164_cov_43.923077	36	100	101	1	64	0.0156250
NODE_303079_length_164_cov_43.923077	36	100	102	8	64	0.1250000
NODE_303079_length_164_cov_43.923077	36	100	106	5	64	0.0781250
NODE_303079_length_164_cov_43.923077	36	100	112	3	64	0.0468750
NODE_303079_length_164_cov_43.923077	36	100	114	2	64	0.0312500
NODE_303079_length_164_cov_43.923077	36	100	116	39	64	0.6093750
NODE_303079_length_164_cov_43.923077	36	100	96	4	64	0.0625000
NODE_303079_length_164_cov_43.923077	36	100	98	1	64	0.0156250
NODE_303079_length_164_cov_43.923077	36	100	100	1	64	0.0156250
NODE_303079_length_164_cov_43.923077	36	100	101	1	64	0.0156250
NODE_303079_length_164_cov_43.923077	36	100	102	8	64	0.1250000
NODE_303079_length_164_cov_43.923077	36	100	106	5	64	0.0781250
NODE_303079_length_164_cov_43.923077	36	100	112	3	64	0.0468750
NODE_303079_length_164_cov_43.923077	36	100	114	2	64	0.0312500
NODE_303079_length_164_cov_43.923077	36	100	116	39	64	0.6093750
NODE_303079_length_164_cov_43.923077	73	153	61	1	80	0.0125000
NODE_303079_length_164_cov_43.923077	73	153	70	4	80	0.0500000
NODE_303079_length_164_cov_43.923077	73	153	72	5	80	0.0625000
NODE_303079_length_164_cov_43.923077	73	153	74	1	80	0.0125000
NODE_303079_length_164_cov_43.923077	73	153	80	1	80	0.0125000
NODE_303079_length_164_cov_43.923077	73	153	82	2	80	0.0250000
NODE_303079_length_164_cov_43.923077	73	153	88	6	80	0.0750000
NODE_303079_length_164_cov_43.923077	73	153	89	1	80	0.0125000
NODE_303079_length_164_cov_43.923077	73	153	99	3	80	0.0375000
NODE_303079_length_164_cov_43.923077	73	153	101	1	80	0.0125000
NODE_303079_length_164_cov_43.923077	73	153	103	8	80	0.1000000
NODE_303079_length_164_cov_43.923077	73	153	105	5	80	0.0625000
NODE_303079_length_164_cov_43.923077	73	153	106	4	80	0.0500000
NODE_303079_length_164_cov_43.923077	73	153	110	2	80	0.0250000
NODE_303079_length_164_cov_43.923077	73	153	114	5	80	0.0625000
NODE_303079_length_164_cov_43.923077	73	153	116	31	80	0.3875000
NODE_303079_length_164_cov_43.923077	73	153	61	1	80	0.0125000
NODE_303079_length_164_cov_43.923077	73	153	70	4	80	0.0500000
NODE_303079_length_164_cov_43.923077	73	153	72	5	80	0.0625000
NODE_303079_length_164_cov_43.923077	73	153	74	1	80	0.0125000
NODE_303079_length_164_cov_43.923077	73	153	80	1	80	0.0125000
NODE_303079_length_164_cov_43.923077	73	153	82	2	80	0.0250000
NODE_303079_length_164_cov_43.923077	73	153	88	6	80	0.0750000
NODE_303079_length_164_cov_43.923077	73	153	89	1	80	0.0125000
NODE_303079_length_164_cov_43.923077	73	153	99	3	80	0.0375000
NODE_303079_length_164_cov_43.923077	73	153	101	1	80	0.0125000
NODE_303079_length_164_cov_43.923077	73	153	103	8	80	0.1000000
NODE_303079_length_164_cov_43.923077	73	153	105	5	80	0.0625000
NODE_303079_length_164_cov_43.923077	73	153	106	4	80	0.0500000
NODE_303079_length_164_cov_43.923077	73	153	110	2	80	0.0250000
NODE_303079_length_164_cov_43.923077	73	153	114	5	80	0.0625000
NODE_303079_length_164_cov_43.923077	73	153	116	31	80	0.3875000
NODE_303079_length_164_cov_43.923077	73	153	61	1	80	0.0125000
NODE_303079_length_164_cov_43.923077	73	153	70	4	80	0.0500000
NODE_303079_length_164_cov_43.923077	73	153	72	5	80	0.0625000
NODE_303079_length_164_cov_43.923077	73	153	74	1	80	0.0125000
NODE_303079_length_164_cov_43.923077	73	153	80	1	80	0.0125000
NODE_303079_length_164_cov_43.923077	73	153	82	2	80	0.0250000
NODE_303079_length_164_cov_43.923077	73	153	88	6	80	0.0750000
NODE_303079_length_164_cov_43.923077	73	153	89	1	80	0.0125000
NODE_303079_length_164_cov_43.923077	73	153	99	3	80	0.0375000
NODE_303079_length_164_cov_43.923077	73	153	101	1	80	0.0125000
NODE_303079_length_164_cov_43.923077	73	153	103	8	80	0.1000000
NODE_303079_length_164_cov_43.923077	73	153	105	5	80	0.0625000
NODE_303079_length_164_cov_43.923077	73	153	106	4	80	0.0500000
NODE_303079_length_164_cov_43.923077	73	153	110	2	80	0.0250000
NODE_303079_length_164_cov_43.923077	73	153	114	5	80	0.0625000
NODE_303079_length_164_cov_43.923077	73	153	116	31	80	0.3875000
NODE_303079_length_164_cov_43.923077	73	153	61	1	80	0.0125000
NODE_303079_length_164_cov_43.923077	73	153	70	4	80	0.0500000
NODE_303079_length_164_cov_43.923077	73	153	72	5	80	0.0625000
NODE_303079_length_164_cov_43.923077	73	153	74	1	80	0.0125000
NODE_303079_length_164_cov_43.923077	73	153	80	1	80	0.0125000
NODE_303079_length_164_cov_43.923077	73	153	82	2	80	0.0250000
NODE_303079_length_164_cov_43.923077	73	153	88	6	80	0.0750000
NODE_303079_length_164_cov_43.923077	73	153	89	1	80	0.0125000
NODE_303079_length_164_cov_43.923077	73	153	99	3	80	0.0375000
NODE_303079_length_164_cov_43.923077	73	153	101	1	80	0.0125000
NODE_303079_length_164_cov_43.923077	73	153	103	8	80	0.1000000
NODE_303079_length_164_cov_43.923077	73	153	105	5	80	0.0625000
NODE_303079_length_164_cov_43.923077	73	153	106	4	80	0.0500000
NODE_303079_length_164_cov_43.923077	73	153	110	2	80	0.0250000
NODE_303079_length_164_cov_43.923077	73	153	114	5	80	0.0625000
NODE_303079_length_164_cov_43.923077	73	153	116	31	80	0.3875000
NODE_303079_length_164_cov_43.923077	73	153	61	1	80	0.0125000
NODE_303079_length_164_cov_43.923077	73	153	70	4	80	0.0500000
NODE_303079_length_164_cov_43.923077	73	153	72	5	80	0.0625000
NODE_303079_length_164_cov_43.923077	73	153	74	1	80	0.0125000
NODE_303079_length_164_cov_43.923077	73	153	80	1	80	0.0125000
NODE_303079_length_164_cov_43.923077	73	153	82	2	80	0.0250000
NODE_303079_length_164_cov_43.923077	73	153	88	6	80	0.0750000
NODE_303079_length_164_cov_43.923077	73	153	89	1	80	0.0125000
NODE_303079_length_164_cov_43.923077	73	153	99	3	80	0.0375000
NODE_303079_length_164_cov_43.923077	73	153	101	1	80	0.0125000
NODE_303079_length_164_cov_43.923077	73	153	103	8	80	0.1000000
NODE_303079_length_164_cov_43.923077	73	153	105	5	80	0.0625000
NODE_303079_length_164_cov_43.923077	73	153	106	4	80	0.0500000
NODE_303079_length_164_cov_43.923077	73	153	110	2	80	0.0250000
NODE_303079_length_164_cov_43.923077	73	153	114	5	80	0.0625000
NODE_303079_length_164_cov_43.923077	73	153	116	31	80	0.3875000
NODE_303079_length_164_cov_43.923077	73	144	72	1	71	0.0140845
NODE_303079_length_164_cov_43.923077	73	144	74	1	71	0.0140845
NODE_303079_length_164_cov_43.923077	73	144	80	1	71	0.0140845
NODE_303079_length_164_cov_43.923077	73	144	82	2	71	0.0281690
NODE_303079_length_164_cov_43.923077	73	144	88	6	71	0.0845070
NODE_303079_length_164_cov_43.923077	73	144	89	1	71	0.0140845
NODE_303079_length_164_cov_43.923077	73	144	99	3	71	0.0422535
NODE_303079_length_164_cov_43.923077	73	144	101	1	71	0.0140845
NODE_303079_length_164_cov_43.923077	73	144	103	8	71	0.1126761
NODE_303079_length_164_cov_43.923077	73	144	105	5	71	0.0704225
NODE_303079_length_164_cov_43.923077	73	144	106	4	71	0.0563380
NODE_303079_length_164_cov_43.923077	73	144	110	2	71	0.0281690
NODE_303079_length_164_cov_43.923077	73	144	114	5	71	0.0704225
NODE_303079_length_164_cov_43.923077	73	144	116	31	71	0.4366197
NODE_303135_length_163_cov_480.593750	0	40	6	1	40	0.0250000
NODE_303135_length_163_cov_480.593750	0	40	12	1	40	0.0250000
NODE_303135_length_163_cov_480.593750	0	40	14	1	40	0.0250000
NODE_303135_length_163_cov_480.593750	0	40	16	2	40	0.0500000
NODE_303135_length_163_cov_480.593750	0	40	20	2	40	0.0500000
NODE_303135_length_163_cov_480.593750	0	40	24	1	40	0.0250000
NODE_303135_length_163_cov_480.593750	0	40	26	5	40	0.1250000
NODE_303135_length_163_cov_480.593750	0	40	30	9	40	0.2250000
NODE_303135_length_163_cov_480.593750	0	40	31	3	40	0.0750000
NODE_303135_length_163_cov_480.593750	0	40	32	1	40	0.0250000
NODE_303135_length_163_cov_480.593750	0	40	34	7	40	0.1750000
NODE_303135_length_163_cov_480.593750	0	40	36	4	40	0.1000000
NODE_303135_length_163_cov_480.593750	0	40	38	3	40	0.0750000
NODE_303136_length_163_cov_368.000000	24	96	16	9	72	0.1250000
NODE_303136_length_163_cov_368.000000	24	96	24	63	72	0.8750000
NODE_303138_length_163_cov_319.843750	0	68	20	1	68	0.0147059
NODE_303138_length_163_cov_319.843750	0	68	24	4	68	0.0588235
NODE_303138_length_163_cov_319.843750	0	68	30	1	68	0.0147059
NODE_303138_length_163_cov_319.843750	0	68	34	1	68	0.0147059
NODE_303138_length_163_cov_319.843750	0	68	36	4	68	0.0588235
NODE_303138_length_163_cov_319.843750	0	68	38	1	68	0.0147059
NODE_303138_length_163_cov_319.843750	0	68	40	4	68	0.0588235
NODE_303138_length_163_cov_319.843750	0	68	48	2	68	0.0294118
NODE_303138_length_163_cov_319.843750	0	68	50	4	68	0.0588235
NODE_303138_length_163_cov_319.843750	0	68	56	5	68	0.0735294
NODE_303138_length_163_cov_319.843750	0	68	58	2	68	0.0294118
NODE_303138_length_163_cov_319.843750	0	68	60	1	68	0.0147059
NODE_303138_length_163_cov_319.843750	0	68	64	9	68	0.1323529
NODE_303138_length_163_cov_319.843750	0	68	70	3	68	0.0441176
NODE_303138_length_163_cov_319.843750	0	68	72	26	68	0.3823529
NODE_303139_length_163_cov_198.078125	34	109	24	2	75	0.0266667
NODE_303139_length_163_cov_198.078125	34	109	26	1	75	0.0133333
NODE_303139_length_163_cov_198.078125	34	109	28	6	75	0.0800000
NODE_303139_length_163_cov_198.078125	34	109	29	2	75	0.0266667
NODE_303139_length_163_cov_198.078125	34	109	30	13	75	0.1733333
NODE_303139_length_163_cov_198.078125	34	109	31	3	75	0.0400000
NODE_303139_length_163_cov_198.078125	34	109	32	2	75	0.0266667
NODE_303139_length_163_cov_198.078125	34	109	33	23	75	0.3066667
NODE_303139_length_163_cov_198.078125	34	109	34	23	75	0.3066667
NODE_303139_length_163_cov_198.078125	34	114	24	2	80	0.0250000
NODE_303139_length_163_cov_198.078125	34	114	26	1	80	0.0125000
NODE_303139_length_163_cov_198.078125	34	114	28	6	80	0.0750000
NODE_303139_length_163_cov_198.078125	34	114	29	7	80	0.0875000
NODE_303139_length_163_cov_198.078125	34	114	30	13	80	0.1625000
NODE_303139_length_163_cov_198.078125	34	114	31	3	80	0.0375000
NODE_303139_length_163_cov_198.078125	34	114	32	2	80	0.0250000
NODE_303139_length_163_cov_198.078125	34	114	33	23	80	0.2875000
NODE_303139_length_163_cov_198.078125	34	114	34	23	80	0.2875000
NODE_303139_length_163_cov_198.078125	35	110	24	1	75	0.0133333
NODE_303139_length_163_cov_198.078125	35	110	26	1	75	0.0133333
NODE_303139_length_163_cov_198.078125	35	110	28	6	75	0.0800000
NODE_303139_length_163_cov_198.078125	35	110	29	3	75	0.0400000
NODE_303139_length_163_cov_198.078125	35	110	30	13	75	0.1733333
NODE_303139_length_163_cov_198.078125	35	110	31	3	75	0.0400000
NODE_303139_length_163_cov_198.078125	35	110	32	2	75	0.0266667
NODE_303139_length_163_cov_198.078125	35	110	33	23	75	0.3066667
NODE_303139_length_163_cov_198.078125	35	110	34	23	75	0.3066667
NODE_303139_length_163_cov_198.078125	87	163	2	8	76	0.1052632
NODE_303139_length_163_cov_198.078125	87	163	4	3	76	0.0394737
NODE_303139_length_163_cov_198.078125	87	163	6	1	76	0.0131579
NODE_303139_length_163_cov_198.078125	87	163	7	1	76	0.0131579
NODE_303139_length_163_cov_198.078125	87	163	9	2	76	0.0263158
NODE_303139_length_163_cov_198.078125	87	163	11	8	76	0.1052632
NODE_303139_length_163_cov_198.078125	87	163	14	2	76	0.0263158
NODE_303139_length_163_cov_198.078125	87	163	15	2	76	0.0263158
NODE_303139_length_163_cov_198.078125	87	163	17	5	76	0.0657895
NODE_303139_length_163_cov_198.078125	87	163	18	1	76	0.0131579
NODE_303139_length_163_cov_198.078125	87	163	19	1	76	0.0131579
NODE_303139_length_163_cov_198.078125	87	163	23	4	76	0.0526316
NODE_303139_length_163_cov_198.078125	87	163	25	2	76	0.0263158
NODE_303139_length_163_cov_198.078125	87	163	29	16	76	0.2105263
NODE_303139_length_163_cov_198.078125	87	163	31	3	76	0.0394737
NODE_303139_length_163_cov_198.078125	87	163	33	17	76	0.2236842
NODE_303139_length_163_cov_198.078125	87	163	2	8	76	0.1052632
NODE_303139_length_163_cov_198.078125	87	163	4	3	76	0.0394737
NODE_303139_length_163_cov_198.078125	87	163	6	1	76	0.0131579
NODE_303139_length_163_cov_198.078125	87	163	7	1	76	0.0131579
NODE_303139_length_163_cov_198.078125	87	163	9	2	76	0.0263158
NODE_303139_length_163_cov_198.078125	87	163	11	8	76	0.1052632
NODE_303139_length_163_cov_198.078125	87	163	14	2	76	0.0263158
NODE_303139_length_163_cov_198.078125	87	163	15	2	76	0.0263158
NODE_303139_length_163_cov_198.078125	87	163	17	5	76	0.0657895
NODE_303139_length_163_cov_198.078125	87	163	18	1	76	0.0131579
NODE_303139_length_163_cov_198.078125	87	163	19	1	76	0.0131579
NODE_303139_length_163_cov_198.078125	87	163	23	4	76	0.0526316
NODE_303139_length_163_cov_198.078125	87	163	25	2	76	0.0263158
NODE_303139_length_163_cov_198.078125	87	163	29	16	76	0.2105263
NODE_303139_length_163_cov_198.078125	87	163	31	3	76	0.0394737
NODE_303139_length_163_cov_198.078125	87	163	33	17	76	0.2236842
NODE_303139_length_163_cov_198.078125	87	163	2	8	76	0.1052632
NODE_303139_length_163_cov_198.078125	87	163	4	3	76	0.0394737
NODE_303139_length_163_cov_198.078125	87	163	6	1	76	0.0131579
NODE_303139_length_163_cov_198.078125	87	163	7	1	76	0.0131579
NODE_303139_length_163_cov_198.078125	87	163	9	2	76	0.0263158
NODE_303139_length_163_cov_198.078125	87	163	11	8	76	0.1052632
NODE_303139_length_163_cov_198.078125	87	163	14	2	76	0.0263158
NODE_303139_length_163_cov_198.078125	87	163	15	2	76	0.0263158
NODE_303139_length_163_cov_198.078125	87	163	17	5	76	0.0657895
NODE_303139_length_163_cov_198.078125	87	163	18	1	76	0.0131579
NODE_303139_length_163_cov_198.078125	87	163	19	1	76	0.0131579
NODE_303139_length_163_cov_198.078125	87	163	23	4	76	0.0526316
NODE_303139_length_163_cov_198.078125	87	163	25	2	76	0.0263158
NODE_303139_length_163_cov_198.078125	87	163	29	16	76	0.2105263
NODE_303139_length_163_cov_198.078125	87	163	31	3	76	0.0394737
NODE_303139_length_163_cov_198.078125	87	163	33	17	76	0.2236842
NODE_303231_length_162_cov_421.047619	7	56	53	1	49	0.0204082
NODE_303231_length_162_cov_421.047619	7	56	64	1	49	0.0204082
NODE_303231_length_162_cov_421.047619	7	56	72	2	49	0.0408163
NODE_303231_length_162_cov_421.047619	7	56	73	2	49	0.0408163
NODE_303231_length_162_cov_421.047619	7	56	83	1	49	0.0204082
NODE_303231_length_162_cov_421.047619	7	56	106	1	49	0.0204082
NODE_303231_length_162_cov_421.047619	7	56	112	1	49	0.0204082
NODE_303231_length_162_cov_421.047619	7	56	114	1	49	0.0204082
NODE_303231_length_162_cov_421.047619	7	56	116	1	49	0.0204082
NODE_303231_length_162_cov_421.047619	7	56	122	1	49	0.0204082
NODE_303231_length_162_cov_421.047619	7	56	128	1	49	0.0204082
NODE_303231_length_162_cov_421.047619	7	56	138	1	49	0.0204082
NODE_303231_length_162_cov_421.047619	7	56	142	1	49	0.0204082
NODE_303231_length_162_cov_421.047619	7	56	150	2	49	0.0408163
NODE_303231_length_162_cov_421.047619	7	56	154	1	49	0.0204082
NODE_303231_length_162_cov_421.047619	7	56	156	1	49	0.0204082
NODE_303231_length_162_cov_421.047619	7	56	158	2	49	0.0408163
NODE_303231_length_162_cov_421.047619	7	56	164	1	49	0.0204082
NODE_303231_length_162_cov_421.047619	7	56	174	4	49	0.0816327
NODE_303231_length_162_cov_421.047619	7	56	190	1	49	0.0204082
NODE_303231_length_162_cov_421.047619	7	56	196	1	49	0.0204082
NODE_303231_length_162_cov_421.047619	7	56	213	1	49	0.0204082
NODE_303231_length_162_cov_421.047619	7	56	219	1	49	0.0204082
NODE_303231_length_162_cov_421.047619	7	56	224	1	49	0.0204082
NODE_303231_length_162_cov_421.047619	7	56	226	1	49	0.0204082
NODE_303231_length_162_cov_421.047619	7	56	230	1	49	0.0204082
NODE_303231_length_162_cov_421.047619	7	56	233	1	49	0.0204082
NODE_303231_length_162_cov_421.047619	7	56	240	1	49	0.0204082
NODE_303231_length_162_cov_421.047619	7	56	243	1	49	0.0204082
NODE_303231_length_162_cov_421.047619	7	56	251	1	49	0.0204082
NODE_303231_length_162_cov_421.047619	7	56	255	2	49	0.0408163
NODE_303231_length_162_cov_421.047619	7	56	278	1	49	0.0204082
NODE_303231_length_162_cov_421.047619	7	56	281	1	49	0.0204082
NODE_303231_length_162_cov_421.047619	7	56	287	1	49	0.0204082
NODE_303231_length_162_cov_421.047619	7	56	291	1	49	0.0204082
NODE_303231_length_162_cov_421.047619	7	56	293	1	49	0.0204082
NODE_303231_length_162_cov_421.047619	7	56	295	1	49	0.0204082
NODE_303231_length_162_cov_421.047619	7	56	300	1	49	0.0204082
NODE_303231_length_162_cov_421.047619	7	56	302	1	49	0.0204082
NODE_303231_length_162_cov_421.047619	7	56	306	1	49	0.0204082
NODE_303231_length_162_cov_421.047619	7	56	308	1	49	0.0204082
NODE_303231_length_162_cov_421.047619	29	90	174	4	61	0.0655738
NODE_303231_length_162_cov_421.047619	29	90	190	1	61	0.0163934
NODE_303231_length_162_cov_421.047619	29	90	196	1	61	0.0163934
NODE_303231_length_162_cov_421.047619	29	90	213	1	61	0.0163934
NODE_303231_length_162_cov_421.047619	29	90	219	1	61	0.0163934
NODE_303231_length_162_cov_421.047619	29	90	224	1	61	0.0163934
NODE_303231_length_162_cov_421.047619	29	90	226	1	61	0.0163934
NODE_303231_length_162_cov_421.047619	29	90	230	1	61	0.0163934
NODE_303231_length_162_cov_421.047619	29	90	233	1	61	0.0163934
NODE_303231_length_162_cov_421.047619	29	90	240	1	61	0.0163934
NODE_303231_length_162_cov_421.047619	29	90	243	1	61	0.0163934
NODE_303231_length_162_cov_421.047619	29	90	251	1	61	0.0163934
NODE_303231_length_162_cov_421.047619	29	90	255	2	61	0.0327869
NODE_303231_length_162_cov_421.047619	29	90	278	1	61	0.0163934
NODE_303231_length_162_cov_421.047619	29	90	281	1	61	0.0163934
NODE_303231_length_162_cov_421.047619	29	90	287	1	61	0.0163934
NODE_303231_length_162_cov_421.047619	29	90	291	1	61	0.0163934
NODE_303231_length_162_cov_421.047619	29	90	293	1	61	0.0163934
NODE_303231_length_162_cov_421.047619	29	90	295	1	61	0.0163934
NODE_303231_length_162_cov_421.047619	29	90	300	1	61	0.0163934
NODE_303231_length_162_cov_421.047619	29	90	302	1	61	0.0163934
NODE_303231_length_162_cov_421.047619	29	90	306	1	61	0.0163934
NODE_303231_length_162_cov_421.047619	29	90	308	1	61	0.0163934
NODE_303231_length_162_cov_421.047619	29	90	310	1	61	0.0163934
NODE_303231_length_162_cov_421.047619	29	90	314	3	61	0.0491803
NODE_303231_length_162_cov_421.047619	29	90	316	30	61	0.4918033
NODE_303231_length_162_cov_421.047619	29	92	174	4	63	0.0634921
NODE_303231_length_162_cov_421.047619	29	92	190	1	63	0.0158730
NODE_303231_length_162_cov_421.047619	29	92	196	1	63	0.0158730
NODE_303231_length_162_cov_421.047619	29	92	213	1	63	0.0158730
NODE_303231_length_162_cov_421.047619	29	92	219	1	63	0.0158730
NODE_303231_length_162_cov_421.047619	29	92	224	1	63	0.0158730
NODE_303231_length_162_cov_421.047619	29	92	226	1	63	0.0158730
NODE_303231_length_162_cov_421.047619	29	92	230	1	63	0.0158730
NODE_303231_length_162_cov_421.047619	29	92	233	1	63	0.0158730
NODE_303231_length_162_cov_421.047619	29	92	240	1	63	0.0158730
NODE_303231_length_162_cov_421.047619	29	92	243	1	63	0.0158730
NODE_303231_length_162_cov_421.047619	29	92	251	1	63	0.0158730
NODE_303231_length_162_cov_421.047619	29	92	255	2	63	0.0317460
NODE_303231_length_162_cov_421.047619	29	92	278	1	63	0.0158730
NODE_303231_length_162_cov_421.047619	29	92	281	1	63	0.0158730
NODE_303231_length_162_cov_421.047619	29	92	287	1	63	0.0158730
NODE_303231_length_162_cov_421.047619	29	92	291	1	63	0.0158730
NODE_303231_length_162_cov_421.047619	29	92	293	1	63	0.0158730
NODE_303231_length_162_cov_421.047619	29	92	295	1	63	0.0158730
NODE_303231_length_162_cov_421.047619	29	92	300	1	63	0.0158730
NODE_303231_length_162_cov_421.047619	29	92	302	1	63	0.0158730
NODE_303231_length_162_cov_421.047619	29	92	306	1	63	0.0158730
NODE_303231_length_162_cov_421.047619	29	92	308	1	63	0.0158730
NODE_303231_length_162_cov_421.047619	29	92	310	1	63	0.0158730
NODE_303231_length_162_cov_421.047619	29	92	314	3	63	0.0476190
NODE_303231_length_162_cov_421.047619	29	92	316	32	63	0.5079365
NODE_303231_length_162_cov_421.047619	29	92	174	4	63	0.0634921
NODE_303231_length_162_cov_421.047619	29	92	190	1	63	0.0158730
NODE_303231_length_162_cov_421.047619	29	92	196	1	63	0.0158730
NODE_303231_length_162_cov_421.047619	29	92	213	1	63	0.0158730
NODE_303231_length_162_cov_421.047619	29	92	219	1	63	0.0158730
NODE_303231_length_162_cov_421.047619	29	92	224	1	63	0.0158730
NODE_303231_length_162_cov_421.047619	29	92	226	1	63	0.0158730
NODE_303231_length_162_cov_421.047619	29	92	230	1	63	0.0158730
NODE_303231_length_162_cov_421.047619	29	92	233	1	63	0.0158730
NODE_303231_length_162_cov_421.047619	29	92	240	1	63	0.0158730
NODE_303231_length_162_cov_421.047619	29	92	243	1	63	0.0158730
NODE_303231_length_162_cov_421.047619	29	92	251	1	63	0.0158730
NODE_303231_length_162_cov_421.047619	29	92	255	2	63	0.0317460
NODE_303231_length_162_cov_421.047619	29	92	278	1	63	0.0158730
NODE_303231_length_162_cov_421.047619	29	92	281	1	63	0.0158730
NODE_303231_length_162_cov_421.047619	29	92	287	1	63	0.0158730
NODE_303231_length_162_cov_421.047619	29	92	291	1	63	0.0158730
NODE_303231_length_162_cov_421.047619	29	92	293	1	63	0.0158730
NODE_303231_length_162_cov_421.047619	29	92	295	1	63	0.0158730
NODE_303231_length_162_cov_421.047619	29	92	300	1	63	0.0158730
NODE_303231_length_162_cov_421.047619	29	92	302	1	63	0.0158730
NODE_303231_length_162_cov_421.047619	29	92	306	1	63	0.0158730
NODE_303231_length_162_cov_421.047619	29	92	308	1	63	0.0158730
NODE_303231_length_162_cov_421.047619	29	92	310	1	63	0.0158730
NODE_303231_length_162_cov_421.047619	29	92	314	3	63	0.0476190
NODE_303231_length_162_cov_421.047619	29	92	316	32	63	0.5079365
NODE_303231_length_162_cov_421.047619	29	92	174	4	63	0.0634921
NODE_303231_length_162_cov_421.047619	29	92	190	1	63	0.0158730
NODE_303231_length_162_cov_421.047619	29	92	196	1	63	0.0158730
NODE_303231_length_162_cov_421.047619	29	92	213	1	63	0.0158730
NODE_303231_length_162_cov_421.047619	29	92	219	1	63	0.0158730
NODE_303231_length_162_cov_421.047619	29	92	224	1	63	0.0158730
NODE_303231_length_162_cov_421.047619	29	92	226	1	63	0.0158730
NODE_303231_length_162_cov_421.047619	29	92	230	1	63	0.0158730
NODE_303231_length_162_cov_421.047619	29	92	233	1	63	0.0158730
NODE_303231_length_162_cov_421.047619	29	92	240	1	63	0.0158730
NODE_303231_length_162_cov_421.047619	29	92	243	1	63	0.0158730
NODE_303231_length_162_cov_421.047619	29	92	251	1	63	0.0158730
NODE_303231_length_162_cov_421.047619	29	92	255	2	63	0.0317460
NODE_303231_length_162_cov_421.047619	29	92	278	1	63	0.0158730
NODE_303231_length_162_cov_421.047619	29	92	281	1	63	0.0158730
NODE_303231_length_162_cov_421.047619	29	92	287	1	63	0.0158730
NODE_303231_length_162_cov_421.047619	29	92	291	1	63	0.0158730
NODE_303231_length_162_cov_421.047619	29	92	293	1	63	0.0158730
NODE_303231_length_162_cov_421.047619	29	92	295	1	63	0.0158730
NODE_303231_length_162_cov_421.047619	29	92	300	1	63	0.0158730
NODE_303231_length_162_cov_421.047619	29	92	302	1	63	0.0158730
NODE_303231_length_162_cov_421.047619	29	92	306	1	63	0.0158730
NODE_303231_length_162_cov_421.047619	29	92	308	1	63	0.0158730
NODE_303231_length_162_cov_421.047619	29	92	310	1	63	0.0158730
NODE_303231_length_162_cov_421.047619	29	92	314	3	63	0.0476190
NODE_303231_length_162_cov_421.047619	29	92	316	32	63	0.5079365
NODE_303250_length_162_cov_45.380952	63	127	29	1	64	0.0156250
NODE_303250_length_162_cov_45.380952	63	127	30	2	64	0.0312500
NODE_303250_length_162_cov_45.380952	63	127	34	1	64	0.0156250
NODE_303250_length_162_cov_45.380952	63	127	38	2	64	0.0312500
NODE_303250_length_162_cov_45.380952	63	127	42	7	64	0.1093750
NODE_303250_length_162_cov_45.380952	63	127	44	3	64	0.0468750
NODE_303250_length_162_cov_45.380952	63	127	45	48	64	0.7500000
NODE_303250_length_162_cov_45.380952	63	127	29	1	64	0.0156250
NODE_303250_length_162_cov_45.380952	63	127	30	2	64	0.0312500
NODE_303250_length_162_cov_45.380952	63	127	34	1	64	0.0156250
NODE_303250_length_162_cov_45.380952	63	127	38	2	64	0.0312500
NODE_303250_length_162_cov_45.380952	63	127	42	7	64	0.1093750
NODE_303250_length_162_cov_45.380952	63	127	44	3	64	0.0468750
NODE_303250_length_162_cov_45.380952	63	127	45	48	64	0.7500000
NODE_303250_length_162_cov_45.380952	100	162	0	2	62	0.0322581
NODE_303250_length_162_cov_45.380952	100	162	1	2	62	0.0322581
NODE_303250_length_162_cov_45.380952	100	162	2	5	62	0.0806452
NODE_303250_length_162_cov_45.380952	100	162	5	4	62	0.0645161
NODE_303250_length_162_cov_45.380952	100	162	7	7	62	0.1129032
NODE_303250_length_162_cov_45.380952	100	162	9	1	62	0.0161290
NODE_303250_length_162_cov_45.380952	100	162	16	3	62	0.0483871
NODE_303250_length_162_cov_45.380952	100	162	17	1	62	0.0161290
NODE_303250_length_162_cov_45.380952	100	162	18	3	62	0.0483871
NODE_303250_length_162_cov_45.380952	100	162	20	4	62	0.0645161
NODE_303250_length_162_cov_45.380952	100	162	22	3	62	0.0483871
NODE_303250_length_162_cov_45.380952	100	162	29	1	62	0.0161290
NODE_303250_length_162_cov_45.380952	100	162	30	2	62	0.0322581
NODE_303250_length_162_cov_45.380952	100	162	34	1	62	0.0161290
NODE_303250_length_162_cov_45.380952	100	162	38	2	62	0.0322581
NODE_303250_length_162_cov_45.380952	100	162	42	7	62	0.1129032
NODE_303250_length_162_cov_45.380952	100	162	44	3	62	0.0483871
NODE_303250_length_162_cov_45.380952	100	162	45	11	62	0.1774193
NODE_303301_length_161_cov_1483.177419	51	131	77	1	80	0.0125000
NODE_303301_length_161_cov_1483.177419	51	131	78	1	80	0.0125000
NODE_303301_length_161_cov_1483.177419	51	131	80	1	80	0.0125000
NODE_303301_length_161_cov_1483.177419	51	131	82	1	80	0.0125000
NODE_303301_length_161_cov_1483.177419	51	131	87	6	80	0.0750000
NODE_303301_length_161_cov_1483.177419	51	131	88	2	80	0.0250000
NODE_303301_length_161_cov_1483.177419	51	131	91	1	80	0.0125000
NODE_303301_length_161_cov_1483.177419	51	131	93	2	80	0.0250000
NODE_303301_length_161_cov_1483.177419	51	131	95	2	80	0.0250000
NODE_303301_length_161_cov_1483.177419	51	131	96	1	80	0.0125000
NODE_303301_length_161_cov_1483.177419	51	131	97	3	80	0.0375000
NODE_303301_length_161_cov_1483.177419	51	131	98	1	80	0.0125000
NODE_303301_length_161_cov_1483.177419	51	131	99	1	80	0.0125000
NODE_303301_length_161_cov_1483.177419	51	131	101	9	80	0.1125000
NODE_303301_length_161_cov_1483.177419	51	131	103	4	80	0.0500000
NODE_303301_length_161_cov_1483.177419	51	131	109	9	80	0.1125000
NODE_303301_length_161_cov_1483.177419	51	131	110	35	80	0.4375000
NODE_303301_length_161_cov_1483.177419	104	161	17	2	57	0.0350877
NODE_303301_length_161_cov_1483.177419	104	161	19	2	57	0.0350877
NODE_303301_length_161_cov_1483.177419	104	161	21	1	57	0.0175439
NODE_303301_length_161_cov_1483.177419	104	161	25	1	57	0.0175439
NODE_303301_length_161_cov_1483.177419	104	161	30	2	57	0.0350877
NODE_303301_length_161_cov_1483.177419	104	161	38	1	57	0.0175439
NODE_303301_length_161_cov_1483.177419	104	161	42	2	57	0.0350877
NODE_303301_length_161_cov_1483.177419	104	161	44	1	57	0.0175439
NODE_303301_length_161_cov_1483.177419	104	161	51	1	57	0.0175439
NODE_303301_length_161_cov_1483.177419	104	161	53	1	57	0.0175439
NODE_303301_length_161_cov_1483.177419	104	161	55	3	57	0.0526316
NODE_303301_length_161_cov_1483.177419	104	161	57	3	57	0.0526316
NODE_303301_length_161_cov_1483.177419	104	161	63	4	57	0.0701754
NODE_303301_length_161_cov_1483.177419	104	161	75	1	57	0.0175439
NODE_303301_length_161_cov_1483.177419	104	161	81	3	57	0.0526316
NODE_303301_length_161_cov_1483.177419	104	161	83	1	57	0.0175439
NODE_303301_length_161_cov_1483.177419	104	161	87	7	57	0.1228070
NODE_303301_length_161_cov_1483.177419	104	161	88	1	57	0.0175439
NODE_303301_length_161_cov_1483.177419	104	161	91	1	57	0.0175439
NODE_303301_length_161_cov_1483.177419	104	161	93	2	57	0.0350877
NODE_303301_length_161_cov_1483.177419	104	161	95	2	57	0.0350877
NODE_303301_length_161_cov_1483.177419	104	161	97	3	57	0.0526316
NODE_303301_length_161_cov_1483.177419	104	161	99	1	57	0.0175439
NODE_303301_length_161_cov_1483.177419	104	161	101	9	57	0.1578947
NODE_303301_length_161_cov_1483.177419	104	161	103	2	57	0.0350877
NODE_303312_length_161_cov_71.500000	33	110	0	19	77	0.2467532
NODE_303312_length_161_cov_71.500000	33	110	3	9	77	0.1168831
NODE_303312_length_161_cov_71.500000	33	110	4	19	77	0.2467532
NODE_303312_length_161_cov_71.500000	33	110	5	10	77	0.1298701
NODE_303312_length_161_cov_71.500000	33	110	6	20	77	0.2597403
NODE_303312_length_161_cov_71.500000	33	110	0	19	77	0.2467532
NODE_303312_length_161_cov_71.500000	33	110	3	9	77	0.1168831
NODE_303312_length_161_cov_71.500000	33	110	4	19	77	0.2467532
NODE_303312_length_161_cov_71.500000	33	110	5	10	77	0.1298701
NODE_303312_length_161_cov_71.500000	33	110	6	20	77	0.2597403
NODE_303312_length_161_cov_71.500000	33	110	0	19	77	0.2467532
NODE_303312_length_161_cov_71.500000	33	110	3	9	77	0.1168831
NODE_303312_length_161_cov_71.500000	33	110	4	19	77	0.2467532
NODE_303312_length_161_cov_71.500000	33	110	5	10	77	0.1298701
NODE_303312_length_161_cov_71.500000	33	110	6	20	77	0.2597403
NODE_303312_length_161_cov_71.500000	33	110	0	19	77	0.2467532
NODE_303312_length_161_cov_71.500000	33	110	3	9	77	0.1168831
NODE_303312_length_161_cov_71.500000	33	110	4	19	77	0.2467532
NODE_303312_length_161_cov_71.500000	33	110	5	10	77	0.1298701
NODE_303312_length_161_cov_71.500000	33	110	6	20	77	0.2597403
NODE_303312_length_161_cov_71.500000	83	149	1	6	66	0.0909091
NODE_303312_length_161_cov_71.500000	83	149	3	42	66	0.6363636
NODE_303312_length_161_cov_71.500000	83	149	4	4	66	0.0606061
NODE_303312_length_161_cov_71.500000	83	149	5	10	66	0.1515152
NODE_303312_length_161_cov_71.500000	83	149	6	4	66	0.0606061
NODE_303312_length_161_cov_71.500000	83	161	0	9	78	0.1153846
NODE_303312_length_161_cov_71.500000	83	161	1	9	78	0.1153846
NODE_303312_length_161_cov_71.500000	83	161	3	42	78	0.5384616
NODE_303312_length_161_cov_71.500000	83	161	4	4	78	0.0512821
NODE_303312_length_161_cov_71.500000	83	161	5	10	78	0.1282051
NODE_303312_length_161_cov_71.500000	83	161	6	4	78	0.0512821
NODE_303312_length_161_cov_71.500000	86	161	0	9	75	0.1200000
NODE_303312_length_161_cov_71.500000	86	161	1	9	75	0.1200000
NODE_303312_length_161_cov_71.500000	86	161	3	42	75	0.5600000
NODE_303312_length_161_cov_71.500000	86	161	4	4	75	0.0533333
NODE_303312_length_161_cov_71.500000	86	161	5	10	75	0.1333333
NODE_303312_length_161_cov_71.500000	86	161	6	1	75	0.0133333
NODE_303312_length_161_cov_71.500000	86	161	0	9	75	0.1200000
NODE_303312_length_161_cov_71.500000	86	161	1	9	75	0.1200000
NODE_303312_length_161_cov_71.500000	86	161	3	42	75	0.5600000
NODE_303312_length_161_cov_71.500000	86	161	4	4	75	0.0533333
NODE_303312_length_161_cov_71.500000	86	161	5	10	75	0.1333333
NODE_303312_length_161_cov_71.500000	86	161	6	1	75	0.0133333
NODE_303312_length_161_cov_71.500000	88	161	0	9	73	0.1232877
NODE_303312_length_161_cov_71.500000	88	161	1	9	73	0.1232877
NODE_303312_length_161_cov_71.500000	88	161	3	42	73	0.5753425
NODE_303312_length_161_cov_71.500000	88	161	4	4	73	0.0547945
NODE_303312_length_161_cov_71.500000	88	161	5	9	73	0.1232877
NODE_303321_length_161_cov_29.758065	0	80	2	1	80	0.0125000
NODE_303321_length_161_cov_29.758065	0	80	4	2	80	0.0250000
NODE_303321_length_161_cov_29.758065	0	80	6	4	80	0.0500000
NODE_303321_length_161_cov_29.758065	0	80	10	4	80	0.0500000
NODE_303321_length_161_cov_29.758065	0	80	26	3	80	0.0375000
NODE_303321_length_161_cov_29.758065	0	80	28	1	80	0.0125000
NODE_303321_length_161_cov_29.758065	0	80	30	14	80	0.1750000
NODE_303321_length_161_cov_29.758065	0	80	32	2	80	0.0250000
NODE_303321_length_161_cov_29.758065	0	80	34	6	80	0.0750000
NODE_303321_length_161_cov_29.758065	0	80	36	11	80	0.1375000
NODE_303321_length_161_cov_29.758065	0	80	38	2	80	0.0250000
NODE_303321_length_161_cov_29.758065	0	80	44	7	80	0.0875000
NODE_303321_length_161_cov_29.758065	0	80	46	23	80	0.2875000
NODE_303381_length_160_cov_143.573770	45	125	12	8	80	0.1000000
NODE_303381_length_160_cov_143.573770	45	125	14	1	80	0.0125000
NODE_303381_length_160_cov_143.573770	45	125	16	71	80	0.8875000
NODE_303381_length_160_cov_143.573770	93	160	2	5	67	0.0746269
NODE_303381_length_160_cov_143.573770	93	160	4	10	67	0.1492537
NODE_303381_length_160_cov_143.573770	93	160	6	14	67	0.2089552
NODE_303381_length_160_cov_143.573770	93	160	8	1	67	0.0149254
NODE_303381_length_160_cov_143.573770	93	160	10	3	67	0.0447761
NODE_303381_length_160_cov_143.573770	93	160	12	8	67	0.1194030
NODE_303381_length_160_cov_143.573770	93	160	14	1	67	0.0149254
NODE_303381_length_160_cov_143.573770	93	160	16	25	67	0.3731343
NODE_303381_length_160_cov_143.573770	98	120	12	1	22	0.0454545
NODE_303381_length_160_cov_143.573770	98	120	14	1	22	0.0454545
NODE_303381_length_160_cov_143.573770	98	120	16	20	22	0.9090909
NODE_303388_length_160_cov_58.245902	0	45	2	12	45	0.2666667
NODE_303388_length_160_cov_58.245902	0	45	4	1	45	0.0222222
NODE_303388_length_160_cov_58.245902	0	45	6	7	45	0.1555556
NODE_303388_length_160_cov_58.245902	0	45	8	3	45	0.0666667
NODE_303388_length_160_cov_58.245902	0	45	10	19	45	0.4222222
NODE_303388_length_160_cov_58.245902	0	45	12	3	45	0.0666667
NODE_303431_length_159_cov_182.016667	71	156	4	8	85	0.0941176
NODE_303431_length_159_cov_182.016667	71	156	22	8	85	0.0941176
NODE_303431_length_159_cov_182.016667	71	156	28	3	85	0.0352941
NODE_303431_length_159_cov_182.016667	71	156	42	1	85	0.0117647
NODE_303431_length_159_cov_182.016667	71	156	44	1	85	0.0117647
NODE_303431_length_159_cov_182.016667	71	156	46	2	85	0.0235294
NODE_303431_length_159_cov_182.016667	71	156	48	2	85	0.0235294
NODE_303431_length_159_cov_182.016667	71	156	50	2	85	0.0235294
NODE_303431_length_159_cov_182.016667	71	156	54	1	85	0.0117647
NODE_303431_length_159_cov_182.016667	71	156	56	3	85	0.0352941
NODE_303431_length_159_cov_182.016667	71	156	60	4	85	0.0470588
NODE_303431_length_159_cov_182.016667	71	156	62	50	85	0.5882353
NODE_303431_length_159_cov_182.016667	71	156	4	8	85	0.0941176
NODE_303431_length_159_cov_182.016667	71	156	22	8	85	0.0941176
NODE_303431_length_159_cov_182.016667	71	156	28	3	85	0.0352941
NODE_303431_length_159_cov_182.016667	71	156	42	1	85	0.0117647
NODE_303431_length_159_cov_182.016667	71	156	44	1	85	0.0117647
NODE_303431_length_159_cov_182.016667	71	156	46	2	85	0.0235294
NODE_303431_length_159_cov_182.016667	71	156	48	2	85	0.0235294
NODE_303431_length_159_cov_182.016667	71	156	50	2	85	0.0235294
NODE_303431_length_159_cov_182.016667	71	156	54	1	85	0.0117647
NODE_303431_length_159_cov_182.016667	71	156	56	3	85	0.0352941
NODE_303431_length_159_cov_182.016667	71	156	60	4	85	0.0470588
NODE_303431_length_159_cov_182.016667	71	156	62	50	85	0.5882353
NODE_303431_length_159_cov_182.016667	71	156	4	8	85	0.0941176
NODE_303431_length_159_cov_182.016667	71	156	22	8	85	0.0941176
NODE_303431_length_159_cov_182.016667	71	156	28	3	85	0.0352941
NODE_303431_length_159_cov_182.016667	71	156	42	1	85	0.0117647
NODE_303431_length_159_cov_182.016667	71	156	44	1	85	0.0117647
NODE_303431_length_159_cov_182.016667	71	156	46	2	85	0.0235294
NODE_303431_length_159_cov_182.016667	71	156	48	2	85	0.0235294
NODE_303431_length_159_cov_182.016667	71	156	50	2	85	0.0235294
NODE_303431_length_159_cov_182.016667	71	156	54	1	85	0.0117647
NODE_303431_length_159_cov_182.016667	71	156	56	3	85	0.0352941
NODE_303431_length_159_cov_182.016667	71	156	60	4	85	0.0470588
NODE_303431_length_159_cov_182.016667	71	156	62	50	85	0.5882353
NODE_303440_length_159_cov_85.750000	0	43	0	3	43	0.0697674
NODE_303440_length_159_cov_85.750000	0	43	2	15	43	0.3488372
NODE_303440_length_159_cov_85.750000	0	43	8	2	43	0.0465116
NODE_303440_length_159_cov_85.750000	0	43	10	5	43	0.1162791
NODE_303440_length_159_cov_85.750000	0	43	40	1	43	0.0232558
NODE_303440_length_159_cov_85.750000	0	43	42	2	43	0.0465116
NODE_303440_length_159_cov_85.750000	0	43	43	2	43	0.0465116
NODE_303440_length_159_cov_85.750000	0	43	49	1	43	0.0232558
NODE_303440_length_159_cov_85.750000	0	43	51	3	43	0.0697674
NODE_303440_length_159_cov_85.750000	0	43	53	4	43	0.0930233
NODE_303440_length_159_cov_85.750000	0	43	54	5	43	0.1162791
NODE_303440_length_159_cov_85.750000	16	97	2	2	81	0.0246914
NODE_303440_length_159_cov_85.750000	16	97	8	2	81	0.0246914
NODE_303440_length_159_cov_85.750000	16	97	10	5	81	0.0617284
NODE_303440_length_159_cov_85.750000	16	97	40	1	81	0.0123457
NODE_303440_length_159_cov_85.750000	16	97	42	2	81	0.0246914
NODE_303440_length_159_cov_85.750000	16	97	43	2	81	0.0246914
NODE_303440_length_159_cov_85.750000	16	97	49	1	81	0.0123457
NODE_303440_length_159_cov_85.750000	16	97	51	3	81	0.0370370
NODE_303440_length_159_cov_85.750000	16	97	53	4	81	0.0493827
NODE_303440_length_159_cov_85.750000	16	97	54	9	81	0.1111111
NODE_303440_length_159_cov_85.750000	16	97	55	8	81	0.0987654
NODE_303440_length_159_cov_85.750000	16	97	56	42	81	0.5185185
NODE_303440_length_159_cov_85.750000	65	145	34	2	80	0.0250000
NODE_303440_length_159_cov_85.750000	65	145	35	4	80	0.0500000
NODE_303440_length_159_cov_85.750000	65	145	40	1	80	0.0125000
NODE_303440_length_159_cov_85.750000	65	145	43	2	80	0.0250000
NODE_303440_length_159_cov_85.750000	65	145	45	1	80	0.0125000
NODE_303440_length_159_cov_85.750000	65	145	51	10	80	0.1250000
NODE_303440_length_159_cov_85.750000	65	145	53	14	80	0.1750000
NODE_303440_length_159_cov_85.750000	65	145	55	22	80	0.2750000
NODE_303440_length_159_cov_85.750000	65	145	56	24	80	0.3000000
NODE_303440_length_159_cov_85.750000	70	92	55	3	22	0.1363636
NODE_303440_length_159_cov_85.750000	70	92	56	19	22	0.8636364
NODE_303546_length_158_cov_119.813559	34	77	10	43	43	1.0000000
NODE_303546_length_158_cov_119.813559	78	113	8	5	35	0.1428571
NODE_303546_length_158_cov_119.813559	78	113	10	30	35	0.8571429
NODE_303546_length_158_cov_119.813559	123	158	2	5	35	0.1428571
NODE_303546_length_158_cov_119.813559	123	158	7	1	35	0.0285714
NODE_303546_length_158_cov_119.813559	123	158	8	29	35	0.8285714
NODE_303552_length_158_cov_70.135593	5	82	32	5	77	0.0649351
NODE_303552_length_158_cov_70.135593	5	82	34	1	77	0.0129870
NODE_303552_length_158_cov_70.135593	5	82	36	3	77	0.0389610
NODE_303552_length_158_cov_70.135593	5	82	38	10	77	0.1298701
NODE_303552_length_158_cov_70.135593	5	82	44	58	77	0.7532467
NODE_303552_length_158_cov_70.135593	5	82	32	5	77	0.0649351
NODE_303552_length_158_cov_70.135593	5	82	34	1	77	0.0129870
NODE_303552_length_158_cov_70.135593	5	82	36	3	77	0.0389610
NODE_303552_length_158_cov_70.135593	5	82	38	10	77	0.1298701
NODE_303552_length_158_cov_70.135593	5	82	44	58	77	0.7532467
NODE_303552_length_158_cov_70.135593	81	155	1	1	74	0.0135135
NODE_303552_length_158_cov_70.135593	81	155	16	1	74	0.0135135
NODE_303552_length_158_cov_70.135593	81	155	17	2	74	0.0270270
NODE_303552_length_158_cov_70.135593	81	155	19	3	74	0.0405405
NODE_303552_length_158_cov_70.135593	81	155	21	5	74	0.0675676
NODE_303552_length_158_cov_70.135593	81	155	23	1	74	0.0135135
NODE_303552_length_158_cov_70.135593	81	155	27	10	74	0.1351351
NODE_303552_length_158_cov_70.135593	81	155	29	5	74	0.0675676
NODE_303552_length_158_cov_70.135593	81	155	33	3	74	0.0405405
NODE_303552_length_158_cov_70.135593	81	155	42	1	74	0.0135135
NODE_303552_length_158_cov_70.135593	81	155	43	37	74	0.5000000
NODE_303552_length_158_cov_70.135593	81	155	44	5	74	0.0675676
NODE_303555_length_158_cov_63.559322	80	151	21	5	71	0.0704225
NODE_303555_length_158_cov_63.559322	80	151	25	2	71	0.0281690
NODE_303555_length_158_cov_63.559322	80	151	29	8	71	0.1126761
NODE_303555_length_158_cov_63.559322	80	151	31	3	71	0.0422535
NODE_303555_length_158_cov_63.559322	80	151	33	4	71	0.0563380
NODE_303555_length_158_cov_63.559322	80	151	35	1	71	0.0140845
NODE_303555_length_158_cov_63.559322	80	151	43	1	71	0.0140845
NODE_303555_length_158_cov_63.559322	80	151	49	1	71	0.0140845
NODE_303555_length_158_cov_63.559322	80	151	55	1	71	0.0140845
NODE_303555_length_158_cov_63.559322	80	151	60	4	71	0.0563380
NODE_303555_length_158_cov_63.559322	80	151	62	4	71	0.0563380
NODE_303555_length_158_cov_63.559322	80	151	68	9	71	0.1267606
NODE_303555_length_158_cov_63.559322	80	151	70	1	71	0.0140845
NODE_303555_length_158_cov_63.559322	80	151	72	2	71	0.0281690
NODE_303555_length_158_cov_63.559322	80	151	73	10	71	0.1408451
NODE_303555_length_158_cov_63.559322	80	151	74	15	71	0.2112676
NODE_303556_length_158_cov_61.203390	2	66	38	1	64	0.0156250
NODE_303556_length_158_cov_61.203390	2	66	42	1	64	0.0156250
NODE_303556_length_158_cov_61.203390	2	66	46	1	64	0.0156250
NODE_303556_length_158_cov_61.203390	2	66	47	1	64	0.0156250
NODE_303556_length_158_cov_61.203390	2	66	58	1	64	0.0156250
NODE_303556_length_158_cov_61.203390	2	66	60	1	64	0.0156250
NODE_303556_length_158_cov_61.203390	2	66	67	1	64	0.0156250
NODE_303556_length_158_cov_61.203390	2	66	73	2	64	0.0312500
NODE_303556_length_158_cov_61.203390	2	66	75	1	64	0.0156250
NODE_303556_length_158_cov_61.203390	2	66	77	1	64	0.0156250
NODE_303556_length_158_cov_61.203390	2	66	85	1	64	0.0156250
NODE_303556_length_158_cov_61.203390	2	66	95	3	64	0.0468750
NODE_303556_length_158_cov_61.203390	2	66	107	1	64	0.0156250
NODE_303556_length_158_cov_61.203390	2	66	109	1	64	0.0156250
NODE_303556_length_158_cov_61.203390	2	66	121	1	64	0.0156250
NODE_303556_length_158_cov_61.203390	2	66	129	1	64	0.0156250
NODE_303556_length_158_cov_61.203390	2	66	133	2	64	0.0312500
NODE_303556_length_158_cov_61.203390	2	66	141	1	64	0.0156250
NODE_303556_length_158_cov_61.203390	2	66	147	1	64	0.0156250
NODE_303556_length_158_cov_61.203390	2	66	149	1	64	0.0156250
NODE_303556_length_158_cov_61.203390	2	66	153	1	64	0.0156250
NODE_303556_length_158_cov_61.203390	2	66	174	1	64	0.0156250
NODE_303556_length_158_cov_61.203390	2	66	181	2	64	0.0312500
NODE_303556_length_158_cov_61.203390	2	66	185	1	64	0.0156250
NODE_303556_length_158_cov_61.203390	2	66	189	1	64	0.0156250
NODE_303556_length_158_cov_61.203390	2	66	195	1	64	0.0156250
NODE_303556_length_158_cov_61.203390	2	66	199	1	64	0.0156250
NODE_303556_length_158_cov_61.203390	2	66	201	1	64	0.0156250
NODE_303556_length_158_cov_61.203390	2	66	213	1	64	0.0156250
NODE_303556_length_158_cov_61.203390	2	66	215	1	64	0.0156250
NODE_303556_length_158_cov_61.203390	2	66	219	1	64	0.0156250
NODE_303556_length_158_cov_61.203390	2	66	221	4	64	0.0625000
NODE_303556_length_158_cov_61.203390	2	66	223	1	64	0.0156250
NODE_303556_length_158_cov_61.203390	2	66	229	2	64	0.0312500
NODE_303556_length_158_cov_61.203390	2	66	235	2	64	0.0312500
NODE_303556_length_158_cov_61.203390	2	66	236	2	64	0.0312500
NODE_303556_length_158_cov_61.203390	2	66	240	1	64	0.0156250
NODE_303556_length_158_cov_61.203390	2	66	242	4	64	0.0625000
NODE_303556_length_158_cov_61.203390	2	66	245	1	64	0.0156250
NODE_303556_length_158_cov_61.203390	2	66	247	11	64	0.1718750
NODE_303556_length_158_cov_61.203390	2	66	38	1	64	0.0156250
NODE_303556_length_158_cov_61.203390	2	66	42	1	64	0.0156250
NODE_303556_length_158_cov_61.203390	2	66	46	1	64	0.0156250
NODE_303556_length_158_cov_61.203390	2	66	47	1	64	0.0156250
NODE_303556_length_158_cov_61.203390	2	66	58	1	64	0.0156250
NODE_303556_length_158_cov_61.203390	2	66	60	1	64	0.0156250
NODE_303556_length_158_cov_61.203390	2	66	67	1	64	0.0156250
NODE_303556_length_158_cov_61.203390	2	66	73	2	64	0.0312500
NODE_303556_length_158_cov_61.203390	2	66	75	1	64	0.0156250
NODE_303556_length_158_cov_61.203390	2	66	77	1	64	0.0156250
NODE_303556_length_158_cov_61.203390	2	66	85	1	64	0.0156250
NODE_303556_length_158_cov_61.203390	2	66	95	3	64	0.0468750
NODE_303556_length_158_cov_61.203390	2	66	107	1	64	0.0156250
NODE_303556_length_158_cov_61.203390	2	66	109	1	64	0.0156250
NODE_303556_length_158_cov_61.203390	2	66	121	1	64	0.0156250
NODE_303556_length_158_cov_61.203390	2	66	129	1	64	0.0156250
NODE_303556_length_158_cov_61.203390	2	66	133	2	64	0.0312500
NODE_303556_length_158_cov_61.203390	2	66	141	1	64	0.0156250
NODE_303556_length_158_cov_61.203390	2	66	147	1	64	0.0156250
NODE_303556_length_158_cov_61.203390	2	66	149	1	64	0.0156250
NODE_303556_length_158_cov_61.203390	2	66	153	1	64	0.0156250
NODE_303556_length_158_cov_61.203390	2	66	174	1	64	0.0156250
NODE_303556_length_158_cov_61.203390	2	66	181	2	64	0.0312500
NODE_303556_length_158_cov_61.203390	2	66	185	1	64	0.0156250
NODE_303556_length_158_cov_61.203390	2	66	189	1	64	0.0156250
NODE_303556_length_158_cov_61.203390	2	66	195	1	64	0.0156250
NODE_303556_length_158_cov_61.203390	2	66	199	1	64	0.0156250
NODE_303556_length_158_cov_61.203390	2	66	201	1	64	0.0156250
NODE_303556_length_158_cov_61.203390	2	66	213	1	64	0.0156250
NODE_303556_length_158_cov_61.203390	2	66	215	1	64	0.0156250
NODE_303556_length_158_cov_61.203390	2	66	219	1	64	0.0156250
NODE_303556_length_158_cov_61.203390	2	66	221	4	64	0.0625000
NODE_303556_length_158_cov_61.203390	2	66	223	1	64	0.0156250
NODE_303556_length_158_cov_61.203390	2	66	229	2	64	0.0312500
NODE_303556_length_158_cov_61.203390	2	66	235	2	64	0.0312500
NODE_303556_length_158_cov_61.203390	2	66	236	2	64	0.0312500
NODE_303556_length_158_cov_61.203390	2	66	240	1	64	0.0156250
NODE_303556_length_158_cov_61.203390	2	66	242	4	64	0.0625000
NODE_303556_length_158_cov_61.203390	2	66	245	1	64	0.0156250
NODE_303556_length_158_cov_61.203390	2	66	247	11	64	0.1718750
NODE_303556_length_158_cov_61.203390	2	66	38	1	64	0.0156250
NODE_303556_length_158_cov_61.203390	2	66	42	1	64	0.0156250
NODE_303556_length_158_cov_61.203390	2	66	46	1	64	0.0156250
NODE_303556_length_158_cov_61.203390	2	66	47	1	64	0.0156250
NODE_303556_length_158_cov_61.203390	2	66	58	1	64	0.0156250
NODE_303556_length_158_cov_61.203390	2	66	60	1	64	0.0156250
NODE_303556_length_158_cov_61.203390	2	66	67	1	64	0.0156250
NODE_303556_length_158_cov_61.203390	2	66	73	2	64	0.0312500
NODE_303556_length_158_cov_61.203390	2	66	75	1	64	0.0156250
NODE_303556_length_158_cov_61.203390	2	66	77	1	64	0.0156250
NODE_303556_length_158_cov_61.203390	2	66	85	1	64	0.0156250
NODE_303556_length_158_cov_61.203390	2	66	95	3	64	0.0468750
NODE_303556_length_158_cov_61.203390	2	66	107	1	64	0.0156250
NODE_303556_length_158_cov_61.203390	2	66	109	1	64	0.0156250
NODE_303556_length_158_cov_61.203390	2	66	121	1	64	0.0156250
NODE_303556_length_158_cov_61.203390	2	66	129	1	64	0.0156250
NODE_303556_length_158_cov_61.203390	2	66	133	2	64	0.0312500
NODE_303556_length_158_cov_61.203390	2	66	141	1	64	0.0156250
NODE_303556_length_158_cov_61.203390	2	66	147	1	64	0.0156250
NODE_303556_length_158_cov_61.203390	2	66	149	1	64	0.0156250
NODE_303556_length_158_cov_61.203390	2	66	153	1	64	0.0156250
NODE_303556_length_158_cov_61.203390	2	66	174	1	64	0.0156250
NODE_303556_length_158_cov_61.203390	2	66	181	2	64	0.0312500
NODE_303556_length_158_cov_61.203390	2	66	185	1	64	0.0156250
NODE_303556_length_158_cov_61.203390	2	66	189	1	64	0.0156250
NODE_303556_length_158_cov_61.203390	2	66	195	1	64	0.0156250
NODE_303556_length_158_cov_61.203390	2	66	199	1	64	0.0156250
NODE_303556_length_158_cov_61.203390	2	66	201	1	64	0.0156250
NODE_303556_length_158_cov_61.203390	2	66	213	1	64	0.0156250
NODE_303556_length_158_cov_61.203390	2	66	215	1	64	0.0156250
NODE_303556_length_158_cov_61.203390	2	66	219	1	64	0.0156250
NODE_303556_length_158_cov_61.203390	2	66	221	4	64	0.0625000
NODE_303556_length_158_cov_61.203390	2	66	223	1	64	0.0156250
NODE_303556_length_158_cov_61.203390	2	66	229	2	64	0.0312500
NODE_303556_length_158_cov_61.203390	2	66	235	2	64	0.0312500
NODE_303556_length_158_cov_61.203390	2	66	236	2	64	0.0312500
NODE_303556_length_158_cov_61.203390	2	66	240	1	64	0.0156250
NODE_303556_length_158_cov_61.203390	2	66	242	4	64	0.0625000
NODE_303556_length_158_cov_61.203390	2	66	245	1	64	0.0156250
NODE_303556_length_158_cov_61.203390	2	66	247	11	64	0.1718750
NODE_303556_length_158_cov_61.203390	39	119	183	1	80	0.0125000
NODE_303556_length_158_cov_61.203390	39	119	185	1	80	0.0125000
NODE_303556_length_158_cov_61.203390	39	119	187	1	80	0.0125000
NODE_303556_length_158_cov_61.203390	39	119	191	1	80	0.0125000
NODE_303556_length_158_cov_61.203390	39	119	213	1	80	0.0125000
NODE_303556_length_158_cov_61.203390	39	119	215	2	80	0.0250000
NODE_303556_length_158_cov_61.203390	39	119	221	3	80	0.0375000
NODE_303556_length_158_cov_61.203390	39	119	223	1	80	0.0125000
NODE_303556_length_158_cov_61.203390	39	119	227	1	80	0.0125000
NODE_303556_length_158_cov_61.203390	39	119	229	2	80	0.0250000
NODE_303556_length_158_cov_61.203390	39	119	235	2	80	0.0250000
NODE_303556_length_158_cov_61.203390	39	119	236	2	80	0.0250000
NODE_303556_length_158_cov_61.203390	39	119	238	1	80	0.0125000
NODE_303556_length_158_cov_61.203390	39	119	240	6	80	0.0750000
NODE_303556_length_158_cov_61.203390	39	119	241	2	80	0.0250000
NODE_303556_length_158_cov_61.203390	39	119	242	4	80	0.0500000
NODE_303556_length_158_cov_61.203390	39	119	245	1	80	0.0125000
NODE_303556_length_158_cov_61.203390	39	119	247	37	80	0.4625000
NODE_303556_length_158_cov_61.203390	39	119	248	11	80	0.1375000
NODE_303563_length_158_cov_40.271186	43	107	76	1	64	0.0156250
NODE_303563_length_158_cov_40.271186	43	107	78	2	64	0.0312500
NODE_303563_length_158_cov_40.271186	43	107	80	9	64	0.1406250
NODE_303563_length_158_cov_40.271186	43	107	81	13	64	0.2031250
NODE_303563_length_158_cov_40.271186	43	107	82	39	64	0.6093750
NODE_303563_length_158_cov_40.271186	80	151	21	5	71	0.0704225
NODE_303563_length_158_cov_40.271186	80	151	23	6	71	0.0845070
NODE_303563_length_158_cov_40.271186	80	151	31	7	71	0.0985916
NODE_303563_length_158_cov_40.271186	80	151	37	5	71	0.0704225
NODE_303563_length_158_cov_40.271186	80	151	39	1	71	0.0140845
NODE_303563_length_158_cov_40.271186	80	151	41	1	71	0.0140845
NODE_303563_length_158_cov_40.271186	80	151	45	3	71	0.0422535
NODE_303563_length_158_cov_40.271186	80	151	51	1	71	0.0140845
NODE_303563_length_158_cov_40.271186	80	151	55	1	71	0.0140845
NODE_303563_length_158_cov_40.271186	80	151	60	7	71	0.0985916
NODE_303563_length_158_cov_40.271186	80	151	66	2	71	0.0281690
NODE_303563_length_158_cov_40.271186	80	151	75	2	71	0.0281690
NODE_303563_length_158_cov_40.271186	80	151	77	2	71	0.0281690
NODE_303563_length_158_cov_40.271186	80	151	79	1	71	0.0140845
NODE_303563_length_158_cov_40.271186	80	151	81	13	71	0.1830986
NODE_303563_length_158_cov_40.271186	80	151	82	14	71	0.1971831
NODE_303566_length_158_cov_29.661017	0	61	0	61	61	1.0000000
NODE_303566_length_158_cov_29.661017	34	64	0	30	30	1.0000000
NODE_303605_length_157_cov_1488.586207	57	138	42	3	81	0.0370370
NODE_303605_length_157_cov_1488.586207	57	138	47	1	81	0.0123457
NODE_303605_length_157_cov_1488.586207	57	138	59	1	81	0.0123457
NODE_303605_length_157_cov_1488.586207	57	138	69	1	81	0.0123457
NODE_303605_length_157_cov_1488.586207	57	138	77	1	81	0.0123457
NODE_303605_length_157_cov_1488.586207	57	138	81	1	81	0.0123457
NODE_303605_length_157_cov_1488.586207	57	138	85	2	81	0.0246914
NODE_303605_length_157_cov_1488.586207	57	138	93	2	81	0.0246914
NODE_303605_length_157_cov_1488.586207	57	138	99	1	81	0.0123457
NODE_303605_length_157_cov_1488.586207	57	138	101	3	81	0.0370370
NODE_303605_length_157_cov_1488.586207	57	138	107	2	81	0.0246914
NODE_303605_length_157_cov_1488.586207	57	138	113	2	81	0.0246914
NODE_303605_length_157_cov_1488.586207	57	138	117	2	81	0.0246914
NODE_303605_length_157_cov_1488.586207	57	138	118	1	81	0.0123457
NODE_303605_length_157_cov_1488.586207	57	138	120	3	81	0.0370370
NODE_303605_length_157_cov_1488.586207	57	138	122	1	81	0.0123457
NODE_303605_length_157_cov_1488.586207	57	138	130	1	81	0.0123457
NODE_303605_length_157_cov_1488.586207	57	138	132	2	81	0.0246914
NODE_303605_length_157_cov_1488.586207	57	138	134	3	81	0.0370370
NODE_303605_length_157_cov_1488.586207	57	138	136	2	81	0.0246914
NODE_303605_length_157_cov_1488.586207	57	138	138	46	81	0.5679013
NODE_303605_length_157_cov_1488.586207	111	157	0	1	46	0.0217391
NODE_303605_length_157_cov_1488.586207	111	157	2	3	46	0.0652174
NODE_303605_length_157_cov_1488.586207	111	157	3	2	46	0.0434783
NODE_303605_length_157_cov_1488.586207	111	157	4	3	46	0.0652174
NODE_303605_length_157_cov_1488.586207	111	157	6	1	46	0.0217391
NODE_303605_length_157_cov_1488.586207	111	157	10	1	46	0.0217391
NODE_303605_length_157_cov_1488.586207	111	157	13	1	46	0.0217391
NODE_303605_length_157_cov_1488.586207	111	157	19	1	46	0.0217391
NODE_303605_length_157_cov_1488.586207	111	157	24	2	46	0.0434783
NODE_303605_length_157_cov_1488.586207	111	157	30	1	46	0.0217391
NODE_303605_length_157_cov_1488.586207	111	157	34	1	46	0.0217391
NODE_303605_length_157_cov_1488.586207	111	157	36	1	46	0.0217391
NODE_303605_length_157_cov_1488.586207	111	157	42	4	46	0.0869565
NODE_303605_length_157_cov_1488.586207	111	157	47	1	46	0.0217391
NODE_303605_length_157_cov_1488.586207	111	157	59	1	46	0.0217391
NODE_303605_length_157_cov_1488.586207	111	157	69	1	46	0.0217391
NODE_303605_length_157_cov_1488.586207	111	157	77	1	46	0.0217391
NODE_303605_length_157_cov_1488.586207	111	157	81	1	46	0.0217391
NODE_303605_length_157_cov_1488.586207	111	157	85	2	46	0.0434783
NODE_303605_length_157_cov_1488.586207	111	157	93	2	46	0.0434783
NODE_303605_length_157_cov_1488.586207	111	157	99	1	46	0.0217391
NODE_303605_length_157_cov_1488.586207	111	157	101	3	46	0.0652174
NODE_303605_length_157_cov_1488.586207	111	157	107	2	46	0.0434783
NODE_303605_length_157_cov_1488.586207	111	157	113	2	46	0.0434783
NODE_303605_length_157_cov_1488.586207	111	157	117	2	46	0.0434783
NODE_303605_length_157_cov_1488.586207	111	157	118	1	46	0.0217391
NODE_303605_length_157_cov_1488.586207	111	157	120	3	46	0.0652174
NODE_303605_length_157_cov_1488.586207	111	157	122	1	46	0.0217391
NODE_303606_length_157_cov_295.896552	32	78	40	1	46	0.0217391
NODE_303606_length_157_cov_295.896552	32	78	42	1	46	0.0217391
NODE_303606_length_157_cov_295.896552	32	78	44	2	46	0.0434783
NODE_303606_length_157_cov_295.896552	32	78	53	1	46	0.0217391
NODE_303606_length_157_cov_295.896552	32	78	55	1	46	0.0217391
NODE_303606_length_157_cov_295.896552	32	78	57	5	46	0.1086956
NODE_303606_length_157_cov_295.896552	32	78	62	1	46	0.0217391
NODE_303606_length_157_cov_295.896552	32	78	64	2	46	0.0434783
NODE_303606_length_157_cov_295.896552	32	78	66	1	46	0.0217391
NODE_303606_length_157_cov_295.896552	32	78	68	2	46	0.0434783
NODE_303606_length_157_cov_295.896552	32	78	71	2	46	0.0434783
NODE_303606_length_157_cov_295.896552	32	78	73	1	46	0.0217391
NODE_303606_length_157_cov_295.896552	32	78	74	1	46	0.0217391
NODE_303606_length_157_cov_295.896552	32	78	76	25	46	0.5434783
NODE_303608_length_157_cov_161.689655	0	59	2	31	59	0.5254237
NODE_303608_length_157_cov_161.689655	0	59	4	12	59	0.2033898
NODE_303608_length_157_cov_161.689655	0	59	8	16	59	0.2711864
NODE_303608_length_157_cov_161.689655	0	59	2	31	59	0.5254237
NODE_303608_length_157_cov_161.689655	0	59	4	12	59	0.2033898
NODE_303608_length_157_cov_161.689655	0	59	8	16	59	0.2711864
NODE_303608_length_157_cov_161.689655	55	135	2	12	80	0.1500000
NODE_303608_length_157_cov_161.689655	55	135	4	1	80	0.0125000
NODE_303608_length_157_cov_161.689655	55	135	6	7	80	0.0875000
NODE_303608_length_157_cov_161.689655	55	135	8	60	80	0.7500000
NODE_303608_length_157_cov_161.689655	55	135	2	12	80	0.1500000
NODE_303608_length_157_cov_161.689655	55	135	4	1	80	0.0125000
NODE_303608_length_157_cov_161.689655	55	135	6	7	80	0.0875000
NODE_303608_length_157_cov_161.689655	55	135	8	60	80	0.7500000
NODE_303608_length_157_cov_161.689655	108	157	0	4	49	0.0816327
NODE_303608_length_157_cov_161.689655	108	157	2	30	49	0.6122449
NODE_303608_length_157_cov_161.689655	108	157	4	1	49	0.0204082
NODE_303608_length_157_cov_161.689655	108	157	6	7	49	0.1428571
NODE_303608_length_157_cov_161.689655	108	157	8	7	49	0.1428571
NODE_303608_length_157_cov_161.689655	113	157	0	4	44	0.0909091
NODE_303608_length_157_cov_161.689655	113	157	2	30	44	0.6818182
NODE_303608_length_157_cov_161.689655	113	157	4	1	44	0.0227273
NODE_303608_length_157_cov_161.689655	113	157	6	7	44	0.1590909
NODE_303608_length_157_cov_161.689655	113	157	8	2	44	0.0454545
NODE_303677_length_156_cov_100.491228	0	41	0	41	41	1.0000000
NODE_303677_length_156_cov_100.491228	21	94	0	24	73	0.3287671
NODE_303677_length_156_cov_100.491228	21	94	2	49	73	0.6712329
NODE_303688_length_156_cov_37.368421	24	81	4	1	57	0.0175439
NODE_303688_length_156_cov_37.368421	24	81	6	1	57	0.0175439
NODE_303688_length_156_cov_37.368421	24	81	10	1	57	0.0175439
NODE_303688_length_156_cov_37.368421	24	81	14	2	57	0.0350877
NODE_303688_length_156_cov_37.368421	24	81	16	4	57	0.0701754
NODE_303688_length_156_cov_37.368421	24	81	20	2	57	0.0350877
NODE_303688_length_156_cov_37.368421	24	81	22	2	57	0.0350877
NODE_303688_length_156_cov_37.368421	24	81	26	2	57	0.0350877
NODE_303688_length_156_cov_37.368421	24	81	28	2	57	0.0350877
NODE_303688_length_156_cov_37.368421	24	81	30	5	57	0.0877193
NODE_303688_length_156_cov_37.368421	24	81	32	35	57	0.6140351
NODE_303688_length_156_cov_37.368421	54	134	26	5	80	0.0625000
NODE_303688_length_156_cov_37.368421	54	134	28	5	80	0.0625000
NODE_303688_length_156_cov_37.368421	54	134	30	2	80	0.0250000
NODE_303688_length_156_cov_37.368421	54	134	32	68	80	0.8500000
NODE_303700_length_156_cov_9.543860	2	48	0	46	46	1.0000000
NODE_303700_length_156_cov_9.543860	59	105	0	46	46	1.0000000
NODE_303752_length_155_cov_56.750000	27	102	0	3	75	0.0400000
NODE_303752_length_155_cov_56.750000	27	102	2	72	75	0.9600000
NODE_303752_length_155_cov_56.750000	80	155	0	33	75	0.4400000
NODE_303752_length_155_cov_56.750000	80	155	2	42	75	0.5600000
NODE_304022_length_153_cov_0.944444	5	48	0	13	43	0.3023256
NODE_304022_length_153_cov_0.944444	5	48	4	30	43	0.6976744
NODE_304022_length_153_cov_0.944444	37	86	4	49	49	1.0000000
NODE_304022_length_153_cov_0.944444	59	102	4	43	43	1.0000000
NODE_304022_length_153_cov_0.944444	91	140	4	49	49	1.0000000
NODE_304022_length_153_cov_0.944444	113	153	0	7	40	0.1750000
NODE_304022_length_153_cov_0.944444	113	153	4	33	40	0.8250000
NODE_304027_length_152_cov_195.396226	9	89	0	80	80	1.0000000
NODE_304027_length_152_cov_195.396226	9	89	0	80	80	1.0000000
NODE_304027_length_152_cov_195.396226	85	149	0	64	64	1.0000000
NODE_304027_length_152_cov_195.396226	85	152	0	67	67	1.0000000
NODE_304027_length_152_cov_195.396226	85	152	0	67	67	1.0000000
NODE_304027_length_152_cov_195.396226	85	152	0	67	67	1.0000000
NODE_304030_length_152_cov_68.094340	99	150	0	9	51	0.1764706
NODE_304030_length_152_cov_68.094340	99	150	2	13	51	0.2549020
NODE_304030_length_152_cov_68.094340	99	150	6	29	51	0.5686275
NODE_304112_length_151_cov_541.615385	19	88	10	2	69	0.0289855
NODE_304112_length_151_cov_541.615385	19	88	12	7	69	0.1014493
NODE_304112_length_151_cov_541.615385	19	88	14	4	69	0.0579710
NODE_304112_length_151_cov_541.615385	19	88	16	4	69	0.0579710
NODE_304112_length_151_cov_541.615385	19	88	20	1	69	0.0144928
NODE_304112_length_151_cov_541.615385	19	88	22	2	69	0.0289855
NODE_304112_length_151_cov_541.615385	19	88	24	2	69	0.0289855
NODE_304112_length_151_cov_541.615385	19	88	26	1	69	0.0144928
NODE_304112_length_151_cov_541.615385	19	88	28	1	69	0.0144928
NODE_304112_length_151_cov_541.615385	19	88	30	1	69	0.0144928
NODE_304112_length_151_cov_541.615385	19	88	32	44	69	0.6376812
NODE_304112_length_151_cov_541.615385	72	149	2	8	77	0.1038961
NODE_304112_length_151_cov_541.615385	72	149	4	1	77	0.0129870
NODE_304112_length_151_cov_541.615385	72	149	6	1	77	0.0129870
NODE_304112_length_151_cov_541.615385	72	149	8	1	77	0.0129870
NODE_304112_length_151_cov_541.615385	72	149	10	1	77	0.0129870
NODE_304112_length_151_cov_541.615385	72	149	12	5	77	0.0649351
NODE_304112_length_151_cov_541.615385	72	149	21	8	77	0.1038961
NODE_304112_length_151_cov_541.615385	72	149	23	1	77	0.0129870
NODE_304112_length_151_cov_541.615385	72	149	24	2	77	0.0259740
NODE_304112_length_151_cov_541.615385	72	149	26	2	77	0.0259740
NODE_304112_length_151_cov_541.615385	72	149	28	1	77	0.0129870
NODE_304112_length_151_cov_541.615385	72	149	30	11	77	0.1428571
NODE_304112_length_151_cov_541.615385	72	149	32	35	77	0.4545455
NODE_304229_length_150_cov_88.647059	51	102	12	51	51	1.0000000
NODE_304472_length_148_cov_34.183673	23	99	6	4	76	0.0526316
NODE_304472_length_148_cov_34.183673	23	99	8	6	76	0.0789474
NODE_304472_length_148_cov_34.183673	23	99	10	1	76	0.0131579
NODE_304472_length_148_cov_34.183673	23	99	12	3	76	0.0394737
NODE_304472_length_148_cov_34.183673	23	99	14	2	76	0.0263158
NODE_304472_length_148_cov_34.183673	23	99	16	4	76	0.0526316
NODE_304472_length_148_cov_34.183673	23	99	18	56	76	0.7368421
NODE_304570_length_147_cov_472.354167	0	55	2	1	55	0.0181818
NODE_304570_length_147_cov_472.354167	0	55	8	1	55	0.0181818
NODE_304570_length_147_cov_472.354167	0	55	10	1	55	0.0181818
NODE_304570_length_147_cov_472.354167	0	55	14	1	55	0.0181818
NODE_304570_length_147_cov_472.354167	0	55	16	3	55	0.0545455
NODE_304570_length_147_cov_472.354167	0	55	20	2	55	0.0363636
NODE_304570_length_147_cov_472.354167	0	55	23	1	55	0.0181818
NODE_304570_length_147_cov_472.354167	0	55	24	2	55	0.0363636
NODE_304570_length_147_cov_472.354167	0	55	26	3	55	0.0545455
NODE_304570_length_147_cov_472.354167	0	55	32	1	55	0.0181818
NODE_304570_length_147_cov_472.354167	0	55	34	1	55	0.0181818
NODE_304570_length_147_cov_472.354167	0	55	41	1	55	0.0181818
NODE_304570_length_147_cov_472.354167	0	55	44	2	55	0.0363636
NODE_304570_length_147_cov_472.354167	0	55	48	4	55	0.0727273
NODE_304570_length_147_cov_472.354167	0	55	50	10	55	0.1818182
NODE_304570_length_147_cov_472.354167	0	55	52	5	55	0.0909091
NODE_304570_length_147_cov_472.354167	0	55	54	4	55	0.0727273
NODE_304570_length_147_cov_472.354167	0	55	56	12	55	0.2181818
NODE_304570_length_147_cov_472.354167	12	89	26	3	77	0.0389610
NODE_304570_length_147_cov_472.354167	12	89	32	1	77	0.0129870
NODE_304570_length_147_cov_472.354167	12	89	34	1	77	0.0129870
NODE_304570_length_147_cov_472.354167	12	89	41	1	77	0.0129870
NODE_304570_length_147_cov_472.354167	12	89	44	2	77	0.0259740
NODE_304570_length_147_cov_472.354167	12	89	48	4	77	0.0519481
NODE_304570_length_147_cov_472.354167	12	89	50	10	77	0.1298701
NODE_304570_length_147_cov_472.354167	12	89	52	5	77	0.0649351
NODE_304570_length_147_cov_472.354167	12	89	54	4	77	0.0519481
NODE_304570_length_147_cov_472.354167	12	89	56	46	77	0.5974026
NODE_304570_length_147_cov_472.354167	65	137	20	2	72	0.0277778
NODE_304570_length_147_cov_472.354167	65	137	22	1	72	0.0138889
NODE_304570_length_147_cov_472.354167	65	137	24	5	72	0.0694444
NODE_304570_length_147_cov_472.354167	65	137	26	1	72	0.0138889
NODE_304570_length_147_cov_472.354167	65	137	28	2	72	0.0277778
NODE_304570_length_147_cov_472.354167	65	137	32	7	72	0.0972222
NODE_304570_length_147_cov_472.354167	65	137	34	2	72	0.0277778
NODE_304570_length_147_cov_472.354167	65	137	44	1	72	0.0138889
NODE_304570_length_147_cov_472.354167	65	137	48	4	72	0.0555556
NODE_304570_length_147_cov_472.354167	65	137	50	2	72	0.0277778
NODE_304570_length_147_cov_472.354167	65	137	54	7	72	0.0972222
NODE_304570_length_147_cov_472.354167	65	137	56	38	72	0.5277778
NODE_304572_length_147_cov_229.729167	7	56	2	1	49	0.0204082
NODE_304572_length_147_cov_229.729167	7	56	12	1	49	0.0204082
NODE_304572_length_147_cov_229.729167	7	56	13	2	49	0.0408163
NODE_304572_length_147_cov_229.729167	7	56	17	3	49	0.0612245
NODE_304572_length_147_cov_229.729167	7	56	18	1	49	0.0204082
NODE_304572_length_147_cov_229.729167	7	56	21	5	49	0.1020408
NODE_304572_length_147_cov_229.729167	7	56	25	3	49	0.0612245
NODE_304572_length_147_cov_229.729167	7	56	29	8	49	0.1632653
NODE_304572_length_147_cov_229.729167	7	56	35	2	49	0.0408163
NODE_304572_length_147_cov_229.729167	7	56	38	4	49	0.0816327
NODE_304572_length_147_cov_229.729167	7	56	42	1	49	0.0204082
NODE_304572_length_147_cov_229.729167	7	56	44	1	49	0.0204082
NODE_304572_length_147_cov_229.729167	7	56	55	2	49	0.0408163
NODE_304572_length_147_cov_229.729167	7	56	59	2	49	0.0408163
NODE_304572_length_147_cov_229.729167	7	56	63	3	49	0.0612245
NODE_304572_length_147_cov_229.729167	7	56	64	10	49	0.2040816
NODE_304572_length_147_cov_229.729167	29	93	29	2	64	0.0312500
NODE_304572_length_147_cov_229.729167	29	93	35	2	64	0.0312500
NODE_304572_length_147_cov_229.729167	29	93	38	4	64	0.0625000
NODE_304572_length_147_cov_229.729167	29	93	42	1	64	0.0156250
NODE_304572_length_147_cov_229.729167	29	93	44	1	64	0.0156250
NODE_304572_length_147_cov_229.729167	29	93	55	2	64	0.0312500
NODE_304572_length_147_cov_229.729167	29	93	59	2	64	0.0312500
NODE_304572_length_147_cov_229.729167	29	93	63	3	64	0.0468750
NODE_304572_length_147_cov_229.729167	29	93	64	47	64	0.7343750
NODE_304572_length_147_cov_229.729167	29	93	29	2	64	0.0312500
NODE_304572_length_147_cov_229.729167	29	93	35	2	64	0.0312500
NODE_304572_length_147_cov_229.729167	29	93	38	4	64	0.0625000
NODE_304572_length_147_cov_229.729167	29	93	42	1	64	0.0156250
NODE_304572_length_147_cov_229.729167	29	93	44	1	64	0.0156250
NODE_304572_length_147_cov_229.729167	29	93	55	2	64	0.0312500
NODE_304572_length_147_cov_229.729167	29	93	59	2	64	0.0312500
NODE_304572_length_147_cov_229.729167	29	93	63	3	64	0.0468750
NODE_304572_length_147_cov_229.729167	29	93	64	47	64	0.7343750
NODE_304572_length_147_cov_229.729167	29	93	29	2	64	0.0312500
NODE_304572_length_147_cov_229.729167	29	93	35	2	64	0.0312500
NODE_304572_length_147_cov_229.729167	29	93	38	4	64	0.0625000
NODE_304572_length_147_cov_229.729167	29	93	42	1	64	0.0156250
NODE_304572_length_147_cov_229.729167	29	93	44	1	64	0.0156250
NODE_304572_length_147_cov_229.729167	29	93	55	2	64	0.0312500
NODE_304572_length_147_cov_229.729167	29	93	59	2	64	0.0312500
NODE_304572_length_147_cov_229.729167	29	93	63	3	64	0.0468750
NODE_304572_length_147_cov_229.729167	29	93	64	47	64	0.7343750
NODE_304573_length_147_cov_213.770833	37	117	0	80	80	1.0000000
NODE_304573_length_147_cov_213.770833	90	146	0	56	56	1.0000000
NODE_304697_length_146_cov_182.893617	1	60	0	10	59	0.1694915
NODE_304697_length_146_cov_182.893617	1	60	2	3	59	0.0508475
NODE_304697_length_146_cov_182.893617	1	60	4	1	59	0.0169492
NODE_304697_length_146_cov_182.893617	1	60	6	21	59	0.3559322
NODE_304697_length_146_cov_182.893617	1	60	8	3	59	0.0508475
NODE_304697_length_146_cov_182.893617	1	60	10	3	59	0.0508475
NODE_304697_length_146_cov_182.893617	1	60	14	18	59	0.3050847
NODE_304697_length_146_cov_182.893617	34	60	6	2	26	0.0769231
NODE_304697_length_146_cov_182.893617	34	60	8	3	26	0.1153846
NODE_304697_length_146_cov_182.893617	34	60	10	3	26	0.1153846
NODE_304697_length_146_cov_182.893617	34	60	14	18	26	0.6923077
NODE_304697_length_146_cov_182.893617	113	144	4	9	31	0.2903226
NODE_304697_length_146_cov_182.893617	113	144	6	13	31	0.4193548
NODE_304697_length_146_cov_182.893617	113	144	8	9	31	0.2903226
NODE_304698_length_146_cov_152.808511	0	69	0	69	69	1.0000000
NODE_304698_length_146_cov_152.808511	42	122	0	80	80	1.0000000
NODE_304703_length_146_cov_89.808511	0	53	0	53	53	1.0000000
NODE_304703_length_146_cov_89.808511	26	106	0	80	80	1.0000000
NODE_304703_length_146_cov_89.808511	74	146	0	72	72	1.0000000
NODE_304703_length_146_cov_89.808511	79	101	0	22	22	1.0000000
NODE_304707_length_146_cov_57.446809	44	124	0	4	80	0.0500000
NODE_304707_length_146_cov_57.446809	44	124	2	76	80	0.9500000
NODE_304708_length_146_cov_54.106383	0	69	0	69	69	1.0000000
NODE_304708_length_146_cov_54.106383	42	122	0	80	80	1.0000000
NODE_304710_length_146_cov_46.765957	3	83	0	18	80	0.2250000
NODE_304710_length_146_cov_46.765957	3	83	6	62	80	0.7750000
NODE_304710_length_146_cov_46.765957	3	83	0	18	80	0.2250000
NODE_304710_length_146_cov_46.765957	3	83	6	62	80	0.7750000
NODE_304710_length_146_cov_46.765957	3	83	0	18	80	0.2250000
NODE_304710_length_146_cov_46.765957	3	83	6	62	80	0.7750000
NODE_304710_length_146_cov_46.765957	3	83	0	18	80	0.2250000
NODE_304710_length_146_cov_46.765957	3	83	6	62	80	0.7750000
NODE_304710_length_146_cov_46.765957	3	83	0	18	80	0.2250000
NODE_304710_length_146_cov_46.765957	3	83	6	62	80	0.7750000
NODE_304710_length_146_cov_46.765957	12	83	0	9	71	0.1267606
NODE_304710_length_146_cov_46.765957	12	83	6	62	71	0.8732395
NODE_304710_length_146_cov_46.765957	56	136	0	15	80	0.1875000
NODE_304710_length_146_cov_46.765957	56	136	6	65	80	0.8125000
NODE_304710_length_146_cov_46.765957	56	136	0	15	80	0.1875000
NODE_304710_length_146_cov_46.765957	56	136	6	65	80	0.8125000
NODE_304711_length_146_cov_44.021277	0	69	0	69	69	1.0000000
NODE_304711_length_146_cov_44.021277	42	122	0	80	80	1.0000000
NODE_304798_length_145_cov_1385.413043	0	69	51	2	69	0.0289855
NODE_304798_length_145_cov_1385.413043	0	69	53	1	69	0.0144928
NODE_304798_length_145_cov_1385.413043	0	69	55	2	69	0.0289855
NODE_304798_length_145_cov_1385.413043	0	69	57	2	69	0.0289855
NODE_304798_length_145_cov_1385.413043	0	69	63	1	69	0.0144928
NODE_304798_length_145_cov_1385.413043	0	69	74	1	69	0.0144928
NODE_304798_length_145_cov_1385.413043	0	69	81	1	69	0.0144928
NODE_304798_length_145_cov_1385.413043	0	69	99	1	69	0.0144928
NODE_304798_length_145_cov_1385.413043	0	69	101	1	69	0.0144928
NODE_304798_length_145_cov_1385.413043	0	69	113	2	69	0.0289855
NODE_304798_length_145_cov_1385.413043	0	69	134	1	69	0.0144928
NODE_304798_length_145_cov_1385.413043	0	69	136	1	69	0.0144928
NODE_304798_length_145_cov_1385.413043	0	69	142	1	69	0.0144928
NODE_304798_length_145_cov_1385.413043	0	69	162	2	69	0.0289855
NODE_304798_length_145_cov_1385.413043	0	69	172	1	69	0.0144928
NODE_304798_length_145_cov_1385.413043	0	69	174	1	69	0.0144928
NODE_304798_length_145_cov_1385.413043	0	69	180	1	69	0.0144928
NODE_304798_length_145_cov_1385.413043	0	69	188	1	69	0.0144928
NODE_304798_length_145_cov_1385.413043	0	69	190	3	69	0.0434783
NODE_304798_length_145_cov_1385.413043	0	69	191	1	69	0.0144928
NODE_304798_length_145_cov_1385.413043	0	69	197	1	69	0.0144928
NODE_304798_length_145_cov_1385.413043	0	69	208	1	69	0.0144928
NODE_304798_length_145_cov_1385.413043	0	69	220	1	69	0.0144928
NODE_304798_length_145_cov_1385.413043	0	69	222	1	69	0.0144928
NODE_304798_length_145_cov_1385.413043	0	69	240	1	69	0.0144928
NODE_304798_length_145_cov_1385.413043	0	69	247	1	69	0.0144928
NODE_304798_length_145_cov_1385.413043	0	69	265	1	69	0.0144928
NODE_304798_length_145_cov_1385.413043	0	69	269	2	69	0.0289855
NODE_304798_length_145_cov_1385.413043	0	69	271	1	69	0.0144928
NODE_304798_length_145_cov_1385.413043	0	69	275	2	69	0.0289855
NODE_304798_length_145_cov_1385.413043	0	69	281	1	69	0.0144928
NODE_304798_length_145_cov_1385.413043	0	69	293	1	69	0.0144928
NODE_304798_length_145_cov_1385.413043	0	69	295	1	69	0.0144928
NODE_304798_length_145_cov_1385.413043	0	69	297	1	69	0.0144928
NODE_304798_length_145_cov_1385.413043	0	69	304	23	69	0.3333333
NODE_304798_length_145_cov_1385.413043	0	69	305	3	69	0.0434783
NODE_304798_length_145_cov_1385.413043	42	122	208	1	80	0.0125000
NODE_304798_length_145_cov_1385.413043	42	122	214	1	80	0.0125000
NODE_304798_length_145_cov_1385.413043	42	122	224	2	80	0.0250000
NODE_304798_length_145_cov_1385.413043	42	122	226	3	80	0.0375000
NODE_304798_length_145_cov_1385.413043	42	122	233	1	80	0.0125000
NODE_304798_length_145_cov_1385.413043	42	122	238	1	80	0.0125000
NODE_304798_length_145_cov_1385.413043	42	122	248	1	80	0.0125000
NODE_304798_length_145_cov_1385.413043	42	122	252	1	80	0.0125000
NODE_304798_length_145_cov_1385.413043	42	122	270	1	80	0.0125000
NODE_304798_length_145_cov_1385.413043	42	122	272	1	80	0.0125000
NODE_304798_length_145_cov_1385.413043	42	122	280	1	80	0.0125000
NODE_304798_length_145_cov_1385.413043	42	122	290	1	80	0.0125000
NODE_304798_length_145_cov_1385.413043	42	122	292	2	80	0.0250000
NODE_304798_length_145_cov_1385.413043	42	122	295	1	80	0.0125000
NODE_304798_length_145_cov_1385.413043	42	122	297	2	80	0.0250000
NODE_304798_length_145_cov_1385.413043	42	122	301	1	80	0.0125000
NODE_304798_length_145_cov_1385.413043	42	122	303	10	80	0.1250000
NODE_304798_length_145_cov_1385.413043	42	122	304	43	80	0.5375000
NODE_304798_length_145_cov_1385.413043	42	122	305	6	80	0.0750000
NODE_304799_length_145_cov_880.369565	56	120	213	4	64	0.0625000
NODE_304799_length_145_cov_880.369565	56	120	219	1	64	0.0156250
NODE_304799_length_145_cov_880.369565	56	120	225	1	64	0.0156250
NODE_304799_length_145_cov_880.369565	56	120	231	1	64	0.0156250
NODE_304799_length_145_cov_880.369565	56	120	233	1	64	0.0156250
NODE_304799_length_145_cov_880.369565	56	120	251	2	64	0.0312500
NODE_304799_length_145_cov_880.369565	56	120	265	1	64	0.0156250
NODE_304799_length_145_cov_880.369565	56	120	271	1	64	0.0156250
NODE_304799_length_145_cov_880.369565	56	120	277	1	64	0.0156250
NODE_304799_length_145_cov_880.369565	56	120	280	3	64	0.0468750
NODE_304799_length_145_cov_880.369565	56	120	282	1	64	0.0156250
NODE_304799_length_145_cov_880.369565	56	120	292	3	64	0.0468750
NODE_304799_length_145_cov_880.369565	56	120	294	1	64	0.0156250
NODE_304799_length_145_cov_880.369565	56	120	295	43	64	0.6718750
NODE_304799_length_145_cov_880.369565	56	120	213	4	64	0.0625000
NODE_304799_length_145_cov_880.369565	56	120	219	1	64	0.0156250
NODE_304799_length_145_cov_880.369565	56	120	225	1	64	0.0156250
NODE_304799_length_145_cov_880.369565	56	120	231	1	64	0.0156250
NODE_304799_length_145_cov_880.369565	56	120	233	1	64	0.0156250
NODE_304799_length_145_cov_880.369565	56	120	251	2	64	0.0312500
NODE_304799_length_145_cov_880.369565	56	120	265	1	64	0.0156250
NODE_304799_length_145_cov_880.369565	56	120	271	1	64	0.0156250
NODE_304799_length_145_cov_880.369565	56	120	277	1	64	0.0156250
NODE_304799_length_145_cov_880.369565	56	120	280	3	64	0.0468750
NODE_304799_length_145_cov_880.369565	56	120	282	1	64	0.0156250
NODE_304799_length_145_cov_880.369565	56	120	292	3	64	0.0468750
NODE_304799_length_145_cov_880.369565	56	120	294	1	64	0.0156250
NODE_304799_length_145_cov_880.369565	56	120	295	43	64	0.6718750
NODE_304799_length_145_cov_880.369565	56	120	213	4	64	0.0625000
NODE_304799_length_145_cov_880.369565	56	120	219	1	64	0.0156250
NODE_304799_length_145_cov_880.369565	56	120	225	1	64	0.0156250
NODE_304799_length_145_cov_880.369565	56	120	231	1	64	0.0156250
NODE_304799_length_145_cov_880.369565	56	120	233	1	64	0.0156250
NODE_304799_length_145_cov_880.369565	56	120	251	2	64	0.0312500
NODE_304799_length_145_cov_880.369565	56	120	265	1	64	0.0156250
NODE_304799_length_145_cov_880.369565	56	120	271	1	64	0.0156250
NODE_304799_length_145_cov_880.369565	56	120	277	1	64	0.0156250
NODE_304799_length_145_cov_880.369565	56	120	280	3	64	0.0468750
NODE_304799_length_145_cov_880.369565	56	120	282	1	64	0.0156250
NODE_304799_length_145_cov_880.369565	56	120	292	3	64	0.0468750
NODE_304799_length_145_cov_880.369565	56	120	294	1	64	0.0156250
NODE_304799_length_145_cov_880.369565	56	120	295	43	64	0.6718750
NODE_304799_length_145_cov_880.369565	93	142	13	1	49	0.0204082
NODE_304799_length_145_cov_880.369565	93	142	38	1	49	0.0204082
NODE_304799_length_145_cov_880.369565	93	142	50	1	49	0.0204082
NODE_304799_length_145_cov_880.369565	93	142	54	1	49	0.0204082
NODE_304799_length_145_cov_880.369565	93	142	61	1	49	0.0204082
NODE_304799_length_145_cov_880.369565	93	142	68	1	49	0.0204082
NODE_304799_length_145_cov_880.369565	93	142	82	1	49	0.0204082
NODE_304799_length_145_cov_880.369565	93	142	88	1	49	0.0204082
NODE_304799_length_145_cov_880.369565	93	142	97	1	49	0.0204082
NODE_304799_length_145_cov_880.369565	93	142	98	1	49	0.0204082
NODE_304799_length_145_cov_880.369565	93	142	110	1	49	0.0204082
NODE_304799_length_145_cov_880.369565	93	142	122	1	49	0.0204082
NODE_304799_length_145_cov_880.369565	93	142	124	1	49	0.0204082
NODE_304799_length_145_cov_880.369565	93	142	139	1	49	0.0204082
NODE_304799_length_145_cov_880.369565	93	142	142	1	49	0.0204082
NODE_304799_length_145_cov_880.369565	93	142	159	1	49	0.0204082
NODE_304799_length_145_cov_880.369565	93	142	171	1	49	0.0204082
NODE_304799_length_145_cov_880.369565	93	142	194	1	49	0.0204082
NODE_304799_length_145_cov_880.369565	93	142	201	1	49	0.0204082
NODE_304799_length_145_cov_880.369565	93	142	205	3	49	0.0612245
NODE_304799_length_145_cov_880.369565	93	142	213	4	49	0.0816327
NODE_304799_length_145_cov_880.369565	93	142	219	1	49	0.0204082
NODE_304799_length_145_cov_880.369565	93	142	225	1	49	0.0204082
NODE_304799_length_145_cov_880.369565	93	142	231	1	49	0.0204082
NODE_304799_length_145_cov_880.369565	93	142	233	1	49	0.0204082
NODE_304799_length_145_cov_880.369565	93	142	251	2	49	0.0408163
NODE_304799_length_145_cov_880.369565	93	142	265	1	49	0.0204082
NODE_304799_length_145_cov_880.369565	93	142	271	1	49	0.0204082
NODE_304799_length_145_cov_880.369565	93	142	277	1	49	0.0204082
NODE_304799_length_145_cov_880.369565	93	142	280	3	49	0.0612245
NODE_304799_length_145_cov_880.369565	93	142	282	1	49	0.0204082
NODE_304799_length_145_cov_880.369565	93	142	292	3	49	0.0612245
NODE_304799_length_145_cov_880.369565	93	142	294	1	49	0.0204082
NODE_304799_length_145_cov_880.369565	93	142	295	6	49	0.1224490
NODE_304923_length_144_cov_46.155556	1	81	4	2	80	0.0250000
NODE_304923_length_144_cov_46.155556	1	81	6	1	80	0.0125000
NODE_304923_length_144_cov_46.155556	1	81	10	1	80	0.0125000
NODE_304923_length_144_cov_46.155556	1	81	11	2	80	0.0250000
NODE_304923_length_144_cov_46.155556	1	81	17	2	80	0.0250000
NODE_304923_length_144_cov_46.155556	1	81	20	8	80	0.1000000
NODE_304923_length_144_cov_46.155556	1	81	22	3	80	0.0375000
NODE_304923_length_144_cov_46.155556	1	81	24	2	80	0.0250000
NODE_304923_length_144_cov_46.155556	1	81	29	1	80	0.0125000
NODE_304923_length_144_cov_46.155556	1	81	30	2	80	0.0250000
NODE_304923_length_144_cov_46.155556	1	81	32	2	80	0.0250000
NODE_304923_length_144_cov_46.155556	1	81	34	4	80	0.0500000
NODE_304923_length_144_cov_46.155556	1	81	36	1	80	0.0125000
NODE_304923_length_144_cov_46.155556	1	81	38	49	80	0.6125000
NODE_305208_length_142_cov_244.488372	0	52	0	7	52	0.1346154
NODE_305208_length_142_cov_244.488372	0	52	4	3	52	0.0576923
NODE_305208_length_142_cov_244.488372	0	52	6	7	52	0.1346154
NODE_305208_length_142_cov_244.488372	0	52	10	6	52	0.1153846
NODE_305208_length_142_cov_244.488372	0	52	12	1	52	0.0192308
NODE_305208_length_142_cov_244.488372	0	52	14	2	52	0.0384615
NODE_305208_length_142_cov_244.488372	0	52	16	6	52	0.1153846
NODE_305208_length_142_cov_244.488372	0	52	18	2	52	0.0384615
NODE_305208_length_142_cov_244.488372	0	52	20	18	52	0.3461539
NODE_305229_length_142_cov_46.976744	1	65	14	8	64	0.1250000
NODE_305229_length_142_cov_46.976744	1	65	16	7	64	0.1093750
NODE_305229_length_142_cov_46.976744	1	65	18	4	64	0.0625000
NODE_305229_length_142_cov_46.976744	1	65	20	1	64	0.0156250
NODE_305229_length_142_cov_46.976744	1	65	22	1	64	0.0156250
NODE_305229_length_142_cov_46.976744	1	65	29	1	64	0.0156250
NODE_305229_length_142_cov_46.976744	1	65	31	3	64	0.0468750
NODE_305229_length_142_cov_46.976744	1	65	33	10	64	0.1562500
NODE_305229_length_142_cov_46.976744	1	65	35	29	64	0.4531250
NODE_305229_length_142_cov_46.976744	1	65	14	8	64	0.1250000
NODE_305229_length_142_cov_46.976744	1	65	16	7	64	0.1093750
NODE_305229_length_142_cov_46.976744	1	65	18	4	64	0.0625000
NODE_305229_length_142_cov_46.976744	1	65	20	1	64	0.0156250
NODE_305229_length_142_cov_46.976744	1	65	22	1	64	0.0156250
NODE_305229_length_142_cov_46.976744	1	65	29	1	64	0.0156250
NODE_305229_length_142_cov_46.976744	1	65	31	3	64	0.0468750
NODE_305229_length_142_cov_46.976744	1	65	33	10	64	0.1562500
NODE_305229_length_142_cov_46.976744	1	65	35	29	64	0.4531250
NODE_305229_length_142_cov_46.976744	1	65	14	8	64	0.1250000
NODE_305229_length_142_cov_46.976744	1	65	16	7	64	0.1093750
NODE_305229_length_142_cov_46.976744	1	65	18	4	64	0.0625000
NODE_305229_length_142_cov_46.976744	1	65	20	1	64	0.0156250
NODE_305229_length_142_cov_46.976744	1	65	22	1	64	0.0156250
NODE_305229_length_142_cov_46.976744	1	65	29	1	64	0.0156250
NODE_305229_length_142_cov_46.976744	1	65	31	3	64	0.0468750
NODE_305229_length_142_cov_46.976744	1	65	33	10	64	0.1562500
NODE_305229_length_142_cov_46.976744	1	65	35	29	64	0.4531250
NODE_305230_length_142_cov_45.000000	0	69	2	3	69	0.0434783
NODE_305230_length_142_cov_45.000000	0	69	3	1	69	0.0144928
NODE_305230_length_142_cov_45.000000	0	69	4	7	69	0.1014493
NODE_305230_length_142_cov_45.000000	0	69	6	6	69	0.0869565
NODE_305230_length_142_cov_45.000000	0	69	8	6	69	0.0869565
NODE_305230_length_142_cov_45.000000	0	69	10	46	69	0.6666667
NODE_305385_length_141_cov_178.785714	58	118	171	1	60	0.0166667
NODE_305385_length_141_cov_178.785714	58	118	173	2	60	0.0333333
NODE_305385_length_141_cov_178.785714	58	118	175	1	60	0.0166667
NODE_305385_length_141_cov_178.785714	58	118	183	3	60	0.0500000
NODE_305385_length_141_cov_178.785714	58	118	187	1	60	0.0166667
NODE_305385_length_141_cov_178.785714	58	118	191	4	60	0.0666667
NODE_305385_length_141_cov_178.785714	58	118	192	5	60	0.0833333
NODE_305385_length_141_cov_178.785714	58	118	193	14	60	0.2333333
NODE_305385_length_141_cov_178.785714	58	118	194	29	60	0.4833333
NODE_305398_length_141_cov_62.285714	26	106	0	80	80	1.0000000
NODE_305398_length_141_cov_62.285714	26	106	0	80	80	1.0000000
NODE_305398_length_141_cov_62.285714	26	97	0	71	71	1.0000000
NODE_305402_length_141_cov_41.142857	26	97	4	71	71	1.0000000
NODE_305600_length_140_cov_60.439024	8	88	0	4	80	0.0500000
NODE_305600_length_140_cov_60.439024	8	88	3	1	80	0.0125000
NODE_305600_length_140_cov_60.439024	8	88	4	8	80	0.1000000
NODE_305600_length_140_cov_60.439024	8	88	12	4	80	0.0500000
NODE_305600_length_140_cov_60.439024	8	88	14	1	80	0.0125000
NODE_305600_length_140_cov_60.439024	8	88	18	1	80	0.0125000
NODE_305600_length_140_cov_60.439024	8	88	22	8	80	0.1000000
NODE_305600_length_140_cov_60.439024	8	88	26	3	80	0.0375000
NODE_305600_length_140_cov_60.439024	8	88	30	1	80	0.0125000
NODE_305600_length_140_cov_60.439024	8	88	32	49	80	0.6125000
NODE_305600_length_140_cov_60.439024	8	88	0	4	80	0.0500000
NODE_305600_length_140_cov_60.439024	8	88	3	1	80	0.0125000
NODE_305600_length_140_cov_60.439024	8	88	4	8	80	0.1000000
NODE_305600_length_140_cov_60.439024	8	88	12	4	80	0.0500000
NODE_305600_length_140_cov_60.439024	8	88	14	1	80	0.0125000
NODE_305600_length_140_cov_60.439024	8	88	18	1	80	0.0125000
NODE_305600_length_140_cov_60.439024	8	88	22	8	80	0.1000000
NODE_305600_length_140_cov_60.439024	8	88	26	3	80	0.0375000
NODE_305600_length_140_cov_60.439024	8	88	30	1	80	0.0125000
NODE_305600_length_140_cov_60.439024	8	88	32	49	80	0.6125000
NODE_305600_length_140_cov_60.439024	8	88	0	4	80	0.0500000
NODE_305600_length_140_cov_60.439024	8	88	3	1	80	0.0125000
NODE_305600_length_140_cov_60.439024	8	88	4	8	80	0.1000000
NODE_305600_length_140_cov_60.439024	8	88	12	4	80	0.0500000
NODE_305600_length_140_cov_60.439024	8	88	14	1	80	0.0125000
NODE_305600_length_140_cov_60.439024	8	88	18	1	80	0.0125000
NODE_305600_length_140_cov_60.439024	8	88	22	8	80	0.1000000
NODE_305600_length_140_cov_60.439024	8	88	26	3	80	0.0375000
NODE_305600_length_140_cov_60.439024	8	88	30	1	80	0.0125000
NODE_305600_length_140_cov_60.439024	8	88	32	49	80	0.6125000
NODE_305600_length_140_cov_60.439024	8	88	0	4	80	0.0500000
NODE_305600_length_140_cov_60.439024	8	88	3	1	80	0.0125000
NODE_305600_length_140_cov_60.439024	8	88	4	8	80	0.1000000
NODE_305600_length_140_cov_60.439024	8	88	12	4	80	0.0500000
NODE_305600_length_140_cov_60.439024	8	88	14	1	80	0.0125000
NODE_305600_length_140_cov_60.439024	8	88	18	1	80	0.0125000
NODE_305600_length_140_cov_60.439024	8	88	22	8	80	0.1000000
NODE_305600_length_140_cov_60.439024	8	88	26	3	80	0.0375000
NODE_305600_length_140_cov_60.439024	8	88	30	1	80	0.0125000
NODE_305600_length_140_cov_60.439024	8	88	32	49	80	0.6125000
NODE_305600_length_140_cov_60.439024	8	88	0	4	80	0.0500000
NODE_305600_length_140_cov_60.439024	8	88	3	1	80	0.0125000
NODE_305600_length_140_cov_60.439024	8	88	4	8	80	0.1000000
NODE_305600_length_140_cov_60.439024	8	88	12	4	80	0.0500000
NODE_305600_length_140_cov_60.439024	8	88	14	1	80	0.0125000
NODE_305600_length_140_cov_60.439024	8	88	18	1	80	0.0125000
NODE_305600_length_140_cov_60.439024	8	88	22	8	80	0.1000000
NODE_305600_length_140_cov_60.439024	8	88	26	3	80	0.0375000
NODE_305600_length_140_cov_60.439024	8	88	30	1	80	0.0125000
NODE_305600_length_140_cov_60.439024	8	88	32	49	80	0.6125000
NODE_305616_length_140_cov_35.146341	22	102	0	80	80	1.0000000
NODE_305616_length_140_cov_35.146341	75	105	0	30	30	1.0000000
NODE_305618_length_140_cov_34.048780	0	77	0	32	77	0.4155844
NODE_305618_length_140_cov_34.048780	0	77	2	45	77	0.5844156
NODE_305618_length_140_cov_34.048780	0	77	0	32	77	0.4155844
NODE_305618_length_140_cov_34.048780	0	77	2	45	77	0.5844156
NODE_305618_length_140_cov_34.048780	50	130	0	17	80	0.2125000
NODE_305618_length_140_cov_34.048780	50	130	2	63	80	0.7875000
NODE_305618_length_140_cov_34.048780	50	130	0	17	80	0.2125000
NODE_305618_length_140_cov_34.048780	50	130	2	63	80	0.7875000
NODE_305618_length_140_cov_34.048780	55	130	0	17	75	0.2266667
NODE_305618_length_140_cov_34.048780	55	130	2	58	75	0.7733333
NODE_305619_length_140_cov_19.926829	44	118	0	74	74	1.0000000
NODE_305783_length_139_cov_29.700000	0	40	0	7	40	0.1750000
NODE_305783_length_139_cov_29.700000	0	40	2	7	40	0.1750000
NODE_305783_length_139_cov_29.700000	0	40	4	26	40	0.6500000
NODE_305783_length_139_cov_29.700000	0	40	0	7	40	0.1750000
NODE_305783_length_139_cov_29.700000	0	40	2	7	40	0.1750000
NODE_305783_length_139_cov_29.700000	0	40	4	26	40	0.6500000
NODE_305783_length_139_cov_29.700000	13	93	2	1	80	0.0125000
NODE_305783_length_139_cov_29.700000	13	93	4	79	80	0.9875000
NODE_305783_length_139_cov_29.700000	13	93	2	1	80	0.0125000
NODE_305783_length_139_cov_29.700000	13	93	4	79	80	0.9875000
NODE_305783_length_139_cov_29.700000	13	93	2	1	80	0.0125000
NODE_305783_length_139_cov_29.700000	13	93	4	79	80	0.9875000
NODE_305783_length_139_cov_29.700000	13	93	2	1	80	0.0125000
NODE_305783_length_139_cov_29.700000	13	93	4	79	80	0.9875000
NODE_305783_length_139_cov_29.700000	13	93	2	1	80	0.0125000
NODE_305783_length_139_cov_29.700000	13	93	4	79	80	0.9875000
NODE_305783_length_139_cov_29.700000	13	84	2	1	71	0.0140845
NODE_305783_length_139_cov_29.700000	13	84	4	70	71	0.9859155
NODE_305936_length_138_cov_1475.615385	30	97	98	1	67	0.0149254
NODE_305936_length_138_cov_1475.615385	30	97	102	2	67	0.0298507
NODE_305936_length_138_cov_1475.615385	30	97	106	1	67	0.0149254
NODE_305936_length_138_cov_1475.615385	30	97	110	1	67	0.0149254
NODE_305936_length_138_cov_1475.615385	30	97	112	1	67	0.0149254
NODE_305936_length_138_cov_1475.615385	30	97	118	3	67	0.0447761
NODE_305936_length_138_cov_1475.615385	30	97	119	3	67	0.0447761
NODE_305936_length_138_cov_1475.615385	30	97	120	25	67	0.3731343
NODE_305936_length_138_cov_1475.615385	30	97	121	30	67	0.4477612
NODE_305936_length_138_cov_1475.615385	70	138	41	1	68	0.0147059
NODE_305936_length_138_cov_1475.615385	70	138	43	1	68	0.0147059
NODE_305936_length_138_cov_1475.615385	70	138	49	2	68	0.0294118
NODE_305936_length_138_cov_1475.615385	70	138	60	2	68	0.0294118
NODE_305936_length_138_cov_1475.615385	70	138	67	2	68	0.0294118
NODE_305936_length_138_cov_1475.615385	70	138	73	1	68	0.0147059
NODE_305936_length_138_cov_1475.615385	70	138	75	1	68	0.0147059
NODE_305936_length_138_cov_1475.615385	70	138	79	1	68	0.0147059
NODE_305936_length_138_cov_1475.615385	70	138	81	2	68	0.0294118
NODE_305936_length_138_cov_1475.615385	70	138	83	1	68	0.0147059
NODE_305936_length_138_cov_1475.615385	70	138	95	3	68	0.0441176
NODE_305936_length_138_cov_1475.615385	70	138	96	2	68	0.0294118
NODE_305936_length_138_cov_1475.615385	70	138	98	3	68	0.0441176
NODE_305936_length_138_cov_1475.615385	70	138	102	4	68	0.0588235
NODE_305936_length_138_cov_1475.615385	70	138	104	4	68	0.0588235
NODE_305936_length_138_cov_1475.615385	70	138	108	1	68	0.0147059
NODE_305936_length_138_cov_1475.615385	70	138	116	4	68	0.0588235
NODE_305936_length_138_cov_1475.615385	70	138	118	9	68	0.1323529
NODE_305936_length_138_cov_1475.615385	70	138	119	3	68	0.0441176
NODE_305936_length_138_cov_1475.615385	70	138	120	4	68	0.0588235
NODE_305936_length_138_cov_1475.615385	70	138	121	17	68	0.2500000
NODE_305963_length_138_cov_29.564103	11	91	12	4	80	0.0500000
NODE_305963_length_138_cov_29.564103	11	91	20	76	80	0.9500000
NODE_305963_length_138_cov_29.564103	11	91	12	4	80	0.0500000
NODE_305963_length_138_cov_29.564103	11	91	20	76	80	0.9500000
NODE_305963_length_138_cov_29.564103	64	128	12	5	64	0.0781250
NODE_305963_length_138_cov_29.564103	64	128	19	1	64	0.0156250
NODE_305963_length_138_cov_29.564103	64	128	20	58	64	0.9062500
NODE_305963_length_138_cov_29.564103	64	128	12	5	64	0.0781250
NODE_305963_length_138_cov_29.564103	64	128	19	1	64	0.0156250
NODE_305963_length_138_cov_29.564103	64	128	20	58	64	0.9062500
NODE_306081_length_137_cov_185.684211	20	104	18	7	84	0.0833333
NODE_306081_length_137_cov_185.684211	20	104	20	3	84	0.0357143
NODE_306081_length_137_cov_185.684211	20	104	22	74	84	0.8809524
NODE_306092_length_137_cov_58.289474	76	106	54	1	30	0.0333333
NODE_306092_length_137_cov_58.289474	76	106	56	1	30	0.0333333
NODE_306092_length_137_cov_58.289474	76	106	62	3	30	0.1000000
NODE_306092_length_137_cov_58.289474	76	106	64	25	30	0.8333333
NODE_306099_length_137_cov_36.473684	31	111	17	6	80	0.0750000
NODE_306099_length_137_cov_36.473684	31	111	21	74	80	0.9250000
NODE_306208_length_136_cov_1257.621622	27	107	72	1	80	0.0125000
NODE_306208_length_136_cov_1257.621622	27	107	80	1	80	0.0125000
NODE_306208_length_136_cov_1257.621622	27	107	82	2	80	0.0250000
NODE_306208_length_136_cov_1257.621622	27	107	83	1	80	0.0125000
NODE_306208_length_136_cov_1257.621622	27	107	84	75	80	0.9375000
NODE_306209_length_136_cov_769.594595	0	69	2	9	69	0.1304348
NODE_306209_length_136_cov_769.594595	0	69	6	11	69	0.1594203
NODE_306209_length_136_cov_769.594595	0	69	8	4	69	0.0579710
NODE_306209_length_136_cov_769.594595	0	69	9	1	69	0.0144928
NODE_306209_length_136_cov_769.594595	0	69	10	44	69	0.6376812
NODE_306222_length_136_cov_128.324324	39	119	3	11	80	0.1375000
NODE_306222_length_136_cov_128.324324	39	119	4	69	80	0.8625000
NODE_306227_length_136_cov_90.783784	10	86	0	76	76	1.0000000
NODE_306227_length_136_cov_90.783784	59	136	0	77	77	1.0000000
NODE_306368_length_135_cov_2144.166667	0	73	54	1	73	0.0136986
NODE_306368_length_135_cov_2144.166667	0	73	64	1	73	0.0136986
NODE_306368_length_135_cov_2144.166667	0	73	66	1	73	0.0136986
NODE_306368_length_135_cov_2144.166667	0	73	86	2	73	0.0273973
NODE_306368_length_135_cov_2144.166667	0	73	98	1	73	0.0136986
NODE_306368_length_135_cov_2144.166667	0	73	103	1	73	0.0136986
NODE_306368_length_135_cov_2144.166667	0	73	108	1	73	0.0136986
NODE_306368_length_135_cov_2144.166667	0	73	118	1	73	0.0136986
NODE_306368_length_135_cov_2144.166667	0	73	120	1	73	0.0136986
NODE_306368_length_135_cov_2144.166667	0	73	122	1	73	0.0136986
NODE_306368_length_135_cov_2144.166667	0	73	134	1	73	0.0136986
NODE_306368_length_135_cov_2144.166667	0	73	136	2	73	0.0273973
NODE_306368_length_135_cov_2144.166667	0	73	142	1	73	0.0136986
NODE_306368_length_135_cov_2144.166667	0	73	148	1	73	0.0136986
NODE_306368_length_135_cov_2144.166667	0	73	168	1	73	0.0136986
NODE_306368_length_135_cov_2144.166667	0	73	170	1	73	0.0136986
NODE_306368_length_135_cov_2144.166667	0	73	174	1	73	0.0136986
NODE_306368_length_135_cov_2144.166667	0	73	176	2	73	0.0273973
NODE_306368_length_135_cov_2144.166667	0	73	179	1	73	0.0136986
NODE_306368_length_135_cov_2144.166667	0	73	189	1	73	0.0136986
NODE_306368_length_135_cov_2144.166667	0	73	191	1	73	0.0136986
NODE_306368_length_135_cov_2144.166667	0	73	195	1	73	0.0136986
NODE_306368_length_135_cov_2144.166667	0	73	199	2	73	0.0273973
NODE_306368_length_135_cov_2144.166667	0	73	201	2	73	0.0273973
NODE_306368_length_135_cov_2144.166667	0	73	203	1	73	0.0136986
NODE_306368_length_135_cov_2144.166667	0	73	207	1	73	0.0136986
NODE_306368_length_135_cov_2144.166667	0	73	209	2	73	0.0273973
NODE_306368_length_135_cov_2144.166667	0	73	219	40	73	0.5479452
NODE_306368_length_135_cov_2144.166667	46	126	65	2	80	0.0250000
NODE_306368_length_135_cov_2144.166667	46	126	69	2	80	0.0250000
NODE_306368_length_135_cov_2144.166667	46	126	77	1	80	0.0125000
NODE_306368_length_135_cov_2144.166667	46	126	82	1	80	0.0125000
NODE_306368_length_135_cov_2144.166667	46	126	91	1	80	0.0125000
NODE_306368_length_135_cov_2144.166667	46	126	97	1	80	0.0125000
NODE_306368_length_135_cov_2144.166667	46	126	113	1	80	0.0125000
NODE_306368_length_135_cov_2144.166667	46	126	121	1	80	0.0125000
NODE_306368_length_135_cov_2144.166667	46	126	135	1	80	0.0125000
NODE_306368_length_135_cov_2144.166667	46	126	145	1	80	0.0125000
NODE_306368_length_135_cov_2144.166667	46	126	150	1	80	0.0125000
NODE_306368_length_135_cov_2144.166667	46	126	161	1	80	0.0125000
NODE_306368_length_135_cov_2144.166667	46	126	171	2	80	0.0250000
NODE_306368_length_135_cov_2144.166667	46	126	189	1	80	0.0125000
NODE_306368_length_135_cov_2144.166667	46	126	199	1	80	0.0125000
NODE_306368_length_135_cov_2144.166667	46	126	201	2	80	0.0250000
NODE_306368_length_135_cov_2144.166667	46	126	203	1	80	0.0125000
NODE_306368_length_135_cov_2144.166667	46	126	205	2	80	0.0250000
NODE_306368_length_135_cov_2144.166667	46	126	219	57	80	0.7125000
NODE_306368_length_135_cov_2144.166667	83	135	10	1	52	0.0192308
NODE_306368_length_135_cov_2144.166667	83	135	12	1	52	0.0192308
NODE_306368_length_135_cov_2144.166667	83	135	40	1	52	0.0192308
NODE_306368_length_135_cov_2144.166667	83	135	46	1	52	0.0192308
NODE_306368_length_135_cov_2144.166667	83	135	51	1	52	0.0192308
NODE_306368_length_135_cov_2144.166667	83	135	53	1	52	0.0192308
NODE_306368_length_135_cov_2144.166667	83	135	55	1	52	0.0192308
NODE_306368_length_135_cov_2144.166667	83	135	57	1	52	0.0192308
NODE_306368_length_135_cov_2144.166667	83	135	59	1	52	0.0192308
NODE_306368_length_135_cov_2144.166667	83	135	65	2	52	0.0384615
NODE_306368_length_135_cov_2144.166667	83	135	69	2	52	0.0384615
NODE_306368_length_135_cov_2144.166667	83	135	77	1	52	0.0192308
NODE_306368_length_135_cov_2144.166667	83	135	82	1	52	0.0192308
NODE_306368_length_135_cov_2144.166667	83	135	91	1	52	0.0192308
NODE_306368_length_135_cov_2144.166667	83	135	97	1	52	0.0192308
NODE_306368_length_135_cov_2144.166667	83	135	113	1	52	0.0192308
NODE_306368_length_135_cov_2144.166667	83	135	121	1	52	0.0192308
NODE_306368_length_135_cov_2144.166667	83	135	135	1	52	0.0192308
NODE_306368_length_135_cov_2144.166667	83	135	145	1	52	0.0192308
NODE_306368_length_135_cov_2144.166667	83	135	150	1	52	0.0192308
NODE_306368_length_135_cov_2144.166667	83	135	161	1	52	0.0192308
NODE_306368_length_135_cov_2144.166667	83	135	171	2	52	0.0384615
NODE_306368_length_135_cov_2144.166667	83	135	189	1	52	0.0192308
NODE_306368_length_135_cov_2144.166667	83	135	199	1	52	0.0192308
NODE_306368_length_135_cov_2144.166667	83	135	201	2	52	0.0384615
NODE_306368_length_135_cov_2144.166667	83	135	203	1	52	0.0192308
NODE_306368_length_135_cov_2144.166667	83	135	205	2	52	0.0384615
NODE_306368_length_135_cov_2144.166667	83	135	219	20	52	0.3846154
NODE_306370_length_135_cov_630.194444	0	76	10	3	76	0.0394737
NODE_306370_length_135_cov_630.194444	0	76	14	1	76	0.0131579
NODE_306370_length_135_cov_630.194444	0	76	16	2	76	0.0263158
NODE_306370_length_135_cov_630.194444	0	76	20	1	76	0.0131579
NODE_306370_length_135_cov_630.194444	0	76	22	1	76	0.0131579
NODE_306370_length_135_cov_630.194444	0	76	24	1	76	0.0131579
NODE_306370_length_135_cov_630.194444	0	76	28	1	76	0.0131579
NODE_306370_length_135_cov_630.194444	0	76	32	1	76	0.0131579
NODE_306370_length_135_cov_630.194444	0	76	34	4	76	0.0526316
NODE_306370_length_135_cov_630.194444	0	76	36	1	76	0.0131579
NODE_306370_length_135_cov_630.194444	0	76	38	2	76	0.0263158
NODE_306370_length_135_cov_630.194444	0	76	40	1	76	0.0131579
NODE_306370_length_135_cov_630.194444	0	76	42	2	76	0.0263158
NODE_306370_length_135_cov_630.194444	0	76	46	2	76	0.0263158
NODE_306370_length_135_cov_630.194444	0	76	48	5	76	0.0657895
NODE_306370_length_135_cov_630.194444	0	76	50	3	76	0.0394737
NODE_306370_length_135_cov_630.194444	0	76	52	45	76	0.5921053
NODE_306371_length_135_cov_540.611111	0	76	10	3	76	0.0394737
NODE_306371_length_135_cov_540.611111	0	76	18	1	76	0.0131579
NODE_306371_length_135_cov_540.611111	0	76	20	2	76	0.0263158
NODE_306371_length_135_cov_540.611111	0	76	26	5	76	0.0657895
NODE_306371_length_135_cov_540.611111	0	76	29	2	76	0.0263158
NODE_306371_length_135_cov_540.611111	0	76	44	2	76	0.0263158
NODE_306371_length_135_cov_540.611111	0	76	48	1	76	0.0131579
NODE_306371_length_135_cov_540.611111	0	76	50	3	76	0.0394737
NODE_306371_length_135_cov_540.611111	0	76	52	2	76	0.0263158
NODE_306371_length_135_cov_540.611111	0	76	56	4	76	0.0526316
NODE_306371_length_135_cov_540.611111	0	76	58	1	76	0.0131579
NODE_306371_length_135_cov_540.611111	0	76	64	1	76	0.0131579
NODE_306371_length_135_cov_540.611111	0	76	66	1	76	0.0131579
NODE_306371_length_135_cov_540.611111	0	76	70	48	76	0.6315789
NODE_306373_length_135_cov_257.416667	36	88	38	52	52	1.0000000
NODE_306374_length_135_cov_239.638889	97	135	2	1	38	0.0263158
NODE_306374_length_135_cov_239.638889	97	135	4	1	38	0.0263158
NODE_306374_length_135_cov_239.638889	97	135	6	3	38	0.0789474
NODE_306374_length_135_cov_239.638889	97	135	10	2	38	0.0526316
NODE_306374_length_135_cov_239.638889	97	135	14	1	38	0.0263158
NODE_306374_length_135_cov_239.638889	97	135	16	1	38	0.0263158
NODE_306374_length_135_cov_239.638889	97	135	32	3	38	0.0789474
NODE_306374_length_135_cov_239.638889	97	135	34	1	38	0.0263158
NODE_306374_length_135_cov_239.638889	97	135	40	1	38	0.0263158
NODE_306374_length_135_cov_239.638889	97	135	42	1	38	0.0263158
NODE_306374_length_135_cov_239.638889	97	135	44	1	38	0.0263158
NODE_306374_length_135_cov_239.638889	97	135	46	1	38	0.0263158
NODE_306374_length_135_cov_239.638889	97	135	50	1	38	0.0263158
NODE_306374_length_135_cov_239.638889	97	135	54	3	38	0.0789474
NODE_306374_length_135_cov_239.638889	97	135	58	1	38	0.0263158
NODE_306374_length_135_cov_239.638889	97	135	70	1	38	0.0263158
NODE_306374_length_135_cov_239.638889	97	135	74	1	38	0.0263158
NODE_306374_length_135_cov_239.638889	97	135	78	1	38	0.0263158
NODE_306374_length_135_cov_239.638889	97	135	82	2	38	0.0526316
NODE_306374_length_135_cov_239.638889	97	135	84	2	38	0.0526316
NODE_306374_length_135_cov_239.638889	97	135	86	9	38	0.2368421
NODE_306400_length_135_cov_35.055556	8	88	0	1	80	0.0125000
NODE_306400_length_135_cov_35.055556	8	88	2	16	80	0.2000000
NODE_306400_length_135_cov_35.055556	8	88	4	5	80	0.0625000
NODE_306400_length_135_cov_35.055556	8	88	10	58	80	0.7250000
NODE_306400_length_135_cov_35.055556	61	125	6	5	64	0.0781250
NODE_306400_length_135_cov_35.055556	61	125	8	10	64	0.1562500
NODE_306400_length_135_cov_35.055556	61	125	10	49	64	0.7656250
NODE_306400_length_135_cov_35.055556	61	125	6	5	64	0.0781250
NODE_306400_length_135_cov_35.055556	61	125	8	10	64	0.1562500
NODE_306400_length_135_cov_35.055556	61	125	10	49	64	0.7656250
NODE_306402_length_135_cov_31.805556	0	76	0	3	76	0.0394737
NODE_306402_length_135_cov_31.805556	0	76	2	1	76	0.0131579
NODE_306402_length_135_cov_31.805556	0	76	4	72	76	0.9473684
NODE_306658_length_133_cov_140.411765	8	43	2	7	35	0.2000000
NODE_306658_length_133_cov_140.411765	8	43	4	9	35	0.2571429
NODE_306658_length_133_cov_140.411765	8	43	6	19	35	0.5428572
NODE_306658_length_133_cov_140.411765	53	88	6	35	35	1.0000000
NODE_306658_length_133_cov_140.411765	98	133	0	1	35	0.0285714
NODE_306658_length_133_cov_140.411765	98	133	2	5	35	0.1428571
NODE_306658_length_133_cov_140.411765	98	133	4	4	35	0.1142857
NODE_306658_length_133_cov_140.411765	98	133	6	25	35	0.7142857
NODE_306661_length_133_cov_109.441176	63	129	12	1	66	0.0151515
NODE_306661_length_133_cov_109.441176	63	129	14	2	66	0.0303030
NODE_306661_length_133_cov_109.441176	63	129	16	4	66	0.0606061
NODE_306661_length_133_cov_109.441176	63	129	19	9	66	0.1363636
NODE_306661_length_133_cov_109.441176	63	129	21	4	66	0.0606061
NODE_306661_length_133_cov_109.441176	63	129	23	2	66	0.0303030
NODE_306661_length_133_cov_109.441176	63	129	25	3	66	0.0454545
NODE_306661_length_133_cov_109.441176	63	129	26	41	66	0.6212121
NODE_306812_length_132_cov_114.151515	2	44	0	19	42	0.4523810
NODE_306812_length_132_cov_114.151515	2	44	2	2	42	0.0476190
NODE_306812_length_132_cov_114.151515	2	44	4	21	42	0.5000000
NODE_306812_length_132_cov_114.151515	4	44	0	17	40	0.4250000
NODE_306812_length_132_cov_114.151515	4	44	2	2	40	0.0500000
NODE_306812_length_132_cov_114.151515	4	44	4	21	40	0.5250000
NODE_306812_length_132_cov_114.151515	17	83	0	4	66	0.0606061
NODE_306812_length_132_cov_114.151515	17	83	2	2	66	0.0303030
NODE_306812_length_132_cov_114.151515	17	83	4	60	66	0.9090909
NODE_306812_length_132_cov_114.151515	17	88	0	4	71	0.0563380
NODE_306812_length_132_cov_114.151515	17	88	2	2	71	0.0281690
NODE_306812_length_132_cov_114.151515	17	88	4	65	71	0.9154930
NODE_306824_length_132_cov_61.636364	3	76	6	5	73	0.0684932
NODE_306824_length_132_cov_61.636364	3	76	8	9	73	0.1232877
NODE_306824_length_132_cov_61.636364	3	76	12	2	73	0.0273973
NODE_306824_length_132_cov_61.636364	3	76	22	1	73	0.0136986
NODE_306824_length_132_cov_61.636364	3	76	24	1	73	0.0136986
NODE_306824_length_132_cov_61.636364	3	76	26	2	73	0.0273973
NODE_306824_length_132_cov_61.636364	3	76	28	1	73	0.0136986
NODE_306824_length_132_cov_61.636364	3	76	32	1	73	0.0136986
NODE_306824_length_132_cov_61.636364	3	76	38	51	73	0.6986302
NODE_306824_length_132_cov_61.636364	49	130	2	1	81	0.0123457
NODE_306824_length_132_cov_61.636364	49	130	6	2	81	0.0246914
NODE_306824_length_132_cov_61.636364	49	130	10	1	81	0.0123457
NODE_306824_length_132_cov_61.636364	49	130	12	2	81	0.0246914
NODE_306824_length_132_cov_61.636364	49	130	28	1	81	0.0123457
NODE_306824_length_132_cov_61.636364	49	130	30	1	81	0.0123457
NODE_306824_length_132_cov_61.636364	49	130	32	3	81	0.0370370
NODE_306824_length_132_cov_61.636364	49	130	34	1	81	0.0123457
NODE_306824_length_132_cov_61.636364	49	130	36	8	81	0.0987654
NODE_306824_length_132_cov_61.636364	49	130	38	61	81	0.7530864
NODE_306824_length_132_cov_61.636364	103	125	12	1	22	0.0454545
NODE_306824_length_132_cov_61.636364	103	125	28	1	22	0.0454545
NODE_306824_length_132_cov_61.636364	103	125	30	1	22	0.0454545
NODE_306824_length_132_cov_61.636364	103	125	32	3	22	0.1363636
NODE_306824_length_132_cov_61.636364	103	125	34	1	22	0.0454545
NODE_306824_length_132_cov_61.636364	103	125	36	8	22	0.3636364
NODE_306824_length_132_cov_61.636364	103	125	38	7	22	0.3181818
NODE_306834_length_132_cov_33.393939	2	83	0	81	81	1.0000000
NODE_306834_length_132_cov_33.393939	7	29	0	22	22	1.0000000
NODE_306834_length_132_cov_33.393939	56	129	0	73	73	1.0000000
NODE_306965_length_131_cov_810.000000	0	60	18	1	60	0.0166667
NODE_306965_length_131_cov_810.000000	0	60	33	1	60	0.0166667
NODE_306965_length_131_cov_810.000000	0	60	35	1	60	0.0166667
NODE_306965_length_131_cov_810.000000	0	60	45	1	60	0.0166667
NODE_306965_length_131_cov_810.000000	0	60	55	1	60	0.0166667
NODE_306965_length_131_cov_810.000000	0	60	65	1	60	0.0166667
NODE_306965_length_131_cov_810.000000	0	60	67	1	60	0.0166667
NODE_306965_length_131_cov_810.000000	0	60	72	1	60	0.0166667
NODE_306965_length_131_cov_810.000000	0	60	81	1	60	0.0166667
NODE_306965_length_131_cov_810.000000	0	60	83	1	60	0.0166667
NODE_306965_length_131_cov_810.000000	0	60	87	1	60	0.0166667
NODE_306965_length_131_cov_810.000000	0	60	93	1	60	0.0166667
NODE_306965_length_131_cov_810.000000	0	60	95	1	60	0.0166667
NODE_306965_length_131_cov_810.000000	0	60	99	1	60	0.0166667
NODE_306965_length_131_cov_810.000000	0	60	109	1	60	0.0166667
NODE_306965_length_131_cov_810.000000	0	60	112	1	60	0.0166667
NODE_306965_length_131_cov_810.000000	0	60	113	1	60	0.0166667
NODE_306965_length_131_cov_810.000000	0	60	119	1	60	0.0166667
NODE_306965_length_131_cov_810.000000	0	60	120	2	60	0.0333333
NODE_306965_length_131_cov_810.000000	0	60	126	1	60	0.0166667
NODE_306965_length_131_cov_810.000000	0	60	128	1	60	0.0166667
NODE_306965_length_131_cov_810.000000	0	60	143	1	60	0.0166667
NODE_306965_length_131_cov_810.000000	0	60	150	1	60	0.0166667
NODE_306965_length_131_cov_810.000000	0	60	157	1	60	0.0166667
NODE_306965_length_131_cov_810.000000	0	60	159	1	60	0.0166667
NODE_306965_length_131_cov_810.000000	0	60	167	1	60	0.0166667
NODE_306965_length_131_cov_810.000000	0	60	169	1	60	0.0166667
NODE_306965_length_131_cov_810.000000	0	60	171	1	60	0.0166667
NODE_306965_length_131_cov_810.000000	0	60	173	6	60	0.1000000
NODE_306965_length_131_cov_810.000000	0	60	174	25	60	0.4166667
NODE_306965_length_131_cov_810.000000	33	97	173	2	64	0.0312500
NODE_306965_length_131_cov_810.000000	33	97	174	62	64	0.9687500
NODE_306965_length_131_cov_810.000000	33	97	173	2	64	0.0312500
NODE_306965_length_131_cov_810.000000	33	97	174	62	64	0.9687500
NODE_306965_length_131_cov_810.000000	33	97	173	2	64	0.0312500
NODE_306965_length_131_cov_810.000000	33	97	174	62	64	0.9687500
NODE_306985_length_131_cov_149.187500	25	105	80	1	80	0.0125000
NODE_306985_length_131_cov_149.187500	25	105	82	1	80	0.0125000
NODE_306985_length_131_cov_149.187500	25	105	88	30	80	0.3750000
NODE_306985_length_131_cov_149.187500	25	105	89	3	80	0.0375000
NODE_306985_length_131_cov_149.187500	25	105	90	45	80	0.5625000
NODE_306985_length_131_cov_149.187500	78	131	8	1	53	0.0188679
NODE_306985_length_131_cov_149.187500	78	131	14	1	53	0.0188679
NODE_306985_length_131_cov_149.187500	78	131	16	1	53	0.0188679
NODE_306985_length_131_cov_149.187500	78	131	22	1	53	0.0188679
NODE_306985_length_131_cov_149.187500	78	131	34	1	53	0.0188679
NODE_306985_length_131_cov_149.187500	78	131	38	3	53	0.0566038
NODE_306985_length_131_cov_149.187500	78	131	40	1	53	0.0188679
NODE_306985_length_131_cov_149.187500	78	131	46	1	53	0.0188679
NODE_306985_length_131_cov_149.187500	78	131	54	1	53	0.0188679
NODE_306985_length_131_cov_149.187500	78	131	60	2	53	0.0377358
NODE_306985_length_131_cov_149.187500	78	131	68	1	53	0.0188679
NODE_306985_length_131_cov_149.187500	78	131	70	2	53	0.0377358
NODE_306985_length_131_cov_149.187500	78	131	71	1	53	0.0188679
NODE_306985_length_131_cov_149.187500	78	131	75	1	53	0.0188679
NODE_306985_length_131_cov_149.187500	78	131	77	1	53	0.0188679
NODE_306985_length_131_cov_149.187500	78	131	86	5	53	0.0943396
NODE_306985_length_131_cov_149.187500	78	131	88	29	53	0.5471698
NODE_307121_length_130_cov_319.806452	54	126	8	3	72	0.0416667
NODE_307121_length_130_cov_319.806452	54	126	10	2	72	0.0277778
NODE_307121_length_130_cov_319.806452	54	126	12	4	72	0.0555556
NODE_307121_length_130_cov_319.806452	54	126	16	1	72	0.0138889
NODE_307121_length_130_cov_319.806452	54	126	18	2	72	0.0277778
NODE_307121_length_130_cov_319.806452	54	126	22	7	72	0.0972222
NODE_307121_length_130_cov_319.806452	54	126	24	2	72	0.0277778
NODE_307121_length_130_cov_319.806452	54	126	30	1	72	0.0138889
NODE_307121_length_130_cov_319.806452	54	126	32	1	72	0.0138889
NODE_307121_length_130_cov_319.806452	54	126	38	49	72	0.6805556
NODE_307132_length_130_cov_153.516129	82	113	8	1	31	0.0322581
NODE_307132_length_130_cov_153.516129	82	113	10	30	31	0.9677419
NODE_307140_length_130_cov_79.064516	0	53	2	2	53	0.0377358
NODE_307140_length_130_cov_79.064516	0	53	4	9	53	0.1698113
NODE_307140_length_130_cov_79.064516	0	53	7	1	53	0.0188679
NODE_307140_length_130_cov_79.064516	0	53	8	1	53	0.0188679
NODE_307140_length_130_cov_79.064516	0	53	9	1	53	0.0188679
NODE_307140_length_130_cov_79.064516	0	53	10	2	53	0.0377358
NODE_307140_length_130_cov_79.064516	0	53	16	1	53	0.0188679
NODE_307140_length_130_cov_79.064516	0	53	20	36	53	0.6792453
NODE_307140_length_130_cov_79.064516	26	56	20	30	30	1.0000000
NODE_307270_length_129_cov_1851.133333	0	45	0	1	45	0.0222222
NODE_307270_length_129_cov_1851.133333	0	45	2	5	45	0.1111111
NODE_307270_length_129_cov_1851.133333	0	45	4	2	45	0.0444444
NODE_307270_length_129_cov_1851.133333	0	45	6	1	45	0.0222222
NODE_307270_length_129_cov_1851.133333	0	45	8	2	45	0.0444444
NODE_307270_length_129_cov_1851.133333	0	45	14	1	45	0.0222222
NODE_307270_length_129_cov_1851.133333	0	45	18	1	45	0.0222222
NODE_307270_length_129_cov_1851.133333	0	45	24	2	45	0.0444444
NODE_307270_length_129_cov_1851.133333	0	45	26	3	45	0.0666667
NODE_307270_length_129_cov_1851.133333	0	45	30	1	45	0.0222222
NODE_307270_length_129_cov_1851.133333	0	45	36	1	45	0.0222222
NODE_307270_length_129_cov_1851.133333	0	45	40	4	45	0.0888889
NODE_307270_length_129_cov_1851.133333	0	45	42	21	45	0.4666667
NODE_307270_length_129_cov_1851.133333	18	98	30	1	80	0.0125000
NODE_307270_length_129_cov_1851.133333	18	98	36	1	80	0.0125000
NODE_307270_length_129_cov_1851.133333	18	98	40	4	80	0.0500000
NODE_307270_length_129_cov_1851.133333	18	98	42	74	80	0.9250000
NODE_307285_length_129_cov_186.500000	0	78	0	2	78	0.0256410
NODE_307285_length_129_cov_186.500000	0	78	2	1	78	0.0128205
NODE_307285_length_129_cov_186.500000	0	78	6	1	78	0.0128205
NODE_307285_length_129_cov_186.500000	0	78	12	1	78	0.0128205
NODE_307285_length_129_cov_186.500000	0	78	14	3	78	0.0384615
NODE_307285_length_129_cov_186.500000	0	78	16	2	78	0.0256410
NODE_307285_length_129_cov_186.500000	0	78	18	1	78	0.0128205
NODE_307285_length_129_cov_186.500000	0	78	20	5	78	0.0641026
NODE_307285_length_129_cov_186.500000	0	78	22	3	78	0.0384615
NODE_307285_length_129_cov_186.500000	0	78	30	4	78	0.0512821
NODE_307285_length_129_cov_186.500000	0	78	32	3	78	0.0384615
NODE_307285_length_129_cov_186.500000	0	78	34	52	78	0.6666667
NODE_307285_length_129_cov_186.500000	53	129	10	1	76	0.0131579
NODE_307285_length_129_cov_186.500000	53	129	12	3	76	0.0394737
NODE_307285_length_129_cov_186.500000	53	129	14	2	76	0.0263158
NODE_307285_length_129_cov_186.500000	53	129	18	1	76	0.0131579
NODE_307285_length_129_cov_186.500000	53	129	22	1	76	0.0131579
NODE_307285_length_129_cov_186.500000	53	129	26	1	76	0.0131579
NODE_307285_length_129_cov_186.500000	53	129	28	4	76	0.0526316
NODE_307285_length_129_cov_186.500000	53	129	30	5	76	0.0657895
NODE_307285_length_129_cov_186.500000	53	129	32	6	76	0.0789474
NODE_307285_length_129_cov_186.500000	53	129	34	52	76	0.6842105
NODE_307287_length_129_cov_165.466667	36	111	4	7	75	0.0933333
NODE_307287_length_129_cov_165.466667	36	111	6	68	75	0.9066667
NODE_307287_length_129_cov_165.466667	84	113	4	9	29	0.3103448
NODE_307287_length_129_cov_165.466667	84	113	6	20	29	0.6896552
NODE_307292_length_129_cov_90.366667	0	48	6	3	48	0.0625000
NODE_307292_length_129_cov_90.366667	0	48	8	4	48	0.0833333
NODE_307292_length_129_cov_90.366667	0	48	20	5	48	0.1041667
NODE_307292_length_129_cov_90.366667	0	48	24	4	48	0.0833333
NODE_307292_length_129_cov_90.366667	0	48	26	32	48	0.6666667
NODE_307292_length_129_cov_90.366667	0	48	6	3	48	0.0625000
NODE_307292_length_129_cov_90.366667	0	48	8	4	48	0.0833333
NODE_307292_length_129_cov_90.366667	0	48	20	5	48	0.1041667
NODE_307292_length_129_cov_90.366667	0	48	24	4	48	0.0833333
NODE_307292_length_129_cov_90.366667	0	48	26	32	48	0.6666667
NODE_307292_length_129_cov_90.366667	0	48	6	3	48	0.0625000
NODE_307292_length_129_cov_90.366667	0	48	8	4	48	0.0833333
NODE_307292_length_129_cov_90.366667	0	48	20	5	48	0.1041667
NODE_307292_length_129_cov_90.366667	0	48	24	4	48	0.0833333
NODE_307292_length_129_cov_90.366667	0	48	26	32	48	0.6666667
NODE_307292_length_129_cov_90.366667	21	101	26	80	80	1.0000000
NODE_307442_length_128_cov_2621.517241	3	83	31	1	80	0.0125000
NODE_307442_length_128_cov_2621.517241	3	83	37	1	80	0.0125000
NODE_307442_length_128_cov_2621.517241	3	83	43	1	80	0.0125000
NODE_307442_length_128_cov_2621.517241	3	83	47	1	80	0.0125000
NODE_307442_length_128_cov_2621.517241	3	83	56	1	80	0.0125000
NODE_307442_length_128_cov_2621.517241	3	83	57	1	80	0.0125000
NODE_307442_length_128_cov_2621.517241	3	83	59	1	80	0.0125000
NODE_307442_length_128_cov_2621.517241	3	83	61	1	80	0.0125000
NODE_307442_length_128_cov_2621.517241	3	83	71	1	80	0.0125000
NODE_307442_length_128_cov_2621.517241	3	83	73	3	80	0.0375000
NODE_307442_length_128_cov_2621.517241	3	83	80	2	80	0.0250000
NODE_307442_length_128_cov_2621.517241	3	83	82	6	80	0.0750000
NODE_307442_length_128_cov_2621.517241	3	83	86	1	80	0.0125000
NODE_307442_length_128_cov_2621.517241	3	83	88	59	80	0.7375000
NODE_307442_length_128_cov_2621.517241	8	30	57	1	22	0.0454545
NODE_307442_length_128_cov_2621.517241	8	30	59	1	22	0.0454545
NODE_307442_length_128_cov_2621.517241	8	30	61	1	22	0.0454545
NODE_307442_length_128_cov_2621.517241	8	30	71	1	22	0.0454545
NODE_307442_length_128_cov_2621.517241	8	30	73	3	22	0.1363636
NODE_307442_length_128_cov_2621.517241	8	30	80	2	22	0.0909091
NODE_307442_length_128_cov_2621.517241	8	30	82	6	22	0.2727273
NODE_307442_length_128_cov_2621.517241	8	30	86	1	22	0.0454545
NODE_307442_length_128_cov_2621.517241	8	30	88	6	22	0.2727273
NODE_307442_length_128_cov_2621.517241	56	128	16	1	72	0.0138889
NODE_307442_length_128_cov_2621.517241	56	128	21	1	72	0.0138889
NODE_307442_length_128_cov_2621.517241	56	128	24	3	72	0.0416667
NODE_307442_length_128_cov_2621.517241	56	128	26	4	72	0.0555556
NODE_307442_length_128_cov_2621.517241	56	128	28	1	72	0.0138889
NODE_307442_length_128_cov_2621.517241	56	128	33	1	72	0.0138889
NODE_307442_length_128_cov_2621.517241	56	128	43	2	72	0.0277778
NODE_307442_length_128_cov_2621.517241	56	128	47	1	72	0.0138889
NODE_307442_length_128_cov_2621.517241	56	128	48	1	72	0.0138889
NODE_307442_length_128_cov_2621.517241	56	128	52	1	72	0.0138889
NODE_307442_length_128_cov_2621.517241	56	128	66	1	72	0.0138889
NODE_307442_length_128_cov_2621.517241	56	128	68	1	72	0.0138889
NODE_307442_length_128_cov_2621.517241	56	128	78	2	72	0.0277778
NODE_307442_length_128_cov_2621.517241	56	128	82	1	72	0.0138889
NODE_307442_length_128_cov_2621.517241	56	128	88	51	72	0.7083333
NODE_307443_length_128_cov_1604.275862	58	127	0	1	69	0.0144928
NODE_307443_length_128_cov_1604.275862	58	127	2	7	69	0.1014493
NODE_307443_length_128_cov_1604.275862	58	127	6	1	69	0.0144928
NODE_307443_length_128_cov_1604.275862	58	127	10	1	69	0.0144928
NODE_307443_length_128_cov_1604.275862	58	127	14	1	69	0.0144928
NODE_307443_length_128_cov_1604.275862	58	127	16	5	69	0.0724638
NODE_307443_length_128_cov_1604.275862	58	127	18	7	69	0.1014493
NODE_307443_length_128_cov_1604.275862	58	127	20	46	69	0.6666667
NODE_307458_length_128_cov_79.034483	43	123	6	8	80	0.1000000
NODE_307458_length_128_cov_79.034483	43	123	10	2	80	0.0250000
NODE_307458_length_128_cov_79.034483	43	123	12	1	80	0.0125000
NODE_307458_length_128_cov_79.034483	43	123	14	9	80	0.1125000
NODE_307458_length_128_cov_79.034483	43	123	18	60	80	0.7500000
NODE_307464_length_128_cov_61.793103	5	85	6	80	80	1.0000000
NODE_307549_length_127_cov_1879.785714	21	101	113	1	80	0.0125000
NODE_307549_length_127_cov_1879.785714	21	101	118	1	80	0.0125000
NODE_307549_length_127_cov_1879.785714	21	101	142	1	80	0.0125000
NODE_307549_length_127_cov_1879.785714	21	101	149	1	80	0.0125000
NODE_307549_length_127_cov_1879.785714	21	101	150	76	80	0.9500000
NODE_307549_length_127_cov_1879.785714	74	127	10	3	53	0.0566038
NODE_307549_length_127_cov_1879.785714	74	127	14	1	53	0.0188679
NODE_307549_length_127_cov_1879.785714	74	127	30	2	53	0.0377358
NODE_307549_length_127_cov_1879.785714	74	127	32	2	53	0.0377358
NODE_307549_length_127_cov_1879.785714	74	127	44	1	53	0.0188679
NODE_307549_length_127_cov_1879.785714	74	127	48	1	53	0.0188679
NODE_307549_length_127_cov_1879.785714	74	127	64	1	53	0.0188679
NODE_307549_length_127_cov_1879.785714	74	127	80	1	53	0.0188679
NODE_307549_length_127_cov_1879.785714	74	127	84	1	53	0.0188679
NODE_307549_length_127_cov_1879.785714	74	127	99	1	53	0.0188679
NODE_307549_length_127_cov_1879.785714	74	127	107	1	53	0.0188679
NODE_307549_length_127_cov_1879.785714	74	127	109	1	53	0.0188679
NODE_307549_length_127_cov_1879.785714	74	127	111	2	53	0.0377358
NODE_307549_length_127_cov_1879.785714	74	127	116	1	53	0.0188679
NODE_307549_length_127_cov_1879.785714	74	127	138	1	53	0.0188679
NODE_307549_length_127_cov_1879.785714	74	127	141	2	53	0.0377358
NODE_307549_length_127_cov_1879.785714	74	127	143	1	53	0.0188679
NODE_307549_length_127_cov_1879.785714	74	127	144	1	53	0.0188679
NODE_307549_length_127_cov_1879.785714	74	127	150	29	53	0.5471698
NODE_307583_length_127_cov_66.142857	38	118	2	80	80	1.0000000
NODE_307583_length_127_cov_66.142857	47	118	2	71	71	1.0000000
NODE_307590_length_127_cov_38.285714	12	86	4	74	74	1.0000000
NODE_307596_length_127_cov_30.607143	21	93	0	72	72	1.0000000
NODE_307662_length_126_cov_936.777778	24	96	20	72	72	1.0000000
NODE_307675_length_126_cov_147.185185	2	66	0	17	64	0.2656250
NODE_307675_length_126_cov_147.185185	2	66	3	7	64	0.1093750
NODE_307675_length_126_cov_147.185185	2	66	4	40	64	0.6250000
NODE_307675_length_126_cov_147.185185	2	66	0	17	64	0.2656250
NODE_307675_length_126_cov_147.185185	2	66	3	7	64	0.1093750
NODE_307675_length_126_cov_147.185185	2	66	4	40	64	0.6250000
NODE_307675_length_126_cov_147.185185	2	66	0	17	64	0.2656250
NODE_307675_length_126_cov_147.185185	2	66	3	7	64	0.1093750
NODE_307675_length_126_cov_147.185185	2	66	4	40	64	0.6250000
NODE_307675_length_126_cov_147.185185	39	99	3	40	60	0.6666667
NODE_307675_length_126_cov_147.185185	39	99	4	20	60	0.3333333
NODE_307675_length_126_cov_147.185185	55	99	3	40	44	0.9090909
NODE_307675_length_126_cov_147.185185	55	99	4	4	44	0.0909091
NODE_307684_length_126_cov_82.518519	44	75	4	31	31	1.0000000
NODE_307793_length_125_cov_656.807692	19	99	48	2	80	0.0250000
NODE_307793_length_125_cov_656.807692	19	99	50	78	80	0.9750000
NODE_307806_length_125_cov_143.615385	52	125	0	1	73	0.0136986
NODE_307806_length_125_cov_143.615385	52	125	4	2	73	0.0273973
NODE_307806_length_125_cov_143.615385	52	125	6	10	73	0.1369863
NODE_307806_length_125_cov_143.615385	52	125	8	8	73	0.1095890
NODE_307806_length_125_cov_143.615385	52	125	10	52	73	0.7123288
NODE_307810_length_125_cov_131.923077	3	52	3	1	49	0.0204082
NODE_307810_length_125_cov_131.923077	3	52	8	3	49	0.0612245
NODE_307810_length_125_cov_131.923077	3	52	10	2	49	0.0408163
NODE_307810_length_125_cov_131.923077	3	52	14	4	49	0.0816327
NODE_307810_length_125_cov_131.923077	3	52	16	1	49	0.0204082
NODE_307810_length_125_cov_131.923077	3	52	20	5	49	0.1020408
NODE_307810_length_125_cov_131.923077	3	52	30	2	49	0.0408163
NODE_307810_length_125_cov_131.923077	3	52	32	31	49	0.6326531
NODE_307810_length_125_cov_131.923077	25	89	32	64	64	1.0000000
NODE_307810_length_125_cov_131.923077	25	89	32	64	64	1.0000000
NODE_307816_length_125_cov_102.500000	0	56	10	11	56	0.1964286
NODE_307816_length_125_cov_102.500000	0	56	12	45	56	0.8035714
NODE_307816_length_125_cov_102.500000	7	56	10	4	49	0.0816327
NODE_307816_length_125_cov_102.500000	7	56	12	45	49	0.9183673
NODE_307816_length_125_cov_102.500000	29	114	0	6	85	0.0705882
NODE_307816_length_125_cov_102.500000	29	114	10	1	85	0.0117647
NODE_307816_length_125_cov_102.500000	29	114	12	78	85	0.9176471
NODE_307816_length_125_cov_102.500000	29	114	0	6	85	0.0705882
NODE_307816_length_125_cov_102.500000	29	114	10	1	85	0.0117647
NODE_307816_length_125_cov_102.500000	29	114	12	78	85	0.9176471
NODE_307816_length_125_cov_102.500000	29	114	0	6	85	0.0705882
NODE_307816_length_125_cov_102.500000	29	114	10	1	85	0.0117647
NODE_307816_length_125_cov_102.500000	29	114	12	78	85	0.9176471
NODE_307839_length_125_cov_28.115385	17	90	36	1	73	0.0136986
NODE_307839_length_125_cov_28.115385	17	90	50	1	73	0.0136986
NODE_307839_length_125_cov_28.115385	17	90	52	1	73	0.0136986
NODE_307839_length_125_cov_28.115385	17	90	54	3	73	0.0410959
NODE_307839_length_125_cov_28.115385	17	90	56	67	73	0.9178082
NODE_307839_length_125_cov_28.115385	57	98	56	41	41	1.0000000
NODE_307906_length_124_cov_945.680000	0	73	8	1	73	0.0136986
NODE_307906_length_124_cov_945.680000	0	73	21	2	73	0.0273973
NODE_307906_length_124_cov_945.680000	0	73	23	2	73	0.0273973
NODE_307906_length_124_cov_945.680000	0	73	25	3	73	0.0410959
NODE_307906_length_124_cov_945.680000	0	73	27	12	73	0.1643836
NODE_307906_length_124_cov_945.680000	0	73	28	53	73	0.7260274
NODE_307906_length_124_cov_945.680000	53	124	2	3	71	0.0422535
NODE_307906_length_124_cov_945.680000	53	124	4	3	71	0.0422535
NODE_307906_length_124_cov_945.680000	53	124	12	1	71	0.0140845
NODE_307906_length_124_cov_945.680000	53	124	14	1	71	0.0140845
NODE_307906_length_124_cov_945.680000	53	124	16	4	71	0.0563380
NODE_307906_length_124_cov_945.680000	53	124	22	1	71	0.0140845
NODE_307906_length_124_cov_945.680000	53	124	24	6	71	0.0845070
NODE_307906_length_124_cov_945.680000	53	124	28	52	71	0.7323943
NODE_308023_length_123_cov_1186.083333	0	76	0	11	76	0.1447368
NODE_308023_length_123_cov_1186.083333	0	76	6	65	76	0.8552632
NODE_308023_length_123_cov_1186.083333	0	76	0	11	76	0.1447368
NODE_308023_length_123_cov_1186.083333	0	76	6	65	76	0.8552632
NODE_308023_length_123_cov_1186.083333	0	76	0	11	76	0.1447368
NODE_308023_length_123_cov_1186.083333	0	76	6	65	76	0.8552632
NODE_308023_length_123_cov_1186.083333	0	76	0	11	76	0.1447368
NODE_308023_length_123_cov_1186.083333	0	76	6	65	76	0.8552632
NODE_308023_length_123_cov_1186.083333	49	123	0	6	74	0.0810811
NODE_308023_length_123_cov_1186.083333	49	123	5	2	74	0.0270270
NODE_308023_length_123_cov_1186.083333	49	123	6	66	74	0.8918919
NODE_308023_length_123_cov_1186.083333	49	123	0	6	74	0.0810811
NODE_308023_length_123_cov_1186.083333	49	123	5	2	74	0.0270270
NODE_308023_length_123_cov_1186.083333	49	123	6	66	74	0.8918919
NODE_308023_length_123_cov_1186.083333	49	123	0	6	74	0.0810811
NODE_308023_length_123_cov_1186.083333	49	123	5	2	74	0.0270270
NODE_308023_length_123_cov_1186.083333	49	123	6	66	74	0.8918919
NODE_308024_length_123_cov_963.500000	19	88	12	69	69	1.0000000
NODE_308037_length_123_cov_181.291667	0	47	6	21	47	0.4468085
NODE_308037_length_123_cov_181.291667	0	47	8	26	47	0.5531915
NODE_308037_length_123_cov_181.291667	24	100	8	76	76	1.0000000
NODE_308057_length_123_cov_55.375000	52	123	0	7	71	0.0985916
NODE_308057_length_123_cov_55.375000	52	123	2	1	71	0.0140845
NODE_308057_length_123_cov_55.375000	52	123	5	1	71	0.0140845
NODE_308057_length_123_cov_55.375000	52	123	11	8	71	0.1126761
NODE_308057_length_123_cov_55.375000	52	123	13	2	71	0.0281690
NODE_308057_length_123_cov_55.375000	52	123	19	1	71	0.0140845
NODE_308057_length_123_cov_55.375000	52	123	20	51	71	0.7183099
NODE_308057_length_123_cov_55.375000	52	123	0	7	71	0.0985916
NODE_308057_length_123_cov_55.375000	52	123	2	1	71	0.0140845
NODE_308057_length_123_cov_55.375000	52	123	5	1	71	0.0140845
NODE_308057_length_123_cov_55.375000	52	123	11	8	71	0.1126761
NODE_308057_length_123_cov_55.375000	52	123	13	2	71	0.0281690
NODE_308057_length_123_cov_55.375000	52	123	19	1	71	0.0140845
NODE_308057_length_123_cov_55.375000	52	123	20	51	71	0.7183099
NODE_308057_length_123_cov_55.375000	61	123	0	7	62	0.1129032
NODE_308057_length_123_cov_55.375000	61	123	2	1	62	0.0161290
NODE_308057_length_123_cov_55.375000	61	123	5	1	62	0.0161290
NODE_308057_length_123_cov_55.375000	61	123	11	8	62	0.1290323
NODE_308057_length_123_cov_55.375000	61	123	13	2	62	0.0322581
NODE_308057_length_123_cov_55.375000	61	123	19	1	62	0.0161290
NODE_308057_length_123_cov_55.375000	61	123	20	42	62	0.6774194
NODE_308068_length_123_cov_40.958333	9	89	8	5	80	0.0625000
NODE_308068_length_123_cov_40.958333	9	89	14	4	80	0.0500000
NODE_308068_length_123_cov_40.958333	9	89	16	71	80	0.8875000
NODE_308068_length_123_cov_40.958333	9	89	8	5	80	0.0625000
NODE_308068_length_123_cov_40.958333	9	89	14	4	80	0.0500000
NODE_308068_length_123_cov_40.958333	9	89	16	71	80	0.8875000
NODE_308068_length_123_cov_40.958333	9	89	8	5	80	0.0625000
NODE_308068_length_123_cov_40.958333	9	89	14	4	80	0.0500000
NODE_308068_length_123_cov_40.958333	9	89	16	71	80	0.8875000
NODE_308068_length_123_cov_40.958333	9	89	8	5	80	0.0625000
NODE_308068_length_123_cov_40.958333	9	89	14	4	80	0.0500000
NODE_308068_length_123_cov_40.958333	9	89	16	71	80	0.8875000
NODE_308068_length_123_cov_40.958333	9	89	8	5	80	0.0625000
NODE_308068_length_123_cov_40.958333	9	89	14	4	80	0.0500000
NODE_308068_length_123_cov_40.958333	9	89	16	71	80	0.8875000
NODE_308068_length_123_cov_40.958333	9	80	8	5	71	0.0704225
NODE_308068_length_123_cov_40.958333	9	80	14	4	71	0.0563380
NODE_308068_length_123_cov_40.958333	9	80	16	62	71	0.8732395
NODE_308180_length_122_cov_111.043478	8	88	4	80	80	1.0000000
NODE_308180_length_122_cov_111.043478	8	88	4	80	80	1.0000000
NODE_308184_length_122_cov_67.565217	0	50	0	16	50	0.3200000
NODE_308184_length_122_cov_67.565217	0	50	2	34	50	0.6800000
NODE_308184_length_122_cov_67.565217	0	50	0	16	50	0.3200000
NODE_308184_length_122_cov_67.565217	0	50	2	34	50	0.6800000
NODE_308184_length_122_cov_67.565217	23	103	0	1	80	0.0125000
NODE_308184_length_122_cov_67.565217	23	103	2	79	80	0.9875000
NODE_308184_length_122_cov_67.565217	23	103	0	1	80	0.0125000
NODE_308184_length_122_cov_67.565217	23	103	2	79	80	0.9875000
NODE_308184_length_122_cov_67.565217	23	103	0	1	80	0.0125000
NODE_308184_length_122_cov_67.565217	23	103	2	79	80	0.9875000
NODE_308184_length_122_cov_67.565217	23	103	0	1	80	0.0125000
NODE_308184_length_122_cov_67.565217	23	103	2	79	80	0.9875000
NODE_308184_length_122_cov_67.565217	23	103	0	1	80	0.0125000
NODE_308184_length_122_cov_67.565217	23	103	2	79	80	0.9875000
NODE_308184_length_122_cov_67.565217	23	94	2	71	71	1.0000000
NODE_308188_length_122_cov_58.826087	28	99	2	71	71	1.0000000
NODE_308188_length_122_cov_58.826087	33	99	2	66	66	1.0000000
NODE_308188_length_122_cov_58.826087	72	122	0	5	50	0.1000000
NODE_308188_length_122_cov_58.826087	72	122	2	45	50	0.9000000
NODE_308188_length_122_cov_58.826087	72	122	0	5	50	0.1000000
NODE_308188_length_122_cov_58.826087	72	122	2	45	50	0.9000000
NODE_308198_length_122_cov_38.173913	12	93	0	81	81	1.0000000
NODE_308257_length_121_cov_159.318182	24	55	20	31	31	1.0000000
NODE_308260_length_121_cov_120.181818	20	100	2	4	80	0.0500000
NODE_308260_length_121_cov_120.181818	20	100	4	76	80	0.9500000
NODE_308260_length_121_cov_120.181818	20	95	2	4	75	0.0533333
NODE_308260_length_121_cov_120.181818	20	95	4	71	75	0.9466667
NODE_308260_length_121_cov_120.181818	20	100	2	4	80	0.0500000
NODE_308260_length_121_cov_120.181818	20	100	4	76	80	0.9500000
NODE_308260_length_121_cov_120.181818	29	100	4	71	71	1.0000000
NODE_308273_length_121_cov_54.181818	7	70	2	63	63	1.0000000
NODE_308273_length_121_cov_54.181818	7	70	2	63	63	1.0000000
NODE_308273_length_121_cov_54.181818	7	70	2	63	63	1.0000000
NODE_308273_length_121_cov_54.181818	9	70	2	61	61	1.0000000
NODE_308273_length_121_cov_54.181818	43	109	0	8	66	0.1212121
NODE_308273_length_121_cov_54.181818	43	109	2	58	66	0.8787879
NODE_308273_length_121_cov_54.181818	43	121	0	20	78	0.2564103
NODE_308273_length_121_cov_54.181818	43	121	2	58	78	0.7435898
NODE_308273_length_121_cov_54.181818	64	117	0	16	53	0.3018868
NODE_308273_length_121_cov_54.181818	64	117	2	37	53	0.6981132
NODE_308317_length_120_cov_1404.619048	0	64	6	1	64	0.0156250
NODE_308317_length_120_cov_1404.619048	0	64	8	1	64	0.0156250
NODE_308317_length_120_cov_1404.619048	0	64	16	1	64	0.0156250
NODE_308317_length_120_cov_1404.619048	0	64	28	1	64	0.0156250
NODE_308317_length_120_cov_1404.619048	0	64	34	1	64	0.0156250
NODE_308317_length_120_cov_1404.619048	0	64	36	2	64	0.0312500
NODE_308317_length_120_cov_1404.619048	0	64	38	2	64	0.0312500
NODE_308317_length_120_cov_1404.619048	0	64	42	2	64	0.0312500
NODE_308317_length_120_cov_1404.619048	0	64	44	4	64	0.0625000
NODE_308317_length_120_cov_1404.619048	0	64	46	2	64	0.0312500
NODE_308317_length_120_cov_1404.619048	0	64	50	47	64	0.7343750
NODE_308317_length_120_cov_1404.619048	45	117	22	1	72	0.0138889
NODE_308317_length_120_cov_1404.619048	45	117	28	1	72	0.0138889
NODE_308317_length_120_cov_1404.619048	45	117	32	1	72	0.0138889
NODE_308317_length_120_cov_1404.619048	45	117	34	3	72	0.0416667
NODE_308317_length_120_cov_1404.619048	45	117	36	1	72	0.0138889
NODE_308317_length_120_cov_1404.619048	45	117	44	3	72	0.0416667
NODE_308317_length_120_cov_1404.619048	45	117	46	2	72	0.0277778
NODE_308317_length_120_cov_1404.619048	45	117	48	1	72	0.0138889
NODE_308317_length_120_cov_1404.619048	45	117	50	59	72	0.8194444
NODE_308318_length_120_cov_1138.428571	19	99	10	12	80	0.1500000
NODE_308318_length_120_cov_1138.428571	19	99	11	68	80	0.8500000
NODE_308318_length_120_cov_1138.428571	72	120	2	3	48	0.0625000
NODE_308318_length_120_cov_1138.428571	72	120	3	2	48	0.0416667
NODE_308318_length_120_cov_1138.428571	72	120	5	8	48	0.1666667
NODE_308318_length_120_cov_1138.428571	72	120	7	2	48	0.0416667
NODE_308318_length_120_cov_1138.428571	72	120	11	33	48	0.6875000
NODE_308357_length_120_cov_54.666667	0	69	0	1	69	0.0144928
NODE_308357_length_120_cov_54.666667	0	69	8	1	69	0.0144928
NODE_308357_length_120_cov_54.666667	0	69	14	1	69	0.0144928
NODE_308357_length_120_cov_54.666667	0	69	16	11	69	0.1594203
NODE_308357_length_120_cov_54.666667	0	69	18	55	69	0.7971014
NODE_308357_length_120_cov_54.666667	0	69	0	1	69	0.0144928
NODE_308357_length_120_cov_54.666667	0	69	8	1	69	0.0144928
NODE_308357_length_120_cov_54.666667	0	69	14	1	69	0.0144928
NODE_308357_length_120_cov_54.666667	0	69	16	11	69	0.1594203
NODE_308357_length_120_cov_54.666667	0	69	18	55	69	0.7971014
NODE_308357_length_120_cov_54.666667	0	69	0	1	69	0.0144928
NODE_308357_length_120_cov_54.666667	0	69	8	1	69	0.0144928
NODE_308357_length_120_cov_54.666667	0	69	14	1	69	0.0144928
NODE_308357_length_120_cov_54.666667	0	69	16	11	69	0.1594203
NODE_308357_length_120_cov_54.666667	0	69	18	55	69	0.7971014
NODE_308357_length_120_cov_54.666667	42	108	16	1	66	0.0151515
NODE_308357_length_120_cov_54.666667	42	108	18	65	66	0.9848485
NODE_308357_length_120_cov_54.666667	53	120	8	1	67	0.0149254
NODE_308357_length_120_cov_54.666667	53	120	16	12	67	0.1791045
NODE_308357_length_120_cov_54.666667	53	120	18	54	67	0.8059701
NODE_308357_length_120_cov_54.666667	53	120	8	1	67	0.0149254
NODE_308357_length_120_cov_54.666667	53	120	16	12	67	0.1791045
NODE_308357_length_120_cov_54.666667	53	120	18	54	67	0.8059701
NODE_308487_length_118_cov_1211.578947	49	116	0	67	67	1.0000000
NODE_308488_length_118_cov_1157.157895	4	70	10	6	66	0.0909091
NODE_308488_length_118_cov_1157.157895	4	70	14	3	66	0.0454545
NODE_308488_length_118_cov_1157.157895	4	70	24	1	66	0.0151515
NODE_308488_length_118_cov_1157.157895	4	70	26	56	66	0.8484849
NODE_308500_length_118_cov_218.210526	0	63	3	1	63	0.0158730
NODE_308500_length_118_cov_218.210526	0	63	4	1	63	0.0158730
NODE_308500_length_118_cov_218.210526	0	63	12	2	63	0.0317460
NODE_308500_length_118_cov_218.210526	0	63	16	6	63	0.0952381
NODE_308500_length_118_cov_218.210526	0	63	24	1	63	0.0158730
NODE_308500_length_118_cov_218.210526	0	63	40	2	63	0.0317460
NODE_308500_length_118_cov_218.210526	0	63	42	2	63	0.0317460
NODE_308500_length_118_cov_218.210526	0	63	46	48	63	0.7619048
NODE_308500_length_118_cov_218.210526	35	115	10	2	80	0.0250000
NODE_308500_length_118_cov_218.210526	35	115	16	2	80	0.0250000
NODE_308500_length_118_cov_218.210526	35	115	22	1	80	0.0125000
NODE_308500_length_118_cov_218.210526	35	115	24	3	80	0.0375000
NODE_308500_length_118_cov_218.210526	35	115	32	1	80	0.0125000
NODE_308500_length_118_cov_218.210526	35	115	36	1	80	0.0125000
NODE_308500_length_118_cov_218.210526	35	115	44	1	80	0.0125000
NODE_308500_length_118_cov_218.210526	35	115	46	69	80	0.8625000
NODE_308504_length_118_cov_161.052632	4	70	0	66	66	1.0000000
NODE_308572_length_117_cov_338.555556	7	70	21	2	63	0.0317460
NODE_308572_length_117_cov_338.555556	7	70	25	4	63	0.0634921
NODE_308572_length_117_cov_338.555556	7	70	31	1	63	0.0158730
NODE_308572_length_117_cov_338.555556	7	70	32	56	63	0.8888889
NODE_308572_length_117_cov_338.555556	7	70	21	2	63	0.0317460
NODE_308572_length_117_cov_338.555556	7	70	25	4	63	0.0634921
NODE_308572_length_117_cov_338.555556	7	70	31	1	63	0.0158730
NODE_308572_length_117_cov_338.555556	7	70	32	56	63	0.8888889
NODE_308572_length_117_cov_338.555556	7	70	21	2	63	0.0317460
NODE_308572_length_117_cov_338.555556	7	70	25	4	63	0.0634921
NODE_308572_length_117_cov_338.555556	7	70	31	1	63	0.0158730
NODE_308572_length_117_cov_338.555556	7	70	32	56	63	0.8888889
NODE_308572_length_117_cov_338.555556	9	70	25	4	61	0.0655738
NODE_308572_length_117_cov_338.555556	9	70	31	1	61	0.0163934
NODE_308572_length_117_cov_338.555556	9	70	32	56	61	0.9180328
NODE_308572_length_117_cov_338.555556	43	109	25	1	66	0.0151515
NODE_308572_length_117_cov_338.555556	43	109	28	3	66	0.0454545
NODE_308572_length_117_cov_338.555556	43	109	32	62	66	0.9393939
NODE_308572_length_117_cov_338.555556	43	114	22	1	71	0.0140845
NODE_308572_length_117_cov_338.555556	43	114	23	4	71	0.0563380
NODE_308572_length_117_cov_338.555556	43	114	25	1	71	0.0140845
NODE_308572_length_117_cov_338.555556	43	114	28	3	71	0.0422535
NODE_308572_length_117_cov_338.555556	43	114	32	62	71	0.8732395
NODE_308572_length_117_cov_338.555556	64	117	11	1	53	0.0188679
NODE_308572_length_117_cov_338.555556	64	117	15	1	53	0.0188679
NODE_308572_length_117_cov_338.555556	64	117	17	1	53	0.0188679
NODE_308572_length_117_cov_338.555556	64	117	22	1	53	0.0188679
NODE_308572_length_117_cov_338.555556	64	117	23	4	53	0.0754717
NODE_308572_length_117_cov_338.555556	64	117	25	1	53	0.0188679
NODE_308572_length_117_cov_338.555556	64	117	28	3	53	0.0566038
NODE_308572_length_117_cov_338.555556	64	117	32	41	53	0.7735849
NODE_308654_length_116_cov_1897.470588	0	77	10	4	77	0.0519481
NODE_308654_length_116_cov_1897.470588	0	77	14	3	77	0.0389610
NODE_308654_length_116_cov_1897.470588	0	77	16	1	77	0.0129870
NODE_308654_length_116_cov_1897.470588	0	77	18	1	77	0.0129870
NODE_308654_length_116_cov_1897.470588	0	77	20	3	77	0.0389610
NODE_308654_length_116_cov_1897.470588	0	77	22	65	77	0.8441558
NODE_308654_length_116_cov_1897.470588	34	111	14	5	77	0.0649351
NODE_308654_length_116_cov_1897.470588	34	111	18	4	77	0.0519481
NODE_308654_length_116_cov_1897.470588	34	111	22	68	77	0.8831169
NODE_308668_length_116_cov_438.529412	15	95	2	80	80	1.0000000
NODE_308668_length_116_cov_438.529412	68	116	0	1	48	0.0208333
NODE_308668_length_116_cov_438.529412	68	116	1	1	48	0.0208333
NODE_308668_length_116_cov_438.529412	68	116	2	46	48	0.9583333
NODE_308701_length_116_cov_93.235294	52	116	4	9	64	0.1406250
NODE_308701_length_116_cov_93.235294	52	116	6	55	64	0.8593750
NODE_308722_length_116_cov_46.882353	6	66	6	1	60	0.0166667
NODE_308722_length_116_cov_46.882353	6	66	8	4	60	0.0666667
NODE_308722_length_116_cov_46.882353	6	66	14	2	60	0.0333333
NODE_308722_length_116_cov_46.882353	6	66	16	53	60	0.8833333
NODE_308727_length_116_cov_38.352941	20	100	6	80	80	1.0000000
NODE_308746_length_115_cov_1012.625000	31	114	9	2	83	0.0240964
NODE_308746_length_115_cov_1012.625000	31	114	15	66	83	0.7951807
NODE_308746_length_115_cov_1012.625000	31	114	16	15	83	0.1807229
NODE_308750_length_115_cov_776.625000	9	92	14	4	83	0.0481928
NODE_308750_length_115_cov_776.625000	9	92	18	79	83	0.9518072
NODE_308752_length_115_cov_623.937500	0	74	0	74	74	1.0000000
NODE_308782_length_115_cov_144.812500	4	73	0	1	69	0.0144928
NODE_308782_length_115_cov_144.812500	4	73	4	68	69	0.9855072
NODE_308806_length_115_cov_65.187500	16	76	14	60	60	1.0000000
NODE_308846_length_114_cov_819.466667	40	114	0	2	74	0.0270270
NODE_308846_length_114_cov_819.466667	40	114	2	4	74	0.0540541
NODE_308846_length_114_cov_819.466667	40	114	4	5	74	0.0675676
NODE_308846_length_114_cov_819.466667	40	114	6	63	74	0.8513514
NODE_308846_length_114_cov_819.466667	40	114	0	2	74	0.0270270
NODE_308846_length_114_cov_819.466667	40	114	2	4	74	0.0540541
NODE_308846_length_114_cov_819.466667	40	114	4	5	74	0.0675676
NODE_308846_length_114_cov_819.466667	40	114	6	63	74	0.8513514
NODE_308846_length_114_cov_819.466667	49	114	0	2	65	0.0307692
NODE_308846_length_114_cov_819.466667	49	114	2	4	65	0.0615385
NODE_308846_length_114_cov_819.466667	49	114	4	5	65	0.0769231
NODE_308846_length_114_cov_819.466667	49	114	6	54	65	0.8307692
NODE_308866_length_114_cov_285.666667	0	78	0	1	78	0.0128205
NODE_308866_length_114_cov_285.666667	0	78	6	1	78	0.0128205
NODE_308866_length_114_cov_285.666667	0	78	8	1	78	0.0128205
NODE_308866_length_114_cov_285.666667	0	78	10	2	78	0.0256410
NODE_308866_length_114_cov_285.666667	0	78	12	2	78	0.0256410
NODE_308866_length_114_cov_285.666667	0	78	14	71	78	0.9102564
NODE_308866_length_114_cov_285.666667	51	114	8	6	63	0.0952381
NODE_308866_length_114_cov_285.666667	51	114	10	3	63	0.0476190
NODE_308866_length_114_cov_285.666667	51	114	14	54	63	0.8571429
NODE_308886_length_114_cov_83.600000	51	82	0	31	31	1.0000000
NODE_308891_length_114_cov_67.666667	40	90	0	50	50	1.0000000
NODE_308939_length_113_cov_446.214286	5	82	0	77	77	1.0000000
NODE_308939_length_113_cov_446.214286	5	82	0	77	77	1.0000000
NODE_308967_length_113_cov_160.071429	0	64	4	1	64	0.0156250
NODE_308967_length_113_cov_160.071429	0	64	8	63	64	0.9843750
NODE_308967_length_113_cov_160.071429	0	64	4	1	64	0.0156250
NODE_308967_length_113_cov_160.071429	0	64	8	63	64	0.9843750
NODE_308967_length_113_cov_160.071429	37	103	8	66	66	1.0000000
NODE_308967_length_113_cov_160.071429	37	108	6	4	71	0.0563380
NODE_308967_length_113_cov_160.071429	37	108	8	67	71	0.9436620
NODE_309037_length_112_cov_963.384615	43	112	0	4	69	0.0579710
NODE_309037_length_112_cov_963.384615	43	112	4	5	69	0.0724638
NODE_309037_length_112_cov_963.384615	43	112	6	60	69	0.8695652
NODE_309044_length_112_cov_653.615385	7	78	4	71	71	1.0000000
NODE_309044_length_112_cov_653.615385	12	78	4	66	66	1.0000000
NODE_309044_length_112_cov_653.615385	51	112	0	2	61	0.0327869
NODE_309044_length_112_cov_653.615385	51	112	1	1	61	0.0163934
NODE_309044_length_112_cov_653.615385	51	112	2	7	61	0.1147541
NODE_309044_length_112_cov_653.615385	51	112	4	51	61	0.8360656
NODE_309044_length_112_cov_653.615385	51	112	0	2	61	0.0327869
NODE_309044_length_112_cov_653.615385	51	112	1	1	61	0.0163934
NODE_309044_length_112_cov_653.615385	51	112	2	7	61	0.1147541
NODE_309044_length_112_cov_653.615385	51	112	4	51	61	0.8360656
NODE_309067_length_112_cov_219.538462	0	62	0	2	62	0.0322581
NODE_309067_length_112_cov_219.538462	0	62	6	60	62	0.9677419
NODE_309067_length_112_cov_219.538462	0	57	0	2	57	0.0350877
NODE_309067_length_112_cov_219.538462	0	57	6	55	57	0.9649123
NODE_309067_length_112_cov_219.538462	0	62	0	2	62	0.0322581
NODE_309067_length_112_cov_219.538462	0	62	6	60	62	0.9677419
NODE_309067_length_112_cov_219.538462	0	59	0	2	59	0.0338983
NODE_309067_length_112_cov_219.538462	0	59	6	57	59	0.9661017
NODE_309067_length_112_cov_219.538462	35	112	0	10	77	0.1298701
NODE_309067_length_112_cov_219.538462	35	112	6	67	77	0.8701299
NODE_309067_length_112_cov_219.538462	35	112	0	10	77	0.1298701
NODE_309067_length_112_cov_219.538462	35	112	6	67	77	0.8701299
NODE_309067_length_112_cov_219.538462	35	112	0	10	77	0.1298701
NODE_309067_length_112_cov_219.538462	35	112	6	67	77	0.8701299
NODE_309078_length_112_cov_160.307692	0	69	0	69	69	1.0000000
NODE_309079_length_112_cov_134.846154	11	91	0	80	80	1.0000000
NODE_309079_length_112_cov_134.846154	11	91	0	80	80	1.0000000
NODE_309079_length_112_cov_134.846154	64	112	0	48	48	1.0000000
NODE_309079_length_112_cov_134.846154	64	112	0	48	48	1.0000000
NODE_309079_length_112_cov_134.846154	64	112	0	48	48	1.0000000
NODE_309092_length_112_cov_84.384615	10	90	2	80	80	1.0000000
NODE_309097_length_112_cov_72.769231	36	100	0	64	64	1.0000000
NODE_309106_length_112_cov_35.307692	13	76	6	63	63	1.0000000
NODE_309123_length_111_cov_1107.833333	0	52	0	1	52	0.0192308
NODE_309123_length_111_cov_1107.833333	0	52	2	51	52	0.9807692
NODE_309123_length_111_cov_1107.833333	0	52	0	1	52	0.0192308
NODE_309123_length_111_cov_1107.833333	0	52	2	51	52	0.9807692
NODE_309123_length_111_cov_1107.833333	0	52	0	1	52	0.0192308
NODE_309123_length_111_cov_1107.833333	0	52	2	51	52	0.9807692
NODE_309123_length_111_cov_1107.833333	0	52	0	1	52	0.0192308
NODE_309123_length_111_cov_1107.833333	0	52	2	51	52	0.9807692
NODE_309123_length_111_cov_1107.833333	25	105	2	80	80	1.0000000
NODE_309123_length_111_cov_1107.833333	25	105	2	80	80	1.0000000
NODE_309123_length_111_cov_1107.833333	25	105	2	80	80	1.0000000
NODE_309123_length_111_cov_1107.833333	25	105	2	80	80	1.0000000
NODE_309123_length_111_cov_1107.833333	25	105	2	80	80	1.0000000
NODE_309123_length_111_cov_1107.833333	25	105	2	80	80	1.0000000
NODE_309126_length_111_cov_827.500000	3	74	17	1	71	0.0140845
NODE_309126_length_111_cov_827.500000	3	74	19	4	71	0.0563380
NODE_309126_length_111_cov_827.500000	3	74	21	1	71	0.0140845
NODE_309126_length_111_cov_827.500000	3	74	28	65	71	0.9154930
NODE_309126_length_111_cov_827.500000	8	74	21	1	66	0.0151515
NODE_309126_length_111_cov_827.500000	8	74	28	65	66	0.9848485
NODE_309126_length_111_cov_827.500000	47	111	4	1	64	0.0156250
NODE_309126_length_111_cov_827.500000	47	111	6	1	64	0.0156250
NODE_309126_length_111_cov_827.500000	47	111	10	2	64	0.0312500
NODE_309126_length_111_cov_827.500000	47	111	16	2	64	0.0312500
NODE_309126_length_111_cov_827.500000	47	111	28	58	64	0.9062500
NODE_309126_length_111_cov_827.500000	47	111	4	1	64	0.0156250
NODE_309126_length_111_cov_827.500000	47	111	6	1	64	0.0156250
NODE_309126_length_111_cov_827.500000	47	111	10	2	64	0.0312500
NODE_309126_length_111_cov_827.500000	47	111	16	2	64	0.0312500
NODE_309126_length_111_cov_827.500000	47	111	28	58	64	0.9062500
NODE_309126_length_111_cov_827.500000	47	111	4	1	64	0.0156250
NODE_309126_length_111_cov_827.500000	47	111	6	1	64	0.0156250
NODE_309126_length_111_cov_827.500000	47	111	10	2	64	0.0312500
NODE_309126_length_111_cov_827.500000	47	111	16	2	64	0.0312500
NODE_309126_length_111_cov_827.500000	47	111	28	58	64	0.9062500
NODE_309129_length_111_cov_726.833333	12	89	0	77	77	1.0000000
NODE_309129_length_111_cov_726.833333	12	89	0	77	77	1.0000000
NODE_309129_length_111_cov_726.833333	62	111	0	49	49	1.0000000
NODE_309129_length_111_cov_726.833333	67	111	0	44	44	1.0000000
NODE_309131_length_111_cov_692.416667	31	111	0	6	80	0.0750000
NODE_309131_length_111_cov_692.416667	31	111	2	74	80	0.9250000
NODE_309149_length_111_cov_241.750000	30	97	2	67	67	1.0000000
NODE_309160_length_111_cov_169.416667	21	102	0	81	81	1.0000000
NODE_309200_length_110_cov_554.909091	1	28	12	3	27	0.1111111
NODE_309200_length_110_cov_554.909091	1	28	16	24	27	0.8888889
NODE_309200_length_110_cov_554.909091	1	81	12	3	80	0.0375000
NODE_309200_length_110_cov_554.909091	1	81	16	77	80	0.9625000
NODE_309202_length_110_cov_537.545455	0	75	0	75	75	1.0000000
NODE_309202_length_110_cov_537.545455	53	107	0	54	54	1.0000000
NODE_309235_length_110_cov_91.636364	19	54	0	35	35	1.0000000
NODE_309235_length_110_cov_91.636364	64	107	0	43	43	1.0000000
NODE_309239_length_110_cov_80.272727	19	54	0	35	35	1.0000000
NODE_309239_length_110_cov_80.272727	64	99	0	35	35	1.0000000
NODE_309241_length_110_cov_78.363636	19	54	0	35	35	1.0000000
NODE_309241_length_110_cov_78.363636	64	107	0	43	43	1.0000000
NODE_309245_length_110_cov_68.727273	11	46	0	35	35	1.0000000
NODE_309245_length_110_cov_68.727273	56	91	0	35	35	1.0000000
NODE_309252_length_110_cov_44.545455	5	57	0	52	52	1.0000000
NODE_309263_length_109_cov_1364.100000	29	98	2	69	69	1.0000000
NODE_309275_length_109_cov_689.800000	12	86	0	74	74	1.0000000
NODE_309309_length_109_cov_250.800000	4	66	0	62	62	1.0000000
NODE_309311_length_109_cov_242.000000	29	98	0	69	69	1.0000000
NODE_309326_length_109_cov_139.000000	26	106	2	2	80	0.0250000
NODE_309326_length_109_cov_139.000000	26	106	4	78	80	0.9750000
NODE_309345_length_109_cov_84.500000	33	93	8	60	60	1.0000000
NODE_309349_length_109_cov_75.300000	0	65	0	65	65	1.0000000
NODE_309384_length_108_cov_1542.666667	28	108	1	1	80	0.0125000
NODE_309384_length_108_cov_1542.666667	28	108	2	79	80	0.9875000
NODE_309391_length_108_cov_987.666667	5	85	0	80	80	1.0000000
NODE_309391_length_108_cov_987.666667	5	85	0	80	80	1.0000000
NODE_309391_length_108_cov_987.666667	5	85	0	80	80	1.0000000
NODE_309391_length_108_cov_987.666667	5	85	0	80	80	1.0000000
NODE_309391_length_108_cov_987.666667	5	85	0	80	80	1.0000000
NODE_309391_length_108_cov_987.666667	58	108	0	50	50	1.0000000
NODE_309391_length_108_cov_987.666667	58	108	0	50	50	1.0000000
NODE_309395_length_108_cov_841.666667	1	65	6	2	64	0.0312500
NODE_309395_length_108_cov_841.666667	1	65	8	62	64	0.9687500
NODE_309395_length_108_cov_841.666667	1	65	6	2	64	0.0312500
NODE_309395_length_108_cov_841.666667	1	65	8	62	64	0.9687500
NODE_309395_length_108_cov_841.666667	1	65	6	2	64	0.0312500
NODE_309395_length_108_cov_841.666667	1	65	8	62	64	0.9687500
NODE_309433_length_108_cov_213.333333	22	81	2	59	59	1.0000000
NODE_309433_length_108_cov_213.333333	55	81	2	26	26	1.0000000
NODE_309464_length_108_cov_107.888889	11	82	0	71	71	1.0000000
NODE_309464_length_108_cov_107.888889	16	82	0	66	66	1.0000000
NODE_309464_length_108_cov_107.888889	55	108	0	53	53	1.0000000
NODE_309464_length_108_cov_107.888889	55	108	0	53	53	1.0000000
NODE_309464_length_108_cov_107.888889	55	108	0	53	53	1.0000000
NODE_309472_length_108_cov_76.444444	13	76	0	63	63	1.0000000
NODE_309479_length_108_cov_51.000000	0	53	0	53	53	1.0000000
NODE_309479_length_108_cov_51.000000	0	53	0	53	53	1.0000000
NODE_309479_length_108_cov_51.000000	0	53	0	53	53	1.0000000
NODE_309479_length_108_cov_51.000000	26	106	0	80	80	1.0000000
NODE_309479_length_108_cov_51.000000	26	106	0	80	80	1.0000000
NODE_309479_length_108_cov_51.000000	26	106	0	80	80	1.0000000
NODE_309479_length_108_cov_51.000000	26	106	0	80	80	1.0000000
NODE_309479_length_108_cov_51.000000	26	106	0	80	80	1.0000000
NODE_309479_length_108_cov_51.000000	26	97	0	71	71	1.0000000
NODE_309490_length_108_cov_31.111111	11	82	0	71	71	1.0000000
NODE_309490_length_108_cov_31.111111	16	82	0	66	66	1.0000000
NODE_309490_length_108_cov_31.111111	55	108	0	53	53	1.0000000
NODE_309490_length_108_cov_31.111111	55	108	0	53	53	1.0000000
NODE_309490_length_108_cov_31.111111	55	108	0	53	53	1.0000000
NODE_309530_length_107_cov_608.250000	0	64	0	64	64	1.0000000
NODE_309530_length_107_cov_608.250000	53	103	0	50	50	1.0000000
NODE_309551_length_107_cov_303.250000	0	56	0	56	56	1.0000000
NODE_309551_length_107_cov_303.250000	29	99	0	70	70	1.0000000
NODE_309657_length_106_cov_522.571429	10	90	0	80	80	1.0000000
NODE_309657_length_106_cov_522.571429	10	90	0	80	80	1.0000000
NODE_309657_length_106_cov_522.571429	10	90	0	80	80	1.0000000
NODE_309657_length_106_cov_522.571429	10	90	0	80	80	1.0000000
NODE_309657_length_106_cov_522.571429	10	90	0	80	80	1.0000000
NODE_309657_length_106_cov_522.571429	19	90	0	71	71	1.0000000
NODE_309696_length_106_cov_161.857143	7	78	0	71	71	1.0000000
NODE_309696_length_106_cov_161.857143	51	106	0	55	55	1.0000000
NODE_309707_length_106_cov_130.714286	0	76	0	76	76	1.0000000
NODE_309714_length_106_cov_108.000000	0	76	0	76	76	1.0000000
NODE_309717_length_106_cov_102.142857	0	62	0	62	62	1.0000000
NODE_309717_length_106_cov_102.142857	35	106	0	71	71	1.0000000
NODE_309717_length_106_cov_102.142857	35	106	0	71	71	1.0000000
NODE_309747_length_106_cov_39.428571	0	76	0	76	76	1.0000000
NODE_309761_length_106_cov_30.857143	0	70	0	70	70	1.0000000
NODE_309761_length_106_cov_30.857143	0	70	0	70	70	1.0000000
NODE_309761_length_106_cov_30.857143	0	70	0	70	70	1.0000000
NODE_309761_length_106_cov_30.857143	43	92	0	49	49	1.0000000
NODE_309761_length_106_cov_30.857143	53	106	0	53	53	1.0000000
NODE_309761_length_106_cov_30.857143	53	106	0	53	53	1.0000000
NODE_309775_length_105_cov_2054.666667	31	105	0	74	74	1.0000000
NODE_309775_length_105_cov_2054.666667	31	105	0	74	74	1.0000000
NODE_309775_length_105_cov_2054.666667	31	105	0	74	74	1.0000000
NODE_309775_length_105_cov_2054.666667	31	105	0	74	74	1.0000000
NODE_309788_length_105_cov_830.833333	30	105	0	75	75	1.0000000
NODE_309789_length_105_cov_825.500000	0	77	0	77	77	1.0000000
NODE_309789_length_105_cov_825.500000	0	77	0	77	77	1.0000000
NODE_309789_length_105_cov_825.500000	50	99	0	49	49	1.0000000
NODE_309789_length_105_cov_825.500000	55	105	0	50	50	1.0000000
NODE_309815_length_105_cov_231.333333	0	54	0	54	54	1.0000000
NODE_309815_length_105_cov_231.333333	27	99	0	72	72	1.0000000
NODE_309842_length_105_cov_85.333333	14	94	20	80	80	1.0000000
NODE_309842_length_105_cov_85.333333	67	89	20	22	22	1.0000000
NODE_309855_length_105_cov_61.833333	23	103	0	80	80	1.0000000
NODE_309867_length_105_cov_40.666667	6	66	0	60	60	1.0000000
NODE_309925_length_104_cov_1016.000000	0	78	0	78	78	1.0000000
NODE_309925_length_104_cov_1016.000000	53	99	0	46	46	1.0000000
NODE_309935_length_104_cov_791.200000	0	67	2	67	67	1.0000000
NODE_309935_length_104_cov_791.200000	0	67	2	67	67	1.0000000
NODE_309935_length_104_cov_791.200000	40	104	2	64	64	1.0000000
NODE_309938_length_104_cov_574.200000	21	101	0	80	80	1.0000000
NODE_309938_length_104_cov_574.200000	21	101	0	80	80	1.0000000
NODE_309938_length_104_cov_574.200000	21	101	0	80	80	1.0000000
NODE_309938_length_104_cov_574.200000	21	101	0	80	80	1.0000000
NODE_309938_length_104_cov_574.200000	21	101	0	80	80	1.0000000
NODE_309938_length_104_cov_574.200000	21	92	0	71	71	1.0000000
NODE_309940_length_104_cov_547.400000	10	87	22	77	77	1.0000000
NODE_309940_length_104_cov_547.400000	10	87	22	77	77	1.0000000
NODE_310020_length_104_cov_46.800000	42	104	0	62	62	1.0000000
NODE_310054_length_103_cov_2267.000000	0	54	0	54	54	1.0000000
NODE_310054_length_103_cov_2267.000000	27	100	0	73	73	1.0000000
NODE_310082_length_103_cov_890.000000	6	70	0	64	64	1.0000000
NODE_310082_length_103_cov_890.000000	6	70	0	64	64	1.0000000
NODE_310082_length_103_cov_890.000000	6	70	0	64	64	1.0000000
NODE_310082_length_103_cov_890.000000	43	103	0	60	60	1.0000000
NODE_310082_length_103_cov_890.000000	59	103	0	44	44	1.0000000
NODE_310090_length_103_cov_768.500000	7	78	0	71	71	1.0000000
NODE_310090_length_103_cov_768.500000	12	78	0	66	66	1.0000000
NODE_310090_length_103_cov_768.500000	51	99	0	48	48	1.0000000
NODE_310090_length_103_cov_768.500000	51	99	0	48	48	1.0000000
NODE_310090_length_103_cov_768.500000	51	99	0	48	48	1.0000000
NODE_310091_length_103_cov_751.000000	0	71	0	71	71	1.0000000
NODE_310091_length_103_cov_751.000000	0	71	0	71	71	1.0000000
NODE_310091_length_103_cov_751.000000	44	93	0	49	49	1.0000000
NODE_310094_length_103_cov_678.000000	10	74	0	64	64	1.0000000
NODE_310094_length_103_cov_678.000000	10	74	0	64	64	1.0000000
NODE_310094_length_103_cov_678.000000	10	74	0	64	64	1.0000000
NODE_310094_length_103_cov_678.000000	47	96	0	49	49	1.0000000
NODE_310103_length_103_cov_462.750000	19	99	0	80	80	1.0000000
NODE_310116_length_103_cov_300.250000	0	63	0	63	63	1.0000000
NODE_310147_length_103_cov_103.250000	4	47	0	43	43	1.0000000
NODE_310152_length_103_cov_80.250000	36	99	0	63	63	1.0000000
NODE_310153_length_103_cov_76.500000	4	63	0	59	59	1.0000000
NODE_310160_length_103_cov_42.000000	0	78	0	78	78	1.0000000
NODE_310160_length_103_cov_42.000000	7	78	0	71	71	1.0000000
NODE_310160_length_103_cov_42.000000	12	78	0	66	66	1.0000000
NODE_310160_length_103_cov_42.000000	51	99	0	48	48	1.0000000
NODE_310160_length_103_cov_42.000000	51	99	0	48	48	1.0000000
NODE_310160_length_103_cov_42.000000	51	99	0	48	48	1.0000000
NODE_310211_length_102_cov_2033.666667	0	48	0	48	48	1.0000000
NODE_310211_length_102_cov_2033.666667	21	101	0	80	80	1.0000000
NODE_310227_length_102_cov_1028.333333	52	102	0	50	50	1.0000000
NODE_310230_length_102_cov_987.666667	15	98	0	83	83	1.0000000
NODE_310231_length_102_cov_934.000000	12	95	0	83	83	1.0000000
NODE_310246_length_102_cov_685.666667	0	73	0	73	73	1.0000000
NODE_310247_length_102_cov_646.666667	15	89	0	74	74	1.0000000
NODE_310269_length_102_cov_250.000000	12	72	0	60	60	1.0000000
NODE_310273_length_102_cov_216.333333	4	70	0	66	66	1.0000000
NODE_310273_length_102_cov_216.333333	4	70	0	66	66	1.0000000
NODE_310273_length_102_cov_216.333333	4	70	0	66	66	1.0000000
NODE_310273_length_102_cov_216.333333	43	92	0	49	49	1.0000000
NODE_310273_length_102_cov_216.333333	57	102	0	45	45	1.0000000
NODE_310287_length_102_cov_152.333333	0	63	0	63	63	1.0000000
NODE_310295_length_102_cov_124.333333	0	70	0	70	70	1.0000000
NODE_310302_length_102_cov_106.333333	0	78	0	78	78	1.0000000
NODE_310302_length_102_cov_106.333333	7	78	0	71	71	1.0000000
NODE_310302_length_102_cov_106.333333	12	78	0	66	66	1.0000000
NODE_310302_length_102_cov_106.333333	51	102	0	51	51	1.0000000
NODE_310302_length_102_cov_106.333333	51	102	0	51	51	1.0000000
NODE_310302_length_102_cov_106.333333	51	102	0	51	51	1.0000000
NODE_310316_length_102_cov_74.333333	31	99	0	68	68	1.0000000
NODE_310321_length_102_cov_71.000000	11	91	0	80	80	1.0000000
NODE_310336_length_102_cov_32.666667	0	65	0	65	65	1.0000000
NODE_310336_length_102_cov_32.666667	38	99	0	61	61	1.0000000
NODE_310405_length_101_cov_2217.000000	0	43	0	43	43	1.0000000
NODE_310405_length_101_cov_2217.000000	23	96	0	73	73	1.0000000
NODE_310464_length_101_cov_740.500000	2	66	0	64	64	1.0000000
NODE_310464_length_101_cov_740.500000	2	66	0	64	64	1.0000000
NODE_310464_length_101_cov_740.500000	2	66	0	64	64	1.0000000
NODE_310464_length_101_cov_740.500000	39	101	0	62	62	1.0000000
NODE_310464_length_101_cov_740.500000	55	101	0	46	46	1.0000000
NODE_310469_length_101_cov_701.000000	0	62	0	62	62	1.0000000
NODE_310469_length_101_cov_701.000000	35	99	0	64	64	1.0000000
NODE_310469_length_101_cov_701.000000	35	99	0	64	64	1.0000000
NODE_310469_length_101_cov_701.000000	35	99	0	64	64	1.0000000
NODE_310471_length_101_cov_679.000000	2	76	0	74	74	1.0000000
NODE_310500_length_101_cov_374.500000	2	50	0	48	48	1.0000000
NODE_310500_length_101_cov_374.500000	2	50	0	48	48	1.0000000
NODE_310500_length_101_cov_374.500000	2	50	0	48	48	1.0000000
NODE_310500_length_101_cov_374.500000	23	89	0	66	66	1.0000000
NODE_310500_length_101_cov_374.500000	23	94	0	71	71	1.0000000
NODE_310516_length_101_cov_294.000000	4	52	0	48	48	1.0000000
NODE_310516_length_101_cov_294.000000	4	52	0	48	48	1.0000000
NODE_310516_length_101_cov_294.000000	4	52	0	48	48	1.0000000
NODE_310516_length_101_cov_294.000000	25	91	0	66	66	1.0000000
NODE_310516_length_101_cov_294.000000	25	96	0	71	71	1.0000000
NODE_310529_length_101_cov_230.500000	2	76	0	74	74	1.0000000
NODE_310529_length_101_cov_230.500000	2	76	0	74	74	1.0000000
NODE_310529_length_101_cov_230.500000	2	76	0	74	74	1.0000000
NODE_310529_length_101_cov_230.500000	49	101	0	52	52	1.0000000
NODE_310529_length_101_cov_230.500000	55	101	0	46	46	1.0000000
NODE_310550_length_101_cov_157.000000	13	72	0	59	59	1.0000000
NODE_310550_length_101_cov_157.000000	46	72	0	26	26	1.0000000
NODE_310565_length_101_cov_134.500000	2	37	0	35	35	1.0000000
NODE_310685_length_100_cov_1883.000000	32	100	0	68	68	1.0000000
NODE_310685_length_100_cov_1883.000000	32	100	0	68	68	1.0000000
NODE_310685_length_100_cov_1883.000000	32	99	0	67	67	1.0000000
NODE_310685_length_100_cov_1883.000000	32	100	0	68	68	1.0000000
NODE_310704_length_100_cov_1310.000000	0	42	0	42	42	1.0000000
NODE_310704_length_100_cov_1310.000000	1	42	0	41	41	1.0000000
NODE_310704_length_100_cov_1310.000000	38	100	0	62	62	1.0000000
NODE_310704_length_100_cov_1310.000000	38	95	0	57	57	1.0000000
NODE_310704_length_100_cov_1310.000000	38	100	0	62	62	1.0000000
NODE_310704_length_100_cov_1310.000000	38	100	0	62	62	1.0000000
NODE_310708_length_100_cov_1239.000000	1	48	0	47	47	1.0000000
NODE_310740_length_100_cov_694.000000	0	62	0	62	62	1.0000000
NODE_310740_length_100_cov_694.000000	0	62	0	62	62	1.0000000
NODE_310740_length_100_cov_694.000000	35	100	0	65	65	1.0000000
NODE_310748_length_100_cov_602.000000	0	57	0	57	57	1.0000000
NODE_310750_length_100_cov_590.000000	0	58	0	58	58	1.0000000
NODE_310798_length_100_cov_274.000000	1	67	0	66	66	1.0000000
NODE_310798_length_100_cov_274.000000	1	67	0	66	66	1.0000000
NODE_310798_length_100_cov_274.000000	1	67	0	66	66	1.0000000
NODE_310798_length_100_cov_274.000000	40	100	0	60	60	1.0000000
NODE_310798_length_100_cov_274.000000	54	100	0	46	46	1.0000000
NODE_310808_length_100_cov_217.000000	4	75	0	71	71	1.0000000
NODE_310808_length_100_cov_217.000000	9	75	0	66	66	1.0000000
NODE_310808_length_100_cov_217.000000	48	99	0	51	51	1.0000000
NODE_310808_length_100_cov_217.000000	48	99	0	51	51	1.0000000
NODE_310808_length_100_cov_217.000000	48	99	0	51	51	1.0000000
NODE_310810_length_100_cov_209.000000	1	44	0	43	43	1.0000000
NODE_310810_length_100_cov_209.000000	40	100	0	60	60	1.0000000
NODE_310810_length_100_cov_209.000000	40	100	0	60	60	1.0000000
NODE_310819_length_100_cov_185.000000	0	46	0	46	46	1.0000000
NODE_310819_length_100_cov_185.000000	9	58	0	49	49	1.0000000
NODE_310819_length_100_cov_185.000000	31	99	0	68	68	1.0000000
NODE_310819_length_100_cov_185.000000	31	99	0	68	68	1.0000000
NODE_310819_length_100_cov_185.000000	31	99	0	68	68	1.0000000
NODE_310828_length_100_cov_164.000000	9	92	0	83	83	1.0000000
NODE_310837_length_100_cov_152.000000	11	91	0	80	80	1.0000000
NODE_310837_length_100_cov_152.000000	11	91	0	80	80	1.0000000
NODE_310837_length_100_cov_152.000000	11	91	0	80	80	1.0000000
NODE_310837_length_100_cov_152.000000	11	91	0	80	80	1.0000000
NODE_310837_length_100_cov_152.000000	11	91	0	80	80	1.0000000
NODE_310839_length_100_cov_150.000000	0	54	0	54	54	1.0000000
NODE_310839_length_100_cov_150.000000	0	54	0	54	54	1.0000000
NODE_310839_length_100_cov_150.000000	27	100	0	73	73	1.0000000
NODE_310839_length_100_cov_150.000000	27	100	0	73	73	1.0000000
NODE_310840_length_100_cov_148.000000	2	82	0	80	80	1.0000000
NODE_310841_length_100_cov_148.000000	0	71	0	71	71	1.0000000
NODE_310841_length_100_cov_148.000000	0	71	0	71	71	1.0000000
NODE_310841_length_100_cov_148.000000	0	62	0	62	62	1.0000000
NODE_310876_length_100_cov_71.000000	0	75	0	75	75	1.0000000
NODE_310876_length_100_cov_71.000000	4	75	0	71	71	1.0000000
NODE_310876_length_100_cov_71.000000	9	75	0	66	66	1.0000000
NODE_310876_length_100_cov_71.000000	48	100	0	52	52	1.0000000
NODE_310876_length_100_cov_71.000000	48	100	0	52	52	1.0000000
NODE_310876_length_100_cov_71.000000	48	100	0	52	52	1.0000000
NODE_310896_length_100_cov_41.000000	0	75	0	75	75	1.0000000
NODE_310896_length_100_cov_41.000000	4	75	0	71	71	1.0000000
NODE_310896_length_100_cov_41.000000	9	75	0	66	66	1.0000000
NODE_310896_length_100_cov_41.000000	48	99	0	51	51	1.0000000
NODE_310896_length_100_cov_41.000000	48	99	0	51	51	1.0000000
NODE_310896_length_100_cov_41.000000	48	99	0	51	51	1.0000000
NODE_310904_length_100_cov_30.000000	1	42	0	41	41	1.0000000
